T	 BPW(LIQUID)	BPW(BCC_A2)	BPW(FCC_A1)	BPW(LAVES_PHASE_C14)	BPW(NI3TI)
1473.15	.616152	.383848	0	0	0
1472.15	.6120659	.3879341	0	0	0
1471.15	.6080064	.3919936	0	0	0
1470.15	.6039733	.3960267	0	0	0
1469.15	.5999666	.4000334	0	0	0
1468.15	.5959861	.4040139	0	0	0
1467.15	.5920315	.4079685	0	0	0
1466.15	.5881028	.4118972	0	0	0
1465.15	.5841997	.4158003	0	0	0
1464.15	.5803221	.4196779	0	0	0
1463.15	.5764698	.4235302	0	0	0
1462.15	.5726427	.4273574	0	0	0
1461.15	.5688405	.4311595	0	0	0
1460.15	.5650632	.4349368	0	0	0
1459.15	.5613106	.4386894	0	0	0
1458.15	.5575825	.4424175	0	0	0
1457.15	.5538788	.4461212	0	0	0
1456.15	.5501993	.4498007	0	0	0
1455.15	.5465439	.4534562	0	0	0
1454.15	.5429123	.4570877	0	0	0
1453.15	.5393045	.4606955	0	0	0
1452.15	.5357203	.4642798	0	0	0
1451.15	.5321595	.4678405	0	0	0
1450.15	.528622	.471378	0	0	0
1449.15	.5251076	.4748924	0	0	0
1448.15	.5216162	.4783838	0	0	0
1447.15	.5181477	.4818523	0	0	0
1446.15	.5147019	.4852981	0	0	0
1445.15	.5112786	.4887214	0	0	0
1444.15	.5078777	.4921223	0	0	0
1443.15	.5044991	.4955009	0	0	0
1442.15	.5011425	.4988575	0	0	0
1441.15	.497808	.502192	0	0	0
1440.15	.4944953	.5055047	0	0	0
1439.15	.4912042	.5087958	0	0	0
1438.15	.4879347	.5120653	0	0	0
1437.15	.4846866	.5153134	0	0	0
1436.15	.4814597	.5185403	0	0	0
1435.679	.4799478	.5200522	0	0	0
1435.679	.4799478	.5200522	0	0	0
1435.679	.4799478	.5200522	0	0	0
1435.15	.4771764	.5218531	0	9.7052E-04	0
1434.15	.471995	.5252168	0	.002788265	0
1433.15	.4668854	.5285295	0	.004585069	0
1432.15	.4618462	.5317924	0	.006361377	0
1431.15	.4568758	.5350065	0	.008117622	0
1430.15	.451973	.5381728	0	.009854224	0
1429.15	.4471363	.5412921	0	.01157159	0
1428.15	.4423643	.5443656	0	.01327013	0
1427.15	.4376559	.5473939	0	.01495021	0
1426.15	.4330096	.5503782	0	.01661223	0
1425.15	.4284243	.5533192	0	.01825654	0
1424.15	.4238988	.5562177	0	.01988351	0
1423.15	.4194318	.5590747	0	.02149348	0
1422.15	.4150223	.5618909	0	.0230868	0
1421.15	.4106692	.564667	0	.02466379	0
1420.15	.4063713	.5674039	0	.02622477	0
1419.15	.4021276	.5701023	0	.02777007	0
1418.15	.3979371	.572763	0	.02929998	0
1417.15	.3937987	.5753865	0	.03081481	0
1416.15	.3897114	.5779737	0	.03231484	0
1415.15	.3856744	.5805253	0	.03380036	0
1414.15	.3816866	.5830418	0	.03527165	0
1413.15	.3777472	.5855239	0	.03672898	0
1412.15	.3738552	.5879722	0	.0381726	0
1411.15	.3700098	.5903874	0	.03960278	0
1410.15	.3662102	.5927701	0	.04101977	0
1409.15	.3624554	.5951208	0	.0424238	0
1408.15	.3587447	.5974401	0	.04381513	0
1407.15	.3550774	.5997287	0	.04519398	0
1406.15	.3514525	.6019869	0	.04656057	0
1405.15	.3478694	.6042154	0	.04791514	0
1404.15	.3443274	.6064147	0	.0492579	0
1403.15	.3408256	.6085853	0	.05058906	0
1402.15	.3373635	.6107277	0	.05190882	0
1401.15	.3339402	.6128424	0	.05321739	0
1400.15	.3305552	.6149299	0	.05451497	0
1399.15	.3272077	.6169906	0	.05580175	0
1398.15	.3238972	.6190249	0	.05707791	0
1397.15	.3206229	.6210335	0	.05834364	0
1396.15	.3173843	.6230166	0	.05959913	0
1395.15	.3141808	.6249746	0	.06084454	0
1394.15	.3110118	.6269082	0	.06208005	0
1393.15	.3078767	.6288175	0	.06330582	0
1392.15	.3047749	.6307031	0	.06452203	0
1391.15	.3017059	.6325653	0	.06572883	0
1390.15	.2986691	.6344045	0	.06692637	0
1389.15	.295664	.6362212	0	.06811482	0
1388.15	.2926902	.6380155	0	.06929433	0
1387.15	.289747	.639788	0	.07046503	0
1386.15	.286834	.641539	0	.07162707	0
1385.15	.2839506	.6432688	0	.0727806	0
1384.15	.2810965	.6449777	0	.07392576	0
1383.15	.2782712	.6466661	0	.07506267	0
1382.15	.2754741	.6483344	0	.07619147	0
1381.15	.2727049	.6499828	0	.07731229	0
1380.15	.2699631	.6516116	0	.07842525	0
1379.15	.2672483	.6532212	0	.07953049	0
1378.15	.26456	.6548118	0	.08062811	0
1377.15	.2618979	.6563838	0	.08171824	0
1376.15	.2592615	.6579375	0	.082801	0
1375.15	.2566505	.659473	0	.0838765	0
1374.15	.2540644	.6609908	0	.08494485	0
1373.15	.2515028	.662491	0	.08600617	0
1372.15	.2489655	.663974	0	.08706055	0
1371.15	.2464519	.66544	0	.0881081	0
1370.15	.2439619	.6668892	0	.08914893	0
1369.15	.2414949	.6683219	0	.09018313	0
1368.15	.2390507	.6697385	0	.09121082	0
1367.15	.236629	.671139	0	.09223207	0
1366.15	.2342293	.6725237	0	.09324699	0
1365.15	.2318514	.6738929	0	.09425568	0
1364.15	.229495	.6752468	0	.09525821	0
1363.15	.2271597	.6765857	0	.09625469	0
1362.15	.2248451	.6779097	0	.09724519	0
1361.15	.2225512	.679219	0	.09822982	0
1360.15	.2202774	.6805139	0	.09920864	0
1359.15	.2180236	.6817947	0	.1001817	0
1358.15	.2157894	.6830614	0	.1011492	0
1357.15	.2135746	.6843143	0	.1021111	0
1356.15	.2113789	.6855536	0	.1030676	0
1355.15	.209202	.6867794	0	.1040186	0
1354.15	.2070436	.6879921	0	.1049643	0
1353.15	.2049035	.6891917	0	.1059047	0
1352.15	.2027815	.6903785	0	.10684	0
1351.15	.2006772	.6915526	0	.1077702	0
1350.15	.1985905	.6927142	0	.1086953	0
1349.15	.1965211	.6938635	0	.1096155	0
1348.15	.1944687	.6950006	0	.1105307	0
1347.15	.1924331	.6961257	0	.1114412	0
1346.15	.1904141	.6972391	0	.1123468	0
1345.15	.1884115	.6983408	0	.1132477	0
1344.15	.186425	.699431	0	.114144	0
1343.15	.1844544	.7005098	0	.1150357	0
1342.15	.1824996	.7015775	0	.1159229	0
1341.15	.1805602	.7026342	0	.1168057	0
1340.15	.1786361	.70368	0	.117684	0
1339.15	.176727	.704715	0	.1185579	0
1338.15	.1748329	.7057395	0	.1194276	0
1337.15	.1729534	.7067535	0	.1202931	0
1336.15	.1710884	.7077573	0	.1211543	0
1335.15	.1692377	.7087508	0	.1220115	0
1334.15	.1674011	.7097344	0	.1228645	0
1333.15	.1655785	.710708	0	.1237135	0
1332.15	.1637695	.7116719	0	.1245586	0
1331.15	.1619742	.7126261	0	.1253997	0
1330.15	.1601922	.7135709	0	.126237	0
1329.15	.1584234	.7145062	0	.1270704	0
1328.15	.1566677	.7154323	0	.1279	0
1327.15	.1549248	.7163492	0	.1287259	0
1326.15	.1531947	.7172572	0	.1295482	0
1325.15	.1514771	.7181562	0	.1303667	0
1324.15	.1497719	.7190464	0	.1311817	0
1323.15	.1480789	.7199279	0	.1319931	0
1322.15	.146398	.7208009	0	.132801	0
1321.15	.1447291	.7216654	0	.1336055	0
1320.15	.1430719	.7225216	0	.1344065	0
1319.15	.1414263	.7233696	0	.1352041	0
1318.15	.1397923	.7242094	0	.1359984	0
1317.15	.1381695	.7250411	0	.1367894	0
1316.15	.136558	.725865	0	.1375771	0
1315.15	.1349575	.726681	0	.1383615	0
1314.15	.133368	.7274892	0	.1391428	0
1313.15	.1317892	.7282899	0	.1399209	0
1312.15	.1302211	.729083	0	.1406959	0
1311.15	.1286636	.7298686	0	.1414678	0
1310.15	.1271164	.7306469	0	.1422367	0
1309.15	.1255795	.731418	0	.1430025	0
1308.15	.1240528	.7321818	0	.1437654	0
1307.15	.1225361	.7329386	0	.1445253	0
1306.15	.1210293	.7336884	0	.1452823	0
1305.15	.1195323	.7344313	0	.1460364	0
1304.15	.118045	.7351673	0	.1467877	0
1303.15	.1165672	.7358967	0	.1475361	0
1302.15	.1150989	.7366193	0	.1482818	0
1301.15	.1136399	.7373354	0	.1490247	0
1300.15	.1121901	.738045	0	.1497649	0
1299.15	.1107463	.7387508	0	.1505029	0
1298.15	.1093147	.7394476	0	.1512377	0
1297.15	.1078919	.7401382	0	.1519699	0
1296.15	.106478	.7408225	0	.1526995	0
1295.15	.1050727	.7415008	0	.1534265	0
1294.15	.1036761	.742173	0	.1541509	0
1293.15	.1022879	.7428393	0	.1548728	0
1292.15	.1009081	.7434996	0	.1555922	0
1291.15	.09953667	.7441542	0	.1563092	0
1290.15	.09817339	.744803	0	.1570237	0
1289.15	.09681822	.7454461	0	.1577357	0
1288.15	.09547107	.7460835	0	.1584454	0
1287.15	.09413184	.7467155	0	.1591527	0
1286.15	.09280044	.7473419	0	.1598577	0
1285.15	.09147678	.7479629	0	.1605603	0
1284.15	.09016078	.7485786	0	.1612606	0
1283.15	.08885234	.749189	0	.1619587	0
1282.15	.08755139	.7497941	0	.1626545	0
1281.15	.08625783	.7503941	0	.1633481	0
1280.15	.08497159	.7509889	0	.1640395	0
1279.15	.08369258	.7515787	0	.1647287	0
1278.15	.08242072	.7521636	0	.1654157	0
1277.15	.08115593	.7527435	0	.1661006	0
1276.15	.07989814	.7533185	0	.1667834	0
1275.15	.07864726	.7538887	0	.1674641	0
1274.15	.07740321	.7544541	0	.1681427	0
1273.15	.07616592	.7550149	0	.1688192	0
1272.15	.07493532	.755571	0	.1694937	0
1271.15	.07371133	.7561224	0	.1701662	0
1270.15	.07249388	.7566694	0	.1708367	0
1269.15	.0712829	.7572118	0	.1715053	0
1268.15	.07007831	.7577499	0	.1721718	0
1267.15	.06888005	.7582835	0	.1728365	0
1266.15	.06768804	.7588128	0	.1734992	0
1265.15	.06650222	.7593378	0	.17416	0
1264.15	.06532252	.7598586	0	.1748189	0
1263.15	.06414887	.7603752	0	.175476	0
1262.15	.0629812	.7608876	0	.1761312	0
1261.15	.06181946	.761396	0	.1767846	0
1260.15	.06066358	.7619003	0	.1774361	0
1259.15	.05951349	.7624006	0	.1780859	0
1258.15	.05836913	.762897	0	.1787339	0
1257.15	.05723043	.7633894	0	.1793802	0
1256.15	.05609735	.763878	0	.1800247	0
1255.15	.05496981	.7643628	0	.1806674	0
1254.15	.05384776	.7648438	0	.1813085	0
1253.748	.05339816	.7650361	0	.1815657	0
1253.748	.05339816	.7650361	0	.1815657	0
1253.748	.05339816	.7650361	0	.1815657	0
1253.15	.04913084	.7641304	.004576559	.1821623	0
1252.15	.04199319	.7626513	.01220257	.1831529	0
1251.15	.03485426	.7612166	.01979405	.1841351	0
1250.15	.02771392	.759826	.02735145	.1851087	0
1249.15	.020572	.7584789	.03487521	.1860739	0
1248.15	.01342836	.7571751	.04236579	.1870307	0
1247.15	.006282874	.7559142	.04982361	.1879793	0
1246.271	0	.754841	.0563527	.1888063	0
1246.271	0	.754841	.0563527	.1888063	0
1246.15	0	.7546965	.05644004	.1888634	0
1245.15	0	.7535044	.05716088	.1893348	0
1244.15	0	.7523156	.05787947	.1898049	0
1243.15	0	.7511303	.0585958	.1902739	0
1242.15	0	.7499485	.05930988	.1907416	0
1241.15	0	.7487701	.06002173	.1912082	0
1240.15	0	.7475951	.06073134	.1916736	0
1239.15	0	.7464234	.06143871	.1921378	0
1238.15	0	.7452552	.06214386	.1926009	0
1237.15	0	.7440904	.06284678	.1930628	0
1236.15	0	.742929	.06354749	.1935235	0
1235.15	0	.7417709	.06424599	.1939831	0
1234.15	0	.7406162	.06494228	.1944415	0
1233.15	0	.7394648	.06563637	.1948988	0
1232.15	0	.7383168	.06632825	.1953549	0
1231.15	0	.7371722	.06701795	.1958099	0
1230.15	0	.7360308	.06770546	.1962638	0
1229.15	0	.7348928	.06839079	.1967165	0
1228.15	0	.733758	.06907393	.1971681	0
1227.15	0	.7326266	.0697549	.1976185	0
1226.15	0	.7314984	.07043371	.1980679	0
1225.15	0	.7303736	.07111035	.1985161	0
1224.15	0	.729252	.07178483	.1989632	0
1223.15	0	.7281337	.07245715	.1994092	0
1222.15	0	.7270186	.07312732	.1998541	0
1221.15	0	.7259068	.07379535	.2002979	0
1220.15	0	.7247982	.07446123	.2007406	0
1219.15	0	.7236928	.07512498	.2011822	0
1218.15	0	.7225907	.0757866	.2016227	0
1217.15	0	.7214918	.07644608	.2020621	0
1216.15	0	.7203961	.07710345	.2025005	0
1215.15	0	.7193036	.07775869	.2029377	0
1214.15	0	.7182142	.07841182	.2033739	0
1213.15	0	.7171281	.07906283	.2038091	0
1212.15	0	.7160451	.07971174	.2042431	0
1211.15	0	.7149653	.08035855	.2046761	0
1210.15	0	.7138887	.08100326	.205108	0
1209.15	0	.7128152	.08164588	.2055389	0
1208.15	0	.7117448	.08228641	.2059688	0
1207.15	0	.7106776	.08292485	.2063975	0
1206.15	0	.7096135	.08356121	.2068253	0
1205.15	0	.7085526	.08419549	.207252	0
1204.15	0	.7074947	.0848277	.2076776	0
1203.15	0	.7064399	.08545784	.2081022	0
1202.15	0	.7053883	.08608592	.2085258	0
1201.15	0	.7043397	.08671193	.2089484	0
1200.15	0	.7032942	.0873359	.2093699	0
1199.15	0	.7022518	.0879578	.2097904	0
1198.15	0	.7012124	.08857766	.2102099	0
1197.15	0	.7001761	.08919547	.2106284	0
1196.15	0	.6991428	.08981125	.2110459	0
1195.15	0	.6981126	.09042498	.2114624	0
1194.15	0	.6970855	.09103668	.2118778	0
1193.15	0	.6960613	.09164636	.2122923	0
1192.15	0	.6950402	.09225401	.2127058	0
1191.15	0	.6940221	.09285963	.2131183	0
1190.15	0	.693007	.09346325	.2135297	0
1189.15	0	.6919949	.09406484	.2139402	0
1188.15	0	.6909858	.09466443	.2143498	0
1187.15	0	.6899797	.09526201	.2147583	0
1186.15	0	.6889766	.09585759	.2151658	0
1185.15	0	.6879764	.09645116	.2155724	0
1184.15	0	.6869792	.09704275	.215978	0
1183.15	0	.685985	.09763234	.2163827	0
1182.15	0	.6849937	.09821995	.2167864	0
1181.15	0	.6840054	.09880557	.2171891	0
1180.15	0	.68302	.09938921	.2175908	0
1179.15	0	.6820375	.09997087	.2179916	0
1178.15	0	.681058	.1005506	.2183915	0
1177.15	0	.6800813	.1011283	.2187904	0
1176.15	0	.6791076	.101704	.2191883	0
1175.15	0	.6781368	.1022778	.2195854	0
1174.15	0	.6771689	.1028497	.2199814	0
1173.15	0	.6762039	.1034195	.2203766	0
1172.15	0	.6752418	.1039875	.2207708	0
1171.15	0	.6742825	.1045534	.221164	0
1170.15	0	.6733262	.1051175	.2215564	0
1169.15	0	.6723727	.1056796	.2219478	0
1168.15	0	.671422	.1062397	.2223383	0
1167.15	0	.6704742	.1067979	.2227279	0
1166.15	0	.6695293	.1073542	.2231165	0
1165.15	0	.6685872	.1079086	.2235042	0
1164.15	0	.6676479	.108461	.2238911	0
1163.15	0	.6667115	.1090115	.224277	0
1162.15	0	.6657779	.1095601	.224662	0
1161.15	0	.6648471	.1101068	.2250461	0
1160.15	0	.6639191	.1106515	.2254293	0
1159.15	0	.662994	.1111944	.2258117	0
1158.15	0	.6620716	.1117354	.2261931	0
1157.15	0	.661152	.1122744	.2265736	0
1156.15	0	.6602352	.1128116	.2269532	0
1155.15	0	.6593212	.1133468	.227332	0
1154.15	0	.6584099	.1138802	.2277099	0
1153.15	0	.6575015	.1144117	.2280869	0
1152.15	0	.6565958	.1149412	.228463	0
1151.15	0	.6556928	.115469	.2288382	0
1150.15	0	.6547927	.1159948	.2292126	0
1149.15	0	.6538952	.1165187	.229586	0
1148.15	0	.6530005	.1170408	.2299587	0
1147.15	0	.6521086	.117561	.2303304	0
1146.15	0	.6512194	.1180794	.2307013	0
1145.15	0	.6503329	.1185958	.2310713	0
1144.15	0	.6494491	.1191104	.2314405	0
1143.15	0	.648568	.1196232	.2318088	0
1142.15	0	.6476897	.1201341	.2321763	0
1141.15	0	.646814	.1206431	.2325429	0
1140.15	0	.645941	.1211503	.2329086	0
1139.15	0	.6450708	.1216557	.2332735	0
1138.15	0	.6442032	.1221592	.2336376	0
1137.15	0	.6433383	.1226609	.2340008	0
1136.15	0	.6424761	.1231607	.2343632	0
1135.15	0	.6416165	.1236587	.2347248	0
1134.15	0	.6407596	.1241549	.2350855	0
1133.15	0	.6399054	.1246492	.2354454	0
1132.15	0	.6390538	.1251418	.2358044	0
1131.15	0	.6382049	.1256325	.2361626	0
1130.15	0	.6373586	.1261213	.23652	0
1129.15	0	.636515	.1266084	.2368766	0
1128.15	0	.635674	.1270936	.2372324	0
1127.15	0	.6348356	.1275771	.2375873	0
1126.15	0	.6339999	.1280587	.2379414	0
1125.15	0	.6331667	.1285385	.2382947	0
1124.15	0	.6323362	.1290166	.2386472	0
1123.15	0	.6315083	.1294928	.2389989	0
1122.15	0	.630683	.1299672	.2393498	0
1121.15	0	.6298603	.1304398	.2396999	0
1120.15	0	.6290402	.1309107	.2400491	0
1119.15	0	.6282227	.1313797	.2403976	0
1118.15	0	.6274077	.131847	.2407453	0
1117.15	0	.6265954	.1323125	.2410921	0
1116.15	0	.6257856	.1327762	.2414382	0
1115.15	0	.6249784	.1332382	.2417835	0
1114.15	0	.6241737	.1336983	.242128	0
1113.15	0	.6233716	.1341567	.2424717	0
1112.15	0	.6225721	.1346133	.2428146	0
1111.15	0	.6217751	.1350682	.2431567	0
1110.15	0	.6209807	.1355213	.243498	0
1109.15	0	.6201888	.1359726	.2438386	0
1108.15	0	.6193994	.1364222	.2441784	0
1107.15	0	.6186126	.13687	.2445174	0
1106.15	0	.6178283	.1373161	.2448556	0
1105.15	0	.6170465	.1377604	.2451931	0
1104.15	0	.6162672	.138203	.2455297	0
1103.15	0	.6154905	.1386439	.2458656	0
1102.15	0	.6147163	.139083	.2462008	0
1101.15	0	.6139445	.1395203	.2465352	0
1100.15	0	.6131753	.1399559	.2468688	0
1099.15	0	.6124086	.1403898	.2472016	0
1098.15	0	.6116443	.140822	.2475337	0
1097.15	0	.6108826	.1412524	.247865	0
1096.15	0	.6101233	.1416812	.2481956	0
1095.15	0	.6093665	.1421082	.2485254	0
1094.15	0	.6086121	.1425334	.2488544	0
1093.15	0	.6078603	.142957	.2491827	0
1092.15	0	.6071109	.1433788	.2495103	0
1091.15	0	.6063639	.143799	.2498371	0
1090.15	0	.6056195	.1442174	.2501631	0
1089.15	0	.6048774	.1446341	.2504884	0
1088.15	0	.6041379	.1450492	.250813	0
1087.15	0	.6034007	.1454625	.2511368	0
1086.15	0	.602666	.1458741	.2514599	0
1085.15	0	.6019337	.1462841	.2517822	0
1084.15	0	.6012039	.1466923	.2521038	0
1083.15	0	.6004765	.1470989	.2524246	0
1082.15	0	.5997515	.1475037	.2527448	0
1081.15	0	.5990289	.1479069	.2530641	0
1080.15	0	.5983088	.1483084	.2533828	0
1079.15	0	.597591	.1487083	.2537007	0
1078.15	0	.5968756	.1491064	.2540179	0
1077.15	0	.5961627	.1495029	.2543344	0
1076.15	0	.5954522	.1498978	.2546501	0
1075.15	0	.594744	.1502909	.2549651	0
1074.15	0	.5940382	.1506824	.2552794	0
1073.15	0	.5933348	.1510723	.2555929	0
1072.15	0	.5926338	.1514604	.2559058	0
1071.15	0	.5919352	.151847	.2562179	0
1070.15	0	.5912389	.1522318	.2565293	0
1069.15	0	.590545	.1526151	.2568399	0
1068.15	0	.5898535	.1529966	.2571499	0
1067.15	0	.5891643	.1533766	.2574592	0
1066.15	0	.5884774	.1537549	.2577677	0
1065.15	0	.587793	.1541315	.2580755	0
1064.15	0	.5871108	.1545066	.2583826	0
1063.15	0	.586431	.15488	.258689	0
1062.15	0	.5857536	.1552518	.2589947	0
1061.15	0	.5850785	.1556219	.2592996	0
1060.15	0	.5844057	.1559904	.2596039	0
1059.15	0	.5837352	.1563573	.2599075	0
1058.15	0	.5830671	.1567226	.2602103	0
1057.15	0	.5824013	.1570863	.2605125	0
1056.15	0	.5817377	.1574484	.2608139	0
1055.15	0	.5810765	.1578088	.2611146	0
1054.15	0	.5804176	.1581677	.2614147	0
1053.15	0	.579761	.158525	.261714	0
1052.15	0	.5791067	.1588806	.2620126	0
1051.15	0	.5784547	.1592347	.2623106	0
1050.15	0	.577805	.1595872	.2626078	0
1049.15	0	.5771576	.1599381	.2629044	0
1048.15	0	.5765124	.1602874	.2632002	0
1047.15	0	.5758695	.1606351	.2634954	0
1046.15	0	.5752289	.1609812	.2637898	0
1045.15	0	.5745906	.1613258	.2640836	0
1044.15	0	.5739545	.1616688	.2643766	0
1043.15	0	.5733207	.1620103	.264669	0
1042.15	0	.5726891	.1623501	.2649607	0
1041.15	0	.5720598	.1626885	.2652517	0
1040.15	0	.5714328	.1630252	.265542	0
1039.15	0	.570808	.1633604	.2658316	0
1038.15	0	.5701854	.1636941	.2661206	0
1037.15	0	.5695651	.1640262	.2664088	0
1036.15	0	.5689469	.1643567	.2666964	0
1035.15	0	.5683311	.1646857	.2669832	0
1034.15	0	.5677174	.1650132	.2672694	0
1033.15	0	.5671059	.1653392	.2675549	0
1032.15	0	.5664967	.1656636	.2678397	0
1031.15	0	.5658897	.1659865	.2681238	0
1030.15	0	.5652849	.1663079	.2684073	0
1029.15	0	.5646823	.1666277	.26869	0
1028.15	0	.5640818	.1669461	.2689721	0
1027.15	0	.5634836	.1672629	.2692535	0
1026.15	0	.5628876	.1675782	.2695342	0
1025.15	0	.5622937	.1678921	.2698142	0
1024.15	0	.561702	.1682044	.2700936	0
1023.15	0	.5611125	.1685152	.2703723	0
1022.15	0	.5605252	.1688245	.2706502	0
1021.15	0	.5599401	.1691324	.2709275	0
1020.15	0	.5593571	.1694388	.2712042	0
1019.15	0	.5587762	.1697437	.2714801	0
1018.15	0	.5581975	.1700471	.2717554	0
1017.15	0	.557621	.1703491	.27203	0
1016.15	0	.5570466	.1706496	.2723039	0
1015.15	0	.5564743	.1709486	.2725771	0
1014.15	0	.5559042	.1712461	.2728497	0
1013.15	0	.5553362	.1715423	.2731215	0
1012.15	0	.5547703	.1718369	.2733927	0
1011.15	0	.5542066	.1721302	.2736633	0
1010.15	0	.5536449	.172422	.2739331	0
1009.15	0	.5530854	.1727123	.2742023	0
1008.15	0	.552528	.1730012	.2744707	0
1007.15	0	.5519727	.1732888	.2747386	0
1006.15	0	.5514195	.1735749	.2750057	0
1005.15	0	.5508684	.1738595	.2752721	0
1004.15	0	.5503193	.1741428	.2755379	0
1003.15	0	.5497724	.1744247	.275803	0
1002.15	0	.5492275	.1747051	.2760674	0
1001.15	0	.5486847	.1749842	.2763311	0
1000.15	0	.5481439	.1752619	.2765942	0
999.15	0	.5476053	.1755382	.2768566	0
998.15	0	.5470687	.1758131	.2771183	0
997.15	0	.5465341	.1760866	.2773793	0
996.15	0	.5460016	.1763588	.2776396	0
995.15	0	.5454711	.1766296	.2778993	0
994.15	0	.5449426	.1768991	.2781583	0
993.15	0	.5444162	.1771672	.2784166	0
992.15	0	.5438918	.177434	.2786742	0
991.15	0	.5433695	.1776994	.2789311	0
990.15	0	.5428491	.1779635	.2791874	0
989.15	0	.5423308	.1782263	.279443	0
988.15	0	.5418145	.1784877	.2796978	0
987.15	0	.5413001	.1787478	.2799521	0
986.15	0	.5407878	.1790067	.2802056	0
985.15	0	.5402774	.1792642	.2804584	0
984.15	0	.539769	.1795204	.2807106	0
983.15	0	.5392626	.1797754	.280962	0
982.15	0	.5387582	.180029	.2812128	0
981.15	0	.5382557	.1802814	.2814629	0
980.15	0	.5377552	.1805325	.2817123	0
979.15	0	.5372566	.1807824	.281961	0
978.15	0	.53676	.181031	.282209	0
977.15	0	.5362653	.1812783	.2824564	0
976.15	0	.5357725	.1815244	.282703	0
975.15	0	.5352817	.1817693	.282949	0
974.15	0	.5347928	.182013	.2831942	0
973.15	0	.5343058	.1822554	.2834388	0
972.15	0	.5338207	.1824966	.2836827	0
971.15	0	.5333375	.1827367	.2839258	0
970.15	0	.5328562	.1829755	.2841683	0
969.15	0	.5323768	.1832131	.2844101	0
968.15	0	.5318993	.1834496	.2846512	0
967.15	0	.5314236	.1836849	.2848915	0
966.15	0	.5309498	.183919	.2851312	0
965.15	0	.5304779	.184152	.2853702	0
964.15	0	.5300078	.1843838	.2856085	0
963.15	0	.5295395	.1846145	.285846	0
962.15	0	.5290731	.184844	.2860829	0
961.15	0	.5286085	.1850725	.286319	0
960.15	0	.5281457	.1852998	.2865545	0
959.15	0	.5276848	.185526	.2867892	0
958.15	0	.5272256	.1857512	.2870232	0
957.15	0	.5267683	.1859752	.2872565	0
956.15	0	.5263127	.1861982	.2874891	0
955.15	0	.5258589	.1864201	.287721	0
954.15	0	.5254069	.186641	.2879521	0
953.15	0	.5249567	.1868608	.2881825	0
952.15	0	.5245082	.1870796	.2884122	0
951.15	0	.5240615	.1872974	.2886412	0
950.15	0	.5236165	.1875141	.2888695	0
949.15	0	.5231732	.1877298	.289097	0
948.15	0	.5227316	.1879446	.2893238	0
947.15	0	.5222918	.1881584	.2895498	0
946.15	0	.5218537	.1883712	.2897752	0
945.15	0	.5214172	.188583	.2899998	0
944.15	0	.5209825	.1887939	.2902236	0
943.15	0	.5205494	.1890039	.2904467	0
942.15	0	.520118	.1892129	.2906691	0
941.15	0	.5196883	.189421	.2908907	0
940.15	0	.5192601	.1896283	.2911116	0
939.15	0	.5188337	.1898346	.2913317	0
938.15	0	.5184088	.1900401	.2915511	0
937.15	0	.5179856	.1902447	.2917697	0
936.15	0	.517564	.1904484	.2919876	0
935.15	0	.517144	.1906513	.2922047	0
934.15	0	.5167255	.1908534	.2924211	0
933.15	0	.5163087	.1910547	.2926366	0
932.15	0	.5158934	.1912552	.2928515	0
931.15	0	.5154796	.1914548	.2930655	0
930.15	0	.5150674	.1916538	.2932788	0
929.15	0	.5146568	.1918519	.2934913	0
928.15	0	.5142476	.1920494	.293703	0
927.15	0	.51384	.1922461	.293914	0
926.15	0	.5134338	.1924421	.2941241	0
925.15	0	.5130292	.1926373	.2943335	0
924.15	0	.512626	.192832	.2945421	0
923.15	0	.5122242	.1930259	.2947499	0
922.15	0	.511824	.1932192	.2949569	0
921.15	0	.5114251	.1934118	.2951631	0
920.15	0	.5110277	.1936039	.2953684	0
919.15	0	.5106317	.1937953	.295573	0
918.15	0	.510237	.1939862	.2957768	0
917.15	0	.5098438	.1941765	.2959798	0
916.15	0	.5094519	.1943662	.2961819	0
915.15	0	.5090614	.1945554	.2963832	0
914.15	0	.5086722	.1947441	.2965837	0
913.15	0	.5082844	.1949323	.2967834	0
912.15	0	.5078978	.19512	.2969822	0
911.15	0	.5075126	.1953072	.2971802	0
910.15	0	.5071286	.195494	.2973774	0
909.15	0	.506746	.1956804	.2975737	0
908.15	0	.5063645	.1958663	.2977691	0
907.15	0	.5059843	.1960519	.2979638	0
906.15	0	.5056054	.1962371	.2981575	0
905.15	0	.5052276	.196422	.2983504	0
904.15	0	.504851	.1966066	.2985424	0
903.15	0	.5044756	.1967908	.2987336	0
902.15	0	.5041014	.1969748	.2989238	0
901.15	0	.5037283	.1971585	.2991132	0
900.15	0	.5033563	.1973419	.2993018	0
899.15	0	.5029855	.1975252	.2994894	0
898.15	0	.5026157	.1977082	.2996761	0
897.15	0	.502247	.1978911	.2998619	0
896.15	0	.5018793	.1980738	.3000469	0
895.15	0	.5015127	.1982564	.3002309	0
894.15	0	.5011471	.1984389	.300414	0
893.15	0	.5007826	.1986213	.3005961	0
892.15	0	.5004189	.1988037	.3007774	0
891.15	0	.5000563	.198986	.3009577	0
890.15	0	.4996946	.1991684	.301137	0
889.15	0	.4993338	.1993507	.3013155	0
888.15	0	.4989739	.1995332	.3014929	0
887.15	0	.4986149	.1997157	.3016695	0
886.15	0	.4982568	.1998982	.301845	0
885.15	0	.4978995	.200081	.3020196	0
884.15	0	.497543	.2002639	.3021932	0
883.15	0	.4971873	.2004469	.3023658	0
882.15	0	.4968324	.2006302	.3025374	0
881.15	0	.4964782	.2008138	.3027081	0
880.15	0	.4961248	.2009976	.3028777	0
879.15	0	.495772	.2011817	.3030463	0
878.15	0	.49542	.2013662	.3032139	0
877.15	0	.4950686	.201551	.3033805	0
876.15	0	.4947178	.2017362	.303546	0
875.15	0	.4943677	.2019219	.3037105	0
874.15	0	.4940181	.202108	.3038739	0
873.15	0	.4936691	.2022946	.3040363	0
872.15	0	.4933206	.2024818	.3041976	0
871.15	0	.4929726	.2026695	.3043578	0
870.15	0	.4926251	.2028579	.304517	0
869.15	0	.4922781	.2030469	.304675	0
868.15	0	.4919315	.2032365	.304832	0
867.15	0	.4915853	.2034269	.3049878	0
866.15	0	.4912394	.203618	.3051425	0
865.15	0	.4908939	.20381	.3052961	0
864.15	0	.4905487	.2040027	.3054486	0
863.15	0	.4902038	.2041964	.3055999	0
862.15	0	.4898591	.2043909	.30575	0
861.15	0	.4895146	.2045865	.305899	0
860.15	0	.4891703	.204783	.3060467	0
859.15	0	.4888262	.2049805	.3061933	0
858.15	0	.4884822	.2051792	.3063387	0
857.15	0	.4881382	.205379	.3064828	0
856.15	0	.4877943	.2055799	.3066258	0
855.15	0	.4874504	.2057821	.3067674	0
854.15	0	.4871065	.2059856	.3069079	0
853.15	0	.4867626	.2061904	.307047	0
852.15	0	.4864185	.2063966	.3071849	0
851.15	0	.4860743	.2066042	.3073215	0
850.15	0	.4857299	.2068133	.3074568	0
849.15	0	.4853853	.207024	.3075907	0
848.15	0	.4850405	.2072362	.3077233	0
847.15	0	.4846953	.2074501	.3078546	0
846.15	0	.4843498	.2076657	.3079845	0
845.15	0	.4840039	.2078831	.308113	0
844.15	0	.4836576	.2081023	.3082401	0
843.15	0	.4833108	.2083234	.3083658	0
842.15	0	.4829635	.2085465	.30849	0
841.15	0	.4826156	.2087716	.3086128	0
840.15	0	.4822671	.2089988	.3087341	0
839.15	0	.4819179	.2092282	.308854	0
838.15	0	.4815679	.2094598	.3089723	0
837.15	0	.4812172	.2096937	.3090891	0
836.15	0	.4808656	.20993	.3092043	0
835.15	0	.4805132	.2101688	.309318	0
834.15	0	.4801598	.2104102	.3094301	0
833.15	0	.4798053	.2106542	.3095405	0
832.15	0	.4794498	.2109009	.3096493	0
831.15	0	.4790932	.2111504	.3097564	0
830.15	0	.4787353	.2114029	.3098619	0
829.15	0	.4783761	.2116583	.3099656	0
828.15	0	.4780156	.2119168	.3100676	0
827.15	0	.4776537	.2121786	.3101678	0
826.15	0	.4772902	.2124436	.3102662	0
825.15	0	.4769252	.2127121	.3103627	0
824.15	0	.4765585	.2129841	.3104574	0
823.15	0	.4761901	.2132598	.3105502	0
822.15	0	.4758198	.2135392	.310641	0
821.15	0	.4754476	.2138225	.3107299	0
820.15	0	.4750733	.2141099	.3108168	0
819.15	0	.474697	.2144015	.3109016	0
818.15	0	.4743184	.2146973	.3109843	0
817.15	0	.4739374	.2149977	.3110649	0
816.15	0	.473554	.2153027	.3111433	0
815.15	0	.4731681	.2156124	.3112195	0
814.15	0	.4727794	.2159272	.3112934	0
813.15	0	.4723879	.216247	.311365	0
812.15	0	.4719935	.2165723	.3114342	0
811.15	0	.4715959	.216903	.311501	0
810.15	0	.4711951	.2172396	.3115653	0
809.15	0	.4707909	.2175821	.311627	0
808.15	0	.4703831	.2179308	.3116861	0
807.15	0	.4699739	.218284	.3117421	0
806.15	0	.4695582	.218646	.3117958	0
805.15	0	.4691385	.2190149	.3118466	0
804.15	0	.4687144	.2193912	.3118945	0
803.15	0	.4682857	.219775	.3119393	0
802.15	0	.4678522	.2201667	.3119811	0
801.15	0	.4674136	.2205668	.3120196	0
800.15	0	.4669697	.2209754	.3120548	0
799.15	0	.4665202	.2213932	.3120866	0
798.15	0	.4660647	.2218204	.3121149	0
797.15	0	.465603	.2222576	.3121394	0
796.15	0	.4651347	.2227052	.3121601	0
795.15	0	.4646593	.2231638	.3121769	0
794.15	0	.4641765	.223634	.3121895	0
793.15	0	.4636859	.2241164	.3121977	0
792.15	0	.4631868	.2246117	.3122015	0
791.15	0	.4626788	.2251207	.3122005	0
790.15	0	.4621613	.2256442	.3121946	0
789.15	0	.4616335	.226183	.3121835	0
788.15	0	.4610949	.2267382	.3121668	0
787.15	0	.4605446	.227311	.3121444	0
786.15	0	.4599818	.2279024	.3121159	0
785.15	0	.4594053	.2285139	.3120808	0
784.15	0	.4588142	.229147	.3120388	0
783.15	0	.4582071	.2298035	.3119894	0
782.15	0	.4575826	.2304853	.3119321	0
781.15	0	.4569392	.2311947	.3118662	0
780.15	0	.4562749	.2319342	.311791	0
779.15	0	.4555875	.2327068	.3117057	0
778.15	0	.4548745	.2335161	.3116094	0
777.15	0	.4541328	.2343662	.311501	0
776.15	0	.4533589	.235262	.311379	0
775.15	0	.4522391	.2366203	.3111406	0
774.15	0	.4504384	.2388886	.310673	0
773.15	0	.4488629	.2408651	.310272	0
772.15	0	.4474586	.2426203	.3099211	0
771.15	0	.4461901	.2442008	.3096091	0
770.15	0	.4450326	.2456387	.3093287	0
769.15	0	.4439678	.246958	.3090743	0
768.15	0	.4429821	.2481763	.3088416	0
767.15	0	.4420646	.2493078	.3086276	0
766.15	0	.4412068	.2503635	.3084297	0
765.15	0	.4404018	.2513524	.3082458	0
764.15	0	.4396438	.252282	.3080742	0
763.15	0	.4389279	.2531584	.3079137	0
762.15	0	.4382501	.253987	.3077629	0
761.15	0	.4376069	.2547722	.3076209	0
760.15	0	.4369952	.2555179	.3074869	0
759.15	0	.4364125	.2562274	.3073601	0
758.15	0	.4358564	.2569037	.3072398	0
757.15	0	.4353249	.2575495	.3071256	0
756.15	0	.4348162	.2581669	.3070169	0
755.15	0	.4343287	.2587581	.3069132	0
754.15	0	.433861	.2593248	.3068142	0
753.15	0	.4334116	.2598689	.3067195	0
752.15	0	.4329795	.2603916	.3066289	0
751.15	0	.4325636	.2608944	.3065419	0
750.15	0	.4321629	.2613786	.3064585	0
749.15	0	.4317765	.2618452	.3063782	0
748.15	0	.4314037	.2622953	.306301	0
747.15	0	.4310435	.2627298	.3062267	0
746.15	0	.4306955	.2631496	.3061549	0
745.15	0	.4303589	.2635554	.3060857	0
744.15	0	.4300331	.2639481	.3060188	0
743.15	0	.4297175	.2643283	.3059541	0
742.15	0	.4294118	.2646967	.3058915	0
741.15	0	.4291154	.2650538	.3058308	0
740.15	0	.4288278	.2654002	.305772	0
739.15	0	.4285486	.2657364	.3057149	0
738.15	0	.4282775	.2660629	.3056595	0
737.15	0	.4280141	.2663802	.3056057	0
736.15	0	.4277581	.2666886	.3055533	0
735.15	0	.4275091	.2669886	.3055023	0
734.15	0	.4272668	.2672806	.3054526	0
733.15	0	.427031	.2675648	.3054042	0
732.15	0	.4268013	.2678417	.305357	0
731.15	0	.4265776	.2681115	.305311	0
730.15	0	.4263595	.2683745	.305266	0
729.15	0	.4261469	.2686311	.3052221	0
728.15	0	.4259395	.2688814	.3051791	0
727.15	0	.4257372	.2691257	.3051371	0
726.15	0	.4255398	.2693643	.3050959	0
725.15	0	.425347	.2695974	.3050556	0
724.15	0	.4251586	.2698252	.3050161	0
723.15	0	.4249747	.2700479	.3049774	0
722.15	0	.4247948	.2702658	.3049394	0
721.15	0	.424619	.2704788	.3049021	0
720.15	0	.4244471	.2706874	.3048656	0
719.15	0	.4242789	.2708915	.3048296	0
718.15	0	.4241143	.2710915	.3047942	0
717.15	0	.4239532	.2712874	.3047594	0
716.15	0	.4237954	.2714794	.3047252	0
715.15	0	.4236409	.2716676	.3046916	0
714.15	0	.4234895	.2718521	.3046584	0
713.15	0	.4233412	.2720331	.3046257	0
712.15	0	.4231958	.2722108	.3045935	0
711.15	0	.4230532	.2723851	.3045617	0
710.15	0	.4229134	.2725563	.3045303	0
709.15	0	.4227762	.2727244	.3044994	0
708.15	0	.4226416	.2728895	.3044689	0
707.15	0	.4225095	.2730518	.3044387	0
706.15	0	.4223798	.2732113	.3044088	0
705.15	0	.4222525	.2733681	.3043794	0
704.15	0	.4221274	.2735224	.3043502	0
703.15	0	.4220045	.2736741	.3043214	0
702.15	0	.4218838	.2738234	.3042928	0
701.15	0	.4217651	.2739703	.3042646	0
700.15	0	.4216484	.274115	.3042366	0
699.15	0	.4215337	.2742574	.3042089	0
698.15	0	.4214209	.2743977	.3041814	0
697.15	0	.4213099	.274536	.3041541	0
696.15	0	.4212006	.2746722	.3041271	0
695.15	0	.4210931	.2748065	.3041004	0
694.15	0	.4209873	.2749389	.3040738	0
693.15	0	.4208831	.2750695	.3040474	0
692.15	0	.4207806	.2751983	.3040212	0
691.15	0	.4206795	.2753253	.3039952	0
690.15	0	.4205799	.2754507	.3039694	0
689.15	0	.4204818	.2755745	.3039437	0
688.15	0	.4203851	.2756967	.3039182	0
687.15	0	.4202899	.2758173	.3038928	0
686.15	0	.4201959	.2759365	.3038676	0
685.15	0	.4201032	.2760543	.3038425	0
684.15	0	.4200118	.2761706	.3038176	0
683.15	0	.4199217	.2762856	.3037927	0
682.15	0	.4198327	.2763992	.303768	0
681.15	0	.419745	.2765116	.3037434	0
680.15	0	.4196583	.2766227	.3037189	0
679.15	0	.4195728	.2767326	.3036946	0
678.15	0	.4194884	.2768414	.3036703	0
677.15	0	.419405	.276949	.3036461	0
676.15	0	.4193226	.2770554	.303622	0
675.15	0	.4192413	.2771608	.3035979	0
674.15	0	.4191609	.2772652	.303574	0
673.15	0	.4190815	.2773685	.3035501	0
672.15	0	.4190029	.2774708	.3035263	0
671.15	0	.4189253	.2775721	.3035025	0
670.15	0	.4188486	.2776725	.3034788	0
669.15	0	.4187728	.277772	.3034552	0
668.15	0	.4186978	.2778706	.3034316	0
667.15	0	.4186236	.2779684	.3034081	0
666.15	0	.4185502	.2780652	.3033846	0
665.15	0	.4184775	.2781613	.3033612	0
664.15	0	.4184057	.2782565	.3033378	0
663.15	0	.4183346	.278351	.3033144	0
662.15	0	.4182642	.2784447	.3032911	0
661.15	0	.4181945	.2785377	.3032678	0
660.15	0	.4181255	.2786299	.3032446	0
659.15	0	.4180572	.2787215	.3032213	0
658.15	0	.4179895	.2788124	.3031981	0
657.15	0	.4179225	.2789026	.3031749	0
656.15	0	.4178561	.2789921	.3031518	0
655.15	0	.4177904	.279081	.3031286	0
654.15	0	.4177252	.2791693	.3031055	0
653.15	0	.4176606	.279257	.3030824	0
652.15	0	.4175966	.2793441	.3030593	0
651.15	0	.4175332	.2794307	.3030362	0
650.15	0	.4174703	.2795167	.3030131	0
649.15	0	.4174079	.2796021	.30299	0
648.15	0	.4173461	.279687	.3029669	0
647.15	0	.4172847	.2797714	.3029439	0
646.15	0	.4172239	.2798553	.3029208	0
645.15	0	.4171636	.2799387	.3028977	0
644.15	0	.4171037	.2800216	.3028747	0
643.15	0	.4170444	.2801041	.3028516	0
642.15	0	.4169854	.2801861	.3028285	0
641.15	0	.416927	.2802676	.3028054	0
640.15	0	.4168689	.2803487	.3027823	0
639.15	0	.4168113	.2804294	.3027592	0
638.15	0	.4167542	.2805097	.3027361	0
637.15	0	.4166974	.2805896	.302713	0
636.15	0	.416641	.2806691	.3026899	0
635.15	0	.4165851	.2807482	.3026667	0
634.15	0	.4165295	.2808269	.3026436	0
633.15	0	.4164743	.2809053	.3026204	0
632.15	0	.4164195	.2809833	.3025972	0
631.15	0	.4163651	.2810609	.302574	0
630.15	0	.416311	.2811382	.3025508	0
629.15	0	.4162572	.2812152	.3025276	0
628.15	0	.4162038	.2812919	.3025043	0
627.15	0	.4161507	.2813682	.3024811	0
626.15	0	.416098	.2814442	.3024578	0
625.15	0	.4160456	.2815199	.3024345	0
624.15	0	.4159935	.2815953	.3024112	0
623.15	0	.4159417	.2816705	.3023878	0
622.15	0	.4158902	.2817453	.3023645	0
621.15	0	.4158391	.2818199	.3023411	0
620.15	0	.4157882	.2818942	.3023177	0
619.15	0	.4157376	.2819682	.3022942	0
618.15	0	.4156873	.2820419	.3022708	0
617.15	0	.4156372	.2821155	.3022473	0
616.15	0	.4155875	.2821887	.3022238	0
615.15	0	.415538	.2822617	.3022003	0
614.15	0	.4154887	.2823345	.3021767	0
613.15	0	.4154398	.2824071	.3021532	0
612.15	0	.415391	.2824794	.3021296	0
611.15	0	.4153426	.2825515	.302106	0
610.15	0	.4152943	.2826234	.3020823	0
609.15	0	.4152463	.282695	.3020586	0
608.15	0	.4151986	.2827665	.3020349	0
607.15	0	.4151511	.2828377	.3020112	0
606.15	0	.4151038	.2829088	.3019875	0
605.15	0	.4150567	.2829796	.3019637	0
604.15	0	.4150099	.2830503	.3019399	0
603.15	0	.4149632	.2831207	.301916	0
602.15	0	.4149168	.283191	.3018922	0
601.15	0	.4148706	.2832611	.3018683	0
600.15	0	.4148246	.283331	.3018444	0
599.15	0	.4147788	.2834007	.3018205	0
598.15	0	.4147332	.2834703	.3017965	0
597.15	0	.4146878	.2835397	.3017725	0
596.15	0	.4146426	.2836089	.3017485	0
595.15	0	.4145975	.283678	.3017245	0
594.15	0	.4145527	.2837469	.3017004	0
593.15	0	.4145081	.2838156	.3016763	0
592.15	0	.4144636	.2838842	.3016522	0
591.15	0	.4144193	.2839526	.3016281	0
590.15	0	.4143752	.2840209	.3016039	0
589.15	0	.4143312	.2840891	.3015797	0
588.15	0	.4142874	.2841571	.3015555	0
587.15	0	.4142438	.2842249	.3015313	0
586.15	0	.4142004	.2842926	.301507	0
585.15	0	.4141571	.2843602	.3014827	0
584.15	0	.414114	.2844277	.3014584	0
583.15	0	.414071	.284495	.301434	0
582.15	0	.4140282	.2845621	.3014097	0
581.15	0	.4139856	.2846292	.3013853	0
580.15	0	.413943	.2846961	.3013608	0
579.15	0	.4139007	.2847629	.3013364	0
578.15	0	.4138585	.2848296	.3013119	0
577.15	0	.4138164	.2848961	.3012875	0
576.15	0	.4137745	.2849625	.3012629	0
575.15	0	.4137327	.2850289	.3012384	0
574.15	0	.4136911	.285095	.3012138	0
573.15	0	.4136496	.2851611	.3011893	0
572.15	0	.4136083	.2852271	.3011647	0
571.15	0	.413567	.2852929	.30114	0
570.15	0	.413526	.2853586	.3011154	0
569.15	0	.413485	.2854243	.3010907	0
568.15	0	.4134442	.2854898	.301066	0
567.15	0	.4134035	.2855552	.3010413	0
566.15	0	.4133629	.2856205	.3010166	0
565.15	0	.4133225	.2856857	.3009919	0
564.15	0	.4132821	.2857508	.3009671	0
563.15	0	.4132419	.2858158	.3009423	0
562.15	0	.4132019	.2858807	.3009175	0
561.15	0	.4131619	.2859454	.3008927	0
560.15	0	.4131221	.2860101	.3008678	0
559.15	0	.4130823	.2860747	.300843	0
558.15	0	.4130427	.2861392	.3008181	0
557.15	0	.4130033	.2862036	.3007932	0
556.15	0	.4129639	.2862679	.3007683	0
555.15	0	.4129246	.2863321	.3007433	0
554.15	0	.4128855	.2863961	.3007184	0
553.15	0	.4128464	.2864601	.3006934	0
552.15	0	.4128075	.2865241	.3006685	0
551.15	0	.4127687	.2865879	.3006435	0
550.15	0	.41273	.2866516	.3006185	0
549.15	0	.4126914	.2867152	.3005935	0
548.15	0	.4126529	.2867787	.3005684	0
547.15	0	.4126144	.2868422	.3005434	0
546.15	0	.4125762	.2869055	.3005183	0
545.15	0	.4125381	.2869688	.3004931	0
544.15	0	.4125	.2870319	.300468	0
543.15	0	.4124621	.287095	.3004429	0
542.15	0	.4124242	.287158	.3004178	0
541.15	0	.4123864	.2872209	.3003927	0
540.15	0	.4123487	.2872837	.3003676	0
539.15	0	.4123111	.2873464	.3003424	0
538.15	0	.4122736	.2874091	.3003173	0
537.15	0	.4122363	.2874716	.3002921	0
536.15	0	.412199	.2875341	.300267	0
535.15	0	.4121618	.2875964	.3002418	0
534.15	0	.4121247	.2876587	.3002166	0
533.15	0	.4120876	.2877209	.3001914	0
532.15	0	.4120507	.287783	.3001663	0
531.15	0	.4120139	.287845	.3001411	0
530.15	0	.4119772	.287907	.3001159	0
529.15	0	.4119406	.2879688	.3000906	0
528.15	0	.411904	.2880306	.3000654	0
527.15	0	.4118676	.2880922	.3000402	0
526.15	0	.4118312	.2881538	.300015	0
525.15	0	.4117949	.2882153	.2999898	0
524.15	0	.4117587	.2882767	.2999645	0
523.15	0	.4117226	.288338	.2999393	0
522.15	0	.4116866	.2883993	.2999141	0
521.15	0	.4116507	.2884604	.2998889	0
520.15	0	.4116149	.2885215	.2998636	0
519.15	0	.4115792	.2885824	.2998384	0
518.15	0	.4115435	.2886433	.2998132	0
517.15	0	.4115079	.2887041	.299788	0
516.15	0	.4114725	.2887648	.2997627	0
515.15	0	.4114371	.2888254	.2997375	0
514.15	0	.4114018	.288886	.2997123	0
513.15	0	.4113665	.2889464	.2996871	0
512.15	0	.4113314	.2890068	.2996619	0
511.15	0	.4112963	.289067	.2996366	0
510.15	0	.4112614	.2891272	.2996114	0
509.15	0	.4112265	.2891873	.2995862	0
508.15	0	.4111917	.2892473	.299561	0
507.15	0	.411157	.2893072	.2995358	0
506.15	0	.4111223	.289367	.2995107	0
505.15	0	.4110878	.2894267	.2994855	0
504.15	0	.4110533	.2894864	.2994603	0
503.15	0	.4110189	.2895459	.2994352	0
502.15	0	.4109846	.2896053	.29941	0
501.15	0	.4109504	.2896647	.2993849	0
500.15	0	.4109163	.289724	.2993597	0
499.15	0	.4108822	.2897831	.2993346	0
498.15	0	.4108483	.2898422	.2993095	0
497.15	0	.4108144	.2899012	.2992844	0
496.15	0	.4107805	.2899601	.2992593	0
495.15	0	.4107468	.2900189	.2992343	0
494.15	0	.4107132	.2900776	.2992092	0
493.15	0	.4106796	.2901362	.2991842	0
492.15	0	.4106461	.2901947	.2991591	0
491.15	0	.4106127	.2902532	.2991341	0
490.15	0	.4105794	.2903115	.2991091	0
489.15	0	.4105462	.2903697	.2990841	0
488.15	0	.410513	.2904278	.2990592	0
487.15	0	.4104799	.2904859	.2990342	0
486.15	0	.4104469	.2905438	.2990093	0
485.15	0	.410414	.2906016	.2989844	0
484.15	0	.4103812	.2906594	.2989595	0
483.15	0	.4103484	.290717	.2989346	0
482.15	0	.4103157	.2907746	.2989097	0
481.15	0	.4102831	.290832	.2988849	0
480.15	0	.4102506	.2908893	.2988601	0
479.15	0	.4102182	.2909466	.2988353	0
478.15	0	.4101858	.2910037	.2988105	0
477.15	0	.4101535	.2910607	.2987857	0
476.15	0	.4101213	.2911177	.298761	0
475.15	0	.4100892	.2911745	.2987363	0
474.15	0	.4100572	.2912312	.2987116	0
473.15	0	.4100252	.2912878	.298687	0
472.15	0	.4099933	.2913444	.2986623	0
471.15	0	.4099615	.2914008	.2986377	0
470.15	0	.4099298	.2914571	.2986131	0
469.15	0	.4098982	.2915133	.2985886	0
468.15	0	.4098666	.2915693	.298564	0
467.15	0	.4098351	.2916253	.2985395	0
466.15	0	.4098037	.2916812	.2985151	0
465.15	0	.4097724	.291737	.2984906	0
464.15	0	.4097412	.2917926	.2984662	0
463.15	0	.40971	.2918482	.2984418	0
462.15	0	.4096789	.2919036	.2984175	0
461.15	0	.4096479	.2919589	.2983931	0
460.15	0	.409617	.2920141	.2983689	0
459.15	0	.4095862	.2920692	.2983446	0
458.15	0	.4095554	.2921242	.2983204	0
457.15	0	.4095247	.2921791	.2982962	0
456.15	0	.4094941	.2922339	.298272	0
455.15	0	.4094636	.2922885	.2982479	0
454.15	0	.4094332	.292343	.2982238	0
453.15	0	.4094028	.2923974	.2981997	0
452.15	0	.4093726	.2924517	.2981757	0
451.15	0	.4093424	.2925059	.2981517	0
450.15	0	.4093122	.29256	.2981278	0
449.15	0	.4092822	.2926139	.2981039	0
448.15	0	.4092523	.2926677	.29808	0
447.15	0	.4092225	.2927213	.2980562	0
446.15	0	.4091927	.2927748	.2980324	0
445.15	0	.4091631	.2928282	.2980087	0
444.15	0	.4091335	.2928814	.297985	0
443.15	0	.4091041	.2929345	.2979614	0
442.15	0	.4090747	.2929875	.2979378	0
441.15	0	.4090455	.2930403	.2979143	0
440.15	0	.4090163	.2930929	.2978908	0
439.15	0	.4089872	.2931454	.2978674	0
438.15	0	.4089583	.2931977	.297844	0
437.15	0	.4089295	.2932498	.2978207	0
436.15	0	.4089007	.2933018	.2977975	0
435.15	0	.4088721	.2933536	.2977742	0
