T	 BPW(LIQUID)	BPW(BCC_A2)	BPW(FCC_A1)	BPW(LAVES_PHASE_C14)	BPW(NI3TI)
1473.15	.3781695	.4937472	0	.1280834	0
1472.15	.3715787	.498144	0	.1302774	0
1471.15	.3651115	.5024539	0	.1324347	0
1470.15	.3587646	.5066792	0	.1345563	0
1469.15	.3525347	.5108221	0	.1366432	0
1468.15	.3464187	.514885	0	.1386963	0
1467.15	.3404136	.5188698	0	.1407167	0
1466.15	.3345164	.5227785	0	.1427051	0
1465.15	.3287243	.5266132	0	.1446625	0
1464.15	.3230346	.5303758	0	.1465896	0
1463.15	.3174447	.534068	0	.1484873	0
1462.15	.3119519	.5376917	0	.1503564	0
1461.15	.3065539	.5412485	0	.1521976	0
1460.15	.3012481	.5447402	0	.1540116	0
1459.15	.2960325	.5481683	0	.1557992	0
1458.15	.2909046	.5515345	0	.157561	0
1457.15	.2858623	.5548401	0	.1592976	0
1456.15	.2809036	.5580867	0	.1610097	0
1455.15	.2760263	.5612757	0	.162698	0
1454.15	.2712286	.5644085	0	.1643629	0
1453.15	.2665085	.5674863	0	.1660052	0
1452.15	.2618642	.5705106	0	.1676253	0
1451.15	.2572938	.5734825	0	.1692238	0
1450.15	.2527957	.5764032	0	.1708012	0
1449.15	.2483681	.579274	0	.172358	0
1448.15	.2440094	.5820959	0	.1738947	0
1447.15	.2397181	.5848701	0	.1754118	0
1446.15	.2354926	.5875977	0	.1769097	0
1445.15	.2313313	.5902797	0	.178389	0
1444.15	.2272329	.5929171	0	.17985	0
1443.15	.2231959	.595511	0	.1812931	0
1442.15	.219219	.5980622	0	.1827188	0
1441.15	.2153008	.6005717	0	.1841275	0
1440.15	.21144	.6030404	0	.1855195	0
1439.15	.2076355	.6054692	0	.1868953	0
1438.15	.2038859	.607859	0	.1882551	0
1437.15	.2001901	.6102106	0	.1895994	0
1436.15	.1965468	.6125247	0	.1909285	0
1435.15	.1929551	.6148022	0	.1922427	0
1434.15	.1894138	.6170439	0	.1935423	0
1433.15	.1859218	.6192505	0	.1948277	0
1432.15	.1824782	.6214226	0	.1960992	0
1431.15	.1790818	.6235612	0	.197357	0
1430.15	.1757318	.6256667	0	.1986015	0
1429.15	.1724271	.6277399	0	.199833	0
1428.15	.1691669	.6297815	0	.2010516	0
1427.15	.1659502	.6317921	0	.2022578	0
1426.15	.1627761	.6337722	0	.2034516	0
1425.15	.1596439	.6357226	0	.2046335	0
1424.15	.1565526	.6376438	0	.2058036	0
1423.15	.1535015	.6395363	0	.2069622	0
1422.15	.1504897	.6414007	0	.2081096	0
1421.15	.1475165	.6432377	0	.2092458	0
1420.15	.1445811	.6450476	0	.2103713	0
1419.15	.1416828	.6468311	0	.2114861	0
1418.15	.1388209	.6485886	0	.2125905	0
1417.15	.1359946	.6503206	0	.2136847	0
1416.15	.1332034	.6520277	0	.2147689	0
1415.15	.1304465	.6537102	0	.2158433	0
1414.15	.1277232	.6553687	0	.2169081	0
1413.15	.125033	.6570036	0	.2179635	0
1412.15	.1223752	.6586152	0	.2190096	0
1411.15	.1197492	.6602042	0	.2200466	0
1410.15	.1171545	.6617708	0	.2210747	0
1409.15	.1145904	.6633155	0	.2220941	0
1408.15	.1120564	.6648387	0	.223105	0
1407.15	.1095519	.6663407	0	.2241074	0
1406.15	.1070764	.667822	0	.2251015	0
1405.15	.1046295	.669283	0	.2260876	0
1404.15	.1022105	.6707239	0	.2270657	0
1403.15	.09981892	.6721451	0	.228036	0
1402.15	.09745436	.673547	0	.2289986	0
1401.15	.09511631	.67493	0	.2299537	0
1400.15	.0928043	.6762943	0	.2309014	0
1399.15	.09051787	.6776403	0	.2318418	0
1398.15	.08825657	.6789683	0	.2327751	0
1397.15	.08601997	.6802786	0	.2337014	0
1396.15	.08380764	.6815715	0	.2346208	0
1395.15	.08161917	.6828473	0	.2355335	0
1394.15	.07945415	.6841064	0	.2364395	0
1393.15	.07731217	.6853489	0	.237339	0
1392.15	.07519285	.6865752	0	.238232	0
1391.15	.0730958	.6877855	0	.2391187	0
1390.15	.07102066	.6889801	0	.2399993	0
1389.15	.06896705	.6901593	0	.2408737	0
1388.15	.06693461	.6913232	0	.2417421	0
1387.15	.064923	.6924723	0	.2426047	0
1386.15	.06293188	.6936067	0	.2434614	0
1385.15	.0609609	.6947266	0	.2443125	0
1384.15	.05900974	.6958323	0	.2451579	0
1383.15	.05707808	.6969241	0	.2459978	0
1382.15	.05516559	.6980021	0	.2468323	0
1381.15	.05327198	.6990665	0	.2476615	0
1380.15	.05139693	.7001177	0	.2484854	0
1379.15	.04954016	.7011557	0	.2493041	0
1378.15	.04770137	.7021809	0	.2501178	0
1377.15	.04588027	.7031933	0	.2509264	0
1376.15	.04407659	.7041933	0	.2517301	0
1375.15	.04229005	.7051809	0	.252529	0
1374.15	.04052039	.7061565	0	.2533231	0
1373.15	.03876734	.7071201	0	.2541125	0
1372.15	.03703064	.708072	0	.2548973	0
1371.15	.03531005	.7090124	0	.2556776	0
1370.15	.03360531	.7099414	0	.2564533	0
1369.15	.03191618	.7108592	0	.2572246	0
1368.15	.03024243	.7117659	0	.2579916	0
1367.15	.02858382	.7126619	0	.2587543	0
1366.15	.02694012	.7135471	0	.2595128	0
1365.15	.0253111	.7144217	0	.2602672	0
1364.15	.02369655	.7152861	0	.2610174	0
1363.15	.02209625	.7161401	0	.2617636	0
1362.15	.02050999	.7169842	0	.2625058	0
1361.15	.01893756	.7178183	0	.2632442	0
1360.15	.01737875	.7186426	0	.2639786	0
1359.15	.01583337	.7194573	0	.2647093	0
1358.15	.01430122	.7202626	0	.2654362	0
1357.15	.0127821	.7210585	0	.2661595	0
1356.15	.01127582	.7218451	0	.266879	0
1355.15	.009782201	.7226228	0	.2675951	0
1354.15	.00830106	.7233914	0	.2683075	0
1353.15	.006832214	.7241513	0	.2690165	0
1352.15	.005375489	.7249025	0	.269722	0
1351.15	.00393071	.7256451	0	.2704242	0
1350.15	.002497708	.7263793	0	.271123	0
1349.15	.001076316	.7271052	0	.2718185	0
1348.387	0	.7276532	0	.2723468	0
1348.387	0	.7276532	0	.2723468	0
1348.15	0	.7275353	0	.2724647	0
1347.15	0	.7270393	0	.2729607	0
1346.15	0	.7265444	0	.2734556	0
1345.15	0	.7260505	0	.2739495	0
1344.15	0	.7255578	0	.2744422	0
1343.15	0	.7250662	0	.2749338	0
1342.15	0	.7245757	0	.2754243	0
1341.15	0	.7240863	0	.2759137	0
1340.15	0	.723598	0	.276402	0
1339.15	0	.7231108	0	.2768892	0
1338.15	0	.7226246	0	.2773754	0
1337.15	0	.7221396	0	.2778604	0
1336.15	0	.7216556	0	.2783444	0
1335.15	0	.7211727	0	.2788273	0
1334.15	0	.7206909	0	.2793091	0
1333.15	0	.7202101	0	.2797899	0
1332.15	0	.7197304	0	.2802696	0
1331.15	0	.7192518	0	.2807482	0
1330.15	0	.7187742	0	.2812258	0
1329.15	0	.7182977	0	.2817023	0
1328.15	0	.7178222	0	.2821778	0
1327.15	0	.7173478	0	.2826522	0
1326.15	0	.7168744	0	.2831256	0
1325.15	0	.7164021	0	.2835979	0
1324.15	0	.7159308	0	.2840692	0
1323.15	0	.7154606	0	.2845394	0
1322.15	0	.7149913	0	.2850087	0
1321.15	0	.7145231	0	.2854769	0
1320.15	0	.714056	0	.285944	0
1319.15	0	.7135898	0	.2864102	0
1318.15	0	.7131247	0	.2868753	0
1317.15	0	.7126606	0	.2873394	0
1316.15	0	.7121975	0	.2878025	0
1315.15	0	.7117354	0	.2882646	0
1314.15	0	.7112744	0	.2887256	0
1313.15	0	.7108143	0	.2891857	0
1312.15	0	.7103552	0	.2896448	0
1311.15	0	.7098971	0	.2901029	0
1310.15	0	.7094401	0	.2905599	0
1309.15	0	.708984	0	.291016	0
1308.15	0	.7085289	0	.2914711	0
1307.15	0	.7080748	0	.2919252	0
1306.15	0	.7076217	0	.2923784	0
1305.15	0	.7071695	0	.2928305	0
1304.15	0	.7067183	0	.2932817	0
1303.15	0	.7062681	0	.2937319	0
1302.15	0	.7058189	0	.2941811	0
1301.15	0	.7053707	0	.2946293	0
1300.15	0	.7049234	0	.2950766	0
1299.15	0	.704477	0	.295523	0
1298.15	0	.7040317	0	.2959683	0
1297.15	0	.7035873	0	.2964127	0
1296.15	0	.7031438	0	.2968562	0
1295.15	0	.7027013	0	.2972987	0
1294.15	0	.7022597	0	.2977403	0
1293.15	0	.7018191	0	.2981809	0
1292.15	0	.7013795	0	.2986206	0
1291.15	0	.7009407	0	.2990593	0
1290.15	0	.7005029	0	.2994971	0
1289.15	0	.7000661	0	.2999339	0
1288.15	0	.6996301	0	.3003699	0
1287.15	0	.6991951	0	.3008049	0
1286.15	0	.698761	0	.301239	0
1285.15	0	.6983279	0	.3016721	0
1284.15	0	.6978957	0	.3021043	0
1283.15	0	.6974643	0	.3025357	0
1282.15	0	.6970339	0	.3029661	0
1281.15	0	.6966045	0	.3033956	0
1280.15	0	.6961759	0	.3038241	0
1279.15	0	.6957482	0	.3042518	0
1278.15	0	.6953214	0	.3046786	0
1277.15	0	.6948956	0	.3051044	0
1276.15	0	.6944706	0	.3055294	0
1275.15	0	.6940465	0	.3059535	0
1274.15	0	.6936233	0	.3063767	0
1273.15	0	.6932011	0	.3067989	0
1272.15	0	.6927797	0	.3072203	0
1271.15	0	.6923591	0	.3076409	0
1270.15	0	.6919395	0	.3080605	0
1269.15	0	.6915208	0	.3084792	0
1268.15	0	.6911029	0	.3088971	0
1267.15	0	.6906859	0	.3093141	0
1266.15	0	.6902698	0	.3097302	0
1265.15	0	.6898545	0	.3101455	0
1264.15	0	.6894401	0	.3105599	0
1263.15	0	.6890266	0	.3109734	0
1262.15	0	.688614	0	.311386	0
1261.15	0	.6882022	0	.3117978	0
1260.15	0	.6877912	0	.3122088	0
1259.15	0	.6873812	0	.3126188	0
1258.15	0	.6869719	0	.3130281	0
1257.15	0	.6865636	0	.3134364	0
1256.15	0	.686156	0	.313844	0
1255.15	0	.6857494	0	.3142506	0
1254.15	0	.6853435	0	.3146565	0
1253.15	0	.6849385	0	.3150615	0
1252.15	0	.6845344	0	.3154656	0
1251.15	0	.6841311	0	.3158689	0
1250.15	0	.6837286	0	.3162714	0
1249.15	0	.6833269	0	.3166731	0
1248.15	0	.6829261	0	.3170739	0
1247.15	0	.6825261	0	.3174739	0
1246.15	0	.6821269	0	.3178731	0
1245.15	0	.6817286	0	.3182714	0
1244.15	0	.6813311	0	.3186689	0
1243.15	0	.6809344	0	.3190656	0
1242.15	0	.6805385	0	.3194615	0
1241.15	0	.6801434	0	.3198566	0
1240.15	0	.6797491	0	.3202509	0
1239.15	0	.6793557	0	.3206443	0
1238.15	0	.678963	0	.321037	0
1237.15	0	.6785712	0	.3214288	0
1236.15	0	.6781802	0	.3218199	0
1235.15	0	.6777899	0	.3222101	0
1234.15	0	.6774005	0	.3225995	0
1233.15	0	.6770118	0	.3229882	0
1232.15	0	.676624	0	.323376	0
1231.15	0	.6762369	0	.3237631	0
1230.15	0	.6758507	0	.3241494	0
1229.15	0	.6754652	0	.3245348	0
1228.15	0	.6750805	0	.3249195	0
1227.15	0	.6746966	0	.3253034	0
1226.15	0	.6743134	0	.3256866	0
1225.15	0	.6739311	0	.3260689	0
1224.15	0	.6735495	0	.3264505	0
1223.15	0	.6731687	0	.3268313	0
1222.15	0	.6727887	0	.3272113	0
1221.15	0	.6724094	0	.3275906	0
1220.15	0	.6720309	0	.3279691	0
1219.15	0	.6716532	0	.3283468	0
1218.15	0	.6712763	0	.3287237	0
1217.15	0	.6709001	0	.3290999	0
1216.15	0	.6705246	0	.3294754	0
1215.15	0	.6701499	0	.3298501	0
1214.15	0	.669776	0	.330224	0
1213.15	0	.6694029	0	.3305971	0
1212.15	0	.6690305	0	.3309695	0
1211.15	0	.6686588	0	.3313412	0
1210.15	0	.6682879	0	.3317121	0
1209.15	0	.6679177	0	.3320823	0
1208.15	0	.6675483	0	.3324517	0
1207.15	0	.6671797	0	.3328203	0
1206.15	0	.6668117	0	.3331883	0
1205.15	0	.6664445	0	.3335555	0
1204.15	0	.6660781	0	.3339219	0
1203.15	0	.6657123	0	.3342877	0
1202.15	0	.6653474	0	.3346526	0
1201.15	0	.6649831	0	.3350169	0
1200.15	0	.6646196	0	.3353804	0
1199.15	0	.6642568	0	.3357432	0
1198.15	0	.6638947	0	.3361053	0
1197.15	0	.6635334	0	.3364667	0
1196.15	0	.6631727	0	.3368273	0
1195.15	0	.6628128	0	.3371872	0
1194.15	0	.6624536	0	.3375464	0
1193.15	0	.6620952	0	.3379048	0
1192.15	0	.6617374	0	.3382626	0
1191.15	0	.6613804	0	.3386196	0
1190.15	0	.661024	0	.338976	0
1189.15	0	.6606684	0	.3393316	0
1188.15	0	.6603135	0	.3396865	0
1187.15	0	.6599593	0	.3400407	0
1186.15	0	.6596058	0	.3403942	0
1185.15	0	.659253	0	.340747	0
1184.15	0	.6589009	0	.3410991	0
1183.15	0	.6585495	0	.3414505	0
1182.15	0	.6581988	0	.3418012	0
1181.15	0	.6578488	0	.3421512	0
1180.15	0	.6574995	0	.3425005	0
1179.15	0	.6571508	0	.3428492	0
1178.15	0	.6568029	0	.3431971	0
1177.15	0	.6564557	0	.3435443	0
1176.15	0	.6561091	0	.3438909	0
1175.15	0	.6557632	0	.3442368	0
1174.15	0	.6554181	0	.344582	0
1173.15	0	.6550736	0	.3449264	0
1172.15	0	.6547297	0	.3452703	0
1171.15	0	.6543866	0	.3456134	0
1170.15	0	.6540441	0	.3459559	0
1169.15	0	.6537023	0	.3462977	0
1168.15	0	.6533612	0	.3466388	0
1167.15	0	.6530208	0	.3469792	0
1166.15	0	.652681	0	.347319	0
1165.15	0	.6523419	0	.3476581	0
1164.66	0	.6521758	0	.3478242	0
1164.66	0	.6521758	0	.3478242	0
1164.66	0	.6521758	0	.3478242	0
1164.15	0	.651683	3.405635E-04	.3479764	0
1163.15	0	.6507179	.001007582	.3482746	0
1162.15	0	.6497553	.001672773	.3485719	0
1161.15	0	.6487953	.002336139	.3488686	0
1160.15	0	.6478379	.002997682	.3491645	0
1159.15	0	.646883	.003657405	.3494596	0
1158.15	0	.6459307	.004315309	.349754	0
1157.15	0	.644981	.004971396	.3500476	0
1156.15	0	.6440338	.005625668	.3503405	0
1155.15	0	.6430892	.006278128	.3506327	0
1154.15	0	.6421471	.006928799	.3509241	0
1153.15	0	.6412075	.007577641	.3512148	0
1152.15	0	.6402705	.008224676	.3515048	0
1151.15	0	.6393361	.008869906	.351794	0
1150.15	0	.6384041	.009513334	.3520825	0
1149.15	0	.6374747	.01015496	.3523703	0
1148.15	0	.6365479	.01079479	.3526574	0
1147.15	0	.6356235	.01143282	.3529437	0
1146.15	0	.6347016	.01206906	.3532293	0
1145.15	0	.6337823	.01270351	.3535142	0
1144.15	0	.6328655	.01333616	.3537984	0
1143.15	0	.6319511	.01396703	.3540818	0
1142.15	0	.6310393	.0145961	.3543646	0
1141.15	0	.63013	.0152234	.3546466	0
1140.15	0	.6292231	.01584891	.354928	0
1139.15	0	.6283188	.01647263	.3552086	0
1138.15	0	.6274169	.01709458	.3554885	0
1137.15	0	.6265175	.01771475	.3557677	0
1136.15	0	.6256206	.01833314	.3560463	0
1135.15	0	.6247261	.01894976	.3563241	0
1134.15	0	.6238342	.0195646	.3566012	0
1133.15	0	.6229447	.02017767	.3568777	0
1132.15	0	.6220576	.02078897	.3571534	0
1131.15	0	.621173	.02139851	.3574285	0
1130.15	0	.6202909	.02200627	.3577028	0
1129.15	0	.6194112	.02261227	.3579765	0
1128.15	0	.618534	.02321651	.3582495	0
1127.15	0	.6176592	.02381899	.3585218	0
1126.15	0	.6167869	.0244197	.3587934	0
1125.15	0	.615917	.02501866	.3590644	0
1124.15	0	.6150495	.02561585	.3593347	0
1123.15	0	.6141845	.0262113	.3596043	0
1122.15	0	.6133218	.02680499	.3598732	0
1121.15	0	.6124617	.02739692	.3601414	0
1120.15	0	.6116039	.0279871	.360409	0
1119.15	0	.6107486	.02857554	.3606759	0
1118.15	0	.6098956	.02916222	.3609422	0
1117.15	0	.6090451	.02974716	.3612077	0
1116.15	0	.608197	.03033035	.3614727	0
1115.15	0	.6073513	.0309118	.3617369	0
1114.15	0	.606508	.03149151	.3620005	0
1113.15	0	.6056671	.03206947	.3622634	0
1112.15	0	.6048286	.03264569	.3625257	0
1111.15	0	.6039925	.03322017	.3627873	0
1110.15	0	.6031588	.03379292	.3630483	0
1109.15	0	.6023275	.03436393	.3633086	0
1108.15	0	.6014985	.0349332	.3635683	0
1107.15	0	.600672	.03550074	.3638273	0
1106.15	0	.5998478	.03606655	.3640856	0
1105.15	0	.599026	.03663063	.3643434	0
1104.15	0	.5982066	.03719298	.3646004	0
1103.15	0	.5973895	.03775359	.3648569	0
1102.15	0	.5965749	.03831249	.3651127	0
1101.15	0	.5957626	.03886965	.3653678	0
1100.15	0	.5949526	.03942509	.3656223	0
1099.15	0	.594145	.0399788	.3658762	0
1098.15	0	.5933398	.0405308	.3661294	0
1097.15	0	.5925369	.04108107	.366382	0
1096.15	0	.5917364	.04162962	.366634	0
1095.15	0	.5909383	.04217645	.3668853	0
1094.15	0	.5901424	.04272156	.367136	0
1093.15	0	.589349	.04326496	.3673861	0
1092.15	0	.5885579	.04380664	.3676355	0
1091.15	0	.5877691	.0443466	.3678843	0
1090.15	0	.5869826	.04488485	.3681325	0
1089.15	0	.5861985	.04542139	.3683801	0
1088.15	0	.5854168	.04595622	.368627	0
1087.15	0	.5846373	.04648934	.3688734	0
1086.15	0	.5838602	.04702075	.3691191	0
1085.15	0	.5830854	.04755045	.3693641	0
1084.15	0	.582313	.04807844	.3696086	0
1083.15	0	.5815428	.04860473	.3698524	0
1082.15	0	.580775	.04912931	.3700957	0
1081.15	0	.5800095	.04965218	.3703383	0
1080.15	0	.5792464	.05017336	.3705803	0
1079.15	0	.5784855	.05069283	.3708217	0
1078.15	0	.577727	.0512106	.3710624	0
1077.15	0	.5769707	.05172667	.3713026	0
1076.15	0	.5762168	.05224105	.3715422	0
1075.15	0	.5754652	.05275372	.3717811	0
1074.15	0	.5747158	.0532647	.3720195	0
1073.15	0	.5739688	.05377398	.3722572	0
1072.15	0	.5732241	.05428157	.3724943	0
1071.15	0	.5724817	.05478747	.3727309	0
1070.15	0	.5717416	.05529167	.3729668	0
1069.15	0	.5710037	.05579418	.3732021	0
1068.15	0	.5702682	.056295	.3734368	0
1067.15	0	.5695349	.05679412	.3736709	0
1066.15	0	.568804	.05729157	.3739044	0
1065.15	0	.5680753	.05778732	.3741374	0
1064.15	0	.5673489	.05828138	.3743697	0
1063.15	0	.5666248	.05877376	.3746014	0
1062.15	0	.565903	.05926446	.3748326	0
1061.15	0	.5651834	.05975347	.3750631	0
1060.15	0	.5644662	.0602408	.375293	0
1059.15	0	.5637512	.06072645	.3755224	0
1058.15	0	.5630384	.06121042	.3757511	0
1057.15	0	.562328	.06169271	.3759793	0
1056.15	0	.5616198	.06217331	.3762069	0
1055.15	0	.5609139	.06265225	.3764339	0
1054.15	0	.5602103	.0631295	.3766603	0
1053.15	0	.5595089	.06360508	.376886	0
1052.15	0	.5588097	.06407899	.3771113	0
1051.15	0	.5581129	.06455122	.3773359	0
1050.15	0	.5574183	.06502178	.3775599	0
1049.15	0	.5567259	.06549067	.3777834	0
1048.15	0	.5560358	.06595789	.3780063	0
1047.15	0	.555348	.06642344	.3782285	0
1046.15	0	.5546624	.06688733	.3784502	0
1045.15	0	.5539791	.06734954	.3786714	0
1044.15	0	.553298	.0678101	.3788919	0
1043.15	0	.5526192	.06826898	.3791118	0
1042.15	0	.5519426	.06872621	.3793312	0
1041.15	0	.5512683	.06918177	.37955	0
1040.15	0	.5505961	.06963567	.3797682	0
1039.15	0	.5499263	.07008792	.3799858	0
1038.15	0	.5492587	.0705385	.3802028	0
1037.15	0	.5485933	.07098743	.3804193	0
1036.15	0	.5479301	.0714347	.3806352	0
1035.15	0	.5472692	.07188032	.3808505	0
1034.15	0	.5466105	.07232429	.3810652	0
1033.15	0	.5459541	.0727666	.3812793	0
1032.15	0	.5452999	.07320727	.3814929	0
1031.15	0	.5446478	.07364628	.3817059	0
1030.15	0	.5439981	.07408365	.3819183	0
1029.15	0	.5433505	.07451937	.3821301	0
1028.15	0	.5427052	.07495345	.3823414	0
1027.15	0	.5420621	.07538588	.382552	0
1026.15	0	.5414212	.07581668	.3827621	0
1025.15	0	.5407825	.07624583	.3829716	0
1024.15	0	.5401461	.07667335	.3831806	0
1023.15	0	.5395118	.07709922	.3833889	0
1022.15	0	.5388798	.07752347	.3835967	0
1021.15	0	.53825	.07794608	.3838039	0
1020.15	0	.5376224	.07836706	.3840106	0
1019.15	0	.536997	.07878641	.3842166	0
1018.15	0	.5363738	.07920413	.3844221	0
1017.15	0	.5357528	.07962022	.384627	0
1016.15	0	.535134	.0800347	.3848313	0
1015.15	0	.5345174	.08044754	.3850351	0
1014.15	0	.533903	.08085877	.3852383	0
1013.15	0	.5332908	.08126838	.3854408	0
1012.15	0	.5326808	.08167638	.3856429	0
1011.15	0	.5320729	.08208276	.3858443	0
1010.15	0	.5314673	.08248752	.3860452	0
1009.15	0	.5308639	.08289068	.3862455	0
1008.15	0	.5302626	.08329223	.3864452	0
1007.15	0	.5296635	.08369218	.3866443	0
1006.15	0	.5290667	.08409052	.3868428	0
1005.15	0	.5284719	.08448726	.3870408	0
1004.15	0	.5278794	.08488241	.3872382	0
1003.15	0	.527289	.08527595	.387435	0
1002.15	0	.5267008	.08566791	.3876312	0
1001.15	0	.5261148	.08605828	.3878269	0
1000.15	0	.525531	.08644705	.388022	0
999.15	0	.5249493	.08683424	.3882165	0
998.15	0	.5243698	.08721986	.3884104	0
997.15	0	.5237924	.08760389	.3886037	0
996.15	0	.5232172	.08798634	.3887964	0
995.15	0	.5226442	.08836723	.3889886	0
994.15	0	.5220733	.08874654	.3891802	0
993.15	0	.5215046	.08912429	.3893711	0
992.15	0	.520938	.08950047	.3895615	0
991.15	0	.5203735	.08987509	.3897514	0
990.15	0	.5198112	.09024816	.3899406	0
989.15	0	.5192511	.09061968	.3901292	0
988.15	0	.5186931	.09098964	.3903173	0
987.15	0	.5181372	.09135806	.3905048	0
986.15	0	.5175834	.09172494	.3906916	0
985.15	0	.5170318	.09209028	.3908779	0
984.15	0	.5164823	.09245408	.3910636	0
983.15	0	.515935	.09281636	.3912487	0
982.15	0	.5153897	.09317711	.3914332	0
981.15	0	.5148466	.09353634	.3916171	0
980.15	0	.5143055	.09389405	.3918004	0
979.15	0	.5137666	.09425025	.3919831	0
978.15	0	.5132298	.09460495	.3921652	0
977.15	0	.5126951	.09495814	.3923468	0
976.15	0	.5121625	.09530983	.3925277	0
975.15	0	.511632	.09566003	.392708	0
974.15	0	.5111036	.09600874	.3928877	0
973.15	0	.5105772	.09635597	.3930668	0
972.15	0	.510053	.09670172	.3932453	0
971.15	0	.5095308	.097046	.3934232	0
970.15	0	.5090107	.09738881	.3936005	0
969.15	0	.5084927	.09773016	.3937772	0
968.15	0	.5079767	.09807006	.3939532	0
967.15	0	.5074628	.09840851	.3941287	0
966.15	0	.506951	.09874551	.3943035	0
965.15	0	.5064412	.09908108	.3944777	0
964.15	0	.5059335	.09941522	.3946513	0
963.15	0	.5054278	.09974794	.3948243	0
962.15	0	.5049241	.1000792	.3949967	0
961.15	0	.5044225	.1004091	.3951684	0
960.15	0	.5039229	.1007376	.3953395	0
959.15	0	.5034253	.1010647	.39551	0
958.15	0	.5029297	.1013904	.3956799	0
957.15	0	.5024362	.1017148	.3958491	0
956.15	0	.5019446	.1020377	.3960177	0
955.15	0	.5014551	.1023593	.3961856	0
954.15	0	.5009675	.1026796	.3963529	0
953.15	0	.5004819	.1029984	.3965196	0
952.15	0	.4999984	.103316	.3966857	0
951.15	0	.4995167	.1036322	.396851	0
950.15	0	.4990371	.1039471	.3970158	0
949.15	0	.4985594	.1042607	.3971799	0
948.15	0	.4980836	.104573	.3973434	0
947.15	0	.4976099	.104884	.3975062	0
946.15	0	.497138	.1051937	.3976683	0
945.15	0	.4966681	.1055021	.3978298	0
944.15	0	.4962001	.1058093	.3979906	0
943.15	0	.495734	.1061152	.3981508	0
942.15	0	.4952698	.1064199	.3983103	0
941.15	0	.4948075	.1067234	.3984691	0
940.15	0	.4943471	.1070256	.3986272	0
939.15	0	.4938886	.1073267	.3987847	0
938.15	0	.493432	.1076265	.3989415	0
937.15	0	.4929772	.1079252	.3990976	0
936.15	0	.4925243	.1082227	.3992531	0
935.15	0	.4920732	.108519	.3994078	0
934.15	0	.491624	.1088142	.3995619	0
933.15	0	.4911765	.1091082	.3997152	0
932.15	0	.490731	.1094012	.3998679	0
931.15	0	.4902872	.109693	.4000199	0
930.15	0	.4898451	.1099837	.4001711	0
929.15	0	.4894049	.1102734	.4003217	0
928.15	0	.4889665	.110562	.4004715	0
927.15	0	.4885298	.1108496	.4006207	0
926.15	0	.4880948	.1111361	.4007691	0
925.15	0	.4876616	.1114216	.4009168	0
924.15	0	.4872301	.1117061	.4010637	0
923.15	0	.4868004	.1119897	.40121	0
922.15	0	.4863723	.1122722	.4013555	0
921.15	0	.4859459	.1125539	.4015003	0
920.15	0	.4855212	.1128346	.4016443	0
919.15	0	.4850981	.1131144	.4017876	0
918.15	0	.4846767	.1133933	.4019301	0
917.15	0	.4842569	.1136713	.4020719	0
916.15	0	.4838387	.1139484	.4022129	0
915.15	0	.4834221	.1142248	.4023531	0
914.15	0	.4830071	.1145003	.4024926	0
913.15	0	.4825937	.114775	.4026313	0
912.15	0	.4821818	.115049	.4027692	0
911.15	0	.4817715	.1153222	.4029064	0
910.15	0	.4813627	.1155946	.4030427	0
909.15	0	.4809553	.1158664	.4031783	0
908.15	0	.4805495	.1161375	.403313	0
907.15	0	.4801451	.1164079	.403447	0
906.15	0	.4797422	.1166777	.4035801	0
905.15	0	.4793407	.1169468	.4037125	0
904.15	0	.4789406	.1172154	.403844	0
903.15	0	.4785419	.1174834	.4039746	0
902.15	0	.4781446	.1177509	.4041045	0
901.15	0	.4777486	.1180179	.4042335	0
900.15	0	.477354	.1182844	.4043616	0
899.15	0	.4769607	.1185504	.4044889	0
898.15	0	.4765686	.118816	.4046154	0
897.15	0	.4761778	.1190812	.404741	0
896.15	0	.4757882	.1193461	.4048657	0
895.15	0	.4753999	.1196106	.4049895	0
894.15	0	.4750128	.1198748	.4051124	0
893.15	0	.4746268	.1201387	.4052345	0
892.15	0	.4742419	.1204024	.4053556	0
891.15	0	.4738582	.1206659	.4054759	0
890.15	0	.4734756	.1209292	.4055952	0
889.15	0	.473094	.1211924	.4057136	0
888.15	0	.4727135	.1214554	.4058311	0
887.15	0	.472334	.1217184	.4059476	0
886.15	0	.4719554	.1219814	.4060632	0
885.15	0	.4715778	.1222444	.4061778	0
884.15	0	.4712012	.1225074	.4062915	0
883.15	0	.4708254	.1227705	.4064041	0
882.15	0	.4704505	.1230337	.4065158	0
881.15	0	.4700764	.1232971	.4066265	0
880.15	0	.4697031	.1235607	.4067363	0
879.15	0	.4693305	.1238246	.4068449	0
878.15	0	.4689587	.1240887	.4069526	0
877.15	0	.4685876	.1243532	.4070592	0
876.15	0	.4682171	.1246181	.4071648	0
875.15	0	.4678472	.1248834	.4072694	0
874.15	0	.4674779	.1251492	.4073729	0
873.15	0	.4671092	.1254155	.4074753	0
872.15	0	.466741	.1256825	.4075766	0
871.15	0	.4663732	.12595	.4076768	0
870.15	0	.4660058	.1262183	.4077759	0
869.15	0	.4656389	.1264873	.4078738	0
868.15	0	.4652722	.1267571	.4079707	0
867.15	0	.4649059	.1270278	.4080664	0
866.15	0	.4645397	.1272994	.4081609	0
865.15	0	.4641738	.127572	.4082542	0
864.15	0	.463808	.1278456	.4083464	0
863.15	0	.4634423	.1281203	.4084373	0
862.15	0	.4630767	.1283963	.408527	0
861.15	0	.462711	.1286735	.4086155	0
860.15	0	.4623453	.1289519	.4087027	0
859.15	0	.4619795	.1292318	.4087887	0
858.15	0	.4616135	.1295132	.4088734	0
857.15	0	.4612472	.129796	.4089567	0
856.15	0	.4608807	.1300805	.4090388	0
855.15	0	.4605138	.1303667	.4091194	0
854.15	0	.4601465	.1306547	.4091988	0
853.15	0	.4597787	.1309446	.4092767	0
852.15	0	.4594104	.1312364	.4093533	0
851.15	0	.4590414	.1315303	.4094284	0
850.15	0	.4586717	.1318263	.409502	0
849.15	0	.4583012	.1321245	.4095742	0
848.15	0	.4579299	.1324251	.4096449	0
847.15	0	.4575577	.1327282	.4097141	0
846.15	0	.4571844	.1330338	.4097818	0
845.15	0	.45681	.1333421	.4098478	0
844.15	0	.4564345	.1336532	.4099123	0
843.15	0	.4560576	.1339673	.4099751	0
842.15	0	.4556794	.1342843	.4100363	0
841.15	0	.4552997	.1346045	.4100958	0
840.15	0	.4549184	.1349281	.4101535	0
839.15	0	.4545354	.1352551	.4102095	0
838.15	0	.4541506	.1355857	.4102638	0
837.15	0	.4537638	.13592	.4103161	0
836.15	0	.4533751	.1362583	.4103666	0
835.15	0	.4529841	.1366007	.4104152	0
834.15	0	.4525908	.1369473	.4104619	0
833.15	0	.4521951	.1372985	.4105065	0
832.15	0	.4517967	.1376542	.4105491	0
831.15	0	.4513956	.1380148	.4105896	0
830.15	0	.4509916	.1383805	.4106279	0
829.15	0	.4505844	.1387515	.4106641	0
828.15	0	.450174	.1391281	.4106979	0
827.15	0	.4497601	.1395104	.4107295	0
826.15	0	.4493426	.1398988	.4107586	0
825.15	0	.4489211	.1402935	.4107853	0
824.15	0	.4484956	.1406949	.4108095	0
823.15	0	.4480657	.1411033	.410831	0
822.15	0	.4476311	.141519	.4108499	0
821.15	0	.4471917	.1419423	.410866	0
820.15	0	.4467471	.1423737	.4108791	0
819.15	0	.446297	.1428136	.4108894	0
818.15	0	.4458411	.1432624	.4108965	0
817.15	0	.445379	.1437206	.4109004	0
816.15	0	.4449103	.1441887	.410901	0
815.15	0	.4444347	.1446672	.4108981	0
814.15	0	.4439515	.1451569	.4108916	0
813.15	0	.4434605	.1456582	.4108813	0
812.15	0	.4429609	.146172	.4108671	0
811.15	0	.4424523	.146699	.4108487	0
810.15	0	.4419339	.14724	.410826	0
809.15	0	.4414052	.1477961	.4107988	0
808.15	0	.4408652	.1483681	.4107667	0
807.15	0	.4403132	.1489573	.4107295	0
806.15	0	.4397482	.1495649	.4106869	0
805.15	0	.4391691	.1501924	.4106385	0
804.15	0	.4385747	.1508413	.410584	0
803.15	0	.4379636	.1515134	.410523	0
802.15	0	.437325	.1522225	.4104525	0
801.15	0	.4360948	.1536788	.4102264	0
800.15	0	.4349529	.1550291	.410018	0
799.15	0	.433888	.1562871	.4098249	0
798.15	0	.4328911	.1574638	.4096451	0
797.15	0	.4319546	.1585684	.4094771	0
796.15	0	.4310722	.1596084	.4093194	0
795.15	0	.4302386	.1605904	.409171	0
794.15	0	.4294492	.1615198	.409031	0
793.15	0	.4287001	.1624015	.4088984	0
792.15	0	.4279879	.1632394	.4087727	0
791.15	0	.4273095	.1640374	.4086532	0
790.15	0	.4266623	.1647985	.4085393	0
789.15	0	.4260439	.1655255	.4084306	0
788.15	0	.4254523	.166221	.4083267	0
787.15	0	.4248855	.1668873	.4082272	0
786.15	0	.4243436	.167525	.4081314	0
785.15	0	.4238216	.1681387	.4080397	0
784.15	0	.4233199	.1687285	.4079516	0
783.15	0	.4228372	.1692961	.4078667	0
782.15	0	.4223724	.1698428	.4077849	0
781.15	0	.4219244	.1703697	.4077058	0
780.15	0	.4214924	.1708782	.4076295	0
779.15	0	.4210753	.1713691	.4075556	0
778.15	0	.4206723	.1718436	.4074841	0
777.15	0	.4202828	.1723025	.4074147	0
776.15	0	.419906	.1727466	.4073474	0
775.15	0	.4195413	.1731767	.4072821	0
774.15	0	.419188	.1735935	.4072185	0
773.15	0	.4188456	.1739977	.4071567	0
772.15	0	.4185135	.1743899	.4070966	0
771.15	0	.4181913	.1747707	.4070379	0
770.15	0	.4178786	.1751407	.4069808	0
769.15	0	.4175748	.1755003	.406925	0
768.15	0	.4172795	.17585	.4068705	0
767.15	0	.4169925	.1761902	.4068173	0
766.15	0	.4167133	.1765215	.4067652	0
765.15	0	.4164416	.1768441	.4067143	0
764.15	0	.416177	.1771585	.4066645	0
763.15	0	.4159194	.177465	.4066156	0
762.15	0	.4156683	.177764	.4065678	0
761.15	0	.4154235	.1780557	.4065208	0
760.15	0	.4151848	.1783405	.4064747	0
759.15	0	.4149519	.1786186	.4064295	0
758.15	0	.4147247	.1788903	.406385	0
757.15	0	.4145028	.1791559	.4063414	0
756.15	0	.414286	.1794156	.4062984	0
755.15	0	.4140743	.1796696	.4062561	0
754.15	0	.4138673	.1799182	.4062145	0
753.15	0	.4136649	.1801615	.4061736	0
752.15	0	.413467	.1803998	.4061332	0
751.15	0	.4132734	.1806332	.4060934	0
750.15	0	.4130839	.180862	.4060542	0
749.15	0	.4128983	.1810862	.4060155	0
748.15	0	.4127166	.1813061	.4059773	0
747.15	0	.4125386	.1815218	.4059396	0
746.15	0	.4123642	.1817334	.4059024	0
745.15	0	.4121933	.1819412	.4058656	0
744.15	0	.4120257	.1821452	.4058292	0
743.15	0	.4118613	.1823455	.4057932	0
742.15	0	.4117	.1825424	.4057576	0
741.15	0	.4115417	.1827358	.4057225	0
740.15	0	.4113864	.182926	.4056876	0
739.15	0	.4112339	.183113	.4056531	0
738.15	0	.4110841	.183297	.405619	0
737.15	0	.4109369	.1834779	.4055852	0
736.15	0	.4107923	.1836561	.4055516	0
735.15	0	.4106502	.1838314	.4055184	0
734.15	0	.4105105	.1840041	.4054854	0
733.15	0	.4103731	.1841741	.4054527	0
732.15	0	.410238	.1843417	.4054203	0
731.15	0	.4101051	.1845068	.4053881	0
730.15	0	.4099743	.1846696	.4053562	0
729.15	0	.4098455	.18483	.4053244	0
728.15	0	.4097188	.1849883	.4052929	0
727.15	0	.409594	.1851444	.4052617	0
726.15	0	.4094711	.1852984	.4052306	0
725.15	0	.40935	.1854504	.4051997	0
724.15	0	.4092306	.1856004	.405169	0
723.15	0	.409113	.1857485	.4051384	0
722.15	0	.4089971	.1858948	.4051081	0
721.15	0	.4088828	.1860393	.4050779	0
720.15	0	.4087701	.1861821	.4050478	0
719.15	0	.4086589	.1863231	.405018	0
718.15	0	.4085492	.1864625	.4049882	0
717.15	0	.408441	.1866004	.4049586	0
716.15	0	.4083342	.1867367	.4049292	0
715.15	0	.4082287	.1868714	.4048998	0
714.15	0	.4081247	.1870047	.4048706	0
713.15	0	.4080219	.1871366	.4048415	0
712.15	0	.4079203	.1872671	.4048125	0
711.15	0	.4078201	.1873963	.4047836	0
710.15	0	.407721	.1875242	.4047549	0
709.15	0	.407623	.1876508	.4047262	0
708.15	0	.4075263	.1877761	.4046976	0
707.15	0	.4074306	.1879003	.4046691	0
706.15	0	.407336	.1880233	.4046407	0
705.15	0	.4072425	.1881451	.4046124	0
704.15	0	.40715	.1882658	.4045842	0
703.15	0	.4070585	.1883855	.404556	0
702.15	0	.406968	.1885041	.4045279	0
701.15	0	.4068785	.1886217	.4044999	0
700.15	0	.4067898	.1887382	.4044719	0
699.15	0	.4067021	.1888539	.4044441	0
698.15	0	.4066153	.1889685	.4044162	0
697.15	0	.4065293	.1890823	.4043884	0
696.15	0	.4064442	.1891951	.4043607	0
695.15	0	.4063599	.1893071	.4043331	0
694.15	0	.4062764	.1894182	.4043054	0
693.15	0	.4061937	.1895285	.4042779	0
692.15	0	.4061117	.1896379	.4042503	0
691.15	0	.4060305	.1897466	.4042229	0
690.15	0	.4059501	.1898545	.4041954	0
689.15	0	.4058703	.1899617	.404168	0
688.15	0	.4057913	.1900681	.4041407	0
687.15	0	.4057129	.1901738	.4041133	0
686.15	0	.4056352	.1902788	.404086	0
685.15	0	.4055582	.1903831	.4040588	0
684.15	0	.4054818	.1904867	.4040315	0
683.15	0	.405406	.1905897	.4040043	0
682.15	0	.4053308	.1906921	.4039771	0
681.15	0	.4052562	.1907938	.40395	0
680.15	0	.4051822	.1908949	.4039228	0
679.15	0	.4051088	.1909955	.4038957	0
678.15	0	.4050359	.1910954	.4038686	0
677.15	0	.4049636	.1911948	.4038416	0
676.15	0	.4048919	.1912937	.4038145	0
675.15	0	.4048206	.1913919	.4037875	0
674.15	0	.4047499	.1914897	.4037604	0
673.15	0	.4046796	.191587	.4037334	0
672.15	0	.4046099	.1916837	.4037064	0
671.15	0	.4045406	.19178	.4036794	0
670.15	0	.4044718	.1918757	.4036524	0
669.15	0	.4044035	.191971	.4036255	0
668.15	0	.4043356	.1920659	.4035985	0
667.15	0	.4042682	.1921602	.4035716	0
666.15	0	.4042012	.1922542	.4035446	0
665.15	0	.4041346	.1923477	.4035177	0
664.15	0	.4040685	.1924407	.4034908	0
663.15	0	.4040028	.1925334	.4034638	0
662.15	0	.4039374	.1926257	.4034369	0
661.15	0	.4038725	.1927175	.40341	0
660.15	0	.403808	.192809	.4033831	0
659.15	0	.4037438	.1929	.4033562	0
658.15	0	.40368	.1929908	.4033293	0
657.15	0	.4036166	.1930811	.4033023	0
656.15	0	.4035535	.1931711	.4032754	0
655.15	0	.4034908	.1932607	.4032485	0
654.15	0	.4034284	.19335	.4032216	0
653.15	0	.4033664	.1934389	.4031947	0
652.15	0	.4033047	.1935275	.4031678	0
651.15	0	.4032433	.1936158	.4031409	0
650.15	0	.4031823	.1937038	.4031139	0
649.15	0	.4031216	.1937914	.403087	0
648.15	0	.4030612	.1938787	.4030601	0
647.15	0	.4030011	.1939658	.4030332	0
646.15	0	.4029413	.1940525	.4030062	0
645.15	0	.4028817	.194139	.4029793	0
644.15	0	.4028225	.1942251	.4029524	0
643.15	0	.4027636	.194311	.4029254	0
642.15	0	.402705	.1943966	.4028985	0
641.15	0	.4026466	.1944819	.4028715	0
640.15	0	.4025885	.194567	.4028446	0
639.15	0	.4025307	.1946518	.4028176	0
638.15	0	.4024731	.1947363	.4027906	0
637.15	0	.4024158	.1948206	.4027636	0
636.15	0	.4023587	.1949046	.4027367	0
635.15	0	.4023019	.1949884	.4027097	0
634.15	0	.4022454	.195072	.4026827	0
633.15	0	.402189	.1951553	.4026557	0
632.15	0	.402133	.1952384	.4026287	0
631.15	0	.4020772	.1953212	.4026017	0
630.15	0	.4020215	.1954038	.4025746	0
629.15	0	.4019662	.1954862	.4025476	0
628.15	0	.401911	.1955684	.4025206	0
627.15	0	.4018561	.1956504	.4024935	0
626.15	0	.4018014	.1957321	.4024665	0
625.15	0	.4017469	.1958137	.4024394	0
624.15	0	.4016926	.195895	.4024124	0
623.15	0	.4016386	.1959761	.4023853	0
622.15	0	.4015847	.1960571	.4023582	0
621.15	0	.4015311	.1961378	.4023312	0
620.15	0	.4014776	.1962183	.4023041	0
619.15	0	.4014244	.1962987	.402277	0
618.15	0	.4013713	.1963788	.4022499	0
617.15	0	.4013184	.1964588	.4022228	0
616.15	0	.4012658	.1965386	.4021957	0
615.15	0	.4012133	.1966182	.4021686	0
614.15	0	.401161	.1966976	.4021415	0
613.15	0	.4011089	.1967768	.4021143	0
612.15	0	.4010569	.1968559	.4020872	0
611.15	0	.4010052	.1969348	.4020601	0
610.15	0	.4009536	.1970135	.4020329	0
609.15	0	.4009022	.197092	.4020058	0
608.15	0	.400851	.1971704	.4019786	0
607.15	0	.4007999	.1972486	.4019515	0
606.15	0	.4007491	.1973266	.4019243	0
605.15	0	.4006983	.1974045	.4018971	0
604.15	0	.4006478	.1974822	.40187	0
603.15	0	.4005974	.1975598	.4018428	0
602.15	0	.4005472	.1976372	.4018156	0
601.15	0	.4004971	.1977144	.4017885	0
600.15	0	.4004472	.1977915	.4017613	0
599.15	0	.4003975	.1978685	.4017341	0
598.15	0	.4003479	.1979452	.4017069	0
597.15	0	.4002984	.1980219	.4016797	0
596.15	0	.4002491	.1980984	.4016525	0
595.15	0	.4002	.1981747	.4016253	0
594.15	0	.400151	.1982509	.4015981	0
593.15	0	.4001021	.198327	.4015709	0
592.15	0	.4000534	.1984029	.4015437	0
591.15	0	.4000049	.1984786	.4015165	0
590.15	0	.3999564	.1985542	.4014893	0
589.15	0	.3999082	.1986297	.4014621	0
588.15	0	.39986	.198705	.4014349	0
587.15	0	.399812	.1987802	.4014077	0
586.15	0	.3997642	.1988553	.4013805	0
585.15	0	.3997165	.1989302	.4013533	0
584.15	0	.3996689	.199005	.4013261	0
583.15	0	.3996214	.1990797	.4012989	0
582.15	0	.3995741	.1991542	.4012717	0
581.15	0	.3995269	.1992286	.4012445	0
580.15	0	.3994799	.1993028	.4012174	0
579.15	0	.3994329	.1993769	.4011902	0
578.15	0	.3993861	.1994509	.401163	0
577.15	0	.3993395	.1995248	.4011358	0
576.15	0	.3992929	.1995985	.4011086	0
575.15	0	.3992465	.1996721	.4010815	0
574.15	0	.3992002	.1997455	.4010543	0
573.15	0	.399154	.1998189	.4010271	0
572.15	0	.399108	.1998921	.401	0
571.15	0	.399062	.1999652	.4009728	0
570.15	0	.3990162	.2000381	.4009456	0
569.15	0	.3989705	.200111	.4009185	0
568.15	0	.398925	.2001837	.4008914	0
567.15	0	.3988795	.2002562	.4008642	0
566.15	0	.3988342	.2003287	.4008371	0
565.15	0	.398789	.200401	.40081	0
564.15	0	.3987439	.2004732	.4007829	0
563.15	0	.3986989	.2005453	.4007558	0
562.15	0	.398654	.2006173	.4007287	0
561.15	0	.3986093	.2006891	.4007016	0
560.15	0	.3985646	.2007608	.4006746	0
559.15	0	.3985201	.2008324	.4006475	0
558.15	0	.3984757	.2009039	.4006204	0
557.15	0	.3984314	.2009752	.4005934	0
556.15	0	.3983872	.2010464	.4005664	0
555.15	0	.3983431	.2011175	.4005393	0
554.15	0	.3982991	.2011885	.4005123	0
553.15	0	.3982553	.2012594	.4004853	0
552.15	0	.3982115	.2013301	.4004584	0
551.15	0	.3981679	.2014008	.4004314	0
550.15	0	.3981243	.2014712	.4004044	0
549.15	0	.3980809	.2015416	.4003775	0
548.15	0	.3980376	.2016119	.4003506	0
547.15	0	.3979943	.201682	.4003236	0
546.15	0	.3979512	.201752	.4002967	0
545.15	0	.3979082	.2018219	.4002699	0
544.15	0	.3978653	.2018917	.400243	0
543.15	0	.3978225	.2019614	.4002161	0
542.15	0	.3977798	.2020309	.4001893	0
541.15	0	.3977372	.2021003	.4001625	0
540.15	0	.3976947	.2021696	.4001357	0
539.15	0	.3976523	.2022388	.4001089	0
538.15	0	.39761	.2023078	.4000821	0
537.15	0	.3975678	.2023768	.4000554	0
536.15	0	.3975258	.2024456	.4000287	0
535.15	0	.3974838	.2025143	.4000019	0
534.15	0	.3974419	.2025829	.3999753	0
533.15	0	.3974001	.2026513	.3999486	0
532.15	0	.3973584	.2027196	.3999219	0
531.15	0	.3973168	.2027878	.3998953	0
530.15	0	.3972754	.202856	.3998687	0
529.15	0	.397234	.2029239	.3998421	0
528.15	0	.3971927	.2029918	.3998156	0
527.15	0	.3971515	.2030595	.399789	0
526.15	0	.3971105	.2031271	.3997624	0
525.15	0	.3970695	.2031946	.3997359	0
524.15	0	.3970286	.2032619	.3997095	0
523.15	0	.3969878	.2033292	.399683	0
522.15	0	.3969471	.2033963	.3996566	0
521.15	0	.3969065	.2034633	.3996302	0
520.15	0	.396866	.2035302	.3996038	0
519.15	0	.3968256	.2035969	.3995775	0
518.15	0	.3967853	.2036636	.3995512	0
517.15	0	.396745	.2037301	.3995249	0
516.15	0	.3967049	.2037965	.3994986	0
515.15	0	.3966649	.2038627	.3994724	0
514.15	0	.396625	.2039289	.3994462	0
513.15	0	.3965851	.2039949	.39942	0
512.15	0	.3965454	.2040608	.3993939	0
511.15	0	.3965057	.2041265	.3993677	0
510.15	0	.3964662	.2041922	.3993416	0
509.15	0	.3964267	.2042577	.3993156	0
508.15	0	.3963873	.2043231	.3992896	0
507.15	0	.3963481	.2043884	.3992636	0
506.15	0	.3963089	.2044535	.3992376	0
505.15	0	.3962698	.2045185	.3992117	0
504.15	0	.3962308	.2045834	.3991858	0
503.15	0	.3961919	.2046482	.3991599	0
502.15	0	.3961531	.2047128	.3991341	0
501.15	0	.3961144	.2047773	.3991083	0
500.15	0	.3960757	.2048417	.3990825	0
499.15	0	.3960372	.204906	.3990568	0
498.15	0	.3959988	.2049701	.3990311	0
497.15	0	.3959604	.2050341	.3990054	0
496.15	0	.3959222	.205098	.3989798	0
495.15	0	.395884	.2051617	.3989543	0
494.15	0	.395846	.2052254	.3989287	0
493.15	0	.395808	.2052888	.3989032	0
492.15	0	.3957701	.2053522	.3988777	0
491.15	0	.3957323	.2054154	.3988523	0
490.15	0	.3956946	.2054785	.3988269	0
489.15	0	.395657	.2055415	.3988015	0
488.15	0	.3956195	.2056043	.3987762	0
487.15	0	.395582	.205667	.3987509	0
486.15	0	.3955447	.2057296	.3987257	0
485.15	0	.3955075	.205792	.3987005	0
484.15	0	.3954703	.2058543	.3986754	0
483.15	0	.3954332	.2059165	.3986502	0
482.15	0	.3953963	.2059785	.3986252	0
481.15	0	.3953594	.2060405	.3986002	0
480.15	0	.3953226	.2061022	.3985752	0
479.15	0	.3952859	.2061639	.3985502	0
478.15	0	.3952493	.2062254	.3985253	0
477.15	0	.3952128	.2062868	.3985005	0
476.15	0	.3951763	.206348	.3984757	0
475.15	0	.39514	.2064091	.3984509	0
474.15	0	.3951038	.2064701	.3984262	0
473.15	0	.3950676	.2065309	.3984015	0
472.15	0	.3950315	.2065916	.3983769	0
471.15	0	.3949956	.2066521	.3983523	0
470.15	0	.3949597	.2067126	.3983278	0
469.15	0	.3949239	.2067728	.3983033	0
468.15	0	.3948882	.206833	.3982789	0
467.15	0	.3948526	.206893	.3982545	0
466.15	0	.394817	.2069529	.3982301	0
465.15	0	.3947816	.2070126	.3982058	0
464.15	0	.3947462	.2070722	.3981816	0
463.15	0	.394711	.2071316	.3981574	0
462.15	0	.3946758	.2071909	.3981333	0
461.15	0	.3946407	.2072501	.3981092	0
460.15	0	.3946058	.2073091	.3980851	0
459.15	0	.3945709	.207368	.3980611	0
458.15	0	.3945361	.2074267	.3980372	0
457.15	0	.3945013	.2074853	.3980133	0
456.15	0	.3944667	.2075438	.3979895	0
455.15	0	.3944322	.2076021	.3979657	0
454.15	0	.3943977	.2076603	.397942	0
453.15	0	.3943634	.2077183	.3979183	0
452.15	0	.3943291	.2077762	.3978947	0
451.15	0	.3942949	.207834	.3978712	0
450.15	0	.3942608	.2078916	.3978476	0
449.15	0	.3942268	.207949	.3978242	0
448.15	0	.394193	.2080062	.3978008	0
447.15	0	.3941592	.2080633	.3977775	0
446.15	0	.3941255	.2081203	.3977542	0
445.15	0	.3940919	.2081771	.397731	0
444.15	0	.3940584	.2082337	.3977079	0
443.15	0	.394025	.2082902	.3976848	0
442.15	0	.3939917	.2083465	.3976618	0
441.15	0	.3939585	.2084026	.3976389	0
440.15	0	.3939255	.2084586	.397616	0
439.15	0	.3938925	.2085143	.3975932	0
438.15	0	.3938596	.2085699	.3975705	0
437.15	0	.3938269	.2086253	.3975478	0
436.15	0	.3937943	.2086805	.3975252	0
435.15	0	.3937618	.2087356	.3975027	0
434.15	0	.3937294	.2087904	.3974803	0
433.15	0	.3936971	.208845	.3974579	0
432.15	0	.3936649	.2088995	.3974356	0
431.15	0	.3936329	.2089537	.3974134	0
430.15	0	.393601	.2090078	.3973912	0
429.15	0	.3935692	.2090616	.3973692	0
428.15	0	.3935375	.2091153	.3973472	0
427.15	0	.393506	.2091687	.3973253	0
426.15	0	.3934746	.209222	.3973035	0
425.15	0	.3934433	.209275	.3972818	0
424.15	0	.3934121	.2093278	.3972601	0
423.15	0	.3933811	.2093804	.3972385	0
422.15	0	.3933501	.2094328	.397217	0
421.15	0	.3933193	.209485	.3971956	0
420.15	0	.3932887	.209537	.3971743	0
419.15	0	.3932581	.2095888	.3971531	0
418.15	0	.3932277	.2096404	.3971319	0
417.15	0	.3931974	.2096917	.3971109	0
416.15	0	.3931673	.2097429	.3970899	0
415.15	0	.3931372	.2097938	.397069	0
414.15	0	.3931073	.2098445	.3970482	0
413.15	0	.3930775	.209895	.3970275	0
412.15	0	.3930479	.2099453	.3970069	0
411.15	0	.3930183	.2099954	.3969863	0
410.15	0	.3929889	.2100452	.3969659	0
409.15	0	.3929596	.2100949	.3969455	0
408.15	0	.3929305	.2101443	.3969252	0
407.15	0	.3929015	.2101935	.396905	0
406.15	0	.3928725	.2102425	.3968849	0
405.15	0	.3928438	.2102913	.3968649	0
