T	 BPW(LIQUID)	BPW(BCC_A2)	BPW(FCC_A1)	BPW(LAVES_PHASE_C14)	BPW(NI3TI)
1473.15	.3521755	.6478245	0	0	0
1472.15	.3490723	.6509277	0	0	0
1471.15	.3459906	.6540094	0	0	0
1470.15	.3429303	.6570697	0	0	0
1469.15	.3398912	.6601089	0	0	0
1468.15	.336873	.663127	0	0	0
1467.15	.3338757	.6661243	0	0	0
1466.15	.330899	.669101	0	0	0
1465.15	.3279429	.6720571	0	0	0
1464.15	.3250071	.674993	0	0	0
1463.15	.3220914	.6779086	0	0	0
1462.15	.3191957	.6808043	0	0	0
1461.15	.3163199	.6836801	0	0	0
1460.15	.3134638	.6865362	0	0	0
1459.15	.3106272	.6893728	0	0	0
1458.15	.3078099	.6921901	0	0	0
1457.15	.3050119	.6949881	0	0	0
1456.15	.3022329	.6977671	0	0	0
1455.15	.2994728	.7005272	0	0	0
1454.15	.2967315	.7032686	0	0	0
1453.15	.2940087	.7059913	0	0	0
1452.15	.2913044	.7086956	0	0	0
1451.15	.2886184	.7113816	0	0	0
1450.15	.2859506	.7140494	0	0	0
1449.15	.2833007	.7166993	0	0	0
1448.15	.2806687	.7193313	0	0	0
1447.15	.2780545	.7219455	0	0	0
1446.15	.2754578	.7245422	0	0	0
1445.15	.2728786	.7271214	0	0	0
1444.15	.2703166	.7296834	0	0	0
1443.15	.2677718	.7322282	0	0	0
1442.15	.2652441	.7347559	0	0	0
1441.15	.2627332	.7372668	0	0	0
1440.15	.2602391	.7397609	0	0	0
1439.15	.2577616	.7422384	0	0	0
1438.15	.2553005	.7446995	0	0	0
1437.15	.2528559	.7471441	0	0	0
1436.15	.2504274	.7495726	0	0	0
1435.15	.2480151	.7519849	0	0	0
1434.15	.2456187	.7543813	0	0	0
1433.15	.2432382	.7567618	0	0	0
1432.15	.2408734	.7591266	0	0	0
1431.15	.2385242	.7614758	0	0	0
1430.15	.2361904	.7638096	0	0	0
1429.15	.233872	.766128	0	0	0
1428.15	.2315689	.7684311	0	0	0
1427.15	.2292808	.7707192	0	0	0
1426.15	.2270077	.7729923	0	0	0
1425.15	.2247495	.7752505	0	0	0
1424.15	.2225061	.7774939	0	0	0
1423.15	.2202773	.7797227	0	0	0
1422.15	.218063	.781937	0	0	0
1421.15	.2158631	.7841369	0	0	0
1420.15	.2136775	.7863225	0	0	0
1419.15	.2115061	.7884939	0	0	0
1418.15	.2093488	.7906512	0	0	0
1417.15	.2072054	.7927946	0	0	0
1416.15	.2050759	.7949241	0	0	0
1415.15	.2029601	.7970399	0	0	0
1414.15	.200858	.799142	0	0	0
1413.15	.1987694	.8012306	0	0	0
1412.15	.1966943	.8033057	0	0	0
1411.15	.1946324	.8053676	0	0	0
1410.15	.1925838	.8074162	0	0	0
1409.15	.1905483	.8094517	0	0	0
1408.15	.1885259	.8114741	0	0	0
1407.15	.1865163	.8134837	0	0	0
1406.15	.1845196	.8154804	0	0	0
1405.15	.1825356	.8174644	0	0	0
1404.15	.1805642	.8194358	0	0	0
1403.15	.1786053	.8213947	0	0	0
1402.15	.1766589	.8233411	0	0	0
1401.15	.1747248	.8252752	0	0	0
1400.15	.1728029	.8271971	0	0	0
1399.15	.1708932	.8291068	0	0	0
1398.15	.1689955	.8310045	0	0	0
1397.15	.1671098	.8328902	0	0	0
1396.15	.165236	.834764	0	0	0
1395.15	.1633739	.8366261	0	0	0
1394.15	.1615236	.8384764	0	0	0
1393.15	.1596849	.8403152	0	0	0
1392.15	.1578576	.8421424	0	0	0
1391.15	.1560418	.8439582	0	0	0
1390.15	.1542374	.8457626	0	0	0
1389.15	.1524442	.8475558	0	0	0
1388.15	.1506621	.8493379	0	0	0
1387.15	.1488912	.8511088	0	0	0
1386.15	.1471313	.8528687	0	0	0
1385.15	.1453823	.8546177	0	0	0
1384.15	.1436441	.8563559	0	0	0
1383.15	.1419167	.8580833	0	0	0
1382.15	.1402	.8598	0	0	0
1381.15	.1384939	.8615061	0	0	0
1380.15	.1367983	.8632017	0	0	0
1379.15	.1351132	.8648868	0	0	0
1378.15	.1334384	.8665616	0	0	0
1377.15	.131774	.868226	0	0	0
1376.15	.1301197	.8698803	0	0	0
1375.15	.1284756	.8715244	0	0	0
1374.15	.1268416	.8731584	0	0	0
1373.15	.1252176	.8747824	0	0	0
1372.15	.1236035	.8763965	0	0	0
1371.15	.1219992	.8780008	0	0	0
1370.15	.1204047	.8795953	0	0	0
1369.15	.11882	.88118	0	0	0
1368.15	.1172448	.8827552	0	0	0
1367.15	.1156793	.8843207	0	0	0
1366.15	.1141232	.8858768	0	0	0
1365.15	.1125766	.8874234	0	0	0
1364.15	.1110394	.8889606	0	0	0
1363.15	.1095114	.8904886	0	0	0
1362.15	.1079927	.8920073	0	0	0
1361.15	.1064831	.8935169	0	0	0
1360.15	.1049827	.8950173	0	0	0
1359.15	.1034913	.8965087	0	0	0
1358.15	.1020089	.8979911	0	0	0
1357.15	.1005353	.8994647	0	0	0
1356.15	.09907066	.9009293	0	0	0
1355.15	.09761477	.9023852	0	0	0
1354.15	.09616761	.9038324	0	0	0
1353.15	.09472911	.9052709	0	0	0
1352.15	.09329921	.9067008	0	0	0
1351.15	.09187786	.9081221	0	0	0
1350.15	.09046499	.909535	0	0	0
1349.15	.08906056	.9109394	0	0	0
1348.15	.08766449	.9123355	0	0	0
1347.15	.08627673	.9137233	0	0	0
1346.404	.08524751	.9147525	0	0	0
1346.404	.08524751	.9147525	0	0	0
1346.404	.08524751	.9147525	0	0	0
1346.15	.0847484	.915005	0	2.466485E-04	0
1345.15	.08279685	.9159901	0	.001213016	0
1344.15	.08086064	.9169645	0	.002174904	0
1343.15	.07893954	.9179281	0	.003132371	0
1342.15	.07703336	.9188812	0	.004085474	0
1341.15	.07514188	.9198239	0	.005034272	0
1340.15	.07326491	.9207563	0	.00597882	0
1339.15	.07140224	.9216786	0	.006919172	0
1338.15	.0695537	.9225909	0	.007855383	0
1337.15	.06771908	.9234934	0	.008787506	0
1336.15	.0658982	.9243862	0	.009715593	0
1335.15	.06409087	.9252694	0	.0106397	0
1334.15	.06229693	.9261432	0	.01155986	0
1333.15	.06051618	.9270077	0	.01247614	0
1332.15	.05874845	.927863	0	.01338859	0
1331.15	.05699358	.9287092	0	.01429725	0
1330.15	.05525138	.9295465	0	.01520216	0
1329.15	.05352171	.9303749	0	.01610338	0
1328.15	.05180438	.9311947	0	.01700095	0
1327.15	.05009925	.9320058	0	.01789492	0
1326.15	.04840615	.9328085	0	.01878532	0
1325.15	.04672493	.9336029	0	.0196722	0
1324.15	.04505543	.934389	0	.02055561	0
1323.15	.04339751	.9351669	0	.02143558	0
1322.15	.04175101	.9359368	0	.02231216	0
1321.15	.04011579	.9366988	0	.02318539	0
1320.15	.0384917	.937453	0	.0240553	0
1319.15	.03687861	.9381994	0	.02492194	0
1318.15	.03527637	.9389383	0	.02578534	0
1317.15	.03368485	.9396696	0	.02664555	0
1316.15	.03210391	.9403935	0	.02750259	0
1315.15	.03053342	.9411101	0	.02835651	0
1314.15	.02897325	.9418194	0	.02920734	0
1313.15	.02742326	.9425216	0	.03005512	0
1312.15	.02588334	.9432168	0	.03089989	0
1311.15	.02435336	.943905	0	.03174166	0
1310.15	.02283319	.9445863	0	.03258049	0
1309.15	.02132271	.9452609	0	.03341641	0
1308.15	.0198218	.9459288	0	.03424944	0
1307.15	.01833035	.94659	0	.03507961	0
1306.15	.01684824	.9472448	0	.03590697	0
1305.15	.01537535	.9478931	0	.03673154	0
1304.15	.01391158	.9485351	0	.03755336	0
1303.15	.0124568	.9491708	0	.03837244	0
1302.15	.01101092	.9498003	0	.03918883	0
1301.15	.009573825	.9504236	0	.04000255	0
1300.15	.008145407	.951041	0	.04081363	0
1299.15	.00672204	.9516554	0	.04162253	0
1298.15	.005310677	.9522609	0	.04242841	0
1297.15	.003907682	.9528606	0	.04323175	0
1296.15	.002512956	.9534545	0	.04403255	0
1295.15	.001126401	.9540427	0	.04483086	0
1294.333	0	.954519	0	.04548099	0
1294.333	0	.954519	0	.04548099	0
1294.15	0	.9544027	0	.04559731	0
1293.15	0	.9537689	0	.04623111	0
1292.15	0	.9531364	0	.04686357	0
1291.15	0	.9525053	0	.04749473	0
1290.15	0	.9518754	0	.04812457	0
1289.15	0	.9512469	0	.0487531	0
1288.15	0	.9506197	0	.04938032	0
1287.15	0	.9499938	0	.05000624	0
1286.15	0	.9493691	0	.05063086	0
1285.15	0	.9487458	0	.05125419	0
1284.15	0	.9481238	0	.05187623	0
1283.15	0	.947503	0	.05249699	0
1282.15	0	.9468835	0	.05311646	0
1281.15	0	.9462654	0	.05373465	0
1280.15	0	.9456484	0	.05435156	0
1279.15	0	.9450328	0	.05496721	0
1278.15	0	.9444184	0	.05558158	0
1277.15	0	.9438053	0	.05619469	0
1276.15	0	.9431935	0	.05680654	0
1275.15	0	.9425829	0	.05741714	0
1274.15	0	.9419735	0	.05802648	0
1273.15	0	.9413654	0	.05863457	0
1272.15	0	.9407586	0	.05924142	0
1271.15	0	.940153	0	.05984702	0
1270.15	0	.9395486	0	.06045138	0
1269.15	0	.9389455	0	.06105451	0
1268.15	0	.9383436	0	.06165641	0
1267.15	0	.9377429	0	.06225707	0
1266.15	0	.9371435	0	.06285652	0
1265.15	0	.9365453	0	.06345474	0
1264.15	0	.9359483	0	.06405174	0
1263.15	0	.9353525	0	.06464753	0
1262.15	0	.9347579	0	.06524211	0
1261.15	0	.9341645	0	.06583548	0
1260.15	0	.9335724	0	.06642765	0
1259.15	0	.9329814	0	.06701862	0
1258.15	0	.9323916	0	.06760838	0
1257.15	0	.931803	0	.06819696	0
1256.15	0	.9312157	0	.06878434	0
1255.15	0	.9306295	0	.06937054	0
1254.15	0	.9300444	0	.06995556	0
1253.15	0	.9294606	0	.07053939	0
1252.15	0	.928878	0	.07112204	0
1251.15	0	.9282965	0	.07170353	0
1250.15	0	.9277162	0	.07228384	0
1249.15	0	.927137	0	.07286298	0
1248.15	0	.926559	0	.07344096	0
1247.15	0	.9259822	0	.07401778	0
1246.15	0	.9254066	0	.07459344	0
1245.15	0	.9248321	0	.07516794	0
1244.15	0	.9242587	0	.0757413	0
1243.15	0	.9236865	0	.07631351	0
1242.15	0	.9231154	0	.07688457	0
1241.15	0	.9225455	0	.07745449	0
1240.15	0	.9219767	0	.07802327	0
1239.15	0	.9214091	0	.07859091	0
1238.15	0	.9208426	0	.07915743	0
1237.15	0	.9202772	0	.07972281	0
1236.15	0	.9197129	0	.08028707	0
1235.15	0	.9191498	0	.0808502	0
1234.15	0	.9185878	0	.08141222	0
1233.15	0	.9180269	0	.08197311	0
1232.15	0	.9174671	0	.08253289	0
1231.15	0	.9169084	0	.08309156	0
1230.15	0	.9163509	0	.08364913	0
1229.15	0	.9157944	0	.08420558	0
1228.15	0	.9152391	0	.08476094	0
1227.15	0	.9146848	0	.0853152	0
1226.15	0	.9141316	0	.08586836	0
1225.15	0	.9135796	0	.08642042	0
1224.15	0	.9130286	0	.0869714	0
1223.15	0	.9124787	0	.08752129	0
1222.15	0	.9119299	0	.08807009	0
1221.15	0	.9113822	0	.08861781	0
1220.15	0	.9108355	0	.08916446	0
1219.15	0	.91029	0	.08971003	0
1218.15	0	.9097455	0	.09025452	0
1217.15	0	.9092021	0	.09079794	0
1216.15	0	.9086597	0	.0913403	0
1215.15	0	.9081184	0	.09188159	0
1214.15	0	.9075782	0	.09242182	0
1213.15	0	.907039	0	.09296099	0
1212.15	0	.9065009	0	.0934991	0
1211.15	0	.9059638	0	.09403617	0
1210.15	0	.9054278	0	.09457218	0
1209.15	0	.9048929	0	.09510714	0
1208.15	0	.9043589	0	.09564105	0
1207.15	0	.9038261	0	.09617393	0
1206.15	0	.9032942	0	.09670576	0
1205.55	0	.9029758	0	.09702421	0
1205.55	0	.9029758	0	.09702421	0
1205.55	0	.9029758	0	.09702421	0
1205.15	0	.9024605	3.189271E-04	.09722057	0
1204.15	0	.9011757	.001114066	.09771026	0
1203.15	0	.8998943	.001906915	.09819875	0
1202.15	0	.8986165	.00269748	.09868602	0
1201.15	0	.8973422	.003485764	.09917209	0
1200.15	0	.8960713	.004271773	.09965695	0
1199.15	0	.8948039	.005055511	.1001406	0
1198.15	0	.8935399	.005836984	.1006231	0
1197.15	0	.8922794	.006616195	.1011044	0
1196.15	0	.8910224	.007393149	.1015845	0
1195.15	0	.8897687	.008167851	.1020634	0
1194.15	0	.8885185	.008940306	.1025412	0
1193.15	0	.8872718	.009710518	.1030177	0
1192.15	0	.8860284	.01047849	.1034931	0
1191.15	0	.8847884	.01124423	.1039674	0
1190.15	0	.8835518	.01200774	.1044404	0
1189.15	0	.8823186	.01276903	.1049123	0
1188.15	0	.8810888	.01352809	.1053831	0
1187.15	0	.8798624	.01428494	.1058527	0
1186.15	0	.8786393	.01503958	.1063212	0
1185.15	0	.8774195	.01579201	.1067885	0
1184.15	0	.8762031	.01654223	.1072546	0
1183.15	0	.8749901	.01729026	.1077197	0
1182.15	0	.8737804	.01803609	.1081836	0
1181.15	0	.872574	.01877973	.1086463	0
1180.15	0	.8713708	.01952119	.109108	0
1179.15	0	.8701711	.02026047	.1095685	0
1178.15	0	.8689746	.02099756	.1100279	0
1177.15	0	.8677814	.02173249	.1104862	0
1176.15	0	.8665914	.02246524	.1109433	0
1175.15	0	.8654048	.02319583	.1113994	0
1174.15	0	.8642214	.02392426	.1118543	0
1173.15	0	.8630413	.02465053	.1123082	0
1172.15	0	.8618644	.02537465	.1127609	0
1171.15	0	.8606908	.02609662	.1132126	0
1170.15	0	.8595204	.02681645	.1136631	0
1169.15	0	.8583533	.02753413	.1141126	0
1168.15	0	.8571894	.02824968	.114561	0
1167.15	0	.8560286	.0289631	.1150083	0
1166.15	0	.8548711	.02967438	.1154545	0
1165.15	0	.8537168	.03038355	.1158996	0
1164.15	0	.8525657	.03109059	.1163437	0
1163.15	0	.8514178	.03179551	.1167867	0
1162.15	0	.8502731	.03249832	.1172286	0
1161.15	0	.8491315	.03319902	.1176695	0
1160.15	0	.8479931	.03389761	.1181093	0
1159.15	0	.8468579	.0345941	.118548	0
1158.15	0	.8457258	.0352885	.1189857	0
1157.15	0	.8445969	.0359808	.1194223	0
1156.15	0	.8434711	.03667101	.1198579	0
1155.15	0	.8423484	.03735913	.1202924	0
1154.15	0	.8412288	.0380452	.120726	0
1153.15	0	.8401124	.03872916	.1211584	0
1152.15	0	.8389991	.03941104	.1215898	0
1151.15	0	.8378889	.04009086	.1220202	0
1150.15	0	.8367818	.0407686	.1224496	0
1149.15	0	.8356778	.04144428	.1228779	0
1148.15	0	.8345769	.0421179	.1233052	0
1147.15	0	.8334791	.04278946	.1237315	0
1146.15	0	.8323843	.04345897	.1241567	0
1145.15	0	.8312926	.04412642	.124581	0
1144.15	0	.830204	.04479183	.1250042	0
1143.15	0	.8291184	.0454552	.1254264	0
1142.15	0	.8280359	.04611653	.1258476	0
1141.15	0	.8269564	.04677582	.1262678	0
1140.15	0	.8258799	.04743308	.126687	0
1139.15	0	.8248065	.04808831	.1271052	0
1138.15	0	.8237361	.04874151	.1275224	0
1137.15	0	.8226688	.0493927	.1279386	0
1136.15	0	.8216044	.05004186	.1283538	0
1135.15	0	.820543	.05068901	.128768	0
1134.15	0	.8194847	.05133414	.1291812	0
1133.15	0	.8184293	.05197727	.1295934	0
1132.15	0	.8173769	.05261839	.1300047	0
1131.15	0	.8163275	.05325751	.130415	0
1130.15	0	.8152811	.05389464	.1308243	0
1129.15	0	.8142376	.05452976	.1312326	0
1128.15	0	.8131971	.0551629	.13164	0
1127.15	0	.8121596	.05579405	.1320464	0
1126.15	0	.811125	.05642321	.1324518	0
1125.15	0	.8100934	.05705039	.1328562	0
1124.15	0	.8090647	.05767559	.1332597	0
1123.15	0	.8080389	.05829882	.1336623	0
1122.15	0	.8070161	.05892007	.1340638	0
1121.15	0	.8059962	.05953935	.1344645	0
1120.15	0	.8049792	.06015667	.1348641	0
1119.15	0	.8039651	.06077203	.1352628	0
1118.15	0	.802954	.06138543	.1356606	0
1117.15	0	.8019457	.06199687	.1360574	0
1116.15	0	.8009403	.06260636	.1364533	0
1115.15	0	.7999379	.0632139	.1368482	0
1114.15	0	.7989383	.06381949	.1372422	0
1113.15	0	.7979416	.06442315	.1376353	0
1112.15	0	.7969477	.06502486	.1380274	0
1111.15	0	.7959568	.06562463	.1384186	0
1110.15	0	.7949687	.06622247	.1388089	0
1109.15	0	.7939834	.06681838	.1391982	0
1108.15	0	.793001	.06741236	.1395866	0
1107.15	0	.7920215	.06800442	.1399741	0
1106.15	0	.7910448	.06859456	.1403607	0
1105.15	0	.7900709	.06918278	.1407463	0
1104.15	0	.7890999	.06976908	.141131	0
1103.15	0	.7881317	.07035347	.1415148	0
1102.15	0	.7871663	.07093596	.1418977	0
1101.15	0	.7862037	.07151654	.1422797	0
1100.15	0	.785244	.07209521	.1426608	0
1099.15	0	.7842871	.07267199	.143041	0
1098.15	0	.7833329	.07324687	.1434202	0
1097.15	0	.7823816	.07381985	.1437986	0
1096.15	0	.781433	.07439095	.144176	0
1095.15	0	.7804872	.07496016	.1445526	0
1094.15	0	.7795443	.07552749	.1449283	0
1093.15	0	.7786041	.07609293	.145303	0
1092.15	0	.7776666	.0766565	.1456769	0
1091.15	0	.776732	.07721819	.1460499	0
1090.15	0	.7758	.07777801	.1464219	0
1089.15	0	.7748709	.07833596	.1467931	0
1088.15	0	.7739445	.07889205	.1471634	0
1087.15	0	.7730209	.07944628	.1475329	0
1086.15	0	.7720999	.07999864	.1479014	0
1085.15	0	.7711818	.08054915	.1482691	0
1084.15	0	.7702664	.0810978	.1486358	0
1083.15	0	.7693537	.08164461	.1490017	0
1082.15	0	.7684437	.08218957	.1493667	0
1081.15	0	.7675364	.08273268	.1497309	0
1080.15	0	.7666319	.08327396	.1500942	0
1079.15	0	.76573	.08381339	.1504566	0
1078.15	0	.7648309	.08435099	.1508181	0
1077.15	0	.7639345	.08488676	.1511788	0
1076.15	0	.7630408	.0854207	.1515386	0
1075.15	0	.7621497	.08595282	.1518975	0
1074.15	0	.7612614	.08648311	.1522555	0
1073.15	0	.7603757	.08701159	.1526127	0
1072.15	0	.7594927	.08753825	.1529691	0
1071.15	0	.7586124	.08806309	.1533245	0
1070.15	0	.7577347	.08858613	.1536792	0
1069.15	0	.7568597	.08910736	.1540329	0
1068.15	0	.7559874	.08962679	.1543858	0
1067.15	0	.7551177	.09014441	.1547379	0
1066.15	0	.7542507	.09066024	.1550891	0
1065.15	0	.7533863	.09117428	.1554394	0
1064.15	0	.7525246	.09168653	.1557889	0
1063.15	0	.7516655	.09219698	.1561376	0
1062.15	0	.750809	.09270566	.1564853	0
1061.15	0	.7499552	.09321255	.1568323	0
1060.15	0	.7491039	.09371767	.1571784	0
1059.15	0	.7482553	.09422101	.1575237	0
1058.15	0	.7474093	.09472258	.1578681	0
1057.15	0	.746566	.09522239	.1582117	0
1056.15	0	.7457252	.09572042	.1585544	0
1055.15	0	.744887	.0962167	.1588963	0
1054.15	0	.7440514	.09671122	.1592373	0
1053.15	0	.7432185	.09720399	.1595776	0
1052.15	0	.7423881	.09769501	.1599169	0
1051.15	0	.7415603	.09818428	.1602555	0
1050.15	0	.740735	.0986718	.1605932	0
1049.15	0	.7399123	.09915759	.1609301	0
1048.15	0	.7390923	.09964164	.1612661	0
1047.15	0	.7382747	.100124	.1616013	0
1046.15	0	.7374598	.1006045	.1619357	0
1045.15	0	.7366474	.1010834	.1622692	0
1044.15	0	.7358375	.1015605	.162602	0
1043.15	0	.7350302	.102036	.1629339	0
1042.15	0	.7342254	.1025097	.1632649	0
1041.15	0	.7334232	.1029816	.1635952	0
1040.15	0	.7326235	.1034519	.1639246	0
1039.15	0	.7318263	.1039205	.1642532	0
1038.15	0	.7310317	.1043874	.1645809	0
1037.15	0	.7302396	.1048526	.1649079	0
1036.15	0	.72945	.1053161	.165234	0
1035.15	0	.7286629	.1057779	.1655593	0
1034.15	0	.7278783	.106238	.1658838	0
1033.15	0	.7270962	.1066964	.1662074	0
1032.15	0	.7263166	.1071532	.1665302	0
1031.15	0	.7255395	.1076083	.1668523	0
1030.15	0	.7247649	.1080617	.1671735	0
1029.15	0	.7239927	.1085134	.1674938	0
1028.15	0	.7232231	.1089635	.1678134	0
1027.15	0	.7224559	.109412	.1681321	0
1026.15	0	.7216912	.1098587	.1684501	0
1025.15	0	.720929	.1103039	.1687672	0
1024.15	0	.7201692	.1107474	.1690834	0
1023.15	0	.7194119	.1111892	.1693989	0
1022.15	0	.718657	.1116294	.1697136	0
1021.15	0	.7179046	.112068	.1700274	0
1020.15	0	.7171546	.112505	.1703404	0
1019.15	0	.716407	.1129403	.1706527	0
1018.15	0	.7156619	.1133741	.1709641	0
1017.15	0	.7149192	.1138062	.1712746	0
1016.15	0	.7141789	.1142367	.1715844	0
1015.15	0	.7134411	.1146656	.1718934	0
1014.15	0	.7127056	.1150929	.1722015	0
1013.15	0	.7119726	.1155186	.1725088	0
1012.15	0	.711242	.1159427	.1728154	0
1011.15	0	.7105137	.1163652	.1731211	0
1010.15	0	.7097879	.1167862	.1734259	0
1009.15	0	.7090644	.1172056	.17373	0
1008.15	0	.7083433	.1176234	.1740333	0
1007.15	0	.7076246	.1180396	.1743357	0
1006.15	0	.7069083	.1184543	.1746374	0
1005.15	0	.7061943	.1188675	.1749382	0
1004.15	0	.7054827	.1192791	.1752382	0
1003.15	0	.7047735	.1196892	.1755374	0
1002.15	0	.7040666	.1200977	.1758358	0
1001.15	0	.703362	.1205047	.1761333	0
1000.15	0	.7026598	.1209101	.1764301	0
999.15	0	.7019599	.1213141	.176726	0
998.15	0	.7012623	.1217165	.1770212	0
997.15	0	.7005671	.1221175	.1773155	0
996.15	0	.6998742	.1225169	.1776089	0
995.15	0	.6991835	.1229148	.1779016	0
994.15	0	.6984952	.1233113	.1781935	0
993.15	0	.6978092	.1237063	.1784845	0
992.15	0	.6971255	.1240998	.1787747	0
991.15	0	.6964441	.1244918	.1790642	0
990.15	0	.6957649	.1248824	.1793527	0
989.15	0	.695088	.1252715	.1796405	0
988.15	0	.6944134	.1256591	.1799275	0
987.15	0	.6937411	.1260453	.1802136	0
986.15	0	.693071	.1264301	.1804989	0
985.15	0	.6924032	.1268135	.1807834	0
984.15	0	.6917376	.1271954	.181067	0
983.15	0	.6910742	.1275759	.1813499	0
982.15	0	.6904131	.1279551	.1816319	0
981.15	0	.6897542	.1283328	.1819131	0
980.15	0	.6890975	.1287091	.1821934	0
979.15	0	.688443	.1290841	.182473	0
978.15	0	.6877907	.1294576	.1827517	0
977.15	0	.6871406	.1298298	.1830296	0
976.15	0	.6864927	.1302007	.1833066	0
975.15	0	.685847	.1305702	.1835828	0
974.15	0	.6852035	.1309383	.1838582	0
973.15	0	.6845621	.1313052	.1841328	0
972.15	0	.6839229	.1316706	.1844065	0
971.15	0	.6832858	.1320348	.1846793	0
970.15	0	.6826509	.1323977	.1849514	0
969.15	0	.6820182	.1327593	.1852226	0
968.15	0	.6813875	.1331195	.185493	0
967.15	0	.680759	.1334785	.1857625	0
966.15	0	.6801326	.1338363	.1860312	0
965.15	0	.6795083	.1341927	.186299	0
964.15	0	.6788861	.134548	.186566	0
963.15	0	.6782659	.1349019	.1868321	0
962.15	0	.6776479	.1352547	.1870974	0
961.15	0	.6770319	.1356062	.1873619	0
960.15	0	.676418	.1359565	.1876255	0
959.15	0	.6758062	.1363056	.1878882	0
958.15	0	.6751964	.1366535	.1881501	0
957.15	0	.6745886	.1370003	.1884111	0
956.15	0	.6739829	.1373458	.1886713	0
955.15	0	.6733792	.1376902	.1889306	0
954.15	0	.6727774	.1380335	.189189	0
953.15	0	.6721777	.1383757	.1894466	0
952.15	0	.67158	.1387167	.1897033	0
951.15	0	.6709843	.1390566	.1899592	0
950.15	0	.6703905	.1393954	.1902141	0
949.15	0	.6697987	.1397331	.1904682	0
948.15	0	.6692088	.1400697	.1907214	0
947.15	0	.6686209	.1404053	.1909738	0
946.15	0	.668035	.1407398	.1912252	0
945.15	0	.6674509	.1410733	.1914758	0
944.15	0	.6668687	.1414058	.1917255	0
943.15	0	.6662885	.1417372	.1919743	0
942.15	0	.6657101	.1420677	.1922222	0
941.15	0	.6651336	.1423972	.1924692	0
940.15	0	.6645589	.1427257	.1927154	0
939.15	0	.6639862	.1430533	.1929606	0
938.15	0	.6634152	.1433799	.1932049	0
937.15	0	.6628461	.1437056	.1934483	0
936.15	0	.6622788	.1440304	.1936908	0
935.15	0	.6617133	.1443543	.1939324	0
934.15	0	.6611496	.1446773	.1941731	0
933.15	0	.6605876	.1449995	.1944129	0
932.15	0	.6600275	.1453208	.1946517	0
931.15	0	.6594691	.1456413	.1948897	0
930.15	0	.6589124	.145961	.1951267	0
929.15	0	.6583574	.1462798	.1953627	0
928.15	0	.6578042	.1465979	.1955979	0
927.15	0	.6572527	.1469153	.1958321	0
926.15	0	.6567028	.1472319	.1960653	0
925.15	0	.6561546	.1475477	.1962976	0
924.15	0	.6556081	.1478629	.196529	0
923.15	0	.6550632	.1481774	.1967594	0
922.15	0	.65452	.1484911	.1969889	0
921.15	0	.6539783	.1488043	.1972174	0
920.15	0	.6534383	.1491168	.1974449	0
919.15	0	.6528998	.1494287	.1976715	0
918.15	0	.6523629	.14974	.1978971	0
917.15	0	.6518275	.1500507	.1981217	0
916.15	0	.6512937	.1503609	.1983454	0
915.15	0	.6507614	.1506706	.198568	0
914.15	0	.6502306	.1509797	.1987897	0
913.15	0	.6497013	.1512884	.1990104	0
912.15	0	.6491734	.1515965	.1992301	0
911.15	0	.648647	.1519043	.1994488	0
910.15	0	.648122	.1522116	.1996664	0
909.15	0	.6475984	.1525185	.1998831	0
908.15	0	.6470762	.1528251	.2000987	0
907.15	0	.6465554	.1531313	.2003134	0
906.15	0	.6460359	.1534371	.2005269	0
905.15	0	.6455178	.1537427	.2007395	0
904.15	0	.645001	.154048	.200951	0
903.15	0	.6444855	.154353	.2011615	0
902.15	0	.6439712	.1546578	.2013709	0
901.15	0	.6434583	.1549624	.2015793	0
900.15	0	.6429465	.1552669	.2017866	0
899.15	0	.642436	.1555712	.2019929	0
898.15	0	.6419266	.1558753	.2021981	0
897.15	0	.6414184	.1561794	.2024022	0
896.15	0	.6409114	.1564834	.2026052	0
895.15	0	.6404055	.1567874	.2028071	0
894.15	0	.6399007	.1570914	.2030079	0
893.15	0	.639397	.1573954	.2032076	0
892.15	0	.6388943	.1576995	.2034062	0
891.15	0	.6383926	.1580036	.2036037	0
890.15	0	.637892	.1583079	.2038001	0
889.15	0	.6373924	.1586123	.2039953	0
888.15	0	.6368937	.158917	.2041894	0
887.15	0	.6363959	.1592218	.2043823	0
886.15	0	.635899	.1595268	.2045741	0
885.15	0	.635403	.1598322	.2047648	0
884.15	0	.6349079	.1601379	.2049542	0
883.15	0	.6344136	.1604439	.2051425	0
882.15	0	.6339201	.1607504	.2053296	0
881.15	0	.6334273	.1610572	.2055155	0
880.15	0	.6329353	.1613645	.2057002	0
879.15	0	.632444	.1616724	.2058837	0
878.15	0	.6319534	.1619807	.2060659	0
877.15	0	.6314634	.1622897	.2062469	0
876.15	0	.6309741	.1625992	.2064267	0
875.15	0	.6304853	.1629095	.2066053	0
874.15	0	.6299971	.1632204	.2067825	0
873.15	0	.6295094	.1635321	.2069586	0
872.15	0	.6290222	.1638446	.2071333	0
871.15	0	.6285354	.1641579	.2073067	0
870.15	0	.6280491	.164472	.2074789	0
869.15	0	.6275632	.1647871	.2076497	0
868.15	0	.6270776	.1651032	.2078192	0
867.15	0	.6265923	.1654203	.2079874	0
866.15	0	.6261073	.1657385	.2081542	0
865.15	0	.6256225	.1660578	.2083197	0
864.15	0	.625138	.1663782	.2084838	0
863.15	0	.6246536	.1666999	.2086466	0
862.15	0	.6241693	.1670228	.2088079	0
861.15	0	.6236851	.1673471	.2089678	0
860.15	0	.6232009	.1676727	.2091263	0
859.15	0	.6227168	.1679998	.2092834	0
858.15	0	.6222326	.1683284	.209439	0
857.15	0	.6217483	.1686585	.2095932	0
856.15	0	.6212638	.1689903	.2097459	0
855.15	0	.6207792	.1693237	.2098971	0
854.15	0	.6202944	.1696589	.2100468	0
853.15	0	.6198092	.1699958	.2101949	0
852.15	0	.6193238	.1703346	.2103416	0
851.15	0	.6188379	.1706754	.2104866	0
850.15	0	.6183517	.1710182	.2106301	0
849.15	0	.6178649	.171363	.2107721	0
848.15	0	.6173776	.17171	.2109124	0
847.15	0	.6168898	.1720592	.211051	0
846.15	0	.6164012	.1724107	.2111881	0
845.15	0	.615912	.1727646	.2113234	0
844.15	0	.6154219	.173121	.2114571	0
843.15	0	.6149311	.1734799	.2115891	0
842.15	0	.6144394	.1738414	.2117193	0
841.15	0	.6139466	.1742056	.2118478	0
840.15	0	.6134529	.1745726	.2119745	0
839.15	0	.6129581	.1749426	.2120994	0
838.15	0	.6124621	.1753155	.2122225	0
837.15	0	.6119648	.1756915	.2123437	0
836.15	0	.6114662	.1760707	.212463	0
835.15	0	.6109663	.1764532	.2125805	0
834.15	0	.6104649	.1768392	.212696	0
833.15	0	.6099619	.1772286	.2128096	0
832.15	0	.6094572	.1776217	.2129211	0
831.15	0	.6089508	.1780185	.2130307	0
830.15	0	.6084426	.1784192	.2131382	0
829.15	0	.6079325	.1788239	.2132436	0
828.15	0	.6074204	.1792328	.2133469	0
827.15	0	.6069061	.1796459	.213448	0
826.15	0	.6063896	.1800635	.2135469	0
825.15	0	.6058708	.1804857	.2136436	0
824.15	0	.6053495	.1809125	.213738	0
823.15	0	.6048256	.1813443	.2138301	0
822.15	0	.6042991	.1817811	.2139198	0
821.15	0	.6037697	.1822232	.2140071	0
820.15	0	.6032373	.1826707	.214092	0
819.15	0	.6027019	.1831238	.2141743	0
818.15	0	.6021632	.1835827	.2142541	0
817.15	0	.6016211	.1840477	.2143313	0
816.15	0	.6010755	.1845188	.2144057	0
815.15	0	.6005261	.1849965	.2144775	0
814.15	0	.5999727	.1854809	.2145464	0
813.15	0	.5994153	.1859722	.2146125	0
812.15	0	.5988536	.1864708	.2146756	0
811.15	0	.5982874	.1869769	.2147357	0
810.15	0	.5977165	.1874908	.2147927	0
809.15	0	.5971406	.1880129	.2148465	0
808.15	0	.5965595	.1885434	.214897	0
807.15	0	.595973	.1890828	.2149442	0
806.15	0	.5953807	.1896314	.2149879	0
805.15	0	.5947824	.1901895	.2150281	0
804.15	0	.5941777	.1907578	.2150645	0
803.15	0	.5935664	.1913364	.2150972	0
802.15	0	.592948	.1919261	.2151259	0
801.15	0	.5923222	.1925273	.2151505	0
800.15	0	.5916886	.1931405	.215171	0
799.15	0	.5910467	.1937663	.215187	0
798.15	0	.590398	.1944039	.2151981	0
797.15	0	.5897379	.1950572	.2152049	0
796.15	0	.5890681	.1957252	.2152067	0
795.15	0	.5883878	.1964088	.2152034	0
794.15	0	.5876964	.1971088	.2151947	0
793.15	0	.5869933	.1978263	.2151804	0
792.15	0	.5862775	.1985623	.2151602	0
791.15	0	.5855483	.199318	.2151337	0
790.15	0	.5848047	.2000947	.2151006	0
789.15	0	.5840455	.2008939	.2150606	0
788.15	0	.5832697	.201717	.2150132	0
787.15	0	.5824759	.202566	.2149581	0
786.15	0	.5816626	.2034429	.2148945	0
785.15	0	.5808281	.2043498	.2148221	0
784.15	0	.5799705	.2052895	.21474	0
783.15	0	.5790876	.2062648	.2146476	0
782.15	0	.578177	.2072791	.2145439	0
781.15	0	.5772355	.2083364	.214428	0
780.15	0	.5762178	.2094958	.2142864	0
779.15	0	.5742101	.2119412	.2138487	0
778.15	0	.5723847	.2141585	.2134569	0
777.15	0	.5707098	.2161877	.2131025	0
776.15	0	.5691617	.218059	.2127794	0
775.15	0	.5677222	.2197951	.2124828	0
774.15	0	.5663771	.2214141	.2122089	0
773.15	0	.5651147	.2229306	.2119547	0
772.15	0	.5639257	.2243564	.2117179	0
771.15	0	.5628022	.2257015	.2114963	0
770.15	0	.5617377	.2269739	.2112884	0
769.15	0	.5607264	.2281808	.2110927	0
768.15	0	.5597637	.2293283	.210908	0
767.15	0	.5588454	.2304213	.2107333	0
766.15	0	.5579677	.2314647	.2105676	0
765.15	0	.5571276	.2324622	.2104102	0
764.15	0	.5563222	.2334175	.2102604	0
763.15	0	.5555489	.2343336	.2101175	0
762.15	0	.5548056	.2352133	.2099811	0
761.15	0	.5540903	.2360592	.2098505	0
760.15	0	.5534011	.2368734	.2097255	0
759.15	0	.5527363	.2376581	.2096056	0
758.15	0	.5520945	.238415	.2094904	0
757.15	0	.5514744	.2391459	.2093797	0
756.15	0	.5508747	.2398522	.2092731	0
755.15	0	.5502942	.2405354	.2091704	0
754.15	0	.5497319	.2411968	.2090713	0
753.15	0	.5491868	.2418376	.2089756	0
752.15	0	.5486581	.2424588	.2088831	0
751.15	0	.5481449	.2430614	.2087937	0
750.15	0	.5476465	.2436465	.2087071	0
749.15	0	.547162	.2442148	.2086231	0
748.15	0	.546691	.2447673	.2085417	0
747.15	0	.5462327	.2453046	.2084627	0
746.15	0	.5457866	.2458274	.208386	0
745.15	0	.5453522	.2463365	.2083114	0
744.15	0	.5449288	.2468324	.2082388	0
743.15	0	.5445161	.2473157	.2081682	0
742.15	0	.5441136	.247787	.2080994	0
741.15	0	.5437209	.2482468	.2080323	0
740.15	0	.5433376	.2486955	.2079669	0
739.15	0	.5429632	.2491337	.2079031	0
738.15	0	.5425976	.2495617	.2078408	0
737.15	0	.5422402	.2499799	.2077799	0
736.15	0	.5418908	.2503888	.2077203	0
735.15	0	.5415492	.2507887	.2076621	0
734.15	0	.5412149	.25118	.2076051	0
733.15	0	.5408878	.2515629	.2075493	0
732.15	0	.5405676	.2519378	.2074946	0
731.15	0	.540254	.252305	.207441	0
730.15	0	.5399468	.2526648	.2073884	0
729.15	0	.5396458	.2530173	.2073369	0
728.15	0	.5393508	.253363	.2072862	0
727.15	0	.5390616	.253702	.2072365	0
726.15	0	.5387779	.2540345	.2071876	0
725.15	0	.5384996	.2543608	.2071396	0
724.15	0	.5382266	.2546811	.2070923	0
723.15	0	.5379586	.2549956	.2070458	0
722.15	0	.5376955	.2553045	.2070001	0
721.15	0	.5374371	.2556079	.206955	0
720.15	0	.5371833	.255906	.2069106	0
719.15	0	.536934	.2561991	.2068669	0
718.15	0	.536689	.2564872	.2068238	0
717.15	0	.5364482	.2567706	.2067812	0
716.15	0	.5362114	.2570493	.2067392	0
715.15	0	.5359786	.2573236	.2066978	0
714.15	0	.5357496	.2575935	.2066569	0
713.15	0	.5355244	.2578591	.2066165	0
712.15	0	.5353027	.2581207	.2065766	0
711.15	0	.5350845	.2583784	.2065371	0
710.15	0	.5348698	.2586321	.2064981	0
709.15	0	.5346583	.2588821	.2064595	0
708.15	0	.5344501	.2591285	.2064214	0
707.15	0	.5342451	.2593714	.2063836	0
706.15	0	.534043	.2596108	.2063462	0
705.15	0	.533844	.2598469	.2063091	0
704.15	0	.5336478	.2600797	.2062724	0
703.15	0	.5334545	.2603095	.2062361	0
702.15	0	.5332638	.2605361	.2062001	0
701.15	0	.5330759	.2607598	.2061643	0
700.15	0	.5328906	.2609805	.2061289	0
699.15	0	.5327078	.2611985	.2060938	0
698.15	0	.5325274	.2614136	.2060589	0
697.15	0	.5323495	.2616262	.2060243	0
696.15	0	.5321739	.2618361	.20599	0
695.15	0	.5320006	.2620435	.2059559	0
694.15	0	.5318296	.2622484	.205922	0
693.15	0	.5316607	.2624509	.2058884	0
692.15	0	.531494	.262651	.205855	0
691.15	0	.5313294	.2628489	.2058218	0
690.15	0	.5311667	.2630445	.2057888	0
689.15	0	.5310061	.2632379	.205756	0
688.15	0	.5308474	.2634293	.2057233	0
687.15	0	.5306906	.2636185	.2056909	0
686.15	0	.5305356	.2638058	.2056586	0
685.15	0	.5303825	.2639911	.2056265	0
684.15	0	.5302311	.2641744	.2055945	0
683.15	0	.5300814	.2643559	.2055627	0
682.15	0	.5299334	.2645355	.205531	0
681.15	0	.5297871	.2647134	.2054995	0
680.15	0	.5296424	.2648895	.2054681	0
679.15	0	.5294993	.2650639	.2054368	0
678.15	0	.5293577	.2652366	.2054057	0
677.15	0	.5292176	.2654077	.2053746	0
676.15	0	.529079	.2655772	.2053437	0
675.15	0	.5289419	.2657452	.2053129	0
674.15	0	.5288062	.2659116	.2052822	0
673.15	0	.5286719	.2660766	.2052516	0
672.15	0	.5285389	.26624	.2052211	0
671.15	0	.5284072	.2664021	.2051907	0
670.15	0	.5282769	.2665628	.2051603	0
669.15	0	.5281479	.2667221	.20513	0
668.15	0	.5280201	.2668801	.2050999	0
667.15	0	.5278935	.2670367	.2050698	0
666.15	0	.5277681	.2671921	.2050397	0
665.15	0	.527644	.2673463	.2050097	0
664.15	0	.5275209	.2674992	.2049798	0
663.15	0	.5273991	.2676509	.20495	0
662.15	0	.5272783	.2678015	.2049202	0
661.15	0	.5271586	.2679509	.2048905	0
660.15	0	.52704	.2680992	.2048608	0
659.15	0	.5269225	.2682464	.2048312	0
658.15	0	.5268059	.2683925	.2048016	0
657.15	0	.5266904	.2685375	.2047721	0
656.15	0	.5265759	.2686815	.2047426	0
655.15	0	.5264624	.2688245	.2047131	0
654.15	0	.5263498	.2689665	.2046837	0
653.15	0	.5262382	.2691075	.2046543	0
652.15	0	.5261275	.2692475	.204625	0
651.15	0	.5260177	.2693866	.2045957	0
650.15	0	.5259088	.2695248	.2045664	0
649.15	0	.5258007	.2696621	.2045372	0
648.15	0	.5256936	.2697985	.2045079	0
647.15	0	.5255872	.269934	.2044787	0
646.15	0	.5254818	.2700687	.2044495	0
645.15	0	.5253771	.2702025	.2044204	0
644.15	0	.5252732	.2703355	.2043912	0
643.15	0	.5251701	.2704677	.2043621	0
642.15	0	.5250678	.2705991	.204333	0
641.15	0	.5249663	.2707298	.2043039	0
640.15	0	.5248655	.2708596	.2042749	0
639.15	0	.5247655	.2709887	.2042458	0
638.15	0	.5246662	.2711171	.2042168	0
637.15	0	.5245676	.2712447	.2041877	0
636.15	0	.5244697	.2713716	.2041587	0
635.15	0	.5243725	.2714979	.2041297	0
634.15	0	.524276	.2716234	.2041006	0
633.15	0	.5241801	.2717482	.2040716	0
632.15	0	.524085	.2718724	.2040426	0
631.15	0	.5239904	.2719959	.2040136	0
630.15	0	.5238965	.2721188	.2039846	0
629.15	0	.5238033	.2722411	.2039557	0
628.15	0	.5237106	.2723627	.2039267	0
627.15	0	.5236186	.2724837	.2038977	0
626.15	0	.5235272	.2726041	.2038687	0
625.15	0	.5234364	.2727239	.2038397	0
624.15	0	.5233462	.2728431	.2038107	0
623.15	0	.5232565	.2729618	.2037817	0
622.15	0	.5231674	.2730799	.2037527	0
621.15	0	.5230789	.2731974	.2037237	0
620.15	0	.5229909	.2733143	.2036947	0
619.15	0	.5229035	.2734308	.2036657	0
618.15	0	.5228166	.2735467	.2036367	0
617.15	0	.5227303	.273662	.2036077	0
616.15	0	.5226445	.2737769	.2035787	0
615.15	0	.5225592	.2738912	.2035497	0
614.15	0	.5224743	.274005	.2035206	0
613.15	0	.5223901	.2741184	.2034916	0
612.15	0	.5223063	.2742312	.2034626	0
611.15	0	.5222229	.2743435	.2034335	0
610.15	0	.5221401	.2744554	.2034045	0
609.15	0	.5220578	.2745668	.2033754	0
608.15	0	.5219759	.2746778	.2033463	0
607.15	0	.5218945	.2747883	.2033173	0
606.15	0	.5218135	.2748983	.2032882	0
605.15	0	.521733	.2750079	.2032591	0
604.15	0	.521653	.275117	.20323	0
603.15	0	.5215734	.2752258	.2032009	0
602.15	0	.5214942	.2753341	.2031718	0
601.15	0	.5214154	.2754419	.2031426	0
600.15	0	.5213371	.2755494	.2031135	0
599.15	0	.5212592	.2756564	.2030844	0
598.15	0	.5211818	.275763	.2030552	0
597.15	0	.5211047	.2758693	.203026	0
596.15	0	.521028	.2759751	.2029969	0
595.15	0	.5209518	.2760805	.2029677	0
594.15	0	.5208759	.2761855	.2029385	0
593.15	0	.5208005	.2762902	.2029093	0
592.15	0	.5207254	.2763945	.2028801	0
591.15	0	.5206507	.2764984	.2028509	0
590.15	0	.5205764	.2766019	.2028217	0
589.15	0	.5205025	.276705	.2027925	0
588.15	0	.5204289	.2768078	.2027633	0
587.15	0	.5203557	.2769103	.202734	0
586.15	0	.5202829	.2770123	.2027048	0
585.15	0	.5202104	.2771141	.2026755	0
584.15	0	.5201383	.2772154	.2026463	0
583.15	0	.5200666	.2773165	.202617	0
582.15	0	.5199952	.2774171	.2025877	0
581.15	0	.5199241	.2775175	.2025584	0
580.15	0	.5198534	.2776175	.2025291	0
579.15	0	.519783	.2777172	.2024998	0
578.15	0	.519713	.2778165	.2024705	0
577.15	0	.5196433	.2779155	.2024412	0
576.15	0	.5195739	.2780142	.2024119	0
575.15	0	.5195048	.2781126	.2023826	0
574.15	0	.5194361	.2782107	.2023533	0
573.15	0	.5193677	.2783084	.2023239	0
572.15	0	.5192996	.2784058	.2022946	0
571.15	0	.5192318	.2785029	.2022653	0
570.15	0	.5191643	.2785997	.2022359	0
569.15	0	.5190972	.2786962	.2022066	0
568.15	0	.5190303	.2787924	.2021772	0
567.15	0	.5189638	.2788883	.2021479	0
566.15	0	.5188976	.2789839	.2021185	0
565.15	0	.5188316	.2790792	.2020891	0
564.15	0	.518766	.2791743	.2020598	0
563.15	0	.5187006	.279269	.2020304	0
562.15	0	.5186356	.2793634	.2020011	0
561.15	0	.5185708	.2794575	.2019717	0
560.15	0	.5185063	.2795514	.2019423	0
559.15	0	.5184421	.279645	.201913	0
558.15	0	.5183782	.2797382	.2018836	0
557.15	0	.5183145	.2798312	.2018542	0
556.15	0	.5182512	.279924	.2018249	0
555.15	0	.5181881	.2800164	.2017955	0
554.15	0	.5181253	.2801086	.2017662	0
553.15	0	.5180627	.2802005	.2017368	0
552.15	0	.5180004	.2802921	.2017074	0
551.15	0	.5179384	.2803835	.2016781	0
550.15	0	.5178767	.2804746	.2016487	0
549.15	0	.5178152	.2805654	.2016194	0
548.15	0	.517754	.280656	.2015901	0
547.15	0	.517693	.2807462	.2015607	0
546.15	0	.5176325	.2808363	.2015313	0
545.15	0	.517572	.280926	.2015019	0
544.15	0	.5175118	.2810155	.2014726	0
543.15	0	.5174519	.2811048	.2014433	0
542.15	0	.5173922	.2811938	.201414	0
541.15	0	.5173328	.2812825	.2013847	0
540.15	0	.5172736	.281371	.2013554	0
539.15	0	.5172147	.2814592	.2013261	0
538.15	0	.517156	.2815471	.2012969	0
537.15	0	.5170976	.2816348	.2012676	0
536.15	0	.5170394	.2817223	.2012384	0
535.15	0	.5169814	.2818095	.2012091	0
534.15	0	.5169237	.2818965	.2011799	0
533.15	0	.5168662	.2819832	.2011506	0
532.15	0	.5168089	.2820696	.2011215	0
531.15	0	.5167519	.2821558	.2010923	0
530.15	0	.5166951	.2822418	.2010631	0
529.15	0	.5166386	.2823275	.2010339	0
528.15	0	.5165823	.2824129	.2010048	0
527.15	0	.5165262	.2824982	.2009756	0
526.15	0	.5164704	.2825832	.2009465	0
525.15	0	.5164147	.2826679	.2009174	0
524.15	0	.5163593	.2827524	.2008883	0
523.15	0	.5163042	.2828366	.2008592	0
522.15	0	.5162492	.2829206	.2008302	0
521.15	0	.5161945	.2830044	.2008011	0
520.15	0	.51614	.2830879	.2007721	0
519.15	0	.5160857	.2831712	.2007431	0
518.15	0	.5160316	.2832542	.2007141	0
517.15	0	.5159778	.2833371	.2006851	0
516.15	0	.5159242	.2834196	.2006562	0
515.15	0	.5158708	.283502	.2006273	0
514.15	0	.5158176	.283584	.2005984	0
513.15	0	.5157646	.2836659	.2005695	0
512.15	0	.5157119	.2837475	.2005406	0
511.15	0	.5156593	.2838289	.2005118	0
510.15	0	.515607	.28391	.200483	0
509.15	0	.5155549	.2839909	.2004542	0
508.15	0	.5155029	.2840716	.2004255	0
507.15	0	.5154512	.284152	.2003967	0
506.15	0	.5153998	.2842322	.200368	0
505.15	0	.5153485	.2843122	.2003393	0
504.15	0	.5152974	.2843919	.2003107	0
503.15	0	.5152465	.2844714	.2002821	0
502.15	0	.5151959	.2845507	.2002535	0
501.15	0	.5151454	.2846297	.2002249	0
500.15	0	.5150951	.2847085	.2001964	0
499.15	0	.5150451	.284787	.2001679	0
498.15	0	.5149953	.2848654	.2001394	0
497.15	0	.5149456	.2849435	.2001109	0
496.15	0	.5148962	.2850213	.2000825	0
495.15	0	.5148469	.2850989	.2000541	0
494.15	0	.5147979	.2851763	.2000258	0
493.15	0	.5147491	.2852535	.1999975	0
492.15	0	.5147004	.2853304	.1999692	0
491.15	0	.514652	.2854071	.1999409	0
490.15	0	.5146038	.2854835	.1999127	0
489.15	0	.5145557	.2855597	.1998846	0
488.15	0	.5145079	.2856357	.1998564	0
487.15	0	.5144602	.2857115	.1998283	0
486.15	0	.5144127	.285787	.1998003	0
485.15	0	.5143655	.2858623	.1997722	0
484.15	0	.5143184	.2859373	.1997442	0
483.15	0	.5142716	.2860122	.1997163	0
482.15	0	.5142249	.2860867	.1996884	0
481.15	0	.5141784	.2861611	.1996605	0
480.15	0	.5141321	.2862352	.1996327	0
479.15	0	.514086	.2863091	.1996049	0
478.15	0	.5140401	.2863827	.1995772	0
477.15	0	.5139944	.2864561	.1995495	0
476.15	0	.5139489	.2865293	.1995218	0
475.15	0	.5139035	.2866023	.1994942	0
474.15	0	.5138584	.286675	.1994666	0
473.15	0	.5138134	.2867475	.1994391	0
472.15	0	.5137687	.2868197	.1994116	0
471.15	0	.5137241	.2868917	.1993842	0
470.15	0	.5136797	.2869635	.1993568	0
469.15	0	.5136355	.287035	.1993295	0
468.15	0	.5135915	.2871063	.1993022	0
467.15	0	.5135477	.2871774	.199275	0
466.15	0	.513504	.2872482	.1992478	0
465.15	0	.5134606	.2873188	.1992206	0
464.15	0	.5134173	.2873892	.1991935	0
463.15	0	.5133742	.2874593	.1991665	0
462.15	0	.5133313	.2875292	.1991395	0
461.15	0	.5132886	.2875988	.1991126	0
460.15	0	.5132461	.2876682	.1990857	0
459.15	0	.5132037	.2877374	.1990589	0
458.15	0	.5131616	.2878063	.1990321	0
457.15	0	.5131196	.287875	.1990054	0
456.15	0	.5130778	.2879435	.1989787	0
455.15	0	.5130362	.2880117	.1989521	0
454.15	0	.5129948	.2880797	.1989256	0
453.15	0	.5129535	.2881474	.1988991	0
452.15	0	.5129125	.2882149	.1988726	0
451.15	0	.5128716	.2882822	.1988462	0
450.15	0	.5128309	.2883492	.1988199	0
449.15	0	.5127904	.2884159	.1987937	0
448.15	0	.5127501	.2884824	.1987675	0
447.15	0	.51271	.2885486	.1987414	0
446.15	0	.5126701	.2886146	.1987153	0
445.15	0	.5126304	.2886803	.1986893	0
444.15	0	.5125908	.2887458	.1986634	0
443.15	0	.5125515	.2888109	.1986376	0
442.15	0	.5125124	.2888758	.1986118	0
441.15	0	.5124734	.2889404	.1985861	0
440.15	0	.5124347	.2890048	.1985605	0
439.15	0	.5123962	.2890688	.198535	0
438.15	0	.5123579	.2891326	.1985095	0
437.15	0	.5123198	.289196	.1984841	0
436.15	0	.5122819	.2892592	.1984589	0
435.15	0	.5122443	.2893221	.1984337	0
434.15	0	.5122068	.2893846	.1984085	0
433.15	0	.5121696	.2894469	.1983835	0
432.15	0	.5121326	.2895088	.1983586	0
431.15	0	.5120958	.2895704	.1983338	0
430.15	0	.5120593	.2896317	.198309	0
429.15	0	.5120229	.2896927	.1982843	0
428.15	0	.5119868	.2897534	.1982598	0
427.15	0	.5119509	.2898137	.1982353	0
426.15	0	.5119153	.2898738	.198211	0
425.15	0	.5118798	.2899335	.1981867	0
424.15	0	.5118446	.2899928	.1981625	0
423.15	0	.5118096	.2900519	.1981385	0
422.15	0	.5117749	.2901106	.1981145	0
421.15	0	.5117404	.290169	.1980907	0
420.15	0	.5117061	.290227	.1980669	0
419.15	0	.511672	.2902847	.1980433	0
418.15	0	.5116382	.2903421	.1980197	0
417.15	0	.5116046	.2903992	.1979963	0
416.15	0	.5115712	.2904559	.1979729	0
415.15	0	.511538	.2905123	.1979497	0
414.15	0	.5115051	.2905683	.1979266	0
413.15	0	.5114724	.290624	.1979036	0
412.15	0	.5114399	.2906794	.1978807	0
411.15	0	.5114077	.2907344	.1978579	0
410.15	0	.5113757	.2907891	.1978352	0
409.15	0	.5113439	.2908435	.1978126	0
408.15	0	.5113123	.2908975	.1977902	0
407.15	0	.511281	.2909512	.1977678	0
406.15	0	.5112499	.2910045	.1977456	0
