T	 BPW(LIQUID)	BPW(BCC_A2)	BPW(FCC_A1)	BPW(LAVES_PHASE_C14)	BPW(NI3TI)
1473.15	.4287673	.5605411	0	.01069163	0
1472.15	.4214611	.5653885	0	.01315036	0
1471.15	.4142917	.57014	0	.01556833	0
1470.15	.4072552	.5747981	0	.01794669	0
1469.15	.4003483	.5793652	0	.02028653	0
1468.15	.3935673	.5838438	0	.02258892	0
1467.15	.3869089	.5882363	0	.02485488	0
1466.15	.3803699	.5925447	0	.0270854	0
1465.15	.3739471	.5967714	0	.02928144	0
1464.15	.3676376	.6009185	0	.03144391	0
1463.15	.3614384	.6049879	0	.03357371	0
1462.15	.3553468	.6089815	0	.0356717	0
1461.15	.3493599	.6129014	0	.03773871	0
1460.15	.3434751	.6167493	0	.03977553	0
1459.15	.33769	.6205271	0	.04178296	0
1458.15	.3320019	.6242364	0	.04376174	0
1457.15	.3264085	.6278789	0	.04571259	0
1456.15	.3209076	.6314562	0	.04763623	0
1455.15	.3154967	.6349699	0	.04953333	0
1454.15	.3101739	.6384216	0	.05140455	0
1453.15	.3049369	.6418126	0	.05325054	0
1452.15	.2997837	.6451444	0	.0550719	0
1451.15	.2947123	.6484184	0	.05686924	0
1450.15	.2897209	.651636	0	.05864313	0
1449.15	.2848075	.6547983	0	.06039415	0
1448.15	.2799704	.6579068	0	.06212283	0
1447.15	.2752077	.6609626	0	.06382971	0
1446.15	.2705178	.6639669	0	.0655153	0
1445.15	.265899	.6669209	0	.06718009	0
1444.15	.2613498	.6698257	0	.06882457	0
1443.15	.2568685	.6726823	0	.0704492	0
1442.15	.2524536	.6754919	0	.07205444	0
1441.15	.2481038	.6782555	0	.07364073	0
1440.15	.2438174	.6809741	0	.07520851	0
1439.15	.2395933	.6836485	0	.07675818	0
1438.15	.2354299	.6862799	0	.07829014	0
1437.15	.2313261	.6888691	0	.0798048	0
1436.15	.2272804	.691417	0	.08130253	0
1435.15	.2232918	.6939245	0	.0827837	0
1434.15	.2193589	.6963925	0	.08424868	0
1433.15	.2154806	.6988216	0	.08569781	0
1432.15	.2116557	.7012129	0	.08713144	0
1431.15	.2078832	.7035669	0	.08854989	0
1430.15	.2041619	.7058846	0	.08995348	0
1429.15	.2004909	.7081666	0	.09134254	0
1428.15	.196869	.7104137	0	.09271736	0
1427.15	.1932953	.7126265	0	.09407824	0
1426.15	.1897687	.7148058	0	.09542547	0
1425.15	.1862885	.7169522	0	.09675933	0
1424.15	.1828536	.7190664	0	.0980801	0
1423.15	.179463	.7211489	0	.09938804	0
1422.15	.1761161	.7232005	0	.1006834	0
1421.15	.1728118	.7252217	0	.1019665	0
1420.15	.1695494	.7272132	0	.1032374	0
1419.15	.166328	.7291754	0	.1044966	0
1418.15	.1631469	.731109	0	.1057441	0
1417.15	.1600053	.7330144	0	.1069803	0
1416.15	.1569024	.7348923	0	.1082053	0
1415.15	.1538375	.7367431	0	.1094194	0
1414.15	.1508098	.7385674	0	.1106228	0
1413.15	.1478187	.7403656	0	.1118157	0
1412.15	.1448635	.7421383	0	.1129982	0
1411.15	.1419435	.7438859	0	.1141706	0
1410.15	.1390581	.7456088	0	.1153331	0
1409.15	.1362066	.7473075	0	.1164859	0
1408.15	.1333884	.7489825	0	.117629	0
1407.15	.130603	.7506342	0	.1187628	0
1406.15	.1278496	.752263	0	.1198874	0
1405.15	.1251277	.7538693	0	.121003	0
1404.15	.1224368	.7554535	0	.1221097	0
1403.15	.1197764	.757016	0	.1232076	0
1402.15	.1171458	.7585572	0	.124297	0
1401.15	.1145445	.7600775	0	.125378	0
1400.15	.111972	.7615772	0	.1264507	0
1399.15	.1094279	.7630568	0	.1275153	0
1398.15	.1069116	.7645164	0	.128572	0
1397.15	.1044227	.7659565	0	.1296208	0
1396.15	.1019606	.7673775	0	.130662	0
1395.15	.09952488	.7687796	0	.1316955	0
1394.15	.09711516	.7701631	0	.1327217	0
1393.15	.09473096	.7715285	0	.1337406	0
1392.15	.09237184	.7728759	0	.1347522	0
1391.15	.09003738	.7742058	0	.1357569	0
1390.15	.08772718	.7755183	0	.1367546	0
1389.15	.08544082	.7768138	0	.1377454	0
1388.15	.0831779	.7780925	0	.1387296	0
1387.15	.08093805	.7793548	0	.1397072	0
1386.15	.07872087	.7806009	0	.1406783	0
1385.15	.07652601	.781831	0	.141643	0
1384.15	.07435309	.7830455	0	.1426014	0
1383.15	.07220176	.7842445	0	.1435537	0
1382.15	.07007166	.7854284	0	.1444999	0
1381.15	.06796247	.7865974	0	.1454402	0
1380.15	.06587383	.7877517	0	.1463745	0
1379.15	.06380543	.7888915	0	.1473031	0
1378.15	.06175695	.7900171	0	.148226	0
1377.15	.05972806	.7911287	0	.1491433	0
1376.15	.05771846	.7922265	0	.150055	0
1375.15	.05572784	.7933108	0	.1509614	0
1374.15	.05375592	.7943817	0	.1518624	0
1373.15	.05180239	.7954395	0	.1527581	0
1372.15	.04986698	.7964843	0	.1536487	0
1371.15	.0479494	.7975165	0	.1545342	0
1370.15	.04604939	.798536	0	.1554146	0
1369.15	.04416666	.7995433	0	.1562901	0
1368.15	.04230097	.8005383	0	.1571607	0
1367.15	.04045204	.8015214	0	.1580265	0
1366.15	.03861963	.8024927	0	.1588876	0
1365.15	.03680349	.8034524	0	.1597441	0
1364.15	.03500337	.8044007	0	.1605959	0
1363.15	.03321904	.8053377	0	.1614433	0
1362.15	.03145025	.8062636	0	.1622861	0
1361.15	.02969679	.8071786	0	.1631246	0
1360.15	.02795842	.8080828	0	.1639588	0
1359.15	.02623492	.8089764	0	.1647887	0
1358.15	.02452608	.8098596	0	.1656144	0
1357.15	.02283168	.8107324	0	.1664359	0
1356.15	.0211515	.8115951	0	.1672534	0
1355.15	.01948535	.8124478	0	.1680668	0
1354.15	.01783303	.8132907	0	.1688763	0
1353.15	.01619432	.8141238	0	.1696819	0
1352.15	.01456905	.8149474	0	.1704836	0
1351.15	.012957	.8157615	0	.1712815	0
1350.15	.01135801	.8165664	0	.1720756	0
1349.15	.009771884	.8173621	0	.1728661	0
1348.15	.008198437	.8181487	0	.1736529	0
1347.15	.006637494	.8189265	0	.1744361	0
1346.15	.005088879	.8196954	0	.1752157	0
1345.15	.00355242	.8204558	0	.1759918	0
1344.15	.002027948	.8212076	0	.1767645	0
1343.15	5.152968E-04	.8219509	0	.1775338	0
1342.808	0	.8222036	0	.1777964	0
1342.808	0	.8222036	0	.1777964	0
1342.15	0	.8218327	0	.1781673	0
1341.15	0	.8212696	0	.1787304	0
1340.15	0	.8207078	0	.1792922	0
1339.15	0	.8201473	0	.1798527	0
1338.15	0	.819588	0	.180412	0
1337.15	0	.8190299	0	.1809701	0
1336.15	0	.8184731	0	.1815269	0
1335.15	0	.8179175	0	.1820825	0
1334.15	0	.8173631	0	.1826369	0
1333.15	0	.8168099	0	.1831901	0
1332.15	0	.816258	0	.183742	0
1331.15	0	.8157072	0	.1842928	0
1330.15	0	.8151577	0	.1848423	0
1329.15	0	.8146094	0	.1853906	0
1328.15	0	.8140623	0	.1859377	0
1327.15	0	.8135164	0	.1864836	0
1326.15	0	.8129717	0	.1870283	0
1325.15	0	.8124282	0	.1875719	0
1324.15	0	.8118858	0	.1881142	0
1323.15	0	.8113447	0	.1886553	0
1322.15	0	.8108047	0	.1891953	0
1321.15	0	.8102659	0	.1897341	0
1320.15	0	.8097283	0	.1902717	0
1319.15	0	.8091918	0	.1908082	0
1318.15	0	.8086565	0	.1913435	0
1317.15	0	.8081224	0	.1918776	0
1316.15	0	.8075894	0	.1924106	0
1315.15	0	.8070576	0	.1929424	0
1314.15	0	.8065269	0	.1934731	0
1313.15	0	.8059974	0	.1940026	0
1312.15	0	.8054691	0	.194531	0
1311.15	0	.8049418	0	.1950582	0
1310.15	0	.8044157	0	.1955843	0
1309.15	0	.8038908	0	.1961092	0
1308.15	0	.803367	0	.1966331	0
1307.15	0	.8028443	0	.1971557	0
1306.15	0	.8023227	0	.1976773	0
1305.15	0	.8018022	0	.1981978	0
1304.15	0	.8012829	0	.1987171	0
1303.15	0	.8007647	0	.1992354	0
1302.15	0	.8002475	0	.1997525	0
1301.15	0	.7997315	0	.2002685	0
1300.15	0	.7992166	0	.2007834	0
1299.15	0	.7987028	0	.2012972	0
1298.15	0	.7981901	0	.2018099	0
1297.15	0	.7976785	0	.2023215	0
1296.15	0	.797168	0	.202832	0
1295.15	0	.7966585	0	.2033415	0
1294.15	0	.7961502	0	.2038498	0
1293.15	0	.7956429	0	.2043571	0
1292.15	0	.7951367	0	.2048633	0
1291.15	0	.7946316	0	.2053684	0
1290.15	0	.7941276	0	.2058724	0
1289.15	0	.7936246	0	.2063754	0
1288.15	0	.7931227	0	.2068773	0
1287.15	0	.7926218	0	.2073782	0
1286.15	0	.792122	0	.207878	0
1285.15	0	.7916233	0	.2083767	0
1284.15	0	.7911256	0	.2088744	0
1283.15	0	.790629	0	.209371	0
1282.15	0	.7901334	0	.2098666	0
1281.15	0	.7896388	0	.2103612	0
1280.15	0	.7891453	0	.2108547	0
1279.15	0	.7886529	0	.2113471	0
1278.15	0	.7881614	0	.2118386	0
1277.15	0	.787671	0	.212329	0
1276.15	0	.7871817	0	.2128183	0
1275.15	0	.7866933	0	.2133067	0
1274.15	0	.786206	0	.213794	0
1273.15	0	.7857197	0	.2142803	0
1272.15	0	.7852344	0	.2147656	0
1271.15	0	.7847501	0	.2152499	0
1270.15	0	.7842669	0	.2157332	0
1269.15	0	.7837846	0	.2162154	0
1268.15	0	.7833033	0	.2166967	0
1267.15	0	.7828231	0	.2171769	0
1266.15	0	.7823438	0	.2176562	0
1265.15	0	.7818656	0	.2181344	0
1264.15	0	.7813883	0	.2186117	0
1263.15	0	.780912	0	.219088	0
1262.15	0	.7804368	0	.2195632	0
1261.15	0	.7799625	0	.2200375	0
1260.15	0	.7794892	0	.2205108	0
1259.15	0	.7790168	0	.2209832	0
1258.15	0	.7785455	0	.2214545	0
1257.15	0	.7780751	0	.2219249	0
1256.15	0	.7776057	0	.2223943	0
1255.15	0	.7771372	0	.2228628	0
1254.15	0	.7766698	0	.2233303	0
1253.15	0	.7762032	0	.2237968	0
1252.15	0	.7757377	0	.2242623	0
1251.15	0	.7752731	0	.2247269	0
1250.15	0	.7748095	0	.2251905	0
1249.15	0	.7743468	0	.2256532	0
1248.15	0	.773885	0	.226115	0
1247.15	0	.7734242	0	.2265758	0
1246.15	0	.7729644	0	.2270356	0
1245.15	0	.7725055	0	.2274945	0
1244.15	0	.7720475	0	.2279525	0
1243.15	0	.7715905	0	.2284095	0
1242.15	0	.7711344	0	.2288656	0
1241.15	0	.7706792	0	.2293208	0
1240.15	0	.770225	0	.229775	0
1239.15	0	.7697717	0	.2302283	0
1238.15	0	.7693193	0	.2306807	0
1237.15	0	.7688679	0	.2311321	0
1236.15	0	.7684173	0	.2315827	0
1235.15	0	.7679677	0	.2320323	0
1234.15	0	.767519	0	.232481	0
1233.15	0	.7670712	0	.2329288	0
1232.15	0	.7666243	0	.2333757	0
1231.15	0	.7661783	0	.2338217	0
1230.15	0	.7657333	0	.2342667	0
1229.15	0	.7652891	0	.2347109	0
1228.15	0	.7648458	0	.2351542	0
1227.15	0	.7644034	0	.2355966	0
1226.15	0	.763962	0	.236038	0
1225.15	0	.7635214	0	.2364786	0
1224.15	0	.7630817	0	.2369183	0
1223.15	0	.7626429	0	.2373571	0
1222.15	0	.7622049	0	.2377951	0
1221.15	0	.7617679	0	.2382321	0
1220.15	0	.7613317	0	.2386683	0
1219.15	0	.7608965	0	.2391036	0
1218.15	0	.760462	0	.239538	0
1217.15	0	.7600285	0	.2399715	0
1216.15	0	.7595959	0	.2404042	0
1215.15	0	.7591641	0	.2408359	0
1214.15	0	.7587331	0	.2412669	0
1213.15	0	.7583031	0	.2416969	0
1212.15	0	.7578739	0	.2421261	0
1211.15	0	.7574455	0	.2425545	0
1210.15	0	.7570181	0	.2429819	0
1209.15	0	.7565914	0	.2434086	0
1208.15	0	.7561657	0	.2438343	0
1207.15	0	.7557408	0	.2442593	0
1206.15	0	.7553167	0	.2446833	0
1205.15	0	.7548935	0	.2451065	0
1204.15	0	.7544711	0	.2455289	0
1203.15	0	.7540496	0	.2459505	0
1202.15	0	.7536289	0	.2463712	0
1201.15	0	.753209	0	.246791	0
1200.15	0	.75279	0	.24721	0
1199.15	0	.7523718	0	.2476282	0
1198.15	0	.7519544	0	.2480456	0
1197.15	0	.7515379	0	.2484621	0
1196.15	0	.7511222	0	.2488778	0
1195.15	0	.7507073	0	.2492927	0
1194.15	0	.7502933	0	.2497067	0
1193.15	0	.7498801	0	.2501199	0
1192.15	0	.7494677	0	.2505323	0
1191.15	0	.7490561	0	.2509439	0
1190.15	0	.7486453	0	.2513547	0
1189.15	0	.7482354	0	.2517646	0
1188.15	0	.7478262	0	.2521738	0
1187.15	0	.7474179	0	.2525821	0
1186.15	0	.7470104	0	.2529897	0
1185.15	0	.7466036	0	.2533964	0
1184.15	0	.7461977	0	.2538023	0
1183.15	0	.7457926	0	.2542074	0
1182.15	0	.7453883	0	.2546117	0
1181.15	0	.7449847	0	.2550153	0
1180.15	0	.744582	0	.255418	0
1179.15	0	.7441801	0	.2558199	0
1178.15	0	.743779	0	.2562211	0
1177.15	0	.7433786	0	.2566214	0
1176.15	0	.742979	0	.257021	0
1175.15	0	.7425803	0	.2574197	0
1174.15	0	.7421823	0	.2578177	0
1173.15	0	.7417851	0	.2582149	0
1172.15	0	.7413886	0	.2586114	0
1171.15	0	.740993	0	.259007	0
1170.15	0	.7405981	0	.2594019	0
1169.15	0	.740204	0	.259796	0
1168.15	0	.7398107	0	.2601893	0
1167.15	0	.7394181	0	.2605819	0
1166.15	0	.7390263	0	.2609737	0
1165.15	0	.7386353	0	.2613647	0
1164.15	0	.7382451	0	.2617549	0
1163.789	0	.7381045	0	.2618956	0
1163.789	0	.7381045	0	.2618956	0
1163.789	0	.7381045	0	.2618956	0
1163.15	0	.7374317	4.499576E-04	.2621184	0
1162.15	0	.7363816	.001152251	.2624662	0
1161.15	0	.7353343	.001852597	.2628131	0
1160.15	0	.7342898	.002550998	.2631593	0
1159.15	0	.7332481	.003247457	.2635045	0
1158.15	0	.7322092	.003941976	.2638489	0
1157.15	0	.7311731	.004634559	.2641924	0
1156.15	0	.7301398	.005325207	.264535	0
1155.15	0	.7291093	.006013923	.2648768	0
1154.15	0	.7280815	.006700734	.2652178	0
1153.15	0	.7270565	.007385594	.2655579	0
1152.15	0	.7260343	.008068531	.2658971	0
1151.15	0	.7250149	.008749546	.2662356	0
1150.15	0	.7239982	.009428643	.2665731	0
1149.15	0	.7229843	.01010582	.2669099	0
1148.15	0	.7219732	.01078109	.2672457	0
1147.15	0	.7209648	.01145444	.2675808	0
1146.15	0	.7199591	.01212589	.267915	0
1145.15	0	.7189562	.01279543	.2682484	0
1144.15	0	.717956	.01346306	.268581	0
1143.15	0	.7169585	.0141288	.2689127	0
1142.15	0	.7159637	.01479263	.2692437	0
1141.15	0	.7149717	.01545456	.2695738	0
1140.15	0	.7139824	.01611461	.269903	0
1139.15	0	.7129958	.01677276	.2702315	0
1138.15	0	.7120118	.01742901	.2705591	0
1137.15	0	.7110306	.01808338	.270886	0
1136.15	0	.7100521	.01873587	.271212	0
1135.15	0	.7090763	.01938647	.2715372	0
1134.15	0	.7081032	.02003519	.2718617	0
1133.15	0	.7071327	.02068203	.2721853	0
1132.15	0	.7061649	.021327	.2725081	0
1131.15	0	.7051998	.02197008	.2728301	0
1130.15	0	.7042374	.0226113	.2731513	0
1129.15	0	.7032776	.02325065	.2734717	0
1128.15	0	.7023205	.02388812	.2737913	0
1127.15	0	.7013661	.02452374	.2741102	0
1126.15	0	.7004143	.02515748	.2744282	0
1125.15	0	.6994651	.02578937	.2747455	0
1124.15	0	.6985186	.02641939	.275062	0
1123.15	0	.6975748	.02704756	.2753777	0
1122.15	0	.6966335	.02767387	.2756926	0
1121.15	0	.695695	.02829833	.2760067	0
1120.15	0	.694759	.02892094	.2763201	0
1119.15	0	.6938256	.02954169	.2766327	0
1118.15	0	.6928949	.0301606	.2769445	0
1117.15	0	.6919668	.03077766	.2772555	0
1116.15	0	.6910413	.03139288	.2775658	0
1115.15	0	.6901185	.03200626	.2778753	0
1114.15	0	.6891982	.03261779	.278184	0
1113.15	0	.6882805	.03322749	.278492	0
1112.15	0	.6873654	.03383535	.2787992	0
1111.15	0	.686453	.03444137	.2791057	0
1110.15	0	.6855431	.03504557	.2794114	0
1109.15	0	.6846358	.03564793	.2797163	0
1108.15	0	.683731	.03624846	.2800205	0
1107.15	0	.6828289	.03684717	.2803239	0
1106.15	0	.6819293	.03744405	.2806266	0
1105.15	0	.6810324	.03803911	.2809285	0
1104.15	0	.6801379	.03863234	.2812297	0
1103.15	0	.6792461	.03922376	.2815302	0
1102.15	0	.6783568	.03981336	.2818298	0
1101.15	0	.6774701	.04040114	.2821288	0
1100.15	0	.6765859	.04098711	.282427	0
1099.15	0	.6757043	.04157126	.2827245	0
1098.15	0	.6748252	.0421536	.2830212	0
1097.15	0	.6739487	.04273414	.2833172	0
1096.15	0	.6730747	.04331286	.2836125	0
1095.15	0	.6722032	.04388978	.283907	0
1094.15	0	.6713343	.0444649	.2842008	0
1093.15	0	.6704679	.04503821	.2844938	0
1092.15	0	.6696041	.04560972	.2847862	0
1091.15	0	.6687428	.04617943	.2850778	0
1090.15	0	.667884	.04674735	.2853687	0
1089.15	0	.6670277	.04731347	.2856588	0
1088.15	0	.6661739	.04787779	.2859483	0
1087.15	0	.6653227	.04844033	.286237	0
1086.15	0	.664474	.04900107	.286525	0
1085.15	0	.6636277	.04956002	.2868123	0
1084.15	0	.662784	.05011719	.2870988	0
1083.15	0	.6619428	.05067257	.2873847	0
1082.15	0	.6611041	.05122616	.2876698	0
1081.15	0	.6602678	.05177797	.2879542	0
1080.15	0	.6594341	.052328	.2882379	0
1079.15	0	.6586029	.05287625	.2885209	0
1078.15	0	.6577741	.05342273	.2888032	0
1077.15	0	.6569478	.05396743	.2890847	0
1076.15	0	.6561241	.05451035	.2893656	0
1075.15	0	.6553028	.0550515	.2896457	0
1074.15	0	.6544839	.05559088	.2899252	0
1073.15	0	.6536676	.05612849	.2902039	0
1072.15	0	.6528537	.05666433	.290482	0
1071.15	0	.6520423	.0571984	.2907594	0
1070.15	0	.6512333	.05773071	.291036	0
1069.15	0	.6504268	.05826126	.2913119	0
1068.15	0	.6496228	.05879004	.2915872	0
1067.15	0	.6488212	.05931707	.2918617	0
1066.15	0	.6480221	.05984233	.2921356	0
1065.15	0	.6472254	.06036584	.2924088	0
1064.15	0	.6464312	.0608876	.2926812	0
1063.15	0	.6456394	.0614076	.292953	0
1062.15	0	.6448501	.06192585	.2932241	0
1061.15	0	.6440632	.06244235	.2934945	0
1060.15	0	.6432787	.0629571	.2937642	0
1059.15	0	.6424967	.0634701	.2940332	0
1058.15	0	.6417171	.06398136	.2943015	0
1057.15	0	.64094	.06449088	.2945692	0
1056.15	0	.6401652	.06499865	.2948361	0
1055.15	0	.6393929	.06550468	.2951024	0
1054.15	0	.6386231	.06600898	.295368	0
1053.15	0	.6378556	.06651154	.2956329	0
1052.15	0	.6370906	.06701236	.2958971	0
1051.15	0	.6363279	.06751145	.2961606	0
1050.15	0	.6355677	.06800881	.2964235	0
1049.15	0	.6348099	.06850444	.2966856	0
1048.15	0	.6340545	.06899834	.2969471	0
1047.15	0	.6333016	.06949052	.2972079	0
1046.15	0	.632551	.06998097	.2974681	0
1045.15	0	.6318028	.0704697	.2977275	0
1044.15	0	.631057	.0709567	.2979863	0
1043.15	0	.6303136	.07144199	.2982444	0
1042.15	0	.6295726	.07192557	.2985018	0
1041.15	0	.628834	.07240742	.2987586	0
1040.15	0	.6280978	.07288757	.2990146	0
1039.15	0	.627364	.073366	.29927	0
1038.15	0	.6266325	.07384273	.2995248	0
1037.15	0	.6259035	.07431774	.2997788	0
1036.15	0	.6251768	.07479106	.3000322	0
1035.15	0	.6244525	.07526267	.3002849	0
1034.15	0	.6237305	.07573257	.3005369	0
1033.15	0	.6230109	.07620078	.3007883	0
1032.15	0	.6222937	.07666729	.301039	0
1031.15	0	.6215789	.07713211	.301289	0
1030.15	0	.6208664	.07759524	.3015383	0
1029.15	0	.6201563	.07805667	.301787	0
1028.15	0	.6194486	.07851642	.302035	0
1027.15	0	.6187432	.07897448	.3022824	0
1026.15	0	.6180401	.07943086	.302529	0
1025.15	0	.6173394	.07988555	.302775	0
1024.15	0	.6166411	.08033857	.3030203	0
1023.15	0	.6159451	.08078991	.303265	0
1022.15	0	.6152514	.08123958	.303509	0
1021.15	0	.6145601	.08168758	.3037523	0
1020.15	0	.6138711	.0821339	.303995	0
1019.15	0	.6131845	.08257856	.304237	0
1018.15	0	.6125002	.08302156	.3044783	0
1017.15	0	.6118182	.0834629	.3047189	0
1016.15	0	.6111385	.08390257	.3049589	0
1015.15	0	.6104612	.0843406	.3051982	0
1014.15	0	.6097862	.08477697	.3054368	0
1013.15	0	.6091135	.08521168	.3056748	0
1012.15	0	.6084431	.08564476	.3059121	0
1011.15	0	.607775	.08607618	.3061488	0
1010.15	0	.6071093	.08650597	.3063847	0
1009.15	0	.6064459	.08693412	.30662	0
1008.15	0	.6057847	.08736063	.3068547	0
1007.15	0	.6051259	.08778552	.3070886	0
1006.15	0	.6044693	.08820877	.3073219	0
1005.15	0	.6038151	.0886304	.3075545	0
1004.15	0	.6031631	.0890504	.3077865	0
1003.15	0	.6025135	.08946879	.3080177	0
1002.15	0	.6018661	.08988557	.3082484	0
1001.15	0	.601221	.09030073	.3084783	0
1000.15	0	.6005782	.09071428	.3087075	0
999.15	0	.5999376	.09112623	.3089361	0
998.15	0	.5992994	.09153658	.3091641	0
997.15	0	.5986634	.09194534	.3093913	0
996.15	0	.5980296	.0923525	.3096179	0
995.15	0	.5973982	.09275807	.3098438	0
994.15	0	.596769	.09316206	.310069	0
993.15	0	.596142	.09356447	.3102935	0
992.15	0	.5955173	.0939653	.3105174	0
991.15	0	.5948949	.09436456	.3107406	0
990.15	0	.5942747	.09476225	.3109631	0
989.15	0	.5936567	.09515838	.3111849	0
988.15	0	.593041	.09555296	.3114061	0
987.15	0	.5924275	.09594598	.3116265	0
986.15	0	.5918162	.09633745	.3118463	0
985.15	0	.5912072	.09672738	.3120655	0
984.15	0	.5906004	.09711576	.3122839	0
983.15	0	.5899958	.09750262	.3125016	0
982.15	0	.5893934	.09788795	.3127187	0
981.15	0	.5887932	.09827176	.312935	0
980.15	0	.5881952	.09865404	.3131507	0
979.15	0	.5875995	.09903482	.3133657	0
978.15	0	.5870059	.09941409	.31358	0
977.15	0	.5864145	.09979186	.3137937	0
976.15	0	.5858253	.1001681	.3140066	0
975.15	0	.5852383	.1005429	.3142188	0
974.15	0	.5846534	.1009162	.3144303	0
973.15	0	.5840707	.1012881	.3146412	0
972.15	0	.5834902	.1016584	.3148513	0
971.15	0	.5829119	.1020273	.3150608	0
970.15	0	.5823357	.1023948	.3152695	0
969.15	0	.5817617	.1027608	.3154776	0
968.15	0	.5811898	.1031253	.3156849	0
967.15	0	.58062	.1034884	.3158915	0
966.15	0	.5800524	.1038501	.3160975	0
965.15	0	.5794869	.1042104	.3163027	0
964.15	0	.5789235	.1045693	.3165072	0
963.15	0	.5783623	.1049267	.316711	0
962.15	0	.5778031	.1052828	.3169141	0
961.15	0	.5772461	.1056374	.3171165	0
960.15	0	.5766911	.1059907	.3173181	0
959.15	0	.5761383	.1063427	.3175191	0
958.15	0	.5755875	.1066932	.3177193	0
957.15	0	.5750388	.1070424	.3179188	0
956.15	0	.5744922	.1073903	.3181176	0
955.15	0	.5739476	.1077368	.3183156	0
954.15	0	.5734051	.108082	.3185129	0
953.15	0	.5728646	.1084259	.3187095	0
952.15	0	.5723262	.1087685	.3189053	0
951.15	0	.5717898	.1091097	.3191005	0
950.15	0	.5712554	.1094497	.3192948	0
949.15	0	.5707231	.1097884	.3194885	0
948.15	0	.5701928	.1101259	.3196814	0
947.15	0	.5696644	.1104621	.3198735	0
946.15	0	.5691381	.110797	.3200649	0
945.15	0	.5686137	.1111308	.3202555	0
944.15	0	.5680913	.1114633	.3204454	0
943.15	0	.5675709	.1117946	.3206346	0
942.15	0	.5670524	.1121247	.320823	0
941.15	0	.5665359	.1124536	.3210106	0
940.15	0	.5660213	.1127813	.3211974	0
939.15	0	.5655086	.1131079	.3213835	0
938.15	0	.5649978	.1134334	.3215688	0
937.15	0	.564489	.1137577	.3217534	0
936.15	0	.563982	.1140809	.3219371	0
935.15	0	.5634769	.114403	.3221201	0
934.15	0	.5629737	.114724	.3223023	0
933.15	0	.5624724	.1150439	.3224837	0
932.15	0	.5619729	.1153628	.3226643	0
931.15	0	.5614752	.1156806	.3228441	0
930.15	0	.5609794	.1159974	.3230232	0
929.15	0	.5604854	.1163132	.3232014	0
928.15	0	.5599932	.116628	.3233788	0
927.15	0	.5595028	.1169418	.3235554	0
926.15	0	.5590141	.1172546	.3237312	0
925.15	0	.5585273	.1175666	.3239062	0
924.15	0	.5580421	.1178775	.3240804	0
923.15	0	.5575587	.1181876	.3242537	0
922.15	0	.5570771	.1184968	.3244262	0
921.15	0	.5565971	.1188051	.3245979	0
920.15	0	.5561188	.1191125	.3247687	0
919.15	0	.5556422	.1194191	.3249387	0
918.15	0	.5551673	.1197249	.3251078	0
917.15	0	.554694	.1200299	.3252761	0
916.15	0	.5542223	.1203341	.3254436	0
915.15	0	.5537522	.1206376	.3256101	0
914.15	0	.5532838	.1209403	.3257759	0
913.15	0	.5528169	.1212424	.3259407	0
912.15	0	.5523516	.1215437	.3261047	0
911.15	0	.5518878	.1218444	.3262678	0
910.15	0	.5514256	.1221444	.32643	0
909.15	0	.5509649	.1224439	.3265913	0
908.15	0	.5505056	.1227427	.3267517	0
907.15	0	.5500479	.1230409	.3269112	0
906.15	0	.5495916	.1233387	.3270698	0
905.15	0	.5491367	.1236359	.3272275	0
904.15	0	.5486832	.1239326	.3273842	0
903.15	0	.5482311	.1242288	.3275401	0
902.15	0	.5477804	.1245246	.327695	0
901.15	0	.547331	.12482	.327849	0
900.15	0	.546883	.1251151	.328002	0
899.15	0	.5464362	.1254097	.3281541	0
898.15	0	.5459907	.1257041	.3283052	0
897.15	0	.5455465	.1259981	.3284553	0
896.15	0	.5451036	.1262919	.3286045	0
895.15	0	.5446618	.1265855	.3287527	0
894.15	0	.5442212	.1268789	.3288999	0
893.15	0	.5437818	.1271721	.3290462	0
892.15	0	.5433435	.1274651	.3291914	0
891.15	0	.5429063	.1277581	.3293356	0
890.15	0	.5424702	.1280511	.3294788	0
889.15	0	.5420351	.128344	.329621	0
888.15	0	.5416011	.1286368	.3297621	0
887.15	0	.541168	.1289298	.3299022	0
886.15	0	.5407359	.1292229	.3300412	0
885.15	0	.5403047	.129516	.3301792	0
884.15	0	.5398745	.1298094	.3303162	0
883.15	0	.5394451	.1301029	.330452	0
882.15	0	.5390165	.1303967	.3305868	0
881.15	0	.5385888	.1306908	.3307204	0
880.15	0	.5381618	.1309852	.330853	0
879.15	0	.5377356	.13128	.3309845	0
878.15	0	.5373101	.1315752	.3311148	0
877.15	0	.5368852	.1318708	.331244	0
876.15	0	.536461	.132167	.331372	0
875.15	0	.5360373	.1324638	.3314989	0
874.15	0	.5356142	.1327611	.3316246	0
873.15	0	.5351917	.1330592	.3317492	0
872.15	0	.5347696	.1333579	.3318725	0
871.15	0	.5343479	.1336574	.3319947	0
870.15	0	.5339266	.1339578	.3321156	0
869.15	0	.5335057	.134259	.3322353	0
868.15	0	.5330851	.1345611	.3323538	0
867.15	0	.5326648	.1348643	.332471	0
866.15	0	.5322446	.1351685	.3325869	0
865.15	0	.5318247	.1354738	.3327016	0
864.15	0	.5314048	.1357803	.3328149	0
863.15	0	.530985	.136088	.332927	0
862.15	0	.5305653	.136397	.3330377	0
861.15	0	.5301455	.1367074	.3331471	0
860.15	0	.5297256	.1370192	.3332551	0
859.15	0	.5293056	.1373326	.3333618	0
858.15	0	.5288854	.1376476	.3334671	0
857.15	0	.528465	.1379642	.3335709	0
856.15	0	.5280442	.1382825	.3336733	0
855.15	0	.527623	.1386027	.3337743	0
854.15	0	.5272014	.1389247	.3338738	0
853.15	0	.5267793	.1392488	.3339719	0
852.15	0	.5263567	.1395749	.3340684	0
851.15	0	.5259334	.1399032	.3341634	0
850.15	0	.5255094	.1402338	.3342568	0
849.15	0	.5250846	.1405666	.3343487	0
848.15	0	.524659	.140902	.334439	0
847.15	0	.5242324	.1412399	.3345277	0
846.15	0	.5238048	.1415804	.3346147	0
845.15	0	.5233762	.1419237	.3347001	0
844.15	0	.5229463	.1422699	.3347837	0
843.15	0	.5225152	.1426191	.3348657	0
842.15	0	.5220827	.1429714	.3349459	0
841.15	0	.5216488	.1433269	.3350243	0
840.15	0	.5212133	.1436858	.3351009	0
839.15	0	.5207761	.1440482	.3351756	0
838.15	0	.5203372	.1444143	.3352485	0
837.15	0	.5198964	.1447841	.3353195	0
836.15	0	.5194537	.1451578	.3353885	0
835.15	0	.5190088	.1455357	.3354555	0
834.15	0	.5185617	.1459178	.3355205	0
833.15	0	.5181123	.1463043	.3355834	0
832.15	0	.5176603	.1466955	.3356442	0
831.15	0	.5172057	.1470914	.3357028	0
830.15	0	.5167484	.1474924	.3357593	0
829.15	0	.5162881	.1478985	.3358134	0
828.15	0	.5158247	.1483101	.3358653	0
827.15	0	.515358	.1487273	.3359148	0
826.15	0	.5148878	.1491504	.3359618	0
825.15	0	.5144141	.1495796	.3360064	0
824.15	0	.5139364	.1500152	.3360484	0
823.15	0	.5134548	.1504574	.3360878	0
822.15	0	.5129688	.1509067	.3361245	0
821.15	0	.5124784	.1513632	.3361584	0
820.15	0	.5119832	.1518274	.3361894	0
819.15	0	.5114829	.1522995	.3362176	0
818.15	0	.5109774	.15278	.3362426	0
817.15	0	.5104662	.1532692	.3362646	0
816.15	0	.5099491	.1537676	.3362833	0
815.15	0	.5094258	.1542756	.3362986	0
814.15	0	.5088958	.1547937	.3363105	0
813.15	0	.5083587	.1553225	.3363188	0
812.15	0	.5078142	.1558625	.3363233	0
811.15	0	.5072618	.1564143	.3363239	0
810.15	0	.5067009	.1569786	.3363205	0
809.15	0	.5061311	.1575561	.3363128	0
808.15	0	.5055517	.1581476	.3363007	0
807.15	0	.5049621	.158754	.336284	0
806.15	0	.5043616	.1593761	.3362623	0
805.15	0	.5037494	.160015	.3362356	0
804.15	0	.5031247	.1606718	.3362035	0
803.15	0	.5024865	.1613478	.3361657	0
802.15	0	.5018338	.1620444	.3361218	0
801.15	0	.5011654	.1627631	.3360715	0
800.15	0	.50048	.1635056	.3360143	0
799.15	0	.4997761	.164274	.3359499	0
798.15	0	.499052	.1650704	.3358775	0
797.15	0	.4981988	.1660323	.3357689	0
796.15	0	.496764	.1677319	.3355041	0
795.15	0	.4954322	.1693073	.3352605	0
794.15	0	.4941901	.1707748	.3350352	0
793.15	0	.4930268	.1721475	.3348258	0
792.15	0	.4919334	.1734363	.3346303	0
791.15	0	.4909026	.1746501	.3344472	0
790.15	0	.4899281	.1757967	.3342752	0
789.15	0	.4890062	.1768812	.3341125	0
788.15	0	.4881289	.1779119	.3339593	0
787.15	0	.4872939	.178892	.3338141	0
786.15	0	.4864978	.179826	.3336763	0
785.15	0	.4857375	.1807174	.3335451	0
784.15	0	.4850104	.1815695	.3334201	0
783.15	0	.4843139	.1823854	.3333007	0
782.15	0	.483646	.1831675	.3331865	0
781.15	0	.4830047	.1839182	.3330771	0
780.15	0	.4823882	.1846396	.3329722	0
779.15	0	.481795	.1853337	.3328713	0
778.15	0	.4812236	.186002	.3327743	0
777.15	0	.4806727	.1866463	.332681	0
776.15	0	.4801411	.187268	.3325909	0
775.15	0	.4796278	.1878683	.3325039	0
774.15	0	.4791316	.1884485	.33242	0
773.15	0	.4786516	.1890097	.3323387	0
772.15	0	.4781871	.1895529	.33226	0
771.15	0	.4777372	.1900791	.3321838	0
770.15	0	.4773011	.1905891	.3321098	0
769.15	0	.4768781	.1910839	.332038	0
768.15	0	.4764677	.1915641	.3319682	0
767.15	0	.4760692	.1920304	.3319004	0
766.15	0	.4756821	.1924836	.3318344	0
765.15	0	.4753058	.1929241	.33177	0
764.15	0	.4749399	.1933527	.3317074	0
763.15	0	.4745838	.1937699	.3316462	0
762.15	0	.4742372	.1941762	.3315866	0
761.15	0	.4738997	.194572	.3315283	0
760.15	0	.4735708	.1949578	.3314714	0
759.15	0	.4732503	.1953341	.3314157	0
758.15	0	.4729376	.1957012	.3313612	0
757.15	0	.4726327	.1960595	.3313078	0
756.15	0	.4723351	.1964094	.3312556	0
755.15	0	.4720445	.1967512	.3312044	0
754.15	0	.4717607	.1970852	.3311541	0
753.15	0	.4714834	.1974118	.3311048	0
752.15	0	.4712123	.1977313	.3310564	0
751.15	0	.4709473	.1980438	.3310089	0
750.15	0	.4706881	.1983497	.3309621	0
749.15	0	.4704346	.1986492	.3309162	0
748.15	0	.4701864	.1989426	.330871	0
747.15	0	.4699434	.1992301	.3308265	0
746.15	0	.4697054	.1995118	.3307827	0
745.15	0	.4694723	.1997881	.3307396	0
744.15	0	.4692439	.200059	.3306971	0
743.15	0	.4690199	.2003249	.3306552	0
742.15	0	.4688004	.2005858	.3306138	0
741.15	0	.4685851	.2008419	.3305731	0
740.15	0	.4683738	.2010934	.3305328	0
739.15	0	.4681665	.2013404	.3304931	0
738.15	0	.4679631	.2015832	.3304538	0
737.15	0	.4677633	.2018217	.330415	0
736.15	0	.4675671	.2020563	.3303767	0
735.15	0	.4673744	.2022869	.3303387	0
734.15	0	.467185	.2025138	.3303012	0
733.15	0	.4669989	.202737	.3302641	0
732.15	0	.4668159	.2029567	.3302273	0
731.15	0	.4666361	.203173	.3301909	0
730.15	0	.4664592	.2033859	.3301549	0
729.15	0	.4662851	.2035957	.3301192	0
728.15	0	.4661139	.2038023	.3300838	0
727.15	0	.4659454	.2040059	.3300488	0
726.15	0	.4657795	.2042065	.330014	0
725.15	0	.4656162	.2044043	.3299795	0
724.15	0	.4654554	.2045994	.3299453	0
723.15	0	.4652969	.2047918	.3299113	0
722.15	0	.4651409	.2049816	.3298776	0
721.15	0	.4649871	.2051688	.3298441	0
720.15	0	.4648355	.2053536	.3298109	0
719.15	0	.4646861	.205536	.3297778	0
718.15	0	.4645388	.2057161	.329745	0
717.15	0	.4643936	.205894	.3297124	0
716.15	0	.4642503	.2060697	.32968	0
715.15	0	.464109	.2062432	.3296478	0
714.15	0	.4639696	.2064147	.3296158	0
713.15	0	.4638319	.2065841	.3295839	0
712.15	0	.4636961	.2067516	.3295522	0
711.15	0	.4635621	.2069172	.3295207	0
710.15	0	.4634297	.207081	.3294893	0
709.15	0	.463299	.2072429	.3294581	0
708.15	0	.4631699	.2074031	.329427	0
707.15	0	.4630424	.2075616	.329396	0
706.15	0	.4629164	.2077184	.3293652	0
705.15	0	.4627919	.2078736	.3293345	0
704.15	0	.4626688	.2080273	.3293039	0
703.15	0	.4625472	.2081793	.3292735	0
702.15	0	.462427	.2083299	.3292431	0
701.15	0	.4623081	.208479	.3292128	0
700.15	0	.4621906	.2086267	.3291827	0
699.15	0	.4620743	.208773	.3291526	0
698.15	0	.4619593	.208918	.3291227	0
697.15	0	.4618456	.2090616	.3290928	0
696.15	0	.461733	.2092039	.329063	0
695.15	0	.4616217	.209345	.3290333	0
694.15	0	.4615115	.2094849	.3290037	0
693.15	0	.4614024	.2096235	.3289741	0
692.15	0	.4612944	.209761	.3289446	0
691.15	0	.4611874	.2098974	.3289152	0
690.15	0	.4610816	.2100326	.3288858	0
689.15	0	.4609767	.2101667	.3288565	0
688.15	0	.4608729	.2102998	.3288273	0
687.15	0	.4607701	.2104318	.3287981	0
686.15	0	.4606682	.2105628	.328769	0
685.15	0	.4605672	.2106929	.3287399	0
684.15	0	.4604672	.2108219	.3287109	0
683.15	0	.4603681	.2109501	.3286819	0
682.15	0	.4602698	.2110772	.328653	0
681.15	0	.4601724	.2112035	.3286241	0
680.15	0	.4600759	.2113289	.3285952	0
679.15	0	.4599802	.2114534	.3285664	0
678.15	0	.4598853	.2115771	.3285376	0
677.15	0	.4597912	.2117	.3285088	0
676.15	0	.4596979	.211822	.3284801	0
675.15	0	.4596054	.2119433	.3284514	0
674.15	0	.4595135	.2120637	.3284227	0
673.15	0	.4594225	.2121834	.3283941	0
672.15	0	.4593321	.2123024	.3283655	0
671.15	0	.4592425	.2124207	.3283369	0
670.15	0	.4591536	.2125382	.3283083	0
669.15	0	.4590653	.212655	.3282797	0
668.15	0	.4589777	.2127711	.3282512	0
667.15	0	.4588907	.2128866	.3282227	0
666.15	0	.4588044	.2130014	.3281942	0
665.15	0	.4587187	.2131156	.3281657	0
664.15	0	.4586337	.2132291	.3281372	0
663.15	0	.4585492	.213342	.3281087	0
662.15	0	.4584654	.2134544	.3280803	0
661.15	0	.4583821	.2135661	.3280518	0
660.15	0	.4582994	.2136772	.3280234	0
659.15	0	.4582173	.2137878	.327995	0
658.15	0	.4581357	.2138978	.3279666	0
657.15	0	.4580546	.2140072	.3279382	0
656.15	0	.4579741	.2141161	.3279097	0
655.15	0	.4578941	.2142245	.3278813	0
654.15	0	.4578147	.2143324	.327853	0
653.15	0	.4577357	.2144397	.3278246	0
652.15	0	.4576573	.2145466	.3277962	0
651.15	0	.4575793	.2146529	.3277678	0
650.15	0	.4575018	.2147588	.3277394	0
649.15	0	.4574248	.2148642	.327711	0
648.15	0	.4573483	.2149691	.3276826	0
647.15	0	.4572722	.2150736	.3276542	0
646.15	0	.4571966	.2151776	.3276259	0
645.15	0	.4571214	.2152812	.3275975	0
644.15	0	.4570466	.2153843	.3275691	0
643.15	0	.4569723	.215487	.3275407	0
642.15	0	.4568984	.2155893	.3275123	0
641.15	0	.4568249	.2156912	.3274839	0
640.15	0	.4567519	.2157926	.3274555	0
639.15	0	.4566792	.2158937	.3274271	0
638.15	0	.4566069	.2159944	.3273987	0
637.15	0	.456535	.2160947	.3273703	0
636.15	0	.4564635	.2161946	.3273419	0
635.15	0	.4563924	.2162941	.3273135	0
634.15	0	.4563217	.2163933	.327285	0
633.15	0	.4562513	.2164921	.3272566	0
632.15	0	.4561813	.2165905	.3272282	0
631.15	0	.4561117	.2166886	.3271997	0
630.15	0	.4560424	.2167863	.3271713	0
629.15	0	.4559735	.2168837	.3271428	0
628.15	0	.4559049	.2169808	.3271144	0
627.15	0	.4558366	.2170775	.3270859	0
626.15	0	.4557687	.2171739	.3270575	0
625.15	0	.4557011	.2172699	.327029	0
624.15	0	.4556338	.2173657	.3270005	0
623.15	0	.4555669	.2174611	.326972	0
622.15	0	.4555002	.2175562	.3269435	0
621.15	0	.4554339	.2176511	.326915	0
620.15	0	.4553679	.2177456	.3268865	0
619.15	0	.4553022	.2178398	.326858	0
618.15	0	.4552368	.2179337	.3268295	0
617.15	0	.4551717	.2180274	.326801	0
616.15	0	.4551069	.2181207	.3267724	0
615.15	0	.4550424	.2182138	.3267439	0
614.15	0	.4549781	.2183065	.3267154	0
613.15	0	.4549142	.218399	.3266868	0
612.15	0	.4548505	.2184913	.3266582	0
611.15	0	.4547871	.2185832	.3266297	0
610.15	0	.4547239	.2186749	.3266011	0
609.15	0	.4546611	.2187664	.3265725	0
608.15	0	.4545985	.2188575	.326544	0
607.15	0	.4545362	.2189484	.3265154	0
606.15	0	.4544741	.2190391	.3264868	0
605.15	0	.4544123	.2191295	.3264582	0
604.15	0	.4543507	.2192197	.3264296	0
603.15	0	.4542894	.2193096	.326401	0
602.15	0	.4542284	.2193993	.3263724	0
601.15	0	.4541676	.2194887	.3263438	0
600.15	0	.454107	.2195779	.3263152	0
599.15	0	.4540466	.2196668	.3262865	0
598.15	0	.4539866	.2197555	.3262579	0
597.15	0	.4539267	.219844	.3262293	0
596.15	0	.4538671	.2199323	.3262007	0
595.15	0	.4538077	.2200203	.326172	0
594.15	0	.4537485	.2201081	.3261434	0
593.15	0	.4536896	.2201957	.3261148	0
592.15	0	.4536309	.220283	.3260861	0
591.15	0	.4535724	.2203701	.3260575	0
590.15	0	.4535141	.220457	.3260288	0
589.15	0	.4534561	.2205437	.3260002	0
588.15	0	.4533983	.2206302	.3259715	0
587.15	0	.4533406	.2207165	.3259429	0
586.15	0	.4532832	.2208025	.3259142	0
585.15	0	.453226	.2208884	.3258856	0
584.15	0	.453169	.220974	.325857	0
583.15	0	.4531123	.2210594	.3258283	0
582.15	0	.4530557	.2211447	.3257997	0
581.15	0	.4529993	.2212297	.325771	0
580.15	0	.4529431	.2213145	.3257424	0
579.15	0	.4528872	.2213991	.3257137	0
578.15	0	.4528314	.2214835	.3256851	0
577.15	0	.4527758	.2215678	.3256565	0
576.15	0	.4527204	.2216518	.3256278	0
575.15	0	.4526652	.2217356	.3255992	0
574.15	0	.4526102	.2218192	.3255706	0
573.15	0	.4525554	.2219027	.3255419	0
572.15	0	.4525008	.2219859	.3255133	0
571.15	0	.4524463	.2220689	.3254847	0
570.15	0	.4523921	.2221518	.3254561	0
569.15	0	.452338	.2222345	.3254275	0
568.15	0	.4522842	.222317	.3253989	0
567.15	0	.4522305	.2223992	.3253703	0
566.15	0	.4521769	.2224813	.3253417	0
565.15	0	.4521236	.2225633	.3253131	0
564.15	0	.4520704	.222645	.3252846	0
563.15	0	.4520174	.2227265	.325256	0
562.15	0	.4519646	.2228079	.3252275	0
561.15	0	.451912	.2228891	.3251989	0
560.15	0	.4518595	.2229701	.3251704	0
559.15	0	.4518072	.2230509	.3251419	0
558.15	0	.4517551	.2231315	.3251134	0
557.15	0	.4517032	.223212	.3250848	0
556.15	0	.4516514	.2232923	.3250564	0
555.15	0	.4515998	.2233723	.3250279	0
554.15	0	.4515483	.2234523	.3249994	0
553.15	0	.4514971	.223532	.3249709	0
552.15	0	.451446	.2236116	.3249425	0
551.15	0	.451395	.2236909	.3249141	0
550.15	0	.4513442	.2237702	.3248856	0
549.15	0	.4512936	.2238492	.3248572	0
548.15	0	.4512431	.223928	.3248288	0
547.15	0	.4511928	.2240067	.3248005	0
546.15	0	.4511427	.2240852	.3247721	0
545.15	0	.4510927	.2241636	.3247437	0
544.15	0	.4510429	.2242417	.3247154	0
543.15	0	.4509932	.2243197	.3246871	0
542.15	0	.4509437	.2243975	.3246588	0
541.15	0	.4508943	.2244751	.3246305	0
540.15	0	.4508451	.2245526	.3246023	0
539.15	0	.4507961	.2246299	.324574	0
538.15	0	.4507472	.224707	.3245458	0
537.15	0	.4506985	.224784	.3245176	0
536.15	0	.4506499	.2248607	.3244894	0
535.15	0	.4506014	.2249373	.3244612	0
534.15	0	.4505532	.2250138	.3244331	0
533.15	0	.450505	.22509	.324405	0
532.15	0	.450457	.2251661	.3243769	0
531.15	0	.4504093	.225242	.3243487	0
530.15	0	.4503616	.2253178	.3243206	0
529.15	0	.4503141	.2253933	.3242926	0
528.15	0	.4502667	.2254687	.3242646	0
527.15	0	.4502195	.225544	.3242366	0
526.15	0	.4501724	.225619	.3242086	0
525.15	0	.4501254	.2256939	.3241807	0
524.15	0	.4500786	.2257686	.3241528	0
523.15	0	.450032	.2258432	.3241249	0
522.15	0	.4499854	.2259176	.324097	0
521.15	0	.4499391	.2259918	.3240692	0
520.15	0	.4498928	.2260658	.3240414	0
519.15	0	.4498467	.2261397	.3240136	0
518.15	0	.4498008	.2262134	.3239858	0
517.15	0	.449755	.2262869	.3239581	0
516.15	0	.4497093	.2263603	.3239304	0
515.15	0	.4496638	.2264335	.3239027	0
514.15	0	.4496184	.2265065	.3238751	0
513.15	0	.4495732	.2265793	.3238475	0
512.15	0	.4495281	.226652	.3238199	0
511.15	0	.4494831	.2267245	.3237924	0
510.15	0	.4494383	.2267968	.3237649	0
509.15	0	.4493936	.226869	.3237374	0
508.15	0	.4493491	.226941	.32371	0
507.15	0	.4493046	.2270128	.3236826	0
506.15	0	.4492604	.2270844	.3236552	0
505.15	0	.4492162	.2271559	.3236279	0
504.15	0	.4491722	.2272272	.3236006	0
503.15	0	.4491284	.2272984	.3235733	0
502.15	0	.4490846	.2273693	.323546	0
501.15	0	.4490411	.2274401	.3235189	0
500.15	0	.4489976	.2275107	.3234917	0
499.15	0	.4489543	.2275812	.3234646	0
498.15	0	.4489111	.2276514	.3234375	0
497.15	0	.448868	.2277215	.3234104	0
496.15	0	.4488251	.2277915	.3233834	0
495.15	0	.4487823	.2278612	.3233565	0
494.15	0	.4487397	.2279308	.3233295	0
493.15	0	.4486972	.2280002	.3233027	0
492.15	0	.4486548	.2280694	.3232758	0
491.15	0	.4486125	.2281385	.323249	0
490.15	0	.4485704	.2282074	.3232222	0
489.15	0	.4485284	.2282761	.3231955	0
488.15	0	.4484866	.2283446	.3231689	0
487.15	0	.4484448	.2284129	.3231422	0
486.15	0	.4484032	.2284811	.3231156	0
485.15	0	.4483618	.2285491	.3230891	0
484.15	0	.4483205	.228617	.3230626	0
483.15	0	.4482793	.2286846	.3230361	0
482.15	0	.4482382	.2287521	.3230097	0
481.15	0	.4481973	.2288194	.3229834	0
480.15	0	.4481564	.2288865	.3229571	0
479.15	0	.4481158	.2289535	.3229308	0
478.15	0	.4480752	.2290202	.3229046	0
477.15	0	.4480348	.2290868	.3228784	0
476.15	0	.4479945	.2291532	.3228523	0
475.15	0	.4479544	.2292195	.3228262	0
474.15	0	.4479143	.2292855	.3228002	0
473.15	0	.4478744	.2293514	.3227742	0
472.15	0	.4478347	.2294171	.3227483	0
471.15	0	.447795	.2294826	.3227224	0
470.15	0	.4477555	.2295479	.3226966	0
469.15	0	.4477161	.2296131	.3226708	0
468.15	0	.4476768	.2296781	.3226451	0
467.15	0	.4476377	.2297429	.3226194	0
466.15	0	.4475987	.2298075	.3225938	0
465.15	0	.4475598	.2298719	.3225683	0
464.15	0	.4475211	.2299362	.3225428	0
463.15	0	.4474825	.2300002	.3225173	0
462.15	0	.447444	.2300641	.3224919	0
461.15	0	.4474056	.2301278	.3224666	0
460.15	0	.4473674	.2301913	.3224413	0
459.15	0	.4473293	.2302547	.3224161	0
458.15	0	.4472913	.2303178	.3223909	0
457.15	0	.4472534	.2303808	.3223658	0
456.15	0	.4472157	.2304436	.3223408	0
455.15	0	.4471781	.2305062	.3223158	0
454.15	0	.4471406	.2305686	.3222908	0
453.15	0	.4471032	.2306308	.322266	0
452.15	0	.447066	.2306929	.3222412	0
451.15	0	.4470289	.2307547	.3222164	0
450.15	0	.4469919	.2308164	.3221917	0
449.15	0	.4469551	.2308778	.3221671	0
448.15	0	.4469184	.2309391	.3221425	0
447.15	0	.4468818	.2310001	.3221181	0
446.15	0	.4468454	.231061	.3220936	0
445.15	0	.4468091	.2311216	.3220693	0
444.15	0	.446773	.2311821	.322045	0
443.15	0	.4467369	.2312423	.3220208	0
442.15	0	.4467011	.2313023	.3219966	0
441.15	0	.4466653	.2313621	.3219726	0
440.15	0	.4466297	.2314217	.3219486	0
439.15	0	.4465943	.231481	.3219247	0
438.15	0	.446559	.2315401	.3219009	0
437.15	0	.4465239	.231599	.3218771	0
436.15	0	.4464889	.2316577	.3218534	0
435.15	0	.4464541	.2317161	.3218298	0
434.15	0	.4464194	.2317742	.3218063	0
433.15	0	.4463849	.2318322	.3217829	0
432.15	0	.4463506	.2318899	.3217596	0
431.15	0	.4463164	.2319473	.3217363	0
430.15	0	.4462823	.2320045	.3217132	0
429.15	0	.4462485	.2320614	.3216901	0
428.15	0	.4462148	.2321181	.3216671	0
427.15	0	.4461812	.2321746	.3216442	0
426.15	0	.4461479	.2322307	.3216214	0
425.15	0	.4461146	.2322867	.3215987	0
424.15	0	.4460816	.2323423	.3215761	0
423.15	0	.4460487	.2323977	.3215536	0
422.15	0	.446016	.2324529	.3215311	0
421.15	0	.4459834	.2325078	.3215088	0
420.15	0	.445951	.2325624	.3214866	0
419.15	0	.4459188	.2326168	.3214644	0
418.15	0	.4458868	.2326709	.3214424	0
417.15	0	.4458549	.2327247	.3214204	0
416.15	0	.4458232	.2327783	.3213986	0
415.15	0	.4457916	.2328316	.3213768	0
414.15	0	.4457602	.2328846	.3213552	0
413.15	0	.445729	.2329374	.3213336	0
412.15	0	.4456979	.2329899	.3213121	0
411.15	0	.445667	.2330422	.3212908	0
410.15	0	.4456363	.2330942	.3212695	0
409.15	0	.4456058	.2331459	.3212484	0
408.15	0	.4455754	.2331974	.3212273	0
407.15	0	.4455451	.2332485	.3212063	0
