T	 BPW(LIQUID)	BPW(BCC_A2)	BPW(FCC_A1)	BPW(LAVES_PHASE_C14)	BPW(NI3TI)
1473.15	.1121632	.8878368	0	0	0
1472.15	.1091439	.8908561	0	0	0
1471.15	.1061498	.8938502	0	0	0
1470.15	.103181	.8968191	0	0	0
1469.15	.100237	.899763	0	0	0
1468.15	.09731775	.9026823	0	0	0
1467.15	.09442304	.905577	0	0	0
1466.15	.09155265	.9084473	0	0	0
1465.15	.08870637	.9112936	0	0	0
1464.15	.08588402	.914116	0	0	0
1463.15	.0830854	.9169146	0	0	0
1462.15	.0803103	.9196897	0	0	0
1461.15	.07755853	.9224415	0	0	0
1460.15	.07482989	.9251701	0	0	0
1459.15	.0721242	.9278758	0	0	0
1458.15	.06944125	.9305587	0	0	0
1457.15	.06678086	.9332191	0	0	0
1456.15	.06414284	.9358572	0	0	0
1455.15	.061527	.938473	0	0	0
1454.15	.05893314	.9410669	0	0	0
1453.15	.05636108	.9436389	0	0	0
1452.15	.05381064	.9461894	0	0	0
1451.15	.05128163	.9487184	0	0	0
1450.15	.04877386	.9512261	0	0	0
1449.77	.04782555	.9521745	0	0	0
1449.77	.04782555	.9521745	0	0	0
1449.77	.04782555	.9521745	0	0	0
1449.15	.045345	.9536872	0	9.678215E-04	0
1448.15	.04139354	.9560916	0	.002514808	0
1447.15	.03750465	.9584516	0	.00404377	0
1446.15	.03367683	.960768	0	.005555145	0
1445.15	.02990866	.963042	0	.007049358	0
1444.15	.02619874	.9652744	0	.008526821	0
1443.15	.02254571	.9674664	0	.009987933	0
1442.15	.01894828	.9696186	0	.01143308	0
1441.15	.01540515	.9717322	0	.01286264	0
1440.15	.0119151	.9738079	0	.01427698	0
1439.15	.008476926	.9758466	0	.01567644	0
1438.15	.005089458	.9778492	0	.01706138	0
1437.15	.001751564	.9798163	0	.01843212	0
1436.619	0	.9808461	0	.01915387	0
1436.619	0	.9808461	0	.01915387	0
1436.15	0	.9804756	0	.01952442	0
1435.15	0	.9796875	0	.02031253	0
1434.15	0	.9789013	0	.02109871	0
1433.15	0	.978117	0	.02188296	0
1432.15	0	.9773347	0	.02266531	0
1431.15	0	.9765543	0	.02344574	0
1430.15	0	.9757757	0	.02422427	0
1429.15	0	.9749991	0	.0250009	0
1428.15	0	.9742244	0	.02577565	0
1427.15	0	.9734515	0	.02654852	0
1426.15	0	.9726805	0	.02731951	0
1425.15	0	.9719114	0	.02808863	0
1424.15	0	.9711441	0	.02885589	0
1423.15	0	.9703787	0	.0296213	0
1422.15	0	.9696151	0	.03038485	0
1421.15	0	.9688534	0	.03114657	0
1420.15	0	.9680936	0	.03190645	0
1419.15	0	.9673355	0	.0326645	0
1418.15	0	.9665793	0	.03342072	0
1417.15	0	.9658249	0	.03417513	0
1416.15	0	.9650723	0	.03492773	0
1415.15	0	.9643215	0	.03567853	0
1414.15	0	.9635725	0	.03642753	0
1413.15	0	.9628253	0	.03717473	0
1412.15	0	.9620798	0	.03792016	0
1411.15	0	.9613362	0	.0386638	0
1410.15	0	.9605943	0	.03940567	0
1409.15	0	.9598542	0	.04014577	0
1408.15	0	.9591159	0	.04088411	0
1407.15	0	.9583793	0	.0416207	0
1406.15	0	.9576445	0	.04235554	0
1405.15	0	.9569114	0	.04308863	0
1404.15	0	.95618	0	.04381999	0
1403.15	0	.9554504	0	.04454962	0
1402.15	0	.9547225	0	.04527753	0
1401.15	0	.9539963	0	.04600371	0
1400.15	0	.9532718	0	.04672818	0
1399.15	0	.9525491	0	.04745095	0
1398.15	0	.951828	0	.04817201	0
1397.15	0	.9511086	0	.04889138	0
1396.15	0	.9503909	0	.04960906	0
1395.15	0	.949675	0	.05032505	0
1394.15	0	.9489606	0	.05103936	0
1393.15	0	.948248	0	.05175201	0
1392.15	0	.947537	0	.05246298	0
1391.15	0	.9468277	0	.05317229	0
1390.15	0	.9461201	0	.05387995	0
1389.15	0	.945414	0	.05458596	0
1388.15	0	.9447097	0	.05529032	0
1387.15	0	.944007	0	.05599304	0
1386.15	0	.9433059	0	.05669413	0
1385.15	0	.9426064	0	.05739359	0
1384.15	0	.9419086	0	.05809143	0
1383.15	0	.9412124	0	.05878765	0
1382.15	0	.9405177	0	.05948226	0
1381.15	0	.9398247	0	.06017526	0
1380.15	0	.9391333	0	.06086666	0
1379.15	0	.9384435	0	.06155646	0
1378.15	0	.9377553	0	.06224467	0
1377.15	0	.9370687	0	.0629313	0
1376.15	0	.9363837	0	.06361635	0
1375.15	0	.9357002	0	.06429982	0
1374.15	0	.9350183	0	.06498172	0
1373.15	0	.9343379	0	.06566205	0
1372.15	0	.9336592	0	.06634083	0
1371.15	0	.9329819	0	.06701805	0
1370.15	0	.9323063	0	.06769372	0
1369.15	0	.9316322	0	.06836785	0
1368.15	0	.9309596	0	.06904044	0
1367.15	0	.9302885	0	.06971149	0
1366.15	0	.929619	0	.07038102	0
1365.15	0	.928951	0	.07104901	0
1364.15	0	.9282845	0	.07171549	0
1363.15	0	.9276195	0	.07238046	0
1362.15	0	.9269561	0	.07304392	0
1361.15	0	.9262941	0	.07370587	0
1360.15	0	.9256337	0	.07436632	0
1359.15	0	.9249747	0	.07502527	0
1358.15	0	.9243173	0	.07568274	0
1357.15	0	.9236613	0	.07633872	0
1356.15	0	.9230068	0	.07699322	0
1355.15	0	.9223538	0	.07764624	0
1354.15	0	.9217022	0	.07829779	0
1353.15	0	.9210521	0	.07894788	0
1352.15	0	.9204035	0	.0795965	0
1351.15	0	.9197563	0	.08024367	0
1350.15	0	.9191106	0	.08088938	0
1349.15	0	.9184663	0	.08153365	0
1348.15	0	.9178235	0	.08217647	0
1347.15	0	.9171822	0	.08281785	0
1346.15	0	.9165422	0	.0834578	0
1345.15	0	.9159037	0	.08409632	0
1344.15	0	.9152666	0	.08473341	0
1343.15	0	.9146309	0	.08536909	0
1342.15	0	.9139967	0	.08600334	0
1341.15	0	.9133638	0	.08663619	0
1340.15	0	.9127324	0	.08726763	0
1339.15	0	.9121023	0	.08789766	0
1338.15	0	.9114737	0	.0885263	0
1337.15	0	.9108465	0	.08915354	0
1336.15	0	.9102206	0	.08977939	0
1335.15	0	.9095961	0	.09040386	0
1334.15	0	.9089731	0	.09102695	0
1333.15	0	.9083513	0	.09164865	0
1332.15	0	.907731	0	.09226899	0
1331.15	0	.907112	0	.09288796	0
1330.15	0	.9064944	0	.09350556	0
1329.15	0	.9058782	0	.09412181	0
1328.15	0	.9052633	0	.09473669	0
1327.15	0	.9046498	0	.09535023	0
1326.15	0	.9040376	0	.09596242	0
1325.15	0	.9034267	0	.09657327	0
1324.15	0	.9028172	0	.09718277	0
1323.15	0	.9022091	0	.09779094	0
1322.15	0	.9016022	0	.09839778	0
1321.15	0	.9009967	0	.0990033	0
1320.15	0	.9003925	0	.09960749	0
1319.15	0	.8997896	0	.1002104	0
1318.15	0	.8991881	0	.1008119	0
1317.15	0	.8985878	0	.1014122	0
1316.15	0	.8979889	0	.1020111	0
1315.15	0	.8973913	0	.1026087	0
1314.15	0	.8967949	0	.1032051	0
1313.15	0	.8961999	0	.1038001	0
1312.15	0	.8956061	0	.1043939	0
1311.15	0	.8950137	0	.1049863	0
1310.15	0	.8944225	0	.1055775	0
1309.15	0	.8938326	0	.1061674	0
1308.15	0	.893244	0	.106756	0
1307.15	0	.8926566	0	.1073434	0
1306.15	0	.8920705	0	.1079295	0
1305.15	0	.8914857	0	.1085143	0
1304.15	0	.8909021	0	.1090979	0
1303.15	0	.8903198	0	.1096802	0
1302.15	0	.8897388	0	.1102612	0
1301.15	0	.889159	0	.110841	0
1300.15	0	.8885804	0	.1114196	0
1299.15	0	.8880031	0	.1119969	0
1298.15	0	.887427	0	.112573	0
1297.15	0	.8868522	0	.1131478	0
1296.15	0	.8862786	0	.1137214	0
1295.15	0	.8857062	0	.1142938	0
1294.15	0	.885135	0	.114865	0
1293.15	0	.8845651	0	.1154349	0
1292.15	0	.8839964	0	.1160036	0
1291.15	0	.8834289	0	.1165711	0
1290.15	0	.8828626	0	.1171374	0
1289.15	0	.8822975	0	.1177025	0
1288.15	0	.8817336	0	.1182664	0
1287.15	0	.8811709	0	.1188291	0
1286.15	0	.8806094	0	.1193906	0
1285.15	0	.8800491	0	.1199509	0
1284.15	0	.87949	0	.12051	0
1283.15	0	.878932	0	.121068	0
1282.15	0	.8783753	0	.1216247	0
1281.15	0	.8778197	0	.1221803	0
1280.15	0	.8772653	0	.1227347	0
1279.15	0	.8767121	0	.1232879	0
1278.15	0	.87616	0	.12384	0
1277.15	0	.8756091	0	.1243909	0
1276.15	0	.8750594	0	.1249406	0
1275.15	0	.8745108	0	.1254892	0
1274.15	0	.8739634	0	.1260366	0
1273.15	0	.8734172	0	.1265828	0
1272.15	0	.872872	0	.127128	0
1271.15	0	.8723281	0	.1276719	0
1270.15	0	.8717852	0	.1282148	0
1269.15	0	.8712435	0	.1287565	0
1268.15	0	.870703	0	.129297	0
1267.15	0	.8701636	0	.1298364	0
1266.15	0	.8696253	0	.1303747	0
1265.15	0	.8690881	0	.1309119	0
1264.15	0	.868552	0	.131448	0
1263.15	0	.8680171	0	.1319829	0
1262.15	0	.8674833	0	.1325167	0
1261.15	0	.8669506	0	.1330494	0
1260.15	0	.866419	0	.133581	0
1259.15	0	.8658886	0	.1341114	0
1258.15	0	.8653592	0	.1346408	0
1257.15	0	.8648309	0	.1351691	0
1256.15	0	.8643037	0	.1356963	0
1255.15	0	.8637777	0	.1362223	0
1254.15	0	.8632527	0	.1367473	0
1253.15	0	.8627288	0	.1372712	0
1252.15	0	.862206	0	.137794	0
1251.15	0	.8616842	0	.1383158	0
1250.15	0	.8611636	0	.1388364	0
1249.15	0	.860644	0	.139356	0
1248.15	0	.8601255	0	.1398745	0
1247.15	0	.8596081	0	.1403919	0
1246.15	0	.8590917	0	.1409083	0
1245.15	0	.8585764	0	.1414236	0
1244.15	0	.8580622	0	.1419378	0
1243.15	0	.857549	0	.142451	0
1242.15	0	.8570369	0	.1429631	0
1241.15	0	.8565259	0	.1434741	0
1240.15	0	.8560159	0	.1439841	0
1239.15	0	.8555069	0	.1444931	0
1238.15	0	.854999	0	.145001	0
1237.15	0	.8544921	0	.1455079	0
1236.15	0	.8539863	0	.1460137	0
1235.15	0	.8534815	0	.1465185	0
1234.15	0	.8529777	0	.1470223	0
1233.15	0	.852475	0	.147525	0
1232.15	0	.8519733	0	.1480267	0
1231.15	0	.8514726	0	.1485274	0
1230.15	0	.850973	0	.149027	0
1229.15	0	.8504744	0	.1495257	0
1228.15	0	.8499767	0	.1500233	0
1227.15	0	.8494801	0	.1505199	0
1226.15	0	.8489846	0	.1510154	0
1225.15	0	.84849	0	.15151	0
1224.15	0	.8479964	0	.1520036	0
1223.15	0	.8475039	0	.1524961	0
1222.15	0	.8470123	0	.1529877	0
1221.15	0	.8465217	0	.1534783	0
1220.15	0	.8460322	0	.1539678	0
1219.15	0	.8455436	0	.1544564	0
1218.15	0	.8450561	0	.154944	0
1217.15	0	.8445695	0	.1554305	0
1216.15	0	.8440839	0	.1559161	0
1215.15	0	.8435993	0	.1564007	0
1214.15	0	.8431156	0	.1568844	0
1213.15	0	.842633	0	.157367	0
1212.15	0	.8421513	0	.1578487	0
1211.15	0	.8416706	0	.1583294	0
1210.15	0	.8411909	0	.1588091	0
1209.15	0	.8407121	0	.1592879	0
1208.15	0	.8402343	0	.1597657	0
1207.15	0	.8397575	0	.1602425	0
1206.15	0	.8392816	0	.1607184	0
1205.15	0	.8388067	0	.1611933	0
1204.15	0	.8383328	0	.1616673	0
1203.15	0	.8378598	0	.1621402	0
1202.15	0	.8373877	0	.1626123	0
1201.15	0	.8369166	0	.1630834	0
1200.15	0	.8364465	0	.1635535	0
1199.15	0	.8359773	0	.1640227	0
1198.15	0	.835509	0	.164491	0
1197.15	0	.8350417	0	.1649583	0
1196.15	0	.8345753	0	.1654247	0
1195.15	0	.8341099	0	.1658901	0
1194.15	0	.8336453	0	.1663547	0
1193.15	0	.8331818	0	.1668182	0
1192.15	0	.8327191	0	.1672809	0
1191.15	0	.8322574	0	.1677426	0
1190.15	0	.8317966	0	.1682034	0
1189.15	0	.8313367	0	.1686633	0
1188.15	0	.8308778	0	.1691222	0
1187.15	0	.8304197	0	.1695803	0
1186.15	0	.8299626	0	.1700374	0
1185.15	0	.8295064	0	.1704936	0
1184.15	0	.8290511	0	.1709489	0
1183.15	0	.8285967	0	.1714033	0
1182.15	0	.8281432	0	.1718568	0
1181.15	0	.8276906	0	.1723094	0
1180.15	0	.8272389	0	.1727611	0
1179.15	0	.8267882	0	.1732118	0
1178.15	0	.8263383	0	.1736617	0
1177.15	0	.8258893	0	.1741107	0
1176.15	0	.8254412	0	.1745588	0
1175.15	0	.824994	0	.175006	0
1174.15	0	.8245477	0	.1754523	0
1173.15	0	.8241023	0	.1758977	0
1172.15	0	.8236577	0	.1763423	0
1171.15	0	.8232141	0	.1767859	0
1170.15	0	.8227713	0	.1772287	0
1169.15	0	.8223294	0	.1776706	0
1168.15	0	.8218884	0	.1781116	0
1167.15	0	.8214482	0	.1785518	0
1166.15	0	.821009	0	.178991	0
1165.15	0	.8205706	0	.1794294	0
1164.15	0	.820133	0	.179867	0
1163.15	0	.8196964	0	.1803036	0
1162.15	0	.8192606	0	.1807394	0
1161.15	0	.8188256	0	.1811744	0
1160.15	0	.8183915	0	.1816085	0
1159.15	0	.8179583	0	.1820417	0
1158.15	0	.817526	0	.182474	0
1157.15	0	.8170945	0	.1829055	0
1156.15	0	.8166638	0	.1833362	0
1155.15	0	.816234	0	.183766	0
1154.15	0	.815805	0	.184195	0
1153.15	0	.8153769	0	.1846231	0
1152.15	0	.8149497	0	.1850503	0
1151.15	0	.8145233	0	.1854767	0
1150.15	0	.8140977	0	.1859023	0
1149.15	0	.8136729	0	.1863271	0
1148.15	0	.813249	0	.186751	0
1147.15	0	.812826	0	.187174	0
1146.15	0	.8124038	0	.1875963	0
1145.15	0	.8119824	0	.1880177	0
1144.15	0	.8115618	0	.1884382	0
1143.15	0	.811142	0	.188858	0
1142.15	0	.8107231	0	.1892769	0
1141.15	0	.810305	0	.189695	0
1140.15	0	.8098878	0	.1901122	0
1139.15	0	.8094713	0	.1905287	0
1138.15	0	.8090557	0	.1909443	0
1137.15	0	.8086409	0	.1913591	0
1136.15	0	.8082269	0	.1917731	0
1135.15	0	.8078137	0	.1921863	0
1134.15	0	.8074014	0	.1925986	0
1133.15	0	.8069898	0	.1930102	0
1132.15	0	.8065791	0	.193421	0
1131.15	0	.8061691	0	.1938309	0
1130.15	0	.80576	0	.19424	0
1129.15	0	.8053516	0	.1946484	0
1128.15	0	.8049441	0	.1950559	0
1127.15	0	.8045374	0	.1954626	0
1126.15	0	.8041314	0	.1958686	0
1125.15	0	.8037263	0	.1962737	0
1124.15	0	.803322	0	.196678	0
1123.15	0	.8029184	0	.1970816	0
1122.15	0	.8025157	0	.1974844	0
1121.15	0	.8021137	0	.1978863	0
1120.15	0	.8017125	0	.1982875	0
1119.15	0	.8013121	0	.1986879	0
1118.15	0	.8009125	0	.1990875	0
1117.15	0	.8005137	0	.1994863	0
1116.15	0	.8001156	0	.1998844	0
1115.15	0	.7997184	0	.2002816	0
1114.15	0	.7993219	0	.2006781	0
1113.15	0	.7989262	0	.2010738	0
1112.15	0	.7985312	0	.2014688	0
1111.15	0	.7981371	0	.2018629	0
1110.15	0	.7977437	0	.2022563	0
1109.15	0	.7973511	0	.2026489	0
1108.15	0	.7969592	0	.2030408	0
1107.15	0	.7965681	0	.2034319	0
1106.15	0	.7961778	0	.2038222	0
1105.15	0	.7957882	0	.2042118	0
1104.15	0	.7953994	0	.2046006	0
1103.15	0	.7950114	0	.2049886	0
1102.15	0	.7946241	0	.2053759	0
1101.15	0	.7942376	0	.2057624	0
1100.15	0	.7938519	0	.2061481	0
1099.15	0	.7934669	0	.2065331	0
1098.15	0	.7930826	0	.2069174	0
1097.15	0	.7926991	0	.2073009	0
1096.15	0	.7923164	0	.2076836	0
1095.15	0	.7919344	0	.2080656	0
1094.15	0	.7915531	0	.2084469	0
1093.15	0	.7911726	0	.2088274	0
1092.15	0	.7907928	0	.2092072	0
1091.15	0	.7904138	0	.2095862	0
1090.15	0	.7900356	0	.2099644	0
1089.15	0	.789658	0	.210342	0
1088.15	0	.7892812	0	.2107188	0
1087.15	0	.7889052	0	.2110948	0
1086.15	0	.7885298	0	.2114702	0
1085.15	0	.7881552	0	.2118447	0
1084.15	0	.7877814	0	.2122186	0
1083.15	0	.7874083	0	.2125917	0
1082.15	0	.7870359	0	.2129641	0
1081.15	0	.7866642	0	.2133358	0
1080.15	0	.7862933	0	.2137067	0
1079.15	0	.7859231	0	.2140769	0
1078.15	0	.7855536	0	.2144464	0
1077.15	0	.7851848	0	.2148152	0
1076.15	0	.7848168	0	.2151832	0
1075.15	0	.7844495	0	.2155505	0
1074.15	0	.7840829	0	.2159171	0
1073.15	0	.783717	0	.216283	0
1072.15	0	.7833518	0	.2166482	0
1071.15	0	.7829874	0	.2170126	0
1070.15	0	.7826236	0	.2173764	0
1069.15	0	.7822606	0	.2177394	0
1068.15	0	.7818983	0	.2181017	0
1067.15	0	.7815367	0	.2184633	0
1066.15	0	.7811758	0	.2188242	0
1065.15	0	.7808156	0	.2191844	0
1064.15	0	.7804562	0	.2195438	0
1063.15	0	.7800974	0	.2199026	0
1062.15	0	.7797393	0	.2202607	0
1061.15	0	.7793819	0	.2206181	0
1060.15	0	.7790253	0	.2209747	0
1059.15	0	.7786693	0	.2213307	0
1058.15	0	.7783141	0	.2216859	0
1057.15	0	.7779595	0	.2220405	0
1056.15	0	.7776056	0	.2223944	0
1055.15	0	.7772525	0	.2227475	0
1054.15	0	.7769	0	.2231	0
1053.15	0	.7765482	0	.2234518	0
1052.15	0	.7761971	0	.2238029	0
1051.15	0	.7758467	0	.2241533	0
1050.15	0	.775497	0	.224503	0
1049.15	0	.775148	0	.224852	0
1048.15	0	.7747996	0	.2252004	0
1047.15	0	.774452	0	.225548	0
1046.15	0	.774105	0	.225895	0
1045.15	0	.7737587	0	.2262413	0
1044.15	0	.7734131	0	.2265869	0
1043.15	0	.7730682	0	.2269318	0
1042.15	0	.772724	0	.227276	0
1041.15	0	.7723804	0	.2276196	0
1040.15	0	.7720375	0	.2279625	0
1039.15	0	.7716953	0	.2283047	0
1038.15	0	.7713538	0	.2286462	0
1037.15	0	.771013	0	.228987	0
1036.15	0	.7706728	0	.2293272	0
1035.15	0	.7703333	0	.2296667	0
1034.15	0	.7699944	0	.2300056	0
1033.15	0	.7696563	0	.2303437	0
1032.15	0	.7693188	0	.2306812	0
1031.15	0	.768982	0	.231018	0
1030.15	0	.7686458	0	.2313542	0
1029.15	0	.7683103	0	.2316897	0
1028.15	0	.7679755	0	.2320245	0
1027.15	0	.7676413	0	.2323587	0
1026.15	0	.7673078	0	.2326922	0
1025.15	0	.766975	0	.233025	0
1024.15	0	.7666428	0	.2333572	0
1023.15	0	.7663113	0	.2336887	0
1022.15	0	.7659805	0	.2340196	0
1021.15	0	.7656503	0	.2343497	0
1020.15	0	.7653207	0	.2346793	0
1019.15	0	.7649918	0	.2350082	0
1018.15	0	.7646636	0	.2353364	0
1017.15	0	.764336	0	.235664	0
1016.15	0	.7640091	0	.2359909	0
1015.15	0	.7636829	0	.2363172	0
1014.15	0	.7633572	0	.2366428	0
1013.15	0	.7630323	0	.2369677	0
1012.15	0	.762708	0	.2372921	0
1011.15	0	.7623843	0	.2376157	0
1010.15	0	.7620613	0	.2379387	0
1009.15	0	.7617389	0	.2382611	0
1008.15	0	.7614172	0	.2385828	0
1007.15	0	.7610961	0	.2389039	0
1006.15	0	.7607756	0	.2392244	0
1005.15	0	.7604558	0	.2395442	0
1004.15	0	.7601367	0	.2398633	0
1003.15	0	.7598182	0	.2401818	0
1002.15	0	.7595003	0	.2404997	0
1001.15	0	.7591831	0	.2408169	0
1000.15	0	.7588665	0	.2411335	0
999.15	0	.7585505	0	.2414495	0
998.15	0	.7582352	0	.2417648	0
997.15	0	.7579205	0	.2420795	0
996.15	0	.7576065	0	.2423935	0
995.15	0	.7572931	0	.242707	0
994.15	0	.7569803	0	.2430197	0
993.15	0	.7566681	0	.2433319	0
992.15	0	.7563566	0	.2436434	0
991.15	0	.7560457	0	.2439543	0
990.15	0	.7557355	0	.2442645	0
989.15	0	.7554258	0	.2445742	0
988.15	0	.7551168	0	.2448832	0
987.15	0	.7548085	0	.2451915	0
986.15	0	.7545007	0	.2454993	0
985.15	0	.7541936	0	.2458064	0
984.15	0	.7538871	0	.2461129	0
983.15	0	.7535813	0	.2464188	0
982.15	0	.753276	0	.246724	0
981.15	0	.7529714	0	.2470286	0
980.15	0	.7526674	0	.2473326	0
979.15	0	.752364	0	.247636	0
978.15	0	.7520613	0	.2479387	0
977.15	0	.7517591	0	.2482409	0
976.15	0	.7514576	0	.2485424	0
975.15	0	.7511567	0	.2488433	0
974.15	0	.7508564	0	.2491436	0
973.15	0	.7505567	0	.2494433	0
972.15	0	.7502577	0	.2497423	0
971.15	0	.7499593	0	.2500407	0
970.15	0	.7496615	0	.2503386	0
969.15	0	.7493643	0	.2506357	0
968.15	0	.7490677	0	.2509323	0
967.15	0	.7487717	0	.2512283	0
966.15	0	.7484763	0	.2515237	0
965.15	0	.7481815	0	.2518185	0
964.15	0	.7478874	0	.2521126	0
963.15	0	.7475939	0	.2524061	0
962.15	0	.7473009	0	.2526991	0
961.15	0	.7470086	0	.2529914	0
960.15	0	.7467169	0	.2532831	0
959.15	0	.7464258	0	.2535742	0
958.15	0	.7461353	0	.2538647	0
957.15	0	.7458454	0	.2541546	0
956.15	0	.7455561	0	.2544439	0
955.15	0	.7452675	0	.2547325	0
954.15	0	.7449794	0	.2550206	0
953.15	0	.7446919	0	.2553081	0
952.15	0	.744405	0	.255595	0
951.15	0	.7441188	0	.2558812	0
950.15	0	.7438331	0	.2561669	0
949.15	0	.743548	0	.256452	0
948.15	0	.7432636	0	.2567364	0
947.15	0	.7429797	0	.2570203	0
946.15	0	.7426964	0	.2573036	0
945.15	0	.7424137	0	.2575863	0
944.15	0	.7421317	0	.2578683	0
943.15	0	.7418502	0	.2581498	0
942.15	0	.7415693	0	.2584307	0
941.15	0	.741289	0	.258711	0
940.15	0	.7410094	0	.2589907	0
939.15	0	.7407303	0	.2592697	0
938.15	0	.7404518	0	.2595482	0
937.15	0	.7401739	0	.2598262	0
936.15	0	.7398965	0	.2601035	0
935.15	0	.7396198	0	.2603802	0
934.15	0	.7393437	0	.2606563	0
933.15	0	.7390682	0	.2609318	0
932.15	0	.7387932	0	.2612068	0
931.15	0	.7385189	0	.2614811	0
930.15	0	.7382451	0	.2617549	0
929.15	0	.7379719	0	.2620281	0
928.15	0	.7376993	0	.2623007	0
927.15	0	.7374273	0	.2625727	0
926.15	0	.7371559	0	.2628441	0
925.15	0	.7368851	0	.2631149	0
924.15	0	.7366149	0	.2633851	0
923.15	0	.7363452	0	.2636548	0
922.15	0	.7360762	0	.2639239	0
921.15	0	.7358077	0	.2641923	0
920.15	0	.7355398	0	.2644602	0
919.15	0	.7352725	0	.2647275	0
918.15	0	.7350057	0	.2649943	0
917.15	0	.7347396	0	.2652604	0
916.15	0	.7344741	0	.265526	0
915.15	0	.7342091	0	.2657909	0
914.15	0	.7339447	0	.2660553	0
913.15	0	.7336809	0	.2663191	0
912.15	0	.7334176	0	.2665824	0
911.15	0	.733155	0	.266845	0
910.15	0	.7328929	0	.2671071	0
909.15	0	.7326314	0	.2673686	0
908.15	0	.7323705	0	.2676295	0
907.15	0	.7321102	0	.2678898	0
906.15	0	.7318504	0	.2681496	0
905.15	0	.7315913	0	.2684087	0
904.15	0	.7313327	0	.2686673	0
903.15	0	.7310747	0	.2689254	0
902.15	0	.7308172	0	.2691828	0
901.15	0	.7305603	0	.2694397	0
900.15	0	.730304	0	.269696	0
899.15	0	.7300483	0	.2699517	0
898.15	0	.7297932	0	.2702068	0
897.2259	0	.729558	0	.270442	0
897.2259	0	.729558	0	.270442	0
897.2259	0	.729558	0	.270442	0
897.15	0	.7294988	4.589455E-05	.2704553	0
896.15	0	.7287204	6.501321E-04	.2706295	0
895.15	0	.7279432	.001254082	.2708027	0
894.15	0	.7271674	.001857767	.2709748	0
893.15	0	.7263928	.002461209	.271146	0
892.15	0	.7256194	.003064433	.2713161	0
891.15	0	.7248473	.003667463	.2714852	0
890.15	0	.7240764	.004270322	.2716533	0
889.15	0	.7233067	.004873037	.2718203	0
888.15	0	.7225381	.005475632	.2719863	0
887.15	0	.7217707	.006078134	.2721512	0
886.15	0	.7210044	.006680569	.272315	0
885.15	0	.7202392	.007282964	.2724778	0
884.15	0	.7194751	.007885348	.2726395	0
883.15	0	.7187121	.008487748	.2728001	0
882.15	0	.7179501	.009090193	.2729597	0
881.15	0	.7171892	.009692713	.2731181	0
880.15	0	.7164292	.01029534	.2732755	0
879.15	0	.7156702	.0108981	.2734317	0
878.15	0	.7149122	.01150103	.2735868	0
877.15	0	.7141551	.01210415	.2737408	0
876.15	0	.7133989	.01270751	.2738936	0
875.15	0	.7126436	.01331114	.2740453	0
874.15	0	.7118891	.01391506	.2741959	0
873.15	0	.7111354	.01451932	.2743453	0
872.15	0	.7103826	.01512395	.2744935	0
871.15	0	.7096305	.01572899	.2746405	0
870.15	0	.7088792	.01633447	.2747864	0
869.15	0	.7081285	.01694043	.274931	0
868.15	0	.7073786	.01754692	.2750745	0
867.15	0	.7066293	.01815396	.2752167	0
866.15	0	.7058806	.01876161	.2753577	0
865.15	0	.7051326	.01936991	.2754975	0
864.15	0	.704385	.01997889	.2756361	0
863.15	0	.7036381	.0205886	.2757733	0
862.15	0	.7028916	.02119908	.2759093	0
861.15	0	.7021455	.02181039	.2760441	0
860.15	0	.7013999	.02242256	.2761775	0
859.15	0	.7006547	.02303566	.2763097	0
858.15	0	.6999098	.02364971	.2764405	0
857.15	0	.6991652	.02426479	.27657	0
856.15	0	.6984209	.02488093	.2766982	0
855.15	0	.6976768	.02549819	.276825	0
854.15	0	.6969329	.02611662	.2769504	0
853.15	0	.6961892	.02673629	.2770745	0
852.15	0	.6954456	.02735724	.2771972	0
851.15	0	.694702	.02797954	.2773185	0
850.15	0	.6939584	.02860325	.2774383	0
849.15	0	.6932149	.02922842	.2775567	0
848.15	0	.6924712	.02985513	.2776737	0
847.15	0	.6917274	.03048344	.2777892	0
846.15	0	.6909834	.0311134	.2779032	0
845.15	0	.6902392	.03174511	.2780157	0
844.15	0	.6894947	.03237861	.2781267	0
843.15	0	.6887498	.03301399	.2782362	0
842.15	0	.6880046	.03365133	.2783441	0
841.15	0	.6872589	.03429069	.2784504	0
840.15	0	.6865127	.03493216	.2785552	0
839.15	0	.6857659	.03557582	.2786583	0
838.15	0	.6850185	.03622175	.2787598	0
837.15	0	.6842703	.03687005	.2788596	0
836.15	0	.6835214	.0375208	.2789578	0
835.15	0	.6827717	.03817409	.2790543	0
834.15	0	.682021	.03883002	.279149	0
833.15	0	.6812693	.03948869	.279242	0
832.15	0	.6805166	.04015021	.2793332	0
831.15	0	.6797627	.04081467	.2794227	0
830.15	0	.6790075	.04148218	.2795103	0
829.15	0	.6782511	.04215287	.279596	0
828.15	0	.6774933	.04282684	.2796799	0
827.15	0	.6767339	.04350422	.2797619	0
826.15	0	.675973	.04418513	.2798419	0
825.15	0	.6752103	.04486971	.2799199	0
824.15	0	.6744459	.04555809	.279996	0
823.15	0	.6736796	.04625042	.28007	0
822.15	0	.6729113	.04694683	.2801419	0
821.15	0	.6721408	.04764748	.2802117	0
820.15	0	.6713681	.04835254	.2802794	0
819.15	0	.670593	.04906216	.2803449	0
818.15	0	.6698154	.04977652	.2804081	0
817.15	0	.6690352	.0504958	.280469	0
816.15	0	.6682522	.05122019	.2805276	0
815.15	0	.6674662	.05194989	.2805839	0
814.15	0	.6666772	.0526851	.2806377	0
813.15	0	.6658849	.05342603	.280689	0
812.15	0	.6650892	.05417292	.2807379	0
811.15	0	.6642899	.05492601	.2807841	0
810.15	0	.6634868	.05568553	.2808276	0
809.15	0	.6626798	.05645176	.2808685	0
808.15	0	.6618685	.05722498	.2809065	0
807.15	0	.6610528	.05800546	.2809417	0
806.15	0	.6602325	.05879352	.280974	0
805.15	0	.6594072	.05958949	.2810033	0
804.15	0	.6585769	.06039371	.2810294	0
803.15	0	.657741	.06120654	.2810524	0
802.15	0	.6568995	.06202836	.2810721	0
801.15	0	.6560519	.0628596	.2810885	0
800.15	0	.655198	.06370068	.2811013	0
799.15	0	.6543373	.06455206	.2811106	0
798.15	0	.6534703	.06541368	.281116	0
797.15	0	.652595	.06628725	.2811177	0
796.15	0	.6517118	.06717272	.2811155	0
795.15	0	.6508202	.0680707	.2811091	0
794.15	0	.6499198	.06898184	.2810984	0
793.15	0	.6490099	.06990686	.2810833	0
792.15	0	.64809	.07084651	.2810635	0
791.15	0	.6471595	.07180161	.2810389	0
790.15	0	.6462177	.07277308	.2810092	0
789.15	0	.6452639	.07376187	.2809743	0
788.15	0	.6442971	.07476905	.2809338	0
787.15	0	.6433167	.07579579	.2808875	0
786.15	0	.6423216	.07684336	.2808351	0
785.15	0	.6413106	.07791317	.2807762	0
784.15	0	.6402827	.07900679	.2807105	0
783.15	0	.6392365	.08012593	.2806376	0
782.15	0	.6381705	.08127254	.2805569	0
781.15	0	.6370831	.08244877	.2804681	0
780.15	0	.6359724	.08365707	.2803705	0
779.15	0	.6348364	.08490019	.2802634	0
778.15	0	.6336725	.08618129	.2801462	0
777.15	0	.6318347	.08830687	.2798584	0
776.15	0	.6298505	.09062216	.2795274	0
775.15	0	.6279747	.09280883	.2792165	0
774.15	0	.6261964	.09487993	.2789237	0
773.15	0	.6245062	.09684665	.2786472	0
772.15	0	.622896	.09871861	.2783854	0
771.15	0	.6213587	.1005042	.2781371	0
770.15	0	.6198883	.1022107	.2779011	0
769.15	0	.6184793	.1038444	.2776763	0
768.15	0	.617127	.1054112	.2774618	0
767.15	0	.6158273	.1069159	.2772568	0
766.15	0	.6145763	.1083631	.2770606	0
765.15	0	.6133706	.1097568	.2768725	0
764.15	0	.6122073	.1111006	.276692	0
763.15	0	.6110837	.1123978	.2765186	0
762.15	0	.6099971	.1136512	.2763517	0
761.15	0	.6089455	.1148636	.2761909	0
760.15	0	.6079267	.1160375	.2760358	0
759.15	0	.6069389	.117175	.2758862	0
758.15	0	.6059803	.1182781	.2757416	0
757.15	0	.6050494	.1193489	.2756017	0
756.15	0	.6041447	.120389	.2754663	0
755.15	0	.6032649	.1213999	.2753351	0
754.15	0	.6024088	.1223833	.2752079	0
753.15	0	.6015751	.1233404	.2750845	0
752.15	0	.6007629	.1242725	.2749647	0
751.15	0	.599971	.1251808	.2748482	0
750.15	0	.5991987	.1260664	.2747349	0
749.15	0	.598445	.1269303	.2746247	0
748.15	0	.5977091	.1277735	.2745173	0
747.15	0	.5969903	.128597	.2744127	0
746.15	0	.5962878	.1294015	.2743107	0
745.15	0	.595601	.1301878	.2742112	0
744.15	0	.5949293	.1309566	.2741141	0
743.15	0	.5942719	.1317088	.2740193	0
742.15	0	.5936285	.1324449	.2739266	0
741.15	0	.5929985	.1331656	.2738359	0
740.15	0	.5923813	.1338714	.2737473	0
739.15	0	.5917765	.134563	.2736605	0
738.15	0	.5911837	.1352407	.2735755	0
737.15	0	.5906024	.1359053	.2734923	0
736.15	0	.5900322	.136557	.2734107	0
735.15	0	.5894728	.1371965	.2733307	0
734.15	0	.5889238	.137824	.2732523	0
733.15	0	.5883847	.13844	.2731752	0
732.15	0	.5878554	.1390449	.2730996	0
731.15	0	.5873355	.1396391	.2730254	0
730.15	0	.5868247	.1402229	.2729524	0
729.15	0	.5863226	.1407967	.2728807	0
728.15	0	.5858292	.1413607	.2728102	0
727.15	0	.5853439	.1419152	.2727408	0
726.15	0	.5848668	.1424607	.2726726	0
725.15	0	.5843974	.1429973	.2726054	0
724.15	0	.5839355	.1435253	.2725392	0
723.15	0	.583481	.144045	.272474	0
722.15	0	.5830336	.1445566	.2724098	0
721.15	0	.5825932	.1450603	.2723465	0
720.15	0	.5821595	.1455564	.2722841	0
719.15	0	.5817324	.1460451	.2722225	0
718.15	0	.5813116	.1465267	.2721617	0
717.15	0	.5808971	.1470012	.2721018	0
716.15	0	.5804885	.1474689	.2720426	0
715.15	0	.5800859	.14793	.2719842	0
714.15	0	.579689	.1483846	.2719264	0
713.15	0	.5792976	.148833	.2718694	0
712.15	0	.5789117	.1492752	.271813	0
711.15	0	.5785312	.1497115	.2717573	0
710.15	0	.5781557	.1501421	.2717022	0
709.15	0	.5777854	.1505669	.2716477	0
708.15	0	.5774199	.1509863	.2715938	0
707.15	0	.5770593	.1514003	.2715404	0
706.15	0	.5767034	.151809	.2714876	0
705.15	0	.576352	.1522127	.2714353	0
704.15	0	.5760051	.1526113	.2713836	0
703.15	0	.5756626	.1530051	.2713323	0
702.15	0	.5753243	.1533942	.2712815	0
701.15	0	.5749903	.1537786	.2712312	0
700.15	0	.5746603	.1541584	.2711813	0
699.15	0	.5743343	.1545339	.2711319	0
698.15	0	.5740122	.154905	.2710828	0
697.15	0	.5736939	.1552719	.2710342	0
696.15	0	.5733794	.1556346	.270986	0
695.15	0	.5730685	.1559933	.2709382	0
694.15	0	.5727612	.1563481	.2708907	0
693.15	0	.5724574	.156699	.2708436	0
692.15	0	.5721571	.1570461	.2707968	0
691.15	0	.5718601	.1573895	.2707504	0
690.15	0	.5715664	.1577293	.2707043	0
689.15	0	.5712759	.1580655	.2706585	0
688.15	0	.5709886	.1583983	.2706131	0
687.15	0	.5707044	.1587277	.2705679	0
686.15	0	.5704232	.1590537	.270523	0
685.15	0	.570145	.1593765	.2704785	0
684.15	0	.5698698	.1596961	.2704341	0
683.15	0	.5695974	.1600125	.2703901	0
682.15	0	.5693278	.1603259	.2703463	0
681.15	0	.569061	.1606363	.2703028	0
680.15	0	.5687969	.1609437	.2702595	0
679.15	0	.5685354	.1612482	.2702164	0
678.15	0	.5682766	.1615499	.2701735	0
677.15	0	.5680203	.1618488	.2701309	0
676.15	0	.5677665	.1621449	.2700885	0
675.15	0	.5675152	.1624384	.2700464	0
674.15	0	.5672664	.1627293	.2700044	0
673.15	0	.5670199	.1630175	.2699626	0
672.15	0	.5667757	.1633033	.269921	0
671.15	0	.5665339	.1635865	.2698796	0
670.15	0	.5662943	.1638673	.2698384	0
669.15	0	.566057	.1641457	.2697973	0
668.15	0	.5658218	.1644218	.2697565	0
667.15	0	.5655888	.1646955	.2697157	0
666.15	0	.5653579	.1649669	.2696752	0
665.15	0	.565129	.1652362	.2696348	0
664.15	0	.5649023	.1655032	.2695946	0
663.15	0	.5646775	.165768	.2695545	0
662.15	0	.5644547	.1660308	.2695146	0
661.15	0	.5642338	.1662914	.2694748	0
660.15	0	.5640149	.16655	.2694351	0
659.15	0	.5637979	.1668066	.2693956	0
658.15	0	.5635827	.1670612	.2693562	0
657.15	0	.5633693	.1673138	.2693169	0
656.15	0	.5631577	.1675645	.2692778	0
655.15	0	.562948	.1678133	.2692387	0
654.15	0	.5627399	.1680603	.2691998	0
653.15	0	.5625336	.1683054	.269161	0
652.15	0	.5623289	.1685488	.2691223	0
651.15	0	.562126	.1687903	.2690837	0
650.15	0	.5619246	.1690301	.2690453	0
649.15	0	.5617249	.1692682	.2690069	0
648.15	0	.5615268	.1695046	.2689686	0
647.15	0	.5613303	.1697393	.2689304	0
646.15	0	.5611353	.1699724	.2688924	0
645.15	0	.5609418	.1702039	.2688544	0
644.15	0	.5607498	.1704337	.2688165	0
643.15	0	.5605594	.170662	.2687786	0
642.15	0	.5603703	.1708888	.2687409	0
641.15	0	.5601828	.171114	.2687033	0
640.15	0	.5599966	.1713377	.2686657	0
639.15	0	.5598119	.1715599	.2686282	0
638.15	0	.5596285	.1717807	.2685908	0
637.15	0	.5594465	.1720001	.2685534	0
636.15	0	.5592659	.172218	.2685162	0
635.15	0	.5590865	.1724345	.268479	0
634.15	0	.5589085	.1726496	.2684419	0
633.15	0	.5587318	.1728634	.2684048	0
632.15	0	.5585564	.1730758	.2683678	0
631.15	0	.5583822	.1732869	.2683309	0
630.15	0	.5582093	.1734967	.268294	0
629.15	0	.5580376	.1737052	.2682572	0
628.15	0	.5578671	.1739124	.2682205	0
627.15	0	.5576978	.1741184	.2681838	0
626.15	0	.5575297	.1743231	.2681472	0
625.15	0	.5573628	.1745266	.2681106	0
624.15	0	.557197	.1747289	.2680741	0
623.15	0	.5570324	.17493	.2680376	0
622.15	0	.5568689	.1751299	.2680012	0
621.15	0	.5567065	.1753286	.2679649	0
620.15	0	.5565452	.1755262	.2679286	0
619.15	0	.556385	.1757227	.2678923	0
618.15	0	.5562259	.175918	.2678561	0
617.15	0	.5560678	.1761122	.26782	0
616.15	0	.5559108	.1763053	.2677838	0
615.15	0	.5557548	.1764974	.2677478	0
614.15	0	.5555999	.1766884	.2677118	0
613.15	0	.5554459	.1768783	.2676758	0
612.15	0	.555293	.1770672	.2676399	0
611.15	0	.555141	.177255	.267604	0
610.15	0	.5549901	.1774418	.2675681	0
609.15	0	.5548401	.1776276	.2675323	0
608.15	0	.554691	.1778124	.2674965	0
607.15	0	.5545429	.1779962	.2674608	0
606.15	0	.5543958	.1781791	.2674251	0
605.15	0	.5542496	.1783609	.2673895	0
604.15	0	.5541042	.1785419	.2673539	0
603.15	0	.5539599	.1787218	.2673183	0
602.15	0	.5538163	.1789009	.2672828	0
601.15	0	.5536737	.179079	.2672473	0
600.15	0	.553532	.1792562	.2672118	0
599.15	0	.5533911	.1794325	.2671764	0
598.15	0	.5532511	.1796079	.267141	0
597.15	0	.553112	.1797824	.2671056	0
596.15	0	.5529737	.179956	.2670703	0
595.15	0	.5528362	.1801288	.267035	0
594.15	0	.5526996	.1803007	.2669998	0
593.15	0	.5525637	.1804717	.2669646	0
592.15	0	.5524287	.1806419	.2669294	0
591.15	0	.5522945	.1808113	.2668942	0
590.15	0	.5521611	.1809798	.2668591	0
589.15	0	.5520285	.1811475	.266824	0
588.15	0	.5518966	.1813144	.2667889	0
587.15	0	.5517656	.1814805	.2667539	0
586.15	0	.5516353	.1816458	.2667189	0
585.15	0	.5515057	.1818104	.266684	0
584.15	0	.5513769	.1819741	.266649	0
583.15	0	.5512489	.182137	.2666141	0
582.15	0	.5511215	.1822992	.2665792	0
581.15	0	.550995	.1824607	.2665444	0
580.15	0	.5508691	.1826213	.2665096	0
579.15	0	.5507439	.1827813	.2664748	0
578.15	0	.5506195	.1829404	.2664401	0
577.15	0	.5504958	.1830989	.2664053	0
576.15	0	.5503728	.1832566	.2663706	0
575.15	0	.5502504	.1834136	.266336	0
574.15	0	.5501288	.1835699	.2663014	0
573.15	0	.5500078	.1837254	.2662668	0
572.15	0	.5498875	.1838803	.2662322	0
571.15	0	.5497679	.1840345	.2661977	0
570.15	0	.5496489	.1841879	.2661632	0
569.15	0	.5495306	.1843407	.2661287	0
568.15	0	.549413	.1844928	.2660942	0
567.15	0	.549296	.1846442	.2660598	0
566.15	0	.5491796	.184795	.2660254	0
565.15	0	.5490639	.184945	.2659911	0
564.15	0	.5489488	.1850945	.2659568	0
563.15	0	.5488343	.1852432	.2659225	0
562.15	0	.5487205	.1853913	.2658882	0
561.15	0	.5486073	.1855388	.265854	0
560.15	0	.5484947	.1856856	.2658198	0
559.15	0	.5483826	.1858318	.2657856	0
558.15	0	.5482712	.1859773	.2657514	0
557.15	0	.5481604	.1861222	.2657173	0
556.15	0	.5480502	.1862665	.2656833	0
555.15	0	.5479406	.1864102	.2656492	0
554.15	0	.5478316	.1865532	.2656151	0
553.15	0	.5477232	.1866957	.2655811	0
552.15	0	.5476153	.1868375	.2655472	0
551.15	0	.547508	.1869788	.2655133	0
550.15	0	.5474012	.1871194	.2654794	0
549.15	0	.5472951	.1872594	.2654455	0
548.15	0	.5471894	.1873989	.2654117	0
547.15	0	.5470844	.1875377	.2653779	0
546.15	0	.5469799	.187676	.2653442	0
545.15	0	.5468759	.1878137	.2653105	0
544.15	0	.5467725	.1879508	.2652768	0
543.15	0	.5466696	.1880873	.2652431	0
542.15	0	.5465672	.1882233	.2652095	0
541.15	0	.5464654	.1883587	.2651759	0
540.15	0	.5463641	.1884935	.2651424	0
539.15	0	.5462634	.1886278	.2651089	0
538.15	0	.5461631	.1887615	.2650754	0
537.15	0	.5460634	.1888946	.265042	0
536.15	0	.5459642	.1890273	.2650086	0
535.15	0	.5458655	.1891593	.2649752	0
534.15	0	.5457673	.1892908	.2649418	0
533.15	0	.5456696	.1894218	.2649086	0
532.15	0	.5455725	.1895522	.2648753	0
531.15	0	.5454758	.1896821	.2648421	0
530.15	0	.5453796	.1898115	.2648089	0
529.15	0	.5452839	.1899403	.2647758	0
528.15	0	.5451887	.1900686	.2647427	0
527.15	0	.545094	.1901964	.2647096	0
526.15	0	.5449998	.1903237	.2646766	0
525.15	0	.544906	.1904504	.2646436	0
524.15	0	.5448127	.1905766	.2646107	0
523.15	0	.54472	.1907023	.2645778	0
522.15	0	.5446276	.1908275	.2645449	0
521.15	0	.5445358	.1909522	.2645121	0
520.15	0	.5444444	.1910763	.2644793	0
519.15	0	.5443535	.1912	.2644466	0
518.15	0	.544263	.1913231	.2644139	0
517.15	0	.544173	.1914458	.2643812	0
516.15	0	.5440834	.191568	.2643486	0
515.15	0	.5439944	.1916896	.264316	0
514.15	0	.5439057	.1918108	.2642835	0
513.15	0	.5438175	.1919315	.264251	0
512.15	0	.5437298	.1920517	.2642186	0
511.15	0	.5436425	.1921713	.2641862	0
510.15	0	.5435556	.1922906	.2641539	0
509.15	0	.5434692	.1924093	.2641215	0
508.15	0	.5433832	.1925275	.2640893	0
507.15	0	.5432976	.1926453	.2640571	0
506.15	0	.5432125	.1927625	.2640249	0
505.15	0	.5431278	.1928793	.2639928	0
504.15	0	.5430436	.1929957	.2639608	0
503.15	0	.5429597	.1931115	.2639287	0
502.15	0	.5428763	.1932269	.2638968	0
501.15	0	.5427933	.1933418	.2638649	0
500.15	0	.5427108	.1934562	.263833	0
499.15	0	.5426286	.1935702	.2638012	0
498.15	0	.5425469	.1936837	.2637694	0
497.15	0	.5424655	.1937968	.2637377	0
496.15	0	.5423846	.1939094	.263706	0
495.15	0	.5423041	.1940215	.2636744	0
494.15	0	.542224	.1941331	.2636428	0
493.15	0	.5421443	.1942443	.2636113	0
492.15	0	.542065	.1943551	.2635799	0
491.15	0	.5419861	.1944654	.2635485	0
490.15	0	.5419077	.1945752	.2635171	0
489.15	0	.5418296	.1946846	.2634858	0
488.15	0	.5417519	.1947935	.2634546	0
487.15	0	.5416746	.194902	.2634234	0
486.15	0	.5415977	.1950101	.2633923	0
485.15	0	.5415212	.1951177	.2633612	0
484.15	0	.541445	.1952248	.2633302	0
483.15	0	.5413693	.1953315	.2632992	0
482.15	0	.5412939	.1954378	.2632683	0
481.15	0	.541219	.1955436	.2632375	0
480.15	0	.5411444	.195649	.2632067	0
479.15	0	.5410702	.1957539	.2631759	0
478.15	0	.5409963	.1958584	.2631453	0
477.15	0	.5409229	.1959625	.2631147	0
476.15	0	.5408498	.1960661	.2630841	0
475.15	0	.5407771	.1961693	.2630536	0
474.15	0	.5407048	.196272	.2630232	0
473.15	0	.5406328	.1963744	.2629928	0
472.15	0	.5405612	.1964763	.2629625	0
471.15	0	.54049	.1965777	.2629322	0
470.15	0	.5404192	.1966788	.2629021	0
469.15	0	.5403487	.1967794	.262872	0
468.15	0	.5402786	.1968795	.2628419	0
467.15	0	.5402088	.1969793	.2628119	0
466.15	0	.5401394	.1970786	.262782	0
465.15	0	.5400704	.1971775	.2627521	0
464.15	0	.5400017	.197276	.2627223	0
463.15	0	.5399334	.197374	.2626926	0
462.15	0	.5398654	.1974717	.2626629	0
461.15	0	.5397978	.1975689	.2626333	0
460.15	0	.5397305	.1976657	.2626038	0
459.15	0	.5396636	.1977621	.2625743	0
458.15	0	.5395971	.197858	.2625449	0
457.15	0	.5395309	.1979535	.2625156	0
456.15	0	.539465	.1980487	.2624864	0
455.15	0	.5393995	.1981434	.2624572	0
454.15	0	.5393343	.1982376	.2624281	0
453.15	0	.5392695	.1983315	.262399	0
452.15	0	.539205	.198425	.26237	0
451.15	0	.5391409	.198518	.2623411	0
450.15	0	.5390771	.1986106	.2623123	0
449.15	0	.5390136	.1987028	.2622835	0
448.15	0	.5389506	.1987946	.2622549	0
447.15	0	.5388878	.1988859	.2622263	0
446.15	0	.5388254	.1989768	.2621978	0
445.15	0	.5387634	.1990672	.2621694	0
444.15	0	.5387017	.1991573	.262141	0
443.15	0	.5386404	.1992468	.2621128	0
442.15	0	.5385794	.199336	.2620846	0
441.15	0	.5385188	.1994247	.2620565	0
440.15	0	.5384585	.1995129	.2620286	0
439.15	0	.5383986	.1996007	.2620007	0
438.15	0	.5383391	.1996881	.2619729	0
437.15	0	.5382799	.1997749	.2619452	0
436.15	0	.5382211	.1998614	.2619176	0
435.15	0	.5381626	.1999473	.2618901	0
434.15	0	.5381046	.2000328	.2618627	0
433.15	0	.5380468	.2001178	.2618354	0
432.15	0	.5379895	.2002023	.2618082	0
431.15	0	.5379325	.2002864	.2617811	0
430.15	0	.5378759	.20037	.2617541	0
429.15	0	.5378196	.2004531	.2617273	0
428.15	0	.5377638	.2005357	.2617005	0
427.15	0	.5377083	.2006178	.2616739	0
426.15	0	.5376531	.2006995	.2616474	0
425.15	0	.5375984	.2007807	.261621	0
424.15	0	.537544	.2008614	.2615946	0
423.15	0	.5374899	.2009416	.2615685	0
422.15	0	.5374363	.2010213	.2615424	0
421.15	0	.537383	.2011006	.2615165	0
420.15	0	.5373301	.2011793	.2614906	0
419.15	0	.5372775	.2012576	.2614649	0
418.15	0	.5372253	.2013354	.2614393	0
417.15	0	.5371735	.2014127	.2614138	0
416.15	0	.537122	.2014895	.2613885	0
415.15	0	.5370709	.2015658	.2613632	0
414.15	0	.5370202	.2016417	.2613381	0
413.15	0	.5369698	.2017171	.2613131	0
412.15	0	.5369198	.2017919	.2612883	0
411.15	0	.5368702	.2018663	.2612635	0
410.15	0	.5368209	.2019402	.2612389	0
409.15	0	.5367719	.2020137	.2612144	0
408.15	0	.5367234	.2020866	.26119	0
407.15	0	.5366751	.2021591	.2611658	0
406.15	0	.5366273	.2022311	.2611416	0
405.15	0	.5365798	.2023026	.2611176	0
404.15	0	.5365326	.2023737	.2610937	0
403.15	0	.5364858	.2024443	.26107	0
402.15	0	.5364393	.2025144	.2610463	0
401.15	0	.5363932	.202584	.2610228	0
400.15	0	.5363474	.2026532	.2609995	0
399.15	0	.5363019	.2027219	.2609762	0
398.15	0	.5362568	.2027901	.2609531	0
397.15	0	.5362121	.2028579	.26093	0
396.15	0	.5361676	.2029252	.2609072	0
395.15	0	.5361235	.2029921	.2608844	0
394.15	0	.5360798	.2030585	.2608618	0
393.15	0	.5360363	.2031244	.2608392	0
392.15	0	.5359932	.2031899	.2608168	0
391.15	0	.5359505	.203255	.2607946	0
390.15	0	.535908	.2033196	.2607724	0
389.15	0	.5358659	.2033837	.2607504	0
388.15	0	.5358241	.2034475	.2607285	0
387.15	0	.5357826	.2035107	.2607067	0
386.15	0	.5357414	.2035736	.2606851	0
385.15	0	.5357005	.203636	.2606635	0
384.15	0	.53566	.203698	.2606421	0
383.15	0	.5356197	.2037595	.2606208	0
382.15	0	.5355798	.2038206	.2605996	0
381.15	0	.5355401	.2038813	.2605786	0
380.15	0	.5355008	.2039416	.2605576	0
379.15	0	.5354618	.2040014	.2605368	0
378.15	0	.535423	.2040609	.2605161	0
377.15	0	.5353846	.2041199	.2604955	0
376.15	0	.5353464	.2041785	.260475	0
375.15	0	.5353086	.2042367	.2604547	0
374.15	0	.535271	.2042945	.2604345	0
373.15	0	.5352337	.2043519	.2604144	0
372.15	0	.5351967	.2044089	.2603943	0
371.15	0	.53516	.2044656	.2603745	0
370.15	0	.5351235	.2045218	.2603547	0
369.15	0	.5350874	.2045776	.260335	0
368.15	0	.5350515	.204633	.2603155	0
367.15	0	.5350159	.2046881	.2602961	0
366.15	0	.5349805	.2047428	.2602767	0
365.15	0	.5349454	.2047971	.2602575	0
364.15	0	.5349106	.204851	.2602384	0
363.15	0	.534876	.2049045	.2602195	0
362.15	0	.5348417	.2049577	.2602006	0
361.15	0	.5348076	.2050105	.2601818	0
360.15	0	.5347738	.205063	.2601632	0
359.15	0	.5347403	.2051151	.2601446	0
358.15	0	.534707	.2051668	.2601262	0
357.15	0	.5346739	.2052182	.2601078	0
356.15	0	.5346411	.2052693	.2600896	0
355.15	0	.5346086	.2053199	.2600715	0
354.15	0	.5345762	.2053703	.2600535	0
353.15	0	.5345441	.2054203	.2600356	0
352.15	0	.5345123	.2054699	.2600178	0
351.15	0	.5344807	.2055193	.2600001	0
350.15	0	.5344493	.2055682	.2599825	0
349.15	0	.5344181	.2056169	.259965	0
348.15	0	.5343872	.2056652	.2599476	0
347.15	0	.5343565	.2057132	.2599303	0
346.15	0	.534326	.2057609	.2599131	0
345.15	0	.5342957	.2058083	.259896	0
344.15	0	.5342656	.2058553	.259879	0
343.15	0	.5342358	.2059021	.2598622	0
342.15	0	.5342061	.2059485	.2598454	0
341.15	0	.5341767	.2059947	.2598287	0
340.15	0	.5341475	.2060405	.2598121	0
339.15	0	.5341184	.206086	.2597956	0
