T	 BPW(LIQUID)	BPW(BCC_A2)	BPW(FCC_A1)	BPW(LAVES_PHASE_C14)	BPW(NI3TI)
1473.15	0	1	0	0	0
1472.15	0	1	0	0	0
1471.15	0	1	0	0	0
1470.15	0	1	0	0	0
1469.15	0	1	0	0	0
1468.15	0	1	0	0	0
1467.15	0	1	0	0	0
1466.15	0	1	0	0	0
1465.15	0	1	0	0	0
1464.15	0	1	0	0	0
1463.15	0	1	0	0	0
1462.15	0	1	0	0	0
1461.15	0	1	0	0	0
1460.15	0	1	0	0	0
1459.15	0	1	0	0	0
1458.15	0	1	0	0	0
1457.15	0	1	0	0	0
1456.15	0	1	0	0	0
1455.15	0	1	0	0	0
1454.15	0	1	0	0	0
1453.15	0	1	0	0	0
1452.15	0	1	0	0	0
1451.15	0	1	0	0	0
1450.15	0	1	0	0	0
1449.15	0	1	0	0	0
1448.15	0	1	0	0	0
1447.15	0	1	0	0	0
1446.15	0	1	0	0	0
1445.15	0	1	0	0	0
1444.15	0	1	0	0	0
1443.15	0	1	0	0	0
1442.15	0	1	0	0	0
1441.15	0	1	0	0	0
1440.15	0	1	0	0	0
1439.15	0	1	0	0	0
1438.15	0	1	0	0	0
1437.15	0	1	0	0	0
1436.15	0	1	0	0	0
1435.15	0	1	0	0	0
1434.15	0	1	0	0	0
1433.15	0	1	0	0	0
1432.15	0	1	0	0	0
1431.15	0	1	0	0	0
1430.15	0	1	0	0	0
1429.15	0	1	0	0	0
1428.15	0	1	0	0	0
1427.15	0	1	0	0	0
1426.15	0	1	0	0	0
1425.15	0	1	0	0	0
1424.15	0	1	0	0	0
1423.15	0	1	0	0	0
1422.15	0	1	0	0	0
1421.15	0	1	0	0	0
1420.15	0	1	0	0	0
1419.15	0	1	0	0	0
1418.15	0	1	0	0	0
1417.15	0	1	0	0	0
1416.15	0	1	0	0	0
1415.15	0	1	0	0	0
1414.15	0	1	0	0	0
1413.15	0	1	0	0	0
1412.15	0	1	0	0	0
1411.15	0	1	0	0	0
1410.15	0	1	0	0	0
1409.15	0	1	0	0	0
1408.15	0	1	0	0	0
1407.15	0	1	0	0	0
1406.15	0	1	0	0	0
1405.15	0	1	0	0	0
1404.15	0	1	0	0	0
1403.15	0	1	0	0	0
1402.15	0	1	0	0	0
1401.15	0	1	0	0	0
1400.15	0	1	0	0	0
1399.15	0	1	0	0	0
1398.15	0	1	0	0	0
1397.15	0	1	0	0	0
1396.15	0	1	0	0	0
1395.15	0	1	0	0	0
1394.15	0	1	0	0	0
1393.15	0	1	0	0	0
1392.15	0	1	0	0	0
1391.15	0	1	0	0	0
1390.15	0	1	0	0	0
1389.15	0	1	0	0	0
1388.15	0	1	0	0	0
1387.15	0	1	0	0	0
1386.15	0	1	0	0	0
1385.15	0	1	0	0	0
1384.15	0	1	0	0	0
1383.15	0	1	0	0	0
1382.15	0	1	0	0	0
1381.15	0	1	0	0	0
1380.15	0	1	0	0	0
1379.15	0	1	0	0	0
1378.15	0	1	0	0	0
1377.15	0	1	0	0	0
1376.15	0	1	0	0	0
1375.15	0	1	0	0	0
1374.15	0	1	0	0	0
1373.15	0	1	0	0	0
1372.15	0	1	0	0	0
1371.15	0	1	0	0	0
1370.15	0	1	0	0	0
1369.15	0	1	0	0	0
1368.15	0	1	0	0	0
1367.15	0	1	0	0	0
1366.15	0	1	0	0	0
1365.15	0	1	0	0	0
1364.15	0	1	0	0	0
1363.15	0	1	0	0	0
1362.15	0	1	0	0	0
1361.15	0	1	0	0	0
1360.15	0	1	0	0	0
1359.15	0	1	0	0	0
1358.15	0	1	0	0	0
1357.15	0	1	0	0	0
1356.15	0	1	0	0	0
1355.15	0	1	0	0	0
1354.15	0	1	0	0	0
1353.15	0	1	0	0	0
1352.15	0	1	0	0	0
1351.15	0	1	0	0	0
1350.15	0	1	0	0	0
1349.15	0	1	0	0	0
1348.15	0	1	0	0	0
1347.15	0	1	0	0	0
1346.15	0	1	0	0	0
1345.15	0	1	0	0	0
1344.15	0	1	0	0	0
1343.15	0	1	0	0	0
1342.15	0	1	0	0	0
1341.15	0	1	0	0	0
1340.15	0	1	0	0	0
1339.15	0	1	0	0	0
1338.15	0	1	0	0	0
1337.15	0	1	0	0	0
1336.15	0	1	0	0	0
1335.15	0	1	0	0	0
1334.15	0	1	0	0	0
1333.15	0	1	0	0	0
1332.15	0	1	0	0	0
1331.15	0	1	0	0	0
1330.15	0	1	0	0	0
1329.15	0	1	0	0	0
1328.15	0	1	0	0	0
1327.15	0	1	0	0	0
1326.15	0	1	0	0	0
1325.15	0	1	0	0	0
1324.15	0	1	0	0	0
1323.15	0	1	0	0	0
1322.15	0	1	0	0	0
1321.15	0	1	0	0	0
1320.15	0	1	0	0	0
1319.15	0	1	0	0	0
1318.15	0	1	0	0	0
1317.15	0	1	0	0	0
1316.15	0	1	0	0	0
1315.15	0	1	0	0	0
1314.15	0	1	0	0	0
1313.15	0	1	0	0	0
1312.15	0	1	0	0	0
1311.15	0	1	0	0	0
1310.15	0	1	0	0	0
1309.15	0	1	0	0	0
1308.15	0	1	0	0	0
1307.15	0	1	0	0	0
1306.15	0	1	0	0	0
1305.15	0	1	0	0	0
1304.15	0	1	0	0	0
1303.15	0	1	0	0	0
1302.15	0	1	0	0	0
1301.15	0	1	0	0	0
1300.15	0	1	0	0	0
1299.15	0	1	0	0	0
1298.15	0	1	0	0	0
1297.15	0	1	0	0	0
1296.15	0	1	0	0	0
1295.15	0	1	0	0	0
1294.15	0	1	0	0	0
1293.15	0	1	0	0	0
1292.15	0	1	0	0	0
1291.15	0	1	0	0	0
1290.15	0	1	0	0	0
1289.15	0	1	0	0	0
1288.15	0	1	0	0	0
1287.15	0	1	0	0	0
1286.15	0	1	0	0	0
1285.15	0	1	0	0	0
1284.15	0	1	0	0	0
1283.15	0	1	0	0	0
1282.15	0	1	0	0	0
1281.15	0	1	0	0	0
1280.15	0	1	0	0	0
1279.15	0	1	0	0	0
1278.15	0	1	0	0	0
1277.15	0	1	0	0	0
1276.15	0	1	0	0	0
1275.15	0	1	0	0	0
1274.15	0	1	0	0	0
1273.15	0	1	0	0	0
1272.15	0	1	0	0	0
1271.15	0	1	0	0	0
1270.15	0	1	0	0	0
1269.15	0	1	0	0	0
1268.15	0	1	0	0	0
1267.15	0	1	0	0	0
1266.15	0	1	0	0	0
1265.15	0	1	0	0	0
1264.15	0	1	0	0	0
1263.15	0	1	0	0	0
1262.15	0	1	0	0	0
1261.15	0	1	0	0	0
1260.15	0	1	0	0	0
1259.15	0	1	0	0	0
1258.15	0	1	0	0	0
1257.15	0	1	0	0	0
1256.15	0	1	0	0	0
1255.15	0	1	0	0	0
1254.15	0	1	0	0	0
1253.15	0	1	0	0	0
1252.15	0	1	0	0	0
1251.15	0	1	0	0	0
1250.15	0	1	0	0	0
1249.15	0	1	0	0	0
1248.15	0	1	0	0	0
1247.15	0	1	0	0	0
1246.15	0	1	0	0	0
1245.15	0	1	0	0	0
1244.15	0	1	0	0	0
1243.15	0	1	0	0	0
1242.392	0	1	0	0	0
1242.392	0	1	0	0	0
1242.392	0	1	0	0	0
1242.15	0	.9996631	3.368512E-04	0	0
1241.15	0	.998275	.001724976	0	0
1240.15	0	.9968897	.003110315	0	0
1239.15	0	.9955071	.004492866	0	0
1238.15	0	.9941274	.005872626	0	0
1237.15	0	.9927504	.007249591	0	0
1236.15	0	.9913762	.008623759	0	0
1235.15	0	.9900049	.009995124	0	0
1234.15	0	.9886363	.01136369	0	0
1233.15	0	.9872706	.01272944	0	0
1232.15	0	.9859076	.01409238	0	0
1231.15	0	.9845475	.01545251	0	0
1230.15	0	.9831902	.01680981	0	0
1229.15	0	.9818357	.0181643	0	0
1228.15	0	.980484	.01951596	0	0
1227.15	0	.9791352	.02086479	0	0
1226.15	0	.9777892	.02221078	0	0
1225.15	0	.9764461	.02355394	0	0
1224.15	0	.9751057	.02489425	0	0
1223.15	0	.9737683	.02623172	0	0
1222.15	0	.9724337	.02756634	0	0
1221.15	0	.9711019	.02889811	0	0
1220.15	0	.969773	.03022702	0	0
1219.15	0	.9684469	.03155307	0	0
1218.15	0	.9671238	.03287625	0	0
1217.15	0	.9658034	.03419656	0	0
1216.15	0	.964486	.035514	0	0
1215.15	0	.9631714	.03682855	0	0
1214.15	0	.9618598	.03814023	0	0
1213.15	0	.960551	.03944901	0	0
1212.15	0	.9592451	.0407549	0	0
1211.15	0	.9579421	.0420579	0	0
1210.15	0	.956642	.04335799	0	0
1209.15	0	.9553448	.04465518	0	0
1208.15	0	.9540506	.04594945	0	0
1207.15	0	.9527592	.04724081	0	0
1206.15	0	.9514708	.04852925	0	0
1205.15	0	.9501852	.04981476	0	0
1204.15	0	.9489027	.05109734	0	0
1203.15	0	.947623	.05237698	0	0
1202.15	0	.9463463	.05365368	0	0
1201.15	0	.9450726	.05492743	0	0
1200.15	0	.9438018	.05619824	0	0
1199.15	0	.9425339	.05746608	0	0
1198.15	0	.941269	.05873096	0	0
1197.15	0	.9400071	.05999288	0	0
1196.15	0	.9387482	.06125182	0	0
1195.15	0	.9374922	.06250778	0	0
1194.15	0	.9362393	.06376075	0	0
1193.15	0	.9349893	.06501074	0	0
1192.15	0	.9337423	.06625773	0	0
1191.15	0	.9324983	.06750171	0	0
1190.15	0	.9312573	.06874269	0	0
1189.15	0	.9300194	.06998065	0	0
1188.15	0	.9287844	.0712156	0	0
1187.15	0	.9275525	.07244752	0	0
1186.15	0	.9263236	.0736764	0	0
1185.15	0	.9250977	.07490225	0	0
1184.15	0	.923875	.07612505	0	0
1183.15	0	.9226552	.0773448	0	0
1182.15	0	.9214385	.07856149	0	0
1181.15	0	.9202249	.07977512	0	0
1180.15	0	.9190143	.08098568	0	0
1179.15	0	.9178068	.08219316	0	0
1178.15	0	.9166024	.08339756	0	0
1177.15	0	.9154011	.08459887	0	0
1176.15	0	.9142029	.08579708	0	0
1175.15	0	.9130078	.08699218	0	0
1174.15	0	.9118158	.08818418	0	0
1173.15	0	.9106269	.08937306	0	0
1172.15	0	.9094412	.09055881	0	0
1171.15	0	.9082586	.09174143	0	0
1170.15	0	.9070791	.09292091	0	0
1169.15	0	.9059028	.09409724	0	0
1168.15	0	.9047296	.09527042	0	0
1167.15	0	.9035596	.09644043	0	0
1166.15	0	.9023927	.09760728	0	0
1165.15	0	.9012291	.09877095	0	0
1164.15	0	.9000686	.09993144	0	0
1163.15	0	.8989113	.1010887	0	0
1162.15	0	.8977572	.1022428	0	0
1161.15	0	.8966063	.1033937	0	0
1160.15	0	.8954586	.1045414	0	0
1159.15	0	.8943142	.1056858	0	0
1158.15	0	.8931729	.1068271	0	0
1157.15	0	.892035	.107965	0	0
1156.15	0	.8909002	.1090998	0	0
1155.15	0	.8897687	.1102313	0	0
1154.15	0	.8886405	.1113595	0	0
1153.15	0	.8875156	.1124844	0	0
1152.15	0	.8863939	.1136061	0	0
1151.15	0	.8852756	.1147245	0	0
1150.15	0	.8841605	.1158395	0	0
1149.15	0	.8830487	.1169513	0	0
1148.15	0	.8819403	.1180597	0	0
1147.15	0	.8808352	.1191648	0	0
1146.15	0	.8797334	.1202666	0	0
1145.15	0	.8786349	.1213651	0	0
1144.15	0	.8775398	.1224602	0	0
1143.15	0	.8764481	.1235519	0	0
1142.15	0	.8753597	.1246403	0	0
1141.15	0	.8742747	.1257253	0	0
1140.15	0	.8731931	.1268069	0	0
1139.15	0	.8721149	.1278851	0	0
1138.15	0	.8710401	.1289599	0	0
1137.15	0	.8699688	.1300312	0	0
1136.15	0	.8689008	.1310992	0	0
1135.15	0	.8678363	.1321637	0	0
1134.15	0	.8667752	.1332248	0	0
1133.15	0	.8657176	.1342824	0	0
1132.15	0	.8646635	.1353365	0	0
1131.15	0	.8636128	.1363872	0	0
1130.15	0	.8625656	.1374344	0	0
1129.15	0	.8615219	.1384781	0	0
1128.15	0	.8604818	.1395182	0	0
1127.15	0	.8594451	.1405549	0	0
1126.15	0	.858412	.141588	0	0
1125.15	0	.8573824	.1426176	0	0
1124.15	0	.8563563	.1436437	0	0
1123.15	0	.8553338	.1446662	0	0
1122.15	0	.8543149	.1456851	0	0
1121.15	0	.8532996	.1467004	0	0
1120.15	0	.8522878	.1477122	0	0
1119.15	0	.8512797	.1487203	0	0
1118.15	0	.8502751	.1497249	0	0
1117.15	0	.8492742	.1507258	0	0
1116.15	0	.848277	.151723	0	0
1115.15	0	.8472833	.1527167	0	0
1114.15	0	.8462934	.1537066	0	0
1113.15	0	.8453071	.1546929	0	0
1112.15	0	.8443245	.1556755	0	0
1111.15	0	.8433455	.1566545	0	0
1110.15	0	.8423703	.1576297	0	0
1109.15	0	.8413988	.1586012	0	0
1108.15	0	.840431	.159569	0	0
1107.15	0	.839467	.160533	0	0
1106.15	0	.8385067	.1614933	0	0
1105.15	0	.8375502	.1624498	0	0
1104.15	0	.8365975	.1634025	0	0
1103.15	0	.8356485	.1643515	0	0
1102.15	0	.8347034	.1652966	0	0
1101.15	0	.833762	.166238	0	0
1100.15	0	.8328245	.1671755	0	0
1099.15	0	.8318908	.1681092	0	0
1098.15	0	.830961	.169039	0	0
1097.15	0	.830035	.169965	0	0
1096.15	0	.829113	.1708871	0	0
1095.15	0	.8281947	.1718053	0	0
1094.15	0	.8272805	.1727195	0	0
1093.15	0	.8263701	.1736299	0	0
1092.15	0	.8254636	.1745364	0	0
1091.15	0	.8245611	.1754389	0	0
1090.15	0	.8236625	.1763375	0	0
1089.15	0	.822768	.1772321	0	0
1088.15	0	.8218773	.1781227	0	0
1087.15	0	.8209907	.1790093	0	0
1086.15	0	.8201081	.1798919	0	0
1085.15	0	.8192295	.1807705	0	0
1084.15	0	.8183549	.1816451	0	0
1083.15	0	.8174844	.1825156	0	0
1082.15	0	.816618	.183382	0	0
1081.15	0	.8157556	.1842444	0	0
1080.15	0	.8148973	.1851027	0	0
1079.15	0	.8140431	.1859569	0	0
1078.15	0	.813193	.186807	0	0
1077.15	0	.8123471	.1876529	0	0
1076.15	0	.8115053	.1884947	0	0
1075.15	0	.8106677	.1893323	0	0
1074.15	0	.8098342	.1901658	0	0
1073.15	0	.8090049	.1909951	0	0
1072.15	0	.8081798	.1918202	0	0
1071.15	0	.807359	.192641	0	0
1070.15	0	.8065423	.1934577	0	0
1069.15	0	.8057299	.1942701	0	0
1068.15	0	.8049218	.1950782	0	0
1067.15	0	.804118	.1958821	0	0
1066.15	0	.8033184	.1966816	0	0
1065.15	0	.8025231	.1974769	0	0
1064.15	0	.8017322	.1982678	0	0
1063.15	0	.8009455	.1990545	0	0
1062.15	0	.8001633	.1998367	0	0
1061.15	0	.7993854	.2006147	0	0
1060.15	0	.7986118	.2013882	0	0
1059.15	0	.7978427	.2021573	0	0
1058.15	0	.7970779	.2029221	0	0
1057.15	0	.7963176	.2036824	0	0
1056.15	0	.7955617	.2044383	0	0
1055.15	0	.7948103	.2051897	0	0
1054.15	0	.7940633	.2059367	0	0
1053.15	0	.7933208	.2066792	0	0
1052.15	0	.7925828	.2074172	0	0
1051.15	0	.7918493	.2081507	0	0
1050.15	0	.7911204	.2088796	0	0
1049.15	0	.7903959	.2096041	0	0
1048.15	0	.7896761	.2103239	0	0
1047.15	0	.7889608	.2110392	0	0
1046.15	0	.7882501	.2117499	0	0
1045.15	0	.787544	.212456	0	0
1044.15	0	.7868425	.2131575	0	0
1043.15	0	.7861456	.2138544	0	0
1042.15	0	.7854534	.2145466	0	0
1041.15	0	.7847658	.2152342	0	0
1040.15	0	.784083	.2159171	0	0
1039.15	0	.7834048	.2165952	0	0
1038.15	0	.7827313	.2172687	0	0
1037.15	0	.7820625	.2179375	0	0
1036.15	0	.7813985	.2186015	0	0
1035.15	0	.7807392	.2192608	0	0
1034.15	0	.7800847	.2199153	0	0
1033.15	0	.779435	.220565	0	0
1032.15	0	.77879	.22121	0	0
1031.15	0	.7781499	.2218501	0	0
1030.15	0	.7775146	.2224854	0	0
1029.15	0	.7768841	.2231159	0	0
1028.15	0	.7762585	.2237415	0	0
1027.15	0	.7756378	.2243622	0	0
1026.15	0	.7750219	.2249781	0	0
1025.15	0	.774411	.225589	0	0
1024.15	0	.7738049	.2261951	0	0
1023.15	0	.7732038	.2267962	0	0
1022.15	0	.7726076	.2273924	0	0
1021.815	0	.7724091	.2275909	0	0
1021.815	0	.7724091	.2275909	0	0
1021.815	0	.7724091	.2275909	0	0
1021.15	0	.7718859	.2279057	2.084384E-04	0
1020.15	0	.7711039	.2283751	5.209522E-04	0
1019.15	0	.7703274	.2288401	8.324895E-04	0
1018.15	0	.7695563	.2293007	.001143049	0
1017.15	0	.7687907	.2297567	.001452631	0
1016.15	0	.7680306	.2302082	.001761232	0
1015.15	0	.767276	.2306552	.002068854	0
1014.15	0	.7665268	.2310977	.002375493	0
1013.15	0	.7657832	.2315356	.00268115	0
1012.15	0	.7650451	.2319691	.002985823	0
1011.15	0	.7643126	.2323979	.00328951	0
1010.15	0	.7635855	.2328223	.00359221	0
1009.15	0	.762864	.2332421	.003893922	0
1008.15	0	.762148	.2336573	.004194645	0
1007.15	0	.7614376	.234068	.004494376	0
1006.15	0	.7607328	.2344741	.004793115	0
1005.15	0	.7600335	.2348757	.005090859	0
1004.15	0	.7593398	.2352727	.005387606	0
1003.15	0	.7586516	.235665	.005683356	0
1002.15	0	.7579691	.2360528	.005978105	0
1001.15	0	.7572921	.236436	.006271853	0
1000.15	0	.7566208	.2368146	.006564597	0
999.15	0	.755955	.2371886	.006856335	0
998.15	0	.7552949	.237558	.007147065	0
997.15	0	.7546404	.2379228	.007436784	0
996.15	0	.7539915	.238283	.007725491	0
995.15	0	.7533483	.2386385	.008013183	0
994.15	0	.7527107	.2389895	.008299858	0
993.15	0	.7520787	.2393358	.008585512	0
992.15	0	.7514524	.2396774	.008870144	0
991.15	0	.7508318	.2400145	.00915375	0
990.15	0	.7502168	.2403469	.009436328	0
989.15	0	.7496074	.2406747	.009717876	0
988.15	0	.7490038	.2409978	.009998389	0
987.15	0	.7484058	.2413164	.01027787	0
986.15	0	.7478135	.2416302	.0105563	0
985.15	0	.7472268	.2419395	.0108337	0
984.15	0	.7466459	.2422441	.01111004	0
983.15	0	.7460706	.242544	.01138534	0
982.15	0	.7455011	.2428394	.01165958	0
981.15	0	.7449372	.2431301	.01193277	0
980.15	0	.744379	.2434161	.0122049	0
979.15	0	.7438265	.2436975	.01247596	0
978.15	0	.7432797	.2439743	.01274595	0
977.15	0	.7427386	.2442465	.01301487	0
976.15	0	.7422032	.2445141	.01328272	0
975.15	0	.7416736	.244777	.01354948	0
974.15	0	.7411496	.2450353	.01381516	0
973.15	0	.7406313	.245289	.01407975	0
972.15	0	.7401187	.245538	.01434325	0
971.15	0	.7396118	.2457825	.01460564	0
970.15	0	.7391107	.2460224	.01486694	0
969.15	0	.7386152	.2462577	.01512713	0
968.15	0	.7381254	.2464884	.0153862	0
967.15	0	.7376413	.2467145	.01564415	0
966.15	0	.7371629	.2469361	.01590098	0
965.15	0	.7366902	.2471531	.01615669	0
964.15	0	.7362232	.2473656	.01641126	0
963.15	0	.7357618	.2475735	.01666469	0
962.15	0	.7353061	.2477769	.01691697	0
961.15	0	.7348561	.2479758	.0171681	0
960.15	0	.7344118	.2481701	.01741807	0
959.15	0	.7339731	.24836	.01766688	0
958.15	0	.7335401	.2485454	.01791452	0
957.15	0	.7331126	.2487264	.01816098	0
956.15	0	.7326909	.2489029	.01840626	0
955.15	0	.7322747	.249075	.01865034	0
954.15	0	.7318642	.2492426	.01889323	0
953.15	0	.7314592	.2494059	.01913492	0
952.15	0	.7310599	.2495648	.01937539	0
951.15	0	.7306661	.2497193	.01961464	0
950.15	0	.7302779	.2498695	.01985267	0
949.15	0	.7298952	.2500153	.02008946	0
948.15	0	.7295181	.2501569	.02032501	0
947.15	0	.7291465	.2502942	.0205593	0
946.15	0	.7287803	.2504273	.02079234	0
945.15	0	.7284197	.2505562	.02102411	0
944.15	0	.7280646	.2506809	.0212546	0
943.15	0	.7277148	.2508014	.0214838	0
942.15	0	.7273706	.2509177	.02171171	0
941.15	0	.7270317	.25103	.02193831	0
940.15	0	.7266982	.2511382	.0221636	0
939.15	0	.72637	.2512424	.02238756	0
938.15	0	.7260472	.2513426	.02261019	0
937.15	0	.7257298	.2514388	.02283147	0
936.15	0	.7254175	.2515311	.0230514	0
935.15	0	.7251106	.2516195	.02326995	0
934.15	0	.7248089	.251704	.02348714	0
933.15	0	.7245123	.2517847	.02370293	0
932.15	0	.724221	.2518617	.02391731	0
931.15	0	.7239347	.251935	.02413029	0
930.15	0	.7236536	.2520046	.02434184	0
929.15	0	.7233775	.2520706	.02455195	0
928.15	0	.7231064	.252133	.0247606	0
927.15	0	.7228403	.2521919	.0249678	0
926.15	0	.7225792	.2522473	.02517351	0
925.15	0	.7223229	.2522993	.02537773	0
924.15	0	.7220715	.252348	.02558045	0
923.15	0	.721825	.2523934	.02578164	0
922.15	0	.7215831	.2524356	.0259813	0
921.15	0	.721346	.2524746	.02617941	0
920.15	0	.7211135	.2525105	.02637595	0
919.15	0	.7208856	.2525435	.02657091	0
918.15	0	.7206623	.2525734	.02676427	0
917.15	0	.7204435	.2526005	.02695601	0
916.15	0	.7202291	.2526248	.02714611	0
915.15	0	.720019	.2526464	.02733457	0
914.15	0	.7198133	.2526654	.02752135	0
913.15	0	.7196117	.2526818	.02770645	0
912.15	0	.7194144	.2526958	.02788983	0
911.15	0	.7192211	.2527074	.02807149	0
910.15	0	.7190318	.2527168	.0282514	0
909.15	0	.7188465	.252724	.02842954	0
908.15	0	.718665	.2527291	.02860588	0
907.15	0	.7184873	.2527323	.02878042	0
906.15	0	.7183133	.2527336	.02895312	0
905.15	0	.7181428	.2527332	.02912395	0
904.15	0	.7179759	.2527312	.02929291	0
903.15	0	.7178123	.2527277	.02945995	0
902.15	0	.7176521	.2527228	.02962506	0
901.15	0	.7174951	.2527167	.02978821	0
900.15	0	.7173411	.2527096	.02994938	0
899.15	0	.7171901	.2527014	.03010853	0
898.15	0	.7170419	.2526925	.03026563	0
897.15	0	.7168965	.2526828	.03042065	0
896.15	0	.7167537	.2526727	.03057358	0
895.15	0	.7166134	.2526623	.03072436	0
894.15	0	.7164754	.2526517	.03087298	0
893.15	0	.7163396	.252641	.03101939	0
892.15	0	.7162058	.2526306	.03116356	0
891.15	0	.716074	.2526205	.03130546	0
890.15	0	.7159439	.2526111	.03144504	0
889.15	0	.7158154	.2526024	.03158227	0
888.15	0	.7156883	.2525946	.03171711	0
887.15	0	.7155624	.2525881	.03184952	0
886.15	0	.7154375	.252583	.03197944	0
885.15	0	.7153136	.2525796	.03210685	0
884.15	0	.7151902	.2525781	.03223168	0
883.15	0	.7150674	.2525788	.03235389	0
882.15	0	.7149447	.2525819	.03247343	0
881.15	0	.7148221	.2525877	.03259025	0
880.15	0	.7146992	.2525965	.03270429	0
879.15	0	.7145758	.2526087	.03281549	0
878.15	0	.7144518	.2526245	.03292379	0
877.15	0	.7143267	.2526442	.03302914	0
876.15	0	.7142003	.2526683	.03313145	0
875.15	0	.7140723	.252697	.03323067	0
874.15	0	.7139425	.2527308	.03332672	0
873.15	0	.7138104	.2527701	.03341952	0
872.15	0	.7136758	.2528152	.03350899	0
871.15	0	.7135382	.2528667	.03359505	0
870.15	0	.7133974	.252925	.03367761	0
869.15	0	.7132529	.2529905	.03375658	0
868.15	0	.7131043	.2530639	.03383184	0
867.15	0	.7129511	.2531456	.03390331	0
866.15	0	.7127929	.2532362	.03397086	0
865.15	0	.7125138	.2534646	.03402159	0
864.15	0	.7119377	.254028	.03403432	0
863.15	0	.7114078	.2545458	.03404636	0
862.15	0	.7109217	.2550206	.0340577	0
861.15	0	.7104769	.2554548	.03406832	0
860.15	0	.7100711	.2558507	.03407822	0
859.15	0	.7097022	.2562105	.03408738	0
858.15	0	.7093681	.2565361	.0340958	0
857.15	0	.7090671	.2568294	.03410348	0
856.15	0	.7087974	.2570922	.03411041	0
855.15	0	.7085571	.2573263	.03411657	0
854.15	0	.7083448	.2575333	.03412198	0
853.15	0	.7081588	.2577145	.03412663	0
852.15	0	.7079979	.2578716	.03413052	0
851.15	0	.7078606	.2580058	.03413365	0
850.15	0	.7077456	.2581184	.03413601	0
849.15	0	.7076517	.2582107	.03413762	0
848.15	0	.7075777	.2582838	.03413847	0
847.15	0	.7075226	.2583388	.03413856	0
846.15	0	.7074853	.2583768	.03413791	0
845.15	0	.7074647	.2583988	.03413651	0
844.15	0	.70746	.2584056	.03413437	0
843.15	0	.7074703	.2583982	.0341315	0
842.15	0	.7074946	.2583775	.0341279	0
841.15	0	.7075322	.2583442	.03412358	0
840.15	0	.7075822	.2582992	.03411855	0
839.15	0	.707644	.2582432	.03411281	0
838.15	0	.7077168	.2581768	.03410638	0
837.15	0	.7078	.2581007	.03409925	0
836.15	0	.7078929	.2580157	.03409145	0
835.15	0	.7079949	.2579222	.03408297	0
834.15	0	.7081054	.2578208	.03407382	0
833.15	0	.7082238	.2577121	.03406403	0
832.15	0	.7083497	.2575967	.03405359	0
831.15	0	.7084826	.2574749	.03404251	0
830.15	0	.7086219	.2573473	.03403081	0
829.15	0	.7087671	.2572144	.0340185	0
828.15	0	.708918	.2570765	.03400557	0
827.15	0	.7090739	.256934	.03399206	0
826.15	0	.7092346	.2567874	.03397795	0
825.15	0	.7093997	.256637	.03396327	0
824.15	0	.7095689	.2564831	.03394802	0
823.15	0	.7097416	.2563261	.03393222	0
822.15	0	.7099178	.2561663	.03391587	0
821.15	0	.710097	.256004	.03389899	0
820.15	0	.7102789	.2558395	.03388157	0
819.15	0	.7104633	.2556731	.03386364	0
818.15	0	.7106499	.2555049	.03384521	0
817.15	0	.7108385	.2553352	.03382627	0
816.15	0	.7110288	.2551643	.03380685	0
815.15	0	.7112206	.2549924	.03378695	0
814.15	0	.7114137	.2548197	.03376657	0
813.15	0	.7116078	.2546464	.03374574	0
812.15	0	.7118029	.2544727	.03372446	0
811.15	0	.7119986	.2542987	.03370273	0
810.15	0	.7121949	.2541245	.03368057	0
809.15	0	.7123915	.2539505	.03365798	0
808.15	0	.7125884	.2537766	.03363497	0
807.15	0	.7127853	.2536031	.03361156	0
806.15	0	.7129822	.2534301	.03358775	0
805.15	0	.7131788	.2532577	.03356354	0
804.15	0	.7133751	.2530859	.03353895	0
803.15	0	.713571	.252915	.03351398	0
802.15	0	.7137663	.252745	.03348864	0
801.15	0	.713961	.252576	.03346294	0
800.15	0	.714155	.2524081	.03343689	0
799.15	0	.7143481	.2522415	.03341048	0
798.15	0	.7145402	.252076	.03338374	0
797.15	0	.7147314	.2519119	.03335667	0
796.15	0	.7149215	.2517492	.03332926	0
795.15	0	.7151105	.251588	.03330154	0
794.15	0	.7152982	.2514283	.0332735	0
793.15	0	.7154847	.2512702	.03324515	0
792.15	0	.7156698	.2511137	.0332165	0
791.15	0	.7158536	.2509589	.03318756	0
790.15	0	.7160359	.2508058	.03315832	0
789.15	0	.7162167	.2506545	.0331288	0
788.15	0	.7163961	.2505049	.03309901	0
787.15	0	.7165739	.2503572	.03306893	0
786.15	0	.7167501	.2502113	.03303859	0
785.15	0	.7169247	.2500674	.03300799	0
784.15	0	.7170976	.2499253	.03297713	0
783.15	0	.7172688	.2497852	.03294602	0
782.15	0	.7174384	.249647	.03291465	0
781.15	0	.7176062	.2495107	.03288305	0
780.15	0	.7177723	.2493765	.0328512	0
779.15	0	.7179367	.2492442	.03281912	0
778.15	0	.7180993	.2491139	.03278681	0
777.15	0	.71826	.2489857	.03275427	0
776.15	0	.718419	.2488595	.03272152	0
775.15	0	.7185762	.2487353	.03268854	0
774.15	0	.7187316	.2486131	.03265535	0
773.15	0	.7188851	.2484929	.03262195	0
772.15	0	.7190369	.2483748	.03258834	0
771.15	0	.7191867	.2482587	.03255453	0
770.15	0	.7193348	.2481447	.03252053	0
769.15	0	.7194811	.2480326	.03248632	0
768.15	0	.7196255	.2479226	.03245192	0
767.15	0	.719768	.2478146	.03241734	0
766.15	0	.7199088	.2477086	.03238257	0
765.15	0	.7200477	.2476047	.03234761	0
764.15	0	.7201848	.2475027	.03231248	0
763.15	0	.7203201	.2474027	.03227717	0
762.15	0	.7204536	.2473047	.03224169	0
761.15	0	.7205853	.2472087	.03220604	0
760.15	0	.7207152	.2471146	.03217022	0
759.15	0	.7208433	.2470225	.03213423	0
758.15	0	.7209696	.2469323	.03209808	0
757.15	0	.7210942	.246844	.03206177	0
756.15	0	.721217	.2467577	.03202531	0
755.15	0	.7213381	.2466732	.03198869	0
754.15	0	.7214574	.2465907	.03195192	0
753.15	0	.721575	.24651	.031915	0
752.15	0	.7216909	.2464312	.03187793	0
751.15	0	.7218051	.2463542	.03184072	0
750.15	0	.7219176	.2462791	.03180336	0
749.15	0	.7220284	.2462057	.03176587	0
748.15	0	.7221376	.2461342	.03172824	0
747.15	0	.7222451	.2460645	.03169047	0
746.15	0	.7223509	.2459965	.03165256	0
745.15	0	.7224552	.2459303	.03161453	0
744.15	0	.7225578	.2458658	.03157636	0
743.15	0	.7226588	.2458031	.03153807	0
742.15	0	.7227583	.2457421	.03149966	0
741.15	0	.7228562	.2456827	.03146111	0
740.15	0	.7229525	.245625	.03142245	0
739.15	0	.7230473	.245569	.03138367	0
738.15	0	.7231406	.2455147	.03134477	0
737.15	0	.7232323	.2454619	.03130575	0
736.15	0	.7233226	.2454108	.03126662	0
735.15	0	.7234114	.2453612	.03122738	0
734.15	0	.7234987	.2453133	.03118802	0
733.15	0	.7235846	.2452669	.03114856	0
732.15	0	.723669	.245222	.03110899	0
731.15	0	.723752	.2451787	.03106931	0
730.15	0	.7238336	.2451369	.03102953	0
729.15	0	.7239138	.2450966	.03098965	0
728.15	0	.7239926	.2450577	.03094966	0
727.15	0	.7240701	.2450203	.03090958	0
726.15	0	.7241462	.2449844	.0308694	0
725.15	0	.724221	.2449499	.03082912	0
724.15	0	.7242944	.2449168	.03078875	0
723.15	0	.7243666	.2448851	.03074828	0
722.15	0	.7244374	.2448549	.03070773	0
721.15	0	.724507	.2448259	.03066708	0
720.15	0	.7245753	.2447983	.03062635	0
719.15	0	.7246424	.2447721	.03058552	0
718.15	0	.7247082	.2447472	.03054462	0
717.15	0	.7247728	.2447236	.03050362	0
716.15	0	.7248362	.2447012	.03046255	0
715.15	0	.7248984	.2446802	.03042139	0
714.15	0	.7249595	.2446604	.03038016	0
713.15	0	.7250216	.2446403	.03033815	0
712.15	0	.7250801	.2446231	.03029681	0
711.15	0	.7251375	.2446071	.03025539	0
710.15	0	.7251938	.2445923	.03021389	0
709.15	0	.725249	.2445787	.03017232	0
708.15	0	.725303	.2445663	.03013067	0
707.15	0	.7253561	.244555	.03008895	0
706.15	0	.725408	.2445449	.03004716	0
705.15	0	.7254589	.2445358	.0300053	0
704.15	0	.7255087	.2445279	.02996337	0
703.15	0	.7255575	.2445211	.02992137	0
702.15	0	.7256053	.2445154	.0298793	0
701.15	0	.7256521	.2445107	.02983717	0
700.15	0	.7256979	.2445071	.02979498	0
699.15	0	.7257427	.2445045	.02975272	0
698.15	0	.7257866	.244503	.0297104	0
697.15	0	.7258295	.2445025	.02966803	0
696.15	0	.7258714	.244503	.02962559	0
695.15	0	.7259124	.2445045	.0295831	0
694.15	0	.7259525	.244507	.02954055	0
693.15	0	.7259916	.2445104	.02949795	0
692.15	0	.7260299	.2445148	.02945529	0
691.15	0	.7260672	.2445202	.02941259	0
690.15	0	.7261037	.2445265	.02936983	0
689.15	0	.7261393	.2445337	.02932702	0
688.15	0	.7261741	.2445418	.02928417	0
687.15	0	.726208	.2445508	.02924126	0
686.15	0	.726241	.2445607	.02919832	0
685.15	0	.7262732	.2445715	.02915533	0
684.15	0	.7263046	.2445831	.02911229	0
683.15	0	.7263352	.2445956	.02906922	0
682.15	0	.726365	.2446089	.0290261	0
681.15	0	.726394	.2446231	.02898294	0
680.15	0	.7264222	.2446381	.02893975	0
679.15	0	.7264496	.2446539	.02889652	0
678.15	0	.7264763	.2446705	.02885325	0
677.15	0	.7265022	.2446879	.02880994	0
676.15	0	.7265274	.244706	.02876661	0
675.15	0	.7265518	.2447249	.02872324	0
674.15	0	.7265755	.2447446	.02867984	0
673.15	0	.7265985	.2447651	.02863641	0
672.15	0	.7266208	.2447862	.02859295	0
671.15	0	.7266424	.2448081	.02854946	0
670.15	0	.7266633	.2448308	.02850595	0
669.15	0	.7266835	.2448541	.0284624	0
668.15	0	.7267031	.2448781	.02841884	0
667.15	0	.7267219	.2449028	.02837525	0
666.15	0	.7267402	.2449282	.02833164	0
665.15	0	.7267577	.2449543	.02828801	0
664.15	0	.7267747	.244981	.02824436	0
663.15	0	.726791	.2450083	.02820068	0
662.15	0	.7268066	.2450364	.028157	0
661.15	0	.7268217	.245065	.02811329	0
660.15	0	.7268362	.2450943	.02806957	0
659.15	0	.72685	.2451242	.02802583	0
658.15	0	.7268633	.2451546	.02798208	0
657.15	0	.726876	.2451857	.02793831	0
656.15	0	.7268881	.2452174	.02789454	0
655.15	0	.7268996	.2452497	.02785075	0
654.15	0	.7269106	.2452825	.02780696	0
653.15	0	.726921	.2453159	.02776315	0
652.15	0	.7269308	.2453498	.02771934	0
651.15	0	.7269401	.2453843	.02767552	0
650.15	0	.7269489	.2454194	.0276317	0
649.15	0	.7269572	.245455	.02758787	0
648.15	0	.7269649	.245491	.02754404	0
647.15	0	.7269721	.2455277	.02750021	0
646.15	0	.7269789	.2455648	.02745637	0
645.15	0	.7269851	.2456024	.02741254	0
644.15	0	.7269908	.2456405	.0273687	0
643.15	0	.726996	.2456791	.02732487	0
642.15	0	.7270008	.2457182	.02728104	0
641.15	0	.7270051	.2457577	.02723722	0
640.15	0	.7270089	.2457977	.02719339	0
639.15	0	.7270122	.2458382	.02714958	0
638.15	0	.7270151	.2458791	.02710577	0
637.15	0	.7270176	.2459205	.02706197	0
636.15	0	.7270196	.2459622	.02701818	0
635.15	0	.7270212	.2460045	.02697439	0
634.15	0	.7270223	.2460471	.02693062	0
633.15	0	.727023	.2460901	.02688686	0
632.15	0	.7270233	.2461336	.02684311	0
631.15	0	.7270232	.2461775	.02679938	0
630.15	0	.7270226	.2462217	.02675566	0
629.15	0	.7270217	.2462664	.02671196	0
628.15	0	.7270204	.2463114	.02666827	0
627.15	0	.7270186	.2463568	.0266246	0
626.15	0	.7270165	.2464025	.02658095	0
625.15	0	.727014	.2464487	.02653732	0
624.15	0	.7270112	.2464951	.02649371	0
623.15	0	.7270079	.246542	.02645012	0
622.15	0	.7270043	.2465891	.02640655	0
621.15	0	.7270004	.2466366	.026363	0
620.15	0	.7269961	.2466845	.02631948	0
619.15	0	.7269914	.2467326	.02627599	0
618.15	0	.7269864	.2467811	.02623252	0
617.15	0	.726981	.2468299	.02618908	0
616.15	0	.7269753	.246879	.02614566	0
615.15	0	.7269693	.2469284	.02610228	0
614.15	0	.726963	.2469781	.02605892	0
613.15	0	.7269563	.2470281	.02601559	0
612.15	0	.7269494	.2470784	.0259723	0
611.15	0	.7269421	.2471289	.02592904	0
610.15	0	.7269345	.2471797	.02588581	0
609.15	0	.7269266	.2472308	.02584262	0
608.15	0	.7269184	.2472822	.02579946	0
607.15	0	.7269099	.2473338	.02575634	0
606.15	0	.7269011	.2473856	.02571326	0
605.15	0	.7268921	.2474377	.02567021	0
604.15	0	.7268827	.2474901	.0256272	0
603.15	0	.7268731	.2475427	.02558424	0
602.15	0	.7268632	.2475955	.02554131	0
601.15	0	.7268531	.2476485	.02549842	0
600.15	0	.7268426	.2477018	.02545558	0
599.15	0	.726832	.2477553	.02541278	0
598.15	0	.726821	.2478089	.02537003	0
597.15	0	.7268098	.2478628	.02532732	0
596.15	0	.7267984	.2479169	.02528466	0
595.15	0	.7267867	.2479712	.02524204	0
594.15	0	.7267748	.2480257	.02519948	0
593.15	0	.7267627	.2480804	.02515696	0
592.15	0	.7267503	.2481352	.02511449	0
591.15	0	.7267377	.2481902	.02507207	0
590.15	0	.7267249	.2482454	.0250297	0
589.15	0	.7267118	.2483008	.02498739	0
588.15	0	.7266985	.2483563	.02494513	0
587.15	0	.7266851	.248412	.02490292	0
586.15	0	.7266714	.2484679	.02486077	0
585.15	0	.7266575	.2485239	.02481867	0
584.15	0	.7266434	.24858	.02477664	0
583.15	0	.7266291	.2486363	.02473466	0
582.15	0	.7266146	.2486927	.02469273	0
581.15	0	.7265999	.2487492	.02465087	0
580.15	0	.726585	.2488059	.02460907	0
579.15	0	.72657	.2488627	.02456732	0
578.15	0	.7265547	.2489196	.02452564	0
577.15	0	.7265393	.2489767	.02448403	0
576.15	0	.7265237	.2490338	.02444247	0
575.15	0	.7265079	.2490911	.02440099	0
574.15	0	.726492	.2491484	.02435956	0
573.15	0	.7264759	.2492059	.0243182	0
572.15	0	.7264596	.2492635	.02427691	0
571.15	0	.7264432	.2493211	.02423569	0
570.15	0	.7264266	.2493789	.02419454	0
569.15	0	.7264099	.2494367	.02415345	0
568.15	0	.726393	.2494946	.02411244	0
567.15	0	.726376	.2495525	.0240715	0
566.15	0	.7263588	.2496106	.02403063	0
565.15	0	.7263415	.2496687	.02398983	0
564.15	0	.726324	.2497269	.02394911	0
563.15	0	.7263064	.2497851	.02390846	0
562.15	0	.7262887	.2498434	.02386789	0
561.15	0	.7262708	.2499018	.02382739	0
560.15	0	.7262528	.2499602	.02378697	0
559.15	0	.7262347	.2500187	.02374663	0
558.15	0	.7262165	.2500772	.02370636	0
557.15	0	.7261981	.2501357	.02366618	0
556.15	0	.7261797	.2501943	.02362608	0
555.15	0	.7261611	.2502529	.02358605	0
554.15	0	.7261424	.2503115	.02354611	0
553.15	0	.7261236	.2503702	.02350626	0
552.15	0	.7261047	.2504288	.02346648	0
551.15	0	.7260857	.2504876	.02342679	0
550.15	0	.7260666	.2505463	.02338719	0
549.15	0	.7260473	.250605	.02334767	0
548.15	0	.726028	.2506637	.02330823	0
547.15	0	.7260086	.2507225	.02326889	0
547.0419	0	.7260065	.2507288	.02326464	0
547.0419	0	.7260065	.2507288	.02326464	0
547.0419	0	.7260065	.2507288	.02326464	0
546.15	0	.7263411	.250016	.02290122	7.417028E-04
545.15	0	.7267136	.2492206	.02249516	.001570672
544.15	0	.7270833	.2484292	.02209058	.002396872
543.15	0	.7274503	.2476419	.02168749	.00322033
542.15	0	.7278146	.2468584	.02128586	.004041074
541.15	0	.7281763	.2460789	.02088567	.004859129
540.15	0	.7285354	.2453031	.02048692	.005674523
539.15	0	.7288919	.2445312	.0200896	.00648728
538.15	0	.7292459	.243763	.01969368	.007297427
537.15	0	.7295974	.2429984	.01929916	.008104988
536.15	0	.7299465	.2422375	.01890603	.008909989
535.15	0	.7302931	.2414802	.01851426	.009712455
534.15	0	.7306373	.2407264	.01812386	.01051241
533.15	0	.7309792	.2399761	.0177348	.01130988
532.15	0	.7313188	.2392292	.01734708	.01210488
531.15	0	.7316561	.2384857	.01696068	.01289745
530.15	0	.7319912	.2377456	.0165756	.0136876
529.15	0	.732324	.2370088	.01619182	.01447536
528.15	0	.7326547	.2362753	.01580932	.01526074
527.15	0	.7329832	.2355449	.01542811	.01604378
526.15	0	.7333096	.2348178	.01504816	.0168245
525.15	0	.7336339	.2340938	.01466947	.01760291
524.15	0	.7339561	.2333728	.01429203	.01837904
523.15	0	.7342763	.232655	.01391582	.01915291
522.15	0	.7345945	.2319401	.01354084	.01992454
521.15	0	.7349108	.2312282	.01316708	.02069396
520.15	0	.7352251	.2305192	.01279452	.02146118
519.15	0	.7355375	.2298132	.01242315	.02222622
518.15	0	.735848	.2291099	.01205298	.02298911
517.15	0	.7361566	.2284095	.01168397	.02374987
516.15	0	.7364635	.2277119	.01131614	.02450851
515.15	0	.7367685	.227017	.01094945	.02526505
514.15	0	.7370717	.2263248	.01058392	.02601952
513.15	0	.7373732	.2256353	.01021953	.02677193
512.15	0	.737673	.2249484	.009856262	.02752231
511.15	0	.7379711	.2242642	.009494116	.02827067
510.15	0	.7382675	.2235825	.009133081	.02901702
509.15	0	.7385622	.2229033	.008773149	.0297614
508.15	0	.7388553	.2222266	.008414311	.03050382
507.15	0	.7391468	.2215523	.008056558	.03124429
506.15	0	.7394368	.2208805	.007699882	.03198283
505.15	0	.7397252	.2202111	.007344275	.03271947
504.15	0	.740012	.2195441	.006989727	.03345422
503.15	0	.7402974	.2188793	.006636232	.03418709
502.15	0	.7405812	.2182169	.006283781	.03491811
501.15	0	.7408636	.2175568	.005932367	.03564728
500.15	0	.7411445	.2168988	.005581981	.03637464
499.15	0	.7414241	.2162431	.005232615	.03710019
498.15	0	.7417022	.2155896	.004884263	.03782395
497.15	0	.741979	.2149382	.004536916	.03854593
496.15	0	.7422543	.2142889	.004190567	.03926616
495.15	0	.7425284	.2136417	.003845209	.03998465
494.15	0	.7428011	.2129966	.003500835	.04070142
493.15	0	.7430726	.2123535	.003157437	.04141648
492.15	0	.7433427	.2117125	.002815008	.04212984
491.15	0	.7436116	.2110733	.002473542	.04284152
490.15	0	.7438794	.2104362	.002132909	.04355157
489.15	0	.7441458	.2098009	.001793344	.04425994
488.15	0	.744411	.2091676	.001454722	.04496668
487.15	0	.7446751	.2085361	.001117034	.04567181
486.15	0	.744938	.2079064	7.802752E-04	.04637533
485.15	0	.7451997	.2072786	4.444383E-04	.04707726
484.15	0	.7454603	.2066526	1.095171E-04	.04777761
483.8224	0	.7455454	.2064479	0	.0480067
483.8224	0	.7455454	.2064479	0	.0480067
483.15	0	.7455405	.20629	0	.04816951
482.15	0	.745533	.2060562	0	.04841082
481.15	0	.7455252	.2058237	0	.04865115
480.15	0	.7455171	.2055924	0	.04889052
479.15	0	.7455087	.2053624	0	.04912893
478.15	0	.7455	.2051336	0	.04936639
477.15	0	.745491	.2049061	0	.04960292
476.15	0	.7454818	.2046797	0	.04983852
475.15	0	.7454723	.2044545	0	.05007321
474.15	0	.7454626	.2042305	0	.05030698
473.15	0	.7454526	.2040076	0	.05053986
472.15	0	.7454423	.2037858	0	.05077185
471.15	0	.7454318	.2035652	0	.05100296
470.15	0	.7454211	.2033457	0	.0512332
469.15	0	.7454101	.2031273	0	.05146257
468.15	0	.7453989	.20291	0	.0516911
467.15	0	.7453875	.2026938	0	.05191877
466.15	0	.7453758	.2024786	0	.05214562
465.15	0	.7453639	.2022644	0	.05237163
464.15	0	.7453519	.2020513	0	.05259683
463.15	0	.7453396	.2018392	0	.05282122
462.15	0	.7453271	.2016281	0	.05304481
461.15	0	.7453144	.201418	0	.05326761
460.15	0	.7453015	.2012089	0	.05348963
459.15	0	.7452884	.2010007	0	.05371086
458.15	0	.7452752	.2007935	0	.05393134
457.15	0	.7452617	.2005872	0	.05415105
456.15	0	.7452481	.2003819	0	.05437002
455.15	0	.7452343	.2001774	0	.05458824
454.15	0	.7452204	.1999739	0	.05480573
453.15	0	.7452063	.1997712	0	.05502249
452.15	0	.745192	.1995695	0	.05523854
451.15	0	.7451776	.1993686	0	.05545387
450.15	0	.745163	.1991685	0	.05566851
449.15	0	.7451483	.1989692	0	.05588248
448.15	0	.7451335	.1987707	0	.05609577
447.15	0	.7451186	.198573	0	.05630839
446.15	0	.7451036	.1983761	0	.05652035
445.15	0	.7450884	.1981799	0	.05673165
444.15	0	.7450732	.1979845	0	.05694231
443.15	0	.7450578	.1977898	0	.05715234
442.15	0	.7450424	.1975958	0	.05736175
441.15	0	.745027	.1974025	0	.05757055
440.15	0	.7450114	.1972099	0	.05777874
439.15	0	.7449958	.1970178	0	.05798634
438.15	0	.7449802	.1968265	0	.05819336
437.15	0	.7449645	.1966357	0	.0583998
436.15	0	.7449488	.1964455	0	.05860568
435.15	0	.7449331	.1962559	0	.058811
434.15	0	.7449173	.1960669	0	.05901577
433.15	0	.7449016	.1958784	0	.05922
432.15	0	.7448859	.1956905	0	.05942369
431.15	0	.7448701	.195503	0	.05962687
430.15	0	.7448544	.1953161	0	.05982953
429.15	0	.7448387	.1951296	0	.06003168
428.15	0	.744823	.1949437	0	.06023333
427.15	0	.7448074	.1947582	0	.06043448
426.15	0	.7447918	.1945731	0	.06063515
425.15	0	.7447762	.1943885	0	.06083534
424.15	0	.7447607	.1942042	0	.06103506
423.15	0	.7447452	.1940204	0	.06123431
422.15	0	.7447299	.193837	0	.06143311
421.15	0	.7447145	.193654	0	.06163146
420.15	0	.7446993	.1934714	0	.06182935
419.15	0	.7446841	.1932891	0	.06202681
418.15	0	.744669	.1931072	0	.06222384
417.15	0	.744654	.1929256	0	.06242044
416.15	0	.7446391	.1927443	0	.06261662
415.15	0	.7446243	.1925634	0	.06281238
414.15	0	.7446095	.1923828	0	.06300773
413.15	0	.7445949	.1922024	0	.06320268
412.15	0	.7445804	.1920224	0	.06339723
411.15	0	.744566	.1918427	0	.06359138
410.15	0	.7445517	.1916632	0	.06378515
409.15	0	.7445375	.191484	0	.06397853
408.15	0	.7445234	.191305	0	.06417154
407.15	0	.7445095	.1911263	0	.06436417
406.15	0	.7444957	.1909479	0	.06455643
405.15	0	.744482	.1907697	0	.06474832
404.15	0	.7444685	.1905917	0	.06493986
403.15	0	.744455	.1904139	0	.06513103
402.15	0	.7444418	.1902364	0	.06532186
401.15	0	.7444286	.190059	0	.06551234
400.15	0	.7444156	.1898819	0	.06570247
399.15	0	.7444028	.189705	0	.06589227
398.15	0	.7443901	.1895282	0	.06608173
397.15	0	.7443775	.1893516	0	.06627085
396.15	0	.7443651	.1891752	0	.06645965
395.15	0	.7443529	.188999	0	.06664812
394.15	0	.7443408	.188823	0	.06683627
393.15	0	.7443288	.1886471	0	.0670241
392.15	0	.744317	.1884714	0	.06721162
391.15	0	.7443054	.1882958	0	.06739882
390.15	0	.7442939	.1881204	0	.06758572
389.15	0	.7442826	.1879451	0	.0677723
388.15	0	.7442715	.1877699	0	.06795859
387.15	0	.7442605	.187595	0	.06814457
386.15	0	.7442497	.1874201	0	.06833026
385.15	0	.744239	.1872453	0	.06851565
384.15	0	.7442285	.1870707	0	.06870075
383.15	0	.7442182	.1868962	0	.06888556
382.15	0	.7442081	.1867219	0	.06907008
381.15	0	.7441981	.1865476	0	.06925432
380.15	0	.7441883	.1863735	0	.06943827
379.15	0	.7441786	.1861994	0	.06962194
378.15	0	.7441692	.1860255	0	.06980534
377.15	0	.7441599	.1858517	0	.06998846
376.15	0	.7441507	.185678	0	.0701713
375.15	0	.7441418	.1855043	0	.07035387
374.15	0	.744133	.1853308	0	.07053618
373.15	0	.7441244	.1851574	0	.07071821
372.15	0	.7441159	.1849841	0	.07089998
371.15	0	.7441077	.1848108	0	.07108148
370.15	0	.7440996	.1846377	0	.07126272
369.15	0	.7440917	.1844647	0	.0714437
368.15	0	.7440839	.1842917	0	.07162442
367.15	0	.7440763	.1841188	0	.07180488
366.15	0	.7440689	.183946	0	.07198508
365.15	0	.7440617	.1837733	0	.07216503
364.15	0	.7440546	.1836007	0	.07234472
363.15	0	.7440477	.1834281	0	.07252416
362.15	0	.744041	.1832556	0	.07270335
361.15	0	.7440345	.1830832	0	.07288229
360.15	0	.7440281	.1829109	0	.07306098
359.15	0	.7440219	.1827387	0	.07323943
358.15	0	.7440159	.1825665	0	.07341762
357.15	0	.74401	.1823944	0	.07359557
356.15	0	.7440043	.1822224	0	.07377328
355.15	0	.7439988	.1820505	0	.07395074
354.15	0	.7439934	.1818786	0	.07412797
353.15	0	.7439882	.1817069	0	.07430495
352.15	0	.7439832	.1815352	0	.07448169
351.15	0	.7439783	.1813635	0	.07465819
350.15	0	.7439736	.181192	0	.07483445
349.15	0	.7439691	.1810205	0	.07501047
348.15	0	.7439647	.1808491	0	.07518625
347.15	0	.7439605	.1806777	0	.0753618
346.15	0	.7439564	.1805064	0	.07553712
345.15	0	.7439526	.1803353	0	.07571219
344.15	0	.7439488	.1801641	0	.07588704
343.15	0	.7439453	.1799931	0	.07606165
342.15	0	.7439419	.1798221	0	.07623603
341.15	0	.7439386	.1796512	0	.07641017
340.15	0	.7439355	.1794804	0	.07658408
339.15	0	.7439326	.1793097	0	.07675776
338.15	0	.7439298	.179139	0	.07693121
337.15	0	.7439272	.1789684	0	.07710443
336.15	0	.7439247	.1787979	0	.07727742
335.15	0	.7439224	.1786275	0	.07745018
334.15	0	.7439202	.1784571	0	.07762271
333.15	0	.7439182	.1782868	0	.07779501
332.15	0	.7439163	.1781166	0	.07796708
331.15	0	.7439146	.1779465	0	.07813893
330.15	0	.743913	.1777765	0	.07831054
329.15	0	.7439116	.1776065	0	.07848193
328.15	0	.7439103	.1774366	0	.07865309
327.15	0	.7439092	.1772668	0	.07882403
326.15	0	.7439082	.1770971	0	.07899474
325.15	0	.7439073	.1769275	0	.07916522
324.15	0	.7439066	.176758	0	.07933547
323.15	0	.743906	.1765885	0	.0795055
322.15	0	.7439056	.1764191	0	.07967531
321.15	0	.7439053	.1762499	0	.07984489
320.15	0	.7439051	.1760807	0	.08001424
319.15	0	.7439051	.1759116	0	.08018337
318.15	0	.7439052	.1757425	0	.08035227
317.15	0	.7439054	.1755736	0	.08052095
316.15	0	.7439058	.1754048	0	.0806894
315.15	0	.7439063	.1752361	0	.08085763
314.15	0	.743907	.1750674	0	.08102563
313.15	0	.7439077	.1748989	0	.08119341
312.15	0	.7439086	.1747304	0	.08136097
311.15	0	.7439096	.1745621	0	.0815283
310.15	0	.7439108	.1743938	0	.0816954
309.15	0	.743912	.1742257	0	.08186228
308.15	0	.7439134	.1740576	0	.08202894
307.15	0	.743915	.1738897	0	.08219538
306.15	0	.7439166	.1737218	0	.08236159
