T	 BPW(LIQUID)	BPW(BCC_A2)	BPW(FCC_A1)	BPW(LAVES_PHASE_C14)	BPW(NI3TI)
1473.15	.3680677	.5734664	0	.05846594	0
1472.15	.3611874	.5780398	0	.06077285	0
1471.15	.3544381	.5825208	0	.06304118	0
1470.15	.3478161	.5869119	0	.06527204	0
1469.15	.341318	.5912155	0	.06746647	0
1468.15	.3349405	.5954341	0	.06962549	0
1467.15	.3286802	.5995697	0	.0717501	0
1466.15	.3225341	.6036246	0	.07384122	0
1465.15	.3164992	.607601	0	.07589979	0
1464.15	.3105725	.6115009	0	.07792667	0
1463.15	.3047512	.6153261	0	.07992273	0
1462.15	.2990325	.6190787	0	.08188879	0
1461.15	.2934139	.6227605	0	.08382563	0
1460.15	.2878928	.6263732	0	.08573405	0
1459.15	.2824667	.6299186	0	.08761476	0
1458.15	.2771332	.6333983	0	.0894685	0
1457.15	.27189	.636814	0	.09129596	0
1456.15	.2667349	.6401673	0	.0930978	0
1455.15	.2616657	.6434596	0	.09487469	0
1454.15	.2566803	.6466924	0	.09662724	0
1453.15	.2517767	.6498672	0	.09835608	0
1452.15	.2469529	.6529854	0	.1000618	0
1451.15	.2422069	.6560481	0	.1017449	0
1450.15	.237537	.6590569	0	.1034061	0
1449.15	.2329414	.6620129	0	.1050457	0
1448.15	.2284182	.6649173	0	.1066644	0
1447.15	.2239659	.6677714	0	.1082627	0
1446.15	.2195827	.6705763	0	.109841	0
1445.15	.2152671	.6733331	0	.1113998	0
1444.15	.2110176	.6760428	0	.1129396	0
1443.15	.2068326	.6787067	0	.1144608	0
1442.15	.2027106	.6813256	0	.1159639	0
1441.15	.1986503	.6839005	0	.1174492	0
1440.15	.1946503	.6864325	0	.1189172	0
1439.15	.1907093	.6889225	0	.1203682	0
1438.15	.186826	.6913713	0	.1218027	0
1437.15	.182999	.6937799	0	.1232211	0
1436.15	.1792272	.6961492	0	.1246236	0
1435.15	.1755094	.69848	0	.1260107	0
1434.15	.1718444	.700773	0	.1273826	0
1433.15	.1682311	.7030291	0	.1287397	0
1432.15	.1646685	.7052491	0	.1300824	0
1431.15	.1611553	.7074337	0	.1314109	0
1430.15	.1576907	.7095837	0	.1327256	0
1429.15	.1542735	.7116997	0	.1340268	0
1428.15	.1509029	.7137825	0	.1353146	0
1427.15	.1475778	.7158327	0	.1365895	0
1426.15	.1442973	.7178511	0	.1378516	0
1425.15	.1410605	.7198381	0	.1391014	0
1424.15	.1378666	.7217945	0	.1403389	0
1423.15	.1347146	.7237209	0	.1415645	0
1422.15	.1316037	.7256179	0	.1427784	0
1421.15	.1285332	.727486	0	.1439808	0
1420.15	.1255021	.7293259	0	.1451721	0
1419.15	.1225098	.7311379	0	.1463523	0
1418.15	.1195554	.7329228	0	.1475217	0
1417.15	.1166383	.7346811	0	.1486806	0
1416.15	.1137577	.7364131	0	.1498292	0
1415.15	.1109129	.7381195	0	.1509676	0
1414.15	.1081033	.7398007	0	.152096	0
1413.15	.1053281	.7414572	0	.1532147	0
1412.15	.1025867	.7430895	0	.1543238	0
1411.15	.09987846	.744698	0	.1554235	0
1410.15	.09720278	.7462832	0	.1565141	0
1409.15	.09455905	.7478454	0	.1575955	0
1408.15	.09194667	.7493852	0	.1586682	0
1407.15	.08936505	.7509028	0	.1597321	0
1406.15	.08681364	.7523988	0	.1607875	0
1405.15	.08429189	.7538735	0	.1618346	0
1404.15	.08179926	.7553274	0	.1628734	0
1403.15	.07933521	.7567607	0	.1639041	0
1402.15	.07689925	.7581738	0	.164927	0
1401.15	.07449085	.7595671	0	.165942	0
1400.15	.07210954	.760941	0	.1669494	0
1399.15	.06975484	.7622958	0	.1679494	0
1398.15	.06742627	.7636318	0	.1689419	0
1397.15	.06512338	.7649494	0	.1699273	0
1396.15	.06284572	.7662488	0	.1709055	0
1395.15	.06059285	.7675304	0	.1718767	0
1394.15	.05836434	.7687946	0	.1728411	0
1393.15	.05615978	.7700415	0	.1737987	0
1392.15	.05397875	.7712715	0	.1747498	0
1391.15	.05182085	.7724849	0	.1756943	0
1390.15	.0496857	.7736819	0	.1766324	0
1389.15	.0475729	.7748629	0	.1775642	0
1388.15	.04548209	.7760281	0	.1784898	0
1387.15	.04341288	.7771778	0	.1794094	0
1386.15	.04136494	.7783121	0	.1803229	0
1385.15	.03933789	.7794315	0	.1812306	0
1384.15	.0373314	.780536	0	.1821326	0
1383.15	.03534514	.7816261	0	.1830288	0
1382.15	.03337876	.7827018	0	.1839194	0
1381.15	.03143195	.7837635	0	.1848046	0
1380.15	.02950439	.7848113	0	.1856843	0
1379.15	.02759577	.7858456	0	.1865587	0
1378.15	.02570578	.7868664	0	.1874278	0
1377.15	.02383414	.7878741	0	.1882918	0
1376.15	.02198053	.7888687	0	.1891507	0
1375.15	.02014469	.7898506	0	.1900047	0
1374.15	.01832633	.79082	0	.1908537	0
1373.15	.01652517	.791777	0	.1916979	0
1372.15	.01474094	.7927218	0	.1925373	0
1371.15	.01297339	.7936546	0	.193372	0
1370.15	.01122226	.7945757	0	.1942021	0
1369.15	.009487279	.7954851	0	.1950276	0
1368.15	.007768214	.7963831	0	.1958487	0
1367.15	.006064816	.7972699	0	.1966653	0
1366.15	.004376847	.7981455	0	.1974777	0
1365.15	.002704073	.7990103	0	.1982857	0
1364.15	.001046263	.7998642	0	.1990895	0
1363.514	0	.8004017	0	.1995984	0
1363.514	0	.8004017	0	.1995984	0
1363.15	0	.8001909	0	.1998091	0
1362.15	0	.7996131	0	.2003869	0
1361.15	0	.7990367	0	.2009633	0
1360.15	0	.7984616	0	.2015384	0
1359.15	0	.7978878	0	.2021123	0
1358.15	0	.7973152	0	.2026848	0
1357.15	0	.7967439	0	.2032561	0
1356.15	0	.7961739	0	.2038261	0
1355.15	0	.7956052	0	.2043948	0
1354.15	0	.7950378	0	.2049622	0
1353.15	0	.7944716	0	.2055284	0
1352.15	0	.7939067	0	.2060933	0
1351.15	0	.793343	0	.206657	0
1350.15	0	.7927806	0	.2072194	0
1349.15	0	.7922195	0	.2077805	0
1348.15	0	.7916596	0	.2083404	0
1347.15	0	.7911009	0	.2088991	0
1346.15	0	.7905435	0	.2094565	0
1345.15	0	.7899873	0	.2100127	0
1344.15	0	.7894323	0	.2105677	0
1343.15	0	.7888786	0	.2111214	0
1342.15	0	.7883261	0	.2116739	0
1341.15	0	.7877748	0	.2122252	0
1340.15	0	.7872247	0	.2127753	0
1339.15	0	.7866758	0	.2133242	0
1338.15	0	.7861282	0	.2138718	0
1337.15	0	.7855817	0	.2144183	0
1336.15	0	.7850365	0	.2149635	0
1335.15	0	.7844924	0	.2155076	0
1334.15	0	.7839495	0	.2160505	0
1333.15	0	.7834079	0	.2165922	0
1332.15	0	.7828674	0	.2171327	0
1331.15	0	.782328	0	.217672	0
1330.15	0	.7817899	0	.2182101	0
1329.15	0	.7812529	0	.2187471	0
1328.15	0	.7807171	0	.2192829	0
1327.15	0	.7801825	0	.2198175	0
1326.15	0	.779649	0	.220351	0
1325.15	0	.7791167	0	.2208833	0
1324.15	0	.7785856	0	.2214145	0
1323.15	0	.7780555	0	.2219445	0
1322.15	0	.7775267	0	.2224733	0
1321.15	0	.776999	0	.223001	0
1320.15	0	.7764724	0	.2235276	0
1319.15	0	.775947	0	.2240531	0
1318.15	0	.7754226	0	.2245774	0
1317.15	0	.7748995	0	.2251005	0
1316.15	0	.7743774	0	.2256226	0
1315.15	0	.7738565	0	.2261435	0
1314.15	0	.7733367	0	.2266633	0
1313.15	0	.772818	0	.227182	0
1312.15	0	.7723004	0	.2276996	0
1311.15	0	.7717839	0	.2282161	0
1310.15	0	.7712686	0	.2287314	0
1309.15	0	.7707543	0	.2292457	0
1308.15	0	.7702411	0	.2297589	0
1307.15	0	.7697291	0	.2302709	0
1306.15	0	.7692181	0	.2307819	0
1305.15	0	.7687082	0	.2312918	0
1304.15	0	.7681994	0	.2318006	0
1303.15	0	.7676917	0	.2323083	0
1302.15	0	.767185	0	.232815	0
1301.15	0	.7666795	0	.2333205	0
1300.15	0	.766175	0	.233825	0
1299.15	0	.7656715	0	.2343285	0
1298.15	0	.7651692	0	.2348308	0
1297.15	0	.7646679	0	.2353321	0
1296.15	0	.7641677	0	.2358324	0
1295.15	0	.7636685	0	.2363315	0
1294.15	0	.7631703	0	.2368297	0
1293.15	0	.7626733	0	.2373267	0
1292.15	0	.7621772	0	.2378228	0
1291.15	0	.7616822	0	.2383178	0
1290.15	0	.7611883	0	.2388117	0
1289.15	0	.7606954	0	.2393046	0
1288.15	0	.7602035	0	.2397965	0
1287.15	0	.7597127	0	.2402873	0
1286.15	0	.7592228	0	.2407772	0
1285.15	0	.7587341	0	.241266	0
1284.15	0	.7582463	0	.2417537	0
1283.15	0	.7577595	0	.2422405	0
1282.15	0	.7572738	0	.2427262	0
1281.15	0	.7567891	0	.2432109	0
1280.15	0	.7563053	0	.2436947	0
1279.15	0	.7558227	0	.2441774	0
1278.15	0	.755341	0	.2446591	0
1277.15	0	.7548603	0	.2451398	0
1276.15	0	.7543806	0	.2456195	0
1275.15	0	.7539018	0	.2460982	0
1274.15	0	.7534241	0	.2465759	0
1273.15	0	.7529474	0	.2470526	0
1272.15	0	.7524717	0	.2475283	0
1271.15	0	.7519969	0	.2480031	0
1270.15	0	.7515231	0	.2484769	0
1269.15	0	.7510503	0	.2489497	0
1268.15	0	.7505785	0	.2494215	0
1267.15	0	.7501077	0	.2498923	0
1266.15	0	.7496378	0	.2503622	0
1265.15	0	.7491689	0	.2508311	0
1264.15	0	.7487009	0	.2512991	0
1263.15	0	.748234	0	.2517661	0
1262.15	0	.7477679	0	.2522321	0
1261.15	0	.7473029	0	.2526971	0
1260.15	0	.7468387	0	.2531613	0
1259.15	0	.7463756	0	.2536244	0
1258.15	0	.7459134	0	.2540867	0
1257.15	0	.7454521	0	.2545479	0
1256.15	0	.7449917	0	.2550083	0
1255.15	0	.7445324	0	.2554677	0
1254.15	0	.7440739	0	.2559261	0
1253.15	0	.7436164	0	.2563836	0
1252.15	0	.7431598	0	.2568402	0
1251.15	0	.7427041	0	.2572959	0
1250.15	0	.7422494	0	.2577506	0
1249.15	0	.7417956	0	.2582044	0
1248.15	0	.7413427	0	.2586573	0
1247.15	0	.7408907	0	.2591093	0
1246.15	0	.7404397	0	.2595603	0
1245.15	0	.7399895	0	.2600105	0
1244.15	0	.7395403	0	.2604597	0
1243.15	0	.739092	0	.260908	0
1242.15	0	.7386446	0	.2613555	0
1241.15	0	.738198	0	.261802	0
1240.15	0	.7377524	0	.2622476	0
1239.15	0	.7373077	0	.2626923	0
1238.15	0	.7368639	0	.2631361	0
1237.15	0	.736421	0	.263579	0
1236.15	0	.7359789	0	.2640211	0
1235.15	0	.7355378	0	.2644622	0
1234.15	0	.7350975	0	.2649025	0
1233.15	0	.7346582	0	.2653418	0
1232.15	0	.7342197	0	.2657803	0
1231.15	0	.7337821	0	.2662179	0
1230.15	0	.7333453	0	.2666547	0
1229.15	0	.7329095	0	.2670905	0
1228.15	0	.7324745	0	.2675255	0
1227.15	0	.7320403	0	.2679597	0
1226.15	0	.7316071	0	.2683929	0
1225.15	0	.7311747	0	.2688253	0
1224.15	0	.7307432	0	.2692568	0
1223.15	0	.7303125	0	.2696875	0
1222.15	0	.7298827	0	.2701173	0
1221.15	0	.7294537	0	.2705463	0
1220.15	0	.7290256	0	.2709744	0
1219.15	0	.7285984	0	.2714016	0
1218.15	0	.728172	0	.271828	0
1217.15	0	.7277464	0	.2722536	0
1216.15	0	.7273217	0	.2726783	0
1215.15	0	.7268979	0	.2731021	0
1214.15	0	.7264748	0	.2735252	0
1213.15	0	.7260526	0	.2739474	0
1212.15	0	.7256313	0	.2743687	0
1211.15	0	.7252107	0	.2747893	0
1210.15	0	.724791	0	.275209	0
1209.15	0	.7243722	0	.2756278	0
1208.15	0	.7239541	0	.2760458	0
1207.15	0	.7235369	0	.2764631	0
1206.15	0	.7231205	0	.2768795	0
1205.15	0	.722705	0	.277295	0
1204.15	0	.7222902	0	.2777098	0
1203.15	0	.7218763	0	.2781237	0
1202.15	0	.7214632	0	.2785369	0
1201.15	0	.7210508	0	.2789492	0
1200.15	0	.7206393	0	.2793607	0
1199.15	0	.7202286	0	.2797714	0
1198.15	0	.7198188	0	.2801812	0
1197.15	0	.7194097	0	.2805903	0
1196.15	0	.7190014	0	.2809986	0
1195.15	0	.7185939	0	.2814061	0
1194.15	0	.7181872	0	.2818128	0
1193.15	0	.7177813	0	.2822187	0
1192.15	0	.7173762	0	.2826238	0
1191.15	0	.7169719	0	.2830281	0
1190.15	0	.7165684	0	.2834316	0
1189.15	0	.7161656	0	.2838344	0
1188.15	0	.7157637	0	.2842363	0
1187.15	0	.7153625	0	.2846375	0
1186.15	0	.7149621	0	.2850379	0
1185.15	0	.7145625	0	.2854375	0
1184.15	0	.7141637	0	.2858363	0
1183.15	0	.7137656	0	.2862344	0
1182.15	0	.7133684	0	.2866316	0
1181.15	0	.7129719	0	.2870281	0
1180.15	0	.7125761	0	.2874239	0
1179.15	0	.7121811	0	.2878189	0
1178.15	0	.7117869	0	.2882131	0
1177.15	0	.7113935	0	.2886065	0
1176.15	0	.7110008	0	.2889992	0
1175.15	0	.7106089	0	.2893911	0
1174.15	0	.7102177	0	.2897823	0
1173.15	0	.7098273	0	.2901727	0
1172.15	0	.7094377	0	.2905623	0
1171.15	0	.7090488	0	.2909512	0
1170.15	0	.7086606	0	.2913394	0
1169.15	0	.7082732	0	.2917268	0
1168.15	0	.7078866	0	.2921134	0
1167.15	0	.7075006	0	.2924994	0
1166.15	0	.7071155	0	.2928845	0
1165.15	0	.7067311	0	.293269	0
1164.15	0	.7063474	0	.2936526	0
1163.15	0	.7059644	0	.2940356	0
1162.15	0	.7055822	0	.2944178	0
1161.15	0	.7052007	0	.2947993	0
1160.15	0	.70482	0	.29518	0
1159.15	0	.70444	0	.29556	0
1158.15	0	.7040607	0	.2959393	0
1157.15	0	.7036822	0	.2963179	0
1156.15	0	.7033043	0	.2966957	0
1155.15	0	.7029272	0	.2970728	0
1154.15	0	.7025508	0	.2974492	0
1153.15	0	.7021752	0	.2978248	0
1152.15	0	.7018002	0	.2981998	0
1151.15	0	.701426	0	.298574	0
1150.15	0	.7010525	0	.2989475	0
1149.15	0	.7006797	0	.2993203	0
1148.15	0	.7003076	0	.2996924	0
1147.15	0	.6999362	0	.3000638	0
1146.15	0	.6995656	0	.3004344	0
1145.15	0	.6991956	0	.3008044	0
1144.15	0	.6988264	0	.3011736	0
1143.15	0	.6984578	0	.3015422	0
1142.15	0	.69809	0	.30191	0
1141.15	0	.6977229	0	.3022772	0
1140.15	0	.6973564	0	.3026436	0
1139.15	0	.6969907	0	.3030093	0
1138.15	0	.6966256	0	.3033744	0
1137.15	0	.6962613	0	.3037388	0
1136.15	0	.6958976	0	.3041024	0
1135.15	0	.6955346	0	.3044654	0
1134.15	0	.6951723	0	.3048277	0
1133.15	0	.6948108	0	.3051893	0
1132.15	0	.6944498	0	.3055502	0
1131.15	0	.6940896	0	.3059104	0
1130.15	0	.6937301	0	.3062699	0
1129.15	0	.6933712	0	.3066288	0
1128.15	0	.6930131	0	.3069869	0
1127.15	0	.6926556	0	.3073444	0
1126.15	0	.6922987	0	.3077013	0
1125.15	0	.6919426	0	.3080574	0
1124.15	0	.6915871	0	.3084129	0
1123.15	0	.6912323	0	.3087677	0
1122.15	0	.6908782	0	.3091218	0
1121.15	0	.6905248	0	.3094752	0
1120.15	0	.690172	0	.309828	0
1119.15	0	.6898198	0	.3101802	0
1118.15	0	.6894684	0	.3105316	0
1117.15	0	.6891176	0	.3108824	0
1116.15	0	.6887675	0	.3112325	0
1115.15	0	.688418	0	.311582	0
1114.15	0	.6880692	0	.3119308	0
1113.15	0	.6877211	0	.312279	0
1112.15	0	.6873736	0	.3126264	0
1111.15	0	.6870267	0	.3129733	0
1110.15	0	.6866805	0	.3133195	0
1109.15	0	.686335	0	.313665	0
1108.15	0	.6859901	0	.3140099	0
1107.15	0	.6856459	0	.3143541	0
1106.15	0	.6853023	0	.3146977	0
1105.15	0	.6849594	0	.3150406	0
1104.15	0	.6846171	0	.3153829	0
1103.15	0	.6842755	0	.3157245	0
1102.15	0	.6839345	0	.3160655	0
1101.15	0	.6835941	0	.3164059	0
1100.15	0	.6832544	0	.3167456	0
1099.15	0	.6829153	0	.3170847	0
1098.15	0	.6825769	0	.3174231	0
1097.15	0	.6822391	0	.3177609	0
1096.15	0	.6819019	0	.3180981	0
1095.15	0	.6815654	0	.3184346	0
1094.15	0	.6812295	0	.3187705	0
1093.15	0	.6808942	0	.3191058	0
1092.15	0	.6805596	0	.3194404	0
1091.15	0	.6802256	0	.3197744	0
1090.15	0	.6798922	0	.3201078	0
1089.15	0	.6795594	0	.3204406	0
1088.15	0	.6792273	0	.3207727	0
1087.15	0	.6788958	0	.3211042	0
1086.15	0	.6785649	0	.3214351	0
1085.15	0	.6782346	0	.3217654	0
1084.15	0	.677905	0	.322095	0
1083.15	0	.677576	0	.3224241	0
1082.15	0	.6772475	0	.3227525	0
1081.15	0	.6769198	0	.3230803	0
1080.15	0	.6765926	0	.3234074	0
1079.15	0	.676266	0	.323734	0
1078.15	0	.6759401	0	.32406	0
1077.15	0	.6756147	0	.3243853	0
1076.15	0	.67529	0	.32471	0
1075.15	0	.6749659	0	.3250341	0
1074.15	0	.6746423	0	.3253577	0
1073.15	0	.6743194	0	.3256806	0
1072.15	0	.6739971	0	.3260029	0
1071.15	0	.6736754	0	.3263246	0
1070.15	0	.6733543	0	.3266457	0
1069.15	0	.6730339	0	.3269662	0
1068.15	0	.672714	0	.327286	0
1067.15	0	.6723947	0	.3276053	0
1066.15	0	.672076	0	.327924	0
1065.15	0	.6717579	0	.3282421	0
1064.836	0	.6716582	0	.3283418	0
1064.836	0	.6716582	0	.3283418	0
1064.836	0	.6716582	0	.3283418	0
1064.15	0	.671088	3.853576E-04	.3285266	0
1063.15	0	.670259	9.457113E-04	.3287953	0
1062.15	0	.6694321	.001504579	.3290633	0
1061.15	0	.6686074	.002061963	.3293307	0
1060.15	0	.6677848	.002617867	.3295973	0
1059.15	0	.6669644	.003172293	.3298633	0
1058.15	0	.6661462	.003725243	.3301286	0
1057.15	0	.6653301	.004276721	.3303932	0
1056.15	0	.6645161	.00482673	.3306572	0
1055.15	0	.6637043	.005375272	.3309204	0
1054.15	0	.6628946	.005922349	.331183	0
1053.15	0	.6620871	.006467966	.3314449	0
1052.15	0	.6612817	.007012124	.3317062	0
1051.15	0	.6604784	.007554826	.3319668	0
1050.15	0	.6596773	.008096076	.3322267	0
1049.15	0	.6588782	.008635876	.3324859	0
1048.15	0	.6580813	.009174229	.3327445	0
1047.15	0	.6572865	.009711137	.3330023	0
1046.15	0	.6564938	.01024661	.3332596	0
1045.15	0	.6557032	.01078063	.3335161	0
1044.15	0	.6549148	.01131323	.333772	0
1043.15	0	.6541284	.01184439	.3340273	0
1042.15	0	.6533441	.01237412	.3342818	0
1041.15	0	.6525619	.01290243	.3345357	0
1040.15	0	.6517818	.01342931	.334789	0
1039.15	0	.6510037	.01395477	.3350415	0
1038.15	0	.6502278	.01447881	.3352934	0
1037.15	0	.6494539	.01500144	.3355447	0
1036.15	0	.6486821	.01552266	.3357953	0
1035.15	0	.6479123	.01604247	.3360452	0
1034.15	0	.6471447	.01656088	.3362945	0
1033.15	0	.6463791	.01707788	.3365431	0
1032.15	0	.6456155	.01759348	.336791	0
1031.15	0	.644854	.01810769	.3370383	0
1030.15	0	.6440946	.01862051	.3372849	0
1029.15	0	.6433372	.01913194	.3375309	0
1028.15	0	.6425818	.01964198	.3377762	0
1027.15	0	.6418285	.02015064	.3380209	0
1026.15	0	.6410772	.02065792	.3382649	0
1025.15	0	.6403279	.02116382	.3385083	0
1024.15	0	.6395807	.02166835	.338751	0
1023.15	0	.6388355	.02217151	.338993	0
1022.15	0	.6380923	.02267331	.3392344	0
1021.15	0	.6373511	.02317375	.3394751	0
1020.15	0	.636612	.02367282	.3397152	0
1019.15	0	.6358748	.02417054	.3399546	0
1018.15	0	.6351397	.02466692	.3401934	0
1017.15	0	.6344065	.02516194	.3404315	0
1016.15	0	.6336754	.02565562	.340669	0
1015.15	0	.6329462	.02614795	.3409058	0
1014.15	0	.6322191	.02663895	.341142	0
1013.15	0	.6314939	.02712862	.3413775	0
1012.15	0	.6307707	.02761696	.3416124	0
1011.15	0	.6300494	.02810398	.3418466	0
1010.15	0	.6293302	.02858967	.3420802	0
1009.15	0	.6286129	.02907405	.3423131	0
1008.15	0	.6278976	.02955711	.3425453	0
1007.15	0	.6271842	.03003886	.3427769	0
1006.15	0	.6264728	.03051931	.3430079	0
1005.15	0	.6257634	.03099845	.3432382	0
1004.15	0	.6250559	.0314763	.3434678	0
1003.15	0	.6243503	.03195286	.3436968	0
1002.15	0	.6236467	.03242813	.3439252	0
1001.15	0	.622945	.03290211	.3441529	0
1000.15	0	.6222453	.03337481	.3443799	0
999.15	0	.6215475	.03384624	.3446063	0
998.15	0	.6208516	.0343164	.3448321	0
997.15	0	.6201576	.03478529	.3450571	0
996.15	0	.6194655	.03525292	.3452816	0
995.15	0	.6187754	.03571929	.3455054	0
994.15	0	.6180871	.03618441	.3457285	0
993.15	0	.6174008	.03664829	.345951	0
992.15	0	.6167163	.03711092	.3461728	0
991.15	0	.6160337	.03757231	.346394	0
990.15	0	.6153531	.03803247	.3466145	0
989.15	0	.6146743	.0384914	.3468343	0
988.15	0	.6139973	.0389491	.3470535	0
987.15	0	.6133223	.0394056	.3472721	0
986.15	0	.6126491	.03986088	.34749	0
985.15	0	.6119778	.04031495	.3477072	0
984.15	0	.6113084	.04076782	.3479238	0
983.15	0	.6106408	.04121949	.3481397	0
982.15	0	.609975	.04166997	.348355	0
981.15	0	.6093111	.04211927	.3485696	0
980.15	0	.6086491	.04256739	.3487836	0
979.15	0	.6079888	.04301434	.3489968	0
978.15	0	.6073304	.04346012	.3492095	0
977.15	0	.6066738	.04390473	.3494214	0
976.15	0	.6060191	.04434819	.3496327	0
975.15	0	.6053661	.0447905	.3498434	0
974.15	0	.604715	.04523167	.3500534	0
973.15	0	.6040656	.0456717	.3502627	0
972.15	0	.6034181	.0461106	.3504713	0
971.15	0	.6027723	.04654838	.3506793	0
970.15	0	.6021284	.04698504	.3508866	0
969.15	0	.6014862	.04742059	.3510933	0
968.15	0	.6008457	.04785503	.3512992	0
967.15	0	.6002071	.04828838	.3515045	0
966.15	0	.5995702	.04872063	.3517092	0
965.15	0	.5989351	.04915181	.3519131	0
964.15	0	.5983017	.0495819	.3521164	0
963.15	0	.59767	.05001093	.352319	0
962.15	0	.5970401	.0504389	.352521	0
961.15	0	.596412	.05086581	.3527222	0
960.15	0	.5957855	.05129168	.3529228	0
959.15	0	.5951608	.05171651	.3531227	0
958.15	0	.5945378	.05214031	.3533219	0
957.15	0	.5939164	.05256309	.3535205	0
956.15	0	.5932968	.05298485	.3537183	0
955.15	0	.5926789	.05340561	.3539155	0
954.15	0	.5920626	.05382537	.354112	0
953.15	0	.5914481	.05424414	.3543078	0
952.15	0	.5908352	.05466193	.3545029	0
951.15	0	.5902239	.05507875	.3546973	0
950.15	0	.5896144	.0554946	.354891	0
949.15	0	.5890064	.0559095	.3550841	0
948.15	0	.5884001	.05632346	.3552764	0
947.15	0	.5877955	.05673648	.355468	0
946.15	0	.5871925	.05714858	.355659	0
945.15	0	.586591	.05755976	.3558492	0
944.15	0	.5859912	.05797004	.3560387	0
943.15	0	.585393	.05837942	.3562276	0
942.15	0	.5847964	.05878791	.3564157	0
941.15	0	.5842014	.05919552	.3566031	0
940.15	0	.5836079	.05960228	.3567898	0
939.15	0	.5830161	.06000817	.3569758	0
938.15	0	.5824257	.06041322	.357161	0
937.15	0	.581837	.06081744	.3573456	0
936.15	0	.5812497	.06122084	.3575294	0
935.15	0	.5806641	.06162342	.3577125	0
934.15	0	.5800799	.06202521	.3578949	0
933.15	0	.5794972	.06242621	.3580766	0
932.15	0	.5789161	.06282643	.3582575	0
931.15	0	.5783364	.06322589	.3584377	0
930.15	0	.5777582	.0636246	.3586172	0
929.15	0	.5771815	.06402257	.3587959	0
928.15	0	.5766063	.06441981	.3589739	0
927.15	0	.5760325	.06481634	.3591511	0
926.15	0	.5754602	.06521217	.3593276	0
925.15	0	.5748893	.06560731	.3595034	0
924.15	0	.5743198	.06600177	.3596784	0
923.15	0	.5737518	.06639558	.3598527	0
922.15	0	.5731851	.06678874	.3600262	0
921.15	0	.5726199	.06718126	.3601989	0
920.15	0	.572056	.06757317	.3603709	0
919.15	0	.5714935	.06796448	.3605421	0
918.15	0	.5709323	.06835519	.3607125	0
917.15	0	.5703725	.06874534	.3608822	0
916.15	0	.569814	.06913492	.3610511	0
915.15	0	.5692568	.06952396	.3612192	0
914.15	0	.568701	.06991248	.3613865	0
913.15	0	.5681464	.07030048	.3615531	0
912.15	0	.5675932	.07068799	.3617189	0
911.15	0	.5670411	.07107502	.3618838	0
910.15	0	.5664904	.07146159	.362048	0
909.15	0	.5659409	.07184771	.3622114	0
908.15	0	.5653926	.07223341	.362374	0
907.15	0	.5648456	.0726187	.3625357	0
906.15	0	.5642997	.0730036	.3626967	0
905.15	0	.5637551	.07338812	.3628568	0
904.15	0	.5632116	.07377229	.3630161	0
903.15	0	.5626692	.07415613	.3631746	0
902.15	0	.562128	.07453965	.3633323	0
901.15	0	.561588	.07492287	.3634891	0
900.15	0	.561049	.07530582	.3636451	0
899.15	0	.5605112	.0756885	.3638003	0
898.15	0	.5599744	.07607096	.3639546	0
897.15	0	.5594387	.0764532	.3641081	0
896.15	0	.5589041	.07683524	.3642607	0
895.15	0	.5583704	.07721712	.3644124	0
894.15	0	.5578378	.07759884	.3645633	0
893.15	0	.5573062	.07798043	.3647133	0
892.15	0	.5567756	.07836192	.3648625	0
891.15	0	.5562459	.07874333	.3650107	0
890.15	0	.5557172	.07912468	.3651581	0
889.15	0	.5551894	.07950599	.3653046	0
888.15	0	.5546625	.0798873	.3654502	0
887.15	0	.5541365	.08026862	.3655948	0
886.15	0	.5536114	.08064998	.3657386	0
885.15	0	.5530871	.0810314	.3658815	0
884.15	0	.5525637	.08141292	.3660234	0
883.15	0	.552041	.08179455	.3661644	0
882.15	0	.5515192	.08217633	.3663045	0
881.15	0	.5509981	.08255828	.3664436	0
880.15	0	.5504778	.08294044	.3665818	0
879.15	0	.5499581	.08332282	.3667191	0
878.15	0	.5494392	.08370546	.3668553	0
877.15	0	.548921	.08408839	.3669906	0
876.15	0	.5484034	.08447164	.367125	0
875.15	0	.5478864	.08485524	.3672583	0
874.15	0	.5473701	.08523921	.3673907	0
873.15	0	.5468543	.0856236	.3675221	0
872.15	0	.5463391	.08600844	.3676525	0
871.15	0	.5458244	.08639375	.3677818	0
870.15	0	.5453103	.08677958	.3679101	0
869.15	0	.5447966	.08716595	.3680375	0
868.15	0	.5442834	.08755291	.3681637	0
867.15	0	.5437706	.08794048	.368289	0
866.15	0	.5432582	.08832871	.3684131	0
865.15	0	.5427461	.08871762	.3685363	0
864.15	0	.5422344	.08910727	.3686583	0
863.15	0	.541723	.08949769	.3687793	0
862.15	0	.541212	.08988892	.3688991	0
861.15	0	.5407011	.090281	.3690179	0
860.15	0	.5401905	.09067396	.3691356	0
859.15	0	.5396801	.09106787	.3692521	0
858.15	0	.5391698	.09146275	.3693675	0
857.15	0	.5386596	.09185865	.3694817	0
856.15	0	.5381495	.09225561	.3695949	0
855.15	0	.5376395	.0926537	.3697068	0
854.15	0	.5371295	.09305294	.3698176	0
853.15	0	.5366195	.09345339	.3699271	0
852.15	0	.5361094	.0938551	.3700355	0
851.15	0	.5355992	.09425813	.3701426	0
850.15	0	.5350889	.09466251	.3702486	0
849.15	0	.5345784	.09506831	.3703533	0
848.15	0	.5340677	.09547559	.3704567	0
847.15	0	.5335568	.09588439	.3705589	0
846.15	0	.5330455	.09629477	.3706597	0
845.15	0	.5325339	.09670681	.3707593	0
844.15	0	.5320219	.09712054	.3708576	0
843.15	0	.5315094	.09753605	.3709545	0
842.15	0	.5309965	.09795339	.3710501	0
841.15	0	.530483	.09837263	.3711443	0
840.15	0	.529969	.09879383	.3712372	0
839.15	0	.5294543	.09921708	.3713286	0
838.15	0	.5289389	.09964243	.3714187	0
837.15	0	.5284228	.10007	.3715073	0
836.15	0	.5279058	.1004998	.3715944	0
835.15	0	.527388	.1009319	.3716801	0
834.15	0	.5268693	.1013665	.3717643	0
833.15	0	.5263495	.1018035	.3718469	0
832.15	0	.5258288	.1022432	.3719281	0
831.15	0	.5253069	.1026855	.3720076	0
830.15	0	.5247838	.1031306	.3720856	0
829.15	0	.5242595	.1035786	.3721619	0
828.15	0	.5237338	.1040296	.3722367	0
827.15	0	.5232067	.1044836	.3723097	0
826.15	0	.5226781	.1049408	.3723811	0
825.15	0	.522148	.1054013	.3724507	0
824.15	0	.5216162	.1058652	.3725186	0
823.15	0	.5210826	.1063326	.3725847	0
822.15	0	.5205473	.1068037	.372649	0
821.15	0	.52001	.1072786	.3727115	0
820.15	0	.5194706	.1077574	.372772	0
819.15	0	.5189291	.1082402	.3728307	0
818.15	0	.5183854	.1087272	.3728874	0
817.15	0	.5178393	.1092186	.3729421	0
816.15	0	.5172908	.1097145	.3729947	0
815.15	0	.5167396	.1102151	.3730453	0
814.15	0	.5161857	.1107205	.3730938	0
813.15	0	.5156289	.111231	.37314	0
812.15	0	.5150692	.1117467	.3731841	0
811.15	0	.5145063	.1122679	.3732259	0
810.15	0	.51394	.1127947	.3732653	0
809.15	0	.5133703	.1133274	.3733023	0
808.15	0	.512797	.1138661	.3733369	0
807.15	0	.5122197	.1144113	.373369	0
806.15	0	.5116385	.1149631	.3733985	0
805.15	0	.511053	.1155217	.3734253	0
804.15	0	.5104631	.1160876	.3734494	0
803.15	0	.5098684	.1166609	.3734706	0
802.15	0	.5092689	.1172422	.373489	0
801.15	0	.5086653	.1178306	.3735041	0
800.15	0	.508055	.1184286	.3735164	0
799.15	0	.5074389	.1190357	.3735255	0
798.15	0	.5068167	.1196521	.3735313	0
797.15	0	.506188	.1202784	.3735336	0
796.15	0	.5055526	.1209151	.3735324	0
795.15	0	.5049099	.1215626	.3735275	0
794.15	0	.5042596	.1222217	.3735187	0
793.15	0	.5036012	.1228929	.3735059	0
792.15	0	.5029342	.1235768	.373489	0
791.15	0	.5022581	.1242743	.3734676	0
790.15	0	.5015722	.1249861	.3734418	0
789.15	0	.5008759	.1257131	.3734111	0
788.15	0	.5001684	.1264563	.3733753	0
787.15	0	.4994491	.1272167	.3733343	0
786.15	0	.498717	.1279955	.3732876	0
785.15	0	.4979711	.1287939	.373235	0
784.15	0	.4972104	.1296136	.3731761	0
783.15	0	.4964336	.130456	.3731104	0
782.15	0	.4956394	.131323	.3730376	0
781.15	0	.4948263	.1322167	.3729571	0
780.15	0	.4939924	.1331393	.3728683	0
779.15	0	.4931358	.1340937	.3727705	0
778.15	0	.4922541	.1350829	.372663	0
777.15	0	.4913446	.1361106	.3725448	0
776.15	0	.4898313	.1379155	.3722532	0
775.15	0	.4881279	.1399705	.3719016	0
774.15	0	.4865545	.1418648	.3715807	0
773.15	0	.4850919	.1436223	.3712858	0
772.15	0	.4837252	.1452618	.371013	0
771.15	0	.4824422	.1467982	.3707596	0
770.15	0	.4812333	.1482438	.370523	0
769.15	0	.4800902	.1496085	.3703013	0
768.15	0	.4790062	.1509008	.370093	0
767.15	0	.4779756	.1521279	.3698965	0
766.15	0	.4769935	.1532958	.3697107	0
765.15	0	.4760556	.1544099	.3695346	0
764.15	0	.4751582	.1554745	.3693672	0
763.15	0	.4742981	.1564939	.369208	0
762.15	0	.4734725	.1574714	.3690561	0
761.15	0	.4726788	.1584103	.3689109	0
760.15	0	.4719147	.1593132	.368772	0
759.15	0	.4711783	.1601828	.3686389	0
758.15	0	.4704678	.1610211	.3685111	0
757.15	0	.4697814	.1618302	.3683883	0
756.15	0	.4691178	.162612	.3682702	0
755.15	0	.4684756	.1633681	.3681563	0
754.15	0	.4678534	.1641001	.3680465	0
753.15	0	.4672503	.1648092	.3679405	0
752.15	0	.4666652	.1654968	.367838	0
751.15	0	.4660971	.1661641	.3677388	0
750.15	0	.4655451	.1668121	.3676428	0
749.15	0	.4650085	.1674418	.3675498	0
748.15	0	.4644864	.1680541	.3674595	0
747.15	0	.4639782	.16865	.3673719	0
746.15	0	.4634832	.1692301	.3672867	0
745.15	0	.4630009	.1697952	.3672039	0
744.15	0	.4625305	.1703461	.3671234	0
743.15	0	.4620718	.1708833	.3670449	0
742.15	0	.461624	.1714075	.3669685	0
741.15	0	.4611868	.1719193	.366894	0
740.15	0	.4607597	.172419	.3668213	0
739.15	0	.4603423	.1729074	.3667503	0
738.15	0	.4599342	.1733848	.366681	0
737.15	0	.4595351	.1738517	.3666132	0
736.15	0	.4591446	.1743084	.3665469	0
735.15	0	.4587624	.1747555	.3664821	0
734.15	0	.4583882	.1751932	.3664186	0
733.15	0	.4580216	.1756219	.3663565	0
732.15	0	.4576624	.176042	.3662955	0
731.15	0	.4573104	.1764538	.3662358	0
730.15	0	.4569653	.1768575	.3661772	0
729.15	0	.4566268	.1772535	.3661197	0
728.15	0	.4562947	.177642	.3660633	0
727.15	0	.4559689	.1780233	.3660078	0
726.15	0	.455649	.1783977	.3659533	0
725.15	0	.455335	.1787653	.3658997	0
724.15	0	.4550266	.1791264	.365847	0
723.15	0	.4547236	.1794812	.3657952	0
722.15	0	.4544259	.17983	.3657442	0
721.15	0	.4541333	.1801728	.3656939	0
720.15	0	.4538456	.18051	.3656444	0
719.15	0	.4535628	.1808416	.3655957	0
718.15	0	.4532846	.1811678	.3655476	0
717.15	0	.4530109	.1814889	.3655002	0
716.15	0	.4527417	.1818049	.3654534	0
715.15	0	.4524767	.1821161	.3654073	0
714.15	0	.4522158	.1824225	.3653617	0
713.15	0	.451959	.1827243	.3653167	0
712.15	0	.451706	.1830217	.3652723	0
711.15	0	.4514569	.1833147	.3652284	0
710.15	0	.4512115	.1836035	.365185	0
709.15	0	.4509697	.1838882	.3651421	0
708.15	0	.4507314	.1841689	.3650997	0
707.15	0	.4504965	.1844457	.3650578	0
706.15	0	.4502649	.1847188	.3650163	0
705.15	0	.4500366	.1849882	.3649752	0
704.15	0	.4498115	.1852541	.3649345	0
703.15	0	.4495894	.1855164	.3648942	0
702.15	0	.4493703	.1857754	.3648543	0
701.15	0	.4491541	.1860311	.3648148	0
700.15	0	.4489408	.1862836	.3647756	0
699.15	0	.4487302	.186533	.3647368	0
698.15	0	.4485224	.1867793	.3646983	0
697.15	0	.4483172	.1870226	.3646601	0
696.15	0	.4481147	.1872631	.3646223	0
695.15	0	.4479146	.1875007	.3645847	0
694.15	0	.447717	.1877356	.3645474	0
693.15	0	.4475218	.1879678	.3645104	0
692.15	0	.447329	.1881973	.3644737	0
691.15	0	.4471385	.1884243	.3644372	0
690.15	0	.4469502	.1886488	.364401	0
689.15	0	.4467642	.1888708	.364365	0
688.15	0	.4465802	.1890905	.3643293	0
687.15	0	.4463984	.1893078	.3642938	0
686.15	0	.4462187	.1895229	.3642585	0
685.15	0	.4460409	.1897357	.3642234	0
684.15	0	.4458652	.1899463	.3641885	0
683.15	0	.4456913	.1901548	.3641538	0
682.15	0	.4455194	.1903613	.3641193	0
681.15	0	.4453493	.1905657	.364085	0
680.15	0	.445181	.1907681	.3640509	0
679.15	0	.4450145	.1909686	.364017	0
678.15	0	.4448497	.1911671	.3639832	0
677.15	0	.4446866	.1913638	.3639495	0
676.15	0	.4445252	.1915587	.3639161	0
675.15	0	.4443655	.1917518	.3638828	0
674.15	0	.4442073	.1919432	.3638496	0
673.15	0	.4440507	.1921328	.3638165	0
672.15	0	.4438956	.1923207	.3637836	0
671.15	0	.4437421	.192507	.3637509	0
670.15	0	.44359	.1926917	.3637182	0
669.15	0	.4434394	.1928749	.3636857	0
668.15	0	.4432902	.1930564	.3636533	0
667.15	0	.4431425	.1932365	.363621	0
666.15	0	.4429961	.1934151	.3635889	0
665.15	0	.442851	.1935922	.3635568	0
664.15	0	.4427073	.1937679	.3635248	0
663.15	0	.4425649	.1939422	.363493	0
662.15	0	.4424237	.1941151	.3634612	0
661.15	0	.4422838	.1942866	.3634295	0
660.15	0	.4421451	.1944569	.363398	0
659.15	0	.4420077	.1946258	.3633665	0
658.15	0	.4418714	.1947935	.3633351	0
657.15	0	.4417363	.1949599	.3633037	0
656.15	0	.4416024	.1951251	.3632725	0
655.15	0	.4414696	.1952891	.3632413	0
654.15	0	.4413379	.1954519	.3632102	0
653.15	0	.4412072	.1956136	.3631792	0
652.15	0	.4410777	.1957741	.3631482	0
651.15	0	.4409492	.1959335	.3631173	0
650.15	0	.4408218	.1960918	.3630865	0
649.15	0	.4406953	.196249	.3630557	0
648.15	0	.4405699	.1964051	.363025	0
647.15	0	.4404455	.1965602	.3629944	0
646.15	0	.440322	.1967143	.3629638	0
645.15	0	.4401995	.1968673	.3629332	0
644.15	0	.4400779	.1970194	.3629027	0
643.15	0	.4399572	.1971705	.3628723	0
642.15	0	.4398375	.1973206	.3628419	0
641.15	0	.4397187	.1974698	.3628115	0
640.15	0	.4396007	.197618	.3627812	0
639.15	0	.4394836	.1977654	.362751	0
638.15	0	.4393674	.1979118	.3627208	0
637.15	0	.439252	.1980574	.3626906	0
636.15	0	.4391375	.1982021	.3626604	0
635.15	0	.4390238	.1983459	.3626303	0
634.15	0	.4389108	.1984889	.3626003	0
633.15	0	.4387987	.1986311	.3625702	0
632.15	0	.4386874	.1987724	.3625402	0
631.15	0	.4385768	.1989129	.3625103	0
630.15	0	.438467	.1990527	.3624803	0
629.15	0	.4383579	.1991916	.3624504	0
628.15	0	.4382496	.1993298	.3624206	0
627.15	0	.438142	.1994673	.3623907	0
626.15	0	.4380352	.1996039	.3623609	0
625.15	0	.437929	.1997399	.3623311	0
624.15	0	.4378236	.1998751	.3623013	0
623.15	0	.4377188	.2000096	.3622716	0
622.15	0	.4376147	.2001434	.3622419	0
621.15	0	.4375113	.2002765	.3622122	0
620.15	0	.4374085	.200409	.3621825	0
619.15	0	.4373065	.2005407	.3621528	0
618.15	0	.437205	.2006718	.3621232	0
617.15	0	.4371042	.2008022	.3620936	0
616.15	0	.437004	.200932	.362064	0
615.15	0	.4369044	.2010611	.3620344	0
614.15	0	.4368055	.2011897	.3620049	0
613.15	0	.4367071	.2013175	.3619753	0
612.15	0	.4366094	.2014448	.3619458	0
611.15	0	.4365123	.2015715	.3619163	0
610.15	0	.4364157	.2016975	.3618868	0
609.15	0	.4363197	.201823	.3618573	0
608.15	0	.4362242	.2019479	.3618278	0
607.15	0	.4361294	.2020722	.3617984	0
606.15	0	.4360351	.202196	.3617689	0
605.15	0	.4359413	.2023192	.3617395	0
604.15	0	.4358481	.2024418	.3617101	0
603.15	0	.4357554	.2025639	.3616807	0
602.15	0	.4356632	.2026854	.3616513	0
601.15	0	.4355716	.2028065	.3616219	0
600.15	0	.4354805	.2029269	.3615926	0
599.15	0	.4353899	.2030469	.3615632	0
598.15	0	.4352998	.2031663	.3615339	0
597.15	0	.4352102	.2032853	.3615046	0
596.15	0	.4351211	.2034037	.3614752	0
595.15	0	.4350325	.2035216	.3614459	0
594.15	0	.4349443	.2036391	.3614166	0
593.15	0	.4348567	.203756	.3613873	0
592.15	0	.4347695	.2038725	.361358	0
591.15	0	.4346828	.2039885	.3613288	0
590.15	0	.4345965	.204104	.3612995	0
589.15	0	.4345107	.204219	.3612703	0
588.15	0	.4344254	.2043336	.361241	0
587.15	0	.4343405	.2044478	.3612118	0
586.15	0	.434256	.2045614	.3611826	0
585.15	0	.434172	.2046747	.3611533	0
584.15	0	.4340884	.2047875	.3611241	0
583.15	0	.4340053	.2048998	.3610949	0
582.15	0	.4339226	.2050117	.3610657	0
581.15	0	.4338403	.2051232	.3610365	0
580.15	0	.4337584	.2052343	.3610074	0
579.15	0	.4336769	.2053449	.3609782	0
578.15	0	.4335958	.2054551	.3609491	0
577.15	0	.4335152	.2055649	.3609199	0
576.15	0	.4334349	.2056743	.3608908	0
575.15	0	.4333551	.2057833	.3608616	0
574.15	0	.4332756	.2058919	.3608325	0
573.15	0	.4331965	.2060001	.3608034	0
572.15	0	.4331178	.2061079	.3607743	0
571.15	0	.4330395	.2062153	.3607452	0
570.15	0	.4329616	.2063223	.3607161	0
569.15	0	.4328841	.2064289	.360687	0
568.15	0	.4328069	.2065352	.360658	0
567.15	0	.4327301	.206641	.3606289	0
566.15	0	.4326536	.2067465	.3605999	0
565.15	0	.4325776	.2068516	.3605708	0
564.15	0	.4325018	.2069564	.3605418	0
563.15	0	.4324265	.2070608	.3605128	0
562.15	0	.4323515	.2071648	.3604838	0
561.15	0	.4322768	.2072684	.3604548	0
560.15	0	.4322025	.2073717	.3604258	0
559.15	0	.4321285	.2074747	.3603968	0
558.15	0	.4320549	.2075772	.3603678	0
557.15	0	.4319816	.2076795	.3603389	0
556.15	0	.4319087	.2077814	.3603099	0
555.15	0	.4318361	.2078829	.360281	0
554.15	0	.4317638	.2079841	.3602521	0
553.15	0	.4316918	.208085	.3602232	0
552.15	0	.4316202	.2081855	.3601943	0
551.15	0	.4315489	.2082857	.3601654	0
550.15	0	.4314779	.2083856	.3601365	0
549.15	0	.4314074	.2084851	.3601076	0
548.15	0	.431337	.2085843	.3600787	0
547.15	0	.431267	.2086832	.3600499	0
546.15	0	.4311972	.2087817	.3600211	0
545.15	0	.4311278	.2088799	.3599923	0
544.15	0	.4310587	.2089778	.3599635	0
543.15	0	.4309899	.2090754	.3599347	0
542.15	0	.4309214	.2091727	.3599059	0
541.15	0	.4308532	.2092696	.3598772	0
540.15	0	.4307853	.2093663	.3598485	0
539.15	0	.4307177	.2094626	.3598197	0
538.15	0	.4306504	.2095586	.359791	0
537.15	0	.4305834	.2096543	.3597623	0
536.15	0	.4305166	.2097497	.3597337	0
535.15	0	.4304502	.2098448	.359705	0
534.15	0	.430384	.2099396	.3596764	0
533.15	0	.4303181	.2100341	.3596478	0
532.15	0	.4302525	.2101283	.3596192	0
531.15	0	.4301872	.2102222	.3595906	0
530.15	0	.4301222	.2103158	.359562	0
529.15	0	.4300574	.2104091	.3595335	0
528.15	0	.429993	.2105021	.359505	0
527.15	0	.4299287	.2105948	.3594765	0
526.15	0	.4298648	.2106872	.359448	0
525.15	0	.4298011	.2107794	.3594195	0
524.15	0	.4297377	.2108712	.359391	0
523.15	0	.4296746	.2109628	.3593626	0
522.15	0	.4296117	.211054	.3593342	0
521.15	0	.4295491	.211145	.3593058	0
520.15	0	.4294868	.2112357	.3592775	0
519.15	0	.4294247	.2113262	.3592491	0
518.15	0	.4293629	.2114163	.3592208	0
517.15	0	.4293013	.2115062	.3591925	0
516.15	0	.42924	.2115957	.3591643	0
515.15	0	.4291789	.211685	.359136	0
514.15	0	.4291181	.2117741	.3591078	0
513.15	0	.4290576	.2118628	.3590796	0
512.15	0	.4289973	.2119513	.3590514	0
511.15	0	.4289372	.2120395	.3590233	0
510.15	0	.4288774	.2121274	.3589951	0
509.15	0	.4288179	.2122151	.3589671	0
508.15	0	.4287586	.2123024	.358939	0
507.15	0	.4286995	.2123896	.358911	0
506.15	0	.4286407	.2124764	.3588829	0
505.15	0	.4285821	.212563	.3588549	0
504.15	0	.4285238	.2126493	.358827	0
503.15	0	.4284656	.2127353	.3587991	0
502.15	0	.4284078	.2128211	.3587712	0
501.15	0	.4283501	.2129066	.3587433	0
500.15	0	.4282928	.2129918	.3587154	0
499.15	0	.4282356	.2130768	.3586876	0
498.15	0	.4281787	.2131615	.3586598	0
497.15	0	.428122	.2132459	.3586321	0
496.15	0	.4280655	.2133301	.3586044	0
495.15	0	.4280093	.213414	.3585767	0
494.15	0	.4279533	.2134977	.358549	0
493.15	0	.4278975	.2135811	.3585214	0
492.15	0	.427842	.2136643	.3584938	0
491.15	0	.4277866	.2137471	.3584662	0
490.15	0	.4277315	.2138298	.3584387	0
489.15	0	.4276767	.2139121	.3584112	0
488.15	0	.427622	.2139942	.3583838	0
487.15	0	.4275676	.2140761	.3583563	0
486.15	0	.4275134	.2141577	.358329	0
485.15	0	.4274594	.214239	.3583016	0
484.15	0	.4274056	.2143201	.3582743	0
483.15	0	.4273521	.2144009	.358247	0
482.15	0	.4272987	.2144815	.3582198	0
481.15	0	.4272456	.2145618	.3581926	0
480.15	0	.4271927	.2146419	.3581654	0
479.15	0	.42714	.2147217	.3581383	0
478.15	0	.4270876	.2148012	.3581112	0
477.15	0	.4270353	.2148805	.3580842	0
476.15	0	.4269833	.2149596	.3580571	0
475.15	0	.4269314	.2150384	.3580302	0
474.15	0	.4268798	.215117	.3580032	0
473.15	0	.4268284	.2151952	.3579764	0
472.15	0	.4267772	.2152733	.3579495	0
471.15	0	.4267262	.2153511	.3579227	0
470.15	0	.4266754	.2154286	.357896	0
469.15	0	.4266248	.2155059	.3578692	0
468.15	0	.4265745	.215583	.3578425	0
467.15	0	.4265243	.2156598	.3578159	0
466.15	0	.4264743	.2157363	.3577893	0
465.15	0	.4264246	.2158126	.3577628	0
464.15	0	.426375	.2158887	.3577363	0
463.15	0	.4263257	.2159645	.3577098	0
462.15	0	.4262765	.2160401	.3576834	0
461.15	0	.4262276	.2161154	.3576571	0
460.15	0	.4261788	.2161904	.3576307	0
459.15	0	.4261303	.2162653	.3576045	0
458.15	0	.4260819	.2163398	.3575783	0
457.15	0	.4260338	.2164141	.3575521	0
456.15	0	.4259858	.2164882	.357526	0
455.15	0	.4259381	.2165621	.3574999	0
454.15	0	.4258905	.2166356	.3574739	0
453.15	0	.4258432	.216709	.3574479	0
452.15	0	.425796	.2167821	.3574219	0
451.15	0	.425749	.2168549	.3573961	0
450.15	0	.4257022	.2169275	.3573702	0
449.15	0	.4256557	.2169998	.3573445	0
448.15	0	.4256093	.2170719	.3573188	0
447.15	0	.4255632	.2171437	.3572931	0
446.15	0	.4255172	.2172152	.3572675	0
445.15	0	.4254715	.2172865	.357242	0
444.15	0	.4254259	.2173575	.3572165	0
443.15	0	.4253806	.2174283	.3571911	0
442.15	0	.4253355	.2174988	.3571658	0
441.15	0	.4252905	.217569	.3571405	0
440.15	0	.4252458	.2176389	.3571153	0
439.15	0	.4252013	.2177085	.3570901	0
438.15	0	.4251571	.2177779	.357065	0
437.15	0	.425113	.217847	.35704	0
436.15	0	.4250692	.2179158	.3570151	0
435.15	0	.4250255	.2179842	.3569902	0
434.15	0	.4249821	.2180524	.3569654	0
433.15	0	.4249389	.2181203	.3569407	0
432.15	0	.424896	.2181879	.3569161	0
431.15	0	.4248532	.2182552	.3568916	0
430.15	0	.4248107	.2183222	.3568671	0
429.15	0	.4247684	.2183889	.3568427	0
428.15	0	.4247263	.2184553	.3568184	0
427.15	0	.4246845	.2185214	.3567941	0
426.15	0	.4246429	.2185871	.35677	0
425.15	0	.4246015	.2186526	.3567459	0
424.15	0	.4245603	.2187178	.356722	0
423.15	0	.4245193	.2187826	.3566981	0
422.15	0	.4244786	.2188471	.3566743	0
421.15	0	.4244381	.2189113	.3566505	0
420.15	0	.4243979	.2189752	.3566269	0
419.15	0	.4243578	.2190388	.3566034	0
418.15	0	.424318	.2191021	.3565799	0
417.15	0	.4242784	.2191651	.3565566	0
416.15	0	.424239	.2192277	.3565333	0
415.15	0	.4241999	.2192901	.3565101	0
414.15	0	.4241609	.2193521	.356487	0
413.15	0	.4241222	.2194138	.356464	0
412.15	0	.4240837	.2194752	.3564411	0
411.15	0	.4240455	.2195362	.3564183	0
410.15	0	.4240074	.219597	.3563956	0
409.15	0	.4239696	.2196575	.3563729	0
408.15	0	.423932	.2197176	.3563504	0
407.15	0	.4238946	.2197774	.3563279	0
406.15	0	.4238575	.219837	.3563056	0
405.15	0	.4238205	.2198962	.3562833	0
404.15	0	.4237838	.2199551	.3562612	0
403.15	0	.4237473	.2200137	.3562391	0
402.15	0	.423711	.2200719	.3562171	0
401.15	0	.4236749	.2201299	.3561952	0
400.15	0	.423639	.2201876	.3561734	0
399.15	0	.4236033	.220245	.3561517	0
398.15	0	.4235678	.220302	.3561302	0
397.15	0	.4235326	.2203588	.3561086	0
396.15	0	.4234975	.2204152	.3560872	0
395.15	0	.4234627	.2204714	.3560659	0
394.15	0	.4234281	.2205273	.3560447	0
393.15	0	.4233936	.2205828	.3560236	0
392.15	0	.4233594	.2206381	.3560025	0
391.15	0	.4233254	.2206931	.3559816	0
390.15	0	.4232915	.2207478	.3559607	0
389.15	0	.4232579	.2208022	.35594	0
388.15	0	.4232244	.2208563	.3559193	0
387.15	0	.4231912	.2209101	.3558987	0
386.15	0	.4231581	.2209636	.3558783	0
385.15	0	.4231253	.2210168	.3558579	0
