T	 BPW(LIQUID)	BPW(BCC_A2)	BPW(FCC_A1)	BPW(LAVES_PHASE_C14)	BPW(NI3TI)
1473.15	.2804285	.7195715	0	0	0
1472.15	.2774336	.7225664	0	0	0
1471.15	.27446	.72554	0	0	0
1470.15	.2715075	.7284925	0	0	0
1469.15	.2685761	.7314239	0	0	0
1468.15	.2656654	.7343346	0	0	0
1467.15	.2627755	.7372245	0	0	0
1466.15	.259906	.740094	0	0	0
1465.15	.257057	.7429431	0	0	0
1464.15	.254228	.7457719	0	0	0
1463.15	.2514192	.7485808	0	0	0
1462.15	.2486302	.7513698	0	0	0
1461.15	.245861	.754139	0	0	0
1460.15	.2431113	.7568887	0	0	0
1459.15	.240381	.759619	0	0	0
1458.15	.2376701	.7623299	0	0	0
1457.15	.2349782	.7650218	0	0	0
1456.15	.2323054	.7676946	0	0	0
1455.15	.2296513	.7703487	0	0	0
1454.15	.227016	.772984	0	0	0
1453.15	.2243992	.7756008	0	0	0
1452.15	.2218008	.7781992	0	0	0
1451.15	.2192206	.7807794	0	0	0
1450.15	.2166586	.7833414	0	0	0
1449.15	.2141145	.7858855	0	0	0
1448.15	.2115883	.7884117	0	0	0
1447.15	.2090798	.7909202	0	0	0
1446.15	.2065888	.7934112	0	0	0
1445.15	.2041153	.7958847	0	0	0
1444.15	.2016591	.7983409	0	0	0
1443.15	.19922	.80078	0	0	0
1442.15	.1967979	.8032021	0	0	0
1441.15	.1943928	.8056072	0	0	0
1440.15	.1920044	.8079956	0	0	0
1439.15	.1896326	.8103674	0	0	0
1438.15	.1872774	.8127227	0	0	0
1437.15	.1849385	.8150615	0	0	0
1436.15	.1826158	.8173842	0	0	0
1435.15	.1803093	.8196907	0	0	0
1434.15	.1780188	.8219812	0	0	0
1433.15	.1757442	.8242558	0	0	0
1432.15	.1734853	.8265147	0	0	0
1431.15	.1712421	.8287579	0	0	0
1430.15	.1690144	.8309856	0	0	0
1429.15	.1668021	.8331979	0	0	0
1428.15	.164605	.835395	0	0	0
1427.15	.1624231	.8375769	0	0	0
1426.15	.1602562	.8397438	0	0	0
1425.15	.1581043	.8418957	0	0	0
1424.15	.1559672	.8440328	0	0	0
1423.15	.1538448	.8461552	0	0	0
1422.15	.1517369	.8482631	0	0	0
1421.15	.1496436	.8503564	0	0	0
1420.15	.1475646	.8524354	0	0	0
1419.15	.1454998	.8545002	0	0	0
1418.15	.1434492	.8565508	0	0	0
1417.15	.1414126	.8585874	0	0	0
1416.15	.1393899	.8606101	0	0	0
1415.15	.1373811	.8626189	0	0	0
1414.15	.135386	.8646141	0	0	0
1413.15	.1334044	.8665956	0	0	0
1412.15	.1314364	.8685636	0	0	0
1411.15	.1294818	.8705182	0	0	0
1410.15	.1275404	.8724596	0	0	0
1409.15	.1256123	.8743877	0	0	0
1408.15	.1236973	.8763028	0	0	0
1407.15	.1217952	.8782048	0	0	0
1406.15	.1199061	.880094	0	0	0
1405.15	.1180297	.8819703	0	0	0
1404.15	.1161661	.883834	0	0	0
1403.15	.114315	.885685	0	0	0
1402.15	.1124765	.8875235	0	0	0
1401.15	.1106503	.8893497	0	0	0
1400.15	.1088365	.8911635	0	0	0
1399.15	.1070349	.8929651	0	0	0
1398.15	.1052455	.8947545	0	0	0
1397.15	.1034681	.8965319	0	0	0
1396.15	.1017026	.8982974	0	0	0
1395.15	.09994904	.900051	0	0	0
1394.15	.09820723	.9017928	0	0	0
1393.15	.09647709	.9035229	0	0	0
1392.15	.09475855	.9052415	0	0	0
1391.702	.09399321	.9060068	0	0	0
1391.702	.09399321	.9060068	0	0	0
1391.702	.09399321	.9060068	0	0	0
1391.15	.09256914	.9068004	0	6.304561E-04	0
1390.15	.09001206	.9082223	0	.001765629	0
1389.15	.08748101	.9096257	0	.002893245	0
1388.15	.08497556	.911011	0	.00401343	0
1387.15	.08249528	.9123784	0	.005126306	0
1386.15	.08003976	.9137283	0	.006231992	0
1385.15	.0776086	.9150608	0	.007330607	0
1384.15	.07520139	.9163763	0	.008422265	0
1383.15	.07281776	.9176752	0	.009507078	0
1382.15	.07045732	.9189575	0	.01058515	0
1381.15	.0681197	.9202237	0	.01165661	0
1380.15	.06580453	.9214739	0	.01272153	0
1379.15	.06351145	.9227085	0	.01378004	0
1378.15	.06124013	.9239276	0	.01483223	0
1377.15	.0589902	.9251316	0	.0158782	0
1376.15	.05676135	.9263206	0	.01691805	0
1375.15	.05455323	.9274949	0	.01795187	0
1374.15	.05236552	.9286547	0	.01897976	0
1373.15	.05019792	.9298003	0	.0200018	0
1372.15	.04805009	.9309318	0	.02101809	0
1371.15	.04592175	.9320495	0	.0220287	0
1370.15	.0438126	.9331537	0	.02303374	0
1369.15	.04172233	.9342444	0	.02403328	0
1368.15	.03965067	.9353219	0	.0250274	0
1367.15	.03759733	.9363865	0	.02601619	0
1366.15	.03556203	.9374383	0	.02699972	0
1365.15	.03354451	.9384774	0	.02797807	0
1364.15	.03154449	.9395042	0	.02895132	0
1363.15	.02956172	.9405187	0	.02991954	0
1362.15	.02759595	.9415212	0	.0308828	0
1361.15	.02564691	.9425119	0	.03184118	0
1360.15	.02371436	.9434909	0	.03279474	0
1359.15	.02179807	.9444584	0	.03374356	0
1358.15	.01989778	.9454145	0	.0346877	0
1357.15	.01801328	.9463595	0	.03562723	0
1356.15	.01614432	.9472935	0	.03656222	0
1355.15	.0142907	.9482166	0	.03749271	0
1354.15	.01245217	.949129	0	.03841879	0
1353.15	.01062854	.950031	0	.03934051	0
1352.15	.008819572	.9509225	0	.04025793	0
1351.15	.007025074	.9518038	0	.04117111	0
1350.15	.005244836	.9526751	0	.04208011	0
1349.15	.003478655	.9535364	0	.04298499	0
1348.15	.001726334	.9543879	0	.04388579	0
1347.157	0	.9552238	0	.04477622	0
1347.157	0	.9552238	0	.04477622	0
1347.15	0	.9552191	0	.04478088	0
1346.15	0	.9545638	0	.04543623	0
1345.15	0	.9539099	0	.04609011	0
1344.15	0	.9532575	0	.04674254	0
1343.15	0	.9526065	0	.04739351	0
1342.15	0	.951957	0	.04804304	0
1341.15	0	.9513089	0	.04869112	0
1340.15	0	.9506622	0	.04933776	0
1339.15	0	.950017	0	.04998297	0
1338.15	0	.9493733	0	.05062675	0
1337.15	0	.9487309	0	.05126911	0
1336.15	0	.94809	0	.05191004	0
1335.15	0	.9474504	0	.05254956	0
1334.15	0	.9468123	0	.05318766	0
1333.15	0	.9461756	0	.05382436	0
1332.15	0	.9455403	0	.05445966	0
1331.15	0	.9449065	0	.05509355	0
1330.15	0	.944274	0	.05572605	0
1329.15	0	.9436428	0	.05635716	0
1328.15	0	.9430131	0	.05698689	0
1327.15	0	.9423848	0	.05761523	0
1326.15	0	.9417578	0	.05824219	0
1325.15	0	.9411322	0	.05886778	0
1324.15	0	.940508	0	.059492	0
1323.15	0	.9398851	0	.06011486	0
1322.15	0	.9392637	0	.06073635	0
1321.15	0	.9386435	0	.06135649	0
1320.15	0	.9380247	0	.06197527	0
1319.15	0	.9374073	0	.06259271	0
1318.15	0	.9367912	0	.0632088	0
1317.15	0	.9361765	0	.06382355	0
1316.15	0	.935563	0	.06443697	0
1315.15	0	.934951	0	.06504905	0
1314.15	0	.9343402	0	.0656598	0
1313.15	0	.9337308	0	.06626923	0
1312.15	0	.9331227	0	.06687734	0
1311.15	0	.9325159	0	.06748413	0
1310.15	0	.9319104	0	.06808961	0
1309.15	0	.9313062	0	.06869378	0
1308.15	0	.9307033	0	.06929665	0
1307.15	0	.9301018	0	.06989821	0
1306.15	0	.9295015	0	.07049848	0
1305.15	0	.9289025	0	.07109745	0
1304.15	0	.9283049	0	.07169514	0
1303.15	0	.9277085	0	.07229154	0
1302.15	0	.9271133	0	.07288665	0
1301.15	0	.9265195	0	.07348049	0
1300.15	0	.9259269	0	.07407305	0
1299.15	0	.9253357	0	.07466435	0
1298.15	0	.9247456	0	.07525438	0
1297.15	0	.9241569	0	.07584314	0
1296.15	0	.9235694	0	.07643065	0
1295.15	0	.9229831	0	.07701689	0
1294.15	0	.9223981	0	.07760189	0
1293.15	0	.9218144	0	.07818564	0
1292.15	0	.9212319	0	.07876814	0
1291.15	0	.9206506	0	.0793494	0
1290.15	0	.9200706	0	.07992943	0
1289.15	0	.9194918	0	.08050822	0
1288.15	0	.9189142	0	.08108578	0
1287.15	0	.9183379	0	.08166211	0
1286.15	0	.9177628	0	.08223722	0
1285.15	0	.9171889	0	.08281111	0
1284.15	0	.9166162	0	.08338378	0
1283.15	0	.9160448	0	.08395525	0
1282.15	0	.9154745	0	.0845255	0
1281.15	0	.9149055	0	.08509454	0
1280.15	0	.9143376	0	.08566239	0
1279.15	0	.913771	0	.08622903	0
1278.15	0	.9132055	0	.08679448	0
1277.15	0	.9126413	0	.08735873	0
1276.15	0	.9120782	0	.0879218	0
1275.15	0	.9115163	0	.08848368	0
1274.15	0	.9109556	0	.08904438	0
1273.15	0	.9103961	0	.0896039	0
1272.15	0	.9098378	0	.09016224	0
1271.15	0	.9092806	0	.09071941	0
1270.15	0	.9087246	0	.09127542	0
1269.15	0	.9081698	0	.09183025	0
1268.15	0	.9076161	0	.09238393	0
1267.15	0	.9070636	0	.09293645	0
1266.15	0	.9065122	0	.09348781	0
1265.15	0	.905962	0	.09403801	0
1264.15	0	.9054129	0	.09458707	0
1263.15	0	.904865	0	.09513498	0
1262.15	0	.9043183	0	.09568175	0
1261.15	0	.9037726	0	.09622738	0
1260.15	0	.9032281	0	.09677187	0
1259.15	0	.9026848	0	.09731523	0
1258.15	0	.9021425	0	.09785746	0
1257.15	0	.9016015	0	.09839856	0
1256.15	0	.9010615	0	.09893853	0
1255.15	0	.9005226	0	.09947738	0
1254.15	0	.8999849	0	.1000151	0
1253.15	0	.8994483	0	.1005517	0
1252.15	0	.8989128	0	.1010873	0
1251.15	0	.8983783	0	.1016217	0
1250.15	0	.8978451	0	.1021549	0
1249.15	0	.8973129	0	.1026871	0
1248.15	0	.8967818	0	.1032182	0
1247.15	0	.8962518	0	.1037482	0
1246.15	0	.8957229	0	.1042771	0
1245.15	0	.8951951	0	.1048049	0
1244.15	0	.8946684	0	.1053316	0
1243.15	0	.8941427	0	.1058573	0
1242.15	0	.8936182	0	.1063818	0
1241.15	0	.8930947	0	.1069053	0
1240.15	0	.8925723	0	.1074277	0
1239.15	0	.892051	0	.107949	0
1238.15	0	.8915307	0	.1084693	0
1237.15	0	.8910116	0	.1089884	0
1236.15	0	.8904934	0	.1095066	0
1235.15	0	.8899764	0	.1100236	0
1234.15	0	.8894604	0	.1105396	0
1233.15	0	.8889455	0	.1110546	0
1232.15	0	.8884316	0	.1115684	0
1231.15	0	.8879187	0	.1120813	0
1230.15	0	.887407	0	.1125931	0
1229.15	0	.8868962	0	.1131038	0
1228.15	0	.8863865	0	.1136135	0
1227.15	0	.8858779	0	.1141221	0
1226.15	0	.8853703	0	.1146298	0
1225.15	0	.8848637	0	.1151363	0
1224.15	0	.8843581	0	.1156419	0
1223.15	0	.8838536	0	.1161464	0
1222.15	0	.8833501	0	.1166499	0
1221.15	0	.8828476	0	.1171524	0
1220.15	0	.8823462	0	.1176538	0
1219.15	0	.8818458	0	.1181542	0
1218.15	0	.8813463	0	.1186536	0
1217.15	0	.880848	0	.1191521	0
1216.15	0	.8803506	0	.1196494	0
1215.15	0	.8798542	0	.1201458	0
1214.15	0	.8793588	0	.1206412	0
1213.15	0	.8788644	0	.1211356	0
1212.15	0	.8783711	0	.1216289	0
1211.15	0	.8778787	0	.1221213	0
1210.15	0	.8773873	0	.1226127	0
1209.15	0	.876897	0	.123103	0
1208.15	0	.8764076	0	.1235924	0
1207.15	0	.8759192	0	.1240808	0
1206.15	0	.8754317	0	.1245683	0
1205.15	0	.8749453	0	.1250547	0
1204.15	0	.8744599	0	.1255401	0
1203.15	0	.8739754	0	.1260246	0
1202.15	0	.8734919	0	.1265081	0
1201.15	0	.8730094	0	.1269906	0
1200.15	0	.8725278	0	.1274722	0
1199.15	0	.8720472	0	.1279528	0
1198.15	0	.8715676	0	.1284324	0
1197.15	0	.871089	0	.128911	0
1196.15	0	.8706113	0	.1293887	0
1195.15	0	.8701346	0	.1298655	0
1194.15	0	.8696588	0	.1303412	0
1193.15	0	.869184	0	.130816	0
1192.15	0	.8687101	0	.1312899	0
1191.15	0	.8682372	0	.1317628	0
1190.15	0	.8677652	0	.1322348	0
1189.15	0	.8672942	0	.1327058	0
1188.15	0	.8668241	0	.1331759	0
1187.15	0	.866355	0	.133645	0
1186.15	0	.8658868	0	.1341132	0
1185.774	0	.8657108	0	.1342892	0
1185.774	0	.8657108	0	.1342892	0
1185.774	0	.8657108	0	.1342892	0
1185.15	0	.8649307	5.130074E-04	.1345563	0
1184.15	0	.8636825	.001333871	.1349836	0
1183.15	0	.8624377	.002152445	.1354099	0
1182.15	0	.8611962	.002968733	.1358351	0
1181.15	0	.8599581	.003782739	.1362592	0
1180.15	0	.8587233	.004594466	.1366822	0
1179.15	0	.8574919	.005403917	.1371042	0
1178.15	0	.8562637	.006211095	.1375252	0
1177.15	0	.855039	.007016004	.137945	0
1176.15	0	.8538175	.007818647	.1383639	0
1175.15	0	.8525994	.008619026	.1387816	0
1174.15	0	.8513845	.009417145	.1391983	0
1173.15	0	.850173	.01021301	.139614	0
1172.15	0	.8489647	.01100661	.1400287	0
1171.15	0	.8477598	.01179797	.1404423	0
1170.15	0	.8465581	.01258708	.1408548	0
1169.15	0	.8453597	.01337394	.1412664	0
1168.15	0	.8441646	.01415857	.1416769	0
1167.15	0	.8429727	.01494095	.1420864	0
1166.15	0	.8417841	.0157211	.1424948	0
1165.15	0	.8405987	.01649901	.1429022	0
1164.15	0	.8394166	.01727469	.1433087	0
1163.15	0	.8382378	.01804815	.1437141	0
1162.15	0	.8370622	.01881938	.1441185	0
1161.15	0	.8358897	.01958839	.1445219	0
1160.15	0	.8347206	.02035517	.1449243	0
1159.15	0	.8335546	.02111975	.1453256	0
1158.15	0	.8323919	.0218821	.145726	0
1157.15	0	.8312324	.02264225	.1461254	0
1156.15	0	.830076	.02340018	.1465238	0
1155.15	0	.8289229	.02415591	.1469212	0
1154.15	0	.8277729	.02490947	.1473176	0
1153.15	0	.8266261	.02566079	.1477131	0
1152.15	0	.8254826	.02640992	.1481075	0
1151.15	0	.8243422	.02715685	.148501	0
1150.15	0	.8232049	.02790159	.1488935	0
1149.15	0	.8220709	.02864413	.149285	0
1148.15	0	.82094	.02938449	.1496755	0
1147.15	0	.8198122	.03012266	.1500651	0
1146.15	0	.8186876	.03085865	.1504537	0
1145.15	0	.8175662	.03159246	.1508414	0
1144.15	0	.8164478	.03232408	.1512281	0
1143.15	0	.8153327	.03305353	.1516138	0
1142.15	0	.8142206	.03378081	.1519986	0
1141.15	0	.8131117	.03450591	.1523824	0
1140.15	0	.8120059	.03522885	.1527653	0
1139.15	0	.8109032	.03594961	.1531472	0
1138.15	0	.8098036	.03666821	.1535282	0
1137.15	0	.8087071	.03738465	.1539082	0
1136.15	0	.8076138	.03809892	.1542873	0
1135.15	0	.8065235	.03881104	.1546655	0
1134.15	0	.8054363	.039521	.1550427	0
1133.15	0	.8043522	.0402288	.155419	0
1132.15	0	.8032712	.04093445	.1557943	0
1131.15	0	.8021933	.04163795	.1561688	0
1130.15	0	.8011184	.0423393	.1565423	0
1129.15	0	.8000466	.04303851	.1569148	0
1128.15	0	.7989779	.04373557	.1572865	0
1127.15	0	.7979123	.04443048	.1576573	0
1126.15	0	.7968497	.04512326	.1580271	0
1125.15	0	.7957901	.04581389	.158396	0
1124.15	0	.7947336	.04650239	.158764	0
1123.15	0	.7936802	.04718875	.1591311	0
1122.15	0	.7926298	.04787298	.1594973	0
1121.15	0	.7915824	.04855508	.1598625	0
1120.15	0	.7905381	.04923505	.1602269	0
1119.15	0	.7894968	.04991289	.1605904	0
1118.15	0	.7884585	.0505886	.1609529	0
1117.15	0	.7874232	.05126219	.1613146	0
1116.15	0	.786391	.05193365	.1616754	0
1115.15	0	.7853617	.052603	.1620353	0
1114.15	0	.7843355	.05327022	.1623943	0
1113.15	0	.7833123	.05393533	.1627524	0
1112.15	0	.7822921	.05459832	.1631096	0
1111.15	0	.7812749	.0552592	.1634659	0
1110.15	0	.7802607	.05591796	.1638214	0
1109.15	0	.7792494	.05657461	.164176	0
1108.15	0	.7782412	.05722916	.1645297	0
1107.15	0	.7772359	.05788159	.1648825	0
1106.15	0	.7762337	.05853192	.1652344	0
1105.15	0	.7752344	.05918014	.1655855	0
1104.15	0	.7742381	.05982626	.1659357	0
1103.15	0	.7732447	.06047027	.166285	0
1102.15	0	.7722543	.06111219	.1666335	0
1101.15	0	.7712669	.061752	.1669811	0
1100.15	0	.7702825	.06238972	.1673278	0
1099.15	0	.769301	.06302534	.1676737	0
1098.15	0	.7683224	.06365887	.1680187	0
1097.15	0	.7673468	.06429031	.1683629	0
1096.15	0	.7663742	.06491965	.1687061	0
1095.15	0	.7654045	.0655469	.1690486	0
1094.15	0	.7644378	.06617206	.1693902	0
1093.15	0	.7634739	.06679514	.1697309	0
1092.15	0	.7625131	.06741612	.1700708	0
1091.15	0	.7615551	.06803503	.1704099	0
1090.15	0	.7606001	.06865184	.1707481	0
1089.15	0	.759648	.06926658	.1710854	0
1088.15	0	.7586988	.06987923	.1714219	0
1087.15	0	.7577526	.07048981	.1717576	0
1086.15	0	.7568093	.07109831	.1720924	0
1085.15	0	.7558689	.07170472	.1724264	0
1084.15	0	.7549314	.07230907	.1727596	0
1083.15	0	.7539968	.07291133	.1730919	0
1082.15	0	.7530651	.07351153	.1734234	0
1081.15	0	.7521363	.07410965	.173754	0
1080.15	0	.7512105	.0747057	.1740838	0
1079.15	0	.7502875	.07529968	.1744128	0
1078.15	0	.7493674	.07589159	.174741	0
1077.15	0	.7484502	.07648143	.1750683	0
1076.15	0	.747536	.07706921	.1753948	0
1075.15	0	.7466246	.07765492	.1757205	0
1074.15	0	.7457161	.07823857	.1760454	0
1073.15	0	.7448104	.07882016	.1763694	0
1072.15	0	.7439077	.07939968	.1766926	0
1071.15	0	.7430078	.07997714	.177015	0
1070.15	0	.7421108	.08055255	.1773366	0
1069.15	0	.7412167	.08112589	.1776574	0
1068.15	0	.7403255	.08169718	.1779773	0
1067.15	0	.7394371	.08226642	.1782965	0
1066.15	0	.7385516	.0828336	.1786148	0
1065.15	0	.737669	.08339872	.1789323	0
1064.15	0	.7367892	.0839618	.179249	0
1063.15	0	.7359123	.08452282	.1795649	0
1062.15	0	.7350382	.08508179	.17988	0
1061.15	0	.734167	.08563872	.1801943	0
1060.15	0	.7332987	.0861936	.1805077	0
1059.15	0	.7324332	.08674643	.1808204	0
1058.15	0	.7315705	.08729721	.1811322	0
1057.15	0	.7307107	.08784596	.1814433	0
1056.15	0	.7298538	.08839266	.1817536	0
1055.15	0	.7289997	.08893732	.182063	0
1054.15	0	.7281484	.08947994	.1823716	0
1053.15	0	.7273	.09002052	.1826795	0
1052.15	0	.7264544	.09055906	.1829865	0
1051.15	0	.7256116	.09109556	.1832928	0
1050.15	0	.7247717	.09163004	.1835983	0
1049.15	0	.7239346	.09216247	.1839029	0
1048.15	0	.7231004	.09269288	.1842068	0
1047.15	0	.7222689	.09322125	.1845098	0
1046.15	0	.7214403	.0937476	.1848121	0
1045.15	0	.7206145	.09427191	.1851136	0
1044.15	0	.7197915	.0947942	.1854143	0
1043.15	0	.7189714	.09531447	.1857141	0
1042.15	0	.7181541	.0958327	.1860132	0
1041.15	0	.7173395	.09634892	.1863115	0
1040.15	0	.7165278	.09686312	.1866091	0
1039.15	0	.7157189	.09737529	.1869058	0
1038.15	0	.7149128	.09788545	.1872017	0
1037.15	0	.7141095	.09839359	.1874969	0
1036.15	0	.7133091	.09889971	.1877912	0
1035.15	0	.7125114	.09940382	.1880848	0
1034.15	0	.7117165	.09990592	.1883776	0
1033.15	0	.7109245	.100406	.1886696	0
1032.15	0	.7101352	.1009041	.1889608	0
1031.15	0	.7093487	.1014002	.1892512	0
1030.15	0	.708565	.1018942	.1895408	0
1029.15	0	.7077841	.1023863	.1898296	0
1028.15	0	.707006	.1028763	.1901177	0
1027.15	0	.7062306	.1033644	.190405	0
1026.15	0	.7054581	.1038505	.1906914	0
1025.15	0	.7046883	.1043345	.1909771	0
1024.15	0	.7039214	.1048166	.1912621	0
1023.15	0	.7031572	.1052967	.1915462	0
1022.15	0	.7023957	.1057748	.1918295	0
1021.15	0	.7016371	.1062509	.1921121	0
1020.15	0	.7008812	.106725	.1923938	0
1019.15	0	.7001281	.1071971	.1926748	0
1018.15	0	.6993777	.1076672	.192955	0
1017.15	0	.6986302	.1081354	.1932344	0
1016.15	0	.6978853	.1086016	.1935131	0
1015.15	0	.6971433	.1090658	.1937909	0
1014.15	0	.696404	.1095281	.1940679	0
1013.15	0	.6956674	.1099883	.1943442	0
1012.15	0	.6949337	.1104467	.1946197	0
1011.15	0	.6942026	.110903	.1948944	0
1010.15	0	.6934743	.1113574	.1951683	0
1009.15	0	.6927488	.1118098	.1954414	0
1008.15	0	.692026	.1122603	.1957138	0
1007.15	0	.691306	.1127088	.1959853	0
1006.15	0	.6905886	.1131553	.1962561	0
1005.15	0	.6898741	.1135999	.196526	0
1004.15	0	.6891622	.1140426	.1967952	0
1003.15	0	.6884531	.1144833	.1970636	0
1002.15	0	.6877467	.1149221	.1973312	0
1001.15	0	.6870431	.115359	.197598	0
1000.15	0	.6863421	.1157939	.197864	0
999.15	0	.6856439	.1162269	.1981292	0
998.15	0	.6849484	.1166579	.1983936	0
997.15	0	.6842556	.1170871	.1986573	0
996.15	0	.6835656	.1175143	.1989201	0
995.15	0	.6828782	.1179397	.1991821	0
994.15	0	.6821936	.1183631	.1994434	0
993.15	0	.6815116	.1187846	.1997038	0
992.15	0	.6808323	.1192042	.1999635	0
991.15	0	.6801558	.1196219	.2002223	0
990.15	0	.6794819	.1200377	.2004804	0
989.15	0	.6788107	.1204517	.2007376	0
988.15	0	.6781422	.1208637	.2009941	0
987.15	0	.6774764	.1212739	.2012497	0
986.15	0	.6768133	.1216822	.2015045	0
985.15	0	.6761528	.1220886	.2017586	0
984.15	0	.675495	.1224932	.2020118	0
983.15	0	.6748399	.1228959	.2022642	0
982.15	0	.6741874	.1232968	.2025158	0
981.15	0	.6735376	.1236958	.2027666	0
980.15	0	.6728904	.124093	.2030166	0
979.15	0	.6722459	.1244883	.2032658	0
978.15	0	.6716041	.1248818	.2035141	0
977.15	0	.6709648	.1252735	.2037616	0
976.15	0	.6703282	.1256634	.2040083	0
975.15	0	.6696943	.1260515	.2042542	0
974.15	0	.6690629	.1264378	.2044993	0
973.15	0	.6684342	.1268222	.2047435	0
972.15	0	.6678081	.1272049	.204987	0
971.15	0	.6671846	.1275859	.2052296	0
970.15	0	.6665637	.127965	.2054713	0
969.15	0	.6659454	.1283424	.2057122	0
968.15	0	.6653297	.128718	.2059523	0
967.15	0	.6647166	.1290918	.2061916	0
966.15	0	.664106	.129464	.20643	0
965.15	0	.6634981	.1298344	.2066676	0
964.15	0	.6628927	.130203	.2069043	0
963.15	0	.6622898	.13057	.2071402	0
962.15	0	.6616895	.1309352	.2073753	0
961.15	0	.6610918	.1312987	.2076095	0
960.15	0	.6604966	.1316606	.2078428	0
959.15	0	.6599039	.1320208	.2080753	0
958.15	0	.6593138	.1323793	.2083069	0
957.15	0	.6587262	.1327362	.2085377	0
956.15	0	.658141	.1330914	.2087676	0
955.15	0	.6575584	.1334449	.2089966	0
954.15	0	.6569783	.1337969	.2092248	0
953.15	0	.6564007	.1341472	.2094521	0
952.15	0	.6558255	.1344959	.2096785	0
951.15	0	.6552528	.1348431	.2099041	0
950.15	0	.6546826	.1351886	.2101288	0
949.15	0	.6541148	.1355326	.2103525	0
948.15	0	.6535495	.1358751	.2105755	0
947.15	0	.6529866	.136216	.2107975	0
946.15	0	.6524261	.1365553	.2110186	0
945.15	0	.651868	.1368932	.2112388	0
944.15	0	.6513123	.1372296	.2114581	0
943.15	0	.650759	.1375645	.2116765	0
942.15	0	.6502081	.1378979	.211894	0
941.15	0	.6496595	.1382298	.2121106	0
940.15	0	.6491134	.1385603	.2123263	0
939.15	0	.6485695	.1388894	.2125411	0
938.15	0	.648028	.1392171	.2127549	0
937.15	0	.6474888	.1395434	.2129678	0
936.15	0	.6469519	.1398683	.2131798	0
935.15	0	.6464173	.1401919	.2133909	0
934.15	0	.645885	.1405141	.213601	0
933.15	0	.6453549	.140835	.2138101	0
932.15	0	.6448271	.1411546	.2140183	0
931.15	0	.6443015	.1414729	.2142256	0
930.15	0	.6437782	.1417899	.2144319	0
929.15	0	.643257	.1421057	.2146372	0
928.15	0	.6427381	.1424203	.2148416	0
927.15	0	.6422213	.1427337	.215045	0
926.15	0	.6417067	.1430459	.2152474	0
925.15	0	.6411942	.1433569	.2154489	0
924.15	0	.6406839	.1436668	.2156493	0
923.15	0	.6401756	.1439756	.2158488	0
922.15	0	.6396695	.1442833	.2160472	0
921.15	0	.6391654	.1445899	.2162447	0
920.15	0	.6386634	.1448955	.2164411	0
919.15	0	.6381634	.1452	.2166366	0
918.15	0	.6376655	.1455036	.216831	0
917.15	0	.6371695	.1458062	.2170244	0
916.15	0	.6366755	.1461078	.2172167	0
915.15	0	.6361834	.1464085	.217408	0
914.15	0	.6356933	.1467084	.2175983	0
913.15	0	.6352051	.1470074	.2177875	0
912.15	0	.6347188	.1473056	.2179756	0
911.15	0	.6342344	.1476029	.2181627	0
910.15	0	.6337518	.1478995	.2183487	0
909.15	0	.633271	.1481954	.2185336	0
908.15	0	.632792	.1484905	.2187175	0
907.15	0	.6323148	.148785	.2189002	0
906.15	0	.6318393	.1490789	.2190819	0
905.15	0	.6313655	.1493721	.2192624	0
904.15	0	.6308934	.1496648	.2194418	0
903.15	0	.630423	.1499569	.2196201	0
902.15	0	.6299542	.1502485	.2197973	0
901.15	0	.629487	.1505397	.2199733	0
900.15	0	.6290214	.1508304	.2201481	0
899.15	0	.6285574	.1511208	.2203219	0
898.15	0	.6280948	.1514108	.2204944	0
897.15	0	.6276338	.1517005	.2206657	0
896.15	0	.6271742	.1519899	.2208359	0
895.15	0	.626716	.1522791	.2210049	0
894.15	0	.6262591	.1525682	.2211727	0
893.15	0	.6258037	.1528571	.2213392	0
892.15	0	.6253495	.1531459	.2215046	0
891.15	0	.6248967	.1534347	.2216687	0
890.15	0	.624445	.1537234	.2218315	0
889.15	0	.6239946	.1540123	.2219932	0
888.15	0	.6235453	.1543012	.2221535	0
887.15	0	.6230972	.1545903	.2223125	0
886.15	0	.6226501	.1548796	.2224703	0
885.15	0	.6222041	.1551691	.2226268	0
884.15	0	.6217591	.155459	.2227819	0
883.15	0	.621315	.1557492	.2229358	0
882.15	0	.6208719	.1560399	.2230883	0
881.15	0	.6204296	.156331	.2232394	0
880.15	0	.6199881	.1566227	.2233892	0
879.15	0	.6195474	.156915	.2235376	0
878.15	0	.6191074	.157208	.2236846	0
877.15	0	.6186681	.1575017	.2238302	0
876.15	0	.6182294	.1577962	.2239744	0
875.15	0	.6177913	.1580915	.2241172	0
874.15	0	.6173537	.1583878	.2242585	0
873.15	0	.6169165	.1586851	.2243984	0
872.15	0	.6164798	.1589835	.2245367	0
871.15	0	.6160434	.159283	.2246736	0
870.15	0	.6156073	.1595838	.224809	0
869.15	0	.6151714	.1598858	.2249428	0
868.15	0	.6147356	.1601893	.2250751	0
867.15	0	.6143	.1604942	.2252058	0
866.15	0	.6138644	.1608007	.225335	0
865.15	0	.6134287	.1611088	.2254625	0
864.15	0	.612993	.1614186	.2255884	0
863.15	0	.612557	.1617303	.2257127	0
862.15	0	.6121208	.1620439	.2258352	0
861.15	0	.6116843	.1623595	.2259562	0
860.15	0	.6112474	.1626773	.2260754	0
859.15	0	.6108099	.1629972	.2261928	0
858.15	0	.6103719	.1633195	.2263085	0
857.15	0	.6099333	.1636443	.2264225	0
856.15	0	.6094939	.1639715	.2265346	0
855.15	0	.6090536	.1643015	.2266449	0
854.15	0	.6086125	.1646342	.2267533	0
853.15	0	.6081703	.1649699	.2268598	0
852.15	0	.6077269	.1653086	.2269645	0
851.15	0	.6072824	.1656505	.2270671	0
850.15	0	.6068365	.1659957	.2271678	0
849.15	0	.6063892	.1663443	.2272665	0
848.15	0	.6059403	.1666966	.2273631	0
847.15	0	.6054897	.1670527	.2274577	0
846.15	0	.6050373	.1674126	.2275501	0
845.15	0	.6045829	.1677767	.2276404	0
844.15	0	.6041266	.168145	.2277285	0
843.15	0	.603668	.1685177	.2278143	0
842.15	0	.603207	.1688951	.2278979	0
841.15	0	.6027436	.1692773	.2279791	0
840.15	0	.6022775	.1696646	.228058	0
839.15	0	.6018086	.170057	.2281344	0
838.15	0	.6013367	.170455	.2282083	0
837.15	0	.6008616	.1708586	.2282798	0
836.15	0	.6003832	.1712682	.2283486	0
835.15	0	.5999013	.1716839	.2284148	0
834.15	0	.5994156	.1721062	.2284783	0
833.15	0	.5989259	.1725351	.228539	0
832.15	0	.598432	.1729711	.2285968	0
831.15	0	.5979337	.1734145	.2286518	0
830.15	0	.5974308	.1738655	.2287037	0
829.15	0	.5969228	.1743246	.2287526	0
828.15	0	.5964097	.1747921	.2287983	0
827.15	0	.595891	.1752683	.2288407	0
826.15	0	.5953665	.1757538	.2288798	0
825.15	0	.5948358	.1762488	.2289154	0
824.15	0	.5942985	.176754	.2289474	0
823.15	0	.5937544	.1772699	.2289757	0
822.15	0	.5932029	.1777969	.2290002	0
821.15	0	.5926437	.1783356	.2290208	0
820.15	0	.5920762	.1788866	.2290372	0
819.15	0	.5914999	.1794507	.2290494	0
818.15	0	.5909144	.1800285	.2290571	0
817.15	0	.590319	.1806208	.2290603	0
816.15	0	.5897131	.1812284	.2290586	0
815.15	0	.5890959	.1818523	.2290518	0
814.15	0	.5884668	.1824934	.2290398	0
813.15	0	.5878248	.1831529	.2290222	0
812.15	0	.5871692	.183832	.2289988	0
811.15	0	.5864988	.1845319	.2289693	0
810.15	0	.5858125	.1852541	.2289333	0
809.15	0	.5851092	.1860003	.2288905	0
808.15	0	.5843874	.1867723	.2288403	0
807.15	0	.5836456	.187572	.2287824	0
806.15	0	.5825051	.1888704	.2286245	0
805.15	0	.5811039	.1904986	.2283975	0
804.15	0	.5797915	.1920223	.2281863	0
803.15	0	.5785581	.193453	.2279889	0
802.15	0	.5773959	.1948002	.2278039	0
801.15	0	.5762978	.1960722	.22763	0
800.15	0	.575258	.197276	.227466	0
799.15	0	.5742715	.1984176	.227311	0
798.15	0	.5733337	.1995023	.2271641	0
797.15	0	.5724406	.2005347	.2270246	0
796.15	0	.571589	.201519	.226892	0
795.15	0	.5707756	.2024589	.2267655	0
794.15	0	.5699977	.2033575	.2266448	0
793.15	0	.5692528	.2042178	.2265294	0
792.15	0	.5685388	.2050423	.2264189	0
791.15	0	.5678536	.2058336	.2263129	0
790.15	0	.5671953	.2065937	.226211	0
789.15	0	.5665623	.2073246	.2261131	0
788.15	0	.5659531	.208028	.2260189	0
787.15	0	.5653663	.2087057	.225928	0
786.15	0	.5648006	.2093591	.2258404	0
785.15	0	.5642548	.2099896	.2257557	0
784.15	0	.5637278	.2105984	.2256738	0
783.15	0	.5632208	.2111852	.225594	0
782.15	0	.5627283	.2117544	.2255172	0
781.15	0	.562252	.2123053	.2254428	0
780.15	0	.5617908	.2128387	.2253705	0
779.15	0	.5613441	.2133556	.2253003	0
778.15	0	.5609112	.2138568	.2252321	0
777.15	0	.5604914	.214343	.2251656	0
776.15	0	.5600841	.214815	.2251009	0
775.15	0	.5596887	.2152734	.2250379	0
774.15	0	.5593047	.2157189	.2249764	0
773.15	0	.5589316	.216152	.2249164	0
772.15	0	.5585689	.2165733	.2248578	0
771.15	0	.558216	.2169834	.2248006	0
770.15	0	.5578728	.2173827	.2247445	0
769.15	0	.5575386	.2177717	.2246897	0
768.15	0	.5572132	.2181508	.2246361	0
767.15	0	.5568961	.2185204	.2245835	0
766.15	0	.5565871	.218881	.2245319	0
765.15	0	.5562858	.2192329	.2244813	0
764.15	0	.5559919	.2195764	.2244317	0
763.15	0	.5557051	.219912	.2243829	0
762.15	0	.5554251	.2202398	.2243351	0
761.15	0	.5551518	.2205603	.224288	0
760.15	0	.5548847	.2208736	.2242417	0
759.15	0	.5546238	.2211802	.2241961	0
758.15	0	.5543687	.2214801	.2241512	0
757.15	0	.5541193	.2217737	.224107	0
756.15	0	.5538753	.2220613	.2240635	0
755.15	0	.5536365	.222343	.2240205	0
754.15	0	.5534029	.222619	.2239781	0
753.15	0	.5531741	.2228896	.2239364	0
752.15	0	.55295	.2231549	.2238951	0
751.15	0	.5527305	.2234152	.2238543	0
750.15	0	.5525154	.2236705	.2238141	0
749.15	0	.5523045	.2239212	.2237743	0
748.15	0	.5520978	.2241673	.2237349	0
747.15	0	.551895	.224409	.223696	0
746.15	0	.551696	.2246465	.2236575	0
745.15	0	.5515008	.2248798	.2236194	0
744.15	0	.5513091	.2251092	.2235816	0
743.15	0	.5511209	.2253348	.2235443	0
742.15	0	.5509361	.2255567	.2235072	0
741.15	0	.5507546	.2257749	.2234705	0
740.15	0	.5505762	.2259897	.2234341	0
739.15	0	.5504008	.2262012	.223398	0
738.15	0	.5502284	.2264094	.2233622	0
737.15	0	.5500589	.2266144	.2233267	0
736.15	0	.5498922	.2268164	.2232914	0
735.15	0	.5497282	.2270154	.2232564	0
734.15	0	.5495668	.2272116	.2232216	0
733.15	0	.5494079	.227405	.2231871	0
732.15	0	.5492515	.2275957	.2231528	0
731.15	0	.5490975	.2277838	.2231186	0
730.15	0	.5489459	.2279694	.2230847	0
729.15	0	.5487965	.2281525	.223051	0
728.15	0	.5486492	.2283333	.2230175	0
727.15	0	.5485041	.2285117	.2229841	0
726.15	0	.5483611	.228688	.2229509	0
725.15	0	.5482201	.228862	.2229179	0
724.15	0	.548081	.2290339	.222885	0
723.15	0	.5479439	.2292038	.2228523	0
722.15	0	.5478086	.2293717	.2228197	0
721.15	0	.5476751	.2295376	.2227873	0
720.15	0	.5475434	.2297017	.222755	0
719.15	0	.5474133	.2298639	.2227228	0
718.15	0	.5472849	.2300244	.2226907	0
717.15	0	.5471582	.2301832	.2226587	0
716.15	0	.547033	.2303402	.2226268	0
715.15	0	.5469093	.2304957	.2225951	0
714.15	0	.5467871	.2306495	.2225634	0
713.15	0	.5466664	.2308018	.2225318	0
712.15	0	.5465471	.2309526	.2225003	0
711.15	0	.5464292	.231102	.2224689	0
710.15	0	.5463126	.2312499	.2224375	0
709.15	0	.5461973	.2313964	.2224063	0
708.15	0	.5460833	.2315416	.2223751	0
707.15	0	.5459706	.2316855	.222344	0
706.15	0	.545859	.2318281	.2223129	0
705.15	0	.5457487	.2319694	.2222819	0
704.15	0	.5456395	.2321096	.2222509	0
703.15	0	.5455314	.2322485	.2222201	0
702.15	0	.5454245	.2323863	.2221892	0
701.15	0	.5453186	.232523	.2221584	0
700.15	0	.5452138	.2326586	.2221276	0
699.15	0	.54511	.2327931	.2220969	0
698.15	0	.5450072	.2329266	.2220663	0
697.15	0	.5449053	.2330591	.2220356	0
696.15	0	.5448045	.2331905	.222005	0
695.15	0	.5447046	.233321	.2219744	0
694.15	0	.5446055	.2334506	.2219439	0
693.15	0	.5445074	.2335792	.2219134	0
692.15	0	.5444102	.233707	.2218828	0
691.15	0	.5443138	.2338338	.2218524	0
690.15	0	.5442182	.2339598	.2218219	0
689.15	0	.5441235	.234085	.2217915	0
688.15	0	.5440296	.2342094	.2217611	0
687.15	0	.5439364	.2343329	.2217307	0
686.15	0	.543844	.2344557	.2217003	0
685.15	0	.5437524	.2345777	.2216699	0
684.15	0	.5436614	.234699	.2216395	0
683.15	0	.5435713	.2348196	.2216092	0
682.15	0	.5434818	.2349394	.2215788	0
681.15	0	.543393	.2350585	.2215485	0
680.15	0	.5433048	.235177	.2215181	0
679.15	0	.5432174	.2352948	.2214878	0
678.15	0	.5431305	.235412	.2214575	0
677.15	0	.5430444	.2355285	.2214272	0
676.15	0	.5429588	.2356444	.2213968	0
675.15	0	.5428738	.2357596	.2213665	0
674.15	0	.5427895	.2358743	.2213362	0
673.15	0	.5427057	.2359884	.2213059	0
672.15	0	.5426225	.236102	.2212755	0
671.15	0	.5425399	.2362149	.2212452	0
670.15	0	.5424578	.2363273	.2212149	0
669.15	0	.5423763	.2364392	.2211845	0
668.15	0	.5422953	.2365506	.2211542	0
667.15	0	.5422148	.2366614	.2211238	0
666.15	0	.5421348	.2367718	.2210934	0
665.15	0	.5420553	.2368816	.2210631	0
664.15	0	.5419764	.236991	.2210327	0
663.15	0	.5418979	.2370998	.2210023	0
662.15	0	.5418199	.2372082	.2209719	0
661.15	0	.5417423	.2373162	.2209415	0
660.15	0	.5416652	.2374237	.2209111	0
659.15	0	.5415886	.2375308	.2208807	0
658.15	0	.5415124	.2376374	.2208502	0
657.15	0	.5414366	.2377436	.2208197	0
656.15	0	.5413613	.2378494	.2207893	0
655.15	0	.5412864	.2379548	.2207588	0
654.15	0	.5412119	.2380597	.2207283	0
653.15	0	.5411379	.2381643	.2206978	0
652.15	0	.5410642	.2382685	.2206673	0
651.15	0	.5409909	.2383723	.2206368	0
650.15	0	.540918	.2384758	.2206063	0
649.15	0	.5408455	.2385788	.2205757	0
648.15	0	.5407734	.2386815	.2205451	0
647.15	0	.5407016	.2387839	.2205146	0
646.15	0	.5406302	.2388859	.2204839	0
645.15	0	.5405591	.2389875	.2204534	0
644.15	0	.5404885	.2390888	.2204227	0
643.15	0	.5404181	.2391898	.2203921	0
642.15	0	.5403481	.2392905	.2203614	0
641.15	0	.5402785	.2393908	.2203308	0
640.15	0	.5402091	.2394908	.2203001	0
639.15	0	.5401401	.2395905	.2202694	0
638.15	0	.5400715	.2396898	.2202387	0
637.15	0	.5400031	.2397889	.220208	0
636.15	0	.5399351	.2398877	.2201773	0
635.15	0	.5398673	.2399862	.2201465	0
634.15	0	.5397999	.2400844	.2201157	0
633.15	0	.5397328	.2401823	.220085	0
632.15	0	.539666	.2402799	.2200542	0
631.15	0	.5395994	.2403772	.2200234	0
630.15	0	.5395332	.2404743	.2199926	0
629.15	0	.5394672	.2405711	.2199617	0
628.15	0	.5394015	.2406676	.2199309	0
627.15	0	.5393361	.2407638	.2199	0
626.15	0	.539271	.2408598	.2198692	0
625.15	0	.5392062	.2409555	.2198383	0
624.15	0	.5391416	.241051	.2198074	0
623.15	0	.5390773	.2411462	.2197765	0
622.15	0	.5390132	.2412412	.2197456	0
621.15	0	.5389494	.2413359	.2197147	0
620.15	0	.5388859	.2414304	.2196837	0
619.15	0	.5388226	.2415246	.2196528	0
618.15	0	.5387596	.2416186	.2196218	0
617.15	0	.5386968	.2417124	.2195909	0
616.15	0	.5386342	.2418059	.2195599	0
615.15	0	.5385719	.2418992	.2195289	0
614.15	0	.5385099	.2419922	.2194979	0
613.15	0	.538448	.2420851	.2194669	0
612.15	0	.5383864	.2421777	.2194359	0
611.15	0	.5383251	.2422701	.2194049	0
610.15	0	.5382639	.2423622	.2193738	0
609.15	0	.538203	.2424542	.2193428	0
608.15	0	.5381424	.2425459	.2193118	0
607.15	0	.5380819	.2426374	.2192807	0
606.15	0	.5380217	.2427287	.2192497	0
605.15	0	.5379616	.2428198	.2192186	0
604.15	0	.5379018	.2429107	.2191875	0
603.15	0	.5378422	.2430013	.2191565	0
602.15	0	.5377829	.2430918	.2191254	0
601.15	0	.5377237	.243182	.2190943	0
600.15	0	.5376647	.2432721	.2190632	0
599.15	0	.537606	.2433619	.2190321	0
598.15	0	.5375474	.2434516	.219001	0
597.15	0	.5374891	.243541	.2189699	0
596.15	0	.5374309	.2436303	.2189388	0
595.15	0	.537373	.2437193	.2189077	0
594.15	0	.5373152	.2438082	.2188766	0
593.15	0	.5372577	.2438968	.2188455	0
592.15	0	.5372003	.2439853	.2188144	0
591.15	0	.5371431	.2440736	.2187833	0
590.15	0	.5370862	.2441616	.2187522	0
589.15	0	.5370294	.2442495	.2187211	0
588.15	0	.5369728	.2443372	.21869	0
587.15	0	.5369164	.2444247	.2186589	0
586.15	0	.5368602	.244512	.2186278	0
585.15	0	.5368041	.2445992	.2185967	0
584.15	0	.5367483	.2446861	.2185656	0
583.15	0	.5366926	.2447729	.2185345	0
582.15	0	.5366371	.2448595	.2185035	0
581.15	0	.5365818	.2449458	.2184724	0
580.15	0	.5365266	.2450321	.2184413	0
579.15	0	.5364717	.2451181	.2184102	0
578.15	0	.5364169	.2452039	.2183792	0
577.15	0	.5363623	.2452896	.2183481	0
576.15	0	.5363079	.2453751	.2183171	0
575.15	0	.5362536	.2454603	.218286	0
574.15	0	.5361995	.2455455	.218255	0
573.15	0	.5361456	.2456304	.218224	0
572.15	0	.5360919	.2457152	.218193	0
571.15	0	.5360383	.2457997	.218162	0
570.15	0	.5359849	.2458841	.218131	0
569.15	0	.5359317	.2459684	.2181	0
568.15	0	.5358786	.2460524	.218069	0
567.15	0	.5358257	.2461363	.2180381	0
566.15	0	.5357729	.2462199	.2180071	0
565.15	0	.5357204	.2463035	.2179762	0
564.15	0	.5356679	.2463868	.2179453	0
563.15	0	.5356157	.2464699	.2179144	0
562.15	0	.5355636	.2465529	.2178835	0
561.15	0	.5355117	.2466357	.2178526	0
560.15	0	.5354599	.2467184	.2178218	0
559.15	0	.5354083	.2468008	.2177909	0
558.15	0	.5353568	.2468831	.2177601	0
557.15	0	.5353056	.2469652	.2177293	0
556.15	0	.5352544	.2470471	.2176985	0
555.15	0	.5352034	.2471288	.2176677	0
554.15	0	.5351526	.2472104	.217637	0
553.15	0	.5351019	.2472918	.2176063	0
552.15	0	.5350514	.247373	.2175755	0
551.15	0	.5350011	.2474541	.2175449	0
550.15	0	.5349509	.2475349	.2175142	0
549.15	0	.5349008	.2476156	.2174835	0
548.15	0	.534851	.2476961	.2174529	0
547.15	0	.5348012	.2477765	.2174223	0
546.15	0	.5347516	.2478566	.2173917	0
545.15	0	.5347022	.2479366	.2173612	0
544.15	0	.5346529	.2480164	.2173307	0
543.15	0	.5346038	.2480961	.2173002	0
542.15	0	.5345548	.2481755	.2172697	0
541.15	0	.5345059	.2482548	.2172392	0
540.15	0	.5344573	.2483339	.2172088	0
539.15	0	.5344087	.2484129	.2171784	0
538.15	0	.5343603	.2484916	.2171481	0
537.15	0	.5343121	.2485702	.2171177	0
536.15	0	.534264	.2486486	.2170874	0
535.15	0	.5342161	.2487268	.2170572	0
534.15	0	.5341683	.2488048	.2170269	0
533.15	0	.5341206	.2488827	.2169967	0
532.15	0	.5340731	.2489604	.2169665	0
531.15	0	.5340258	.2490379	.2169364	0
530.15	0	.5339785	.2491152	.2169063	0
529.15	0	.5339315	.2491923	.2168762	0
528.15	0	.5338846	.2492693	.2168461	0
527.15	0	.5338378	.2493461	.2168161	0
526.15	0	.5337912	.2494227	.2167862	0
525.15	0	.5337448	.2494991	.2167561	0
524.15	0	.5336985	.2495753	.2167262	0
523.15	0	.5336523	.2496514	.2166963	0
522.15	0	.5336062	.2497273	.2166665	0
521.15	0	.5335603	.249803	.2166367	0
520.15	0	.5335146	.2498785	.2166069	0
519.15	0	.5334689	.2499538	.2165772	0
518.15	0	.5334235	.250029	.2165476	0
517.15	0	.5333781	.2501039	.2165179	0
516.15	0	.533333	.2501787	.2164884	0
515.15	0	.5332879	.2502533	.2164588	0
514.15	0	.533243	.2503277	.2164293	0
513.15	0	.5331982	.2504019	.2163998	0
512.15	0	.5331536	.250476	.2163704	0
511.15	0	.5331091	.2505498	.2163411	0
510.15	0	.5330648	.2506235	.2163117	0
509.15	0	.5330206	.250697	.2162824	0
508.15	0	.5329765	.2507703	.2162532	0
507.15	0	.5329326	.2508434	.216224	0
506.15	0	.5328888	.2509163	.2161949	0
505.15	0	.5328452	.250989	.2161658	0
504.15	0	.5328017	.2510615	.2161367	0
503.15	0	.5327584	.2511339	.2161077	0
502.15	0	.5327152	.2512061	.2160788	0
501.15	0	.5326721	.251278	.2160499	0
500.15	0	.5326292	.2513498	.216021	0
499.15	0	.5325864	.2514214	.2159922	0
498.15	0	.5325437	.2514928	.2159635	0
497.15	0	.5325012	.251564	.2159348	0
496.15	0	.5324589	.251635	.2159062	0
495.15	0	.5324166	.2517058	.2158776	0
494.15	0	.5323745	.2517764	.2158491	0
493.15	0	.5323326	.2518468	.2158206	0
492.15	0	.5322908	.2519171	.2157922	0
491.15	0	.5322491	.2519871	.2157638	0
490.15	0	.5322076	.2520569	.2157355	0
489.15	0	.5321662	.2521266	.2157073	0
488.15	0	.5321249	.252196	.2156791	0
487.15	0	.5320838	.2522652	.2156509	0
486.15	0	.5320429	.2523343	.2156228	0
485.15	0	.532002	.2524031	.2155948	0
484.15	0	.5319613	.2524718	.2155669	0
483.15	0	.5319208	.2525402	.215539	0
482.15	0	.5318804	.2526085	.2155111	0
481.15	0	.5318401	.2526765	.2154834	0
480.15	0	.5318	.2527444	.2154557	0
479.15	0	.53176	.252812	.215428	0
478.15	0	.5317201	.2528795	.2154004	0
477.15	0	.5316804	.2529467	.2153729	0
476.15	0	.5316408	.2530137	.2153455	0
475.15	0	.5316014	.2530806	.2153181	0
474.15	0	.5315621	.2531472	.2152907	0
473.15	0	.5315229	.2532136	.2152635	0
472.15	0	.5314839	.2532798	.2152363	0
471.15	0	.531445	.2533459	.2152092	0
470.15	0	.5314062	.2534117	.2151821	0
469.15	0	.5313676	.2534772	.2151551	0
468.15	0	.5313292	.2535426	.2151282	0
467.15	0	.5312908	.2536078	.2151013	0
466.15	0	.5312526	.2536728	.2150746	0
465.15	0	.5312146	.2537376	.2150479	0
464.15	0	.5311767	.2538021	.2150212	0
463.15	0	.5311389	.2538664	.2149947	0
462.15	0	.5311013	.2539306	.2149681	0
461.15	0	.5310638	.2539945	.2149417	0
460.15	0	.5310264	.2540582	.2149154	0
459.15	0	.5309892	.2541217	.2148891	0
458.15	0	.5309521	.254185	.2148629	0
457.15	0	.5309152	.2542481	.2148368	0
456.15	0	.5308784	.2543109	.2148107	0
455.15	0	.5308417	.2543736	.2147847	0
454.15	0	.5308052	.254436	.2147588	0
453.15	0	.5307688	.2544982	.214733	0
452.15	0	.5307326	.2545602	.2147073	0
451.15	0	.5306964	.254622	.2146816	0
450.15	0	.5306605	.2546835	.214656	0
449.15	0	.5306247	.2547448	.2146305	0
448.15	0	.530589	.2548059	.2146051	0
447.15	0	.5305535	.2548667	.2145798	0
446.15	0	.5305182	.2549273	.2145545	0
445.15	0	.5304829	.2549877	.2145294	0
444.15	0	.5304479	.2550478	.2145043	0
443.15	0	.530413	.2551077	.2144793	0
442.15	0	.5303782	.2551673	.2144544	0
441.15	0	.5303437	.2552267	.2144296	0
440.15	0	.5303093	.2552858	.2144049	0
439.15	0	.530275	.2553447	.2143803	0
438.15	0	.5302409	.2554033	.2143558	0
437.15	0	.530207	.2554616	.2143314	0
436.15	0	.5301733	.2555196	.2143071	0
435.15	0	.5301397	.2555774	.2142829	0
434.15	0	.5301063	.2556349	.2142588	0
433.15	0	.5300731	.2556921	.2142348	0
432.15	0	.5300401	.255749	.2142109	0
431.15	0	.5300073	.2558056	.2141871	0
430.15	0	.5299746	.255862	.2141635	0
429.15	0	.5299421	.255918	.2141399	0
428.15	0	.5299098	.2559738	.2141165	0
427.15	0	.5298777	.2560292	.2140931	0
426.15	0	.5298457	.2560844	.2140699	0
425.15	0	.529814	.2561392	.2140468	0
424.15	0	.5297824	.2561938	.2140238	0
423.15	0	.5297511	.2562481	.2140009	0
422.15	0	.5297199	.256302	.2139781	0
421.15	0	.5296889	.2563557	.2139555	0
420.15	0	.5296581	.256409	.2139329	0
419.15	0	.5296274	.2564621	.2139105	0
418.15	0	.529597	.2565148	.2138882	0
417.15	0	.5295668	.2565672	.213866	0
416.15	0	.5295367	.2566193	.213844	0
415.15	0	.5295069	.2566711	.213822	0
414.15	0	.5294772	.2567226	.2138002	0
413.15	0	.5294477	.2567738	.2137785	0
412.15	0	.5294184	.2568247	.2137569	0
411.15	0	.5293893	.2568753	.2137354	0
410.15	0	.5293604	.2569255	.2137141	0
409.15	0	.5293316	.2569755	.2136929	0
408.15	0	.5293031	.2570251	.2136718	0
407.15	0	.5292747	.2570744	.2136508	0
406.15	0	.5292466	.2571235	.21363	0
405.15	0	.5292186	.2571722	.2136093	0
404.15	0	.5291908	.2572206	.2135886	0
403.15	0	.5291632	.2572687	.2135682	0
402.15	0	.5291357	.2573165	.2135478	0
401.15	0	.5291085	.257364	.2135276	0
400.15	0	.5290814	.2574112	.2135075	0
399.15	0	.5290545	.257458	.2134875	0
