T	 BPW(LIQUID)	BPW(BCC_A2)	BPW(FCC_A1)	BPW(LAVES_PHASE_C14)	BPW(NI3TI)
1473.15	.2514779	.7415589	0	.006963229	0
1472.15	.2453605	.745517	0	.009122504	0
1471.15	.2393559	.7493965	0	.01124765	0
1470.15	.233461	.7531994	0	.01333961	0
1469.15	.2276728	.7569279	0	.0153993	0
1468.15	.2219886	.7605838	0	.0174276	0
1467.15	.2164056	.764169	0	.01942536	0
1466.15	.2109212	.7676855	0	.0213934	0
1465.15	.2055327	.7711348	0	.0233325	0
1464.15	.2002378	.7745188	0	.02524344	0
1463.15	.195034	.777839	0	.02712696	0
1462.15	.1899191	.7810972	0	.02898376	0
1461.15	.1848907	.7842948	0	.03081454	0
1460.15	.1799468	.7874333	0	.03261997	0
1459.15	.1750852	.7905141	0	.0344007	0
1458.15	.1703039	.7935388	0	.03615734	0
1457.15	.1656009	.7965085	0	.03789051	0
1456.15	.1609744	.7994248	0	.03960078	0
1455.15	.1564225	.8022887	0	.04128873	0
1454.15	.1519435	.8051016	0	.04295491	0
1453.15	.1475354	.8078647	0	.04459985	0
1452.15	.1431968	.8105791	0	.04622405	0
1451.15	.138926	.813246	0	.04782803	0
1450.15	.1347214	.8158664	0	.04941227	0
1449.15	.1305814	.8184414	0	.05097723	0
1448.15	.1265046	.820972	0	.05252338	0
1447.15	.1224896	.8234593	0	.05405114	0
1446.15	.1185348	.8259042	0	.05556096	0
1445.15	.1146391	.8283077	0	.05705324	0
1444.15	.110801	.8306706	0	.05852839	0
1443.15	.1070192	.832994	0	.05998681	0
1442.15	.1032926	.8352785	0	.06142886	0
1441.15	.09961992	.8375252	0	.06285492	0
1440.15	.09599995	.8397347	0	.06426535	0
1439.15	.09243158	.8419079	0	.0656605	0
1438.15	.08891368	.8440456	0	.0670407	0
1437.15	.08544517	.8461486	0	.06840628	0
1436.15	.08202501	.8482174	0	.06975757	0
1435.15	.07865216	.850253	0	.07109487	0
1434.15	.07532563	.8522559	0	.07241848	0
1433.15	.07204446	.8542268	0	.0737287	0
1432.15	.06880769	.8561665	0	.07502582	0
1431.15	.06561441	.8580755	0	.0763101	0
1430.15	.06246373	.8599544	0	.07758183	0
1429.15	.05935477	.861804	0	.07884127	0
1428.15	.05628669	.8636247	0	.08008866	0
1427.15	.05325865	.8654171	0	.08132427	0
1426.15	.05026986	.8671818	0	.08254833	0
1425.15	.04731953	.8689194	0	.08376107	0
1424.15	.0444069	.8706304	0	.08496274	0
1423.15	.04153121	.8723152	0	.08615354	0
1422.15	.03869175	.8739745	0	.08733371	0
1421.15	.0358878	.8756088	0	.08850345	0
1420.15	.03311867	.8772184	0	.08966297	0
1419.15	.0303837	.8788038	0	.09081248	0
1418.15	.02768222	.8803656	0	.09195216	0
1417.15	.02501359	.8819042	0	.09308221	0
1416.15	.02237719	.88342	0	.09420282	0
1415.15	.01977241	.8849134	0	.09531417	0
1414.15	.01719865	.8863849	0	.09641644	0
1413.15	.01465533	.8878349	0	.0975098	0
1412.15	.01214188	.8892637	0	.09859442	0
1411.15	.009657747	.8906718	0	.09967046	0
1410.15	.007202392	.8920595	0	.1007381	0
1409.15	.004775286	.8934273	0	.1017975	0
1408.15	.002375913	.8947753	0	.1028487	0
1407.15	3.767205E-06	.8961042	0	.103892	0
1407.148	0	.8961063	0	.1038937	0
1407.148	0	.8961063	0	.1038937	0
1406.15	0	.8954821	0	.1045179	0
1405.15	0	.8948584	0	.1051416	0
1404.15	0	.8942362	0	.1057638	0
1403.15	0	.8936156	0	.1063845	0
1402.15	0	.8929964	0	.1070036	0
1401.15	0	.8923787	0	.1076213	0
1400.15	0	.8917626	0	.1082374	0
1399.15	0	.891148	0	.1088521	0
1398.15	0	.8905348	0	.1094652	0
1397.15	0	.8899231	0	.1100769	0
1396.15	0	.8893129	0	.1106871	0
1395.15	0	.8887042	0	.1112959	0
1394.15	0	.8880969	0	.1119031	0
1393.15	0	.8874911	0	.1125089	0
1392.15	0	.8868868	0	.1131133	0
1391.15	0	.8862839	0	.1137161	0
1390.15	0	.8856824	0	.1143176	0
1389.15	0	.8850824	0	.1149176	0
1388.15	0	.8844839	0	.1155161	0
1387.15	0	.8838868	0	.1161132	0
1386.15	0	.8832911	0	.1167089	0
1385.15	0	.8826968	0	.1173032	0
1384.15	0	.882104	0	.117896	0
1383.15	0	.8815125	0	.1184875	0
1382.15	0	.8809225	0	.1190775	0
1381.15	0	.8803339	0	.1196661	0
1380.15	0	.8797467	0	.1202533	0
1379.15	0	.8791609	0	.1208391	0
1378.15	0	.8785765	0	.1214235	0
1377.15	0	.8779935	0	.1220065	0
1376.15	0	.8774119	0	.1225881	0
1375.15	0	.8768316	0	.1231684	0
1374.15	0	.8762527	0	.1237473	0
1373.15	0	.8756752	0	.1243248	0
1372.15	0	.8750991	0	.1249009	0
1371.15	0	.8745243	0	.1254757	0
1370.15	0	.8739509	0	.1260491	0
1369.15	0	.8733788	0	.1266212	0
1368.15	0	.8728081	0	.1271919	0
1367.15	0	.8722388	0	.1277612	0
1366.15	0	.8716707	0	.1283293	0
1365.15	0	.8711041	0	.128896	0
1364.15	0	.8705387	0	.1294613	0
1363.15	0	.8699747	0	.1300253	0
1362.15	0	.869412	0	.130588	0
1361.15	0	.8688506	0	.1311494	0
1360.15	0	.8682905	0	.1317095	0
1359.15	0	.8677318	0	.1322682	0
1358.15	0	.8671743	0	.1328257	0
1357.15	0	.8666182	0	.1333818	0
1356.15	0	.8660634	0	.1339366	0
1355.15	0	.8655098	0	.1344902	0
1354.15	0	.8649576	0	.1350424	0
1353.15	0	.8644066	0	.1355934	0
1352.15	0	.8638569	0	.1361431	0
1351.15	0	.8633085	0	.1366915	0
1350.15	0	.8627614	0	.1372386	0
1349.15	0	.8622156	0	.1377845	0
1348.15	0	.861671	0	.138329	0
1347.15	0	.8611277	0	.1388724	0
1346.15	0	.8605856	0	.1394144	0
1345.15	0	.8600448	0	.1399552	0
1344.15	0	.8595052	0	.1404948	0
1343.15	0	.8589669	0	.1410331	0
1342.15	0	.8584299	0	.1415701	0
1341.15	0	.8578941	0	.1421059	0
1340.15	0	.8573595	0	.1426405	0
1339.15	0	.8568262	0	.1431739	0
1338.15	0	.856294	0	.143706	0
1337.15	0	.8557632	0	.1442368	0
1336.15	0	.8552335	0	.1447665	0
1335.15	0	.854705	0	.145295	0
1334.15	0	.8541778	0	.1458222	0
1333.15	0	.8536518	0	.1463482	0
1332.15	0	.853127	0	.146873	0
1331.15	0	.8526034	0	.1473966	0
1330.15	0	.852081	0	.147919	0
1329.15	0	.8515598	0	.1484402	0
1328.15	0	.8510397	0	.1489602	0
1327.15	0	.8505209	0	.1494791	0
1326.15	0	.8500033	0	.1499967	0
1325.15	0	.8494868	0	.1505132	0
1324.15	0	.8489716	0	.1510285	0
1323.15	0	.8484575	0	.1515426	0
1322.15	0	.8479445	0	.1520555	0
1321.15	0	.8474328	0	.1525672	0
1320.15	0	.8469222	0	.1530778	0
1319.15	0	.8464127	0	.1535873	0
1318.15	0	.8459044	0	.1540955	0
1317.15	0	.8453973	0	.1546027	0
1316.15	0	.8448914	0	.1551086	0
1315.15	0	.8443865	0	.1556135	0
1314.15	0	.8438829	0	.1561171	0
1313.15	0	.8433803	0	.1566197	0
1312.15	0	.8428789	0	.1571211	0
1311.15	0	.8423787	0	.1576213	0
1310.15	0	.8418796	0	.1581205	0
1309.15	0	.8413816	0	.1586184	0
1308.15	0	.8408847	0	.1591153	0
1307.15	0	.8403889	0	.1596111	0
1306.15	0	.8398943	0	.1601057	0
1305.15	0	.8394008	0	.1605992	0
1304.15	0	.8389084	0	.1610916	0
1303.15	0	.8384171	0	.1615829	0
1302.15	0	.8379269	0	.1620731	0
1301.15	0	.8374378	0	.1625622	0
1300.15	0	.8369498	0	.1630502	0
1299.15	0	.8364629	0	.1635371	0
1298.15	0	.8359771	0	.1640229	0
1297.15	0	.8354924	0	.1645076	0
1296.15	0	.8350088	0	.1649912	0
1295.15	0	.8345262	0	.1654738	0
1294.15	0	.8340448	0	.1659552	0
1293.15	0	.8335644	0	.1664356	0
1292.15	0	.8330851	0	.1669149	0
1291.15	0	.8326069	0	.1673932	0
1290.15	0	.8321297	0	.1678703	0
1289.15	0	.8316536	0	.1683464	0
1288.15	0	.8311785	0	.1688215	0
1287.15	0	.8307046	0	.1692954	0
1286.15	0	.8302316	0	.1697684	0
1285.15	0	.8297598	0	.1702402	0
1284.15	0	.829289	0	.170711	0
1283.15	0	.8288192	0	.1711808	0
1282.15	0	.8283505	0	.1716495	0
1281.15	0	.8278828	0	.1721172	0
1280.15	0	.8274162	0	.1725838	0
1279.15	0	.8269506	0	.1730494	0
1278.15	0	.826486	0	.173514	0
1277.15	0	.8260224	0	.1739776	0
1276.15	0	.8255599	0	.1744401	0
1275.15	0	.8250985	0	.1749016	0
1274.15	0	.824638	0	.175362	0
1273.15	0	.8241785	0	.1758215	0
1272.15	0	.8237201	0	.1762799	0
1271.15	0	.8232627	0	.1767373	0
1270.15	0	.8228063	0	.1771937	0
1269.15	0	.8223509	0	.1776491	0
1268.15	0	.8218965	0	.1781035	0
1267.15	0	.8214431	0	.1785569	0
1266.15	0	.8209907	0	.1790093	0
1265.15	0	.8205393	0	.1794607	0
1264.15	0	.8200889	0	.1799111	0
1263.15	0	.8196395	0	.1803605	0
1262.15	0	.8191911	0	.1808089	0
1261.15	0	.8187437	0	.1812563	0
1260.15	0	.8182973	0	.1817027	0
1259.15	0	.8178518	0	.1821482	0
1258.15	0	.8174073	0	.1825927	0
1257.15	0	.8169638	0	.1830362	0
1256.15	0	.8165213	0	.1834787	0
1255.15	0	.8160797	0	.1839203	0
1254.15	0	.8156391	0	.1843609	0
1253.15	0	.8151995	0	.1848005	0
1252.15	0	.8147609	0	.1852392	0
1251.15	0	.8143232	0	.1856769	0
1250.15	0	.8138864	0	.1861136	0
1249.15	0	.8134506	0	.1865494	0
1248.15	0	.8130158	0	.1869842	0
1247.15	0	.8125819	0	.1874181	0
1246.15	0	.812149	0	.187851	0
1245.15	0	.811717	0	.188283	0
1244.15	0	.8112859	0	.1887141	0
1243.15	0	.8108558	0	.1891442	0
1242.15	0	.8104267	0	.1895733	0
1241.15	0	.8099984	0	.1900016	0
1240.15	0	.8095712	0	.1904289	0
1239.15	0	.8091448	0	.1908552	0
1238.15	0	.8087194	0	.1912806	0
1237.15	0	.8082949	0	.1917051	0
1236.15	0	.8078713	0	.1921287	0
1235.15	0	.8074486	0	.1925514	0
1234.15	0	.8070269	0	.1929731	0
1233.15	0	.806606	0	.193394	0
1232.15	0	.8061861	0	.1938139	0
1231.15	0	.8057671	0	.1942329	0
1230.15	0	.8053491	0	.1946509	0
1229.15	0	.8049319	0	.1950681	0
1228.15	0	.8045156	0	.1954844	0
1227.15	0	.8041002	0	.1958998	0
1226.15	0	.8036858	0	.1963142	0
1225.15	0	.8032722	0	.1967278	0
1224.15	0	.8028595	0	.1971405	0
1223.15	0	.8024477	0	.1975523	0
1222.15	0	.8020369	0	.1979632	0
1221.15	0	.8016269	0	.1983731	0
1220.15	0	.8012178	0	.1987823	0
1219.15	0	.8008095	0	.1991905	0
1218.15	0	.8004022	0	.1995978	0
1217.15	0	.7999957	0	.2000043	0
1216.15	0	.7995901	0	.2004099	0
1215.15	0	.7991854	0	.2008146	0
1214.15	0	.7987816	0	.2012184	0
1213.15	0	.7983787	0	.2016213	0
1212.15	0	.7979766	0	.2020234	0
1211.15	0	.7975754	0	.2024246	0
1210.15	0	.797175	0	.202825	0
1209.15	0	.7967755	0	.2032245	0
1208.15	0	.7963769	0	.2036231	0
1207.15	0	.7959791	0	.2040209	0
1206.15	0	.7955822	0	.2044178	0
1205.15	0	.7951862	0	.2048138	0
1204.369	0	.7948774	0	.2051226	0
1204.369	0	.7948774	0	.2051226	0
1204.369	0	.7948774	0	.2051226	0
1204.15	0	.7945835	2.133665E-04	.2052031	0
1203.15	0	.793243	.001186583	.2055705	0
1202.15	0	.791906	.002157191	.2059368	0
1201.15	0	.7905726	.003125193	.2063022	0
1200.15	0	.7892428	.00409059	.2066666	0
1199.15	0	.7879166	.005053382	.20703	0
1198.15	0	.7865939	.006013571	.2073925	0
1197.15	0	.7852748	.006971157	.207754	0
1196.15	0	.7839593	.007926142	.2081145	0
1195.15	0	.7826473	.008878526	.2084741	0
1194.15	0	.7813389	.009828311	.2088328	0
1193.15	0	.7800341	.0107755	.2091904	0
1192.15	0	.7787328	.01172008	.2095472	0
1191.15	0	.777435	.01266207	.2099029	0
1190.15	0	.7761408	.01360146	.2102578	0
1189.15	0	.7748501	.01453826	.2106117	0
1188.15	0	.7735629	.01547246	.2109646	0
1187.15	0	.7722793	.01640406	.2113167	0
1186.15	0	.7709992	.01733307	.2116678	0
1185.15	0	.7697226	.01825949	.212018	0
1184.15	0	.7684495	.01918331	.2123672	0
1183.15	0	.7671799	.02010453	.2127155	0
1182.15	0	.7659139	.02102317	.213063	0
1181.15	0	.7646514	.0219392	.2134094	0
1180.15	0	.7633923	.02285265	.213755	0
1179.15	0	.7621368	.0237635	.2140997	0
1178.15	0	.7608848	.02467176	.2144435	0
1177.15	0	.7596363	.02557742	.2147863	0
1176.15	0	.7583912	.0264805	.2151283	0
1175.15	0	.7571497	.02738097	.2154694	0
1174.15	0	.7559116	.02827886	.2158095	0
1173.15	0	.7546771	.02917415	.2161488	0
1172.15	0	.753446	.03006685	.2164872	0
1171.15	0	.7522184	.03095695	.2168247	0
1170.15	0	.7509943	.03184446	.2171613	0
1169.15	0	.7497736	.03272937	.217497	0
1168.15	0	.7485564	.03361169	.2178319	0
1167.15	0	.7473427	.03449141	.2181659	0
1166.15	0	.7461325	.03536854	.2184989	0
1165.15	0	.7449258	.03624307	.2188312	0
1164.15	0	.7437225	.037115	.2191625	0
1163.15	0	.7425226	.03798433	.219493	0
1162.15	0	.7413263	.03885107	.2198227	0
1161.15	0	.7401334	.0397152	.2201514	0
1160.15	0	.7389439	.04057674	.2204793	0
1159.15	0	.7377579	.04143567	.2208064	0
1158.15	0	.7365754	.042292	.2211326	0
1157.15	0	.7353963	.04314573	.221458	0
1156.15	0	.7342207	.04399686	.2217824	0
1155.15	0	.7330485	.04484538	.2221061	0
1154.15	0	.7318798	.04569132	.2224289	0
1153.15	0	.7307145	.04653463	.2227509	0
1152.15	0	.7295526	.04737533	.223072	0
1151.15	0	.7283943	.04821342	.2233923	0
1150.15	0	.7272393	.0490489	.2237118	0
1149.15	0	.7260878	.04988176	.2240304	0
1148.15	0	.7249398	.05071202	.2243482	0
1147.15	0	.7237952	.05153966	.2246652	0
1146.15	0	.722654	.05236468	.2249814	0
1145.15	0	.7215162	.05318708	.2252967	0
1144.15	0	.720382	.05400687	.2256112	0
1143.15	0	.7192511	.05482404	.2259249	0
1142.15	0	.7181237	.05563858	.2262377	0
1141.15	0	.7169997	.0564505	.2265498	0
1140.15	0	.7158792	.0572598	.2268611	0
1139.15	0	.7147621	.05806647	.2271715	0
1138.15	0	.7136484	.05887051	.2274811	0
1137.15	0	.7125381	.05967192	.22779	0
1136.15	0	.7114313	.06047069	.228098	0
1135.15	0	.710328	.06126683	.2284052	0
1134.15	0	.709228	.06206034	.2287116	0
1133.15	0	.7081316	.0628512	.2290173	0
1132.15	0	.7070385	.06363943	.2293221	0
1131.15	0	.7059489	.06442501	.2296261	0
1130.15	0	.7048627	.06520795	.2299294	0
1129.15	0	.7037799	.06598824	.2302319	0
1128.15	0	.7027006	.06676588	.2305335	0
1127.15	0	.7016247	.06754086	.2308344	0
1126.15	0	.7005523	.0683132	.2311345	0
1125.15	0	.6994833	.06908288	.2314339	0
1124.15	0	.6984177	.0698499	.2317324	0
1123.15	0	.6973555	.07061426	.2320302	0
1122.15	0	.6962968	.07137595	.2323272	0
1121.15	0	.6952416	.07213498	.2326234	0
1120.15	0	.6941898	.07289134	.2329189	0
1119.15	0	.6931414	.07364502	.2332136	0
1118.15	0	.6920965	.07439604	.2335075	0
1117.15	0	.691055	.07514437	.2338007	0
1116.15	0	.6900169	.07589003	.2340931	0
1115.15	0	.6889823	.076633	.2343847	0
1114.15	0	.6879511	.07737329	.2346756	0
1113.15	0	.6869234	.07811089	.2349657	0
1112.15	0	.6858992	.07884579	.2352551	0
1111.15	0	.6848783	.07957801	.2355437	0
1110.15	0	.683861	.08030752	.2358315	0
1109.15	0	.6828471	.08103434	.2361186	0
1108.15	0	.6818366	.08175845	.236405	0
1107.15	0	.6808296	.08247985	.2366906	0
1106.15	0	.679826	.08319854	.2369754	0
1105.15	0	.678826	.08391453	.2372595	0
1104.15	0	.6778293	.08462779	.2375429	0
1103.15	0	.6768361	.08533833	.2378255	0
1102.15	0	.6758464	.08604615	.2381074	0
1101.15	0	.6748602	.08675125	.2383886	0
1100.15	0	.6738774	.08745361	.238669	0
1099.15	0	.6728981	.08815324	.2389486	0
1098.15	0	.6719223	.08885013	.2392276	0
1097.15	0	.6709499	.08954428	.2395058	0
1096.15	0	.669981	.09023569	.2397833	0
1095.15	0	.6690156	.09092435	.24006	0
1094.15	0	.6680537	.09161026	.240336	0
1093.15	0	.6670953	.09229341	.2406113	0
1092.15	0	.6661403	.0929738	.2408859	0
1091.15	0	.6651888	.09365143	.2411597	0
1090.15	0	.6642409	.09432629	.2414329	0
1089.15	0	.6632964	.09499838	.2417053	0
1088.15	0	.6623554	.0956677	.2419769	0
1087.15	0	.6614179	.09633424	.2422479	0
1086.15	0	.6604839	.09699799	.2425181	0
1085.15	0	.6595534	.09765896	.2427876	0
1084.15	0	.6586264	.09831714	.2430565	0
1083.15	0	.6577029	.09897252	.2433245	0
1082.15	0	.656783	.0996251	.2435919	0
1081.15	0	.6558665	.1002749	.2438586	0
1080.15	0	.6549536	.1009219	.2441245	0
1079.15	0	.6540442	.101566	.2443898	0
1078.15	0	.6531383	.1022074	.2446543	0
1077.15	0	.652236	.1028459	.2449182	0
1076.15	0	.6513371	.1034816	.2451813	0
1075.15	0	.6504418	.1041145	.2454437	0
1074.15	0	.6495501	.1047445	.2457054	0
1073.15	0	.6486619	.1053717	.2459664	0
1072.15	0	.6477772	.1059961	.2462267	0
1071.15	0	.6468961	.1066176	.2464863	0
1070.15	0	.6460185	.1072363	.2467452	0
1069.15	0	.6451445	.1078521	.2470035	0
1068.15	0	.6442741	.108465	.247261	0
1067.15	0	.6434072	.1090751	.2475178	0
1066.15	0	.6425438	.1096823	.2477739	0
1065.15	0	.6416841	.1102866	.2480293	0
1064.15	0	.6408279	.1108881	.248284	0
1063.15	0	.6399753	.1114867	.248538	0
1062.15	0	.6391263	.1120824	.2487913	0
1061.15	0	.6382808	.1126752	.249044	0
1060.15	0	.637439	.1132651	.2492959	0
1059.15	0	.6366007	.1138521	.2495472	0
1058.15	0	.6357661	.1144362	.2497977	0
1057.15	0	.634935	.1150174	.2500476	0
1056.15	0	.6341076	.1155956	.2502968	0
1055.15	0	.6332838	.116171	.2505453	0
1054.15	0	.6324635	.1167434	.2507931	0
1053.15	0	.6316469	.1173129	.2510402	0
1052.15	0	.630834	.1178794	.2512866	0
1051.15	0	.6300246	.1184431	.2515323	0
1050.15	0	.6292189	.1190038	.2517774	0
1049.15	0	.6284168	.1195615	.2520217	0
1048.15	0	.6276184	.1201162	.2522654	0
1047.15	0	.6268236	.1206681	.2525084	0
1046.15	0	.6260324	.1212169	.2527507	0
1045.15	0	.625245	.1217628	.2529923	0
1044.15	0	.6244611	.1223057	.2532332	0
1043.15	0	.623681	.1228456	.2534734	0
1042.15	0	.6229045	.1233826	.253713	0
1041.15	0	.6221316	.1239165	.2539519	0
1040.15	0	.6213625	.1244475	.2541901	0
1039.15	0	.620597	.1249754	.2544276	0
1038.15	0	.6198352	.1255004	.2546644	0
1037.15	0	.6190771	.1260224	.2549005	0
1036.15	0	.6183228	.1265413	.255136	0
1035.15	0	.6175721	.1270572	.2553707	0
1034.15	0	.6168251	.1275701	.2556048	0
1033.15	0	.6160818	.12808	.2558382	0
1032.15	0	.6153422	.1285869	.2560709	0
1031.15	0	.6146064	.1290907	.2563029	0
1030.15	0	.6138743	.1295914	.2565343	0
1029.15	0	.6131459	.1300892	.2567649	0
1028.15	0	.6124213	.1305838	.2569949	0
1027.15	0	.6117003	.1310755	.2572242	0
1026.15	0	.6109832	.131564	.2574528	0
1025.15	0	.6102698	.1320495	.2576807	0
1024.15	0	.6095601	.132532	.2579079	0
1023.15	0	.6088542	.1330113	.2581345	0
1022.15	0	.608152	.1334876	.2583603	0
1021.15	0	.6074537	.1339608	.2585855	0
1020.15	0	.6067591	.134431	.25881	0
1019.15	0	.6060682	.134898	.2590338	0
1018.15	0	.6053812	.1353619	.2592569	0
1017.15	0	.6046979	.1358228	.2594793	0
1016.15	0	.6040185	.1362805	.259701	0
1015.15	0	.6033428	.1367351	.259922	0
1014.15	0	.602671	.1371867	.2601424	0
1013.15	0	.6020029	.1376351	.260362	0
1012.15	0	.6013386	.1380804	.260581	0
1011.15	0	.6006782	.1385226	.2607992	0
1010.15	0	.6000216	.1389616	.2610168	0
1009.15	0	.5993688	.1393975	.2612337	0
1008.15	0	.5987198	.1398303	.2614498	0
1007.15	0	.5980747	.14026	.2616653	0
1006.15	0	.5974334	.1406865	.2618801	0
1005.15	0	.596796	.1411099	.2620941	0
1004.15	0	.5961623	.1415301	.2623075	0
1003.15	0	.5955326	.1419472	.2625202	0
1002.15	0	.5949067	.1423612	.2627322	0
1001.15	0	.5942846	.142772	.2629434	0
1000.15	0	.5936664	.1431796	.263154	0
999.15	0	.5930521	.1435841	.2633638	0
998.15	0	.5924417	.1439854	.263573	0
997.15	0	.5918351	.1443835	.2637814	0
996.15	0	.5912324	.1447785	.2639891	0
995.15	0	.5906336	.1451704	.2641961	0
994.15	0	.5900386	.145559	.2644024	0
993.15	0	.5894476	.1459445	.2646079	0
992.15	0	.5888604	.1463268	.2648128	0
991.15	0	.5882771	.146706	.2650169	0
990.15	0	.5876978	.1470819	.2652203	0
989.15	0	.5871223	.1474547	.265423	0
988.15	0	.5865507	.1478244	.2656249	0
987.15	0	.585983	.1481908	.2658261	0
986.15	0	.5854193	.1485541	.2660266	0
985.15	0	.5848594	.1489142	.2662264	0
984.15	0	.5843035	.1492711	.2664254	0
983.15	0	.5837515	.1496249	.2666237	0
982.15	0	.5832033	.1499754	.2668212	0
981.15	0	.5826591	.1503228	.267018	0
980.15	0	.5821189	.150667	.2672141	0
979.15	0	.5815825	.1510081	.2674094	0
978.15	0	.5810501	.151346	.2676039	0
977.15	0	.5805216	.1516807	.2677978	0
976.15	0	.579997	.1520122	.2679908	0
975.15	0	.5794763	.1523406	.2681831	0
974.15	0	.5789596	.1526658	.2683746	0
973.15	0	.5784468	.1529879	.2685654	0
972.15	0	.5779379	.1533068	.2687554	0
971.15	0	.5774329	.1536225	.2689446	0
970.15	0	.5769318	.1539351	.2691331	0
969.15	0	.5764347	.1542445	.2693207	0
968.15	0	.5759415	.1545509	.2695076	0
967.15	0	.5754522	.154854	.2696937	0
966.15	0	.5749669	.1551541	.2698791	0
965.15	0	.5744854	.155451	.2700636	0
964.15	0	.5740079	.1557448	.2702473	0
963.15	0	.5735343	.1560355	.2704303	0
962.15	0	.5730646	.156323	.2706124	0
961.15	0	.5725988	.1566075	.2707937	0
960.15	0	.5721369	.1568889	.2709742	0
959.15	0	.5716789	.1571672	.2711539	0
958.15	0	.5712248	.1574424	.2713328	0
957.15	0	.5707745	.1577146	.2715109	0
956.15	0	.5703282	.1579837	.2716881	0
955.15	0	.5698857	.1582498	.2718645	0
954.15	0	.5694472	.1585128	.27204	0
953.15	0	.5690125	.1587728	.2722148	0
952.15	0	.5685816	.1590298	.2723886	0
951.15	0	.5681546	.1592838	.2725616	0
950.15	0	.5677315	.1595348	.2727338	0
949.15	0	.5673122	.1597828	.2729051	0
948.15	0	.5668967	.1600278	.2730755	0
947.15	0	.566485	.1602699	.273245	0
946.15	0	.5660772	.1605091	.2734137	0
945.15	0	.5656731	.1607454	.2735815	0
944.15	0	.5652729	.1609788	.2737484	0
943.15	0	.5648764	.1612092	.2739144	0
942.15	0	.5644837	.1614369	.2740795	0
941.15	0	.5640947	.1616617	.2742436	0
940.15	0	.5637095	.1618836	.2744069	0
939.15	0	.563328	.1621027	.2745692	0
938.15	0	.5629503	.1623191	.2747306	0
937.15	0	.5625762	.1625327	.2748911	0
936.15	0	.5622058	.1627436	.2750506	0
935.15	0	.5618391	.1629517	.2752092	0
934.15	0	.561476	.1631572	.2753668	0
933.15	0	.5611166	.16336	.2755234	0
932.15	0	.5607607	.1635602	.2756791	0
931.15	0	.5604085	.1637577	.2758338	0
930.15	0	.5600598	.1639527	.2759875	0
929.15	0	.5597147	.1641451	.2761402	0
928.15	0	.5593731	.164335	.2762919	0
927.15	0	.559035	.1645224	.2764425	0
926.15	0	.5587004	.1647074	.2765922	0
925.15	0	.5583693	.1648899	.2767408	0
924.15	0	.5580416	.1650701	.2768884	0
923.15	0	.5577173	.1652479	.2770349	0
922.15	0	.5573963	.1654234	.2771803	0
921.15	0	.5570787	.1655966	.2773247	0
920.15	0	.5567644	.1657676	.277468	0
919.15	0	.5564534	.1659364	.2776102	0
918.15	0	.5561457	.1661031	.2777513	0
917.15	0	.5558411	.1662676	.2778912	0
916.15	0	.5555398	.1664301	.2780301	0
915.15	0	.5552416	.1665907	.2781678	0
914.15	0	.5549464	.1667492	.2783043	0
913.15	0	.5546544	.1669059	.2784397	0
912.15	0	.5543654	.1670607	.278574	0
911.15	0	.5540793	.1672137	.278707	0
910.15	0	.5537962	.167365	.2788388	0
909.15	0	.553516	.1675146	.2789694	0
908.15	0	.5532386	.1676626	.2790988	0
907.15	0	.552964	.167809	.279227	0
906.15	0	.5526922	.167954	.2793539	0
905.15	0	.552423	.1680975	.2794795	0
904.15	0	.5521565	.1682397	.2796038	0
903.15	0	.5518926	.1683807	.2797268	0
902.15	0	.5516311	.1685204	.2798485	0
901.15	0	.5513722	.168659	.2799689	0
900.15	0	.5511156	.1687965	.2800879	0
899.15	0	.5508614	.1689331	.2802055	0
898.15	0	.5506094	.1690688	.2803218	0
897.15	0	.5503596	.1692038	.2804366	0
896.15	0	.5501119	.169338	.28055	0
895.15	0	.5498663	.1694717	.280662	0
894.15	0	.5496227	.1696048	.2807725	0
893.15	0	.5493809	.1697376	.2808816	0
892.15	0	.5491409	.16987	.2809891	0
891.15	0	.5489027	.1700023	.281095	0
890.15	0	.5486661	.1701345	.2811995	0
889.15	0	.548431	.1702667	.2813023	0
888.15	0	.5481973	.1703991	.2814036	0
887.15	0	.547965	.1705318	.2815032	0
886.15	0	.547734	.1706649	.2816012	0
885.15	0	.547504	.1707986	.2816974	0
884.15	0	.5472751	.1709329	.281792	0
883.15	0	.547047	.1710681	.2818849	0
882.15	0	.5468197	.1712043	.2819759	0
881.15	0	.5465931	.1713417	.2820652	0
880.15	0	.5463671	.1714803	.2821526	0
879.15	0	.5461413	.1716204	.2822382	0
878.15	0	.5459159	.1717622	.2823219	0
877.15	0	.5456905	.1719058	.2824037	0
876.15	0	.5454651	.1720515	.2824834	0
875.15	0	.5452395	.1721994	.2825612	0
874.15	0	.5450134	.1723497	.2826369	0
873.15	0	.5447869	.1725027	.2827105	0
872.15	0	.5445596	.1726585	.282782	0
871.15	0	.5443313	.1728175	.2828512	0
870.15	0	.544102	.1729798	.2829183	0
869.15	0	.5438713	.1731457	.282983	0
868.15	0	.543639	.1733156	.2830454	0
867.15	0	.543405	.1734896	.2831054	0
866.15	0	.543169	.1736681	.283163	0
865.15	0	.5429307	.1738513	.283218	0
864.15	0	.5426898	.1740397	.2832705	0
863.15	0	.5424461	.1742336	.2833202	0
862.15	0	.5421994	.1744333	.2833673	0
861.15	0	.5419492	.1746393	.2834115	0
860.15	0	.5416953	.1748519	.2834529	0
859.15	0	.5414372	.1750715	.2834913	0
858.15	0	.5411747	.1752987	.2835266	0
857.15	0	.5409074	.1755339	.2835587	0
856.15	0	.5406347	.1757777	.2835876	0
855.15	0	.5403563	.1760306	.283613	0
854.15	0	.5400718	.1762932	.283635	0
853.15	0	.5394952	.1768925	.2836123	0
852.15	0	.5388706	.1775514	.283578	0
851.15	0	.5382847	.1781706	.2835447	0
850.15	0	.5377351	.1787526	.2835123	0
849.15	0	.5372197	.1792995	.2834808	0
848.15	0	.5367365	.1798136	.2834499	0
847.15	0	.5362835	.1802967	.2834198	0
846.15	0	.5358591	.1807507	.2833902	0
845.15	0	.5354616	.1811772	.2833612	0
844.15	0	.5350895	.1815777	.2833327	0
843.15	0	.5347414	.1819539	.2833047	0
842.15	0	.534416	.182307	.283277	0
841.15	0	.5341119	.1826384	.2832497	0
840.15	0	.533828	.1829493	.2832228	0
839.15	0	.5335632	.1832408	.2831961	0
838.15	0	.5333164	.1835139	.2831696	0
837.15	0	.5330867	.1837698	.2831434	0
836.15	0	.5328732	.1840094	.2831174	0
835.15	0	.5326749	.1842335	.2830916	0
834.15	0	.532491	.1844431	.2830659	0
833.15	0	.5323208	.1846389	.2830403	0
832.15	0	.5321634	.1848217	.2830149	0
831.15	0	.5320183	.1849922	.2829895	0
830.15	0	.5318847	.185151	.2829642	0
829.15	0	.5317621	.185299	.282939	0
828.15	0	.5316498	.1854365	.2829138	0
827.15	0	.5315472	.1855642	.2828886	0
826.15	0	.5314538	.1856828	.2828634	0
825.15	0	.5313692	.1857925	.2828383	0
824.15	0	.5312928	.1858941	.2828131	0
823.15	0	.5312242	.1859879	.2827879	0
822.15	0	.5311629	.1860744	.2827628	0
821.15	0	.5311086	.1861539	.2827375	0
820.15	0	.5310608	.186227	.2827123	0
819.15	0	.5310192	.1862939	.2826869	0
818.15	0	.5309834	.186355	.2826616	0
817.15	0	.5309531	.1864108	.2826362	0
816.15	0	.5309279	.1864614	.2826107	0
815.15	0	.5309076	.1865072	.2825852	0
814.15	0	.530892	.1865485	.2825596	0
813.15	0	.5308806	.1865855	.2825339	0
812.15	0	.5308732	.1866186	.2825081	0
811.15	0	.5308697	.186648	.2824823	0
810.15	0	.5308697	.1866739	.2824564	0
809.15	0	.5308731	.1866965	.2824304	0
808.15	0	.5308796	.1867161	.2824043	0
807.15	0	.530889	.1867328	.2823781	0
806.15	0	.5309012	.1867469	.2823519	0
805.15	0	.5309159	.1867585	.2823255	0
804.15	0	.530933	.1867679	.2822991	0
803.15	0	.5309524	.1867751	.2822726	0
802.15	0	.5309738	.1867803	.282246	0
801.15	0	.5309971	.1867837	.2822192	0
800.15	0	.5310221	.1867854	.2821924	0
799.15	0	.5310489	.1867856	.2821655	0
798.15	0	.5310771	.1867844	.2821385	0
797.15	0	.5311067	.1867818	.2821114	0
796.15	0	.5311377	.1867781	.2820842	0
795.15	0	.5311697	.1867733	.2820569	0
794.15	0	.5312029	.1867676	.2820296	0
793.15	0	.531237	.1867609	.2820021	0
792.15	0	.531272	.1867535	.2819745	0
791.15	0	.5313078	.1867454	.2819468	0
790.15	0	.5313443	.1867366	.2819191	0
789.15	0	.5313814	.1867274	.2818912	0
788.15	0	.5314191	.1867176	.2818632	0
787.15	0	.5314573	.1867075	.2818352	0
786.15	0	.5314959	.1866971	.281807	0
785.15	0	.5315348	.1866864	.2817788	0
784.15	0	.531574	.1866755	.2817505	0
783.15	0	.5316135	.1866645	.2817221	0
782.15	0	.5316531	.1866534	.2816935	0
781.15	0	.5316929	.1866422	.2816649	0
780.15	0	.5317327	.186631	.2816362	0
779.15	0	.5317726	.1866199	.2816074	0
778.15	0	.5318125	.1866089	.2815786	0
777.15	0	.5318524	.1865981	.2815496	0
776.15	0	.5318921	.1865874	.2815205	0
775.15	0	.5319317	.1865769	.2814914	0
774.15	0	.5319712	.1865666	.2814622	0
773.15	0	.5320105	.1865566	.2814328	0
772.15	0	.5320496	.186547	.2814034	0
771.15	0	.5320884	.1865376	.2813739	0
770.15	0	.532127	.1865286	.2813444	0
769.15	0	.5321653	.18652	.2813147	0
768.15	0	.5322032	.1865118	.281285	0
767.15	0	.5322408	.186504	.2812551	0
766.15	0	.5322781	.1864967	.2812252	0
765.15	0	.532315	.1864898	.2811952	0
764.15	0	.5323514	.1864834	.2811652	0
763.15	0	.5323875	.1864775	.281135	0
762.15	0	.5324231	.1864721	.2811048	0
761.15	0	.5324583	.1864672	.2810745	0
760.15	0	.5324931	.1864629	.2810441	0
759.15	0	.5325273	.1864591	.2810136	0
758.15	0	.5325611	.1864558	.2809831	0
757.15	0	.5325944	.1864531	.2809524	0
756.15	0	.5326272	.186451	.2809217	0
755.15	0	.5326595	.1864495	.280891	0
754.15	0	.5326913	.1864486	.2808601	0
753.15	0	.5327226	.1864482	.2808292	0
752.15	0	.5327533	.1864485	.2807982	0
751.15	0	.5327835	.1864494	.2807671	0
750.15	0	.5328131	.1864509	.280736	0
749.15	0	.5328422	.186453	.2807048	0
748.15	0	.5328708	.1864557	.2806735	0
747.15	0	.5328988	.1864591	.2806422	0
746.15	0	.5329262	.1864631	.2806108	0
745.15	0	.5329531	.1864677	.2805793	0
744.15	0	.5329794	.1864729	.2805477	0
743.15	0	.5330051	.1864788	.2805161	0
742.15	0	.5330303	.1864853	.2804844	0
741.15	0	.533055	.1864924	.2804526	0
740.15	0	.533079	.1865002	.2804208	0
739.15	0	.5331025	.1865086	.2803889	0
738.15	0	.5331254	.1865176	.280357	0
737.15	0	.5331477	.1865273	.280325	0
736.15	0	.5331695	.1865376	.2802929	0
735.15	0	.5331907	.1865485	.2802608	0
734.15	0	.5332114	.18656	.2802286	0
733.15	0	.5332315	.1865722	.2801963	0
732.15	0	.533251	.186585	.280164	0
731.15	0	.53327	.1865984	.2801316	0
730.15	0	.5332884	.1866124	.2800992	0
729.15	0	.5333062	.1866271	.2800667	0
728.15	0	.5333253	.186641	.2800337	0
727.15	0	.5333419	.186657	.2800011	0
726.15	0	.533358	.1866736	.2799685	0
725.15	0	.5333735	.1866907	.2799358	0
724.15	0	.5333885	.1867085	.279903	0
723.15	0	.5334029	.1867268	.2798703	0
722.15	0	.5334168	.1867458	.2798374	0
721.15	0	.5334302	.1867653	.2798045	0
720.15	0	.5334431	.1867854	.2797715	0
719.15	0	.5334554	.1868061	.2797385	0
718.15	0	.5334673	.1868273	.2797054	0
717.15	0	.5334786	.1868491	.2796723	0
716.15	0	.5334894	.1868715	.2796392	0
715.15	0	.5334996	.1868944	.279606	0
714.15	0	.5335094	.1869179	.2795727	0
713.15	0	.5335187	.1869419	.2795394	0
712.15	0	.5335275	.1869665	.279506	0
711.15	0	.5335358	.1869916	.2794726	0
710.15	0	.5335436	.1870173	.2794391	0
709.15	0	.5335509	.1870434	.2794056	0
708.15	0	.5335578	.1870702	.2793721	0
707.15	0	.5335641	.1870974	.2793385	0
706.15	0	.53357	.1871252	.2793048	0
705.15	0	.5335754	.1871534	.2792712	0
704.15	0	.5335804	.1871822	.2792374	0
703.15	0	.5335849	.1872115	.2792037	0
702.15	0	.5335889	.1872413	.2791699	0
701.15	0	.5335925	.1872715	.279136	0
700.15	0	.5335956	.1873023	.2791021	0
699.15	0	.5335983	.1873336	.2790682	0
698.15	0	.5336005	.1873653	.2790342	0
697.15	0	.5336023	.1873975	.2790002	0
696.15	0	.5336036	.1874302	.2789662	0
695.15	0	.5336046	.1874633	.2789321	0
694.15	0	.5336051	.1874969	.278898	0
693.15	0	.5336052	.187531	.2788639	0
692.15	0	.5336048	.1875655	.2788297	0
691.15	0	.5336041	.1876004	.2787955	0
690.15	0	.5336029	.1876358	.2787612	0
689.15	0	.5336014	.1876717	.2787269	0
688.15	0	.5335994	.187708	.2786926	0
687.15	0	.5335971	.1877447	.2786583	0
686.15	0	.5335943	.1877818	.2786239	0
685.15	0	.5335912	.1878193	.2785895	0
684.15	0	.5335877	.1878573	.2785551	0
683.15	0	.5335838	.1878956	.2785206	0
682.15	0	.5335795	.1879344	.2784861	0
681.15	0	.5335749	.1879735	.2784516	0
680.15	0	.5335698	.1880131	.2784171	0
679.15	0	.5335645	.188053	.2783825	0
678.15	0	.5335587	.1880934	.2783479	0
677.15	0	.5335526	.1881341	.2783133	0
676.15	0	.5335462	.1881752	.2782787	0
675.15	0	.5335394	.1882166	.278244	0
674.15	0	.5335323	.1882584	.2782093	0
673.15	0	.5335248	.1883006	.2781746	0
672.15	0	.533517	.1883432	.2781399	0
671.15	0	.5335088	.188386	.2781051	0
670.15	0	.5335003	.1884293	.2780704	0
669.15	0	.5334915	.1884729	.2780356	0
668.15	0	.5334824	.1885168	.2780008	0
667.15	0	.533473	.1885611	.277966	0
666.15	0	.5334632	.1886057	.2779311	0
665.15	0	.5334532	.1886506	.2778963	0
664.15	0	.5334428	.1886958	.2778614	0
663.15	0	.5334321	.1887414	.2778265	0
662.15	0	.5334212	.1887872	.2777916	0
661.15	0	.5334099	.1888334	.2777567	0
660.15	0	.5333984	.1888799	.2777218	0
659.15	0	.5333865	.1889267	.2776868	0
658.15	0	.5333744	.1889737	.2776519	0
657.15	0	.533362	.1890211	.2776169	0
656.15	0	.5333493	.1890688	.2775819	0
655.15	0	.5333364	.1891167	.2775469	0
654.15	0	.5333231	.1891649	.2775119	0
653.15	0	.5333096	.1892134	.2774769	0
652.15	0	.5332959	.1892622	.2774419	0
651.15	0	.5332819	.1893112	.2774069	0
650.15	0	.5332676	.1893605	.2773719	0
649.15	0	.5332531	.1894101	.2773368	0
648.15	0	.5332383	.1894599	.2773018	0
647.15	0	.5332233	.18951	.2772668	0
646.15	0	.533208	.1895603	.2772317	0
645.15	0	.5331925	.1896108	.2771966	0
644.15	0	.5331768	.1896617	.2771616	0
643.15	0	.5331608	.1897127	.2771265	0
642.15	0	.5331446	.189764	.2770915	0
641.15	0	.5331282	.1898154	.2770564	0
640.15	0	.5331115	.1898672	.2770213	0
639.15	0	.5330946	.1899191	.2769863	0
638.15	0	.5330775	.1899713	.2769512	0
637.15	0	.5330602	.1900237	.2769162	0
636.15	0	.5330426	.1900763	.2768811	0
635.15	0	.5330249	.1901291	.276846	0
634.15	0	.533007	.1901821	.276811	0
633.15	0	.5329888	.1902353	.2767759	0
632.15	0	.5329705	.1902887	.2767409	0
631.15	0	.5329519	.1903423	.2767058	0
630.15	0	.5329332	.190396	.2766708	0
629.15	0	.5329142	.19045	.2766358	0
628.15	0	.5328951	.1905042	.2766007	0
627.15	0	.5328758	.1905585	.2765657	0
626.15	0	.5328563	.190613	.2765307	0
625.15	0	.5328366	.1906677	.2764957	0
624.15	0	.5328167	.1907225	.2764607	0
623.15	0	.5327967	.1907775	.2764258	0
622.15	0	.5327765	.1908327	.2763908	0
621.15	0	.5327561	.1908881	.2763558	0
620.15	0	.5327356	.1909436	.2763209	0
619.15	0	.5327148	.1909992	.2762859	0
618.15	0	.532694	.191055	.276251	0
617.15	0	.5326729	.191111	.2762161	0
616.15	0	.5326517	.1911671	.2761812	0
615.15	0	.5326304	.1912233	.2761463	0
614.15	0	.5326089	.1912797	.2761115	0
613.15	0	.5325872	.1913362	.2760766	0
612.15	0	.5325654	.1913928	.2760418	0
611.15	0	.5325434	.1914496	.276007	0
610.15	0	.5325213	.1915065	.2759722	0
609.15	0	.5324991	.1915635	.2759374	0
608.15	0	.5324767	.1916207	.2759026	0
607.15	0	.5324542	.1916779	.2758679	0
606.15	0	.5324315	.1917353	.2758332	0
605.15	0	.5324087	.1917928	.2757985	0
604.15	0	.5323858	.1918504	.2757638	0
603.15	0	.5323628	.1919081	.2757292	0
602.15	0	.5323396	.1919659	.2756945	0
601.15	0	.5323163	.1920238	.2756599	0
600.15	0	.5322929	.1920818	.2756253	0
599.15	0	.5322694	.1921399	.2755908	0
598.15	0	.5322457	.192198	.2755562	0
597.15	0	.532222	.1922563	.2755217	0
596.15	0	.5321981	.1923147	.2754872	0
595.15	0	.5321741	.1923731	.2754528	0
594.15	0	.53215	.1924317	.2754183	0
593.15	0	.5321258	.1924903	.2753839	0
592.15	0	.5321015	.1925489	.2753496	0
591.15	0	.5320771	.1926077	.2753152	0
590.15	0	.5320525	.1926665	.2752809	0
589.15	0	.5320279	.1927254	.2752466	0
588.15	0	.5320032	.1927844	.2752124	0
587.15	0	.5319784	.1928434	.2751782	0
586.15	0	.5319535	.1929025	.275144	0
585.15	0	.5319285	.1929617	.2751098	0
584.15	0	.5319034	.1930209	.2750757	0
583.15	0	.5318783	.1930801	.2750416	0
582.15	0	.531853	.1931394	.2750076	0
581.15	0	.5318277	.1931988	.2749736	0
580.15	0	.5318022	.1932582	.2749396	0
579.15	0	.5317767	.1933176	.2749056	0
578.15	0	.5317512	.1933771	.2748717	0
577.15	0	.5317255	.1934366	.2748379	0
576.15	0	.5316998	.1934962	.274804	0
575.15	0	.5316739	.1935558	.2747702	0
574.15	0	.5316481	.1936155	.2747365	0
573.15	0	.5316221	.1936751	.2747028	0
572.15	0	.5315961	.1937348	.2746691	0
571.15	0	.53157	.1937945	.2746355	0
570.15	0	.5315439	.1938543	.2746019	0
569.15	0	.5315177	.193914	.2745683	0
568.15	0	.5314914	.1939738	.2745348	0
567.15	0	.531465	.1940336	.2745014	0
566.15	0	.5314387	.1940934	.274468	0
565.15	0	.5314122	.1941532	.2744346	0
564.15	0	.5313857	.194213	.2744013	0
563.15	0	.5313591	.1942729	.274368	0
562.15	0	.5313325	.1943327	.2743347	0
561.15	0	.5313059	.1943926	.2743016	0
560.15	0	.5312792	.1944524	.2742684	0
559.15	0	.5312524	.1945123	.2742353	0
558.15	0	.5312256	.1945721	.2742023	0
557.15	0	.5311987	.194632	.2741693	0
556.15	0	.5311718	.1946918	.2741363	0
555.15	0	.5311449	.1947516	.2741035	0
554.15	0	.5311179	.1948115	.2740706	0
553.15	0	.5310909	.1948713	.2740378	0
552.15	0	.5310638	.1949311	.2740051	0
551.15	0	.5310367	.1949909	.2739724	0
550.15	0	.5310096	.1950506	.2739398	0
549.15	0	.5309825	.1951103	.2739072	0
548.15	0	.5309553	.1951701	.2738747	0
547.15	0	.530928	.1952298	.2738422	0
546.15	0	.5309008	.1952894	.2738098	0
545.15	0	.5308735	.1953491	.2737775	0
544.15	0	.5308462	.1954087	.2737452	0
543.15	0	.5308189	.1954682	.2737129	0
542.15	0	.5307915	.1955278	.2736807	0
541.15	0	.5307641	.1955873	.2736486	0
540.15	0	.5307367	.1956468	.2736165	0
539.15	0	.5307093	.1957062	.2735845	0
538.15	0	.5306818	.1957656	.2735526	0
537.15	0	.5306544	.1958249	.2735207	0
536.15	0	.5306269	.1958843	.2734889	0
535.15	0	.5305994	.1959435	.2734571	0
534.15	0	.5305719	.1960027	.2734254	0
533.15	0	.5305443	.1960619	.2733938	0
532.15	0	.5305168	.196121	.2733622	0
531.15	0	.5304893	.1961801	.2733307	0
530.15	0	.5304617	.1962391	.2732992	0
529.15	0	.5304341	.196298	.2732679	0
528.15	0	.5304066	.1963569	.2732365	0
527.15	0	.530379	.1964157	.2732053	0
526.15	0	.5303514	.1964745	.2731741	0
525.15	0	.5303238	.1965332	.273143	0
524.15	0	.5302962	.1965919	.273112	0
523.15	0	.5302686	.1966504	.273081	0
522.15	0	.530241	.1967089	.2730501	0
521.15	0	.5302134	.1967674	.2730192	0
520.15	0	.5301858	.1968258	.2729884	0
519.15	0	.5301582	.1968841	.2729577	0
518.15	0	.5301306	.1969423	.2729271	0
517.15	0	.530103	.1970004	.2728966	0
516.15	0	.5300755	.1970585	.2728661	0
515.15	0	.5300479	.1971165	.2728356	0
514.15	0	.5300203	.1971744	.2728053	0
513.15	0	.5299927	.1972322	.272775	0
512.15	0	.5299652	.19729	.2727448	0
511.15	0	.5299376	.1973476	.2727147	0
510.15	0	.5299101	.1974052	.2726847	0
509.9905	0	.5299057	.1974144	.2726799	0
509.9905	0	.5299057	.1974144	.2726799	0
509.9905	0	.5299057	.1974144	.2726799	0
509.15	0	.5300975	.1969737	.2724283	5.004642E-04
508.15	0	.5303244	.1964514	.2721297	.001094454
507.15	0	.53055	.1959311	.271832	.001686905
506.15	0	.5307742	.1954128	.2715352	.002277831
505.15	0	.5309971	.1948965	.2712391	.002867247
504.15	0	.5312188	.1943822	.2709439	.003455166
503.15	0	.5314391	.1938698	.2706495	.004041602
502.15	0	.5316582	.1933593	.270356	.00462657
501.15	0	.531876	.1928507	.2700632	.005210081
500.15	0	.5320926	.192344	.2697712	.00579215
499.15	0	.532308	.1918391	.2694801	.00637279
498.15	0	.5325222	.1913361	.2691897	.006952014
497.15	0	.5327353	.1908348	.2689001	.007529834
496.15	0	.5329472	.1903353	.2686113	.008106264
495.15	0	.5331579	.1898376	.2683232	.008681317
494.15	0	.5333675	.1893415	.2680359	.009255004
493.15	0	.533576	.1888472	.2677494	.009827338
492.15	0	.5337835	.1883546	.2674636	.01039833
491.15	0	.5339898	.1878636	.2671786	.010968
490.15	0	.5341952	.1873742	.2668942	.01153637
489.15	0	.5343994	.1868865	.2666107	.01210342
488.15	0	.5346026	.1864003	.2663279	.01266917
487.15	0	.5348048	.1859158	.2660458	.01323364
486.15	0	.535006	.1854327	.2657644	.01379684
485.15	0	.5352062	.1849512	.2654837	.01435879
484.15	0	.5354055	.1844713	.2652038	.01491948
483.15	0	.5356038	.1839928	.2649245	.01547894
482.15	0	.5358011	.1835157	.264646	.01603718
481.15	0	.5359975	.1830402	.2643681	.01659421
480.15	0	.536193	.182566	.264091	.01715003
479.15	0	.5363876	.1820933	.2638145	.01770466
478.15	0	.5365813	.1816219	.2635387	.01825811
477.15	0	.5367741	.181152	.2632636	.01881039
476.15	0	.536966	.1806833	.2629891	.01936151
475.15	0	.5371571	.1802161	.2627153	.01991148
474.15	0	.5373474	.1797501	.2624422	.02046031
473.15	0	.5375368	.1792854	.2621697	.02100801
472.15	0	.5377255	.178822	.2618979	.02155459
471.15	0	.5379133	.1783599	.2616268	.02210006
470.15	0	.5381003	.177899	.2613562	.02264444
469.15	0	.5382866	.1774394	.2610863	.02318773
468.15	0	.5384721	.1769809	.2608171	.02372993
467.15	0	.5386568	.1765237	.2605484	.02427107
466.15	0	.5388408	.1760676	.2602804	.02481114
465.15	0	.5390241	.1756127	.260013	.02535017
464.15	0	.5392066	.175159	.2597463	.02588815
463.15	0	.5393884	.1747064	.2594801	.0264251
462.15	0	.5395696	.1742548	.2592146	.02696103
461.15	0	.53975	.1738044	.2589496	.02749594
460.15	0	.5399298	.1733551	.2586853	.02802985
459.15	0	.5401089	.1729068	.2584215	.02856276
458.15	0	.5402873	.1724596	.2581584	.02909469
457.15	0	.5404651	.1720134	.2578958	.02962563
456.15	0	.5406423	.1715683	.2576338	.03015561
455.15	0	.5408188	.1711241	.2573725	.03068462
454.15	0	.5409947	.170681	.2571116	.03121268
453.15	0	.54117	.1702388	.2568514	.0317398
452.15	0	.5413447	.1697976	.2565917	.03226598
451.15	0	.5415189	.1693573	.2563326	.03279124
450.15	0	.5416924	.168918	.2560741	.03331557
449.15	0	.5418654	.1684795	.2558161	.033839
448.15	0	.5420379	.1680419	.2555587	.03436153
447.15	0	.5422098	.1676052	.2553018	.03488318
446.15	0	.5423812	.1671694	.2550455	.03540393
445.15	0	.542552	.1667344	.2547897	.03592381
444.15	0	.5427224	.1663003	.2545345	.03644283
443.15	0	.5428922	.1658669	.2542799	.03696098
442.15	0	.5430616	.1654344	.2540257	.03747829
441.15	0	.5432305	.1650026	.2537721	.03799476
440.15	0	.543399	.1645716	.2535191	.03851039
439.15	0	.5435669	.1641413	.2532666	.0390252
438.15	0	.5437345	.1637118	.2530146	.0395392
437.15	0	.5439016	.1632829	.2527631	.04005239
436.15	0	.5440683	.1628548	.2525122	.04056478
435.15	0	.5442345	.1624273	.2522618	.04107637
434.15	0	.5444004	.1620005	.2520119	.04158719
433.15	0	.5445659	.1615744	.2517625	.04209722
432.15	0	.544731	.1611489	.2515137	.04260649
431.15	0	.5448957	.160724	.2512653	.043115
430.15	0	.54506	.1602997	.2510175	.04362275
429.15	0	.545224	.159876	.2507702	.04412976
428.15	0	.5453877	.1594529	.2505234	.04463603
427.15	0	.545551	.1590304	.2502771	.04514156
426.15	0	.5457139	.1586084	.2500313	.04564637
425.15	0	.5458766	.158187	.249786	.04615046
424.15	0	.5460389	.157766	.2495412	.04665384
423.15	0	.5462009	.1573457	.2492969	.04715652
422.15	0	.5463626	.1569258	.2490531	.0476585
