T	 BPW(LIQUID)	BPW(BCC_A2)	BPW(FCC_A1)	BPW(LAVES_PHASE_C14)	BPW(NI3TI)
1473.15	.07749471	.5824812	.2703085	.06971554	0
1472.15	.05529044	.5620921	.3050883	.07752926	0
1471.15	.03371151	.5425237	.338703	.08506179	0
1470.15	.01272736	.523736	.3712097	.09232688	0
1469.53	0	.5124602	.3908361	.09670371	0
1469.53	0	.5124602	.3908361	.09670371	0
1469.15	0	.5109738	.3920564	.09696986	0
1468.15	0	.5070682	.3952632	.09766854	0
1467.15	0	.5031741	.3984615	.09836431	0
1466.15	0	.4992914	.4016514	.0990572	0
1465.15	0	.4954201	.4048327	.09974722	0
1464.15	0	.4915601	.4080055	.1004344	0
1463.15	0	.4877114	.4111699	.1011187	0
1462.15	0	.483874	.4143258	.1018002	0
1461.15	0	.4800478	.4174733	.1024788	0
1460.15	0	.4762329	.4206124	.1031547	0
1459.15	0	.4724291	.4237431	.1038277	0
1458.15	0	.4686365	.4268654	.104498	0
1457.15	0	.4648551	.4299794	.1051656	0
1456.15	0	.4610847	.433085	.1058303	0
1455.15	0	.4573254	.4361822	.1064924	0
1454.15	0	.4535771	.4392712	.1071517	0
1453.15	0	.4498399	.4423518	.1078083	0
1452.15	0	.4461137	.4454241	.1084622	0
1451.15	0	.4423984	.4484882	.1091134	0
1450.15	0	.438694	.451544	.109762	0
1449.15	0	.4350005	.4545916	.1104079	0
1448.15	0	.431318	.4576309	.1110512	0
1447.15	0	.4276462	.460662	.1116918	0
1446.15	0	.4239853	.4636849	.1123298	0
1445.15	0	.4203352	.4666996	.1129652	0
1444.15	0	.4166959	.4697062	.113598	0
1443.15	0	.4130673	.4727045	.1142282	0
1442.15	0	.4094494	.4756948	.1148558	0
1441.15	0	.4058422	.4786769	.1154809	0
1440.15	0	.4022457	.4816508	.1161035	0
1439.15	0	.3986598	.4846167	.1167235	0
1438.15	0	.3950845	.4875745	.117341	0
1437.15	0	.3915199	.4905242	.1179559	0
1436.15	0	.3879658	.4934658	.1185684	0
1435.15	0	.3844222	.4963994	.1191784	0
1434.15	0	.3808892	.4993249	.1197859	0
1433.15	0	.3773666	.5022424	.120391	0
1432.15	0	.3738545	.5051519	.1209936	0
1431.15	0	.3703529	.5080533	.1215938	0
1430.15	0	.3668617	.5109468	.1221915	0
1429.15	0	.3633809	.5138323	.1227868	0
1428.15	0	.3599104	.5167098	.1233797	0
1427.15	0	.3564503	.5195794	.1239703	0
1426.15	0	.3530006	.522441	.1245584	0
1425.15	0	.3495611	.5252947	.1251442	0
1424.15	0	.346132	.5281405	.1257276	0
1423.15	0	.3427131	.5309783	.1263086	0
1422.15	0	.3393044	.5338083	.1268873	0
1421.15	0	.335906	.5366303	.1274637	0
1420.15	0	.3325177	.5394445	.1280378	0
1419.15	0	.3291397	.5422508	.1286095	0
1418.15	0	.3257717	.5450493	.129179	0
1417.15	0	.322414	.5478399	.1297462	0
1416.15	0	.3190663	.5506226	.1303111	0
1415.15	0	.3157288	.5533976	.1308737	0
1414.15	0	.3124013	.5561647	.1314341	0
1413.15	0	.3090838	.558924	.1319922	0
1412.15	0	.3057765	.5616755	.1325481	0
1411.15	0	.3024791	.5644192	.1331017	0
1410.15	0	.2991917	.5671551	.1336532	0
1409.15	0	.2959143	.5698832	.1342024	0
1408.15	0	.2926469	.5726036	.1347495	0
1407.15	0	.2893894	.5753162	.1352944	0
1406.15	0	.2861418	.5780211	.135837	0
1405.15	0	.2829042	.5807182	.1363776	0
1404.15	0	.2796764	.5834077	.1369159	0
1403.15	0	.2764585	.5860893	.1374521	0
1402.15	0	.2732505	.5887633	.1379862	0
1401.15	0	.2700523	.5914295	.1385182	0
1400.15	0	.2668639	.5940881	.139048	0
1399.15	0	.2636853	.5967389	.1395757	0
1398.15	0	.2605166	.5993821	.1401014	0
1397.15	0	.2573575	.6020176	.1406249	0
1396.15	0	.2542083	.6046454	.1411464	0
1395.15	0	.2510688	.6072655	.1416657	0
1394.15	0	.247939	.6098779	.142183	0
1393.15	0	.244819	.6124827	.1426983	0
1392.15	0	.2417086	.6150799	.1432115	0
1391.15	0	.2386079	.6176694	.1437227	0
1390.15	0	.2355169	.6202513	.1442318	0
1389.15	0	.2324356	.6228255	.144739	0
1388.15	0	.2293639	.625392	.1452441	0
1387.15	0	.2263018	.627951	.1457472	0
1386.15	0	.2232494	.6305023	.1462483	0
1385.15	0	.2202065	.6330461	.1467474	0
1384.15	0	.2171733	.6355821	.1472446	0
1383.15	0	.2141496	.6381106	.1477398	0
1382.15	0	.2111355	.6406315	.148233	0
1381.15	0	.208131	.6431448	.1487243	0
1380.15	0	.205136	.6456504	.1492136	0
1379.15	0	.2021505	.6481485	.149701	0
1378.15	0	.1991746	.6506389	.1501865	0
1377.15	0	.1962082	.6531218	.15067	0
1376.15	0	.1932513	.6555971	.1511517	0
1375.15	0	.1903039	.6580647	.1516314	0
1374.15	0	.187366	.6605248	.1521093	0
1373.15	0	.1844375	.6629773	.1525852	0
1372.15	0	.1815186	.6654222	.1530593	0
1371.15	0	.178609	.6678595	.1535315	0
1370.15	0	.175709	.6702892	.1540018	0
1369.15	0	.1728184	.6727113	.1544703	0
1368.15	0	.1699372	.6751259	.1549369	0
1367.15	0	.1670655	.6775328	.1554017	0
1366.15	0	.1642032	.6799322	.1558646	0
1365.15	0	.1613503	.682324	.1563258	0
1364.15	0	.1585068	.6847081	.1567851	0
1363.15	0	.1556727	.6870847	.1572426	0
1362.15	0	.1528481	.6894537	.1576982	0
1361.15	0	.1500328	.6918151	.1581521	0
1360.15	0	.1472269	.6941689	.1586042	0
1359.15	0	.1444304	.6965151	.1590545	0
1358.15	0	.1416433	.6988537	.1595031	0
1357.15	0	.1388655	.7011846	.1599498	0
1356.15	0	.1360972	.703508	.1603948	0
1355.15	0	.1333382	.7058237	.1608381	0
1354.15	0	.1305885	.7081319	.1612796	0
1353.15	0	.1278483	.7104324	.1617194	0
1352.15	0	.1251174	.7127252	.1621574	0
1351.15	0	.1223959	.7150105	.1625937	0
1350.15	0	.1196837	.7172881	.1630282	0
1349.15	0	.1169809	.719558	.1634611	0
1348.15	0	.1142875	.7218203	.1638922	0
1347.15	0	.1116034	.724075	.1643217	0
1346.15	0	.1089286	.7263219	.1647494	0
1345.15	0	.1062633	.7285613	.1651755	0
1344.15	0	.1036073	.7307929	.1655998	0
1343.15	0	.1009606	.7330168	.1660226	0
1342.15	0	.09832334	.7352331	.1664436	0
1341.15	0	.09569542	.7374416	.1668629	0
1340.15	0	.09307688	.7396425	.1672807	0
1339.15	0	.09046771	.7418356	.1676967	0
1338.15	0	.08786791	.744021	.1681111	0
1337.15	0	.08527749	.7461986	.1685239	0
1336.15	0	.08269645	.7483685	.168935	0
1335.15	0	.0801248	.7505307	.1693445	0
1334.15	0	.07756254	.7526851	.1697524	0
1333.15	0	.07500968	.7548316	.1701587	0
1332.15	0	.07246622	.7569704	.1705633	0
1331.15	0	.06993217	.7591014	.1709664	0
1330.15	0	.06740754	.7612246	.1713678	0
1329.15	0	.06489233	.76334	.1717677	0
1328.15	0	.06238654	.7654475	.172166	0
1327.15	0	.0598902	.7675471	.1725627	0
1326.15	0	.0574033	.7696389	.1729578	0
1325.15	0	.05492585	.7717228	.1733514	0
1324.15	0	.05245787	.7737988	.1737433	0
1323.15	0	.04999936	.7758669	.1741338	0
1322.15	0	.04755033	.777927	.1745227	0
1321.15	0	.0451108	.7799792	.17491	0
1320.15	0	.04268077	.7820235	.1752958	0
1319.15	0	.04026025	.7840598	.17568	0
1318.15	0	.03784927	.786088	.1760627	0
1317.15	0	.03544782	.7881083	.1764439	0
1316.15	0	.03305593	.7901205	.1768235	0
1315.15	0	.0306736	.7921247	.1772017	0
1314.15	0	.02830085	.7941208	.1775783	0
1313.15	0	.0259377	.7961088	.1779535	0
1312.15	0	.02358415	.7980888	.1783271	0
1311.15	0	.02124023	.8000606	.1786992	0
1310.15	0	.01890595	.8020242	.1790699	0
1309.15	0	.01658133	.8039797	.179439	0
1308.15	0	.01426638	.805927	.1798067	0
1307.15	0	.01196112	.807866	.1801728	0
1306.15	0	.009665564	.8097969	.1805376	0
1305.15	0	.007379737	.8117195	.1809008	0
1304.15	0	.005103655	.8136337	.1812626	0
1303.15	0	.002837337	.8155397	.1816229	0
1302.15	0	5.808034E-04	.8174374	.1819818	0
1301.892	0	0	.8179258	.1820742	0
1301.892	0	0	.8179258	.1820742	0
1301.15	0	0	.8177325	.1822675	0
1300.15	0	0	.8174724	.1825276	0
1299.15	0	0	.8172129	.1827871	0
1298.15	0	0	.8169538	.1830462	0
1297.15	0	0	.8166953	.1833047	0
1296.15	0	0	.8164373	.1835627	0
1295.15	0	0	.8161799	.1838201	0
1294.15	0	0	.8159229	.1840771	0
1293.15	0	0	.8156665	.1843335	0
1292.15	0	0	.8154106	.1845894	0
1291.15	0	0	.8151552	.1848448	0
1290.15	0	0	.8149004	.1850996	0
1289.15	0	0	.814646	.185354	0
1288.15	0	0	.8143922	.1856078	0
1287.15	0	0	.8141389	.1858611	0
1286.15	0	0	.8138861	.1861139	0
1285.15	0	0	.8136338	.1863662	0
1284.15	0	0	.813382	.186618	0
1283.15	0	0	.8131308	.1868692	0
1282.15	0	0	.81288	.18712	0
1281.15	0	0	.8126298	.1873702	0
1280.15	0	0	.8123801	.1876199	0
1279.15	0	0	.8121309	.1878691	0
1278.15	0	0	.8118821	.1881179	0
1277.15	0	0	.811634	.188366	0
1276.15	0	0	.8113863	.1886137	0
1275.15	0	0	.8111391	.1888609	0
1274.15	0	0	.8108924	.1891076	0
1273.15	0	0	.8106462	.1893538	0
1272.15	0	0	.8104005	.1895995	0
1271.15	0	0	.8101554	.1898446	0
1270.15	0	0	.8099107	.1900893	0
1269.15	0	0	.8096665	.1903335	0
1268.15	0	0	.8094229	.1905771	0
1267.15	0	0	.8091797	.1908203	0
1266.15	0	0	.808937	.191063	0
1265.15	0	0	.8086949	.1913051	0
1264.15	0	0	.8084532	.1915468	0
1263.15	0	0	.808212	.191788	0
1262.15	0	0	.8079713	.1920287	0
1261.15	0	0	.8077312	.1922689	0
1260.15	0	0	.8074915	.1925085	0
1259.15	0	0	.8072523	.1927477	0
1258.15	0	0	.8070135	.1929865	0
1257.15	0	0	.8067753	.1932247	0
1256.15	0	0	.8065376	.1934624	0
1255.15	0	0	.8063004	.1936996	0
1254.15	0	0	.8060636	.1939364	0
1253.15	0	0	.8058274	.1941726	0
1252.15	0	0	.8055916	.1944084	0
1251.15	0	0	.8053563	.1946437	0
1250.15	0	0	.8051215	.1948785	0
1249.15	0	0	.8048872	.1951128	0
1248.15	0	0	.8046534	.1953466	0
1247.15	0	0	.8044201	.1955799	0
1246.15	0	0	.8041872	.1958128	0
1245.15	0	0	.8039548	.1960452	0
1244.15	0	0	.8037229	.1962771	0
1243.15	0	0	.8034915	.1965085	0
1242.15	0	0	.8032606	.1967394	0
1241.15	0	0	.8030301	.1969699	0
1240.15	0	0	.8028002	.1971998	0
1239.15	0	0	.8025707	.1974293	0
1238.15	0	0	.8023417	.1976583	0
1237.15	0	0	.8021131	.1978869	0
1236.15	0	0	.8018851	.1981149	0
1235.15	0	0	.8016575	.1983425	0
1234.15	0	0	.8014304	.1985696	0
1233.15	0	0	.8012037	.1987963	0
1232.15	0	0	.8009776	.1990224	0
1231.15	0	0	.8007519	.1992481	0
1230.15	0	0	.8005267	.1994734	0
1229.15	0	0	.8003019	.1996981	0
1228.15	0	0	.8000776	.1999224	0
1227.15	0	0	.7998538	.2001462	0
1226.15	0	0	.7996305	.2003695	0
1225.15	0	0	.7994076	.2005924	0
1224.15	0	0	.7991852	.2008148	0
1223.15	0	0	.7989633	.2010367	0
1222.15	0	0	.7987418	.2012582	0
1221.15	0	0	.7985208	.2014792	0
1220.15	0	0	.7983003	.2016997	0
1219.15	0	0	.7980802	.2019198	0
1218.15	0	0	.7978606	.2021394	0
1217.15	0	0	.7976415	.2023585	0
1216.15	0	0	.7974228	.2025772	0
1215.15	0	0	.7972046	.2027954	0
1214.15	0	0	.7969868	.2030132	0
1213.15	0	0	.7967695	.2032305	0
1212.15	0	0	.7965527	.2034473	0
1211.15	0	0	.7963363	.2036637	0
1210.15	0	0	.7961204	.2038796	0
1209.15	0	0	.7959049	.2040951	0
1208.15	0	0	.7956899	.2043101	0
1207.15	0	0	.7954754	.2045247	0
1206.15	0	0	.7952613	.2047387	0
1205.15	0	0	.7950476	.2049524	0
1204.15	0	0	.7948345	.2051656	0
1203.15	0	0	.7946217	.2053783	0
1202.15	0	0	.7944095	.2055906	0
1201.15	0	0	.7941976	.2058024	0
1200.15	0	0	.7939863	.2060137	0
1199.15	0	0	.7937754	.2062247	0
1198.15	0	0	.7935649	.2064351	0
1197.15	0	0	.7933549	.2066451	0
1196.15	0	0	.7931453	.2068547	0
1195.15	0	0	.7929362	.2070638	0
1194.15	0	0	.7927275	.2072725	0
1193.15	0	0	.7925193	.2074807	0
1192.15	0	0	.7923115	.2076884	0
1191.15	0	0	.7921042	.2078958	0
1190.15	0	0	.7918974	.2081026	0
1189.15	0	0	.7916909	.2083091	0
1188.15	0	0	.7914849	.2085151	0
1187.15	0	0	.7912794	.2087206	0
1186.15	0	0	.7910743	.2089257	0
1185.15	0	0	.7908697	.2091303	0
1184.15	0	0	.7906655	.2093346	0
1183.15	0	0	.7904617	.2095383	0
1182.15	0	0	.7902584	.2097416	0
1181.15	0	0	.7900555	.2099445	0
1180.15	0	0	.789853	.210147	0
1179.15	0	0	.789651	.210349	0
1178.15	0	0	.7894495	.2105505	0
1177.15	0	0	.7892483	.2107517	0
1176.15	0	0	.7890477	.2109523	0
1175.15	0	0	.7888474	.2111526	0
1174.15	0	0	.7886472	.2113528	0
1173.15	0	0	.7884479	.2115521	0
1172.15	0	0	.7882489	.2117511	0
1171.15	0	0	.7880504	.2119496	0
1170.15	0	0	.7878523	.2121477	0
1169.15	0	0	.7876547	.2123453	0
1168.15	0	0	.7874575	.2125425	0
1167.15	0	0	.7872607	.2127393	0
1166.15	0	0	.7870644	.2129356	0
1165.15	0	0	.7868685	.2131315	0
1164.15	0	0	.786673	.213327	0
1163.15	0	0	.786478	.213522	0
1162.15	0	0	.7862834	.2137166	0
1161.15	0	0	.7860892	.2139108	0
1160.15	0	0	.7858955	.2141046	0
1159.15	0	0	.7857021	.2142979	0
1158.15	0	0	.7855092	.2144908	0
1157.15	0	0	.7853168	.2146832	0
1156.15	0	0	.7851247	.2148753	0
1155.15	0	0	.7849331	.2150669	0
1154.15	0	0	.784742	.2152581	0
1153.15	0	0	.7845512	.2154488	0
1152.15	0	0	.7843609	.2156391	0
1151.15	0	0	.784171	.215829	0
1150.15	0	0	.7839815	.2160185	0
1149.15	0	0	.7837924	.2162076	0
1148.15	0	0	.7836038	.2163962	0
1147.15	0	0	.7834156	.2165844	0
1146.15	0	0	.7832278	.2167722	0
1145.15	0	0	.7830404	.2169596	0
1144.15	0	0	.7828535	.2171465	0
1143.15	0	0	.7826669	.2173331	0
1142.15	0	0	.7824809	.2175191	0
1141.15	0	0	.7822952	.2177048	0
1140.15	0	0	.7821099	.2178901	0
1139.15	0	0	.7819251	.2180749	0
1138.15	0	0	.7817406	.2182594	0
1137.15	0	0	.7815566	.2184434	0
1136.15	0	0	.781373	.218627	0
1135.15	0	0	.7811899	.2188101	0
1134.15	0	0	.7810071	.2189929	0
1133.15	0	0	.7808248	.2191752	0
1132.15	0	0	.7806428	.2193572	0
1131.15	0	0	.7804613	.2195387	0
1130.15	0	0	.7802802	.2197198	0
1129.15	0	0	.7800996	.2199005	0
1128.15	0	0	.7799193	.2200807	0
1127.15	0	0	.7797394	.2202606	0
1126.15	0	0	.77956	.22044	0
1125.15	0	0	.779381	.2206191	0
1124.15	0	0	.7792023	.2207977	0
1123.15	0	0	.7790241	.2209759	0
1122.15	0	0	.7788463	.2211537	0
1121.15	0	0	.778669	.2213311	0
1120.15	0	0	.778492	.221508	0
1119.15	0	0	.7783154	.2216846	0
1118.15	0	0	.7781393	.2218607	0
1117.15	0	0	.7779635	.2220365	0
1116.15	0	0	.7777882	.2222118	0
1115.15	0	0	.7776132	.2223868	0
1114.15	0	0	.7774387	.2225613	0
1113.15	0	0	.7772646	.2227354	0
1112.15	0	0	.7770909	.2229091	0
1111.15	0	0	.7769176	.2230824	0
1110.15	0	0	.7767447	.2232553	0
1109.15	0	0	.7765722	.2234278	0
1108.15	0	0	.7764001	.2235999	0
1107.15	0	0	.7762284	.2237716	0
1106.15	0	0	.7760571	.2239429	0
1105.15	0	0	.7758863	.2241137	0
1104.15	0	0	.7757158	.2242842	0
1103.15	0	0	.7755457	.2244543	0
1102.15	0	0	.7753761	.224624	0
1101.15	0	0	.7752068	.2247932	0
1100.15	0	0	.7750379	.2249621	0
1099.15	0	0	.7748695	.2251306	0
1098.15	0	0	.7747014	.2252986	0
1097.15	0	0	.7745337	.2254663	0
1096.15	0	0	.7743665	.2256336	0
1095.15	0	0	.7741996	.2258004	0
1094.15	0	0	.7740331	.2259669	0
1093.15	0	0	.7738671	.2261329	0
1092.15	0	0	.7737014	.2262986	0
1091.15	0	0	.7735361	.2264639	0
1090.15	0	0	.7733712	.2266288	0
1089.15	0	0	.7732068	.2267933	0
1088.15	0	0	.7730427	.2269573	0
1087.15	0	0	.772879	.227121	0
1086.15	0	0	.7727157	.2272843	0
1085.15	0	0	.7725528	.2274472	0
1084.15	0	0	.7723903	.2276097	0
1083.15	0	0	.7722282	.2277718	0
1082.15	0	0	.7720665	.2279335	0
1081.15	0	0	.7719052	.2280949	0
1080.15	0	0	.7717442	.2282558	0
1079.15	0	0	.7715837	.2284163	0
1078.15	0	0	.7714235	.2285765	0
1077.15	0	0	.7712638	.2287362	0
1076.15	0	0	.7711044	.2288956	0
1075.15	0	0	.7709455	.2290545	0
1074.15	0	0	.7707869	.2292131	0
1073.15	0	0	.7706287	.2293713	0
1072.15	0	0	.7704709	.2295291	0
1071.15	0	0	.7703135	.2296865	0
1070.15	0	0	.7701565	.2298435	0
1069.15	0	0	.7699999	.2300001	0
1068.15	0	0	.7698436	.2301564	0
1067.15	0	0	.7696878	.2303122	0
1066.15	0	0	.7695323	.2304677	0
1065.15	0	0	.7693772	.2306228	0
1064.15	0	0	.7692226	.2307774	0
1063.15	0	0	.7690683	.2309318	0
1062.15	0	0	.7689143	.2310857	0
1061.15	0	0	.7687608	.2312392	0
1060.15	0	0	.7686077	.2313923	0
1059.15	0	0	.7684549	.2315451	0
1058.15	0	0	.7683025	.2316975	0
1057.15	0	0	.7681505	.2318495	0
1056.15	0	0	.7679989	.2320011	0
1055.15	0	0	.7678477	.2321523	0
1054.15	0	0	.7676969	.2323031	0
1053.15	0	0	.7675464	.2324536	0
1052.15	0	0	.7673963	.2326037	0
1051.15	0	0	.7672467	.2327533	0
1050.15	0	0	.7670973	.2329027	0
1049.15	0	0	.7669484	.2330516	0
1048.15	0	0	.7667999	.2332001	0
1047.15	0	0	.7666517	.2333483	0
1046.15	0	0	.7665039	.2334961	0
1045.15	0	0	.7663565	.2336435	0
1044.15	0	0	.7662095	.2337905	0
1043.15	0	0	.7660628	.2339372	0
1042.15	0	0	.7659166	.2340834	0
1041.15	0	0	.7657707	.2342293	0
1040.15	0	0	.7656252	.2343748	0
1039.15	0	0	.7654801	.2345199	0
1038.15	0	0	.7653353	.2346647	0
1037.15	0	0	.7651909	.2348091	0
1036.15	0	0	.7650469	.2349531	0
1035.15	0	0	.7649033	.2350967	0
1034.15	0	0	.7647601	.2352399	0
1033.15	0	0	.7646172	.2353828	0
1032.15	0	0	.7644747	.2355253	0
1031.15	0	0	.7643326	.2356674	0
1030.15	0	0	.7641908	.2358092	0
1029.15	0	0	.7640495	.2359505	0
1028.15	0	0	.7639085	.2360915	0
1027.15	0	0	.7637679	.2362321	0
1026.15	0	0	.7636276	.2363724	0
1025.15	0	0	.7634878	.2365123	0
1024.15	0	0	.7633483	.2366517	0
1023.15	0	0	.7632091	.2367909	0
1022.15	0	0	.7630704	.2369296	0
1021.15	0	0	.762932	.237068	0
1020.15	0	0	.762794	.237206	0
1019.15	0	0	.7626563	.2373437	0
1018.15	0	0	.7625191	.2374809	0
1017.15	0	0	.7623822	.2376178	0
1016.15	0	0	.7622457	.2377544	0
1015.15	0	0	.7621095	.2378905	0
1014.15	0	0	.7619737	.2380263	0
1013.372	0	0	.7618683	.2381317	0
1013.372	0	0	.7618683	.2381317	0
1013.372	0	0	.7618683	.2381317	0
1013.15	0	6.51862E-04	.7611979	.2381503	0
1012.15	0	.003595202	.7581709	.2382339	0
1011.15	0	.006552524	.7551303	.2383172	0
1010.15	0	.009523574	.7520762	.2384002	0
1009.15	0	.01250809	.749009	.238483	0
1008.15	0	.01550582	.7459287	.2385654	0
1007.15	0	.01851651	.7428359	.2386476	0
1006.15	0	.02153988	.7397305	.2387296	0
1005.15	0	.02457568	.7366131	.2388112	0
1004.15	0	.02762365	.7334837	.2388926	0
1003.15	0	.03068352	.7303427	.2389737	0
1002.15	0	.03375503	.7271904	.2390546	0
1001.15	0	.03683791	.7240269	.2391352	0
1000.15	0	.03993189	.7208526	.2392155	0
999.15	0	.04303671	.7176677	.2392956	0
998.15	0	.04615209	.7144725	.2393754	0
997.15	0	.04927778	.7112673	.2394549	0
996.15	0	.05241349	.7080523	.2395342	0
995.15	0	.05555897	.7048279	.2396132	0
994.15	0	.05871393	.7015942	.2396919	0
993.15	0	.06187811	.6983515	.2397704	0
992.15	0	.06505124	.6951002	.2398486	0
991.15	0	.06823305	.6918404	.2399265	0
990.15	0	.07142326	.6885725	.2400042	0
989.15	0	.07462161	.6852968	.2400816	0
988.15	0	.07782782	.6820134	.2401587	0
987.15	0	.08104162	.6787228	.2402356	0
986.15	0	.08426274	.6754251	.2403122	0
985.15	0	.08749091	.6721206	.2403885	0
984.15	0	.09072586	.6688096	.2404645	0
983.15	0	.09396731	.6654925	.2405402	0
982.15	0	.09721499	.6621693	.2406157	0
981.15	0	.1004634	.6588453	.2406913	0
980.15	0	.1036967	.6555338	.2407695	0
979.15	0	.1069524	.6522007	.2408469	0
978.15	0	.1102289	.6488474	.2409237	0
977.15	0	.1135245	.6454757	.2409998	0
976.15	0	.1168378	.642087	.2410753	0
975.15	0	.1201672	.6386827	.2411501	0
974.15	0	.1235113	.6352644	.2412243	0
973.15	0	.1268688	.6318334	.2412978	0
972.15	0	.1302382	.6283911	.2413707	0
971.15	0	.1336185	.6249386	.2414429	0
970.15	0	.1370081	.6214774	.2415145	0
969.15	0	.1404061	.6180085	.2415854	0
968.15	0	.1438112	.6145331	.2416557	0
967.15	0	.1472223	.6110524	.2417253	0
966.15	0	.1506383	.6075675	.2417942	0
965.15	0	.1540582	.6040793	.2418625	0
964.15	0	.157481	.600589	.2419301	0
963.15	0	.1609056	.5970973	.241997	0
962.15	0	.1643313	.5936054	.2420633	0
961.15	0	.167757	.5901141	.2421289	0
960.15	0	.1711819	.5866243	.2421937	0
959.15	0	.1746053	.5831368	.2422579	0
958.15	0	.1780261	.5796524	.2423214	0
957.15	0	.1814438	.576172	.2423842	0
956.15	0	.1848576	.5726962	.2424463	0
955.15	0	.1882667	.5692257	.2425076	0
954.15	0	.1916704	.5657614	.2425682	0
953.15	0	.1950681	.5623038	.2426281	0
952.15	0	.1984592	.5588535	.2426873	0
951.15	0	.201843	.5554113	.2427457	0
950.15	0	.205219	.5519777	.2428033	0
949.15	0	.2085866	.5485532	.2428602	0
948.15	0	.2119452	.5451385	.2429163	0
947.15	0	.2152943	.541734	.2429717	0
946.15	0	.2186335	.5383403	.2430262	0
945.15	0	.2219622	.5349578	.24308	0
944.15	0	.2252801	.531587	.2431329	0
943.15	0	.2285865	.5282284	.2431851	0
942.15	0	.2318813	.5248823	.2432364	0
941.15	0	.2351639	.5215492	.2432869	0
940.15	0	.2384339	.5182295	.2433366	0
939.15	0	.241691	.5149235	.2433855	0
938.15	0	.2449349	.5116317	.2434334	0
937.15	0	.2481652	.5083542	.2434806	0
936.15	0	.2513815	.5050916	.2435269	0
935.15	0	.2545837	.501844	.2435723	0
934.15	0	.2577713	.4986119	.2436168	0
933.15	0	.2609441	.4953954	.2436605	0
932.15	0	.264102	.4921948	.2437032	0
931.15	0	.2672445	.4890105	.2437451	0
930.15	0	.2703714	.4858426	.243786	0
929.15	0	.2734826	.4826913	.2438261	0
928.15	0	.2765778	.479557	.2438652	0
927.15	0	.2796569	.4764398	.2439034	0
926.15	0	.2827195	.4733399	.2439406	0
925.15	0	.2857656	.4702575	.2439769	0
924.15	0	.2887949	.4671928	.2440123	0
923.15	0	.2918074	.4641459	.2440467	0
922.15	0	.2948028	.4611171	.2440801	0
921.15	0	.297781	.4581065	.2441126	0
920.15	0	.3007418	.4551141	.244144	0
919.15	0	.3036852	.4521403	.2441745	0
918.15	0	.306611	.449185	.2442041	0
917.15	0	.3095191	.4462484	.2442326	0
916.15	0	.3124093	.4433306	.2442601	0
915.15	0	.3152816	.4404318	.2442866	0
914.15	0	.3181359	.437552	.2443121	0
913.15	0	.3209721	.4346914	.2443365	0
912.15	0	.32379	.43185	.24436	0
911.15	0	.3265898	.4290279	.2443824	0
910.15	0	.3293711	.4262251	.2444038	0
909.15	0	.332134	.4234419	.2444241	0
908.15	0	.3348785	.4206781	.2444434	0
907.15	0	.3376043	.417934	.2444617	0
906.15	0	.3403116	.4152095	.2444789	0
905.15	0	.3430003	.4125047	.244495	0
904.15	0	.3456702	.4098197	.2445101	0
903.15	0	.3483214	.4071545	.2445241	0
902.15	0	.3509538	.4045092	.2445371	0
901.15	0	.3535673	.4018838	.2445489	0
900.15	0	.356162	.3992783	.2445597	0
899.15	0	.3587378	.3966928	.2445695	0
898.15	0	.3612946	.3941273	.2445781	0
897.15	0	.3638325	.3915818	.2445857	0
896.15	0	.3663514	.3890564	.2445922	0
895.15	0	.3688513	.3865511	.2445976	0
894.15	0	.3713322	.3840659	.2446019	0
893.15	0	.373794	.3816008	.2446052	0
892.15	0	.3762368	.3791559	.2446074	0
891.15	0	.3786605	.3767311	.2446085	0
890.15	0	.381065	.3743265	.2446085	0
889.15	0	.3834505	.3719422	.2446074	0
888.15	0	.3858168	.369578	.2446052	0
887.15	0	.388164	.367234	.244602	0
886.15	0	.390492	.3649103	.2445977	0
885.15	0	.3928009	.3626068	.2445923	0
884.15	0	.3950907	.3603235	.2445858	0
883.15	0	.3973612	.3580604	.2445783	0
882.15	0	.3996126	.3558176	.2445697	0
881.15	0	.4018448	.3535951	.2445601	0
880.15	0	.4040579	.3513927	.2445494	0
879.15	0	.4062518	.3492106	.2445377	0
878.15	0	.4084264	.3470487	.2445249	0
877.15	0	.410582	.344907	.2445111	0
876.15	0	.4127183	.3427855	.2444962	0
875.15	0	.4148355	.3406842	.2444803	0
874.15	0	.4169335	.3386031	.2444634	0
873.15	0	.4190123	.3365421	.2444455	0
872.15	0	.4210721	.3345013	.2444266	0
871.15	0	.4231126	.3324807	.2444067	0
870.15	0	.4251341	.3304801	.2443858	0
869.15	0	.4271365	.3284996	.244364	0
868.15	0	.4291197	.3265392	.2443411	0
867.15	0	.4310839	.3245987	.2443173	0
866.15	0	.433029	.3226783	.2442926	0
865.15	0	.4349551	.3207779	.244267	0
864.15	0	.4368623	.3188974	.2442404	0
863.15	0	.4387504	.3170367	.2442129	0
862.15	0	.4406196	.3151959	.2441845	0
861.15	0	.4424698	.3133749	.2441553	0
860.15	0	.4443012	.3115737	.2441251	0
859.15	0	.4461138	.3097921	.2440941	0
858.15	0	.4479075	.3080302	.2440623	0
857.15	0	.4496825	.3062879	.2440296	0
856.15	0	.4514389	.3045651	.2439961	0
855.15	0	.4531765	.3028617	.2439618	0
854.15	0	.4548956	.3011778	.2439267	0
853.15	0	.4565961	.2995131	.2438908	0
852.15	0	.4582782	.2978677	.2438541	0
851.15	0	.4599418	.2962414	.2438168	0
850.15	0	.4615872	.2946342	.2437787	0
849.4677	0	.4626993	.2935485	.2437522	0
849.4677	0	.4626993	.2935485	.2437522	0
849.4677	0	.4626993	.2935485	.2437522	0
849.15	0	.4668576	.2886587	.2427104	.001773269
848.15	0	.4795646	.2736868	.2395002	.0072484
847.15	0	.4917161	.2593249	.2363913	.01256768
846.15	0	.5033438	.2455388	.2333784	.01773905
845.15	0	.5144769	.2322965	.2304567	.02276987
844.15	0	.5251425	.2195687	.2276218	.02766696
843.15	0	.5353657	.2073281	.2248696	.03243665
842.15	0	.5451696	.1955492	.2221963	.03708485
841.15	0	.5545762	.1842085	.2195983	.04161706
840.15	0	.5636054	.173284	.2170722	.04603838
839.15	0	.5722762	.1627552	.2146149	.05035362
838.15	0	.5806062	.152603	.2122236	.05456725
837.15	0	.5886117	.1428095	.2098953	.05868348
836.15	0	.5963083	.1333578	.2076277	.06270623
835.15	0	.6037102	.1242323	.2054182	.06663921
834.15	0	.6108311	.1154183	.2032647	.07048588
833.15	0	.6176837	.1069019	.2011649	.07424952
832.15	0	.62428	.09867007	.1991168	.07793321
831.15	0	.6306311	.09071054	.1971185	.08153986
830.15	0	.6367478	.08301176	.1951683	.0850722
829.15	0	.64264	.07556285	.1932643	.08853283
828.15	0	.6483172	.06835351	.1914051	.09192421
827.15	0	.6537883	.06137403	.1895891	.09524865
826.15	0	.6590617	.05461521	.1878147	.09850836
825.15	0	.6641455	.04806835	.1860807	.1017054
824.15	0	.6690472	.04172521	.1843858	.1048418
823.15	0	.673774	.03557796	.1827286	.1079194
822.15	0	.6783327	.0296192	.181108	.1109401
821.15	0	.6827298	.02384187	.1795229	.1139054
820.15	0	.6869714	.01823929	.1779722	.1168171
819.15	0	.6910634	.0128051	.1764548	.1196767
818.15	0	.6950113	.007533216	.1749698	.1224857
817.15	0	.6988205	.002417887	.1735162	.1252454
816.6667	0	.7006133	0	.1728246	.1265621
816.6667	0	.7006133	0	.1728246	.1265621
816.15	0	.7005434	0	.1727143	.1267424
815.15	0	.7004086	0	.1725012	.1270902
814.15	0	.7002746	0	.1722888	.1274366
813.15	0	.7001413	0	.1720771	.1277816
812.15	0	.7000087	0	.1718661	.1281252
811.15	0	.6998769	0	.1716558	.1284673
810.15	0	.6997457	0	.1714463	.128808
809.15	0	.6996153	0	.1712374	.1291473
808.15	0	.6994856	0	.1710292	.1294852
807.15	0	.6993566	0	.1708217	.1298217
806.15	0	.6992282	0	.1706149	.1301569
805.15	0	.6991006	0	.1704088	.1304906
804.15	0	.6989737	0	.1702034	.130823
803.15	0	.6988474	0	.1699987	.131154
802.15	0	.6987218	0	.1697946	.1314836
801.15	0	.6985968	0	.1695913	.1318119
800.15	0	.6984725	0	.1693887	.1321388
799.15	0	.6983489	0	.1691867	.1324644
798.15	0	.6982259	0	.1689854	.1327887
797.15	0	.6981036	0	.1687848	.1331116
796.15	0	.6979819	0	.1685849	.1334332
795.15	0	.6978608	0	.1683857	.1337535
794.15	0	.6977404	0	.1681872	.1340724
793.15	0	.6976206	0	.1679894	.1343901
792.15	0	.6975014	0	.1677922	.1347064
791.15	0	.6973829	0	.1675957	.1350214
790.15	0	.6972649	0	.1673999	.1353352
789.15	0	.6971476	0	.1672048	.1356476
788.15	0	.6970308	0	.1670104	.1359588
787.15	0	.6969147	0	.1668166	.1362687
786.15	0	.6967992	0	.1666235	.1365773
785.15	0	.6966843	0	.1664311	.1368847
784.15	0	.6965699	0	.1662393	.1371908
783.15	0	.6964561	0	.1660483	.1374956
782.15	0	.6963429	0	.1658579	.1377992
781.15	0	.6962303	0	.1656682	.1381015
780.15	0	.6961183	0	.1654791	.1384026
779.15	0	.6960068	0	.1652907	.1387024
778.15	0	.6958959	0	.165103	.139001
777.15	0	.6957856	0	.164916	.1392984
776.15	0	.6956758	0	.1647296	.1395946
775.15	0	.6955666	0	.1645439	.1398895
774.15	0	.6954579	0	.1643589	.1401832
773.15	0	.6953498	0	.1641745	.1404757
772.15	0	.6952422	0	.1639908	.140767
771.15	0	.6951352	0	.1638077	.1410571
770.15	0	.6950287	0	.1636254	.141346
769.15	0	.6949227	0	.1634436	.1416337
768.15	0	.6948173	0	.1632626	.1419202
767.15	0	.6947124	0	.1630822	.1422055
766.15	0	.694608	0	.1629024	.1424896
765.15	0	.6945041	0	.1627233	.1427725
764.15	0	.6944008	0	.1625449	.1430543
763.15	0	.694298	0	.1623671	.1433349
762.15	0	.6941957	0	.16219	.1436143
761.15	0	.6940939	0	.1620135	.1438926
760.15	0	.6939926	0	.1618377	.1441697
759.15	0	.6938918	0	.1616626	.1444456
758.15	0	.6937915	0	.1614881	.1447204
757.15	0	.6936917	0	.1613142	.1449941
756.15	0	.6935925	0	.161141	.1452666
755.15	0	.6934937	0	.1609684	.1455379
754.15	0	.6933954	0	.1607965	.1458081
753.15	0	.6932975	0	.1606253	.1460772
752.15	0	.6932002	0	.1604547	.1463451
751.15	0	.6931034	0	.1602847	.1466119
750.15	0	.693007	0	.1601154	.1468776
749.15	0	.6929111	0	.1599467	.1471422
748.15	0	.6928157	0	.1597786	.1474056
747.15	0	.6927208	0	.1596112	.147668
746.15	0	.6926263	0	.1594445	.1479292
745.15	0	.6925323	0	.1592784	.1481893
744.15	0	.6924388	0	.1591129	.1484483
743.15	0	.6923457	0	.1589481	.1487062
742.15	0	.6922531	0	.1587839	.148963
741.15	0	.692161	0	.1586203	.1492187
740.15	0	.6920693	0	.1584574	.1494733
739.15	0	.6919781	0	.1582951	.1497268
738.15	0	.6918873	0	.1581334	.1499792
737.15	0	.691797	0	.1579724	.1502306
736.15	0	.6917071	0	.157812	.1504809
735.15	0	.6916177	0	.1576523	.15073
734.15	0	.6915287	0	.1574931	.1509782
733.15	0	.6914402	0	.1573347	.1512252
732.15	0	.6913521	0	.1571768	.1514712
731.15	0	.6912644	0	.1570195	.1517161
730.15	0	.6911772	0	.1568629	.1519599
729.15	0	.6910904	0	.156707	.1522027
728.15	0	.691004	0	.1565516	.1524444
727.15	0	.6909181	0	.1563969	.1526851
726.15	0	.6908326	0	.1562428	.1529247
725.15	0	.6907475	0	.1560893	.1531632
724.15	0	.6906629	0	.1559364	.1534007
723.15	0	.6905786	0	.1557842	.1536372
722.15	0	.6904948	0	.1556325	.1538726
721.15	0	.6904115	0	.1554815	.154107
720.15	0	.6903285	0	.1553312	.1543404
719.15	0	.6902459	0	.1551814	.1545727
718.15	0	.6901638	0	.1550322	.154804
717.15	0	.6900821	0	.1548837	.1550342
716.15	0	.6900008	0	.1547358	.1552634
715.15	0	.6899199	0	.1545885	.1554917
714.15	0	.6898394	0	.1544418	.1557188
713.15	0	.6897593	0	.1542957	.155945
712.15	0	.6896796	0	.1541503	.1561702
711.15	0	.6896003	0	.1540054	.1563943
710.15	0	.6895214	0	.1538612	.1566174
709.15	0	.6894429	0	.1537175	.1568395
708.15	0	.6893648	0	.1535745	.1570606
707.15	0	.6892872	0	.1534321	.1572808
706.15	0	.6892099	0	.1532903	.1574999
705.15	0	.689133	0	.1531491	.157718
704.15	0	.6890564	0	.1530085	.1579351
703.15	0	.6889803	0	.1528685	.1581512
702.15	0	.6889046	0	.1527291	.1583663
701.15	0	.6888292	0	.1525903	.1585805
700.15	0	.6887543	0	.1524521	.1587936
699.15	0	.6886797	0	.1523145	.1590058
698.15	0	.6886055	0	.1521775	.159217
697.15	0	.6885317	0	.1520412	.1594272
696.15	0	.6884582	0	.1519054	.1596364
695.15	0	.6883852	0	.1517702	.1598447
694.15	0	.6883125	0	.1516356	.1600519
693.15	0	.6882402	0	.1515016	.1602583
692.15	0	.6881683	0	.1513682	.1604636
691.15	0	.6880967	0	.1512353	.160668
690.15	0	.6880255	0	.1511031	.1608714
689.15	0	.6879547	0	.1509715	.1610738
688.15	0	.6878842	0	.1508404	.1612753
687.15	0	.6878142	0	.15071	.1614759
686.15	0	.6877444	0	.1505801	.1616754
685.15	0	.6876751	0	.1504508	.1618741
684.15	0	.6876061	0	.1503222	.1620718
683.15	0	.6875375	0	.150194	.1622685
682.15	0	.6874692	0	.1500665	.1624643
681.15	0	.6874013	0	.1499396	.1626591
680.15	0	.6873337	0	.1498132	.162853
679.15	0	.6872665	0	.1496875	.163046
678.15	0	.6871997	0	.1495623	.163238
677.15	0	.6871332	0	.1494377	.1634291
676.15	0	.6870671	0	.1493136	.1636193
675.15	0	.6870013	0	.1491902	.1638085
674.15	0	.6869359	0	.1490673	.1639969
673.15	0	.6868708	0	.148945	.1641842
672.15	0	.6868061	0	.1488233	.1643707
671.15	0	.6867417	0	.1487021	.1645562
670.15	0	.6866776	0	.1485815	.1647409
669.15	0	.6866139	0	.1484615	.1649246
668.15	0	.6865506	0	.1483421	.1651073
667.15	0	.6864876	0	.1482232	.1652892
666.15	0	.6864249	0	.1481049	.1654702
665.15	0	.6863626	0	.1479872	.1656502
664.15	0	.6863006	0	.14787	.1658294
663.15	0	.6862389	0	.1477534	.1660076
662.15	0	.6861776	0	.1476374	.166185
661.15	0	.6861166	0	.1475219	.1663614
660.15	0	.686056	0	.147407	.166537
659.15	0	.6859957	0	.1472927	.1667117
658.15	0	.6859357	0	.1471789	.1668854
657.15	0	.685876	0	.1470657	.1670583
656.15	0	.6858167	0	.146953	.1672303
655.15	0	.6857577	0	.1468409	.1674014
654.15	0	.685699	0	.1467294	.1675716
653.15	0	.6856407	0	.1466184	.1677409
652.15	0	.6855827	0	.1465079	.1679094
651.15	0	.685525	0	.1463981	.168077
650.15	0	.6854676	0	.1462887	.1682437
649.15	0	.6854106	0	.1461799	.1684095
648.15	0	.6853538	0	.1460717	.1685745
647.15	0	.6852974	0	.145964	.1687386
646.15	0	.6852413	0	.1458569	.1689018
645.15	0	.6851856	0	.1457503	.1690641
644.15	0	.6851301	0	.1456443	.1692257
643.15	0	.685075	0	.1455388	.1693863
642.15	0	.6850201	0	.1454338	.1695461
641.15	0	.6849656	0	.1453294	.169705
640.15	0	.6849114	0	.1452255	.1698631
639.15	0	.6848575	0	.1451222	.1700203
638.15	0	.6848039	0	.1450194	.1701767
637.15	0	.6847507	0	.1449172	.1703322
636.15	0	.6846977	0	.1448154	.1704869
635.15	0	.684645	0	.1447143	.1706407
634.15	0	.6845927	0	.1446136	.1707937
633.15	0	.6845406	0	.1445135	.1709459
632.15	0	.6844889	0	.1444139	.1710972
631.15	0	.6844375	0	.1443148	.1712477
630.15	0	.6843863	0	.1442163	.1713974
629.15	0	.6843355	0	.1441183	.1715462
628.15	0	.6842849	0	.1440209	.1716942
627.15	0	.6842347	0	.1439239	.1718414
626.15	0	.6841848	0	.1438275	.1719877
625.15	0	.6841351	0	.1437316	.1721333
624.15	0	.6840858	0	.1436362	.172278
623.15	0	.6840367	0	.1435414	.1724219
622.15	0	.6839879	0	.143447	.172565
621.15	0	.6839395	0	.1433532	.1727073
620.15	0	.6838913	0	.1432599	.1728488
619.15	0	.6838434	0	.1431672	.1729894
618.15	0	.6837958	0	.1430749	.1731293
617.15	0	.6837485	0	.1429831	.1732684
616.15	0	.6837015	0	.1428919	.1734066
615.15	0	.6836547	0	.1428012	.1735441
614.15	0	.6836083	0	.1427109	.1736808
613.15	0	.6835621	0	.1426212	.1738167
612.15	0	.6835162	0	.142532	.1739518
611.15	0	.6834706	0	.1424433	.1740861
610.15	0	.6834253	0	.1423551	.1742196
609.15	0	.6833803	0	.1422674	.1743523
608.15	0	.6833355	0	.1421802	.1744843
607.15	0	.683291	0	.1420935	.1746155
606.15	0	.6832468	0	.1420074	.1747459
605.15	0	.6832029	0	.1419217	.1748755
604.15	0	.6831592	0	.1418365	.1750043
603.15	0	.6831158	0	.1417517	.1751324
602.15	0	.6830727	0	.1416675	.1752598
601.15	0	.6830299	0	.1415838	.1753863
600.15	0	.6829873	0	.1415006	.1755121
599.15	0	.682945	0	.1414178	.1756371
598.15	0	.682903	0	.1413356	.1757614
597.15	0	.6828613	0	.1412538	.175885
596.15	0	.6828198	0	.1411725	.1760077
595.15	0	.6827785	0	.1410917	.1761298
594.15	0	.6827376	0	.1410114	.176251
593.15	0	.6826969	0	.1409315	.1763716
592.15	0	.6826565	0	.1408522	.1764914
591.15	0	.6826163	0	.1407733	.1766104
590.15	0	.6825764	0	.1406949	.1767287
589.15	0	.6825367	0	.140617	.1768463
588.15	0	.6824974	0	.1405395	.1769631
587.15	0	.6824582	0	.1404625	.1770793
586.15	0	.6824194	0	.140386	.1771947
585.15	0	.6823807	0	.1403099	.1773093
584.15	0	.6823424	0	.1402344	.1774233
583.15	0	.6823043	0	.1401592	.1775365
582.15	0	.6822664	0	.1400846	.177649
581.15	0	.6822288	0	.1400104	.1777608
580.15	0	.6821915	0	.1399367	.1778719
579.15	0	.6821544	0	.1398634	.1779822
578.15	0	.6821175	0	.1397906	.1780919
577.15	0	.6820809	0	.1397182	.1782008
576.15	0	.6820446	0	.1396463	.1783091
575.15	0	.6820085	0	.1395749	.1784167
574.15	0	.6819726	0	.1395039	.1785235
573.15	0	.681937	0	.1394333	.1786297
572.15	0	.6819016	0	.1393632	.1787352
571.15	0	.6818665	0	.1392936	.17884
570.15	0	.6818316	0	.1392243	.1789441
569.15	0	.681797	0	.1391556	.1790475
568.15	0	.6817625	0	.1390872	.1791502
567.15	0	.6817284	0	.1390194	.1792523
566.15	0	.6816944	0	.1389519	.1793537
565.15	0	.6816607	0	.1388849	.1794544
564.15	0	.6816273	0	.1388183	.1795544
563.15	0	.681594	0	.1387522	.1796538
562.15	0	.681561	0	.1386865	.1797525
561.15	0	.6815283	0	.1386212	.1798505
560.15	0	.6814957	0	.1385563	.1799479
559.15	0	.6814634	0	.1384919	.1800446
558.15	0	.6814314	0	.1384279	.1801407
557.15	0	.6813995	0	.1383643	.1802361
556.15	0	.6813679	0	.1383012	.1803309
555.15	0	.6813365	0	.1382385	.180425
554.15	0	.6813053	0	.1381761	.1805185
553.15	0	.6812744	0	.1381142	.1806114
552.15	0	.6812437	0	.1380528	.1807036
551.15	0	.6812132	0	.1379917	.1807952
550.15	0	.6811829	0	.137931	.1808861
549.15	0	.6811528	0	.1378708	.1809764
548.15	0	.681123	0	.1378109	.1810661
547.15	0	.6810934	0	.1377515	.1811552
546.15	0	.681064	0	.1376924	.1812436
545.15	0	.6810348	0	.1376338	.1813314
544.15	0	.6810058	0	.1375756	.1814186
543.15	0	.680977	0	.1375178	.1815052
542.15	0	.6809485	0	.1374603	.1815912
541.15	0	.6809202	0	.1374033	.1816766
540.15	0	.680892	0	.1373466	.1817613
539.15	0	.6808641	0	.1372904	.1818455
538.15	0	.6808364	0	.1372345	.1819291
537.15	0	.6808089	0	.137179	.1820121
536.15	0	.6807816	0	.1371239	.1820944
535.15	0	.6807545	0	.1370692	.1821762
534.15	0	.6807277	0	.1370149	.1822574
533.15	0	.680701	0	.136961	.1823381
532.15	0	.6806745	0	.1369074	.1824181
531.15	0	.6806482	0	.1368542	.1824976
530.15	0	.6806222	0	.1368014	.1825765
529.15	0	.6805963	0	.136749	.1826548
528.15	0	.6805706	0	.1366969	.1827325
527.15	0	.6805451	0	.1366452	.1828097
526.15	0	.6805198	0	.1365939	.1828863
525.15	0	.6804948	0	.1365429	.1829624
524.15	0	.6804699	0	.1364923	.1830379
523.15	0	.6804452	0	.1364421	.1831128
522.15	0	.6804206	0	.1363922	.1831872
521.15	0	.6803963	0	.1363427	.183261
520.15	0	.6803722	0	.1362935	.1833343
519.15	0	.6803483	0	.1362447	.1834071
518.15	0	.6803245	0	.1361962	.1834793
517.15	0	.680301	0	.1361481	.183551
516.15	0	.6802776	0	.1361003	.1836221
515.15	0	.6802544	0	.1360529	.1836927
514.15	0	.6802314	0	.1360059	.1837628
513.15	0	.6802085	0	.1359591	.1838323
512.15	0	.6801859	0	.1359127	.1839014
511.15	0	.6801634	0	.1358667	.1839699
510.15	0	.6801412	0	.135821	.1840379
509.15	0	.680119	0	.1357756	.1841054
508.15	0	.6800971	0	.1357306	.1841723
507.15	0	.6800754	0	.1356859	.1842388
506.15	0	.6800538	0	.1356415	.1843047
505.15	0	.6800324	0	.1355974	.1843702
504.15	0	.6800112	0	.1355537	.1844352
503.15	0	.6799901	0	.1355103	.1844996
502.15	0	.6799692	0	.1354672	.1845636
501.15	0	.6799485	0	.1354244	.1846271
500.15	0	.679928	0	.135382	.1846901
499.15	0	.6799076	0	.1353398	.1847526
498.15	0	.6798874	0	.135298	.1848146
497.15	0	.6798673	0	.1352565	.1848762
496.15	0	.6798474	0	.1352153	.1849372
495.15	0	.6798277	0	.1351744	.1849979
494.15	0	.6798082	0	.1351338	.185058
493.15	0	.6797888	0	.1350936	.1851177
492.15	0	.6797695	0	.1350536	.1851769
491.15	0	.6797505	0	.1350139	.1852357
490.15	0	.6797316	0	.1349745	.185294
489.15	0	.6797128	0	.1349354	.1853518
488.15	0	.6796942	0	.1348966	.1854092
487.15	0	.6796758	0	.1348581	.1854661
486.15	0	.6796575	0	.1348199	.1855227
485.15	0	.6796393	0	.1347819	.1855787
484.15	0	.6796214	0	.1347443	.1856343
483.15	0	.6796035	0	.1347069	.1856895
482.15	0	.6795859	0	.1346699	.1857443
481.15	0	.6795683	0	.1346331	.1857986
480.15	0	.6795509	0	.1345965	.1858525
479.15	0	.6795337	0	.1345603	.185906
478.15	0	.6795166	0	.1345243	.1859591
477.15	0	.6794997	0	.1344886	.1860117
476.15	0	.6794829	0	.1344532	.186064
475.15	0	.6794662	0	.134418	.1861158
474.15	0	.6794497	0	.1343831	.1861672
473.15	0	.6794333	0	.1343484	.1862182
472.15	0	.6794171	0	.1343141	.1862689
471.15	0	.679401	0	.1342799	.1863191
470.15	0	.679385	0	.1342461	.1863689
469.15	0	.6793692	0	.1342125	.1864183
468.15	0	.6793535	0	.1341791	.1864674
467.15	0	.679338	0	.134146	.186516
466.15	0	.6793226	0	.1341132	.1865643
465.15	0	.6793073	0	.1340806	.1866122
464.15	0	.6792921	0	.1340482	.1866597
463.15	0	.6792771	0	.1340161	.1867068
462.15	0	.6792622	0	.1339842	.1867536
461.15	0	.6792475	0	.1339526	.1868
460.15	0	.6792328	0	.1339212	.186846
459.15	0	.6792183	0	.13389	.1868917
458.15	0	.6792039	0	.1338591	.186937
457.15	0	.6791897	0	.1338283	.186982
456.15	0	.6791756	0	.1337979	.1870266
455.15	0	.6791615	0	.1337676	.1870708
454.15	0	.6791476	0	.1337376	.1871147
453.15	0	.6791339	0	.1337078	.1871583
452.15	0	.6791202	0	.1336782	.1872015
451.15	0	.6791067	0	.1336489	.1872444
450.15	0	.6790933	0	.1336197	.187287
449.15	0	.67908	0	.1335908	.1873292
448.15	0	.6790668	0	.1335621	.1873711
447.15	0	.6790538	0	.1335336	.1874126
446.15	0	.6790408	0	.1335053	.1874539
445.15	0	.679028	0	.1334772	.1874948
444.15	0	.6790152	0	.1334494	.1875354
443.15	0	.6790026	0	.1334217	.1875757
442.15	0	.6789901	0	.1333943	.1876156
441.15	0	.6789777	0	.133367	.1876552
440.15	0	.6789655	0	.13334	.1876946
439.15	0	.6789533	0	.1333131	.1877336
438.15	0	.6789412	0	.1332864	.1877723
437.15	0	.6789293	0	.13326	.1878108
436.15	0	.6789174	0	.1332337	.1878489
435.15	0	.6789057	0	.1332076	.1878867
434.15	0	.678894	0	.1331818	.1879242
433.15	0	.6788825	0	.1331561	.1879615
432.15	0	.678871	0	.1331306	.1879984
431.15	0	.6788597	0	.1331052	.1880351
430.15	0	.6788484	0	.1330801	.1880715
429.15	0	.6788373	0	.1330551	.1881076
428.15	0	.6788263	0	.1330304	.1881434
427.15	0	.6788153	0	.1330058	.188179
426.15	0	.6788045	0	.1329813	.1882142
425.15	0	.6787937	0	.1329571	.1882492
424.15	0	.678783	0	.132933	.188284
423.15	0	.6787725	0	.1329091	.1883185
422.15	0	.678762	0	.1328853	.1883527
421.15	0	.6787516	0	.1328618	.1883866
420.15	0	.6787413	0	.1328384	.1884204
419.15	0	.6787311	0	.1328151	.1884538
418.15	0	.678721	0	.132792	.188487
417.15	0	.6787109	0	.1327691	.18852
416.15	0	.678701	0	.1327463	.1885527
415.15	0	.6786911	0	.1327237	.1885852
414.15	0	.6786814	0	.1327012	.1886174
413.15	0	.6786717	0	.1326789	.1886494
412.15	0	.6786621	0	.1326567	.1886812
411.15	0	.6786525	0	.1326347	.1887128
410.15	0	.6786431	0	.1326128	.1887441
409.15	0	.6786337	0	.1325911	.1887752
408.15	0	.6786244	0	.1325695	.1888061
407.15	0	.6786152	0	.1325481	.1888367
406.15	0	.6786061	0	.1325267	.1888672
405.15	0	.678597	0	.1325056	.1888974
404.15	0	.678588	0	.1324845	.1889274
403.15	0	.6785791	0	.1324636	.1889573
402.15	0	.6785703	0	.1324428	.1889869
401.15	0	.6785615	0	.1324221	.1890163
400.15	0	.6785528	0	.1324016	.1890456
399.15	0	.6785442	0	.1323812	.1890746
398.15	0	.6785357	0	.1323609	.1891034
