T	 BPW(LIQUID)	BPW(BCC_A2)	BPW(FCC_A1)	BPW(LAVES_PHASE_C14)	BPW(NI3TI)
1473.15	.7030738	.2969262	0	0	0
1472.15	.6989647	.3010353	0	0	0
1471.15	.6948807	.3051193	0	0	0
1470.15	.6908216	.3091784	0	0	0
1469.15	.6867874	.3132126	0	0	0
1468.15	.6827777	.3172223	0	0	0
1467.15	.6787926	.3212074	0	0	0
1466.15	.6748318	.3251682	0	0	0
1465.15	.6708952	.3291048	0	0	0
1464.15	.6669826	.3330174	0	0	0
1463.15	.6630939	.3369061	0	0	0
1462.15	.659229	.340771	0	0	0
1461.15	.6553877	.3446124	0	0	0
1460.15	.6515698	.3484302	0	0	0
1459.15	.6477752	.3522248	0	0	0
1458.15	.6440038	.3559962	0	0	0
1457.15	.6402555	.3597445	0	0	0
1456.15	.6365301	.36347	0	0	0
1455.15	.6328274	.3671726	0	0	0
1454.15	.6291473	.3708527	0	0	0
1453.15	.6254897	.3745103	0	0	0
1452.15	.6218545	.3781455	0	0	0
1451.15	.6182415	.3817585	0	0	0
1450.15	.6146505	.3853495	0	0	0
1449.15	.6110816	.3889185	0	0	0
1448.15	.6075344	.3924656	0	0	0
1447.15	.6040089	.3959911	0	0	0
1446.15	.600505	.399495	0	0	0
1445.15	.5970225	.4029775	0	0	0
1444.431	.5945313	.4054688	0	0	0
1444.431	.5945313	.4054688	0	0	0
1444.431	.5945313	.4054688	0	0	0
1444.15	.5928172	.4066007	0	5.821504E-04	0
1443.15	.5867711	.4105909	0	.002637979	0
1442.15	.5808124	.4145198	0	.004667765	0
1441.15	.5749394	.4183886	0	.006672084	0
1440.15	.56915	.4221985	0	.008651492	0
1439.15	.5634426	.4259508	0	.01060653	0
1438.15	.5578155	.4296468	0	.01253773	0
1437.15	.5522669	.4332875	0	.01444561	0
1436.15	.5467952	.4368742	0	.01633065	0
1435.15	.5413988	.4404078	0	.01819334	0
1434.15	.5360762	.4438896	0	.02003417	0
1433.15	.5308259	.4473206	0	.02185358	0
1432.15	.5256463	.4507017	0	.02365202	0
1431.15	.5205361	.454034	0	.02542992	0
1430.15	.5154939	.4573184	0	.02718772	0
1429.15	.5105183	.4605559	0	.02892581	0
1428.15	.5056079	.4637475	0	.0306446	0
1427.15	.5007616	.4668939	0	.03234448	0
1426.15	.495978	.4699962	0	.03402583	0
1425.15	.4912559	.473055	0	.03568902	0
1424.15	.4865942	.4760714	0	.03733442	0
1423.15	.4819916	.4790461	0	.03896236	0
1422.15	.477447	.4819798	0	.04057319	0
1421.15	.4729593	.4848734	0	.04216726	0
1420.15	.4685275	.4877276	0	.04374488	0
1419.15	.4641504	.4905432	0	.04530636	0
1418.15	.4598272	.4933208	0	.04685202	0
1417.15	.4555566	.4960612	0	.04838217	0
1416.15	.4513379	.498765	0	.04989709	0
1415.15	.4471699	.501433	0	.05139707	0
1414.15	.4430519	.5040657	0	.05288239	0
1413.15	.4389828	.5066639	0	.05435333	0
1412.15	.4349618	.509228	0	.05581015	0
1411.15	.4309881	.5117588	0	.0572531	0
1410.15	.4270607	.5142569	0	.05868246	0
1409.15	.4231788	.5167228	0	.06009846	0
1408.15	.4193417	.519157	0	.06150134	0
1407.15	.4155485	.5215602	0	.06289134	0
1406.15	.4117985	.5239328	0	.06426869	0
1405.15	.4080909	.5262755	0	.06563362	0
1404.15	.4044249	.5285887	0	.06698635	0
1403.15	.4007999	.530873	0	.0683271	0
1402.15	.3972152	.5331287	0	.06965606	0
1401.15	.39367	.5353565	0	.07097345	0
1400.15	.3901637	.5375568	0	.07227948	0
1399.15	.3866956	.5397301	0	.07357433	0
1398.15	.3832651	.5418767	0	.07485819	0
1397.15	.3798715	.5439972	0	.07613127	0
1396.15	.3765143	.546092	0	.07739373	0
1395.15	.3731927	.5481615	0	.07864575	0
1394.15	.3699063	.5502062	0	.07988753	0
1393.15	.3666545	.5522263	0	.08111921	0
1392.15	.3634366	.5542224	0	.08234098	0
1391.15	.3602521	.5561949	0	.083553	0
1390.15	.3571005	.558144	0	.08475542	0
1389.15	.3539813	.5600703	0	.08594841	0
1388.15	.3508939	.561974	0	.08713212	0
1387.15	.3478378	.5638555	0	.0883067	0
1386.15	.3448125	.5657152	0	.08947229	0
1385.15	.3418176	.5675534	0	.09062905	0
1384.15	.3388525	.5693704	0	.0917771	0
1383.15	.3359167	.5711667	0	.0929166	0
1382.15	.3330099	.5729424	0	.09404768	0
1381.15	.3301316	.574698	0	.09517046	0
1380.15	.3272813	.5764337	0	.09628508	0
1379.15	.3244585	.5781498	0	.09739166	0
1378.15	.321663	.5798467	0	.09849034	0
1377.15	.3188941	.5815246	0	.09958123	0
1376.15	.3161516	.5831839	0	.1006645	0
1375.15	.3134351	.5848248	0	.1017401	0
1374.15	.3107441	.5864476	0	.1028083	0
1373.15	.3080782	.5880525	0	.1038693	0
1372.15	.3054372	.5896399	0	.104923	0
1371.15	.3028205	.5912099	0	.1059696	0
1370.15	.3002279	.5927629	0	.1070091	0
1369.15	.297659	.5942991	0	.1080418	0
1368.15	.2951135	.5958188	0	.1090678	0
1367.15	.2925909	.5973221	0	.110087	0
1366.15	.290091	.5988094	0	.1110996	0
1365.15	.2876135	.6002808	0	.1121057	0
1364.15	.2851579	.6017367	0	.1131054	0
1363.15	.2827241	.6031771	0	.1140988	0
1362.15	.2803116	.6046024	0	.115086	0
1361.15	.2779202	.6060128	0	.1160671	0
1360.15	.2755495	.6074084	0	.1170421	0
1359.15	.2731994	.6087895	0	.1180111	0
1358.15	.2708694	.6101564	0	.1189743	0
1357.15	.2685593	.611509	0	.1199317	0
1356.15	.2662688	.6128479	0	.1208833	0
1355.15	.2639977	.6141729	0	.1218294	0
1354.15	.2617457	.6154845	0	.1227698	0
1353.15	.2595125	.6167827	0	.1237048	0
1352.15	.2572978	.6180678	0	.1246344	0
1351.15	.2551014	.6193399	0	.1255587	0
1350.15	.2529231	.6205992	0	.1264777	0
1349.15	.2507625	.6218459	0	.1273915	0
1348.15	.2486195	.6230802	0	.1283003	0
1347.15	.2464938	.6243022	0	.1292039	0
1346.15	.2443852	.6255122	0	.1301026	0
1345.15	.2422935	.6267101	0	.1309964	0
1344.15	.2402184	.6278963	0	.1318853	0
1343.15	.2381596	.6290709	0	.1327695	0
1342.15	.2361171	.630234	0	.1336489	0
1341.15	.2340905	.6313859	0	.1345236	0
1340.15	.2320797	.6325265	0	.1353938	0
1339.15	.2300844	.6336562	0	.1362595	0
1338.15	.2281044	.634775	0	.1371206	0
1337.15	.2261396	.6358831	0	.1379773	0
1336.15	.2241897	.6369806	0	.1388297	0
1335.15	.2222546	.6380676	0	.1396777	0
1334.15	.2203341	.6391444	0	.1405215	0
1333.15	.2184279	.640211	0	.1413611	0
1332.15	.2165359	.6412676	0	.1421966	0
1331.15	.2146579	.6423142	0	.1430279	0
1330.15	.2127937	.6433511	0	.1438552	0
1329.15	.2109431	.6443784	0	.1446786	0
1328.15	.209106	.6453961	0	.1454979	0
1327.15	.2072822	.6464044	0	.1463134	0
1326.15	.2054716	.6474034	0	.147125	0
1325.15	.2036739	.6483933	0	.1479328	0
1324.15	.201889	.6493741	0	.1487369	0
1323.15	.2001168	.650346	0	.1495372	0
1322.15	.198357	.6513091	0	.1503339	0
1321.15	.1966096	.6522635	0	.151127	0
1320.15	.1948743	.6532093	0	.1519165	0
1319.15	.1931511	.6541465	0	.1527024	0
1318.15	.1914397	.6550754	0	.1534849	0
1317.15	.1897401	.6559961	0	.1542639	0
1316.15	.188052	.6569085	0	.1550394	0
1315.15	.1863754	.6578129	0	.1558117	0
1314.15	.1847102	.6587093	0	.1565806	0
1313.15	.183056	.6595978	0	.1573462	0
1312.15	.1814129	.6604786	0	.1581085	0
1311.15	.1797807	.6613517	0	.1588676	0
1310.15	.1781593	.6622171	0	.1596236	0
1309.15	.1765485	.6630751	0	.1603764	0
1308.15	.1749482	.6639257	0	.1611261	0
1307.15	.1733583	.664769	0	.1618727	0
1306.15	.1717787	.6656051	0	.1626163	0
1305.15	.1702092	.666434	0	.1633569	0
1304.15	.1686497	.6672558	0	.1640945	0
1303.15	.1671001	.6680707	0	.1648292	0
1302.15	.1655603	.6688788	0	.1655609	0
1301.15	.1640302	.66968	0	.1662898	0
1300.15	.1625096	.6704745	0	.1670159	0
1300.117	.1624595	.6705006	0	.1670399	0
1300.117	.1624595	.6705006	0	.1670399	0
1300.117	.1624595	.6705006	0	.1670399	0
1299.15	.1551386	.6679814	.008528477	.1683515	0
1298.15	.147589	.6654364	.0172809	.1696937	0
1297.15	.1400492	.6629497	.02597808	.1710231	0
1296.15	.1325186	.6605207	.03462081	.1723399	0
1295.15	.1249969	.658149	.04320984	.1736442	0
1294.15	.1174838	.655834	.05174595	.1749362	0
1293.15	.1099788	.6535753	.06022987	.1762161	0
1292.15	.1024817	.6513721	.06866233	.1774839	0
1291.15	.09499194	.6492241	.07704407	.1787399	0
1290.15	.08750931	.6471308	.08537578	.1799841	0
1289.15	.08003342	.6450916	.09365818	.1812168	0
1288.15	.07256394	.6431061	.1018919	.182438	0
1287.15	.06510054	.6411738	.1100778	.183648	0
1286.15	.05764291	.6392941	.1182163	.1848467	0
1285.15	.05019073	.6374666	.1263082	.1860345	0
1284.15	.04274368	.6356909	.1343541	.1872113	0
1283.15	.03530148	.6339664	.1423548	.1883774	0
1282.15	.02786382	.6322928	.1503107	.1895328	0
1281.15	.02043043	.6306695	.1582225	.1906776	0
1280.15	.01300101	.6290961	.1660908	.1918121	0
1279.15	.005575295	.6275721	.1739163	.1929363	0
1278.399	0	.6264597	.1797664	.1937739	0
1278.399	0	.6264597	.1797664	.1937739	0
1278.15	0	.6261609	.1799515	.1938876	0
1277.15	0	.6249627	.1806939	.1943433	0
1276.15	0	.6237682	.1814339	.1947979	0
1275.15	0	.6225774	.1821713	.1952513	0
1274.15	0	.6213902	.1829063	.1957035	0
1273.15	0	.6202067	.1836388	.1961545	0
1272.15	0	.6190268	.1843689	.1966043	0
1271.15	0	.6178506	.1850965	.197053	0
1270.15	0	.6166779	.1858216	.1975004	0
1269.15	0	.6155089	.1865444	.1979467	0
1268.15	0	.6143436	.1872646	.1983918	0
1267.15	0	.6131818	.1879825	.1988358	0
1266.15	0	.6120235	.1886979	.1992786	0
1265.15	0	.6108689	.1894108	.1997203	0
1264.15	0	.6097179	.1901214	.2001608	0
1263.15	0	.6085704	.1908295	.2006001	0
1262.15	0	.6074264	.1915352	.2010384	0
1261.15	0	.606286	.1922385	.2014755	0
1260.15	0	.6051492	.1929394	.2019114	0
1259.15	0	.6040159	.1936379	.2023463	0
1258.15	0	.602886	.194334	.20278	0
1257.15	0	.6017597	.1950277	.2032126	0
1256.15	0	.600637	.195719	.2036441	0
1255.15	0	.5995176	.1964079	.2040745	0
1254.15	0	.5984018	.1970944	.2045037	0
1253.15	0	.5972895	.1977786	.2049319	0
1252.15	0	.5961806	.1984604	.205359	0
1251.15	0	.5950752	.1991398	.205785	0
1250.15	0	.5939733	.1998169	.2062099	0
1249.15	0	.5928747	.2004915	.2066337	0
1248.15	0	.5917797	.2011639	.2070565	0
1247.15	0	.590688	.2018338	.2074781	0
1246.15	0	.5895998	.2025015	.2078987	0
1245.15	0	.588515	.2031667	.2083183	0
1244.15	0	.5874336	.2038297	.2087367	0
1243.15	0	.5863556	.2044903	.2091542	0
1242.15	0	.585281	.2051485	.2095705	0
1241.15	0	.5842097	.2058044	.2099858	0
1240.15	0	.5831419	.206458	.2104001	0
1239.15	0	.5820774	.2071093	.2108133	0
1238.15	0	.5810163	.2077582	.2112255	0
1237.15	0	.5799585	.2084049	.2116366	0
1236.15	0	.5789041	.2090492	.2120468	0
1235.15	0	.577853	.2096912	.2124559	0
1234.15	0	.5768052	.2103308	.2128639	0
1233.15	0	.5757608	.2109682	.213271	0
1232.15	0	.5747197	.2116033	.213677	0
1231.15	0	.5736819	.2122361	.214082	0
1230.15	0	.5726474	.2128665	.2144861	0
1229.15	0	.5716162	.2134947	.2148891	0
1228.15	0	.5705883	.2141206	.2152911	0
1227.15	0	.5695637	.2147442	.2156921	0
1226.15	0	.5685423	.2153655	.2160921	0
1225.15	0	.5675243	.2159845	.2164912	0
1224.15	0	.5665095	.2166013	.2168892	0
1223.15	0	.5654979	.2172158	.2172863	0
1222.15	0	.5644896	.217828	.2176824	0
1221.15	0	.5634846	.2184379	.2180775	0
1220.15	0	.5624828	.2190456	.2184716	0
1219.15	0	.5614842	.219651	.2188648	0
1218.15	0	.5604888	.2202542	.219257	0
1217.15	0	.5594967	.220855	.2196483	0
1216.15	0	.5585077	.2214537	.2200386	0
1215.15	0	.557522	.22205	.2204279	0
1214.15	0	.5565395	.2226442	.2208163	0
1213.15	0	.5555602	.223236	.2212038	0
1212.15	0	.5545841	.2238257	.2215903	0
1211.15	0	.5536111	.224413	.2219758	0
1210.15	0	.5526414	.2249982	.2223605	0
1209.15	0	.5516747	.2255811	.2227442	0
1208.15	0	.5507113	.2261617	.2231269	0
1207.15	0	.5497511	.2267402	.2235088	0
1206.15	0	.5487939	.2273164	.2238897	0
1205.15	0	.54784	.2278903	.2242697	0
1204.15	0	.5468892	.2284621	.2246488	0
1203.15	0	.5459415	.2290316	.2250269	0
1202.15	0	.5449969	.2295989	.2254042	0
1201.15	0	.5440555	.230164	.2257805	0
1200.15	0	.5431172	.2307268	.226156	0
1199.15	0	.542182	.2312875	.2265305	0
1198.15	0	.5412499	.2318459	.2269042	0
1197.15	0	.540321	.2324021	.2272769	0
1196.15	0	.5393951	.2329561	.2276488	0
1195.15	0	.5384724	.2335079	.2280198	0
1194.15	0	.5375527	.2340574	.2283899	0
1193.15	0	.5366361	.2346048	.2287591	0
1192.15	0	.5357226	.23515	.2291274	0
1191.15	0	.5348122	.235693	.2294949	0
1190.15	0	.5339048	.2362337	.2298614	0
1189.15	0	.5330005	.2367723	.2302271	0
1188.15	0	.5320993	.2373087	.230592	0
1187.15	0	.5312012	.2378429	.230956	0
1186.15	0	.530306	.2383749	.2313191	0
1185.15	0	.529414	.2389047	.2316814	0
1184.15	0	.528525	.2394323	.2320428	0
1183.15	0	.527639	.2399577	.2324033	0
1182.15	0	.526756	.2404809	.232763	0
1181.15	0	.5258761	.241002	.2331219	0
1180.15	0	.5249993	.2415208	.2334799	0
1179.15	0	.5241254	.2420375	.2338371	0
1178.15	0	.5232545	.242552	.2341934	0
1177.15	0	.5223867	.2430644	.2345489	0
1176.15	0	.5215219	.2435745	.2349036	0
1175.15	0	.5206601	.2440825	.2352575	0
1174.15	0	.5198013	.2445883	.2356105	0
1173.15	0	.5189455	.2450919	.2359627	0
1172.15	0	.5180927	.2455933	.236314	0
1171.15	0	.5172428	.2460926	.2366646	0
1170.15	0	.516396	.2465897	.2370143	0
1169.15	0	.5155521	.2470846	.2373632	0
1168.15	0	.5147113	.2475774	.2377114	0
1167.15	0	.5138734	.248068	.2380587	0
1166.15	0	.5130384	.2485564	.2384052	0
1165.15	0	.5122064	.2490427	.2387509	0
1164.15	0	.5113775	.2495268	.2390957	0
1163.15	0	.5105514	.2500087	.2394398	0
1162.15	0	.5097283	.2504885	.2397831	0
1161.15	0	.5089082	.2509661	.2401257	0
1160.15	0	.508091	.2514416	.2404674	0
1159.15	0	.5072768	.2519149	.2408083	0
1158.15	0	.5064655	.252386	.2411484	0
1157.15	0	.5056572	.252855	.2414878	0
1156.15	0	.5048518	.2533218	.2418264	0
1155.15	0	.5040493	.2537865	.2421642	0
1154.15	0	.5032498	.254249	.2425013	0
1153.15	0	.5024532	.2547093	.2428375	0
1152.15	0	.5016595	.2551675	.243173	0
1151.15	0	.5008687	.2556236	.2435077	0
1150.15	0	.5000809	.2560774	.2438417	0
1149.15	0	.499296	.2565292	.2441749	0
1148.15	0	.498514	.2569787	.2445073	0
1147.15	0	.4977349	.2574262	.244839	0
1146.15	0	.4969587	.2578714	.2451699	0
1145.15	0	.4961854	.2583146	.2455	0
1144.15	0	.495415	.2587555	.2458295	0
1143.15	0	.4946476	.2591944	.2461581	0
1142.15	0	.493883	.259631	.246486	0
1141.15	0	.4931213	.2600655	.2468132	0
1140.15	0	.4923625	.2604979	.2471396	0
1139.15	0	.4916066	.2609281	.2474653	0
1138.15	0	.4908536	.2613562	.2477902	0
1137.15	0	.4901035	.2617821	.2481144	0
1136.15	0	.4893562	.2622058	.2484379	0
1135.15	0	.4886119	.2626275	.2487607	0
1134.15	0	.4878704	.2630469	.2490827	0
1133.15	0	.4871318	.2634642	.2494039	0
1132.15	0	.4863961	.2638794	.2497245	0
1131.15	0	.4856633	.2642924	.2500443	0
1130.15	0	.4849333	.2647033	.2503634	0
1129.15	0	.4842062	.265112	.2506818	0
1128.15	0	.4834819	.2655186	.2509995	0
1127.15	0	.4827606	.265923	.2513165	0
1126.15	0	.4820421	.2663252	.2516327	0
1125.15	0	.4813264	.2667253	.2519482	0
1124.15	0	.4806136	.2671233	.2522631	0
1123.15	0	.4799037	.2675191	.2525772	0
1122.15	0	.4791966	.2679128	.2528906	0
1121.15	0	.4784924	.2683043	.2532033	0
1120.15	0	.4777911	.2686936	.2535153	0
1119.15	0	.4770926	.2690809	.2538266	0
1118.15	0	.4763969	.2694659	.2541372	0
1117.15	0	.4757041	.2698488	.2544471	0
1116.15	0	.4750142	.2702295	.2547563	0
1115.15	0	.474327	.2706081	.2550648	0
1114.15	0	.4736428	.2709846	.2553726	0
1113.15	0	.4729614	.2713588	.2556798	0
1112.15	0	.4722828	.271731	.2559862	0
1111.15	0	.4716071	.2721009	.256292	0
1110.15	0	.4709342	.2724687	.2565971	0
1109.15	0	.4702641	.2728344	.2569015	0
1108.15	0	.4695969	.2731979	.2572052	0
1107.15	0	.4689326	.2735592	.2575082	0
1106.15	0	.468271	.2739184	.2578106	0
1105.15	0	.4676123	.2742754	.2581123	0
1104.15	0	.4669565	.2746302	.2584133	0
1103.15	0	.4663035	.2749829	.2587136	0
1102.15	0	.4656533	.2753335	.2590133	0
1101.15	0	.4650059	.2756818	.2593123	0
1100.15	0	.4643614	.276028	.2596106	0
1099.15	0	.4637197	.276372	.2599083	0
1098.15	0	.4630808	.2767139	.2602052	0
1097.15	0	.4624448	.2770536	.2605016	0
1096.15	0	.4618116	.2773911	.2607972	0
1095.15	0	.4611813	.2777265	.2610923	0
1094.15	0	.4605537	.2780597	.2613866	0
1093.15	0	.459929	.2783907	.2616803	0
1092.15	0	.4593072	.2787195	.2619734	0
1091.15	0	.4586881	.2790462	.2622657	0
1090.15	0	.4580719	.2793706	.2625575	0
1089.15	0	.4574585	.2796929	.2628485	0
1088.15	0	.456848	.2800131	.263139	0
1087.15	0	.4562402	.280331	.2634287	0
1086.15	0	.4556353	.2806468	.2637179	0
1085.15	0	.4550333	.2809604	.2640064	0
1084.15	0	.454434	.2812718	.2642942	0
1083.15	0	.4538376	.281581	.2645814	0
1082.15	0	.453244	.281888	.2648679	0
1081.15	0	.4526533	.2821929	.2651538	0
1080.15	0	.4520654	.2824955	.2654391	0
1079.15	0	.4514803	.282796	.2657237	0
1078.15	0	.450898	.2830943	.2660077	0
1077.15	0	.4503186	.2833904	.2662911	0
1076.15	0	.449742	.2836842	.2665738	0
1075.15	0	.4491682	.2839759	.2668559	0
1074.15	0	.4485973	.2842654	.2671373	0
1073.15	0	.4480291	.2845527	.2674182	0
1072.15	0	.4474639	.2848378	.2676984	0
1071.15	0	.4469014	.2851207	.2679779	0
1070.15	0	.4463418	.2854014	.2682568	0
1069.15	0	.445785	.2856798	.2685351	0
1068.15	0	.4452311	.2859561	.2688128	0
1067.15	0	.44468	.2862302	.2690898	0
1066.15	0	.4441317	.286502	.2693663	0
1065.15	0	.4435863	.2867717	.2696421	0
1064.15	0	.4430437	.2870391	.2699172	0
1063.15	0	.4425039	.2873043	.2701918	0
1062.15	0	.441967	.2875673	.2704657	0
1061.15	0	.441433	.287828	.270739	0
1060.15	0	.4409017	.2880866	.2710117	0
1059.15	0	.4403733	.2883429	.2712838	0
1058.15	0	.4398478	.288597	.2715552	0
1057.15	0	.4393251	.2888489	.271826	0
1056.15	0	.4388052	.2890985	.2720962	0
1055.15	0	.4382882	.289346	.2723659	0
1054.15	0	.4377741	.2895911	.2726348	0
1053.15	0	.4372627	.2898341	.2729032	0
1052.15	0	.4367543	.2900748	.2731709	0
1051.15	0	.4362487	.2903133	.2734381	0
1050.15	0	.4357459	.2905495	.2737046	0
1049.15	0	.435246	.2907835	.2739705	0
1048.15	0	.434749	.2910152	.2742358	0
1047.15	0	.4342548	.2912447	.2745005	0
1046.15	0	.4337635	.291472	.2747646	0
1045.15	0	.433275	.291697	.275028	0
1044.15	0	.4327894	.2919197	.2752909	0
1043.15	0	.4323066	.2921402	.2755531	0
1042.15	0	.4318268	.2923585	.2758148	0
1041.15	0	.4313497	.2925745	.2760758	0
1040.15	0	.4308756	.2927882	.2763362	0
1039.15	0	.4304043	.2929997	.276596	0
1038.15	0	.4299359	.2932089	.2768552	0
1037.15	0	.4294704	.2934158	.2771138	0
1036.15	0	.4290077	.2936205	.2773718	0
1035.15	0	.4285479	.2938229	.2776292	0
1034.15	0	.428091	.294023	.277886	0
1033.15	0	.427637	.2942209	.2781421	0
1032.15	0	.4271859	.2944164	.2783977	0
1031.15	0	.4267376	.2946098	.2786527	0
1030.15	0	.4262922	.2948008	.278907	0
1029.15	0	.4258497	.2949895	.2791608	0
1028.15	0	.4254101	.295176	.2794139	0
1027.15	0	.4249734	.2953602	.2796664	0
1026.15	0	.4245396	.2955421	.2799183	0
1025.15	0	.4241087	.2957217	.2801697	0
1024.15	0	.4236807	.295899	.2804204	0
1023.15	0	.4232555	.296074	.2806705	0
1022.15	0	.4228333	.2962467	.28092	0
1021.15	0	.422414	.2964172	.2811689	0
1020.15	0	.4219975	.2965853	.2814172	0
1019.15	0	.421584	.2967512	.2816648	0
1018.15	0	.4211734	.2969147	.2819119	0
1017.15	0	.4207657	.2970759	.2821584	0
1016.15	0	.4203609	.2972348	.2824042	0
1015.15	0	.419959	.2973915	.2826495	0
1014.15	0	.4195601	.2975458	.2828941	0
1013.15	0	.419164	.2976978	.2831382	0
1012.15	0	.4187709	.2978475	.2833816	0
1011.15	0	.4183807	.2979949	.2836244	0
1010.15	0	.4179934	.29814	.2838666	0
1009.15	0	.4176091	.2982827	.2841082	0
1008.15	0	.4172276	.2984232	.2843492	0
1007.15	0	.4168491	.2985613	.2845896	0
1006.15	0	.4164736	.2986971	.2848293	0
1005.15	0	.4161009	.2988306	.2850685	0
1004.15	0	.4157312	.2989618	.285307	0
1003.15	0	.4153645	.2990906	.2855449	0
1002.15	0	.4150006	.2992171	.2857822	0
1001.15	0	.4146398	.2993413	.2860189	0
1000.15	0	.4142818	.2994632	.286255	0
999.15	0	.4139268	.2995828	.2864904	0
998.15	0	.4135748	.2997	.2867253	0
997.15	0	.4132257	.2998149	.2869595	0
996.15	0	.4128795	.2999274	.2871931	0
995.15	0	.4125363	.3000377	.287426	0
994.15	0	.412196	.3001456	.2876584	0
993.15	0	.4118587	.3002511	.2878901	0
992.15	0	.4115244	.3003544	.2881212	0
991.15	0	.411193	.3004553	.2883517	0
990.15	0	.4108646	.3005539	.2885815	0
989.15	0	.4105391	.3006501	.2888108	0
988.15	0	.4102166	.300744	.2890394	0
987.15	0	.4098971	.3008356	.2892673	0
986.15	0	.4095805	.3009249	.2894946	0
985.15	0	.4092669	.3010118	.2897213	0
984.15	0	.4089562	.3010964	.2899474	0
983.15	0	.4086486	.3011786	.2901728	0
982.15	0	.4083438	.3012586	.2903976	0
981.15	0	.4080421	.3013362	.2906217	0
980.15	0	.4077433	.3014115	.2908452	0
979.15	0	.4074475	.3014844	.2910681	0
978.15	0	.4071547	.301555	.2912903	0
977.15	0	.4068649	.3016233	.2915118	0
976.15	0	.406578	.3016893	.2917327	0
975.15	0	.4062941	.3017529	.291953	0
974.15	0	.4060132	.3018142	.2921726	0
973.15	0	.4057352	.3018733	.2923915	0
972.15	0	.4054602	.3019299	.2926098	0
971.15	0	.4051882	.3019843	.2928275	0
970.15	0	.4049192	.3020364	.2930444	0
969.15	0	.4046532	.3020861	.2932607	0
968.15	0	.4043901	.3021335	.2934764	0
967.15	0	.40413	.3021787	.2936913	0
966.15	0	.4038729	.3022215	.2939056	0
965.15	0	.4036187	.302262	.2941193	0
964.15	0	.4033675	.3023003	.2943322	0
963.15	0	.4031193	.3023362	.2945445	0
962.15	0	.4028741	.3023698	.2947561	0
961.15	0	.4026319	.3024012	.294967	0
960.15	0	.4023926	.3024303	.2951772	0
959.15	0	.4021562	.3024571	.2953867	0
958.15	0	.4019229	.3024816	.2955955	0
957.15	0	.4016925	.3025039	.2958037	0
956.15	0	.4014651	.3025238	.2960111	0
955.15	0	.4012406	.3025416	.2962178	0
954.15	0	.4010191	.3025571	.2964239	0
953.15	0	.4008005	.3025703	.2966292	0
952.15	0	.4005849	.3025813	.2968338	0
951.15	0	.4003723	.30259	.2970377	0
950.15	0	.4001626	.3025966	.2972408	0
949.15	0	.3999559	.3026009	.2974433	0
948.15	0	.399752	.302603	.297645	0
947.15	0	.3995512	.3026028	.297846	0
946.15	0	.3993532	.3026005	.2980463	0
945.15	0	.3991582	.302596	.2982458	0
944.15	0	.3989661	.3025893	.2984445	0
943.15	0	.398777	.3025805	.2986426	0
942.15	0	.3985907	.3025694	.2988398	0
941.15	0	.3984074	.3025562	.2990364	0
940.15	0	.398227	.3025409	.2992321	0
939.15	0	.3980495	.3025234	.2994271	0
938.15	0	.3978748	.3025038	.2996214	0
937.15	0	.3977031	.3024821	.2998148	0
936.15	0	.3975342	.3024583	.3000075	0
935.15	0	.3973682	.3024323	.3001994	0
934.15	0	.3972051	.3024043	.3003905	0
933.15	0	.3970449	.3023743	.3005809	0
932.15	0	.3968875	.3023422	.3007704	0
931.15	0	.3967329	.302308	.3009591	0
930.15	0	.3965812	.3022718	.301147	0
929.15	0	.3964323	.3022336	.3013341	0
928.15	0	.3962862	.3021934	.3015204	0
927.15	0	.3961429	.3021512	.3017059	0
926.15	0	.3960025	.302107	.3018905	0
925.15	0	.3958648	.3020609	.3020743	0
924.15	0	.3957299	.3020129	.3022573	0
923.15	0	.3955978	.3019629	.3024394	0
922.15	0	.3954684	.301911	.3026206	0
921.15	0	.3953417	.3018573	.302801	0
920.15	0	.3952178	.3018016	.3029805	0
919.15	0	.3950966	.3017442	.3031592	0
918.15	0	.3949782	.3016849	.303337	0
917.15	0	.3948624	.3016238	.3035138	0
916.15	0	.3947493	.3015609	.3036898	0
915.15	0	.3946388	.3014963	.3038649	0
914.15	0	.394531	.3014299	.3040391	0
913.15	0	.3944258	.3013618	.3042124	0
912.15	0	.3943232	.3012921	.3043847	0
911.15	0	.3942233	.3012206	.3045561	0
910.15	0	.3941258	.3011475	.3047266	0
909.15	0	.394031	.3010729	.3048961	0
908.15	0	.3939387	.3009966	.3050647	0
907.15	0	.393849	.3009187	.3052323	0
906.15	0	.3937617	.3008394	.305399	0
905.15	0	.3936769	.3007585	.3055646	0
904.15	0	.3935946	.3006762	.3057293	0
903.15	0	.3935147	.3005924	.3058929	0
902.15	0	.3934372	.3005072	.3060556	0
901.15	0	.3933621	.3004207	.3062172	0
900.15	0	.3932894	.3003328	.3063779	0
899.15	0	.393219	.3002436	.3065374	0
898.15	0	.393151	.3001531	.306696	0
897.15	0	.3930852	.3000614	.3068534	0
896.15	0	.3930217	.2999685	.3070098	0
895.15	0	.3929604	.2998744	.3071652	0
894.15	0	.3929014	.2997792	.3073194	0
893.15	0	.3928445	.299683	.3074725	0
892.15	0	.3927897	.2995857	.3076246	0
891.15	0	.3927371	.2994875	.3077754	0
890.15	0	.3926865	.2993883	.3079252	0
889.15	0	.392638	.2992882	.3080738	0
888.15	0	.3925915	.2991872	.3082213	0
887.15	0	.392547	.2990854	.3083675	0
886.15	0	.3925045	.2989829	.3085126	0
885.15	0	.3924638	.2988797	.3086565	0
884.15	0	.392425	.2987759	.3087992	0
883.15	0	.392388	.2986714	.3089406	0
882.15	0	.3923528	.2985664	.3090808	0
881.15	0	.3923193	.2984609	.3092198	0
880.15	0	.3922876	.298355	.3093574	0
879.15	0	.3922575	.2982488	.3094938	0
878.15	0	.392229	.2981422	.3096289	0
877.15	0	.392202	.2980354	.3097626	0
876.15	0	.3921766	.2979284	.309895	0
875.15	0	.3921526	.2978214	.310026	0
874.15	0	.39213	.2977143	.3101557	0
873.15	0	.3921088	.2976072	.310284	0
872.15	0	.3920889	.2975003	.3104109	0
871.15	0	.3920702	.2973935	.3105363	0
870.15	0	.3920527	.297287	.3106603	0
869.15	0	.3920364	.2971809	.3107828	0
868.15	0	.392021	.2970752	.3109038	0
867.15	0	.3920067	.29697	.3110233	0
866.15	0	.3919934	.2968654	.3111412	0
865.15	0	.3919808	.2967615	.3112576	0
864.15	0	.3919691	.2966584	.3113725	0
863.15	0	.3919581	.2965563	.3114856	0
862.15	0	.3919478	.296455	.3115972	0
861.15	0	.391938	.296355	.3117071	0
860.15	0	.3919287	.296256	.3118153	0
859.15	0	.3919198	.2961585	.3119218	0
858.15	0	.3919112	.2960623	.3120265	0
857.15	0	.3919028	.2959677	.3121295	0
856.15	0	.3918946	.2958748	.3122306	0
855.15	0	.3918864	.2957837	.3123299	0
854.15	0	.3918782	.2956945	.3124273	0
853.15	0	.3918699	.2956074	.3125228	0
852.15	0	.3918612	.2955225	.3126163	0
851.15	0	.3918522	.29544	.3127078	0
850.15	0	.3918427	.29536	.3127973	0
849.15	0	.3918326	.2952827	.3128848	0
848.15	0	.3918217	.2952083	.3129701	0
847.15	0	.39181	.2951368	.3130532	0
846.15	0	.3917972	.2950687	.3131341	0
845.15	0	.3917834	.2950039	.3132127	0
844.15	0	.3917682	.2949427	.313289	0
843.15	0	.3917516	.2948854	.313363	0
842.15	0	.3917334	.2948322	.3134344	0
841.15	0	.3917134	.2947832	.3135034	0
840.15	0	.3916914	.2947388	.3135698	0
839.15	0	.3916673	.2946991	.3136336	0
838.15	0	.3916408	.2946646	.3136946	0
837.15	0	.3916118	.2946354	.3137529	0
836.15	0	.3915799	.2946119	.3138082	0
835.15	0	.391545	.2945944	.3138606	0
834.15	0	.3915068	.2945833	.3139099	0
833.15	0	.3914651	.2945789	.313956	0
832.15	0	.3914195	.2945816	.3139989	0
831.15	0	.3913697	.294592	.3140383	0
830.15	0	.3913155	.2946103	.3140742	0
829.15	0	.3912563	.2946372	.3141065	0
828.15	0	.391192	.2946731	.3141349	0
827.15	0	.3911219	.2947187	.3141594	0
826.15	0	.3910458	.2947745	.3141797	0
825.15	0	.390963	.2948413	.3141956	0
824.15	0	.3908731	.2949198	.314207	0
823.15	0	.3907755	.2950109	.3142137	0
822.15	0	.3906694	.2951153	.3142153	0
821.15	0	.3905542	.2952342	.3142115	0
820.15	0	.3904291	.2953687	.3142022	0
819.15	0	.3902932	.29552	.3141869	0
818.15	0	.3901454	.2956894	.3141652	0
817.15	0	.3899846	.2958787	.3141368	0
816.15	0	.3898095	.2960895	.314101	0
815.15	0	.389409	.2966032	.3139878	0
814.15	0	.3887502	.2974657	.3137841	0
813.15	0	.3881783	.2982178	.3136039	0
812.15	0	.3876786	.2988787	.3134427	0
811.15	0	.3872401	.2994626	.3132973	0
810.15	0	.3868542	.2999807	.313165	0
809.15	0	.3865142	.3004417	.313044	0
808.15	0	.3862146	.3008527	.3129328	0
807.15	0	.3859506	.3012195	.3128299	0
806.15	0	.3857186	.3015469	.3127345	0
805.15	0	.3855152	.3018392	.3126457	0
804.15	0	.3853376	.3020998	.3125627	0
803.15	0	.3851834	.3023318	.3124849	0
802.15	0	.3850505	.3025378	.3124118	0
801.15	0	.384937	.3027202	.3123429	0
800.15	0	.3848412	.302881	.3122778	0
799.15	0	.3847618	.303022	.3122162	0
798.15	0	.3846973	.3031449	.3121578	0
797.15	0	.3846465	.3032512	.3121023	0
796.15	0	.3846085	.3033421	.3120495	0
795.15	0	.3845822	.3034188	.311999	0
794.15	0	.3845668	.3034824	.3119509	0
793.15	0	.3845613	.3035339	.3119048	0
792.15	0	.3845652	.3035742	.3118606	0
791.15	0	.3845778	.3036041	.3118182	0
790.15	0	.3845983	.3036243	.3117774	0
789.15	0	.3846262	.3036356	.3117382	0
788.15	0	.3846611	.3036386	.3117003	0
787.15	0	.3847024	.3036338	.3116638	0
786.15	0	.3847496	.3036219	.3116285	0
785.15	0	.3848024	.3036033	.3115944	0
784.15	0	.3848603	.3035785	.3115613	0
783.15	0	.3849229	.3035479	.3115292	0
782.15	0	.3849901	.3035119	.3114981	0
781.15	0	.3850613	.3034709	.3114678	0
780.15	0	.3851364	.3034253	.3114383	0
779.15	0	.385215	.3033754	.3114096	0
778.15	0	.3852969	.3033215	.3113816	0
777.15	0	.3853818	.3032639	.3113543	0
776.15	0	.3854696	.3032028	.3113276	0
775.15	0	.38556	.3031385	.3113015	0
774.15	0	.3856527	.3030713	.311276	0
773.15	0	.3857477	.3030013	.3112509	0
772.15	0	.3858448	.3029288	.3112264	0
771.15	0	.3859437	.302854	.3112023	0
770.15	0	.3860443	.3027771	.3111786	0
769.15	0	.3861465	.3026982	.3111554	0
768.15	0	.3862532	.302615	.3111318	0
767.15	0	.3863579	.3025328	.3111093	0
766.15	0	.3864637	.3024491	.3110872	0
765.15	0	.3865707	.302364	.3110653	0
764.15	0	.3866786	.3022776	.3110438	0
763.15	0	.3867873	.3021901	.3110225	0
762.15	0	.3868969	.3021016	.3110015	0
761.15	0	.3870071	.3020122	.3109807	0
760.15	0	.3871178	.301922	.3109601	0
759.15	0	.3872291	.3018311	.3109398	0
758.15	0	.3873408	.3017396	.3109196	0
757.15	0	.3874528	.3016476	.3108996	0
756.15	0	.3875651	.3015551	.3108798	0
755.15	0	.3876776	.3014622	.3108602	0
754.15	0	.3877903	.3013691	.3108407	0
753.15	0	.387903	.3012757	.3108213	0
752.15	0	.3880158	.3011821	.3108021	0
751.15	0	.3881286	.3010885	.3107829	0
750.15	0	.3882413	.3009948	.3107639	0
749.15	0	.3883538	.3009012	.310745	0
748.15	0	.3884663	.3008076	.3107262	0
747.15	0	.3885785	.3007141	.3107075	0
746.15	0	.3886905	.3006207	.3106888	0
745.15	0	.3888022	.3005276	.3106702	0
744.15	0	.3889136	.3004348	.3106517	0
743.15	0	.3890246	.3003422	.3106332	0
742.15	0	.3891353	.3002499	.3106148	0
741.15	0	.3892456	.300158	.3105964	0
740.15	0	.3893554	.3000665	.3105781	0
739.15	0	.3894648	.2999754	.3105598	0
738.15	0	.3895737	.2998847	.3105416	0
737.15	0	.3896821	.2997945	.3105233	0
736.15	0	.38979	.2997049	.3105051	0
735.15	0	.3898973	.2996157	.3104869	0
734.15	0	.3900041	.2995271	.3104688	0
733.15	0	.3901103	.2994391	.3104506	0
732.15	0	.3902159	.2993517	.3104324	0
731.15	0	.3903209	.2992649	.3104143	0
730.15	0	.3904252	.2991786	.3103961	0
729.15	0	.3905289	.2990931	.310378	0
728.15	0	.390632	.2990082	.3103598	0
727.15	0	.3907344	.298924	.3103416	0
726.15	0	.3908361	.2988404	.3103234	0
725.15	0	.3909372	.2987576	.3103052	0
724.15	0	.3910375	.2986755	.310287	0
723.15	0	.3911372	.2985941	.3102688	0
722.15	0	.3912361	.2985134	.3102505	0
721.15	0	.3913343	.2984335	.3102323	0
720.15	0	.3914318	.2983543	.310214	0
719.15	0	.3915285	.2982758	.3101956	0
718.15	0	.3916246	.2981982	.3101773	0
717.15	0	.3917198	.2981213	.3101589	0
716.15	0	.3918144	.2980452	.3101405	0
715.15	0	.3919082	.2979698	.310122	0
714.15	0	.3920012	.2978953	.3101036	0
713.15	0	.3920935	.2978215	.310085	0
712.15	0	.392185	.2977485	.3100665	0
711.15	0	.3922758	.2976764	.3100479	0
710.15	0	.3923658	.297605	.3100293	0
709.15	0	.392455	.2975344	.3100106	0
708.15	0	.3925435	.2974646	.3099919	0
707.15	0	.3926312	.2973957	.3099731	0
706.15	0	.3927182	.2973275	.3099543	0
705.15	0	.3928043	.2972602	.3099354	0
704.15	0	.3928898	.2971937	.3099166	0
703.15	0	.3929744	.297128	.3098976	0
702.15	0	.3930583	.2970631	.3098786	0
701.15	0	.3931414	.296999	.3098596	0
700.15	0	.3932238	.2969357	.3098405	0
699.15	0	.3933054	.2968732	.3098214	0
698.15	0	.3933863	.2968115	.3098022	0
697.15	0	.3934664	.2967507	.309783	0
696.15	0	.3935457	.2966906	.3097637	0
695.15	0	.3936243	.2966314	.3097444	0
694.15	0	.3937021	.2965729	.309725	0
693.15	0	.3937792	.2965153	.3097056	0
692.15	0	.3938555	.2964584	.3096861	0
691.15	0	.3939311	.2964024	.3096665	0
690.15	0	.394006	.2963471	.309647	0
689.15	0	.3940801	.2962926	.3096273	0
688.15	0	.3941535	.2962389	.3096076	0
687.15	0	.3942261	.296186	.3095879	0
686.15	0	.394298	.2961339	.3095681	0
685.15	0	.3943692	.2960826	.3095482	0
684.15	0	.3944397	.296032	.3095283	0
683.15	0	.3945094	.2959822	.3095083	0
682.15	0	.3945785	.2959332	.3094883	0
681.15	0	.3946468	.2958849	.3094683	0
680.15	0	.3947144	.2958374	.3094482	0
679.15	0	.3947813	.2957907	.309428	0
678.15	0	.3948475	.2957447	.3094078	0
677.15	0	.3949131	.2956995	.3093875	0
676.15	0	.3949779	.295655	.3093671	0
675.15	0	.395042	.2956112	.3093468	0
674.15	0	.3951055	.2955682	.3093263	0
673.15	0	.3951682	.2955259	.3093058	0
672.15	0	.3952303	.2954844	.3092853	0
671.15	0	.3952917	.2954436	.3092647	0
670.15	0	.3953525	.2954035	.309244	0
669.15	0	.3954126	.2953641	.3092233	0
668.15	0	.395472	.2953254	.3092025	0
667.15	0	.3955308	.2952875	.3091817	0
666.15	0	.3955889	.2952502	.3091609	0
665.15	0	.3956464	.2952137	.30914	0
664.15	0	.3957032	.2951778	.309119	0
663.15	0	.3957594	.2951426	.309098	0
662.15	0	.395815	.2951082	.3090769	0
661.15	0	.3958699	.2950744	.3090558	0
660.15	0	.3959242	.2950412	.3090346	0
659.15	0	.3959779	.2950088	.3090134	0
658.15	0	.3960309	.294977	.3089921	0
657.15	0	.3960834	.2949459	.3089708	0
656.15	0	.3961352	.2949154	.3089494	0
655.15	0	.3961864	.2948856	.308928	0
654.15	0	.3962371	.2948564	.3089065	0
653.15	0	.3962871	.2948279	.308885	0
652.15	0	.3963365	.2948001	.3088634	0
651.15	0	.3963854	.2947728	.3088418	0
650.15	0	.3964337	.2947462	.3088201	0
649.15	0	.3964814	.2947202	.3087984	0
648.15	0	.3965285	.2946949	.3087767	0
647.15	0	.396575	.2946701	.3087549	0
646.15	0	.396621	.294646	.308733	0
645.15	0	.3966664	.2946225	.3087111	0
644.15	0	.3967113	.2945995	.3086892	0
643.15	0	.3967556	.2945772	.3086672	0
642.15	0	.3967994	.2945555	.3086452	0
641.15	0	.3968426	.2945344	.3086231	0
640.15	0	.3968853	.2945138	.3086009	0
639.15	0	.3969274	.2944938	.3085788	0
638.15	0	.396969	.2944744	.3085566	0
637.15	0	.3970101	.2944556	.3085343	0
636.15	0	.3970506	.2944373	.308512	0
635.15	0	.3970906	.2944196	.3084897	0
634.15	0	.3971302	.2944025	.3084673	0
633.15	0	.3971692	.2943859	.3084449	0
632.15	0	.3972077	.2943699	.3084225	0
631.15	0	.3972457	.2943544	.3084	0
630.15	0	.3972831	.2943394	.3083774	0
629.15	0	.3973201	.294325	.3083549	0
628.15	0	.3973566	.2943111	.3083322	0
627.15	0	.3973926	.2942978	.3083096	0
626.15	0	.3974282	.2942849	.3082869	0
625.15	0	.3974632	.2942726	.3082642	0
624.15	0	.3974978	.2942608	.3082414	0
623.15	0	.3975319	.2942495	.3082186	0
622.15	0	.3975655	.2942387	.3081958	0
621.15	0	.3975986	.2942285	.3081729	0
620.15	0	.3976313	.2942187	.30815	0
619.15	0	.3976636	.2942094	.3081271	0
618.15	0	.3976954	.2942006	.3081041	0
617.15	0	.3977267	.2941922	.3080811	0
616.15	0	.3977576	.2941844	.3080581	0
615.15	0	.397788	.294177	.308035	0
614.15	0	.397818	.2941701	.3080119	0
613.15	0	.3978476	.2941637	.3079888	0
612.15	0	.3978767	.2941577	.3079656	0
611.15	0	.3979054	.2941522	.3079424	0
610.15	0	.3979337	.2941472	.3079192	0
609.15	0	.3979615	.2941426	.3078959	0
608.15	0	.3979889	.2941384	.3078726	0
607.15	0	.398016	.2941347	.3078493	0
606.15	0	.3980426	.2941314	.307826	0
605.15	0	.3980688	.2941286	.3078026	0
604.15	0	.3980945	.2941262	.3077792	0
603.15	0	.3981199	.2941242	.3077558	0
602.15	0	.3981449	.2941227	.3077324	0
601.15	0	.3981695	.2941216	.3077089	0
600.15	0	.3981937	.2941208	.3076854	0
599.15	0	.3982175	.2941205	.3076619	0
598.15	0	.398241	.2941206	.3076384	0
597.15	0	.398264	.2941212	.3076148	0
596.15	0	.3982867	.2941221	.3075912	0
595.15	0	.398309	.2941234	.3075676	0
594.15	0	.3983309	.2941251	.307544	0
593.15	0	.3983524	.2941272	.3075204	0
592.15	0	.3983736	.2941297	.3074967	0
591.15	0	.3983944	.2941325	.307473	0
590.15	0	.3984149	.2941358	.3074493	0
589.15	0	.398435	.2941394	.3074256	0
588.15	0	.3984547	.2941434	.3074019	0
587.15	0	.3984741	.2941478	.3073781	0
586.15	0	.3984932	.2941525	.3073543	0
585.15	0	.3985119	.2941576	.3073306	0
584.15	0	.3985302	.2941631	.3073068	0
583.15	0	.3985482	.2941689	.3072829	0
582.15	0	.3985659	.294175	.3072591	0
581.15	0	.3985832	.2941815	.3072353	0
580.15	0	.3986003	.2941883	.3072114	0
579.15	0	.3986169	.2941955	.3071875	0
578.15	0	.3986333	.2942031	.3071636	0
577.15	0	.3986493	.2942109	.3071397	0
576.15	0	.3986651	.2942191	.3071158	0
575.15	0	.3986805	.2942276	.3070919	0
574.15	0	.3986955	.2942365	.307068	0
573.15	0	.3987103	.2942457	.3070441	0
572.15	0	.3987248	.2942551	.3070201	0
571.15	0	.3987389	.2942649	.3069962	0
570.15	0	.3987528	.294275	.3069722	0
569.15	0	.3987663	.2942855	.3069482	0
568.15	0	.3987796	.2942962	.3069242	0
567.15	0	.3987925	.2943072	.3069003	0
566.15	0	.3988052	.2943185	.3068763	0
565.15	0	.3988176	.2943302	.3068523	0
564.15	0	.3988296	.2943421	.3068283	0
563.15	0	.3988414	.2943543	.3068043	0
562.15	0	.3988529	.2943668	.3067803	0
561.15	0	.3988642	.2943795	.3067563	0
560.15	0	.3988751	.2943926	.3067323	0
559.15	0	.3988858	.2944059	.3067083	0
558.15	0	.3988962	.2944195	.3066843	0
557.15	0	.3989063	.2944334	.3066603	0
556.15	0	.3989162	.2944476	.3066362	0
555.15	0	.3989258	.294462	.3066122	0
554.15	0	.3989351	.2944766	.3065882	0
553.15	0	.3989442	.2944916	.3065642	0
552.15	0	.398953	.2945068	.3065402	0
551.15	0	.3989616	.2945222	.3065162	0
550.15	0	.3989699	.2945379	.3064922	0
549.15	0	.3989779	.2945539	.3064682	0
548.15	0	.3989857	.2945701	.3064443	0
547.15	0	.3989932	.2945865	.3064203	0
546.15	0	.3990005	.2946032	.3063963	0
545.15	0	.3990076	.2946201	.3063723	0
544.15	0	.3990144	.2946373	.3063484	0
543.15	0	.399021	.2946546	.3063244	0
542.15	0	.3990273	.2946722	.3063005	0
541.15	0	.3990334	.2946901	.3062765	0
540.15	0	.3990393	.2947081	.3062526	0
539.15	0	.3990449	.2947264	.3062287	0
538.15	0	.3990503	.2947449	.3062048	0
537.15	0	.3990555	.2947636	.3061809	0
536.15	0	.3990604	.2947826	.306157	0
535.15	0	.3990651	.2948017	.3061331	0
534.15	0	.3990696	.2948211	.3061093	0
533.15	0	.3990739	.2948406	.3060854	0
532.15	0	.399078	.2948604	.3060616	0
531.15	0	.3990819	.2948804	.3060378	0
530.15	0	.3990855	.2949005	.306014	0
529.15	0	.3990889	.2949209	.3059902	0
528.15	0	.3990921	.2949414	.3059664	0
527.15	0	.3990952	.2949622	.3059427	0
526.15	0	.399098	.2949831	.3059189	0
525.15	0	.3991006	.2950042	.3058952	0
524.15	0	.399103	.2950255	.3058715	0
523.15	0	.3991052	.295047	.3058478	0
522.15	0	.3991072	.2950687	.3058242	0
521.15	0	.399109	.2950905	.3058005	0
520.15	0	.3991106	.2951125	.3057769	0
519.15	0	.399112	.2951347	.3057533	0
518.15	0	.3991132	.2951571	.3057297	0
517.15	0	.3991143	.2951796	.3057062	0
516.15	0	.3991151	.2952023	.3056826	0
515.15	0	.3991158	.2952251	.3056591	0
514.15	0	.3991163	.2952481	.3056356	0
513.15	0	.3991166	.2952713	.3056122	0
512.15	0	.3991167	.2952946	.3055887	0
511.15	0	.3991166	.2953181	.3055653	0
510.15	0	.3991164	.2953417	.3055419	0
509.15	0	.399116	.2953655	.3055186	0
508.15	0	.3991154	.2953894	.3054953	0
507.15	0	.3991148	.2954134	.3054718	0
506.15	0	.3991138	.2954376	.3054485	0
505.15	0	.3991127	.295462	.3054253	0
504.15	0	.3991115	.2954865	.3054021	0
503.15	0	.39911	.2955111	.3053789	0
502.15	0	.3991085	.2955358	.3053557	0
501.15	0	.3991067	.2955607	.3053326	0
500.15	0	.3991048	.2955858	.3053095	0
499.15	0	.3991027	.2956109	.3052864	0
498.15	0	.3991004	.2956362	.3052634	0
497.15	0	.3990981	.2956616	.3052404	0
496.15	0	.3990955	.2956871	.3052174	0
495.15	0	.3990928	.2957127	.3051945	0
494.15	0	.39909	.2957385	.3051716	0
493.15	0	.399087	.2957643	.3051487	0
492.15	0	.3990838	.2957903	.3051259	0
491.15	0	.3990805	.2958164	.3051031	0
490.15	0	.399077	.2958426	.3050804	0
489.15	0	.3990734	.2958689	.3050576	0
488.15	0	.3990697	.2958953	.305035	0
487.15	0	.3990658	.2959218	.3050123	0
486.15	0	.3990618	.2959485	.3049897	0
485.15	0	.3990577	.2959752	.3049672	0
484.15	0	.3990534	.296002	.3049446	0
483.15	0	.3990489	.2960289	.3049221	0
482.15	0	.3990444	.2960559	.3048997	0
481.15	0	.3990397	.296083	.3048773	0
480.15	0	.3990348	.2961102	.304855	0
479.15	0	.3990299	.2961375	.3048326	0
478.15	0	.3990248	.2961648	.3048104	0
477.15	0	.3990196	.2961923	.3047881	0
476.15	0	.3990142	.2962198	.304766	0
475.15	0	.3990088	.2962474	.3047438	0
474.15	0	.3990031	.2962751	.3047217	0
473.15	0	.3989974	.2963029	.3046997	0
472.15	0	.3989916	.2963308	.3046777	0
471.15	0	.3989856	.2963587	.3046557	0
470.15	0	.3989796	.2963867	.3046338	0
469.15	0	.3989734	.2964147	.3046119	0
468.15	0	.398967	.2964428	.3045901	0
467.15	0	.3989606	.2964711	.3045683	0
466.15	0	.3989541	.2964993	.3045466	0
465.15	0	.3989474	.2965276	.304525	0
464.15	0	.3989406	.296556	.3045033	0
463.15	0	.3989338	.2965845	.3044818	0
462.15	0	.3989268	.296613	.3044602	0
461.15	0	.3989197	.2966416	.3044388	0
460.15	0	.3989125	.2966702	.3044174	0
459.15	0	.3989051	.2966989	.304396	0
458.15	0	.3988977	.2967276	.3043747	0
457.15	0	.3988902	.2967564	.3043535	0
456.15	0	.3988826	.2967852	.3043323	0
455.15	0	.3988749	.296814	.3043111	0
454.15	0	.398867	.296843	.30429	0
453.15	0	.3988591	.2968719	.304269	0
452.15	0	.3988511	.2969009	.304248	0
451.15	0	.398843	.29693	.3042271	0
450.15	0	.3988347	.2969591	.3042062	0
449.15	0	.3988265	.2969882	.3041854	0
448.15	0	.3988181	.2970173	.3041646	0
447.15	0	.3988096	.2970464	.304144	0
446.15	0	.3988011	.2970756	.3041233	0
445.15	0	.3987924	.2971048	.3041028	0
444.15	0	.3987837	.297134	.3040823	0
443.15	0	.3987749	.2971632	.3040618	0
442.15	0	.3987661	.2971924	.3040415	0
441.15	0	.3987571	.2972217	.3040212	0
440.15	0	.3987482	.2972509	.304001	0
439.15	0	.3987391	.2972801	.3039808	0
438.15	0	.39873	.2973093	.3039607	0
437.15	0	.3987208	.2973386	.3039407	0
436.15	0	.3987115	.2973677	.3039207	0
435.15	0	.3987022	.2973969	.3039009	0
