T	 BPW(LIQUID)	BPW(BCC_A2)	BPW(FCC_A1)	BPW(LAVES_PHASE_C14)	BPW(NI3TI)
1473.15	.8788843	.001557083	0	.1195586	0
1472.15	.8695781	.007891855	0	.12253	0
1471.15	.8604347	.01411431	0	.125451	0
1470.15	.8514499	.0202273	0	.1283228	0
1469.15	.8426197	.02623357	0	.1311467	0
1468.15	.8339402	.03213579	0	.133924	0
1467.15	.8254076	.03793653	0	.1366558	0
1466.15	.8170184	.04363829	0	.1393434	0
1465.15	.8087689	.04924347	0	.1419877	0
1464.15	.8006557	.0547544	0	.1445899	0
1463.15	.7926756	.06017336	0	.147151	0
1462.15	.7848254	.06550252	0	.1496721	0
1461.15	.777102	.07074401	0	.152154	0
1460.15	.7695023	.07589988	0	.1545979	0
1459.15	.7620234	.08097211	0	.1570044	0
1458.15	.7546627	.08596265	0	.1593747	0
1457.15	.7474172	.09087336	0	.1617095	0
1456.15	.7402844	.09570605	0	.1640096	0
1455.15	.7332617	.1004625	0	.1662758	0
1454.15	.7263466	.1051444	0	.168509	0
1453.15	.7195367	.1097534	0	.1707099	0
1452.15	.7128296	.1142911	0	.1728793	0
1451.15	.7062231	.1187592	0	.1750177	0
1450.15	.6997149	.123159	0	.1771261	0
1449.15	.693303	.1274921	0	.1792049	0
1448.15	.6869851	.13176	0	.1812549	0
1447.15	.6807594	.1359639	0	.1832768	0
1446.15	.6746237	.1401053	0	.185271	0
1445.15	.6685763	.1441855	0	.1872383	0
1444.15	.6626151	.1482057	0	.1891792	0
1443.15	.6567386	.1521672	0	.1910942	0
1442.15	.6509447	.1560713	0	.192984	0
1441.15	.6452319	.159919	0	.194849	0
1440.15	.6395985	.1637116	0	.1966898	0
1439.15	.6340429	.1674502	0	.1985069	0
1438.15	.6285634	.1711358	0	.2003008	0
1437.15	.6231586	.1747694	0	.2020719	0
1436.15	.6178269	.1783523	0	.2038208	0
1435.15	.6125669	.1818852	0	.2055478	0
1434.15	.6073772	.1853693	0	.2072535	0
1433.15	.6022564	.1888054	0	.2089382	0
1432.15	.5972031	.1921945	0	.2106024	0
1431.15	.592216	.1955376	0	.2122465	0
1430.15	.5872938	.1988354	0	.2138708	0
1429.15	.5824354	.2020888	0	.2154758	0
1428.15	.5776394	.2052988	0	.2170619	0
1427.15	.5729047	.208466	0	.2186293	0
1426.15	.5682301	.2115913	0	.2201786	0
1425.15	.5636146	.2146755	0	.2217099	0
1424.15	.5590569	.2177194	0	.2232237	0
1424.092	.5587926	.2178959	0	.2233116	0
1424.092	.5587926	.2178959	0	.2233116	0
1424.092	.5587926	.2178959	0	.2233116	0
1423.15	.5469928	.2106344	.01551709	.2268557	0
1422.15	.5346217	.2031142	.03171694	.2305472	0
1421.15	.5224113	.195786	.0476367	.2341661	0
1420.15	.5103568	.1886448	.06328405	.2377144	0
1419.15	.4984538	.1816858	.07866637	.241194	0
1418.15	.4866981	.1749044	.09379082	.2446067	0
1417.15	.4750854	.1682959	.1086643	.2479544	0
1416.15	.4636117	.1618561	.1232934	.2512387	0
1415.15	.4522732	.1555808	.1376846	.2544614	0
1414.15	.441066	.1494659	.1518441	.257624	0
1413.15	.4299866	.1435075	.165778	.260728	0
1412.15	.4190313	.1377018	.1794919	.263775	0
1411.15	.4081968	.1320452	.1929915	.2667665	0
1410.15	.3974797	.1265343	.2062822	.2697038	0
1409.15	.3868769	.1211655	.2193694	.2725883	0
1408.15	.3763851	.1159357	.2322579	.2754213	0
1407.15	.3660015	.1108416	.2449528	.2782041	0
1406.15	.3557231	.1058801	.2574589	.2809379	0
1405.15	.345547	.1010484	.2697806	.2836239	0
1404.15	.3354706	.09634349	.2819226	.2862634	0
1403.15	.325491	.09176266	.293889	.2888573	0
1402.15	.3156058	.0873032	.3056842	.2914068	0
1401.15	.3058125	.08296251	.317312	.293913	0
1400.15	.2961085	.07873808	.3287766	.2963769	0
1399.15	.2864915	.07462746	.3400817	.2987994	0
1398.15	.2769592	.0706283	.3512309	.3011816	0
1397.15	.2675094	.06673829	.362228	.3035243	0
1396.15	.2581399	.06295522	.3730764	.3058285	0
1395.15	.2488486	.05927694	.3837794	.3080951	0
1394.15	.2396334	.05570137	.3943404	.3103248	0
1393.15	.2304923	.05222647	.4047625	.3125187	0
1392.15	.2214234	.04885029	.4150489	.3146774	0
1391.15	.2124248	.04557093	.4252025	.3168017	0
1390.15	.2034947	.04238653	.4352264	.3188924	0
1389.15	.1946312	.03929531	.4451232	.3209503	0
1388.15	.1858327	.03629551	.4548958	.322976	0
1387.15	.1770973	.03338546	.4645469	.3249704	0
1386.15	.1684236	.0305635	.4740791	.3269339	0
1385.15	.1598097	.02782805	.4834949	.3288674	0
1384.15	.1512543	.02517755	.4927968	.3307714	0
1383.15	.1427558	.0226105	.5019872	.3326465	0
1382.15	.1343126	.02012543	.5110684	.3344935	0
1381.15	.1259234	.01772092	.5200428	.3363129	0
1380.15	.1175867	.01539558	.5289125	.3381052	0
1379.15	.1093011	.01314807	.5376798	.3398711	0
1378.15	.1010654	.01097708	.5463466	.341611	0
1377.15	.09287806	.008881334	.5549151	.3433255	0
1376.15	.08473798	.006859592	.5633873	.3450152	0
1375.15	.07664387	.004910647	.571765	.3466804	0
1374.15	.0685945	.003033323	.5800503	.3483218	0
1373.15	.0605887	.001226477	.588245	.3499398	0
1372.448	.054996	0	.5939424	.3510616	0
1372.448	.054996	0	.5939424	.3510616	0
1372.15	.05264823	0	.5958433	.3515084	0
1371.15	.04478628	0	.6022157	.352998	0
1370.15	.03693952	0	.6085863	.3544742	0
1369.15	.0291079	0	.614955	.3559371	0
1368.15	.0212914	0	.6213219	.3573867	0
1367.15	.01349002	0	.6276867	.3588233	0
1366.15	.005703815	0	.6340495	.3602467	0
1365.416	0	0	.6387171	.3612829	0
1365.416	0	0	.6387171	.3612829	0
1365.15	0	0	.6386487	.3613513	0
1364.15	0	0	.6383922	.3616078	0
1363.15	0	0	.638136	.361864	0
1362.15	0	0	.6378803	.3621197	0
1361.15	0	0	.637625	.362375	0
1360.15	0	0	.6373701	.3626299	0
1359.15	0	0	.6371157	.3628843	0
1358.15	0	0	.6368616	.3631384	0
1357.15	0	0	.636608	.3633921	0
1356.15	0	0	.6363547	.3636453	0
1355.15	0	0	.6361019	.3638981	0
1354.15	0	0	.6358494	.3641506	0
1353.15	0	0	.6355974	.3644026	0
1352.15	0	0	.6353458	.3646542	0
1351.15	0	0	.6350945	.3649055	0
1350.15	0	0	.6348437	.3651563	0
1349.15	0	0	.6345933	.3654067	0
1348.15	0	0	.6343433	.3656567	0
1347.15	0	0	.6340936	.3659064	0
1346.15	0	0	.6338444	.3661556	0
1345.15	0	0	.6335956	.3664044	0
1344.15	0	0	.6333471	.3666529	0
1343.15	0	0	.6330991	.3669009	0
1342.15	0	0	.6328514	.3671486	0
1341.15	0	0	.6326042	.3673958	0
1340.15	0	0	.6323573	.3676427	0
1339.15	0	0	.6321108	.3678892	0
1338.15	0	0	.6318648	.3681353	0
1337.15	0	0	.6316191	.3683809	0
1336.15	0	0	.6313737	.3686263	0
1335.15	0	0	.6311288	.3688712	0
1334.15	0	0	.6308843	.3691157	0
1333.15	0	0	.6306401	.3693599	0
1332.15	0	0	.6303963	.3696037	0
1331.15	0	0	.6301529	.3698471	0
1330.15	0	0	.6299099	.3700901	0
1329.15	0	0	.6296673	.3703327	0
1328.15	0	0	.629425	.370575	0
1327.15	0	0	.6291832	.3708169	0
1326.15	0	0	.6289417	.3710584	0
1325.15	0	0	.6287005	.3712995	0
1324.15	0	0	.6284598	.3715402	0
1323.15	0	0	.6282194	.3717806	0
1322.15	0	0	.6279794	.3720206	0
1321.15	0	0	.6277398	.3722602	0
1320.15	0	0	.6275005	.3724995	0
1319.15	0	0	.6272616	.3727384	0
1318.15	0	0	.6270231	.3729769	0
1317.15	0	0	.6267849	.3732151	0
1316.15	0	0	.6265472	.3734528	0
1315.15	0	0	.6263097	.3736903	0
1314.15	0	0	.6260727	.3739273	0
1313.15	0	0	.625836	.374164	0
1312.15	0	0	.6255997	.3744003	0
1311.15	0	0	.6253637	.3746363	0
1310.15	0	0	.6251281	.3748719	0
1309.15	0	0	.6248929	.3751071	0
1308.15	0	0	.624658	.375342	0
1307.15	0	0	.6244235	.3755766	0
1306.15	0	0	.6241893	.3758107	0
1305.15	0	0	.6239555	.3760445	0
1304.15	0	0	.623722	.376278	0
1303.15	0	0	.6234889	.3765111	0
1302.15	0	0	.6232562	.3767438	0
1301.15	0	0	.6230238	.3769762	0
1300.15	0	0	.6227918	.3772083	0
1299.15	0	0	.6225601	.3774399	0
1298.15	0	0	.6223287	.3776713	0
1297.15	0	0	.6220977	.3779023	0
1296.15	0	0	.6218671	.3781329	0
1295.15	0	0	.6216368	.3783632	0
1294.15	0	0	.6214069	.3785931	0
1293.15	0	0	.6211773	.3788227	0
1292.15	0	0	.620948	.379052	0
1291.15	0	0	.6207191	.3792809	0
1290.15	0	0	.6204905	.3795095	0
1289.15	0	0	.6202623	.3797377	0
1288.15	0	0	.6200344	.3799656	0
1287.15	0	0	.6198069	.3801931	0
1286.15	0	0	.6195797	.3804203	0
1285.15	0	0	.6193528	.3806472	0
1284.15	0	0	.6191263	.3808737	0
1283.15	0	0	.6189001	.3810999	0
1282.15	0	0	.6186743	.3813257	0
1281.15	0	0	.6184487	.3815513	0
1280.15	0	0	.6182236	.3817764	0
1279.15	0	0	.6179987	.3820013	0
1278.15	0	0	.6177742	.3822258	0
1277.15	0	0	.61755	.38245	0
1276.15	0	0	.6173262	.3826739	0
1275.15	0	0	.6171026	.3828974	0
1274.15	0	0	.6168794	.3831206	0
1273.15	0	0	.6166566	.3833434	0
1272.15	0	0	.616434	.383566	0
1271.15	0	0	.6162118	.3837882	0
1270.15	0	0	.6159899	.3840101	0
1269.15	0	0	.6157684	.3842316	0
1268.15	0	0	.6155471	.3844529	0
1267.15	0	0	.6153262	.3846738	0
1266.15	0	0	.6151056	.3848944	0
1265.15	0	0	.6148854	.3851146	0
1264.15	0	0	.6146654	.3853346	0
1263.15	0	0	.6144458	.3855542	0
1262.15	0	0	.6142265	.3857735	0
1261.15	0	0	.6140075	.3859925	0
1260.15	0	0	.6137888	.3862112	0
1259.15	0	0	.6135705	.3864295	0
1258.15	0	0	.6133524	.3866476	0
1257.15	0	0	.6131347	.3868653	0
1256.15	0	0	.6129173	.3870827	0
1255.15	0	0	.6127002	.3872998	0
1254.15	0	0	.6124834	.3875166	0
1253.15	0	0	.6122669	.3877331	0
1252.15	0	0	.6120508	.3879492	0
1251.15	0	0	.6118349	.3881651	0
1250.15	0	0	.6116194	.3883806	0
1249.15	0	0	.6114042	.3885958	0
1248.15	0	0	.6111893	.3888107	0
1247.15	0	0	.6109746	.3890254	0
1246.15	0	0	.6107603	.3892397	0
1245.15	0	0	.6105463	.3894537	0
1244.15	0	0	.6103326	.3896674	0
1243.15	0	0	.6101192	.3898808	0
1242.15	0	0	.6099062	.3900939	0
1241.15	0	0	.6096934	.3903066	0
1240.15	0	0	.6094809	.3905191	0
1239.15	0	0	.6092687	.3907313	0
1238.15	0	0	.6090568	.3909432	0
1237.15	0	0	.6088452	.3911548	0
1236.15	0	0	.6086339	.3913661	0
1235.15	0	0	.608423	.391577	0
1234.15	0	0	.6082123	.3917877	0
1233.15	0	0	.6080019	.3919981	0
1232.15	0	0	.6077918	.3922082	0
1231.15	0	0	.607582	.392418	0
1230.15	0	0	.6073725	.3926275	0
1229.15	0	0	.6071633	.3928368	0
1228.15	0	0	.6069543	.3930457	0
1227.15	0	0	.6067457	.3932543	0
1226.15	0	0	.6065374	.3934626	0
1225.15	0	0	.6063293	.3936707	0
1224.15	0	0	.6061216	.3938785	0
1223.15	0	0	.6059141	.3940859	0
1222.15	0	0	.6057069	.3942931	0
1221.15	0	0	.6055	.3945	0
1220.15	0	0	.6052934	.3947066	0
1219.15	0	0	.6050871	.3949129	0
1218.15	0	0	.6048811	.395119	0
1217.15	0	0	.6046753	.3953247	0
1216.15	0	0	.6044698	.3955302	0
1215.15	0	0	.6042647	.3957354	0
1214.15	0	0	.6040598	.3959402	0
1213.15	0	0	.6038551	.3961449	0
1212.15	0	0	.6036508	.3963492	0
1211.15	0	0	.6034468	.3965533	0
1210.15	0	0	.603243	.396757	0
1209.15	0	0	.6030395	.3969605	0
1208.15	0	0	.6028363	.3971638	0
1207.15	0	0	.6026333	.3973667	0
1206.15	0	0	.6024307	.3975694	0
1205.15	0	0	.6022283	.3977717	0
1204.15	0	0	.6020262	.3979739	0
1203.15	0	0	.6018243	.3981757	0
1202.15	0	0	.6016228	.3983773	0
1201.15	0	0	.6014215	.3985785	0
1200.15	0	0	.6012204	.3987796	0
1199.15	0	0	.6010197	.3989803	0
1198.15	0	0	.6008192	.3991808	0
1197.15	0	0	.600619	.399381	0
1196.15	0	0	.6004191	.3995809	0
1195.15	0	0	.6002194	.3997806	0
1194.15	0	0	.60002	.39998	0
1193.15	0	0	.5998209	.4001791	0
1192.15	0	0	.5996221	.400378	0
1191.15	0	0	.5994235	.4005765	0
1190.15	0	0	.5992251	.4007749	0
1189.15	0	0	.5990271	.4009729	0
1188.15	0	0	.5988293	.4011707	0
1187.15	0	0	.5986318	.4013682	0
1186.15	0	0	.5984345	.4015655	0
1185.15	0	0	.5982375	.4017625	0
1184.15	0	0	.5980407	.4019593	0
1183.15	0	0	.5978442	.4021558	0
1182.15	0	0	.597648	.402352	0
1181.15	0	0	.5974521	.4025479	0
1180.15	0	0	.5972564	.4027436	0
1179.15	0	0	.5970609	.4029391	0
1178.15	0	0	.5968657	.4031343	0
1177.15	0	0	.5966708	.4033292	0
1176.15	0	0	.5964761	.4035239	0
1175.15	0	0	.5962817	.4037183	0
1174.15	0	0	.5960876	.4039124	0
1173.15	0	0	.5958937	.4041063	0
1172.15	0	0	.5957	.4043	0
1171.15	0	0	.5955066	.4044934	0
1170.15	0	0	.5953135	.4046865	0
1169.15	0	0	.5951206	.4048794	0
1168.15	0	0	.594928	.405072	0
1167.15	0	0	.5947356	.4052644	0
1166.15	0	0	.5945435	.4054566	0
1165.15	0	0	.5943516	.4056484	0
1164.15	0	0	.5941599	.4058401	0
1163.15	0	0	.5939685	.4060314	0
1162.15	0	0	.5937774	.4062226	0
1161.15	0	0	.5935865	.4064135	0
1160.15	0	0	.5933959	.4066041	0
1159.15	0	0	.5932055	.4067945	0
1158.15	0	0	.5930153	.4069847	0
1157.15	0	0	.5928254	.4071746	0
1156.15	0	0	.5926358	.4073642	0
1155.15	0	0	.5924464	.4075537	0
1154.15	0	0	.5922572	.4077428	0
1153.15	0	0	.5920682	.4079318	0
1152.15	0	0	.5918796	.4081205	0
1151.15	0	0	.5916911	.4083089	0
1150.15	0	0	.5915029	.4084971	0
1149.15	0	0	.5913149	.4086851	0
1148.15	0	0	.5911272	.4088728	0
1147.15	0	0	.5909397	.4090603	0
1146.15	0	0	.5907525	.4092475	0
1145.15	0	0	.5905655	.4094345	0
1144.15	0	0	.5903787	.4096213	0
1143.15	0	0	.5901922	.4098078	0
1142.15	0	0	.5900059	.4099941	0
1141.15	0	0	.5898198	.4101802	0
1140.15	0	0	.589634	.410366	0
1139.15	0	0	.5894484	.4105516	0
1138.15	0	0	.589263	.410737	0
1137.15	0	0	.5890779	.4109221	0
1136.15	0	0	.588893	.411107	0
1135.15	0	0	.5887083	.4112917	0
1134.15	0	0	.5885239	.4114761	0
1133.15	0	0	.5883397	.4116603	0
1132.15	0	0	.5881557	.4118443	0
1131.15	0	0	.587972	.412028	0
1130.15	0	0	.5877885	.4122115	0
1129.15	0	0	.5876052	.4123948	0
1128.15	0	0	.5874222	.4125778	0
1127.15	0	0	.5872394	.4127607	0
1126.15	0	0	.5870568	.4129433	0
1125.15	0	0	.5868744	.4131256	0
1124.15	0	0	.5866922	.4133078	0
1123.15	0	0	.5865103	.4134897	0
1122.15	0	0	.5863286	.4136714	0
1121.15	0	0	.5861472	.4138528	0
1120.15	0	0	.5859659	.4140341	0
1119.15	0	0	.5857849	.4142151	0
1118.15	0	0	.5856041	.4143959	0
1117.15	0	0	.5854235	.4145765	0
1116.15	0	0	.5852432	.4147568	0
1115.15	0	0	.5850631	.4149369	0
1114.15	0	0	.5848832	.4151168	0
1113.15	0	0	.5847035	.4152965	0
1112.15	0	0	.584524	.415476	0
1111.15	0	0	.5843447	.4156553	0
1110.15	0	0	.5841657	.4158343	0
1109.15	0	0	.5839869	.4160131	0
1108.15	0	0	.5838083	.4161917	0
1107.15	0	0	.5836299	.4163701	0
1106.15	0	0	.5834518	.4165482	0
1105.15	0	0	.5832738	.4167262	0
1104.15	0	0	.5830961	.4169039	0
1103.15	0	0	.5829186	.4170814	0
1102.15	0	0	.5827413	.4172587	0
1101.15	0	0	.5825642	.4174358	0
1100.15	0	0	.5823873	.4176127	0
1099.15	0	0	.5822107	.4177893	0
1098.15	0	0	.5820342	.4179658	0
1097.15	0	0	.581858	.418142	0
1096.15	0	0	.581682	.418318	0
1095.15	0	0	.5815061	.4184939	0
1094.15	0	0	.5813305	.4186695	0
1093.15	0	0	.5811552	.4188448	0
1092.15	0	0	.58098	.41902	0
1091.15	0	0	.580805	.419195	0
1090.15	0	0	.5806302	.4193698	0
1089.15	0	0	.5804557	.4195443	0
1088.15	0	0	.5802813	.4197187	0
1087.15	0	0	.5801072	.4198928	0
1086.15	0	0	.5799332	.4200668	0
1085.15	0	0	.5797595	.4202405	0
1084.15	0	0	.579586	.420414	0
1083.15	0	0	.5794127	.4205873	0
1082.15	0	0	.5792396	.4207604	0
1081.15	0	0	.5790667	.4209333	0
1080.15	0	0	.5788939	.4211061	0
1079.15	0	0	.5787214	.4212786	0
1078.15	0	0	.5785491	.4214509	0
1077.15	0	0	.578377	.421623	0
1076.15	0	0	.5782051	.4217949	0
1075.15	0	0	.5780335	.4219665	0
1074.15	0	0	.577862	.422138	0
1073.15	0	0	.5776907	.4223093	0
1072.15	0	0	.5775196	.4224804	0
1071.15	0	0	.5773487	.4226513	0
1070.15	0	0	.577178	.422822	0
1069.15	0	0	.5770075	.4229925	0
1068.15	0	0	.5768372	.4231628	0
1067.15	0	0	.5766671	.4233329	0
1066.15	0	0	.5764972	.4235028	0
1065.15	0	0	.5763275	.4236725	0
1064.15	0	0	.576158	.423842	0
1063.15	0	0	.5759887	.4240114	0
1062.15	0	0	.5758195	.4241805	0
1061.15	0	0	.5756506	.4243494	0
1060.15	0	0	.5754819	.4245181	0
1059.15	0	0	.5753133	.4246867	0
1058.15	0	0	.575145	.424855	0
1057.15	0	0	.5749768	.4250232	0
1056.15	0	0	.5748089	.4251911	0
1055.15	0	0	.5746411	.4253589	0
1054.15	0	0	.5744735	.4255265	0
1053.15	0	0	.5743062	.4256938	0
1052.15	0	0	.574139	.425861	0
1051.15	0	0	.573972	.426028	0
1050.15	0	0	.5738052	.4261948	0
1049.15	0	0	.5736385	.4263615	0
1048.15	0	0	.5734721	.4265279	0
1047.15	0	0	.5733059	.4266941	0
1046.15	0	0	.5731398	.4268602	0
1045.15	0	0	.572974	.427026	0
1044.15	0	0	.5728083	.4271917	0
1043.15	0	0	.5726428	.4273572	0
1042.15	0	0	.5724775	.4275225	0
1041.15	0	0	.5723124	.4276876	0
1040.15	0	0	.5721474	.4278526	0
1039.15	0	0	.5719827	.4280173	0
1038.15	0	0	.5718181	.4281819	0
1037.15	0	0	.5716537	.4283463	0
1036.15	0	0	.5714896	.4285105	0
1035.15	0	0	.5713255	.4286745	0
1034.15	0	0	.5711617	.4288383	0
1033.15	0	0	.5709981	.4290019	0
1032.15	0	0	.5708346	.4291654	0
1031.15	0	0	.5706713	.4293287	0
1030.15	0	0	.5705082	.4294918	0
1029.15	0	0	.5703453	.4296547	0
1028.15	0	0	.5701826	.4298174	0
1027.15	0	0	.57002	.42998	0
1026.15	0	0	.5698576	.4301424	0
1025.15	0	0	.5696955	.4303046	0
1024.15	0	0	.5695334	.4304666	0
1023.15	0	0	.5693716	.4306284	0
1022.15	0	0	.5692099	.4307901	0
1021.15	0	0	.5690485	.4309515	0
1020.15	0	0	.5688872	.4311128	0
1019.15	0	0	.568726	.431274	0
1018.15	0	0	.5685651	.4314349	0
1017.15	0	0	.5684043	.4315957	0
1016.15	0	0	.5682437	.4317563	0
1015.15	0	0	.5680833	.4319167	0
1014.15	0	0	.5679231	.4320769	0
1013.15	0	0	.567763	.432237	0
1012.15	0	0	.5676031	.4323969	0
1011.15	0	0	.5674434	.4325566	0
1010.15	0	0	.5672838	.4327162	0
1009.15	0	0	.5671245	.4328755	0
1008.15	0	0	.5669652	.4330348	0
1007.15	0	0	.5668062	.4331938	0
1006.15	0	0	.5666474	.4333526	0
1005.15	0	0	.5664887	.4335113	0
1004.15	0	0	.5663302	.4336698	0
1003.15	0	0	.5661718	.4338282	0
1002.15	0	0	.5660137	.4339863	0
1001.15	0	0	.5658557	.4341443	0
1000.15	0	0	.5656979	.4343021	0
999.15	0	0	.5655402	.4344598	0
998.15	0	0	.5653827	.4346173	0
997.15	0	0	.5652254	.4347746	0
996.15	0	0	.5650682	.4349318	0
995.15	0	0	.5649113	.4350888	0
994.15	0	0	.5647544	.4352456	0
993.15	0	0	.5645978	.4354022	0
992.15	0	0	.5644413	.4355587	0
991.15	0	0	.564285	.435715	0
990.15	0	0	.5641289	.4358711	0
989.15	0	0	.5639729	.4360271	0
988.15	0	0	.5638171	.4361829	0
987.15	0	0	.5636614	.4363386	0
986.15	0	0	.5635059	.4364941	0
985.15	0	0	.5633506	.4366494	0
984.15	0	0	.5631955	.4368045	0
983.15	0	0	.5630405	.4369595	0
982.15	0	0	.5628857	.4371143	0
981.15	0	0	.562731	.437269	0
980.15	0	0	.5625765	.4374235	0
979.15	0	0	.5624222	.4375778	0
978.15	0	0	.562268	.437732	0
977.15	0	0	.562114	.437886	0
976.15	0	0	.5619601	.4380399	0
975.15	0	0	.5618065	.4381935	0
974.15	0	0	.5616529	.4383471	0
973.15	0	0	.5614996	.4385004	0
972.15	0	0	.5613464	.4386536	0
971.15	0	0	.5611933	.4388067	0
970.15	0	0	.5610405	.4389596	0
969.15	0	0	.5608877	.4391123	0
968.15	0	0	.5607352	.4392648	0
967.15	0	0	.5605828	.4394172	0
966.15	0	0	.5604305	.4395695	0
965.15	0	0	.5602784	.4397216	0
964.15	0	0	.5601265	.4398735	0
963.15	0	0	.5599747	.4400253	0
962.15	0	0	.5598231	.4401769	0
961.15	0	0	.5596717	.4403283	0
960.15	0	0	.5595204	.4404796	0
959.15	0	0	.5593692	.4406308	0
958.15	0	0	.5592183	.4407818	0
957.15	0	0	.5590674	.4409326	0
956.15	0	0	.5589168	.4410832	0
955.15	0	0	.5587662	.4412338	0
954.15	0	0	.5586159	.4413841	0
953.15	0	0	.5584657	.4415343	0
952.15	0	0	.5583156	.4416844	0
951.15	0	0	.5581657	.4418343	0
950.15	0	0	.558016	.441984	0
949.15	0	0	.5578664	.4421336	0
948.15	0	0	.5577169	.4422831	0
947.15	0	0	.5575677	.4424324	0
946.15	0	0	.5574185	.4425815	0
945.15	0	0	.5572695	.4427305	0
944.15	0	0	.5571207	.4428793	0
943.15	0	0	.556972	.443028	0
942.15	0	0	.5568235	.4431765	0
941.15	0	0	.5566751	.4433249	0
940.15	0	0	.5565269	.4434731	0
939.15	0	0	.5563789	.4436212	0
938.15	0	0	.5562309	.4437691	0
937.15	0	0	.5560832	.4439168	0
936.15	0	0	.5559355	.4440645	0
935.15	0	0	.5557881	.4442119	0
934.15	0	0	.5556408	.4443593	0
933.15	0	0	.5554936	.4445064	0
932.15	0	0	.5553466	.4446534	0
931.15	0	0	.5551997	.4448003	0
930.15	0	0	.555053	.444947	0
929.15	0	0	.5549064	.4450936	0
928.15	0	0	.55476	.44524	0
927.15	0	0	.5546137	.4453863	0
926.15	0	0	.5544676	.4455324	0
925.15	0	0	.5543216	.4456784	0
924.15	0	0	.5541757	.4458243	0
923.15	0	0	.55403	.44597	0
922.15	0	0	.5538845	.4461155	0
921.15	0	0	.5537391	.4462609	0
920.15	0	0	.5535938	.4464062	0
919.15	0	0	.5534487	.4465513	0
918.15	0	0	.5533038	.4466962	0
917.15	0	0	.5531589	.4468411	0
916.15	0	0	.5530143	.4469857	0
915.15	0	0	.5528697	.4471303	0
914.15	0	0	.5527254	.4472746	0
913.15	0	0	.5525811	.4474189	0
912.15	0	0	.552437	.447563	0
911.15	0	0	.5522931	.4477069	0
910.15	0	0	.5521493	.4478507	0
909.15	0	0	.5520056	.4479944	0
908.15	0	0	.5518621	.4481379	0
907.15	0	0	.5517187	.4482813	0
906.15	0	0	.5515755	.4484245	0
905.15	0	0	.5514324	.4485676	0
904.15	0	0	.5512894	.4487106	0
903.15	0	0	.5511466	.4488534	0
902.15	0	0	.5510039	.4489961	0
901.15	0	0	.5508614	.4491386	0
900.15	0	0	.550719	.449281	0
899.15	0	0	.5505768	.4494232	0
898.15	0	0	.5504347	.4495653	0
897.15	0	0	.5502927	.4497073	0
896.15	0	0	.5501509	.4498491	0
895.15	0	0	.5500092	.4499908	0
894.15	0	0	.5498677	.4501323	0
893.15	0	0	.5497263	.4502737	0
892.15	0	0	.549585	.450415	0
891.15	0	0	.5494439	.4505561	0
890.15	0	0	.5493029	.4506971	0
889.15	0	0	.549162	.450838	0
888.15	0	0	.5490213	.4509787	0
887.15	0	0	.5488808	.4511192	0
886.15	0	0	.5487403	.4512597	0
885.15	0	0	.5486	.4514	0
884.15	0	0	.5484599	.4515401	0
883.15	0	0	.5483199	.4516801	0
882.15	0	0	.54818	.45182	0
881.15	0	0	.5480403	.4519597	0
880.15	0	0	.5479006	.4520994	0
879.15	0	0	.5477612	.4522388	0
878.15	0	0	.5476218	.4523782	0
877.15	0	0	.5474826	.4525174	0
876.15	0	0	.5473436	.4526564	0
875.15	0	0	.5472047	.4527953	0
874.15	0	0	.5470659	.4529341	0
873.15	0	0	.5469272	.4530728	0
872.2457	0	0	.546802	.453198	0
872.2457	0	0	.546802	.453198	0
872.2457	0	0	.546802	.453198	0
872.15	0	2.841969E-04	.5465212	.4531946	0
871.15	0	.003241322	.5436007	.453158	0
870.15	0	.006178127	.540702	.4531199	0
869.15	0	.009094333	.5378253	.4530803	0
868.15	0	.01198968	.534971	.4530393	0
867.15	0	.01486393	.5321393	.4529968	0
866.15	0	.01771684	.5293302	.452953	0
865.15	0	.02054821	.5265441	.4529077	0
864.15	0	.02335783	.523781	.4528612	0
863.15	0	.02614554	.5210411	.4528133	0
862.15	0	.02891116	.5183247	.4527642	0
861.15	0	.03165454	.5156317	.4527138	0
860.15	0	.03437555	.5129624	.4526621	0
859.15	0	.03707406	.5103167	.4526093	0
858.15	0	.03974996	.5076948	.4525552	0
857.15	0	.04240316	.5050968	.4525001	0
856.15	0	.04503357	.5025226	.4524438	0
855.15	0	.04764113	.4999725	.4523864	0
854.15	0	.05022577	.4974462	.452328	0
853.15	0	.05278746	.494944	.4522685	0
852.15	0	.05532616	.4924658	.452208	0
851.15	0	.05784185	.4900116	.4521465	0
850.15	0	.06033453	.4875814	.4520841	0
849.15	0	.06280418	.4851751	.4520207	0
848.15	0	.06525083	.4827928	.4519564	0
847.15	0	.06767449	.4804343	.4518912	0
846.15	0	.07007521	.4780996	.4518252	0
845.15	0	.07245302	.4757887	.4517583	0
844.15	0	.07480797	.4735014	.4516906	0
843.15	0	.07714013	.4712377	.4516222	0
842.15	0	.07944956	.4689975	.4515529	0
841.15	0	.08173635	.4667807	.4514829	0
840.15	0	.08400058	.4645872	.4514122	0
839.15	0	.08624235	.4624168	.4513408	0
838.15	0	.08846176	.4602695	.4512687	0
837.15	0	.09065891	.4581451	.451196	0
836.15	0	.09283393	.4560435	.4511226	0
835.15	0	.09498694	.4539645	.4510486	0
834.15	0	.09711806	.4519079	.450974	0
833.15	0	.09922743	.4498737	.4508989	0
832.15	0	.1013152	.4478617	.4508231	0
831.15	0	.1033815	.4458716	.4507469	0
830.15	0	.1054265	.4439034	.4506701	0
829.15	0	.1074503	.4419569	.4505928	0
828.15	0	.1094532	.4400318	.4505151	0
827.15	0	.1114352	.438128	.4504368	0
826.15	0	.1133965	.4362454	.4503581	0
825.15	0	.1153374	.4343836	.450279	0
824.15	0	.1172579	.4325426	.4501995	0
823.15	0	.1191583	.4307222	.4501196	0
822.15	0	.1210387	.428922	.4500392	0
821.15	0	.1228994	.4271421	.4499585	0
820.15	0	.1247405	.4253821	.4498775	0
819.15	0	.1265621	.4236418	.4497961	0
818.15	0	.1283645	.4219211	.4497144	0
817.15	0	.130148	.4202197	.4496323	0
816.15	0	.1319125	.4185375	.44955	0
815.15	0	.1336585	.4168742	.4494673	0
814.15	0	.135386	.4152296	.4493844	0
813.15	0	.1370952	.4136036	.4493012	0
812.15	0	.1387864	.4119959	.4492177	0
811.15	0	.1404597	.4104062	.449134	0
810.15	0	.1421154	.4088345	.4490501	0
809.15	0	.1437536	.4072805	.4489659	0
808.15	0	.1453744	.405744	.4488816	0
807.15	0	.1469783	.4042248	.448797	0
806.15	0	.1485652	.4027226	.4487122	0
805.15	0	.1501354	.4012373	.4486272	0
804.15	0	.1516891	.3997688	.4485421	0
803.15	0	.1532265	.3983167	.4484568	0
802.15	0	.1547479	.3968808	.4483713	0
801.15	0	.1562532	.3954611	.4482857	0
800.15	0	.1577428	.3940572	.4481999	0
799.15	0	.1592169	.392669	.448114	0
798.15	0	.1606756	.3912964	.448028	0
797.15	0	.1621192	.389939	.4479419	0
796.15	0	.1635477	.3885967	.4478556	0
795.15	0	.1649615	.3872693	.4477692	0
794.15	0	.1663605	.3859567	.4476828	0
793.15	0	.1677452	.3846586	.4475962	0
792.15	0	.1691156	.3833749	.4475096	0
791.15	0	.1704718	.3821053	.4474229	0
790.15	0	.1718141	.3808498	.4473361	0
789.15	0	.1731427	.3796081	.4472492	0
788.15	0	.1744577	.37838	.4471623	0
787.15	0	.1757593	.3771654	.4470753	0
786.15	0	.1770476	.3759641	.4469883	0
785.15	0	.1783229	.3747759	.4469012	0
784.15	0	.1795852	.3736007	.4468141	0
783.15	0	.1808348	.3724383	.446727	0
782.15	0	.1820717	.3712885	.4466398	0
781.15	0	.1832962	.3701512	.4465526	0
780.15	0	.1845084	.3690262	.4464654	0
779.15	0	.1857085	.3679133	.4463782	0
778.15	0	.1868965	.3668125	.446291	0
777.4262	0	.1877491	.3660231	.4462278	0
777.4262	0	.1877491	.3660231	.4462278	0
777.4262	0	.1877491	.3660231	.4462278	0
777.15	0	.1887535	.3648039	.4459007	5.418885E-04
776.15	0	.1923443	.3604402	.4447265	.002489054
775.15	0	.195865	.3561539	.4435676	.004413448
774.15	0	.199317	.3519436	.442424	.006315463
773.15	0	.2027019	.3478074	.4412952	.008195484
772.15	0	.2060212	.3437439	.4401811	.01005388
771.15	0	.2092763	.3397514	.4390813	.01189102
770.15	0	.2124685	.3358285	.4379958	.01370726
769.15	0	.2155993	.3319737	.4369241	.01550294
768.15	0	.2186699	.3281856	.4358661	.01727839
767.15	0	.2216817	.3244628	.4348216	.01903394
766.15	0	.2246358	.320804	.4337903	.02076992
765.15	0	.2275335	.3172078	.4327721	.02248664
764.15	0	.230376	.313673	.4317666	.02418439
763.15	0	.2331644	.3101983	.4307738	.02586349
762.15	0	.2358998	.3067826	.4297934	.02752422
761.15	0	.2385834	.3034246	.4288251	.02916686
760.15	0	.2412162	.3001232	.4278689	.0307917
759.15	0	.2437993	.2968772	.4269245	.03239901
758.15	0	.2463337	.2936856	.4259918	.03398905
757.15	0	.2488203	.2905472	.4250704	.03556208
756.15	0	.2512602	.2874611	.4241604	.03711837
755.15	0	.2536543	.2844262	.4232614	.03865816
754.15	0	.2560035	.2814415	.4223734	.04018171
753.15	0	.2583087	.278506	.4214961	.04168924
752.15	0	.2605709	.2756187	.4206293	.043181
751.15	0	.2627909	.2727788	.419773	.04465723
750.15	0	.2649696	.2699853	.418927	.04611814
749.15	0	.2671077	.2672373	.418091	.04756397
748.15	0	.2692062	.264534	.4172649	.04899494
747.15	0	.2712657	.2618744	.4164487	.05041125
746.15	0	.2732872	.2592577	.415642	.05181313
745.15	0	.2752712	.2566832	.4148448	.05320078
744.15	0	.2772187	.2541499	.414057	.05457441
743.15	0	.2791304	.2516571	.4132783	.05593422
742.15	0	.2810068	.2492041	.4125086	.05728041
741.15	0	.2828488	.2467901	.4117479	.05861317
740.15	0	.2846571	.2444143	.4109959	.05993271
739.15	0	.2864323	.242076	.4102525	.0612392
738.15	0	.2881751	.2397744	.4095176	.06253283
737.15	0	.2898862	.237509	.408791	.06381379
736.15	0	.2915661	.235279	.4080727	.06508226
735.15	0	.2932155	.2330837	.4073624	.06633842
734.15	0	.294835	.2309225	.4066601	.06758244
733.15	0	.2964252	.2287947	.4059656	.06881449
732.15	0	.2979868	.2266997	.4052789	.07003474
731.15	0	.2995201	.2246368	.4045997	.07124337
730.15	0	.301026	.2226056	.4039279	.07244053
729.15	0	.3025048	.2206053	.4032636	.07362639
728.15	0	.3039571	.2186353	.4026064	.07480111
727.15	0	.3053836	.2166952	.4019564	.07596485
726.15	0	.3067845	.2147844	.4013134	.07711775
725.15	0	.3081606	.2129022	.4006772	.07825998
724.15	0	.3095123	.2110482	.4000478	.07939168
723.15	0	.31084	.2092218	.3994252	.08051301
722.15	0	.3121443	.2074225	.398809	.0816241
721.15	0	.3134257	.2056499	.3981994	.08272511
720.15	0	.3146845	.2039033	.3975961	.08381617
719.15	0	.3159212	.2021824	.396999	.08489742
718.15	0	.3171364	.2004865	.3964081	.08596901
717.15	0	.3183303	.1988154	.3958232	.08703106
716.15	0	.3195035	.1971684	.3952443	.08808372
715.15	0	.3206563	.1955453	.3946713	.0891271
714.15	0	.3217892	.1939454	.3941041	.09016135
713.15	0	.3229026	.1923684	.3935425	.09118659
712.15	0	.3239967	.1908138	.3929865	.09220294
711.15	0	.3250722	.1892813	.392436	.09321054
710.15	0	.3261292	.1877704	.3918909	.09420949
709.15	0	.3271681	.1862808	.3913512	.09519992
708.15	0	.3281894	.184812	.3908166	.09618196
707.15	0	.3291934	.1833636	.3902873	.09715571
706.15	0	.3301804	.1819354	.389763	.09812129
705.15	0	.3311507	.1805268	.3892437	.09907881
704.15	0	.3321047	.1791376	.3887293	.1000284
703.15	0	.3330428	.1777674	.3882197	.1009701
702.15	0	.3339651	.1764158	.3877149	.1019041
701.15	0	.3348721	.1750826	.3872148	.1028305
700.15	0	.335764	.1737673	.3867193	.1037494
699.15	0	.3366411	.1724697	.3862283	.1046609
698.15	0	.3375038	.1711894	.3857418	.105565
697.15	0	.3383522	.1699261	.3852597	.106462
696.15	0	.3391868	.1686795	.3847819	.1073518
695.15	0	.3400076	.1674493	.3843084	.1082346
694.15	0	.3408151	.1662353	.3838391	.1091105
693.15	0	.3416095	.1650371	.3833738	.1099796
692.15	0	.342391	.1638544	.3829127	.1108419
691.15	0	.3431599	.162687	.3824555	.1116976
690.15	0	.3439164	.1615345	.3820023	.1125468
689.15	0	.3446608	.1603968	.3815529	.1133894
688.15	0	.3453933	.1592736	.3811074	.1142257
687.15	0	.3461141	.1581646	.3806656	.1150557
686.15	0	.3468234	.1570695	.3802275	.1158795
685.15	0	.3475215	.1559882	.3797931	.1166972
684.15	0	.3482086	.1549203	.3793622	.1175088
683.15	0	.348885	.1538656	.3789349	.1183145
682.15	0	.3495507	.152824	.3785111	.1191143
681.15	0	.350206	.1517951	.3780906	.1199083
680.15	0	.3508511	.1507788	.3776736	.1206966
679.15	0	.3514862	.1497748	.3772598	.1214792
678.15	0	.3521115	.1487829	.3768493	.1222562
677.15	0	.3527272	.147803	.3764421	.1230278
676.15	0	.3533334	.1468347	.376038	.1237939
675.15	0	.3539304	.145878	.3756371	.1245546
674.15	0	.3545182	.1449325	.3752392	.1253101
673.15	0	.3550971	.1439982	.3748443	.1260603
672.15	0	.3556673	.1430748	.3744524	.1268054
671.15	0	.3562289	.1421621	.3740635	.1275455
670.15	0	.356782	.14126	.3736775	.1282805
669.15	0	.3573269	.1403683	.3732943	.1290105
668.15	0	.3578636	.1394867	.372914	.1297357
667.15	0	.3583924	.1386152	.3725364	.130456
666.15	0	.3589133	.1377536	.3721615	.1311716
665.15	0	.3594266	.1369016	.3717894	.1318825
664.15	0	.3599323	.1360591	.3714199	.1325887
663.15	0	.3604306	.1352261	.3710529	.1332904
662.15	0	.3609232	.1344007	.3706879	.1339882
661.15	0	.3614069	.1335861	.3703262	.1346808
660.15	0	.3618836	.1327804	.369967	.135369
659.15	0	.3623534	.1319834	.3696103	.1360529
658.15	0	.3628166	.131195	.3692559	.1367325
657.15	0	.3632731	.1304151	.368904	.1374078
656.15	0	.3637231	.1296435	.3685544	.138079
655.15	0	.3641668	.12888	.3682072	.138746
654.15	0	.3646041	.1281247	.3678622	.139409
653.15	0	.3650354	.1273772	.3675195	.140068
652.15	0	.3654606	.1266375	.367179	.1407229
651.15	0	.3658798	.1259055	.3668407	.141374
650.15	0	.3662932	.125181	.3665046	.1420212
649.15	0	.3667009	.1244639	.3661706	.1426645
648.15	0	.367103	.1237542	.3658387	.1433041
647.15	0	.3674996	.1230516	.3655089	.1439399
646.15	0	.3678907	.1223561	.3651812	.1445721
645.15	0	.3682765	.1216675	.3648554	.1452006
644.15	0	.368657	.1209858	.3645317	.1458255
643.15	0	.3690324	.1203108	.3642099	.1464469
642.15	0	.3694028	.1196424	.3638901	.1470647
641.15	0	.3697681	.1189806	.3635721	.1476791
640.15	0	.3701286	.1183251	.3632561	.1482901
639.15	0	.3704843	.117676	.362942	.1488977
638.15	0	.3708353	.1170331	.3626296	.1495019
637.15	0	.3711817	.1163963	.3623191	.1501029
636.15	0	.3715235	.1157655	.3620104	.1507006
635.15	0	.3718609	.1151407	.3617034	.1512951
634.15	0	.3721938	.1145217	.3613982	.1518864
633.15	0	.3725224	.1139084	.3610947	.1524745
632.15	0	.3728468	.1133008	.3607928	.1530596
631.15	0	.373167	.1126987	.3604927	.1536416
630.15	0	.3734832	.1121021	.3601942	.1542205
629.15	0	.3737953	.1115109	.3598974	.1547965
628.15	0	.3741034	.110925	.3596021	.1553695
627.15	0	.3744077	.1103443	.3593085	.1559396
626.15	0	.3747081	.1097687	.3590164	.1565068
625.15	0	.3750047	.1091983	.3587258	.1570712
624.15	0	.3752977	.1086328	.3584368	.1576327
623.15	0	.3755871	.1080722	.3581493	.1581914
622.15	0	.3758729	.1075164	.3578633	.1587474
621.15	0	.3761551	.1069655	.3575788	.1593007
620.15	0	.3764339	.1064191	.3572957	.1598513
619.15	0	.3767094	.1058774	.357014	.1603992
618.15	0	.3769814	.1053403	.3567337	.1609445
617.15	0	.3772503	.1048076	.3564549	.1614872
616.15	0	.3775159	.1042793	.3561774	.1620274
615.15	0	.3777783	.1037554	.3559013	.162565
614.15	0	.3780376	.1032357	.3556266	.1631001
613.15	0	.3782939	.1027203	.3553531	.1636327
612.15	0	.3785471	.102209	.355081	.1641629
611.15	0	.3787974	.1017017	.3548102	.1646907
610.15	0	.3790448	.1011985	.3545407	.1652161
609.15	0	.3792893	.1006993	.3542724	.1657391
608.15	0	.3795309	.1002039	.3540054	.1662598
607.15	0	.3797699	.09971243	.3537396	.1667781
606.15	0	.3800061	.0992247	.353475	.1672942
605.15	0	.3802396	.09874071	.3532116	.1678081
604.15	0	.3804705	.09826039	.3529495	.1683197
603.15	0	.3806988	.09778368	.3526885	.1688291
602.15	0	.3809245	.09731055	.3524287	.1693363
601.15	0	.3811478	.09684092	.35217	.1698413
600.15	0	.3813686	.09637475	.3519124	.1703443
599.15	0	.3815869	.09591199	.351656	.1708451
598.15	0	.3818029	.09545258	.3514007	.1713438
597.15	0	.3820166	.09499649	.3511465	.1718405
596.15	0	.3822279	.09454366	.3508933	.1723351
595.15	0	.3824369	.09409403	.3506413	.1728277
594.15	0	.3826438	.09364757	.3503903	.1733184
593.15	0	.3828484	.09320423	.3501403	.173807
592.15	0	.3830509	.09276396	.3498914	.1742937
591.15	0	.3832512	.09232672	.3496436	.1747785
590.15	0	.3834495	.09189246	.3493967	.1752614
589.15	0	.3836457	.09146115	.3491508	.1757424
588.15	0	.3838399	.09103273	.3489059	.1762215
587.15	0	.3840321	.09060716	.348662	.1766988
586.15	0	.3842223	.09018441	.3484191	.1771742
585.15	0	.3844106	.08976443	.3481771	.1776479
584.15	0	.384597	.08934718	.347936	.1781197
583.15	0	.3847816	.08893263	.347696	.1785898
582.15	0	.3849643	.08852073	.3474568	.1790582
581.15	0	.3851452	.08811145	.3472185	.1795248
580.15	0	.3853244	.08770474	.3469812	.1799897
579.15	0	.3855017	.08730058	.3467447	.1804529
578.15	0	.3856774	.08689892	.3465092	.1809145
577.15	0	.3858514	.08649973	.3462745	.1813744
576.15	0	.3860237	.08610297	.3460407	.1818326
575.15	0	.3861944	.08570861	.3458077	.1822893
574.15	0	.3863634	.08531662	.3455756	.1827443
573.15	0	.3865309	.08492695	.3453444	.1831978
572.15	0	.3866968	.08453958	.345114	.1836496
571.15	0	.3868612	.08415448	.3448844	.1841
570.15	0	.3870241	.08377161	.3446556	.1845488
569.15	0	.3871854	.08339094	.3444276	.184996
568.15	0	.3873454	.08301243	.3442004	.1854418
567.15	0	.3875038	.08263607	.343974	.1858861
566.15	0	.3876609	.08226181	.3437484	.1863289
565.15	0	.3878165	.08188963	.3435236	.1867703
564.15	0	.3879708	.08151949	.3432995	.1872101
563.15	0	.3881237	.08115138	.3430763	.1876486
562.15	0	.3882753	.08078525	.3428537	.1880857
561.15	0	.3884256	.08042109	.3426319	.1885214
560.15	0	.3885746	.08005886	.3424109	.1889557
559.15	0	.3887224	.07969854	.3421905	.1893886
558.15	0	.3888688	.0793401	.3419709	.1898201
557.15	0	.3890141	.07898351	.341752	.1902504
556.15	0	.3891582	.07862875	.3415339	.1906792
555.15	0	.389301	.07827578	.3413164	.1911068
554.15	0	.3894427	.0779246	.3410996	.1915331
553.15	0	.3895832	.07757516	.3408835	.1919581
552.15	0	.3897226	.07722745	.3406681	.1923818
551.15	0	.3898609	.07688144	.3404534	.1928042
550.15	0	.3899981	.07653711	.3402394	.1932254
549.15	0	.3901342	.07619443	.340026	.1936454
548.15	0	.3902692	.07585338	.3398133	.1940641
547.15	0	.3904032	.07551394	.3396012	.1944816
546.15	0	.3905362	.07517609	.3393898	.194898
545.15	0	.3906681	.07483979	.339179	.1953131
544.15	0	.3907991	.07450503	.3389688	.1957271
543.15	0	.390929	.0741718	.3387593	.1961399
542.15	0	.391058	.07384005	.3385504	.1965515
541.15	0	.3911861	.07350979	.3383422	.196962
540.15	0	.3913132	.07318098	.3381345	.1973714
539.15	0	.3914394	.0728536	.3379274	.1977796
538.15	0	.3915646	.07252763	.337721	.1981867
537.15	0	.391689	.07220306	.3375151	.1985928
536.15	0	.3918125	.07187986	.3373099	.1989977
535.15	0	.3919352	.07155802	.3371052	.1994016
534.15	0	.3920569	.07123751	.3369011	.1998044
533.15	0	.3921779	.07091831	.3366976	.2002062
532.15	0	.392298	.07060042	.3364947	.2006069
531.15	0	.3924173	.0702838	.3362923	.2010066
530.15	0	.3925358	.06996844	.3360905	.2014052
529.15	0	.3926536	.06965432	.3358892	.2018029
528.15	0	.3927705	.06934143	.3356885	.2021995
527.15	0	.3928867	.06902974	.3354884	.2025951
526.15	0	.3930022	.06871925	.3352888	.2029898
525.15	0	.3931169	.06840992	.3350897	.2033835
524.15	0	.3932309	.06810176	.3348912	.2037762
523.15	0	.3933441	.06779473	.3346932	.2041679
522.15	0	.3934567	.06748882	.3344957	.2045587
521.15	0	.3935686	.06718402	.3342988	.2049486
520.15	0	.3936798	.06688031	.3341024	.2053375
519.15	0	.3937903	.06657768	.3339065	.2057255
518.15	0	.3939002	.0662761	.3337111	.2061126
517.15	0	.3940094	.06597557	.3335162	.2064988
516.15	0	.394118	.06567606	.3333218	.2068841
515.15	0	.394226	.06537757	.3331279	.2072685
514.15	0	.3943334	.06508008	.3329345	.2076521
513.15	0	.3944401	.06478357	.3327416	.2080347
512.15	0	.3945463	.06448803	.3325492	.2084165
511.15	0	.3946518	.06419344	.3323573	.2087975
510.15	0	.3947568	.0638998	.3321658	.2091776
509.15	0	.3948612	.06360709	.3319748	.2095568
508.15	0	.3949651	.06331528	.3317843	.2099353
507.15	0	.3950684	.06302438	.3315943	.2103129
506.15	0	.3951712	.06273436	.3314048	.2106897
505.15	0	.3952735	.06244522	.3312157	.2110657
504.15	0	.3953752	.06215694	.331027	.2114408
503.15	0	.3954764	.0618695	.3308388	.2118152
502.15	0	.3955772	.0615829	.3306511	.2121888
501.15	0	.3956774	.06129712	.3304638	.2125617
500.15	0	.3957771	.06101215	.330277	.2129337
499.15	0	.3958764	.06072797	.3300906	.213305
498.15	0	.3959752	.06044458	.3299047	.2136756
497.15	0	.3960735	.06016197	.3297192	.2140454
496.15	0	.3961714	.05988011	.3295341	.2144144
495.15	0	.3962688	.05959901	.3293495	.2147828
494.15	0	.3963658	.05931864	.3291652	.2151504
493.15	0	.3964623	.059039	.3289815	.2155172
492.15	0	.3965585	.05876007	.3287981	.2158834
491.15	0	.3966542	.05848185	.3286152	.2162488
490.15	0	.3967495	.05820432	.3284326	.2166136
489.15	0	.3968444	.05792747	.3282505	.2169776
488.15	0	.396939	.0576513	.3280688	.217341
487.15	0	.3970331	.05737578	.3278875	.2177036
486.15	0	.3971268	.05710091	.3277066	.2180656
485.15	0	.3972202	.05682669	.3275261	.218427
484.15	0	.3973132	.05655309	.3273461	.2187876
483.15	0	.3974059	.05628011	.3271664	.2191476
482.15	0	.3974982	.05600774	.3269871	.219507
481.15	0	.3975901	.05573597	.3268082	.2198657
480.15	0	.3976817	.05546479	.3266297	.2202238
479.15	0	.397773	.05519419	.3264516	.2205812
478.15	0	.3978639	.05492415	.3262739	.220938
477.15	0	.3979546	.05465468	.3260965	.2212942
476.15	0	.3980449	.05438576	.3259196	.2216498
475.15	0	.3981349	.05411738	.325743	.2220048
474.15	0	.3982246	.05384954	.3255668	.2223591
473.15	0	.398314	.05358221	.325391	.2227129
472.15	0	.3984031	.0533154	.3252155	.223066
471.15	0	.3984919	.0530491	.3250404	.2234186
470.15	0	.3985804	.0527833	.3248657	.2237706
469.15	0	.3986687	.05251798	.3246914	.224122
468.15	0	.3987567	.05225314	.3245174	.2244728
467.15	0	.3988444	.05198877	.3243438	.2248231
466.15	0	.3989319	.05172487	.3241705	.2251728
465.15	0	.3990191	.05146142	.3239976	.2255219
464.15	0	.3991061	.05119842	.323825	.2258705
463.15	0	.3991928	.05093585	.3236528	.2262185
462.15	0	.3992793	.05067372	.323481	.226566
461.15	0	.3993655	.05041201	.3233095	.226913
460.15	0	.3994515	.05015071	.3231384	.2272594
459.15	0	.3995373	.04988982	.3229675	.2276053
458.15	0	.3996229	.04962933	.3227971	.2279507
457.15	0	.3997082	.04936923	.322627	.2282956
456.15	0	.3997934	.04910951	.3224572	.2286399
455.15	0	.3998783	.04885018	.3222878	.2289837
454.15	0	.3999631	.04859121	.3221187	.2293271
453.15	0	.4000476	.0483326	.3219499	.2296699
452.15	0	.400132	.04807435	.3217814	.2300122
451.15	0	.4002162	.04781644	.3216133	.2303541
450.15	0	.4003001	.04755888	.3214456	.2306954
449.15	0	.400384	.04730161	.3212781	.2310363
448.15	0	.4004676	.04704466	.321111	.2313767
447.15	0	.4005511	.04678802	.3209442	.2317166
446.15	0	.4006345	.04653168	.3207778	.2320561
445.15	0	.4007177	.04627564	.3206116	.2323951
444.15	0	.4008007	.04601987	.3204458	.2327336
443.15	0	.4008836	.04576438	.3202803	.2330717
442.15	0	.4009664	.04550915	.3201151	.2334094
441.15	0	.401049	.04525418	.3199503	.2337466
440.15	0	.4011315	.04499944	.3197857	.2340834
439.15	0	.4012139	.04474494	.3196215	.2344197
438.15	0	.4012962	.04449067	.3194576	.2347556
437.15	0	.4013783	.04423661	.319294	.2350911
436.15	0	.4014604	.04398276	.3191307	.2354261
435.15	0	.4015424	.04372911	.3189678	.2357607
434.15	0	.4016243	.04347566	.3188051	.236095
433.15	0	.4017061	.04322238	.3186428	.2364288
432.15	0	.4017878	.04296928	.3184807	.2367622
