T	 BPW(LIQUID)	BPW(BCC_A2)	BPW(FCC_A1)	BPW(LAVES_PHASE_C14)	BPW(NI3TI)
1473.15	.1848606	.8151394	0	0	0
1472.15	.1827072	.8172928	0	0	0
1471.15	.180567	.819433	0	0	0
1470.15	.1784397	.8215603	0	0	0
1469.15	.1763254	.8236746	0	0	0
1468.15	.1742239	.8257761	0	0	0
1467.15	.1721351	.827865	0	0	0
1466.15	.1700588	.8299412	0	0	0
1465.15	.167995	.832005	0	0	0
1464.15	.1659435	.8340565	0	0	0
1463.15	.1639043	.8360957	0	0	0
1462.15	.1618772	.8381228	0	0	0
1461.15	.1598622	.8401378	0	0	0
1460.15	.1578591	.8421409	0	0	0
1459.15	.1558678	.8441322	0	0	0
1458.15	.1538883	.8461118	0	0	0
1457.15	.1519203	.8480797	0	0	0
1456.15	.1499639	.8500361	0	0	0
1455.15	.148019	.851981	0	0	0
1454.15	.1460854	.8539146	0	0	0
1453.15	.144163	.855837	0	0	0
1452.15	.1422518	.8577482	0	0	0
1451.15	.1403516	.8596484	0	0	0
1450.15	.1384624	.8615376	0	0	0
1449.15	.1365841	.8634159	0	0	0
1448.15	.1347165	.8652835	0	0	0
1447.15	.1328597	.8671403	0	0	0
1446.15	.1310134	.8689866	0	0	0
1445.15	.1291777	.8708223	0	0	0
1444.15	.1273525	.8726475	0	0	0
1443.15	.1255376	.8744624	0	0	0
1442.15	.1237329	.8762671	0	0	0
1441.15	.1219385	.8780615	0	0	0
1440.15	.1201541	.8798459	0	0	0
1439.15	.1183798	.8816202	0	0	0
1438.15	.1166155	.8833845	0	0	0
1437.15	.114861	.885139	0	0	0
1436.15	.1131163	.8868837	0	0	0
1435.15	.1113813	.8886187	0	0	0
1434.15	.109656	.890344	0	0	0
1433.15	.1079403	.8920597	0	0	0
1432.15	.106234	.893766	0	0	0
1431.15	.1045372	.8954628	0	0	0
1430.15	.1028497	.8971503	0	0	0
1429.15	.1011715	.8988285	0	0	0
1428.15	.09950248	.9004975	0	0	0
1427.15	.09784262	.9021574	0	0	0
1426.15	.09619184	.9038082	0	0	0
1425.15	.09455006	.9054499	0	0	0
1424.15	.09291721	.9070828	0	0	0
1423.15	.09129323	.9087068	0	0	0
1422.15	.08967806	.9103219	0	0	0
1421.15	.08807162	.9119284	0	0	0
1420.15	.08647386	.9135261	0	0	0
1419.15	.08488471	.9151153	0	0	0
1418.15	.08330411	.9166959	0	0	0
1417.15	.081732	.918268	0	0	0
1416.15	.0801683	.9198317	0	0	0
1415.15	.07861298	.921387	0	0	0
1414.15	.07706596	.922934	0	0	0
1413.876	.07664283	.9233572	0	0	0
1413.876	.07664283	.9233572	0	0	0
1413.876	.07664283	.9233572	0	0	0
1413.15	.07307622	.9217612	.005162605	0	0
1412.15	.06815329	.9195785	.01226817	0	0
1411.15	.0632218	.9174157	.01936253	0	0
1410.15	.05828155	.9152726	.02644587	0	0
1409.15	.05333233	.9131493	.03351841	0	0
1408.15	.04837396	.9110457	.04058034	0	0
1407.15	.04340624	.9089619	.04763185	0	0
1406.15	.03842898	.9068979	.05467314	0	0
1405.15	.03344197	.9048536	.06170441	0	0
1404.15	.02844505	.9028291	.06872583	0	0
1403.15	.023438	.9008244	.07573761	0	0
1402.15	.01842064	.8988394	.08273993	0	0
1401.15	.0133928	.8968742	.08973298	0	0
1400.15	.008354267	.8949288	.09671693	0	0
1399.15	.003304873	.8930032	.103692	0	0
1398.497	0	.8917558	.1082443	0	0
1398.497	0	.8917558	.1082443	0	0
1398.15	0	.8912449	.1087551	0	0
1397.15	0	.8897729	.1102271	0	0
1396.15	0	.8883033	.1116967	0	0
1395.15	0	.886836	.113164	0	0
1394.15	0	.8853711	.1146289	0	0
1393.15	0	.8839085	.1160915	0	0
1392.15	0	.8824483	.1175517	0	0
1391.15	0	.8809904	.1190096	0	0
1390.15	0	.8795348	.1204652	0	0
1389.15	0	.8780816	.1219184	0	0
1388.15	0	.8766307	.1233693	0	0
1387.15	0	.8751821	.1248179	0	0
1386.15	0	.8737359	.1262641	0	0
1385.15	0	.872292	.127708	0	0
1384.15	0	.8708505	.1291495	0	0
1383.15	0	.8694113	.1305887	0	0
1382.15	0	.8679744	.1320256	0	0
1381.15	0	.8665398	.1334602	0	0
1380.15	0	.8651076	.1348924	0	0
1379.15	0	.8636778	.1363222	0	0
1378.15	0	.8622502	.1377498	0	0
1377.15	0	.860825	.139175	0	0
1376.15	0	.8594021	.1405979	0	0
1375.15	0	.8579816	.1420184	0	0
1374.15	0	.8565633	.1434367	0	0
1373.15	0	.8551474	.1448526	0	0
1372.15	0	.8537339	.1462661	0	0
1371.15	0	.8523227	.1476774	0	0
1370.15	0	.8509137	.1490863	0	0
1369.15	0	.8495072	.1504928	0	0
1368.15	0	.8481029	.1518971	0	0
1367.15	0	.846701	.153299	0	0
1366.15	0	.8453014	.1546986	0	0
1365.15	0	.8439041	.1560959	0	0
1364.15	0	.8425092	.1574908	0	0
1363.15	0	.8411166	.1588834	0	0
1362.15	0	.8397263	.1602737	0	0
1361.15	0	.8383383	.1616617	0	0
1360.15	0	.8369527	.1630473	0	0
1359.15	0	.8355694	.1644306	0	0
1358.15	0	.8341884	.1658116	0	0
1357.15	0	.8328098	.1671902	0	0
1356.15	0	.8314334	.1685666	0	0
1355.15	0	.8300594	.1699406	0	0
1354.15	0	.8286878	.1713122	0	0
1353.15	0	.8273184	.1726816	0	0
1352.15	0	.8259514	.1740486	0	0
1351.15	0	.8245867	.1754133	0	0
1350.15	0	.8232244	.1767756	0	0
1349.15	0	.8218644	.1781357	0	0
1348.15	0	.8205067	.1794933	0	0
1347.15	0	.8191513	.1808487	0	0
1346.15	0	.8177982	.1822018	0	0
1345.15	0	.8164475	.1835525	0	0
1344.15	0	.8150991	.1849009	0	0
1343.15	0	.8137531	.1862469	0	0
1342.15	0	.8124094	.1875906	0	0
1341.15	0	.811068	.188932	0	0
1340.15	0	.8097289	.1902711	0	0
1339.15	0	.8083922	.1916078	0	0
1338.15	0	.8070578	.1929422	0	0
1337.15	0	.8057258	.1942742	0	0
1336.15	0	.8043961	.1956039	0	0
1335.15	0	.8030687	.1969313	0	0
1334.15	0	.8017437	.1982563	0	0
1333.15	0	.800421	.199579	0	0
1332.15	0	.7991006	.2008994	0	0
1331.15	0	.7977826	.2022174	0	0
1330.15	0	.7964669	.2035331	0	0
1329.15	0	.7951535	.2048465	0	0
1328.15	0	.7938425	.2061575	0	0
1327.15	0	.7925339	.2074661	0	0
1326.15	0	.7912276	.2087724	0	0
1325.15	0	.7899236	.2100764	0	0
1324.15	0	.788622	.211378	0	0
1323.15	0	.7873227	.2126773	0	0
1322.15	0	.7860258	.2139742	0	0
1321.15	0	.7847312	.2152688	0	0
1320.15	0	.783439	.216561	0	0
1319.15	0	.7821492	.2178508	0	0
1318.15	0	.7808617	.2191384	0	0
1317.15	0	.7795765	.2204235	0	0
1316.15	0	.7782937	.2217063	0	0
1315.15	0	.7770133	.2229867	0	0
1314.15	0	.7757352	.2242648	0	0
1313.15	0	.7744595	.2255405	0	0
1312.15	0	.7731861	.2268139	0	0
1311.15	0	.7719151	.2280849	0	0
1310.15	0	.7706465	.2293535	0	0
1309.15	0	.7693803	.2306197	0	0
1308.15	0	.7681164	.2318836	0	0
1307.15	0	.7668549	.2331451	0	0
1306.15	0	.7655958	.2344042	0	0
1305.15	0	.764339	.235661	0	0
1304.15	0	.7630847	.2369153	0	0
1303.15	0	.7618327	.2381673	0	0
1302.15	0	.7605831	.2394169	0	0
1301.15	0	.7593359	.2406642	0	0
1300.15	0	.758091	.241909	0	0
1299.15	0	.7568486	.2431514	0	0
1298.15	0	.7556085	.2443915	0	0
1297.15	0	.7543709	.2456291	0	0
1296.15	0	.7531356	.2468644	0	0
1295.15	0	.7519027	.2480973	0	0
1294.15	0	.7506722	.2493278	0	0
1293.15	0	.7494442	.2505558	0	0
1292.15	0	.7482185	.2517815	0	0
1291.15	0	.7469953	.2530047	0	0
1290.15	0	.7457744	.2542256	0	0
1289.15	0	.744556	.255444	0	0
1288.15	0	.74334	.25666	0	0
1287.15	0	.7421264	.2578736	0	0
1286.15	0	.7409152	.2590848	0	0
1285.15	0	.7397065	.2602935	0	0
1284.15	0	.7385002	.2614999	0	0
1283.15	0	.7372963	.2627037	0	0
1282.15	0	.7360948	.2639052	0	0
1281.15	0	.7348958	.2651042	0	0
1280.15	0	.7336992	.2663008	0	0
1279.15	0	.7325051	.2674949	0	0
1278.15	0	.7313134	.2686866	0	0
1277.15	0	.7301241	.2698759	0	0
1276.15	0	.7289373	.2710627	0	0
1275.15	0	.727753	.272247	0	0
1274.15	0	.7265711	.2734289	0	0
1273.15	0	.7253917	.2746083	0	0
1272.15	0	.7242148	.2757853	0	0
1271.15	0	.7230403	.2769597	0	0
1270.15	0	.7218683	.2781317	0	0
1269.15	0	.7206987	.2793013	0	0
1268.15	0	.7195317	.2804683	0	0
1267.15	0	.7183671	.2816329	0	0
1266.15	0	.717205	.282795	0	0
1265.15	0	.7160454	.2839546	0	0
1264.15	0	.7148883	.2851117	0	0
1263.15	0	.7137337	.2862663	0	0
1262.15	0	.7125817	.2874183	0	0
1261.15	0	.7114321	.2885679	0	0
1260.15	0	.710285	.289715	0	0
1259.15	0	.7091404	.2908596	0	0
1258.15	0	.7079984	.2920016	0	0
1257.15	0	.7068589	.2931411	0	0
1256.15	0	.7057219	.2942781	0	0
1255.15	0	.7045875	.2954125	0	0
1254.15	0	.7034556	.2965444	0	0
1253.15	0	.7023262	.2976738	0	0
1252.15	0	.7011994	.2988006	0	0
1251.15	0	.7000751	.2999249	0	0
1250.15	0	.6989534	.3010466	0	0
1249.15	0	.6978342	.3021658	0	0
1248.15	0	.6967177	.3032823	0	0
1247.15	0	.6956037	.3043963	0	0
1246.15	0	.6944922	.3055078	0	0
1245.15	0	.6933834	.3066166	0	0
1244.15	0	.6922771	.3077229	0	0
1243.15	0	.6911734	.3088266	0	0
1242.15	0	.6900723	.3099277	0	0
1241.15	0	.6889739	.3110261	0	0
1240.15	0	.687878	.312122	0	0
1239.15	0	.6867847	.3132153	0	0
1238.15	0	.6856941	.3143059	0	0
1237.15	0	.6846061	.3153939	0	0
1236.15	0	.6835207	.3164793	0	0
1235.15	0	.682438	.317562	0	0
1234.15	0	.6813579	.3186421	0	0
1233.15	0	.6802804	.3197196	0	0
1232.15	0	.6792056	.3207944	0	0
1231.15	0	.6781335	.3218665	0	0
1230.15	0	.677064	.322936	0	0
1229.15	0	.6759972	.3240028	0	0
1228.15	0	.6749331	.3250669	0	0
1227.15	0	.6738716	.3261284	0	0
1226.15	0	.6728129	.3271871	0	0
1225.15	0	.6717568	.3282432	0	0
1224.15	0	.6707035	.3292965	0	0
1223.15	0	.6696529	.3303472	0	0
1222.15	0	.6686049	.3313951	0	0
1221.15	0	.6675597	.3324403	0	0
1220.15	0	.6665173	.3334827	0	0
1219.15	0	.6654775	.3345225	0	0
1218.15	0	.6644406	.3355594	0	0
1217.15	0	.6634063	.3365937	0	0
1216.15	0	.6623749	.3376251	0	0
1215.15	0	.6613462	.3386538	0	0
1214.15	0	.6603203	.3396798	0	0
1213.15	0	.6592971	.3407029	0	0
1212.15	0	.6582768	.3417233	0	0
1211.15	0	.6572592	.3427408	0	0
1210.15	0	.6562444	.3437556	0	0
1209.15	0	.6552325	.3447675	0	0
1208.15	0	.6542234	.3457766	0	0
1207.15	0	.6532171	.3467829	0	0
1206.15	0	.6522136	.3477864	0	0
1205.15	0	.651213	.348787	0	0
1204.15	0	.6502153	.3497847	0	0
1203.15	0	.6492204	.3507796	0	0
1202.15	0	.6482283	.3517717	0	0
1201.15	0	.6472392	.3527608	0	0
1200.15	0	.6462529	.3537471	0	0
1199.15	0	.6452695	.3547305	0	0
1198.15	0	.6442891	.3557109	0	0
1197.15	0	.6433115	.3566885	0	0
1196.15	0	.6423369	.3576631	0	0
1195.15	0	.6413652	.3586348	0	0
1194.15	0	.6403964	.3596036	0	0
1193.15	0	.6394306	.3605694	0	0
1192.15	0	.6384678	.3615322	0	0
1191.15	0	.6375079	.3624921	0	0
1190.15	0	.636551	.3634491	0	0
1189.15	0	.635597	.364403	0	0
1188.15	0	.6346461	.3653539	0	0
1187.15	0	.6336982	.3663018	0	0
1186.15	0	.6327533	.3672467	0	0
1185.15	0	.6318114	.3681886	0	0
1184.15	0	.6308725	.3691275	0	0
1183.15	0	.6299368	.3700632	0	0
1182.15	0	.629004	.370996	0	0
1181.15	0	.6280744	.3719257	0	0
1180.15	0	.6271478	.3728522	0	0
1179.15	0	.6262243	.3737758	0	0
1178.15	0	.6253038	.3746962	0	0
1177.15	0	.6243866	.3756135	0	0
1176.15	0	.6234724	.3765276	0	0
1175.15	0	.6225613	.3774387	0	0
1174.15	0	.6216534	.3783466	0	0
1173.15	0	.6207487	.3792513	0	0
1172.15	0	.6198471	.3801529	0	0
1171.15	0	.6189487	.3810513	0	0
1170.15	0	.6180535	.3819465	0	0
1169.15	0	.6171615	.3828385	0	0
1168.15	0	.6162727	.3837273	0	0
1167.15	0	.6153871	.3846129	0	0
1166.15	0	.6145048	.3854952	0	0
1165.15	0	.6136257	.3863743	0	0
1164.15	0	.6127499	.3872501	0	0
1163.15	0	.6118773	.3881227	0	0
1162.15	0	.6110081	.3889919	0	0
1161.15	0	.6101421	.3898579	0	0
1160.15	0	.6092795	.3907205	0	0
1159.15	0	.6084201	.3915799	0	0
1158.15	0	.6075641	.3924359	0	0
1157.15	0	.6067115	.3932885	0	0
1156.15	0	.6058622	.3941378	0	0
1155.15	0	.6050163	.3949837	0	0
1154.15	0	.6041738	.3958262	0	0
1153.15	0	.6033347	.3966653	0	0
1152.15	0	.602499	.397501	0	0
1151.15	0	.6016668	.3983332	0	0
1150.15	0	.600838	.399162	0	0
1149.15	0	.6000127	.3999874	0	0
1148.15	0	.5991908	.4008092	0	0
1147.15	0	.5983724	.4016276	0	0
1146.15	0	.5975575	.4024425	0	0
1145.15	0	.5967462	.4032538	0	0
1144.15	0	.5959384	.4040616	0	0
1143.15	0	.5951341	.4048659	0	0
1142.15	0	.5943334	.4056666	0	0
1141.15	0	.5935363	.4064637	0	0
1140.15	0	.5927428	.4072572	0	0
1139.15	0	.5919529	.4080472	0	0
1138.15	0	.5911666	.4088334	0	0
1137.15	0	.5903839	.4096161	0	0
1136.15	0	.5896049	.4103951	0	0
1135.15	0	.5888296	.4111704	0	0
1134.15	0	.588058	.411942	0	0
1133.15	0	.5872901	.4127099	0	0
1132.15	0	.5865259	.4134741	0	0
1131.15	0	.5857654	.4142346	0	0
1130.15	0	.5850087	.4149913	0	0
1129.15	0	.5842558	.4157442	0	0
1128.15	0	.5835066	.4164934	0	0
1127.15	0	.5827613	.4172387	0	0
1126.15	0	.5820198	.4179802	0	0
1125.15	0	.5812821	.4187179	0	0
1124.15	0	.5805483	.4194517	0	0
1123.15	0	.5798184	.4201816	0	0
1122.15	0	.5790924	.4209076	0	0
1121.15	0	.5783703	.4216297	0	0
1120.15	0	.5776521	.4223479	0	0
1119.15	0	.5769379	.4230621	0	0
1118.15	0	.5762276	.4237724	0	0
1117.15	0	.5755213	.4244787	0	0
1116.15	0	.5748191	.4251809	0	0
1115.15	0	.5741208	.4258792	0	0
1114.15	0	.5734267	.4265733	0	0
1113.15	0	.5727365	.4272635	0	0
1112.15	0	.5720505	.4279495	0	0
1111.15	0	.5713686	.4286314	0	0
1110.15	0	.5706908	.4293092	0	0
1109.15	0	.5700171	.4299829	0	0
1108.15	0	.5693476	.4306524	0	0
1107.15	0	.5686823	.4313177	0	0
1106.15	0	.5680212	.4319788	0	0
1105.15	0	.5673643	.4326357	0	0
1104.15	0	.5667117	.4332883	0	0
1103.15	0	.5660633	.4339367	0	0
1102.15	0	.5654192	.4345808	0	0
1101.15	0	.5647795	.4352205	0	0
1100.15	0	.5641441	.4358559	0	0
1099.15	0	.563513	.436487	0	0
1098.15	0	.5628863	.4371137	0	0
1097.15	0	.562264	.437736	0	0
1096.15	0	.5616461	.4383539	0	0
1095.15	0	.5610327	.4389673	0	0
1094.15	0	.5604237	.4395763	0	0
1093.15	0	.5598193	.4401807	0	0
1092.15	0	.5592193	.4407807	0	0
1091.15	0	.5586239	.4413761	0	0
1090.15	0	.558033	.441967	0	0
1089.15	0	.5574467	.4425533	0	0
1088.15	0	.556865	.443135	0	0
1087.15	0	.556288	.443712	0	0
1086.15	0	.5557156	.4442844	0	0
1085.15	0	.5551478	.4448522	0	0
1084.15	0	.5545848	.4454152	0	0
1083.15	0	.5540265	.4459735	0	0
1082.15	0	.553473	.446527	0	0
1081.15	0	.5529242	.4470758	0	0
1080.15	0	.5523802	.4476198	0	0
1079.15	0	.5518411	.4481589	0	0
1078.15	0	.5513068	.4486932	0	0
1077.15	0	.5507774	.4492226	0	0
1076.15	0	.5502529	.4497471	0	0
1075.15	0	.5497333	.4502667	0	0
1074.15	0	.5492187	.4507814	0	0
1073.15	0	.548709	.451291	0	0
1072.15	0	.5482044	.4517956	0	0
1071.15	0	.5477047	.4522953	0	0
1070.15	0	.5472102	.4527898	0	0
1069.15	0	.5467207	.4532793	0	0
1068.15	0	.5462364	.4537636	0	0
1067.15	0	.5457572	.4542428	0	0
1066.478	0	.5454381	.4545619	0	0
1066.478	0	.5454381	.4545619	0	0
1066.478	0	.5454381	.4545619	0	0
1066.15	0	.5452039	.4546801	1.160373E-04	0
1065.15	0	.5444939	.4550371	4.690097E-04	0
1064.15	0	.5437896	.4553893	8.211039E-04	0
1063.15	0	.543091	.4557367	.001172321	0
1062.15	0	.542398	.4560793	.001522661	0
1061.15	0	.5417107	.4564172	.001872124	0
1060.15	0	.5410292	.4567501	.002220712	0
1059.15	0	.5403533	.4570782	.002568425	0
1058.15	0	.5396833	.4574015	.002915262	0
1057.15	0	.539019	.4577198	.003261225	0
1056.15	0	.5383604	.4580332	.003606314	0
1055.15	0	.5377077	.4583417	.003950529	0
1054.15	0	.5370609	.4586453	.00429387	0
1053.15	0	.5364198	.4589438	.004636338	0
1052.15	0	.5357847	.4592374	.004977932	0
1051.15	0	.5351554	.459526	.005318654	0
1050.15	0	.534532	.4598095	.005658502	0
1049.15	0	.5339146	.4600879	.005997478	0
1048.15	0	.5333031	.4603613	.00633558	0
1047.15	0	.5326975	.4606296	.00667281	0
1046.15	0	.532098	.4608928	.007009166	0
1045.15	0	.5315045	.4611509	.00734465	0
1044.15	0	.530917	.4614038	.00767926	0
1043.15	0	.5303355	.4616515	.008012996	0
1042.15	0	.5297601	.461894	.00834586	0
1041.15	0	.5291909	.4621313	.008677848	0
1040.15	0	.5286277	.4623634	.009008963	0
1039.15	0	.5280706	.4625902	.009339203	0
1038.15	0	.5275198	.4628117	.009668567	0
1037.15	0	.5269751	.4630279	.009997056	0
1036.15	0	.5264366	.4632387	.01032467	0
1035.15	0	.5259043	.4634443	.0106514	0
1034.15	0	.5253783	.4636444	.01097726	0
1033.15	0	.5248586	.4638392	.01130224	0
1032.15	0	.5243451	.4640286	.01162634	0
1031.15	0	.523838	.4642125	.01194957	0
1030.15	0	.5233372	.4643909	.01227191	0
1029.15	0	.5228427	.4645639	.01259337	0
1028.15	0	.5223547	.4647314	.01291394	0
1027.15	0	.5218731	.4648933	.01323364	0
1026.15	0	.5213978	.4650497	.01355245	0
1025.15	0	.5209291	.4652005	.01387037	0
1024.15	0	.5204668	.4653458	.01418741	0
1023.15	0	.5200111	.4654854	.01450356	0
1022.15	0	.5195618	.4656193	.01481882	0
1021.15	0	.5191192	.4657476	.01513319	0
1020.15	0	.5186831	.4658703	.01544666	0
1019.15	0	.5182536	.4659872	.01575924	0
1018.15	0	.5178307	.4660984	.01607093	0
1017.15	0	.5174145	.4662038	.01638172	0
1016.15	0	.517005	.4663034	.01669161	0
1015.15	0	.5166021	.4663973	.01700061	0
1014.15	0	.516206	.4664853	.0173087	0
1013.15	0	.5158167	.4665675	.01761588	0
1012.15	0	.5154341	.4666438	.01792216	0
1011.15	0	.5150583	.4667142	.01822753	0
1010.15	0	.5146894	.4667787	.018532	0
1009.15	0	.5143273	.4668372	.01883555	0
1008.15	0	.5139721	.4668898	.01913818	0
1007.15	0	.5136237	.4669364	.0194399	0
1006.15	0	.5132824	.466977	.0197407	0
1005.15	0	.5129479	.4670115	.02004057	0
1004.15	0	.5126205	.46704	.02033952	0
1003.15	0	.5123001	.4670624	.02063755	0
1002.15	0	.5119866	.4670787	.02093464	0
1001.15	0	.5116803	.4670889	.0212308	0
1000.15	0	.5113811	.4670929	.02152603	0
999.15	0	.5110889	.4670908	.02182032	0
998.15	0	.5108039	.4670824	.02211367	0
997.15	0	.5105261	.4670679	.02240607	0
996.15	0	.5102554	.4670471	.02269752	0
995.15	0	.509992	.46702	.02298802	0
994.15	0	.5097357	.4669867	.02327757	0
993.15	0	.5094868	.466947	.02356616	0
992.15	0	.5092452	.4669011	.02385378	0
991.15	0	.5090108	.4668487	.02414044	0
990.15	0	.5087838	.46679	.02442613	0
989.15	0	.5085642	.4667249	.02471085	0
988.15	0	.508352	.4666534	.02499459	0
987.15	0	.5081472	.4665755	.02527734	0
986.15	0	.5079498	.4664911	.02555911	0
985.15	0	.5077599	.4664002	.02583989	0
984.15	0	.5075775	.4663028	.02611968	0
983.15	0	.5074026	.4661989	.02639846	0
982.15	0	.5072353	.4660885	.02667624	0
981.15	0	.5070755	.4659715	.02695301	0
980.15	0	.5069233	.4658479	.02722876	0
979.15	0	.5067788	.4657177	.0275035	0
978.15	0	.5066419	.4655809	.02777721	0
977.15	0	.5065126	.4654375	.02804989	0
976.15	0	.506391	.4652874	.02832154	0
975.15	0	.5062772	.4651307	.02859214	0
974.15	0	.506171	.4649673	.0288617	0
973.15	0	.5060727	.4647971	.02913021	0
972.15	0	.5059821	.4646203	.02939765	0
971.15	0	.5058993	.4644367	.02966403	0
970.15	0	.5058243	.4642463	.02992934	0
969.15	0	.5057572	.4640492	.03019357	0
968.15	0	.5056979	.4638453	.03045672	0
967.15	0	.5056466	.4636347	.03071877	0
966.15	0	.5056031	.4634172	.03097973	0
965.15	0	.5055675	.4631929	.03123958	0
964.15	0	.5055399	.4629618	.03149832	0
963.15	0	.5055203	.4627238	.03175594	0
962.15	0	.5055086	.4624789	.03201243	0
961.15	0	.505505	.4622272	.03226779	0
960.15	0	.5055093	.4619687	.032522	0
959.15	0	.5055217	.4617032	.03277506	0
958.15	0	.5055422	.4614309	.03302696	0
957.15	0	.5055707	.4611517	.03327769	0
956.15	0	.5056073	.4608655	.03352724	0
955.15	0	.5056519	.4605725	.03377561	0
954.15	0	.5057047	.4602725	.03402278	0
953.15	0	.5057656	.4599656	.03426875	0
952.15	0	.5058347	.4596519	.03451351	0
951.15	0	.5059118	.4593311	.03475704	0
950.15	0	.5059972	.4590035	.03499933	0
949.15	0	.5060906	.458669	.03524039	0
948.15	0	.5061923	.4583275	.03548018	0
947.15	0	.5063022	.4579791	.03571872	0
946.15	0	.5064202	.4576238	.03595597	0
945.15	0	.5065464	.4572616	.03619194	0
944.15	0	.5066808	.4568926	.03642661	0
943.15	0	.5068234	.4565166	.03665998	0
942.15	0	.5069743	.4561337	.03689201	0
941.15	0	.5071333	.455744	.03712272	0
940.15	0	.5073005	.4553474	.03735208	0
939.15	0	.5074759	.454944	.03758007	0
938.15	0	.5076596	.4545337	.0378067	0
937.15	0	.5078514	.4541167	.03803194	0
936.15	0	.5080514	.4536928	.03825578	0
935.15	0	.5082596	.4532622	.03847821	0
934.15	0	.508476	.4528248	.03869921	0
933.15	0	.5087006	.4523807	.03891876	0
932.15	0	.5089333	.4519299	.03913686	0
931.15	0	.5091741	.4514724	.03935349	0
930.15	0	.5094231	.4510082	.03956863	0
929.15	0	.5096802	.4505375	.03978226	0
928.15	0	.5099454	.4500602	.03999438	0
927.15	0	.5102187	.4495763	.04020496	0
926.15	0	.5105001	.449086	.04041398	0
925.15	0	.5107895	.4485891	.04062143	0
924.15	0	.5110868	.4480859	.04082729	0
923.15	0	.5113922	.4475762	.04103155	0
922.15	0	.5117055	.4470603	.04123418	0
921.15	0	.5120268	.4465381	.04143516	0
920.15	0	.5123559	.4460096	.04163447	0
919.15	0	.5126929	.445475	.0418321	0
918.15	0	.5130377	.4449343	.04202802	0
917.15	0	.5133903	.4443875	.04222222	0
916.15	0	.5137506	.4438348	.04241466	0
915.15	0	.5141185	.4432761	.04260534	0
914.15	0	.5144941	.4427117	.04279421	0
913.15	0	.5148773	.4421414	.04298127	0
912.15	0	.515268	.4415655	.04316649	0
911.15	0	.5156662	.4409839	.04334984	0
910.15	0	.5160718	.4403969	.04353129	0
909.15	0	.5164847	.4398044	.04371083	0
908.15	0	.516905	.4392066	.04388843	0
907.15	0	.5173324	.4386036	.04406404	0
906.15	0	.5177669	.4379955	.04423766	0
905.15	0	.5182085	.4373823	.04440925	0
904.15	0	.518657	.4367642	.04457878	0
903.15	0	.5191125	.4361413	.04474622	0
902.15	0	.5195747	.4355138	.04491153	0
901.15	0	.5200436	.4348817	.04507469	0
900.15	0	.5205191	.4342452	.04523567	0
899.15	0	.5210011	.4336045	.04539442	0
898.15	0	.5214895	.4329596	.04555091	0
897.15	0	.5219842	.4323107	.0457051	0
896.15	0	.522485	.431658	.04585696	0
895.15	0	.5229919	.4310017	.04600645	0
894.15	0	.5235046	.4303419	.04615353	0
893.15	0	.5240231	.4296787	.04629815	0
892.15	0	.5245473	.4290124	.04644027	0
891.15	0	.5250769	.4283432	.04657985	0
890.15	0	.5256119	.4276712	.04671684	0
889.15	0	.5261521	.4269967	.0468512	0
888.15	0	.5266972	.4263199	.04698287	0
887.15	0	.5272472	.425641	.04711179	0
886.15	0	.5278018	.4249602	.04723793	0
885.15	0	.5283609	.4242779	.04736121	0
884.15	0	.5289243	.4235941	.04748159	0
883.15	0	.5294917	.4229093	.047599	0
882.15	0	.530063	.4222237	.04771338	0
881.15	0	.5306378	.4215375	.04782467	0
880.15	0	.5312161	.4208511	.04793278	0
879.15	0	.5317975	.4201649	.04803766	0
878.15	0	.5323818	.419479	.04813922	0
877.15	0	.5329686	.418794	.04823739	0
876.15	0	.5335578	.4181101	.04833209	0
875.15	0	.5341491	.4174277	.04842322	0
874.15	0	.534742	.4167473	.04851069	0
873.15	0	.5353363	.4160693	.04859441	0
872.15	0	.5359317	.4153941	.04867428	0
871.15	0	.5365277	.4147221	.04875018	0
870.15	0	.537124	.414054	.048822	0
869.15	0	.5377202	.4133902	.04888962	0
868.15	0	.5383158	.4127313	.04895291	0
867.15	0	.5389105	.4120778	.04901174	0
866.15	0	.5394146	.4115379	.04904751	0
865.15	0	.5397344	.4112273	.04903834	0
864.15	0	.5400967	.4108729	.04903039	0
863.15	0	.5404985	.4104781	.0490234	0
862.15	0	.5409367	.4100462	.04901712	0
861.15	0	.5414087	.4095799	.04901139	0
860.15	0	.541912	.409082	.04900602	0
859.15	0	.5424443	.4085548	.04900087	0
858.15	0	.5430034	.4080008	.04899583	0
857.15	0	.5435873	.407422	.04899077	0
856.15	0	.5441941	.4068203	.04898561	0
855.15	0	.5448222	.4061976	.04898025	0
854.15	0	.5454697	.4055556	.04897464	0
853.15	0	.5461353	.404896	.0489687	0
852.15	0	.5468175	.4042201	.04896239	0
851.15	0	.5475148	.4035295	.04895566	0
850.15	0	.5482261	.4028254	.04894845	0
849.15	0	.5489501	.4021092	.04894075	0
848.15	0	.5496856	.4013819	.04893253	0
847.15	0	.5504316	.4006447	.04892374	0
846.15	0	.5511871	.3998985	.04891438	0
845.15	0	.551951	.3991445	.04890444	0
844.15	0	.5527226	.3983835	.04889388	0
843.15	0	.5535009	.3976164	.0488827	0
842.15	0	.5542851	.396844	.0488709	0
841.15	0	.5550745	.3960671	.04885847	0
840.15	0	.5558682	.3952864	.04884539	0
839.15	0	.5566657	.3945026	.04883168	0
838.15	0	.5574663	.3937164	.04881733	0
837.15	0	.5582693	.3929283	.04880234	0
836.15	0	.5590742	.3921391	.0487867	0
835.15	0	.5598805	.3913491	.04877044	0
834.15	0	.5606875	.390559	.04875354	0
833.15	0	.5614948	.3897691	.04873602	0
832.15	0	.562302	.3889801	.04871788	0
831.15	0	.5631087	.3881922	.04869913	0
830.15	0	.5639143	.387406	.04867977	0
829.15	0	.5647184	.3866217	.04865981	0
828.15	0	.5655209	.3858398	.04863927	0
827.15	0	.5663212	.3850607	.04861814	0
826.15	0	.5671191	.3842845	.04859645	0
825.15	0	.5679142	.3835116	.0485742	0
824.15	0	.5687063	.3827423	.04855139	0
823.15	0	.5694951	.3819768	.04852804	0
822.15	0	.5702803	.3812155	.04850417	0
821.15	0	.5710618	.3804584	.04847977	0
820.15	0	.5718392	.3797059	.04845487	0
819.15	0	.5726124	.3789581	.04842947	0
818.15	0	.5733812	.3782152	.04840357	0
817.15	0	.5741454	.3774774	.0483772	0
816.15	0	.5749048	.3767448	.04835037	0
815.15	0	.5756593	.3760176	.04832308	0
814.15	0	.5764087	.375296	.04829534	0
813.15	0	.5771529	.3745799	.04826717	0
812.15	0	.5778918	.3738696	.04823857	0
811.15	0	.5786253	.3731651	.04820956	0
810.15	0	.5793533	.3724666	.04818015	0
809.15	0	.5800756	.3717741	.04815034	0
808.15	0	.5807922	.3710877	.04812015	0
807.15	0	.581503	.3704075	.04808958	0
806.15	0	.5822079	.3697334	.04805865	0
805.15	0	.5829069	.3690657	.04802736	0
804.15	0	.5836	.3684043	.04799573	0
803.15	0	.584287	.3677493	.04796376	0
802.15	0	.584968	.3671006	.04793146	0
801.15	0	.5856428	.3664584	.04789885	0
800.15	0	.5863115	.3658226	.04786592	0
799.15	0	.5869741	.3651932	.04783269	0
798.15	0	.5876305	.3645704	.04779917	0
797.15	0	.5882807	.363954	.04776536	0
796.15	0	.5889246	.3633441	.04773127	0
795.15	0	.5895624	.3627407	.04769692	0
794.15	0	.590194	.3621437	.0476623	0
793.15	0	.5908194	.3615532	.04762743	0
792.15	0	.5914385	.3609692	.04759231	0
791.15	0	.5920515	.3603916	.04755694	0
790.15	0	.5926583	.3598203	.04752135	0
789.15	0	.5932589	.3592555	.04748552	0
788.15	0	.5938535	.3586971	.04744947	0
787.15	0	.5944418	.358145	.04741321	0
786.15	0	.5950241	.3575992	.04737674	0
785.15	0	.5956003	.3570597	.04734007	0
784.15	0	.5961704	.3565264	.0473032	0
783.15	0	.5967346	.3559993	.04726613	0
782.15	0	.5972927	.3554784	.04722888	0
781.15	0	.597845	.3549636	.04719145	0
780.15	0	.5983913	.3544549	.04715384	0
779.15	0	.5989317	.3539523	.04711607	0
778.15	0	.5994663	.3534556	.04707812	0
777.15	0	.599995	.3529649	.04704002	0
776.15	0	.6005181	.3524802	.04700175	0
775.15	0	.6010354	.3520013	.04696334	0
774.15	0	.6015471	.3515282	.04692477	0
773.15	0	.6020531	.3510609	.04688606	0
772.15	0	.6025535	.3505993	.04684721	0
771.15	0	.6030484	.3501433	.04680823	0
770.15	0	.6035379	.349693	.04676911	0
769.15	0	.6040218	.3492483	.04672986	0
768.15	0	.6045004	.3488091	.04669049	0
767.15	0	.6049737	.3483753	.04665099	0
766.15	0	.6054416	.347947	.04661138	0
765.15	0	.6059043	.347524	.04657165	0
764.15	0	.6063618	.3471063	.04653181	0
763.15	0	.6068142	.3466939	.04649185	0
762.15	0	.6072615	.3462867	.04645179	0
761.15	0	.6077037	.3458847	.04641163	0
760.15	0	.6081409	.3454877	.04637137	0
759.15	0	.6085732	.3450958	.04633101	0
758.15	0	.6090006	.3447089	.04629055	0
757.15	0	.6094231	.3443269	.04625	0
756.15	0	.6098408	.3439498	.04620936	0
755.15	0	.6102538	.3435776	.04616862	0
754.15	0	.6106621	.3432101	.04612781	0
753.15	0	.6110657	.3428474	.04608691	0
752.15	0	.6114648	.3424893	.04604592	0
751.15	0	.6118593	.3421359	.04600486	0
750.15	0	.6122493	.341787	.04596372	0
749.15	0	.6126348	.3414427	.0459225	0
748.15	0	.613016	.3411028	.04588121	0
747.15	0	.6133928	.3407674	.04583985	0
746.15	0	.6137653	.3404363	.04579842	0
745.15	0	.6141335	.3401096	.04575692	0
744.15	0	.6144975	.3397871	.04571535	0
743.15	0	.6148574	.3394689	.04567372	0
742.15	0	.6152132	.3391548	.04563202	0
741.15	0	.6155649	.3388449	.04559026	0
740.15	0	.6159125	.338539	.04554844	0
739.15	0	.6162562	.3382372	.04550656	0
738.15	0	.616596	.3379394	.04546463	0
737.15	0	.6169319	.3376455	.04542264	0
736.15	0	.6172639	.3373555	.04538059	0
735.15	0	.6175922	.3370693	.04533849	0
734.15	0	.6179167	.336787	.04529634	0
733.15	0	.6182375	.3365084	.04525414	0
732.15	0	.6185546	.3362335	.04521188	0
731.15	0	.6188681	.3359623	.04516958	0
730.15	0	.6191781	.3356947	.04512723	0
729.15	0	.6194845	.3354307	.04508484	0
728.15	0	.6197874	.3351703	.0450424	0
727.15	0	.6200868	.3349133	.04499992	0
726.15	0	.6203828	.3346598	.0449574	0
725.15	0	.6206755	.3344097	.04491483	0
724.15	0	.6209648	.334163	.04487222	0
723.15	0	.6212508	.3339196	.04482958	0
722.15	0	.6215336	.3336795	.04478689	0
721.15	0	.6218132	.3334427	.04474417	0
720.15	0	.6220895	.3332091	.04470141	0
719.15	0	.6223628	.3329786	.04465862	0
718.15	0	.6226329	.3327513	.04461579	0
717.15	0	.6228999	.3325271	.04457293	0
716.15	0	.623164	.332306	.04453004	0
715.15	0	.623425	.3320879	.04448711	0
714.15	0	.6236831	.3318728	.04444416	0
713.15	0	.6239382	.3316607	.04440117	0
712.15	0	.6241904	.3314514	.04435816	0
711.15	0	.6244398	.3312451	.04431512	0
710.15	0	.6246864	.3310416	.04427205	0
709.15	0	.6249301	.3308409	.04422895	0
708.15	0	.6251712	.330643	.04418583	0
707.15	0	.6254094	.3304479	.04414269	0
706.15	0	.625645	.3302555	.04409952	0
705.15	0	.6258779	.3300657	.04405633	0
704.15	0	.6261082	.3298786	.04401311	0
703.15	0	.6263359	.3296942	.04396988	0
702.15	0	.6265611	.3295123	.04392662	0
701.15	0	.6267836	.329333	.04388335	0
700.15	0	.6270066	.3291543	.04383915	0
699.15	0	.6272239	.3289802	.04379591	0
698.15	0	.6274388	.3288085	.04375265	0
697.15	0	.6276513	.3286393	.04370936	0
696.15	0	.6278615	.3284725	.04366606	0
695.15	0	.6280692	.328308	.04362274	0
694.15	0	.6282747	.3281459	.0435794	0
693.15	0	.6284778	.3279861	.04353604	0
692.15	0	.6286787	.3278286	.04349267	0
691.15	0	.6288773	.3276734	.04344928	0
690.15	0	.6290737	.3275204	.04340588	0
689.15	0	.6292679	.3273696	.04336247	0
688.15	0	.6294599	.327221	.04331905	0
687.15	0	.6296498	.3270746	.04327561	0
686.15	0	.6298375	.3269303	.04323216	0
685.15	0	.6300232	.3267881	.04318871	0
684.15	0	.6302067	.326648	.04314524	0
683.15	0	.6303882	.32651	.04310177	0
682.15	0	.6305677	.326374	.04305829	0
681.15	0	.6307452	.32624	.0430148	0
680.15	0	.6309207	.326108	.04297131	0
679.15	0	.6310942	.325978	.04292782	0
678.15	0	.6312658	.3258499	.04288432	0
677.15	0	.6314354	.3257238	.04284082	0
676.15	0	.6316032	.3255995	.04279732	0
675.15	0	.6317691	.3254771	.04275382	0
674.15	0	.6319331	.3253566	.04271031	0
673.15	0	.6320953	.3252379	.04266681	0
672.15	0	.6322557	.325121	.04262331	0
671.15	0	.6324142	.325006	.04257981	0
670.15	0	.632571	.3248927	.04253632	0
669.15	0	.6327261	.3247811	.04249283	0
668.15	0	.6328794	.3246713	.04244934	0
667.15	0	.633031	.3245632	.04240586	0
666.15	0	.6331809	.3244567	.04236239	0
665.15	0	.6333291	.324352	.04231892	0
664.15	0	.6334757	.3242489	.04227546	0
663.15	0	.6336206	.3241474	.04223201	0
662.15	0	.6337639	.3240476	.04218857	0
661.15	0	.6339055	.3239493	.04214514	0
660.15	0	.6340456	.3238527	.04210172	0
659.15	0	.6341842	.3237575	.04205831	0
658.15	0	.6343211	.323664	.04201492	0
657.15	0	.6344565	.3235719	.04197154	0
656.15	0	.6345905	.3234814	.04192817	0
655.15	0	.6347229	.3233923	.04188482	0
654.15	0	.6348538	.3233047	.04184148	0
653.15	0	.6349832	.3232186	.04179816	0
652.15	0	.6351112	.3231339	.04175486	0
651.15	0	.6352378	.3230507	.04171158	0
650.15	0	.6353629	.3229688	.04166831	0
649.15	0	.6354866	.3228883	.04162507	0
648.15	0	.6356089	.3228092	.04158184	0
647.15	0	.6357299	.3227315	.04153864	0
646.15	0	.6358495	.3226551	.04149545	0
645.15	0	.6359677	.32258	.04145229	0
644.15	0	.6360846	.3225062	.04140916	0
643.15	0	.6362002	.3224338	.04136604	0
642.15	0	.6363145	.3223626	.04132295	0
641.15	0	.6364275	.3222927	.04127989	0
640.15	0	.6365392	.322224	.04123686	0
639.15	0	.6366496	.3221566	.04119385	0
638.15	0	.6367588	.3220903	.04115087	0
637.15	0	.6368668	.3220253	.04110791	0
636.15	0	.6369735	.3219615	.04106499	0
635.15	0	.637079	.3218989	.04102209	0
634.15	0	.6371833	.3218374	.04097923	0
633.15	0	.6372865	.3217771	.0409364	0
632.15	0	.6373884	.321718	.0408936	0
631.15	0	.6374893	.3216599	.04085083	0
630.15	0	.6375889	.321603	.0408081	0
629.15	0	.6376875	.3215472	.0407654	0
628.15	0	.6377849	.3214924	.04072274	0
627.15	0	.6378811	.3214387	.04068011	0
626.15	0	.6379763	.3213862	.04063752	0
625.15	0	.6380704	.3213346	.04059496	0
624.15	0	.6381635	.3212841	.04055245	0
623.15	0	.6382554	.3212346	.04050997	0
622.15	0	.6383463	.3211861	.04046753	0
621.15	0	.6384362	.3211387	.04042514	0
620.15	0	.6385251	.3210922	.04038278	0
619.15	0	.6386129	.3210467	.04034046	0
618.15	0	.6386997	.3210021	.04029819	0
617.15	0	.6387855	.3209586	.04025596	0
616.15	0	.6388703	.3209159	.04021377	0
615.15	0	.6389541	.3208742	.04017163	0
614.15	0	.639037	.3208335	.04012954	0
613.15	0	.6391189	.3207936	.04008749	0
612.15	0	.6391999	.3207546	.04004548	0
611.15	0	.6392799	.3207166	.04000353	0
610.15	0	.639359	.3206794	.03996162	0
609.15	0	.6394372	.320643	.03991976	0
608.15	0	.6395145	.3206076	.03987795	0
607.15	0	.6395909	.320573	.03983619	0
606.15	0	.6396663	.3205392	.03979448	0
605.15	0	.6397409	.3205062	.03975282	0
604.15	0	.6398147	.3204741	.03971122	0
603.15	0	.6398875	.3204428	.03966967	0
602.15	0	.6399596	.3204123	.03962817	0
601.15	0	.6400307	.3203825	.03958673	0
600.15	0	.6401011	.3203536	.03954534	0
599.15	0	.6401706	.3203254	.03950401	0
598.15	0	.6402393	.320298	.03946273	0
597.15	0	.6403072	.3202713	.03942151	0
596.15	0	.6403742	.3202454	.03938035	0
595.15	0	.6404405	.3202202	.03933925	0
594.15	0	.640506	.3201958	.03929821	0
593.15	0	.6405707	.320172	.03925723	0
592.15	0	.6406347	.320149	.03921631	0
591.15	0	.6406979	.3201267	.03917545	0
590.15	0	.6407603	.320105	.03913465	0
589.15	0	.640822	.320084	.03909392	0
588.15	0	.640883	.3200638	.03905325	0
587.15	0	.6409432	.3200441	.03901264	0
586.15	0	.6410028	.3200251	.0389721	0
585.15	0	.6410615	.3200068	.03893163	0
584.15	0	.6411196	.3199892	.03889122	0
583.7024	0	.6411454	.3199814	.03887316	0
583.7024	0	.6411454	.3199814	.03887316	0
583.7024	0	.6411454	.3199814	.03887316	0
583.15	0	.6414465	.3194192	.03861196	5.223932E-04
582.15	0	.6419876	.3184067	.03814082	.001464902
581.15	0	.6425235	.3174013	.0376719	.002403291
580.15	0	.6430544	.3164029	.03720518	.003337603
579.15	0	.6435802	.3154113	.03674063	.004267882
578.15	0	.6441012	.3144264	.03627822	.005194168
577.15	0	.6446173	.3134482	.03581794	.006116506
576.15	0	.6451287	.3124766	.03535977	.007034935
575.15	0	.6456354	.3115115	.03490367	.007949497
574.15	0	.6461374	.3105527	.03444962	.008860231
573.15	0	.6466349	.3096003	.03399761	.009767179
572.15	0	.6471279	.3086541	.03354762	.01067038
571.15	0	.6476165	.3077141	.03309961	.01156987
570.15	0	.6481007	.3067801	.03265357	.01246569
569.15	0	.6485806	.3058521	.03220949	.01335787
568.15	0	.6490563	.3049299	.03176733	.01424646
567.15	0	.6495278	.3040136	.03132708	.0151315
566.15	0	.6499952	.3031031	.03088872	.016013
565.15	0	.6504585	.3021982	.03045222	.01689103
564.15	0	.6509179	.3012989	.03001758	.0177656
563.15	0	.6513733	.3004052	.02958477	.01863676
562.15	0	.6518249	.2995168	.02915377	.01950453
561.15	0	.6522726	.2986339	.02872457	.02036896
560.15	0	.6527166	.2977562	.02829713	.02123007
559.15	0	.6531568	.2968838	.02787146	.02208791
558.15	0	.6535934	.2960166	.02744753	.0229425
557.15	0	.6540264	.2951544	.02702531	.02379387
556.15	0	.6544558	.2942973	.0266048	.02464207
555.15	0	.6548818	.2934451	.02618598	.02548711
554.15	0	.6553043	.2925979	.02576884	.02632904
553.15	0	.6557234	.2917554	.02535334	.02716788
552.15	0	.6561391	.2909178	.02493949	.02800366
551.15	0	.6565515	.2900848	.02452725	.02883641
550.15	0	.6569607	.2892565	.02411662	.02966617
549.15	0	.6573667	.2884328	.02370759	.03049296
548.15	0	.6577695	.2876136	.02330013	.03131682
547.15	0	.6581691	.2867989	.02289422	.03213776
546.15	0	.6585657	.2859886	.02248987	.03295583
545.15	0	.6589593	.2851826	.02208704	.03377105
544.15	0	.6593499	.2843809	.02168573	.03458344
543.15	0	.6597376	.2835835	.02128593	.03539303
542.15	0	.6601223	.2827903	.02088761	.03619986
541.15	0	.6605042	.2820011	.02049076	.03700394
540.15	0	.6608832	.2812161	.02009537	.03780531
539.15	0	.6612595	.2804351	.01970143	.03860399
538.15	0	.661633	.2796581	.01930892	.03940001
537.15	0	.6620038	.2788849	.01891783	.04019339
536.15	0	.662372	.2781157	.01852815	.04098416
535.15	0	.6627375	.2773503	.01813986	.04177234
534.15	0	.6631005	.2765886	.01775295	.04255796
533.15	0	.6634609	.2758307	.01736741	.04334104
532.15	0	.6638187	.2750764	.01698323	.04412161
531.15	0	.6641741	.2743258	.01660039	.04489969
530.15	0	.6645271	.2735787	.01621888	.04567531
529.15	0	.6648776	.2728352	.01583869	.04644848
528.15	0	.6652257	.2720952	.01545981	.04721924
527.15	0	.6655715	.2713586	.01508223	.0479876
526.15	0	.665915	.2706255	.01470593	.04875359
525.15	0	.6662562	.2698956	.0143309	.04951722
524.15	0	.6665952	.2691691	.01395714	.05027853
523.15	0	.666932	.2684459	.01358463	.05103754
522.15	0	.6672665	.2677259	.01321336	.05179425
521.15	0	.6675989	.2670091	.01284333	.05254871
520.15	0	.6679292	.2662954	.01247451	.05330092
519.15	0	.6682574	.2655848	.0121069	.05405092
518.15	0	.6685835	.2648773	.01174049	.05479871
517.15	0	.6689076	.2641728	.01137526	.05554433
516.15	0	.6692297	.2634713	.01101122	.05628778
515.15	0	.6695498	.2627728	.01064835	.0570291
514.15	0	.6698679	.2620771	.01028663	.0577683
513.15	0	.6701842	.2613844	.00992607	.0585054
512.15	0	.6704985	.2606945	.009566646	.05924041
511.15	0	.670811	.2600073	.009208352	.05997337
510.15	0	.6711216	.259323	.00885118	.06070429
509.15	0	.6714304	.2586413	.00849512	.06143319
508.15	0	.6717374	.2579624	.008140164	.06216008
507.15	0	.6720426	.2572861	.007786302	.06288498
506.15	0	.6723461	.2566124	.007433526	.06360792
505.15	0	.6726479	.2559414	.007081827	.06432891
504.15	0	.672948	.2552728	.006731195	.06504797
503.15	0	.6732464	.2546068	.006381624	.06576511
502.15	0	.6735432	.2539433	.006033104	.06648036
501.15	0	.6738384	.2532823	.005685627	.06719373
500.15	0	.6741319	.2526237	.005339186	.06790524
499.15	0	.6744239	.2519674	.004993771	.0686149
498.15	0	.6747143	.2513136	.004649375	.06932274
497.15	0	.6750032	.250662	.00430599	.07002876
496.15	0	.6752906	.2500128	.003963608	.07073299
495.15	0	.6755765	.2493658	.003622222	.07143545
494.15	0	.6758609	.2487211	.003281824	.07213614
493.15	0	.6761439	.2480786	.002942406	.07283508
492.15	0	.6764255	.2474383	.002603962	.07353229
491.15	0	.6767056	.2468001	.002266483	.07422779
490.15	0	.6769845	.246164	.001929818	.07492163
489.15	0	.6772619	.2455301	.001594246	.07561375
488.15	0	.677538	.2448982	.001259619	.07630419
487.15	0	.6778127	.2442684	9.259292E-04	.07699299
486.15	0	.6780861	.2436406	5.931698E-04	.07768014
485.15	0	.6783583	.2430147	2.613341E-04	.07836567
484.3605	0	.6785722	.242522	0	.07890576
484.3605	0	.6785722	.242522	0	.07890576
484.15	0	.6785743	.2424647	0	.07896097
483.15	0	.6785839	.2421934	0	.07922268
482.15	0	.6785931	.2419234	0	.07948346
481.15	0	.678602	.2416547	0	.07974333
480.15	0	.6786104	.2413873	0	.08000228
479.15	0	.6786185	.2411212	0	.08026033
478.15	0	.6786262	.2408564	0	.08051749
477.15	0	.6786335	.2405928	0	.08077376
476.15	0	.6786404	.2403304	0	.08102916
475.15	0	.6786471	.2400693	0	.08128369
474.15	0	.6786533	.2398093	0	.08153736
473.15	0	.6786592	.2395506	0	.08179018
472.15	0	.6786648	.239293	0	.08204215
471.15	0	.6786701	.2390366	0	.08229328
470.15	0	.678675	.2387814	0	.08254359
469.15	0	.6786796	.2385273	0	.08279308
468.15	0	.6786839	.2382744	0	.08304176
467.15	0	.6786879	.2380225	0	.08328963
466.15	0	.6786915	.2377718	0	.0835367
465.15	0	.6786949	.2375221	0	.08378299
464.15	0	.678698	.2372735	0	.0840285
463.15	0	.6787007	.237026	0	.08427323
462.15	0	.6787033	.2367796	0	.08451719
461.15	0	.6787055	.2365341	0	.0847604
460.15	0	.6787074	.2362897	0	.08500285
459.15	0	.6787091	.2360463	0	.08524456
458.15	0	.6787105	.235804	0	.08548554
457.15	0	.6787116	.2355626	0	.08572578
456.15	0	.6787126	.2353222	0	.0859653
455.15	0	.6787132	.2350827	0	.08620411
454.15	0	.6787136	.2348442	0	.0864422
453.15	0	.6787138	.2346067	0	.0866796
452.15	0	.6787137	.23437	0	.0869163
451.15	0	.6787134	.2341343	0	.08715232
450.15	0	.6787128	.2338995	0	.08738765
449.15	0	.6787121	.2336655	0	.08762234
448.15	0	.6787112	.2334324	0	.08785637
447.15	0	.6787101	.2332001	0	.08808975
446.15	0	.6787088	.2329687	0	.08832247
445.15	0	.6787073	.2327381	0	.08855457
444.15	0	.6787057	.2325083	0	.08878603
443.15	0	.6787038	.2322793	0	.08901687
442.15	0	.6787019	.232051	0	.08924711
441.15	0	.6786997	.2318235	0	.08947674
440.15	0	.6786975	.2315967	0	.08970578
439.15	0	.6786951	.2313707	0	.08993424
438.15	0	.6786926	.2311453	0	.09016212
437.15	0	.6786899	.2309206	0	.09038942
436.15	0	.6786872	.2306966	0	.09061617
435.15	0	.6786844	.2304733	0	.09084237
434.15	0	.6786814	.2302506	0	.09106802
433.15	0	.6786784	.2300285	0	.09129313
432.15	0	.6786753	.229807	0	.09151772
431.15	0	.6786722	.229586	0	.09174177
430.15	0	.678669	.2293657	0	.09196531
429.15	0	.6786657	.229146	0	.09218835
428.15	0	.6786624	.2289268	0	.09241087
427.15	0	.678659	.2287081	0	.09263291
426.15	0	.6786556	.22849	0	.09285445
425.15	0	.6786521	.2282724	0	.09307551
424.15	0	.6786486	.2280553	0	.09329609
423.15	0	.6786452	.2278386	0	.0935162
422.15	0	.6786417	.2276225	0	.09373584
421.15	0	.6786381	.2274068	0	.09395503
420.15	0	.6786346	.2271916	0	.09417376
419.15	0	.6786311	.2269769	0	.09439204
418.15	0	.6786276	.2267625	0	.09460989
417.15	0	.6786241	.2265486	0	.09482729
416.15	0	.6786206	.2263352	0	.09504426
415.15	0	.6786171	.2261221	0	.09526081
414.15	0	.6786136	.2259094	0	.09547693
413.15	0	.6786102	.2256972	0	.09569264
412.15	0	.6786068	.2254853	0	.09590794
411.15	0	.6786034	.2252737	0	.09612283
410.15	0	.6786001	.2250626	0	.09633732
