T	 BPW(LIQUID)	BPW(BCC_A2)	BPW(FCC_A1)	BPW(LAVES_PHASE_C14)	BPW(NI3TI)
1473.15	.08684557	.9028271	0	.01032736	0
1472.15	.08155299	.9061881	0	.0122589	0
1471.15	.0763618	.9094778	0	.0141604	0
1470.15	.07126917	.9126981	0	.01603272	0
1469.15	.06627237	.9158509	0	.01787669	0
1468.15	.06136877	.9189381	0	.01969311	0
1467.15	.05655582	.9219614	0	.02148276	0
1466.15	.05183108	.9249225	0	.02324639	0
1465.15	.04719216	.9278231	0	.0249847	0
1464.15	.0426368	.9306648	0	.02669841	0
1463.15	.03816277	.9334491	0	.02838818	0
1462.15	.03376794	.9361774	0	.03005465	0
1461.15	.02945024	.9388513	0	.03169845	0
1460.15	.02520768	.9414721	0	.03332018	0
1459.15	.02103833	.9440412	0	.03492044	0
1458.15	.01694033	.9465599	0	.03649977	0
1457.15	.01291185	.9490294	0	.03805874	0
1456.15	.008951159	.951451	0	.03959786	0
1455.15	.005056557	.9538258	0	.04111765	0
1454.15	.001226406	.956155	0	.0426186	0
1453.826	0	.9568994	0	.04310056	0
1453.826	0	.9568994	0	.04310056	0
1453.15	0	.9563848	0	.04361523	0
1452.15	0	.9556253	0	.04437466	0
1451.15	0	.9548678	0	.04513217	0
1450.15	0	.9541122	0	.04588776	0
1449.15	0	.9533586	0	.04664145	0
1448.15	0	.9526068	0	.04739324	0
1447.15	0	.9518569	0	.04814314	0
1446.15	0	.9511089	0	.04889114	0
1445.15	0	.9503627	0	.04963727	0
1444.15	0	.9496185	0	.05038153	0
1443.15	0	.9488761	0	.05112391	0
1442.15	0	.9481356	0	.05186444	0
1441.15	0	.9473969	0	.05260311	0
1440.15	0	.9466601	0	.05333994	0
1439.15	0	.9459251	0	.05407493	0
1438.15	0	.9451919	0	.05480808	0
1437.15	0	.9444606	0	.0555394	0
1436.15	0	.9437311	0	.05626891	0
1435.15	0	.9430034	0	.0569966	0
1434.15	0	.9422775	0	.05772248	0
1433.15	0	.9415534	0	.05844656	0
1432.15	0	.9408312	0	.05916885	0
1431.15	0	.9401107	0	.05988934	0
1430.15	0	.9393919	0	.06060806	0
1429.15	0	.938675	0	.061325	0
1428.15	0	.9379598	0	.06204016	0
1427.15	0	.9372464	0	.06275357	0
1426.15	0	.9365348	0	.06346521	0
1425.15	0	.9358249	0	.0641751	0
1424.15	0	.9351168	0	.06488325	0
1423.15	0	.9344103	0	.06558966	0
1422.15	0	.9337057	0	.06629434	0
1421.15	0	.9330027	0	.06699728	0
1420.15	0	.9323015	0	.06769851	0
1419.15	0	.931602	0	.06839802	0
1418.15	0	.9309042	0	.06909582	0
1417.15	0	.9302081	0	.06979191	0
1416.15	0	.9295137	0	.07048631	0
1415.15	0	.928821	0	.07117902	0
1414.15	0	.92813	0	.07187004	0
1413.15	0	.9274406	0	.07255938	0
1412.15	0	.926753	0	.07324705	0
1411.15	0	.926067	0	.07393304	0
1410.15	0	.9253826	0	.07461737	0
1409.15	0	.9246999	0	.07530005	0
1408.15	0	.9240189	0	.07598107	0
1407.15	0	.9233396	0	.07666045	0
1406.15	0	.9226618	0	.07733819	0
1405.15	0	.9219857	0	.07801429	0
1404.15	0	.9213112	0	.07868876	0
1403.15	0	.9206384	0	.07936161	0
1402.15	0	.9199672	0	.08003284	0
1401.15	0	.9192976	0	.08070245	0
1400.15	0	.9186295	0	.08137046	0
1399.15	0	.9179631	0	.08203686	0
1398.15	0	.9172983	0	.08270167	0
1397.15	0	.9166351	0	.08336489	0
1396.15	0	.9159735	0	.08402652	0
1395.15	0	.9153134	0	.08468657	0
1394.15	0	.914655	0	.08534504	0
1393.15	0	.9139981	0	.08600194	0
1392.15	0	.9133427	0	.08665728	0
1391.15	0	.9126889	0	.08731106	0
1390.15	0	.9120367	0	.08796328	0
1389.15	0	.911386	0	.08861396	0
1388.15	0	.9107369	0	.08926308	0
1387.15	0	.9100893	0	.08991067	0
1386.15	0	.9094433	0	.09055673	0
1385.15	0	.9087988	0	.09120125	0
1384.15	0	.9081558	0	.09184425	0
1383.15	0	.9075143	0	.09248573	0
1382.15	0	.9068743	0	.0931257	0
1381.15	0	.9062358	0	.09376416	0
1380.15	0	.9055989	0	.09440111	0
1379.15	0	.9049634	0	.09503657	0
1378.15	0	.9043295	0	.09567053	0
1377.15	0	.903697	0	.096303	0
1376.15	0	.903066	0	.09693398	0
1375.15	0	.9024365	0	.09756349	0
1374.15	0	.9018085	0	.09819152	0
1373.15	0	.9011819	0	.09881808	0
1372.15	0	.9005568	0	.09944317	0
1371.15	0	.8999332	0	.1000668	0
1370.15	0	.899311	0	.100689	0
1369.15	0	.8986903	0	.1013097	0
1368.15	0	.898071	0	.101929	0
1367.15	0	.8974532	0	.1025468	0
1366.15	0	.8968368	0	.1031632	0
1365.15	0	.8962218	0	.1037782	0
1364.15	0	.8956083	0	.1043917	0
1363.15	0	.8949962	0	.1050038	0
1362.15	0	.8943855	0	.1056145	0
1361.15	0	.8937762	0	.1062238	0
1360.15	0	.8931683	0	.1068317	0
1359.15	0	.8925619	0	.1074381	0
1358.15	0	.8919568	0	.1080432	0
1357.15	0	.8913531	0	.1086469	0
1356.15	0	.8907509	0	.1092492	0
1355.15	0	.89015	0	.10985	0
1354.15	0	.8895505	0	.1104495	0
1353.15	0	.8889523	0	.1110477	0
1352.15	0	.8883556	0	.1116444	0
1351.15	0	.8877602	0	.1122398	0
1350.15	0	.8871662	0	.1128338	0
1349.15	0	.8865736	0	.1134264	0
1348.15	0	.8859823	0	.1140177	0
1347.15	0	.8853923	0	.1146077	0
1346.15	0	.8848038	0	.1151963	0
1345.15	0	.8842165	0	.1157835	0
1344.15	0	.8836306	0	.1163694	0
1343.15	0	.883046	0	.116954	0
1342.15	0	.8824628	0	.1175372	0
1341.15	0	.8818809	0	.1181191	0
1340.15	0	.8813003	0	.1186997	0
1339.15	0	.8807211	0	.1192789	0
1338.15	0	.8801431	0	.1198569	0
1337.15	0	.8795665	0	.1204335	0
1336.15	0	.8789912	0	.1210088	0
1335.15	0	.8784172	0	.1215828	0
1334.15	0	.8778444	0	.1221556	0
1333.15	0	.877273	0	.122727	0
1332.15	0	.8767029	0	.1232971	0
1331.15	0	.876134	0	.123866	0
1330.15	0	.8755665	0	.1244335	0
1329.15	0	.8750002	0	.1249998	0
1328.15	0	.8744352	0	.1255648	0
1327.15	0	.8738715	0	.1261285	0
1326.15	0	.873309	0	.126691	0
1325.15	0	.8727478	0	.1272522	0
1324.15	0	.8721879	0	.1278121	0
1323.15	0	.8716292	0	.1283708	0
1322.15	0	.8710718	0	.1289282	0
1321.15	0	.8705156	0	.1294844	0
1320.15	0	.8699607	0	.1300393	0
1319.15	0	.869407	0	.130593	0
1318.15	0	.8688546	0	.1311454	0
1317.15	0	.8683034	0	.1316966	0
1316.15	0	.8677534	0	.1322466	0
1315.15	0	.8672047	0	.1327954	0
1314.15	0	.8666571	0	.1333429	0
1313.15	0	.8661108	0	.1338892	0
1312.15	0	.8655657	0	.1344343	0
1311.15	0	.8650218	0	.1349781	0
1310.15	0	.8644792	0	.1355208	0
1309.15	0	.8639377	0	.1360623	0
1308.15	0	.8633975	0	.1366025	0
1307.15	0	.8628584	0	.1371416	0
1306.15	0	.8623205	0	.1376795	0
1305.15	0	.8617839	0	.1382161	0
1304.15	0	.8612484	0	.1387516	0
1303.15	0	.8607141	0	.1392859	0
1302.15	0	.860181	0	.139819	0
1301.15	0	.859649	0	.140351	0
1300.15	0	.8591183	0	.1408817	0
1299.15	0	.8585887	0	.1414113	0
1298.15	0	.8580602	0	.1419398	0
1297.15	0	.857533	0	.142467	0
1296.15	0	.8570069	0	.1429931	0
1295.15	0	.8564819	0	.1435181	0
1294.15	0	.8559582	0	.1440418	0
1293.15	0	.8554355	0	.1445645	0
1292.15	0	.854914	0	.145086	0
1291.15	0	.8543937	0	.1456063	0
1290.15	0	.8538745	0	.1461255	0
1289.15	0	.8533564	0	.1466436	0
1288.15	0	.8528395	0	.1471605	0
1287.15	0	.8523237	0	.1476763	0
1286.15	0	.851809	0	.148191	0
1285.15	0	.8512954	0	.1487046	0
1284.15	0	.850783	0	.149217	0
1283.15	0	.8502717	0	.1497283	0
1282.15	0	.8497615	0	.1502385	0
1281.15	0	.8492524	0	.1507476	0
1280.15	0	.8487445	0	.1512555	0
1279.15	0	.8482376	0	.1517624	0
1278.15	0	.8477318	0	.1522682	0
1277.15	0	.8472272	0	.1527728	0
1276.15	0	.8467236	0	.1532764	0
1275.15	0	.8462211	0	.1537789	0
1274.15	0	.8457198	0	.1542802	0
1273.15	0	.8452195	0	.1547805	0
1272.15	0	.8447203	0	.1552797	0
1271.15	0	.8442221	0	.1557779	0
1270.15	0	.8437251	0	.1562749	0
1269.15	0	.8432291	0	.1567709	0
1268.15	0	.8427342	0	.1572658	0
1267.15	0	.8422404	0	.1577596	0
1266.15	0	.8417476	0	.1582524	0
1265.15	0	.8412559	0	.1587441	0
1264.15	0	.8407653	0	.1592347	0
1263.15	0	.8402757	0	.1597243	0
1262.15	0	.8397872	0	.1602128	0
1261.15	0	.8392997	0	.1607003	0
1260.15	0	.8388133	0	.1611867	0
1259.15	0	.8383279	0	.1616721	0
1258.15	0	.8378436	0	.1621565	0
1257.15	0	.8373603	0	.1626397	0
1256.15	0	.836878	0	.163122	0
1255.15	0	.8363968	0	.1636032	0
1254.15	0	.8359166	0	.1640834	0
1253.15	0	.8354374	0	.1645626	0
1252.15	0	.8349593	0	.1650407	0
1251.15	0	.8344822	0	.1655178	0
1250.15	0	.8340061	0	.1659939	0
1249.15	0	.833531	0	.166469	0
1248.15	0	.833057	0	.166943	0
1247.15	0	.832584	0	.1674161	0
1246.15	0	.8321119	0	.1678881	0
1245.15	0	.8316409	0	.1683591	0
1244.15	0	.8311709	0	.1688291	0
1243.15	0	.8307019	0	.1692981	0
1242.15	0	.8302339	0	.1697661	0
1241.15	0	.8297669	0	.1702332	0
1240.15	0	.8293008	0	.1706992	0
1239.15	0	.8288358	0	.1711642	0
1238.15	0	.8283718	0	.1716282	0
1237.15	0	.8279087	0	.1720913	0
1236.15	0	.8274466	0	.1725534	0
1235.15	0	.8269856	0	.1730145	0
1234.15	0	.8265254	0	.1734746	0
1233.15	0	.8260663	0	.1739337	0
1232.15	0	.8256082	0	.1743919	0
1231.15	0	.825151	0	.174849	0
1230.15	0	.8246947	0	.1753052	0
1229.15	0	.8242395	0	.1757605	0
1228.15	0	.8237852	0	.1762148	0
1227.15	0	.8233319	0	.1766681	0
1226.15	0	.8228795	0	.1771205	0
1225.15	0	.8224281	0	.1775719	0
1224.15	0	.8219777	0	.1780223	0
1223.15	0	.8215282	0	.1784718	0
1222.15	0	.8210796	0	.1789204	0
1221.15	0	.820632	0	.179368	0
1220.15	0	.8201853	0	.1798147	0
1219.15	0	.8197396	0	.1802604	0
1218.15	0	.8192948	0	.1807052	0
1217.15	0	.818851	0	.181149	0
1216.15	0	.8184081	0	.1815919	0
1215.15	0	.8179661	0	.1820339	0
1214.15	0	.8175251	0	.1824749	0
1213.15	0	.8170849	0	.182915	0
1212.15	0	.8166458	0	.1833542	0
1211.15	0	.8162075	0	.1837925	0
1210.15	0	.8157702	0	.1842299	0
1209.15	0	.8153337	0	.1846663	0
1208.15	0	.8148982	0	.1851018	0
1207.15	0	.8144636	0	.1855364	0
1206.15	0	.8140299	0	.1859701	0
1205.15	0	.8135972	0	.1864029	0
1204.15	0	.8131653	0	.1868347	0
1203.15	0	.8127343	0	.1872657	0
1202.15	0	.8123043	0	.1876957	0
1201.15	0	.8118751	0	.1881249	0
1200.15	0	.8114468	0	.1885532	0
1199.15	0	.8110195	0	.1889805	0
1198.15	0	.810593	0	.189407	0
1197.15	0	.8101675	0	.1898325	0
1196.15	0	.8097428	0	.1902572	0
1195.15	0	.809319	0	.190681	0
1194.15	0	.8088961	0	.191104	0
1193.15	0	.808474	0	.191526	0
1192.15	0	.8080529	0	.1919471	0
1191.15	0	.8076326	0	.1923674	0
1190.15	0	.8072132	0	.1927868	0
1189.15	0	.8067947	0	.1932053	0
1188.15	0	.8063771	0	.1936229	0
1187.15	0	.8059603	0	.1940397	0
1186.15	0	.8055444	0	.1944556	0
1185.15	0	.8051294	0	.1948706	0
1184.15	0	.8047152	0	.1952848	0
1183.15	0	.8043019	0	.1956981	0
1182.15	0	.8038895	0	.1961105	0
1181.15	0	.8034779	0	.1965221	0
1180.15	0	.8030671	0	.1969329	0
1179.15	0	.8026573	0	.1973427	0
1178.15	0	.8022482	0	.1977518	0
1177.15	0	.8018401	0	.1981599	0
1176.15	0	.8014327	0	.1985673	0
1175.15	0	.8010263	0	.1989737	0
1174.15	0	.8006206	0	.1993794	0
1173.15	0	.8002159	0	.1997842	0
1172.15	0	.7998119	0	.2001881	0
1171.15	0	.7994088	0	.2005912	0
1170.15	0	.7990065	0	.2009935	0
1169.15	0	.7986051	0	.2013949	0
1168.15	0	.7982045	0	.2017955	0
1167.15	0	.7978047	0	.2021953	0
1166.15	0	.7974058	0	.2025942	0
1165.15	0	.7970077	0	.2029923	0
1164.15	0	.7966104	0	.2033896	0
1163.15	0	.796214	0	.203786	0
1162.15	0	.7958183	0	.2041817	0
1161.15	0	.7954235	0	.2045765	0
1160.15	0	.7950295	0	.2049705	0
1159.15	0	.7946363	0	.2053637	0
1158.15	0	.794244	0	.2057561	0
1157.15	0	.7938524	0	.2061476	0
1156.15	0	.7934617	0	.2065383	0
1155.15	0	.7930717	0	.2069283	0
1154.15	0	.7926826	0	.2073174	0
1153.15	0	.7922943	0	.2077057	0
1152.15	0	.7919067	0	.2080933	0
1151.15	0	.79152	0	.20848	0
1150.15	0	.7911341	0	.2088659	0
1149.15	0	.790749	0	.209251	0
1148.15	0	.7903647	0	.2096353	0
1147.15	0	.7899812	0	.2100188	0
1146.15	0	.7895985	0	.2104015	0
1145.15	0	.7892165	0	.2107835	0
1144.15	0	.7888354	0	.2111646	0
1143.15	0	.788455	0	.211545	0
1142.15	0	.7880755	0	.2119245	0
1141.15	0	.7876967	0	.2123033	0
1140.15	0	.7873187	0	.2126813	0
1139.15	0	.7869415	0	.2130585	0
1138.15	0	.786565	0	.213435	0
1137.15	0	.7861894	0	.2138106	0
1136.15	0	.7858145	0	.2141855	0
1135.15	0	.7854404	0	.2145596	0
1134.15	0	.7850671	0	.2149329	0
1133.15	0	.7846945	0	.2153055	0
1132.15	0	.7843227	0	.2156773	0
1131.15	0	.7839517	0	.2160483	0
1130.15	0	.7835814	0	.2164186	0
1129.15	0	.783212	0	.2167881	0
1128.15	0	.7828432	0	.2171568	0
1127.15	0	.7824753	0	.2175247	0
1126.15	0	.7821081	0	.2178919	0
1125.15	0	.7817416	0	.2182584	0
1124.15	0	.7813759	0	.2186241	0
1123.15	0	.781011	0	.218989	0
1122.15	0	.7806469	0	.2193532	0
1121.15	0	.7802834	0	.2197166	0
1120.15	0	.7799208	0	.2200792	0
1119.15	0	.7795588	0	.2204412	0
1118.15	0	.7791977	0	.2208023	0
1117.15	0	.7788373	0	.2211628	0
1116.15	0	.7784776	0	.2215224	0
1115.15	0	.7781186	0	.2218814	0
1114.15	0	.7777605	0	.2222396	0
1113.15	0	.777403	0	.222597	0
1112.15	0	.7770463	0	.2229537	0
1111.15	0	.7766903	0	.2233097	0
1110.15	0	.7763351	0	.2236649	0
1109.15	0	.7759806	0	.2240194	0
1108.15	0	.7756268	0	.2243732	0
1107.15	0	.7752738	0	.2247262	0
1106.15	0	.7749215	0	.2250785	0
1105.15	0	.7745699	0	.2254301	0
1104.15	0	.7742191	0	.2257809	0
1103.15	0	.7738689	0	.2261311	0
1102.15	0	.7735196	0	.2264804	0
1101.15	0	.7731709	0	.2268291	0
1100.15	0	.7728229	0	.2271771	0
1099.15	0	.7724757	0	.2275243	0
1098.15	0	.7721292	0	.2278708	0
1097.15	0	.7717834	0	.2282166	0
1096.15	0	.7714384	0	.2285617	0
1095.15	0	.771094	0	.228906	0
1094.15	0	.7707504	0	.2292496	0
1093.15	0	.7704074	0	.2295926	0
1092.15	0	.7700652	0	.2299348	0
1091.15	0	.7697237	0	.2302763	0
1090.15	0	.7693829	0	.2306171	0
1089.15	0	.7690428	0	.2309572	0
1088.15	0	.7687034	0	.2312966	0
1087.15	0	.7683647	0	.2316353	0
1086.15	0	.7680268	0	.2319732	0
1085.15	0	.7676895	0	.2323105	0
1084.15	0	.7673529	0	.2326471	0
1083.15	0	.767017	0	.232983	0
1082.15	0	.7666819	0	.2333181	0
1081.15	0	.7663474	0	.2336526	0
1080.15	0	.7660136	0	.2339864	0
1079.15	0	.7656805	0	.2343195	0
1078.15	0	.7653481	0	.2346519	0
1077.15	0	.7650164	0	.2349836	0
1076.15	0	.7646854	0	.2353146	0
1075.15	0	.7643551	0	.2356449	0
1074.15	0	.7640255	0	.2359746	0
1073.15	0	.7636965	0	.2363035	0
1072.15	0	.7633682	0	.2366318	0
1071.15	0	.7630407	0	.2369593	0
1070.15	0	.7627138	0	.2372862	0
1069.15	0	.7623876	0	.2376124	0
1068.15	0	.762062	0	.237938	0
1067.15	0	.7617372	0	.2382628	0
1066.15	0	.761413	0	.238587	0
1065.15	0	.7610895	0	.2389105	0
1064.15	0	.7607667	0	.2392333	0
1063.15	0	.7604446	0	.2395554	0
1062.15	0	.7601231	0	.2398769	0
1061.15	0	.7598023	0	.2401977	0
1060.15	0	.7594822	0	.2405178	0
1059.15	0	.7591627	0	.2408373	0
1058.15	0	.7588439	0	.2411561	0
1057.15	0	.7585258	0	.2414742	0
1056.15	0	.7582084	0	.2417916	0
1055.15	0	.7578916	0	.2421084	0
1054.15	0	.7575755	0	.2424245	0
1053.15	0	.75726	0	.24274	0
1052.15	0	.7569453	0	.2430547	0
1051.15	0	.7566311	0	.2433689	0
1050.15	0	.7563177	0	.2436824	0
1049.15	0	.7560049	0	.2439951	0
1048.15	0	.7556927	0	.2443073	0
1047.15	0	.7553812	0	.2446188	0
1046.15	0	.7550704	0	.2449296	0
1045.15	0	.7547602	0	.2452398	0
1044.15	0	.7544507	0	.2455493	0
1043.15	0	.7541418	0	.2458582	0
1042.15	0	.7538336	0	.2461664	0
1041.15	0	.753526	0	.246474	0
1040.15	0	.7532191	0	.2467809	0
1039.15	0	.7529128	0	.2470872	0
1038.15	0	.7526072	0	.2473928	0
1037.15	0	.7523022	0	.2476978	0
1036.15	0	.7519979	0	.2480021	0
1035.15	0	.7516942	0	.2483058	0
1034.15	0	.7513912	0	.2486088	0
1033.15	0	.7510888	0	.2489112	0
1032.15	0	.750787	0	.249213	0
1031.15	0	.7504859	0	.2495141	0
1030.15	0	.7501855	0	.2498146	0
1029.15	0	.7498856	0	.2501144	0
1028.15	0	.7495864	0	.2504136	0
1027.15	0	.7492879	0	.2507121	0
1026.15	0	.7489899	0	.2510101	0
1025.15	0	.7486927	0	.2513073	0
1024.15	0	.748396	0	.251604	0
1023.15	0	.7481	0	.2519	0
1022.15	0	.7478046	0	.2521954	0
1021.15	0	.7475098	0	.2524902	0
1020.15	0	.7472157	0	.2527843	0
1019.15	0	.7469222	0	.2530778	0
1018.15	0	.7466294	0	.2533707	0
1017.15	0	.7463371	0	.2536629	0
1016.15	0	.7460455	0	.2539545	0
1015.15	0	.7457545	0	.2542455	0
1014.15	0	.7454642	0	.2545358	0
1013.15	0	.7451744	0	.2548256	0
1012.15	0	.7448853	0	.2551147	0
1011.15	0	.7445968	0	.2554032	0
1010.15	0	.744309	0	.255691	0
1009.15	0	.7440217	0	.2559783	0
1008.15	0	.7437351	0	.2562649	0
1007.15	0	.7434491	0	.2565509	0
1006.15	0	.7431637	0	.2568363	0
1005.15	0	.7428789	0	.2571211	0
1004.15	0	.7425947	0	.2574053	0
1003.15	0	.7423112	0	.2576888	0
1002.15	0	.7420283	0	.2579717	0
1001.15	0	.7417459	0	.2582541	0
1000.15	0	.7414643	0	.2585358	0
999.15	0	.7411832	0	.2588168	0
998.15	0	.7409027	0	.2590973	0
997.15	0	.7406228	0	.2593772	0
996.15	0	.7403436	0	.2596564	0
995.15	0	.7400649	0	.2599351	0
994.15	0	.7397869	0	.2602131	0
993.15	0	.7395094	0	.2604906	0
992.15	0	.7392326	0	.2607674	0
991.15	0	.7389564	0	.2610436	0
990.15	0	.7386808	0	.2613192	0
989.15	0	.7384058	0	.2615942	0
988.15	0	.7381314	0	.2618686	0
987.15	0	.7378576	0	.2621424	0
986.15	0	.7375844	0	.2624157	0
985.15	0	.7373117	0	.2626883	0
984.15	0	.7370397	0	.2629603	0
983.15	0	.7367683	0	.2632317	0
982.15	0	.7364975	0	.2635025	0
981.15	0	.7362273	0	.2637727	0
980.15	0	.7359577	0	.2640423	0
979.15	0	.7356887	0	.2643113	0
978.15	0	.7354203	0	.2645797	0
977.15	0	.7351525	0	.2648475	0
976.15	0	.7348852	0	.2651148	0
975.15	0	.7346186	0	.2653814	0
974.15	0	.7343526	0	.2656474	0
973.15	0	.7340871	0	.2659129	0
972.15	0	.7338223	0	.2661777	0
971.15	0	.733558	0	.266442	0
970.15	0	.7332943	0	.2667057	0
969.15	0	.7330312	0	.2669688	0
968.15	0	.7327687	0	.2672313	0
967.15	0	.7325068	0	.2674932	0
966.15	0	.7322455	0	.2677545	0
965.15	0	.7319848	0	.2680152	0
964.15	0	.7317246	0	.2682754	0
963.15	0	.7314651	0	.2685349	0
962.15	0	.7312061	0	.2687939	0
961.15	0	.7309477	0	.2690523	0
960.15	0	.7306899	0	.2693101	0
959.15	0	.7304326	0	.2695674	0
958.15	0	.730176	0	.269824	0
957.15	0	.7299199	0	.2700801	0
956.15	0	.7296644	0	.2703356	0
955.15	0	.7294095	0	.2705905	0
954.15	0	.7291552	0	.2708448	0
953.15	0	.7289015	0	.2710985	0
952.15	0	.7286483	0	.2713517	0
951.15	0	.7283957	0	.2716043	0
950.15	0	.7281437	0	.2718563	0
949.15	0	.7278923	0	.2721077	0
948.15	0	.7276414	0	.2723586	0
947.15	0	.7273911	0	.2726089	0
946.15	0	.7271414	0	.2728586	0
945.15	0	.7268922	0	.2731078	0
944.15	0	.7266437	0	.2733563	0
943.15	0	.7263957	0	.2736043	0
942.15	0	.7261483	0	.2738517	0
941.15	0	.7259014	0	.2740986	0
940.15	0	.7256551	0	.2743449	0
939.15	0	.7254094	0	.2745906	0
938.15	0	.7251643	0	.2748357	0
937.15	0	.7249197	0	.2750803	0
936.15	0	.7246757	0	.2753243	0
935.15	0	.7244323	0	.2755677	0
934.15	0	.7241894	0	.2758106	0
933.9357	0	.7241374	0	.2758626	0
933.9357	0	.7241374	0	.2758626	0
933.9357	0	.7241374	0	.2758626	0
933.15	0	.7235017	4.930573E-04	.2760053	0
932.15	0	.7226943	.001119627	.2761861	0
931.15	0	.7218889	.001745086	.276366	0
930.15	0	.7210855	.002369449	.2765451	0
929.15	0	.7202841	.00299273	.2767232	0
928.15	0	.7194846	.003614942	.2769005	0
927.15	0	.718687	.004236103	.2770769	0
926.15	0	.7178914	.004856226	.2772524	0
925.15	0	.7170977	.005475328	.2774269	0
924.15	0	.716306	.006093424	.2776006	0
923.15	0	.7155161	.006710532	.2777734	0
922.15	0	.7147281	.007326669	.2779452	0
921.15	0	.713942	.007941852	.2781161	0
920.15	0	.7131578	.008556099	.2782861	0
919.15	0	.7123754	.009169429	.2784552	0
918.15	0	.7115949	.009781861	.2786233	0
917.15	0	.7108162	.01039341	.2787904	0
916.15	0	.7100393	.01100411	.2789566	0
915.15	0	.7092641	.01161397	.2791219	0
914.15	0	.7084908	.01222301	.2792862	0
913.15	0	.7077192	.01283125	.2794495	0
912.15	0	.7069494	.01343873	.2796119	0
911.15	0	.7061813	.01404545	.2797733	0
910.15	0	.7054149	.01465145	.2799336	0
909.15	0	.7046502	.01525675	.2800931	0
908.15	0	.7038872	.01586136	.2802514	0
907.15	0	.7031258	.01646533	.2804088	0
906.15	0	.7023661	.01706868	.2805652	0
905.15	0	.701608	.01767142	.2807206	0
904.15	0	.7008515	.0182736	.2808749	0
903.15	0	.7000966	.01887523	.2810282	0
902.15	0	.6993432	.01947635	.2811804	0
901.15	0	.6985914	.02007699	.2813316	0
900.15	0	.6978411	.02067718	.2814818	0
899.15	0	.6970922	.02127694	.2816308	0
898.15	0	.6963449	.02187632	.2817788	0
897.15	0	.6955989	.02247535	.2819257	0
896.15	0	.6948544	.02307405	.2820715	0
895.15	0	.6941113	.02367248	.2822163	0
894.15	0	.6933695	.02427065	.2823599	0
893.15	0	.692629	.02486861	.2825024	0
892.15	0	.6918899	.02546641	.2826437	0
891.15	0	.691152	.02606406	.2827839	0
890.15	0	.6904154	.02666163	.282923	0
889.15	0	.6896799	.02725915	.2830609	0
888.15	0	.6889457	.02785666	.2831977	0
887.15	0	.6882126	.0284542	.2833332	0
886.15	0	.6874806	.02905183	.2834676	0
885.15	0	.6867496	.02964958	.2836008	0
884.15	0	.6860198	.03024751	.2837327	0
883.15	0	.6852909	.03084566	.2838635	0
882.15	0	.6845629	.03144409	.283993	0
881.15	0	.6838359	.03204285	.2841212	0
880.15	0	.6831098	.03264199	.2842482	0
879.15	0	.6823845	.03324157	.2843739	0
878.15	0	.68166	.03384164	.2844984	0
877.15	0	.6809362	.03444226	.2846215	0
876.15	0	.6802132	.03504349	.2847433	0
875.15	0	.6794908	.0356454	.2848638	0
874.15	0	.678769	.03624804	.284983	0
873.15	0	.6780477	.03685149	.2851008	0
872.15	0	.677327	.03745581	.2852172	0
871.15	0	.6766067	.03806107	.2853322	0
870.15	0	.6758868	.03866735	.2854458	0
869.15	0	.6751672	.03927471	.285558	0
868.15	0	.674448	.03988324	.2856688	0
867.15	0	.6737289	.04049301	.2857781	0
866.15	0	.6730099	.0411041	.2858859	0
865.15	0	.6722911	.04171661	.2859923	0
864.15	0	.6715723	.04233061	.2860971	0
863.15	0	.6708534	.04294619	.2862004	0
862.15	0	.6701344	.04356346	.2863021	0
861.15	0	.6694152	.0441825	.2864023	0
860.15	0	.6686957	.04480341	.2865009	0
859.15	0	.6679759	.0454263	.2865978	0
858.15	0	.6672556	.04605128	.2866932	0
857.15	0	.6665348	.04667845	.2867868	0
856.15	0	.6658133	.04730792	.2868788	0
855.15	0	.6650912	.04793982	.286969	0
854.15	0	.6643682	.04857427	.2870575	0
853.15	0	.6636444	.04921139	.2871442	0
852.15	0	.6629196	.04985133	.2872291	0
851.15	0	.6621936	.0504942	.2873122	0
850.15	0	.6614664	.05114016	.2873935	0
849.15	0	.6607378	.05178936	.2874728	0
848.15	0	.6600078	.05244195	.2875502	0
847.15	0	.6592763	.05309808	.2876257	0
846.15	0	.6585429	.05375793	.2876991	0
845.15	0	.6578078	.05442167	.2877706	0
844.15	0	.6570706	.05508949	.2878399	0
843.15	0	.6563313	.05576156	.2879072	0
842.15	0	.6555897	.0564381	.2879722	0
841.15	0	.6548456	.05711931	.2880351	0
840.15	0	.6540989	.05780539	.2880958	0
839.15	0	.6533493	.05849659	.2881541	0
838.15	0	.6525968	.05919314	.2882101	0
837.15	0	.651841	.05989529	.2882637	0
836.15	0	.6510819	.0606033	.2883148	0
835.15	0	.6503191	.06131745	.2883634	0
834.15	0	.6495525	.06203804	.2884095	0
833.15	0	.6487818	.06276535	.2884529	0
832.15	0	.6480067	.06349973	.2884936	0
831.15	0	.647227	.0642415	.2885315	0
830.15	0	.6464425	.06499104	.2885665	0
829.15	0	.6456527	.06574872	.2885986	0
828.15	0	.6448574	.06651496	.2886277	0
827.15	0	.6440562	.06729018	.2886536	0
826.15	0	.6432489	.06807483	.2886763	0
825.15	0	.6424349	.06886942	.2886957	0
824.15	0	.6416139	.06967445	.2887116	0
823.15	0	.6407854	.0704905	.2887241	0
822.15	0	.6399491	.07131815	.2887328	0
821.15	0	.6391043	.07215804	.2887377	0
820.15	0	.6382505	.07301088	.2887386	0
819.15	0	.6373872	.07387739	.2887355	0
818.15	0	.6365136	.07475838	.288728	0
817.15	0	.6356292	.07565472	.2887161	0
816.15	0	.6347332	.07656736	.2886994	0
815.15	0	.6338248	.07749731	.2886779	0
814.15	0	.632903	.07844571	.2886513	0
813.15	0	.631967	.07941378	.2886193	0
812.15	0	.6310156	.08040286	.2885816	0
811.15	0	.6299136	.08157262	.2885137	0
810.15	0	.6283378	.08330664	.2883556	0
809.15	0	.6268282	.08496822	.2882036	0
808.15	0	.6253802	.08656224	.2880575	0
807.15	0	.6239899	.08809315	.2879169	0
806.15	0	.6226535	.089565	.2877815	0
805.15	0	.6213675	.09098152	.2876509	0
804.15	0	.620129	.0923461	.2875249	0
803.15	0	.6189349	.09366187	.2874032	0
802.15	0	.6177828	.09493168	.2872855	0
801.15	0	.6166702	.09615819	.2871717	0
800.15	0	.6155948	.09734383	.2870614	0
799.15	0	.6145546	.09849085	.2869545	0
798.15	0	.6135478	.09960134	.2868509	0
797.15	0	.6125725	.1006772	.2867503	0
796.15	0	.6116272	.1017203	.2866525	0
795.15	0	.6107103	.1027322	.2865575	0
794.15	0	.6098204	.1037146	.2864651	0
793.15	0	.6089562	.1046687	.2863751	0
792.15	0	.6081164	.1055961	.2862874	0
791.15	0	.6073	.106498	.286202	0
790.15	0	.6065059	.1073755	.2861186	0
789.15	0	.605733	.1082298	.2860372	0
788.15	0	.6049804	.1090619	.2859578	0
787.15	0	.6042472	.1098727	.2858801	0
786.15	0	.6035326	.1106633	.2858041	0
785.15	0	.6028358	.1114344	.2857298	0
784.15	0	.602156	.1121869	.2856571	0
783.15	0	.6014927	.1129215	.2855858	0
782.15	0	.600845	.113639	.285516	0
781.15	0	.6002135	.1143392	.2854473	0
780.15	0	.5995953	.1150246	.2853801	0
779.15	0	.598991	.1156948	.2853142	0
778.15	0	.5984002	.1163503	.2852495	0
777.15	0	.5978222	.1169919	.2851859	0
776.15	0	.5972567	.1176199	.2851234	0
775.15	0	.5967032	.1182349	.2850619	0
774.15	0	.5961612	.1188373	.2850015	0
773.15	0	.5956304	.1194277	.2849419	0
772.15	0	.5951103	.1200064	.2848833	0
771.15	0	.5946006	.1205738	.2848256	0
770.15	0	.5941009	.1211304	.2847687	0
769.15	0	.5936109	.1216764	.2847126	0
768.15	0	.5931303	.1222123	.2846573	0
767.15	0	.5926588	.1227385	.2846028	0
766.15	0	.592196	.1232551	.2845489	0
765.15	0	.5917417	.1237626	.2844957	0
764.15	0	.5912956	.1242612	.2844432	0
763.15	0	.5908575	.1247512	.2843913	0
762.15	0	.5904271	.1252329	.2843401	0
761.15	0	.5900041	.1257065	.2842894	0
760.15	0	.5895884	.1261724	.2842392	0
759.15	0	.5891798	.1266306	.2841896	0
758.15	0	.5887779	.1270815	.2841405	0
757.15	0	.5883827	.1275253	.284092	0
756.15	0	.587994	.1279622	.2840438	0
755.15	0	.5876114	.1283924	.2839962	0
754.15	0	.587235	.128816	.283949	0
753.15	0	.5868644	.1292333	.2839022	0
752.15	0	.5864996	.1296445	.2838559	0
751.15	0	.5861403	.1300498	.2838099	0
750.15	0	.5857865	.1304492	.2837643	0
749.15	0	.585438	.1308429	.2837191	0
748.15	0	.5850946	.1312312	.2836742	0
747.15	0	.5847562	.1316141	.2836297	0
746.15	0	.5844226	.1319919	.2835855	0
745.15	0	.5840938	.1323645	.2835416	0
744.15	0	.5837697	.1327323	.2834981	0
743.15	0	.58345	.1330952	.2834548	0
742.15	0	.5831347	.1334535	.2834118	0
741.15	0	.5828237	.1338073	.283369	0
740.15	0	.5825169	.1341566	.2833266	0
739.15	0	.5822141	.1345015	.2832844	0
738.15	0	.5819153	.1348423	.2832424	0
737.15	0	.5816204	.1351789	.2832006	0
736.15	0	.5813293	.1355116	.2831591	0
735.15	0	.5810419	.1358403	.2831178	0
734.15	0	.5807581	.1361652	.2830768	0
733.15	0	.5804778	.1364864	.2830359	0
732.15	0	.5802009	.1368039	.2829952	0
731.15	0	.5799274	.1371179	.2829547	0
730.15	0	.5796572	.1374284	.2829144	0
729.15	0	.5793902	.1377355	.2828742	0
728.15	0	.5791264	.1380393	.2828343	0
727.15	0	.5788656	.1383399	.2827945	0
726.15	0	.5786078	.1386373	.2827548	0
725.15	0	.578353	.1389317	.2827153	0
724.15	0	.5781011	.139223	.282676	0
723.15	0	.5778519	.1395114	.2826367	0
722.15	0	.5776055	.1397968	.2825977	0
721.15	0	.5773618	.1400794	.2825587	0
720.15	0	.5771208	.1403593	.2825199	0
719.15	0	.5768823	.1406365	.2824812	0
718.15	0	.5766464	.140911	.2824426	0
717.15	0	.576413	.1411829	.2824041	0
716.15	0	.576182	.1414523	.2823658	0
715.15	0	.5759533	.1417192	.2823275	0
714.15	0	.575727	.1419836	.2822893	0
713.15	0	.575503	.1422457	.2822513	0
712.15	0	.5752813	.1425054	.2822133	0
711.15	0	.5750617	.1427628	.2821754	0
710.15	0	.5748443	.143018	.2821376	0
709.15	0	.5746291	.143271	.2820999	0
708.15	0	.5744159	.1435218	.2820623	0
707.15	0	.5742047	.1437705	.2820247	0
706.15	0	.5739956	.1440172	.2819873	0
705.15	0	.5737884	.1442618	.2819499	0
704.15	0	.5735831	.1445044	.2819125	0
703.15	0	.5733797	.144745	.2818753	0
702.15	0	.5731782	.1449837	.2818381	0
701.15	0	.5729785	.1452205	.2818009	0
700.15	0	.5727807	.1454555	.2817638	0
699.15	0	.5725845	.1456887	.2817268	0
698.15	0	.5723901	.14592	.2816898	0
697.15	0	.5721974	.1461496	.2816529	0
696.15	0	.5720064	.1463775	.2816161	0
695.15	0	.571817	.1466037	.2815792	0
694.15	0	.5716293	.1468283	.2815425	0
693.15	0	.5714431	.1470512	.2815057	0
692.15	0	.5712585	.1472725	.2814691	0
691.15	0	.5710754	.1474922	.2814324	0
690.15	0	.5708938	.1477104	.2813958	0
689.15	0	.5707137	.147927	.2813593	0
688.15	0	.5705351	.1481422	.2813227	0
687.15	0	.5703579	.1483558	.2812862	0
686.15	0	.5701822	.1485681	.2812498	0
685.15	0	.5700078	.1487789	.2812134	0
684.15	0	.5698348	.1489883	.281177	0
683.15	0	.5696631	.1491963	.2811406	0
682.15	0	.5694928	.1494029	.2811043	0
681.15	0	.5693238	.1496082	.281068	0
680.15	0	.569156	.1498123	.2810317	0
679.15	0	.5689896	.150015	.2809955	0
678.15	0	.5688244	.1502164	.2809592	0
677.15	0	.5686604	.1504166	.280923	0
676.15	0	.5684976	.1506155	.2808869	0
675.15	0	.568336	.1508133	.2808507	0
674.15	0	.5681757	.1510098	.2808146	0
673.15	0	.5680164	.1512051	.2807785	0
672.15	0	.5678583	.1513993	.2807424	0
671.15	0	.5677014	.1515923	.2807063	0
670.15	0	.5675455	.1517843	.2806702	0
669.15	0	.5673908	.151975	.2806342	0
668.15	0	.5672371	.1521647	.2805982	0
667.15	0	.5670845	.1523534	.2805622	0
666.15	0	.5669329	.1525409	.2805262	0
665.15	0	.5667824	.1527274	.2804902	0
664.15	0	.5666329	.1529129	.2804543	0
663.15	0	.5664844	.1530973	.2804183	0
662.15	0	.5663369	.1532807	.2803824	0
661.15	0	.5661904	.1534631	.2803465	0
660.15	0	.5660448	.1536446	.2803106	0
659.15	0	.5659002	.1538251	.2802747	0
658.15	0	.5657566	.1540046	.2802388	0
657.15	0	.5656139	.1541832	.2802029	0
656.15	0	.5654721	.1543608	.2801671	0
655.15	0	.5653312	.1545375	.2801312	0
654.15	0	.5651912	.1547134	.2800954	0
653.15	0	.5650521	.1548883	.2800596	0
652.15	0	.5649139	.1550623	.2800238	0
651.15	0	.5647766	.1552355	.279988	0
650.15	0	.56464	.1554078	.2799522	0
649.15	0	.5645044	.1555792	.2799164	0
648.15	0	.5643695	.1557498	.2798806	0
647.15	0	.5642355	.1559196	.2798449	0
646.15	0	.5641024	.1560885	.2798091	0
645.15	0	.56397	.1562567	.2797734	0
644.15	0	.5638384	.156424	.2797376	0
643.15	0	.5637076	.1565905	.2797019	0
642.15	0	.5635775	.1567563	.2796662	0
641.15	0	.5634483	.1569213	.2796305	0
640.15	0	.5633198	.1570855	.2795948	0
639.15	0	.563192	.1572489	.2795591	0
638.15	0	.563065	.1574116	.2795234	0
637.15	0	.5629387	.1575736	.2794877	0
636.15	0	.5628132	.1577348	.2794521	0
635.15	0	.5626883	.1578953	.2794164	0
634.15	0	.5625642	.158055	.2793808	0
633.15	0	.5624408	.1582141	.2793451	0
632.15	0	.5623181	.1583725	.2793095	0
631.15	0	.562196	.1585301	.2792739	0
630.15	0	.5620747	.1586871	.2792383	0
629.15	0	.561954	.1588434	.2792027	0
628.15	0	.5618339	.158999	.2791671	0
627.15	0	.5617146	.1591539	.2791315	0
626.15	0	.5615959	.1593082	.2790959	0
625.15	0	.5614778	.1594618	.2790604	0
624.15	0	.5613604	.1596148	.2790248	0
623.15	0	.5612436	.1597671	.2789893	0
622.15	0	.5611275	.1599188	.2789537	0
621.15	0	.5610119	.1600699	.2789182	0
620.15	0	.560897	.1602203	.2788827	0
619.15	0	.5607827	.1603701	.2788472	0
618.15	0	.560669	.1605193	.2788117	0
617.15	0	.5605558	.1606679	.2787762	0
616.15	0	.5604433	.1608159	.2787408	0
615.15	0	.5603314	.1609633	.2787053	0
614.15	0	.56022	.1611101	.2786699	0
613.15	0	.5601093	.1612563	.2786344	0
612.15	0	.559999	.1614019	.278599	0
611.15	0	.5598894	.161547	.2785636	0
610.15	0	.5597803	.1616915	.2785282	0
609.15	0	.5596718	.1618354	.2784928	0
608.15	0	.5595638	.1619787	.2784575	0
607.15	0	.5594564	.1621215	.2784221	0
606.15	0	.5593495	.1622637	.2783868	0
605.15	0	.5592432	.1624054	.2783515	0
604.15	0	.5591373	.1625465	.2783162	0
603.15	0	.559032	.1626871	.2782809	0
602.15	0	.5589273	.1628271	.2782456	0
601.15	0	.558823	.1629666	.2782103	0
600.15	0	.5587193	.1631056	.2781751	0
599.15	0	.558616	.1632441	.2781399	0
598.15	0	.5585133	.163382	.2781047	0
597.15	0	.5584111	.1635194	.2780695	0
596.15	0	.5583094	.1636563	.2780343	0
595.15	0	.5582081	.1637927	.2779991	0
594.15	0	.5581074	.1639286	.277964	0
593.15	0	.5580071	.164064	.2779289	0
592.15	0	.5579074	.1641989	.2778938	0
591.15	0	.5578081	.1643332	.2778587	0
590.15	0	.5577092	.1644671	.2778237	0
589.15	0	.5576109	.1646005	.2777886	0
588.15	0	.557513	.1647334	.2777536	0
587.15	0	.5574156	.1648658	.2777186	0
586.15	0	.5573186	.1649977	.2776836	0
585.15	0	.5572221	.1651292	.2776487	0
584.15	0	.5571261	.1652602	.2776137	0
583.15	0	.5570305	.1653907	.2775788	0
582.15	0	.5569354	.1655207	.2775439	0
581.15	0	.5568407	.1656503	.2775091	0
580.15	0	.5567464	.1657794	.2774742	0
579.15	0	.5566526	.165908	.2774394	0
578.15	0	.5565592	.1660362	.2774046	0
577.15	0	.5564662	.1661639	.2773699	0
576.15	0	.5563737	.1662912	.2773351	0
575.15	0	.5562816	.166418	.2773004	0
574.15	0	.5561899	.1665444	.2772657	0
573.15	0	.5560987	.1666703	.2772311	0
572.15	0	.5560078	.1667958	.2771964	0
571.15	0	.5559174	.1669208	.2771618	0
570.15	0	.5558274	.1670454	.2771273	0
569.15	0	.5557378	.1671695	.2770927	0
568.15	0	.5556486	.1672932	.2770582	0
567.15	0	.5555598	.1674165	.2770237	0
566.15	0	.5554714	.1675393	.2769893	0
565.15	0	.5553834	.1676617	.2769548	0
564.15	0	.5552958	.1677837	.2769204	0
563.15	0	.5552086	.1679053	.2768861	0
562.15	0	.5551219	.1680264	.2768518	0
561.15	0	.5550354	.1681471	.2768174	0
560.15	0	.5549494	.1682674	.2767832	0
559.15	0	.5548638	.1683873	.276749	0
558.15	0	.5547785	.1685067	.2767148	0
557.15	0	.5546937	.1686258	.2766806	0
556.15	0	.5546092	.1687444	.2766465	0
555.15	0	.554525	.1688626	.2766124	0
554.15	0	.5544413	.1689804	.2765783	0
553.15	0	.5543579	.1690978	.2765443	0
552.15	0	.5542749	.1692147	.2765103	0
551.15	0	.5541923	.1693313	.2764764	0
550.15	0	.55411	.1694475	.2764425	0
549.15	0	.5540281	.1695632	.2764086	0
548.15	0	.5539466	.1696786	.2763748	0
547.15	0	.5538654	.1697936	.276341	0
546.15	0	.5537846	.1699081	.2763073	0
545.15	0	.5537042	.1700223	.2762735	0
544.15	0	.5536241	.1701361	.2762399	0
543.15	0	.5535443	.1702494	.2762062	0
542.15	0	.5534649	.1703624	.2761727	0
541.15	0	.5533859	.170475	.2761391	0
540.15	0	.5533072	.1705872	.2761056	0
539.15	0	.5532288	.170699	.2760722	0
538.15	0	.5531508	.1708104	.2760388	0
537.15	0	.5530731	.1709215	.2760054	0
536.15	0	.5529958	.1710321	.2759721	0
535.15	0	.5529188	.1711424	.2759388	0
534.15	0	.5528422	.1712522	.2759056	0
533.15	0	.5527659	.1713617	.2758724	0
532.15	0	.5526899	.1714708	.2758393	0
531.15	0	.5526142	.1715796	.2758062	0
530.15	0	.5525389	.1716879	.2757732	0
529.15	0	.552464	.1717959	.2757402	0
528.15	0	.5523893	.1719035	.2757072	0
527.15	0	.5523151	.1720107	.2756742	0
526.15	0	.5522411	.1721175	.2756414	0
525.15	0	.5521674	.172224	.2756086	0
524.15	0	.5520941	.1723301	.2755759	0
523.15	0	.5520211	.1724358	.2755432	0
522.15	0	.5519483	.1725411	.2755106	0
521.15	0	.551876	.1726461	.275478	0
520.15	0	.5518039	.1727507	.2754454	0
519.15	0	.5517321	.1728549	.275413	0
518.15	0	.5516607	.1729587	.2753805	0
517.15	0	.5515896	.1730622	.2753482	0
516.15	0	.5515188	.1731653	.2753159	0
515.15	0	.5514483	.1732681	.2752836	0
514.15	0	.5513781	.1733705	.2752514	0
513.15	0	.5513082	.1734725	.2752193	0
512.15	0	.5512387	.1735742	.2751872	0
511.15	0	.5511694	.1736754	.2751552	0
510.15	0	.5511005	.1737764	.2751232	0
509.15	0	.5510318	.1738769	.2750913	0
508.15	0	.5509635	.1739771	.2750594	0
507.15	0	.5508954	.1740769	.2750276	0
506.15	0	.5508277	.1741764	.2749959	0
505.15	0	.5507602	.1742755	.2749643	0
504.15	0	.5506931	.1743743	.2749326	0
503.15	0	.5506262	.1744727	.2749011	0
502.15	0	.5505597	.1745707	.2748696	0
501.15	0	.5504934	.1746684	.2748382	0
500.15	0	.5504275	.1747657	.2748068	0
499.15	0	.5503618	.1748626	.2747756	0
498.15	0	.5502964	.1749592	.2747443	0
497.15	0	.5502314	.1750555	.2747132	0
496.15	0	.5501666	.1751514	.2746821	0
495.15	0	.5501021	.1752469	.274651	0
494.15	0	.5500378	.1753421	.2746201	0
493.15	0	.5499739	.1754369	.2745892	0
492.15	0	.5499103	.1755314	.2745584	0
491.15	0	.5498469	.1756255	.2745276	0
490.15	0	.5497839	.1757192	.2744969	0
489.15	0	.5497211	.1758126	.2744663	0
488.15	0	.5496586	.1759057	.2744357	0
487.15	0	.5495964	.1759984	.2744052	0
486.15	0	.5495344	.1760908	.2743748	0
485.15	0	.5494728	.1761827	.2743445	0
484.15	0	.5494114	.1762744	.2743142	0
483.15	0	.5493503	.1763657	.274284	0
482.15	0	.5492895	.1764566	.2742539	0
481.15	0	.5492289	.1765472	.2742239	0
480.15	0	.5491686	.1766375	.2741939	0
479.15	0	.5491086	.1767274	.274164	0
478.15	0	.5490489	.1768169	.2741342	0
477.15	0	.5489895	.1769061	.2741044	0
476.15	0	.5489303	.176995	.2740747	0
475.15	0	.5488714	.1770835	.2740451	0
474.15	0	.5488128	.1771716	.2740156	0
473.15	0	.5487544	.1772594	.2739861	0
472.15	0	.5486963	.1773469	.2739568	0
471.15	0	.5486385	.177434	.2739275	0
470.15	0	.548581	.1775208	.2738983	0
469.15	0	.5485237	.1776072	.2738691	0
468.15	0	.5484667	.1776933	.2738401	0
467.15	0	.5484099	.177779	.2738111	0
466.15	0	.5483534	.1778644	.2737822	0
465.15	0	.5482972	.1779494	.2737534	0
464.15	0	.5482412	.1780341	.2737247	0
463.15	0	.5481855	.1781185	.273696	0
462.15	0	.5481301	.1782025	.2736674	0
461.15	0	.5480749	.1782861	.2736389	0
460.15	0	.54802	.1783695	.2736105	0
459.15	0	.5479654	.1784524	.2735822	0
458.15	0	.547911	.1785351	.273554	0
457.15	0	.5478568	.1786174	.2735258	0
456.15	0	.547803	.1786993	.2734977	0
455.15	0	.5477493	.1787809	.2734698	0
454.15	0	.547696	.1788622	.2734419	0
453.15	0	.5476429	.1789431	.2734141	0
452.15	0	.54759	.1790237	.2733863	0
451.15	0	.5475374	.1791039	.2733587	0
450.15	0	.5474851	.1791838	.2733311	0
449.15	0	.547433	.1792633	.2733037	0
448.15	0	.5473812	.1793425	.2732763	0
447.15	0	.5473297	.1794213	.2732491	0
446.15	0	.5472784	.1794997	.2732219	0
445.15	0	.5472274	.1795778	.2731948	0
444.15	0	.5471766	.1796555	.2731679	0
443.15	0	.5471261	.1797329	.273141	0
442.15	0	.5470759	.1798099	.2731142	0
441.15	0	.547026	.1798865	.2730875	0
440.15	0	.5469763	.1799627	.273061	0
439.15	0	.5469269	.1800386	.2730345	0
438.15	0	.5468778	.180114	.2730082	0
437.15	0	.546829	.1801891	.2729819	0
436.15	0	.5467804	.1802638	.2729558	0
435.15	0	.5467321	.1803381	.2729298	0
434.15	0	.5466842	.180412	.2729038	0
433.15	0	.5466365	.1804855	.272878	0
432.15	0	.546589	.1805586	.2728524	0
431.15	0	.5465419	.1806313	.2728268	0
430.15	0	.546495	.1807036	.2728013	0
429.15	0	.5464485	.1807755	.272776	0
428.15	0	.5464022	.180847	.2727508	0
427.15	0	.5463562	.1809181	.2727257	0
426.15	0	.5463105	.1809888	.2727007	0
425.15	0	.546265	.181059	.2726759	0
424.15	0	.5462199	.1811289	.2726512	0
423.15	0	.5461751	.1811984	.2726266	0
422.15	0	.5461305	.1812674	.2726021	0
421.15	0	.5460862	.181336	.2725778	0
420.15	0	.5460423	.1814042	.2725535	0
419.15	0	.5459986	.181472	.2725294	0
418.15	0	.5459551	.1815394	.2725055	0
417.15	0	.545912	.1816064	.2724816	0
416.15	0	.5458692	.1816729	.2724579	0
415.15	0	.5458266	.1817391	.2724343	0
414.15	0	.5457844	.1818048	.2724108	0
413.15	0	.5457424	.1818701	.2723875	0
412.15	0	.5457007	.181935	.2723643	0
411.15	0	.5456592	.1819995	.2723412	0
410.15	0	.5456181	.1820636	.2723183	0
409.15	0	.5455772	.1821273	.2722955	0
408.15	0	.5455367	.1821906	.2722728	0
407.15	0	.5454964	.1822534	.2722502	0
406.15	0	.5454563	.1823159	.2722278	0
405.15	0	.5454166	.1823779	.2722055	0
404.15	0	.5453771	.1824396	.2721833	0
403.15	0	.5453379	.1825008	.2721613	0
402.15	0	.545299	.1825617	.2721394	0
401.15	0	.5452603	.1826221	.2721176	0
400.15	0	.5452219	.1826821	.2720959	0
399.15	0	.5451838	.1827418	.2720744	0
398.15	0	.5451459	.182801	.272053	0
397.15	0	.5451084	.1828599	.2720318	0
396.15	0	.545071	.1829184	.2720106	0
395.15	0	.545034	.1829764	.2719896	0
394.15	0	.5449972	.1830341	.2719687	0
393.15	0	.5449606	.1830914	.271948	0
392.15	0	.5449243	.1831483	.2719274	0
391.15	0	.5448883	.1832048	.2719069	0
390.15	0	.5448525	.183261	.2718865	0
389.15	0	.5448169	.1833168	.2718663	0
388.15	0	.5447817	.1833722	.2718462	0
387.15	0	.5447466	.1834272	.2718262	0
386.15	0	.5447118	.1834818	.2718063	0
385.15	0	.5446773	.1835361	.2717866	0
384.15	0	.544643	.18359	.271767	0
383.15	0	.5446089	.1836435	.2717475	0
382.15	0	.5445751	.1836967	.2717282	0
381.15	0	.5445415	.1837495	.2717089	0
380.15	0	.5445082	.183802	.2716898	0
379.15	0	.544475	.1838541	.2716709	0
378.15	0	.5444421	.1839059	.271652	0
377.15	0	.5444095	.1839573	.2716332	0
376.15	0	.5443771	.1840083	.2716146	0
375.15	0	.5443448	.184059	.2715962	0
374.15	0	.5443129	.1841094	.2715778	0
373.15	0	.5442811	.1841594	.2715595	0
372.15	0	.5442495	.1842091	.2715414	0
371.15	0	.5442182	.1842584	.2715234	0
370.15	0	.5441871	.1843074	.2715055	0
369.15	0	.5441562	.1843561	.2714877	0
368.15	0	.5441255	.1844045	.2714701	0
367.15	0	.544095	.1844525	.2714525	0
366.15	0	.5440647	.1845002	.2714351	0
365.15	0	.5440346	.1845476	.2714178	0
364.15	0	.5440048	.1845946	.2714006	0
363.15	0	.5439751	.1846414	.2713835	0
362.15	0	.5439456	.1846878	.2713666	0
361.15	0	.5439163	.1847339	.2713497	0
360.15	0	.5438872	.1847798	.271333	0
359.15	0	.5438584	.1848253	.2713164	0
358.15	0	.5438296	.1848705	.2712999	0
357.15	0	.5438011	.1849154	.2712835	0
356.15	0	.5437728	.18496	.2712672	0
355.15	0	.5437446	.1850043	.271251	0
354.15	0	.5437167	.1850484	.271235	0
353.15	0	.5436889	.1850921	.271219	0
352.15	0	.5436613	.1851356	.2712032	0
351.15	0	.5436338	.1851787	.2711874	0
350.15	0	.5436066	.1852216	.2711718	0
349.15	0	.5435795	.1852642	.2711563	0
348.15	0	.5435526	.1853066	.2711409	0
347.15	0	.5435258	.1853486	.2711256	0
346.15	0	.5434992	.1853904	.2711104	0
345.15	0	.5434728	.1854319	.2710953	0
344.15	0	.5434465	.1854732	.2710803	0
