T	 BPW(LIQUID)	BPW(BCC_A2)	BPW(FCC_A1)	BPW(LAVES_PHASE_C14)	BPW(NI3TI)
1473.15	.2596806	.7403194	0	0	0
1472.15	.2572315	.7427685	0	0	0
1471.15	.2547982	.7452018	0	0	0
1470.15	.2523804	.7476196	0	0	0
1469.15	.2499781	.7500219	0	0	0
1468.15	.2475911	.7524089	0	0	0
1467.15	.2452193	.7547807	0	0	0
1466.15	.2428625	.7571375	0	0	0
1465.15	.2405207	.7594793	0	0	0
1464.15	.2381936	.7618064	0	0	0
1463.15	.2358812	.7641188	0	0	0
1462.15	.2335834	.7664166	0	0	0
1461.15	.2313	.7687	0	0	0
1460.15	.229031	.770969	0	0	0
1459.15	.2267761	.7732239	0	0	0
1458.15	.2245353	.7754647	0	0	0
1457.15	.2223085	.7776915	0	0	0
1456.15	.2200955	.7799045	0	0	0
1455.15	.2178963	.7821037	0	0	0
1454.15	.2157106	.7842894	0	0	0
1453.15	.2135385	.7864615	0	0	0
1452.15	.2113798	.7886202	0	0	0
1451.15	.2092344	.7907656	0	0	0
1450.15	.2071022	.7928978	0	0	0
1449.15	.2049831	.795017	0	0	0
1448.15	.2028769	.7971231	0	0	0
1447.15	.2007836	.7992164	0	0	0
1446.15	.1987031	.8012969	0	0	0
1445.15	.1966352	.8033648	0	0	0
1444.15	.1945799	.8054201	0	0	0
1443.15	.1925371	.8074629	0	0	0
1442.15	.1905066	.8094934	0	0	0
1441.15	.1884885	.8115115	0	0	0
1440.15	.1864825	.8135175	0	0	0
1439.15	.1844885	.8155115	0	0	0
1438.15	.1825066	.8174934	0	0	0
1437.15	.1805366	.8194634	0	0	0
1436.15	.1785783	.8214217	0	0	0
1435.15	.1766318	.8233682	0	0	0
1434.15	.1746969	.8253031	0	0	0
1433.15	.1727735	.8272265	0	0	0
1432.15	.1708616	.8291384	0	0	0
1431.15	.168961	.831039	0	0	0
1430.15	.1670717	.8329283	0	0	0
1429.15	.1651936	.8348064	0	0	0
1428.15	.1633265	.8366735	0	0	0
1427.15	.1614705	.8385295	0	0	0
1426.15	.1596254	.8403746	0	0	0
1425.15	.1577912	.8422088	0	0	0
1424.15	.1559677	.8440323	0	0	0
1423.15	.1541549	.8458451	0	0	0
1422.15	.1523528	.8476472	0	0	0
1421.15	.1505611	.8494389	0	0	0
1420.15	.1487799	.8512201	0	0	0
1419.15	.1470091	.8529909	0	0	0
1418.15	.1452486	.8547514	0	0	0
1417.15	.1434983	.8565017	0	0	0
1416.15	.1417581	.8582419	0	0	0
1415.15	.140028	.859972	0	0	0
1414.15	.138308	.861692	0	0	0
1413.15	.1365978	.8634022	0	0	0
1412.15	.1348975	.8651025	0	0	0
1411.15	.133207	.866793	0	0	0
1410.15	.1315262	.8684738	0	0	0
1409.15	.129855	.870145	0	0	0
1408.15	.1281934	.8718066	0	0	0
1407.15	.1265413	.8734587	0	0	0
1406.15	.1248987	.8751013	0	0	0
1405.15	.1232654	.8767346	0	0	0
1404.15	.1216415	.8783585	0	0	0
1403.15	.1200268	.8799732	0	0	0
1402.15	.1184212	.8815788	0	0	0
1401.15	.1168248	.8831752	0	0	0
1400.15	.1152374	.8847626	0	0	0
1399.15	.113659	.886341	0	0	0
1398.15	.1120895	.8879105	0	0	0
1397.15	.1105289	.8894711	0	0	0
1396.15	.1089771	.8910229	0	0	0
1395.15	.107434	.892566	0	0	0
1394.15	.1058996	.8941004	0	0	0
1393.15	.1043738	.8956262	0	0	0
1392.15	.1028566	.8971434	0	0	0
1391.15	.1013479	.8986521	0	0	0
1390.15	.09984765	.9001523	0	0	0
1389.15	.09835577	.9016442	0	0	0
1388.15	.09687223	.9031278	0	0	0
1387.15	.09539696	.904603	0	0	0
1386.15	.09392992	.9060701	0	0	0
1385.15	.09247104	.907529	0	0	0
1384.15	.09102027	.9089797	0	0	0
1383.15	.08957757	.9104224	0	0	0
1382.15	.08814287	.9118571	0	0	0
1381.15	.08671612	.9132839	0	0	0
1380.15	.08529728	.9147027	0	0	0
1379.15	.08388628	.9161137	0	0	0
1378.15	.08248309	.9175169	0	0	0
1377.15	.08108764	.9189124	0	0	0
1376.15	.07969989	.9203001	0	0	0
1375.15	.07831979	.9216802	0	0	0
1374.15	.07694729	.9230527	0	0	0
1373.15	.07558235	.9244177	0	0	0
1372.15	.0742249	.9257751	0	0	0
1371.15	.07287492	.9271251	0	0	0
1370.15	.07153234	.9284677	0	0	0
1369.15	.07019712	.9298029	0	0	0
1368.15	.06886922	.9311308	0	0	0
1367.15	.06754859	.9324514	0	0	0
1366.15	.06623518	.9337648	0	0	0
1365.15	.06492895	.9350711	0	0	0
1364.15	.06362986	.9363701	0	0	0
1363.15	.06233786	.9376621	0	0	0
1362.15	.06105291	.9389471	0	0	0
1361.15	.05977496	.940225	0	0	0
1360.15	.05850398	.941496	0	0	0
1359.15	.05723991	.9427601	0	0	0
1358.15	.05598272	.9440173	0	0	0
1357.15	.05473237	.9452676	0	0	0
1356.15	.05348882	.9465112	0	0	0
1355.843	.05310851	.9468915	0	0	0
1355.843	.05310851	.9468915	0	0	0
1355.843	.05310851	.9468915	0	0	0
1355.15	.04943129	.9454809	.005087766	0	0
1354.15	.04411229	.9434638	.01242396	0	0
1353.15	.03877733	.9414678	.01975486	0	0
1352.15	.03342626	.9394931	.0270806	0	0
1351.15	.02805893	.9375397	.03440133	0	0
1350.15	.0226752	.9356076	.0417172	0	0
1349.15	.01727493	.9336967	.04902833	0	0
1348.15	.01185797	.9318072	.05633487	0	0
1347.15	.006424185	.9299388	.06363696	0	0
1346.15	9.734312E-04	.9280918	.07093474	0	0
1345.972	0	.9277648	.07223518	0	0
1345.972	0	.9277648	.07223518	0	0
1345.15	0	.926694	.073306	0	0
1344.15	0	.9253928	.07460718	0	0
1343.15	0	.9240938	.07590624	0	0
1342.15	0	.9227968	.07720318	0	0
1341.15	0	.921502	.078498	0	0
1340.15	0	.9202093	.07979069	0	0
1339.15	0	.9189187	.08108126	0	0
1338.15	0	.9176303	.0823697	0	0
1337.15	0	.916344	.08365603	0	0
1336.15	0	.9150598	.08494022	0	0
1335.15	0	.9137777	.0862223	0	0
1334.15	0	.9124978	.08750224	0	0
1333.15	0	.9112199	.08878007	0	0
1332.15	0	.9099442	.09005576	0	0
1331.15	0	.9086707	.09132933	0	0
1330.15	0	.9073992	.09260077	0	0
1329.15	0	.9061299	.09387008	0	0
1328.15	0	.9048627	.09513727	0	0
1327.15	0	.9035977	.09640232	0	0
1326.15	0	.9023348	.09766524	0	0
1325.15	0	.901074	.09892604	0	0
1324.15	0	.8998153	.1001847	0	0
1323.15	0	.8985588	.1014412	0	0
1322.15	0	.8973044	.1026956	0	0
1321.15	0	.8960521	.1039479	0	0
1320.15	0	.894802	.105198	0	0
1319.15	0	.893554	.106446	0	0
1318.15	0	.8923082	.1076919	0	0
1317.15	0	.8910644	.1089356	0	0
1316.15	0	.8898229	.1101771	0	0
1315.15	0	.8885834	.1114166	0	0
1314.15	0	.8873461	.1126539	0	0
1313.15	0	.886111	.113889	0	0
1312.15	0	.884878	.115122	0	0
1311.15	0	.8836471	.1163529	0	0
1310.15	0	.8824184	.1175816	0	0
1309.15	0	.8811918	.1188082	0	0
1308.15	0	.8799674	.1200326	0	0
1307.15	0	.8787451	.1212549	0	0
1306.15	0	.877525	.122475	0	0
1305.15	0	.876307	.123693	0	0
1304.15	0	.8750912	.1249088	0	0
1303.15	0	.8738775	.1261225	0	0
1302.15	0	.872666	.127334	0	0
1301.15	0	.8714566	.1285434	0	0
1300.15	0	.8702494	.1297506	0	0
1299.15	0	.8690444	.1309556	0	0
1298.15	0	.8678415	.1321585	0	0
1297.15	0	.8666408	.1333592	0	0
1296.15	0	.8654423	.1345578	0	0
1295.15	0	.8642459	.1357541	0	0
1294.15	0	.8630517	.1369483	0	0
1293.15	0	.8618596	.1381404	0	0
1292.15	0	.8606697	.1393303	0	0
1291.15	0	.859482	.140518	0	0
1290.15	0	.8582965	.1417035	0	0
1289.15	0	.8571132	.1428868	0	0
1288.15	0	.855932	.144068	0	0
1287.15	0	.854753	.145247	0	0
1286.15	0	.8535762	.1464238	0	0
1285.15	0	.8524016	.1475984	0	0
1284.15	0	.8512291	.1487709	0	0
1283.15	0	.8500589	.1499411	0	0
1282.15	0	.8488908	.1511092	0	0
1281.15	0	.8477249	.1522751	0	0
1280.15	0	.8465613	.1534387	0	0
1279.15	0	.8453998	.1546002	0	0
1278.15	0	.8442405	.1557595	0	0
1277.15	0	.8430834	.1569166	0	0
1276.15	0	.8419286	.1580715	0	0
1275.15	0	.8407759	.1592241	0	0
1274.15	0	.8396254	.1603746	0	0
1273.15	0	.8384772	.1615228	0	0
1272.15	0	.8373311	.1626689	0	0
1271.15	0	.8361873	.1638127	0	0
1270.15	0	.8350457	.1649543	0	0
1269.15	0	.8339063	.1660937	0	0
1268.15	0	.8327691	.1672309	0	0
1267.15	0	.8316342	.1683658	0	0
1266.15	0	.8305015	.1694985	0	0
1265.15	0	.829371	.170629	0	0
1264.15	0	.8282428	.1717572	0	0
1263.15	0	.8271168	.1728833	0	0
1262.15	0	.825993	.174007	0	0
1261.15	0	.8248714	.1751286	0	0
1260.15	0	.8237522	.1762478	0	0
1259.15	0	.8226351	.1773649	0	0
1258.15	0	.8215203	.1784797	0	0
1257.15	0	.8204078	.1795922	0	0
1256.15	0	.8192975	.1807025	0	0
1255.15	0	.8181895	.1818105	0	0
1254.15	0	.8170837	.1829163	0	0
1253.15	0	.8159802	.1840198	0	0
1252.15	0	.814879	.185121	0	0
1251.15	0	.81378	.18622	0	0
1250.15	0	.8126834	.1873167	0	0
1249.15	0	.8115889	.1884111	0	0
1248.15	0	.8104968	.1895032	0	0
1247.15	0	.809407	.190593	0	0
1246.15	0	.8083194	.1916806	0	0
1245.15	0	.8072342	.1927658	0	0
1244.15	0	.8061512	.1938488	0	0
1243.15	0	.8050706	.1949294	0	0
1242.15	0	.8039922	.1960078	0	0
1241.15	0	.8029162	.1970838	0	0
1240.15	0	.8018424	.1981576	0	0
1239.15	0	.800771	.199229	0	0
1238.15	0	.7997019	.2002981	0	0
1237.15	0	.7986351	.2013649	0	0
1236.15	0	.7975706	.2024294	0	0
1235.15	0	.7965085	.2034915	0	0
1234.15	0	.7954487	.2045513	0	0
1233.15	0	.7943912	.2056088	0	0
1232.15	0	.7933361	.2066639	0	0
1232.118	0	.793302	.206698	0	0
1232.118	0	.793302	.206698	0	0
1232.118	0	.793302	.206698	0	0
1231.15	0	.7919067	.2076038	4.895893E-04	0
1230.15	0	.7904689	.2085368	9.94299E-04	0
1229.15	0	.7890355	.2094668	.001497721	0
1228.15	0	.7876064	.2103937	.00199986	0
1227.15	0	.7861817	.2113176	.00250072	0
1226.15	0	.7847612	.2122385	.003000307	0
1225.15	0	.7833451	.2131563	.003498623	0
1224.15	0	.7819333	.214071	.003995674	0
1223.15	0	.7805258	.2149828	.004491464	0
1222.15	0	.7791226	.2158914	.004985998	0
1221.15	0	.7777236	.2167971	.005479279	0
1220.15	0	.776329	.2176997	.005971313	0
1219.15	0	.7749386	.2185993	.006462103	0
1218.15	0	.7735525	.2194958	.006951654	0
1217.15	0	.7721707	.2203894	.007439969	0
1216.15	0	.7707931	.2212799	.007927053	0
1215.15	0	.7694198	.2221673	.008412911	0
1214.15	0	.7680507	.2230518	.008897547	0
1213.15	0	.7666858	.2239332	.009380964	0
1212.15	0	.7653252	.2248116	.009863166	0
1211.15	0	.7639688	.225687	.01034416	0
1210.15	0	.7626167	.2265594	.01082394	0
1209.15	0	.7612687	.2274287	.01130253	0
1208.15	0	.759925	.2282951	.01177992	0
1207.15	0	.7585855	.2291584	.01225611	0
1206.15	0	.7572502	.2300187	.01273111	0
1205.15	0	.7559191	.230876	.01320493	0
1204.15	0	.7545921	.2317303	.01367756	0
1203.15	0	.7532694	.2325816	.01414902	0
1202.15	0	.7519508	.2334299	.0146193	0
1201.15	0	.7506364	.2342752	.01508841	0
1200.15	0	.7493262	.2351174	.01555635	0
1199.15	0	.7480202	.2359567	.01602314	0
1198.15	0	.7467183	.2367929	.01648876	0
1197.15	0	.7454206	.2376262	.01695323	0
1196.15	0	.744127	.2384564	.01741654	0
1195.15	0	.7428376	.2392837	.01787871	0
1194.15	0	.7415524	.2401079	.01833973	0
1193.15	0	.7402712	.2409292	.01879962	0
1192.15	0	.7389942	.2417474	.01925837	0
1191.15	0	.7377214	.2425626	.01971598	0
1190.15	0	.7364527	.2433749	.02017247	0
1189.15	0	.7351881	.2441841	.02062782	0
1188.15	0	.7339276	.2449903	.02108206	0
1187.15	0	.7326713	.2457935	.02153518	0
1186.15	0	.731419	.2465938	.02198718	0
1185.15	0	.7301709	.247391	.02243808	0
1184.15	0	.7289269	.2481852	.02288786	0
1183.15	0	.727687	.2489764	.02333654	0
1182.15	0	.7264512	.2497646	.02378412	0
1181.15	0	.7252195	.2505499	.0242306	0
1180.15	0	.723992	.2513321	.02467599	0
1179.15	0	.7227685	.2521113	.02512028	0
1178.15	0	.721549	.2528875	.02556349	0
1177.15	0	.7203337	.2536607	.02600562	0
1176.15	0	.7191225	.2544309	.02644666	0
1175.15	0	.7179153	.255198	.02688663	0
1174.15	0	.7167123	.2559622	.02732552	0
1173.15	0	.7155133	.2567234	.02776334	0
1172.15	0	.7143184	.2574815	.02820009	0
1171.15	0	.7131276	.2582367	.02863578	0
1170.15	0	.7119408	.2589888	.02907041	0
1169.15	0	.7107581	.2597379	.02950398	0
1168.15	0	.7095795	.260484	.0299365	0
1167.15	0	.7084049	.2612271	.03036796	0
1166.15	0	.7072345	.2619672	.03079837	0
1165.15	0	.706068	.2627042	.03122774	0
1164.15	0	.7049057	.2634383	.03165607	0
1163.15	0	.7037474	.2641693	.03208336	0
1162.15	0	.7025931	.2648973	.03250961	0
1161.15	0	.7014429	.2656222	.03293482	0
1160.15	0	.7002968	.2663442	.03335901	0
1159.15	0	.6991548	.2670631	.03378217	0
1158.15	0	.6980167	.267779	.03420431	0
1157.15	0	.6968828	.2684918	.03462542	0
1156.15	0	.6957529	.2692016	.03504551	0
1155.15	0	.694627	.2699084	.0354646	0
1154.15	0	.6935052	.2706122	.03588268	0
1153.15	0	.6923874	.2713129	.03629973	0
1152.15	0	.6912737	.2720105	.03671579	0
1151.15	0	.690164	.2727051	.03713083	0
1150.15	0	.6890584	.2733967	.03754487	0
1149.15	0	.6879569	.2740852	.03795792	0
1148.15	0	.6868594	.2747707	.03836997	0
1147.15	0	.6857659	.2754531	.03878103	0
1146.15	0	.6846765	.2761324	.0391911	0
1145.15	0	.6835911	.2768087	.03960017	0
1144.15	0	.6825098	.2774819	.04000827	0
1143.15	0	.6814326	.2781521	.04041538	0
1142.15	0	.6803594	.2788191	.04082151	0
1141.15	0	.6792902	.2794832	.04122667	0
1140.15	0	.6782251	.2801441	.04163085	0
1139.15	0	.677164	.2808019	.04203405	0
1138.15	0	.676107	.2814567	.04243629	0
1137.15	0	.675054	.2821084	.04283757	0
1136.15	0	.6740051	.282757	.04323787	0
1135.15	0	.6729603	.2834025	.04363722	0
1134.15	0	.6719195	.2840449	.04403561	0
1133.15	0	.6708827	.2846842	.04443304	0
1132.15	0	.66985	.2853205	.04482951	0
1131.15	0	.6688214	.2859536	.04522504	0
1130.15	0	.6677968	.2865836	.04561961	0
1129.15	0	.6667763	.2872104	.04601324	0
1128.15	0	.6657599	.2878342	.04640592	0
1127.15	0	.6647475	.2884548	.04679766	0
1126.15	0	.6637392	.2890723	.04718846	0
1125.15	0	.662735	.2896867	.04757832	0
1124.15	0	.6617348	.290298	.04796724	0
1123.15	0	.6607387	.2909061	.04835524	0
1122.15	0	.6597467	.291511	.0487423	0
1121.15	0	.6587587	.2921129	.04912843	0
1120.15	0	.6577749	.2927115	.04951364	0
1119.15	0	.6567951	.293307	.04989792	0
1118.15	0	.6558194	.2938994	.05028127	0
1117.15	0	.6548478	.2944885	.05066371	0
1116.15	0	.6538802	.2950745	.05104523	0
1115.15	0	.6529168	.2956574	.05142583	0
1114.15	0	.6519575	.296237	.05180552	0
1113.15	0	.6510022	.2968135	.0521843	0
1112.15	0	.6500511	.2973867	.05256217	0
1111.15	0	.6491041	.2979568	.05293913	0
1110.15	0	.6481611	.2985237	.05331518	0
1109.15	0	.6472223	.2990874	.05369033	0
1108.15	0	.6462876	.2996478	.05406457	0
1107.15	0	.645357	.3002051	.05443792	0
1106.15	0	.6444306	.3007591	.05481036	0
1105.15	0	.6435082	.3013098	.05518192	0
1104.15	0	.64259	.3018574	.05555257	0
1103.15	0	.641676	.3024017	.05592233	0
1102.15	0	.640766	.3029428	.05629121	0
1101.15	0	.6398602	.3034806	.05665919	0
1100.15	0	.6389586	.3040151	.05702628	0
1099.15	0	.6380611	.3045464	.05739249	0
1098.15	0	.6371678	.3050744	.05775782	0
1097.15	0	.6362786	.3055992	.05812226	0
1096.15	0	.6353936	.3061206	.05848582	0
1095.15	0	.6345127	.3066388	.0588485	0
1094.15	0	.633636	.3071537	.0592103	0
1093.15	0	.6327635	.3076652	.05957123	0
1092.15	0	.6318952	.3081735	.05993129	0
1091.15	0	.6310311	.3086784	.06029047	0
1090.15	0	.6301712	.3091801	.06064877	0
1089.15	0	.6293154	.3096784	.06100621	0
1088.15	0	.6284639	.3101733	.06136278	0
1087.15	0	.6276166	.310665	.06171849	0
1086.15	0	.6267735	.3111532	.06207332	0
1085.15	0	.6259346	.3116381	.0624273	0
1084.15	0	.6250999	.3121197	.06278041	0
1083.15	0	.6242695	.3125979	.06313265	0
1082.15	0	.6234433	.3130727	.06348404	0
1081.15	0	.6226214	.3135441	.06383457	0
1080.15	0	.6218037	.3140121	.06418424	0
1079.15	0	.6209902	.3144767	.06453306	0
1078.15	0	.6201811	.3149379	.06488102	0
1077.15	0	.6193762	.3153957	.06522812	0
1076.15	0	.6185755	.3158501	.06557438	0
1075.15	0	.6177792	.3163011	.06591978	0
1074.15	0	.6169871	.3167486	.06626433	0
1073.15	0	.6161994	.3171926	.06660803	0
1072.15	0	.6154159	.3176332	.06695088	0
1071.15	0	.6146368	.3180704	.06729288	0
1070.15	0	.6138619	.318504	.06763404	0
1069.15	0	.6130914	.3189342	.06797435	0
1068.15	0	.6123253	.3193609	.06831381	0
1067.15	0	.6115634	.3197841	.06865244	0
1066.15	0	.6108059	.3202039	.06899022	0
1065.15	0	.6100528	.32062	.06932715	0
1064.15	0	.609304	.3210327	.06966325	0
1063.15	0	.6085596	.3214419	.06999851	0
1062.15	0	.6078196	.3218475	.07033292	0
1061.15	0	.607084	.3222495	.0706665	0
1060.15	0	.6063527	.322648	.07099924	0
1059.15	0	.6056259	.323043	.07133114	0
1058.15	0	.6049035	.3234344	.0716622	0
1057.15	0	.6041854	.3238221	.07199243	0
1056.15	0	.6034719	.3242063	.07232182	0
1055.15	0	.6027627	.3245869	.07265038	0
1054.15	0	.602058	.3249639	.0729781	0
1053.15	0	.6013577	.3253373	.07330498	0
1052.15	0	.6006619	.325707	.07363103	0
1051.15	0	.5999706	.3260731	.07395625	0
1050.15	0	.5992838	.3264356	.07428064	0
1049.15	0	.5986014	.3267944	.07460419	0
1048.15	0	.5979235	.3271495	.07492691	0
1047.15	0	.5972502	.327501	.0752488	0
1046.15	0	.5965813	.3278488	.07556986	0
1045.15	0	.595917	.3281929	.07589008	0
1044.15	0	.5952572	.3285333	.07620948	0
1043.15	0	.594602	.32887	.07652804	0
1042.15	0	.5939513	.3292029	.07684577	0
1041.15	0	.5933052	.3295321	.07716267	0
1040.15	0	.5926636	.3298576	.07747873	0
1039.15	0	.5920267	.3301794	.07779397	0
1038.15	0	.5913943	.3304973	.07810837	0
1037.15	0	.5907665	.3308115	.07842194	0
1036.15	0	.5901434	.3311219	.07873469	0
1035.15	0	.5895248	.3314286	.07904659	0
1034.15	0	.5889109	.3317314	.07935767	0
1033.15	0	.5883017	.3320304	.07966792	0
1032.15	0	.587697	.3323256	.07997733	0
1031.15	0	.5870971	.332617	.08028591	0
1030.15	0	.5865018	.3329045	.08059365	0
1029.15	0	.5859112	.3331882	.08090056	0
1028.15	0	.5853253	.333468	.08120664	0
1027.15	0	.5847441	.333744	.08151188	0
1026.15	0	.5841677	.3340161	.08181629	0
1025.15	0	.5835959	.3342842	.08211986	0
1024.15	0	.5830289	.3345485	.0824226	0
1023.15	0	.5824666	.3348089	.08272449	0
1022.15	0	.5819091	.3350653	.08302555	0
1021.15	0	.5813564	.3353179	.08332577	0
1020.15	0	.5808084	.3355664	.08362515	0
1019.15	0	.5802653	.335811	.08392369	0
1018.15	0	.5797269	.3360517	.08422139	0
1017.15	0	.5791934	.3362884	.08451825	0
1016.15	0	.5786646	.3365211	.08481426	0
1015.15	0	.5781407	.3367498	.08510943	0
1014.15	0	.5776217	.3369746	.08540375	0
1013.15	0	.5771075	.3371953	.08569722	0
1012.15	0	.5765982	.337412	.08598985	0
1011.15	0	.5760938	.3376246	.08628162	0
1010.15	0	.5755942	.3378332	.08657255	0
1009.15	0	.5750996	.3380378	.08686262	0
1008.15	0	.5746099	.3382383	.08715184	0
1007.15	0	.5741251	.3384347	.0874402	0
1006.15	0	.5736452	.3386271	.08772771	0
1005.15	0	.5731703	.3388154	.08801436	0
1004.15	0	.5727003	.3389995	.08830014	0
1003.15	0	.5722354	.3391796	.08858507	0
1002.15	0	.5717754	.3393555	.08886913	0
1001.15	0	.5713203	.3395273	.08915233	0
1000.15	0	.5708703	.339695	.08943465	0
999.15	0	.5704254	.3398585	.08971611	0
998.15	0	.5699854	.3400179	.0899967	0
997.15	0	.5695505	.3401731	.09027641	0
996.15	0	.5691206	.3403242	.09055524	0
995.15	0	.5686958	.3404711	.0908332	0
994.15	0	.568276	.3406137	.09111028	0
993.15	0	.5678613	.3407522	.09138647	0
992.15	0	.5674517	.3408865	.09166177	0
991.15	0	.5670473	.3410166	.09193619	0
990.15	0	.5666479	.3411424	.09220972	0
989.15	0	.5662537	.341264	.09248235	0
988.15	0	.5658645	.3413814	.09275409	0
987.15	0	.5654806	.3414945	.09302492	0
986.15	0	.5651018	.3416034	.09329485	0
985.15	0	.5647281	.341708	.09356388	0
984.15	0	.5643596	.3418083	.093832	0
983.15	0	.5639964	.3419044	.09409921	0
982.15	0	.5636383	.3419962	.0943655	0
981.15	0	.5632854	.3420838	.09463087	0
980.15	0	.5629377	.342167	.09489532	0
979.15	0	.5625952	.3422459	.09515885	0
978.15	0	.562258	.3423206	.09542144	0
977.15	0	.561926	.3423909	.09568311	0
976.15	0	.5615993	.3424569	.09594383	0
975.15	0	.5612778	.3425186	.09620362	0
974.15	0	.5609616	.3425759	.09646246	0
973.15	0	.5606507	.342629	.09672035	0
972.15	0	.560345	.3426777	.09697728	0
971.15	0	.5600446	.3427221	.09723327	0
970.15	0	.5597496	.3427621	.09748828	0
969.15	0	.5594598	.3427979	.09774233	0
968.15	0	.5591754	.3428292	.09799542	0
967.15	0	.5588962	.3428563	.09824752	0
966.15	0	.5586224	.3428789	.09849865	0
965.15	0	.5583539	.3428973	.09874878	0
964.15	0	.5580908	.3429113	.09899793	0
963.15	0	.557833	.3429209	.09924608	0
962.15	0	.5575805	.3429262	.09949323	0
961.15	0	.5573334	.3429272	.09973938	0
960.15	0	.5570917	.3429238	.09998451	0
959.15	0	.5568553	.3429161	.1002286	0
958.15	0	.5566243	.342904	.1004717	0
957.15	0	.5563986	.3428876	.1007138	0
956.15	0	.5561784	.3428669	.1009548	0
955.15	0	.5559634	.3428418	.1011948	0
954.15	0	.5557539	.3428124	.1014337	0
953.15	0	.5555497	.3427787	.1016716	0
952.15	0	.555351	.3427406	.1019084	0
951.15	0	.5551575	.3426983	.1021442	0
950.15	0	.5549695	.3426516	.1023789	0
949.15	0	.5547869	.3426007	.1026124	0
948.15	0	.5546096	.3425455	.1028449	0
947.15	0	.5544377	.342486	.1030763	0
946.15	0	.5542711	.3424222	.1033067	0
945.15	0	.55411	.3423542	.1035359	0
944.15	0	.5539542	.3422819	.1037639	0
943.15	0	.5538037	.3422054	.1039909	0
942.15	0	.5536586	.3421247	.1042167	0
941.15	0	.5535189	.3420398	.1044413	0
940.15	0	.5533845	.3419506	.1046649	0
939.15	0	.5532554	.3418574	.1048872	0
938.15	0	.5531317	.3417599	.1051084	0
937.15	0	.5530133	.3416583	.1053284	0
936.15	0	.5529002	.3415526	.1055472	0
935.15	0	.5527924	.3414428	.1057648	0
934.15	0	.5526899	.3413289	.1059812	0
933.15	0	.5525926	.341211	.1061964	0
932.15	0	.5525007	.341089	.1064104	0
931.15	0	.5524139	.340963	.1066231	0
930.15	0	.5523324	.340833	.1068346	0
929.15	0	.5522562	.3406991	.1070448	0
928.15	0	.5521851	.3405612	.1072537	0
927.15	0	.5521192	.3404194	.1074614	0
926.15	0	.5520585	.3402738	.1076678	0
925.15	0	.5520029	.3401243	.1078728	0
924.15	0	.5519524	.339971	.1080766	0
923.15	0	.551907	.339814	.108279	0
922.15	0	.5518667	.3396532	.1084801	0
921.15	0	.5518315	.3394888	.1086798	0
920.15	0	.5518013	.3393206	.1088781	0
919.15	0	.551776	.3391489	.1090751	0
918.15	0	.5517557	.3389736	.1092707	0
917.15	0	.5517404	.3387948	.1094648	0
916.15	0	.55173	.3386124	.1096576	0
915.15	0	.5517244	.3384267	.1098489	0
914.15	0	.5517237	.3382376	.1100388	0
913.15	0	.5517277	.3380452	.1102271	0
912.15	0	.5517365	.3378494	.110414	0
911.15	0	.55175	.3376505	.1105995	0
910.15	0	.5517682	.3374484	.1107833	0
909.15	0	.5517911	.3372432	.1109657	0
908.15	0	.5518185	.337035	.1111465	0
907.15	0	.5518504	.3368239	.1113257	0
906.15	0	.5518868	.3366098	.1115034	0
905.15	0	.5519277	.3363929	.1116794	0
904.15	0	.5519729	.3361732	.1118539	0
903.15	0	.5520225	.3359509	.1120267	0
902.15	0	.5520763	.3357259	.1121978	0
901.15	0	.5521343	.3354985	.1123672	0
900.15	0	.5521965	.3352686	.112535	0
899.15	0	.5522627	.3350363	.112701	0
898.15	0	.552333	.3348018	.1128652	0
897.15	0	.5524072	.3345651	.1130277	0
896.15	0	.5524852	.3343264	.1131884	0
895.15	0	.552567	.3340856	.1133473	0
894.15	0	.5526526	.3338431	.1135044	0
893.15	0	.5527417	.3335987	.1136596	0
892.15	0	.5528344	.3333527	.1138129	0
891.15	0	.5529306	.3331052	.1139642	0
890.15	0	.5530301	.3328562	.1141137	0
889.15	0	.5531329	.332606	.1142611	0
888.15	0	.5532388	.3323546	.1144066	0
887.15	0	.5533479	.3321022	.11455	0
886.15	0	.5534598	.3318488	.1146913	0
885.15	0	.5535747	.3315947	.1148306	0
884.15	0	.5536922	.33134	.1149677	0
883.15	0	.5538124	.3310849	.1151027	0
882.15	0	.5539351	.3308294	.1152355	0
881.15	0	.5540602	.3305738	.115366	0
880.15	0	.5541875	.3303183	.1154943	0
879.15	0	.5543169	.3300629	.1156202	0
878.15	0	.5544482	.329808	.1157438	0
877.15	0	.5545814	.3295536	.115865	0
876.15	0	.5547162	.3293	.1159838	0
875.15	0	.5548525	.3290474	.1161001	0
874.15	0	.5549902	.328796	.1162139	0
873.15	0	.555129	.328546	.116325	0
872.15	0	.5552688	.3282976	.1164336	0
871.15	0	.5554094	.3280512	.1165395	0
870.15	0	.5555505	.3278068	.1166426	0
869.15	0	.5556921	.3275649	.1167429	0
868.15	0	.5558339	.3273257	.1168404	0
867.15	0	.5559756	.3270894	.116935	0
866.15	0	.5561171	.3268564	.1170266	0
865.15	0	.556258	.3266269	.1171151	0
864.15	0	.5563981	.3264014	.1172005	0
863.15	0	.5565373	.3261801	.1172827	0
862.15	0	.5566751	.3259634	.1173615	0
861.15	0	.5568113	.3257517	.1174371	0
860.15	0	.5569455	.3255453	.1175091	0
859.15	0	.5570776	.3253448	.1175776	0
858.15	0	.557207	.3251506	.1176424	0
857.15	0	.5573335	.324963	.1177035	0
856.15	0	.5574566	.3247828	.1177607	0
855.15	0	.557576	.3246102	.1178138	0
854.15	0	.5576911	.324446	.1178628	0
853.15	0	.5578017	.3242908	.1179076	0
852.15	0	.557907	.3241451	.1179479	0
851.15	0	.5580067	.3240096	.1179836	0
850.15	0	.5581002	.3238852	.1180146	0
849.15	0	.5581868	.3237726	.1180406	0
848.15	0	.5582659	.3236727	.1180614	0
847.15	0	.5582281	.3237203	.1180516	0
846.15	0	.5579261	.3240992	.1179747	0
845.15	0	.5576736	.3244235	.1179029	0
844.15	0	.5574663	.3246979	.1178358	0
843.15	0	.5573005	.3249269	.1177727	0
842.15	0	.5571727	.3251141	.1177132	0
841.15	0	.5570799	.3252632	.1176569	0
840.15	0	.5570193	.3253771	.1176036	0
839.15	0	.5569885	.3254587	.1175528	0
838.15	0	.5569852	.3255105	.1175043	0
837.15	0	.5570073	.3255348	.1174579	0
836.15	0	.5570529	.3255336	.1174134	0
835.15	0	.5571204	.325509	.1173706	0
834.15	0	.5572079	.3254627	.1173294	0
833.15	0	.5573142	.3253963	.1172895	0
832.15	0	.5574378	.3253113	.1172509	0
831.15	0	.5575774	.3252092	.1172134	0
830.15	0	.5577318	.3250912	.117177	0
829.15	0	.5579	.3249585	.1171415	0
828.15	0	.5580809	.3248123	.1171068	0
827.15	0	.5582736	.3246535	.117073	0
826.15	0	.5584771	.3244831	.1170398	0
825.15	0	.5586907	.3243021	.1170072	0
824.15	0	.5589135	.3241113	.1169753	0
823.15	0	.5591448	.3239114	.1169438	0
822.15	0	.5593839	.3237033	.1169128	0
821.15	0	.5596302	.3234875	.1168823	0
820.15	0	.5598831	.3232648	.1168521	0
819.15	0	.560142	.3230357	.1168223	0
818.15	0	.5604064	.3228009	.1167927	0
817.15	0	.5606757	.3225608	.1167635	0
816.15	0	.5609495	.322316	.1167345	0
815.15	0	.5612274	.3220668	.1167057	0
814.15	0	.5615089	.3218139	.1166772	0
813.15	0	.5617937	.3215575	.1166488	0
812.15	0	.5620813	.3212981	.1166206	0
811.15	0	.5623715	.3210361	.1165925	0
810.15	0	.5626639	.3207717	.1165645	0
809.15	0	.5629581	.3205053	.1165366	0
808.15	0	.563254	.3202372	.1165088	0
807.15	0	.5635512	.3199677	.1164811	0
806.15	0	.5638494	.3196971	.1164535	0
805.15	0	.5641485	.3194256	.1164259	0
804.15	0	.5644482	.3191534	.1163983	0
803.15	0	.5647483	.3188808	.1163708	0
802.15	0	.5650486	.318608	.1163433	0
801.15	0	.565349	.3183352	.1163158	0
800.15	0	.5656491	.3180625	.1162883	0
799.15	0	.5659489	.3177902	.1162609	0
798.15	0	.5662483	.3175184	.1162334	0
797.15	0	.566547	.3172472	.1162059	0
796.15	0	.5668449	.3169767	.1161783	0
795.15	0	.567142	.3167072	.1161508	0
794.15	0	.567438	.3164388	.1161232	0
793.15	0	.5677329	.3161715	.1160956	0
792.15	0	.5680266	.3159055	.1160679	0
791.15	0	.568319	.3156408	.1160402	0
790.15	0	.5686099	.3153776	.1160125	0
789.15	0	.5688994	.3151159	.1159847	0
788.15	0	.5691873	.3148559	.1159569	0
787.15	0	.5694735	.3145975	.115929	0
786.15	0	.569758	.314341	.115901	0
785.15	0	.5700407	.3140862	.115873	0
784.15	0	.5703217	.3138334	.115845	0
783.15	0	.5706007	.3135825	.1158168	0
782.15	0	.5708777	.3133336	.1157886	0
781.15	0	.5711528	.3130868	.1157604	0
780.15	0	.5714259	.312842	.1157321	0
779.15	0	.5716969	.3125994	.1157037	0
778.15	0	.5719659	.3123589	.1156752	0
777.15	0	.5722327	.3121207	.1156467	0
776.15	0	.5724973	.3118846	.1156181	0
775.15	0	.5727598	.3116508	.1155894	0
774.15	0	.5730201	.3114193	.1155606	0
773.15	0	.5732781	.31119	.1155318	0
772.15	0	.573534	.3109631	.1155029	0
771.15	0	.5737876	.3107385	.1154739	0
770.15	0	.5740389	.3105162	.1154449	0
769.15	0	.5742879	.3102963	.1154158	0
768.15	0	.5745347	.3100787	.1153866	0
767.15	0	.5747792	.3098635	.1153573	0
766.15	0	.5750214	.3096507	.1153279	0
765.15	0	.5752612	.3094402	.1152985	0
764.15	0	.5754988	.3092322	.115269	0
763.15	0	.5757341	.3090265	.1152394	0
762.15	0	.5759671	.3088231	.1152098	0
761.15	0	.5761978	.3086222	.11518	0
760.15	0	.5764262	.3084236	.1151502	0
759.15	0	.5766523	.3082273	.1151203	0
758.15	0	.5768762	.3080335	.1150904	0
757.15	0	.5770977	.307842	.1150603	0
756.15	0	.577317	.3076528	.1150302	0
755.15	0	.577534	.307466	.115	0
754.15	0	.5777488	.3072815	.1149697	0
753.15	0	.5779613	.3070994	.1149393	0
752.15	0	.5781716	.3069195	.1149089	0
751.15	0	.5783797	.3067419	.1148784	0
750.15	0	.5785855	.3065667	.1148478	0
749.15	0	.5787891	.3063937	.1148172	0
748.15	0	.5789906	.306223	.1147864	0
747.15	0	.5791899	.3060545	.1147556	0
746.15	0	.579387	.3058883	.1147248	0
745.15	0	.579582	.3057243	.1146938	0
744.15	0	.5797748	.3055624	.1146628	0
743.15	0	.5799655	.3054028	.1146317	0
742.15	0	.5801541	.3052454	.1146005	0
741.15	0	.5803406	.3050901	.1145692	0
740.15	0	.5805251	.304937	.1145379	0
739.15	0	.5807074	.304786	.1145065	0
738.15	0	.5808878	.3046372	.1144751	0
737.15	0	.5810661	.3044904	.1144435	0
736.15	0	.5812424	.3043457	.1144119	0
735.15	0	.5814167	.3042031	.1143802	0
734.15	0	.581589	.3040625	.1143485	0
733.15	0	.5817593	.303924	.1143167	0
732.15	0	.5819277	.3037875	.1142848	0
731.15	0	.5820942	.303653	.1142528	0
730.15	0	.5822617	.3035183	.11422	0
729.15	0	.5824242	.3033879	.114188	0
728.15	0	.5825847	.3032594	.1141559	0
727.15	0	.5827434	.3031329	.1141237	0
726.15	0	.5829003	.3030082	.1140914	0
725.15	0	.5830554	.3028855	.1140591	0
724.15	0	.5832086	.3027646	.1140268	0
723.15	0	.5833601	.3026456	.1139943	0
722.15	0	.5835098	.3025284	.1139618	0
721.15	0	.5836578	.302413	.1139292	0
720.15	0	.583804	.3022994	.1138966	0
719.15	0	.5839485	.3021876	.1138639	0
718.15	0	.5840913	.3020776	.1138311	0
717.15	0	.5842324	.3019693	.1137983	0
716.15	0	.5843718	.3018628	.1137654	0
715.15	0	.5845096	.301758	.1137324	0
714.15	0	.5846457	.3016548	.1136994	0
713.15	0	.5847803	.3015534	.1136664	0
712.15	0	.5849132	.3014536	.1136332	0
711.15	0	.5850445	.3013555	.1136	0
710.15	0	.5851742	.3012591	.1135668	0
709.15	0	.5853023	.3011642	.1135334	0
708.15	0	.585429	.301071	.1135001	0
707.15	0	.5855541	.3009793	.1134667	0
706.15	0	.5856776	.3008892	.1134332	0
705.15	0	.5857997	.3008007	.1133997	0
704.15	0	.5859203	.3007137	.1133661	0
703.15	0	.5860394	.3006282	.1133324	0
702.15	0	.586157	.3005443	.1132987	0
701.15	0	.5862732	.3004618	.113265	0
700.15	0	.586388	.3003808	.1132312	0
699.15	0	.5865014	.3003013	.1131973	0
698.15	0	.5866133	.3002232	.1131634	0
697.15	0	.5867239	.3001466	.1131295	0
696.15	0	.5868331	.3000714	.1130955	0
695.15	0	.586941	.2999975	.1130615	0
694.15	0	.5870475	.2999251	.1130274	0
693.15	0	.5871527	.2998541	.1129932	0
692.15	0	.5872566	.2997844	.1129591	0
691.15	0	.5873591	.299716	.1129248	0
690.15	0	.5874604	.299649	.1128906	0
689.15	0	.5875604	.2995833	.1128563	0
688.15	0	.5876592	.2995189	.1128219	0
687.15	0	.5877567	.2994558	.1127875	0
686.15	0	.5878529	.299394	.1127531	0
685.15	0	.587948	.2993334	.1127186	0
684.15	0	.5880418	.2992741	.1126841	0
683.15	0	.5881344	.299216	.1126495	0
682.15	0	.5882259	.2991592	.1126149	0
681.15	0	.5883162	.2991035	.1125803	0
680.15	0	.5884053	.299049	.1125456	0
679.15	0	.5884933	.2989958	.1125109	0
678.15	0	.5885801	.2989437	.1124762	0
677.15	0	.5886658	.2988927	.1124414	0
676.15	0	.5887504	.2988429	.1124066	0
675.15	0	.588834	.2987943	.1123718	0
674.15	0	.5889164	.2987467	.1123369	0
673.15	0	.5889977	.2987003	.112302	0
672.15	0	.589078	.2986549	.1122671	0
671.15	0	.5891572	.2986107	.1122321	0
670.15	0	.5892354	.2985675	.1121971	0
669.15	0	.5893125	.2985254	.1121621	0
668.15	0	.5893887	.2984843	.112127	0
667.15	0	.5894638	.2984443	.112092	0
666.15	0	.5895379	.2984053	.1120569	0
665.15	0	.589611	.2983673	.1120217	0
664.15	0	.5896832	.2983302	.1119866	0
663.15	0	.5897544	.2982942	.1119514	0
662.15	0	.5898246	.2982592	.1119162	0
661.15	0	.5898939	.2982252	.111881	0
660.15	0	.5899622	.2981921	.1118457	0
659.15	0	.5900296	.2981599	.1118104	0
658.15	0	.5900962	.2981287	.1117751	0
657.15	0	.5901617	.2980984	.1117398	0
656.15	0	.5902264	.2980691	.1117045	0
655.15	0	.5902902	.2980406	.1116691	0
654.15	0	.5903532	.2980131	.1116338	0
653.15	0	.5904152	.2979864	.1115984	0
652.15	0	.5904764	.2979606	.111563	0
651.15	0	.5905368	.2979357	.1115276	0
650.15	0	.5905963	.2979116	.1114921	0
649.15	0	.590655	.2978884	.1114567	0
648.15	0	.5907128	.297866	.1114212	0
647.15	0	.5907698	.2978444	.1113858	0
646.15	0	.590826	.2978237	.1113503	0
645.15	0	.5908815	.2978037	.1113148	0
644.15	0	.5909361	.2977846	.1112793	0
643.15	0	.59099	.2977663	.1112438	0
642.15	0	.5910431	.2977487	.1112082	0
641.15	0	.5910954	.2977319	.1111727	0
640.15	0	.591147	.2977159	.1111372	0
639.15	0	.5911978	.2977006	.1111016	0
638.15	0	.5912478	.2976861	.1110661	0
637.15	0	.5912972	.2976723	.1110305	0
636.15	0	.5913458	.2976593	.1109949	0
635.15	0	.5913937	.2976469	.1109594	0
634.15	0	.5914409	.2976353	.1109238	0
633.15	0	.5914874	.2976244	.1108882	0
632.15	0	.5915332	.2976142	.1108526	0
631.15	0	.5915783	.2976046	.1108171	0
630.15	0	.5916227	.2975958	.1107815	0
629.15	0	.5916665	.2975876	.1107459	0
628.15	0	.5917096	.2975801	.1107103	0
627.15	0	.591752	.2975732	.1106748	0
626.15	0	.5917938	.297567	.1106392	0
625.15	0	.591835	.2975614	.1106036	0
624.15	0	.5918755	.2975565	.1105681	0
623.15	0	.5919154	.2975522	.1105325	0
622.15	0	.5919546	.2975485	.1104969	0
621.15	0	.5919932	.2975454	.1104614	0
620.15	0	.5920313	.2975429	.1104259	0
619.15	0	.5920687	.297541	.1103903	0
618.15	0	.5921055	.2975397	.1103548	0
617.15	0	.5921418	.297539	.1103193	0
616.15	0	.5921774	.2975388	.1102838	0
615.15	0	.5922125	.2975392	.1102483	0
614.15	0	.592247	.2975402	.1102128	0
613.15	0	.5922809	.2975417	.1101773	0
612.15	0	.5923143	.2975438	.1101419	0
611.15	0	.5923471	.2975464	.1101064	0
610.15	0	.5923794	.2975496	.110071	0
609.15	0	.5924112	.2975533	.1100356	0
608.15	0	.5924424	.2975575	.1100002	0
607.15	0	.592473	.2975622	.1099648	0
606.15	0	.5925032	.2975674	.1099294	0
605.15	0	.5925328	.2975731	.1098941	0
604.15	0	.5925619	.2975793	.1098587	0
603.15	0	.5925905	.297586	.1098234	0
602.15	0	.5926186	.2975932	.1097881	0
601.15	0	.5926462	.2976009	.1097529	0
600.15	0	.5926734	.297609	.1097176	0
599.15	0	.5927	.2976176	.1096824	0
598.15	0	.5927262	.2976267	.1096472	0
597.15	0	.5927518	.2976362	.109612	0
596.15	0	.592777	.2976461	.1095769	0
595.15	0	.5928018	.2976565	.1095417	0
594.15	0	.5928261	.2976673	.1095066	0
593.15	0	.5928499	.2976786	.1094715	0
592.15	0	.5928733	.2976902	.1094365	0
591.15	0	.5928962	.2977023	.1094015	0
590.15	0	.5929187	.2977148	.1093665	0
589.15	0	.5929408	.2977277	.1093315	0
588.15	0	.5929624	.297741	.1092966	0
587.15	0	.5929836	.2977547	.1092617	0
586.15	0	.5930044	.2977688	.1092268	0
585.15	0	.5930247	.2977833	.1091919	0
584.15	0	.5930447	.2977981	.1091571	0
583.15	0	.5930643	.2978134	.1091224	0
582.15	0	.5930834	.297829	.1090876	0
581.15	0	.5931021	.2978449	.1090529	0
580.15	0	.5931205	.2978612	.1090183	0
579.15	0	.5931385	.2978779	.1089836	0
578.15	0	.593156	.2978949	.108949	0
577.15	0	.5931732	.2979123	.1089145	0
576.15	0	.5931901	.29793	.10888	0
575.15	0	.5932065	.297948	.1088455	0
574.15	0	.5932226	.2979664	.1088111	0
573.15	0	.5932383	.297985	.1087767	0
572.15	0	.5932537	.298004	.1087423	0
571.15	0	.5932687	.2980234	.108708	0
570.15	0	.5932833	.298043	.1086737	0
569.15	0	.5932976	.2980629	.1086395	0
568.15	0	.5933116	.2980831	.1086053	0
567.15	0	.5933252	.2981036	.1085712	0
566.15	0	.5933384	.2981245	.1085371	0
565.15	0	.5933514	.2981456	.108503	0
564.15	0	.593364	.2981669	.108469	0
563.15	0	.5933763	.2981886	.1084351	0
562.15	0	.5933883	.2982105	.1084012	0
561.15	0	.5933999	.2982327	.1083673	0
560.15	0	.5934113	.2982552	.1083335	0
559.15	0	.5934223	.2982779	.1082998	0
558.15	0	.593433	.2983009	.1082661	0
557.15	0	.5934434	.2983241	.1082324	0
556.15	0	.5934536	.2983476	.1081989	0
555.15	0	.5934634	.2983713	.1081653	0
554.15	0	.5934729	.2983953	.1081318	0
553.15	0	.5934822	.2984195	.1080984	0
552.15	0	.5934911	.2984439	.108065	0
551.15	0	.5934998	.2984685	.1080317	0
550.15	0	.5935082	.2984934	.1079984	0
549.15	0	.5935163	.2985185	.1079652	0
548.15	0	.5935241	.2985438	.1079321	0
547.15	0	.5935317	.2985693	.107899	0
546.15	0	.593539	.298595	.107866	0
545.15	0	.593546	.298621	.107833	0
544.15	0	.5935528	.2986471	.1078001	0
543.15	0	.5935593	.2986734	.1077673	0
542.15	0	.5935656	.2986999	.1077345	0
541.15	0	.5935716	.2987266	.1077017	0
540.15	0	.5935774	.2987535	.1076691	0
539.15	0	.5935829	.2987806	.1076365	0
538.15	0	.5935882	.2988078	.107604	0
537.15	0	.5935933	.2988352	.1075715	0
536.15	0	.5935981	.2988628	.1075391	0
535.15	0	.5936026	.2988906	.1075068	0
534.15	0	.593607	.2989185	.1074746	0
533.15	0	.5936111	.2989465	.1074424	0
532.15	0	.593615	.2989748	.1074102	0
531.15	0	.5936187	.2990031	.1073782	0
530.15	0	.5936221	.2990317	.1073462	0
529.15	0	.5936253	.2990604	.1073143	0
528.15	0	.5936284	.2990892	.1072825	0
527.15	0	.5936312	.2991181	.1072507	0
526.15	0	.5936338	.2991472	.107219	0
525.15	0	.5936362	.2991764	.1071874	0
524.15	0	.5936384	.2992058	.1071559	0
523.15	0	.5936404	.2992353	.1071244	0
522.15	0	.5936421	.2992649	.107093	0
521.15	0	.5936437	.2992946	.1070617	0
520.15	0	.5936451	.2993244	.1070304	0
519.15	0	.5936464	.2993544	.1069993	0
518.15	0	.5936474	.2993844	.1069682	0
517.15	0	.5936482	.2994146	.1069372	0
516.15	0	.5936489	.2994449	.1069063	0
515.15	0	.5936493	.2994753	.1068754	0
514.15	0	.5936496	.2995057	.1068447	0
513.15	0	.5936497	.2995363	.106814	0
512.15	0	.5936497	.2995669	.1067834	0
511.15	0	.5936495	.2995977	.1067529	0
510.15	0	.5936491	.2996285	.1067224	0
509.15	0	.5936485	.2996594	.1066921	0
508.4291	0	.593648	.2996818	.1066702	0
508.4291	0	.593648	.2996818	.1066702	0
508.4291	0	.593648	.2996818	.1066702	0
508.15	0	.5937369	.2994924	.1065703	2.004044E-04
507.15	0	.5940543	.2988158	.1062127	9.17182E-04
506.15	0	.5943698	.298142	.1058563	.001631945
505.15	0	.5946833	.297471	.105501	.002344712
504.15	0	.594995	.2968028	.1051467	.003055502
503.15	0	.5953048	.2961374	.1047935	.003764331
502.15	0	.5956128	.2954746	.1044414	.004471219
501.15	0	.595919	.2948146	.1040903	.005176183
500.15	0	.5962234	.2941572	.1037402	.005879241
499.15	0	.5965261	.2935023	.1033912	.006580409
498.15	0	.596827	.2928501	.1030432	.007279705
497.15	0	.5971262	.2922005	.1026962	.007977145
496.15	0	.5974237	.2915533	.1023503	.008672747
495.15	0	.5977195	.2909086	.1020053	.009366528
494.15	0	.5980138	.2902664	.1016613	.0100585
493.15	0	.5983064	.2896266	.1013183	.01074869
492.15	0	.5985974	.2889892	.1009763	.0114371
491.15	0	.5988868	.2883542	.1006353	.01212376
490.15	0	.5991749	.2877214	.100295	.01280873
489.15	0	.5994612	.287091	.09995587	.01349191
488.15	0	.5997461	.2864629	.09961768	.0141734
487.15	0	.6000294	.285837	.09928043	.01485318
486.15	0	.6003113	.2852133	.09894411	.01553129
485.15	0	.6005917	.2845918	.09860872	.01620773
484.15	0	.6008707	.2839725	.09827424	.01688252
483.15	0	.6011483	.2833554	.09794067	.01755568
482.15	0	.6014245	.2827403	.09760801	.01822722
481.15	0	.6016993	.2821273	.09727624	.01889715
480.15	0	.6019728	.2815164	.09694536	.01956549
479.15	0	.6022449	.2809075	.09661536	.02023226
478.15	0	.6025157	.2803006	.09628624	.02089746
477.15	0	.6027853	.2796957	.09595799	.02156111
476.15	0	.6030535	.2790927	.09563061	.02222322
475.15	0	.6033205	.2784916	.09530407	.02288382
474.15	0	.6035862	.2778925	.09497839	.0235429
473.15	0	.6038507	.2772953	.09465356	.0242005
472.15	0	.604114	.2766999	.09432956	.0248566
471.15	0	.6043761	.2761063	.09400639	.02551124
470.15	0	.604637	.2755145	.09368405	.02616443
469.15	0	.6048968	.2749245	.09336253	.02681617
468.15	0	.6051554	.2743363	.09304183	.02746648
467.15	0	.6054129	.2737498	.09272193	.02811538
466.15	0	.6056692	.2731651	.09240284	.02876287
465.15	0	.6059245	.272582	.09208454	.02940896
464.15	0	.6061787	.2720006	.09176703	.03005368
463.15	0	.6064318	.2714208	.09145031	.03069703
462.15	0	.6066839	.2708427	.09113437	.03133902
461.15	0	.6069349	.2702662	.0908192	.03197967
460.15	0	.6071849	.2696913	.09050481	.03261899
459.15	0	.6074339	.2691179	.09019117	.03325698
458.15	0	.6076819	.2685461	.0898783	.03389367
457.15	0	.607929	.2679758	.08956618	.03452906
456.15	0	.608175	.267407	.08925481	.03516316
455.15	0	.6084201	.2668397	.08894418	.03579599
454.15	0	.6086643	.2662738	.08863429	.03642756
453.15	0	.6089076	.2657094	.08832513	.03705787
452.15	0	.6091499	.2651464	.0880167	.03768694
451.15	0	.6093914	.2645849	.087709	.03831478
450.15	0	.6096319	.2640247	.08740201	.0389414
449.15	0	.6098716	.2634658	.08709575	.03956683
448.15	0	.6101105	.2629082	.08679019	.04019106
447.15	0	.6103486	.262352	.08648535	.0408141
446.15	0	.6105858	.2617971	.0861812	.04143598
445.15	0	.6108222	.2612434	.08587776	.04205668
444.15	0	.6110578	.260691	.08557501	.04267624
443.15	0	.6112926	.2601398	.08527295	.04329466
442.15	0	.6115267	.2595897	.08497158	.04391195
441.15	0	.6117601	.2590409	.08467089	.04452813
440.15	0	.6119927	.2584933	.08437088	.0451432
439.15	0	.6122246	.2579467	.08407155	.04575717
438.15	0	.6124557	.2574013	.08377289	.04637006
437.15	0	.6126862	.256857	.08347491	.04698187
436.15	0	.6129161	.2563137	.08317758	.04759262
435.15	0	.6131452	.2557715	.08288092	.04820232
434.15	0	.6133737	.2552304	.08258492	.04881097
433.15	0	.6136016	.2546902	.08228958	.04941859
432.15	0	.6138288	.2541511	.08199489	.05002518
431.15	0	.6140555	.2536129	.08170084	.05063077
430.15	0	.6142815	.2530757	.08140744	.05123534
429.15	0	.614507	.2525394	.08111469	.05183893
428.15	0	.6147319	.252004	.08082257	.05244152
427.15	0	.6149562	.2514696	.08053109	.05304315
426.15	0	.6151799	.250936	.08024024	.0536438
425.15	0	.6154031	.2504034	.07995001	.0542435
424.15	0	.6156258	.2498715	.07966042	.05484224
