T	 BPW(LIQUID)	BPW(BCC_A2)	BPW(FCC_A1)	BPW(LAVES_PHASE_C14)	BPW(NI3TI)
1473.15	.1742214	.8257786	0	0	0
1472.15	.1715685	.8284315	0	0	0
1471.15	.1689348	.8310652	0	0	0
1470.15	.1663202	.8336798	0	0	0
1469.15	.1637246	.8362754	0	0	0
1468.15	.1611478	.8388523	0	0	0
1467.15	.1585896	.8414104	0	0	0
1466.15	.1560499	.8439501	0	0	0
1465.15	.1535285	.8464715	0	0	0
1464.15	.1510253	.8489747	0	0	0
1463.15	.1485402	.8514598	0	0	0
1462.15	.1460729	.8539271	0	0	0
1461.15	.1436235	.8563766	0	0	0
1460.15	.1411916	.8588084	0	0	0
1459.15	.1387771	.8612229	0	0	0
1458.15	.13638	.86362	0	0	0
1457.15	.1340001	.8659999	0	0	0
1456.15	.1316372	.8683628	0	0	0
1455.15	.1292912	.8707088	0	0	0
1454.15	.126962	.873038	0	0	0
1453.15	.1246494	.8753506	0	0	0
1452.15	.1223533	.8776467	0	0	0
1451.15	.1200736	.8799264	0	0	0
1450.15	.1178101	.8821899	0	0	0
1449.15	.1155626	.8844374	0	0	0
1448.15	.1133312	.8866688	0	0	0
1447.15	.1111156	.8888844	0	0	0
1446.15	.1089157	.8910843	0	0	0
1445.15	.1067314	.8932686	0	0	0
1444.15	.1045625	.8954375	0	0	0
1443.15	.102409	.897591	0	0	0
1442.15	.1002707	.8997293	0	0	0
1441.15	.09814743	.9018526	0	0	0
1440.15	.09603916	.9039608	0	0	0
1439.15	.09394574	.9060543	0	0	0
1438.15	.09186704	.908133	0	0	0
1437.15	.08980294	.9101971	0	0	0
1436.15	.08775334	.9122467	0	0	0
1435.15	.08571811	.9142819	0	0	0
1434.15	.08369713	.9163029	0	0	0
1433.15	.0816903	.9183097	0	0	0
1432.15	.0796975	.9203025	0	0	0
1431.15	.07771862	.9222814	0	0	0
1430.15	.07575355	.9242465	0	0	0
1429.15	.07380217	.9261978	0	0	0
1428.15	.07186438	.9281356	0	0	0
1427.15	.06994007	.9300599	0	0	0
1426.15	.06802912	.9319709	0	0	0
1425.15	.06613145	.9338686	0	0	0
1424.15	.06424694	.9357531	0	0	0
1423.15	.06237547	.9376245	0	0	0
1422.15	.06051697	.939483	0	0	0
1421.15	.05867131	.9413287	0	0	0
1420.15	.0568384	.9431616	0	0	0
1419.15	.05501813	.9449819	0	0	0
1418.15	.05321041	.9467896	0	0	0
1417.15	.05141514	.9485849	0	0	0
1416.15	.04963222	.9503678	0	0	0
1415.15	.04786155	.9521385	0	0	0
1414.15	.04610303	.953897	0	0	0
1413.15	.04435658	.9556434	0	0	0
1412.15	.04262209	.9573779	0	0	0
1411.15	.04089948	.9591005	0	0	0
1410.15	.03918864	.9608114	0	0	0
1409.15	.03748949	.9625105	0	0	0
1408.15	.03580194	.9641981	0	0	0
1407.15	.03412589	.9658741	0	0	0
1406.15	.03246126	.9675387	0	0	0
1405.15	.03080795	.969192	0	0	0
1404.15	.02916589	.9708341	0	0	0
1403.15	.02753498	.972465	0	0	0
1402.15	.02591514	.9740849	0	0	0
1401.15	.02430627	.9756937	0	0	0
1400.15	.0227083	.9772917	0	0	0
1399.15	.02112115	.9788789	0	0	0
1398.15	.01954472	.9804553	0	0	0
1397.15	.01797894	.9820211	0	0	0
1396.15	.01642373	.9835763	0	0	0
1395.15	.01487901	.985121	0	0	0
1394.15	.01334468	.9866553	0	0	0
1393.15	.01182068	.9881793	0	0	0
1392.15	.01030693	.9896931	0	0	0
1391.15	.008803352	.9911967	0	0	0
1390.15	.007309864	.9926901	0	0	0
1389.15	.005826391	.9941736	0	0	0
1388.15	.004352858	.9956471	0	0	0
1387.15	.002889192	.9971108	0	0	0
1386.15	.001435317	.9985647	0	0	0
1385.156	0	1	0	0	0
1385.156	0	1	0	0	0
1385.15	0	1	0	0	0
1384.15	0	1	0	0	0
1383.15	0	1	0	0	0
1382.15	0	1	0	0	0
1381.15	0	1	0	0	0
1380.15	0	1	0	0	0
1379.15	0	1	0	0	0
1378.15	0	1	0	0	0
1377.15	0	1	0	0	0
1376.15	0	1	0	0	0
1375.15	0	1	0	0	0
1374.15	0	1	0	0	0
1373.15	0	1	0	0	0
1372.15	0	1	0	0	0
1371.15	0	1	0	0	0
1370.15	0	1	0	0	0
1369.15	0	1	0	0	0
1368.15	0	1	0	0	0
1367.15	0	1	0	0	0
1366.717	0	1	0	0	0
1366.717	0	1	0	0	0
1366.717	0	1	0	0	0
1366.15	0	.9996051	0	3.948557E-04	0
1365.15	0	.9989106	0	.001089446	0
1364.15	0	.9982176	0	.001782449	0
1363.15	0	.9975261	0	.002473868	0
1362.15	0	.9968363	0	.003163709	0
1361.15	0	.996148	0	.003851977	0
1360.15	0	.9954613	0	.004538677	0
1359.15	0	.9947762	0	.005223813	0
1358.15	0	.9940926	0	.005907392	0
1357.15	0	.9934106	0	.006589417	0
1356.15	0	.9927301	0	.007269894	0
1355.15	0	.9920512	0	.007948827	0
1354.15	0	.9913738	0	.008626222	0
1353.15	0	.9906979	0	.009302082	0
1352.15	0	.9900236	0	.009976414	0
1351.15	0	.9893508	0	.01064922	0
1350.15	0	.9886795	0	.01132051	0
1349.15	0	.9880097	0	.01199028	0
1348.15	0	.9873414	0	.01265855	0
1347.15	0	.9866747	0	.01332531	0
1346.15	0	.9860094	0	.01399056	0
1345.15	0	.9853457	0	.01465433	0
1344.15	0	.9846834	0	.0153166	0
1343.15	0	.9840226	0	.01597738	0
1342.15	0	.9833633	0	.01663668	0
1341.15	0	.9827055	0	.01729451	0
1340.15	0	.9820491	0	.01795086	0
1339.15	0	.9813943	0	.01860574	0
1338.15	0	.9807408	0	.01925916	0
1337.15	0	.9800889	0	.01991112	0
1336.15	0	.9794384	0	.02056163	0
1335.15	0	.9787893	0	.02121068	0
1334.15	0	.9781417	0	.02185829	0
1333.15	0	.9774955	0	.02250446	0
1332.15	0	.9768508	0	.02314919	0
1331.15	0	.9762075	0	.02379249	0
1330.15	0	.9755656	0	.02443436	0
1329.15	0	.9749252	0	.0250748	0
1328.15	0	.9742862	0	.02571383	0
1327.15	0	.9736486	0	.02635144	0
1326.15	0	.9730124	0	.02698764	0
1325.15	0	.9723776	0	.02762243	0
1324.15	0	.9717442	0	.02825582	0
1323.15	0	.9711122	0	.02888781	0
1322.15	0	.9704816	0	.0295184	0
1321.15	0	.9698524	0	.03014761	0
1320.15	0	.9692246	0	.03077543	0
1319.15	0	.9685981	0	.03140187	0
1318.15	0	.9679731	0	.03202693	0
1317.15	0	.9673494	0	.03265061	0
1316.15	0	.9667271	0	.03327293	0
1315.15	0	.9661061	0	.03389388	0
1314.15	0	.9654865	0	.03451347	0
1313.15	0	.9648683	0	.03513171	0
1312.15	0	.9642514	0	.03574859	0
1311.15	0	.9636359	0	.03636412	0
1310.15	0	.9630217	0	.0369783	0
1309.15	0	.9624088	0	.03759115	0
1308.15	0	.9617973	0	.03820265	0
1307.15	0	.9611872	0	.03881283	0
1306.15	0	.9605783	0	.03942167	0
1305.15	0	.9599708	0	.04002919	0
1304.15	0	.9593646	0	.04063539	0
1303.15	0	.9587597	0	.04124026	0
1302.15	0	.9581562	0	.04184383	0
1301.15	0	.9575539	0	.04244608	0
1300.15	0	.956953	0	.04304703	0
1299.15	0	.9563533	0	.04364667	0
1298.15	0	.955755	0	.04424502	0
1297.15	0	.9551579	0	.04484207	0
1296.15	0	.9545622	0	.04543783	0
1295.15	0	.9539677	0	.0460323	0
1294.15	0	.9533745	0	.04662548	0
1293.15	0	.9527826	0	.04721739	0
1292.15	0	.952192	0	.04780802	0
1291.15	0	.9516026	0	.04839738	0
1290.15	0	.9510145	0	.04898546	0
1289.15	0	.9504277	0	.04957229	0
1288.15	0	.9498421	0	.05015785	0
1287.15	0	.9492579	0	.05074215	0
1286.15	0	.9486748	0	.05132519	0
1285.15	0	.948093	0	.05190699	0
1284.15	0	.9475125	0	.05248753	0
1283.15	0	.9469332	0	.05306684	0
1282.15	0	.9463551	0	.0536449	0
1281.15	0	.9457783	0	.05422172	0
1280.15	0	.9452027	0	.05479731	0
1279.15	0	.9446283	0	.05537167	0
1278.15	0	.9440552	0	.0559448	0
1277.15	0	.9434833	0	.05651671	0
1276.15	0	.9429126	0	.0570874	0
1275.15	0	.9423431	0	.05765688	0
1274.15	0	.9417749	0	.05822513	0
1273.15	0	.9412078	0	.05879218	0
1272.15	0	.940642	0	.05935803	0
1271.15	0	.9400773	0	.05992267	0
1270.15	0	.9395139	0	.0604861	0
1269.15	0	.9389516	0	.06104835	0
1268.15	0	.9383906	0	.0616094	0
1267.15	0	.9378307	0	.06216926	0
1266.15	0	.9372721	0	.06272793	0
1265.15	0	.9367146	0	.06328542	0
1264.15	0	.9361583	0	.06384173	0
1263.15	0	.9356031	0	.06439686	0
1262.15	0	.9350492	0	.06495082	0
1261.15	0	.9344964	0	.06550361	0
1260.15	0	.9339448	0	.06605523	0
1259.15	0	.9333943	0	.06660568	0
1258.15	0	.932845	0	.06715498	0
1257.15	0	.9322969	0	.06770311	0
1256.15	0	.9317499	0	.0682501	0
1255.15	0	.9312041	0	.06879593	0
1254.15	0	.9306594	0	.06934061	0
1253.15	0	.9301159	0	.06988414	0
1252.15	0	.9295735	0	.07042654	0
1251.15	0	.9290322	0	.07096779	0
1250.15	0	.9284921	0	.07150791	0
1249.15	0	.9279531	0	.07204689	0
1248.15	0	.9274153	0	.07258475	0
1247.15	0	.9268785	0	.07312148	0
1246.15	0	.9263429	0	.07365708	0
1245.15	0	.9258084	0	.07419156	0
1244.15	0	.9252751	0	.07472492	0
1243.15	0	.9247428	0	.07525717	0
1242.15	0	.9242117	0	.07578831	0
1241.15	0	.9236817	0	.07631833	0
1240.15	0	.9231528	0	.07684725	0
1239.15	0	.9226249	0	.07737507	0
1238.15	0	.9220982	0	.07790178	0
1237.15	0	.9215726	0	.0784274	0
1236.15	0	.9210481	0	.07895192	0
1235.15	0	.9205246	0	.07947535	0
1234.15	0	.9200023	0	.07999769	0
1233.15	0	.9194811	0	.08051894	0
1232.15	0	.9189609	0	.08103911	0
1231.15	0	.9184418	0	.0815582	0
1230.15	0	.9179238	0	.08207621	0
1229.15	0	.9174069	0	.08259314	0
1228.15	0	.916891	0	.08310901	0
1227.15	0	.9163762	0	.0836238	0
1226.15	0	.9158625	0	.08413752	0
1225.15	0	.9153498	0	.08465018	0
1224.15	0	.9148382	0	.08516178	0
1223.15	0	.9143277	0	.08567232	0
1222.15	0	.9138182	0	.08618181	0
1221.15	0	.9133098	0	.08669024	0
1220.15	0	.9128024	0	.08719762	0
1219.15	0	.9122961	0	.08770395	0
1218.15	0	.9117908	0	.08820923	0
1217.15	0	.9112865	0	.08871348	0
1216.15	0	.9107833	0	.08921668	0
1215.15	0	.9102812	0	.08971884	0
1214.15	0	.90978	0	.09021997	0
1213.15	0	.9092799	0	.09072007	0
1212.15	0	.9087809	0	.09121913	0
1211.15	0	.9082828	0	.09171717	0
1210.15	0	.9077858	0	.09221418	0
1209.15	0	.9072898	0	.09271017	0
1208.15	0	.9067949	0	.09320515	0
1207.15	0	.9063009	0	.0936991	0
1206.15	0	.905808	0	.09419204	0
1205.15	0	.905316	0	.09468397	0
1204.15	0	.9048251	0	.09517488	0
1203.15	0	.9043352	0	.09566479	0
1202.15	0	.9038463	0	.0961537	0
1201.15	0	.9033584	0	.0966416	0
1200.15	0	.9028715	0	.0971285	0
1199.15	0	.9023856	0	.0976144	0
1198.15	0	.9019007	0	.09809931	0
1197.15	0	.9014168	0	.09858323	0
1196.15	0	.9009338	0	.09906616	0
1195.15	0	.9004519	0	.09954809	0
1194.15	0	.899971	0	.1000291	0
1193.15	0	.899491	0	.100509	0
1192.15	0	.899012	0	.100988	0
1191.15	0	.898534	0	.101466	0
1190.15	0	.8980569	0	.101943	0
1189.15	0	.8975809	0	.1024191	0
1188.15	0	.8971058	0	.1028942	0
1187.15	0	.8966317	0	.1033683	0
1186.15	0	.8961585	0	.1038415	0
1185.15	0	.8956864	0	.1043136	0
1184.15	0	.8952151	0	.1047849	0
1183.15	0	.8947449	0	.1052551	0
1182.15	0	.8942756	0	.1057244	0
1181.15	0	.8938072	0	.1061928	0
1180.15	0	.8933398	0	.1066602	0
1179.15	0	.8928734	0	.1071266	0
1178.15	0	.8924079	0	.1075921	0
1177.15	0	.8919433	0	.1080567	0
1176.15	0	.8914797	0	.1085203	0
1175.15	0	.891017	0	.108983	0
1174.15	0	.8905553	0	.1094447	0
1173.15	0	.8900945	0	.1099055	0
1172.15	0	.8896347	0	.1103653	0
1171.15	0	.8891758	0	.1108242	0
1170.15	0	.8887178	0	.1112822	0
1169.15	0	.8882608	0	.1117393	0
1168.15	0	.8878046	0	.1121954	0
1167.15	0	.8873494	0	.1126506	0
1166.15	0	.8868951	0	.1131049	0
1165.15	0	.8864418	0	.1135582	0
1164.15	0	.8859894	0	.1140106	0
1163.15	0	.8855378	0	.1144622	0
1162.15	0	.8850872	0	.1149128	0
1161.15	0	.8846375	0	.1153625	0
1160.15	0	.8841888	0	.1158112	0
1159.15	0	.8837409	0	.1162591	0
1158.15	0	.8832939	0	.1167061	0
1157.15	0	.8828479	0	.1171521	0
1156.15	0	.8824027	0	.1175973	0
1155.15	0	.8819584	0	.1180416	0
1154.15	0	.8815151	0	.1184849	0
1153.15	0	.8810726	0	.1189274	0
1152.15	0	.8806311	0	.119369	0
1151.15	0	.8801904	0	.1198096	0
1150.15	0	.8797506	0	.1202494	0
1149.15	0	.8793117	0	.1206883	0
1148.15	0	.8788737	0	.1211263	0
1147.15	0	.8784366	0	.1215634	0
1146.15	0	.8780003	0	.1219997	0
1145.15	0	.877565	0	.122435	0
1144.621	0	.8773352	0	.1226648	0
1144.621	0	.8773352	0	.1226648	0
1144.621	0	.8773352	0	.1226648	0
1144.15	0	.8767657	3.838125E-04	.1228505	0
1143.15	0	.8755599	.001196368	.1232438	0
1142.15	0	.8743573	.002006648	.123636	0
1141.15	0	.873158	.002814654	.1240273	0
1140.15	0	.871962	.003620391	.1244176	0
1139.15	0	.8707692	.004423858	.1248069	0
1138.15	0	.8695797	.005225058	.1251953	0
1137.15	0	.8683934	.006023994	.1255826	0
1136.15	0	.8672104	.006820667	.125969	0
1135.15	0	.8660306	.007615079	.1263544	0
1134.15	0	.864854	.008407231	.1267388	0
1133.15	0	.8636806	.009197127	.1271222	0
1132.15	0	.8625105	.009984767	.1275047	0
1131.15	0	.8613436	.01077015	.1278863	0
1130.15	0	.8601799	.01155329	.1282668	0
1129.15	0	.8590194	.01233418	.1286464	0
1128.15	0	.8578621	.01311281	.1290251	0
1127.15	0	.856708	.0138892	.1294027	0
1126.15	0	.8555572	.01466335	.1297795	0
1125.15	0	.8544095	.01543525	.1301553	0
1124.15	0	.853265	.01620491	.1305301	0
1123.15	0	.8521237	.01697234	.130904	0
1122.15	0	.8509855	.01773752	.131277	0
1121.15	0	.8498506	.01850047	.131649	0
1120.15	0	.8487188	.01926118	.13202	0
1119.15	0	.8475902	.02001966	.1323902	0
1118.15	0	.8464647	.02077591	.1327594	0
1117.15	0	.8453424	.02152992	.1331277	0
1116.15	0	.8442233	.02228171	.133495	0
1115.15	0	.8431073	.02303127	.1338614	0
1114.15	0	.8419945	.02377861	.1342269	0
1113.15	0	.8408848	.02452371	.1345915	0
1112.15	0	.8397783	.0252666	.1349551	0
1111.15	0	.8386749	.02600726	.1353178	0
1110.15	0	.8375747	.02674571	.1356796	0
1109.15	0	.8364776	.02748193	.1360405	0
1108.15	0	.8353836	.02821594	.1364005	0
1107.15	0	.8342927	.02894773	.1367596	0
1106.15	0	.833205	.0296773	.1371177	0
1105.15	0	.8321204	.03040466	.137475	0
1104.15	0	.8310389	.0311298	.1378313	0
1103.15	0	.8299605	.03185274	.1381867	0
1102.15	0	.8288853	.03257346	.1385413	0
1101.15	0	.8278131	.03329198	.1388949	0
1100.15	0	.826744	.03400828	.1392477	0
1099.15	0	.8256781	.03472238	.1395995	0
1098.15	0	.8246153	.03543427	.1399505	0
1097.15	0	.8235555	.03614396	.1403005	0
1096.15	0	.8224989	.03685144	.1406497	0
1095.15	0	.8214453	.03755672	.140998	0
1094.15	0	.8203948	.0382598	.1413454	0
1093.15	0	.8193475	.03896067	.1416919	0
1092.15	0	.8183032	.03965935	.1420375	0
1091.15	0	.8172619	.04035583	.1423823	0
1090.15	0	.8162238	.0410501	.1427261	0
1089.15	0	.8151887	.04174219	.1430691	0
1088.15	0	.8141567	.04243207	.1434112	0
1087.15	0	.8131278	.04311976	.1437524	0
1086.15	0	.8121019	.04380525	.1440928	0
1085.15	0	.8110792	.04448856	.1444323	0
1084.15	0	.8100594	.04516966	.1447709	0
1083.15	0	.8090428	.04584858	.1451086	0
1082.15	0	.8080292	.04652531	.1454455	0
1081.15	0	.8070186	.04719984	.1457815	0
1080.15	0	.8060111	.04787219	.1461167	0
1079.15	0	.8050067	.04854234	.146451	0
1078.15	0	.8040053	.04921031	.1467844	0
1077.15	0	.8030069	.0498761	.1471169	0
1076.15	0	.8020117	.05053969	.1474487	0
1075.15	0	.8010194	.0512011	.1477795	0
1074.15	0	.8000302	.05186033	.1481095	0
1073.15	0	.799044	.05251737	.1484386	0
1072.15	0	.7980609	.05317223	.1487669	0
1071.15	0	.7970808	.0538249	.1490943	0
1070.15	0	.7961037	.0544754	.1494209	0
1069.15	0	.7951297	.05512371	.1497466	0
1068.15	0	.7941586	.05576984	.1500715	0
1067.15	0	.7931907	.0564138	.1503956	0
1066.15	0	.7922257	.05705557	.1507187	0
1065.15	0	.7912638	.05769517	.1510411	0
1064.15	0	.7903049	.05833259	.1513626	0
1063.15	0	.789349	.05896783	.1516832	0
1062.15	0	.7883961	.05960089	.152003	0
1061.15	0	.7874462	.06023178	.152322	0
1060.15	0	.7864994	.0608605	.1526401	0
1059.15	0	.7855555	.06148704	.1529574	0
1058.15	0	.7846147	.06211141	.1532739	0
1057.15	0	.7836769	.0627336	.1535895	0
1056.15	0	.7827421	.06335362	.1539043	0
1055.15	0	.7818103	.06397148	.1542182	0
1054.15	0	.7808815	.06458716	.1545313	0
1053.15	0	.7799557	.06520067	.1548436	0
1052.15	0	.779033	.06581201	.155155	0
1051.15	0	.7781132	.06642118	.1554657	0
1050.15	0	.7771964	.06702819	.1557754	0
1049.15	0	.7762826	.06763303	.1560844	0
1048.15	0	.7753718	.0682357	.1563925	0
1047.15	0	.774464	.06883621	.1566998	0
1046.15	0	.7735592	.06943455	.1570063	0
1045.15	0	.7726574	.07003073	.1573119	0
1044.15	0	.7717585	.07062475	.1576167	0
1043.15	0	.7708627	.0712166	.1579207	0
1042.15	0	.7699698	.0718063	.1582239	0
1041.15	0	.76908	.07239383	.1585262	0
1040.15	0	.7681931	.0729792	.1588277	0
1039.15	0	.7673092	.07356241	.1591284	0
1038.15	0	.7664283	.07414347	.1594283	0
1037.15	0	.7655503	.07472237	.1597273	0
1036.15	0	.7646754	.07529911	.1600255	0
1035.15	0	.7638034	.0758737	.1603229	0
1034.15	0	.7629344	.07644613	.1606195	0
1033.15	0	.7620684	.07701641	.1609152	0
1032.15	0	.7612053	.07758454	.1612102	0
1031.15	0	.7603452	.07815052	.1615043	0
1030.15	0	.7594881	.07871435	.1617976	0
1029.15	0	.7586339	.07927602	.16209	0
1028.15	0	.7577828	.07983556	.1623817	0
1027.15	0	.7569345	.08039294	.1626725	0
1026.15	0	.7560893	.08094818	.1629625	0
1025.15	0	.755247	.08150128	.1632517	0
1024.15	0	.7544077	.08205223	.1635401	0
1023.15	0	.7535713	.08260105	.1638276	0
1022.15	0	.7527379	.08314772	.1641144	0
1021.15	0	.7519075	.08369225	.1644003	0
1020.15	0	.75108	.08423465	.1646854	0
1019.15	0	.7502555	.08477491	.1649696	0
1018.15	0	.7494339	.08531304	.1652531	0
1017.15	0	.7486153	.08584904	.1655357	0
1016.15	0	.7477996	.08638291	.1658175	0
1015.15	0	.7469868	.08691465	.1660985	0
1014.15	0	.7461771	.08744426	.1663787	0
1013.15	0	.7453702	.08797175	.166658	0
1012.15	0	.7445663	.08849711	.1669366	0
1011.15	0	.7437654	.08902036	.1672143	0
1010.15	0	.7429674	.08954148	.1674911	0
1009.15	0	.7421723	.09006049	.1677672	0
1008.15	0	.7413802	.09057738	.1680424	0
1007.15	0	.740591	.09109217	.1683169	0
1006.15	0	.7398047	.09160484	.1685905	0
1005.15	0	.7390214	.0921154	.1688632	0
1004.15	0	.738241	.09262386	.1691352	0
1003.15	0	.7374635	.09313022	.1694063	0
1002.15	0	.736689	.09363448	.1696766	0
1001.15	0	.7359173	.09413664	.169946	0
1000.15	0	.7351486	.0946367	.1702147	0
999.15	0	.7343829	.09513468	.1704825	0
998.15	0	.73362	.09563057	.1707494	0
997.15	0	.7328601	.09612437	.1710156	0
996.15	0	.732103	.09661609	.1712809	0
995.15	0	.7313489	.09710573	.1715454	0
994.15	0	.7305977	.0975933	.171809	0
993.15	0	.7298494	.09807879	.1720718	0
992.15	0	.729104	.09856222	.1723338	0
991.15	0	.7283614	.09904359	.172595	0
990.15	0	.7276219	.09952289	.1728553	0
989.15	0	.7268851	.1000001	.1731147	0
988.15	0	.7261513	.1004753	.1733734	0
987.15	0	.7254204	.1009485	.1736311	0
986.15	0	.7246923	.1014196	.1738881	0
985.15	0	.7239672	.1018887	.1741442	0
984.15	0	.7232449	.1023557	.1743994	0
983.15	0	.7225255	.1028207	.1746538	0
982.15	0	.7218089	.1032837	.1749074	0
981.15	0	.7210953	.1037446	.1751601	0
980.15	0	.7203845	.1042036	.1754119	0
979.15	0	.7196765	.1046605	.1756629	0
978.15	0	.7189715	.1051155	.1759131	0
977.15	0	.7182692	.1055684	.1761624	0
976.15	0	.7175699	.1060194	.1764108	0
975.15	0	.7168733	.1064683	.1766584	0
974.15	0	.7161796	.1069153	.1769051	0
973.15	0	.7154888	.1073603	.1771509	0
972.15	0	.7148007	.1078034	.1773959	0
971.15	0	.7141156	.1082445	.17764	0
970.15	0	.7134332	.1086836	.1778832	0
969.15	0	.7127536	.1091208	.1781255	0
968.15	0	.7120769	.1095561	.178367	0
967.15	0	.7114029	.1099895	.1786076	0
966.15	0	.7107318	.1104209	.1788474	0
965.15	0	.7100634	.1108504	.1790862	0
964.15	0	.7093979	.111278	.1793241	0
963.15	0	.7087351	.1117037	.1795612	0
962.15	0	.7080751	.1121275	.1797974	0
961.15	0	.7074179	.1125495	.1800327	0
960.15	0	.7067634	.1129696	.180267	0
959.15	0	.7061117	.1133878	.1805005	0
958.15	0	.7054628	.1138042	.1807331	0
957.15	0	.7048165	.1142187	.1809648	0
956.15	0	.7041731	.1146314	.1811955	0
955.15	0	.7035323	.1150423	.1814254	0
954.15	0	.7028943	.1154514	.1816543	0
953.15	0	.7022589	.1158587	.1818823	0
952.15	0	.7016263	.1162643	.1821094	0
951.15	0	.7009964	.116668	.1823356	0
950.15	0	.7003691	.11707	.1825608	0
949.15	0	.6997445	.1174703	.1827852	0
948.15	0	.6991226	.1178689	.1830085	0
947.15	0	.6985034	.1182657	.183231	0
946.15	0	.6978867	.1186608	.1834525	0
945.15	0	.6972728	.1190542	.183673	0
944.15	0	.6966614	.119446	.1838926	0
943.15	0	.6960527	.1198361	.1841112	0
942.15	0	.6954465	.1202246	.1843289	0
941.15	0	.694843	.1206114	.1845456	0
940.15	0	.694242	.1209966	.1847614	0
939.15	0	.6936436	.1213802	.1849762	0
938.15	0	.6930478	.1217623	.18519	0
937.15	0	.6924544	.1221428	.1854028	0
936.15	0	.6918637	.1225218	.1856146	0
935.15	0	.6912754	.1228992	.1858254	0
934.15	0	.6906896	.1232751	.1860353	0
933.15	0	.6901063	.1236496	.1862441	0
932.15	0	.6895255	.1240226	.1864519	0
931.15	0	.6889471	.1243941	.1866588	0
930.15	0	.6883712	.1247643	.1868646	0
929.15	0	.6877977	.125133	.1870693	0
928.15	0	.6872266	.1255004	.1872731	0
927.15	0	.6866579	.1258663	.1874758	0
926.15	0	.6860915	.126231	.1876775	0
925.15	0	.6855275	.1265944	.1878781	0
924.15	0	.6849659	.1269565	.1880777	0
923.15	0	.6844065	.1273173	.1882762	0
922.15	0	.6838495	.1276769	.1884737	0
921.15	0	.6832947	.1280353	.1886701	0
920.15	0	.6827422	.1283925	.1888654	0
919.15	0	.6821919	.1287485	.1890596	0
918.15	0	.6816438	.1291035	.1892527	0
917.15	0	.6810979	.1294573	.1894448	0
916.15	0	.6805542	.1298101	.1896357	0
915.15	0	.6800126	.1301619	.1898255	0
914.15	0	.6794732	.1305126	.1900142	0
913.15	0	.6789358	.1308624	.1902018	0
912.15	0	.6784005	.1312113	.1903883	0
911.15	0	.6778672	.1315592	.1905736	0
910.15	0	.677336	.1319063	.1907577	0
909.15	0	.6768068	.1322525	.1909407	0
908.15	0	.6762795	.132598	.1911225	0
907.15	0	.6757541	.1329427	.1913032	0
906.15	0	.6752307	.1332867	.1914826	0
905.15	0	.6747091	.13363	.1916609	0
904.15	0	.6741894	.1339727	.191838	0
903.15	0	.6736714	.1343147	.1920139	0
902.15	0	.6731553	.1346563	.1921885	0
901.15	0	.6726409	.1349973	.1923619	0
900.15	0	.6721281	.1353378	.1925341	0
899.15	0	.6716171	.1356779	.192705	0
898.15	0	.6711077	.1360176	.1928747	0
897.15	0	.6705999	.136357	.193043	0
896.15	0	.6700937	.1366962	.1932101	0
895.15	0	.669589	.1370351	.193376	0
894.15	0	.6690857	.1373738	.1935405	0
893.15	0	.668584	.1377124	.1937037	0
892.15	0	.6680836	.1380509	.1938655	0
891.15	0	.6675845	.1383894	.1940261	0
890.15	0	.6670868	.138728	.1941852	0
889.15	0	.6665903	.1390666	.194343	0
888.15	0	.6660951	.1394054	.1944995	0
887.15	0	.665601	.1397444	.1946545	0
886.15	0	.6651081	.1400838	.1948082	0
885.15	0	.6646162	.1404234	.1949604	0
884.15	0	.6641253	.1407635	.1951112	0
883.15	0	.6636354	.141104	.1952605	0
882.15	0	.6631464	.1414451	.1954084	0
881.15	0	.6626583	.1417869	.1955548	0
880.15	0	.662171	.1421293	.1956998	0
879.15	0	.6616844	.1424725	.1958432	0
878.15	0	.6611984	.1428165	.195985	0
877.15	0	.6607131	.1431615	.1961254	0
876.15	0	.6602284	.1435075	.1962642	0
875.15	0	.6597441	.1438545	.1964014	0
874.15	0	.6592602	.1442028	.196537	0
873.15	0	.6587767	.1445523	.196671	0
872.15	0	.6582935	.1449032	.1968033	0
871.15	0	.6578105	.1452555	.196934	0
870.15	0	.6573275	.1456094	.1970631	0
869.15	0	.6568447	.1459649	.1971904	0
868.15	0	.6563618	.1463222	.197316	0
867.15	0	.6558787	.1466814	.1974399	0
866.15	0	.6553955	.1470425	.197562	0
865.15	0	.654912	.1474057	.1976823	0
864.15	0	.6544281	.147771	.1978009	0
863.15	0	.6539437	.1481387	.1979175	0
862.15	0	.6534588	.1485089	.1980323	0
861.15	0	.6529732	.1488816	.1981453	0
860.15	0	.6524868	.149257	.1982563	0
859.15	0	.6519995	.1496352	.1983653	0
858.15	0	.6515112	.1500164	.1984724	0
857.15	0	.6510218	.1504008	.1985774	0
856.15	0	.6505312	.1507884	.1986805	0
855.15	0	.6500392	.1511794	.1987814	0
854.15	0	.6495458	.151574	.1988802	0
853.15	0	.6490507	.1519724	.1989769	0
852.15	0	.6485539	.1523747	.1990714	0
851.15	0	.6480552	.1527812	.1991636	0
850.15	0	.6475545	.1531919	.1992536	0
849.15	0	.6470516	.1536072	.1993413	0
848.15	0	.6465463	.1540271	.1994266	0
847.15	0	.6460385	.154452	.1995095	0
846.15	0	.645528	.154882	.19959	0
845.15	0	.6450147	.1553174	.1996679	0
844.15	0	.6444983	.1557584	.1997433	0
843.15	0	.6439786	.1562053	.1998161	0
842.15	0	.6434554	.1566584	.1998862	0
841.15	0	.6429286	.1571179	.1999536	0
840.15	0	.6423978	.1575841	.2000181	0
839.15	0	.6418629	.1580573	.2000798	0
838.15	0	.6413236	.1585379	.2001386	0
837.15	0	.6407795	.1590262	.2001943	0
836.15	0	.6402305	.1595225	.2002469	0
835.15	0	.6396763	.1600273	.2002964	0
834.15	0	.6391165	.160541	.2003425	0
833.15	0	.6385507	.161064	.2003853	0
832.15	0	.6379787	.1615967	.2004246	0
831.15	0	.6374001	.1621396	.2004604	0
830.15	0	.6368143	.1626933	.2004924	0
829.15	0	.6362212	.1632583	.2005206	0
828.15	0	.63562	.1638352	.2005448	0
827.15	0	.6350105	.1644246	.2005649	0
826.15	0	.634392	.1650272	.2005808	0
825.15	0	.633764	.1656438	.2005922	0
824.15	0	.6331258	.1662751	.2005991	0
823.15	0	.6324768	.1669221	.2006011	0
822.15	0	.6318163	.1675855	.2005982	0
821.15	0	.6311435	.1682665	.20059	0
820.15	0	.6304576	.1689661	.2005763	0
819.15	0	.6297575	.1696856	.2005569	0
818.15	0	.6290423	.1704263	.2005314	0
817.15	0	.6283109	.1711896	.2004995	0
816.15	0	.6275619	.1719772	.2004609	0
815.15	0	.6263275	.1733575	.2003151	0
814.15	0	.6249874	.1748719	.2001407	0
813.15	0	.6237196	.1763043	.1999762	0
812.15	0	.6225178	.1776617	.1998205	0
811.15	0	.6213765	.1789506	.1996729	0
810.15	0	.620291	.1801764	.1995326	0
809.15	0	.6192569	.1813441	.1993991	0
808.15	0	.6182703	.182458	.1992718	0
807.15	0	.6173278	.183522	.1991502	0
806.15	0	.6164265	.1845397	.1990338	0
805.15	0	.6155634	.1855143	.1989223	0
804.15	0	.614736	.1864486	.1988154	0
803.15	0	.6139421	.1873452	.1987126	0
802.15	0	.6131797	.1882066	.1986138	0
801.15	0	.6124466	.1890348	.1985186	0
800.15	0	.6117413	.1898319	.1984267	0
799.15	0	.6110622	.1905997	.1983381	0
798.15	0	.6104077	.1913399	.1982525	0
797.15	0	.6097764	.192054	.1981696	0
796.15	0	.6091672	.1927435	.1980893	0
795.15	0	.6085788	.1934096	.1980115	0
794.15	0	.6080102	.1940538	.1979361	0
793.15	0	.6074603	.1946769	.1978628	0
792.15	0	.6069282	.1952803	.1977915	0
791.15	0	.606413	.1958647	.1977222	0
790.15	0	.605914	.1964312	.1976548	0
789.15	0	.6054303	.1969807	.197589	0
788.15	0	.6049611	.1975139	.1975249	0
787.15	0	.604506	.1980317	.1974624	0
786.15	0	.6040641	.1985346	.1974013	0
785.15	0	.6036349	.1990235	.1973416	0
784.15	0	.6032178	.1994989	.1972832	0
783.15	0	.6028124	.1999615	.1972261	0
782.15	0	.602418	.2004118	.1971702	0
781.15	0	.6020343	.2008503	.1971154	0
780.15	0	.6016608	.2012776	.1970616	0
779.15	0	.6012971	.201694	.1970089	0
778.15	0	.6009427	.2021002	.1969572	0
777.15	0	.6005973	.2024964	.1969063	0
776.15	0	.6002605	.2028832	.1968564	0
775.15	0	.599934	.2032592	.1968068	0
774.15	0	.5996133	.2036282	.1967585	0
773.15	0	.5993003	.2039888	.196711	0
772.15	0	.5989946	.2043413	.1966642	0
771.15	0	.598696	.204686	.196618	0
770.15	0	.5984042	.2050232	.1965726	0
769.15	0	.598119	.2053532	.1965277	0
768.15	0	.5978402	.2056764	.1964835	0
767.15	0	.5975674	.2059928	.1964398	0
766.15	0	.5973005	.2063028	.1963967	0
765.15	0	.5970393	.2066067	.1963541	0
764.15	0	.5967835	.2069046	.196312	0
763.15	0	.596533	.2071967	.1962703	0
762.15	0	.5962876	.2074833	.1962291	0
761.15	0	.5960471	.2077645	.1961884	0
760.15	0	.5958114	.2080406	.196148	0
759.15	0	.5955802	.2083117	.196108	0
758.15	0	.5953535	.208578	.1960685	0
757.15	0	.5951311	.2088397	.1960292	0
756.15	0	.5949128	.2090968	.1959904	0
755.15	0	.5946985	.2093497	.1959518	0
754.15	0	.5944881	.2095983	.1959136	0
753.15	0	.5942814	.2098429	.1958756	0
752.15	0	.5940784	.2100836	.195838	0
751.15	0	.5938789	.2103204	.1958006	0
750.15	0	.5936828	.2105537	.1957635	0
749.15	0	.5934901	.2107833	.1957266	0
748.15	0	.5933004	.2110095	.19569	0
747.15	0	.593114	.2112324	.1956536	0
746.15	0	.5929305	.2114521	.1956174	0
745.15	0	.5927499	.2116687	.1955814	0
744.15	0	.5925722	.2118822	.1955457	0
743.15	0	.5923972	.2120928	.1955101	0
742.15	0	.5922248	.2123005	.1954747	0
741.15	0	.5920551	.2125055	.1954394	0
740.15	0	.5918878	.2127078	.1954043	0
739.15	0	.591723	.2129076	.1953694	0
738.15	0	.5915606	.2131048	.1953346	0
737.15	0	.5914004	.2132996	.1953	0
736.15	0	.5912425	.213492	.1952655	0
735.15	0	.5910868	.2136821	.1952312	0
734.15	0	.5909332	.2138699	.1951969	0
733.15	0	.5907816	.2140556	.1951628	0
732.15	0	.590632	.2142392	.1951288	0
731.15	0	.5904844	.2144208	.1950949	0
730.15	0	.5903386	.2146003	.1950611	0
729.15	0	.5901947	.214778	.1950273	0
728.15	0	.5900526	.2149537	.1949937	0
727.15	0	.5899122	.2151276	.1949602	0
726.15	0	.5897735	.2152998	.1949267	0
725.15	0	.5896365	.2154702	.1948933	0
724.15	0	.5895011	.2156389	.19486	0
723.15	0	.5893672	.215806	.1948267	0
722.15	0	.5892349	.2159715	.1947936	0
721.15	0	.5891041	.2161355	.1947604	0
720.15	0	.5889747	.2162979	.1947274	0
719.15	0	.5888467	.2164589	.1946944	0
718.15	0	.5887201	.2166185	.1946614	0
717.15	0	.5885949	.2167766	.1946285	0
716.15	0	.588471	.2169334	.1945956	0
715.15	0	.5883483	.2170889	.1945628	0
714.15	0	.5882269	.2172431	.19453	0
713.15	0	.5881068	.217396	.1944972	0
712.15	0	.5879878	.2175477	.1944645	0
711.15	0	.5878699	.2176982	.1944318	0
710.15	0	.5877533	.2178476	.1943991	0
709.15	0	.5876377	.2179958	.1943665	0
708.15	0	.5875232	.2181429	.1943339	0
707.15	0	.5874098	.218289	.1943013	0
706.15	0	.5872974	.2184339	.1942687	0
705.15	0	.587186	.2185779	.1942362	0
704.15	0	.5870756	.2187208	.1942036	0
703.15	0	.5869662	.2188628	.1941711	0
702.15	0	.5868577	.2190038	.1941386	0
701.15	0	.5867501	.2191438	.1941061	0
700.15	0	.5866435	.219283	.1940736	0
699.15	0	.5865377	.2194213	.1940411	0
698.15	0	.5864328	.2195586	.1940086	0
697.15	0	.5863287	.2196952	.1939761	0
696.15	0	.5862255	.2198309	.1939436	0
695.15	0	.5861231	.2199658	.1939112	0
694.15	0	.5860215	.2200998	.1938787	0
693.15	0	.5859206	.2202332	.1938462	0
692.15	0	.5858206	.2203657	.1938137	0
691.15	0	.5857212	.2204975	.1937813	0
690.15	0	.5856226	.2206286	.1937488	0
689.15	0	.5855248	.2207589	.1937163	0
688.15	0	.5854276	.2208886	.1936838	0
687.15	0	.5853311	.2210176	.1936513	0
686.15	0	.5852353	.2211459	.1936188	0
685.15	0	.5851402	.2212735	.1935863	0
684.15	0	.5850457	.2214005	.1935538	0
683.15	0	.5849518	.2215269	.1935213	0
682.15	0	.5848586	.2216527	.1934887	0
681.15	0	.584766	.2217778	.1934562	0
680.15	0	.584674	.2219024	.1934236	0
679.15	0	.5845826	.2220264	.1933911	0
678.15	0	.5844918	.2221498	.1933585	0
677.15	0	.5844015	.2222726	.1933259	0
676.15	0	.5843118	.2223949	.1932933	0
675.15	0	.5842226	.2225167	.1932607	0
674.15	0	.584134	.2226379	.193228	0
673.15	0	.584046	.2227587	.1931954	0
672.15	0	.5839584	.2228789	.1931627	0
671.15	0	.5838714	.2229986	.19313	0
670.15	0	.5837849	.2231178	.1930974	0
669.15	0	.5836988	.2232365	.1930647	0
668.15	0	.5836133	.2233548	.1930319	0
667.15	0	.5835282	.2234726	.1929992	0
666.15	0	.5834436	.22359	.1929664	0
665.15	0	.5833595	.2237069	.1929337	0
664.15	0	.5832758	.2238233	.1929009	0
663.15	0	.5831926	.2239393	.1928681	0
662.15	0	.5831098	.2240549	.1928353	0
661.15	0	.5830275	.2241701	.1928025	0
660.15	0	.5829455	.2242849	.1927696	0
659.15	0	.582864	.2243992	.1927367	0
658.15	0	.582783	.2245132	.1927039	0
657.15	0	.5827023	.2246267	.192671	0
656.15	0	.582622	.2247399	.1926381	0
655.15	0	.5825422	.2248527	.1926051	0
654.15	0	.5824627	.2249651	.1925722	0
653.15	0	.5823836	.2250772	.1925392	0
652.15	0	.5823049	.2251888	.1925063	0
651.15	0	.5822266	.2253002	.1924733	0
650.15	0	.5821486	.2254111	.1924403	0
649.15	0	.5820711	.2255217	.1924072	0
648.15	0	.5819938	.225632	.1923742	0
647.15	0	.5819169	.2257419	.1923411	0
646.15	0	.5818404	.2258515	.1923081	0
645.15	0	.5817642	.2259608	.192275	0
644.15	0	.5816884	.2260697	.1922419	0
643.15	0	.5816129	.2261783	.1922088	0
642.15	0	.5815377	.2262866	.1921757	0
641.15	0	.5814629	.2263946	.1921425	0
640.15	0	.5813884	.2265023	.1921094	0
639.15	0	.5813142	.2266096	.1920762	0
638.15	0	.5812403	.2267167	.192043	0
637.15	0	.5811668	.2268234	.1920098	0
636.15	0	.5810935	.2269299	.1919766	0
635.15	0	.5810206	.227036	.1919434	0
634.15	0	.5809479	.2271419	.1919102	0
633.15	0	.5808756	.2272475	.1918769	0
632.15	0	.5808035	.2273528	.1918437	0
631.15	0	.5807318	.2274578	.1918104	0
630.15	0	.5806603	.2275625	.1917771	0
629.15	0	.5805891	.227667	.1917439	0
628.15	0	.5805182	.2277712	.1917106	0
627.15	0	.5804476	.2278751	.1916773	0
626.15	0	.5803773	.2279788	.191644	0
625.15	0	.5803072	.2280822	.1916106	0
624.15	0	.5802374	.2281853	.1915773	0
623.15	0	.5801679	.2282882	.191544	0
622.15	0	.5800986	.2283908	.1915106	0
621.15	0	.5800296	.2284931	.1914773	0
620.15	0	.5799609	.2285952	.1914439	0
619.15	0	.5798924	.2286971	.1914106	0
618.15	0	.5798242	.2287987	.1913772	0
617.15	0	.5797562	.2289	.1913438	0
616.15	0	.5796885	.2290011	.1913104	0
615.15	0	.579621	.229102	.191277	0
614.15	0	.5795538	.2292026	.1912437	0
613.15	0	.5794868	.229303	.1912103	0
612.15	0	.57942	.2294031	.1911769	0
611.15	0	.5793535	.229503	.1911435	0
610.15	0	.5792873	.2296027	.1911101	0
609.15	0	.5792213	.2297021	.1910767	0
608.15	0	.5791555	.2298013	.1910433	0
607.15	0	.5790899	.2299002	.1910099	0
606.15	0	.5790246	.229999	.1909765	0
605.15	0	.5789595	.2300975	.1909431	0
604.15	0	.5788946	.2301958	.1909096	0
603.15	0	.57883	.2302938	.1908762	0
602.15	0	.5787655	.2303916	.1908428	0
601.15	0	.5787013	.2304892	.1908095	0
600.15	0	.5786374	.2305866	.1907761	0
599.15	0	.5785736	.2306837	.1907427	0
598.15	0	.5785101	.2307807	.1907093	0
597.15	0	.5784467	.2308774	.1906759	0
596.15	0	.5783836	.2309739	.1906425	0
595.15	0	.5783207	.2310701	.1906092	0
594.15	0	.578258	.2311662	.1905758	0
593.15	0	.5781956	.231262	.1905424	0
592.15	0	.5781333	.2313576	.1905091	0
591.15	0	.5780712	.231453	.1904757	0
590.15	0	.5780094	.2315482	.1904424	0
589.15	0	.5779477	.2316432	.1904091	0
588.15	0	.5778863	.231738	.1903758	0
587.15	0	.577825	.2318325	.1903424	0
586.15	0	.577764	.2319269	.1903092	0
585.15	0	.5777031	.232021	.1902759	0
584.15	0	.5776425	.2321149	.1902426	0
583.15	0	.5775821	.2322086	.1902093	0
582.15	0	.5775218	.2323021	.1901761	0
581.15	0	.5774618	.2323954	.1901429	0
580.15	0	.5774019	.2324884	.1901096	0
579.15	0	.5773423	.2325813	.1900764	0
578.15	0	.5772828	.2326739	.1900432	0
577.15	0	.5772235	.2327664	.1900101	0
576.15	0	.5771645	.2328586	.1899769	0
575.15	0	.5771056	.2329507	.1899438	0
574.15	0	.5770469	.2330425	.1899107	0
573.15	0	.5769884	.2331341	.1898776	0
572.15	0	.57693	.2332255	.1898445	0
571.15	0	.5768719	.2333167	.1898114	0
570.15	0	.576814	.2334077	.1897784	0
569.15	0	.5767562	.2334985	.1897453	0
568.15	0	.5766986	.233589	.1897123	0
567.15	0	.5766412	.2336794	.1896794	0
566.15	0	.576584	.2337696	.1896464	0
565.15	0	.576527	.2338595	.1896135	0
564.15	0	.5764702	.2339493	.1895805	0
563.15	0	.5764135	.2340388	.1895477	0
562.15	0	.576357	.2341282	.1895148	0
561.15	0	.5763007	.2342173	.189482	0
560.15	0	.5762446	.2343062	.1894491	0
559.15	0	.5761887	.234395	.1894164	0
558.15	0	.5761329	.2344835	.1893836	0
557.15	0	.5760773	.2345718	.1893509	0
556.15	0	.5760219	.2346599	.1893182	0
555.15	0	.5759667	.2347478	.1892855	0
554.15	0	.5759117	.2348355	.1892529	0
553.15	0	.5758568	.234923	.1892203	0
552.15	0	.5758021	.2350103	.1891877	0
551.15	0	.5757476	.2350973	.1891551	0
550.15	0	.5756932	.2351842	.1891226	0
549.15	0	.575639	.2352708	.1890901	0
548.15	0	.575585	.2353573	.1890577	0
547.15	0	.5755312	.2354435	.1890253	0
546.15	0	.5754776	.2355296	.1889929	0
545.15	0	.5754241	.2356154	.1889605	0
544.15	0	.5753708	.235701	.1889282	0
543.15	0	.5753176	.2357864	.1888959	0
542.15	0	.5752647	.2358716	.1888637	0
541.15	0	.5752119	.2359566	.1888315	0
540.15	0	.5751593	.2360414	.1887994	0
539.15	0	.5751068	.236126	.1887672	0
538.15	0	.5750545	.2362103	.1887351	0
537.15	0	.5750024	.2362945	.1887031	0
536.15	0	.5749505	.2363784	.1886711	0
535.15	0	.5748987	.2364622	.1886392	0
534.15	0	.5748471	.2365457	.1886072	0
533.15	0	.5747956	.236629	.1885754	0
532.15	0	.5747444	.2367121	.1885435	0
531.15	0	.5746933	.236795	.1885118	0
530.15	0	.5746423	.2368776	.18848	0
529.15	0	.5745916	.2369601	.1884483	0
528.15	0	.574541	.2370424	.1884167	0
527.15	0	.5744905	.2371244	.1883851	0
526.15	0	.5744403	.2372062	.1883535	0
525.15	0	.5743902	.2372878	.188322	0
524.15	0	.5743402	.2373692	.1882906	0
523.15	0	.5742905	.2374504	.1882591	0
522.15	0	.5742409	.2375313	.1882278	0
521.15	0	.5741914	.2376121	.1881965	0
520.15	0	.5741422	.2376926	.1881652	0
519.15	0	.5740932	.2377729	.1881339	0
518.15	0	.5740443	.237853	.1881027	0
517.15	0	.5739955	.2379329	.1880716	0
516.15	0	.5739469	.2380126	.1880406	0
515.15	0	.5738984	.238092	.1880096	0
514.15	0	.5738502	.2381712	.1879786	0
513.15	0	.573802	.2382502	.1879478	0
512.15	0	.5737541	.238329	.1879169	0
511.15	0	.5737063	.2384076	.1878861	0
510.15	0	.5736587	.2384859	.1878554	0
509.15	0	.5736112	.238564	.1878248	0
508.15	0	.5735639	.2386419	.1877942	0
507.15	0	.5735168	.2387196	.1877636	0
506.15	0	.5734698	.2387971	.1877331	0
505.15	0	.573423	.2388743	.1877027	0
504.15	0	.5733764	.2389513	.1876724	0
503.15	0	.5733299	.2390281	.187642	0
502.15	0	.5732836	.2391047	.1876118	0
501.15	0	.5732374	.239181	.1875816	0
500.15	0	.5731914	.2392571	.1875515	0
499.15	0	.5731456	.239333	.1875215	0
498.15	0	.5730999	.2394086	.1874915	0
497.15	0	.5730544	.2394841	.1874616	0
496.15	0	.573009	.2395593	.1874317	0
495.15	0	.5729639	.2396342	.1874019	0
494.15	0	.5729188	.239709	.1873722	0
493.15	0	.572874	.2397835	.1873425	0
492.15	0	.5728293	.2398578	.1873129	0
491.15	0	.5727847	.2399318	.1872834	0
490.15	0	.5727404	.2400057	.187254	0
489.15	0	.5726962	.2400793	.1872246	0
488.15	0	.5726521	.2401526	.1871953	0
487.15	0	.5726082	.2402258	.187166	0
486.15	0	.5725645	.2402987	.1871369	0
485.15	0	.5725209	.2403713	.1871078	0
484.15	0	.5724775	.2404437	.1870787	0
483.15	0	.5724343	.2405159	.1870498	0
482.15	0	.5723912	.2405879	.1870209	0
481.15	0	.5723483	.2406596	.1869921	0
480.15	0	.5723055	.2407311	.1869634	0
479.15	0	.5722629	.2408024	.1869347	0
478.15	0	.5722205	.2408734	.1869061	0
477.15	0	.5721782	.2409442	.1868776	0
476.15	0	.5721361	.2410147	.1868492	0
475.15	0	.5720941	.241085	.1868209	0
474.15	0	.5720523	.2411551	.1867926	0
473.15	0	.5720107	.2412249	.1867644	0
472.15	0	.5719692	.2412945	.1867363	0
471.15	0	.5719279	.2413638	.1867083	0
470.15	0	.5718867	.2414329	.1866803	0
469.15	0	.5718458	.2415018	.1866524	0
468.15	0	.5718049	.2415704	.1866247	0
467.15	0	.5717643	.2416388	.1865969	0
466.15	0	.5717237	.2417069	.1865693	0
465.15	0	.5716834	.2417748	.1865418	0
464.15	0	.5716432	.2418425	.1865143	0
463.15	0	.5716032	.2419099	.186487	0
462.15	0	.5715633	.241977	.1864597	0
461.15	0	.5715236	.242044	.1864324	0
460.15	0	.5714841	.2421106	.1864053	0
459.15	0	.5714447	.242177	.1863783	0
458.15	0	.5714054	.2422432	.1863514	0
457.15	0	.5713664	.2423091	.1863245	0
456.15	0	.5713275	.2423748	.1862977	0
455.15	0	.5712887	.2424403	.186271	0
454.15	0	.5712501	.2425054	.1862445	0
453.15	0	.5712117	.2425704	.1862179	0
452.15	0	.5711734	.242635	.1861915	0
451.15	0	.5711353	.2426995	.1861652	0
450.15	0	.5710974	.2427637	.186139	0
449.15	0	.5710596	.2428275	.1861128	0
448.15	0	.571022	.2428912	.1860868	0
447.15	0	.5709846	.2429545	.1860609	0
446.15	0	.5709474	.2430176	.186035	0
445.15	0	.5709103	.2430804	.1860093	0
444.15	0	.5708734	.243143	.1859837	0
443.15	0	.5708367	.2432052	.1859581	0
442.15	0	.5708001	.2432672	.1859327	0
441.15	0	.5707638	.2433289	.1859074	0
440.15	0	.5707276	.2433903	.1858821	0
439.15	0	.5706916	.2434514	.185857	0
438.15	0	.5706558	.2435122	.185832	0
437.15	0	.5706202	.2435727	.1858072	0
436.15	0	.5705848	.2436328	.1857824	0
435.15	0	.5705496	.2436927	.1857577	0
434.15	0	.5705145	.2437523	.1857332	0
433.15	0	.5704797	.2438115	.1857088	0
432.15	0	.5704451	.2438704	.1856845	0
431.15	0	.5704107	.243929	.1856603	0
430.15	0	.5703765	.2439873	.1856362	0
429.15	0	.5703425	.2440452	.1856123	0
428.15	0	.5703087	.2441028	.1855885	0
427.15	0	.5702751	.2441601	.1855648	0
426.15	0	.5702417	.2442171	.1855412	0
425.15	0	.5702085	.2442737	.1855178	0
424.15	0	.5701755	.24433	.1854945	0
423.15	0	.5701428	.2443859	.1854713	0
422.15	0	.5701102	.2444415	.1854483	0
421.15	0	.5700779	.2444968	.1854253	0
420.15	0	.5700458	.2445517	.1854025	0
419.15	0	.5700138	.2446063	.1853799	0
418.15	0	.5699821	.2446605	.1853573	0
417.15	0	.5699506	.2447144	.1853349	0
416.15	0	.5699193	.244768	.1853127	0
415.15	0	.5698883	.2448212	.1852905	0
414.15	0	.5698574	.2448741	.1852685	0
413.15	0	.5698267	.2449266	.1852466	0
412.15	0	.5697963	.2449788	.1852249	0
411.15	0	.5697661	.2450307	.1852033	0
410.15	0	.569736	.2450821	.1851818	0
409.15	0	.5697062	.2451333	.1851605	0
408.15	0	.5696766	.2451841	.1851393	0
407.15	0	.5696472	.2452346	.1851182	0
406.15	0	.569618	.2452847	.1850973	0
405.15	0	.569589	.2453345	.1850765	0
404.15	0	.5695602	.245384	.1850558	0
403.15	0	.5695316	.2454331	.1850353	0
402.15	0	.5695032	.2454819	.1850149	0
401.15	0	.5694751	.2455303	.1849946	0
400.15	0	.5694471	.2455784	.1849745	0
399.15	0	.5694193	.2456262	.1849545	0
398.15	0	.5693917	.2456736	.1849347	0
397.15	0	.5693644	.2457207	.184915	0
396.15	0	.5693372	.2457674	.1848954	0
395.15	0	.5693102	.2458139	.1848759	0
394.15	0	.5692834	.24586	.1848566	0
393.15	0	.5692568	.2459058	.1848374	0
392.15	0	.5692304	.2459512	.1848184	0
391.15	0	.5692042	.2459963	.1847995	0
390.15	0	.5691782	.2460411	.1847807	0
389.15	0	.5691523	.2460856	.184762	0
388.15	0	.5691267	.2461298	.1847435	0
387.15	0	.5691012	.2461736	.1847251	0
386.15	0	.569076	.2462171	.1847069	0
385.15	0	.5690509	.2462604	.1846888	0
384.15	0	.569026	.2463032	.1846708	0
383.15	0	.5690012	.2463458	.184653	0
382.15	0	.5689767	.2463881	.1846352	0
381.15	0	.5689523	.2464301	.1846176	0
380.15	0	.5689281	.2464717	.1846002	0
379.15	0	.5689041	.2465131	.1845829	0
378.15	0	.5688802	.2465541	.1845657	0
377.15	0	.5688565	.2465949	.1845486	0
376.15	0	.568833	.2466354	.1845317	0
