T	 BPW(LIQUID)	BPW(BCC_A2)	BPW(FCC_A1)	BPW(LAVES_PHASE_C14)	BPW(NI3TI)
1473.15	.2971011	.7028989	0	0	0
1472.15	.2942622	.7057378	0	0	0
1471.15	.2914427	.7085573	0	0	0
1470.15	.2886423	.7113577	0	0	0
1469.15	.2858611	.7141389	0	0	0
1468.15	.2830988	.7169012	0	0	0
1467.15	.2803552	.7196448	0	0	0
1466.15	.2776303	.7223698	0	0	0
1465.15	.2749237	.7250763	0	0	0
1464.15	.2722355	.7277645	0	0	0
1463.15	.2695654	.7304346	0	0	0
1462.15	.2669133	.7330867	0	0	0
1461.15	.264279	.735721	0	0	0
1460.15	.2616624	.7383376	0	0	0
1459.15	.2590633	.7409367	0	0	0
1458.15	.2564816	.7435184	0	0	0
1457.15	.2539172	.7460828	0	0	0
1456.15	.2513699	.7486301	0	0	0
1455.15	.2488396	.7511604	0	0	0
1454.15	.2463261	.753674	0	0	0
1453.15	.2438292	.7561708	0	0	0
1452.15	.2413489	.7586511	0	0	0
1451.15	.2388851	.7611149	0	0	0
1450.15	.2364375	.7635625	0	0	0
1449.15	.234006	.765994	0	0	0
1448.15	.2315906	.7684094	0	0	0
1447.15	.2291911	.7708089	0	0	0
1446.15	.2268073	.7731927	0	0	0
1445.15	.2244391	.7755609	0	0	0
1444.15	.2220864	.7779136	0	0	0
1443.15	.2197492	.7802509	0	0	0
1442.15	.2174271	.7825729	0	0	0
1441.15	.2151202	.7848798	0	0	0
1440.15	.2128283	.7871717	0	0	0
1439.15	.2105512	.7894488	0	0	0
1438.15	.208289	.791711	0	0	0
1437.15	.2060413	.7939587	0	0	0
1436.15	.2038082	.7961918	0	0	0
1435.15	.2015895	.7984105	0	0	0
1434.15	.1993851	.8006149	0	0	0
1433.15	.1971949	.8028051	0	0	0
1432.15	.1950187	.8049813	0	0	0
1431.15	.1928565	.8071435	0	0	0
1430.15	.1907081	.8092919	0	0	0
1429.15	.1885735	.8114265	0	0	0
1428.15	.1864525	.8135475	0	0	0
1427.15	.184345	.815655	0	0	0
1426.15	.1822509	.8177491	0	0	0
1425.15	.1801701	.8198299	0	0	0
1424.15	.1781025	.8218975	0	0	0
1423.15	.176048	.823952	0	0	0
1422.15	.1740065	.8259935	0	0	0
1421.15	.1719779	.8280221	0	0	0
1420.15	.169962	.830038	0	0	0
1419.15	.1679589	.8320411	0	0	0
1418.15	.1659683	.8340317	0	0	0
1417.15	.1639902	.8360098	0	0	0
1416.15	.1620246	.8379754	0	0	0
1415.15	.1600712	.8399288	0	0	0
1414.15	.15813	.84187	0	0	0
1413.15	.1562009	.8437991	0	0	0
1412.15	.1542838	.8457162	0	0	0
1411.15	.1523787	.8476214	0	0	0
1410.15	.1504853	.8495147	0	0	0
1409.15	.1486037	.8513963	0	0	0
1408.15	.1467338	.8532662	0	0	0
1407.15	.1448754	.8551246	0	0	0
1406.15	.1430284	.8569716	0	0	0
1405.15	.1411929	.8588071	0	0	0
1404.15	.1393686	.8606314	0	0	0
1403.15	.1375556	.8624444	0	0	0
1402.15	.1357537	.8642463	0	0	0
1401.15	.1339628	.8660372	0	0	0
1400.15	.1321829	.8678172	0	0	0
1399.15	.1304138	.8695862	0	0	0
1398.15	.1286555	.8713445	0	0	0
1397.15	.126908	.8730921	0	0	0
1396.15	.125171	.874829	0	0	0
1395.15	.1234446	.8765554	0	0	0
1394.15	.1217287	.8782713	0	0	0
1393.15	.1200232	.8799768	0	0	0
1392.15	.118328	.881672	0	0	0
1391.15	.116643	.883357	0	0	0
1390.15	.1149682	.8850318	0	0	0
1389.15	.1133035	.8866965	0	0	0
1388.15	.1116488	.8883513	0	0	0
1387.15	.110004	.889996	0	0	0
1386.15	.1083691	.8916309	0	0	0
1385.15	.106744	.893256	0	0	0
1384.15	.1051286	.8948714	0	0	0
1383.15	.1035228	.8964772	0	0	0
1382.15	.1019267	.8980733	0	0	0
1381.15	.10034	.89966	0	0	0
1380.15	.09876279	.9012372	0	0	0
1379.15	.09719495	.9028051	0	0	0
1378.15	.09563642	.9043636	0	0	0
1377.15	.09408712	.9059129	0	0	0
1376.15	.092547	.907453	0	0	0
1375.15	.09101599	.908984	0	0	0
1374.15	.08949402	.910506	0	0	0
1373.15	.08798103	.912019	0	0	0
1372.15	.08647695	.9135231	0	0	0
1371.15	.08498172	.9150183	0	0	0
1370.15	.08349528	.9165047	0	0	0
1369.15	.08201756	.9179824	0	0	0
1368.15	.08054851	.9194515	0	0	0
1367.15	.07908807	.9209119	0	0	0
1366.15	.07763616	.9223638	0	0	0
1365.15	.07619275	.9238072	0	0	0
1364.15	.07475776	.9252423	0	0	0
1363.15	.07333113	.9266689	0	0	0
1362.15	.07191281	.9280872	0	0	0
1361.15	.07050275	.9294973	0	0	0
1360.15	.06910088	.9308991	0	0	0
1359.15	.06770715	.9322929	0	0	0
1358.15	.0663215	.9336785	0	0	0
1357.15	.06494388	.9350561	0	0	0
1356.15	.06357423	.9364258	0	0	0
1355.15	.0622125	.9377875	0	0	0
1354.15	.06085864	.9391414	0	0	0
1353.15	.05951259	.9404874	0	0	0
1352.15	.0581743	.9418257	0	0	0
1351.15	.05684372	.9431563	0	0	0
1350.15	.05552079	.9444792	0	0	0
1349.15	.05420547	.9457945	0	0	0
1348.15	.05289771	.9471023	0	0	0
1347.15	.05159745	.9484025	0	0	0
1346.15	.05030464	.9496954	0	0	0
1345.15	.04901924	.9509808	0	0	0
1344.15	.04774121	.9522588	0	0	0
1343.15	.04647048	.9535295	0	0	0
1342.15	.04520701	.954793	0	0	0
1341.15	.04395076	.9560492	0	0	0
1340.15	.04270167	.9572983	0	0	0
1339.15	.04145971	.9585403	0	0	0
1338.15	.04022482	.9597752	0	0	0
1337.15	.03899697	.961003	0	0	0
1336.15	.0377761	.9622239	0	0	0
1335.15	.03656218	.9634378	0	0	0
1334.15	.03535515	.9646448	0	0	0
1333.15	.03415497	.965845	0	0	0
1332.15	.03296161	.9670384	0	0	0
1331.15	.03177502	.968225	0	0	0
1330.15	.03059515	.9694048	0	0	0
1329.15	.02942196	.970578	0	0	0
1328.15	.02825542	.9717446	0	0	0
1327.15	.02709548	.9729045	0	0	0
1326.15	.0259421	.9740579	0	0	0
1325.15	.02479524	.9752048	0	0	0
1324.15	.02365486	.9763451	0	0	0
1323.15	.02252093	.9774791	0	0	0
1322.15	.02139339	.9786066	0	0	0
1321.15	.02027222	.9797278	0	0	0
1320.15	.01915737	.9808426	0	0	0
1319.15	.01804881	.9819512	0	0	0
1318.15	.0169465	.9830535	0	0	0
1317.15	.01585041	.9841496	0	0	0
1316.15	.01476048	.9852395	0	0	0
1315.15	.0136767	.9863233	0	0	0
1314.15	.01259902	.987401	0	0	0
1313.15	.01152741	.9884726	0	0	0
1313.054	.01142475	.9885753	0	0	0
1313.054	.01142475	.9885753	0	0	0
1313.054	.01142475	.9885753	0	0	0
1312.15	.01001769	.9892017	0	7.805754E-04	0
1311.15	.008470443	.9898883	0	.001641289	0
1310.15	.006932944	.990568	0	.002499045	0
1309.15	.005405072	.9912411	0	.003353877	0
1308.15	.00388671	.9919075	0	.004205818	0
1307.15	.002377738	.9925674	0	.005054901	0
1306.15	8.780418E-04	.9932208	0	.005901157	0
1305.562	0	.9936023	0	.006397734	0
1305.562	0	.9936023	0	.006397734	0
1305.15	0	.9933308	0	.006669218	0
1304.15	0	.9926723	0	.007327714	0
1303.15	0	.9920152	0	.007984813	0
1302.15	0	.9913595	0	.00864052	0
1301.15	0	.9907052	0	.00929484	0
1300.15	0	.9900522	0	.009947775	0
1299.15	0	.9894007	0	.01059933	0
1298.15	0	.9887505	0	.01124951	0
1297.15	0	.9881017	0	.01189832	0
1296.15	0	.9874542	0	.01254576	0
1295.15	0	.9868082	0	.01319184	0
1294.15	0	.9861634	0	.01383656	0
1293.15	0	.9855201	0	.01447992	0
1292.15	0	.9848781	0	.01512193	0
1291.15	0	.9842374	0	.01576259	0
1290.15	0	.9835981	0	.01640191	0
1289.15	0	.9829601	0	.01703989	0
1288.15	0	.9823235	0	.01767654	0
1287.15	0	.9816882	0	.01831185	0
1286.15	0	.9810542	0	.01894583	0
1285.15	0	.9804215	0	.01957849	0
1284.15	0	.9797902	0	.02020983	0
1283.15	0	.9791601	0	.02083986	0
1282.15	0	.9785314	0	.02146857	0
1281.15	0	.977904	0	.02209597	0
1280.15	0	.9772779	0	.02272207	0
1279.15	0	.9766531	0	.02334686	0
1278.15	0	.9760296	0	.02397036	0
1277.15	0	.9754074	0	.02459256	0
1276.15	0	.9747865	0	.02521348	0
1275.15	0	.9741669	0	.0258331	0
1274.15	0	.9735485	0	.02645145	0
1273.15	0	.9729315	0	.02706851	0
1272.15	0	.9723157	0	.0276843	0
1271.15	0	.9717012	0	.02829882	0
1270.15	0	.9710879	0	.02891207	0
1269.15	0	.9704759	0	.02952405	0
1268.15	0	.9698652	0	.03013477	0
1267.15	0	.9692558	0	.03074424	0
1266.15	0	.9686476	0	.03135245	0
1265.15	0	.9680406	0	.03195941	0
1264.15	0	.9674349	0	.03256512	0
1263.15	0	.9668304	0	.03316959	0
1262.15	0	.9662272	0	.03377282	0
1261.15	0	.9656252	0	.03437481	0
1260.15	0	.9650244	0	.03497557	0
1259.15	0	.9644249	0	.03557511	0
1258.15	0	.9638266	0	.03617341	0
1257.15	0	.9632295	0	.03677049	0
1256.15	0	.9626337	0	.03736635	0
1255.15	0	.962039	0	.037961	0
1254.15	0	.9614456	0	.03855443	0
1253.15	0	.9608534	0	.03914665	0
1252.15	0	.9602623	0	.03973767	0
1251.15	0	.9596725	0	.04032749	0
1250.15	0	.9590839	0	.0409161	0
1249.15	0	.9584965	0	.04150352	0
1248.15	0	.9579102	0	.04208975	0
1247.15	0	.9573252	0	.04267478	0
1246.15	0	.9567414	0	.04325863	0
1245.15	0	.9561587	0	.0438413	0
1244.15	0	.9555772	0	.04442279	0
1243.15	0	.9549969	0	.0450031	0
1242.15	0	.9544178	0	.04558224	0
1241.15	0	.9538398	0	.0461602	0
1240.15	0	.953263	0	.046737	0
1239.15	0	.9526874	0	.04731264	0
1238.15	0	.9521129	0	.04788711	0
1237.15	0	.9515396	0	.04846043	0
1236.15	0	.9509674	0	.04903259	0
1235.15	0	.9503964	0	.0496036	0
1234.15	0	.9498265	0	.05017347	0
1233.15	0	.9492578	0	.05074218	0
1232.15	0	.9486902	0	.05130976	0
1231.15	0	.9481238	0	.05187619	0
1230.15	0	.9475585	0	.05244149	0
1229.15	0	.9469943	0	.05300566	0
1228.15	0	.9464313	0	.05356869	0
1227.15	0	.9458694	0	.0541306	0
1226.15	0	.9453086	0	.05469139	0
1225.15	0	.944749	0	.05525105	0
1224.15	0	.9441904	0	.05580959	0
1224.09	0	.9441567	0	.05584335	0
1224.09	0	.9441567	0	.05584335	0
1224.09	0	.9441567	0	.05584335	0
1223.15	0	.9428465	8.213432E-04	.05633219	0
1222.15	0	.9414556	.001693146	.05685124	0
1221.15	0	.9400686	.002562449	.05736897	0
1220.15	0	.9386854	.003429258	.05788539	0
1219.15	0	.9373059	.004293577	.05840051	0
1218.15	0	.9359303	.005155412	.05891433	0
1217.15	0	.9345584	.006014767	.05942686	0
1216.15	0	.9331903	.006871648	.05993809	0
1215.15	0	.9318259	.007726059	.06044804	0
1214.15	0	.9304653	.008578006	.0609567	0
1213.15	0	.9291084	.009427493	.06146409	0
1212.15	0	.9277553	.01027453	.0619702	0
1211.15	0	.9264059	.01111911	.06247504	0
1210.15	0	.9250601	.01196125	.06297862	0
1209.15	0	.9237181	.01280094	.06348093	0
1208.15	0	.9223798	.0136382	.06398199	0
1207.15	0	.9210452	.01447303	.06448179	0
1206.15	0	.9197142	.01530543	.06498035	0
1205.15	0	.9183869	.01613542	.06547766	0
1204.15	0	.9170633	.01696298	.06597373	0
1203.15	0	.9157433	.01778813	.06646857	0
1202.15	0	.914427	.01861087	.06696217	0
1201.15	0	.9131143	.01943121	.06745454	0
1200.15	0	.9118052	.02024915	.06794569	0
1199.15	0	.9104997	.0210647	.06843562	0
1198.15	0	.9091978	.02187785	.06892433	0
1197.15	0	.9078996	.02268862	.06941182	0
1196.15	0	.9066049	.02349701	.06989811	0
1195.15	0	.9053138	.02430302	.07038319	0
1194.15	0	.9040263	.02510665	.07086708	0
1193.15	0	.9027423	.02590792	.07134976	0
1192.15	0	.9014619	.02670683	.07183125	0
1191.15	0	.9001851	.02750337	.07231155	0
1190.15	0	.8989118	.02829756	.07279067	0
1189.15	0	.897642	.02908939	.0732686	0
1188.15	0	.8963758	.02987888	.07374535	0
1187.15	0	.895113	.03066602	.07422093	0
1186.15	0	.8938538	.03145082	.07469534	0
1185.15	0	.8925981	.03223329	.07516857	0
1184.15	0	.8913459	.03301343	.07564065	0
1183.15	0	.8900972	.03379124	.07611156	0
1182.15	0	.888852	.03456672	.07658132	0
1181.15	0	.8876102	.03533989	.07704992	0
1180.15	0	.8863719	.03611074	.07751738	0
1179.15	0	.885137	.03687927	.07798368	0
1178.15	0	.8839056	.0376455	.07844885	0
1177.15	0	.8826777	.03840943	.07891287	0
1176.15	0	.8814532	.03917105	.07937576	0
1175.15	0	.8802321	.03993038	.07983752	0
1174.15	0	.8790144	.04068741	.08029815	0
1173.15	0	.8778002	.04144216	.08075765	0
1172.15	0	.8765894	.04219462	.08121603	0
1171.15	0	.8753819	.04294479	.08167329	0
1170.15	0	.8741779	.04369269	.08212943	0
1169.15	0	.8729772	.04443832	.08258446	0
1168.15	0	.8717799	.04518167	.08303839	0
1167.15	0	.870586	.04592276	.0834912	0
1166.15	0	.8693955	.04666158	.08394292	0
1165.15	0	.8682083	.04739814	.08439353	0
1164.15	0	.8670245	.04813244	.08484305	0
1163.15	0	.865844	.04886449	.08529148	0
1162.15	0	.8646669	.04959429	.08573882	0
1161.15	0	.8634931	.05032185	.08618507	0
1160.15	0	.8623226	.05104716	.08663023	0
1159.15	0	.8611555	.05177023	.08707432	0
1158.15	0	.8599916	.05249106	.08751732	0
1157.15	0	.8588311	.05320966	.08795926	0
1156.15	0	.8576738	.05392603	.08840012	0
1155.15	0	.8565199	.05464018	.08883992	0
1154.15	0	.8553692	.05535213	.08927867	0
1153.15	0	.8542218	.05606183	.08971633	0
1152.15	0	.8530777	.05676931	.09015294	0
1151.15	0	.8519369	.05747458	.0905885	0
1150.15	0	.8507994	.05817764	.09102299	0
1149.15	0	.8496651	.0588785	.09145644	0
1148.15	0	.848534	.05957715	.09188884	0
1147.15	0	.8474062	.0602736	.0923202	0
1146.15	0	.8462816	.06096785	.09275051	0
1145.15	0	.8451603	.0616599	.09317979	0
1144.15	0	.8440422	.06234977	.09360803	0
1143.15	0	.8429273	.06303744	.09403524	0
1142.15	0	.8418157	.06372293	.09446141	0
1141.15	0	.8407072	.06440624	.09488656	0
1140.15	0	.8396019	.06508737	.09531069	0
1139.15	0	.8384999	.06576632	.09573379	0
1138.15	0	.837401	.0664431	.09615587	0
1137.15	0	.8363054	.06711771	.09657693	0
1136.15	0	.8352129	.06779015	.09699699	0
1135.15	0	.8341236	.06846042	.09741602	0
1134.15	0	.8330374	.06912854	.09783406	0
1133.15	0	.8319544	.06979449	.09825108	0
1132.15	0	.8308746	.07045829	.0986671	0
1131.15	0	.829798	.07111993	.09908212	0
1130.15	0	.8287244	.07177942	.09949614	0
1129.15	0	.8276541	.07243677	.09990917	0
1128.15	0	.8265868	.07309197	.1003212	0
1127.15	0	.8255227	.07374503	.1007322	0
1126.15	0	.8244618	.07439594	.1011423	0
1125.15	0	.8234039	.07504473	.1015514	0
1124.15	0	.8223492	.07569137	.1019594	0
1123.15	0	.8212976	.07633589	.1023665	0
1122.15	0	.8202491	.07697827	.1027727	0
1121.15	0	.8192037	.07761853	.1031778	0
1120.15	0	.8181614	.07825667	.103582	0
1119.15	0	.8171221	.07889268	.1039852	0
1118.15	0	.816086	.07952658	.1043874	0
1117.15	0	.815053	.08015836	.1047887	0
1116.15	0	.814023	.08078803	.105189	0
1115.15	0	.8129961	.08141558	.1055883	0
1114.15	0	.8119723	.08204103	.1059867	0
1113.15	0	.8109515	.08266438	.1063841	0
1112.15	0	.8099338	.08328562	.1067806	0
1111.15	0	.8089192	.08390476	.1071761	0
1110.15	0	.8079076	.0845218	.1075706	0
1109.15	0	.806899	.08513674	.1079643	0
1108.15	0	.8058935	.0857496	.1083569	0
1107.15	0	.804891	.08636036	.1087486	0
1106.15	0	.8038916	.08696903	.1091394	0
1105.15	0	.8028951	.08757562	.1095293	0
1104.15	0	.8019017	.08818012	.1099181	0
1103.15	0	.8009114	.08878255	.1103061	0
1102.15	0	.799924	.0893829	.1106931	0
1101.15	0	.7989396	.08998116	.1110792	0
1100.15	0	.7979583	.09057736	.1114644	0
1099.15	0	.7969799	.09117148	.1118486	0
1098.15	0	.7960046	.09176354	.1122319	0
1097.15	0	.7950322	.09235353	.1126143	0
1096.15	0	.7940628	.09294145	.1129957	0
1095.15	0	.7930964	.09352732	.1133763	0
1094.15	0	.792133	.09411112	.1137559	0
1093.15	0	.7911725	.09469287	.1141346	0
1092.15	0	.7902151	.09527256	.1145124	0
1091.15	0	.7892606	.0958502	.1148893	0
1090.15	0	.788309	.09642579	.1152652	0
1089.15	0	.7873604	.09699933	.1156402	0
1088.15	0	.7864148	.09757082	.1160144	0
1087.15	0	.7854721	.09814027	.1163876	0
1086.15	0	.7845324	.09870769	.11676	0
1085.15	0	.7835956	.09927306	.1171314	0
1084.15	0	.7826617	.09983639	.1175019	0
1083.15	0	.7817308	.1003977	.1178715	0
1082.15	0	.7808028	.100957	.1182402	0
1081.15	0	.7798777	.1015142	.1186081	0
1080.15	0	.7789556	.1020694	.118975	0
1079.15	0	.7780364	.1026226	.119341	0
1078.15	0	.77712	.1031738	.1197062	0
1077.15	0	.7762066	.1037229	.1200704	0
1076.15	0	.7752961	.1042701	.1204338	0
1075.15	0	.7743886	.1048152	.1207963	0
1074.15	0	.7734839	.1053583	.1211579	0
1073.15	0	.7725821	.1058994	.1215186	0
1072.15	0	.7716832	.1064384	.1218784	0
1071.15	0	.7707871	.1069755	.1222373	0
1070.15	0	.769894	.1075106	.1225954	0
1069.15	0	.7690038	.1080437	.1229526	0
1068.15	0	.7681164	.1085747	.1233089	0
1067.15	0	.7672319	.1091038	.1236643	0
1066.15	0	.7663503	.1096309	.1240189	0
1065.15	0	.7654715	.110156	.1243726	0
1064.15	0	.7645956	.110679	.1247254	0
1063.15	0	.7637226	.1112002	.1250773	0
1062.15	0	.7628524	.1117193	.1254284	0
1061.15	0	.7619851	.1122364	.1257785	0
1060.15	0	.7611206	.1127516	.1261279	0
1059.15	0	.7602589	.1132647	.1264763	0
1058.15	0	.7594001	.113776	.1268239	0
1057.15	0	.7585442	.1142852	.1271707	0
1056.15	0	.757691	.1147924	.1275165	0
1055.15	0	.7568408	.1152977	.1278615	0
1054.15	0	.7559933	.1158011	.1282057	0
1053.15	0	.7551486	.1163024	.1285489	0
1052.15	0	.7543068	.1168018	.1288914	0
1051.15	0	.7534678	.1172993	.1292329	0
1050.15	0	.7526316	.1177948	.1295736	0
1049.15	0	.7517982	.1182883	.1299135	0
1048.15	0	.7509677	.1187799	.1302525	0
1047.15	0	.7501399	.1192695	.1305906	0
1046.15	0	.7493149	.1197572	.1309279	0
1045.15	0	.7484927	.120243	.1312643	0
1044.15	0	.7476733	.1207268	.1315999	0
1043.15	0	.7468567	.1212086	.1319346	0
1042.15	0	.7460429	.1216886	.1322685	0
1041.15	0	.7452319	.1221666	.1326015	0
1040.15	0	.7444236	.1226427	.1329337	0
1039.15	0	.7436182	.1231168	.133265	0
1038.15	0	.7428155	.123589	.1335955	0
1037.15	0	.7420155	.1240593	.1339251	0
1036.15	0	.7412184	.1245277	.1342539	0
1035.15	0	.740424	.1249942	.1345819	0
1034.15	0	.7396323	.1254588	.1349089	0
1033.15	0	.7388434	.1259214	.1352352	0
1032.15	0	.7380572	.1263822	.1355606	0
1031.15	0	.7372738	.126841	.1358851	0
1030.15	0	.7364932	.127298	.1362088	0
1029.15	0	.7357153	.127753	.1365317	0
1028.15	0	.7349401	.1282062	.1368537	0
1027.15	0	.7341676	.1286575	.1371749	0
1026.15	0	.7333979	.1291068	.1374953	0
1025.15	0	.7326309	.1295544	.1378147	0
1024.15	0	.7318666	.13	.1381334	0
1023.15	0	.7311051	.1304437	.1384512	0
1022.15	0	.7303462	.1308856	.1387682	0
1021.15	0	.7295901	.1313256	.1390843	0
1020.15	0	.7288367	.1317637	.1393996	0
1019.15	0	.728086	.1322	.139714	0
1018.15	0	.7273379	.1326344	.1400276	0
1017.15	0	.7265926	.133067	.1403404	0
1016.15	0	.72585	.1334977	.1406523	0
1015.15	0	.72511	.1339266	.1409634	0
1014.15	0	.7243727	.1343536	.1412736	0
1013.15	0	.7236382	.1347788	.141583	0
1012.15	0	.7229062	.1352022	.1418916	0
1011.15	0	.722177	.1356237	.1421993	0
1010.15	0	.7214504	.1360434	.1425062	0
1009.15	0	.7207265	.1364613	.1428122	0
1008.15	0	.7200053	.1368773	.1431174	0
1007.15	0	.7192867	.1372916	.1434217	0
1006.15	0	.7185707	.137704	.1437252	0
1005.15	0	.7178574	.1381147	.1440279	0
1004.15	0	.7171468	.1385235	.1443297	0
1003.15	0	.7164388	.1389305	.1446307	0
1002.15	0	.7157334	.1393358	.1449308	0
1001.15	0	.7150306	.1397393	.1452301	0
1000.15	0	.7143305	.140141	.1455286	0
999.15	0	.713633	.1405409	.1458262	0
998.15	0	.7129381	.140939	.1461229	0
997.15	0	.7122458	.1413354	.1464188	0
996.15	0	.7115561	.14173	.1467139	0
995.15	0	.710869	.1421229	.1470081	0
994.15	0	.7101845	.142514	.1473015	0
993.15	0	.7095026	.1429034	.147594	0
992.15	0	.7088233	.143291	.1478856	0
991.15	0	.7081466	.143677	.1481764	0
990.15	0	.7074724	.1440611	.1484664	0
989.15	0	.7068009	.1444436	.1487555	0
988.15	0	.7061318	.1448244	.1490438	0
987.15	0	.7054654	.1452034	.1493312	0
986.15	0	.7048015	.1455808	.1496177	0
985.15	0	.7041401	.1459565	.1499034	0
984.15	0	.7034813	.1463304	.1501883	0
983.15	0	.702825	.1467027	.1504722	0
982.15	0	.7021713	.1470734	.1507553	0
981.15	0	.7015201	.1474423	.1510376	0
980.15	0	.7008714	.1478096	.151319	0
979.15	0	.7002252	.1481753	.1515995	0
978.15	0	.6995815	.1485393	.1518792	0
977.15	0	.6989403	.1489017	.152158	0
976.15	0	.6983016	.1492625	.1524359	0
975.15	0	.6976654	.1496216	.152713	0
974.15	0	.6970317	.1499791	.1529892	0
973.15	0	.6964005	.150335	.1532645	0
972.15	0	.6957717	.1506894	.1535389	0
971.15	0	.6951454	.1510421	.1538125	0
970.15	0	.6945215	.1513933	.1540852	0
969.15	0	.6939001	.1517429	.154357	0
968.15	0	.6932811	.1520909	.1546279	0
967.15	0	.6926646	.1524374	.154898	0
966.15	0	.6920505	.1527824	.1551672	0
965.15	0	.6914388	.1531258	.1554355	0
964.15	0	.6908295	.1534677	.1557029	0
963.15	0	.6902226	.1538081	.1559694	0
962.15	0	.6896181	.154147	.156235	0
961.15	0	.6890159	.1544844	.1564997	0
960.15	0	.6884162	.1548203	.1567635	0
959.15	0	.6878188	.1551548	.1570264	0
958.15	0	.6872238	.1554878	.1572885	0
957.15	0	.6866311	.1558193	.1575496	0
956.15	0	.6860408	.1561494	.1578098	0
955.15	0	.6854528	.1564781	.1580691	0
954.15	0	.6848671	.1568054	.1583275	0
953.15	0	.6842837	.1571313	.158585	0
952.15	0	.6837026	.1574558	.1588416	0
951.15	0	.6831238	.157779	.1590972	0
950.15	0	.6825473	.1581007	.1593519	0
949.15	0	.6819731	.1584212	.1596057	0
948.15	0	.6814011	.1587403	.1598586	0
947.15	0	.6808314	.159058	.1601106	0
946.15	0	.6802639	.1593745	.1603616	0
945.15	0	.6796986	.1596897	.1606117	0
944.15	0	.6791356	.1600036	.1608608	0
943.15	0	.6785748	.1603162	.161109	0
942.15	0	.6780161	.1606276	.1613563	0
941.15	0	.6774596	.1609378	.1616026	0
940.15	0	.6769053	.1612468	.1618479	0
939.15	0	.6763532	.1615545	.1620923	0
938.15	0	.6758032	.1618611	.1623358	0
937.15	0	.6752553	.1621665	.1625782	0
936.15	0	.6747095	.1624707	.1628197	0
935.15	0	.6741659	.1627738	.1630603	0
934.15	0	.6736243	.1630759	.1632998	0
933.15	0	.6730848	.1633768	.1635384	0
932.15	0	.6725474	.1636766	.163776	0
931.15	0	.672012	.1639753	.1640127	0
930.15	0	.6714786	.1642731	.1642483	0
929.15	0	.6709473	.1645698	.1644829	0
928.15	0	.6704179	.1648655	.1647166	0
927.15	0	.6698906	.1651602	.1649492	0
926.15	0	.6693652	.165454	.1651808	0
925.15	0	.6688418	.1657468	.1654114	0
924.15	0	.6683203	.1660387	.165641	0
923.15	0	.6678007	.1663297	.1658696	0
922.15	0	.667283	.1666199	.1660972	0
921.15	0	.6667672	.1669091	.1663237	0
920.15	0	.6662532	.1671976	.1665492	0
919.15	0	.6657412	.1674852	.1667736	0
918.15	0	.6652309	.1677721	.166997	0
917.15	0	.6647225	.1680582	.1672194	0
916.15	0	.6642158	.1683436	.1674406	0
915.15	0	.6637109	.1686282	.1676609	0
914.15	0	.6632078	.1689122	.16788	0
913.15	0	.6627064	.1691955	.1680981	0
912.15	0	.6622067	.1694782	.1683151	0
911.15	0	.6617087	.1697603	.168531	0
910.15	0	.6612123	.1700418	.1687459	0
909.15	0	.6607176	.1703228	.1689596	0
908.15	0	.6602245	.1706032	.1691722	0
907.15	0	.6597331	.1708832	.1693837	0
906.15	0	.6592432	.1711627	.1695941	0
905.15	0	.6587548	.1714418	.1698034	0
904.15	0	.658268	.1717205	.1700116	0
903.15	0	.6577827	.1719988	.1702186	0
902.15	0	.6572988	.1722767	.1704244	0
901.15	0	.6568164	.1725544	.1706291	0
900.15	0	.6563355	.1728318	.1708327	0
899.15	0	.6558559	.173109	.1710351	0
898.15	0	.6553777	.173386	.1712363	0
897.15	0	.6549009	.1736628	.1714363	0
896.15	0	.6544254	.1739395	.1716352	0
895.15	0	.6539511	.1742161	.1718328	0
894.15	0	.6534782	.1744926	.1720292	0
893.15	0	.6530064	.1747691	.1722245	0
892.15	0	.6525359	.1750457	.1724185	0
891.15	0	.6520665	.1753223	.1726112	0
890.15	0	.6515983	.175599	.1728028	0
889.15	0	.6511311	.1758759	.172993	0
888.15	0	.650665	.1761529	.1731821	0
887.15	0	.6502	.1764302	.1733698	0
886.15	0	.649736	.1767077	.1735563	0
885.15	0	.6492729	.1769856	.1737414	0
884.15	0	.6488108	.1772639	.1739253	0
883.15	0	.6483496	.1775425	.1741079	0
882.15	0	.6478892	.1778216	.1742892	0
881.15	0	.6474297	.1781012	.1744691	0
880.15	0	.646971	.1783814	.1746477	0
879.15	0	.6465129	.1786621	.1748249	0
878.15	0	.6460557	.1789436	.1750008	0
877.15	0	.645599	.1792257	.1751753	0
876.15	0	.645143	.1795086	.1753484	0
875.15	0	.6446876	.1797923	.1755201	0
874.15	0	.6442327	.1800769	.1756904	0
873.15	0	.6437783	.1803624	.1758593	0
872.15	0	.6433244	.1806489	.1760267	0
871.15	0	.6428709	.1809364	.1761927	0
870.15	0	.6424177	.1812251	.1763572	0
869.15	0	.6419648	.1815149	.1765203	0
868.15	0	.6415122	.181806	.1766818	0
867.15	0	.6410598	.1820983	.1768418	0
866.15	0	.6406076	.1823921	.1770003	0
865.15	0	.6401555	.1826872	.1771573	0
864.15	0	.6397034	.1829839	.1773127	0
863.15	0	.6392513	.1832821	.1774666	0
862.15	0	.6387992	.183582	.1776188	0
861.15	0	.6383469	.1838836	.1777694	0
860.15	0	.6378945	.1841871	.1779185	0
859.15	0	.6374418	.1844923	.1780658	0
858.15	0	.6369889	.1847996	.1782115	0
857.15	0	.6365356	.1851089	.1783556	0
856.15	0	.6360818	.1854203	.1784979	0
855.15	0	.6356276	.1857339	.1786385	0
854.15	0	.6351728	.1860499	.1787774	0
853.15	0	.6347174	.1863682	.1789145	0
852.15	0	.6342612	.186689	.1790498	0
851.15	0	.6338043	.1870124	.1791833	0
850.15	0	.6333466	.1873385	.1793149	0
849.15	0	.6328879	.1876674	.1794447	0
848.15	0	.6324282	.1879992	.1795727	0
847.15	0	.6319674	.188334	.1796987	0
846.15	0	.6315054	.1886719	.1798227	0
845.15	0	.6310421	.189013	.1799448	0
844.15	0	.6305775	.1893575	.1800649	0
843.15	0	.6301115	.1897055	.180183	0
842.15	0	.6296439	.1900571	.180299	0
841.15	0	.6291746	.1904125	.180413	0
840.15	0	.6287036	.1907717	.1805248	0
839.15	0	.6282307	.1911349	.1806344	0
838.15	0	.6277558	.1915023	.1807419	0
837.15	0	.6272789	.1918741	.1808471	0
836.15	0	.6267997	.1922503	.18095	0
835.15	0	.6263182	.1926311	.1810507	0
834.15	0	.6258343	.1930168	.1811489	0
833.15	0	.6253477	.1934075	.1812448	0
832.15	0	.6248584	.1938033	.1813382	0
831.15	0	.6243663	.1942046	.1814292	0
830.15	0	.6238711	.1946114	.1815176	0
829.15	0	.6233727	.195024	.1816034	0
828.15	0	.622871	.1954426	.1816865	0
827.15	0	.6223657	.1958674	.1817669	0
826.15	0	.6218567	.1962988	.1818446	0
825.15	0	.6213438	.1967368	.1819194	0
824.15	0	.6208268	.1971819	.1819913	0
823.15	0	.6203055	.1976343	.1820602	0
822.15	0	.6197797	.1980942	.1821261	0
821.15	0	.6192491	.1985621	.1821888	0
820.15	0	.6187135	.1990382	.1822484	0
819.15	0	.6181726	.1995228	.1823046	0
818.15	0	.6176262	.2000164	.1823574	0
817.15	0	.6170739	.2005193	.1824068	0
816.15	0	.6165155	.201032	.1824525	0
815.15	0	.6159506	.2015549	.1824945	0
814.15	0	.6153789	.2020884	.1825327	0
813.15	0	.6147999	.2026331	.182567	0
812.15	0	.6142134	.2031895	.1825971	0
811.15	0	.6136188	.2037582	.182623	0
810.15	0	.6130158	.2043397	.1826445	0
809.15	0	.6124037	.2049349	.1826614	0
808.15	0	.6117821	.2055443	.1826736	0
807.15	0	.6111504	.2061688	.1826809	0
806.15	0	.6105079	.2068092	.1826829	0
805.15	0	.609854	.2074664	.1826796	0
804.15	0	.6091879	.2081415	.1826706	0
803.15	0	.6085088	.2088355	.1826557	0
802.15	0	.6078157	.2095497	.1826346	0
801.15	0	.6071078	.2102853	.1826069	0
800.15	0	.6063839	.2110438	.1825723	0
799.15	0	.6056427	.211827	.1825303	0
798.15	0	.6048829	.2126365	.1824806	0
797.15	0	.604103	.2134744	.1824225	0
796.15	0	.6033013	.2143432	.1823556	0
795.15	0	.6024756	.2152452	.1822791	0
794.15	0	.601624	.2161837	.1821924	0
793.15	0	.6005379	.2174237	.1820384	0
792.15	0	.5988073	.2194901	.1817026	0
791.15	0	.5972106	.2213928	.1813966	0
790.15	0	.5957308	.2231541	.1811151	0
789.15	0	.5943489	.2247951	.180856	0
788.15	0	.593055	.2263293	.1806157	0
787.15	0	.591839	.2277691	.1803919	0
786.15	0	.5906927	.2291246	.1801827	0
785.15	0	.5896091	.2304044	.1799865	0
784.15	0	.5885822	.2316158	.179802	0
783.15	0	.587607	.2327651	.1796279	0
782.15	0	.586679	.2338577	.1794633	0
781.15	0	.5857944	.2348983	.1793074	0
780.15	0	.5849496	.2358911	.1791593	0
779.15	0	.5841418	.2368399	.1790184	0
778.15	0	.5833681	.2377478	.1788842	0
777.15	0	.5826262	.2386178	.178756	0
776.15	0	.581914	.2394525	.1786335	0
775.15	0	.5812295	.2402544	.1785161	0
774.15	0	.5805709	.2410254	.1784037	0
773.15	0	.5799366	.2417677	.1782957	0
772.15	0	.5793252	.2424829	.1781919	0
771.15	0	.5787354	.2431726	.178092	0
770.15	0	.5781658	.2438384	.1779958	0
769.15	0	.5776154	.2444816	.177903	0
768.15	0	.5770832	.2451034	.1778134	0
767.15	0	.5765681	.245705	.1777269	0
766.15	0	.5760693	.2462875	.1776431	0
765.15	0	.575586	.2468519	.1775621	0
764.15	0	.5751174	.2473991	.1774835	0
763.15	0	.5746627	.2479299	.1774073	0
762.15	0	.5742214	.2484452	.1773334	0
761.15	0	.5737928	.2489457	.1772616	0
760.15	0	.5733762	.249432	.1771918	0
759.15	0	.5729713	.2499049	.1771238	0
758.15	0	.5725773	.2503649	.1770577	0
757.15	0	.572194	.2508127	.1769933	0
756.15	0	.5718207	.2512488	.1769305	0
755.15	0	.5714572	.2516736	.1768692	0
754.15	0	.5711029	.2520877	.1768094	0
753.15	0	.5707575	.2524915	.176751	0
752.15	0	.5704207	.2528855	.1766939	0
751.15	0	.570092	.25327	.176638	0
750.15	0	.5697713	.2536454	.1765834	0
749.15	0	.5694581	.2540121	.1765299	0
748.15	0	.5691522	.2543704	.1764774	0
747.15	0	.5688533	.2547207	.176426	0
746.15	0	.5685611	.2550633	.1763756	0
745.15	0	.5682755	.2553984	.1763262	0
744.15	0	.5679961	.2557263	.1762776	0
743.15	0	.5677227	.2560474	.1762299	0
742.15	0	.5674552	.2563618	.176183	0
741.15	0	.5671933	.2566698	.1761369	0
740.15	0	.5669368	.2569717	.1760916	0
739.15	0	.5666855	.2572676	.1760469	0
738.15	0	.5664393	.2575577	.176003	0
737.15	0	.566198	.2578423	.1759597	0
736.15	0	.5659614	.2581215	.175917	0
735.15	0	.5657294	.2583956	.175875	0
734.15	0	.5655018	.2586647	.1758335	0
733.15	0	.5652785	.258929	.1757925	0
732.15	0	.5650593	.2591886	.1757521	0
731.15	0	.5648441	.2594437	.1757122	0
730.15	0	.5646328	.2596944	.1756728	0
729.15	0	.5644253	.2599409	.1756338	0
728.15	0	.5642214	.2601833	.1755953	0
727.15	0	.564021	.2604217	.1755572	0
726.15	0	.5638241	.2606564	.1755196	0
725.15	0	.5636305	.2608873	.1754823	0
724.15	0	.5634401	.2611146	.1754453	0
723.15	0	.5632529	.2613384	.1754088	0
722.15	0	.5630687	.2615588	.1753726	0
721.15	0	.5628874	.261776	.1753367	0
720.15	0	.562709	.2619899	.1753011	0
719.15	0	.5625334	.2622008	.1752658	0
718.15	0	.5623605	.2624087	.1752308	0
717.15	0	.5621902	.2626137	.1751961	0
716.15	0	.5620225	.2628158	.1751617	0
715.15	0	.5618572	.2630153	.1751275	0
714.15	0	.5616944	.263212	.1750936	0
713.15	0	.561534	.2634062	.1750598	0
712.15	0	.5613758	.2635979	.1750263	0
711.15	0	.5612198	.2637871	.1749931	0
710.15	0	.561066	.263974	.17496	0
709.15	0	.5609144	.2641585	.1749271	0
708.15	0	.5607647	.2643408	.1748945	0
707.15	0	.5606171	.264521	.174862	0
706.15	0	.5604714	.264699	.1748296	0
705.15	0	.5603277	.2648749	.1747975	0
704.15	0	.5601857	.2650488	.1747654	0
703.15	0	.5600456	.2652208	.1747336	0
702.15	0	.5599073	.2653909	.1747019	0
701.15	0	.5597706	.2655591	.1746703	0
700.15	0	.5596357	.2657255	.1746388	0
699.15	0	.5595023	.2658902	.1746075	0
698.15	0	.5593706	.2660531	.1745763	0
697.15	0	.5592404	.2662144	.1745452	0
696.15	0	.5591117	.2663741	.1745142	0
695.15	0	.5589845	.2665321	.1744833	0
694.15	0	.5588588	.2666887	.1744526	0
693.15	0	.5587345	.2668437	.1744219	0
692.15	0	.5586115	.2669972	.1743913	0
691.15	0	.5584899	.2671494	.1743608	0
690.15	0	.5583696	.2673001	.1743303	0
689.15	0	.5582506	.2674494	.1743	0
688.15	0	.5581328	.2675975	.1742697	0
687.15	0	.5580163	.2677442	.1742395	0
686.15	0	.557901	.2678897	.1742093	0
685.15	0	.5577869	.268034	.1741792	0
684.15	0	.5576738	.268177	.1741492	0
683.15	0	.557562	.2683188	.1741192	0
682.15	0	.5574512	.2684595	.1740893	0
681.15	0	.5573415	.2685991	.1740594	0
680.15	0	.5572328	.2687376	.1740296	0
679.15	0	.5571252	.268875	.1739998	0
678.15	0	.5570186	.2690114	.17397	0
677.15	0	.5569129	.2691467	.1739403	0
676.15	0	.5568083	.2692811	.1739106	0
675.15	0	.5567046	.2694145	.173881	0
674.15	0	.5566018	.2695469	.1738514	0
673.15	0	.5564999	.2696783	.1738218	0
672.15	0	.5563989	.2698089	.1737922	0
671.15	0	.5562988	.2699386	.1737627	0
670.15	0	.5561995	.2700674	.1737332	0
669.15	0	.556101	.2701953	.1737037	0
668.15	0	.5560034	.2703224	.1736742	0
667.15	0	.5559066	.2704487	.1736447	0
666.15	0	.5558106	.2705742	.1736153	0
665.15	0	.5557153	.2706988	.1735859	0
664.15	0	.5556208	.2708228	.1735565	0
663.15	0	.555527	.2709459	.173527	0
662.15	0	.555434	.2710684	.1734976	0
661.15	0	.5553417	.2711901	.1734682	0
660.15	0	.5552501	.2713111	.1734389	0
659.15	0	.5551592	.2714314	.1734095	0
658.15	0	.5550689	.271551	.1733801	0
657.15	0	.5549793	.27167	.1733507	0
656.15	0	.5548904	.2717883	.1733213	0
655.15	0	.5548021	.2719059	.173292	0
654.15	0	.5547144	.272023	.1732626	0
653.15	0	.5546274	.2721394	.1732332	0
652.15	0	.554541	.2722552	.1732038	0
651.15	0	.5544551	.2723704	.1731744	0
650.15	0	.5543699	.2724851	.1731451	0
649.15	0	.5542852	.2725992	.1731157	0
648.15	0	.5542011	.2727127	.1730862	0
647.15	0	.5541175	.2728256	.1730568	0
646.15	0	.5540345	.2729381	.1730274	0
645.15	0	.553952	.27305	.172998	0
644.15	0	.5538701	.2731613	.1729686	0
643.15	0	.5537887	.2732722	.1729391	0
642.15	0	.5537077	.2733826	.1729097	0
641.15	0	.5536273	.2734924	.1728802	0
640.15	0	.5535474	.2736018	.1728508	0
639.15	0	.553468	.2737107	.1728213	0
638.15	0	.5533891	.2738192	.1727918	0
637.15	0	.5533106	.2739272	.1727623	0
636.15	0	.5532326	.2740347	.1727327	0
635.15	0	.553155	.2741418	.1727032	0
634.15	0	.5530779	.2742484	.1726737	0
633.15	0	.5530012	.2743546	.1726441	0
632.15	0	.552925	.2744604	.1726145	0
631.15	0	.5528492	.2745658	.172585	0
630.15	0	.5527739	.2746708	.1725553	0
629.15	0	.5526989	.2747753	.1725257	0
628.15	0	.5526244	.2748795	.1724961	0
627.15	0	.5525503	.2749833	.1724665	0
626.15	0	.5524765	.2750866	.1724368	0
625.15	0	.5524032	.2751897	.1724071	0
624.15	0	.5523303	.2752923	.1723775	0
623.15	0	.5522577	.2753946	.1723478	0
622.15	0	.5521855	.2754965	.172318	0
621.15	0	.5521137	.275598	.1722883	0
620.15	0	.5520423	.2756992	.1722586	0
619.15	0	.5519712	.2758	.1722288	0
618.15	0	.5519005	.2759005	.172199	0
617.15	0	.5518301	.2760007	.1721692	0
616.15	0	.5517601	.2761005	.1721394	0
615.15	0	.5516904	.2762	.1721096	0
614.15	0	.5516211	.2762991	.1720798	0
613.15	0	.5515521	.276398	.1720499	0
612.15	0	.5514834	.2764965	.1720201	0
611.15	0	.5514151	.2765947	.1719902	0
610.15	0	.5513471	.2766926	.1719603	0
609.15	0	.5512794	.2767902	.1719304	0
608.15	0	.5512121	.2768875	.1719005	0
607.15	0	.551145	.2769845	.1718705	0
606.15	0	.5510782	.2770812	.1718406	0
605.15	0	.5510118	.2771776	.1718106	0
604.15	0	.5509456	.2772737	.1717806	0
603.15	0	.5508798	.2773695	.1717507	0
602.15	0	.5508143	.2774651	.1717207	0
601.15	0	.550749	.2775604	.1716906	0
600.15	0	.550684	.2776554	.1716606	0
599.15	0	.5506194	.2777501	.1716306	0
598.15	0	.5505549	.2778445	.1716005	0
597.15	0	.5504908	.2779387	.1715705	0
596.15	0	.550427	.2780326	.1715404	0
595.15	0	.5503634	.2781263	.1715103	0
594.15	0	.5503001	.2782196	.1714802	0
593.15	0	.5502371	.2783128	.1714501	0
592.15	0	.5501743	.2784057	.17142	0
591.15	0	.5501118	.2784983	.1713899	0
590.15	0	.5500496	.2785906	.1713598	0
589.15	0	.5499876	.2786828	.1713297	0
588.15	0	.5499259	.2787746	.1712995	0
587.15	0	.5498644	.2788663	.1712694	0
586.15	0	.5498032	.2789576	.1712392	0
585.15	0	.5497422	.2790488	.171209	0
584.15	0	.5496814	.2791397	.1711789	0
583.15	0	.5496209	.2792304	.1711487	0
582.15	0	.5495607	.2793208	.1711185	0
581.15	0	.5495007	.279411	.1710883	0
580.15	0	.5494409	.2795009	.1710581	0
579.15	0	.5493814	.2795907	.1710279	0
578.15	0	.5493221	.2796802	.1709977	0
577.15	0	.549263	.2797694	.1709675	0
576.15	0	.5492042	.2798585	.1709373	0
575.15	0	.5491456	.2799473	.1709071	0
574.15	0	.5490872	.2800359	.1708769	0
573.15	0	.549029	.2801243	.1708467	0
572.15	0	.5489711	.2802124	.1708165	0
571.15	0	.5489134	.2803004	.1707863	0
570.15	0	.5488559	.2803881	.170756	0
569.15	0	.5487986	.2804756	.1707258	0
568.15	0	.5487416	.2805628	.1706956	0
567.15	0	.5486847	.2806499	.1706654	0
566.15	0	.5486281	.2807367	.1706352	0
565.15	0	.5485716	.2808234	.170605	0
564.15	0	.5485154	.2809098	.1705748	0
563.15	0	.5484594	.280996	.1705446	0
562.15	0	.5484036	.281082	.1705144	0
561.15	0	.548348	.2811678	.1704842	0
560.15	0	.5482927	.2812534	.170454	0
559.15	0	.5482375	.2813387	.1704238	0
558.15	0	.5481825	.2814239	.1703936	0
557.15	0	.5481277	.2815088	.1703634	0
556.15	0	.5480732	.2815936	.1703333	0
555.15	0	.5480188	.2816781	.1703031	0
554.15	0	.5479646	.2817624	.170273	0
553.15	0	.5479106	.2818466	.1702428	0
552.15	0	.5478568	.2819305	.1702127	0
551.15	0	.5478032	.2820142	.1701826	0
550.15	0	.5477498	.2820977	.1701525	0
549.15	0	.5476966	.282181	.1701224	0
548.15	0	.5476436	.2822641	.1700923	0
547.15	0	.5475908	.282347	.1700622	0
546.15	0	.5475381	.2824297	.1700321	0
545.15	0	.5474857	.2825122	.1700021	0
544.15	0	.5474334	.2825945	.169972	0
543.15	0	.5473814	.2826766	.169942	0
542.15	0	.5473295	.2827585	.169912	0
541.15	0	.5472778	.2828402	.169882	0
540.15	0	.5472262	.2829217	.169852	0
539.15	0	.5471749	.283003	.1698221	0
538.15	0	.5471238	.2830841	.1697921	0
537.15	0	.5470728	.283165	.1697622	0
536.15	0	.547022	.2832457	.1697323	0
535.15	0	.5469715	.2833262	.1697023	0
534.15	0	.5469211	.2834065	.1696724	0
533.15	0	.5468708	.2834866	.1696426	0
532.15	0	.5468208	.2835665	.1696127	0
531.15	0	.5467709	.2836462	.1695829	0
530.15	0	.5467212	.2837257	.1695531	0
529.15	0	.5466716	.283805	.1695234	0
528.15	0	.5466222	.2838841	.1694936	0
527.15	0	.5465731	.283963	.1694639	0
526.15	0	.546524	.2840418	.1694342	0
525.15	0	.5464752	.2841203	.1694046	0
524.15	0	.5464265	.2841986	.1693749	0
523.15	0	.546378	.2842767	.1693453	0
522.15	0	.5463297	.2843546	.1693157	0
521.15	0	.5462815	.2844323	.1692862	0
520.15	0	.5462336	.2845098	.1692566	0
519.15	0	.5461857	.2845872	.1692271	0
518.15	0	.5461381	.2846643	.1691976	0
517.15	0	.5460906	.2847412	.1691682	0
516.15	0	.5460433	.2848179	.1691388	0
515.15	0	.5459962	.2848944	.1691094	0
514.15	0	.5459492	.2849707	.1690801	0
513.15	0	.5459024	.2850469	.1690507	0
512.15	0	.5458558	.2851228	.1690215	0
511.15	0	.5458093	.2851985	.1689922	0
510.15	0	.545763	.285274	.168963	0
509.15	0	.5457169	.2853493	.1689338	0
508.15	0	.5456709	.2854244	.1689047	0
507.15	0	.5456251	.2854993	.1688756	0
506.15	0	.5455795	.2855741	.1688465	0
505.15	0	.545534	.2856486	.1688174	0
504.15	0	.5454887	.2857229	.1687884	0
503.15	0	.5454435	.285797	.1687595	0
502.15	0	.5453986	.2858709	.1687306	0
501.15	0	.5453538	.2859446	.1687017	0
500.15	0	.5453091	.2860181	.1686728	0
499.15	0	.5452646	.2860914	.168644	0
498.15	0	.5452203	.2861644	.1686153	0
497.15	0	.5451761	.2862373	.1685866	0
496.15	0	.5451321	.28631	.1685579	0
495.15	0	.5450883	.2863825	.1685293	0
494.15	0	.5450446	.2864547	.1685007	0
493.15	0	.5450011	.2865268	.1684721	0
492.15	0	.5449577	.2865986	.1684437	0
491.15	0	.5449145	.2866703	.1684152	0
490.15	0	.5448715	.2867417	.1683868	0
489.15	0	.5448286	.2868129	.1683584	0
488.15	0	.5447859	.286884	.1683301	0
487.15	0	.5447433	.2869548	.1683019	0
486.15	0	.544701	.2870254	.1682737	0
485.15	0	.5446587	.2870958	.1682455	0
484.15	0	.5446166	.287166	.1682174	0
483.15	0	.5445747	.2872359	.1681894	0
482.15	0	.544533	.2873057	.1681613	0
481.15	0	.5444914	.2873752	.1681334	0
480.15	0	.5444499	.2874446	.1681055	0
479.15	0	.5444087	.2875137	.1680776	0
478.15	0	.5443675	.2875826	.1680499	0
477.15	0	.5443266	.2876513	.1680221	0
476.15	0	.5442858	.2877198	.1679944	0
475.15	0	.5442451	.2877881	.1679668	0
474.15	0	.5442046	.2878562	.1679392	0
473.15	0	.5441643	.287924	.1679117	0
472.15	0	.5441241	.2879916	.1678843	0
471.15	0	.5440841	.288059	.1678569	0
470.15	0	.5440442	.2881262	.1678295	0
469.15	0	.5440045	.2881932	.1678023	0
468.15	0	.543965	.28826	.167775	0
467.15	0	.5439256	.2883265	.1677479	0
466.15	0	.5438864	.2883929	.1677208	0
465.15	0	.5438473	.288459	.1676937	0
464.15	0	.5438084	.2885249	.1676668	0
463.15	0	.5437696	.2885905	.1676399	0
462.15	0	.543731	.288656	.167613	0
461.15	0	.5436926	.2887212	.1675862	0
460.15	0	.5436543	.2887862	.1675595	0
459.15	0	.5436161	.288851	.1675329	0
458.15	0	.5435781	.2889156	.1675063	0
457.15	0	.5435403	.2889799	.1674798	0
456.15	0	.5435027	.289044	.1674533	0
455.15	0	.5434652	.2891079	.1674269	0
454.15	0	.5434278	.2891716	.1674006	0
453.15	0	.5433906	.289235	.1673744	0
452.15	0	.5433535	.2892983	.1673482	0
451.15	0	.5433167	.2893613	.1673221	0
450.15	0	.5432799	.289424	.167296	0
449.15	0	.5432434	.2894865	.1672701	0
448.15	0	.543207	.2895488	.1672442	0
447.15	0	.5431708	.2896108	.1672184	0
446.15	0	.5431347	.2896726	.1671927	0
445.15	0	.5430989	.2897341	.1671671	0
444.15	0	.5430631	.2897954	.1671415	0
443.15	0	.5430276	.2898564	.167116	0
442.15	0	.5429922	.2899171	.1670907	0
441.15	0	.5429571	.2899776	.1670654	0
440.15	0	.5429221	.2900378	.1670402	0
439.15	0	.5428873	.2900977	.167015	0
438.15	0	.5428526	.2901574	.16699	0
437.15	0	.5428182	.2902167	.1669651	0
436.15	0	.5427839	.2902758	.1669402	0
435.15	0	.5427499	.2903346	.1669155	0
434.15	0	.542716	.2903931	.1668909	0
433.15	0	.5426824	.2904513	.1668663	0
432.15	0	.5426489	.2905092	.1668419	0
431.15	0	.5426156	.2905668	.1668176	0
430.15	0	.5425826	.2906241	.1667934	0
429.15	0	.5425497	.2906811	.1667692	0
428.15	0	.5425171	.2907377	.1667452	0
427.15	0	.5424846	.2907941	.1667213	0
426.15	0	.5424523	.2908501	.1666975	0
425.15	0	.5424203	.2909059	.1666738	0
424.15	0	.5423885	.2909613	.1666503	0
423.15	0	.5423568	.2910164	.1666268	0
422.15	0	.5423254	.2910712	.1666034	0
421.15	0	.5422942	.2911256	.1665802	0
420.15	0	.5422632	.2911797	.1665571	0
419.15	0	.5422324	.2912335	.1665341	0
418.15	0	.5422018	.291287	.1665112	0
417.15	0	.5421714	.2913402	.1664884	0
416.15	0	.5421412	.291393	.1664658	0
415.15	0	.5421113	.2914455	.1664432	0
414.15	0	.5420815	.2914977	.1664208	0
413.15	0	.542052	.2915495	.1663985	0
412.15	0	.5420227	.291601	.1663763	0
411.15	0	.5419935	.2916522	.1663543	0
410.15	0	.5419646	.2917031	.1663323	0
409.15	0	.5419359	.2917536	.1663105	0
408.15	0	.5419074	.2918038	.1662888	0
407.15	0	.5418791	.2918537	.1662672	0
406.15	0	.541851	.2919032	.1662458	0
405.15	0	.5418231	.2919525	.1662244	0
404.15	0	.5417954	.2920013	.1662032	0
403.15	0	.5417679	.2920499	.1661821	0
402.15	0	.5417407	.2920982	.1661612	0
401.15	0	.5417136	.2921461	.1661403	0
