T	 BPW(LIQUID)	BPW(BCC_A2)	BPW(FCC_A1)	BPW(LAVES_PHASE_C14)	BPW(NI3TI)
1473.15	0	1	0	0	0
1472.15	0	1	0	0	0
1471.15	0	1	0	0	0
1470.15	0	1	0	0	0
1469.15	0	1	0	0	0
1468.15	0	1	0	0	0
1467.15	0	1	0	0	0
1466.15	0	1	0	0	0
1465.15	0	1	0	0	0
1464.15	0	1	0	0	0
1463.15	0	1	0	0	0
1462.15	0	1	0	0	0
1461.15	0	1	0	0	0
1460.15	0	1	0	0	0
1459.15	0	1	0	0	0
1458.15	0	1	0	0	0
1457.15	0	1	0	0	0
1456.15	0	1	0	0	0
1455.15	0	1	0	0	0
1454.15	0	1	0	0	0
1453.15	0	1	0	0	0
1452.15	0	1	0	0	0
1451.15	0	1	0	0	0
1450.15	0	1	0	0	0
1449.15	0	1	0	0	0
1448.15	0	1	0	0	0
1447.15	0	1	0	0	0
1446.15	0	1	0	0	0
1445.15	0	1	0	0	0
1444.15	0	1	0	0	0
1443.15	0	1	0	0	0
1442.15	0	1	0	0	0
1441.15	0	1	0	0	0
1440.15	0	1	0	0	0
1439.15	0	1	0	0	0
1438.15	0	1	0	0	0
1437.15	0	1	0	0	0
1436.15	0	1	0	0	0
1435.15	0	1	0	0	0
1434.15	0	1	0	0	0
1433.15	0	1	0	0	0
1432.15	0	1	0	0	0
1431.15	0	1	0	0	0
1430.15	0	1	0	0	0
1429.15	0	1	0	0	0
1428.15	0	1	0	0	0
1427.15	0	1	0	0	0
1426.15	0	1	0	0	0
1425.15	0	1	0	0	0
1424.15	0	1	0	0	0
1423.15	0	1	0	0	0
1422.15	0	1	0	0	0
1421.15	0	1	0	0	0
1420.15	0	1	0	0	0
1419.15	0	1	0	0	0
1418.15	0	1	0	0	0
1417.15	0	1	0	0	0
1416.15	0	1	0	0	0
1415.15	0	1	0	0	0
1414.15	0	1	0	0	0
1413.15	0	1	0	0	0
1412.15	0	1	0	0	0
1411.15	0	1	0	0	0
1410.15	0	1	0	0	0
1409.15	0	1	0	0	0
1408.15	0	1	0	0	0
1407.15	0	1	0	0	0
1406.15	0	1	0	0	0
1405.15	0	1	0	0	0
1404.15	0	1	0	0	0
1403.15	0	1	0	0	0
1402.15	0	1	0	0	0
1401.15	0	1	0	0	0
1400.15	0	1	0	0	0
1399.15	0	1	0	0	0
1398.15	0	1	0	0	0
1397.15	0	1	0	0	0
1396.15	0	1	0	0	0
1395.15	0	1	0	0	0
1394.15	0	1	0	0	0
1393.15	0	1	0	0	0
1392.15	0	1	0	0	0
1391.15	0	1	0	0	0
1390.15	0	1	0	0	0
1389.15	0	1	0	0	0
1388.15	0	1	0	0	0
1387.15	0	1	0	0	0
1386.15	0	1	0	0	0
1385.15	0	1	0	0	0
1384.15	0	1	0	0	0
1383.15	0	1	0	0	0
1382.15	0	1	0	0	0
1381.15	0	1	0	0	0
1380.15	0	1	0	0	0
1379.15	0	1	0	0	0
1378.15	0	1	0	0	0
1377.15	0	1	0	0	0
1376.15	0	1	0	0	0
1375.15	0	1	0	0	0
1374.15	0	1	0	0	0
1373.15	0	1	0	0	0
1372.15	0	1	0	0	0
1371.15	0	1	0	0	0
1370.15	0	1	0	0	0
1369.15	0	1	0	0	0
1368.15	0	1	0	0	0
1367.15	0	1	0	0	0
1366.15	0	1	0	0	0
1365.15	0	1	0	0	0
1364.15	0	1	0	0	0
1363.15	0	1	0	0	0
1362.15	0	1	0	0	0
1361.15	0	1	0	0	0
1360.15	0	1	0	0	0
1359.15	0	1	0	0	0
1358.15	0	1	0	0	0
1357.15	0	1	0	0	0
1356.15	0	1	0	0	0
1355.15	0	1	0	0	0
1354.15	0	1	0	0	0
1353.15	0	1	0	0	0
1352.15	0	1	0	0	0
1351.15	0	1	0	0	0
1350.15	0	1	0	0	0
1349.15	0	1	0	0	0
1348.15	0	1	0	0	0
1347.15	0	1	0	0	0
1346.15	0	1	0	0	0
1345.15	0	1	0	0	0
1344.15	0	1	0	0	0
1343.15	0	1	0	0	0
1342.15	0	1	0	0	0
1341.15	0	1	0	0	0
1340.15	0	1	0	0	0
1339.15	0	1	0	0	0
1338.15	0	1	0	0	0
1337.15	0	1	0	0	0
1336.15	0	1	0	0	0
1335.15	0	1	0	0	0
1334.15	0	1	0	0	0
1333.15	0	1	0	0	0
1332.15	0	1	0	0	0
1331.15	0	1	0	0	0
1330.15	0	1	0	0	0
1329.15	0	1	0	0	0
1328.15	0	1	0	0	0
1327.15	0	1	0	0	0
1326.15	0	1	0	0	0
1325.15	0	1	0	0	0
1324.15	0	1	0	0	0
1323.15	0	1	0	0	0
1322.15	0	1	0	0	0
1321.15	0	1	0	0	0
1320.15	0	1	0	0	0
1319.15	0	1	0	0	0
1318.15	0	1	0	0	0
1317.15	0	1	0	0	0
1316.15	0	1	0	0	0
1315.15	0	1	0	0	0
1314.15	0	1	0	0	0
1313.15	0	1	0	0	0
1312.15	0	1	0	0	0
1311.15	0	1	0	0	0
1310.15	0	1	0	0	0
1309.15	0	1	0	0	0
1309.137	0	1	0	0	0
1309.137	0	1	0	0	0
1309.137	0	1	0	0	0
1308.15	0	.9983931	.001606932	0	0
1307.15	0	.9967683	.003231726	0	0
1306.15	0	.9951467	.004853255	0	0
1305.15	0	.9935285	.006471517	0	0
1304.15	0	.9919135	.00808651	0	0
1303.15	0	.9903018	.009698233	0	0
1302.15	0	.9886933	.01130668	0	0
1301.15	0	.9870881	.01291186	0	0
1300.15	0	.9854862	.01451376	0	0
1299.15	0	.9838876	.01611239	0	0
1298.15	0	.9822923	.01770773	0	0
1297.15	0	.9807002	.01929979	0	0
1296.15	0	.9791114	.02088857	0	0
1295.15	0	.9775259	.02247406	0	0
1294.15	0	.9759437	.02405627	0	0
1293.15	0	.9743648	.02563518	0	0
1292.15	0	.9727892	.02721081	0	0
1291.15	0	.9712169	.02878313	0	0
1290.15	0	.9696478	.03035216	0	0
1289.15	0	.9680821	.03191789	0	0
1288.15	0	.9665197	.03348032	0	0
1287.15	0	.9649606	.03503944	0	0
1286.15	0	.9634048	.03659525	0	0
1285.15	0	.9618522	.03814775	0	0
1284.15	0	.960303	.03969695	0	0
1283.15	0	.9587572	.04124282	0	0
1282.15	0	.9572146	.04278538	0	0
1281.15	0	.9556754	.04432461	0	0
1280.15	0	.9541395	.04586052	0	0
1279.15	0	.9526069	.0473931	0	0
1278.15	0	.9510777	.04892235	0	0
1277.15	0	.9495517	.05044826	0	0
1276.15	0	.9480292	.05197084	0	0
1275.15	0	.9465099	.05349008	0	0
1274.15	0	.944994	.05500597	0	0
1273.15	0	.9434815	.05651852	0	0
1272.15	0	.9419723	.05802772	0	0
1271.15	0	.9404664	.05953356	0	0
1270.15	0	.938964	.06103604	0	0
1269.15	0	.9374648	.06253516	0	0
1268.15	0	.9359691	.06403092	0	0
1267.15	0	.9344767	.0655233	0	0
1266.15	0	.9329877	.06701232	0	0
1265.15	0	.931502	.06849795	0	0
1264.15	0	.9300198	.06998021	0	0
1263.15	0	.9285409	.07145908	0	0
1262.15	0	.9270654	.07293456	0	0
1261.15	0	.9255933	.07440665	0	0
1260.15	0	.9241247	.07587534	0	0
1259.15	0	.9226594	.07734063	0	0
1258.15	0	.9211975	.07880251	0	0
1257.15	0	.919739	.08026098	0	0
1256.15	0	.918284	.08171603	0	0
1255.15	0	.9168323	.08316767	0	0
1254.15	0	.9153841	.08461588	0	0
1253.15	0	.9139393	.08606066	0	0
1252.15	0	.912498	.08750201	0	0
1251.15	0	.9110601	.08893992	0	0
1250.15	0	.9096256	.09037439	0	0
1249.15	0	.9081946	.0918054	0	0
1248.15	0	.906767	.09323297	0	0
1247.15	0	.9053429	.09465707	0	0
1246.15	0	.9039223	.09607771	0	0
1245.15	0	.9025051	.09749488	0	0
1244.15	0	.9010914	.09890858	0	0
1243.15	0	.8996812	.1003188	0	0
1242.15	0	.8982745	.1017255	0	0
1241.15	0	.8968712	.1031288	0	0
1240.15	0	.8954715	.1045285	0	0
1239.15	0	.8940753	.1059247	0	0
1238.15	0	.8926825	.1073175	0	0
1237.15	0	.8912933	.1087067	0	0
1236.15	0	.8899076	.1100924	0	0
1235.15	0	.8885254	.1114746	0	0
1234.15	0	.8871468	.1128532	0	0
1233.15	0	.8857717	.1142283	0	0
1232.15	0	.8844001	.1155999	0	0
1231.15	0	.8830321	.1169679	0	0
1230.15	0	.8816677	.1183323	0	0
1229.15	0	.8803068	.1196932	0	0
1228.15	0	.8789495	.1210505	0	0
1227.15	0	.8775958	.1224042	0	0
1226.15	0	.8762456	.1237544	0	0
1225.15	0	.874899	.125101	0	0
1224.15	0	.8735561	.1264439	0	0
1223.15	0	.8722167	.1277833	0	0
1222.15	0	.870881	.129119	0	0
1221.15	0	.8695488	.1304512	0	0
1220.15	0	.8682203	.1317797	0	0
1219.15	0	.8668954	.1331046	0	0
1218.15	0	.8655742	.1344258	0	0
1217.15	0	.8642566	.1357434	0	0
1216.15	0	.8629427	.1370573	0	0
1215.15	0	.8616324	.1383676	0	0
1214.15	0	.8603258	.1396742	0	0
1213.15	0	.8590229	.1409771	0	0
1212.15	0	.8577237	.1422763	0	0
1211.15	0	.8564281	.1435719	0	0
1210.15	0	.8551363	.1448637	0	0
1209.15	0	.8538481	.1461519	0	0
1208.15	0	.8525637	.1474363	0	0
1207.15	0	.851283	.148717	0	0
1206.15	0	.8500061	.1499939	0	0
1205.15	0	.8487329	.1512671	0	0
1204.15	0	.8474634	.1525366	0	0
1203.15	0	.8461977	.1538023	0	0
1202.15	0	.8449358	.1550642	0	0
1201.15	0	.8436776	.1563224	0	0
1200.15	0	.8424233	.1575768	0	0
1199.15	0	.8411727	.1588273	0	0
1198.15	0	.8399259	.1600741	0	0
1197.15	0	.8386829	.161317	0	0
1196.15	0	.8374438	.1625562	0	0
1195.15	0	.8362085	.1637915	0	0
1194.15	0	.834977	.165023	0	0
1193.15	0	.8337494	.1662506	0	0
1192.15	0	.8325257	.1674743	0	0
1191.15	0	.8313058	.1686942	0	0
1190.15	0	.8300898	.1699102	0	0
1189.15	0	.8288777	.1711223	0	0
1188.15	0	.8276695	.1723305	0	0
1187.15	0	.8264652	.1735348	0	0
1186.15	0	.8252648	.1747352	0	0
1185.15	0	.8240683	.1759317	0	0
1184.15	0	.8228758	.1771242	0	0
1183.15	0	.8216872	.1783128	0	0
1182.15	0	.8205026	.1794974	0	0
1181.15	0	.819322	.180678	0	0
1180.15	0	.8181453	.1818547	0	0
1179.15	0	.8169727	.1830273	0	0
1178.15	0	.815804	.184196	0	0
1177.15	0	.8146394	.1853606	0	0
1176.15	0	.8134788	.1865213	0	0
1175.15	0	.8123222	.1876778	0	0
1174.15	0	.8111696	.1888304	0	0
1173.15	0	.8100212	.1899789	0	0
1172.15	0	.8088767	.1911233	0	0
1171.15	0	.8077364	.1922636	0	0
1170.15	0	.8066002	.1933998	0	0
1169.15	0	.8054681	.1945319	0	0
1168.15	0	.8043401	.19566	0	0
1167.15	0	.8032162	.1967838	0	0
1166.15	0	.8020964	.1979036	0	0
1165.15	0	.8009808	.1990192	0	0
1164.15	0	.7998694	.2001306	0	0
1163.15	0	.7987622	.2012378	0	0
1162.15	0	.7976591	.2023409	0	0
1161.15	0	.7965603	.2034397	0	0
1160.15	0	.7954656	.2045344	0	0
1159.15	0	.7943752	.2056248	0	0
1158.15	0	.793289	.206711	0	0
1157.15	0	.7922071	.2077929	0	0
1156.15	0	.7911295	.2088705	0	0
1155.15	0	.7900561	.2099439	0	0
1154.15	0	.788987	.211013	0	0
1153.15	0	.7879222	.2120778	0	0
1152.15	0	.7868617	.2131383	0	0
1151.15	0	.7858056	.2141944	0	0
1150.15	0	.7847538	.2152462	0	0
1149.15	0	.7837064	.2162936	0	0
1148.15	0	.7826633	.2173367	0	0
1147.15	0	.7816247	.2183753	0	0
1146.15	0	.7805904	.2194096	0	0
1145.15	0	.7795606	.2204394	0	0
1144.15	0	.7785352	.2214649	0	0
1143.15	0	.7775142	.2224858	0	0
1142.15	0	.7764977	.2235024	0	0
1141.15	0	.7754856	.2245144	0	0
1140.15	0	.774478	.225522	0	0
1139.15	0	.773475	.226525	0	0
1138.15	0	.7724764	.2275236	0	0
1137.15	0	.7714824	.2285176	0	0
1136.15	0	.7704929	.2295071	0	0
1135.15	0	.769508	.230492	0	0
1134.15	0	.7685277	.2314723	0	0
1133.15	0	.7675519	.2324481	0	0
1132.15	0	.7665808	.2334192	0	0
1131.15	0	.7656143	.2343857	0	0
1130.15	0	.7646524	.2353476	0	0
1129.15	0	.7636952	.2363048	0	0
1128.15	0	.7627426	.2372574	0	0
1127.15	0	.7617947	.2382053	0	0
1126.15	0	.7608515	.2391485	0	0
1125.15	0	.7599131	.2400869	0	0
1124.15	0	.7589793	.2410207	0	0
1123.15	0	.7580503	.2419497	0	0
1122.15	0	.7571261	.2428739	0	0
1121.15	0	.7562067	.2437933	0	0
1120.15	0	.755292	.244708	0	0
1119.15	0	.7543822	.2456178	0	0
1118.15	0	.7534771	.2465229	0	0
1117.15	0	.752577	.247423	0	0
1116.15	0	.7516817	.2483183	0	0
1115.15	0	.7507913	.2492088	0	0
1114.15	0	.7499057	.2500943	0	0
1113.15	0	.7490251	.2509749	0	0
1112.15	0	.7481494	.2518506	0	0
1111.15	0	.7472787	.2527213	0	0
1110.15	0	.7464129	.2535871	0	0
1109.15	0	.7455521	.2544479	0	0
1108.15	0	.7446964	.2553037	0	0
1107.15	0	.7438456	.2561544	0	0
1106.15	0	.7429998	.2570002	0	0
1105.15	0	.7421592	.2578408	0	0
1104.15	0	.7413235	.2586765	0	0
1103.15	0	.740493	.259507	0	0
1102.15	0	.7396676	.2603324	0	0
1101.15	0	.7388473	.2611527	0	0
1100.15	0	.7380321	.2619679	0	0
1099.15	0	.7372222	.2627778	0	0
1098.15	0	.7364173	.2635826	0	0
1097.15	0	.7356177	.2643823	0	0
1096.15	0	.7348233	.2651767	0	0
1095.15	0	.7340342	.2659658	0	0
1094.15	0	.7332503	.2667498	0	0
1093.15	0	.7324716	.2675284	0	0
1092.15	0	.7316982	.2683018	0	0
1091.15	0	.7309302	.2690698	0	0
1090.15	0	.7301675	.2698325	0	0
1089.15	0	.7294101	.2705899	0	0
1088.15	0	.7286581	.2713419	0	0
1087.15	0	.7279115	.2720885	0	0
1086.15	0	.7271703	.2728298	0	0
1085.15	0	.7264345	.2735655	0	0
1084.15	0	.7257041	.2742959	0	0
1083.15	0	.7249792	.2750208	0	0
1082.15	0	.7242598	.2757402	0	0
1081.15	0	.7235459	.2764542	0	0
1080.15	0	.7228375	.2771626	0	0
1079.15	0	.7221346	.2778654	0	0
1078.15	0	.7214373	.2785627	0	0
1077.15	0	.7207455	.2792545	0	0
1076.15	0	.7200594	.2799406	0	0
1075.15	0	.7193789	.2806211	0	0
1074.15	0	.718704	.281296	0	0
1073.15	0	.7180348	.2819653	0	0
1072.15	0	.7173712	.2826288	0	0
1071.15	0	.7167133	.2832867	0	0
1070.15	0	.7160612	.2839388	0	0
1069.15	0	.7154147	.2845853	0	0
1068.15	0	.7147741	.2852259	0	0
1067.15	0	.7141392	.2858608	0	0
1066.15	0	.7135101	.2864899	0	0
1065.15	0	.7128868	.2871132	0	0
1064.15	0	.7122693	.2877307	0	0
1063.946	0	.7121442	.2878559	0	0
1063.946	0	.7121442	.2878559	0	0
1063.946	0	.7121442	.2878559	0	0
1063.15	0	.711432	.2883048	2.631867E-04	0
1062.15	0	.7105435	.2888636	5.928962E-04	0
1061.15	0	.7096616	.2894167	9.216511E-04	0
1060.15	0	.7087864	.2899641	.001249452	0
1059.15	0	.7079179	.2905058	.001576299	0
1058.15	0	.7070562	.2910417	.001902194	0
1057.15	0	.7062011	.2915718	.002227136	0
1056.15	0	.7053527	.2920961	.002551127	0
1055.15	0	.7045111	.2926147	.002874166	0
1054.15	0	.7036763	.2931275	.003196255	0
1053.15	0	.7028482	.2936344	.003517393	0
1052.15	0	.702027	.2941354	.003837581	0
1051.15	0	.7012125	.2946307	.00415682	0
1050.15	0	.7004049	.29512	.004475109	0
1049.15	0	.6996041	.2956034	.00479245	0
1048.15	0	.6988102	.296081	.005108841	0
1047.15	0	.6980231	.2965526	.005424284	0
1046.15	0	.697243	.2970183	.005738779	0
1045.15	0	.6964697	.297478	.006052325	0
1044.15	0	.6957033	.2979317	.006364923	0
1043.15	0	.6949439	.2983795	.006676573	0
1042.15	0	.6941915	.2988213	.006987275	0
1041.15	0	.6934459	.299257	.007297029	0
1040.15	0	.6927074	.2996868	.007605834	0
1039.15	0	.6919759	.3001104	.007913691	0
1038.15	0	.6912513	.3005281	.008220599	0
1037.15	0	.6905338	.3009396	.008526558	0
1036.15	0	.6898234	.3013451	.008831569	0
1035.15	0	.68912	.3017444	.00913563	0
1034.15	0	.6884236	.3021377	.009438741	0
1033.15	0	.6877343	.3025248	.009740902	0
1032.15	0	.6870521	.3029057	.01004211	0
1031.15	0	.6863771	.3032805	.01034237	0
1030.15	0	.6857091	.3036492	.01064168	0
1029.15	0	.6850483	.3040116	.01094004	0
1028.15	0	.6843947	.3043679	.01123744	0
1027.15	0	.6837482	.3047179	.01153389	0
1026.15	0	.6831089	.3050617	.01182938	0
1025.15	0	.6824768	.3053993	.01212393	0
1024.15	0	.6818519	.3057306	.01241751	0
1023.15	0	.6812342	.3060556	.01271014	0
1022.15	0	.6806238	.3063744	.01300181	0
1021.15	0	.6800206	.3066869	.01329252	0
1020.15	0	.6794247	.3069931	.01358227	0
1019.15	0	.678836	.307293	.01387106	0
1018.15	0	.6782546	.3075865	.01415889	0
1017.15	0	.6776805	.3078737	.01444576	0
1016.15	0	.6771138	.3081546	.01473166	0
1015.15	0	.6765543	.3084291	.01501659	0
1014.15	0	.6760022	.3086972	.01530056	0
1013.15	0	.6754574	.308959	.01558356	0
1012.15	0	.67492	.3092144	.01586559	0
1011.15	0	.67439	.3094634	.01614664	0
1010.15	0	.6738673	.3097059	.01642672	0
1009.15	0	.6733521	.3099421	.01670583	0
1008.15	0	.6728442	.3101719	.01698396	0
1007.15	0	.6723437	.3103952	.01726111	0
1006.15	0	.6718507	.310612	.01753728	0
1005.15	0	.6713651	.3108224	.01781247	0
1004.15	0	.6708869	.3110264	.01808667	0
1003.15	0	.6704162	.3112239	.01835988	0
1002.15	0	.6699529	.311415	.01863211	0
1001.15	0	.6694972	.3115995	.01890334	0
1000.15	0	.6690488	.3117776	.01917357	0
999.15	0	.668608	.3119492	.01944281	0
998.15	0	.6681746	.3121143	.01971106	0
997.15	0	.6677488	.3122729	.01997829	0
996.15	0	.6673304	.3124251	.02024453	0
995.15	0	.6669196	.3125707	.02050975	0
994.15	0	.6665163	.3127098	.02077397	0
993.15	0	.6661204	.3128424	.02103717	0
992.15	0	.6657322	.3129685	.02129935	0
991.15	0	.6653514	.3130881	.02156052	0
990.15	0	.6649782	.3132012	.02182066	0
989.15	0	.6646125	.3133077	.02207977	0
988.15	0	.6642544	.3134078	.02233785	0
987.15	0	.6639038	.3135013	.0225949	0
986.15	0	.6635607	.3135884	.02285091	0
985.15	0	.6632252	.3136689	.02310589	0
984.15	0	.6628973	.3137429	.02335981	0
983.15	0	.6625769	.3138104	.02361269	0
982.15	0	.662264	.3138715	.02386451	0
981.15	0	.6619587	.313926	.02411527	0
980.15	0	.661661	.313974	.02436497	0
979.15	0	.6613708	.3140156	.02461361	0
978.15	0	.6610881	.3140507	.02486117	0
977.15	0	.660813	.3140793	.02510765	0
976.15	0	.6605455	.3141015	.02535306	0
975.15	0	.6602854	.3141172	.02559738	0
974.15	0	.6600329	.3141265	.02584061	0
973.15	0	.6597879	.3141293	.02608274	0
972.15	0	.6595505	.3141258	.02632377	0
971.15	0	.6593205	.3141158	.02656369	0
970.15	0	.6590981	.3140994	.0268025	0
969.15	0	.6588832	.3140767	.02704018	0
968.15	0	.6586757	.3140475	.02727675	0
967.15	0	.6584757	.3140121	.02751218	0
966.15	0	.6582832	.3139703	.02774647	0
965.15	0	.6580982	.3139222	.02797962	0
964.15	0	.6579206	.3138678	.02821162	0
963.15	0	.6577504	.3138072	.02844245	0
962.15	0	.6575876	.3137402	.02867213	0
961.15	0	.6574323	.3136671	.02890063	0
960.15	0	.6572843	.3135878	.02912795	0
959.15	0	.6571437	.3135022	.02935408	0
958.15	0	.6570104	.3134106	.02957902	0
957.15	0	.6568845	.3133128	.02980275	0
956.15	0	.6567659	.3132089	.03002527	0
955.15	0	.6566545	.3130989	.03024658	0
954.15	0	.6565504	.3129829	.03046665	0
953.15	0	.6564536	.3128609	.03068548	0
952.15	0	.656364	.3127329	.03090307	0
951.15	0	.6562816	.312599	.0311194	0
950.15	0	.6562063	.3124592	.03133447	0
949.15	0	.6561382	.3123136	.03154826	0
948.15	0	.6560771	.3121621	.03176076	0
947.15	0	.6560232	.3120049	.03197197	0
946.15	0	.6559762	.3118419	.03218186	0
945.15	0	.6559363	.3116732	.03239045	0
944.15	0	.6559034	.3114989	.0325977	0
943.15	0	.6558773	.3113191	.03280361	0
942.15	0	.6558582	.3111337	.03300817	0
941.15	0	.6558459	.3109427	.03321136	0
940.15	0	.6558404	.3107464	.03341318	0
939.15	0	.6558417	.3105447	.0336136	0
938.15	0	.6558497	.3103377	.03381262	0
937.15	0	.6558643	.3101255	.03401023	0
936.15	0	.6558856	.309908	.0342064	0
935.15	0	.6559134	.3096855	.03440113	0
934.15	0	.6559477	.3094579	.0345944	0
933.15	0	.6559885	.3092253	.0347862	0
932.15	0	.6560357	.3089878	.0349765	0
931.15	0	.6560892	.3087455	.0351653	0
930.15	0	.656149	.3084984	.03535258	0
929.15	0	.656215	.3082467	.03553831	0
928.15	0	.6562871	.3079904	.03572249	0
927.15	0	.6563653	.3077296	.0359051	0
926.15	0	.6564495	.3074644	.03608611	0
925.15	0	.6565396	.3071949	.03626552	0
924.15	0	.6566355	.3069212	.03644329	0
923.15	0	.6567371	.3066435	.03661941	0
922.15	0	.6568445	.3063617	.03679386	0
921.15	0	.6569574	.306076	.03696661	0
920.15	0	.6570758	.3057866	.03713766	0
919.15	0	.6571996	.3054934	.03730697	0
918.15	0	.6573287	.3051968	.03747451	0
917.15	0	.6574629	.3048968	.03764028	0
916.15	0	.6576023	.3045935	.03780423	0
915.15	0	.6577466	.3042871	.03796636	0
914.15	0	.6578958	.3039776	.03812662	0
913.15	0	.6580497	.3036653	.038285	0
912.15	0	.6582082	.3033503	.03844147	0
911.15	0	.6583712	.3030328	.03859599	0
910.15	0	.6585386	.3027129	.03874854	0
909.15	0	.6587101	.3023908	.03889909	0
908.15	0	.6588858	.3020666	.0390476	0
907.15	0	.6590653	.3017406	.03919405	0
906.15	0	.6592486	.301413	.0393384	0
905.15	0	.6594355	.3010839	.03948061	0
904.15	0	.6596259	.3007535	.03962064	0
903.15	0	.6598195	.3004221	.03975847	0
902.15	0	.6600162	.3000898	.03989405	0
901.15	0	.6602157	.2997569	.04002733	0
900.15	0	.660418	.2994237	.04015828	0
899.15	0	.6606228	.2990904	.04028686	0
898.15	0	.6608298	.2987572	.04041302	0
897.15	0	.6610389	.2984244	.0405367	0
896.15	0	.6612498	.2980924	.04065787	0
895.15	0	.6614623	.2977613	.04077647	0
894.15	0	.6616761	.2974315	.04089244	0
893.15	0	.661891	.2971033	.04100574	0
892.15	0	.6621067	.2967771	.04111629	0
891.15	0	.6623228	.2964531	.04122405	0
890.15	0	.6625392	.2961318	.04132894	0
889.15	0	.6625583	.2960206	.04142108	0
888.15	0	.6624491	.2960485	.04150245	0
887.15	0	.6623808	.296038	.04158124	0
886.15	0	.6623517	.2959909	.04165751	0
885.15	0	.6623597	.295909	.0417313	0
884.15	0	.6624032	.2957941	.04180268	0
883.15	0	.6624805	.2956478	.04187168	0
882.15	0	.6625899	.2954718	.04193835	0
881.15	0	.6627298	.2952675	.04200273	0
880.15	0	.6628988	.2950364	.04206486	0
879.15	0	.6630954	.2947798	.04212479	0
878.15	0	.6633182	.2944992	.04218255	0
877.15	0	.663566	.2941959	.04223818	0
876.15	0	.6638374	.2938709	.04229171	0
875.15	0	.6641312	.2935257	.04234319	0
874.15	0	.6644462	.2931612	.04239263	0
873.15	0	.6647813	.2927786	.04244008	0
872.15	0	.6651354	.292379	.04248557	0
871.15	0	.6655075	.2919634	.04252912	0
870.15	0	.6658966	.2915327	.04257077	0
869.15	0	.6663016	.2910879	.04261056	0
868.15	0	.6667217	.2906299	.0426485	0
867.15	0	.6671559	.2901595	.04268463	0
866.15	0	.6676034	.2896776	.04271898	0
865.15	0	.6680634	.2891851	.04275157	0
864.15	0	.668535	.2886826	.04278244	0
863.15	0	.6690175	.2881709	.04281161	0
862.15	0	.6695102	.2876507	.04283911	0
861.15	0	.6700122	.2871228	.04286496	0
860.15	0	.6705231	.2865877	.0428892	0
859.15	0	.671042	.2860461	.04291185	0
858.15	0	.6715684	.2854987	.04293293	0
857.15	0	.6721017	.2849459	.04295248	0
856.15	0	.6726412	.2843883	.04297051	0
855.15	0	.6731864	.2838266	.04298705	0
854.15	0	.6737367	.2832611	.04300214	0
853.15	0	.6742918	.2826924	.04301579	0
852.15	0	.674851	.282121	.04302803	0
851.15	0	.6754138	.2815473	.04303888	0
850.15	0	.6759799	.2809717	.04304836	0
849.15	0	.6765488	.2803947	.04305651	0
848.15	0	.6771201	.2798166	.04306335	0
847.15	0	.6776933	.2792378	.0430689	0
846.15	0	.6782681	.2786587	.04307318	0
845.15	0	.6788441	.2780797	.04307622	0
844.15	0	.679421	.2775009	.04307804	0
843.15	0	.6799985	.2769229	.04307866	0
842.15	0	.6805761	.2763458	.0430781	0
841.15	0	.6811537	.2757699	.0430764	0
840.15	0	.6817309	.2751956	.04307356	0
839.15	0	.6823074	.274623	.04306962	0
838.15	0	.682883	.2740524	.04306459	0
837.15	0	.6834575	.273484	.04305849	0
836.15	0	.6840305	.2729181	.04305135	0
835.15	0	.6846019	.2723549	.04304319	0
834.15	0	.6851715	.2717945	.04303402	0
833.15	0	.685739	.2712371	.04302388	0
832.15	0	.6863043	.2706829	.04301277	0
831.15	0	.6868671	.2701321	.04300072	0
830.15	0	.6874274	.2695849	.04298775	0
829.15	0	.6879849	.2690413	.04297387	0
828.15	0	.6885394	.2685015	.04295911	0
827.15	0	.6890909	.2679656	.04294348	0
826.15	0	.6896393	.2674337	.04292701	0
825.15	0	.6901842	.2669061	.04290971	0
824.15	0	.6907258	.2663826	.0428916	0
823.15	0	.6912638	.2658636	.04287269	0
822.15	0	.6917981	.2653489	.04285301	0
821.15	0	.6923286	.2648388	.04283257	0
820.15	0	.6928553	.2643333	.04281139	0
819.15	0	.6933781	.2638324	.04278948	0
818.15	0	.6938968	.2633363	.04276687	0
817.15	0	.6944115	.2628449	.04274356	0
816.15	0	.694922	.2623584	.04271957	0
815.15	0	.6954283	.2618768	.04269492	0
814.15	0	.6959303	.2614001	.04266963	0
813.15	0	.696428	.2609283	.0426437	0
812.15	0	.6969213	.2604615	.04261715	0
811.15	0	.6974102	.2599998	.04259001	0
810.15	0	.6978947	.2595431	.04256227	0
809.15	0	.6983746	.2590914	.04253396	0
808.15	0	.6988501	.2586449	.04250508	0
807.15	0	.699321	.2582034	.04247566	0
806.15	0	.6997873	.257767	.0424457	0
805.15	0	.7002491	.2573357	.04241523	0
804.15	0	.7007063	.2569095	.04238424	0
803.15	0	.7011588	.2564884	.04235275	0
802.15	0	.7016068	.2560724	.04232078	0
801.15	0	.7020501	.2556615	.04228833	0
800.15	0	.7024889	.2552557	.04225542	0
799.15	0	.702923	.254855	.04222206	0
798.15	0	.7033524	.2544593	.04218826	0
797.15	0	.7037773	.2540687	.04215403	0
796.15	0	.7041975	.2536831	.04211938	0
795.15	0	.7046132	.2533025	.04208432	0
794.15	0	.7050243	.2529269	.04204887	0
793.15	0	.7054307	.2525562	.04201302	0
792.15	0	.7058327	.2521905	.0419768	0
791.15	0	.7062301	.2518297	.04194021	0
790.15	0	.7066229	.2514738	.04190325	0
789.15	0	.7070113	.2511228	.04186595	0
788.15	0	.7073951	.2507766	.0418283	0
787.15	0	.7077746	.2504351	.04179032	0
786.15	0	.7081495	.2500985	.04175201	0
785.15	0	.7085201	.2497665	.04171338	0
784.15	0	.7088862	.2494393	.04167445	0
783.15	0	.7092481	.2491167	.04163521	0
782.15	0	.7096055	.2487988	.04159568	0
781.15	0	.7099587	.2484854	.04155586	0
780.15	0	.7103076	.2481766	.04151576	0
779.15	0	.7106523	.2478723	.04147539	0
778.15	0	.7109927	.2475725	.04143475	0
777.15	0	.711329	.2472771	.04139386	0
776.15	0	.7116612	.2469861	.04135271	0
775.15	0	.7119892	.2466995	.04131131	0
774.15	0	.7123131	.2464172	.04126967	0
773.15	0	.712633	.2461392	.0412278	0
772.15	0	.7129489	.2458654	.0411857	0
771.15	0	.7132609	.2455958	.04114338	0
770.15	0	.7135688	.2453303	.04110084	0
769.15	0	.7138729	.245069	.04105809	0
768.15	0	.7141732	.2448117	.04101513	0
767.15	0	.7144696	.2445585	.04097198	0
766.15	0	.7147622	.2443092	.04092862	0
765.15	0	.715051	.2440639	.04088507	0
764.15	0	.7153362	.2438225	.04084134	0
763.15	0	.7156176	.243585	.04079742	0
762.15	0	.7158954	.2433513	.04075333	0
761.15	0	.7161696	.2431213	.04070906	0
760.15	0	.7164403	.2428951	.04066463	0
759.15	0	.7167074	.2426726	.04062002	0
758.15	0	.716971	.2424537	.04057526	0
757.15	0	.7172312	.2422385	.04053034	0
756.15	0	.7174879	.2420268	.04048527	0
755.15	0	.7177413	.2418187	.04044005	0
754.15	0	.7179913	.241614	.04039468	0
753.15	0	.718238	.2414128	.04034917	0
752.15	0	.7184815	.241215	.04030353	0
751.15	0	.7187217	.2410206	.04025774	0
750.15	0	.7189587	.2408295	.04021183	0
749.15	0	.7191926	.2406417	.04016578	0
748.15	0	.7194233	.2404571	.04011961	0
747.15	0	.7196509	.2402758	.04007332	0
746.15	0	.7198755	.2400976	.04002691	0
745.15	0	.7200971	.2399225	.03998038	0
744.15	0	.7203157	.2397506	.03993374	0
743.15	0	.7205313	.2395817	.03988698	0
742.15	0	.720744	.2394158	.03984012	0
741.15	0	.7209539	.2392529	.03979315	0
740.15	0	.7211609	.239093	.03974608	0
739.15	0	.7213651	.238936	.03969891	0
738.15	0	.7215665	.2387818	.03965164	0
737.15	0	.7217652	.2386305	.03960427	0
736.15	0	.7219612	.238482	.03955681	0
735.15	0	.7221545	.2383362	.03950926	0
734.15	0	.7223452	.2381932	.03946162	0
733.15	0	.7225332	.2380529	.03941389	0
732.15	0	.7227187	.2379153	.03936608	0
731.15	0	.7229016	.2377803	.03931818	0
730.15	0	.723082	.2376478	.03927021	0
729.15	0	.7232599	.237518	.03922216	0
728.15	0	.7234353	.2373906	.03917402	0
727.15	0	.7236084	.2372658	.03912582	0
726.15	0	.723779	.2371435	.03907754	0
725.15	0	.7239473	.2370235	.03902919	0
724.15	0	.7241132	.236906	.03898077	0
723.15	0	.7242769	.2367909	.03893229	0
722.15	0	.7244382	.2366781	.03888373	0
721.15	0	.7245973	.2365676	.03883512	0
720.15	0	.7247542	.2364594	.03878644	0
719.15	0	.7249089	.2363534	.0387377	0
718.15	0	.7250614	.2362497	.03868891	0
717.15	0	.7252118	.2361482	.03864005	0
716.15	0	.7253601	.2360488	.03859114	0
715.15	0	.7255062	.2359516	.03854218	0
714.15	0	.7256504	.2358565	.03849316	0
713.15	0	.7257925	.2357635	.0384441	0
712.15	0	.7259325	.2356725	.03839498	0
711.15	0	.7260706	.2355836	.03834581	0
710.15	0	.7262068	.2354966	.0382966	0
709.15	0	.726341	.2354117	.03824735	0
708.15	0	.7264733	.2353287	.03819805	0
707.15	0	.7266037	.2352476	.0381487	0
706.15	0	.7267322	.2351684	.03809932	0
705.15	0	.726859	.2350912	.0380499	0
704.15	0	.7269838	.2350157	.03800044	0
703.15	0	.727107	.2349421	.03795094	0
702.15	0	.7272283	.2348703	.0379014	0
701.15	0	.7273479	.2348003	.03785184	0
700.15	0	.7274657	.234732	.03780223	0
699.15	0	.7275819	.2346655	.0377526	0
698.15	0	.7276964	.2346007	.03770294	0
697.15	0	.7278092	.2345376	.03765325	0
696.15	0	.7279204	.2344761	.03760352	0
695.15	0	.7280299	.2344163	.03755378	0
694.15	0	.7281379	.2343581	.037504	0
693.15	0	.7282443	.2343015	.03745421	0
692.15	0	.7283491	.2342466	.03740439	0
691.15	0	.7284523	.2341931	.03735454	0
690.15	0	.7285541	.2341412	.03730468	0
689.15	0	.7286543	.2340909	.0372548	0
688.15	0	.7287531	.234042	.0372049	0
687.15	0	.7288504	.2339946	.03715498	0
686.15	0	.7289463	.2339487	.03710504	0
685.15	0	.7290407	.2339042	.03705509	0
684.15	0	.7291337	.2338612	.03700513	0
683.15	0	.7292253	.2338195	.03695516	0
682.15	0	.7293156	.2337793	.03690517	0
681.15	0	.7294044	.2337404	.03685517	0
680.15	0	.729492	.2337029	.03680516	0
679.15	0	.7295782	.2336666	.03675515	0
678.15	0	.7296631	.2336318	.03670512	0
677.15	0	.7297487	.2335969	.03665442	0
676.15	0	.7298309	.2335647	.03660444	0
675.15	0	.7299118	.2335338	.03655445	0
674.15	0	.7299915	.2335041	.03650446	0
673.15	0	.7300699	.2334756	.03645446	0
672.15	0	.7301472	.2334483	.03640446	0
671.15	0	.7302233	.2334223	.03635446	0
670.15	0	.7302982	.2333974	.03630445	0
669.15	0	.7303719	.2333736	.03625445	0
668.15	0	.7304445	.2333511	.03620444	0
667.15	0	.730516	.2333296	.03615444	0
666.15	0	.7305863	.2333093	.03610444	0
665.15	0	.7306555	.2332901	.03605445	0
664.15	0	.7307236	.2332719	.03600446	0
663.15	0	.7307907	.2332548	.03595448	0
662.15	0	.7308567	.2332388	.03590451	0
661.15	0	.7309216	.2332239	.03585454	0
660.15	0	.7309855	.2332099	.03580459	0
659.15	0	.7310483	.233197	.03575464	0
658.15	0	.7311101	.2331851	.03570471	0
657.15	0	.731171	.2331742	.0356548	0
656.15	0	.7312308	.2331643	.0356049	0
655.15	0	.7312897	.2331553	.03555501	0
654.15	0	.7313475	.2331473	.03550514	0
653.15	0	.7314045	.2331402	.03545529	0
652.15	0	.7314604	.2331341	.03540546	0
651.15	0	.7315155	.2331289	.03535565	0
650.15	0	.7315696	.2331246	.03530585	0
649.15	0	.7316228	.2331211	.03525609	0
648.15	0	.7316751	.2331186	.03520634	0
647.15	0	.7317265	.2331169	.03515662	0
646.15	0	.731777	.2331161	.03510693	0
645.15	0	.7318267	.2331161	.03505726	0
644.15	0	.7318755	.2331169	.03500761	0
643.15	0	.7319234	.2331186	.034958	0
642.15	0	.7319705	.2331211	.03490842	0
641.15	0	.7320168	.2331243	.03485886	0
640.15	0	.7320623	.2331284	.03480934	0
639.15	0	.7321069	.2331332	.03475985	0
638.15	0	.7321508	.2331388	.03471039	0
637.15	0	.7321939	.2331452	.03466097	0
636.15	0	.7322361	.2331523	.03461159	0
635.15	0	.7322777	.2331601	.03456224	0
634.15	0	.7323184	.2331687	.03451293	0
633.15	0	.7323584	.233178	.03446365	0
632.15	0	.7323977	.2331879	.03441442	0
631.5012	0	.7324227	.2331948	.0343825	0
631.5012	0	.7324227	.2331948	.0343825	0
631.5012	0	.7324227	.2331948	.0343825	0
631.15	0	.7326588	.2327655	.03419224	3.833953E-04
630.15	0	.7333255	.2315508	.03365278	.001470878
629.15	0	.7339841	.230347	.03311654	.002552385
628.15	0	.7346346	.2291539	.03258349	.003627986
627.15	0	.7352773	.2279714	.03205358	.004697753
626.15	0	.7359122	.2267993	.03152678	.005761754
625.15	0	.7365396	.2256373	.03100305	.006820057
624.15	0	.7371595	.2244855	.03048235	.007872731
623.15	0	.737772	.2233435	.02996463	.008919841
622.15	0	.7383773	.2222114	.02944987	.009961453
621.15	0	.7389755	.2210888	.02893802	.01099763
620.15	0	.7395668	.2199757	.02842905	.01202844
619.15	0	.7401512	.218872	.02792292	.01305394
618.15	0	.7407288	.2177774	.0274196	.0140742
617.15	0	.7412998	.2166918	.02691905	.01508927
616.15	0	.7418644	.2156152	.02642124	.01609922
615.15	0	.7424225	.2145473	.02592614	.0171041
614.15	0	.7429742	.2134881	.02543371	.01810398
613.15	0	.7435198	.2124373	.02494391	.01909891
612.15	0	.7440593	.211395	.02445672	.02008895
611.15	0	.7445928	.2103609	.02397211	.02107416
610.15	0	.7451205	.2093349	.02349004	.02205458
609.15	0	.7456423	.208317	.02301048	.02303029
608.15	0	.7461584	.2073069	.02253341	.02400132
607.15	0	.7466689	.2063046	.02205879	.02496773
606.15	0	.7471739	.2053099	.0215866	.02592958
605.15	0	.7476735	.2043228	.0211168	.02688692
604.15	0	.7481677	.2033431	.02064937	.02783979
603.15	0	.7486567	.2023708	.02018428	.02878826
602.15	0	.7491406	.2014056	.0197215	.02973235
601.15	0	.7496193	.2004475	.01926101	.03067214
600.15	0	.7500931	.1994965	.01880278	.03160767
599.15	0	.750562	.1985523	.01834678	.03253897
598.15	0	.751026	.1976149	.01789299	.03346611
597.15	0	.7514853	.1966842	.01744139	.03438912
596.15	0	.7519399	.1957601	.01699194	.03530806
595.15	0	.7523899	.1948425	.01654462	.03622296
594.15	0	.7528354	.1939314	.01609942	.03713387
593.15	0	.7532764	.1930265	.01565629	.03804085
592.15	0	.753713	.1921278	.01521524	.03894392
591.15	0	.7541454	.1912353	.01477622	.03984313
590.15	0	.7545735	.1903488	.01433921	.04073853
589.15	0	.7549974	.1894682	.01390421	.04163015
588.15	0	.7554173	.1885935	.01347117	.04251804
587.15	0	.7558331	.1877246	.01304009	.04340224
586.15	0	.7562449	.1868614	.01261093	.04428279
585.15	0	.7566528	.1860038	.01218368	.04515972
584.15	0	.7570569	.1851517	.01175833	.04603308
583.15	0	.7574572	.1843051	.01133484	.04690291
582.15	0	.7578537	.1834638	.0109132	.04776924
581.15	0	.7582466	.1826279	.01049338	.04863211
580.15	0	.7586359	.1817972	.01007538	.04949155
579.15	0	.7590217	.1809716	.009659166	.05034761
578.15	0	.7594039	.180151	.009244723	.05120032
577.15	0	.7597827	.1793355	.008832034	.05204972
576.15	0	.7601582	.1785249	.008421079	.05289584
575.15	0	.7605303	.1777192	.008011841	.05373871
574.15	0	.7608991	.1769182	.007604302	.05457838
573.15	0	.7612647	.176122	.007198444	.05541486
572.15	0	.7616271	.1753304	.006794251	.05624821
571.15	0	.7619864	.1745434	.006391706	.05707844
570.15	0	.7623427	.173761	.005990792	.0579056
569.15	0	.7626959	.1729829	.005591493	.05872971
568.15	0	.7630461	.1722093	.005193792	.0595508
567.15	0	.7633934	.17144	.004797674	.06036892
566.15	0	.7637378	.170675	.004403123	.06118408
565.15	0	.7640794	.1699142	.004010123	.06199632
564.15	0	.7644182	.1691575	.00361866	.06280567
563.15	0	.7647542	.1684049	.003228719	.06361216
562.15	0	.7650876	.1676564	.002840284	.06441582
561.15	0	.7654182	.1669118	.002453341	.06521667
560.15	0	.7657463	.1661711	.002067877	.06601475
559.15	0	.7660717	.1654343	.001683876	.06681009
558.15	0	.7663946	.1647013	.001301325	.06760271
557.15	0	.7667151	.1639721	9.2021E-04	.06839263
556.15	0	.767033	.1632466	5.405178E-04	.0691799
555.15	0	.7673486	.1625247	1.622351E-04	.06996452
554.72	0	.7674835	.1622154	0	.07030112
554.72	0	.7674835	.1622154	0	.07030112
554.15	0	.7674776	.1620956	0	.07042689
553.15	0	.7674666	.161887	0	.07064636
552.15	0	.7674551	.1616806	0	.07086434
551.15	0	.7674429	.1614762	0	.07108084
550.15	0	.7674301	.161274	0	.07129589
549.15	0	.7674168	.1610738	0	.07150949
548.15	0	.7674028	.1608756	0	.07172167
547.15	0	.7673882	.1606793	0	.07193244
546.15	0	.7673731	.1604851	0	.07214181
545.15	0	.7673574	.1602928	0	.07234981
544.15	0	.7673412	.1601024	0	.07255644
543.15	0	.7673244	.1599139	0	.07276173
542.15	0	.767307	.1597273	0	.07296568
541.15	0	.7672892	.1595425	0	.07316833
540.15	0	.7672708	.1593595	0	.07336967
539.15	0	.7672519	.1591784	0	.07356973
538.15	0	.7672325	.158999	0	.07376852
537.15	0	.7672126	.1588214	0	.07396605
536.15	0	.7671922	.1586455	0	.07416235
535.15	0	.7671713	.1584713	0	.07435743
534.15	0	.7671499	.1582988	0	.07455129
533.15	0	.767128	.158128	0	.07474396
532.15	0	.7671057	.1579588	0	.07493546
531.15	0	.767083	.1577913	0	.07512579
530.15	0	.7670597	.1576253	0	.07531496
529.15	0	.7670361	.1574609	0	.075503
528.15	0	.767012	.1572981	0	.07568992
527.15	0	.7669875	.1571368	0	.07587574
526.15	0	.7669625	.156977	0	.07606045
525.15	0	.7669372	.1568187	0	.07624409
524.15	0	.7669114	.1566619	0	.07642666
523.15	0	.7668852	.1565066	0	.07660818
522.15	0	.7668587	.1563527	0	.07678866
521.15	0	.7668317	.1562002	0	.07696812
520.15	0	.7668044	.156049	0	.07714656
519.15	0	.7667767	.1558993	0	.077324
518.15	0	.7667486	.1557509	0	.07750046
517.15	0	.7667202	.1556039	0	.07767594
516.15	0	.7666914	.1554581	0	.07785046
515.15	0	.7666623	.1553137	0	.07802403
514.15	0	.7666328	.1551705	0	.07819667
513.15	0	.766603	.1550286	0	.07836839
512.15	0	.7665728	.154888	0	.07853919
511.15	0	.7665424	.1547485	0	.0787091
510.15	0	.7665116	.1546103	0	.07887812
509.15	0	.7664805	.1544733	0	.07904627
508.15	0	.7664491	.1543374	0	.07921355
507.15	0	.7664174	.1542027	0	.07937998
506.15	0	.7663854	.1540691	0	.07954557
505.15	0	.7663531	.1539366	0	.07971034
504.15	0	.7663205	.1538052	0	.07987429
503.15	0	.7662877	.1536749	0	.08003743
502.15	0	.7662546	.1535457	0	.08019979
501.15	0	.7662212	.1534175	0	.08036135
500.15	0	.7661875	.1532903	0	.08052215
499.15	0	.7661536	.1531642	0	.08068219
498.15	0	.7661195	.153039	0	.08084147
497.15	0	.7660851	.1529149	0	.08100002
496.15	0	.7660505	.1527917	0	.08115783
495.15	0	.7660156	.1526694	0	.08131493
494.15	0	.7659806	.1525481	0	.08147132
493.15	0	.7659453	.1524277	0	.08162701
492.15	0	.7659097	.1523083	0	.08178201
491.15	0	.765874	.1521897	0	.08193633
490.15	0	.7658381	.1520719	0	.08208999
489.15	0	.7658019	.1519551	0	.08224298
488.15	0	.7657656	.1518391	0	.08239533
487.15	0	.7657291	.1517239	0	.08254703
486.15	0	.7656924	.1516095	0	.08269811
485.15	0	.7656555	.1514959	0	.08284856
484.15	0	.7656185	.1513831	0	.0829984
483.15	0	.7655813	.1512711	0	.08314764
482.15	0	.7655439	.1511598	0	.08329628
481.15	0	.7655063	.1510493	0	.08344434
480.15	0	.7654686	.1509395	0	.08359182
479.15	0	.7654308	.1508305	0	.08373873
478.15	0	.7653928	.1507221	0	.08388509
477.15	0	.7653547	.1506144	0	.08403089
476.15	0	.7653164	.1505074	0	.08417614
475.15	0	.765278	.1504011	0	.08432087
474.15	0	.7652395	.1502954	0	.08446506
473.15	0	.7652009	.1501904	0	.08460874
472.15	0	.7651621	.150086	0	.0847519
471.15	0	.7651233	.1499822	0	.08489457
470.15	0	.7650843	.149879	0	.08503673
469.15	0	.7650452	.1497764	0	.08517841
468.15	0	.7650061	.1496743	0	.08531961
467.15	0	.7649668	.1495729	0	.08546033
466.15	0	.7649275	.1494719	0	.08560059
465.15	0	.764888	.1493716	0	.08574039
464.15	0	.7648485	.1492717	0	.08587974
463.15	0	.764809	.1491724	0	.08601865
462.15	0	.7647693	.1490736	0	.08615711
461.15	0	.7647296	.1489753	0	.08629515
460.15	0	.7646898	.1488774	0	.08643276
459.15	0	.76465	.1487801	0	.08656995
458.15	0	.7646101	.1486832	0	.08670674
457.15	0	.7645702	.1485867	0	.08684312
456.15	0	.7645302	.1484907	0	.0869791
455.15	0	.7644902	.1483952	0	.08711469
454.15	0	.7644501	.1483	0	.08724989
453.15	0	.76441	.1482053	0	.08738471
452.15	0	.7643699	.1481109	0	.08751916
451.15	0	.7643298	.148017	0	.08765325
450.15	0	.7642896	.1479234	0	.08778697
449.15	0	.7642495	.1478301	0	.08792036
448.15	0	.7642094	.1477372	0	.08805342
447.15	0	.7641693	.1476445	0	.08818613
446.15	0	.7641293	.1475522	0	.08831851
445.15	0	.7640892	.1474602	0	.08845057
444.15	0	.7640492	.1473685	0	.08858232
443.15	0	.7640092	.147277	0	.08871376
442.15	0	.7639693	.1471858	0	.0888449
441.15	0	.7639295	.1470948	0	.08897576
440.15	0	.7638897	.147004	0	.08910632
439.15	0	.76385	.1469134	0	.08923661
438.15	0	.7638104	.1468229	0	.08936663
437.15	0	.7637709	.1467327	0	.08949639
436.15	0	.7637315	.1466426	0	.08962589
435.15	0	.7636923	.1465526	0	.08975515
434.15	0	.7636531	.1464628	0	.08988416
433.15	0	.7636141	.146373	0	.09001293
432.15	0	.7635752	.1462834	0	.09014147
431.15	0	.7635364	.1461938	0	.09026978
430.15	0	.7634978	.1461043	0	.09039787
429.15	0	.7634594	.1460149	0	.09052575
428.15	0	.7634211	.1459255	0	.09065342
427.15	0	.763383	.1458361	0	.09078088
426.15	0	.7633451	.1457468	0	.09090815
425.15	0	.7633073	.1456574	0	.09103521
424.15	0	.7632698	.1455681	0	.09116209
423.15	0	.7632324	.1454788	0	.09128878
422.15	0	.7631952	.1453895	0	.09141529
421.15	0	.7631583	.1453001	0	.09154163
420.15	0	.7631215	.1452107	0	.09166779
419.15	0	.763085	.1451213	0	.09179377
418.15	0	.7630486	.1450318	0	.0919196
417.15	0	.7630125	.1449422	0	.09204526
416.15	0	.7629766	.1448526	0	.09217076
415.15	0	.762941	.1447629	0	.09229611
414.15	0	.7629055	.1446732	0	.09242131
413.15	0	.7628703	.1445833	0	.09254636
412.15	0	.7628354	.1444934	0	.09267126
411.15	0	.7628007	.1444033	0	.09279602
410.15	0	.7627662	.1443132	0	.09292065
409.15	0	.762732	.1442229	0	.09304513
408.15	0	.762698	.1441325	0	.09316948
407.15	0	.7626643	.144042	0	.0932937
406.15	0	.7626308	.1439514	0	.09341779
405.15	0	.7625976	.1438606	0	.09354175
404.15	0	.7625647	.1437697	0	.09366559
403.15	0	.762532	.1436787	0	.0937893
402.15	0	.7624996	.1435875	0	.0939129
401.15	0	.7624675	.1434962	0	.09403637
400.15	0	.7624356	.1434047	0	.09415973
399.15	0	.762404	.143313	0	.09428298
398.15	0	.7623726	.1432212	0	.09440611
397.15	0	.7623416	.1431293	0	.09452913
396.15	0	.7623108	.1430372	0	.09465204
395.15	0	.7622803	.1429449	0	.09477485
394.15	0	.76225	.1428524	0	.09489754
393.15	0	.7622201	.1427598	0	.09502014
392.15	0	.7621904	.142667	0	.09514262
391.15	0	.762161	.142574	0	.09526501
390.15	0	.7621319	.1424808	0	.09538729
389.15	0	.762103	.1423875	0	.09550947
388.15	0	.7620745	.142294	0	.09563155
387.15	0	.7620462	.1422003	0	.09575353
386.15	0	.7620182	.1421064	0	.09587542
385.15	0	.7619905	.1420123	0	.09599721
384.15	0	.7619631	.141918	0	.0961189
383.15	0	.7619359	.1418236	0	.09624049
382.15	0	.7619091	.141729	0	.096362
381.15	0	.7618825	.1416341	0	.0964834
380.15	0	.7618562	.1415391	0	.09660472
379.15	0	.7618301	.1414439	0	.09672594
378.15	0	.7618044	.1413485	0	.09684707
377.15	0	.7617789	.141253	0	.0969681
376.15	0	.7617538	.1411572	0	.09708905
375.15	0	.7617289	.1410612	0	.0972099
374.15	0	.7617042	.1409651	0	.09733067
373.15	0	.7616799	.1408688	0	.09745134
372.15	0	.7616558	.1407722	0	.09757192
371.15	0	.7616321	.1406755	0	.09769241
370.15	0	.7616086	.1405786	0	.09781281
369.15	0	.7615853	.1404816	0	.09793312
368.15	0	.7615624	.1403843	0	.09805335
367.15	0	.7615397	.1402868	0	.09817348
366.15	0	.7615173	.1401892	0	.09829352
365.15	0	.7614951	.1400914	0	.09841347
364.15	0	.7614733	.1399934	0	.09853334
363.15	0	.7614517	.1398952	0	.09865311
362.15	0	.7614303	.1397969	0	.0987728
361.15	0	.7614093	.1396983	0	.09889239
360.15	0	.7613885	.1395996	0	.09901189
359.15	0	.761368	.1395007	0	.09913131
358.15	0	.7613477	.1394017	0	.09925063
357.15	0	.7613277	.1393024	0	.09936987
356.15	0	.7613079	.139203	0	.09948901
355.15	0	.7612885	.1391035	0	.09960806
354.15	0	.7612693	.1390037	0	.09972702
353.15	0	.7612503	.1389038	0	.09984589
352.15	0	.7612316	.1388038	0	.09996467
351.15	0	.7612131	.1387035	0	.1000834
350.15	0	.7611949	.1386031	0	.100202
349.15	0	.761177	.1385026	0	.1003205
348.15	0	.7611593	.1384019	0	.1004389
347.15	0	.7611418	.138301	0	.1005572
346.15	0	.7611246	.1382	0	.1006754
345.15	0	.7611076	.1380989	0	.1007935
344.15	0	.7610909	.1379975	0	.1009116
343.15	0	.7610744	.1378961	0	.1010295
342.15	0	.7610582	.1377945	0	.1011473
341.15	0	.7610422	.1376928	0	.1012651
