T	 BPW(LIQUID)	BPW(BCC_A2)	BPW(FCC_A1)	BPW(LAVES_PHASE_C14)	BPW(NI3TI)
1473.15	0	.9679716	.03202841	0	0
1472.15	0	.9653678	.03463217	0	0
1471.15	0	.9627711	.03722888	0	0
1470.15	0	.9601815	.03981853	0	0
1469.15	0	.9575989	.04240115	0	0
1468.15	0	.9550233	.04497674	0	0
1467.15	0	.9524547	.04754531	0	0
1466.15	0	.9498931	.05010688	0	0
1465.15	0	.9473386	.05266144	0	0
1464.15	0	.944791	.05520902	0	0
1463.15	0	.9422504	.05774961	0	0
1462.15	0	.9397168	.06028324	0	0
1461.15	0	.9371901	.0628099	0	0
1460.15	0	.9346704	.06532962	0	0
1459.15	0	.9321576	.06784239	0	0
1458.15	0	.9296518	.07034824	0	0
1457.15	0	.9271529	.07284715	0	0
1456.15	0	.9246608	.07533916	0	0
1455.15	0	.9221757	.07782426	0	0
1454.15	0	.9196975	.08030246	0	0
1453.15	0	.9172262	.08277377	0	0
1452.15	0	.9147618	.08523821	0	0
1451.15	0	.9123042	.08769577	0	0
1450.15	0	.9098535	.09014647	0	0
1449.15	0	.9074097	.09259032	0	0
1448.15	0	.9049727	.09502732	0	0
1447.15	0	.9025425	.09745748	0	0
1446.15	0	.9001192	.09988082	0	0
1445.15	0	.8977027	.1022973	0	0
1444.15	0	.895293	.104707	0	0
1443.15	0	.8928901	.1071099	0	0
1442.15	0	.890494	.109506	0	0
1441.15	0	.8881047	.1118953	0	0
1440.15	0	.8857222	.1142778	0	0
1439.15	0	.8833464	.1166536	0	0
1438.15	0	.8809774	.1190226	0	0
1437.15	0	.8786152	.1213848	0	0
1436.15	0	.8762598	.1237402	0	0
1435.15	0	.8739111	.126089	0	0
1434.15	0	.8715691	.1284309	0	0
1433.15	0	.8692338	.1307662	0	0
1432.15	0	.8669053	.1330947	0	0
1431.15	0	.8645835	.1354165	0	0
1430.15	0	.8622685	.1377315	0	0
1429.15	0	.8599601	.1400399	0	0
1428.15	0	.8576584	.1423416	0	0
1427.15	0	.8553635	.1446366	0	0
1426.15	0	.8530752	.1469248	0	0
1425.15	0	.8507936	.1492064	0	0
1424.15	0	.8485186	.1514814	0	0
1423.15	0	.8462504	.1537496	0	0
1422.15	0	.8439888	.1560112	0	0
1421.15	0	.8417339	.1582661	0	0
1420.15	0	.8394856	.1605144	0	0
1419.15	0	.837244	.162756	0	0
1418.15	0	.835009	.164991	0	0
1417.15	0	.8327806	.1672194	0	0
1416.15	0	.8305589	.1694411	0	0
1415.15	0	.8283439	.1716561	0	0
1414.15	0	.8261354	.1738646	0	0
1413.15	0	.8239336	.1760664	0	0
1412.15	0	.8217383	.1782617	0	0
1411.15	0	.8195497	.1804503	0	0
1410.15	0	.8173677	.1826323	0	0
1409.15	0	.8151923	.1848077	0	0
1408.15	0	.8130235	.1869765	0	0
1407.15	0	.8108613	.1891387	0	0
1406.15	0	.8087057	.1912943	0	0
1405.15	0	.8065566	.1934434	0	0
1404.15	0	.8044142	.1955858	0	0
1403.15	0	.8022783	.1977217	0	0
1402.15	0	.800149	.199851	0	0
1401.15	0	.7980263	.2019738	0	0
1400.15	0	.7959101	.2040899	0	0
1399.15	0	.7938005	.2061995	0	0
1398.15	0	.7916974	.2083026	0	0
1397.15	0	.789601	.2103991	0	0
1396.15	0	.787511	.212489	0	0
1395.15	0	.7854276	.2145724	0	0
1394.15	0	.7833508	.2166492	0	0
1393.15	0	.7812805	.2187195	0	0
1392.15	0	.7792168	.2207832	0	0
1391.15	0	.7771596	.2228404	0	0
1390.15	0	.7751089	.2248911	0	0
1389.15	0	.7730648	.2269352	0	0
1388.15	0	.7710273	.2289728	0	0
1387.15	0	.7689962	.2310038	0	0
1386.15	0	.7669717	.2330283	0	0
1385.15	0	.7649537	.2350463	0	0
1384.15	0	.7629423	.2370578	0	0
1383.15	0	.7609373	.2390627	0	0
1382.15	0	.7589389	.2410611	0	0
1381.15	0	.756947	.243053	0	0
1380.15	0	.7549617	.2450383	0	0
1379.15	0	.7529829	.2470171	0	0
1378.15	0	.7510106	.2489894	0	0
1377.15	0	.7490448	.2509552	0	0
1376.15	0	.7470855	.2529145	0	0
1375.15	0	.7451328	.2548672	0	0
1374.15	0	.7431866	.2568135	0	0
1373.15	0	.7412469	.2587531	0	0
1372.15	0	.7393137	.2606863	0	0
1371.15	0	.737387	.262613	0	0
1370.15	0	.7354669	.2645331	0	0
1369.15	0	.7335532	.2664468	0	0
1368.15	0	.7316461	.2683539	0	0
1367.15	0	.7297456	.2702545	0	0
1366.15	0	.7278515	.2721485	0	0
1365.15	0	.7259639	.2740361	0	0
1364.15	0	.7240829	.2759171	0	0
1363.15	0	.7222084	.2777916	0	0
1362.15	0	.7203405	.2796595	0	0
1361.15	0	.718479	.281521	0	0
1360.15	0	.7166241	.2833759	0	0
1359.15	0	.7147757	.2852243	0	0
1358.15	0	.7129339	.2870661	0	0
1357.15	0	.7110985	.2889015	0	0
1356.15	0	.7092697	.2907303	0	0
1355.15	0	.7074475	.2925525	0	0
1354.15	0	.7056317	.2943683	0	0
1353.15	0	.7038226	.2961775	0	0
1352.15	0	.7020199	.2979801	0	0
1351.15	0	.7002238	.2997762	0	0
1350.15	0	.6984343	.3015657	0	0
1349.15	0	.6966513	.3033488	0	0
1348.15	0	.6948748	.3051252	0	0
1347.15	0	.6931049	.3068951	0	0
1346.15	0	.6913416	.3086584	0	0
1345.15	0	.6895848	.3104152	0	0
1344.15	0	.6878346	.3121654	0	0
1343.15	0	.6860909	.3139091	0	0
1342.15	0	.6843538	.3156462	0	0
1341.15	0	.6826233	.3173767	0	0
1340.15	0	.6808994	.3191006	0	0
1339.15	0	.6791821	.320818	0	0
1338.15	0	.6774713	.3225287	0	0
1337.15	0	.6757671	.3242329	0	0
1336.15	0	.6740695	.3259305	0	0
1335.15	0	.6723786	.3276214	0	0
1334.15	0	.6706942	.3293058	0	0
1333.15	0	.6690164	.3309836	0	0
1332.15	0	.6673453	.3326548	0	0
1331.15	0	.6656807	.3343193	0	0
1330.15	0	.6640228	.3359772	0	0
1329.15	0	.6623715	.3376285	0	0
1328.15	0	.6607268	.3392732	0	0
1327.15	0	.6590888	.3409112	0	0
1326.15	0	.6574574	.3425426	0	0
1325.15	0	.6558327	.3441673	0	0
1324.15	0	.6542146	.3457854	0	0
1323.15	0	.6526032	.3473968	0	0
1322.15	0	.6509984	.3490016	0	0
1321.15	0	.6494003	.3505997	0	0
1320.15	0	.6478089	.3521911	0	0
1319.15	0	.6462242	.3537758	0	0
1318.15	0	.6446462	.3553538	0	0
1317.15	0	.6430749	.3569252	0	0
1316.15	0	.6415102	.3584898	0	0
1315.15	0	.6399523	.3600477	0	0
1314.15	0	.6384011	.3615989	0	0
1313.15	0	.6368566	.3631434	0	0
1312.15	0	.6353189	.3646811	0	0
1311.15	0	.6337879	.3662121	0	0
1310.15	0	.6322636	.3677364	0	0
1309.15	0	.6307461	.3692539	0	0
1308.15	0	.6292354	.3707646	0	0
1307.15	0	.6277314	.3722686	0	0
1306.15	0	.6262342	.3737658	0	0
1305.15	0	.6247438	.3752562	0	0
1304.15	0	.6232602	.3767398	0	0
1303.15	0	.6217834	.3782166	0	0
1302.15	0	.6203134	.3796866	0	0
1301.15	0	.6188503	.3811498	0	0
1300.15	0	.6173939	.3826061	0	0
1299.15	0	.6159444	.3840556	0	0
1298.15	0	.6145017	.3854983	0	0
1297.15	0	.6130659	.3869341	0	0
1296.15	0	.611637	.388363	0	0
1295.15	0	.6102149	.3897851	0	0
1294.15	0	.6087998	.3912003	0	0
1293.15	0	.6073915	.3926085	0	0
1292.15	0	.6059901	.3940099	0	0
1291.15	0	.6045956	.3954044	0	0
1290.15	0	.6032081	.3967919	0	0
1289.15	0	.6018275	.3981725	0	0
1288.15	0	.6004538	.3995462	0	0
1287.15	0	.5990871	.4009129	0	0
1286.15	0	.5977273	.4022727	0	0
1285.15	0	.5963746	.4036254	0	0
1284.15	0	.5950288	.4049712	0	0
1283.15	0	.59369	.40631	0	0
1282.15	0	.5923582	.4076418	0	0
1281.15	0	.5910335	.4089665	0	0
1280.15	0	.5897157	.4102843	0	0
1279.15	0	.588405	.411595	0	0
1278.15	0	.5871014	.4128986	0	0
1277.15	0	.5858048	.4141952	0	0
1276.15	0	.5845153	.4154847	0	0
1275.15	0	.5832329	.4167671	0	0
1274.15	0	.5819576	.4180424	0	0
1273.15	0	.5806895	.4193105	0	0
1272.15	0	.5794284	.4205716	0	0
1271.15	0	.5781745	.4218255	0	0
1270.15	0	.5769277	.4230723	0	0
1269.15	0	.5756881	.4243119	0	0
1268.15	0	.5744557	.4255443	0	0
1267.15	0	.5732304	.4267696	0	0
1266.15	0	.5720124	.4279876	0	0
1265.15	0	.5708015	.4291985	0	0
1264.15	0	.5695979	.4304021	0	0
1263.15	0	.5684016	.4315984	0	0
1262.15	0	.5672125	.4327875	0	0
1261.15	0	.5660306	.4339694	0	0
1260.15	0	.5648561	.4351439	0	0
1259.15	0	.5636888	.4363112	0	0
1258.15	0	.5625289	.4374711	0	0
1257.15	0	.5613763	.4386237	0	0
1256.15	0	.560231	.439769	0	0
1255.15	0	.5590931	.4409069	0	0
1254.15	0	.5579625	.4420375	0	0
1253.15	0	.5568393	.4431607	0	0
1252.15	0	.5557235	.4442765	0	0
1251.15	0	.5546152	.4453848	0	0
1250.15	0	.5535142	.4464858	0	0
1249.15	0	.5524207	.4475793	0	0
1248.15	0	.5513347	.4486654	0	0
1247.15	0	.5502561	.4497439	0	0
1246.15	0	.549185	.450815	0	0
1245.15	0	.5481214	.4518786	0	0
1244.15	0	.5470653	.4529347	0	0
1243.15	0	.5460168	.4539832	0	0
1242.15	0	.5449758	.4550242	0	0
1241.15	0	.5439424	.4560576	0	0
1240.15	0	.5429165	.4570835	0	0
1239.15	0	.5418983	.4581017	0	0
1238.15	0	.5408876	.4591124	0	0
1237.15	0	.5398846	.4601154	0	0
1236.15	0	.5388892	.4611108	0	0
1235.15	0	.5379015	.4620985	0	0
1234.15	0	.5369215	.4630785	0	0
1233.15	0	.5359492	.4640508	0	0
1232.15	0	.5349846	.4650154	0	0
1231.15	0	.5340277	.4659723	0	0
1230.15	0	.5330785	.4669215	0	0
1229.15	0	.5321371	.4678629	0	0
1228.15	0	.5312035	.4687965	0	0
1227.15	0	.5302777	.4697223	0	0
1226.15	0	.5293597	.4706403	0	0
1225.15	0	.5284496	.4715504	0	0
1224.15	0	.5275473	.4724527	0	0
1223.15	0	.5266528	.4733472	0	0
1222.15	0	.5257663	.4742338	0	0
1221.15	0	.5248876	.4751124	0	0
1220.15	0	.5240168	.4759832	0	0
1219.15	0	.523154	.476846	0	0
1218.15	0	.5222992	.4777008	0	0
1217.15	0	.5214523	.4785477	0	0
1216.15	0	.5206134	.4793866	0	0
1215.15	0	.5197825	.4802175	0	0
1214.15	0	.5189597	.4810403	0	0
1213.15	0	.5181449	.4818551	0	0
1212.15	0	.5173381	.4826619	0	0
1211.15	0	.5165395	.4834605	0	0
1210.15	0	.5157489	.4842511	0	0
1209.15	0	.5149665	.4850336	0	0
1208.15	0	.5141921	.4858078	0	0
1207.15	0	.513426	.486574	0	0
1206.15	0	.512668	.487332	0	0
1205.15	0	.5119182	.4880818	0	0
1204.15	0	.5111767	.4888233	0	0
1203.15	0	.5104433	.4895567	0	0
1202.15	0	.5097182	.4902818	0	0
1201.15	0	.5090014	.4909986	0	0
1200.15	0	.5082929	.4917071	0	0
1199.15	0	.5075927	.4924073	0	0
1198.15	0	.5069008	.4930992	0	0
1197.827	0	.5066791	.4933209	0	0
1197.827	0	.5066791	.4933209	0	0
1197.827	0	.5066791	.4933209	0	0
1197.15	0	.505607	.4941321	2.608758E-04	0
1196.15	0	.5040333	.4953217	6.450322E-04	0
1195.15	0	.5024712	.496501	.001027843	0
1194.15	0	.5009208	.4976699	.001409312	0
1193.15	0	.4993821	.4988284	.001789442	0
1192.15	0	.4978552	.4999765	.002168238	0
1191.15	0	.4963401	.5011142	.002545702	0
1190.15	0	.4948368	.5022414	.002921839	0
1189.15	0	.4933453	.503358	.003296652	0
1188.15	0	.4918658	.5044641	.003670145	0
1187.15	0	.4903982	.5055595	.004042322	0
1186.15	0	.4889425	.5066443	.004413185	0
1185.15	0	.4874989	.5077183	.004782739	0
1184.15	0	.4860674	.5087816	.005150987	0
1183.15	0	.4846479	.5098342	.005517932	0
1182.15	0	.4832406	.5108759	.005883579	0
1181.15	0	.4818454	.5119067	.00624793	0
1180.15	0	.4804624	.5129266	.00661099	0
1179.15	0	.4790917	.5139356	.006972761	0
1178.15	0	.4777332	.5149335	.007333248	0
1177.15	0	.4763871	.5159204	.007692453	0
1176.15	0	.4750534	.5168962	.008050381	0
1175.15	0	.473732	.5178609	.008407034	0
1174.15	0	.4724231	.5188145	.008762416	0
1173.15	0	.4711267	.5197568	.009116531	0
1172.15	0	.4698428	.5206878	.009469382	0
1171.15	0	.4685715	.5216076	.009820972	0
1170.15	0	.4673127	.522516	.01017131	0
1169.15	0	.4660667	.523413	.01052039	0
1168.15	0	.4648333	.5242985	.01086822	0
1167.15	0	.4636126	.5251726	.0112148	0
1166.15	0	.4624047	.5260352	.01156014	0
1165.15	0	.4612095	.5268862	.01190424	0
1164.15	0	.4600273	.5277256	.0122471	0
1163.15	0	.4588579	.5285534	.01258873	0
1162.15	0	.4577015	.5293694	.01292913	0
1161.15	0	.456558	.5301737	.0132683	0
1160.15	0	.4554275	.5309662	.01360625	0
1159.15	0	.4543101	.5317469	.01394298	0
1158.15	0	.4532058	.5325157	.01427849	0
1157.15	0	.4521146	.5332726	.01461279	0
1156.15	0	.4510366	.5340175	.01494588	0
1155.15	0	.4499718	.5347505	.01527777	0
1154.15	0	.4489201	.5354714	.01560846	0
1153.15	0	.4478819	.5361802	.01593794	0
1152.15	0	.446857	.5368768	.01626622	0
1151.15	0	.4458454	.5375613	.01659332	0
1150.15	0	.4448473	.5382335	.01691922	0
1149.15	0	.4438626	.5388934	.01724394	0
1148.15	0	.4428915	.5395411	.01756747	0
1147.15	0	.4419338	.5401763	.01788982	0
1146.15	0	.4409898	.5407992	.018211	0
1145.15	0	.4400594	.5414096	.018531	0
1144.15	0	.4391426	.5420076	.01884984	0
1143.15	0	.4382395	.542593	.0191675	0
1142.15	0	.4373502	.5431658	.01948401	0
1141.15	0	.4364746	.543726	.01979935	0
1140.15	0	.4356129	.5442736	.02011354	0
1139.15	0	.434765	.5448084	.02042658	0
1138.15	0	.433931	.5453306	.02073846	0
1137.15	0	.4331109	.5458399	.0210492	0
1136.15	0	.4323048	.5463364	.0213588	0
1135.15	0	.4315127	.54682	.02166725	0
1134.15	0	.4307347	.5472907	.02197457	0
1133.15	0	.4299707	.5477485	.02228076	0
1132.15	0	.4292209	.5481933	.02258582	0
1131.15	0	.4284852	.548625	.02288975	0
1130.15	0	.4277637	.5490437	.02319256	0
1129.15	0	.4270565	.5494493	.02349424	0
1128.15	0	.4263635	.5498417	.02379481	0
1127.15	0	.4256848	.550221	.02409427	0
1126.15	0	.4250204	.550587	.02439262	0
1125.15	0	.4243704	.5509397	.02468986	0
1124.15	0	.4237349	.5512792	.02498599	0
1123.15	0	.4231137	.5516053	.02528103	0
1122.15	0	.422507	.551918	.02557497	0
1121.15	0	.4219149	.5522173	.02586782	0
1120.15	0	.4213372	.5525032	.02615957	0
1119.15	0	.4207741	.5527756	.02645024	0
1118.15	0	.4202257	.5530345	.02673983	0
1117.15	0	.4196918	.5532798	.02702834	0
1116.15	0	.4191726	.5535116	.02731577	0
1115.15	0	.4186681	.5537297	.02760212	0
1114.15	0	.4181784	.5539342	.02788741	0
1113.15	0	.4177033	.5541251	.02817163	0
1112.15	0	.417243	.5543022	.02845479	0
1111.15	0	.4167976	.5544655	.02873689	0
1110.15	0	.4163669	.5546151	.02901793	0
1109.15	0	.4159511	.5547509	.02929792	0
1108.15	0	.4155502	.5548729	.02957686	0
1107.15	0	.4151642	.554981	.02985475	0
1106.15	0	.4147931	.5550753	.0301316	0
1105.15	0	.414437	.5551556	.03040741	0
1104.15	0	.4140958	.555222	.03068218	0
1103.15	0	.4137696	.5552745	.03095592	0
1102.15	0	.4134584	.555313	.03122863	0
1101.15	0	.4131623	.5553374	.03150031	0
1100.15	0	.4128812	.5553479	.03177097	0
1099.15	0	.4126151	.5553443	.03204062	0
1098.15	0	.4123641	.5553266	.03230924	0
1097.15	0	.4121283	.5552949	.03257686	0
1096.15	0	.4119075	.555249	.03284346	0
1095.15	0	.4117019	.5551891	.03310906	0
1094.15	0	.4115114	.555115	.03337366	0
1093.15	0	.411336	.5550267	.03363725	0
1092.15	0	.4111759	.5549243	.03389985	0
1091.15	0	.4110308	.5548077	.03416146	0
1090.15	0	.410901	.5546769	.03442208	0
1089.15	0	.4107863	.5545319	.03468172	0
1088.15	0	.4106869	.5543727	.03494037	0
1087.15	0	.4106026	.5541993	.03519805	0
1086.15	0	.4105336	.5540117	.03545475	0
1085.15	0	.4104797	.5538098	.03571048	0
1084.15	0	.4104411	.5535937	.03596523	0
1083.15	0	.4104177	.5533633	.03621903	0
1082.15	0	.4104095	.5531187	.03647186	0
1081.15	0	.4104164	.5528598	.03672374	0
1080.15	0	.4104387	.5525867	.03697466	0
1079.15	0	.410476	.5522993	.03722462	0
1078.15	0	.4105286	.5519977	.03747364	0
1077.15	0	.4105964	.5516819	.03772172	0
1076.15	0	.4106794	.5513518	.03796885	0
1075.15	0	.4107775	.5510074	.03821505	0
1074.15	0	.4108908	.5506489	.03846031	0
1073.15	0	.4110193	.5502761	.03870464	0
1072.15	0	.4111629	.5498891	.03894804	0
1071.15	0	.4113216	.5494879	.03919052	0
1070.15	0	.4114954	.5490725	.03943208	0
1069.15	0	.4116843	.548643	.03967271	0
1068.15	0	.4118883	.5481993	.03991244	0
1067.15	0	.4121073	.5477414	.04015125	0
1066.15	0	.4123414	.5472694	.04038916	0
1065.15	0	.4125905	.5467834	.04062616	0
1064.15	0	.4128545	.5462832	.04086225	0
1063.15	0	.4131335	.545769	.04109745	0
1062.15	0	.4134275	.5452408	.04133176	0
1061.15	0	.4137363	.5446985	.04156517	0
1060.15	0	.41406	.5441423	.0417977	0
1059.15	0	.4143986	.5435721	.04202934	0
1058.15	0	.4147519	.542988	.0422601	0
1057.15	0	.41512	.54239	.04248997	0
1056.15	0	.4155029	.5417782	.04271898	0
1055.15	0	.4159004	.5411525	.04294711	0
1054.15	0	.4163126	.540513	.04317437	0
1053.15	0	.4167394	.5398598	.04340076	0
1052.15	0	.4171808	.5391929	.04362629	0
1051.15	0	.4176367	.5385124	.04385097	0
1050.15	0	.418107	.5378182	.04407478	0
1049.15	0	.4185918	.5371104	.04429774	0
1048.15	0	.419091	.5363891	.04451985	0
1047.15	0	.4196045	.5356544	.04474111	0
1046.15	0	.4201323	.5349062	.04496152	0
1045.15	0	.4206743	.5341446	.04518109	0
1044.15	0	.4212305	.5333697	.04539982	0
1043.15	0	.4218008	.5325815	.04561772	0
1042.15	0	.4223851	.5317801	.04583478	0
1041.15	0	.4229834	.5309656	.04605101	0
1040.15	0	.4235956	.530138	.04626641	0
1039.15	0	.4242217	.5292973	.04648099	0
1038.15	0	.4248616	.5284437	.04669474	0
1037.15	0	.4255152	.5275771	.04690767	0
1036.15	0	.4261825	.5266977	.04711979	0
1035.15	0	.4268634	.5258056	.04733108	0
1034.15	0	.4275577	.5249007	.04754157	0
1033.15	0	.4282655	.5239832	.04775125	0
1032.15	0	.4289867	.5230532	.04796011	0
1031.15	0	.4297211	.5221107	.04816817	0
1030.15	0	.4304688	.5211558	.04837543	0
1029.15	0	.4312296	.5201886	.04858189	0
1028.15	0	.4320034	.5192091	.04878755	0
1027.15	0	.4327902	.5182174	.04899241	0
1026.15	0	.4335898	.5172137	.04919647	0
1025.15	0	.4344022	.516198	.04939975	0
1024.15	0	.4352274	.5151704	.04960223	0
1023.15	0	.4360651	.514131	.04980392	0
1022.15	0	.4369153	.5130799	.05000483	0
1021.15	0	.437778	.5120171	.05020495	0
1020.15	0	.438653	.5109428	.05040429	0
1019.15	0	.4395402	.509857	.05060285	0
1018.15	0	.4404395	.5087599	.05080062	0
1017.15	0	.4413509	.5076515	.05099762	0
1016.15	0	.4422741	.506532	.05119384	0
1015.15	0	.4432092	.5054015	.05138929	0
1014.15	0	.4441561	.50426	.05158396	0
1013.15	0	.4451145	.5031077	.05177786	0
1012.15	0	.4460844	.5019446	.05197098	0
1011.15	0	.4470658	.5007709	.05216334	0
1010.15	0	.4480584	.4995867	.05235492	0
1009.15	0	.4490622	.4983921	.05254574	0
1008.15	0	.450077	.4971872	.05273578	0
1007.15	0	.4511028	.4959721	.05292506	0
1006.15	0	.4521394	.494747	.05311357	0
1005.15	0	.4531867	.4935119	.05330132	0
1004.15	0	.4542447	.492267	.05348829	0
1003.15	0	.455313	.4910125	.05367451	0
1002.15	0	.4563918	.4897483	.05385995	0
1001.15	0	.4574807	.4884746	.05404463	0
1000.15	0	.4585798	.4871917	.05422855	0
999.15	0	.4596888	.4858995	.0544117	0
998.15	0	.4608077	.4845982	.05459408	0
997.15	0	.4619363	.483288	.05477569	0
996.15	0	.4630745	.481969	.05495654	0
995.15	0	.4642222	.4806412	.05513662	0
994.15	0	.4653791	.4793049	.05531593	0
993.15	0	.4665453	.4779602	.05549448	0
992.15	0	.4677205	.4766072	.05567225	0
991.15	0	.4689047	.475246	.05584924	0
990.15	0	.4700977	.4738769	.05602547	0
989.15	0	.4712992	.4724998	.05620092	0
988.15	0	.4725093	.4711151	.0563756	0
987.15	0	.4737278	.4697227	.05654949	0
986.15	0	.4749545	.4683229	.05672261	0
985.15	0	.4761893	.4669157	.05689494	0
984.15	0	.4774321	.4655014	.05706649	0
983.15	0	.4786826	.4640801	.05723725	0
982.15	0	.4799408	.462652	.05740722	0
981.15	0	.4812065	.4612171	.0575764	0
980.15	0	.4824796	.4597757	.05774478	0
979.15	0	.4837598	.4583278	.05791236	0
978.15	0	.4850472	.4568737	.05807914	0
977.15	0	.4863414	.4554135	.05824512	0
976.15	0	.4876424	.4539473	.05841028	0
975.15	0	.48895	.4524753	.05857462	0
974.15	0	.4902641	.4509977	.05873815	0
973.15	0	.4915845	.4495147	.05890086	0
972.15	0	.492911	.4480263	.05906273	0
971.15	0	.4942435	.4465327	.05922377	0
970.15	0	.4955818	.4450342	.05938398	0
969.15	0	.4969258	.4435309	.05954333	0
968.15	0	.4982753	.4420228	.05970184	0
967.15	0	.4996302	.4405103	.05985949	0
966.15	0	.5009902	.4389935	.06001628	0
965.15	0	.5023553	.4374725	.06017219	0
964.15	0	.5037253	.4359475	.06032723	0
963.15	0	.5050999	.4344187	.06048138	0
962.15	0	.5064791	.4328863	.06063464	0
961.15	0	.5078626	.4313504	.06078699	0
960.15	0	.5092504	.4298112	.06093844	0
959.15	0	.5106421	.4282689	.06108897	0
958.15	0	.5120378	.4267237	.06123857	0
957.15	0	.5134371	.4251757	.06138723	0
956.15	0	.5146627	.4237906	.06154668	0
955.15	0	.5158614	.4224313	.06170737	0
954.15	0	.5170901	.4210444	.06186553	0
953.15	0	.5183473	.4196315	.0620212	0
952.15	0	.5196319	.4181937	.06217442	0
951.15	0	.5209425	.4167322	.06232526	0
950.15	0	.5222779	.4152484	.06247375	0
949.15	0	.5236368	.4137433	.06261993	0
948.15	0	.5250181	.412218	.06276384	0
947.15	0	.5264208	.4106737	.06290553	0
946.15	0	.5278436	.4091114	.06304501	0
945.15	0	.5292855	.4075322	.06318233	0
944.15	0	.5307456	.4059369	.06331751	0
943.15	0	.5322228	.4043266	.06345059	0
942.15	0	.5337161	.4027023	.0635816	0
941.15	0	.5352248	.4010647	.06371056	0
940.15	0	.5367477	.3994148	.0638375	0
939.15	0	.5382842	.3977534	.06396243	0
938.15	0	.5398333	.3960813	.0640854	0
937.15	0	.5413942	.3943994	.0642064	0
936.15	0	.5429662	.3927083	.06432547	0
935.15	0	.5445484	.3910089	.06444263	0
934.15	0	.5461402	.3893019	.06455789	0
933.15	0	.5477408	.3875879	.06467128	0
932.15	0	.5493496	.3858676	.0647828	0
931.15	0	.5509658	.3841417	.06489248	0
930.15	0	.5525888	.3824109	.06500033	0
929.15	0	.554218	.3806756	.06510636	0
928.15	0	.5558528	.3789366	.06521059	0
927.15	0	.5574925	.3771944	.06531303	0
926.15	0	.5591367	.3754496	.0654137	0
925.15	0	.5607847	.3737027	.0655126	0
924.15	0	.5624361	.3719542	.06560975	0
923.15	0	.5640902	.3702046	.06570516	0
922.15	0	.5657467	.3684545	.06579885	0
921.15	0	.5674049	.3667043	.06589081	0
920.15	0	.5690645	.3649545	.06598106	0
919.15	0	.5707249	.3632055	.06606961	0
918.15	0	.5723858	.3614578	.06615647	0
917.15	0	.5740466	.3597117	.06624165	0
916.15	0	.5757071	.3579678	.06632515	0
915.15	0	.5773667	.3562263	.06640699	0
914.15	0	.5790251	.3544877	.06648717	0
913.15	0	.5806819	.3527524	.06656571	0
912.15	0	.5823367	.3510207	.0666426	0
911.15	0	.5839892	.3492929	.06671786	0
910.15	0	.585639	.3475695	.06679149	0
909.15	0	.5872858	.3458507	.06686351	0
908.15	0	.5889292	.3441369	.06693391	0
907.15	0	.590569	.3424283	.06700271	0
906.15	0	.5922048	.3407253	.06706991	0
905.15	0	.5938363	.3390282	.06713552	0
904.15	0	.5954632	.3373372	.06719955	0
903.15	0	.5970853	.3356527	.06726201	0
902.15	0	.5987023	.3339748	.06732289	0
901.15	0	.6003139	.3323039	.06738222	0
900.15	0	.6019198	.3306402	.06743999	0
899.15	0	.6035198	.328984	.06749622	0
898.15	0	.6051136	.3273355	.0675509	0
897.15	0	.6067011	.3256949	.06760406	0
896.15	0	.6082819	.3240624	.06765569	0
895.15	0	.6098559	.3224383	.0677058	0
894.15	0	.6114228	.3208228	.06775441	0
893.15	0	.6129825	.319216	.06780151	0
892.15	0	.6145346	.3176183	.06784713	0
891.15	0	.6160791	.3160296	.06789125	0
890.15	0	.6176157	.3144504	.06793391	0
889.15	0	.6191442	.3128807	.06797509	0
888.15	0	.6206645	.3113207	.06801482	0
887.15	0	.6221764	.3097705	.0680531	0
886.15	0	.6236796	.3082304	.06808994	0
885.15	0	.6251741	.3067005	.06812535	0
884.15	0	.6266597	.305181	.06815934	0
883.15	0	.6281362	.3036719	.06819192	0
882.15	0	.6296035	.3021734	.0682231	0
881.15	0	.6310613	.3006858	.06825289	0
880.15	0	.6325097	.299209	.0682813	0
879.15	0	.6339485	.2977432	.06830834	0
878.15	0	.6353774	.2962886	.06833402	0
877.15	0	.6367965	.2948452	.06835835	0
876.15	0	.6382055	.2934132	.06838135	0
875.15	0	.6396044	.2919926	.06840302	0
874.15	0	.640993	.2905836	.06842339	0
873.15	0	.6423713	.2891862	.06844245	0
872.15	0	.6437392	.2878006	.06846022	0
871.15	0	.6450965	.2864268	.06847672	0
870.15	0	.6464431	.2850649	.06849196	0
869.15	0	.6477791	.283715	.06850595	0
868.15	0	.6491042	.2823771	.0685187	0
867.15	0	.6504185	.2810513	.06853022	0
866.15	0	.6517218	.2797377	.06854054	0
865.15	0	.6530141	.2784362	.06854966	0
864.15	0	.6542954	.277147	.06855759	0
863.15	0	.6555655	.2758701	.06856435	0
862.15	0	.6568245	.2746056	.06856996	0
861.15	0	.6580722	.2733533	.06857443	0
860.15	0	.6593087	.2721135	.06857777	0
859.15	0	.660534	.2708861	.06857999	0
858.15	0	.6617479	.269671	.06858111	0
857.15	0	.6629504	.2684684	.06858115	0
856.15	0	.6641416	.2672782	.06858012	0
855.15	0	.6653215	.2661005	.06857803	0
854.15	0	.6664899	.2649352	.06857489	0
853.15	0	.667647	.2637823	.06857073	0
852.15	0	.6687927	.2626418	.06856555	0
851.15	0	.669927	.2615136	.06855937	0
850.15	0	.6710499	.2603979	.0685522	0
849.15	0	.6721615	.2592945	.06854406	0
848.15	0	.6732617	.2582033	.06853496	0
847.15	0	.6743507	.2571244	.06852492	0
846.15	0	.6754283	.2560578	.06851394	0
845.15	0	.6764947	.2550033	.06850205	0
844.15	0	.6775498	.2539609	.06848926	0
843.15	0	.6785938	.2529307	.06847557	0
842.15	0	.6796266	.2519124	.06846101	0
841.15	0	.6806484	.2509061	.06844559	0
840.15	0	.6816591	.2499116	.06842931	0
839.15	0	.6826588	.248929	.06841219	0
838.15	0	.6836476	.2479582	.06839425	0
837.15	0	.6846255	.246999	.0683755	0
836.15	0	.6855926	.2460514	.06835595	0
835.15	0	.686549	.2451154	.06833561	0
834.15	0	.6874947	.2441908	.0683145	0
833.15	0	.6884299	.2432775	.06829262	0
832.15	0	.6893545	.2423755	.06826998	0
831.15	0	.6902687	.2414847	.06824661	0
830.15	0	.6911725	.240605	.06822251	0
829.15	0	.6920661	.2397362	.06819769	0
828.15	0	.6929494	.2388784	.06817215	0
827.15	0	.6938227	.2380314	.06814593	0
826.15	0	.694686	.237195	.06811901	0
825.15	0	.6955393	.2363692	.06809142	0
824.15	0	.6963829	.235554	.06806317	0
823.15	0	.6972167	.2347491	.06803425	0
822.15	0	.6980408	.2339545	.06800469	0
821.15	0	.6988554	.2331701	.06797449	0
820.15	0	.6996606	.2323958	.06794366	0
819.15	0	.7004564	.2316314	.06791221	0
818.15	0	.701243	.2308769	.06788016	0
817.15	0	.7020204	.2301321	.06784749	0
816.15	0	.7027888	.229397	.06781424	0
815.15	0	.7035482	.2286714	.0677804	0
814.15	0	.7042988	.2279552	.06774598	0
813.15	0	.7050407	.2272483	.06771099	0
812.15	0	.7057739	.2265507	.06767544	0
811.15	0	.7064986	.2258621	.06763934	0
810.15	0	.7072148	.2251825	.06760269	0
809.15	0	.7079227	.2245118	.0675655	0
808.15	0	.7086224	.2238498	.06752777	0
807.15	0	.7093139	.2231965	.06748952	0
806.15	0	.7099974	.2225518	.06745076	0
805.15	0	.710673	.2219155	.06741147	0
804.15	0	.7113408	.2212875	.06737169	0
803.15	0	.7120008	.2206678	.0673314	0
802.15	0	.7126532	.2200562	.06729062	0
801.15	0	.7132981	.2194526	.06724936	0
800.15	0	.7139355	.2188569	.06720761	0
799.15	0	.7145656	.218269	.06716539	0
798.15	0	.7151885	.2176888	.0671227	0
797.481	0	.7156011	.217305	.06709388	0
797.481	0	.7156011	.217305	.06709388	0
797.481	0	.7156011	.217305	.06709388	0
797.15	0	.717204	.2152158	.0665236	.001056524
796.15	0	.7219609	.2090014	.06482043	.004217317
795.15	0	.7265927	.2029286	.06314598	.007332811
794.15	0	.731103	.1969934	.0614996	.01040397
793.15	0	.7354953	.1911923	.05988068	.01343171
792.15	0	.739773	.1855214	.05828861	.01641695
791.15	0	.7439393	.1799774	.05672278	.01936055
790.15	0	.7479972	.1745568	.05518264	.02226335
789.15	0	.7519498	.1692564	.05366763	.02512618
788.15	0	.7558	.164073	.0521772	.02794983
787.15	0	.7595505	.1590036	.05071084	.03073507
786.15	0	.7632042	.1540452	.04926803	.03348265
785.15	0	.7667636	.1491949	.04784828	.03619329
784.15	0	.7702312	.14445	.04645111	.03886771
783.15	0	.7736096	.1398078	.04507606	.04150658
782.15	0	.7769011	.1352657	.04372265	.04411059
781.15	0	.780108	.1308211	.04239046	.04668037
780.15	0	.7832326	.1264718	.04107905	.04921657
779.15	0	.7862771	.1222151	.03978799	.0517198
778.15	0	.7892435	.118049	.03851687	.05419067
777.15	0	.7921339	.1139711	.0372653	.05662975
776.15	0	.7949502	.1099793	.03603287	.05903763
775.15	0	.7976945	.1060714	.03481921	.06141486
774.15	0	.8003686	.1022455	.03362395	.06376199
773.15	0	.8029743	.09849946	.03244671	.06607955
772.15	0	.8055134	.09483145	.03128714	.06836805
771.15	0	.8079875	.09123957	.03014489	.07062802
770.15	0	.8103984	.08772199	.02901961	.07285995
769.15	0	.8127478	.08427692	.02791098	.07506433
768.15	0	.8150371	.08090263	.02681867	.07724163
767.15	0	.8172679	.07759744	.02574235	.07939231
766.15	0	.8194418	.0743597	.02468171	.08151684
765.15	0	.8215601	.07118782	.02363645	.08361566
764.15	0	.8236243	.06808024	.02260626	.08568921
763.15	0	.8256358	.06503543	.02159085	.08773793
762.15	0	.8275959	.06205193	.02058993	.08976222
761.15	0	.829506	.05912828	.01960322	.09176251
760.15	0	.8313673	.05626308	.01863043	.0937392
759.15	0	.8331811	.05345496	.0176713	.09569268
758.15	0	.8349485	.05070259	.01672555	.09762336
757.15	0	.8366708	.04800465	.01579293	.0995316
756.15	0	.8383492	.04535987	.01487319	.1014178
755.15	0	.8399847	.04276701	.01396605	.1032823
754.15	0	.8415784	.04022487	.01307129	.1051255
753.15	0	.8431314	.03773225	.01218866	.1069477
752.15	0	.8446448	.035288	.01131791	.1087493
751.15	0	.8461196	.032891	.01045882	.1105306
750.15	0	.8475568	.03054015	.009611163	.1122919
749.15	0	.8489572	.02823437	.008774703	.1140337
748.15	0	.850322	.02597262	.007949226	.1157562
747.15	0	.8516519	.02375387	.007134514	.1174597
746.15	0	.8529479	.02157713	.006330356	.1191446
745.15	0	.8542109	.01944141	.005536543	.1208111
744.15	0	.8554417	.01734578	.004752871	.1224596
743.15	0	.8566412	.01528929	.00397914	.1240904
742.15	0	.8578101	.01327104	.003215154	.1257037
741.15	0	.8589493	.01129015	.002460719	.1272999
740.15	0	.8600594	.009345753	.001715648	.1288792
739.15	0	.8611414	.007436997	9.797538E-04	.1304419
738.15	0	.8621958	.005563063	2.528557E-04	.1319882
737.7993	0	.8625593	.004913894	0	.1325268
737.7993	0	.8625593	.004913894	0	.1325268
737.15	0	.8625053	.004865438	0	.1326292
736.15	0	.8624201	.004796612	0	.1327833
735.15	0	.8623323	.004734684	0	.132933
734.15	0	.8622421	.004679495	0	.1330785
733.15	0	.8621494	.00463089	0	.1332197
732.15	0	.8620545	.004588717	0	.1333568
731.15	0	.8619573	.004552826	0	.1334899
730.15	0	.8618579	.00452307	0	.1336191
729.15	0	.8617563	.004499306	0	.1337444
728.15	0	.8616528	.004481392	0	.1338659
727.15	0	.8615472	.004469189	0	.1339837
726.15	0	.8614396	.004462564	0	.1340978
725.15	0	.8613302	.004461381	0	.1342084
724.15	0	.861219	.004465512	0	.1343155
723.15	0	.861106	.004474828	0	.1344192
722.15	0	.8609912	.004489204	0	.1345196
721.15	0	.8608748	.004508517	0	.1346167
720.15	0	.8607567	.004532646	0	.1347106
719.15	0	.8606371	.004561475	0	.1348014
718.15	0	.8605159	.004594887	0	.1348892
717.15	0	.8603933	.00463277	0	.1349739
716.15	0	.8602692	.004675011	0	.1350557
715.15	0	.8601438	.004721503	0	.1351347
714.15	0	.860017	.00477214	0	.1352109
713.15	0	.8598888	.004826816	0	.1352844
712.15	0	.8597594	.004885429	0	.1353551
711.15	0	.8596288	.004947881	0	.1354233
710.15	0	.859497	.005014072	0	.1354889
709.15	0	.859364	.005083907	0	.1355521
708.15	0	.8592299	.005157292	0	.1356128
707.15	0	.8590947	.005234135	0	.1356711
706.15	0	.8589585	.005314346	0	.1357272
705.15	0	.8588212	.005397836	0	.1357809
704.15	0	.858683	.00548452	0	.1358325
703.15	0	.8585438	.005574313	0	.1358819
702.15	0	.8584037	.005667132	0	.1359292
701.15	0	.8582627	.005762897	0	.1359744
700.15	0	.8581208	.005861528	0	.1360177
699.15	0	.8579781	.005962949	0	.1360589
698.15	0	.8578346	.006067082	0	.1360983
697.15	0	.8576903	.006173854	0	.1361358
696.15	0	.8575453	.006283193	0	.1361716
695.15	0	.8573995	.006395027	0	.1362055
694.15	0	.857253	.006509287	0	.1362377
693.15	0	.8571058	.006625905	0	.1362683
692.15	0	.856958	.006744815	0	.1362972
691.15	0	.8568096	.006865951	0	.1363245
690.15	0	.8566605	.006989251	0	.1363503
689.15	0	.8565108	.007114652	0	.1363745
688.15	0	.8563606	.007242093	0	.1363973
687.15	0	.8562098	.007371515	0	.1364186
686.15	0	.8560586	.007502859	0	.1364386
685.15	0	.8559068	.00763607	0	.1364572
684.15	0	.8557545	.007771091	0	.1364744
683.15	0	.8556017	.007907868	0	.1364904
682.15	0	.8554485	.008046348	0	.1365052
681.15	0	.8552948	.008186479	0	.1365187
680.15	0	.8551408	.00832821	0	.136531
679.15	0	.8549863	.008471492	0	.1365422
678.15	0	.8548315	.008616277	0	.1365522
677.15	0	.8546763	.008762516	0	.1365612
676.15	0	.8545207	.008910164	0	.1365691
675.15	0	.8543648	.009059175	0	.136576
674.15	0	.8542086	.009209506	0	.1365819
673.15	0	.8540521	.009361112	0	.1365868
672.15	0	.8538953	.009513952	0	.1365908
671.15	0	.8537382	.009667984	0	.1365938
670.15	0	.8535808	.009823168	0	.136596
669.15	0	.8534232	.009979464	0	.1365973
668.15	0	.8532654	.01013684	0	.1365978
667.15	0	.8531073	.01029524	0	.1365975
666.15	0	.852949	.01045465	0	.1365964
665.15	0	.8527905	.01061502	0	.1365945
664.15	0	.8526318	.01077632	0	.1365919
663.15	0	.852473	.01093851	0	.1365885
662.15	0	.8523139	.01110156	0	.1365845
661.15	0	.8521548	.01126544	0	.1365798
660.15	0	.8519954	.01143012	0	.1365745
659.15	0	.851836	.01159556	0	.1365685
658.15	0	.8516763	.01176173	0	.1365619
657.15	0	.8515166	.01192861	0	.1365547
656.15	0	.8513568	.01209617	0	.136547
655.15	0	.8511969	.01226437	0	.1365387
654.15	0	.8510369	.01243319	0	.1365299
653.15	0	.8508768	.0126026	0	.1365206
652.15	0	.8507167	.01277257	0	.1365107
651.15	0	.8505565	.01294308	0	.1365004
650.15	0	.8503962	.01311411	0	.1364897
649.15	0	.8502359	.01328563	0	.1364785
648.15	0	.8500755	.0134576	0	.1364669
647.15	0	.8499152	.01363002	0	.1364548
646.15	0	.8497548	.01380286	0	.1364424
645.15	0	.8495944	.0139761	0	.1364295
644.15	0	.8494339	.0141497	0	.1364164
643.15	0	.8492735	.01432366	0	.1364028
642.15	0	.8491131	.01449794	0	.1363889
641.15	0	.8489527	.01467254	0	.1363747
640.15	0	.8487924	.01484743	0	.1363602
639.15	0	.848632	.01502258	0	.1363454
638.15	0	.8484717	.01519799	0	.1363303
637.15	0	.8483114	.01537363	0	.1363149
636.15	0	.8481512	.01554948	0	.1362993
635.15	0	.8479911	.01572552	0	.1362834
634.15	0	.8478309	.01590175	0	.1362673
633.15	0	.8476709	.01607813	0	.136251
632.15	0	.8475109	.01625466	0	.1362344
631.15	0	.847351	.01643132	0	.1362176
630.15	0	.8471912	.01660809	0	.1362007
629.15	0	.8470315	.01678495	0	.1361836
628.15	0	.8468719	.0169619	0	.1361662
627.15	0	.8467123	.01713891	0	.1361488
626.15	0	.8465529	.01731597	0	.1361311
625.15	0	.8463936	.01749307	0	.1361133
624.15	0	.8462344	.0176702	0	.1360954
623.15	0	.8460753	.01784733	0	.1360774
622.15	0	.8459163	.01802446	0	.1360592
621.15	0	.8457575	.01820157	0	.136041
620.15	0	.8455987	.01837865	0	.1360226
619.15	0	.8454402	.01855569	0	.1360041
618.15	0	.8452818	.01873267	0	.1359856
617.15	0	.8451235	.01890959	0	.135967
616.15	0	.8449653	.01908643	0	.1359482
615.15	0	.8448073	.01926318	0	.1359295
614.15	0	.8446495	.01943983	0	.1359107
613.15	0	.8444919	.01961637	0	.1358918
612.15	0	.8443344	.01979279	0	.1358729
611.15	0	.844177	.01996907	0	.1358539
610.15	0	.8440199	.02014521	0	.1358349
609.15	0	.8438629	.0203212	0	.1358159
608.15	0	.8437061	.02049703	0	.1357969
607.15	0	.8435495	.02067268	0	.1357779
606.15	0	.843393	.02084816	0	.1357588
605.15	0	.8432368	.02102344	0	.1357398
604.15	0	.8430808	.02119852	0	.1357207
603.15	0	.8429249	.02137339	0	.1357017
602.15	0	.8427693	.02154805	0	.1356827
601.15	0	.8426139	.02172248	0	.1356637
600.15	0	.8424586	.02189668	0	.1356447
599.15	0	.8423036	.02207064	0	.1356257
598.15	0	.8421488	.02224435	0	.1356068
597.15	0	.8419942	.0224178	0	.1355879
596.15	0	.8418399	.02259098	0	.1355691
595.15	0	.8416858	.0227639	0	.1355503
594.15	0	.8415319	.02293653	0	.1355316
593.15	0	.8413782	.02310887	0	.1355129
592.15	0	.8412247	.02328093	0	.1354943
591.15	0	.8410715	.02345268	0	.1354758
590.15	0	.8409186	.02362413	0	.1354573
589.15	0	.8407659	.02379526	0	.1354389
588.15	0	.8406134	.02396607	0	.1354205
587.15	0	.8404611	.02413656	0	.1354023
586.15	0	.8403092	.02430671	0	.1353841
585.15	0	.8401575	.02447653	0	.135366
584.15	0	.840006	.024646	0	.135348
583.15	0	.8398548	.02481512	0	.1353301
582.15	0	.8397038	.02498389	0	.1353123
581.15	0	.8395531	.02515229	0	.1352946
580.15	0	.8394027	.02532033	0	.135277
579.15	0	.8392526	.02548799	0	.1352594
578.15	0	.8391027	.02565528	0	.135242
577.15	0	.8389531	.02582218	0	.1352247
576.15	0	.8388038	.0259887	0	.1352075
575.15	0	.8386547	.02615482	0	.1351905
574.15	0	.838506	.02632055	0	.1351735
573.15	0	.8383575	.02648587	0	.1351567
572.15	0	.8382093	.02665079	0	.1351399
571.15	0	.8380614	.02681529	0	.1351234
570.15	0	.8379137	.02697938	0	.1351069
569.15	0	.8377664	.02714305	0	.1350905
568.15	0	.8376194	.02730629	0	.1350743
567.15	0	.8374727	.0274691	0	.1350582
566.15	0	.8373262	.02763148	0	.1350423
565.15	0	.8371801	.02779342	0	.1350265
564.15	0	.8370343	.02795492	0	.1350108
563.15	0	.8368887	.02811598	0	.1349953
562.15	0	.8367435	.02827658	0	.1349799
561.15	0	.8365986	.02843673	0	.1349646
560.15	0	.836454	.02859642	0	.1349495
559.15	0	.8363098	.02875565	0	.1349346
558.15	0	.8361658	.02891442	0	.1349198
557.15	0	.8360222	.02907272	0	.1349051
556.15	0	.8358789	.02923054	0	.1348906
555.15	0	.8357359	.02938789	0	.1348762
554.15	0	.8355932	.02954476	0	.134862
553.15	0	.8354509	.02970115	0	.134848
552.15	0	.8353089	.02985706	0	.1348341
551.15	0	.8351672	.03001247	0	.1348204
550.15	0	.8350258	.03016739	0	.1348068
549.15	0	.8348848	.03032182	0	.1347934
548.15	0	.8347441	.03047575	0	.1347801
547.15	0	.8346038	.03062918	0	.134767
546.15	0	.8344638	.0307821	0	.1347541
545.15	0	.8343242	.03093451	0	.1347413
544.15	0	.8341848	.03108642	0	.1347287
543.15	0	.8340459	.03123781	0	.1347163
542.15	0	.8339073	.03138868	0	.134704
541.15	0	.833769	.03153904	0	.134692
540.15	0	.8336311	.03168887	0	.13468
539.15	0	.8334936	.03183818	0	.1346683
538.15	0	.8333564	.03198697	0	.1346567
537.15	0	.8332195	.03213522	0	.1346453
536.15	0	.833083	.03228294	0	.134634
535.15	0	.8329469	.03243013	0	.134623
534.15	0	.8328112	.03257677	0	.1346121
533.15	0	.8326758	.03272288	0	.1346014
532.15	0	.8325407	.03286845	0	.1345908
531.15	0	.8324061	.03301347	0	.1345805
530.15	0	.8322718	.03315794	0	.1345703
529.15	0	.8321379	.03330187	0	.1345603
528.15	0	.8320044	.03344524	0	.1345504
527.15	0	.8318712	.03358806	0	.1345408
526.15	0	.8317384	.03373032	0	.1345313
525.15	0	.831606	.03387202	0	.134522
524.15	0	.831474	.03401317	0	.1345129
523.15	0	.8313423	.03415374	0	.1345039
522.15	0	.8312111	.03429376	0	.1344952
521.15	0	.8310802	.03443321	0	.1344866
520.15	0	.8309497	.03457208	0	.1344782
519.15	0	.8308196	.03471039	0	.13447
518.15	0	.8306899	.03484812	0	.134462
517.15	0	.8305606	.03498528	0	.1344542
516.15	0	.8304317	.03512186	0	.1344465
515.15	0	.8303031	.03525786	0	.134439
514.15	0	.830175	.03539327	0	.1344317
513.15	0	.8300473	.03552811	0	.1344246
512.15	0	.82992	.03566236	0	.1344177
511.15	0	.829793	.03579602	0	.134411
510.15	0	.8296665	.0359291	0	.1344044
509.15	0	.8295404	.03606158	0	.134398
508.15	0	.8294147	.03619347	0	.1343919
507.15	0	.8292894	.03632477	0	.1343859
506.15	0	.8291645	.03645547	0	.1343801
505.15	0	.82904	.03658558	0	.1343744
504.15	0	.8289159	.03671508	0	.134369
503.15	0	.8287923	.03684398	0	.1343637
502.15	0	.8286691	.03697228	0	.1343587
501.15	0	.8285462	.03709998	0	.1343538
500.15	0	.8284238	.03722707	0	.1343491
499.15	0	.8283019	.03735355	0	.1343446
498.15	0	.8281803	.03747943	0	.1343403
497.15	0	.8280592	.03760469	0	.1343361
496.15	0	.8279385	.03772934	0	.1343322
495.15	0	.8278182	.03785338	0	.1343284
494.15	0	.8276983	.0379768	0	.1343249
493.15	0	.8275789	.03809961	0	.1343215
492.15	0	.8274599	.0382218	0	.1343183
491.15	0	.8273414	.03834337	0	.1343153
490.15	0	.8272232	.03846431	0	.1343124
489.15	0	.8271056	.03858464	0	.1343098
488.15	0	.8269883	.03870434	0	.1343073
487.15	0	.8268715	.03882342	0	.1343051
486.15	0	.8267551	.03894187	0	.134303
485.15	0	.8266392	.03905969	0	.1343011
484.15	0	.8265237	.03917689	0	.1342994
483.15	0	.8264087	.03929345	0	.1342979
482.15	0	.8262941	.03940938	0	.1342965
481.15	0	.8261799	.03952468	0	.1342954
480.15	0	.8260662	.03963935	0	.1342944
479.15	0	.825953	.03975338	0	.1342937
478.15	0	.8258402	.03986678	0	.134293
477.15	0	.8257278	.03997953	0	.1342926
476.15	0	.8256159	.04009165	0	.1342924
475.15	0	.8255045	.04020313	0	.1342924
474.15	0	.8253935	.04031397	0	.1342925
473.15	0	.825283	.04042417	0	.1342929
472.15	0	.8251729	.04053372	0	.1342934
471.15	0	.8250633	.04064263	0	.1342941
470.15	0	.8249541	.0407509	0	.134295
469.15	0	.8248454	.04085852	0	.134296
468.15	0	.8247372	.04096549	0	.1342973
467.15	0	.8246295	.04107181	0	.1342987
466.15	0	.8245222	.04117749	0	.1343003
465.15	0	.8244154	.04128251	0	.1343021
464.15	0	.824309	.04138688	0	.1343041
463.15	0	.8242031	.04149061	0	.1343063
462.15	0	.8240977	.04159368	0	.1343086
461.15	0	.8239928	.04169609	0	.1343111
460.15	0	.8238883	.04179785	0	.1343138
459.15	0	.8237843	.04189896	0	.1343167
458.15	0	.8236808	.04199941	0	.1343198
457.15	0	.8235777	.04209921	0	.134323
456.15	0	.8234752	.04219834	0	.1343265
455.15	0	.8233731	.04229682	0	.1343301
454.15	0	.8232715	.04239464	0	.1343339
453.15	0	.8231704	.0424918	0	.1343378
452.15	0	.8230698	.0425883	0	.134342
451.15	0	.8229696	.04268414	0	.1343463
450.15	0	.8228699	.04277931	0	.1343508
449.15	0	.8227708	.04287373	0	.1343554
448.15	0	.8226722	.04296747	0	.1343603
447.15	0	.8225741	.04306052	0	.1343654
446.15	0	.8224766	.04315289	0	.1343706
445.15	0	.8223795	.04324456	0	.134376
444.15	0	.8222829	.04333551	0	.1343815
443.15	0	.8221869	.04342576	0	.1343873
442.15	0	.8220915	.04351528	0	.1343932
441.15	0	.8219966	.04360406	0	.1343994
440.15	0	.8219022	.04369211	0	.1344057
439.15	0	.8218084	.04377942	0	.1344122
438.15	0	.8217152	.04386596	0	.1344188
437.15	0	.8216226	.04395176	0	.1344257
436.15	0	.8215305	.04403678	0	.1344327
435.15	0	.821439	.04412104	0	.1344399
434.15	0	.8213482	.04420452	0	.1344473
433.15	0	.8212579	.04428722	0	.1344549
432.15	0	.8211682	.04436914	0	.1344627
431.15	0	.8210791	.04445027	0	.1344706
430.15	0	.8209907	.0445306	0	.1344788
429.15	0	.8209028	.04461014	0	.1344871
428.15	0	.8208156	.04468888	0	.1344955
427.15	0	.820729	.04476681	0	.1345042
426.15	0	.820643	.04484394	0	.1345131
425.15	0	.8205576	.04492026	0	.1345221
424.15	0	.8204729	.04499577	0	.1345313
423.15	0	.8203888	.04507047	0	.1345407
