T	 BPW(LIQUID)	BPW(BCC_A2)	BPW(FCC_A1)	BPW(LAVES_PHASE_C14)	BPW(NI3TI)
1473.15	0	1	0	0	0
1472.15	0	1	0	0	0
1471.15	0	1	0	0	0
1470.15	0	1	0	0	0
1469.15	0	1	0	0	0
1468.15	0	1	0	0	0
1467.15	0	1	0	0	0
1466.15	0	1	0	0	0
1465.15	0	1	0	0	0
1464.15	0	1	0	0	0
1463.15	0	1	0	0	0
1462.15	0	1	0	0	0
1461.15	0	1	0	0	0
1460.15	0	1	0	0	0
1459.15	0	1	0	0	0
1458.15	0	1	0	0	0
1457.15	0	1	0	0	0
1456.15	0	1	0	0	0
1455.15	0	1	0	0	0
1454.15	0	1	0	0	0
1453.15	0	1	0	0	0
1452.15	0	1	0	0	0
1451.15	0	1	0	0	0
1450.15	0	1	0	0	0
1449.15	0	1	0	0	0
1448.15	0	1	0	0	0
1447.15	0	1	0	0	0
1446.15	0	1	0	0	0
1445.15	0	1	0	0	0
1444.15	0	1	0	0	0
1443.15	0	1	0	0	0
1442.15	0	1	0	0	0
1441.15	0	1	0	0	0
1440.15	0	1	0	0	0
1439.15	0	1	0	0	0
1438.15	0	1	0	0	0
1437.15	0	1	0	0	0
1436.15	0	1	0	0	0
1435.15	0	1	0	0	0
1434.15	0	1	0	0	0
1433.15	0	1	0	0	0
1432.15	0	1	0	0	0
1431.15	0	1	0	0	0
1430.15	0	1	0	0	0
1429.15	0	1	0	0	0
1428.15	0	1	0	0	0
1427.15	0	1	0	0	0
1426.15	0	1	0	0	0
1425.15	0	1	0	0	0
1424.15	0	1	0	0	0
1423.15	0	1	0	0	0
1422.15	0	1	0	0	0
1421.15	0	1	0	0	0
1420.15	0	1	0	0	0
1419.15	0	1	0	0	0
1418.15	0	1	0	0	0
1417.15	0	1	0	0	0
1416.15	0	1	0	0	0
1415.15	0	1	0	0	0
1414.15	0	1	0	0	0
1413.15	0	1	0	0	0
1412.15	0	1	0	0	0
1411.15	0	1	0	0	0
1410.15	0	1	0	0	0
1409.15	0	1	0	0	0
1408.15	0	1	0	0	0
1407.15	0	1	0	0	0
1406.15	0	1	0	0	0
1405.15	0	1	0	0	0
1404.15	0	1	0	0	0
1403.15	0	1	0	0	0
1402.15	0	1	0	0	0
1401.15	0	1	0	0	0
1400.15	0	1	0	0	0
1399.15	0	1	0	0	0
1398.15	0	1	0	0	0
1397.15	0	1	0	0	0
1396.15	0	1	0	0	0
1395.15	0	1	0	0	0
1394.15	0	1	0	0	0
1393.15	0	1	0	0	0
1392.15	0	1	0	0	0
1391.15	0	1	0	0	0
1390.15	0	1	0	0	0
1389.15	0	1	0	0	0
1388.15	0	1	0	0	0
1387.15	0	1	0	0	0
1386.15	0	1	0	0	0
1385.15	0	1	0	0	0
1384.15	0	1	0	0	0
1383.15	0	1	0	0	0
1382.15	0	1	0	0	0
1381.15	0	1	0	0	0
1380.15	0	1	0	0	0
1379.15	0	1	0	0	0
1378.15	0	1	0	0	0
1377.15	0	1	0	0	0
1376.15	0	1	0	0	0
1375.15	0	1	0	0	0
1374.15	0	1	0	0	0
1373.15	0	1	0	0	0
1372.15	0	1	0	0	0
1371.15	0	1	0	0	0
1370.15	0	1	0	0	0
1369.15	0	1	0	0	0
1368.15	0	1	0	0	0
1367.15	0	1	0	0	0
1366.15	0	1	0	0	0
1365.15	0	1	0	0	0
1364.15	0	1	0	0	0
1363.15	0	1	0	0	0
1362.15	0	1	0	0	0
1361.15	0	1	0	0	0
1360.15	0	1	0	0	0
1359.15	0	1	0	0	0
1358.15	0	1	0	0	0
1357.15	0	1	0	0	0
1356.15	0	1	0	0	0
1355.15	0	1	0	0	0
1354.15	0	1	0	0	0
1353.15	0	1	0	0	0
1352.15	0	1	0	0	0
1351.15	0	1	0	0	0
1350.15	0	1	0	0	0
1349.15	0	1	0	0	0
1348.15	0	1	0	0	0
1347.15	0	1	0	0	0
1346.15	0	1	0	0	0
1345.15	0	1	0	0	0
1344.15	0	1	0	0	0
1343.15	0	1	0	0	0
1342.15	0	1	0	0	0
1341.15	0	1	0	0	0
1340.15	0	1	0	0	0
1339.15	0	1	0	0	0
1338.15	0	1	0	0	0
1337.15	0	1	0	0	0
1336.15	0	1	0	0	0
1335.15	0	1	0	0	0
1334.15	0	1	0	0	0
1333.15	0	1	0	0	0
1332.15	0	1	0	0	0
1331.15	0	1	0	0	0
1330.15	0	1	0	0	0
1329.15	0	1	0	0	0
1328.15	0	1	0	0	0
1327.15	0	1	0	0	0
1326.15	0	1	0	0	0
1325.15	0	1	0	0	0
1324.15	0	1	0	0	0
1323.15	0	1	0	0	0
1322.15	0	1	0	0	0
1321.15	0	1	0	0	0
1320.15	0	1	0	0	0
1319.15	0	1	0	0	0
1318.15	0	1	0	0	0
1317.15	0	1	0	0	0
1316.15	0	1	0	0	0
1315.15	0	1	0	0	0
1314.15	0	1	0	0	0
1313.15	0	1	0	0	0
1312.15	0	1	0	0	0
1311.15	0	1	0	0	0
1310.15	0	1	0	0	0
1309.15	0	1	0	0	0
1308.15	0	1	0	0	0
1307.15	0	1	0	0	0
1306.15	0	1	0	0	0
1305.15	0	1	0	0	0
1304.15	0	1	0	0	0
1303.15	0	1	0	0	0
1302.15	0	1	0	0	0
1301.15	0	1	0	0	0
1300.15	0	1	0	0	0
1299.15	0	1	0	0	0
1298.15	0	1	0	0	0
1297.15	0	1	0	0	0
1296.15	0	1	0	0	0
1295.15	0	1	0	0	0
1294.15	0	1	0	0	0
1293.15	0	1	0	0	0
1292.15	0	1	0	0	0
1291.15	0	1	0	0	0
1290.15	0	1	0	0	0
1289.15	0	1	0	0	0
1288.15	0	1	0	0	0
1287.15	0	1	0	0	0
1286.15	0	1	0	0	0
1285.15	0	1	0	0	0
1284.15	0	1	0	0	0
1283.15	0	1	0	0	0
1282.15	0	1	0	0	0
1281.15	0	1	0	0	0
1280.15	0	1	0	0	0
1279.15	0	1	0	0	0
1278.262	0	1	0	0	0
1278.262	0	1	0	0	0
1278.262	0	1	0	0	0
1278.15	0	.99993	0	7.000718E-05	0
1277.15	0	.999307	0	6.930008E-04	0
1276.15	0	.9986853	0	.001314673	0
1275.15	0	.998065	0	.001935027	0
1274.15	0	.9974459	0	.002554068	0
1273.15	0	.9968282	0	.003171798	0
1272.15	0	.9962118	0	.003788221	0
1271.15	0	.9955967	0	.004403342	0
1270.15	0	.9949828	0	.005017163	0
1269.15	0	.9943703	0	.005629688	0
1268.15	0	.9937591	0	.006240921	0
1267.15	0	.9931491	0	.006850865	0
1266.15	0	.9925405	0	.007459524	0
1265.15	0	.9919331	0	.008066902	0
1264.15	0	.991327	0	.008673001	0
1263.15	0	.9907222	0	.009277826	0
1262.15	0	.9901186	0	.00988138	0
1261.15	0	.9895163	0	.01048367	0
1260.15	0	.9889153	0	.01108469	0
1259.15	0	.9883156	0	.01168445	0
1258.15	0	.987717	0	.01228295	0
1257.15	0	.9871198	0	.01288021	0
1256.15	0	.9865238	0	.01347621	0
1255.15	0	.985929	0	.01407096	0
1254.15	0	.9853355	0	.01466447	0
1253.15	0	.9847433	0	.01525674	0
1252.15	0	.9841522	0	.01584777	0
1251.15	0	.9835624	0	.01643757	0
1250.15	0	.9829739	0	.01702614	0
1249.15	0	.9823865	0	.01761348	0
1248.15	0	.9818004	0	.0181996	0
1247.15	0	.9812155	0	.0187845	0
1246.15	0	.9806318	0	.01936818	0
1245.15	0	.9800494	0	.01995064	0
1244.15	0	.9794681	0	.0205319	0
1243.15	0	.9788881	0	.02111195	0
1242.15	0	.9783092	0	.0216908	0
1241.15	0	.9777316	0	.02226844	0
1240.15	0	.9771551	0	.02284488	0
1239.15	0	.9765799	0	.02342014	0
1238.15	0	.9760058	0	.02399419	0
1237.15	0	.9754329	0	.02456707	0
1236.15	0	.9748613	0	.02513875	0
1235.15	0	.9742907	0	.02570925	0
1234.15	0	.9737214	0	.02627858	0
1233.15	0	.9731533	0	.02684673	0
1232.15	0	.9725863	0	.0274137	0
1231.15	0	.9720205	0	.0279795	0
1230.15	0	.9714559	0	.02854414	0
1229.15	0	.9708924	0	.02910762	0
1228.15	0	.9703301	0	.02966993	0
1227.15	0	.9697689	0	.03023109	0
1226.15	0	.9692089	0	.03079109	0
1225.15	0	.9686501	0	.03134994	0
1224.15	0	.9680924	0	.03190764	0
1223.15	0	.9675358	0	.03246419	0
1222.15	0	.9669804	0	.0330196	0
1221.15	0	.9664261	0	.03357387	0
1220.15	0	.965873	0	.034127	0
1219.15	0	.965321	0	.034679	0
1218.15	0	.9647701	0	.03522987	0
1217.15	0	.9642204	0	.0357796	0
1216.15	0	.9636718	0	.03632822	0
1215.15	0	.9631243	0	.03687571	0
1214.15	0	.9625779	0	.03742208	0
1213.15	0	.9620327	0	.03796733	0
1212.15	0	.9614885	0	.03851147	0
1211.15	0	.9609455	0	.03905449	0
1210.15	0	.9604036	0	.03959641	0
1209.15	0	.9598628	0	.04013722	0
1208.15	0	.9593231	0	.04067692	0
1207.15	0	.9587845	0	.04121553	0
1206.15	0	.958247	0	.04175304	0
1205.15	0	.9577106	0	.04228945	0
1204.15	0	.9571752	0	.04282477	0
1203.15	0	.956641	0	.043359	0
1202.15	0	.9561079	0	.04389215	0
1201.15	0	.9555758	0	.04442421	0
1200.15	0	.9550448	0	.04495518	0
1199.15	0	.9545149	0	.04548508	0
1198.15	0	.9539861	0	.0460139	0
1197.15	0	.9534584	0	.04654165	0
1196.15	0	.9529317	0	.04706833	0
1195.15	0	.9524061	0	.04759393	0
1194.15	0	.9518815	0	.04811847	0
1193.15	0	.9513581	0	.04864195	0
1192.15	0	.9508356	0	.04916437	0
1191.15	0	.9503143	0	.04968573	0
1190.15	0	.949794	0	.05020603	0
1189.15	0	.9492747	0	.05072528	0
1188.15	0	.9487565	0	.05124347	0
1187.15	0	.9482394	0	.05176062	0
1186.15	0	.9477233	0	.05227673	0
1185.15	0	.9472082	0	.05279179	0
1184.15	0	.9466942	0	.05330581	0
1183.15	0	.9461812	0	.05381879	0
1182.15	0	.9456693	0	.05433073	0
1181.15	0	.9451584	0	.05484164	0
1180.15	0	.9446485	0	.05535152	0
1179.15	0	.9441396	0	.05586037	0
1178.15	0	.9436318	0	.0563682	0
1177.15	0	.943125	0	.056875	0
1176.15	0	.9426192	0	.05738078	0
1175.15	0	.9421145	0	.05788554	0
1174.15	0	.9416107	0	.05838928	0
1173.15	0	.941108	0	.05889201	0
1172.15	0	.9406063	0	.05939373	0
1171.15	0	.9401056	0	.05989444	0
1170.15	0	.9396059	0	.06039413	0
1169.15	0	.9391072	0	.06089283	0
1168.15	0	.9386095	0	.06139052	0
1167.15	0	.9381128	0	.06188721	0
1166.15	0	.9376171	0	.0623829	0
1165.15	0	.9371224	0	.0628776	0
1164.15	0	.9366287	0	.0633713	0
1163.15	0	.936136	0	.06386402	0
1162.15	0	.9356443	0	.06435574	0
1161.15	0	.9351535	0	.06484647	0
1160.15	0	.9346638	0	.06533622	0
1159.15	0	.934175	0	.06582499	0
1158.15	0	.9336872	0	.06631278	0
1157.15	0	.9332004	0	.06679959	0
1156.15	0	.9327146	0	.06728542	0
1155.15	0	.9322297	0	.06777028	0
1154.15	0	.9317458	0	.06825419	0
1153.15	0	.9312629	0	.06873711	0
1152.15	0	.9307809	0	.06921906	0
1151.15	0	.9303	0	.06970005	0
1150.15	0	.9298199	0	.07018007	0
1149.15	0	.9293409	0	.07065913	0
1148.15	0	.9288628	0	.07113723	0
1147.15	0	.9283856	0	.07161438	0
1146.15	0	.9279094	0	.07209057	0
1145.15	0	.9274342	0	.07256581	0
1144.15	0	.9269599	0	.0730401	0
1143.15	0	.9264866	0	.07351344	0
1142.15	0	.9260142	0	.07398583	0
1141.15	0	.9255427	0	.07445728	0
1140.15	0	.9250722	0	.07492779	0
1139.15	0	.9246026	0	.07539735	0
1138.15	0	.924134	0	.07586598	0
1137.15	0	.9236663	0	.07633368	0
1136.15	0	.9231996	0	.07680044	0
1135.15	0	.9227337	0	.07726626	0
1134.15	0	.9222688	0	.07773116	0
1133.15	0	.9218049	0	.07819513	0
1132.15	0	.9213418	0	.07865817	0
1131.15	0	.9208797	0	.07912028	0
1130.15	0	.9204185	0	.07958148	0
1129.15	0	.9199583	0	.08004175	0
1128.15	0	.9194989	0	.08050111	0
1127.15	0	.9190405	0	.08095955	0
1126.15	0	.9185829	0	.08141707	0
1125.15	0	.9181263	0	.08187369	0
1124.15	0	.9176706	0	.08232939	0
1123.15	0	.9172158	0	.08278418	0
1122.15	0	.9167619	0	.08323806	0
1121.15	0	.916309	0	.08369104	0
1120.15	0	.9158569	0	.08414312	0
1119.15	0	.9154057	0	.08459429	0
1118.15	0	.9149554	0	.08504457	0
1117.15	0	.914506	0	.08549395	0
1116.15	0	.9140576	0	.08594243	0
1115.15	0	.91361	0	.08639002	0
1114.15	0	.9131633	0	.08683671	0
1113.15	0	.9127175	0	.08728252	0
1112.15	0	.9122726	0	.08772743	0
1111.15	0	.9118285	0	.08817146	0
1110.15	0	.9113854	0	.0886146	0
1109.15	0	.9109431	0	.08905686	0
1108.15	0	.9105018	0	.08949824	0
1107.15	0	.9100613	0	.08993874	0
1106.15	0	.9096216	0	.09037836	0
1105.15	0	.9091829	0	.0908171	0
1104.15	0	.908745	0	.09125497	0
1103.15	0	.908308	0	.09169197	0
1102.15	0	.9078719	0	.09212809	0
1101.15	0	.9074367	0	.09256334	0
1100.15	0	.9070023	0	.09299773	0
1099.15	0	.9065687	0	.09343125	0
1098.15	0	.9061361	0	.09386391	0
1097.15	0	.9057043	0	.0942957	0
1096.15	0	.9052734	0	.09472663	0
1095.15	0	.9048433	0	.09515671	0
1094.15	0	.9044141	0	.09558592	0
1093.15	0	.9039857	0	.09601428	0
1092.15	0	.9035582	0	.09644178	0
1091.15	0	.9031316	0	.09686843	0
1090.15	0	.9027058	0	.09729423	0
1089.15	0	.9022808	0	.09771918	0
1088.15	0	.9018567	0	.09814328	0
1087.15	0	.9014335	0	.09856653	0
1086.15	0	.9010111	0	.09898894	0
1085.15	0	.9005895	0	.09941051	0
1084.15	0	.9001688	0	.09983123	0
1083.15	0	.8997489	0	.1002511	0
1082.15	0	.8993298	0	.1006702	0
1081.15	0	.8989116	0	.1010884	0
1080.15	0	.8984943	0	.1015057	0
1079.15	0	.8980777	0	.1019223	0
1078.15	0	.897662	0	.102338	0
1077.15	0	.8972471	0	.1027529	0
1076.15	0	.8968331	0	.1031669	0
1075.15	0	.8964199	0	.1035801	0
1074.15	0	.8960075	0	.1039925	0
1073.15	0	.8955959	0	.1044041	0
1072.15	0	.8951852	0	.1048148	0
1071.15	0	.8947753	0	.1052247	0
1070.15	0	.8943662	0	.1056338	0
1069.15	0	.8939579	0	.1060421	0
1068.15	0	.8935505	0	.1064495	0
1067.15	0	.8931438	0	.1068562	0
1066.15	0	.892738	0	.107262	0
1065.15	0	.892333	0	.107667	0
1064.15	0	.8919288	0	.1080712	0
1063.15	0	.8915254	0	.1084746	0
1062.15	0	.8911228	0	.1088772	0
1061.15	0	.890721	0	.109279	0
1060.15	0	.8903201	0	.1096799	0
1059.15	0	.8899199	0	.1100801	0
1058.15	0	.8895205	0	.1104795	0
1057.15	0	.889122	0	.110878	0
1056.15	0	.8887242	0	.1112758	0
1055.15	0	.8883273	0	.1116727	0
1054.15	0	.8879311	0	.1120689	0
1053.15	0	.8875358	0	.1124642	0
1052.15	0	.8871412	0	.1128588	0
1051.15	0	.8867474	0	.1132526	0
1050.15	0	.8863545	0	.1136455	0
1049.15	0	.8859623	0	.1140377	0
1048.15	0	.8855709	0	.1144291	0
1047.15	0	.8851803	0	.1148197	0
1046.15	0	.8847905	0	.1152095	0
1045.15	0	.8844014	0	.1155986	0
1044.15	0	.8840132	0	.1159868	0
1043.15	0	.8836257	0	.1163743	0
1042.15	0	.8832391	0	.1167609	0
1041.15	0	.8828532	0	.1171468	0
1040.15	0	.882468	0	.117532	0
1039.15	0	.8820837	0	.1179163	0
1038.15	0	.8817002	0	.1182998	0
1037.15	0	.8813174	0	.1186826	0
1036.15	0	.8809354	0	.1190646	0
1035.15	0	.8805541	0	.1194459	0
1034.15	0	.8801737	0	.1198263	0
1033.15	0	.879794	0	.120206	0
1032.15	0	.8794151	0	.1205849	0
1031.15	0	.8790369	0	.1209631	0
1030.15	0	.8786596	0	.1213404	0
1029.15	0	.878283	0	.121717	0
1028.15	0	.8779071	0	.1220929	0
1027.15	0	.877532	0	.122468	0
1026.15	0	.8771577	0	.1228423	0
1025.15	0	.8767841	0	.1232159	0
1024.15	0	.8764114	0	.1235886	0
1023.15	0	.8760393	0	.1239607	0
1022.15	0	.8756681	0	.1243319	0
1021.15	0	.8752975	0	.1247025	0
1020.15	0	.8749278	0	.1250722	0
1019.15	0	.8745588	0	.1254412	0
1018.15	0	.8741905	0	.1258095	0
1017.15	0	.873823	0	.126177	0
1016.15	0	.8734563	0	.1265437	0
1015.15	0	.8730903	0	.1269097	0
1014.15	0	.8727251	0	.1272749	0
1013.15	0	.8723606	0	.1276394	0
1012.15	0	.8719968	0	.1280032	0
1011.15	0	.8716338	0	.1283662	0
1010.15	0	.8712716	0	.1287284	0
1009.15	0	.8709101	0	.1290899	0
1008.15	0	.8705493	0	.1294507	0
1007.15	0	.8701893	0	.1298107	0
1006.15	0	.86983	0	.13017	0
1005.15	0	.8694715	0	.1305285	0
1004.15	0	.8691137	0	.1308863	0
1003.15	0	.8687566	0	.1312434	0
1002.15	0	.8684003	0	.1315997	0
1001.15	0	.8680447	0	.1319553	0
1000.15	0	.8676899	0	.1323101	0
999.15	0	.8673358	0	.1326642	0
998.15	0	.8669824	0	.1330176	0
997.15	0	.8666298	0	.1333702	0
996.15	0	.8662778	0	.1337222	0
995.15	0	.8659267	0	.1340734	0
994.15	0	.8655762	0	.1344238	0
993.15	0	.8652265	0	.1347735	0
992.15	0	.8648775	0	.1351225	0
991.15	0	.8645292	0	.1354708	0
990.15	0	.8641817	0	.1358183	0
989.15	0	.8638348	0	.1361652	0
988.15	0	.8634888	0	.1365112	0
987.15	0	.8631434	0	.1368566	0
986.15	0	.8627987	0	.1372013	0
985.15	0	.8624548	0	.1375452	0
984.15	0	.8621116	0	.1378884	0
983.15	0	.8617691	0	.1382309	0
982.15	0	.8614274	0	.1385726	0
981.15	0	.8610863	0	.1389137	0
980.15	0	.860746	0	.139254	0
979.15	0	.8604064	0	.1395936	0
978.15	0	.8600675	0	.1399325	0
977.15	0	.8597293	0	.1402707	0
976.15	0	.8593918	0	.1406082	0
975.15	0	.8590551	0	.1409449	0
974.15	0	.858719	0	.141281	0
973.15	0	.8583837	0	.1416163	0
972.15	0	.8580491	0	.1419509	0
971.15	0	.8577152	0	.1422848	0
970.15	0	.857382	0	.1426181	0
969.15	0	.8570495	0	.1429505	0
968.15	0	.8567177	0	.1432823	0
967.15	0	.8563866	0	.1436134	0
966.15	0	.8560562	0	.1439438	0
965.15	0	.8557265	0	.1442735	0
964.15	0	.8553976	0	.1446024	0
963.15	0	.8550693	0	.1449307	0
962.15	0	.8547417	0	.1452583	0
961.15	0	.8544149	0	.1455851	0
960.15	0	.8540887	0	.1459113	0
959.15	0	.8537633	0	.1462367	0
958.15	0	.8534385	0	.1465615	0
957.15	0	.8531144	0	.1468856	0
956.15	0	.8527911	0	.1472089	0
955.15	0	.8524684	0	.1475316	0
954.15	0	.8521464	0	.1478536	0
953.15	0	.8518252	0	.1481748	0
952.15	0	.8515046	0	.1484954	0
951.15	0	.8511847	0	.1488153	0
950.15	0	.8508655	0	.1491345	0
949.15	0	.850547	0	.149453	0
948.15	0	.8502292	0	.1497708	0
947.15	0	.8499121	0	.1500879	0
946.15	0	.8495957	0	.1504043	0
945.15	0	.8492799	0	.1507201	0
944.15	0	.8489649	0	.1510351	0
943.15	0	.8486505	0	.1513495	0
942.15	0	.8483369	0	.1516631	0
941.15	0	.8480239	0	.1519761	0
940.15	0	.8477116	0	.1522884	0
939.15	0	.8474	0	.1526	0
938.15	0	.8470891	0	.1529109	0
937.15	0	.8467788	0	.1532212	0
936.15	0	.8464693	0	.1535307	0
935.15	0	.8461604	0	.1538396	0
934.15	0	.8458522	0	.1541478	0
933.15	0	.8455447	0	.1544553	0
932.15	0	.8452379	0	.1547621	0
931.5425	0	.8450518	0	.1549482	0
931.5425	0	.8450518	0	.1549482	0
931.5425	0	.8450518	0	.1549482	0
931.15	0	.8447036	2.563751E-04	.15504	0
930.15	0	.8438177	9.088771E-04	.1552735	0
929.15	0	.8429337	.001560469	.1555058	0
928.15	0	.8420516	.002211165	.1557372	0
927.15	0	.8411715	.00286098	.1559675	0
926.15	0	.8402932	.003509931	.1561968	0
925.15	0	.8394169	.004158032	.1564251	0
924.15	0	.8385424	.004805301	.1566523	0
923.15	0	.8376697	.005451753	.1568785	0
922.15	0	.8367989	.006097406	.1571037	0
921.15	0	.83593	.006742277	.1573277	0
920.15	0	.8350628	.007386382	.1575508	0
919.15	0	.8341975	.008029741	.1577727	0
918.15	0	.833334	.008672372	.1579936	0
917.15	0	.8324722	.009314293	.1582135	0
916.15	0	.8316123	.009955523	.1584322	0
915.15	0	.830754	.01059608	.1586499	0
914.15	0	.8298975	.01123599	.1588665	0
913.15	0	.8290428	.01187527	.159082	0
912.15	0	.8281897	.01251394	.1592964	0
911.15	0	.8273383	.01315202	.1595097	0
910.15	0	.8264886	.01378953	.1597219	0
909.15	0	.8256405	.01442649	.159933	0
908.15	0	.8247941	.01506294	.1601429	0
907.15	0	.8239493	.01569888	.1603518	0
906.15	0	.8231061	.01633435	.1605595	0
905.15	0	.8222646	.01696937	.1607661	0
904.15	0	.8214245	.01760397	.1609715	0
903.15	0	.820586	.01823816	.1611758	0
902.15	0	.8197491	.01887197	.161379	0
901.15	0	.8189136	.01950544	.1615809	0
900.15	0	.8180797	.02013858	.1617817	0
899.15	0	.8172472	.02077142	.1619814	0
898.15	0	.8164162	.021404	.1621798	0
897.15	0	.8155865	.02203634	.1623771	0
896.15	0	.8147583	.02266848	.1625732	0
895.15	0	.8139315	.02330043	.1627681	0
894.15	0	.813106	.02393223	.1629617	0
893.15	0	.8122819	.02456392	.1631542	0
892.15	0	.8114591	.02519552	.1633454	0
891.15	0	.8106375	.02582706	.1635354	0
890.15	0	.8098173	.02645859	.1637242	0
889.15	0	.8089982	.02709013	.1639117	0
888.15	0	.8081804	.02772172	.1640979	0
887.15	0	.8073637	.0283534	.1642829	0
886.15	0	.8065482	.0289852	.1644666	0
885.15	0	.8057338	.02961715	.164649	0
884.15	0	.8049205	.0302493	.1648302	0
883.15	0	.8041083	.03088169	.16501	0
882.15	0	.8032971	.03151435	.1651885	0
881.15	0	.802487	.03214733	.1653657	0
880.15	0	.8016777	.03278067	.1655416	0
879.15	0	.8008695	.0334144	.1657161	0
878.15	0	.8000621	.03404858	.1658893	0
877.15	0	.7992556	.03468325	.1660611	0
876.15	0	.79845	.03531845	.1662316	0
875.15	0	.7976452	.03595423	.1664006	0
874.15	0	.7968411	.03659064	.1665683	0
873.15	0	.7960377	.03722773	.1667345	0
872.15	0	.7952351	.03786555	.1668994	0
871.15	0	.7944331	.03850415	.1670628	0
870.15	0	.7936317	.03914358	.1672248	0
869.15	0	.7928309	.03978389	.1673853	0
868.15	0	.7920306	.04042515	.1675443	0
867.15	0	.7912307	.0410674	.1677019	0
866.15	0	.7904314	.04171071	.1678579	0
865.15	0	.7896324	.04235513	.1680125	0
864.15	0	.7888338	.04300073	.1681655	0
863.15	0	.7880355	.04364757	.168317	0
862.15	0	.7872374	.04429571	.1684669	0
861.15	0	.7864395	.04494523	.1686153	0
860.15	0	.7856418	.04559618	.1687621	0
859.15	0	.7848441	.04624863	.1689072	0
858.15	0	.7840465	.04690266	.1690508	0
857.15	0	.7832489	.04755835	.1691927	0
856.15	0	.7824513	.04821576	.169333	0
855.15	0	.7816535	.04887497	.1694716	0
854.15	0	.7808555	.04953607	.1696085	0
853.15	0	.7800572	.05019913	.1697437	0
852.15	0	.7792586	.05086425	.1698771	0
851.15	0	.7784596	.0515315	.1700089	0
850.15	0	.7776602	.05220097	.1701388	0
849.15	0	.7768603	.05287276	.170267	0
848.15	0	.7760597	.05354697	.1703933	0
847.15	0	.7752585	.05422369	.1705178	0
846.15	0	.7744566	.05490301	.1706404	0
845.15	0	.7736538	.05558505	.1707612	0
844.15	0	.7728501	.05626992	.17088	0
843.15	0	.7720453	.05695772	.1709969	0
842.15	0	.7712396	.05764856	.1711119	0
841.15	0	.7704326	.05834257	.1712248	0
840.15	0	.7696244	.05903987	.1713358	0
839.15	0	.7688148	.05974059	.1714446	0
838.15	0	.7680037	.06044485	.1715514	0
837.15	0	.7671911	.0611528	.1716561	0
836.15	0	.7663768	.06186456	.1717587	0
835.15	0	.7655607	.0625803	.171859	0
834.15	0	.7647427	.06330016	.1719572	0
833.15	0	.7639227	.0640243	.172053	0
832.15	0	.7631005	.06475287	.1721466	0
831.15	0	.762276	.06548606	.1722379	0
830.15	0	.7614492	.06622404	.1723268	0
829.15	0	.7606197	.066967	.1724133	0
828.15	0	.7597876	.06771511	.1724973	0
827.15	0	.7589526	.0684686	.1725788	0
826.15	0	.7581146	.06922766	.1726577	0
825.15	0	.7572734	.06999251	.1727341	0
824.15	0	.7564289	.07076338	.1728078	0
823.15	0	.7555808	.07154051	.1728787	0
822.15	0	.7547289	.07232416	.1729469	0
821.15	0	.7538732	.07311458	.1730123	0
820.15	0	.7530133	.07391205	.1730747	0
819.15	0	.752149	.07471685	.1731342	0
818.15	0	.7512801	.0755293	.1731906	0
817.15	0	.7504064	.07634972	.1732439	0
816.15	0	.7495276	.07717843	.173294	0
815.15	0	.7486434	.0780158	.1733408	0
814.15	0	.7477535	.07886221	.1733843	0
813.15	0	.7468577	.07971805	.1734243	0
812.15	0	.7459556	.08058375	.1734607	0
811.15	0	.7450468	.08145975	.1734935	0
810.15	0	.744131	.08234653	.1735225	0
809.15	0	.7432079	.0832446	.1735475	0
808.15	0	.7422769	.08415449	.1735686	0
807.15	0	.7413377	.08507679	.1735855	0
806.15	0	.7403897	.08601211	.1735982	0
805.15	0	.7394326	.08696111	.1736063	0
804.15	0	.7384656	.08792451	.1736099	0
803.15	0	.7374883	.08890305	.1736086	0
802.15	0	.7365	.08989758	.1736024	0
801.15	0	.7355001	.09090897	.173591	0
800.15	0	.7344877	.09193819	.1735741	0
799.15	0	.7334621	.09298629	.1735516	0
798.15	0	.7324224	.09405441	.1735232	0
797.15	0	.7313676	.09514378	.1734886	0
796.15	0	.7302967	.09625579	.1734475	0
795.15	0	.7292086	.09739191	.1733995	0
794.15	0	.728102	.09855382	.1733442	0
793.15	0	.7269753	.09974333	.1732813	0
792.15	0	.7258272	.1009625	.1732103	0
791.15	0	.7246558	.1022136	.1731306	0
790.15	0	.7234601	.1034984	.1730415	0
789.15	0	.7220098	.1050986	.1728916	0
788.15	0	.7199283	.1074792	.1725925	0
787.15	0	.717953	.1097369	.1723101	0
786.15	0	.7160741	.1118829	.1720429	0
785.15	0	.7142834	.1139271	.1717896	0
784.15	0	.7125733	.1158778	.1715489	0
783.15	0	.7109374	.1177428	.1713198	0
782.15	0	.7093699	.1195287	.1711014	0
781.15	0	.7078658	.1212413	.1708928	0
780.15	0	.7064205	.1228861	.1706934	0
779.15	0	.7050298	.1244678	.1705024	0
778.15	0	.7036901	.1259907	.1703192	0
777.15	0	.7023981	.1274586	.1701433	0
776.15	0	.7011507	.1288751	.1699742	0
775.15	0	.6999452	.1302433	.1698115	0
774.15	0	.6987792	.1315661	.1696547	0
773.15	0	.6976503	.1328462	.1695035	0
772.15	0	.6965564	.1340861	.1693575	0
771.15	0	.6954956	.1352879	.1692165	0
770.15	0	.6944662	.1364538	.16908	0
769.15	0	.6934665	.1375856	.1689479	0
768.15	0	.6924949	.1386851	.16882	0
767.15	0	.6915502	.1397539	.1686959	0
766.15	0	.690631	.1407936	.1685755	0
765.15	0	.689736	.1418054	.1684585	0
764.15	0	.6888642	.1427909	.1683449	0
763.15	0	.6880145	.1437511	.1682344	0
762.15	0	.6871859	.1446872	.1681268	0
761.15	0	.6863775	.1456004	.1680221	0
760.15	0	.6855885	.1464915	.1679201	0
759.15	0	.6848179	.1473615	.1678206	0
758.15	0	.6840651	.1482114	.1677235	0
757.15	0	.6833294	.1490419	.1676287	0
756.15	0	.68261	.1498539	.1675361	0
755.15	0	.6819063	.150648	.1674457	0
754.15	0	.6812177	.151425	.1673573	0
753.15	0	.6805437	.1521856	.1672707	0
752.15	0	.6798837	.1529303	.167186	0
751.15	0	.6792372	.1536597	.1671031	0
750.15	0	.6786037	.1543745	.1670218	0
749.15	0	.6779827	.1550751	.1669422	0
748.15	0	.6773739	.155762	.166864	0
747.15	0	.6767768	.1564358	.1667874	0
746.15	0	.676191	.1570969	.1667122	0
745.15	0	.6756161	.1577457	.1666383	0
744.15	0	.6750517	.1583826	.1665657	0
743.15	0	.6744976	.159008	.1664944	0
742.15	0	.6739534	.1596224	.1664242	0
741.15	0	.6734188	.160226	.1663553	0
740.15	0	.6728935	.1608192	.1662874	0
739.15	0	.6723771	.1614023	.1662206	0
738.15	0	.6718695	.1619757	.1661548	0
737.15	0	.6713704	.1625396	.16609	0
736.15	0	.6708795	.1630944	.1660261	0
735.15	0	.6703966	.1636403	.1659631	0
734.15	0	.6699214	.1641776	.1659011	0
733.15	0	.6694537	.1647064	.1658398	0
732.15	0	.6689934	.1652272	.1657794	0
731.15	0	.6685402	.16574	.1657198	0
730.15	0	.6680939	.1662452	.1656609	0
729.15	0	.6676543	.166743	.1656027	0
728.15	0	.6672213	.1672334	.1655453	0
727.15	0	.6667947	.1677168	.1654885	0
726.15	0	.6663743	.1681934	.1654323	0
725.15	0	.6659599	.1686633	.1653768	0
724.15	0	.6655514	.1691267	.1653219	0
723.15	0	.6651486	.1695837	.1652676	0
722.15	0	.6647515	.1700346	.1652139	0
721.15	0	.6643598	.1704795	.1651607	0
720.15	0	.6639734	.1709186	.165108	0
719.15	0	.6635923	.1713519	.1650558	0
718.15	0	.6632162	.1717797	.1650041	0
717.15	0	.662845	.1722021	.1649529	0
716.15	0	.6624787	.1726192	.1649022	0
715.15	0	.662117	.1730311	.1648519	0
714.15	0	.66176	.173438	.164802	0
713.15	0	.6614075	.1738399	.1647525	0
712.15	0	.6610594	.1742371	.1647035	0
711.15	0	.6607156	.1746296	.1646548	0
710.15	0	.660376	.1750175	.1646065	0
709.15	0	.6600405	.1754009	.1645586	0
708.15	0	.6597091	.17578	.164511	0
707.15	0	.6593815	.1761548	.1644637	0
706.15	0	.6590578	.1765254	.1644168	0
705.15	0	.6587379	.1768919	.1643702	0
704.15	0	.6584217	.1772544	.1643239	0
703.15	0	.658109	.1776131	.1642779	0
702.15	0	.6577999	.1779679	.1642322	0
701.15	0	.6574943	.178319	.1641867	0
700.15	0	.6571921	.1786664	.1641415	0
699.15	0	.6568931	.1790102	.1640966	0
698.15	0	.6565975	.1793506	.164052	0
697.15	0	.656305	.1796875	.1640075	0
696.15	0	.6560157	.180021	.1639634	0
695.15	0	.6557294	.1803512	.1639194	0
694.15	0	.6554461	.1806783	.1638757	0
693.15	0	.6551658	.1810021	.1638321	0
692.15	0	.6548883	.1813229	.1637888	0
691.15	0	.6546138	.1816406	.1637457	0
690.15	0	.6543419	.1819553	.1637028	0
689.15	0	.6540729	.1822671	.16366	0
688.15	0	.6538065	.182576	.1636175	0
687.15	0	.6535427	.1828822	.1635751	0
686.15	0	.6532815	.1831856	.1635329	0
685.15	0	.6530229	.1834862	.1634909	0
684.15	0	.6527668	.1837843	.163449	0
683.15	0	.6525131	.1840797	.1634073	0
682.15	0	.6522618	.1843726	.1633657	0
681.15	0	.6520129	.1846629	.1633243	0
680.15	0	.6517663	.1849508	.163283	0
679.15	0	.6515219	.1852362	.1632418	0
678.15	0	.6512799	.1855193	.1632008	0
677.15	0	.65104	.1858001	.1631599	0
676.15	0	.6508023	.1860786	.1631191	0
675.15	0	.6505668	.1863548	.1630785	0
674.15	0	.6503333	.1866288	.163038	0
673.15	0	.6501019	.1869006	.1629975	0
672.15	0	.6498725	.1871702	.1629572	0
671.15	0	.6496451	.1874378	.162917	0
670.15	0	.6494197	.1877033	.1628769	0
669.15	0	.6491963	.1879668	.162837	0
668.15	0	.6489747	.1882283	.162797	0
667.15	0	.648755	.1884878	.1627572	0
666.15	0	.6485372	.1887453	.1627175	0
665.15	0	.6483211	.189001	.1626779	0
664.15	0	.6481069	.1892548	.1626384	0
663.15	0	.6478944	.1895067	.1625989	0
662.15	0	.6476836	.1897568	.1625595	0
661.15	0	.6474746	.1900052	.1625202	0
660.15	0	.6472672	.1902518	.162481	0
659.15	0	.6470615	.1904966	.1624419	0
658.15	0	.6468574	.1907398	.1624028	0
657.15	0	.646655	.1909812	.1623638	0
656.15	0	.6464541	.1912211	.1623248	0
655.15	0	.6462548	.1914592	.162286	0
654.15	0	.646057	.1916958	.1622472	0
653.15	0	.6458608	.1919308	.1622084	0
652.15	0	.645666	.1921643	.1621697	0
651.15	0	.6454728	.1923961	.1621311	0
650.15	0	.645281	.1926265	.1620925	0
649.15	0	.6450906	.1928554	.162054	0
648.15	0	.6449016	.1930829	.1620155	0
647.15	0	.6447141	.1933089	.1619771	0
646.15	0	.6445279	.1935334	.1619387	0
645.15	0	.6443431	.1937565	.1619004	0
644.15	0	.6441596	.1939783	.1618622	0
643.15	0	.6439774	.1941987	.1618239	0
642.15	0	.6437966	.1944177	.1617858	0
641.15	0	.643617	.1946354	.1617476	0
640.15	0	.6434387	.1948517	.1617095	0
639.15	0	.6432617	.1950668	.1616715	0
638.15	0	.643086	.1952806	.1616335	0
637.15	0	.6429114	.1954931	.1615955	0
636.15	0	.6427381	.1957044	.1615576	0
635.15	0	.6425659	.1959144	.1615197	0
634.15	0	.642395	.1961232	.1614818	0
633.15	0	.6422252	.1963308	.161444	0
632.15	0	.6420565	.1965373	.1614062	0
631.15	0	.641889	.1967425	.1613685	0
630.15	0	.6417226	.1969466	.1613308	0
629.15	0	.6415574	.1971496	.1612931	0
628.15	0	.6413932	.1973514	.1612554	0
627.15	0	.6412301	.1975521	.1612178	0
626.15	0	.6410681	.1977517	.1611802	0
625.15	0	.6409072	.1979502	.1611427	0
624.15	0	.6407473	.1981476	.1611051	0
623.15	0	.6405884	.1983439	.1610676	0
622.15	0	.6404306	.1985392	.1610302	0
621.15	0	.6402738	.1987335	.1609927	0
620.15	0	.640118	.1989267	.1609553	0
619.15	0	.6399631	.199119	.1609179	0
618.15	0	.6398093	.1993102	.1608806	0
617.15	0	.6396564	.1995004	.1608432	0
616.15	0	.6395045	.1996896	.1608059	0
615.15	0	.6393535	.1998778	.1607686	0
614.15	0	.6392035	.2000651	.1607314	0
613.15	0	.6390544	.2002515	.1606941	0
612.15	0	.6389062	.2004368	.1606569	0
611.15	0	.638759	.2006213	.1606198	0
610.15	0	.6386126	.2008048	.1605826	0
609.15	0	.6384671	.2009874	.1605455	0
608.15	0	.6383225	.2011692	.1605084	0
607.15	0	.6381788	.20135	.1604713	0
606.15	0	.6380359	.2015299	.1604342	0
605.15	0	.6378939	.2017089	.1603972	0
604.15	0	.6377528	.2018871	.1603602	0
603.15	0	.6376124	.2020644	.1603232	0
602.15	0	.6374729	.2022409	.1602862	0
601.15	0	.6373343	.2024165	.1602493	0
600.15	0	.6371964	.2025913	.1602123	0
599.15	0	.6370594	.2027652	.1601754	0
598.15	0	.6369231	.2029383	.1601386	0
597.15	0	.6367877	.2031106	.1601017	0
596.15	0	.636653	.2032821	.1600649	0
595.15	0	.6365191	.2034528	.1600281	0
594.15	0	.636386	.2036227	.1599913	0
593.15	0	.6362536	.2037918	.1599545	0
592.15	0	.636122	.2039602	.1599178	0
591.15	0	.6359912	.2041278	.1598811	0
590.15	0	.6358611	.2042946	.1598444	0
589.15	0	.6357317	.2044606	.1598077	0
588.15	0	.635603	.2046259	.1597711	0
587.15	0	.6354751	.2047905	.1597345	0
586.15	0	.6353479	.2049543	.1596979	0
585.15	0	.6352214	.2051173	.1596613	0
584.15	0	.6350956	.2052797	.1596247	0
583.15	0	.6349705	.2054413	.1595882	0
582.15	0	.6348461	.2056022	.1595517	0
581.15	0	.6347224	.2057624	.1595152	0
580.15	0	.6345994	.2059219	.1594788	0
579.15	0	.634477	.2060806	.1594424	0
578.15	0	.6343553	.2062387	.159406	0
577.15	0	.6342343	.2063961	.1593696	0
576.15	0	.6341139	.2065528	.1593333	0
575.15	0	.6339942	.2067089	.1592969	0
574.15	0	.6338751	.2068642	.1592607	0
573.15	0	.6337567	.2070189	.1592244	0
572.15	0	.6336389	.2071729	.1591882	0
571.15	0	.6335218	.2073263	.1591519	0
570.15	0	.6334053	.207479	.1591158	0
569.15	0	.6332894	.207631	.1590796	0
568.15	0	.6331741	.2077824	.1590435	0
567.15	0	.6330595	.2079332	.1590074	0
566.15	0	.6329454	.2080833	.1589713	0
565.15	0	.632832	.2082328	.1589353	0
564.15	0	.6327191	.2083816	.1588993	0
563.15	0	.6326069	.2085299	.1588633	0
562.15	0	.6324952	.2086775	.1588273	0
561.15	0	.6323842	.2088244	.1587914	0
560.15	0	.6322737	.2089708	.1587555	0
559.15	0	.6321638	.2091166	.1587196	0
558.15	0	.6320545	.2092617	.1586838	0
557.15	0	.6319457	.2094063	.158648	0
556.15	0	.6318376	.2095502	.1586123	0
555.15	0	.6317299	.2096935	.1585765	0
554.15	0	.6316229	.2098363	.1585408	0
553.15	0	.6315164	.2099785	.1585052	0
552.15	0	.6314104	.21012	.1584695	0
551.15	0	.631305	.210261	.158434	0
550.15	0	.6312002	.2104014	.1583984	0
549.15	0	.6310959	.2105413	.1583629	0
548.15	0	.6309921	.2106805	.1583274	0
547.15	0	.6308889	.2108192	.1582919	0
546.15	0	.6307862	.2109573	.1582565	0
545.15	0	.6306841	.2110948	.158221	0
544.15	0	.6305825	.2112318	.1581857	0
543.15	0	.6304814	.2113683	.1581504	0
542.15	0	.6303808	.2115041	.1581151	0
541.15	0	.6302807	.2116394	.1580799	0
540.15	0	.6301811	.2117742	.1580447	0
539.15	0	.630082	.2119084	.1580096	0
538.15	0	.6299835	.2120421	.1579745	0
537.15	0	.6298854	.2121752	.1579394	0
536.15	0	.6297879	.2123078	.1579044	0
535.15	0	.6296908	.2124398	.1578694	0
534.15	0	.6295943	.2125713	.1578345	0
533.15	0	.6294982	.2127022	.1577996	0
532.15	0	.6294026	.2128327	.1577647	0
531.15	0	.6293075	.2129626	.1577299	0
530.15	0	.6292129	.213092	.1576951	0
529.15	0	.6291188	.2132208	.1576604	0
528.15	0	.6290252	.2133491	.1576257	0
527.15	0	.628932	.2134769	.1575911	0
526.15	0	.6288393	.2136042	.1575565	0
525.15	0	.6287471	.213731	.157522	0
524.15	0	.6286553	.2138572	.1574875	0
523.15	0	.628564	.2139829	.157453	0
522.15	0	.6284732	.2141081	.1574186	0
521.15	0	.6283829	.2142328	.1573843	0
520.15	0	.628293	.214357	.15735	0
519.15	0	.6282035	.2144807	.1573158	0
518.15	0	.6281145	.2146039	.1572816	0
517.15	0	.628026	.2147266	.1572474	0
516.15	0	.6279379	.2148488	.1572133	0
515.15	0	.6278503	.2149705	.1571793	0
514.15	0	.6277631	.2150916	.1571453	0
513.15	0	.6276763	.2152123	.1571114	0
512.15	0	.62759	.2153325	.1570775	0
511.15	0	.6275041	.2154522	.1570437	0
510.15	0	.6274187	.2155714	.1570099	0
509.15	0	.6273337	.2156901	.1569762	0
508.15	0	.6272492	.2158083	.1569425	0
507.15	0	.627165	.2159261	.1569089	0
506.15	0	.6270813	.2160433	.1568754	0
505.15	0	.626998	.2161601	.1568419	0
504.15	0	.6269152	.2162764	.1568084	0
503.15	0	.6268328	.2163922	.1567751	0
502.15	0	.6267508	.2165075	.1567418	0
501.15	0	.6266692	.2166223	.1567085	0
500.15	0	.626588	.2167367	.1566753	0
499.15	0	.6265073	.2168506	.1566422	0
498.15	0	.6264269	.216964	.1566091	0
497.15	0	.626347	.2170769	.1565761	0
496.15	0	.6262675	.2171893	.1565431	0
495.15	0	.6261884	.2173013	.1565103	0
494.15	0	.6261097	.2174128	.1564774	0
493.15	0	.6260314	.2175239	.1564447	0
492.15	0	.6259536	.2176345	.156412	0
491.15	0	.6258761	.2177446	.1563794	0
490.15	0	.625799	.2178542	.1563468	0
489.15	0	.6257223	.2179634	.1563143	0
488.15	0	.6256461	.2180721	.1562819	0
487.15	0	.6255702	.2181803	.1562495	0
486.15	0	.6254947	.2182881	.1562172	0
485.15	0	.6254196	.2183954	.156185	0
484.15	0	.6253449	.2185022	.1561529	0
483.15	0	.6252706	.2186086	.1561208	0
482.15	0	.6251967	.2187146	.1560888	0
481.15	0	.6251232	.21882	.1560568	0
480.15	0	.62505	.2189251	.1560249	0
479.15	0	.6249772	.2190296	.1559932	0
478.15	0	.6249049	.2191337	.1559614	0
477.15	0	.6248329	.2192373	.1559298	0
476.15	0	.6247613	.2193405	.1558982	0
475.15	0	.62469	.2194433	.1558667	0
474.15	0	.6246192	.2195456	.1558353	0
473.15	0	.6245487	.2196474	.1558039	0
472.15	0	.6244786	.2197488	.1557726	0
471.15	0	.6244089	.2198497	.1557414	0
470.15	0	.6243395	.2199502	.1557103	0
469.15	0	.6242705	.2200502	.1556793	0
468.15	0	.6242019	.2201498	.1556483	0
467.15	0	.6241337	.2202489	.1556174	0
466.15	0	.6240658	.2203476	.1555866	0
465.15	0	.6239983	.2204458	.1555559	0
464.15	0	.6239312	.2205436	.1555252	0
463.15	0	.6238644	.220641	.1554946	0
462.15	0	.623798	.2207379	.1554642	0
461.15	0	.6237319	.2208343	.1554338	0
460.15	0	.6236662	.2209304	.1554034	0
459.15	0	.6236009	.2210259	.1553732	0
458.15	0	.6235359	.2211211	.155343	0
457.15	0	.6234713	.2212158	.155313	0
456.15	0	.623407	.22131	.155283	0
455.15	0	.6233431	.2214038	.1552531	0
454.15	0	.6232796	.2214972	.1552233	0
453.15	0	.6232164	.2215901	.1551935	0
452.15	0	.6231535	.2216826	.1551639	0
451.15	0	.623091	.2217746	.1551343	0
450.15	0	.6230289	.2218662	.1551049	0
449.15	0	.6229671	.2219574	.1550755	0
448.15	0	.6229058	.222048	.1550463	0
447.15	0	.6228447	.2221382	.1550171	0
446.15	0	.622784	.222228	.154988	0
445.15	0	.6227237	.2223173	.154959	0
444.15	0	.6226637	.2224061	.1549302	0
443.15	0	.6226042	.2224945	.1549014	0
442.15	0	.6225449	.2225823	.1548727	0
441.15	0	.6224861	.2226698	.1548442	0
440.15	0	.6224276	.2227567	.1548157	0
439.15	0	.6223695	.2228431	.1547874	0
438.15	0	.6223118	.2229291	.1547592	0
437.15	0	.6222544	.2230145	.1547311	0
436.15	0	.6221974	.2230995	.1547031	0
435.15	0	.6221408	.2231839	.1546752	0
434.15	0	.6220846	.2232679	.1546475	0
433.15	0	.6220288	.2233513	.1546199	0
432.15	0	.6219733	.2234343	.1545924	0
431.15	0	.6219183	.2235167	.154565	0
430.15	0	.6218636	.2235986	.1545378	0
429.15	0	.6218093	.22368	.1545107	0
428.15	0	.6217554	.2237609	.1544837	0
427.15	0	.6217019	.2238413	.1544568	0
426.15	0	.6216488	.2239211	.1544301	0
425.15	0	.621596	.2240004	.1544035	0
424.15	0	.6215437	.2240792	.1543771	0
423.15	0	.6214917	.2241575	.1543508	0
422.15	0	.6214402	.2242353	.1543246	0
421.15	0	.621389	.2243125	.1542986	0
420.15	0	.6213382	.2243892	.1542727	0
419.15	0	.6212877	.2244654	.1542469	0
418.15	0	.6212377	.224541	.1542213	0
417.15	0	.6211881	.2246161	.1541958	0
416.15	0	.6211388	.2246907	.1541705	0
415.15	0	.6210899	.2247648	.1541453	0
414.15	0	.6210414	.2248384	.1541202	0
413.15	0	.6209933	.2249114	.1540953	0
412.15	0	.6209456	.2249839	.1540705	0
411.15	0	.6208983	.2250559	.1540459	0
410.15	0	.6208513	.2251273	.1540214	0
409.15	0	.6208047	.2251983	.1539971	0
408.15	0	.6207585	.2252687	.1539729	0
407.15	0	.6207126	.2253386	.1539488	0
406.15	0	.6206672	.225408	.1539249	0
405.15	0	.6206221	.2254768	.1539012	0
404.15	0	.6205773	.2255451	.1538775	0
403.15	0	.620533	.225613	.1538541	0
402.15	0	.620489	.2256803	.1538307	0
401.15	0	.6204453	.2257471	.1538076	0
400.15	0	.6204021	.2258134	.1537845	0
399.15	0	.6203592	.2258792	.1537616	0
398.15	0	.6203166	.2259445	.1537389	0
397.15	0	.6202744	.2260093	.1537163	0
396.15	0	.6202326	.2260736	.1536938	0
395.15	0	.6201911	.2261373	.1536715	0
394.15	0	.62015	.2262006	.1536494	0
393.15	0	.6201092	.2262634	.1536274	0
392.15	0	.6200688	.2263257	.1536055	0
391.15	0	.6200287	.2263875	.1535838	0
390.15	0	.619989	.2264489	.1535622	0
389.15	0	.6199496	.2265097	.1535407	0
388.15	0	.6199105	.2265701	.1535194	0
387.15	0	.6198718	.2266299	.1534983	0
386.15	0	.6198334	.2266894	.1534773	0
385.15	0	.6197953	.2267483	.1534564	0
384.15	0	.6197576	.2268067	.1534356	0
383.15	0	.6197202	.2268647	.153415	0
382.15	0	.6196832	.2269223	.1533946	0
381.15	0	.6196464	.2269793	.1533743	0
380.15	0	.61961	.2270359	.1533541	0
379.15	0	.6195739	.227092	.1533341	0
378.15	0	.6195381	.2271477	.1533142	0
377.15	0	.6195026	.227203	.1532945	0
376.15	0	.6194674	.2272578	.1532748	0
375.15	0	.6194325	.2273121	.1532554	0
374.15	0	.619398	.227366	.153236	0
373.15	0	.6193637	.2274195	.1532168	0
372.15	0	.6193297	.2274725	.1531978	0
371.15	0	.6192961	.2275251	.1531788	0
370.15	0	.6192627	.2275773	.15316	0
369.15	0	.6192296	.227629	.1531414	0
368.15	0	.6191969	.2276803	.1531228	0
367.15	0	.6191644	.2277312	.1531044	0
366.15	0	.6191321	.2277817	.1530862	0
365.15	0	.6191002	.2278317	.153068	0
364.15	0	.6190686	.2278814	.15305	0
363.15	0	.6190372	.2279307	.1530322	0
362.15	0	.6190061	.2279795	.1530144	0
361.15	0	.6189753	.2280279	.1529968	0
360.15	0	.6189447	.228076	.1529793	0
359.15	0	.6189144	.2281236	.152962	0
358.15	0	.6188844	.2281709	.1529447	0
357.15	0	.6188546	.2282177	.1529276	0
356.15	0	.6188251	.2282642	.1529107	0
355.15	0	.6187959	.2283103	.1528938	0
354.15	0	.6187669	.228356	.1528771	0
353.15	0	.6187381	.2284014	.1528605	0
352.15	0	.6187096	.2284464	.152844	0
351.15	0	.6186814	.228491	.1528277	0
350.15	0	.6186534	.2285352	.1528114	0
349.15	0	.6186256	.2285791	.1527953	0
348.15	0	.6185981	.2286226	.1527793	0
347.15	0	.6185708	.2286657	.1527635	0
346.15	0	.6185438	.2287085	.1527477	0
345.15	0	.6185169	.228751	.1527321	0
344.15	0	.6184904	.2287931	.1527166	0
343.15	0	.618464	.2288349	.1527012	0
342.15	0	.6184378	.2288763	.1526859	0
341.15	0	.6184119	.2289174	.1526707	0
340.15	0	.6183862	.2289581	.1526557	0
339.15	0	.6183607	.2289985	.1526407	0
338.15	0	.6183355	.2290386	.1526259	0
337.15	0	.6183104	.2290784	.1526112	0
336.15	0	.6182855	.2291178	.1525966	0
335.15	0	.6182609	.2291569	.1525822	0
334.15	0	.6182365	.2291957	.1525678	0
333.15	0	.6182122	.2292342	.1525536	0
332.15	0	.6181882	.2292724	.1525394	0
331.15	0	.6181643	.2293103	.1525254	0
330.15	0	.6181407	.2293478	.1525115	0
329.15	0	.6181172	.2293851	.1524977	0
328.15	0	.618094	.2294221	.152484	0
327.15	0	.6180709	.2294587	.1524704	0
326.15	0	.618048	.2294951	.1524569	0
325.15	0	.6180253	.2295312	.1524435	0
324.15	0	.6180028	.229567	.1524302	0
323.15	0	.6179804	.2296025	.1524171	0
322.15	0	.6179583	.2296377	.152404	0
321.15	0	.6179363	.2296727	.1523911	0
320.15	0	.6179145	.2297073	.1523782	0
319.15	0	.6178928	.2297417	.1523655	0
318.15	0	.6178713	.2297758	.1523528	0
317.15	0	.61785	.2298097	.1523403	0
316.15	0	.6178288	.2298433	.1523279	0
315.15	0	.6178079	.2298766	.1523156	0
314.15	0	.617787	.2299096	.1523033	0
313.15	0	.6177664	.2299424	.1522912	0
312.15	0	.6177458	.229975	.1522792	0
311.15	0	.6177255	.2300073	.1522673	0
310.15	0	.6177053	.2300393	.1522554	0
309.15	0	.6176852	.2300711	.1522437	0
308.15	0	.6176653	.2301026	.1522321	0
307.15	0	.6176455	.2301339	.1522206	0
306.15	0	.6176259	.230165	.1522092	0
305.15	0	.6176064	.2301958	.1521978	0
304.15	0	.6175871	.2302264	.1521866	0
303.15	0	.6175679	.2302567	.1521755	0
302.15	0	.6175488	.2302868	.1521644	0
301.15	0	.6175298	.2303167	.1521535	0
300.15	0	.617511	.2303463	.1521427	0
299.15	0	.6174924	.2303757	.1521319	0
298.15	0	.6174738	.2304049	.1521213	0
