T	 BPW(LIQUID)	BPW(BCC_A2)	BPW(FCC_A1)	BPW(LAVES_PHASE_C14)	BPW(NI3TI)
1473.15	.1209665	.8790335	0	0	0
1472.15	.1188806	.8811194	0	0	0
1471.15	.1168074	.8831926	0	0	0
1470.15	.1147466	.8852534	0	0	0
1469.15	.1126983	.8873017	0	0	0
1468.15	.1106622	.8893378	0	0	0
1467.15	.1086382	.8913618	0	0	0
1466.15	.1066264	.8933736	0	0	0
1465.15	.1046264	.8953736	0	0	0
1464.15	.1026384	.8973616	0	0	0
1463.15	.100662	.899338	0	0	0
1462.15	.09869731	.9013027	0	0	0
1461.15	.09674414	.9032559	0	0	0
1460.15	.0948024	.9051976	0	0	0
1459.15	.09287199	.907128	0	0	0
1458.15	.09095282	.9090472	0	0	0
1457.15	.08904478	.9109552	0	0	0
1456.15	.08714778	.9128522	0	0	0
1455.15	.08526173	.9147383	0	0	0
1454.15	.08338653	.9166135	0	0	0
1453.15	.08152209	.9184779	0	0	0
1452.15	.07966832	.9203317	0	0	0
1451.15	.07782513	.9221749	0	0	0
1450.15	.07599243	.9240076	0	0	0
1449.15	.07417013	.9258299	0	0	0
1448.15	.07235814	.9276419	0	0	0
1447.15	.07055639	.9294436	0	0	0
1446.15	.06876477	.9312352	0	0	0
1445.15	.06698322	.9330168	0	0	0
1444.15	.06521164	.9347884	0	0	0
1443.15	.06344995	.9365501	0	0	0
1442.15	.06169808	.9383019	0	0	0
1441.15	.05995594	.9400441	0	0	0
1440.15	.05822346	.9417765	0	0	0
1439.15	.05650055	.9434995	0	0	0
1438.15	.05478714	.9452129	0	0	0
1437.15	.05308316	.9469168	0	0	0
1436.15	.05138852	.9486115	0	0	0
1435.15	.04970316	.9502968	0	0	0
1434.15	.04802699	.951973	0	0	0
1433.15	.04635996	.95364	0	0	0
1432.15	.04470197	.955298	0	0	0
1431.15	.04305298	.956947	0	0	0
1430.15	.04141289	.9585871	0	0	0
1429.15	.03978165	.9602184	0	0	0
1428.15	.03815919	.9618408	0	0	0
1427.15	.03654543	.9634546	0	0	0
1426.15	.03494031	.9650597	0	0	0
1425.15	.03334377	.9666562	0	0	0
1424.15	.03175574	.9682443	0	0	0
1423.15	.03017615	.9698239	0	0	0
1422.15	.02860495	.971395	0	0	0
1421.15	.02704206	.9729579	0	0	0
1420.15	.02548742	.9745126	0	0	0
1419.15	.02394098	.976059	0	0	0
1418.15	.02240267	.9775973	0	0	0
1417.15	.02087243	.9791276	0	0	0
1416.15	.01935021	.9806498	0	0	0
1415.15	.01783593	.9821641	0	0	0
1414.15	.01632955	.9836704	0	0	0
1413.15	.01483101	.985169	0	0	0
1412.15	.01334025	.9866597	0	0	0
1411.15	.01185721	.9881428	0	0	0
1410.15	.01038184	.9896182	0	0	0
1409.15	.008914085	.9910859	0	0	0
1408.15	.007453885	.9925461	0	0	0
1407.15	.00600119	.9939988	0	0	0
1406.15	.004555946	.9954441	0	0	0
1405.15	.0031181	.9968819	0	0	0
1404.15	.0016876	.9983124	0	0	0
1403.15	2.643957E-04	.9997356	0	0	0
1402.964	0	1	0	0	0
1402.964	0	1	0	0	0
1402.15	0	1	0	0	0
1401.15	0	1	0	0	0
1400.15	0	1	0	0	0
1399.15	0	1	0	0	0
1398.15	0	1	0	0	0
1397.15	0	1	0	0	0
1396.15	0	1	0	0	0
1395.15	0	1	0	0	0
1394.15	0	1	0	0	0
1393.15	0	1	0	0	0
1392.15	0	1	0	0	0
1391.15	0	1	0	0	0
1390.15	0	1	0	0	0
1389.15	0	1	0	0	0
1388.15	0	1	0	0	0
1387.15	0	1	0	0	0
1386.15	0	1	0	0	0
1385.15	0	1	0	0	0
1384.15	0	1	0	0	0
1383.15	0	1	0	0	0
1382.15	0	1	0	0	0
1381.15	0	1	0	0	0
1380.15	0	1	0	0	0
1379.15	0	1	0	0	0
1378.15	0	1	0	0	0
1377.15	0	1	0	0	0
1376.15	0	1	0	0	0
1375.15	0	1	0	0	0
1374.15	0	1	0	0	0
1373.15	0	1	0	0	0
1372.15	0	1	0	0	0
1371.15	0	1	0	0	0
1370.15	0	1	0	0	0
1369.15	0	1	0	0	0
1368.15	0	1	0	0	0
1367.15	0	1	0	0	0
1366.15	0	1	0	0	0
1365.15	0	1	0	0	0
1364.15	0	1	0	0	0
1363.15	0	1	0	0	0
1362.15	0	1	0	0	0
1361.15	0	1	0	0	0
1360.15	0	1	0	0	0
1359.15	0	1	0	0	0
1358.15	0	1	0	0	0
1357.15	0	1	0	0	0
1356.15	0	1	0	0	0
1355.15	0	1	0	0	0
1354.15	0	1	0	0	0
1353.15	0	1	0	0	0
1352.15	0	1	0	0	0
1351.15	0	1	0	0	0
1350.15	0	1	0	0	0
1349.15	0	1	0	0	0
1348.15	0	1	0	0	0
1347.15	0	1	0	0	0
1346.15	0	1	0	0	0
1345.15	0	1	0	0	0
1344.15	0	1	0	0	0
1343.15	0	1	0	0	0
1342.15	0	1	0	0	0
1341.15	0	1	0	0	0
1340.15	0	1	0	0	0
1339.15	0	1	0	0	0
1338.15	0	1	0	0	0
1337.15	0	1	0	0	0
1336.15	0	1	0	0	0
1335.15	0	1	0	0	0
1334.15	0	1	0	0	0
1333.15	0	1	0	0	0
1332.15	0	1	0	0	0
1331.15	0	1	0	0	0
1330.15	0	1	0	0	0
1329.15	0	1	0	0	0
1328.15	0	1	0	0	0
1327.15	0	1	0	0	0
1326.15	0	1	0	0	0
1325.15	0	1	0	0	0
1324.15	0	1	0	0	0
1323.15	0	1	0	0	0
1322.15	0	1	0	0	0
1321.15	0	1	0	0	0
1320.15	0	1	0	0	0
1319.997	0	1	0	0	0
1319.997	0	1	0	0	0
1319.997	0	1	0	0	0
1319.15	0	.9988894	.001110588	0	0
1318.15	0	.9975797	.002420294	0	0
1317.15	0	.9962721	.003727913	0	0
1316.15	0	.9949666	.005033444	0	0
1315.15	0	.9936631	.006336889	0	0
1314.15	0	.9923618	.007638246	0	0
1313.15	0	.9910625	.008937515	0	0
1312.15	0	.9897653	.0102347	0	0
1311.15	0	.9884702	.01152979	0	0
1310.15	0	.9871772	.01282279	0	0
1309.15	0	.9858863	.0141137	0	0
1308.15	0	.9845975	.01540253	0	0
1307.15	0	.9833107	.01668926	0	0
1306.15	0	.9820261	.0179739	0	0
1305.15	0	.9807436	.01925645	0	0
1304.15	0	.9794631	.02053691	0	0
1303.15	0	.9781847	.02181527	0	0
1302.15	0	.9769085	.02309154	0	0
1301.15	0	.9756343	.02436572	0	0
1300.15	0	.9743622	.0256378	0	0
1299.15	0	.9730922	.02690778	0	0
1298.15	0	.9718243	.02817567	0	0
1297.15	0	.9705585	.02944146	0	0
1296.15	0	.9692948	.03070516	0	0
1295.15	0	.9680333	.03196675	0	0
1294.15	0	.9667737	.03322625	0	0
1293.15	0	.9655164	.03448365	0	0
1292.15	0	.9642611	.03573894	0	0
1291.15	0	.9630079	.03699213	0	0
1290.15	0	.9617568	.03824322	0	0
1289.15	0	.9605078	.03949221	0	0
1288.15	0	.9592609	.04073909	0	0
1287.15	0	.9580161	.04198386	0	0
1286.15	0	.9567735	.04322653	0	0
1285.15	0	.9555329	.04446708	0	0
1284.15	0	.9542945	.04570553	0	0
1283.15	0	.9530581	.04694187	0	0
1282.15	0	.9518239	.04817609	0	0
1281.15	0	.9505918	.04940821	0	0
1280.15	0	.9493618	.0506382	0	0
1279.15	0	.9481339	.05186609	0	0
1278.15	0	.9469082	.05309185	0	0
1277.15	0	.9456845	.0543155	0	0
1276.15	0	.944463	.05553703	0	0
1275.15	0	.9432436	.05675643	0	0
1274.15	0	.9420263	.05797372	0	0
1273.15	0	.9408111	.05918888	0	0
1272.15	0	.9395981	.06040191	0	0
1271.15	0	.9383872	.06161282	0	0
1270.15	0	.9371784	.0628216	0	0
1269.15	0	.9359718	.06402825	0	0
1268.15	0	.9347672	.06523277	0	0
1267.15	0	.9335648	.06643516	0	0
1266.15	0	.9323646	.06763541	0	0
1265.15	0	.9311665	.06883352	0	0
1264.15	0	.9299705	.0700295	0	0
1263.15	0	.9287767	.07122333	0	0
1262.15	0	.927585	.07241503	0	0
1261.15	0	.9263954	.07360458	0	0
1260.15	0	.925208	.07479198	0	0
1259.15	0	.9240228	.07597724	0	0
1258.15	0	.9228397	.07716035	0	0
1257.15	0	.9216587	.0783413	0	0
1256.15	0	.9204799	.07952011	0	0
1255.15	0	.9193033	.08069675	0	0
1254.15	0	.9181288	.08187124	0	0
1253.15	0	.9169564	.08304357	0	0
1252.15	0	.9157863	.08421374	0	0
1251.15	0	.9146183	.08538175	0	0
1250.15	0	.9134524	.08654759	0	0
1249.15	0	.9122887	.08771126	0	0
1248.15	0	.9111272	.08887276	0	0
1247.15	0	.9099679	.09003208	0	0
1246.15	0	.9088108	.09118924	0	0
1245.15	0	.9076558	.09234421	0	0
1244.15	0	.906503	.09349701	0	0
1243.15	0	.9053524	.09464762	0	0
1242.15	0	.904204	.09579604	0	0
1241.15	0	.9030577	.09694228	0	0
1240.15	0	.9019137	.09808633	0	0
1239.15	0	.9007718	.09922819	0	0
1238.15	0	.8996322	.1003678	0	0
1237.15	0	.8984947	.1015053	0	0
1236.15	0	.8973594	.1026406	0	0
1235.15	0	.8962264	.1037736	0	0
1234.15	0	.8950955	.1049045	0	0
1233.15	0	.8939669	.1060331	0	0
1232.15	0	.8928405	.1071595	0	0
1231.15	0	.8917162	.1082838	0	0
1230.15	0	.8905942	.1094058	0	0
1229.15	0	.8894745	.1105255	0	0
1228.15	0	.8883569	.1116431	0	0
1227.15	0	.8872416	.1127584	0	0
1226.15	0	.8861285	.1138715	0	0
1225.15	0	.8850176	.1149824	0	0
1224.15	0	.883909	.116091	0	0
1223.15	0	.8828026	.1171974	0	0
1222.15	0	.8816985	.1183015	0	0
1221.15	0	.8805966	.1194034	0	0
1220.15	0	.8794969	.1205031	0	0
1219.15	0	.8783996	.1216004	0	0
1218.15	0	.8773044	.1226956	0	0
1217.15	0	.8762115	.1237885	0	0
1216.15	0	.8751209	.1248791	0	0
1215.15	0	.8740326	.1259674	0	0
1214.15	0	.8729465	.1270535	0	0
1213.15	0	.8718627	.1281373	0	0
1212.15	0	.8707812	.1292188	0	0
1211.15	0	.869702	.130298	0	0
1210.15	0	.868625	.131375	0	0
1209.15	0	.8675504	.1324497	0	0
1208.15	0	.866478	.133522	0	0
1207.15	0	.8654079	.1345921	0	0
1206.15	0	.8643401	.1356598	0	0
1205.15	0	.8632747	.1367253	0	0
1204.15	0	.8622115	.1377885	0	0
1203.15	0	.8611507	.1388493	0	0
1202.15	0	.8600922	.1399078	0	0
1201.15	0	.859036	.140964	0	0
1200.15	0	.8579821	.1420179	0	0
1199.15	0	.8569306	.1430694	0	0
1198.15	0	.8558814	.1441186	0	0
1197.15	0	.8548345	.1451655	0	0
1196.15	0	.85379	.14621	0	0
1195.15	0	.8527478	.1472522	0	0
1194.15	0	.851708	.148292	0	0
1193.15	0	.8506706	.1493294	0	0
1192.15	0	.8496355	.1503645	0	0
1191.15	0	.8486027	.1513973	0	0
1190.15	0	.8475724	.1524276	0	0
1189.15	0	.8465444	.1534556	0	0
1188.15	0	.8455188	.1544812	0	0
1187.15	0	.8444956	.1555044	0	0
1186.15	0	.8434748	.1565252	0	0
1185.15	0	.8424564	.1575436	0	0
1184.15	0	.8414404	.1585596	0	0
1183.15	0	.8404267	.1595733	0	0
1182.15	0	.8394155	.1605845	0	0
1181.15	0	.8384068	.1615932	0	0
1180.15	0	.8374004	.1625996	0	0
1179.15	0	.8363965	.1636035	0	0
1178.15	0	.835395	.164605	0	0
1177.15	0	.8343959	.1656041	0	0
1176.15	0	.8333993	.1666007	0	0
1175.15	0	.8324052	.1675948	0	0
1174.15	0	.8314134	.1685866	0	0
1173.15	0	.8304242	.1695758	0	0
1172.15	0	.8294374	.1705626	0	0
1171.15	0	.8284531	.1715469	0	0
1170.15	0	.8274713	.1725287	0	0
1169.15	0	.826492	.173508	0	0
1168.15	0	.8255151	.1744849	0	0
1167.15	0	.8245408	.1754592	0	0
1166.15	0	.8235689	.1764311	0	0
1165.15	0	.8225996	.1774004	0	0
1164.15	0	.8216328	.1783672	0	0
1163.15	0	.8206685	.1793315	0	0
1162.15	0	.8197067	.1802933	0	0
1161.15	0	.8187475	.1812525	0	0
1160.15	0	.8177908	.1822092	0	0
1159.15	0	.8168366	.1831634	0	0
1158.15	0	.815885	.184115	0	0
1157.15	0	.814936	.185064	0	0
1156.15	0	.8139896	.1860105	0	0
1155.15	0	.8130457	.1869543	0	0
1154.15	0	.8121043	.1878957	0	0
1153.15	0	.8111656	.1888344	0	0
1152.15	0	.8102295	.1897705	0	0
1151.15	0	.8092959	.1907041	0	0
1150.15	0	.808365	.191635	0	0
1149.15	0	.8074367	.1925633	0	0
1148.15	0	.806511	.193489	0	0
1147.15	0	.805588	.194412	0	0
1146.15	0	.8046676	.1953324	0	0
1145.15	0	.8037498	.1962502	0	0
1144.15	0	.8028347	.1971653	0	0
1143.15	0	.8019223	.1980777	0	0
1142.15	0	.8010125	.1989875	0	0
1141.15	0	.8001053	.1998947	0	0
1140.15	0	.7992009	.2007991	0	0
1139.15	0	.7982992	.2017008	0	0
1138.15	0	.7974001	.2025999	0	0
1137.15	0	.7965038	.2034962	0	0
1136.15	0	.7956102	.2043898	0	0
1135.15	0	.7947193	.2052807	0	0
1134.15	0	.7938311	.2061689	0	0
1133.15	0	.7929457	.2070543	0	0
1132.15	0	.792063	.207937	0	0
1131.15	0	.7911831	.2088169	0	0
1130.15	0	.7903059	.2096941	0	0
1129.15	0	.7894315	.2105685	0	0
1128.15	0	.7885599	.2114401	0	0
1127.15	0	.7876911	.2123089	0	0
1126.15	0	.7868251	.2131749	0	0
1125.15	0	.7859618	.2140382	0	0
1124.15	0	.7851014	.2148986	0	0
1123.15	0	.7842439	.2157562	0	0
1122.15	0	.7833891	.2166109	0	0
1121.15	0	.7825372	.2174628	0	0
1120.15	0	.7816881	.2183119	0	0
1119.15	0	.7808419	.2191581	0	0
1118.15	0	.7799986	.2200014	0	0
1117.15	0	.7791582	.2208418	0	0
1116.15	0	.7783206	.2216794	0	0
1115.15	0	.7774859	.2225141	0	0
1114.15	0	.7766542	.2233458	0	0
1113.15	0	.7758253	.2241747	0	0
1112.15	0	.7749994	.2250006	0	0
1111.15	0	.7741764	.2258236	0	0
1110.15	0	.7733564	.2266436	0	0
1109.15	0	.7725393	.2274607	0	0
1108.15	0	.7717252	.2282748	0	0
1107.15	0	.7709141	.2290859	0	0
1106.15	0	.7701059	.2298941	0	0
1105.15	0	.7693007	.2306993	0	0
1104.15	0	.7684986	.2315014	0	0
1103.15	0	.7676994	.2323006	0	0
1102.15	0	.7669033	.2330967	0	0
1101.15	0	.7661102	.2338898	0	0
1100.15	0	.7653202	.2346798	0	0
1099.15	0	.7645332	.2354668	0	0
1098.15	0	.7637493	.2362507	0	0
1097.15	0	.7629685	.2370315	0	0
1096.15	0	.7621907	.2378093	0	0
1095.15	0	.7614161	.2385839	0	0
1094.15	0	.7606446	.2393554	0	0
1093.15	0	.7598762	.2401238	0	0
1092.15	0	.7591109	.2408891	0	0
1091.15	0	.7583488	.2416512	0	0
1090.15	0	.7575898	.2424102	0	0
1089.15	0	.756834	.243166	0	0
1088.15	0	.7560814	.2439187	0	0
1087.15	0	.7553319	.2446681	0	0
1086.15	0	.7545857	.2454143	0	0
1085.15	0	.7538427	.2461574	0	0
1084.15	0	.7531028	.2468972	0	0
1083.15	0	.7523663	.2476337	0	0
1082.15	0	.751633	.248367	0	0
1081.15	0	.7509029	.2490971	0	0
1080.15	0	.7501761	.2498239	0	0
1079.15	0	.7494526	.2505474	0	0
1078.15	0	.7487324	.2512676	0	0
1077.15	0	.7480155	.2519845	0	0
1076.15	0	.7473019	.2526981	0	0
1075.15	0	.7465917	.2534083	0	0
1074.15	0	.7458848	.2541153	0	0
1073.15	0	.7451812	.2548188	0	0
1072.15	0	.744481	.255519	0	0
1071.15	0	.7437842	.2562158	0	0
1070.15	0	.7430908	.2569092	0	0
1069.15	0	.7424008	.2575992	0	0
1068.15	0	.7417142	.2582858	0	0
1067.15	0	.7410311	.2589689	0	0
1066.15	0	.7403514	.2596486	0	0
1065.15	0	.7396751	.2603249	0	0
1064.15	0	.7390023	.2609977	0	0
1063.15	0	.738333	.261667	0	0
1062.15	0	.7376672	.2623328	0	0
1061.15	0	.7370049	.2629951	0	0
1060.15	0	.7363462	.2636538	0	0
1059.15	0	.7356909	.2643091	0	0
1058.15	0	.7350392	.2649608	0	0
1057.15	0	.7343911	.2656089	0	0
1056.15	0	.7337466	.2662535	0	0
1055.15	0	.7331056	.2668944	0	0
1054.15	0	.7324682	.2675318	0	0
1053.15	0	.7318345	.2681655	0	0
1052.15	0	.7312044	.2687956	0	0
1051.15	0	.7305779	.2694221	0	0
1050.15	0	.7299551	.270045	0	0
1049.15	0	.7293359	.2706641	0	0
1048.15	0	.7287204	.2712796	0	0
1047.15	0	.7281086	.2718914	0	0
1046.15	0	.7275006	.2724994	0	0
1045.15	0	.7268962	.2731038	0	0
1044.15	0	.7262956	.2737044	0	0
1043.15	0	.7256988	.2743012	0	0
1042.392	0	.7252491	.2747509	0	0
1042.392	0	.7252491	.2747509	0	0
1042.392	0	.7252491	.2747509	0	0
1042.15	0	.725061	.2748534	8.559415E-05	0
1041.15	0	.7242878	.2752741	4.381783E-04	0
1040.15	0	.7235189	.2756913	7.898213E-04	0
1039.15	0	.7227545	.276105	.001140523	0
1038.15	0	.7219944	.2765153	.001490284	0
1037.15	0	.7212387	.2769222	.001839105	0
1036.15	0	.7204875	.2773255	.002186984	0
1035.15	0	.7197407	.2777254	.002533923	0
1034.15	0	.7189983	.2781218	.002879921	0
1033.15	0	.7182603	.2785147	.003224979	0
1032.15	0	.7175267	.2789042	.003569095	0
1031.15	0	.7167976	.2792901	.00391227	0
1030.15	0	.7160729	.2796726	.004254504	0
1029.15	0	.7153527	.2800515	.004595796	0
1028.15	0	.714637	.2804269	.004936146	0
1027.15	0	.7139257	.2807988	.005275554	0
1026.15	0	.7132189	.2811671	.005614019	0
1025.15	0	.7125165	.281532	.005951542	0
1024.15	0	.7118186	.2818932	.00628812	0
1023.15	0	.7111253	.282251	.006623755	0
1022.15	0	.7104364	.2826052	.006958446	0
1021.15	0	.709752	.2829558	.007292191	0
1020.15	0	.7090721	.2833029	.00762499	0
1019.15	0	.7083967	.2836464	.007956843	0
1018.15	0	.7077259	.2839864	.008287748	0
1017.15	0	.7070595	.2843228	.008617706	0
1016.15	0	.7063977	.2846556	.008946714	0
1015.15	0	.7057404	.2849848	.009274773	0
1014.15	0	.7050877	.2853104	.009601881	0
1013.15	0	.7044395	.2856324	.009928038	0
1012.15	0	.7037959	.2859509	.01025324	0
1011.15	0	.7031568	.2862657	.01057749	0
1010.15	0	.7025223	.2865769	.01090079	0
1009.15	0	.7018924	.2868845	.01122312	0
1008.15	0	.7012671	.2871884	.01154451	0
1007.15	0	.7006463	.2874888	.01186493	0
1006.15	0	.7000301	.2877855	.01218439	0
1005.15	0	.6994186	.2880786	.01250289	0
1004.15	0	.6988116	.288368	.01282043	0
1003.15	0	.6982092	.2886538	.013137	0
1002.15	0	.6976114	.288936	.01345261	0
1001.15	0	.6970183	.2892145	.01376725	0
1000.15	0	.6964298	.2894893	.01408092	0
999.15	0	.6958459	.2897605	.01439361	0
998.15	0	.6952667	.290028	.01470534	0
997.15	0	.694692	.2902919	.01501609	0
996.15	0	.6941221	.2905521	.01532586	0
995.15	0	.6935568	.2908086	.01563465	0
994.15	0	.6929961	.2910614	.01594246	0
993.15	0	.6924401	.2913106	.01624929	0
992.15	0	.6918888	.2915561	.01655514	0
991.15	0	.6913421	.2917979	.01685999	0
990.15	0	.6908002	.292036	.01716385	0
989.15	0	.6902628	.2922704	.01746673	0
988.15	0	.6897302	.2925012	.0177686	0
987.15	0	.6892023	.2927282	.01806948	0
986.15	0	.6886791	.2929516	.01836936	0
985.15	0	.6881606	.2931712	.01866823	0
984.15	0	.6876467	.2933872	.0189661	0
983.15	0	.6871376	.2935994	.01926296	0
982.15	0	.6866332	.293808	.01955881	0
981.15	0	.6861335	.2940129	.01985364	0
980.15	0	.6856385	.2942141	.02014746	0
979.15	0	.6851482	.2944115	.02044025	0
978.15	0	.6846627	.2946053	.02073202	0
977.15	0	.6841819	.2947954	.02102276	0
976.15	0	.6837058	.2949817	.02131247	0
975.15	0	.6832344	.2951644	.02160114	0
974.15	0	.6827678	.2953434	.02188877	0
973.15	0	.6823059	.2955187	.02217537	0
972.15	0	.6818488	.2956903	.02246091	0
971.15	0	.6813963	.2958582	.02274541	0
970.15	0	.6809487	.2960225	.02302885	0
969.15	0	.6805057	.2961831	.02331123	0
968.15	0	.6800675	.2963399	.02359256	0
967.15	0	.6796341	.2964931	.02387281	0
966.15	0	.6792054	.2966427	.02415199	0
965.15	0	.6787814	.2967885	.0244301	0
964.15	0	.6783621	.2969307	.02470712	0
963.15	0	.6779476	.2970693	.02498307	0
962.15	0	.6775379	.2972042	.02525792	0
961.15	0	.6771329	.2973355	.02553168	0
960.15	0	.6767326	.2974631	.02580433	0
959.15	0	.676337	.2975871	.02607588	0
958.15	0	.6759462	.2977075	.02634633	0
957.15	0	.6755601	.2978243	.02661565	0
956.15	0	.6751787	.2979374	.02688385	0
955.15	0	.6748021	.298047	.02715093	0
954.15	0	.6744301	.298153	.02741688	0
953.15	0	.6740629	.2982555	.02768168	0
952.15	0	.6737003	.2983543	.02794535	0
951.15	0	.6733425	.2984496	.02820786	0
950.15	0	.6729894	.2985414	.02846921	0
949.15	0	.6726409	.2986297	.0287294	0
948.15	0	.6722971	.2987144	.02898842	0
947.15	0	.671958	.2987957	.02924627	0
946.15	0	.6716236	.2988735	.02950293	0
945.15	0	.6712938	.2989478	.0297584	0
944.15	0	.6709687	.2990187	.03001267	0
943.15	0	.6706481	.2990861	.03026574	0
942.15	0	.6703323	.2991501	.0305176	0
941.15	0	.670021	.2992108	.03076824	0
940.15	0	.6697143	.2992681	.03101765	0
939.15	0	.6694122	.299322	.03126582	0
938.15	0	.6691147	.2993726	.03151275	0
937.15	0	.6688217	.2994198	.03175843	0
936.15	0	.6685333	.2994638	.03200285	0
935.15	0	.6682494	.2995046	.03224601	0
934.15	0	.6679701	.2995421	.03248788	0
933.15	0	.6676952	.2995764	.03272847	0
932.15	0	.6674248	.2996075	.03296776	0
931.15	0	.6671588	.2996354	.03320575	0
930.15	0	.6668973	.2996603	.03344242	0
929.15	0	.6666402	.299682	.03367777	0
928.15	0	.6663875	.2997007	.03391179	0
927.15	0	.6661392	.2997164	.03414446	0
926.15	0	.6658952	.299729	.03437578	0
925.15	0	.6656555	.2997387	.03460574	0
924.15	0	.6654202	.2997455	.03483432	0
923.15	0	.6651891	.2997494	.03506151	0
922.15	0	.6649622	.2997505	.0352873	0
921.15	0	.6647396	.2997487	.03551169	0
920.15	0	.6645211	.2997442	.03573465	0
919.15	0	.6643068	.299737	.03595619	0
918.15	0	.6640967	.2997271	.03617627	0
917.15	0	.6638906	.2997145	.0363949	0
916.15	0	.6636885	.2996994	.03661206	0
915.15	0	.6634905	.2996818	.03682774	0
914.15	0	.6632964	.2996616	.03704192	0
913.15	0	.6631063	.2996391	.03725459	0
912.15	0	.6629201	.2996142	.03746574	0
911.15	0	.6627378	.2995869	.03767535	0
910.15	0	.6625592	.2995574	.0378834	0
909.15	0	.6623844	.2995257	.03808989	0
908.15	0	.6622134	.2994919	.0382948	0
907.15	0	.662046	.2994559	.03849811	0
906.15	0	.6618822	.299418	.0386998	0
905.15	0	.661722	.2993781	.03889986	0
904.15	0	.6615653	.2993364	.03909828	0
903.15	0	.6614121	.2992929	.03929503	0
902.15	0	.6612623	.2992476	.03949011	0
901.15	0	.6611158	.2992007	.03968348	0
900.15	0	.6609726	.2991522	.03987514	0
899.15	0	.6608327	.2991023	.04006506	0
898.15	0	.6606959	.2990509	.04025322	0
897.15	0	.6605621	.2989983	.04043961	0
896.15	0	.6604314	.2989444	.04062421	0
895.15	0	.6603037	.2988893	.04080698	0
894.15	0	.6601788	.2988333	.04098793	0
893.15	0	.6600567	.2987763	.04116701	0
892.15	0	.6599374	.2987184	.04134421	0
891.15	0	.6598206	.2986599	.04151951	0
890.15	0	.6597065	.2986007	.04169288	0
889.15	0	.6595947	.298541	.04186431	0
888.15	0	.6594854	.2984808	.04203375	0
887.15	0	.6593783	.2984205	.04220119	0
886.15	0	.6592735	.2983599	.04236661	0
885.15	0	.6591707	.2982994	.04252996	0
884.15	0	.6590699	.2982389	.04269124	0
883.15	0	.658971	.2981786	.0428504	0
882.15	0	.6588738	.2981188	.04300743	0
881.15	0	.6587783	.2980594	.04316228	0
880.15	0	.6586843	.2980008	.04331493	0
879.15	0	.6585918	.2979429	.04346534	0
878.15	0	.6585005	.297886	.04361348	0
877.15	0	.6584104	.2978303	.04375932	0
876.15	0	.6583214	.2977758	.04390282	0
875.15	0	.6582332	.2977229	.04404394	0
874.15	0	.6581458	.2976716	.04418264	0
873.15	0	.6580589	.2976222	.04431889	0
872.15	0	.6579726	.2975748	.04445265	0
871.15	0	.6578865	.2975297	.04458386	0
870.15	0	.6578005	.297487	.04471249	0
869.15	0	.6577144	.2974471	.04483849	0
868.15	0	.6576282	.29741	.04496181	0
867.15	0	.6575415	.2973761	.04508241	0
866.15	0	.6574542	.2973456	.04520022	0
865.15	0	.6573661	.2973187	.0453152	0
864.15	0	.6572769	.2972958	.04542728	0
863.15	0	.6571866	.297277	.04553641	0
862.15	0	.6570947	.2972627	.04564253	0
861.15	0	.6570012	.2972532	.04574557	0
860.15	0	.6569057	.2972488	.04584547	0
859.15	0	.656808	.2972499	.04594214	0
858.15	0	.6567078	.2972567	.04603552	0
857.15	0	.6566049	.2972696	.04612553	0
856.15	0	.6564989	.2972891	.04621208	0
855.15	0	.6563895	.2973155	.04629509	0
854.15	0	.6562764	.2973492	.04637446	0
853.15	0	.6561592	.2973907	.0464501	0
852.15	0	.6560376	.2974405	.0465219	0
851.15	0	.6559112	.297499	.04658974	0
850.15	0	.6557796	.2975669	.04665352	0
849.15	0	.6556423	.2976446	.04671311	0
848.15	0	.6554989	.2977327	.04676837	0
847.15	0	.6553489	.2978319	.04681917	0
846.15	0	.6551918	.2979429	.04686534	0
845.15	0	.6550269	.2980663	.04690673	0
844.15	0	.6548538	.298203	.04694317	0
843.15	0	.6546717	.2983538	.04697445	0
842.15	0	.65448	.2985196	.04700039	0
841.15	0	.6542779	.2987014	.04702075	0
840.15	0	.6540646	.2989001	.0470353	0
839.15	0	.6538392	.2991171	.04704377	0
838.15	0	.6532863	.2997373	.04697641	0
837.15	0	.6525859	.3005437	.04687036	0
836.15	0	.6519442	.3012848	.04677094	0
835.15	0	.6513563	.3019663	.04667745	0
834.15	0	.6508176	.3025931	.04658929	0
833.15	0	.6503243	.3031698	.04650594	0
832.15	0	.6498728	.3037003	.04642694	0
831.15	0	.6494599	.3041882	.0463519	0
830.15	0	.6490829	.3046367	.04628044	0
829.15	0	.6487391	.3050486	.04621227	0
828.15	0	.6484262	.3054268	.04614708	0
827.15	0	.6481419	.3057735	.04608464	0
826.15	0	.6478844	.3060909	.04602472	0
825.15	0	.6476518	.3063811	.0459671	0
824.15	0	.6474424	.306646	.04591161	0
823.15	0	.6472547	.3068872	.04585808	0
822.15	0	.6470873	.3071063	.04580635	0
821.15	0	.6469389	.3073048	.0457563	0
820.15	0	.6468081	.3074841	.04570778	0
819.15	0	.646694	.3076453	.04566069	0
818.15	0	.6465954	.3077897	.04561493	0
817.15	0	.6465114	.3079183	.04557039	0
816.15	0	.6464409	.3080321	.04552698	0
815.15	0	.6463833	.3081321	.04548464	0
814.15	0	.6463375	.3082192	.04544327	0
813.15	0	.646303	.3082942	.04540281	0
812.15	0	.646279	.3083578	.04536319	0
811.15	0	.6462648	.3084109	.04532437	0
810.15	0	.6462598	.308454	.04528627	0
809.15	0	.6462634	.3084878	.04524886	0
808.15	0	.6462751	.3085129	.04521208	0
807.15	0	.6462943	.3085298	.04517589	0
806.15	0	.6463206	.3085392	.04514024	0
805.15	0	.6463535	.3085414	.04510511	0
804.15	0	.6463925	.308537	.04507045	0
803.15	0	.6464373	.3085264	.04503624	0
802.15	0	.6464875	.30851	.04500243	0
801.15	0	.6465428	.3084882	.04496901	0
800.15	0	.6466027	.3084614	.04493594	0
799.15	0	.6466669	.3084299	.04490321	0
798.15	0	.6467352	.3083941	.04487078	0
797.15	0	.6468072	.3083542	.04483863	0
796.15	0	.6468827	.3083105	.04480675	0
795.15	0	.6469615	.3082634	.04477511	0
794.15	0	.6470432	.3082131	.04474369	0
793.15	0	.6471277	.3081598	.04471249	0
792.15	0	.6472148	.3081038	.04468147	0
791.15	0	.6473041	.3080452	.04465064	0
790.15	0	.6473956	.3079844	.04461996	0
789.15	0	.6474891	.3079215	.04458944	0
788.15	0	.6475844	.3078566	.04455905	0
787.15	0	.6476812	.30779	.04452879	0
786.15	0	.6477796	.3077218	.04449864	0
785.15	0	.6478792	.3076522	.04446859	0
784.15	0	.64798	.3075813	.04443863	0
783.15	0	.6480819	.3075093	.04440876	0
782.15	0	.6481847	.3074363	.04437896	0
781.15	0	.6482883	.3073624	.04434923	0
780.15	0	.6483927	.3072878	.04431956	0
779.15	0	.6484976	.3072125	.04428993	0
778.15	0	.648603	.3071367	.04426035	0
777.15	0	.6487088	.3070604	.04423081	0
776.15	0	.6488149	.3069838	.0442013	0
775.15	0	.6489212	.306907	.04417181	0
774.15	0	.6490277	.30683	.04414233	0
773.15	0	.6491343	.3067528	.04411288	0
772.15	0	.6492409	.3066757	.04408343	0
771.15	0	.6493474	.3065986	.04405398	0
770.15	0	.6494538	.3065217	.04402453	0
769.15	0	.64956	.3064449	.04399508	0
768.15	0	.649666	.3063683	.04396561	0
767.15	0	.6497718	.3062921	.04393614	0
766.15	0	.6498771	.3062162	.04390664	0
765.15	0	.6499821	.3061407	.04387713	0
764.15	0	.6500867	.3060657	.04384759	0
763.15	0	.6501908	.3059911	.04381802	0
762.15	0	.6502945	.3059171	.04378843	0
761.15	0	.6503976	.3058437	.0437588	0
760.15	0	.6505001	.3057708	.04372913	0
759.15	0	.650602	.3056986	.04369943	0
758.15	0	.6507033	.305627	.04366969	0
757.15	0	.6508039	.3055562	.0436399	0
756.15	0	.6509039	.3054861	.04361008	0
755.15	0	.6510031	.3054167	.0435802	0
754.15	0	.6511016	.3053481	.04355028	0
753.15	0	.6511994	.3052803	.0435203	0
752.15	0	.6512964	.3052133	.04349028	0
751.15	0	.6513926	.3051472	.0434602	0
750.15	0	.651488	.3050819	.04343006	0
749.15	0	.6515826	.3050175	.04339988	0
748.15	0	.6516764	.304954	.04336963	0
747.15	0	.6517693	.3048913	.04333933	0
746.15	0	.6518614	.3048296	.04330896	0
745.15	0	.6519526	.3047688	.04327854	0
744.15	0	.6520459	.3047068	.04324729	0
743.15	0	.6521351	.3046481	.0432168	0
742.15	0	.6522235	.3045903	.04318624	0
741.15	0	.6523109	.3045335	.04315562	0
740.15	0	.6523975	.3044776	.04312492	0
739.15	0	.6524832	.3044226	.04309416	0
738.15	0	.652568	.3043687	.04306333	0
737.15	0	.6526519	.3043157	.04303244	0
736.15	0	.6527349	.3042637	.04300147	0
735.15	0	.6528169	.3042126	.04297043	0
734.15	0	.6528981	.3041626	.04293932	0
733.15	0	.6529783	.3041135	.04290815	0
732.15	0	.6530576	.3040655	.0428769	0
731.15	0	.653136	.3040184	.04284558	0
730.15	0	.6532135	.3039723	.04281419	0
729.15	0	.6532901	.3039272	.04278273	0
728.15	0	.6533657	.3038831	.0427512	0
727.15	0	.6534404	.30384	.0427196	0
726.15	0	.6535142	.3037979	.04268792	0
725.15	0	.6535871	.3037567	.04265618	0
724.15	0	.6536591	.3037166	.04262437	0
723.15	0	.6537301	.3036774	.04259248	0
722.15	0	.6538003	.3036392	.04256053	0
721.15	0	.6538695	.303602	.0425285	0
720.15	0	.6539379	.3035657	.04249641	0
719.15	0	.6540053	.3035305	.04246424	0
718.15	0	.6540718	.3034962	.04243201	0
717.15	0	.6541375	.3034628	.04239971	0
716.15	0	.6542022	.3034304	.04236733	0
715.15	0	.6542661	.303399	.04233489	0
714.15	0	.6543291	.3033686	.04230238	0
713.15	0	.6543912	.303339	.0422698	0
712.15	0	.6544524	.3033104	.04223715	0
711.15	0	.6545128	.3032828	.04220444	0
710.15	0	.6545723	.3032561	.04217166	0
709.15	0	.6546309	.3032303	.04213881	0
708.15	0	.6546887	.3032054	.0421059	0
707.15	0	.6547457	.3031814	.04207292	0
706.15	0	.6548018	.3031584	.04203987	0
705.15	0	.654857	.3031362	.04200676	0
704.15	0	.6549114	.303115	.04197359	0
703.15	0	.6549651	.3030946	.04194035	0
702.15	0	.6550178	.3030751	.04190705	0
701.15	0	.6550698	.3030565	.04187368	0
700.15	0	.655121	.3030388	.04184025	0
699.15	0	.6551713	.3030219	.04180676	0
698.15	0	.6552209	.3030059	.04177321	0
697.15	0	.6552697	.3029907	.0417396	0
696.15	0	.6553177	.3029764	.04170593	0
695.15	0	.6553649	.3029629	.0416722	0
694.15	0	.6554113	.3029503	.04163841	0
693.15	0	.655457	.3029384	.04160456	0
692.15	0	.6555019	.3029274	.04157065	0
691.15	0	.6555461	.3029172	.04153668	0
690.15	0	.6555895	.3029078	.04150266	0
689.15	0	.6556322	.3028992	.04146858	0
688.15	0	.6556742	.3028914	.04143445	0
687.15	0	.6557154	.3028844	.04140026	0
686.15	0	.6557559	.3028781	.04136601	0
685.15	0	.6557956	.3028726	.04133172	0
684.15	0	.6558347	.3028679	.04129737	0
683.15	0	.6558731	.3028639	.04126296	0
682.15	0	.6559108	.3028607	.04122851	0
681.15	0	.6559478	.3028582	.04119401	0
680.15	0	.6559841	.3028565	.04115945	0
679.15	0	.6560197	.3028555	.04112484	0
678.15	0	.6560546	.3028552	.04109019	0
677.15	0	.6560889	.3028556	.04105549	0
676.15	0	.6561226	.3028567	.04102074	0
675.15	0	.6561555	.3028585	.04098594	0
674.15	0	.6561879	.302861	.0409511	0
673.15	0	.6562196	.3028642	.04091621	0
672.15	0	.6562506	.3028681	.04088128	0
671.15	0	.6562811	.3028727	.0408463	0
670.15	0	.6563109	.3028779	.04081128	0
669.15	0	.6563401	.3028837	.04077622	0
668.15	0	.6563686	.3028903	.04074111	0
667.15	0	.6563966	.3028974	.04070597	0
666.15	0	.656424	.3029052	.04067078	0
665.15	0	.6564508	.3029137	.04063555	0
664.15	0	.656477	.3029227	.04060029	0
663.15	0	.6565026	.3029324	.04056499	0
662.15	0	.6565277	.3029427	.04052965	0
661.15	0	.6565522	.3029536	.04049427	0
660.15	0	.6565761	.3029651	.04045886	0
659.15	0	.6565994	.3029772	.04042341	0
658.15	0	.6566222	.3029898	.04038793	0
657.15	0	.6566445	.3030031	.04035241	0
656.15	0	.6566662	.3030169	.04031687	0
655.15	0	.6566874	.3030313	.04028129	0
654.15	0	.6567081	.3030462	.04024567	0
653.15	0	.6567282	.3030617	.04021003	0
652.15	0	.6567479	.3030778	.04017436	0
651.15	0	.656767	.3030944	.04013866	0
650.15	0	.6567856	.3031115	.04010293	0
649.15	0	.6568037	.3031292	.04006718	0
648.15	0	.6568213	.3031473	.04003139	0
647.15	0	.6568384	.303166	.03999559	0
646.15	0	.656855	.3031852	.03995975	0
645.15	0	.6568712	.303205	.0399239	0
644.15	0	.6568868	.3032252	.03988802	0
643.15	0	.656902	.3032459	.03985211	0
642.15	0	.6569168	.3032671	.03981619	0
641.15	0	.656931	.3032887	.03978024	0
640.15	0	.6569449	.3033109	.03974428	0
639.15	0	.6569582	.3033335	.03970829	0
638.15	0	.6569712	.3033566	.03967229	0
637.15	0	.6569836	.3033801	.03963627	0
636.15	0	.6569957	.3034041	.03960023	0
635.15	0	.6570073	.3034285	.03956417	0
634.15	0	.6570185	.3034534	.0395281	0
633.15	0	.6570293	.3034787	.03949202	0
632.15	0	.6570396	.3035045	.03945592	0
631.15	0	.6570496	.3035306	.03941981	0
630.15	0	.6570591	.3035572	.03938369	0
629.15	0	.6570682	.3035842	.03934755	0
628.15	0	.657077	.3036116	.03931141	0
627.15	0	.6570853	.3036394	.03927525	0
626.15	0	.6570933	.3036676	.03923909	0
625.15	0	.6571008	.3036962	.03920292	0
624.15	0	.657108	.3037252	.03916674	0
623.15	0	.6571148	.3037546	.03913055	0
622.15	0	.6571213	.3037844	.03909436	0
621.15	0	.6571274	.3038145	.03905817	0
620.15	0	.6571331	.303845	.03902196	0
619.15	0	.6571384	.3038758	.03898576	0
618.15	0	.6571434	.303907	.03894956	0
617.15	0	.6571481	.3039386	.03891335	0
616.15	0	.6571524	.3039705	.03887714	0
615.15	0	.6571563	.3040027	.03884094	0
614.15	0	.6571599	.3040353	.03880473	0
613.15	0	.6571632	.3040683	.03876853	0
612.15	0	.6571662	.3041015	.03873233	0
611.15	0	.6571688	.3041351	.03869613	0
610.15	0	.6571711	.304169	.03865993	0
609.15	0	.6571731	.3042032	.03862375	0
608.15	0	.6571748	.3042377	.03858756	0
607.15	0	.6571761	.3042725	.03855139	0
606.15	0	.6571772	.3043076	.03851522	0
605.15	0	.6571779	.304343	.03847906	0
604.15	0	.6571784	.3043787	.03844291	0
603.15	0	.6571786	.3044147	.03840677	0
602.15	0	.6571784	.304451	.03837064	0
601.15	0	.657178	.3044875	.03833452	0
600.15	0	.6571773	.3045243	.03829841	0
599.15	0	.6571763	.3045614	.03826232	0
598.15	0	.657175	.3045988	.03822624	0
597.15	0	.6571735	.3046364	.03819018	0
596.15	0	.6571717	.3046742	.03815413	0
595.15	0	.6571696	.3047123	.0381181	0
594.15	0	.6571672	.3047507	.03808208	0
593.15	0	.6571646	.3047893	.03804609	0
592.15	0	.6571618	.3048281	.03801011	0
591.15	0	.6571586	.3048672	.03797415	0
590.15	0	.6571553	.3049065	.03793822	0
589.15	0	.6571516	.3049461	.0379023	0
588.15	0	.6571478	.3049858	.03786641	0
587.15	0	.6571437	.3050258	.03783054	0
586.15	0	.6571393	.305066	.0377947	0
585.15	0	.6571348	.3051064	.03775888	0
584.15	0	.65713	.305147	.03772308	0
583.15	0	.6571249	.3051878	.03768731	0
582.15	0	.6571197	.3052288	.03765157	0
581.15	0	.6571142	.30527	.03761586	0
580.15	0	.6571085	.3053114	.03758017	0
579.15	0	.6571025	.3053529	.03754452	0
578.15	0	.6570964	.3053947	.0375089	0
577.15	0	.6570901	.3054366	.0374733	0
576.15	0	.6570835	.3054788	.03743774	0
575.15	0	.6570768	.305521	.03740221	0
574.15	0	.6570698	.3055635	.03736672	0
573.15	0	.6570626	.3056061	.03733126	0
572.15	0	.6570553	.3056489	.03729583	0
571.15	0	.6570477	.3056918	.03726045	0
570.15	0	.65704	.3057349	.03722509	0
569.15	0	.6570321	.3057781	.03718978	0
568.15	0	.657024	.3058215	.03715451	0
567.15	0	.6570157	.3058651	.03711927	0
566.15	0	.6570072	.3059087	.03708407	0
565.15	0	.6569985	.3059525	.03704892	0
564.15	0	.6569897	.3059965	.03701381	0
563.15	0	.6569807	.3060405	.03697873	0
562.15	0	.6569716	.3060847	.03694371	0
561.15	0	.6569622	.306129	.03690873	0
560.15	0	.6569527	.3061735	.03687379	0
559.15	0	.6569431	.306218	.0368389	0
558.15	0	.6569333	.3062627	.03680405	0
557.15	0	.6569233	.3063075	.03676925	0
556.15	0	.6569132	.3063523	.0367345	0
555.15	0	.6569029	.3063973	.0366998	0
554.15	0	.6568925	.3064424	.03666515	0
553.15	0	.6568819	.3064876	.03663055	0
552.15	0	.6568712	.3065328	.036596	0
551.15	0	.6568603	.3065782	.0365615	0
550.15	0	.6568493	.3066236	.03652705	0
549.15	0	.6568382	.3066692	.03649266	0
548.15	0	.6568269	.3067148	.03645832	0
547.15	0	.6568155	.3067605	.03642404	0
546.15	0	.656804	.3068062	.03638982	0
545.15	0	.6567923	.3068521	.03635565	0
544.15	0	.6567805	.306898	.03632154	0
543.15	0	.6567686	.3069439	.03628748	0
542.15	0	.6567566	.3069899	.03625349	0
541.15	0	.6567444	.307036	.03621955	0
540.15	0	.6567322	.3070822	.03618568	0
539.15	0	.6567198	.3071284	.03615187	0
538.15	0	.6567073	.3071746	.03611812	0
537.15	0	.6566947	.3072209	.03608443	0
536.15	0	.6566819	.3072672	.03605081	0
535.15	0	.6566691	.3073136	.03601725	0
534.15	0	.6566562	.3073601	.03598375	0
533.15	0	.6566432	.3074065	.03595032	0
532.15	0	.65663	.307453	.03591696	0
531.15	0	.6566168	.3074995	.03588367	0
530.15	0	.6566035	.3075461	.03585044	0
529.15	0	.6565901	.3075927	.03581728	0
528.15	0	.6565765	.3076393	.0357842	0
527.15	0	.6565629	.3076859	.03575118	0
526.15	0	.6565492	.3077325	.03571823	0
525.15	0	.6565355	.3077792	.03568536	0
524.15	0	.6565216	.3078258	.03565256	0
523.15	0	.6565076	.3078725	.03561983	0
522.15	0	.6564936	.3079192	.03558718	0
521.15	0	.6564795	.3079659	.0355546	0
520.15	0	.6564653	.3080126	.0355221	0
519.15	0	.6564511	.3080593	.03548967	0
518.15	0	.6564367	.3081059	.03545732	0
517.15	0	.6564223	.3081526	.03542505	0
516.15	0	.6564079	.3081993	.03539286	0
515.15	0	.6563933	.3082459	.03536074	0
514.15	0	.6563787	.3082926	.03532871	0
513.15	0	.656364	.3083392	.03529676	0
512.15	0	.6563493	.3083858	.03526488	0
511.15	0	.6563345	.3084324	.03523309	0
510.15	0	.6563196	.308479	.03520139	0
509.15	0	.6563047	.3085255	.03516977	0
508.15	0	.6562897	.308572	.03513823	0
507.15	0	.6562747	.3086185	.03510677	0
506.15	0	.6562596	.308665	.03507541	0
505.15	0	.6562445	.3087114	.03504412	0
504.15	0	.6562293	.3087578	.03501293	0
503.15	0	.6562141	.3088041	.03498182	0
502.15	0	.6561988	.3088504	.0349508	0
501.15	0	.6561835	.3088967	.03491987	0
500.15	0	.6561681	.3089429	.03488904	0
499.15	0	.6561527	.308989	.03485829	0
498.15	0	.6561372	.3090351	.03482763	0
497.15	0	.6561217	.3090812	.03479706	0
496.15	0	.6561064	.3091272	.03476643	0
495.15	0	.6560908	.3091731	.03473605	0
494.15	0	.6560752	.309219	.03470576	0
493.15	0	.6560596	.3092648	.03467556	0
492.15	0	.6560439	.3093106	.03464546	0
491.15	0	.6560282	.3093563	.03461546	0
490.15	0	.6560125	.3094019	.03458555	0
489.15	0	.6559968	.3094475	.03455574	0
488.15	0	.655981	.309493	.03452603	0
487.15	0	.6559652	.3095384	.03449642	0
486.15	0	.6559494	.3095837	.03446691	0
485.15	0	.6559335	.309629	.03443749	0
484.15	0	.6559177	.3096741	.03440818	0
483.15	0	.6559018	.3097193	.03437897	0
482.15	0	.6558859	.3097643	.03434986	0
481.15	0	.65587	.3098092	.03432085	0
480.15	0	.655854	.309854	.03429194	0
479.15	0	.6558381	.3098988	.03426314	0
478.15	0	.6558221	.3099434	.03423444	0
477.15	0	.6558062	.309988	.03420585	0
476.15	0	.6557902	.3100325	.03417736	0
475.15	0	.6557742	.3100768	.03414898	0
474.15	0	.6557582	.3101211	.03412071	0
473.15	0	.6557422	.3101653	.03409254	0
472.15	0	.6557262	.3102094	.03406448	0
471.15	0	.6557101	.3102533	.03403653	0
470.15	0	.6556941	.3102972	.03400869	0
469.15	0	.6556781	.3103409	.03398096	0
468.15	0	.6556621	.3103846	.03395334	0
467.15	0	.6556461	.3104281	.03392583	0
466.15	0	.6556301	.3104715	.03389843	0
465.15	0	.6556141	.3105148	.03387115	0
464.15	0	.655598	.310558	.03384397	0
463.15	0	.655582	.3106011	.03381691	0
462.15	0	.655566	.310644	.03378997	0
461.6651	0	.6555583	.3106648	.03377694	0
461.6651	0	.6555583	.3106648	.03377694	0
461.6651	0	.6555583	.3106648	.03377694	0
461.15	0	.6557042	.3103352	.03360015	3.604546E-04
460.15	0	.6559867	.3096966	.03325758	.001059128
459.15	0	.6562679	.3090599	.03291585	.001756325
458.15	0	.6565481	.3084249	.03257497	.00245206
457.15	0	.6568271	.3077916	.03223492	.003146345
456.15	0	.6571051	.3071601	.0318957	.003839192
455.15	0	.6573819	.3065302	.03155731	.004530614
454.15	0	.6576577	.305902	.03121974	.005220624
453.15	0	.6579324	.3052754	.03088298	.005909234
452.15	0	.658206	.3046505	.03054703	.006596456
451.15	0	.6584787	.3040271	.03021189	.007282302
450.15	0	.6587503	.3034054	.02987754	.007966785
449.15	0	.659021	.3027851	.02954399	.008649932
448.15	0	.6592907	.3021664	.02921123	.009331743
447.15	0	.6595594	.3015491	.02887926	.01001223
446.15	0	.6598272	.3009333	.02854806	.0106914
445.15	0	.6600941	.300319	.02821764	.01136928
444.15	0	.66036	.2997061	.02788799	.01204586
443.15	0	.6606251	.2990946	.02755911	.01272118
442.15	0	.6608893	.2984845	.02723099	.01339523
441.15	0	.6611526	.2978757	.02690363	.01406803
440.15	0	.6614151	.2972683	.02657702	.0147396
439.15	0	.6616768	.2966621	.02625116	.01540994
438.15	0	.6619376	.2960573	.02592605	.01607907
437.15	0	.6621977	.2954536	.02560168	.016747
436.15	0	.662457	.2948513	.02527804	.01741373
435.15	0	.6627155	.2942501	.02495514	.01807929
434.15	0	.6629733	.2936501	.02463298	.01874368
433.15	0	.6632303	.2930512	.02431153	.01940692
432.15	0	.6634866	.2924536	.02399081	.02006901
431.15	0	.6637422	.291857	.02367081	.02072997
430.15	0	.6639972	.2912615	.02335152	.0213898
429.15	0	.6642514	.2906671	.02303295	.02204852
428.15	0	.664505	.2900738	.02271508	.02270614
427.15	0	.6647579	.2894816	.02239791	.02336266
426.15	0	.6650102	.2888903	.02208144	.02401811
425.15	0	.6652618	.2883001	.02176567	.02467248
424.15	0	.6655128	.2877108	.02145059	.02532579
423.15	0	.6657632	.2871225	.0211362	.02597805
422.15	0	.6660131	.2865352	.02082249	.02662927
421.15	0	.6662623	.2859488	.02050947	.02727945
420.15	0	.666511	.2853633	.02019712	.02792861
419.15	0	.6667591	.2847787	.01988545	.02857675
418.15	0	.6670066	.284195	.01957444	.02922389
417.15	0	.6672537	.2836122	.01926411	.02987004
416.15	0	.6675002	.2830302	.01895443	.0305152
415.15	0	.6677461	.2824491	.01864542	.03115938
414.15	0	.6679916	.2818688	.01833706	.03180259
413.15	0	.6682366	.2812893	.01802936	.03244484
412.15	0	.668481	.2807105	.0177223	.03308614
411.15	0	.668725	.2801326	.01741589	.03372649
410.15	0	.6689685	.2795554	.01711013	.03436591
409.15	0	.6692116	.278979	.016805	.03500441
408.15	0	.6694542	.2784033	.01650051	.03564198
407.15	0	.6696964	.2778284	.01619665	.03627864
406.15	0	.6699381	.2772541	.01589342	.03691441
405.15	0	.6701794	.2766805	.01559081	.03754927
404.15	0	.6704203	.2761077	.01528883	.03818325
403.15	0	.6706607	.2755355	.01498747	.03881635
402.15	0	.6709008	.2749639	.01468673	.03944858
401.15	0	.6711404	.274393	.01438659	.04007994
400.15	0	.6713797	.2738228	.01408707	.04071044
399.15	0	.6716186	.2732532	.01378815	.0413401
398.15	0	.6718571	.2726841	.01348984	.04196891
397.15	0	.6720953	.2721157	.01319213	.04259689
396.15	0	.672333	.2715479	.01289501	.04322404
395.15	0	.6725705	.2709807	.01259849	.04385037
394.15	0	.6728076	.270414	.01230256	.04447588
393.15	0	.6730443	.2698479	.01200722	.04510058
392.15	0	.6732807	.2692823	.01171246	.04572449
391.15	0	.6735168	.2687173	.01141828	.0463476
390.15	0	.6737526	.2681528	.01112469	.04696992
389.15	0	.673988	.2675889	.01083166	.04759146
388.15	0	.6742231	.2670254	.01053922	.04821222
387.15	0	.674458	.2664625	.01024734	.04883221
386.15	0	.6746925	.2659	.009956031	.04945145
385.15	0	.6749267	.2653381	.009665285	.05006992
384.15	0	.6751607	.2647766	.009375101	.05068764
383.15	0	.6753944	.2642156	.009085475	.05130462
382.15	0	.6756277	.263655	.008796406	.05192086
381.15	0	.6758609	.2630949	.008507889	.05253637
380.15	0	.6760937	.2625352	.008219923	.05315115
379.15	0	.6763263	.261976	.007932505	.05376521
378.15	0	.6765586	.2614172	.007645631	.05437855
377.15	0	.6767907	.2608588	.007359299	.05499118
376.15	0	.6770225	.2603009	.007073507	.05560311
375.15	0	.6772541	.2597433	.006788251	.05621434
374.15	0	.6774855	.2591861	.00650353	.05682487
373.15	0	.6777166	.2586294	.00621934	.05743472
372.15	0	.6779475	.258073	.005935679	.05804388
371.15	0	.6781781	.257517	.005652545	.05865236
370.15	0	.6784085	.2569614	.005369934	.05926017
