T	 BPW(LIQUID)	BPW(BCC_A2)	BPW(FCC_A1)	BPW(LAVES_PHASE_C14)	BPW(NI3TI)
1473.15	.8795153	.04408104	0	.07640371	0
1472.15	.8700561	.05050029	0	.07944361	0
1471.15	.8607622	.05680561	0	.08243222	0
1470.15	.8516292	.06299989	0	.08537088	0
1469.15	.8426532	.06908592	0	.08826089	0
1468.15	.8338301	.07506638	0	.09110348	0
1467.15	.8251562	.0809439	0	.09389988	0
1466.15	.8166278	.08672098	0	.09665124	0
1465.15	.8082412	.09240008	0	.0993587	0
1464.15	.7999931	.09798355	0	.1020234	0
1463.15	.7918801	.1034737	0	.1046462	0
1462.15	.7838989	.1088727	0	.1072284	0
1461.15	.7760465	.1141827	0	.1097708	0
1460.15	.7683197	.1194059	0	.1122744	0
1459.15	.7607156	.1245442	0	.1147402	0
1458.15	.7532315	.1295995	0	.117169	0
1457.15	.7458644	.1345738	0	.1195618	0
1456.15	.7386118	.139469	0	.1219193	0
1455.15	.731471	.1442867	0	.1242423	0
1454.15	.7244395	.1490287	0	.1265318	0
1453.15	.7175148	.1536968	0	.1287884	0
1452.15	.7106947	.1582925	0	.1310129	0
1451.15	.7039766	.1628174	0	.133206	0
1450.15	.6973585	.1672731	0	.1353684	0
1449.15	.6908382	.171661	0	.1375008	0
1448.15	.6844134	.1759827	0	.1396039	0
1447.15	.6780822	.1802394	0	.1416784	0
1446.15	.6718426	.1844327	0	.1437247	0
1445.15	.6656926	.1885638	0	.1457437	0
1444.15	.6596303	.192634	0	.1477357	0
1443.15	.653654	.1966446	0	.1497015	0
1442.15	.6477617	.2005968	0	.1516415	0
1441.15	.6419518	.2044918	0	.1535564	0
1440.15	.6362226	.2083307	0	.1554466	0
1439.15	.6305725	.2121148	0	.1573127	0
1438.15	.6249997	.2158451	0	.1591552	0
1437.15	.6195029	.2195227	0	.1609745	0
1436.15	.6140804	.2231485	0	.1627711	0
1435.15	.6087307	.2267238	0	.1645455	0
1434.15	.6034525	.2302493	0	.1662982	0
1433.15	.5982444	.2337261	0	.1680295	0
1432.224	.5934831	.236903	0	.169614	0
1432.224	.5934831	.236903	0	.169614	0
1432.224	.5934831	.236903	0	.169614	0
1432.15	.5924211	.2362194	.001414948	.1699446	0
1431.15	.5781926	.2271209	.02032813	.1743583	0
1430.15	.5641734	.2182681	.03888005	.1786784	0
1429.15	.5503571	.2096538	.05708144	.1829076	0
1428.15	.5367377	.2012712	.07494262	.1870486	0
1427.15	.5233091	.1931136	.09247353	.1911038	0
1426.15	.5100656	.1851749	.1096837	.1950758	0
1425.15	.4970018	.177449	.1265824	.1989669	0
1424.15	.4841123	.1699299	.1431783	.2027794	0
1423.15	.471392	.1626122	.1594802	.2065155	0
1422.15	.458836	.1554905	.1754961	.2101774	0
1421.15	.4464395	.1485594	.1912341	.2137671	0
1420.15	.4341978	.141814	.2067017	.2172865	0
1419.15	.4221065	.1352496	.2219064	.2207375	0
1418.15	.4101613	.1288614	.2368552	.2241221	0
1417.15	.398358	.122645	.251555	.2274419	0
1416.15	.3866927	.1165961	.2660125	.2306988	0
1415.15	.3751613	.1107104	.280234	.2338942	0
1414.15	.3637602	.1049841	.2942257	.23703	0
1413.15	.3524857	.09941314	.3079937	.2401075	0
1412.15	.3413342	.09399386	.3215436	.2431284	0
1411.15	.3303023	.08872264	.3348811	.246094	0
1410.15	.3193868	.08359599	.3480115	.2490057	0
1409.15	.3085843	.07861053	.3609401	.251865	0
1408.15	.2978919	.07376301	.373672	.2546731	0
1407.15	.2873064	.06905029	.386212	.2574313	0
1406.15	.276825	.06446933	.3985648	.2601409	0
1405.15	.2664448	.06001717	.4107351	.2628029	0
1404.15	.2561631	.05569098	.4227273	.2654187	0
1403.15	.2459772	.05148799	.4345456	.2679892	0
1402.15	.2358845	.04740556	.4461944	.2705156	0
1401.15	.2258824	.04344109	.4576775	.272999	0
1400.15	.2159687	.03959209	.4689989	.2754403	0
1399.15	.2061408	.03585615	.4801625	.2778406	0
1398.15	.1963965	.03223091	.4911719	.2802008	0
1397.15	.1867335	.02871412	.5020306	.2825218	0
1396.15	.1771497	.02530356	.5127422	.2848046	0
1395.15	.1676429	.02199712	.52331	.28705	0
1394.15	.1582111	.01879272	.5337373	.2892589	0
1393.15	.1488523	.01568836	.5440272	.2914321	0
1392.15	.1395646	.0126821	.5541829	.2935704	0
1391.15	.130346	.009772044	.5642073	.2956747	0
1390.15	.1211948	.006956371	.5741033	.2977456	0
1389.15	.112109	.004233302	.5838739	.2997838	0
1388.15	.1030871	.001601113	.5935216	.3017902	0
1387.524	.09747505	0	.5994955	.3030294	0
1387.524	.09747505	0	.5994955	.3030294	0
1387.15	.09422298	0	.6020754	.3037016	0
1386.15	.08555251	0	.6089621	.3054854	0
1385.15	.07690276	0	.6158444	.3072528	0
1384.15	.06827326	0	.6227226	.3090041	0
1383.15	.05966358	0	.6295971	.3107394	0
1382.15	.05107333	0	.6364679	.3124588	0
1381.15	.04250217	0	.6433352	.3141626	0
1380.15	.03394983	0	.6501993	.3158508	0
1379.15	.02541605	0	.6570603	.3175237	0
1378.15	.01690062	0	.6639181	.3191813	0
1377.15	.008403405	0	.6707729	.3208237	0
1376.159	0	0	.6775634	.3224366	0
1376.159	0	0	.6775634	.3224366	0
1376.15	0	0	.677561	.322439	0
1375.15	0	0	.6772855	.3227145	0
1374.15	0	0	.6770105	.3229895	0
1373.15	0	0	.6767359	.3232641	0
1372.15	0	0	.6764618	.3235382	0
1371.15	0	0	.6761881	.3238119	0
1370.15	0	0	.6759149	.3240851	0
1369.15	0	0	.6756421	.3243579	0
1368.15	0	0	.6753698	.3246302	0
1367.15	0	0	.6750979	.3249021	0
1366.15	0	0	.6748264	.3251736	0
1365.15	0	0	.6745554	.3254446	0
1364.15	0	0	.6742848	.3257152	0
1363.15	0	0	.6740147	.3259853	0
1362.15	0	0	.673745	.326255	0
1361.15	0	0	.6734757	.3265243	0
1360.15	0	0	.6732069	.3267931	0
1359.15	0	0	.6729385	.3270615	0
1358.15	0	0	.6726705	.3273295	0
1357.15	0	0	.672403	.327597	0
1356.15	0	0	.6721359	.3278641	0
1355.15	0	0	.6718692	.3281308	0
1354.15	0	0	.671603	.328397	0
1353.15	0	0	.6713372	.3286628	0
1352.15	0	0	.6710718	.3289282	0
1351.15	0	0	.6708068	.3291932	0
1350.15	0	0	.6705423	.3294577	0
1349.15	0	0	.6702782	.3297218	0
1348.15	0	0	.6700145	.3299855	0
1347.15	0	0	.6697512	.3302488	0
1346.15	0	0	.6694883	.3305117	0
1345.15	0	0	.6692259	.3307741	0
1344.15	0	0	.6689639	.3310361	0
1343.15	0	0	.6687023	.3312977	0
1342.15	0	0	.6684411	.3315589	0
1341.15	0	0	.6681803	.3318197	0
1340.15	0	0	.66792	.33208	0
1339.15	0	0	.66766	.33234	0
1338.15	0	0	.6674005	.3325995	0
1337.15	0	0	.6671414	.3328586	0
1336.15	0	0	.6668826	.3331174	0
1335.15	0	0	.6666243	.3333757	0
1334.15	0	0	.6663664	.3336336	0
1333.15	0	0	.6661089	.3338911	0
1332.15	0	0	.6658518	.3341482	0
1331.15	0	0	.6655952	.3344049	0
1330.15	0	0	.6653389	.3346611	0
1329.15	0	0	.665083	.334917	0
1328.15	0	0	.6648275	.3351725	0
1327.15	0	0	.6645724	.3354276	0
1326.15	0	0	.6643177	.3356823	0
1325.15	0	0	.6640634	.3359366	0
1324.15	0	0	.6638096	.3361905	0
1323.15	0	0	.6635561	.336444	0
1322.15	0	0	.663303	.336697	0
1321.15	0	0	.6630503	.3369498	0
1320.15	0	0	.6627979	.3372021	0
1319.15	0	0	.662546	.337454	0
1318.15	0	0	.6622945	.3377055	0
1317.15	0	0	.6620433	.3379567	0
1316.15	0	0	.6617926	.3382074	0
1315.15	0	0	.6615422	.3384578	0
1314.15	0	0	.6612922	.3387078	0
1313.15	0	0	.6610426	.3389574	0
1312.15	0	0	.6607934	.3392066	0
1311.15	0	0	.6605446	.3394554	0
1310.15	0	0	.6602962	.3397038	0
1309.15	0	0	.6600481	.3399519	0
1308.15	0	0	.6598004	.3401996	0
1307.15	0	0	.6595531	.3404469	0
1306.15	0	0	.6593062	.3406938	0
1305.15	0	0	.6590597	.3409403	0
1304.15	0	0	.6588135	.3411865	0
1303.15	0	0	.6585677	.3414323	0
1302.15	0	0	.6583223	.3416777	0
1301.15	0	0	.6580773	.3419227	0
1300.15	0	0	.6578326	.3421674	0
1299.15	0	0	.6575883	.3424117	0
1298.15	0	0	.6573444	.3426556	0
1297.15	0	0	.6571008	.3428992	0
1296.15	0	0	.6568576	.3431424	0
1295.15	0	0	.6566148	.3433852	0
1294.15	0	0	.6563724	.3436276	0
1293.15	0	0	.6561303	.3438697	0
1292.15	0	0	.6558886	.3441114	0
1291.15	0	0	.6556472	.3443528	0
1290.15	0	0	.6554062	.3445938	0
1289.15	0	0	.6551656	.3448344	0
1288.15	0	0	.6549254	.3450746	0
1287.15	0	0	.6546855	.3453145	0
1286.15	0	0	.6544459	.3455541	0
1285.15	0	0	.6542068	.3457933	0
1284.15	0	0	.6539679	.3460321	0
1283.15	0	0	.6537295	.3462705	0
1282.15	0	0	.6534914	.3465086	0
1281.15	0	0	.6532536	.3467464	0
1280.15	0	0	.6530162	.3469838	0
1279.15	0	0	.6527792	.3472208	0
1278.15	0	0	.6525425	.3474575	0
1277.15	0	0	.6523062	.3476938	0
1276.15	0	0	.6520702	.3479298	0
1275.15	0	0	.6518346	.3481654	0
1274.15	0	0	.6515993	.3484007	0
1273.15	0	0	.6513643	.3486357	0
1272.15	0	0	.6511297	.3488703	0
1271.15	0	0	.6508955	.3491045	0
1270.15	0	0	.6506616	.3493384	0
1269.15	0	0	.6504281	.3495719	0
1268.15	0	0	.6501949	.3498051	0
1267.15	0	0	.649962	.350038	0
1266.15	0	0	.6497295	.3502705	0
1265.15	0	0	.6494973	.3505027	0
1264.15	0	0	.6492655	.3507345	0
1263.15	0	0	.649034	.350966	0
1262.15	0	0	.6488028	.3511972	0
1261.15	0	0	.648572	.351428	0
1260.15	0	0	.6483416	.3516584	0
1259.15	0	0	.6481114	.3518886	0
1258.15	0	0	.6478816	.3521184	0
1257.15	0	0	.6476521	.3523479	0
1256.15	0	0	.647423	.352577	0
1255.15	0	0	.6471942	.3528058	0
1254.15	0	0	.6469658	.3530343	0
1253.15	0	0	.6467376	.3532624	0
1252.15	0	0	.6465098	.3534902	0
1251.15	0	0	.6462823	.3537177	0
1250.15	0	0	.6460552	.3539448	0
1249.15	0	0	.6458284	.3541716	0
1248.15	0	0	.6456019	.3543981	0
1247.15	0	0	.6453757	.3546243	0
1246.15	0	0	.6451499	.3548501	0
1245.15	0	0	.6449244	.3550756	0
1244.15	0	0	.6446992	.3553008	0
1243.15	0	0	.6444744	.3555257	0
1242.15	0	0	.6442498	.3557502	0
1241.15	0	0	.6440256	.3559744	0
1240.15	0	0	.6438017	.3561983	0
1239.15	0	0	.6435781	.3564219	0
1238.15	0	0	.6433549	.3566451	0
1237.15	0	0	.643132	.356868	0
1236.15	0	0	.6429094	.3570907	0
1235.15	0	0	.6426871	.357313	0
1234.15	0	0	.6424651	.3575349	0
1233.15	0	0	.6422434	.3577566	0
1232.15	0	0	.6420221	.3579779	0
1231.15	0	0	.641801	.358199	0
1230.15	0	0	.6415803	.3584197	0
1229.15	0	0	.6413599	.3586401	0
1228.15	0	0	.6411398	.3588602	0
1227.15	0	0	.64092	.35908	0
1226.15	0	0	.6407006	.3592994	0
1225.15	0	0	.6404814	.3595186	0
1224.15	0	0	.6402626	.3597375	0
1223.15	0	0	.640044	.359956	0
1222.15	0	0	.6398258	.3601742	0
1221.15	0	0	.6396078	.3603922	0
1220.15	0	0	.6393902	.3606098	0
1219.15	0	0	.6391729	.3608271	0
1218.15	0	0	.6389559	.3610441	0
1217.15	0	0	.6387392	.3612608	0
1216.15	0	0	.6385228	.3614772	0
1215.15	0	0	.6383067	.3616933	0
1214.15	0	0	.6380909	.3619091	0
1213.15	0	0	.6378754	.3621246	0
1212.15	0	0	.6376602	.3623398	0
1211.15	0	0	.6374453	.3625547	0
1210.15	0	0	.6372307	.3627693	0
1209.15	0	0	.6370164	.3629836	0
1208.15	0	0	.6368024	.3631976	0
1207.15	0	0	.6365887	.3634113	0
1206.15	0	0	.6363753	.3636247	0
1205.15	0	0	.6361621	.3638379	0
1204.15	0	0	.6359493	.3640507	0
1203.15	0	0	.6357368	.3642632	0
1202.15	0	0	.6355246	.3644754	0
1201.15	0	0	.6353126	.3646874	0
1200.15	0	0	.635101	.364899	0
1199.15	0	0	.6348896	.3651104	0
1198.15	0	0	.6346785	.3653215	0
1197.15	0	0	.6344678	.3655322	0
1196.15	0	0	.6342573	.3657427	0
1195.15	0	0	.6340471	.3659529	0
1194.15	0	0	.6338372	.3661628	0
1193.15	0	0	.6336275	.3663725	0
1192.15	0	0	.6334182	.3665818	0
1191.15	0	0	.6332091	.3667909	0
1190.15	0	0	.6330004	.3669996	0
1189.15	0	0	.6327919	.3672081	0
1188.15	0	0	.6325837	.3674163	0
1187.15	0	0	.6323758	.3676242	0
1186.15	0	0	.6321681	.3678319	0
1185.15	0	0	.6319608	.3680392	0
1184.15	0	0	.6317537	.3682463	0
1183.15	0	0	.6315469	.3684531	0
1182.15	0	0	.6313404	.3686596	0
1181.15	0	0	.6311342	.3688658	0
1180.15	0	0	.6309282	.3690718	0
1179.15	0	0	.6307225	.3692775	0
1178.15	0	0	.6305171	.3694829	0
1177.15	0	0	.630312	.369688	0
1176.15	0	0	.6301071	.3698929	0
1175.15	0	0	.6299026	.3700975	0
1174.15	0	0	.6296983	.3703018	0
1173.15	0	0	.6294942	.3705058	0
1172.15	0	0	.6292905	.3707095	0
1171.15	0	0	.629087	.370913	0
1170.15	0	0	.6288838	.3711162	0
1169.15	0	0	.6286808	.3713192	0
1168.15	0	0	.6284782	.3715218	0
1167.15	0	0	.6282758	.3717242	0
1166.15	0	0	.6280736	.3719264	0
1165.15	0	0	.6278718	.3721282	0
1164.15	0	0	.6276702	.3723298	0
1163.15	0	0	.6274689	.3725312	0
1162.15	0	0	.6272678	.3727322	0
1161.15	0	0	.627067	.372933	0
1160.15	0	0	.6268665	.3731335	0
1159.15	0	0	.6266662	.3733338	0
1158.15	0	0	.6264662	.3735338	0
1157.15	0	0	.6262665	.3737335	0
1156.15	0	0	.626067	.373933	0
1155.15	0	0	.6258678	.3741322	0
1154.15	0	0	.6256688	.3743312	0
1153.15	0	0	.6254702	.3745299	0
1152.15	0	0	.6252717	.3747283	0
1151.15	0	0	.6250736	.3749264	0
1150.15	0	0	.6248757	.3751244	0
1149.15	0	0	.624678	.375322	0
1148.15	0	0	.6244806	.3755194	0
1147.15	0	0	.6242835	.3757165	0
1146.15	0	0	.6240866	.3759134	0
1145.15	0	0	.62389	.37611	0
1144.15	0	0	.6236936	.3763064	0
1143.15	0	0	.6234975	.3765025	0
1142.15	0	0	.6233017	.3766984	0
1141.15	0	0	.6231061	.376894	0
1140.15	0	0	.6229107	.3770893	0
1139.15	0	0	.6227156	.3772844	0
1138.15	0	0	.6225208	.3774792	0
1137.15	0	0	.6223262	.3776738	0
1136.15	0	0	.6221318	.3778682	0
1135.15	0	0	.6219378	.3780622	0
1134.15	0	0	.6217439	.3782561	0
1133.15	0	0	.6215503	.3784497	0
1132.15	0	0	.621357	.378643	0
1131.15	0	0	.6211639	.3788361	0
1130.15	0	0	.620971	.379029	0
1129.15	0	0	.6207784	.3792216	0
1128.15	0	0	.6205861	.3794139	0
1127.15	0	0	.620394	.379606	0
1126.15	0	0	.6202021	.3797979	0
1125.15	0	0	.6200105	.3799895	0
1124.15	0	0	.6198191	.3801809	0
1123.15	0	0	.619628	.380372	0
1122.15	0	0	.6194371	.3805629	0
1121.15	0	0	.6192465	.3807535	0
1120.15	0	0	.6190561	.3809439	0
1119.15	0	0	.6188659	.3811341	0
1118.15	0	0	.618676	.381324	0
1117.15	0	0	.6184863	.3815137	0
1116.15	0	0	.6182969	.3817031	0
1115.15	0	0	.6181077	.3818923	0
1114.15	0	0	.6179188	.3820812	0
1113.15	0	0	.61773	.38227	0
1112.15	0	0	.6175415	.3824585	0
1111.15	0	0	.6173533	.3826467	0
1110.15	0	0	.6171653	.3828347	0
1109.15	0	0	.6169775	.3830225	0
1108.15	0	0	.61679	.38321	0
1107.15	0	0	.6166027	.3833973	0
1106.15	0	0	.6164156	.3835844	0
1105.15	0	0	.6162288	.3837712	0
1104.15	0	0	.6160422	.3839578	0
1103.15	0	0	.6158558	.3841442	0
1102.15	0	0	.6156697	.3843303	0
1101.15	0	0	.6154838	.3845162	0
1100.15	0	0	.6152981	.3847019	0
1099.15	0	0	.6151127	.3848873	0
1098.15	0	0	.6149275	.3850725	0
1097.15	0	0	.6147425	.3852575	0
1096.15	0	0	.6145577	.3854423	0
1095.15	0	0	.6143732	.3856268	0
1094.15	0	0	.6141889	.3858111	0
1093.15	0	0	.6140049	.3859951	0
1092.15	0	0	.613821	.386179	0
1091.15	0	0	.6136374	.3863626	0
1090.15	0	0	.613454	.386546	0
1089.15	0	0	.6132709	.3867291	0
1088.15	0	0	.6130879	.3869121	0
1087.15	0	0	.6129052	.3870948	0
1086.15	0	0	.6127228	.3872773	0
1085.15	0	0	.6125405	.3874595	0
1084.15	0	0	.6123584	.3876416	0
1083.15	0	0	.6121766	.3878234	0
1082.15	0	0	.611995	.388005	0
1081.15	0	0	.6118137	.3881863	0
1080.15	0	0	.6116325	.3883675	0
1079.15	0	0	.6114516	.3885484	0
1078.15	0	0	.6112709	.3887291	0
1077.15	0	0	.6110904	.3889096	0
1076.15	0	0	.6109102	.3890898	0
1075.15	0	0	.6107301	.3892699	0
1074.15	0	0	.6105503	.3894497	0
1073.15	0	0	.6103707	.3896293	0
1072.15	0	0	.6101913	.3898087	0
1071.15	0	0	.6100121	.3899879	0
1070.15	0	0	.6098332	.3901669	0
1069.15	0	0	.6096544	.3903456	0
1068.15	0	0	.6094759	.3905241	0
1067.15	0	0	.6092976	.3907024	0
1066.15	0	0	.6091195	.3908805	0
1065.15	0	0	.6089416	.3910584	0
1064.15	0	0	.6087639	.3912361	0
1063.15	0	0	.6085865	.3914135	0
1062.15	0	0	.6084092	.3915908	0
1061.15	0	0	.6082322	.3917678	0
1060.15	0	0	.6080554	.3919446	0
1059.15	0	0	.6078788	.3921212	0
1058.15	0	0	.6077024	.3922976	0
1057.15	0	0	.6075262	.3924738	0
1056.15	0	0	.6073503	.3926497	0
1055.15	0	0	.6071745	.3928255	0
1054.15	0	0	.606999	.3930011	0
1053.15	0	0	.6068236	.3931764	0
1052.15	0	0	.6066485	.3933515	0
1051.15	0	0	.6064736	.3935265	0
1050.15	0	0	.6062988	.3937012	0
1049.15	0	0	.6061243	.3938757	0
1048.15	0	0	.60595	.39405	0
1047.15	0	0	.6057759	.3942241	0
1046.15	0	0	.605602	.394398	0
1045.15	0	0	.6054284	.3945716	0
1044.15	0	0	.6052549	.3947451	0
1043.15	0	0	.6050816	.3949184	0
1042.15	0	0	.6049085	.3950915	0
1041.15	0	0	.6047357	.3952643	0
1040.15	0	0	.604563	.395437	0
1039.15	0	0	.6043906	.3956095	0
1038.15	0	0	.6042183	.3957817	0
1037.15	0	0	.6040462	.3959538	0
1036.15	0	0	.6038744	.3961256	0
1035.15	0	0	.6037027	.3962973	0
1034.15	0	0	.6035313	.3964687	0
1033.15	0	0	.6033601	.39664	0
1032.15	0	0	.603189	.396811	0
1031.15	0	0	.6030182	.3969818	0
1030.15	0	0	.6028475	.3971525	0
1029.15	0	0	.6026771	.3973229	0
1028.15	0	0	.6025068	.3974932	0
1027.15	0	0	.6023368	.3976632	0
1026.15	0	0	.6021669	.3978331	0
1025.15	0	0	.6019973	.3980028	0
1024.15	0	0	.6018278	.3981722	0
1023.15	0	0	.6016585	.3983415	0
1022.15	0	0	.6014895	.3985105	0
1021.15	0	0	.6013206	.3986794	0
1020.15	0	0	.6011519	.3988481	0
1019.15	0	0	.6009835	.3990166	0
1018.15	0	0	.6008152	.3991848	0
1017.15	0	0	.6006471	.3993529	0
1016.15	0	0	.6004792	.3995208	0
1015.15	0	0	.6003115	.3996885	0
1014.15	0	0	.600144	.399856	0
1013.15	0	0	.5999767	.4000233	0
1012.15	0	0	.5998095	.4001905	0
1011.15	0	0	.5996426	.4003574	0
1010.15	0	0	.5994759	.4005241	0
1009.15	0	0	.5993093	.4006907	0
1008.15	0	0	.599143	.400857	0
1007.15	0	0	.5989768	.4010232	0
1006.15	0	0	.5988108	.4011892	0
1005.15	0	0	.598645	.401355	0
1004.15	0	0	.5984795	.4015206	0
1003.15	0	0	.5983141	.401686	0
1002.15	0	0	.5981488	.4018512	0
1001.15	0	0	.5979838	.4020162	0
1000.15	0	0	.597819	.402181	0
999.15	0	0	.5976543	.4023457	0
998.15	0	0	.5974898	.4025102	0
997.15	0	0	.5973256	.4026744	0
996.15	0	0	.5971615	.4028385	0
995.15	0	0	.5969976	.4030024	0
994.15	0	0	.5968339	.4031661	0
993.15	0	0	.5966703	.4033297	0
992.15	0	0	.596507	.403493	0
991.15	0	0	.5963438	.4036562	0
990.15	0	0	.5961809	.4038191	0
989.15	0	0	.5960181	.4039819	0
988.15	0	0	.5958555	.4041445	0
987.15	0	0	.595693	.404307	0
986.15	0	0	.5955308	.4044692	0
985.15	0	0	.5953688	.4046312	0
984.15	0	0	.5952069	.4047931	0
983.15	0	0	.5950452	.4049548	0
982.15	0	0	.5948837	.4051163	0
981.15	0	0	.5947223	.4052777	0
980.15	0	0	.5945612	.4054388	0
979.15	0	0	.5944002	.4055998	0
978.15	0	0	.5942395	.4057605	0
977.15	0	0	.5940789	.4059211	0
976.15	0	0	.5939184	.4060816	0
975.15	0	0	.5937582	.4062418	0
974.15	0	0	.5935981	.4064019	0
973.15	0	0	.5934383	.4065617	0
972.15	0	0	.5932786	.4067214	0
971.15	0	0	.593119	.406881	0
970.15	0	0	.5929597	.4070403	0
969.15	0	0	.5928005	.4071995	0
968.15	0	0	.5926415	.4073585	0
967.15	0	0	.5924827	.4075173	0
966.15	0	0	.5923241	.4076759	0
965.15	0	0	.5921656	.4078344	0
964.15	0	0	.5920074	.4079927	0
963.15	0	0	.5918492	.4081508	0
962.15	0	0	.5916913	.4083087	0
961.15	0	0	.5915336	.4084664	0
960.15	0	0	.591376	.408624	0
959.15	0	0	.5912186	.4087814	0
958.15	0	0	.5910614	.4089386	0
957.15	0	0	.5909043	.4090957	0
956.15	0	0	.5907474	.4092526	0
955.15	0	0	.5905907	.4094093	0
954.15	0	0	.5904342	.4095658	0
953.15	0	0	.5902778	.4097222	0
952.15	0	0	.5901217	.4098783	0
951.15	0	0	.5899657	.4100344	0
950.15	0	0	.5898098	.4101902	0
949.15	0	0	.5896541	.4103459	0
948.15	0	0	.5894987	.4105013	0
947.15	0	0	.5893433	.4106567	0
946.15	0	0	.5891882	.4108118	0
945.15	0	0	.5890332	.4109668	0
944.15	0	0	.5888784	.4111216	0
943.15	0	0	.5887238	.4112762	0
942.15	0	0	.5885693	.4114307	0
941.15	0	0	.588415	.411585	0
940.15	0	0	.5882609	.4117391	0
939.15	0	0	.5881069	.4118931	0
938.15	0	0	.5879532	.4120469	0
937.15	0	0	.5877995	.4122005	0
936.15	0	0	.5876461	.4123539	0
935.15	0	0	.5874928	.4125072	0
934.15	0	0	.5873397	.4126603	0
933.15	0	0	.5871868	.4128132	0
932.15	0	0	.587034	.412966	0
931.15	0	0	.5868814	.4131186	0
930.15	0	0	.586729	.4132711	0
929.15	0	0	.5865767	.4134233	0
928.15	0	0	.5864246	.4135754	0
927.15	0	0	.5862726	.4137274	0
926.15	0	0	.5861209	.4138791	0
925.15	0	0	.5859693	.4140307	0
924.15	0	0	.5858178	.4141822	0
923.15	0	0	.5856666	.4143334	0
922.15	0	0	.5855155	.4144845	0
921.15	0	0	.5853645	.4146355	0
920.15	0	0	.5852138	.4147862	0
919.15	0	0	.5850632	.4149368	0
918.15	0	0	.5849127	.4150873	0
917.15	0	0	.5847624	.4152376	0
916.15	0	0	.5846123	.4153877	0
915.15	0	0	.5844624	.4155376	0
914.15	0	0	.5843126	.4156874	0
913.15	0	0	.584163	.415837	0
912.15	0	0	.5840135	.4159865	0
911.15	0	0	.5838642	.4161358	0
910.15	0	0	.5837151	.4162849	0
909.15	0	0	.5835661	.4164339	0
908.15	0	0	.5834173	.4165827	0
907.15	0	0	.5832687	.4167313	0
906.15	0	0	.5831202	.4168798	0
905.15	0	0	.5829719	.4170281	0
904.15	0	0	.5828237	.4171763	0
903.15	0	0	.5826757	.4173243	0
902.15	0	0	.5825279	.4174721	0
901.15	0	0	.5823802	.4176198	0
900.15	0	0	.5822327	.4177673	0
899.15	0	0	.5820854	.4179146	0
898.15	0	0	.5819382	.4180618	0
897.15	0	0	.5817912	.4182089	0
896.15	0	0	.5816443	.4183557	0
895.15	0	0	.5814976	.4185024	0
894.15	0	0	.581351	.418649	0
893.15	0	0	.5812046	.4187954	0
892.15	0	0	.5810584	.4189416	0
891.15	0	0	.5809124	.4190877	0
890.15	0	0	.5807664	.4192336	0
889.15	0	0	.5806207	.4193793	0
888.15	0	0	.5804751	.4195249	0
887.15	0	0	.5803297	.4196703	0
886.15	0	0	.5801844	.4198156	0
885.15	0	0	.5800393	.4199607	0
884.15	0	0	.5798944	.4201056	0
883.15	0	0	.5797496	.4202504	0
882.15	0	0	.5796049	.4203951	0
881.15	0	0	.5794605	.4205395	0
880.15	0	0	.5793161	.4206839	0
879.15	0	0	.579172	.420828	0
878.15	0	0	.579028	.420972	0
877.15	0	0	.5788841	.4211159	0
877.0019	0	0	.5788628	.4211372	0
877.0019	0	0	.5788628	.4211372	0
877.0019	0	0	.5788628	.4211372	0
876.15	0	.002757969	.5761367	.4211053	0
875.15	0	.005975084	.5729585	.4210665	0
874.15	0	.009169936	.5698039	.4210261	0
873.15	0	.01234226	.5666735	.4209843	0
872.15	0	.01549182	.5635672	.420941	0
871.15	0	.01861836	.5604854	.4208962	0
870.15	0	.02172169	.5574282	.4208501	0
869.15	0	.02480158	.5543959	.4208025	0
868.15	0	.02785786	.5513886	.4207536	0
867.15	0	.03089034	.5484064	.4207033	0
866.15	0	.03389886	.5454495	.4206517	0
865.15	0	.03688327	.5425179	.4205988	0
864.15	0	.03984344	.5396119	.4205446	0
863.15	0	.04277923	.5367315	.4204892	0
862.15	0	.04569055	.5338768	.4204326	0
861.15	0	.04857729	.5310479	.4203748	0
860.15	0	.05143937	.5282449	.4203158	0
859.15	0	.05427671	.5254677	.4202556	0
858.15	0	.05708925	.5227164	.4201944	0
857.15	0	.05987693	.5199911	.420132	0
856.15	0	.06263973	.5172917	.4200686	0
855.15	0	.06537762	.5146183	.4200041	0
854.15	0	.06809057	.5119708	.4199386	0
853.15	0	.07077858	.5093493	.4198722	0
852.15	0	.07344166	.5067536	.4198047	0
851.15	0	.07607982	.5041839	.4197363	0
850.15	0	.0786931	.5016399	.419667	0
849.15	0	.08128151	.4991217	.4195968	0
848.15	0	.08384512	.4966292	.4195257	0
847.15	0	.08638398	.4941622	.4194538	0
846.15	0	.08889815	.4917208	.419381	0
845.15	0	.09138771	.4893048	.4193075	0
844.15	0	.09385273	.4869141	.4192331	0
843.15	0	.09629331	.4845487	.419158	0
842.15	0	.09870956	.4822082	.4190822	0
841.15	0	.1011016	.4798928	.4190057	0
840.15	0	.1034694	.4776021	.4189284	0
839.15	0	.1058133	.4753361	.4188505	0
838.15	0	.1081333	.4730947	.418772	0
837.15	0	.1104296	.4708776	.4186928	0
836.15	0	.1127023	.4686847	.4186131	0
835.15	0	.1149515	.4665158	.4185327	0
834.15	0	.1171775	.4643708	.4184518	0
833.15	0	.1193803	.4622495	.4183703	0
832.15	0	.1215601	.4601516	.4182883	0
831.15	0	.1237172	.4580771	.4182057	0
830.15	0	.1258516	.4560257	.4181227	0
829.15	0	.1279635	.4539973	.4180392	0
828.15	0	.1300533	.4519915	.4179552	0
827.15	0	.1321209	.4500083	.4178708	0
826.15	0	.1341666	.4480474	.417786	0
825.15	0	.1361907	.4461086	.4177008	0
824.15	0	.1381932	.4441917	.4176151	0
823.15	0	.1401745	.4422965	.4175291	0
822.15	0	.1421346	.4404227	.4174427	0
821.15	0	.1440739	.4385702	.4173559	0
820.15	0	.1459924	.4367387	.4172689	0
819.15	0	.1478905	.434928	.4171814	0
818.15	0	.1497683	.4331379	.4170937	0
817.15	0	.1516261	.4313682	.4170057	0
816.15	0	.153464	.4296186	.4169174	0
815.15	0	.1552823	.427889	.4168288	0
814.15	0	.1570811	.426179	.4167399	0
813.15	0	.1588607	.4244885	.4166508	0
812.15	0	.1606213	.4228172	.4165614	0
811.15	0	.1623632	.421165	.4164718	0
810.15	0	.1640865	.4195315	.416382	0
809.15	0	.1657914	.4179166	.416292	0
808.15	0	.1674782	.4163201	.4162018	0
807.15	0	.169147	.4147417	.4161113	0
806.15	0	.1707981	.4131812	.4160207	0
805.15	0	.1724317	.4116384	.4159299	0
804.15	0	.174048	.410113	.4158389	0
803.15	0	.1756473	.4086049	.4157478	0
802.15	0	.1772296	.4071139	.4156565	0
801.15	0	.1787953	.4056396	.4155651	0
800.15	0	.1803445	.404182	.4154735	0
799.15	0	.1818774	.4027407	.4153818	0
798.15	0	.1833943	.4013157	.41529	0
797.15	0	.1848953	.3999066	.4151981	0
796.15	0	.1863806	.3985133	.4151061	0
795.15	0	.1878505	.3971356	.4150139	0
794.15	0	.1893051	.3957733	.4149216	0
793.15	0	.1907446	.3944261	.4148293	0
792.15	0	.1921693	.3930939	.4147369	0
791.15	0	.1935792	.3917764	.4146444	0
790.15	0	.1949747	.3904736	.4145518	0
789.4993	0	.1958749	.3896336	.4144915	0
789.4993	0	.1958749	.3896336	.4144915	0
789.4993	0	.1958749	.3896336	.4144915	0
789.15	0	.1974295	.3877635	.4140117	7.953277E-04
788.15	0	.2018165	.3824798	.4126515	.003052202
787.15	0	.206112	.3772971	.4113106	.005280265
786.15	0	.2103182	.372213	.4099887	.007480087
785.15	0	.2144374	.3672251	.4086854	.009652223
784.15	0	.2184716	.362331	.4074002	.01179721
783.15	0	.2224229	.3575287	.4061329	.01391556
782.15	0	.2262933	.3528159	.404883	.01600778
781.15	0	.2300847	.3481905	.4036504	.01807436
780.15	0	.233799	.3436506	.4024346	.02011578
779.15	0	.237438	.3391941	.4012354	.02213249
778.15	0	.2410035	.3348192	.4000524	.02412494
777.15	0	.244497	.330524	.3988854	.02609356
776.15	0	.2479204	.3263069	.397734	.02803878
775.15	0	.2512751	.3221659	.396598	.029961
774.15	0	.2545628	.3180995	.3954771	.03186063
773.15	0	.2577849	.314106	.3943711	.03373806
772.15	0	.2609429	.3101839	.3932796	.03559366
771.15	0	.2640382	.3063315	.3922025	.0374278
770.15	0	.2670722	.3025475	.3911395	.03924084
769.15	0	.2700463	.2988303	.3900903	.04103313
768.15	0	.2729617	.2951786	.3890547	.04280501
767.15	0	.2758198	.2915909	.3880325	.04455683
766.15	0	.2786218	.2880659	.3870235	.04628889
765.15	0	.2813688	.2846023	.3860273	.04800153
764.15	0	.2840621	.2811989	.385044	.04969504
763.15	0	.2867028	.2778544	.3840731	.05136975
762.15	0	.289292	.2745675	.3831145	.05302593
761.15	0	.2918309	.2713372	.3821681	.05466389
760.15	0	.2943204	.2681621	.3812335	.0562839
759.15	0	.2967617	.2650414	.3803107	.05788626
758.15	0	.2991557	.2619737	.3793994	.05947122
757.15	0	.3015034	.2589582	.3784994	.06103905
756.15	0	.3038058	.2559936	.3776105	.06259003
755.15	0	.3060639	.253079	.3767327	.0641244
754.15	0	.3082786	.2502135	.3758656	.06564241
753.15	0	.3104507	.2473959	.3750091	.06714432
752.15	0	.3125811	.2446254	.3741631	.06863037
751.15	0	.3146708	.2419011	.3733274	.07010079
750.15	0	.3167205	.2392219	.3725017	.07155582
749.15	0	.3187311	.2365871	.3716861	.07299568
748.15	0	.3207035	.2339958	.3708802	.07442061
747.15	0	.3226383	.231447	.3700839	.07583082
746.15	0	.3245363	.22894	.3692971	.07722653
745.15	0	.3263984	.226474	.3685197	.07860796
744.15	0	.3282252	.2240481	.3677514	.07997531
743.15	0	.3300175	.2216615	.3669922	.0813288
742.15	0	.331776	.2193136	.3662418	.08266862
741.15	0	.3335014	.2170035	.3655002	.08399498
740.15	0	.3351944	.2147304	.3647671	.08530807
739.15	0	.3368556	.2124938	.3640426	.08660809
738.15	0	.3384856	.2102928	.3633263	.08789523
737.15	0	.3400853	.2081269	.3626182	.08916967
736.15	0	.341655	.2059952	.3619182	.0904316
735.15	0	.3431956	.2038971	.3612261	.0916812
734.15	0	.3447075	.201832	.3605418	.09291865
733.15	0	.3461914	.1997993	.3598652	.09414413
732.15	0	.3476478	.1977983	.3591961	.09535781
731.15	0	.3490773	.1958284	.3585345	.09655986
730.15	0	.3504805	.193889	.3578801	.09775045
729.15	0	.3518578	.1919795	.3572329	.09892974
728.15	0	.3532099	.1900994	.3565928	.1000979
727.15	0	.3545373	.188248	.3559596	.1012551
726.15	0	.3558404	.1864249	.3553333	.1024015
725.15	0	.3571197	.1846294	.3547137	.1035372
724.15	0	.3583758	.1828611	.3541007	.1046624
723.15	0	.3596091	.1811195	.3534942	.1057773
722.15	0	.3608201	.1794039	.3528941	.1068819
721.15	0	.3620092	.177714	.3523003	.1079765
720.15	0	.363177	.1760492	.3517127	.1090612
719.15	0	.3643237	.174409	.3511312	.1101361
718.15	0	.36545	.172793	.3505556	.1112014
717.15	0	.3665561	.1712008	.349986	.1122572
716.15	0	.3676425	.1696318	.3494222	.1133036
715.15	0	.3687096	.1680856	.348864	.1143408
714.15	0	.3697578	.1665619	.3483115	.1153689
713.15	0	.3707875	.1650601	.3477645	.116388
712.15	0	.371799	.1635798	.3472229	.1173983
711.15	0	.3727928	.1621207	.3466867	.1183999
710.15	0	.3737691	.1606824	.3461557	.1193929
709.15	0	.3747284	.1592644	.3456298	.1203774
708.15	0	.375671	.1578663	.3451091	.1213536
707.15	0	.3765972	.1564879	.3445933	.1223216
706.15	0	.3775074	.1551287	.3440825	.1232814
705.15	0	.3784018	.1537884	.3435765	.1242333
704.15	0	.3792809	.1524666	.3430753	.1251772
703.15	0	.3801449	.151163	.3425787	.1261134
702.15	0	.3809941	.1498772	.3420868	.1270419
701.15	0	.3818288	.148609	.3415994	.1279629
700.15	0	.3826494	.1473579	.3411164	.1288764
699.15	0	.383456	.1461236	.3406378	.1297826
698.15	0	.384249	.144906	.3401636	.1306815
697.15	0	.3850287	.1437045	.3396936	.1315732
696.15	0	.3857952	.1425191	.3392278	.132458
695.15	0	.386549	.1413492	.3387661	.1333357
694.15	0	.3872902	.1401948	.3383084	.1342067
693.15	0	.388019	.1390554	.3378547	.1350708
692.15	0	.3887358	.1379309	.337405	.1359283
691.15	0	.3894408	.1368209	.3369591	.1367793
690.15	0	.3901341	.1357252	.336517	.1376237
689.15	0	.3908161	.1346435	.3360786	.1384618
688.15	0	.391487	.1335756	.3356439	.1392936
687.15	0	.3921469	.1325212	.3352129	.1401191
686.15	0	.3927961	.1314801	.3347853	.1409385
685.15	0	.3934348	.130452	.3343614	.1417519
684.15	0	.3940632	.1294367	.3339408	.1425593
683.15	0	.3946816	.128434	.3335237	.1433608
682.15	0	.39529	.1274436	.3331099	.1441565
681.15	0	.3958887	.1264654	.3326994	.1449464
680.15	0	.3964779	.1254992	.3322922	.1457308
679.15	0	.3970578	.1245446	.3318881	.1465095
678.15	0	.3976285	.1236015	.3314872	.1472828
677.15	0	.3981903	.1226697	.3310894	.1480506
676.15	0	.3987433	.121749	.3306947	.1488131
675.15	0	.3992876	.1208392	.3303029	.1495703
674.15	0	.3998235	.1199402	.3299141	.1503223
673.15	0	.400351	.1190516	.3295282	.1510691
672.15	0	.4008705	.1181734	.3291452	.1518109
671.15	0	.4013819	.1173054	.3287651	.1525476
670.15	0	.4018855	.1164473	.3283877	.1532795
669.15	0	.4023814	.1155991	.328013	.1540064
668.15	0	.4028698	.1147605	.3276411	.1547286
667.15	0	.4033508	.1139314	.3272718	.155446
666.15	0	.4038246	.1131116	.3269051	.1561587
665.15	0	.4042912	.112301	.326541	.1568668
664.15	0	.4047508	.1114993	.3261795	.1575703
663.15	0	.4052036	.1107066	.3258205	.1582694
662.15	0	.4056509	.1099212	.3254634	.1589645
661.15	0	.4060902	.1091458	.3251093	.1596547
660.15	0	.406523	.1083788	.3247577	.1603405
659.15	0	.4069495	.1076201	.3244084	.161022
658.15	0	.4073698	.1068694	.3240614	.1616994
657.15	0	.4077839	.1061268	.3237167	.1623726
656.15	0	.4081921	.1053919	.3233743	.1630417
655.15	0	.4085944	.1046648	.3230341	.1637067
654.15	0	.4089909	.1039452	.3226962	.1643677
653.15	0	.4093818	.1032331	.3223603	.1650248
652.15	0	.409767	.1025284	.3220266	.165678
651.15	0	.4101468	.1018308	.321695	.1663273
650.15	0	.4105213	.1011403	.3213655	.1669729
649.15	0	.4108905	.1004568	.3210381	.1676146
648.15	0	.4112545	.09978018	.3207126	.1682527
647.15	0	.4116134	.09911028	.3203892	.1688871
646.15	0	.4119673	.09844702	.3200677	.1695179
645.15	0	.4123164	.09779028	.3197482	.1701452
644.15	0	.4126606	.09713997	.3194305	.1707689
643.15	0	.4130002	.09649597	.3191148	.1713891
642.15	0	.413335	.09585818	.3188009	.1720059
641.15	0	.4136654	.09522651	.3184888	.1726193
640.15	0	.4139912	.09460085	.3181785	.1732294
639.15	0	.4143127	.09398111	.3178701	.1738361
638.15	0	.4146299	.09336718	.3175633	.1744396
637.15	0	.4149428	.09275898	.3172584	.1750399
636.15	0	.4152516	.09215642	.3169551	.1756369
635.15	0	.4155562	.0915594	.3166535	.1762308
634.15	0	.4158569	.09096783	.3163536	.1768216
633.15	0	.4161536	.09038163	.3160554	.1774094
632.15	0	.4164465	.08980071	.3157587	.1779941
631.15	0	.4167356	.08922499	.3154637	.1785758
630.15	0	.4170209	.08865438	.3151702	.1791545
629.15	0	.4173025	.0880888	.3148784	.1797303
628.15	0	.4175806	.08752818	.314588	.1803032
627.15	0	.4178551	.08697243	.3142992	.1808733
626.15	0	.4181261	.08642148	.3140119	.1814405
625.15	0	.4183938	.08587525	.313726	.182005
624.15	0	.418658	.08533367	.3134416	.1825667
623.15	0	.418919	.08479666	.3131587	.1831257
622.15	0	.4191767	.08426415	.3128772	.183682
621.15	0	.4194312	.08373608	.3125971	.1842356
620.15	0	.4196827	.08321236	.3123184	.1847866
619.15	0	.419931	.08269294	.3120411	.185335
618.15	0	.4201763	.08217775	.3117651	.1858809
617.15	0	.4204187	.08166672	.3114904	.1864242
616.15	0	.4206581	.08115978	.3112171	.186965
615.15	0	.4208947	.08065687	.3109451	.1875034
614.15	0	.4211284	.08015794	.3106744	.1880393
613.15	0	.4213594	.07966291	.3104049	.1885728
612.15	0	.4215877	.07917173	.3101367	.1891039
611.15	0	.4218133	.07868434	.3098698	.1896326
610.15	0	.4220362	.07820068	.3096041	.190159
609.15	0	.4222566	.07772069	.3093396	.1906831
608.15	0	.4224745	.07724431	.3090763	.191205
607.15	0	.4226898	.0767715	.3088141	.1917245
606.15	0	.4229027	.0763022	.3085532	.1922419
605.15	0	.4231132	.07583634	.3082934	.192757
604.15	0	.4233213	.07537389	.3080347	.19327
603.15	0	.4235271	.07491478	.3077772	.1937809
602.15	0	.4237307	.07445897	.3075208	.1942896
601.15	0	.4239319	.07400641	.3072655	.1947962
600.15	0	.424131	.07355704	.3070113	.1953007
599.15	0	.4243279	.07311083	.3067582	.1958032
598.15	0	.4245226	.07266771	.3065061	.1963036
597.15	0	.4247153	.07222765	.3062551	.196802
596.15	0	.4249058	.07179059	.3060051	.1972985
595.15	0	.4250944	.0713565	.3057562	.1977929
594.15	0	.425281	.07092533	.3055082	.1982855
593.15	0	.4254656	.07049703	.3052613	.1987761
592.15	0	.4256482	.07007156	.3050154	.1992648
591.15	0	.425829	.06964888	.3047705	.1997517
590.15	0	.4260079	.06922895	.3045265	.2002367
589.15	0	.426185	.06881172	.3042835	.2007198
588.15	0	.4263603	.06839715	.3040414	.2012011
587.15	0	.4265338	.06798521	.3038003	.2016807
586.15	0	.4267055	.06757586	.3035602	.2021585
585.15	0	.4268756	.06716905	.3033209	.2026345
584.15	0	.427044	.06676475	.3030826	.2031088
583.15	0	.4272107	.06636293	.3028451	.2035813
582.15	0	.4273757	.06596354	.3026086	.2040522
581.15	0	.4275392	.06556654	.3023729	.2045213
580.15	0	.4277011	.06517191	.3021381	.2049888
579.15	0	.4278615	.06477961	.3019042	.2054547
578.15	0	.4280203	.0643896	.3016711	.205919
577.15	0	.4281777	.06400185	.3014389	.2063816
576.15	0	.4283336	.06361632	.3012075	.2068426
575.15	0	.428488	.06323299	.300977	.2073021
574.15	0	.428641	.06285182	.3007472	.20776
573.15	0	.4287926	.06247278	.3005183	.2082163
572.15	0	.4289428	.06209583	.3002902	.2086712
571.15	0	.4290917	.06172095	.3000629	.2091245
570.15	0	.4292392	.0613481	.2998363	.2095763
569.15	0	.4293855	.06097726	.2996106	.2100267
568.15	0	.4295304	.0606084	.2993856	.2104756
567.15	0	.4296741	.06024148	.2991614	.210923
566.15	0	.4298166	.05987648	.298938	.211369
565.15	0	.4299578	.05951336	.2987153	.2118136
564.15	0	.4300978	.05915211	.2984933	.2122568
563.15	0	.4302366	.0587927	.2982721	.2126986
562.15	0	.4303743	.05843509	.2980516	.213139
561.15	0	.4305108	.05807926	.2978318	.2135781
560.15	0	.4306462	.05772518	.2976128	.2140158
559.15	0	.4307805	.05737283	.2973944	.2144522
558.15	0	.4309138	.05702219	.2971768	.2148873
557.15	0	.4310459	.05667322	.2969598	.2153211
556.15	0	.431177	.05632591	.2967436	.2157536
555.15	0	.431307	.05598022	.296528	.2161848
554.15	0	.4314361	.05563614	.2963131	.2166147
553.15	0	.4315641	.05529363	.2960989	.2170434
552.15	0	.4316912	.05495269	.2958853	.2174708
551.15	0	.4318173	.05461328	.2956724	.2178971
550.15	0	.4319424	.05427538	.2954601	.2183221
549.15	0	.4320666	.05393897	.2952485	.2187459
548.15	0	.4321899	.05360402	.2950376	.2191685
547.15	0	.4323123	.05327052	.2948272	.21959
546.15	0	.4324338	.05293845	.2946175	.2200102
545.15	0	.4325544	.05260777	.2944085	.2204294
544.15	0	.4326742	.05227848	.2942	.2208473
543.15	0	.4327931	.05195055	.2939922	.2212642
542.15	0	.4329112	.05162396	.2937849	.2216799
541.15	0	.4330285	.05129869	.2935783	.2220945
540.15	0	.4331449	.05097472	.2933723	.2225081
539.15	0	.4332606	.05065203	.2931668	.2229205
538.15	0	.4333755	.05033061	.292962	.2233319
537.15	0	.4334897	.05001042	.2927577	.2237422
536.15	0	.4336031	.04969147	.2925541	.2241514
535.15	0	.4337158	.04937372	.2923509	.2245596
534.15	0	.4338277	.04905715	.2921484	.2249668
533.15	0	.4339389	.04874176	.2919464	.2253729
532.15	0	.4340495	.04842752	.291745	.225778
531.15	0	.4341593	.04811441	.2915441	.2261821
530.15	0	.4342685	.04780242	.2913438	.2265853
529.15	0	.434377	.04749153	.2911441	.2269874
528.15	0	.4344849	.04718173	.2909448	.2273886
527.15	0	.4345921	.04687299	.2907462	.2277888
526.15	0	.4346987	.04656531	.290548	.228188
525.15	0	.4348046	.04625866	.2903504	.2285863
524.15	0	.43491	.04595303	.2901533	.2289837
523.15	0	.4350148	.0456484	.2899567	.2293801
522.15	0	.435119	.04534476	.2897607	.2297756
521.15	0	.4352226	.04504209	.2895652	.2301702
520.15	0	.4353256	.04474038	.2893701	.2305639
519.15	0	.4354281	.04443961	.2891756	.2309567
518.15	0	.43553	.04413977	.2889816	.2313486
517.15	0	.4356314	.04384084	.2887881	.2317397
516.15	0	.4357323	.04354281	.2885951	.2321298
515.15	0	.4358327	.04324567	.2884025	.2325191
514.15	0	.4359325	.0429494	.2882105	.2329076
513.15	0	.4360319	.04265398	.2880189	.2332952
512.15	0	.4361307	.04235941	.2878279	.233682
511.15	0	.4362291	.04206567	.2876373	.2340679
510.15	0	.436327	.04177274	.2874471	.2344531
509.15	0	.4364245	.04148062	.2872575	.2348374
508.15	0	.4365215	.04118928	.2870683	.2352209
507.15	0	.4366181	.04089873	.2868796	.2356036
506.15	0	.4367142	.04060894	.2866913	.2359856
505.15	0	.4368099	.0403199	.2865035	.2363667
504.15	0	.4369051	.04003161	.2863162	.2367471
503.15	0	.437	.03974404	.2861293	.2371267
502.15	0	.4370944	.03945718	.2859429	.2375055
501.15	0	.4371885	.03917104	.2857569	.2378836
500.15	0	.4372821	.03888558	.2855713	.238261
499.15	0	.4373754	.0386008	.2853862	.2386376
498.15	0	.4374683	.0383167	.2852016	.2390134
497.15	0	.4375608	.03803325	.2850173	.2393886
496.15	0	.437653	.03775045	.2848335	.239763
495.15	0	.4377448	.03746828	.2846501	.2401367
494.15	0	.4378363	.03718674	.2844672	.2405098
493.15	0	.4379275	.03690581	.2842847	.2408821
492.15	0	.4380183	.03662549	.2841026	.2412537
491.15	0	.4381087	.03634576	.2839209	.2416246
490.15	0	.4381989	.03606662	.2837396	.2419949
489.15	0	.4382888	.03578804	.2835588	.2423645
488.15	0	.4383783	.03551003	.2833783	.2427334
487.15	0	.4384675	.03523257	.2831983	.2431016
486.15	0	.4385565	.03495565	.2830186	.2434692
485.15	0	.4386451	.03467926	.2828394	.2438362
484.15	0	.4387335	.03440339	.2826606	.2442025
483.15	0	.4388216	.03412804	.2824822	.2445682
482.15	0	.4389095	.03385319	.2823041	.2449332
481.15	0	.438997	.03357883	.2821265	.2452976
480.15	0	.4390844	.03330496	.2819493	.2456614
479.15	0	.4391714	.03303157	.2817724	.2460246
478.15	0	.4392582	.03275864	.2815959	.2463872
477.15	0	.4393448	.03248617	.2814199	.2467492
476.15	0	.4394311	.03221415	.2812442	.2471105
475.15	0	.4395173	.03194256	.2810688	.2474713
474.15	0	.4396032	.03167141	.2808939	.2478315
473.15	0	.4396888	.03140068	.2807193	.2481911
472.15	0	.4397743	.03113037	.2805452	.2485502
471.15	0	.4398595	.03086046	.2803713	.2489087
470.15	0	.4399446	.03059096	.2801979	.2492666
469.15	0	.4400294	.03032183	.2800248	.2496239
468.15	0	.4401141	.0300531	.2798521	.2499807
467.15	0	.4401985	.02978473	.2796798	.250337
466.15	0	.4402828	.02951673	.2795078	.2506927
465.15	0	.4403669	.02924909	.2793362	.2510479
464.15	0	.4404508	.0289818	.2791649	.2514025
463.15	0	.4405346	.02871485	.278994	.2517566
462.15	0	.4406181	.02844824	.2788235	.2521102
461.15	0	.4407016	.02818195	.2786533	.2524632
460.15	0	.4407848	.02791599	.2784834	.2528158
459.15	0	.440868	.02765034	.2783139	.2531678
458.15	0	.4409509	.02738499	.2781448	.2535193
457.15	0	.4410338	.02711995	.277976	.2538703
456.15	0	.4411164	.02685519	.2778075	.2542208
455.15	0	.441199	.02659072	.2776394	.2545709
454.15	0	.4412814	.02632653	.2774716	.2549204
453.15	0	.4413637	.0260626	.2773042	.2552695
452.15	0	.4414459	.02579895	.2771371	.2556181
451.15	0	.4415279	.02553555	.2769703	.2559662
450.15	0	.4416099	.0252724	.2768039	.2563138
449.15	0	.4416917	.02500945	.2766378	.256661
448.15	0	.4417735	.02474673	.2764721	.2570077
447.15	0	.4418551	.02448423	.2763067	.257354
446.15	0	.4419366	.02422195	.2761416	.2576998
445.15	0	.4420181	.02395987	.2759768	.2580452
444.15	0	.4420995	.02369798	.2758124	.2583901
443.15	0	.4421808	.02343627	.2756483	.2587346
442.15	0	.4422621	.02317474	.2754845	.2590787
441.15	0	.4423432	.02291337	.2753211	.2594223
440.15	0	.4424244	.02265216	.275158	.2597655
439.15	0	.4425054	.02239109	.2749952	.2601083
438.15	0	.4425865	.02213016	.2748327	.2604507
437.15	0	.4426674	.02186935	.2746706	.2607927
436.15	0	.4427484	.02160867	.2745087	.2611342
435.15	0	.4428293	.02134809	.2743472	.2614754
434.15	0	.4429102	.02108762	.274186	.2618162
433.15	0	.442991	.02082725	.2740252	.2621566
432.15	0	.4430718	.02056696	.2738646	.2624966
