T	 BPW(LIQUID)	BPW(BCC_A2)	BPW(FCC_A1)	BPW(LAVES_PHASE_C14)	BPW(NI3TI)
1473.15	.2817686	.7182314	0	0	0
1472.15	.2790532	.7209468	0	0	0
1471.15	.2763555	.7236445	0	0	0
1470.15	.2736754	.7263246	0	0	0
1469.15	.2710129	.7289871	0	0	0
1468.15	.2683678	.7316322	0	0	0
1467.15	.2657401	.7342599	0	0	0
1466.15	.2631296	.7368704	0	0	0
1465.15	.2605363	.7394637	0	0	0
1464.15	.25796	.74204	0	0	0
1463.15	.2554008	.7445992	0	0	0
1462.15	.2528584	.7471416	0	0	0
1461.15	.2503328	.7496672	0	0	0
1460.803	.2494603	.7505397	0	0	0
1460.803	.2494603	.7505397	0	0	0
1460.803	.2494603	.7505397	0	0	0
1460.15	.2459596	.7527663	0	.001274065	0
1459.15	.2406718	.7561256	0	.00320263	0
1458.15	.2354706	.7594249	0	.005104513	0
1457.15	.2303539	.7626658	0	.006980354	0
1456.305	.2260953	.7653593	0	.008545396	0
1456.305	.2260953	.7653593	0	.008545396	0
1456.305	.2260953	.7653593	0	.008545396	0
1456.15	.2231333	.7626718	.004634876	.009560027	0
1455.15	.2042728	.7456633	.03406953	.01599436	0
1454.15	.1858077	.7291905	.06275317	.02224869	0
1453.15	.1677225	.7132328	.09071473	.02832999	0
1452.15	.1500023	.6977712	.1179817	.03424486	0
1451.15	.1326331	.6827871	.1445803	.03999961	0
1450.15	.1156014	.6682631	.1705353	.04560024	0
1449.15	.09889446	.6541827	.1958704	.05105243	0
1448.15	.08250006	.6405301	.2206082	.05636164	0
1447.15	.06640654	.6272902	.2447702	.06153304	0
1446.15	.05060281	.6144487	.2683769	.06657158	0
1445.15	.03507823	.6019919	.2914479	.07148198	0
1444.15	.01982266	.5899069	.3140018	.07626873	0
1443.15	.004826406	.578181	.3360564	.08093614	0
1442.825	0	.5744402	.3431297	.08243018	0
1442.825	0	.5744402	.3431297	.08243018	0
1442.15	0	.5723116	.3448205	.08286787	0
1441.15	0	.5691633	.347322	.08351473	0
1440.15	0	.5660237	.3498171	.08415918	0
1439.15	0	.5628927	.352306	.08480124	0
1438.15	0	.5597704	.3547887	.08544091	0
1437.15	0	.5566567	.3572651	.08607821	0
1436.15	0	.5535516	.3597352	.08671315	0
1435.15	0	.550455	.3621992	.08734575	0
1434.15	0	.547367	.364657	.087976	0
1433.15	0	.5442875	.3671086	.08860393	0
1432.15	0	.5412165	.369554	.08922954	0
1431.15	0	.5381539	.3719933	.08985286	0
1430.15	0	.5350997	.3744264	.09047388	0
1429.15	0	.5320539	.3768534	.09109262	0
1428.15	0	.5290166	.3792744	.09170908	0
1427.15	0	.5259875	.3816892	.0923233	0
1426.15	0	.5229669	.3840979	.09293526	0
1425.15	0	.5199545	.3865005	.09354498	0
1424.15	0	.5169504	.3888971	.09415248	0
1423.15	0	.5139546	.3912877	.09475777	0
1422.15	0	.510967	.3936722	.09536085	0
1421.15	0	.5079876	.3960507	.09596173	0
1420.15	0	.5050164	.3984232	.09656043	0
1419.15	0	.5020534	.4007897	.09715696	0
1418.15	0	.4990985	.4031502	.09775132	0
1417.15	0	.4961517	.4055047	.09834353	0
1416.15	0	.4932131	.4078533	.0989336	0
1415.15	0	.4902825	.410196	.09952154	0
1414.15	0	.48736	.4125327	.1001073	0
1413.15	0	.4844455	.4148635	.1006911	0
1412.15	0	.481539	.4171883	.1012727	0
1411.15	0	.4786406	.4195073	.1018522	0
1410.15	0	.4757501	.4218204	.1024296	0
1409.15	0	.4728675	.4241276	.1030049	0
1408.15	0	.4699929	.4264289	.1035782	0
1407.15	0	.4671262	.4287244	.1041495	0
1406.15	0	.4642674	.431014	.1047186	0
1405.15	0	.4614164	.4332978	.1052858	0
1404.15	0	.4585733	.4355758	.1058509	0
1403.15	0	.4557381	.4378479	.106414	0
1402.15	0	.4529106	.4401142	.1069752	0
1401.15	0	.4500909	.4423748	.1075343	0
1400.15	0	.4472791	.4446295	.1080914	0
1399.15	0	.4444749	.4468785	.1086465	0
1398.15	0	.4416785	.4491218	.1091997	0
1397.15	0	.4388899	.4513592	.1097509	0
1396.15	0	.4361089	.4535909	.1103002	0
1395.15	0	.4333356	.4558169	.1108475	0
1394.15	0	.43057	.4580371	.1113929	0
1393.15	0	.427812	.4602516	.1119364	0
1392.15	0	.4250617	.4624605	.1124779	0
1391.15	0	.4223189	.4646635	.1130175	0
1390.15	0	.4195838	.4668609	.1135553	0
1389.15	0	.4168562	.4690527	.1140911	0
1388.15	0	.4141362	.4712387	.1146251	0
1387.15	0	.4114238	.473419	.1151572	0
1386.15	0	.4087189	.4755937	.1156874	0
1385.15	0	.4060215	.4777627	.1162158	0
1384.15	0	.4033316	.4799261	.1167423	0
1383.15	0	.4006492	.4820838	.117267	0
1382.15	0	.3979742	.4842359	.1177899	0
1381.15	0	.3953067	.4863824	.1183109	0
1380.15	0	.3926467	.4885232	.1188301	0
1379.15	0	.389994	.4906585	.1193475	0
1378.15	0	.3873488	.4927881	.1198631	0
1377.15	0	.384711	.4949121	.120377	0
1376.15	0	.3820805	.4970305	.120889	0
1375.15	0	.3794575	.4991433	.1213993	0
1374.15	0	.3768418	.5012505	.1219078	0
1373.15	0	.3742334	.5033521	.1224145	0
1372.15	0	.3716323	.5054482	.1229195	0
1371.15	0	.3690386	.5075387	.1234227	0
1370.15	0	.3664522	.5096236	.1239242	0
1369.15	0	.363873	.511703	.124424	0
1368.15	0	.3613012	.5137768	.124922	0
1367.15	0	.3587366	.515845	.1254184	0
1366.15	0	.3561793	.5179078	.125913	0
1365.15	0	.3536292	.5199649	.1264059	0
1364.15	0	.3510863	.5220165	.1268972	0
1363.15	0	.3485507	.5240626	.1273867	0
1362.15	0	.3460223	.5261032	.1278746	0
1361.15	0	.343501	.5281382	.1283608	0
1360.15	0	.340987	.5301677	.1288453	0
1359.15	0	.3384801	.5321917	.1293282	0
1358.15	0	.3359804	.5342101	.1298094	0
1357.15	0	.3334879	.5362231	.130289	0
1356.15	0	.3310025	.5382305	.130767	0
1355.15	0	.3285243	.5402324	.1312433	0
1354.15	0	.3260532	.5422288	.131718	0
1353.15	0	.3235892	.5442197	.1321911	0
1352.15	0	.3211323	.5462051	.1326626	0
1351.15	0	.3186825	.548185	.1331325	0
1350.15	0	.3162399	.5501593	.1336008	0
1349.15	0	.3138043	.5521282	.1340675	0
1348.15	0	.3113758	.5540916	.1345326	0
1347.15	0	.3089544	.5560495	.1349962	0
1346.15	0	.30654	.5580019	.1354582	0
1345.15	0	.3041327	.5599487	.1359186	0
1344.15	0	.3017325	.5618901	.1363774	0
1343.15	0	.2993393	.563826	.1368348	0
1342.15	0	.2969531	.5657564	.1372905	0
1341.15	0	.294574	.5676813	.1377447	0
1340.15	0	.2922019	.5696007	.1381975	0
1339.15	0	.2898368	.5715146	.1386486	0
1338.15	0	.2874787	.573423	.1390983	0
1337.15	0	.2851277	.5753259	.1395465	0
1336.15	0	.2827836	.5772232	.1399931	0
1335.15	0	.2804466	.5791151	.1404383	0
1334.15	0	.2781166	.5810015	.1408819	0
1333.15	0	.2757935	.5828824	.1413241	0
1332.15	0	.2734775	.5847577	.1417648	0
1331.15	0	.2711684	.5866276	.142204	0
1330.15	0	.2688664	.5884919	.1426417	0
1329.15	0	.2665713	.5903507	.143078	0
1328.15	0	.2642831	.592204	.1435128	0
1327.15	0	.262002	.5940518	.1439462	0
1326.15	0	.2597278	.595894	.1443782	0
1325.15	0	.2574606	.5977308	.1448086	0
1324.15	0	.2552004	.5995619	.1452377	0
1323.15	0	.2529471	.6013876	.1456653	0
1322.15	0	.2507008	.6032077	.1460915	0
1321.15	0	.2484615	.6050222	.1465163	0
1320.15	0	.2462291	.6068312	.1469397	0
1319.15	0	.2440037	.6086347	.1473616	0
1318.15	0	.2417853	.6104325	.1477822	0
1317.15	0	.2395738	.6122248	.1482013	0
1316.15	0	.2373693	.6140116	.1486191	0
1315.15	0	.2351718	.6157927	.1490355	0
1314.15	0	.2329812	.6175683	.1494505	0
1313.15	0	.2307976	.6193383	.1498642	0
1312.15	0	.228621	.6211026	.1502764	0
1311.15	0	.2264513	.6228614	.1506873	0
1310.15	0	.2242886	.6246146	.1510968	0
1309.15	0	.2221329	.6263621	.151505	0
1308.15	0	.2199841	.628104	.1519119	0
1307.15	0	.2178424	.6298403	.1523174	0
1306.15	0	.2157076	.6315709	.1527215	0
1305.15	0	.2135798	.6332959	.1531243	0
1304.15	0	.211459	.6350152	.1535258	0
1303.15	0	.2093452	.6367288	.153926	0
1302.15	0	.2072384	.6384368	.1543248	0
1301.15	0	.2051386	.640139	.1547224	0
1300.15	0	.2030458	.6418356	.1551186	0
1299.15	0	.2009601	.6435264	.1555135	0
1298.15	0	.1988813	.6452116	.1559071	0
1297.15	0	.1968096	.646891	.1562994	0
1296.15	0	.1947449	.6485646	.1566904	0
1295.15	0	.1926873	.6502325	.1570802	0
1294.15	0	.1906367	.6518947	.1574686	0
1293.15	0	.1885931	.653551	.1578558	0
1292.15	0	.1865567	.6552016	.1582417	0
1291.15	0	.1845273	.6568464	.1586264	0
1290.15	0	.1825049	.6584853	.1590098	0
1289.15	0	.1804897	.6601185	.1593919	0
1288.15	0	.1784815	.6617457	.1597727	0
1287.15	0	.1764805	.6633672	.1601523	0
1286.15	0	.1744866	.6649827	.1605307	0
1285.15	0	.1724998	.6665924	.1609078	0
1284.15	0	.1705201	.6681962	.1612837	0
1283.15	0	.1685476	.6697941	.1616584	0
1282.15	0	.1665822	.671386	.1620318	0
1281.15	0	.164624	.672972	.162404	0
1280.15	0	.162673	.674552	.162775	0
1279.15	0	.1607291	.6761261	.1631448	0
1278.15	0	.1587925	.6776942	.1635133	0
1277.15	0	.1568631	.6792563	.1638807	0
1276.15	0	.1549409	.6808123	.1642468	0
1275.15	0	.153026	.6823623	.1646117	0
1274.15	0	.1511183	.6839062	.1649755	0
1273.15	0	.1492179	.6854441	.165338	0
1272.15	0	.1473248	.6869758	.1656994	0
1271.15	0	.145439	.6885015	.1660596	0
1270.15	0	.1435604	.690021	.1664186	0
1269.15	0	.1416893	.6915343	.1667764	0
1268.15	0	.1398254	.6930415	.167133	0
1267.15	0	.137969	.6945425	.1674885	0
1266.15	0	.1361199	.6960373	.1678428	0
1265.15	0	.1342782	.6975258	.168196	0
1264.15	0	.132444	.6990081	.168548	0
1263.15	0	.1306172	.700484	.1688988	0
1262.15	0	.1287978	.7019537	.1692485	0
1261.15	0	.1269859	.7034171	.1695971	0
1260.15	0	.1251815	.7048741	.1699445	0
1259.15	0	.1233846	.7063247	.1702907	0
1258.15	0	.1215952	.7077689	.1706358	0
1257.15	0	.1198134	.7092068	.1709798	0
1256.15	0	.1180392	.7106381	.1713227	0
1255.15	0	.1162725	.712063	.1716644	0
1254.15	0	.1145135	.7134814	.172005	0
1253.15	0	.1127621	.7148933	.1723445	0
1252.15	0	.1110184	.7162987	.1726829	0
1251.15	0	.1092824	.7176974	.1730202	0
1250.15	0	.1075541	.7190896	.1733563	0
1249.15	0	.1058335	.7204751	.1736914	0
1248.15	0	.1041207	.721854	.1740254	0
1247.15	0	.1024156	.7232262	.1743582	0
1246.15	0	.1007184	.7245917	.17469	0
1245.15	0	.099029	.7259504	.1750206	0
1244.15	0	.09734747	.7273023	.1753502	0
1243.15	0	.09567383	.7286475	.1756787	0
1242.15	0	.0940081	.7299858	.1760061	0
1241.15	0	.09235032	.7313173	.1763324	0
1240.15	0	.09070052	.7326418	.1766576	0
1239.15	0	.08905872	.7339595	.1769818	0
1238.15	0	.08742495	.7352701	.1773049	0
1237.15	0	.08579924	.7365738	.177627	0
1236.15	0	.08418163	.7378704	.1779479	0
1235.15	0	.08257214	.73916	.1782678	0
1234.15	0	.0809708	.7404425	.1785867	0
1233.15	0	.07937765	.7417179	.1789045	0
1232.15	0	.07779273	.7429861	.1792212	0
1231.15	0	.07621605	.7442471	.1795369	0
1230.15	0	.07464767	.7455008	.1798515	0
1229.15	0	.0730876	.7467473	.1801651	0
1228.15	0	.07153589	.7479864	.1804777	0
1227.15	0	.06999257	.7492183	.1807892	0
1226.15	0	.06845768	.7504427	.1810996	0
1225.15	0	.06693125	.7516597	.1814091	0
1224.15	0	.06541333	.7528692	.1817175	0
1223.15	0	.06390393	.7540712	.1820249	0
1222.15	0	.06240312	.7552657	.1823312	0
1221.15	0	.06091092	.7564526	.1826365	0
1220.15	0	.05942737	.7576318	.1829408	0
1219.15	0	.05795252	.7588034	.1832441	0
1218.15	0	.0564864	.7599672	.1835464	0
1217.15	0	.05502905	.7611233	.1838477	0
1216.15	0	.05358052	.7622716	.1841479	0
1215.15	0	.05214085	.763412	.1844471	0
1214.15	0	.05071008	.7645446	.1847454	0
1213.15	0	.04928825	.7656692	.1850426	0
1212.15	0	.04787541	.7667858	.1853388	0
1211.15	0	.04647161	.7678944	.185634	0
1210.15	0	.04507688	.7689949	.1859283	0
1209.15	0	.04369127	.7700872	.1862215	0
1208.15	0	.04231483	.7711714	.1865137	0
1207.15	0	.04094761	.7722474	.186805	0
1206.15	0	.03958966	.7733151	.1870952	0
1205.15	0	.03824101	.7743745	.1873845	0
1204.15	0	.03690173	.7754255	.1876728	0
1203.15	0	.03557186	.776468	.1879601	0
1202.15	0	.03425145	.7775021	.1882465	0
1201.15	0	.03294055	.7785277	.1885318	0
1200.15	0	.03163921	.7795446	.1888162	0
1199.15	0	.03034749	.7805529	.1890996	0
1198.15	0	.02906544	.7815525	.189382	0
1197.15	0	.02779311	.7825434	.1896635	0
1196.15	0	.02653055	.7835255	.189944	0
1195.15	0	.02527782	.7844987	.1902235	0
1194.15	0	.02403498	.7854629	.1905021	0
1193.15	0	.02280208	.7864182	.1907797	0
1192.15	0	.02157918	.7873645	.1910564	0
1191.15	0	.02036634	.7883016	.1913321	0
1190.15	0	.01916361	.7892296	.1916068	0
1189.15	0	.01797105	.7901484	.1918806	0
1188.15	0	.01678872	.7910579	.1921534	0
1187.15	0	.01561669	.791958	.1924253	0
1186.15	0	.01445501	.7928488	.1926963	0
1185.15	0	.01330374	.79373	.1929662	0
1184.15	0	.01216295	.7946018	.1932353	0
1183.15	0	.0110327	.7954639	.1935034	0
1182.15	0	.009913058	.7963164	.1937706	0
1181.15	0	.008804081	.7971591	.1940368	0
1180.15	0	.007705836	.7979921	.1943021	0
1179.15	0	.006618391	.7988152	.1945664	0
1178.15	0	.00554181	.7996283	.1948299	0
1177.15	0	.004476162	.8004315	.1950924	0
1176.15	0	.003421514	.8012246	.1953539	0
1175.15	0	.002377935	.8020075	.1956145	0
1174.15	0	.001345494	.8027803	.1958742	0
1173.15	0	3.242617E-04	.8035427	.196133	0
1172.83	0	0	.8037844	.1962156	0
1172.83	0	0	.8037844	.1962156	0
1172.15	0	0	.8036295	.1963705	0
1171.15	0	0	.8034021	.1965979	0
1170.15	0	0	.8031752	.1968248	0
1169.15	0	0	.8029487	.1970513	0
1168.15	0	0	.8027226	.1972774	0
1167.15	0	0	.8024969	.1975031	0
1166.15	0	0	.8022717	.1977283	0
1165.15	0	0	.8020469	.1979531	0
1164.15	0	0	.8018226	.1981774	0
1163.15	0	0	.8015986	.1984014	0
1162.15	0	0	.8013751	.1986249	0
1161.15	0	0	.8011521	.1988479	0
1160.15	0	0	.8009294	.1990706	0
1159.15	0	0	.8007072	.1992928	0
1158.15	0	0	.8004854	.1995146	0
1157.15	0	0	.800264	.199736	0
1156.15	0	0	.8000431	.1999569	0
1155.15	0	0	.7998226	.2001774	0
1154.15	0	0	.7996025	.2003975	0
1153.15	0	0	.7993828	.2006172	0
1152.15	0	0	.7991636	.2008364	0
1151.15	0	0	.7989447	.2010553	0
1150.15	0	0	.7987264	.2012736	0
1149.15	0	0	.7985084	.2014916	0
1148.15	0	0	.7982908	.2017092	0
1147.15	0	0	.7980737	.2019263	0
1146.15	0	0	.797857	.202143	0
1145.15	0	0	.7976407	.2023593	0
1144.15	0	0	.7974248	.2025752	0
1143.15	0	0	.7972094	.2027906	0
1142.15	0	0	.7969943	.2030057	0
1141.15	0	0	.7967797	.2032203	0
1140.15	0	0	.7965655	.2034345	0
1139.15	0	0	.7963517	.2036483	0
1138.15	0	0	.7961384	.2038616	0
1137.15	0	0	.7959254	.2040746	0
1136.15	0	0	.7957129	.2042871	0
1135.15	0	0	.7955007	.2044993	0
1134.15	0	0	.7952891	.204711	0
1133.15	0	0	.7950778	.2049222	0
1132.15	0	0	.7948669	.2051331	0
1131.15	0	0	.7946564	.2053436	0
1130.15	0	0	.7944464	.2055536	0
1129.15	0	0	.7942367	.2057633	0
1128.15	0	0	.7940275	.2059725	0
1127.15	0	0	.7938187	.2061813	0
1126.15	0	0	.7936103	.2063897	0
1125.15	0	0	.7934023	.2065977	0
1124.15	0	0	.7931947	.2068053	0
1123.15	0	0	.7929875	.2070125	0
1122.15	0	0	.7927808	.2072192	0
1121.15	0	0	.7925744	.2074256	0
1120.15	0	0	.7923685	.2076315	0
1119.15	0	0	.7921629	.2078371	0
1118.15	0	0	.7919578	.2080422	0
1117.15	0	0	.7917531	.2082469	0
1116.15	0	0	.7915488	.2084512	0
1115.15	0	0	.7913449	.2086552	0
1114.15	0	0	.7911413	.2088587	0
1113.15	0	0	.7909382	.2090618	0
1112.15	0	0	.7907355	.2092645	0
1111.15	0	0	.7905333	.2094668	0
1110.15	0	0	.7903314	.2096686	0
1109.15	0	0	.7901299	.2098701	0
1108.15	0	0	.7899288	.2100712	0
1107.15	0	0	.7897281	.2102719	0
1106.15	0	0	.7895279	.2104722	0
1105.15	0	0	.789328	.210672	0
1104.15	0	0	.7891285	.2108715	0
1103.15	0	0	.7889294	.2110706	0
1102.15	0	0	.7887308	.2112692	0
1101.15	0	0	.7885325	.2114675	0
1100.15	0	0	.7883346	.2116654	0
1099.15	0	0	.7881372	.2118628	0
1098.15	0	0	.7879401	.2120599	0
1097.15	0	0	.7877434	.2122566	0
1096.15	0	0	.7875472	.2124528	0
1095.15	0	0	.7873513	.2126487	0
1094.15	0	0	.7871558	.2128442	0
1093.15	0	0	.7869607	.2130393	0
1092.15	0	0	.786766	.213234	0
1091.15	0	0	.7865718	.2134282	0
1090.15	0	0	.7863779	.2136221	0
1089.15	0	0	.7861844	.2138156	0
1088.15	0	0	.7859913	.2140087	0
1087.15	0	0	.7857986	.2142014	0
1086.15	0	0	.7856063	.2143937	0
1085.15	0	0	.7854144	.2145856	0
1084.15	0	0	.7852229	.2147772	0
1083.15	0	0	.7850317	.2149683	0
1082.15	0	0	.784841	.215159	0
1081.15	0	0	.7846507	.2153493	0
1080.15	0	0	.7844607	.2155393	0
1079.15	0	0	.7842712	.2157288	0
1078.15	0	0	.784082	.215918	0
1077.15	0	0	.7838932	.2161068	0
1076.15	0	0	.7837049	.2162952	0
1075.15	0	0	.7835169	.2164831	0
1074.15	0	0	.7833293	.2166707	0
1073.15	0	0	.7831421	.2168579	0
1072.15	0	0	.7829552	.2170448	0
1071.15	0	0	.7827688	.2172312	0
1070.15	0	0	.7825828	.2174172	0
1069.15	0	0	.7823971	.2176029	0
1068.15	0	0	.7822119	.2177881	0
1067.15	0	0	.782027	.217973	0
1066.15	0	0	.7818425	.2181575	0
1065.15	0	0	.7816584	.2183416	0
1064.15	0	0	.7814747	.2185253	0
1063.15	0	0	.7812914	.2187086	0
1062.15	0	0	.7811085	.2188915	0
1061.15	0	0	.7809259	.2190741	0
1060.15	0	0	.7807437	.2192563	0
1059.15	0	0	.780562	.219438	0
1058.15	0	0	.7803806	.2196194	0
1057.15	0	0	.7801996	.2198004	0
1056.15	0	0	.780019	.2199811	0
1055.15	0	0	.7798387	.2201613	0
1054.15	0	0	.7796589	.2203411	0
1053.15	0	0	.7794794	.2205206	0
1052.15	0	0	.7793003	.2206997	0
1051.15	0	0	.7791216	.2208784	0
1050.15	0	0	.7789433	.2210567	0
1049.15	0	0	.7787654	.2212346	0
1048.15	0	0	.7785878	.2214122	0
1047.15	0	0	.7784106	.2215894	0
1046.15	0	0	.7782338	.2217662	0
1045.15	0	0	.7780574	.2219426	0
1044.15	0	0	.7778814	.2221186	0
1043.15	0	0	.7777057	.2222942	0
1042.15	0	0	.7775305	.2224695	0
1041.15	0	0	.7773556	.2226444	0
1040.15	0	0	.7771811	.2228189	0
1039.281	0	0	.7770298	.2229702	0
1039.281	0	0	.7770298	.2229702	0
1039.281	0	0	.7770298	.2229702	0
1039.15	0	1.653664E-04	.7768452	.2229895	0
1038.15	0	.001437265	.7754267	.2231361	0
1037.15	0	.002730174	.7739879	.2232819	0
1036.15	0	.004044066	.7725289	.2234271	0
1035.15	0	.005378909	.7710496	.2235715	0
1034.15	0	.006734669	.76955	.2237153	0
1033.15	0	.008111308	.7680304	.2238583	0
1032.15	0	.009508784	.7664906	.2240006	0
1031.15	0	.01092705	.7649307	.2241423	0
1030.15	0	.01236606	.7633507	.2242832	0
1029.15	0	.01382577	.7617507	.2244235	0
1028.15	0	.01530611	.7601308	.224563	0
1027.15	0	.01680703	.7584911	.2247019	0
1026.15	0	.01832847	.7568314	.2248401	0
1025.15	0	.01987035	.7551521	.2249776	0
1024.15	0	.02143262	.753453	.2251144	0
1023.15	0	.0230152	.7517343	.2252505	0
1022.15	0	.02461801	.749996	.225386	0
1021.15	0	.02624098	.7482383	.2255207	0
1020.15	0	.02788402	.7464612	.2256548	0
1019.15	0	.02954704	.7446647	.2257882	0
1018.15	0	.03122995	.7428491	.225921	0
1017.15	0	.03293267	.7410143	.226053	0
1016.15	0	.03465509	.7391605	.2261844	0
1015.15	0	.03639712	.7372877	.2263152	0
1014.15	0	.03815864	.7353961	.2264452	0
1013.15	0	.03993956	.7334858	.2265746	0
1012.15	0	.04173977	.7315569	.2267034	0
1011.15	0	.04355914	.7296094	.2268314	0
1010.15	0	.04539757	.7276436	.2269588	0
1009.15	0	.04725492	.7256595	.2270856	0
1008.15	0	.04913109	.7236572	.2272117	0
1007.15	0	.05102594	.721637	.2273371	0
1006.15	0	.05293934	.7195988	.2274619	0
1005.15	0	.05487116	.7175429	.227586	0
1004.15	0	.05682126	.7154693	.2277094	0
1003.15	0	.05878951	.7133783	.2278322	0
1002.15	0	.06077575	.7112699	.2279544	0
1001.15	0	.06277984	.7091443	.2280759	0
1000.15	0	.06480164	.7070017	.2281967	0
999.15	0	.066841	.7048421	.2283169	0
998.15	0	.06889775	.7026659	.2284364	0
997.15	0	.07097174	.700473	.2285552	0
996.15	0	.07306281	.6982637	.2286735	0
995.15	0	.0751708	.6960382	.228791	0
994.15	0	.07729553	.6937966	.2289079	0
993.15	0	.07943686	.691539	.2290241	0
992.15	0	.08159458	.6892657	.2291397	0
991.15	0	.08376855	.6869769	.2292546	0
990.15	0	.08595857	.6846726	.2293689	0
989.15	0	.08816448	.6823531	.2294824	0
988.15	0	.09038608	.6800186	.2295954	0
987.15	0	.09262319	.6776692	.2297076	0
986.15	0	.09487564	.6753052	.2298192	0
985.15	0	.09714322	.6729267	.2299301	0
984.15	0	.09942575	.6705339	.2300403	0
983.15	0	.101723	.6681271	.2301499	0
982.15	0	.1040349	.6657064	.2302588	0
981.15	0	.1063611	.663272	.230367	0
980.15	0	.1087014	.6608241	.2304745	0
979.15	0	.1110558	.6583629	.2305813	0
978.15	0	.1134238	.6558887	.2306875	0
977.15	0	.1158055	.6534017	.2307929	0
976.15	0	.1182004	.650902	.2308976	0
975.15	0	.1206085	.6483898	.2310016	0
974.15	0	.1230296	.6458655	.231105	0
973.15	0	.1254633	.6433292	.2312076	0
972.15	0	.1279095	.6407811	.2313094	0
971.15	0	.130368	.6382214	.2314106	0
970.15	0	.1328386	.6356504	.231511	0
969.15	0	.135321	.6330683	.2316107	0
968.15	0	.1378151	.6304754	.2317096	0
967.15	0	.1403205	.6278717	.2318077	0
966.15	0	.1428371	.6252577	.2319051	0
965.15	0	.1453647	.6226335	.2320018	0
964.15	0	.147903	.6199993	.2320976	0
963.15	0	.1504519	.6173555	.2321927	0
962.15	0	.1530109	.6147021	.232287	0
961.15	0	.1555801	.6120395	.2323805	0
960.15	0	.1581186	.6094055	.2324759	0
959.15	0	.1606625	.606766	.2325715	0
958.15	0	.1632344	.6041001	.2326655	0
957.15	0	.1658324	.6014096	.2327581	0
956.15	0	.1684549	.5986959	.2328492	0
955.15	0	.1711004	.5959608	.2329389	0
954.15	0	.1737672	.5932056	.2330271	0
953.15	0	.176454	.590432	.233114	0
952.15	0	.1791593	.5876412	.2331995	0
951.15	0	.1818817	.5848347	.2332836	0
950.15	0	.18462	.5820138	.2333663	0
949.15	0	.1873727	.5791797	.2334476	0
948.15	0	.1901388	.5763336	.2335277	0
947.15	0	.192917	.5734767	.2336063	0
946.15	0	.1957062	.5706102	.2336836	0
945.15	0	.1985053	.5677351	.2337596	0
944.15	0	.2013132	.5648526	.2338343	0
943.15	0	.2041289	.5619635	.2339076	0
942.15	0	.2069514	.5590689	.2339796	0
941.15	0	.2097799	.5561698	.2340504	0
940.15	0	.2126133	.553267	.2341197	0
939.15	0	.2154507	.5503615	.2341878	0
938.15	0	.2182914	.547454	.2342546	0
937.15	0	.2211346	.5445454	.2343201	0
936.15	0	.2239793	.5416365	.2343842	0
935.15	0	.2268249	.538728	.2344471	0
934.15	0	.2296706	.5358207	.2345086	0
933.15	0	.2325158	.5329153	.2345689	0
932.15	0	.2353597	.5300125	.2346278	0
931.15	0	.2382017	.5271129	.2346855	0
930.15	0	.2410411	.5242171	.2347418	0
929.15	0	.2438773	.5213258	.2347969	0
928.15	0	.2467098	.5184396	.2348506	0
927.15	0	.249538	.515559	.234903	0
926.15	0	.2523613	.5126846	.2349541	0
925.15	0	.2551792	.5098169	.2350039	0
924.15	0	.2579912	.5069564	.2350524	0
923.15	0	.2607968	.5041037	.2350996	0
922.15	0	.2635955	.5012591	.2351454	0
921.15	0	.2663868	.4984232	.23519	0
920.15	0	.2691704	.4955964	.2352332	0
919.15	0	.2719458	.4927791	.2352751	0
918.15	0	.2747126	.4899717	.2353157	0
917.15	0	.2774704	.4871746	.235355	0
916.15	0	.2802188	.4843883	.235393	0
915.15	0	.2829574	.481613	.2354296	0
914.15	0	.2856859	.4788492	.2354649	0
913.15	0	.2884039	.4760971	.2354989	0
912.15	0	.2911112	.4733572	.2355316	0
911.15	0	.2938074	.4706297	.2355629	0
910.15	0	.2964921	.467915	.2355929	0
909.15	0	.2991651	.4652133	.2356216	0
908.15	0	.3018261	.4625249	.235649	0
907.15	0	.3044749	.4598501	.235675	0
906.15	0	.3071111	.4571892	.2356997	0
905.15	0	.3097344	.4545425	.2357231	0
904.15	0	.3123447	.4519101	.2357452	0
903.15	0	.3149418	.4492923	.2357659	0
902.15	0	.3175252	.4466894	.2357853	0
901.15	0	.3200949	.4441016	.2358034	0
900.15	0	.3226507	.4415291	.2358202	0
899.15	0	.3251922	.4389721	.2358357	0
898.15	0	.3277193	.4364309	.2358498	0
897.15	0	.3302319	.4339055	.2358626	0
896.15	0	.3327296	.4313962	.2358742	0
895.15	0	.3352124	.4289032	.2358844	0
894.15	0	.3376801	.4264267	.2358933	0
893.15	0	.3401324	.4239667	.2359009	0
892.15	0	.3425692	.4215236	.2359072	0
891.15	0	.3449904	.4190973	.2359123	0
890.15	0	.3473958	.4166882	.235916	0
889.15	0	.3497853	.4142963	.2359185	0
888.15	0	.3521586	.4119217	.2359197	0
887.15	0	.3545158	.4095646	.2359196	0
886.15	0	.3568565	.4072252	.2359183	0
885.15	0	.3591808	.4049035	.2359157	0
884.15	0	.3614885	.4025996	.2359119	0
883.15	0	.3637794	.4003138	.2359068	0
882.15	0	.3660535	.398046	.2359005	0
881.15	0	.3683107	.3957963	.235893	0
880.15	0	.3705508	.3935649	.2358843	0
879.15	0	.3727738	.3913519	.2358743	0
878.15	0	.3749795	.3891573	.2358632	0
877.15	0	.3771679	.3869812	.2358509	0
876.15	0	.3793389	.3848237	.2358374	0
875.15	0	.3814924	.3826849	.2358228	0
874.15	0	.3836283	.3805647	.235807	0
873.15	0	.3857466	.3784633	.2357901	0
872.15	0	.3878473	.3763807	.235772	0
871.15	0	.3899302	.374317	.2357528	0
870.15	0	.3919952	.3722722	.2357326	0
869.15	0	.3940425	.3702463	.2357112	0
868.15	0	.3960718	.3682394	.2356887	0
867.15	0	.3980833	.3662515	.2356652	0
866.15	0	.4000767	.3642826	.2356407	0
865.15	0	.4020522	.3623327	.2356151	0
864.15	0	.4040097	.3604018	.2355885	0
863.15	0	.4059492	.3584899	.2355609	0
862.15	0	.4078706	.3565971	.2355323	0
861.15	0	.4097741	.3547233	.2355027	0
860.15	0	.4116594	.3528684	.2354721	0
859.15	0	.4135268	.3510326	.2354406	0
858.15	0	.4153761	.3492156	.2354082	0
857.15	0	.4172075	.3474176	.2353749	0
856.15	0	.4190209	.3456385	.2353406	0
855.15	0	.4208163	.3438782	.2353055	0
854.15	0	.4225938	.3421367	.2352695	0
853.15	0	.4243535	.3404139	.2352327	0
852.15	0	.4260953	.3387097	.235195	0
851.15	0	.4278193	.3370242	.2351565	0
850.15	0	.4295256	.3353572	.2351171	0
849.15	0	.4312143	.3337087	.235077	0
848.15	0	.4328854	.3320785	.2350361	0
847.15	0	.4345389	.3304666	.2349945	0
846.15	0	.4361749	.328873	.2349521	0
845.15	0	.4377936	.3272974	.234909	0
844.15	0	.439395	.3257398	.2348652	0
843.15	0	.4409792	.3242001	.2348206	0
842.15	0	.4425463	.3226783	.2347754	0
841.15	0	.4440964	.3211741	.2347295	0
840.15	0	.4456296	.3196874	.234683	0
839.15	0	.447146	.3182182	.2346358	0
838.15	0	.4486457	.3167663	.234588	0
837.15	0	.4501288	.3153316	.2345396	0
836.15	0	.4515955	.313914	.2344906	0
835.15	0	.4530458	.3125133	.2344409	0
834.15	0	.4544799	.3111293	.2343908	0
833.15	0	.4558979	.309762	.23434	0
832.15	0	.4573001	.3084112	.2342887	0
831.15	0	.4586863	.3070767	.2342369	0
830.15	0	.460057	.3057585	.2341846	0
829.15	0	.461412	.3044562	.2341317	0
828.15	0	.4627517	.3031699	.2340784	0
827.15	0	.4640762	.3018993	.2340245	0
826.15	0	.4653855	.3006443	.2339702	0
825.15	0	.4666799	.2994046	.2339155	0
824.15	0	.4679595	.2981803	.2338602	0
823.15	0	.4692244	.296971	.2338045	0
822.15	0	.4704749	.2957767	.2337484	0
821.15	0	.471711	.2945971	.2336919	0
820.15	0	.4729329	.2934322	.2336349	0
819.15	0	.4741408	.2922816	.2335776	0
818.15	0	.4753348	.2911453	.2335198	0
817.15	0	.4765152	.2900232	.2334617	0
816.15	0	.4776819	.2889149	.2334031	0
815.15	0	.4788353	.2878205	.2333442	0
814.8487	0	.4791802	.2874934	.2333264	0
814.8487	0	.4791802	.2874934	.2333264	0
814.8487	0	.4791802	.2874934	.2333264	0
814.15	0	.483555	.2821057	.2319891	.002350262
813.15	0	.4896661	.2745616	.2301061	.005666276
812.15	0	.4956058	.2672081	.2282587	.008927491
811.15	0	.5013797	.2600391	.2264458	.01213538
810.15	0	.5069935	.2530485	.2246666	.01529133
809.15	0	.5124523	.2462307	.2229202	.01839671
808.15	0	.5177612	.2395803	.2212057	.02145281
807.15	0	.5229249	.233092	.2195222	.02446086
806.15	0	.527948	.2267609	.2178691	.02742207
805.15	0	.532835	.2205821	.2162454	.03033757
804.15	0	.5375901	.2145511	.2146504	.03320847
803.15	0	.5422173	.2086634	.2130835	.03603583
802.15	0	.5467206	.2029148	.211544	.03882067
801.15	0	.5511037	.1973012	.2100312	.04156397
800.15	0	.5553702	.1918187	.2085444	.04426669
799.15	0	.5595236	.1864636	.2070831	.04692973
798.15	0	.5635673	.1812322	.2056466	.04955399
797.15	0	.5675043	.176121	.2042344	.05214031
796.15	0	.571338	.1711266	.2028459	.05468952
795.15	0	.5750711	.1662459	.2014806	.05720241
794.15	0	.5787066	.1614757	.2001379	.05967975
793.15	0	.5822473	.156813	.1988174	.06212228
792.15	0	.5856958	.1522549	.1975186	.06453074
791.15	0	.5890548	.1477985	.1962409	.06690581
790.15	0	.5923267	.1434412	.194984	.06924817
789.15	0	.5955139	.1391804	.1937473	.07155848
788.15	0	.5986187	.1350134	.1925305	.07383737
787.15	0	.6016435	.1309379	.1913331	.07608547
786.15	0	.6045903	.1269515	.1901548	.07830337
785.15	0	.6074613	.123052	.188995	.08049166
784.15	0	.6102586	.119237	.1878535	.08265089
783.15	0	.6129841	.1155044	.1867299	.08478163
782.15	0	.6156397	.1118522	.1856237	.08688441
781.15	0	.6182273	.1082783	.1845347	.08895974
780.15	0	.6207487	.1047808	.1834624	.09100815
779.15	0	.6232056	.1013577	.1824066	.09303012
778.15	0	.6255997	.09800732	.1813669	.09502613
777.15	0	.6279326	.09472776	.180343	.09699666
776.15	0	.630206	.0915173	.1793345	.09894216
775.15	0	.6324214	.08837426	.1783412	.1008631
774.15	0	.6345803	.085297	.1773628	.1027599
773.15	0	.6366842	.08228392	.176399	.1046329
772.15	0	.6387344	.07933348	.1754494	.1064827
771.15	0	.6407325	.07644417	.1745138	.1083096
770.15	0	.6426796	.07361452	.1735919	.110114
769.15	0	.6445771	.07084311	.1726835	.1118963
768.15	0	.6464263	.06812855	.1717883	.1136569
767.15	0	.6482284	.06546949	.170906	.1153961
766.15	0	.6499846	.06286461	.1700364	.1171143
765.15	0	.6516961	.06031263	.1691792	.118812
764.15	0	.6533641	.05781229	.1683343	.1204894
763.15	0	.6549896	.05536239	.1675012	.1221468
762.15	0	.6565737	.05296174	.1666799	.1237847
761.15	0	.6581175	.05060918	.1658701	.1254033
760.15	0	.659622	.04830358	.1650715	.1270029
759.15	0	.6610882	.04604384	.164284	.128584
758.15	0	.662517	.04382889	.1635073	.1301467
757.15	0	.6639095	.04165769	.1627413	.1316915
756.15	0	.6652666	.03952922	.1619856	.1332186
755.15	0	.6665891	.03744247	.1612402	.1347282
754.15	0	.667878	.03539648	.1605048	.1362208
753.15	0	.669134	.0333903	.1597792	.1376965
752.15	0	.6703581	.031423	.1590632	.1391557
751.15	0	.671551	.02949368	.1583566	.1405987
750.15	0	.6727136	.02760146	.1576594	.1420256
749.15	0	.6738466	.02574548	.1569711	.1434368
748.15	0	.6749508	.0239249	.1562918	.1448325
747.15	0	.6760269	.02213889	.1556212	.146213
746.15	0	.6770757	.02038666	.1549591	.1475785
745.15	0	.6780977	.01866743	.1543055	.1489294
744.15	0	.6790939	.01698043	.15366	.1502657
743.15	0	.6800647	.01532491	.1530226	.1515878
742.15	0	.6810108	.01370016	.1523931	.152896
741.15	0	.6819329	.01210545	.1517713	.1541903
740.15	0	.6828317	.0105401	.1511571	.1554711
739.15	0	.6837076	.009003417	.1505504	.1567386
738.15	0	.6845613	.007494753	.1499509	.157993
737.15	0	.6853934	.006013459	.1493586	.1592345
736.15	0	.6862044	.004558903	.1487733	.1604634
735.15	0	.6869949	.00313047	.1481949	.1616798
734.15	0	.6877654	.001727558	.1476232	.1628839
733.15	0	.6885163	3.495803E-04	.1470581	.164076
732.8934	0	.688706	0	.1469142	.1643799
732.8934	0	.688706	0	.1469142	.1643799
732.15	0	.6886206	0	.1467709	.1646085
731.15	0	.6885063	0	.1465786	.1649151
730.15	0	.6883925	0	.146387	.1652206
729.15	0	.6882792	0	.146196	.1655249
728.15	0	.6881665	0	.1460055	.165828
727.15	0	.6880543	0	.1458157	.1661301
726.15	0	.6879426	0	.1456264	.166431
725.15	0	.6878314	0	.1454377	.1667308
724.15	0	.6877208	0	.1452496	.1670295
723.15	0	.6876107	0	.1450622	.1673272
722.15	0	.6875011	0	.1448753	.1676236
721.15	0	.687392	0	.144689	.167919
720.15	0	.6872835	0	.1445032	.1682133
719.15	0	.6871754	0	.1443181	.1685065
718.15	0	.6870678	0	.1441336	.1687986
717.15	0	.6869608	0	.1439497	.1690896
716.15	0	.6868542	0	.1437663	.1693795
715.15	0	.6867482	0	.1435836	.1696683
714.15	0	.6866426	0	.1434014	.169956
713.15	0	.6865376	0	.1432198	.1702426
712.15	0	.686433	0	.1430388	.1705282
711.15	0	.6863289	0	.1428584	.1708127
710.15	0	.6862253	0	.1426786	.1710961
709.15	0	.6861222	0	.1424994	.1713784
708.15	0	.6860196	0	.1423208	.1716597
707.15	0	.6859174	0	.1421428	.1719398
706.15	0	.6858158	0	.1419653	.172219
705.15	0	.6857146	0	.1417884	.172497
704.15	0	.6856138	0	.1416122	.172774
703.15	0	.6855136	0	.1414365	.1730499
702.15	0	.6854138	0	.1412614	.1733248
701.15	0	.6853145	0	.1410869	.1735986
700.15	0	.6852157	0	.140913	.1738714
699.15	0	.6851173	0	.1407396	.1741431
698.15	0	.6850194	0	.1405669	.1744138
697.15	0	.6849219	0	.1403947	.1746834
696.15	0	.6848249	0	.1402232	.1749519
695.15	0	.6847284	0	.1400522	.1752194
694.15	0	.6846323	0	.1398818	.1754859
693.15	0	.6845367	0	.139712	.1757514
692.15	0	.6844415	0	.1395428	.1760158
691.15	0	.6843467	0	.1393741	.1762791
690.15	0	.6842525	0	.1392061	.1765415
689.15	0	.6841586	0	.1390386	.1768028
688.15	0	.6840652	0	.1388717	.177063
687.15	0	.6839723	0	.1387055	.1773223
686.15	0	.6838797	0	.1385398	.1775805
685.15	0	.6837877	0	.1383747	.1778377
684.15	0	.683696	0	.1382101	.1780939
683.15	0	.6836048	0	.1380462	.178349
682.15	0	.683514	0	.1378828	.1786031
681.15	0	.6834237	0	.1377201	.1788562
680.15	0	.6833338	0	.1375579	.1791083
679.15	0	.6832443	0	.1373963	.1793594
678.15	0	.6831553	0	.1372353	.1796095
677.15	0	.6830666	0	.1370748	.1798585
676.15	0	.6829785	0	.136915	.1801066
675.15	0	.6828907	0	.1367558	.1803536
674.15	0	.6828033	0	.1365971	.1805996
673.15	0	.6827164	0	.136439	.1808446
672.15	0	.6826299	0	.1362815	.1810887
671.15	0	.6825438	0	.1361246	.1813317
670.15	0	.6824581	0	.1359682	.1815737
669.15	0	.6823728	0	.1358125	.1818147
668.15	0	.6822879	0	.1356574	.1820547
667.15	0	.6822035	0	.1355028	.1822937
666.15	0	.6821195	0	.1353488	.1825318
665.15	0	.6820358	0	.1351954	.1827688
664.15	0	.6819526	0	.1350426	.1830048
663.15	0	.6818698	0	.1348903	.1832399
662.15	0	.6817874	0	.1347387	.183474
661.15	0	.6817054	0	.1345876	.1837071
660.15	0	.6816237	0	.1344371	.1839392
659.15	0	.6815425	0	.1342872	.1841703
658.15	0	.6814617	0	.1341379	.1844004
657.15	0	.6813813	0	.1339892	.1846295
656.15	0	.6813013	0	.133841	.1848577
655.15	0	.6812217	0	.1336934	.1850849
654.15	0	.6811425	0	.1335465	.1853111
653.15	0	.6810636	0	.1334	.1855363
652.15	0	.6809852	0	.1332542	.1857606
651.15	0	.6809071	0	.133109	.1859839
650.15	0	.6808295	0	.1329643	.1862062
649.15	0	.6807522	0	.1328203	.1864275
648.15	0	.6806753	0	.1326768	.1866479
647.15	0	.6805988	0	.1325339	.1868673
646.15	0	.6805227	0	.1323915	.1870858
645.15	0	.680447	0	.1322498	.1873032
644.15	0	.6803716	0	.1321086	.1875197
643.15	0	.6802967	0	.1319681	.1877353
642.15	0	.6802221	0	.1318281	.1879499
641.15	0	.6801478	0	.1316886	.1881635
640.15	0	.680074	0	.1315498	.1883762
639.15	0	.6800006	0	.1314116	.1885879
638.15	0	.6799275	0	.1312739	.1887986
637.15	0	.6798548	0	.1311368	.1890084
636.15	0	.6797825	0	.1310003	.1892173
635.15	0	.6797105	0	.1308643	.1894252
634.15	0	.6796389	0	.130729	.1896321
633.15	0	.6795677	0	.1305942	.1898381
632.15	0	.6794968	0	.13046	.1900432
631.15	0	.6794263	0	.1303264	.1902473
630.15	0	.6793562	0	.1301934	.1904504
629.15	0	.6792865	0	.1300609	.1906526
628.15	0	.6792171	0	.129929	.1908539
627.15	0	.6791481	0	.1297977	.1910542
626.15	0	.6790794	0	.129667	.1912536
625.15	0	.6790111	0	.1295369	.191452
624.15	0	.6789432	0	.1294073	.1916495
623.15	0	.6788756	0	.1292783	.1918461
622.15	0	.6788084	0	.1291499	.1920417
621.15	0	.6787415	0	.1290221	.1922364
620.15	0	.678675	0	.1288948	.1924302
619.15	0	.6786089	0	.1287681	.192623
618.15	0	.6785431	0	.128642	.1928149
617.15	0	.6784776	0	.1285165	.1930059
616.15	0	.6784126	0	.1283915	.1931959
615.15	0	.6783478	0	.1282671	.193385
614.15	0	.6782834	0	.1281433	.1935732
613.15	0	.6782194	0	.1280201	.1937605
612.15	0	.6781557	0	.1278974	.1939469
611.15	0	.6780924	0	.1277754	.1941323
610.15	0	.6780294	0	.1276539	.1943168
609.15	0	.6779667	0	.1275329	.1945003
608.15	0	.6779044	0	.1274126	.194683
607.15	0	.6778425	0	.1272928	.1948648
606.15	0	.6777809	0	.1271735	.1950456
605.15	0	.6777196	0	.1270549	.1952255
604.15	0	.6776587	0	.1269368	.1954045
603.15	0	.6775981	0	.1268193	.1955826
602.15	0	.6775378	0	.1267024	.1957598
601.15	0	.6774779	0	.126586	.1959361
600.15	0	.6774183	0	.1264702	.1961115
599.15	0	.6773591	0	.126355	.196286
598.15	0	.6773002	0	.1262403	.1964595
597.15	0	.6772416	0	.1261262	.1966322
596.15	0	.6771834	0	.1260127	.1968039
595.15	0	.6771255	0	.1258997	.1969748
594.15	0	.6770679	0	.1257873	.1971448
593.15	0	.6770107	0	.1256755	.1973138
592.15	0	.6769538	0	.1255642	.197482
591.15	0	.6768972	0	.1254535	.1976493
590.15	0	.6768409	0	.1253434	.1978157
589.15	0	.676785	0	.1252338	.1979811
588.15	0	.6767294	0	.1251248	.1981458
587.15	0	.6766742	0	.1250164	.1983095
586.15	0	.6766192	0	.1249085	.1984723
585.15	0	.6765646	0	.1248012	.1986343
584.15	0	.6765103	0	.1246944	.1987953
583.15	0	.6764563	0	.1245882	.1989555
582.15	0	.6764027	0	.1244825	.1991148
581.15	0	.6763493	0	.1243775	.1992732
580.15	0	.6762963	0	.124273	.1994307
579.15	0	.6762436	0	.124169	.1995874
578.15	0	.6761912	0	.1240656	.1997432
577.15	0	.6761392	0	.1239627	.1998981
576.15	0	.6760874	0	.1238604	.2000522
575.15	0	.676036	0	.1237587	.2002054
574.15	0	.6759849	0	.1236575	.2003577
573.15	0	.6759341	0	.1235568	.2005091
572.15	0	.6758836	0	.1234568	.2006597
571.15	0	.6758334	0	.1233572	.2008094
570.15	0	.6757835	0	.1232582	.2009583
569.15	0	.6757339	0	.1231598	.2011063
568.15	0	.6756847	0	.1230619	.2012534
567.15	0	.6756357	0	.1229646	.2013997
566.15	0	.6755871	0	.1228678	.2015451
565.15	0	.6755388	0	.1227716	.2016897
564.15	0	.6754907	0	.1226759	.2018334
563.15	0	.675443	0	.1225807	.2019763
562.15	0	.6753956	0	.1224861	.2021183
561.15	0	.6753485	0	.1223921	.2022595
560.15	0	.6753016	0	.1222985	.2023998
559.15	0	.6752551	0	.1222056	.2025393
558.15	0	.6752089	0	.1221131	.202678
557.15	0	.675163	0	.1220212	.2028158
556.15	0	.6751173	0	.1219299	.2029528
555.15	0	.675072	0	.1218391	.2030889
554.15	0	.675027	0	.1217488	.2032243
553.15	0	.6749822	0	.121659	.2033587
552.15	0	.6749378	0	.1215698	.2034924
551.15	0	.6748936	0	.1214811	.2036252
550.15	0	.6748498	0	.121393	.2037572
549.15	0	.6748062	0	.1213054	.2038884
548.15	0	.6747629	0	.1212183	.2040188
547.15	0	.6747199	0	.1211317	.2041483
546.15	0	.6746772	0	.1210457	.204277
545.15	0	.6746348	0	.1209602	.204405
544.15	0	.6745927	0	.1208753	.204532
543.15	0	.6745509	0	.1207908	.2046583
542.15	0	.6745093	0	.1207069	.2047838
541.15	0	.674468	0	.1206235	.2049085
540.15	0	.674427	0	.1205406	.2050324
539.15	0	.6743863	0	.1204583	.2051554
538.15	0	.6743459	0	.1203764	.2052777
537.15	0	.6743057	0	.1202951	.2053992
536.15	0	.6742659	0	.1202143	.2055198
535.15	0	.6742263	0	.120134	.2056397
534.15	0	.6741869	0	.1200542	.2057588
533.15	0	.6741479	0	.119975	.2058771
532.15	0	.6741091	0	.1198962	.2059946
531.15	0	.6740706	0	.119818	.2061114
530.15	0	.6740324	0	.1197403	.2062273
529.15	0	.6739945	0	.1196631	.2063425
528.15	0	.6739568	0	.1195864	.2064569
527.15	0	.6739194	0	.1195101	.2065705
526.15	0	.6738822	0	.1194344	.2066833
525.15	0	.6738454	0	.1193592	.2067954
524.15	0	.6738088	0	.1192845	.2069067
523.15	0	.6737724	0	.1192103	.2070172
522.15	0	.6737363	0	.1191366	.207127
521.15	0	.6737005	0	.1190634	.207236
520.15	0	.673665	0	.1189907	.2073443
519.15	0	.6736297	0	.1189185	.2074518
518.15	0	.6735947	0	.1188468	.2075585
517.15	0	.6735599	0	.1187756	.2076645
516.15	0	.6735254	0	.1187048	.2077698
515.15	0	.6734912	0	.1186346	.2078743
514.15	0	.6734572	0	.1185648	.207978
513.15	0	.6734234	0	.1184955	.208081
512.15	0	.67339	0	.1184267	.2081833
511.15	0	.6733567	0	.1183584	.2082849
510.15	0	.6733238	0	.1182906	.2083857
509.15	0	.673291	0	.1182232	.2084858
508.15	0	.6732586	0	.1181563	.2085851
507.15	0	.6732263	0	.1180899	.2086837
506.15	0	.6731944	0	.118024	.2087817
505.15	0	.6731626	0	.1179585	.2088788
504.15	0	.6731312	0	.1178935	.2089753
503.15	0	.6730999	0	.117829	.2090711
502.15	0	.6730689	0	.117765	.2091661
501.15	0	.6730382	0	.1177014	.2092604
500.15	0	.6730077	0	.1176382	.2093541
499.15	0	.6729774	0	.1175756	.209447
498.15	0	.6729474	0	.1175134	.2095392
497.15	0	.6729176	0	.1174516	.2096308
496.15	0	.6728881	0	.1173903	.2097216
495.15	0	.6728588	0	.1173295	.2098117
494.15	0	.6728297	0	.1172691	.2099012
493.15	0	.6728009	0	.1172092	.20999
492.15	0	.6727722	0	.1171497	.2100781
491.15	0	.6727439	0	.1170907	.2101655
490.15	0	.6727157	0	.1170321	.2102522
489.15	0	.6726878	0	.1169739	.2103383
488.15	0	.6726601	0	.1169162	.2104236
487.15	0	.6726327	0	.116859	.2105084
486.15	0	.6726055	0	.1168021	.2105924
485.15	0	.6725785	0	.1167457	.2106758
484.15	0	.6725517	0	.1166898	.2107586
483.15	0	.6725251	0	.1166343	.2108406
482.15	0	.6724988	0	.1165792	.2109221
481.15	0	.6724727	0	.1165245	.2110028
480.15	0	.6724468	0	.1164702	.211083
479.15	0	.6724211	0	.1164164	.2111625
478.15	0	.6723957	0	.116363	.2112413
477.15	0	.6723704	0	.1163101	.2113195
476.15	0	.6723454	0	.1162575	.2113971
475.15	0	.6723206	0	.1162054	.211474
474.15	0	.672296	0	.1161536	.2115504
473.15	0	.6722716	0	.1161023	.2116261
472.15	0	.6722475	0	.1160514	.2117011
471.15	0	.6722235	0	.1160009	.2117756
470.15	0	.6721997	0	.1159508	.2118494
469.15	0	.6721762	0	.1159011	.2119227
468.15	0	.6721529	0	.1158518	.2119953
467.15	0	.6721297	0	.115803	.2120673
466.15	0	.6721068	0	.1157545	.2121387
465.15	0	.6720841	0	.1157064	.2122095
464.15	0	.6720616	0	.1156587	.2122798
463.15	0	.6720393	0	.1156114	.2123494
462.15	0	.6720171	0	.1155644	.2124185
461.15	0	.6719952	0	.1155179	.2124869
460.15	0	.6719735	0	.1154717	.2125548
459.15	0	.6719519	0	.115426	.2126221
458.15	0	.6719306	0	.1153806	.2126888
457.15	0	.6719095	0	.1153356	.212755
456.15	0	.6718885	0	.1152909	.2128206
455.15	0	.6718678	0	.1152467	.2128856
454.15	0	.6718472	0	.1152028	.2129501
453.15	0	.6718268	0	.1151592	.213014
452.15	0	.6718066	0	.1151161	.2130773
451.15	0	.6717866	0	.1150733	.2131401
450.15	0	.6717668	0	.1150308	.2132024
449.15	0	.6717472	0	.1149888	.2132641
448.15	0	.6717277	0	.1149471	.2133252
447.15	0	.6717084	0	.1149057	.2133858
446.15	0	.6716894	0	.1148647	.2134459
445.15	0	.6716705	0	.1148241	.2135054
444.15	0	.6716517	0	.1147838	.2135645
