T	 BPW(LIQUID)	BPW(BCC_A2)	BPW(FCC_A1)	BPW(LAVES_PHASE_C14)	BPW(NI3TI)
1473.15	.1042432	.8957568	0	0	0
1472.15	.1014667	.8985333	0	0	0
1471.15	.09871232	.9012877	0	0	0
1470.15	.09597992	.9040201	0	0	0
1469.15	.09326932	.9067307	0	0	0
1468.15	.09058037	.9094196	0	0	0
1467.15	.08791289	.9120871	0	0	0
1466.15	.08526674	.9147333	0	0	0
1465.15	.08264173	.9173583	0	0	0
1464.15	.08003772	.9199623	0	0	0
1463.15	.07745455	.9225454	0	0	0
1462.15	.07489205	.925108	0	0	0
1461.15	.07235006	.9276499	0	0	0
1460.15	.06982843	.9301716	0	0	0
1459.15	.06732701	.932673	0	0	0
1458.15	.06484563	.9351544	0	0	0
1457.15	.06238413	.9376159	0	0	0
1456.15	.05994238	.9400576	0	0	0
1455.15	.05752021	.9424798	0	0	0
1454.15	.05511746	.9448825	0	0	0
1453.15	.05273399	.947266	0	0	0
1452.15	.05036965	.9496304	0	0	0
1451.15	.04802429	.9519757	0	0	0
1450.947	.0475503	.9524497	0	0	0
1450.947	.0475503	.9524497	0	0	0
1450.947	.0475503	.9524497	0	0	0
1450.15	.04440255	.9543615	0	.001235957	0
1449.15	.04050809	.9567214	0	.002770522	0
1448.15	.03667398	.9590387	0	.004287301	0
1447.15	.03289882	.9613145	0	.005786718	0
1446.15	.02918123	.9635496	0	.007269186	0
1445.15	.0255199	.965745	0	.008735106	0
1444.15	.02191354	.9679016	0	.01018487	0
1443.15	.0183609	.9700203	0	.01161884	0
1442.15	.01486076	.9721018	0	.0130374	0
1441.15	.01141195	.9741472	0	.01444089	0
1440.15	.008013335	.976157	0	.01582966	0
1439.15	.00466379	.9781322	0	.01720405	0
1438.15	.001362238	.9800734	0	.01856437	0
1437.733	0	.9808727	0	.01912731	0
1437.733	0	.9808727	0	.01912731	0
1437.15	0	.9804374	0	.01956262	0
1436.15	0	.9796924	0	.02030759	0
1435.15	0	.9789493	0	.0210507	0
1434.15	0	.978208	0	.02179196	0
1433.15	0	.9774686	0	.02253138	0
1432.15	0	.976731	0	.02326897	0
1431.15	0	.9759953	0	.02400473	0
1430.15	0	.9752613	0	.02473866	0
1429.15	0	.9745292	0	.02547078	0
1428.15	0	.9737989	0	.02620109	0
1427.15	0	.9730704	0	.02692959	0
1426.15	0	.9723437	0	.0276563	0
1425.15	0	.9716188	0	.02838122	0
1424.15	0	.9708956	0	.02910435	0
1423.15	0	.9701743	0	.0298257	0
1422.15	0	.9694547	0	.03054528	0
1421.15	0	.9687369	0	.03126309	0
1420.15	0	.9680209	0	.03197914	0
1419.15	0	.9673066	0	.03269344	0
1418.15	0	.966594	0	.03340599	0
1417.15	0	.9658832	0	.0341168	0
1416.15	0	.9651741	0	.03482587	0
1415.15	0	.9644668	0	.03553321	0
1414.15	0	.9637612	0	.03623882	0
1413.15	0	.9630573	0	.03694272	0
1412.15	0	.9623551	0	.0376449	0
1411.15	0	.9616546	0	.03834537	0
1410.15	0	.9609559	0	.03904415	0
1409.15	0	.9602588	0	.03974122	0
1408.15	0	.9595634	0	.04043661	0
1407.15	0	.9588697	0	.04113032	0
1406.15	0	.9581777	0	.04182234	0
1405.15	0	.9574873	0	.04251269	0
1404.15	0	.9567986	0	.04320138	0
1403.15	0	.9561116	0	.0438884	0
1402.15	0	.9554262	0	.04457377	0
1401.15	0	.9547425	0	.04525748	0
1400.15	0	.9540605	0	.04593955	0
1399.15	0	.95338	0	.04661998	0
1398.15	0	.9527012	0	.04729878	0
1397.15	0	.9520241	0	.04797595	0
1396.15	0	.9513485	0	.04865149	0
1395.15	0	.9506746	0	.04932542	0
1394.15	0	.9500023	0	.04999773	0
1393.15	0	.9493316	0	.05066844	0
1392.15	0	.9486625	0	.05133755	0
1391.15	0	.947995	0	.05200506	0
1390.15	0	.947329	0	.05267097	0
1389.15	0	.9466647	0	.0533353	0
1388.15	0	.9460019	0	.05399805	0
1387.15	0	.9453408	0	.05465923	0
1386.15	0	.9446812	0	.05531883	0
1385.15	0	.9440231	0	.05597687	0
1384.15	0	.9433667	0	.05663334	0
1383.15	0	.9427117	0	.05728827	0
1382.15	0	.9420584	0	.05794164	0
1381.15	0	.9414065	0	.05859346	0
1380.15	0	.9407562	0	.05924375	0
1379.15	0	.9401075	0	.0598925	0
1378.15	0	.9394603	0	.06053972	0
1377.15	0	.9388146	0	.06118542	0
1376.15	0	.9381704	0	.06182959	0
1375.15	0	.9375277	0	.06247225	0
1374.15	0	.9368866	0	.0631134	0
1373.15	0	.936247	0	.06375305	0
1372.15	0	.9356088	0	.06439119	0
1371.15	0	.9349722	0	.06502784	0
1370.15	0	.934337	0	.06566299	0
1369.15	0	.9337033	0	.06629666	0
1368.15	0	.9330711	0	.06692885	0
1367.15	0	.9324404	0	.06755956	0
1366.15	0	.9318112	0	.06818879	0
1365.15	0	.9311834	0	.06881656	0
1364.15	0	.9305571	0	.06944287	0
1363.15	0	.9299323	0	.07006772	0
1362.15	0	.9293089	0	.07069111	0
1361.15	0	.9286869	0	.07131306	0
1360.15	0	.9280664	0	.07193356	0
1359.15	0	.9274474	0	.07255262	0
1358.15	0	.9268298	0	.07317025	0
1357.15	0	.9262136	0	.07378644	0
1356.15	0	.9255988	0	.07440121	0
1355.15	0	.9249854	0	.07501456	0
1354.15	0	.9243735	0	.07562648	0
1353.15	0	.923763	0	.076237	0
1352.15	0	.9231539	0	.0768461	0
1351.15	0	.9225462	0	.07745381	0
1350.15	0	.9219399	0	.07806011	0
1349.15	0	.921335	0	.07866501	0
1348.15	0	.9207315	0	.07926853	0
1347.15	0	.9201294	0	.07987065	0
1346.15	0	.9195286	0	.0804714	0
1345.15	0	.9189292	0	.08107077	0
1344.15	0	.9183312	0	.08166876	0
1343.15	0	.9177346	0	.08226538	0
1342.15	0	.9171394	0	.08286063	0
1341.15	0	.9165455	0	.08345453	0
1340.15	0	.9159529	0	.08404706	0
1339.15	0	.9153617	0	.08463825	0
1338.15	0	.9147719	0	.08522808	0
1337.15	0	.9141834	0	.08581657	0
1336.15	0	.9135963	0	.08640372	0
1335.15	0	.9130105	0	.08698953	0
1334.15	0	.912426	0	.08757401	0
1333.15	0	.9118428	0	.08815716	0
1332.15	0	.911261	0	.08873898	0
1331.15	0	.9106805	0	.08931948	0
1330.15	0	.9101013	0	.08989867	0
1329.15	0	.9095235	0	.09047655	0
1328.15	0	.9089469	0	.09105311	0
1327.15	0	.9083716	0	.09162837	0
1326.15	0	.9077977	0	.09220233	0
1325.15	0	.907225	0	.09277499	0
1324.15	0	.9066536	0	.09334636	0
1323.15	0	.9060836	0	.09391644	0
1322.15	0	.9055148	0	.09448523	0
1321.15	0	.9049473	0	.09505274	0
1320.15	0	.904381	0	.09561898	0
1319.15	0	.9038161	0	.09618393	0
1318.15	0	.9032524	0	.09674762	0
1317.15	0	.90269	0	.09731004	0
1316.15	0	.9021288	0	.0978712	0
1315.15	0	.9015689	0	.0984311	0
1314.15	0	.9010103	0	.09898975	0
1313.15	0	.9004529	0	.09954714	0
1312.15	0	.8998967	0	.1001033	0
1311.15	0	.8993418	0	.1006582	0
1310.15	0	.8987882	0	.1012118	0
1309.15	0	.8982357	0	.1017643	0
1308.15	0	.8976846	0	.1023155	0
1307.15	0	.8971346	0	.1028654	0
1306.15	0	.8965859	0	.1034141	0
1305.15	0	.8960384	0	.1039617	0
1304.15	0	.8954921	0	.1045079	0
1303.15	0	.894947	0	.105053	0
1302.15	0	.8944031	0	.1055969	0
1301.15	0	.8938605	0	.1061395	0
1300.15	0	.893319	0	.106681	0
1299.15	0	.8927788	0	.1072212	0
1298.15	0	.8922397	0	.1077603	0
1297.15	0	.8917019	0	.1082981	0
1296.15	0	.8911652	0	.1088348	0
1295.15	0	.8906298	0	.1093703	0
1294.15	0	.8900955	0	.1099045	0
1293.15	0	.8895624	0	.1104376	0
1292.15	0	.8890304	0	.1109696	0
1291.15	0	.8884997	0	.1115003	0
1290.15	0	.8879701	0	.1120299	0
1289.15	0	.8874417	0	.1125583	0
1288.15	0	.8869144	0	.1130856	0
1287.15	0	.8863884	0	.1136117	0
1286.15	0	.8858634	0	.1141366	0
1285.15	0	.8853396	0	.1146604	0
1284.15	0	.884817	0	.115183	0
1283.15	0	.8842956	0	.1157045	0
1282.15	0	.8837752	0	.1162248	0
1281.15	0	.883256	0	.116744	0
1280.15	0	.882738	0	.117262	0
1279.15	0	.8822211	0	.1177789	0
1278.15	0	.8817053	0	.1182947	0
1277.15	0	.8811906	0	.1188093	0
1276.15	0	.8806771	0	.1193229	0
1275.15	0	.8801647	0	.1198353	0
1274.15	0	.8796535	0	.1203466	0
1273.15	0	.8791433	0	.1208567	0
1272.15	0	.8786342	0	.1213658	0
1271.15	0	.8781263	0	.1218737	0
1270.15	0	.8776195	0	.1223805	0
1269.15	0	.8771138	0	.1228863	0
1268.15	0	.8766091	0	.1233909	0
1267.15	0	.8761056	0	.1238944	0
1266.15	0	.8756032	0	.1243968	0
1265.15	0	.8751019	0	.1248981	0
1264.15	0	.8746016	0	.1253984	0
1263.15	0	.8741024	0	.1258976	0
1262.15	0	.8736044	0	.1263956	0
1261.15	0	.8731074	0	.1268926	0
1260.15	0	.8726115	0	.1273885	0
1259.15	0	.8721166	0	.1278834	0
1258.15	0	.8716229	0	.1283771	0
1257.15	0	.8711302	0	.1288698	0
1256.15	0	.8706385	0	.1293615	0
1255.15	0	.870148	0	.129852	0
1254.15	0	.8696585	0	.1303415	0
1253.15	0	.86917	0	.13083	0
1252.15	0	.8686826	0	.1313174	0
1251.15	0	.8681963	0	.1318037	0
1250.15	0	.867711	0	.132289	0
1249.15	0	.8672268	0	.1327732	0
1248.15	0	.8667436	0	.1332564	0
1247.15	0	.8662614	0	.1337386	0
1246.15	0	.8657803	0	.1342197	0
1245.15	0	.8653002	0	.1346998	0
1244.15	0	.8648212	0	.1351788	0
1243.15	0	.8643432	0	.1356569	0
1242.15	0	.8638662	0	.1361338	0
1241.15	0	.8633902	0	.1366098	0
1240.15	0	.8629153	0	.1370848	0
1239.15	0	.8624413	0	.1375587	0
1238.15	0	.8619684	0	.1380316	0
1237.15	0	.8614965	0	.1385035	0
1236.15	0	.8610257	0	.1389743	0
1235.15	0	.8605558	0	.1394442	0
1234.15	0	.8600869	0	.1399131	0
1233.15	0	.8596191	0	.1403809	0
1232.15	0	.8591522	0	.1408478	0
1231.15	0	.8586864	0	.1413136	0
1230.15	0	.8582215	0	.1417785	0
1229.15	0	.8577577	0	.1422423	0
1228.15	0	.8572948	0	.1427052	0
1227.15	0	.8568329	0	.1431671	0
1226.15	0	.856372	0	.143628	0
1225.15	0	.8559121	0	.1440879	0
1224.15	0	.8554532	0	.1445468	0
1223.15	0	.8549952	0	.1450048	0
1222.15	0	.8545383	0	.1454618	0
1221.15	0	.8540823	0	.1459178	0
1220.15	0	.8536272	0	.1463728	0
1219.15	0	.8531732	0	.1468268	0
1218.15	0	.8527201	0	.1472799	0
1217.15	0	.852268	0	.1477321	0
1216.15	0	.8518168	0	.1481832	0
1215.15	0	.8513666	0	.1486334	0
1214.15	0	.8509173	0	.1490827	0
1213.15	0	.850469	0	.149531	0
1212.15	0	.8500217	0	.1499783	0
1211.15	0	.8495753	0	.1504247	0
1210.15	0	.8491299	0	.1508701	0
1209.15	0	.8486854	0	.1513146	0
1208.15	0	.8482418	0	.1517582	0
1207.15	0	.8477992	0	.1522008	0
1206.15	0	.8473576	0	.1526425	0
1205.15	0	.8469168	0	.1530832	0
1204.15	0	.846477	0	.153523	0
1203.15	0	.8460382	0	.1539619	0
1202.15	0	.8456002	0	.1543998	0
1201.15	0	.8451632	0	.1548368	0
1200.15	0	.8447271	0	.1552729	0
1199.15	0	.844292	0	.1557081	0
1198.15	0	.8438577	0	.1561423	0
1197.15	0	.8434244	0	.1565756	0
1196.15	0	.842992	0	.157008	0
1195.15	0	.8425605	0	.1574395	0
1194.15	0	.8421299	0	.1578701	0
1193.15	0	.8417003	0	.1582997	0
1192.15	0	.8412715	0	.1587285	0
1191.15	0	.8408436	0	.1591564	0
1190.15	0	.8404167	0	.1595833	0
1189.15	0	.8399906	0	.1600094	0
1188.15	0	.8395655	0	.1604345	0
1187.15	0	.8391412	0	.1608588	0
1186.15	0	.8387179	0	.1612821	0
1185.15	0	.8382954	0	.1617046	0
1184.15	0	.8378738	0	.1621262	0
1183.15	0	.8374531	0	.1625469	0
1182.15	0	.8370334	0	.1629666	0
1181.15	0	.8366144	0	.1633856	0
1180.15	0	.8361964	0	.1638036	0
1179.15	0	.8357793	0	.1642207	0
1178.15	0	.835363	0	.164637	0
1177.15	0	.8349476	0	.1650524	0
1176.15	0	.8345331	0	.1654669	0
1175.15	0	.8341194	0	.1658806	0
1174.15	0	.8337067	0	.1662933	0
1173.15	0	.8332948	0	.1667052	0
1172.15	0	.8328837	0	.1671163	0
1171.15	0	.8324736	0	.1675264	0
1170.15	0	.8320642	0	.1679358	0
1169.15	0	.8316558	0	.1683442	0
1168.15	0	.8312482	0	.1687518	0
1167.15	0	.8308415	0	.1691585	0
1166.15	0	.8304356	0	.1695644	0
1165.15	0	.8300306	0	.1699694	0
1164.15	0	.8296264	0	.1703736	0
1163.15	0	.8292231	0	.1707769	0
1162.15	0	.8288206	0	.1711794	0
1161.15	0	.828419	0	.171581	0
1160.15	0	.8280182	0	.1719818	0
1159.15	0	.8276183	0	.1723818	0
1158.15	0	.8272191	0	.1727809	0
1157.15	0	.8268209	0	.1731791	0
1156.15	0	.8264235	0	.1735765	0
1155.15	0	.8260269	0	.1739731	0
1154.15	0	.8256311	0	.1743689	0
1153.15	0	.8252362	0	.1747638	0
1152.15	0	.8248421	0	.1751579	0
1151.15	0	.8244488	0	.1755512	0
1150.15	0	.8240564	0	.1759437	0
1149.15	0	.8236647	0	.1763353	0
1148.15	0	.8232739	0	.1767261	0
1147.15	0	.822884	0	.1771161	0
1146.15	0	.8224948	0	.1775052	0
1145.15	0	.8221065	0	.1778936	0
1144.15	0	.8217189	0	.1782811	0
1143.15	0	.8213322	0	.1786678	0
1142.15	0	.8209463	0	.1790537	0
1141.15	0	.8205612	0	.1794388	0
1140.15	0	.8201769	0	.1798231	0
1139.15	0	.8197935	0	.1802065	0
1138.15	0	.8194108	0	.1805892	0
1137.15	0	.8190289	0	.1809711	0
1136.15	0	.8186479	0	.1813521	0
1135.15	0	.8182676	0	.1817324	0
1134.15	0	.8178881	0	.1821119	0
1133.15	0	.8175095	0	.1824905	0
1132.15	0	.8171316	0	.1828684	0
1131.15	0	.8167545	0	.1832455	0
1130.15	0	.8163782	0	.1836218	0
1129.15	0	.8160027	0	.1839973	0
1128.15	0	.815628	0	.184372	0
1127.15	0	.8152541	0	.1847459	0
1126.15	0	.8148809	0	.1851191	0
1125.15	0	.8145086	0	.1854914	0
1124.15	0	.814137	0	.185863	0
1123.15	0	.8137662	0	.1862338	0
1122.15	0	.8133962	0	.1866038	0
1121.15	0	.813027	0	.186973	0
1120.15	0	.8126585	0	.1873415	0
1119.15	0	.8122908	0	.1877092	0
1118.15	0	.8119239	0	.1880761	0
1117.15	0	.8115578	0	.1884422	0
1116.15	0	.8111924	0	.1888076	0
1115.15	0	.8108278	0	.1891722	0
1114.15	0	.810464	0	.189536	0
1113.15	0	.8101009	0	.1898991	0
1112.15	0	.8097386	0	.1902614	0
1111.15	0	.809377	0	.190623	0
1110.15	0	.8090163	0	.1909837	0
1109.15	0	.8086562	0	.1913438	0
1108.15	0	.808297	0	.191703	0
1107.15	0	.8079384	0	.1920616	0
1106.15	0	.8075807	0	.1924193	0
1105.15	0	.8072237	0	.1927763	0
1104.15	0	.8068674	0	.1931326	0
1103.15	0	.8065119	0	.1934881	0
1102.15	0	.8061572	0	.1938428	0
1101.15	0	.8058032	0	.1941968	0
1100.15	0	.8054499	0	.1945501	0
1099.15	0	.8050974	0	.1949026	0
1098.15	0	.8047456	0	.1952544	0
1097.15	0	.8043946	0	.1956054	0
1096.15	0	.8040443	0	.1959557	0
1095.15	0	.8036948	0	.1963052	0
1094.15	0	.803346	0	.196654	0
1093.15	0	.8029979	0	.1970021	0
1092.15	0	.8026506	0	.1973494	0
1091.15	0	.802304	0	.197696	0
1090.15	0	.8019581	0	.1980419	0
1089.15	0	.8016129	0	.1983871	0
1088.15	0	.8012685	0	.1987315	0
1087.15	0	.8009249	0	.1990751	0
1086.15	0	.8005819	0	.1994181	0
1085.15	0	.8002397	0	.1997603	0
1084.15	0	.7998982	0	.2001018	0
1083.15	0	.7995574	0	.2004426	0
1082.15	0	.7992173	0	.2007827	0
1081.15	0	.798878	0	.201122	0
1080.15	0	.7985394	0	.2014606	0
1079.15	0	.7982015	0	.2017985	0
1078.15	0	.7978643	0	.2021357	0
1077.15	0	.7975278	0	.2024722	0
1076.15	0	.7971921	0	.2028079	0
1075.15	0	.796857	0	.203143	0
1074.15	0	.7965227	0	.2034773	0
1073.15	0	.7961891	0	.2038109	0
1072.15	0	.7958562	0	.2041439	0
1071.15	0	.795524	0	.2044761	0
1070.15	0	.7951925	0	.2048076	0
1069.15	0	.7948617	0	.2051383	0
1068.15	0	.7945316	0	.2054684	0
1067.15	0	.7942022	0	.2057978	0
1066.15	0	.7938735	0	.2061265	0
1065.15	0	.7935455	0	.2064545	0
1064.15	0	.7932183	0	.2067817	0
1063.15	0	.7928917	0	.2071083	0
1062.15	0	.7925658	0	.2074342	0
1061.15	0	.7922406	0	.2077594	0
1060.15	0	.7919161	0	.2080839	0
1059.15	0	.7915923	0	.2084077	0
1058.15	0	.7912692	0	.2087308	0
1057.15	0	.7909468	0	.2090532	0
1056.15	0	.790625	0	.209375	0
1055.15	0	.790304	0	.209696	0
1054.15	0	.7899837	0	.2100163	0
1053.15	0	.789664	0	.210336	0
1052.15	0	.789345	0	.210655	0
1051.15	0	.7890267	0	.2109733	0
1050.15	0	.7887091	0	.2112909	0
1049.15	0	.7883922	0	.2116078	0
1048.15	0	.7880759	0	.2119241	0
1047.15	0	.7877604	0	.2122396	0
1046.15	0	.7874455	0	.2125545	0
1045.15	0	.7871313	0	.2128687	0
1044.15	0	.7868177	0	.2131823	0
1043.15	0	.7865049	0	.2134951	0
1042.15	0	.7861927	0	.2138073	0
1041.15	0	.7858812	0	.2141188	0
1040.15	0	.7855704	0	.2144296	0
1039.15	0	.7852602	0	.2147398	0
1038.15	0	.7849507	0	.2150493	0
1037.15	0	.7846419	0	.2153581	0
1036.15	0	.7843337	0	.2156663	0
1035.15	0	.7840263	0	.2159737	0
1034.15	0	.7837194	0	.2162806	0
1033.15	0	.7834133	0	.2165867	0
1032.15	0	.7831078	0	.2168922	0
1031.455	0	.7828958	0	.2171042	0
1031.455	0	.7828958	0	.2171042	0
1031.455	0	.7828958	0	.2171042	0
1031.15	0	.7826029	2.130626E-04	.217184	0
1030.15	0	.7816438	9.107596E-04	.2174454	0
1029.15	0	.7806875	.001606407	.2177061	0
1028.15	0	.7797341	.002300005	.2179659	0
1027.15	0	.7787834	.002991555	.218225	0
1026.15	0	.7778356	.003681057	.2184834	0
1025.15	0	.7768905	.004368513	.218741	0
1024.15	0	.7759483	.005053923	.2189978	0
1023.15	0	.7750089	.00573729	.2192538	0
1022.15	0	.7740723	.006418612	.2195091	0
1021.15	0	.7731384	.007097892	.2197637	0
1020.15	0	.7722074	.007775131	.2200174	0
1019.15	0	.7712792	.008450329	.2202704	0
1018.15	0	.7703538	.009123489	.2205227	0
1017.15	0	.7694312	.00979461	.2207742	0
1016.15	0	.7685114	.0104637	.2210249	0
1015.15	0	.7675944	.01113074	.2212748	0
1014.15	0	.7666802	.01179576	.221524	0
1013.15	0	.7657688	.01245874	.2217724	0
1012.15	0	.7648602	.01311969	.2220201	0
1011.15	0	.7639544	.01377862	.222267	0
1010.15	0	.7630514	.01443551	.2225131	0
1009.15	0	.7621511	.01509038	.2227585	0
1008.15	0	.7612537	.01574322	.2230031	0
1007.15	0	.760359	.01639403	.2232469	0
1006.15	0	.7594672	.01704283	.22349	0
1005.15	0	.7585781	.01768961	.2237323	0
1004.15	0	.7576918	.01833436	.2239739	0
1003.15	0	.7568083	.01897711	.2242146	0
1002.15	0	.7559276	.01961783	.2244546	0
1001.15	0	.7550496	.02025655	.2246938	0
1000.15	0	.7541744	.02089326	.2249323	0
999.15	0	.7533021	.02152795	.22517	0
998.15	0	.7524324	.02216065	.2254069	0
997.15	0	.7515656	.02279134	.2256431	0
996.15	0	.7507016	.02342003	.2258784	0
995.15	0	.7498403	.02404672	.226113	0
994.15	0	.7489817	.02467142	.2263468	0
993.15	0	.748126	.02529412	.2265799	0
992.15	0	.747273	.02591484	.2268121	0
991.15	0	.7464228	.02653357	.2270436	0
990.15	0	.7455753	.02715031	.2272743	0
989.15	0	.7447306	.02776508	.2275043	0
988.15	0	.7438887	.02837786	.2277334	0
987.15	0	.7430495	.02898868	.2279618	0
986.15	0	.7422131	.02959752	.2281894	0
985.15	0	.7413794	.0302044	.2284162	0
984.15	0	.7405485	.03080931	.2286422	0
983.15	0	.7397203	.03141226	.2288674	0
982.15	0	.7388949	.03201326	.2290918	0
981.15	0	.7380722	.03261231	.2293155	0
980.15	0	.7372523	.03320941	.2295383	0
979.15	0	.7364351	.03380457	.2297604	0
978.15	0	.7356206	.0343978	.2299816	0
977.15	0	.7348089	.03498908	.2302021	0
976.15	0	.7339999	.03557845	.2304217	0
975.15	0	.7331936	.03616588	.2306405	0
974.15	0	.73239	.03675141	.2308586	0
973.15	0	.7315892	.03733501	.2310758	0
972.15	0	.730791	.03791672	.2312923	0
971.15	0	.7299956	.03849652	.2315079	0
970.15	0	.7292029	.03907442	.2317227	0
969.15	0	.7284129	.03965044	.2319367	0
968.15	0	.7276255	.04022457	.2321499	0
967.15	0	.7268409	.04079683	.2323622	0
966.15	0	.726059	.04136722	.2325738	0
965.15	0	.7252798	.04193574	.2327845	0
964.15	0	.7245032	.04250241	.2329944	0
963.15	0	.7237293	.04306724	.2332034	0
962.15	0	.7229581	.04363022	.2334116	0
961.15	0	.7221896	.04419137	.233619	0
960.15	0	.7214237	.0447507	.2338256	0
959.15	0	.7206605	.04530821	.2340313	0
958.15	0	.7198999	.04586391	.2342362	0
957.15	0	.719142	.04641782	.2344402	0
956.15	0	.7183867	.04696993	.2346434	0
955.15	0	.717634	.04752027	.2348457	0
954.15	0	.716884	.04806884	.2350472	0
953.15	0	.7161366	.04861565	.2352478	0
952.15	0	.7153918	.0491607	.2354475	0
951.15	0	.7146496	.04970402	.2356464	0
950.15	0	.71391	.05024562	.2358444	0
949.15	0	.713173	.0507855	.2360415	0
948.15	0	.7124385	.05132367	.2362378	0
947.15	0	.7117067	.05186015	.2364332	0
946.15	0	.7109774	.05239495	.2366277	0
945.15	0	.7102506	.05292808	.2368213	0
944.15	0	.7095265	.05345956	.237014	0
943.15	0	.7088048	.0539894	.2372058	0
942.15	0	.7080857	.05451762	.2373967	0
941.15	0	.7073691	.05504422	.2375867	0
940.15	0	.706655	.05556923	.2377758	0
939.15	0	.7059434	.05609265	.237964	0
938.15	0	.7052342	.05661451	.2381513	0
937.15	0	.7045276	.05713482	.2383376	0
936.15	0	.7038234	.0576536	.238523	0
935.15	0	.7031217	.05817086	.2387075	0
934.15	0	.7024223	.05868662	.238891	0
933.15	0	.7017255	.0592009	.2390736	0
932.15	0	.701031	.05971373	.2392553	0
931.15	0	.7003389	.06022511	.239436	0
930.15	0	.6996493	.06073507	.2396157	0
929.15	0	.6989619	.06124363	.2397944	0
928.15	0	.698277	.0617508	.2399722	0
927.15	0	.6975943	.06225662	.2401491	0
926.15	0	.696914	.06276111	.2403249	0
925.15	0	.696236	.06326428	.2404997	0
924.15	0	.6955603	.06376616	.2406736	0
923.15	0	.6948868	.06426677	.2408464	0
922.15	0	.6942156	.06476615	.2410182	0
921.15	0	.6935467	.0652643	.241189	0
920.15	0	.6928799	.06576128	.2413588	0
919.15	0	.6922153	.06625709	.2415276	0
918.15	0	.6915529	.06675176	.2416953	0
917.15	0	.6908927	.06724533	.241862	0
916.15	0	.6902346	.06773783	.2420276	0
915.15	0	.6895785	.06822928	.2421922	0
914.15	0	.6889246	.06871972	.2423557	0
913.15	0	.6882727	.06920918	.2425181	0
912.15	0	.6876229	.06969769	.2426794	0
911.15	0	.686975	.07018529	.2428397	0
910.15	0	.6863292	.070672	.2429988	0
909.15	0	.6856853	.07115788	.2431569	0
908.15	0	.6850433	.07164295	.2433138	0
907.15	0	.6844032	.07212725	.2434696	0
906.15	0	.683765	.07261082	.2436242	0
905.15	0	.6831286	.0730937	.2437777	0
904.15	0	.682494	.07357594	.2439301	0
903.15	0	.6818612	.07405758	.2440812	0
902.15	0	.6812301	.07453865	.2442312	0
901.15	0	.6806007	.07501921	.24438	0
900.15	0	.679973	.07549931	.2445276	0
899.15	0	.679347	.07597898	.2446741	0
898.15	0	.6787225	.07645828	.2448192	0
897.15	0	.6780995	.07693726	.2449632	0
896.15	0	.6774781	.07741597	.2451059	0
895.15	0	.6768582	.07789447	.2452473	0
894.15	0	.6762397	.07837281	.2453875	0
893.15	0	.6756225	.07885105	.2455264	0
892.15	0	.6750067	.07932924	.245664	0
891.15	0	.6743922	.07980746	.2458003	0
890.15	0	.673779	.08028575	.2459353	0
889.15	0	.6731669	.08076418	.2460689	0
888.15	0	.672556	.08124283	.2462012	0
887.15	0	.6719461	.08172175	.2463321	0
886.15	0	.6713373	.08220102	.2464617	0
885.15	0	.6707295	.0826807	.2465898	0
884.15	0	.6701226	.08316089	.2467166	0
883.15	0	.6695165	.08364164	.2468419	0
882.15	0	.6689112	.08412304	.2469657	0
881.15	0	.6683067	.08460518	.2470881	0
880.15	0	.6677029	.08508813	.247209	0
879.15	0	.6670996	.08557198	.2473284	0
878.15	0	.6664969	.08605683	.2474463	0
877.15	0	.6658946	.08654276	.2475627	0
876.15	0	.6652927	.08702987	.2476775	0
875.15	0	.664691	.08751827	.2477907	0
874.15	0	.6640897	.08800804	.2479023	0
873.15	0	.6634884	.08849931	.2480123	0
872.15	0	.6628872	.08899217	.2481206	0
871.15	0	.6622859	.08948674	.2482273	0
870.15	0	.6616846	.08998314	.2483323	0
869.15	0	.661083	.09048149	.2484356	0
868.15	0	.660481	.09098191	.2485371	0
867.15	0	.6598786	.09148454	.2486368	0
866.15	0	.6592757	.09198951	.2487348	0
865.15	0	.6586722	.09249696	.2488309	0
864.15	0	.6580678	.09300704	.2489251	0
863.15	0	.6574626	.09351989	.2490175	0
862.15	0	.6568564	.09403567	.2491079	0
861.15	0	.656249	.09455456	.2491964	0
860.15	0	.6556404	.0950767	.2492829	0
859.15	0	.6550303	.0956023	.2493674	0
858.15	0	.6544187	.09613152	.2494498	0
857.15	0	.6538054	.09666455	.2495301	0
856.15	0	.6531902	.09720161	.2496082	0
855.15	0	.6525729	.0977429	.2496842	0
854.15	0	.6519535	.09828863	.2497579	0
853.15	0	.6513316	.09883904	.2498293	0
852.15	0	.6507072	.09939436	.2498984	0
851.15	0	.65008	.09995485	.2499652	0
850.15	0	.6494498	.1005208	.2500295	0
849.15	0	.6488164	.1010924	.2500913	0
848.15	0	.6481795	.10167	.2501505	0
847.15	0	.647539	.1022539	.2502072	0
846.15	0	.6468945	.1028444	.2502611	0
845.15	0	.6462458	.1034419	.2503123	0
844.15	0	.6455926	.1040467	.2503607	0
843.15	0	.6449346	.1046592	.2504062	0
842.15	0	.6442716	.1052797	.2504487	0
841.15	0	.643603	.1059088	.2504882	0
840.15	0	.6429287	.1065468	.2505244	0
839.15	0	.6422482	.1071943	.2505575	0
838.15	0	.6415611	.1078517	.2505871	0
837.15	0	.640867	.1085196	.2506133	0
836.15	0	.6401655	.1091986	.2506359	0
835.15	0	.6394559	.1098893	.2506548	0
834.15	0	.6387379	.1105923	.2506698	0
833.15	0	.6380108	.1113084	.2506808	0
832.15	0	.637274	.1120383	.2506877	0
831.15	0	.6365269	.1127829	.2506902	0
830.15	0	.6357688	.113543	.2506882	0
829.15	0	.6349988	.1143197	.2506815	0
828.15	0	.6342162	.115114	.2506699	0
827.15	0	.6329815	.1164371	.2505814	0
826.15	0	.6316977	.1178228	.2504795	0
825.15	0	.6304679	.1191507	.2503813	0
824.15	0	.629289	.1204246	.2502865	0
823.15	0	.6281577	.1216475	.2501948	0
822.15	0	.6270711	.1228227	.2501062	0
821.15	0	.6260267	.123953	.2500204	0
820.15	0	.6250219	.1250408	.2499373	0
819.15	0	.6240546	.1260887	.2498567	0
818.15	0	.6231227	.1270989	.2497785	0
817.15	0	.6222241	.1280734	.2497025	0
816.15	0	.6213572	.1290141	.2496287	0
815.15	0	.6205203	.1299229	.2495568	0
814.15	0	.6197118	.1308014	.2494869	0
813.15	0	.6189302	.1316511	.2494187	0
812.15	0	.6181742	.1324735	.2493522	0
811.15	0	.6174426	.13327	.2492874	0
810.15	0	.6167342	.1340418	.249224	0
809.15	0	.6160478	.1347901	.2491621	0
808.15	0	.6153823	.1355161	.2491016	0
807.15	0	.614737	.1362207	.2490423	0
806.15	0	.6141108	.1369049	.2489843	0
805.15	0	.6135028	.1375697	.2489275	0
804.15	0	.6129122	.138216	.2488718	0
803.15	0	.6123383	.1388446	.2488171	0
802.15	0	.6117804	.1394562	.2487634	0
801.15	0	.6112377	.1400516	.2487107	0
800.15	0	.6107097	.1406315	.2486588	0
799.15	0	.6101957	.1411965	.2486079	0
798.15	0	.609695	.1417472	.2485577	0
797.15	0	.6092073	.1422843	.2485084	0
796.15	0	.6087319	.1428083	.2484598	0
795.15	0	.6082684	.1433197	.2484118	0
794.15	0	.6078163	.1438191	.2483646	0
793.15	0	.6073752	.1443068	.248318	0
792.15	0	.6069445	.1447835	.248272	0
791.15	0	.606524	.1452494	.2482266	0
790.15	0	.6061133	.145705	.2481817	0
789.15	0	.6057119	.1461507	.2481374	0
788.15	0	.6053196	.1465869	.2480936	0
787.15	0	.6049359	.1470138	.2480503	0
786.15	0	.6045607	.147432	.2480074	0
785.15	0	.6041935	.1478416	.2479649	0
784.15	0	.6038341	.148243	.2479229	0
783.15	0	.6034822	.1486365	.2478813	0
782.15	0	.6031376	.1490223	.24784	0
781.15	0	.6028	.1494008	.2477991	0
780.15	0	.6024692	.1497722	.2477586	0
779.15	0	.6021449	.1501367	.2477184	0
778.15	0	.6018269	.1504946	.2476785	0
777.15	0	.601515	.150846	.2476389	0
776.15	0	.6012091	.1511913	.2475996	0
775.15	0	.6009088	.1515306	.2475606	0
774.15	0	.6006141	.1518641	.2475218	0
773.15	0	.6003247	.152192	.2474833	0
772.15	0	.6000405	.1525146	.247445	0
771.15	0	.5997612	.1528318	.2474069	0
770.15	0	.5994869	.153144	.2473691	0
769.15	0	.5992172	.1534513	.2473315	0
768.15	0	.5989521	.1537539	.247294	0
767.15	0	.5986915	.1540518	.2472567	0
766.15	0	.5984351	.1543453	.2472197	0
765.15	0	.5981828	.1546344	.2471828	0
764.15	0	.5979362	.1549182	.2471456	0
763.15	0	.5976917	.1551992	.247109	0
762.15	0	.5974511	.1554763	.2470726	0
761.15	0	.5972142	.1557495	.2470363	0
760.15	0	.5969809	.156019	.2470002	0
759.15	0	.596751	.1562849	.2469641	0
758.15	0	.5965246	.1565473	.2469282	0
757.15	0	.5963014	.1568062	.2468924	0
756.15	0	.5960814	.1570619	.2468567	0
755.15	0	.5958645	.1573144	.2468211	0
754.15	0	.5956507	.1575638	.2467855	0
753.15	0	.5954398	.1578101	.2467501	0
752.15	0	.5952317	.1580535	.2467148	0
751.15	0	.5950265	.158294	.2466795	0
750.15	0	.5948239	.1585318	.2466443	0
749.15	0	.594624	.1587668	.2466092	0
748.15	0	.5944267	.1589992	.2465741	0
747.15	0	.5942318	.159229	.2465391	0
746.15	0	.5940394	.1594564	.2465042	0
745.15	0	.5938494	.1596813	.2464693	0
744.15	0	.5936616	.1599038	.2464345	0
743.15	0	.5934762	.1601241	.2463997	0
742.15	0	.5932929	.1603421	.246365	0
741.15	0	.5931118	.1605579	.2463303	0
740.15	0	.5929328	.1607716	.2462956	0
739.15	0	.5927558	.1609832	.246261	0
738.15	0	.5925807	.1611928	.2462264	0
737.15	0	.5924077	.1614004	.2461919	0
736.15	0	.5922365	.1616061	.2461574	0
735.15	0	.5920672	.1618099	.2461229	0
734.15	0	.5918997	.1620119	.2460884	0
733.15	0	.5917339	.1622121	.2460539	0
732.15	0	.5915699	.1624106	.2460195	0
731.15	0	.5914076	.1626073	.2459851	0
730.15	0	.5912469	.1628024	.2459507	0
729.15	0	.5910878	.1629959	.2459163	0
728.15	0	.5909303	.1631878	.2458819	0
727.15	0	.5907743	.1633781	.2458476	0
726.15	0	.5906199	.163567	.2458132	0
725.15	0	.5904668	.1637543	.2457788	0
724.15	0	.5903153	.1639402	.2457445	0
723.15	0	.5901651	.1641247	.2457101	0
722.15	0	.5900164	.1643078	.2456758	0
721.15	0	.5898689	.1644896	.2456415	0
720.15	0	.5897228	.1646701	.2456071	0
719.15	0	.589578	.1648492	.2455728	0
718.15	0	.5894345	.1650271	.2455384	0
717.15	0	.5892922	.1652038	.2455041	0
716.15	0	.5891511	.1653792	.2454697	0
715.15	0	.5890112	.1655534	.2454353	0
714.15	0	.5888725	.1657266	.245401	0
713.15	0	.5887349	.1658985	.2453666	0
712.15	0	.5885984	.1660694	.2453322	0
711.15	0	.588463	.1662391	.2452978	0
710.15	0	.5883287	.1664078	.2452634	0
709.15	0	.5881955	.1665755	.245229	0
708.15	0	.5880633	.1667421	.2451946	0
707.15	0	.5879321	.1669077	.2451601	0
706.15	0	.587802	.1670723	.2451257	0
705.15	0	.5876728	.167236	.2450912	0
704.15	0	.5875445	.1673987	.2450568	0
703.15	0	.5874172	.1675605	.2450223	0
702.15	0	.5872909	.1677214	.2449878	0
701.15	0	.5871654	.1678814	.2449532	0
700.15	0	.5870409	.1680405	.2449187	0
699.15	0	.5869172	.1681987	.2448841	0
698.15	0	.5867944	.1683561	.2448496	0
697.15	0	.5866724	.1685126	.244815	0
696.15	0	.5865512	.1686684	.2447804	0
695.15	0	.5864309	.1688233	.2447458	0
694.15	0	.5863114	.1689774	.2447112	0
693.15	0	.5861927	.1691308	.2446765	0
692.15	0	.5860748	.1692834	.2446418	0
691.15	0	.5859576	.1694353	.2446071	0
690.15	0	.5858412	.1695864	.2445724	0
689.15	0	.5857255	.1697368	.2445377	0
688.15	0	.5856105	.1698865	.244503	0
687.15	0	.5854963	.1700355	.2444682	0
686.15	0	.5853828	.1701838	.2444334	0
685.15	0	.58527	.1703314	.2443986	0
684.15	0	.5851578	.1704784	.2443638	0
683.15	0	.5850464	.1706247	.244329	0
682.15	0	.5849356	.1707703	.2442941	0
681.15	0	.5848254	.1709153	.2442593	0
680.15	0	.5847159	.1710597	.2442244	0
679.15	0	.5846071	.1712035	.2441895	0
678.15	0	.5844988	.1713467	.2441545	0
677.15	0	.5843912	.1714892	.2441196	0
676.15	0	.5842842	.1716312	.2440846	0
675.15	0	.5841778	.1717726	.2440497	0
674.15	0	.5840719	.1719134	.2440147	0
673.15	0	.5839667	.1720537	.2439797	0
672.15	0	.583862	.1721933	.2439446	0
671.15	0	.5837579	.1723325	.2439096	0
670.15	0	.5836544	.1724711	.2438745	0
669.15	0	.5835514	.1726092	.2438394	0
668.15	0	.583449	.1727467	.2438043	0
667.15	0	.5833471	.1728837	.2437692	0
666.15	0	.5832457	.1730202	.2437341	0
665.15	0	.5831448	.1731562	.243699	0
664.15	0	.5830445	.1732917	.2436638	0
663.15	0	.5829447	.1734267	.2436286	0
662.15	0	.5828454	.1735612	.2435934	0
661.15	0	.5827465	.1736952	.2435582	0
660.15	0	.5826482	.1738288	.243523	0
659.15	0	.5825504	.1739619	.2434878	0
658.15	0	.582453	.1740945	.2434525	0
657.15	0	.5823561	.1742266	.2434173	0
656.15	0	.5822597	.1743583	.243382	0
655.15	0	.5821637	.1744896	.2433467	0
654.15	0	.5820683	.1746204	.2433114	0
653.15	0	.5819732	.1747507	.2432761	0
652.15	0	.5818786	.1748806	.2432408	0
651.15	0	.5817845	.1750101	.2432054	0
650.15	0	.5816907	.1751392	.2431701	0
649.15	0	.5815975	.1752678	.2431347	0
648.15	0	.5815046	.1753961	.2430993	0
647.15	0	.5814122	.1755239	.243064	0
646.15	0	.5813202	.1756513	.2430286	0
645.15	0	.5812285	.1757783	.2429932	0
644.15	0	.5811374	.1759049	.2429578	0
643.15	0	.5810466	.1760311	.2429224	0
642.15	0	.5809562	.1761569	.242887	0
641.15	0	.5808662	.1762823	.2428515	0
640.15	0	.5807766	.1764073	.2428161	0
639.15	0	.5806874	.1765319	.2427807	0
638.15	0	.5805986	.1766562	.2427452	0
637.15	0	.5805102	.1767801	.2427098	0
636.15	0	.5804221	.1769036	.2426743	0
635.15	0	.5803344	.1770267	.2426388	0
634.15	0	.5802471	.1771495	.2426034	0
633.15	0	.5801602	.1772719	.2425679	0
632.15	0	.5800736	.1773939	.2425324	0
631.15	0	.5799874	.1775156	.242497	0
630.15	0	.5799016	.177637	.2424615	0
629.15	0	.5798161	.1777579	.242426	0
628.15	0	.5797309	.1778786	.2423905	0
627.15	0	.5796462	.1779988	.242355	0
626.15	0	.5795617	.1781188	.2423195	0
625.15	0	.5794776	.1782383	.2422841	0
624.15	0	.5793938	.1783576	.2422486	0
623.15	0	.5793104	.1784765	.2422131	0
622.15	0	.5792273	.1785951	.2421776	0
621.15	0	.5791446	.1787133	.2421422	0
620.15	0	.5790621	.1788312	.2421067	0
619.15	0	.57898	.1789488	.2420712	0
618.15	0	.5788983	.179066	.2420357	0
617.15	0	.5788168	.1791829	.2420003	0
616.15	0	.5787357	.1792995	.2419648	0
615.15	0	.5786549	.1794158	.2419294	0
614.15	0	.5785744	.1795317	.2418939	0
613.15	0	.5784942	.1796473	.2418585	0
612.15	0	.5784143	.1797627	.2418231	0
611.15	0	.5783347	.1798777	.2417876	0
610.15	0	.5782555	.1799923	.2417522	0
609.15	0	.5781765	.1801067	.2417168	0
608.15	0	.5780978	.1802208	.2416814	0
607.15	0	.5780195	.1803345	.241646	0
606.15	0	.5779414	.1804479	.2416107	0
605.15	0	.5778637	.1805611	.2415753	0
604.15	0	.5777862	.1806739	.2415399	0
603.15	0	.577709	.1807864	.2415046	0
602.15	0	.5776321	.1808986	.2414693	0
601.15	0	.5775555	.1810106	.2414339	0
600.15	0	.5774792	.1811222	.2413986	0
599.15	0	.5774032	.1812335	.2413633	0
598.15	0	.5773274	.1813445	.2413281	0
597.15	0	.5772519	.1814552	.2412928	0
596.15	0	.5771768	.1815657	.2412576	0
595.15	0	.5771019	.1816758	.2412223	0
594.15	0	.5770272	.1817856	.2411871	0
593.15	0	.5769529	.1818952	.2411519	0
592.15	0	.5768788	.1820044	.2411168	0
591.15	0	.576805	.1821134	.2410816	0
590.15	0	.5767314	.1822221	.2410465	0
589.15	0	.5766582	.1823305	.2410114	0
588.15	0	.5765852	.1824386	.2409763	0
587.15	0	.5765124	.1825464	.2409412	0
586.15	0	.57644	.1826539	.2409062	0
585.15	0	.5763677	.1827611	.2408711	0
584.15	0	.5762958	.1828681	.2408361	0
583.15	0	.5762241	.1829748	.2408011	0
582.15	0	.5761527	.1830811	.2407662	0
581.15	0	.5760815	.1831872	.2407312	0
580.15	0	.5760106	.1832931	.2406963	0
579.15	0	.5759399	.1833986	.2406614	0
578.15	0	.5758695	.1835039	.2406266	0
577.15	0	.5757994	.1836088	.2405918	0
576.15	0	.5757295	.1837135	.240557	0
575.15	0	.5756599	.1838179	.2405222	0
574.15	0	.5755905	.1839221	.2404875	0
573.15	0	.5755213	.1840259	.2404527	0
572.15	0	.5754524	.1841295	.2404181	0
571.15	0	.5753838	.1842328	.2403834	0
570.15	0	.5753154	.1843358	.2403488	0
569.15	0	.5752472	.1844386	.2403142	0
568.15	0	.5751793	.1845411	.2402797	0
567.15	0	.5751116	.1846433	.2402451	0
566.15	0	.5750442	.1847452	.2402106	0
565.15	0	.574977	.1848468	.2401762	0
564.15	0	.57491	.1849482	.2401418	0
563.15	0	.5748433	.1850493	.2401074	0
562.15	0	.5747769	.1851501	.240073	0
561.15	0	.5747106	.1852507	.2400387	0
560.15	0	.5746446	.1853509	.2400044	0
559.15	0	.5745789	.1854509	.2399702	0
558.15	0	.5745133	.1855507	.239936	0
557.15	0	.574448	.1856501	.2399018	0
556.15	0	.574383	.1857493	.2398677	0
555.15	0	.5743182	.1858482	.2398337	0
554.15	0	.5742536	.1859468	.2397996	0
553.15	0	.5741892	.1860452	.2397656	0
552.15	0	.5741251	.1861433	.2397317	0
551.15	0	.5740612	.1862411	.2396978	0
550.15	0	.5739975	.1863386	.2396639	0
549.15	0	.573934	.1864359	.2396301	0
548.15	0	.5738708	.1865329	.2395963	0
547.15	0	.5738078	.1866297	.2395625	0
546.15	0	.573745	.1867261	.2395289	0
545.15	0	.5736825	.1868223	.2394952	0
544.15	0	.5736202	.1869182	.2394616	0
543.15	0	.5735581	.1870139	.2394281	0
542.15	0	.5734962	.1871092	.2393946	0
541.15	0	.5734346	.1872043	.2393611	0
540.15	0	.5733731	.1872991	.2393277	0
539.15	0	.5733119	.1873937	.2392944	0
538.15	0	.573251	.187488	.2392611	0
537.15	0	.5731902	.187582	.2392278	0
536.15	0	.5731297	.1876757	.2391946	0
535.15	0	.5730693	.1877692	.2391615	0
534.15	0	.5730092	.1878624	.2391284	0
533.15	0	.5729493	.1879553	.2390953	0
532.15	0	.5728897	.188048	.2390623	0
531.15	0	.5728302	.1881404	.2390294	0
530.15	0	.572771	.1882325	.2389965	0
529.15	0	.572712	.1883243	.2389637	0
528.15	0	.5726532	.1884159	.238931	0
527.15	0	.5725946	.1885072	.2388982	0
526.15	0	.5725362	.1885982	.2388656	0
525.15	0	.572478	.188689	.238833	0
524.15	0	.5724201	.1887794	.2388005	0
523.15	0	.5723624	.1888696	.238768	0
522.15	0	.5723048	.1889596	.2387356	0
521.15	0	.5722476	.1890492	.2387032	0
520.15	0	.5721905	.1891386	.2386709	0
519.15	0	.5721336	.1892277	.2386387	0
518.15	0	.5720769	.1893166	.2386065	0
517.15	0	.5720204	.1894051	.2385744	0
516.15	0	.5719642	.1894934	.2385424	0
515.15	0	.5719081	.1895814	.2385104	0
514.15	0	.5718523	.1896692	.2384785	0
513.15	0	.5717967	.1897566	.2384466	0
512.15	0	.5717414	.1898438	.2384148	0
511.15	0	.5716862	.1899308	.238383	0
510.15	0	.5716312	.1900174	.2383514	0
509.15	0	.5715764	.1901038	.2383198	0
508.15	0	.5715218	.1901899	.2382883	0
507.15	0	.5714675	.1902757	.2382568	0
506.15	0	.5714133	.1903612	.2382255	0
505.15	0	.5713594	.1904465	.2381941	0
504.15	0	.5713056	.1905315	.2381629	0
503.15	0	.5712521	.1906162	.2381317	0
502.15	0	.5711987	.1907007	.2381006	0
501.15	0	.5711456	.1907848	.2380696	0
500.15	0	.5710926	.1908687	.2380387	0
499.15	0	.5710399	.1909523	.2380078	0
498.15	0	.5709874	.1910357	.237977	0
497.15	0	.5709351	.1911187	.2379462	0
496.15	0	.570883	.1912015	.2379156	0
495.15	0	.570831	.191284	.237885	0
494.15	0	.5707793	.1913662	.2378545	0
493.15	0	.5707278	.1914481	.237824	0
492.15	0	.5706765	.1915298	.2377937	0
491.15	0	.5706254	.1916112	.2377634	0
490.15	0	.5705745	.1916923	.2377332	0
489.15	0	.5705238	.1917731	.2377031	0
488.15	0	.5704733	.1918537	.237673	0
487.15	0	.570423	.1919339	.2376431	0
486.15	0	.5703729	.1920139	.2376132	0
485.15	0	.570323	.1920936	.2375834	0
484.15	0	.5702733	.1921731	.2375536	0
483.15	0	.5702238	.1922522	.237524	0
482.15	0	.5701745	.1923311	.2374944	0
481.15	0	.5701254	.1924096	.237465	0
480.15	0	.5700765	.1924879	.2374356	0
479.15	0	.5700278	.192566	.2374063	0
478.15	0	.5699793	.1926437	.237377	0
477.15	0	.569931	.1927212	.2373479	0
476.15	0	.5698829	.1927983	.2373188	0
475.15	0	.569835	.1928752	.2372898	0
474.15	0	.5697872	.1929518	.2372609	0
473.15	0	.5697397	.1930281	.2372321	0
472.15	0	.5696924	.1931042	.2372034	0
471.15	0	.5696453	.1931799	.2371748	0
470.15	0	.5695983	.1932554	.2371463	0
469.15	0	.5695516	.1933306	.2371178	0
468.15	0	.5695051	.1934055	.2370894	0
467.15	0	.5694587	.1934801	.2370612	0
466.15	0	.5694126	.1935544	.237033	0
465.15	0	.5693666	.1936285	.2370049	0
464.15	0	.5693209	.1937022	.2369769	0
463.15	0	.5692753	.1937757	.236949	0
462.15	0	.5692299	.1938489	.2369212	0
461.15	0	.5691848	.1939218	.2368934	0
460.15	0	.5691398	.1939944	.2368658	0
459.15	0	.569095	.1940668	.2368383	0
458.15	0	.5690504	.1941388	.2368108	0
457.15	0	.569006	.1942106	.2367835	0
456.15	0	.5689618	.194282	.2367562	0
455.15	0	.5689178	.1943532	.236729	0
454.15	0	.5688739	.1944241	.236702	0
453.15	0	.5688303	.1944947	.236675	0
452.15	0	.5687869	.194565	.2366481	0
451.15	0	.5687436	.1946351	.2366213	0
450.15	0	.5687005	.1947048	.2365946	0
449.15	0	.5686577	.1947742	.2365681	0
448.15	0	.5686151	.1948433	.2365416	0
447.15	0	.5685726	.1949121	.2365152	0
446.15	0	.5685304	.1949806	.236489	0
445.15	0	.5684884	.1950488	.2364628	0
444.15	0	.5684465	.1951167	.2364367	0
443.15	0	.5684049	.1951843	.2364108	0
442.15	0	.5683635	.1952516	.236385	0
441.15	0	.5683223	.1953185	.2363592	0
440.15	0	.5682813	.1953851	.2363336	0
439.15	0	.5682405	.1954514	.2363081	0
438.15	0	.5682	.1955173	.2362827	0
437.15	0	.5681596	.1955829	.2362575	0
436.15	0	.5681195	.1956482	.2362323	0
435.15	0	.5680796	.1957131	.2362073	0
434.15	0	.56804	.1957777	.2361824	0
433.15	0	.5680005	.1958419	.2361576	0
432.15	0	.5679613	.1959058	.236133	0
431.15	0	.5679223	.1959693	.2361084	0
430.15	0	.5678836	.1960325	.236084	0
429.15	0	.567845	.1960953	.2360597	0
428.15	0	.5678067	.1961577	.2360356	0
427.15	0	.5677687	.1962198	.2360115	0
426.15	0	.5677308	.1962816	.2359876	0
425.15	0	.5676932	.1963429	.2359639	0
424.15	0	.5676559	.1964039	.2359402	0
423.15	0	.5676187	.1964646	.2359167	0
422.15	0	.5675818	.1965249	.2358933	0
421.15	0	.5675452	.1965848	.2358701	0
420.15	0	.5675087	.1966443	.235847	0
419.15	0	.5674725	.1967035	.235824	0
418.15	0	.5674365	.1967623	.2358011	0
417.15	0	.5674008	.1968208	.2357784	0
416.15	0	.5673653	.1968789	.2357558	0
415.15	0	.56733	.1969366	.2357334	0
414.15	0	.567295	.1969939	.2357111	0
413.15	0	.5672602	.1970509	.2356889	0
412.15	0	.5672256	.1971075	.2356669	0
411.15	0	.5671913	.1971638	.235645	0
410.15	0	.5671572	.1972197	.2356232	0
409.15	0	.5671233	.1972752	.2356015	0
408.15	0	.5670896	.1973303	.2355801	0
407.15	0	.5670562	.1973851	.2355587	0
406.15	0	.567023	.1974395	.2355375	0
405.15	0	.56699	.1974936	.2355164	0
404.15	0	.5669573	.1975473	.2354954	0
403.15	0	.5669247	.1976006	.2354746	0
402.15	0	.5668924	.1976536	.2354539	0
401.15	0	.5668604	.1977063	.2354334	0
400.15	0	.5668285	.1977585	.235413	0
399.15	0	.5667969	.1978104	.2353927	0
398.15	0	.5667655	.197862	.2353726	0
397.15	0	.5667342	.1979132	.2353526	0
396.15	0	.5667033	.197964	.2353327	0
395.15	0	.5666725	.1980145	.235313	0
394.15	0	.5666419	.1980647	.2352934	0
393.15	0	.5666116	.1981145	.2352739	0
392.15	0	.5665815	.198164	.2352546	0
391.15	0	.5665515	.1982131	.2352354	0
390.15	0	.5665218	.1982619	.2352163	0
389.15	0	.5664923	.1983103	.2351974	0
388.15	0	.566463	.1983584	.2351786	0
387.3444	0	.5664395	.1983969	.2351636	0
387.3444	0	.5664395	.1983969	.2351636	0
387.3444	0	.5664395	.1983969	.2351636	0
387.15	0	.5664742	.1983091	.2351142	1.024643E-04
386.15	0	.5666527	.1978577	.2348604	6.291642E-04
385.15	0	.566831	.1974066	.2346071	.001155269
384.15	0	.5670091	.1969559	.2343542	.001680783
383.15	0	.567187	.1965055	.2341018	.002205712
382.15	0	.5673647	.1960555	.2338498	.00273006
381.15	0	.5675422	.1956057	.2335983	.003253831
380.15	0	.5677195	.1951563	.2333472	.003777031
379.15	0	.5678966	.1947072	.2330966	.004299663
378.15	0	.5680735	.1942584	.2328463	.004821733
377.15	0	.5682503	.1938099	.2325966	.005343244
376.15	0	.5684269	.1933617	.2323472	.005864201
375.15	0	.5686033	.1929138	.2320983	.006384608
374.15	0	.5687796	.1924661	.2318498	.00690447
373.15	0	.5689556	.1920188	.2316018	.00742379
