T	 BPW(LIQUID)	BPW(BCC_A2)	BPW(FCC_A1)	BPW(LAVES_PHASE_C14)	BPW(NI3TI)
1473.15	.01196201	.6694185	.2312793	.08734028	0
1472.594	0	.6578619	.2505628	.09157538	0
1472.594	0	.6578619	.2505628	.09157538	0
1472.15	0	.6560585	.2520421	.09189935	0
1471.15	0	.6520044	.2553686	.09262702	0
1470.15	0	.647962	.2586863	.09335167	0
1469.15	0	.6439313	.2619954	.0940733	0
1468.15	0	.6399123	.2652957	.09479193	0
1467.15	0	.635905	.2685874	.09550758	0
1466.15	0	.6319093	.2718705	.09622026	0
1465.15	0	.6279251	.2751449	.09692999	0
1464.15	0	.6239526	.2784106	.09763677	0
1463.15	0	.6199916	.2816678	.09834063	0
1462.15	0	.6160421	.2849163	.09904157	0
1461.15	0	.6121041	.2881563	.09973961	0
1460.15	0	.6081776	.2913876	.1004348	0
1459.15	0	.6042625	.2946104	.101127	0
1458.15	0	.6003589	.2978247	.1018165	0
1457.15	0	.5964666	.3010303	.1025031	0
1456.15	0	.5925857	.3042275	.1031868	0
1455.15	0	.5887162	.3074161	.1038677	0
1454.15	0	.5848579	.3105962	.1045459	0
1453.15	0	.581011	.3137678	.1052212	0
1452.15	0	.5771753	.3169309	.1058938	0
1451.15	0	.5733509	.3200855	.1065636	0
1450.15	0	.5695377	.3232317	.1072306	0
1449.15	0	.5657357	.3263694	.1078949	0
1448.15	0	.5619449	.3294986	.1085565	0
1447.15	0	.5581652	.3326194	.1092154	0
1446.15	0	.5543967	.3357318	.1098715	0
1445.15	0	.5506392	.3388358	.110525	0
1444.15	0	.5468928	.3419314	.1111758	0
1443.15	0	.5431575	.3450185	.1118239	0
1442.15	0	.5394333	.3480973	.1124694	0
1441.15	0	.53572	.3511677	.1131123	0
1440.15	0	.5320178	.3542298	.1137525	0
1439.15	0	.5283265	.3572834	.1143901	0
1438.15	0	.5246461	.3603288	.1150251	0
1437.15	0	.5209767	.3633658	.1156575	0
1436.15	0	.5173182	.3663945	.1162873	0
1435.15	0	.5136706	.3694148	.1169146	0
1434.15	0	.5100338	.3724269	.1175393	0
1433.15	0	.5064079	.3754306	.1181615	0
1432.15	0	.5027928	.3784261	.1187811	0
1431.15	0	.4991885	.3814133	.1193982	0
1430.15	0	.495595	.3843922	.1200128	0
1429.15	0	.4920122	.3873629	.1206249	0
1428.15	0	.4884402	.3903253	.1212346	0
1427.15	0	.4848789	.3932794	.1218417	0
1426.15	0	.4813283	.3962253	.1224464	0
1425.15	0	.4777884	.399163	.1230486	0
1424.15	0	.4742591	.4020925	.1236484	0
1423.15	0	.4707405	.4050137	.1242458	0
1422.15	0	.4672326	.4079268	.1248407	0
1421.15	0	.4637352	.4108316	.1254332	0
1420.15	0	.4602484	.4137283	.1260234	0
1419.15	0	.4567722	.4166167	.1266111	0
1418.15	0	.4533065	.419497	.1271965	0
1417.15	0	.4498514	.4223691	.1277795	0
1416.15	0	.4464068	.4252331	.1283601	0
1415.15	0	.4429727	.4280889	.1289384	0
1414.15	0	.439549	.4309366	.1295144	0
1413.15	0	.4361359	.4337761	.130088	0
1412.15	0	.4327332	.4366075	.1306594	0
1411.15	0	.4293409	.4394307	.1312284	0
1410.15	0	.425959	.4422459	.1317951	0
1409.15	0	.4225876	.4450529	.1323596	0
1408.15	0	.4192265	.4478518	.1329217	0
1407.15	0	.4158758	.4506426	.1334816	0
1406.15	0	.4125355	.4534253	.1340393	0
1405.15	0	.4092054	.4561998	.1345947	0
1404.15	0	.4058858	.4589664	.1351479	0
1403.15	0	.4025764	.4617248	.1356988	0
1402.15	0	.3992773	.4644751	.1362476	0
1401.15	0	.3959885	.4672174	.1367941	0
1400.15	0	.39271	.4699516	.1373384	0
1399.15	0	.3894418	.4726777	.1378806	0
1398.15	0	.3861837	.4753957	.1384206	0
1397.15	0	.3829359	.4781057	.1389584	0
1396.15	0	.3796983	.4808077	.139494	0
1395.15	0	.376471	.4835016	.1400275	0
1394.15	0	.3732538	.4861874	.1405588	0
1393.15	0	.3700468	.4888652	.141088	0
1392.15	0	.3668499	.4915349	.1416151	0
1391.15	0	.3636632	.4941966	.1421401	0
1390.15	0	.3604867	.4968503	.142663	0
1389.15	0	.3573203	.4994959	.1431838	0
1388.15	0	.354164	.5021335	.1437025	0
1387.15	0	.3510178	.5047631	.1442191	0
1386.15	0	.3478817	.5073846	.1447337	0
1385.15	0	.3447557	.5099981	.1452462	0
1384.15	0	.3416398	.5126036	.1457566	0
1383.15	0	.338534	.515201	.146265	0
1382.15	0	.3354382	.5177905	.1467713	0
1381.15	0	.3323525	.5203718	.1472757	0
1380.15	0	.3292768	.5229452	.147778	0
1379.15	0	.3262112	.5255106	.1482783	0
1378.15	0	.3231556	.5280679	.1487766	0
1377.15	0	.3201099	.5306172	.1492729	0
1376.15	0	.3170744	.5331585	.1497672	0
1375.15	0	.3140488	.5356917	.1502595	0
1374.15	0	.3110332	.5382169	.1507499	0
1373.15	0	.3080276	.5407341	.1512383	0
1372.15	0	.305032	.5432433	.1517248	0
1371.15	0	.3020463	.5457444	.1522093	0
1370.15	0	.2990707	.5482375	.1526919	0
1369.15	0	.296105	.5507225	.1531725	0
1368.15	0	.2931492	.5531996	.1536512	0
1367.15	0	.2902034	.5556685	.154128	0
1366.15	0	.2872676	.5581295	.1546029	0
1365.15	0	.2843417	.5605824	.1550759	0
1364.15	0	.2814258	.5630272	.155547	0
1363.15	0	.2785197	.565464	.1560163	0
1362.15	0	.2756237	.5678927	.1564836	0
1361.15	0	.2727375	.5703134	.1569491	0
1360.15	0	.2698613	.572726	.1574127	0
1359.15	0	.266995	.5751305	.1578744	0
1358.15	0	.2641386	.577527	.1583344	0
1357.15	0	.2612922	.5799154	.1587924	0
1356.15	0	.2584557	.5822957	.1592487	0
1355.15	0	.2556291	.5846679	.1597031	0
1354.15	0	.2528124	.587032	.1601557	0
1353.15	0	.2500056	.589388	.1606065	0
1352.15	0	.2472087	.5917358	.1610554	0
1351.15	0	.2444218	.5940756	.1615026	0
1350.15	0	.2416448	.5964073	.161948	0
1349.15	0	.2388777	.5987308	.1623916	0
1348.15	0	.2361205	.6010461	.1628334	0
1347.15	0	.2333732	.6033534	.1632734	0
1346.15	0	.2306359	.6056524	.1637117	0
1345.15	0	.2279084	.6079433	.1641482	0
1344.15	0	.2251909	.6102261	.164583	0
1343.15	0	.2224834	.6125006	.1650161	0
1342.15	0	.2197857	.6147669	.1654473	0
1341.15	0	.217098	.6170251	.1658769	0
1340.15	0	.2144203	.619275	.1663047	0
1339.15	0	.2117525	.6215167	.1667308	0
1338.15	0	.2090946	.6237502	.1671552	0
1337.15	0	.2064467	.6259754	.1675779	0
1336.15	0	.2038087	.6281923	.1679989	0
1335.15	0	.2011807	.630401	.1684182	0
1334.15	0	.1985627	.6326015	.1688358	0
1333.15	0	.1959547	.6347936	.1692518	0
1332.15	0	.1933566	.6369774	.169666	0
1331.15	0	.1907686	.6391528	.1700786	0
1330.15	0	.1881905	.64132	.1704895	0
1329.15	0	.1856225	.6434788	.1708988	0
1328.15	0	.1830644	.6456292	.1713064	0
1327.15	0	.1805164	.6477713	.1717123	0
1326.15	0	.1779784	.6499049	.1721167	0
1325.15	0	.1754505	.6520302	.1725193	0
1324.15	0	.1729326	.654147	.1729204	0
1323.15	0	.1704248	.6562554	.1733198	0
1322.15	0	.1679271	.6583553	.1737177	0
1321.15	0	.1654394	.6604467	.1741139	0
1320.15	0	.1629619	.6625297	.1745085	0
1319.15	0	.1604945	.6646041	.1749014	0
1318.15	0	.1580372	.66667	.1752929	0
1317.15	0	.15559	.6687274	.1756827	0
1316.15	0	.153153	.6707761	.1760709	0
1315.15	0	.1507261	.6728163	.1764575	0
1314.15	0	.1483095	.6748479	.1768426	0
1313.15	0	.145903	.6768709	.1772261	0
1312.15	0	.1435067	.6788852	.1776081	0
1311.15	0	.1411207	.6808909	.1779884	0
1310.15	0	.1387449	.6828878	.1783673	0
1309.15	0	.1363794	.6848761	.1787446	0
1308.15	0	.1340241	.6868556	.1791203	0
1307.15	0	.1316791	.6888264	.1794945	0
1306.15	0	.1293445	.6907883	.1798672	0
1305.15	0	.1270202	.6927415	.1802383	0
1304.15	0	.1247062	.6946859	.1806079	0
1303.15	0	.1224026	.6966213	.180976	0
1302.15	0	.1201094	.698548	.1813426	0
1301.15	0	.1178266	.7004657	.1817077	0
1300.15	0	.1155543	.7023744	.1820713	0
1299.15	0	.1132924	.7042743	.1824334	0
1298.15	0	.111041	.7061651	.182794	0
1297.15	0	.1088	.7080469	.1831531	0
1296.15	0	.1065696	.7099197	.1835107	0
1295.15	0	.1043498	.7117834	.1838668	0
1294.15	0	.1021405	.713638	.1842215	0
1293.15	0	.09994181	.7154835	.1845747	0
1292.15	0	.09775375	.7173199	.1849264	0
1291.15	0	.09557632	.719147	.1852766	0
1290.15	0	.09340957	.720965	.1856254	0
1289.15	0	.09125352	.7227737	.1859728	0
1288.15	0	.0891082	.7245731	.1863187	0
1287.15	0	.08697363	.7263632	.1866632	0
1286.15	0	.08484984	.728144	.1870062	0
1285.15	0	.08273687	.7299153	.1873478	0
1284.15	0	.08063474	.7316773	.187688	0
1283.15	0	.07854348	.7334298	.1880267	0
1282.15	0	.07646312	.7351729	.188364	0
1281.15	0	.0743937	.7369064	.1886999	0
1280.15	0	.07233524	.7386304	.1890344	0
1279.15	0	.07028778	.7403448	.1893674	0
1278.15	0	.06825135	.7420495	.1896991	0
1277.15	0	.06622599	.7437446	.1900294	0
1276.15	0	.06421172	.74543	.1903583	0
1275.15	0	.06220859	.7471057	.1906857	0
1274.15	0	.06021662	.7487716	.1910118	0
1273.15	0	.05823586	.7504276	.1913365	0
1272.15	0	.05626634	.7520738	.1916598	0
1271.15	0	.0543081	.7537101	.1919818	0
1270.15	0	.05236117	.7553365	.1923024	0
1269.15	0	.05042559	.7569529	.1926216	0
1268.15	0	.04850141	.7585592	.1929394	0
1267.15	0	.04658866	.7601555	.1932559	0
1266.15	0	.04468738	.7617416	.193571	0
1265.15	0	.04279762	.7633177	.1938847	0
1264.15	0	.04091941	.7648835	.1941971	0
1263.15	0	.03905279	.766439	.1945082	0
1262.15	0	.03719781	.7679843	.1948179	0
1261.15	0	.03535451	.7695192	.1951263	0
1260.15	0	.03352294	.7710437	.1954334	0
1259.15	0	.03170314	.7725578	.1957391	0
1258.15	0	.02989515	.7740614	.1960434	0
1257.15	0	.02809902	.7755545	.1963465	0
1256.15	0	.0263148	.777037	.1966482	0
1255.15	0	.02454253	.7785088	.1969487	0
1254.15	0	.02278226	.77997	.1972478	0
1253.15	0	.02103404	.7814204	.1975456	0
1252.15	0	.01929792	.7828601	.197842	0
1251.15	0	.01757395	.7842888	.1981372	0
1250.15	0	.01586217	.7857067	.1984311	0
1249.15	0	.01416265	.7871137	.1987237	0
1248.15	0	.01247542	.7885096	.199015	0
1247.15	0	.01080054	.7898945	.1993049	0
1246.15	0	.00913807	.7912683	.1995937	0
1245.15	0	.007488056	.7926309	.1998811	0
1244.15	0	.005850555	.7939822	.2001672	0
1243.15	0	.00422562	.7953223	.2004521	0
1242.15	0	.002613308	.796651	.2007357	0
1241.15	0	.001013673	.7979684	.201018	0
1240.512	0	0	.7988026	.2011974	0
1240.512	0	0	.7988026	.2011974	0
1240.15	0	0	.7987217	.2012783	0
1239.15	0	0	.7984984	.2015016	0
1238.15	0	0	.7982756	.2017244	0
1237.15	0	0	.7980533	.2019467	0
1236.15	0	0	.7978315	.2021685	0
1235.15	0	0	.7976102	.2023898	0
1234.15	0	0	.7973894	.2026106	0
1233.15	0	0	.797169	.202831	0
1232.15	0	0	.7969491	.2030509	0
1231.15	0	0	.7967297	.2032703	0
1230.15	0	0	.7965108	.2034892	0
1229.15	0	0	.7962923	.2037077	0
1228.15	0	0	.7960744	.2039256	0
1227.15	0	0	.7958569	.2041431	0
1226.15	0	0	.7956398	.2043602	0
1225.15	0	0	.7954233	.2045767	0
1224.15	0	0	.7952072	.2047928	0
1223.15	0	0	.7949916	.2050084	0
1222.15	0	0	.7947765	.2052235	0
1221.15	0	0	.7945618	.2054382	0
1220.15	0	0	.7943476	.2056524	0
1219.15	0	0	.7941339	.2058661	0
1218.15	0	0	.7939207	.2060793	0
1217.15	0	0	.7937079	.2062921	0
1216.15	0	0	.7934956	.2065045	0
1215.15	0	0	.7932837	.2067163	0
1214.15	0	0	.7930723	.2069277	0
1213.15	0	0	.7928614	.2071386	0
1212.15	0	0	.792651	.207349	0
1211.15	0	0	.792441	.207559	0
1210.15	0	0	.7922315	.2077685	0
1209.15	0	0	.7920224	.2079776	0
1208.15	0	0	.7918138	.2081862	0
1207.15	0	0	.7916057	.2083943	0
1206.15	0	0	.791398	.208602	0
1205.15	0	0	.7911908	.2088092	0
1204.15	0	0	.7909841	.2090159	0
1203.15	0	0	.7907778	.2092222	0
1202.15	0	0	.790572	.209428	0
1201.15	0	0	.7903666	.2096334	0
1200.15	0	0	.7901617	.2098383	0
1199.15	0	0	.7899572	.2100428	0
1198.15	0	0	.7897532	.2102468	0
1197.15	0	0	.7895497	.2104503	0
1196.15	0	0	.7893466	.2106534	0
1195.15	0	0	.789144	.210856	0
1194.15	0	0	.7889418	.2110582	0
1193.15	0	0	.7887401	.2112599	0
1192.15	0	0	.7885388	.2114612	0
1191.15	0	0	.788338	.211662	0
1190.15	0	0	.7881376	.2118624	0
1189.15	0	0	.7879377	.2120623	0
1188.15	0	0	.7877382	.2122618	0
1187.15	0	0	.7875392	.2124608	0
1186.15	0	0	.7873407	.2126593	0
1185.15	0	0	.7871425	.2128575	0
1184.15	0	0	.7869449	.2130551	0
1183.15	0	0	.7867477	.2132524	0
1182.15	0	0	.7865509	.2134491	0
1181.15	0	0	.7863545	.2136455	0
1180.15	0	0	.7861587	.2138413	0
1179.15	0	0	.7859632	.2140368	0
1178.15	0	0	.7857682	.2142318	0
1177.15	0	0	.7855737	.2144263	0
1176.15	0	0	.7853796	.2146204	0
1175.15	0	0	.7851859	.2148141	0
1174.15	0	0	.7849927	.2150073	0
1173.15	0	0	.7847999	.2152001	0
1172.15	0	0	.7846076	.2153924	0
1171.15	0	0	.7844157	.2155843	0
1170.15	0	0	.7842243	.2157757	0
1169.15	0	0	.7840332	.2159668	0
1168.15	0	0	.7838426	.2161573	0
1167.15	0	0	.7836525	.2163475	0
1166.15	0	0	.7834628	.2165372	0
1165.15	0	0	.7832736	.2167265	0
1164.15	0	0	.7830847	.2169153	0
1163.15	0	0	.7828963	.2171037	0
1162.15	0	0	.7827084	.2172916	0
1161.15	0	0	.7825209	.2174791	0
1160.15	0	0	.7823338	.2176662	0
1159.15	0	0	.7821471	.2178529	0
1158.15	0	0	.7819609	.2180391	0
1157.15	0	0	.7817751	.2182249	0
1156.15	0	0	.7815898	.2184102	0
1155.15	0	0	.7814049	.2185951	0
1154.15	0	0	.7812204	.2187796	0
1153.15	0	0	.7810363	.2189637	0
1152.15	0	0	.7808527	.2191473	0
1151.15	0	0	.7806695	.2193305	0
1150.15	0	0	.7804867	.2195133	0
1149.15	0	0	.7803044	.2196956	0
1148.15	0	0	.7801225	.2198776	0
1147.15	0	0	.779941	.220059	0
1146.15	0	0	.7797599	.2202401	0
1145.15	0	0	.7795793	.2204207	0
1144.15	0	0	.7793991	.2206009	0
1143.15	0	0	.7792193	.2207807	0
1142.15	0	0	.7790399	.2209601	0
1141.15	0	0	.778861	.221139	0
1140.15	0	0	.7786825	.2213175	0
1139.15	0	0	.7785044	.2214956	0
1138.15	0	0	.7783268	.2216732	0
1137.15	0	0	.7781495	.2218505	0
1136.15	0	0	.7779727	.2220273	0
1135.15	0	0	.7777963	.2222037	0
1134.15	0	0	.7776204	.2223797	0
1133.15	0	0	.7774448	.2225552	0
1132.15	0	0	.7772697	.2227303	0
1131.15	0	0	.777095	.222905	0
1130.15	0	0	.7769207	.2230793	0
1129.15	0	0	.7767468	.2232532	0
1128.15	0	0	.7765733	.2234267	0
1127.15	0	0	.7764003	.2235997	0
1126.15	0	0	.7762277	.2237723	0
1125.15	0	0	.7760555	.2239445	0
1124.15	0	0	.7758837	.2241163	0
1123.15	0	0	.7757123	.2242877	0
1122.15	0	0	.7755414	.2244586	0
1121.15	0	0	.7753708	.2246292	0
1120.15	0	0	.7752007	.2247993	0
1119.15	0	0	.775031	.224969	0
1118.15	0	0	.7748617	.2251383	0
1117.15	0	0	.7746928	.2253072	0
1116.15	0	0	.7745243	.2254757	0
1115.15	0	0	.7743563	.2256438	0
1114.15	0	0	.7741886	.2258114	0
1113.15	0	0	.7740214	.2259787	0
1112.15	0	0	.7738545	.2261455	0
1111.15	0	0	.7736881	.2263119	0
1110.15	0	0	.7735221	.2264779	0
1109.15	0	0	.7733565	.2266435	0
1108.15	0	0	.7731913	.2268087	0
1107.15	0	0	.7730265	.2269735	0
1106.15	0	0	.7728621	.2271379	0
1105.15	0	0	.7726982	.2273018	0
1104.15	0	0	.7725346	.2274654	0
1103.15	0	0	.7723714	.2276286	0
1102.15	0	0	.7722087	.2277913	0
1101.15	0	0	.7720463	.2279537	0
1100.15	0	0	.7718844	.2281156	0
1099.15	0	0	.7717229	.2282771	0
1098.15	0	0	.7715617	.2284383	0
1097.15	0	0	.771401	.228599	0
1096.15	0	0	.7712407	.2287593	0
1095.15	0	0	.7710808	.2289192	0
1094.15	0	0	.7709212	.2290788	0
1093.15	0	0	.7707621	.2292379	0
1092.15	0	0	.7706034	.2293966	0
1091.15	0	0	.7704451	.2295549	0
1090.15	0	0	.7702872	.2297128	0
1089.15	0	0	.7701297	.2298703	0
1088.15	0	0	.7699725	.2300275	0
1087.15	0	0	.7698158	.2301842	0
1086.15	0	0	.7696595	.2303405	0
1085.15	0	0	.7695036	.2304964	0
1084.15	0	0	.7693481	.2306519	0
1083.15	0	0	.7691929	.2308071	0
1082.15	0	0	.7690382	.2309618	0
1081.15	0	0	.7688839	.2311161	0
1080.15	0	0	.76873	.23127	0
1079.15	0	0	.7685764	.2314236	0
1078.15	0	0	.7684233	.2315767	0
1077.15	0	0	.7682705	.2317295	0
1076.15	0	0	.7681182	.2318818	0
1075.15	0	0	.7679662	.2320338	0
1074.15	0	0	.7678147	.2321853	0
1073.15	0	0	.7676635	.2323365	0
1072.15	0	0	.7675127	.2324873	0
1071.15	0	0	.7673623	.2326377	0
1070.15	0	0	.7672123	.2327877	0
1069.15	0	0	.7670628	.2329372	0
1068.15	0	0	.7669135	.2330865	0
1067.15	0	0	.7667647	.2332353	0
1066.15	0	0	.7666161	.2333839	0
1065.15	0	0	.7664681	.2335319	0
1064.15	0	0	.7663204	.2336796	0
1063.15	0	0	.7661732	.2338269	0
1062.15	0	0	.7660263	.2339737	0
1061.15	0	0	.7658798	.2341202	0
1060.15	0	0	.7657337	.2342663	0
1059.15	0	0	.765588	.234412	0
1058.15	0	0	.7654427	.2345573	0
1057.15	0	0	.7652978	.2347023	0
1056.611	0	0	.7652197	.2347803	0
1056.611	0	0	.7652197	.2347803	0
1056.611	0	0	.7652197	.2347803	0
1056.15	0	8.71306E-04	.7642988	.2348299	0
1055.15	0	.002777121	.7622856	.2349372	0
1054.15	0	.004702278	.7602536	.2350442	0
1053.15	0	.006646638	.7582028	.2351506	0
1052.15	0	.008610056	.7561334	.2352566	0
1051.15	0	.01059239	.7540455	.2353621	0
1050.15	0	.01259348	.7519394	.2354672	0
1049.15	0	.01461318	.749815	.2355718	0
1048.15	0	.01665133	.7476727	.235676	0
1047.15	0	.01870778	.7455125	.2357798	0
1046.15	0	.02078237	.7433345	.2358831	0
1045.15	0	.02287492	.741139	.2359861	0
1044.15	0	.02498528	.7389262	.2360886	0
1043.15	0	.02711327	.7366961	.2361907	0
1042.15	0	.02925873	.7344489	.2362924	0
1041.15	0	.03142147	.7321848	.2363937	0
1040.15	0	.03360132	.7299041	.2364946	0
1039.15	0	.03579811	.7276067	.2365952	0
1038.15	0	.03801164	.7252931	.2366953	0
1037.15	0	.04024174	.7229632	.2367951	0
1036.15	0	.04248821	.7206173	.2368945	0
1035.15	0	.04475087	.7182556	.2369935	0
1034.15	0	.04702952	.7158783	.2370922	0
1033.15	0	.04932398	.7134855	.2371905	0
1032.15	0	.05163404	.7110775	.2372885	0
1031.15	0	.0539595	.7086544	.2373861	0
1030.15	0	.05630017	.7062165	.2374834	0
1029.15	0	.05865584	.7037639	.2375803	0
1028.15	0	.06102631	.7012968	.2376769	0
1027.15	0	.06341138	.6988155	.2377731	0
1026.15	0	.06581082	.6963201	.2378691	0
1025.15	0	.06822443	.6938109	.2379647	0
1024.15	0	.07065201	.691288	.23806	0
1023.15	0	.07309332	.6887517	.238155	0
1022.15	0	.07554817	.6862022	.2382496	0
1021.15	0	.07801633	.6836397	.238344	0
1020.15	0	.08049758	.6810644	.238438	0
1019.15	0	.0829917	.6784765	.2385318	0
1018.15	0	.08549847	.6758763	.2386252	0
1017.15	0	.08801766	.673264	.2387184	0
1016.15	0	.09054906	.6706397	.2388112	0
1015.15	0	.09309242	.6680038	.2389038	0
1014.15	0	.09564754	.6653564	.2389961	0
1013.15	0	.09821417	.6626978	.2390881	0
1012.15	0	.1007921	.6600282	.2391798	0
1011.15	0	.1033811	.6573478	.2392712	0
1010.15	0	.1059809	.6546568	.2393623	0
1009.15	0	.1085912	.6519556	.2394532	0
1008.15	0	.111212	.6492443	.2395438	0
1007.15	0	.1138429	.6465231	.2396341	0
1006.15	0	.1164836	.6437923	.2397241	0
1005.15	0	.119134	.6410521	.2398139	0
1004.15	0	.1217938	.6383028	.2399033	0
1003.15	0	.1244628	.6355446	.2399926	0
1002.15	0	.1271407	.6327778	.2400815	0
1001.15	0	.1298273	.6300025	.2401702	0
1000.15	0	.1325224	.627219	.2402586	0
999.15	0	.1352257	.6244276	.2403468	0
998.15	0	.1379369	.6216284	.2404346	0
997.15	0	.1406559	.6188218	.2405222	0
996.15	0	.1433824	.616008	.2406096	0
995.15	0	.1461162	.6131872	.2406966	0
994.15	0	.1488569	.6103597	.2407834	0
993.15	0	.1516044	.6075256	.2408699	0
992.15	0	.1543585	.6046853	.2409562	0
991.15	0	.1571188	.601839	.2410422	0
990.15	0	.1598852	.598987	.2411279	0
989.15	0	.1626573	.5961294	.2412133	0
988.15	0	.1654351	.5932665	.2412984	0
987.15	0	.1682181	.5903986	.2413833	0
986.15	0	.1710062	.5875259	.2414679	0
985.15	0	.1737992	.5846486	.2415522	0
984.15	0	.1765968	.5817671	.2416362	0
983.15	0	.1793987	.5788815	.2417199	0
982.15	0	.1822047	.575992	.2418033	0
981.15	0	.1850146	.573099	.2418864	0
980.15	0	.1877704	.5702548	.2419749	0
979.15	0	.1905406	.5673963	.242063	0
978.15	0	.1933306	.5645191	.2421503	0
977.15	0	.1961389	.5616244	.2422367	0
976.15	0	.1989641	.5587137	.2423223	0
975.15	0	.2018048	.5557882	.242407	0
974.15	0	.2046599	.5528493	.2424908	0
973.15	0	.2075279	.5498982	.2425738	0
972.15	0	.2104078	.5469362	.242656	0
971.15	0	.2132984	.5439643	.2427374	0
970.15	0	.2161985	.5409836	.2428179	0
969.15	0	.219107	.5379954	.2428976	0
968.15	0	.2220229	.5350006	.2429765	0
967.15	0	.2249452	.5320002	.2430546	0
966.15	0	.2278729	.5289953	.2431319	0
965.15	0	.230805	.5259867	.2432083	0
964.15	0	.2337406	.5229754	.243284	0
963.15	0	.2366789	.5199622	.2433589	0
962.15	0	.2396191	.516948	.2434329	0
961.15	0	.2425602	.5139337	.2435062	0
960.15	0	.2455015	.5109199	.2435786	0
959.15	0	.2484422	.5079075	.2436502	0
958.15	0	.2513817	.5048973	.2437211	0
957.15	0	.2543191	.5018898	.2437911	0
956.15	0	.2572539	.4988858	.2438603	0
955.15	0	.2601853	.495886	.2439287	0
954.15	0	.2631128	.492891	.2439962	0
953.15	0	.2660357	.4899013	.244063	0
952.15	0	.2689535	.4869176	.2441289	0
951.15	0	.2718656	.4839405	.2441939	0
950.15	0	.2747714	.4809704	.2442582	0
949.15	0	.2776705	.4780079	.2443216	0
948.15	0	.2805624	.4750535	.2443842	0
947.15	0	.2834465	.4721076	.2444459	0
946.15	0	.2863224	.4691708	.2445068	0
945.15	0	.2891897	.4662435	.2445668	0
944.15	0	.292048	.4633261	.244626	0
943.15	0	.2948968	.4604189	.2446843	0
942.15	0	.2977358	.4575225	.2447417	0
941.15	0	.3005646	.4546371	.2447983	0
940.15	0	.3033829	.4517631	.244854	0
939.15	0	.3061903	.4489009	.2449088	0
938.15	0	.3089865	.4460508	.2449627	0
937.15	0	.3117712	.443213	.2450158	0
936.15	0	.3145441	.440388	.2450679	0
935.15	0	.3173049	.437576	.2451192	0
934.15	0	.3200533	.4347772	.2451695	0
933.15	0	.3227892	.4319919	.2452189	0
932.15	0	.3255121	.4292205	.2452674	0
931.15	0	.328222	.426463	.245315	0
930.15	0	.3309187	.4237197	.2453617	0
929.15	0	.3336017	.4209909	.2454074	0
928.15	0	.3362711	.4182767	.2454522	0
927.15	0	.3389266	.4155774	.245496	0
926.15	0	.341568	.4128931	.2455389	0
925.15	0	.3441951	.410224	.2455809	0
924.15	0	.3468079	.4075702	.2456219	0
923.15	0	.3494061	.404932	.2456619	0
922.15	0	.3519895	.4023095	.245701	0
921.15	0	.3545581	.3997028	.2457391	0
920.15	0	.3571118	.397112	.2457763	0
919.15	0	.3596503	.3945373	.2458124	0
918.15	0	.3621736	.3919788	.2458476	0
917.15	0	.3646816	.3894366	.2458818	0
916.15	0	.3671742	.3869109	.245915	0
915.15	0	.3696512	.3844016	.2459472	0
914.15	0	.3721126	.381909	.2459784	0
913.15	0	.3745584	.3794331	.2460085	0
912.15	0	.3769883	.376974	.2460377	0
911.15	0	.3794024	.3745317	.2460659	0
910.15	0	.3818006	.3721063	.2460931	0
909.15	0	.3841828	.369698	.2461192	0
908.15	0	.3865489	.3673068	.2461444	0
907.15	0	.3888989	.3649326	.2461685	0
906.15	0	.3912328	.3625757	.2461915	0
905.15	0	.3935504	.360236	.2462136	0
904.15	0	.3958518	.3579136	.2462346	0
903.15	0	.3981369	.3556085	.2462546	0
902.15	0	.4004056	.3533209	.2462736	0
901.15	0	.4026579	.3510506	.2462915	0
900.15	0	.4048939	.3487978	.2463084	0
899.15	0	.4071134	.3465624	.2463242	0
898.15	0	.4093164	.3443446	.246339	0
897.15	0	.4115029	.3421444	.2463528	0
896.15	0	.4136728	.3399617	.2463655	0
895.15	0	.4158262	.3377966	.2463772	0
894.15	0	.4179631	.3356491	.2463878	0
893.15	0	.4200833	.3335193	.2463974	0
892.15	0	.422187	.3314071	.246406	0
891.15	0	.424274	.3293125	.2464135	0
890.15	0	.4263443	.3272357	.24642	0
889.15	0	.428398	.3251766	.2464254	0
888.15	0	.430435	.3231351	.2464299	0
887.15	0	.4324554	.3211114	.2464332	0
886.15	0	.4344591	.3191054	.2464356	0
885.15	0	.436446	.3171171	.2464369	0
884.15	0	.4384163	.3151465	.2464372	0
883.15	0	.4403698	.3131937	.2464365	0
882.15	0	.4423067	.3112585	.2464348	0
881.15	0	.4442268	.3093412	.246432	0
880.15	0	.4461302	.3074415	.2464283	0
879.15	0	.4480169	.3055595	.2464236	0
878.15	0	.4498869	.3036953	.2464178	0
877.15	0	.4517402	.3018488	.2464111	0
876.15	0	.4535767	.30002	.2464034	0
875.15	0	.4553965	.2982088	.2463947	0
874.15	0	.4571997	.2964153	.246385	0
873.15	0	.4589861	.2946395	.2463744	0
872.15	0	.4607559	.2928813	.2463628	0
871.15	0	.462509	.2911408	.2463503	0
870.15	0	.4642454	.2894178	.2463368	0
869.15	0	.4659652	.2877124	.2463224	0
868.15	0	.4676684	.2860246	.2463071	0
867.15	0	.4693549	.2843542	.2462908	0
866.15	0	.4710249	.2827014	.2462737	0
865.15	0	.4726782	.2810661	.2462557	0
864.15	0	.4743151	.2794481	.2462368	0
863.15	0	.4759354	.2778476	.246217	0
862.15	0	.4775392	.2762644	.2461964	0
861.15	0	.4791266	.2746985	.2461749	0
860.15	0	.4806976	.2731499	.2461526	0
859.15	0	.4822521	.2716185	.2461294	0
858.15	0	.4837903	.2701042	.2461055	0
857.15	0	.4853123	.268607	.2460807	0
856.15	0	.4868179	.2671269	.2460552	0
855.15	0	.4883074	.2656638	.2460288	0
854.15	0	.4897806	.2642176	.2460018	0
853.15	0	.4912378	.2627883	.2459739	0
852.15	0	.492679	.2613757	.2459454	0
851.15	0	.4941041	.2599798	.2459161	0
850.15	0	.4955134	.2586006	.2458861	0
849.15	0	.4969068	.2572379	.2458554	0
848.15	0	.4982844	.2558917	.245824	0
847.257	0	.4995013	.2547033	.2457954	0
847.257	0	.4995013	.2547033	.2457954	0
847.257	0	.4995013	.2547033	.2457954	0
847.15	0	.5007715	.2531986	.2454672	5.626114E-04
846.15	0	.5123551	.2394529	.2424536	.005738456
845.15	0	.5234448	.2262502	.2395312	.01077377
844.15	0	.5340679	.2135611	.2366957	.01567537
843.15	0	.5442492	.2013584	.2339428	.02044959
842.15	0	.5540122	.1896167	.2312688	.02510231
841.15	0	.5633784	.1783125	.2286701	.02963903
840.15	0	.572368	.1674239	.2261433	.03406487
839.15	0	.5809997	.1569303	.2236854	.03838462
838.15	0	.5892913	.1468126	.2212933	.04260274
837.15	0	.597259	.1370531	.2189645	.04672344
836.15	0	.6049183	.1276348	.2166962	.05075065
835.15	0	.6122835	.1185423	.2144862	.05468805
834.15	0	.6193682	.1097606	.212332	.05853913
833.15	0	.6261851	.1012761	.2102317	.06230714
832.15	0	.6327462	.0930756	.208183	.06599517
831.15	0	.6390626	.085147	.2061843	.06960612
830.15	0	.645145	.07747872	.2042335	.07314273
829.15	0	.6510034	.07005988	.2023292	.0766076
828.15	0	.6566471	.06288021	.2004695	.08000316
827.15	0	.6620852	.05593	.198653	.08333175
826.15	0	.667326	.04920007	.1968784	.08659557
825.15	0	.6723776	.04268174	.195144	.08979669
824.15	0	.6772474	.03636677	.1934487	.09293711
823.15	0	.6819427	.03024736	.1917913	.09601871
822.15	0	.6864702	.0243161	.1901704	.09904326
821.15	0	.6908365	.01856596	.1885851	.1020125
820.15	0	.6950476	.01299026	.1870342	.104928
819.15	0	.6991094	.007582634	.1855166	.1077914
818.15	0	.7030274	.002337039	.1840314	.1106041
817.6945	0	.7047657	0	.1833655	.1118688
817.6945	0	.7047657	0	.1833655	.1118688
817.15	0	.7046916	0	.1832476	.1120608
816.15	0	.7045561	0	.1830316	.1124123
815.15	0	.7044214	0	.1828163	.1127624
814.15	0	.7042873	0	.1826017	.113111
813.15	0	.7041541	0	.1823878	.1134582
812.15	0	.7040215	0	.1821746	.1138039
811.15	0	.7038896	0	.1819622	.1141482
810.15	0	.7037585	0	.1817504	.1144911
809.15	0	.7036281	0	.1815394	.1148326
808.15	0	.7034983	0	.1813291	.1151726
807.15	0	.7033693	0	.1811194	.1155113
806.15	0	.7032409	0	.1809105	.1158486
805.15	0	.7031133	0	.1807023	.1161844
804.15	0	.7029863	0	.1804948	.1165189
803.15	0	.70286	0	.180288	.116852
802.15	0	.7027343	0	.1800819	.1171838
801.15	0	.7026093	0	.1798765	.1175142
800.15	0	.702485	0	.1796718	.1178432
799.15	0	.7023613	0	.1794678	.1181709
798.15	0	.7022383	0	.1792645	.1184972
797.15	0	.7021159	0	.1790619	.1188222
796.15	0	.7019941	0	.17886	.1191459
795.15	0	.701873	0	.1786588	.1194682
794.15	0	.7017525	0	.1784583	.1197892
793.15	0	.7016327	0	.1782584	.1201089
792.15	0	.7015134	0	.1780593	.1204273
791.15	0	.7013948	0	.1778609	.1207443
790.15	0	.7012768	0	.1776631	.1210601
789.15	0	.7011594	0	.177466	.1213746
788.15	0	.7010426	0	.1772697	.1216878
787.15	0	.7009264	0	.177074	.1219997
786.15	0	.7008108	0	.176879	.1223103
785.15	0	.7006957	0	.1766846	.1226196
784.15	0	.7005813	0	.176491	.1229277
783.15	0	.7004674	0	.1762981	.1232345
782.15	0	.7003542	0	.1761058	.12354
781.15	0	.7002414	0	.1759142	.1238443
780.15	0	.7001293	0	.1757233	.1241474
779.15	0	.7000177	0	.1755331	.1244492
778.15	0	.6999067	0	.1753436	.1247497
777.15	0	.6997963	0	.1751547	.125049
776.15	0	.6996864	0	.1749665	.1253471
775.15	0	.6995771	0	.174779	.125644
774.15	0	.6994683	0	.1745921	.1259396
773.15	0	.69936	0	.174406	.126234
772.15	0	.6992524	0	.1742205	.1265272
771.15	0	.6991452	0	.1740357	.1268191
770.15	0	.6990386	0	.1738515	.1271099
769.15	0	.6989325	0	.173668	.1273995
768.15	0	.6988269	0	.1734852	.1276879
767.15	0	.6987219	0	.1733031	.127975
766.15	0	.6986174	0	.1731216	.128261
765.15	0	.6985134	0	.1729408	.1285458
764.15	0	.6984099	0	.1727607	.1288294
763.15	0	.698307	0	.1725812	.1291119
762.15	0	.6982045	0	.1724024	.1293931
761.15	0	.6981026	0	.1722242	.1296732
760.15	0	.6980011	0	.1720467	.1299521
759.15	0	.6979002	0	.1718699	.1302299
758.15	0	.6977998	0	.1716938	.1305065
757.15	0	.6976998	0	.1715182	.1307819
756.15	0	.6976004	0	.1713434	.1310562
755.15	0	.6975015	0	.1711692	.1313293
754.15	0	.697403	0	.1709957	.1316013
753.15	0	.697305	0	.1708228	.1318722
752.15	0	.6972076	0	.1706506	.1321419
751.15	0	.6971105	0	.170479	.1324105
750.15	0	.697014	0	.1703081	.1326779
749.15	0	.696918	0	.1701378	.1329442
748.15	0	.6968224	0	.1699682	.1332094
747.15	0	.6967273	0	.1697992	.1334735
746.15	0	.6966327	0	.1696309	.1337364
745.15	0	.6965385	0	.1694632	.1339983
744.15	0	.6964448	0	.1692962	.134259
743.15	0	.6963516	0	.1691298	.1345186
742.15	0	.6962588	0	.1689641	.1347771
741.15	0	.6961665	0	.168799	.1350345
740.15	0	.6960746	0	.1686346	.1352908
739.15	0	.6959832	0	.1684708	.135546
738.15	0	.6958922	0	.1683076	.1358001
737.15	0	.6958017	0	.1681451	.1360532
736.15	0	.6957117	0	.1679832	.1363051
735.15	0	.6956221	0	.167822	.1365559
734.15	0	.6955329	0	.1676614	.1368057
733.15	0	.6954442	0	.1675014	.1370544
732.15	0	.6953559	0	.1673421	.137302
731.15	0	.695268	0	.1671834	.1375486
730.15	0	.6951806	0	.1670254	.137794
729.15	0	.6950936	0	.166868	.1380385
728.15	0	.695007	0	.1667112	.1382818
727.15	0	.6949209	0	.166555	.1385241
726.15	0	.6948352	0	.1663995	.1387653
725.15	0	.6947499	0	.1662446	.1390055
724.15	0	.6946651	0	.1660903	.1392446
723.15	0	.6945807	0	.1659367	.1394827
722.15	0	.6944967	0	.1657837	.1397197
721.15	0	.6944131	0	.1656313	.1399557
720.15	0	.6943299	0	.1654795	.1401906
719.15	0	.6942471	0	.1653284	.1404245
718.15	0	.6941648	0	.1651779	.1406573
717.15	0	.6940829	0	.165028	.1408892
716.15	0	.6940013	0	.1648787	.14112
715.15	0	.6939202	0	.1647301	.1413497
714.15	0	.6938395	0	.1645821	.1415785
713.15	0	.6937592	0	.1644346	.1418062
712.15	0	.6936793	0	.1642879	.1420329
711.15	0	.6935998	0	.1641417	.1422585
710.15	0	.6935207	0	.1639961	.1424832
709.15	0	.693442	0	.1638512	.1427068
708.15	0	.6933637	0	.1637069	.1429295
707.15	0	.6932858	0	.1635631	.1431511
706.15	0	.6932082	0	.16342	.1433717
705.15	0	.6931311	0	.1632776	.1435913
704.15	0	.6930544	0	.1631357	.1438099
703.15	0	.692978	0	.1629944	.1440276
702.15	0	.6929021	0	.1628538	.1442442
701.15	0	.6928265	0	.1627137	.1444598
700.15	0	.6927513	0	.1625743	.1446744
699.15	0	.6926765	0	.1624354	.1448881
698.15	0	.6926021	0	.1622972	.1451008
697.15	0	.692528	0	.1621596	.1453124
696.15	0	.6924544	0	.1620225	.1455231
695.15	0	.6923811	0	.1618861	.1457328
694.15	0	.6923082	0	.1617503	.1459416
693.15	0	.6922356	0	.1616151	.1461493
692.15	0	.6921634	0	.1614804	.1463561
691.15	0	.6920916	0	.1613464	.146562
690.15	0	.6920202	0	.161213	.1467668
689.15	0	.6919492	0	.1610801	.1469707
688.15	0	.6918785	0	.1609479	.1471736
687.15	0	.6918081	0	.1608163	.1473756
686.15	0	.6917382	0	.1606852	.1475766
685.15	0	.6916686	0	.1605548	.1477766
684.15	0	.6915994	0	.1604249	.1479757
683.15	0	.6915305	0	.1602956	.1481739
682.15	0	.691462	0	.1601669	.1483711
681.15	0	.6913938	0	.1600388	.1485673
680.15	0	.6913261	0	.1599113	.1487626
679.15	0	.6912586	0	.1597844	.148957
678.15	0	.6911915	0	.1596581	.1491504
677.15	0	.6911248	0	.1595323	.1493429
676.15	0	.6910584	0	.1594072	.1495344
675.15	0	.6909924	0	.1592826	.149725
674.15	0	.6909267	0	.1591586	.1499147
673.15	0	.6908614	0	.1590351	.1501035
672.15	0	.6907964	0	.1589123	.1502913
671.15	0	.6907318	0	.15879	.1504782
670.15	0	.6906675	0	.1586683	.1506642
669.15	0	.6906036	0	.1585472	.1508492
668.15	0	.6905399	0	.1584267	.1510334
667.15	0	.6904767	0	.1583067	.1512166
666.15	0	.6904138	0	.1581873	.1513989
665.15	0	.6903512	0	.1580685	.1515803
664.15	0	.6902889	0	.1579503	.1517608
663.15	0	.690227	0	.1578326	.1519404
662.15	0	.6901655	0	.1577155	.1521191
661.15	0	.6901042	0	.1575989	.1522968
660.15	0	.6900433	0	.157483	.1524737
659.15	0	.6899828	0	.1573676	.1526497
658.15	0	.6899225	0	.1572527	.1528248
657.15	0	.6898626	0	.1571384	.152999
656.15	0	.689803	0	.1570247	.1531723
655.15	0	.6897438	0	.1569116	.1533447
654.15	0	.6896849	0	.156799	.1535162
653.15	0	.6896263	0	.1566869	.1536868
652.15	0	.689568	0	.1565755	.1538566
651.15	0	.68951	0	.1564645	.1540254
650.15	0	.6894524	0	.1563542	.1541934
649.15	0	.6893951	0	.1562443	.1543606
648.15	0	.6893381	0	.1561351	.1545268
647.15	0	.6892815	0	.1560264	.1546922
646.15	0	.6892251	0	.1559182	.1548567
645.15	0	.6891691	0	.1558106	.1550203
644.15	0	.6891134	0	.1557036	.1551831
643.15	0	.689058	0	.1555971	.155345
642.15	0	.6890029	0	.1554911	.155506
641.15	0	.6889481	0	.1553857	.1556662
640.15	0	.6888936	0	.1552808	.1558256
639.15	0	.6888395	0	.1551765	.1559841
638.15	0	.6887856	0	.1550727	.1561417
637.15	0	.6887321	0	.1549694	.1562985
636.15	0	.6886789	0	.1548667	.1564544
635.15	0	.688626	0	.1547646	.1566095
634.15	0	.6885733	0	.1546629	.1567637
633.15	0	.688521	0	.1545618	.1569171
632.15	0	.688469	0	.1544613	.1570697
631.15	0	.6884173	0	.1543613	.1572214
630.15	0	.6883659	0	.1542618	.1573723
629.15	0	.6883148	0	.1541628	.1575224
628.15	0	.688264	0	.1540644	.1576716
627.15	0	.6882135	0	.1539664	.15782
626.15	0	.6881633	0	.1538691	.1579676
625.15	0	.6881134	0	.1537722	.1581144
624.15	0	.6880638	0	.1536759	.1582604
623.15	0	.6880145	0	.1535801	.1584055
622.15	0	.6879654	0	.1534848	.1585498
621.15	0	.6879167	0	.15339	.1586933
620.15	0	.6878682	0	.1532958	.158836
619.15	0	.6878201	0	.1532021	.1589779
618.15	0	.6877722	0	.1531088	.1591189
617.15	0	.6877247	0	.1530161	.1592592
616.15	0	.6876774	0	.152924	.1593987
615.15	0	.6876304	0	.1528323	.1595374
614.15	0	.6875836	0	.1527411	.1596752
613.15	0	.6875372	0	.1526505	.1598123
612.15	0	.6874911	0	.1525604	.1599486
611.15	0	.6874452	0	.1524707	.1600841
610.15	0	.6873996	0	.1523816	.1602188
609.15	0	.6873543	0	.152293	.1603527
608.15	0	.6873093	0	.1522049	.1604859
607.15	0	.6872645	0	.1521172	.1606183
606.15	0	.68722	0	.1520301	.1607498
605.15	0	.6871758	0	.1519435	.1608807
604.15	0	.6871319	0	.1518574	.1610107
603.15	0	.6870883	0	.1517718	.16114
602.15	0	.6870449	0	.1516867	.1612685
601.15	0	.6870018	0	.151602	.1613962
600.15	0	.686959	0	.1515179	.1615232
599.15	0	.6869164	0	.1514342	.1616494
598.15	0	.6868741	0	.1513511	.1617749
597.15	0	.6868321	0	.1512684	.1618996
596.15	0	.6867903	0	.1511862	.1620235
595.15	0	.6867488	0	.1511045	.1621467
594.15	0	.6867076	0	.1510233	.1622691
593.15	0	.6866666	0	.1509425	.1623908
592.15	0	.6866259	0	.1508623	.1625118
591.15	0	.6865855	0	.1507825	.162632
590.15	0	.6865453	0	.1507032	.1627515
589.15	0	.6865054	0	.1506244	.1628702
588.15	0	.6864657	0	.150546	.1629882
587.15	0	.6864264	0	.1504681	.1631055
586.15	0	.6863872	0	.1503907	.1632221
585.15	0	.6863483	0	.1503138	.1633379
584.15	0	.6863097	0	.1502373	.163453
583.15	0	.6862713	0	.1501613	.1635674
582.15	0	.6862332	0	.1500858	.163681
581.15	0	.6861953	0	.1500107	.163794
580.15	0	.6861577	0	.1499361	.1639062
579.15	0	.6861203	0	.1498619	.1640177
578.15	0	.6860832	0	.1497882	.1641286
577.15	0	.6860463	0	.149715	.1642387
576.15	0	.6860097	0	.1496422	.1643481
575.15	0	.6859733	0	.1495699	.1644568
574.15	0	.6859372	0	.149498	.1645648
573.15	0	.6859013	0	.1494266	.1646721
572.15	0	.6858657	0	.1493556	.1647787
571.15	0	.6858303	0	.1492851	.1648847
570.15	0	.6857951	0	.149215	.1649899
569.15	0	.6857602	0	.1491454	.1650945
568.15	0	.6857255	0	.1490762	.1651984
567.15	0	.685691	0	.1490074	.1653016
566.15	0	.6856568	0	.1489391	.1654041
565.15	0	.6856229	0	.1488712	.1655059
564.15	0	.6855891	0	.1488038	.1656071
563.15	0	.6855556	0	.1487368	.1657076
562.15	0	.6855224	0	.1486702	.1658075
561.15	0	.6854893	0	.148604	.1659067
560.15	0	.6854565	0	.1485383	.1660052
559.15	0	.6854239	0	.148473	.1661031
558.15	0	.6853916	0	.1484082	.1662003
557.15	0	.6853595	0	.1483437	.1662968
556.15	0	.6853276	0	.1482797	.1663928
555.15	0	.6852959	0	.1482161	.166488
554.15	0	.6852645	0	.1481529	.1665826
553.15	0	.6852332	0	.1480901	.1666766
552.15	0	.6852022	0	.1480278	.16677
551.15	0	.6851715	0	.1479659	.1668627
550.15	0	.6851409	0	.1479043	.1669548
549.15	0	.6851106	0	.1478432	.1670462
548.15	0	.6850805	0	.1477825	.167137
547.15	0	.6850506	0	.1477222	.1672272
546.15	0	.6850209	0	.1476623	.1673168
545.15	0	.6849914	0	.1476028	.1674058
544.15	0	.6849622	0	.1475437	.1674941
543.15	0	.6849331	0	.147485	.1675818
542.15	0	.6849043	0	.1474267	.167669
541.15	0	.6848757	0	.1473688	.1677555
540.15	0	.6848473	0	.1473113	.1678414
539.15	0	.6848191	0	.1472542	.1679267
538.15	0	.6847911	0	.1471975	.1680114
537.15	0	.6847633	0	.1471411	.1680955
536.15	0	.6847358	0	.1470852	.168179
535.15	0	.6847084	0	.1470296	.168262
534.15	0	.6846813	0	.1469745	.1683443
533.15	0	.6846543	0	.1469197	.1684261
532.15	0	.6846275	0	.1468652	.1685072
531.15	0	.684601	0	.1468112	.1685878
530.15	0	.6845746	0	.1467575	.1686679
529.15	0	.6845485	0	.1467042	.1687473
528.15	0	.6845225	0	.1466513	.1688262
527.15	0	.6844968	0	.1465987	.1689045
526.15	0	.6844712	0	.1465465	.1689823
525.15	0	.6844458	0	.1464947	.1690595
524.15	0	.6844207	0	.1464432	.1691361
523.15	0	.6843957	0	.1463921	.1692122
522.15	0	.6843709	0	.1463414	.1692877
521.15	0	.6843463	0	.146291	.1693627
520.15	0	.6843219	0	.146241	.1694372
519.15	0	.6842977	0	.1461913	.169511
518.15	0	.6842736	0	.146142	.1695844
517.15	0	.6842498	0	.146093	.1696572
516.15	0	.6842261	0	.1460444	.1697295
515.15	0	.6842027	0	.1459961	.1698013
514.15	0	.6841793	0	.1459482	.1698725
513.15	0	.6841563	0	.1459006	.1699432
512.15	0	.6841333	0	.1458533	.1700134
511.15	0	.6841106	0	.1458064	.170083
510.15	0	.684088	0	.1457598	.1701522
509.15	0	.6840656	0	.1457136	.1702208
508.15	0	.6840434	0	.1456677	.1702889
507.15	0	.6840214	0	.1456221	.1703565
506.15	0	.6839995	0	.1455769	.1704237
505.15	0	.6839778	0	.1455319	.1704903
504.15	0	.6839563	0	.1454873	.1705564
503.15	0	.683935	0	.145443	.170622
502.15	0	.6839138	0	.1453991	.1706871
501.15	0	.6838928	0	.1453555	.1707518
500.15	0	.683872	0	.1453121	.1708159
499.15	0	.6838513	0	.1452691	.1708796
498.15	0	.6838308	0	.1452264	.1709428
497.15	0	.6838105	0	.145184	.1710055
496.15	0	.6837903	0	.145142	.1710677
495.15	0	.6837703	0	.1451002	.1711295
494.15	0	.6837505	0	.1450587	.1711908
493.15	0	.6837308	0	.1450176	.1712516
492.15	0	.6837113	0	.1449767	.171312
491.15	0	.6836919	0	.1449362	.1713719
490.15	0	.6836727	0	.1448959	.1714314
489.15	0	.6836537	0	.1448559	.1714904
488.15	0	.6836348	0	.1448163	.171549
487.15	0	.683616	0	.1447769	.1716071
486.15	0	.6835975	0	.1447378	.1716648
485.15	0	.683579	0	.144699	.171722
484.15	0	.6835608	0	.1446604	.1717788
483.15	0	.6835427	0	.1446222	.1718352
482.15	0	.6835247	0	.1445842	.1718911
481.15	0	.6835069	0	.1445465	.1719466
480.15	0	.6834892	0	.1445091	.1720017
479.15	0	.6834716	0	.144472	.1720563
478.15	0	.6834543	0	.1444351	.1721106
477.15	0	.683437	0	.1443985	.1721644
476.15	0	.6834199	0	.1443622	.1722178
475.15	0	.683403	0	.1443262	.1722708
474.15	0	.6833862	0	.1442904	.1723234
473.15	0	.6833695	0	.1442548	.1723756
472.15	0	.683353	0	.1442196	.1724274
471.15	0	.6833366	0	.1441846	.1724788
470.15	0	.6833204	0	.1441498	.1725298
469.15	0	.6833042	0	.1441153	.1725805
468.15	0	.6832883	0	.1440811	.1726307
467.15	0	.6832724	0	.1440471	.1726805
466.15	0	.6832567	0	.1440133	.17273
465.15	0	.6832411	0	.1439798	.1727791
464.15	0	.6832257	0	.1439465	.1728278
463.15	0	.6832104	0	.1439135	.1728761
462.15	0	.6831952	0	.1438807	.1729241
461.15	0	.6831801	0	.1438482	.1729717
460.15	0	.6831652	0	.1438159	.1730189
459.15	0	.6831504	0	.1437838	.1730658
458.15	0	.6831357	0	.143752	.1731123
457.15	0	.6831211	0	.1437204	.1731585
456.15	0	.6831067	0	.143689	.1732043
455.15	0	.6830924	0	.1436579	.1732497
454.15	0	.6830782	0	.1436269	.1732949
453.15	0	.6830642	0	.1435962	.1733396
452.15	0	.6830502	0	.1435657	.1733841
451.15	0	.6830364	0	.1435355	.1734282
450.15	0	.6830227	0	.1435054	.1734719
449.15	0	.6830091	0	.1434756	.1735154
448.15	0	.6829956	0	.143446	.1735585
447.15	0	.6829822	0	.1434166	.1736012
446.15	0	.682969	0	.1433874	.1736437
445.15	0	.6829558	0	.1433584	.1736858
444.15	0	.6829428	0	.1433296	.1737276
443.15	0	.6829299	0	.143301	.1737691
442.15	0	.6829171	0	.1432726	.1738103
441.15	0	.6829044	0	.1432444	.1738512
440.15	0	.6828918	0	.1432165	.1738917
439.15	0	.6828793	0	.1431887	.173932
438.15	0	.682867	0	.1431611	.1739719
437.15	0	.6828547	0	.1431337	.1740116
436.15	0	.6828425	0	.1431065	.1740509
435.15	0	.6828305	0	.1430795	.17409
434.15	0	.6828185	0	.1430527	.1741287
433.15	0	.6828067	0	.1430261	.1741672
432.15	0	.6827949	0	.1429997	.1742054
431.15	0	.6827833	0	.1429734	.1742433
430.15	0	.6827717	0	.1429474	.1742809
429.15	0	.6827603	0	.1429215	.1743183
428.15	0	.6827489	0	.1428958	.1743553
427.15	0	.6827376	0	.1428702	.1743921
426.15	0	.6827265	0	.1428448	.1744287
425.15	0	.6827154	0	.1428197	.1744649
424.15	0	.6827045	0	.1427946	.1745009
423.15	0	.6826936	0	.1427698	.1745366
422.15	0	.6826828	0	.1427451	.1745721
421.15	0	.6826721	0	.1427206	.1746073
420.15	0	.6826615	0	.1426962	.1746423
419.15	0	.682651	0	.1426721	.174677
418.15	0	.6826405	0	.142648	.1747115
417.15	0	.6826302	0	.1426241	.1747457
416.15	0	.6826199	0	.1426004	.1747797
415.15	0	.6826098	0	.1425769	.1748134
