T	 BPW(LIQUID)	BPW(BCC_A2)	BPW(FCC_A1)	BPW(LAVES_PHASE_C14)	BPW(NI3TI)
1473.15	0	1	0	0	0
1472.15	0	1	0	0	0
1471.15	0	1	0	0	0
1470.15	0	1	0	0	0
1469.15	0	1	0	0	0
1468.15	0	1	0	0	0
1467.15	0	1	0	0	0
1466.15	0	1	0	0	0
1465.15	0	1	0	0	0
1464.15	0	1	0	0	0
1463.15	0	1	0	0	0
1462.15	0	1	0	0	0
1461.15	0	1	0	0	0
1460.15	0	1	0	0	0
1459.15	0	1	0	0	0
1458.15	0	1	0	0	0
1457.15	0	1	0	0	0
1456.15	0	1	0	0	0
1455.15	0	1	0	0	0
1454.15	0	1	0	0	0
1453.15	0	1	0	0	0
1452.15	0	1	0	0	0
1451.15	0	1	0	0	0
1450.15	0	1	0	0	0
1449.15	0	1	0	0	0
1448.15	0	1	0	0	0
1447.15	0	1	0	0	0
1446.15	0	1	0	0	0
1445.15	0	1	0	0	0
1444.15	0	1	0	0	0
1443.15	0	1	0	0	0
1442.15	0	1	0	0	0
1441.15	0	1	0	0	0
1440.15	0	1	0	0	0
1439.15	0	1	0	0	0
1438.15	0	1	0	0	0
1437.15	0	1	0	0	0
1436.15	0	1	0	0	0
1435.15	0	1	0	0	0
1434.15	0	1	0	0	0
1433.15	0	1	0	0	0
1432.15	0	1	0	0	0
1431.15	0	1	0	0	0
1430.15	0	1	0	0	0
1429.15	0	1	0	0	0
1428.15	0	1	0	0	0
1427.15	0	1	0	0	0
1426.15	0	1	0	0	0
1425.15	0	1	0	0	0
1424.15	0	1	0	0	0
1423.15	0	1	0	0	0
1422.15	0	1	0	0	0
1421.15	0	1	0	0	0
1420.15	0	1	0	0	0
1419.15	0	1	0	0	0
1418.15	0	1	0	0	0
1417.15	0	1	0	0	0
1416.15	0	1	0	0	0
1415.15	0	1	0	0	0
1414.15	0	1	0	0	0
1413.15	0	1	0	0	0
1412.15	0	1	0	0	0
1411.15	0	1	0	0	0
1410.15	0	1	0	0	0
1409.15	0	1	0	0	0
1408.15	0	1	0	0	0
1407.15	0	1	0	0	0
1406.15	0	1	0	0	0
1405.15	0	1	0	0	0
1404.15	0	1	0	0	0
1403.15	0	1	0	0	0
1402.15	0	1	0	0	0
1401.15	0	1	0	0	0
1400.15	0	1	0	0	0
1399.15	0	1	0	0	0
1398.15	0	1	0	0	0
1397.15	0	1	0	0	0
1396.15	0	1	0	0	0
1395.15	0	1	0	0	0
1394.15	0	1	0	0	0
1393.15	0	1	0	0	0
1392.15	0	1	0	0	0
1391.15	0	1	0	0	0
1390.15	0	1	0	0	0
1389.15	0	1	0	0	0
1388.15	0	1	0	0	0
1387.15	0	1	0	0	0
1386.15	0	1	0	0	0
1385.15	0	1	0	0	0
1384.15	0	1	0	0	0
1383.15	0	1	0	0	0
1382.15	0	1	0	0	0
1381.15	0	1	0	0	0
1380.15	0	1	0	0	0
1379.15	0	1	0	0	0
1378.15	0	1	0	0	0
1377.15	0	1	0	0	0
1376.15	0	1	0	0	0
1375.15	0	1	0	0	0
1374.15	0	1	0	0	0
1373.871	0	1	0	0	0
1373.871	0	1	0	0	0
1373.871	0	1	0	0	0
1373.15	0	.9994919	0	5.080597E-04	0
1372.15	0	.9987883	0	.001211669	0
1371.15	0	.9980864	0	.001913642	0
1370.15	0	.997386	0	.002613987	0
1369.15	0	.9966873	0	.003312706	0
1368.15	0	.9959902	0	.004009806	0
1367.15	0	.9952947	0	.004705292	0
1366.15	0	.9946008	0	.005399169	0
1365.15	0	.9939086	0	.006091442	0
1364.15	0	.9932179	0	.006782116	0
1363.15	0	.9925288	0	.007471197	0
1362.15	0	.9918413	0	.008158689	0
1361.15	0	.9911554	0	.008844597	0
1360.15	0	.9904711	0	.009528927	0
1359.15	0	.9897883	0	.01021168	0
1358.15	0	.9891071	0	.01089287	0
1357.15	0	.9884275	0	.0115725	0
1356.15	0	.9877494	0	.01225056	0
1355.15	0	.9870729	0	.01292707	0
1354.15	0	.986398	0	.01360203	0
1353.15	0	.9857246	0	.01427545	0
1352.15	0	.9850527	0	.01494733	0
1351.15	0	.9843823	0	.01561768	0
1350.15	0	.9837135	0	.01628649	0
1349.15	0	.9830462	0	.01695378	0
1348.15	0	.9823804	0	.01761955	0
1347.15	0	.9817162	0	.01828381	0
1346.15	0	.9810534	0	.01894655	0
1345.15	0	.9803922	0	.01960779	0
1344.15	0	.9797325	0	.02026753	0
1343.15	0	.9790742	0	.02092577	0
1342.15	0	.9784175	0	.02158252	0
1341.15	0	.9777622	0	.02223778	0
1340.15	0	.9771084	0	.02289156	0
1339.15	0	.9764561	0	.02354386	0
1338.15	0	.9758053	0	.02419468	0
1337.15	0	.975156	0	.02484404	0
1336.15	0	.9745081	0	.02549193	0
1335.15	0	.9738616	0	.02613836	0
1334.15	0	.9732167	0	.02678334	0
1333.15	0	.9725731	0	.02742686	0
1332.15	0	.9719311	0	.02806894	0
1331.15	0	.9712904	0	.02870957	0
1330.15	0	.9706512	0	.02934877	0
1329.15	0	.9700135	0	.02998653	0
1328.15	0	.9693771	0	.03062286	0
1327.15	0	.9687422	0	.03125777	0
1326.15	0	.9681087	0	.03189126	0
1325.15	0	.9674767	0	.03252333	0
1324.15	0	.966846	0	.03315399	0
1323.15	0	.9662168	0	.03378324	0
1322.15	0	.9655889	0	.03441108	0
1321.15	0	.9649625	0	.03503753	0
1320.15	0	.9643374	0	.03566258	0
1319.15	0	.9637138	0	.03628624	0
1318.15	0	.9630915	0	.03690851	0
1317.15	0	.9624706	0	.0375294	0
1316.15	0	.9618511	0	.03814891	0
1315.15	0	.961233	0	.03876704	0
1314.15	0	.9606162	0	.03938381	0
1313.15	0	.9600008	0	.03999921	0
1312.15	0	.9593868	0	.04061324	0
1311.15	0	.9587741	0	.04122592	0
1310.15	0	.9581628	0	.04183724	0
1309.15	0	.9575528	0	.04244721	0
1308.15	0	.9569442	0	.04305583	0
1307.15	0	.9563369	0	.04366311	0
1306.15	0	.955731	0	.04426905	0
1305.15	0	.9551263	0	.04487366	0
1304.15	0	.9545231	0	.04547693	0
1303.15	0	.9539211	0	.04607888	0
1302.15	0	.9533205	0	.04667951	0
1301.15	0	.9527212	0	.04727881	0
1300.15	0	.9521232	0	.0478768	0
1299.15	0	.9515265	0	.04847348	0
1298.15	0	.9509312	0	.04906885	0
1297.15	0	.9503371	0	.04966291	0
1296.15	0	.9497443	0	.05025567	0
1295.15	0	.9491529	0	.05084714	0
1294.15	0	.9485627	0	.05143732	0
1293.15	0	.9479738	0	.0520262	0
1292.15	0	.9473862	0	.0526138	0
1291.15	0	.9467999	0	.05320012	0
1290.15	0	.9462149	0	.05378515	0
1289.15	0	.9456311	0	.05436892	0
1288.15	0	.9450486	0	.05495141	0
1287.15	0	.9444674	0	.05553263	0
1286.15	0	.9438874	0	.05611259	0
1285.15	0	.9433087	0	.05669129	0
1284.15	0	.9427313	0	.05726874	0
1283.15	0	.9421551	0	.05784493	0
1282.15	0	.9415801	0	.05841987	0
1281.15	0	.9410064	0	.05899356	0
1280.15	0	.940434	0	.05956601	0
1279.15	0	.9398628	0	.06013722	0
1278.15	0	.9392928	0	.0607072	0
1277.15	0	.9387241	0	.06127594	0
1276.15	0	.9381566	0	.06184345	0
1275.15	0	.9375903	0	.06240974	0
1274.15	0	.9370252	0	.06297481	0
1273.15	0	.9364613	0	.06353866	0
1272.15	0	.9358987	0	.06410129	0
1271.15	0	.9353373	0	.06466271	0
1270.15	0	.9347771	0	.06522292	0
1269.15	0	.9342181	0	.06578193	0
1268.15	0	.9336603	0	.06633973	0
1267.15	0	.9331037	0	.06689633	0
1266.15	0	.9325483	0	.06745174	0
1265.15	0	.931994	0	.06800596	0
1264.15	0	.931441	0	.06855899	0
1263.15	0	.9308892	0	.06911083	0
1262.15	0	.9303385	0	.06966149	0
1261.15	0	.929789	0	.07021097	0
1260.15	0	.9292407	0	.07075928	0
1259.15	0	.9286936	0	.07130641	0
1258.15	0	.9281476	0	.07185237	0
1257.15	0	.9276028	0	.07239717	0
1256.15	0	.9270592	0	.0729408	0
1255.15	0	.9265167	0	.07348327	0
1254.15	0	.9259754	0	.07402458	0
1253.15	0	.9254353	0	.07456474	0
1252.15	0	.9248962	0	.07510375	0
1251.15	0	.9243584	0	.07564161	0
1250.15	0	.9238217	0	.07617833	0
1249.15	0	.9232861	0	.07671391	0
1248.15	0	.9227517	0	.07724834	0
1247.15	0	.9222184	0	.07778164	0
1246.15	0	.9216862	0	.07831381	0
1245.15	0	.9211552	0	.07884484	0
1244.15	0	.9206252	0	.07937476	0
1243.15	0	.9200965	0	.07990354	0
1242.15	0	.9195688	0	.08043121	0
1241.15	0	.9190422	0	.08095776	0
1240.15	0	.9185168	0	.08148319	0
1239.15	0	.9179925	0	.08200751	0
1238.15	0	.9174693	0	.08253072	0
1237.15	0	.9169472	0	.08305283	0
1236.15	0	.9164262	0	.08357383	0
1235.15	0	.9159063	0	.08409373	0
1234.15	0	.9153875	0	.08461253	0
1233.15	0	.9148698	0	.08513024	0
1232.15	0	.9143532	0	.08564685	0
1231.15	0	.9138376	0	.08616238	0
1230.15	0	.9133232	0	.08667682	0
1229.15	0	.9128098	0	.08719018	0
1228.15	0	.9122976	0	.08770245	0
1227.15	0	.9117864	0	.08821365	0
1226.15	0	.9112762	0	.08872377	0
1225.15	0	.9107672	0	.08923282	0
1224.15	0	.9102592	0	.0897408	0
1223.15	0	.9097523	0	.09024771	0
1222.15	0	.9092464	0	.09075356	0
1221.15	0	.9087417	0	.09125835	0
1220.15	0	.9082379	0	.09176207	0
1219.15	0	.9077353	0	.09226474	0
1218.15	0	.9072336	0	.09276636	0
1217.15	0	.9067331	0	.09326692	0
1216.15	0	.9062336	0	.09376644	0
1215.15	0	.9057351	0	.09426491	0
1214.15	0	.9052377	0	.09476233	0
1213.15	0	.9047413	0	.09525872	0
1212.15	0	.9042459	0	.09575407	0
1211.15	0	.9037516	0	.09624838	0
1210.15	0	.9032583	0	.09674166	0
1209.15	0	.9027661	0	.09723391	0
1208.15	0	.9022749	0	.09772513	0
1207.15	0	.9017847	0	.09821532	0
1206.15	0	.9012955	0	.0987045	0
1205.15	0	.9008074	0	.09919265	0
1204.15	0	.9003202	0	.09967978	0
1203.15	0	.8998341	0	.1001659	0
1202.15	0	.899349	0	.100651	0
1201.15	0	.8988649	0	.1011351	0
1200.15	0	.8983818	0	.1016182	0
1199.15	0	.8978997	0	.1021003	0
1198.15	0	.8974187	0	.1025814	0
1197.15	0	.8969386	0	.1030614	0
1196.15	0	.8964595	0	.1035405	0
1195.15	0	.8959814	0	.1040186	0
1194.15	0	.8955043	0	.1044957	0
1193.15	0	.8950282	0	.1049718	0
1192.15	0	.8945531	0	.1054469	0
1191.15	0	.894079	0	.105921	0
1190.15	0	.8936059	0	.1063941	0
1189.15	0	.8931337	0	.1068663	0
1188.15	0	.8926625	0	.1073375	0
1187.15	0	.8921923	0	.1078077	0
1186.15	0	.8917231	0	.1082769	0
1185.15	0	.8912549	0	.1087452	0
1184.15	0	.8907876	0	.1092124	0
1183.15	0	.8903213	0	.1096787	0
1182.15	0	.8898559	0	.1101441	0
1181.15	0	.8893915	0	.1106085	0
1180.15	0	.8889281	0	.1110719	0
1179.15	0	.8884656	0	.1115344	0
1178.15	0	.8880041	0	.1119959	0
1177.15	0	.8875436	0	.1124564	0
1176.15	0	.887084	0	.112916	0
1175.15	0	.8866253	0	.1133747	0
1174.15	0	.8861676	0	.1138324	0
1173.15	0	.8857109	0	.1142891	0
1172.15	0	.8852551	0	.1147449	0
1171.15	0	.8848002	0	.1151998	0
1170.15	0	.8843463	0	.1156537	0
1169.15	0	.8838933	0	.1161067	0
1168.15	0	.8834412	0	.1165588	0
1167.15	0	.8829901	0	.1170099	0
1166.15	0	.8825399	0	.1174601	0
1165.15	0	.8820906	0	.1179094	0
1164.15	0	.8816423	0	.1183577	0
1163.15	0	.8811949	0	.1188051	0
1162.15	0	.8807484	0	.1192516	0
1161.15	0	.8803028	0	.1196972	0
1160.15	0	.8798582	0	.1201418	0
1159.15	0	.8794145	0	.1205855	0
1158.15	0	.8789716	0	.1210284	0
1157.15	0	.8785297	0	.1214703	0
1156.15	0	.8780887	0	.1219113	0
1155.15	0	.8776486	0	.1223514	0
1154.15	0	.8772094	0	.1227906	0
1153.15	0	.8767712	0	.1232288	0
1152.15	0	.8763338	0	.1236662	0
1151.15	0	.8758973	0	.1241027	0
1150.15	0	.8754618	0	.1245383	0
1149.15	0	.8750271	0	.1249729	0
1148.15	0	.8745933	0	.1254067	0
1147.15	0	.8741604	0	.1258396	0
1146.15	0	.8737284	0	.1262716	0
1145.15	0	.8732973	0	.1267027	0
1144.15	0	.8728671	0	.1271329	0
1143.15	0	.8724377	0	.1275623	0
1142.15	0	.8720093	0	.1279907	0
1141.15	0	.8715817	0	.1284183	0
1140.15	0	.871155	0	.128845	0
1139.15	0	.8707292	0	.1292708	0
1138.15	0	.8703043	0	.1296957	0
1137.15	0	.8698802	0	.1301198	0
1136.15	0	.869457	0	.130543	0
1135.15	0	.8690347	0	.1309653	0
1134.15	0	.8686132	0	.1313868	0
1133.15	0	.8681926	0	.1318074	0
1132.15	0	.8677729	0	.1322271	0
1131.15	0	.867354	0	.132646	0
1130.15	0	.866936	0	.133064	0
1129.15	0	.8665189	0	.1334811	0
1128.15	0	.8661026	0	.1338974	0
1127.15	0	.8656872	0	.1343128	0
1126.15	0	.8652726	0	.1347274	0
1125.15	0	.8648589	0	.1351411	0
1124.15	0	.864446	0	.135554	0
1123.15	0	.864034	0	.135966	0
1122.15	0	.8636228	0	.1363772	0
1121.15	0	.8632125	0	.1367875	0
1120.15	0	.862803	0	.137197	0
1119.15	0	.8623944	0	.1376056	0
1118.15	0	.8619866	0	.1380134	0
1117.15	0	.8615796	0	.1384204	0
1116.15	0	.8611735	0	.1388265	0
1115.15	0	.8607682	0	.1392318	0
1114.15	0	.8603637	0	.1396363	0
1113.15	0	.8599601	0	.1400399	0
1112.15	0	.8595573	0	.1404427	0
1111.15	0	.8591553	0	.1408447	0
1110.15	0	.8587542	0	.1412458	0
1109.15	0	.8583539	0	.1416461	0
1108.15	0	.8579544	0	.1420456	0
1107.15	0	.8575557	0	.1424443	0
1106.15	0	.8571579	0	.1428421	0
1105.15	0	.8567608	0	.1432392	0
1104.15	0	.8563646	0	.1436354	0
1103.15	0	.8559692	0	.1440308	0
1102.15	0	.8555746	0	.1444254	0
1101.15	0	.8551809	0	.1448191	0
1100.15	0	.8547879	0	.1452121	0
1099.15	0	.8543958	0	.1456042	0
1098.15	0	.8540044	0	.1459956	0
1097.15	0	.8536139	0	.1463861	0
1096.15	0	.8532242	0	.1467758	0
1095.15	0	.8528352	0	.1471648	0
1094.15	0	.8524471	0	.1475529	0
1093.15	0	.8520598	0	.1479402	0
1092.15	0	.8516733	0	.1483267	0
1091.15	0	.8512875	0	.1487125	0
1090.15	0	.8509026	0	.1490974	0
1089.15	0	.8505185	0	.1494815	0
1088.15	0	.8501351	0	.1498649	0
1087.15	0	.8497526	0	.1502474	0
1086.15	0	.8493708	0	.1506292	0
1085.15	0	.8489898	0	.1510102	0
1084.15	0	.8486096	0	.1513904	0
1083.15	0	.8482302	0	.1517698	0
1082.15	0	.8478516	0	.1521484	0
1081.15	0	.8474738	0	.1525262	0
1080.15	0	.8470967	0	.1529033	0
1079.15	0	.8467205	0	.1532795	0
1078.15	0	.846345	0	.153655	0
1077.15	0	.8459703	0	.1540297	0
1076.15	0	.8455963	0	.1544037	0
1075.15	0	.8452231	0	.1547769	0
1074.15	0	.8448507	0	.1551493	0
1073.15	0	.8444791	0	.1555209	0
1072.15	0	.8441083	0	.1558917	0
1071.15	0	.8437382	0	.1562618	0
1070.15	0	.8433689	0	.1566311	0
1069.15	0	.8430003	0	.1569997	0
1068.15	0	.8426325	0	.1573675	0
1067.15	0	.8422655	0	.1577345	0
1066.15	0	.8418993	0	.1581007	0
1065.15	0	.8415338	0	.1584662	0
1064.15	0	.841169	0	.158831	0
1063.15	0	.8408051	0	.159195	0
1062.15	0	.8404418	0	.1595582	0
1061.15	0	.8400794	0	.1599206	0
1060.15	0	.8397177	0	.1602824	0
1059.15	0	.8393567	0	.1606433	0
1058.15	0	.8389965	0	.1610035	0
1057.15	0	.838637	0	.161363	0
1056.15	0	.8382783	0	.1617217	0
1055.15	0	.8379204	0	.1620796	0
1054.15	0	.8375632	0	.1624369	0
1053.15	0	.8372067	0	.1627933	0
1052.15	0	.836851	0	.163149	0
1051.15	0	.836496	0	.163504	0
1050.15	0	.8361418	0	.1638583	0
1049.15	0	.8357883	0	.1642117	0
1048.15	0	.8354355	0	.1645645	0
1047.15	0	.8350835	0	.1649165	0
1046.15	0	.8347322	0	.1652678	0
1045.15	0	.8343817	0	.1656183	0
1044.15	0	.8340319	0	.1659681	0
1043.15	0	.8336828	0	.1663172	0
1042.15	0	.8333344	0	.1666656	0
1041.15	0	.8329868	0	.1670132	0
1040.15	0	.83264	0	.1673601	0
1039.15	0	.8322938	0	.1677062	0
1038.15	0	.8319484	0	.1680516	0
1037.15	0	.8316037	0	.1683963	0
1036.15	0	.8312597	0	.1687403	0
1035.15	0	.8309165	0	.1690835	0
1034.15	0	.830574	0	.169426	0
1033.15	0	.8302322	0	.1697678	0
1032.15	0	.8298911	0	.1701089	0
1031.15	0	.8295507	0	.1704493	0
1030.15	0	.8292111	0	.1707889	0
1029.15	0	.8288722	0	.1711279	0
1028.15	0	.8285339	0	.1714661	0
1027.15	0	.8281965	0	.1718035	0
1026.15	0	.8278597	0	.1721403	0
1025.15	0	.8275236	0	.1724764	0
1024.15	0	.8271883	0	.1728117	0
1023.15	0	.8268536	0	.1731464	0
1022.15	0	.8265197	0	.1734803	0
1021.15	0	.8261865	0	.1738135	0
1020.15	0	.825854	0	.174146	0
1019.15	0	.8255222	0	.1744778	0
1018.15	0	.8251911	0	.1748089	0
1017.15	0	.8248607	0	.1751393	0
1016.15	0	.824531	0	.175469	0
1015.15	0	.8242021	0	.175798	0
1014.15	0	.8238738	0	.1761262	0
1013.15	0	.8235462	0	.1764538	0
1012.15	0	.8232193	0	.1767807	0
1011.15	0	.8228931	0	.1771069	0
1010.15	0	.8225677	0	.1774323	0
1009.15	0	.8222429	0	.1777571	0
1008.15	0	.8219188	0	.1780812	0
1007.15	0	.8215954	0	.1784046	0
1006.15	0	.8212727	0	.1787273	0
1005.15	0	.8209507	0	.1790493	0
1004.15	0	.8206294	0	.1793706	0
1003.15	0	.8203088	0	.1796912	0
1002.15	0	.8199889	0	.1800111	0
1001.15	0	.8196696	0	.1803304	0
1000.15	0	.8193511	0	.1806489	0
999.15	0	.8190332	0	.1809668	0
998.15	0	.818716	0	.181284	0
997.15	0	.8183996	0	.1816005	0
996.15	0	.8180838	0	.1819163	0
995.15	0	.8177686	0	.1822314	0
994.15	0	.8174542	0	.1825458	0
993.15	0	.8171404	0	.1828596	0
992.15	0	.8168274	0	.1831726	0
991.15	0	.816515	0	.183485	0
990.15	0	.8162033	0	.1837967	0
989.15	0	.8158922	0	.1841078	0
988.15	0	.8155819	0	.1844181	0
987.15	0	.8152722	0	.1847278	0
986.15	0	.8149632	0	.1850368	0
985.15	0	.8146549	0	.1853451	0
984.15	0	.8143472	0	.1856528	0
983.15	0	.8140403	0	.1859597	0
982.15	0	.813734	0	.186266	0
981.15	0	.8134283	0	.1865717	0
980.15	0	.8131234	0	.1868766	0
979.15	0	.8128191	0	.1871809	0
978.15	0	.8125155	0	.1874845	0
977.15	0	.8122125	0	.1877875	0
976.15	0	.8119102	0	.1880898	0
975.15	0	.8116086	0	.1883914	0
974.15	0	.8113077	0	.1886923	0
973.15	0	.8110074	0	.1889926	0
972.15	0	.8107078	0	.1892922	0
971.15	0	.8104088	0	.1895912	0
970.15	0	.8101105	0	.1898895	0
969.15	0	.8098129	0	.1901871	0
968.15	0	.8095159	0	.1904841	0
967.15	0	.8092196	0	.1907804	0
966.15	0	.808924	0	.191076	0
965.15	0	.808629	0	.191371	0
964.15	0	.8083347	0	.1916653	0
963.15	0	.808041	0	.191959	0
962.15	0	.807748	0	.192252	0
961.15	0	.8074556	0	.1925444	0
960.15	0	.8071639	0	.1928361	0
959.15	0	.8068729	0	.1931271	0
958.15	0	.8065825	0	.1934175	0
957.15	0	.8062928	0	.1937072	0
956.15	0	.8060037	0	.1939963	0
955.15	0	.8057153	0	.1942848	0
954.15	0	.8054275	0	.1945725	0
953.15	0	.8051403	0	.1948597	0
952.15	0	.8048538	0	.1951462	0
951.15	0	.804568	0	.195432	0
950.15	0	.8042828	0	.1957172	0
949.15	0	.8039983	0	.1960017	0
948.15	0	.8037144	0	.1962856	0
947.15	0	.8034312	0	.1965688	0
946.15	0	.8031486	0	.1968514	0
945.15	0	.8028666	0	.1971334	0
944.15	0	.8025853	0	.1974147	0
943.15	0	.8023047	0	.1976953	0
942.15	0	.8020247	0	.1979754	0
941.15	0	.8017453	0	.1982547	0
940.15	0	.8014665	0	.1985335	0
939.15	0	.8011884	0	.1988116	0
938.15	0	.800911	0	.199089	0
937.15	0	.8006342	0	.1993658	0
936.15	0	.800358	0	.199642	0
935.15	0	.8000825	0	.1999175	0
934.15	0	.7998076	0	.2001924	0
933.15	0	.7995333	0	.2004667	0
932.15	0	.7992597	0	.2007403	0
931.15	0	.7989867	0	.2010133	0
930.15	0	.7987144	0	.2012856	0
929.15	0	.7984426	0	.2015574	0
928.15	0	.7981715	0	.2018285	0
927.15	0	.7979011	0	.2020989	0
926.15	0	.7976313	0	.2023687	0
925.15	0	.7973621	0	.2026379	0
924.15	0	.7970935	0	.2029065	0
923.15	0	.7968256	0	.2031744	0
922.15	0	.7965583	0	.2034417	0
921.15	0	.7962917	0	.2037083	0
920.15	0	.7960256	0	.2039744	0
919.15	0	.7957602	0	.2042398	0
918.15	0	.7954955	0	.2045045	0
917.15	0	.7952313	0	.2047687	0
916.15	0	.7949678	0	.2050322	0
915.15	0	.7947049	0	.2052951	0
914.15	0	.7944426	0	.2055574	0
913.15	0	.794181	0	.205819	0
912.15	0	.79392	0	.20608	0
911.15	0	.7936596	0	.2063404	0
910.15	0	.7933998	0	.2066002	0
909.15	0	.7931407	0	.2068593	0
908.15	0	.7928821	0	.2071179	0
907.15	0	.7926242	0	.2073758	0
906.15	0	.7923669	0	.2076331	0
905.15	0	.7921103	0	.2078897	0
904.15	0	.7918542	0	.2081458	0
903.15	0	.7915988	0	.2084012	0
902.15	0	.791344	0	.208656	0
901.15	0	.7910898	0	.2089102	0
900.15	0	.7908363	0	.2091637	0
899.15	0	.7905833	0	.2094167	0
898.15	0	.790331	0	.209669	0
897.15	0	.7900793	0	.2099207	0
896.15	0	.7898282	0	.2101718	0
895.15	0	.7895777	0	.2104223	0
894.15	0	.7893278	0	.2106722	0
893.15	0	.7890786	0	.2109214	0
892.15	0	.7888299	0	.2111701	0
891.15	0	.7885819	0	.2114181	0
890.837	0	.7885044	0	.2114956	0
890.837	0	.7885044	0	.2114956	0
890.837	0	.7885044	0	.2114956	0
890.15	0	.7879087	4.831522E-04	.2116081	0
889.15	0	.7870427	.001186393	.2117709	0
888.15	0	.7861781	.001889567	.2119324	0
887.15	0	.7853146	.002592713	.2120926	0
886.15	0	.7844525	.003295872	.2122516	0
885.15	0	.7835915	.003999084	.2124094	0
884.15	0	.7827318	.004702393	.2125658	0
883.15	0	.7818732	.005405842	.212721	0
882.15	0	.7810157	.006109477	.2128748	0
881.15	0	.7801593	.006813343	.2130274	0
880.15	0	.7793039	.007517488	.2131786	0
879.15	0	.7784496	.008221961	.2133285	0
878.15	0	.7775962	.008926812	.213477	0
877.15	0	.7767437	.009632093	.2136242	0
876.15	0	.7758922	.01033786	.21377	0
875.15	0	.7750415	.01104416	.2139144	0
874.15	0	.7741916	.01175106	.2140574	0
873.15	0	.7733424	.0124586	.214199	0
872.15	0	.772494	.01316686	.2143391	0
871.15	0	.7716463	.0138759	.2144779	0
870.15	0	.7707991	.01458577	.2146151	0
869.15	0	.7699526	.01529654	.2147509	0
868.15	0	.7691065	.01600828	.2148852	0
867.15	0	.768261	.01672105	.215018	0
866.15	0	.7674158	.01743494	.2151492	0
865.15	0	.766571	.01815	.215279	0
864.15	0	.7657265	.01886633	.2154071	0
863.15	0	.7648823	.01958398	.2155337	0
862.15	0	.7640382	.02030306	.2156587	0
861.15	0	.7631942	.02102363	.2157821	0
860.15	0	.7623503	.02174579	.2159039	0
859.15	0	.7615064	.02246961	.216024	0
858.15	0	.7606624	.02319521	.2161424	0
857.15	0	.7598182	.02392265	.2162592	0
856.15	0	.7589737	.02465206	.2163742	0
855.15	0	.758129	.02538352	.2164875	0
854.15	0	.7572838	.02611713	.2165991	0
853.15	0	.7564382	.02685302	.2167088	0
852.15	0	.755592	.02759128	.2168167	0
851.15	0	.7547451	.02833203	.2169228	0
850.15	0	.7538975	.0290754	.2170271	0
849.15	0	.7530491	.0298215	.2171294	0
848.15	0	.7521997	.03057046	.2172299	0
847.15	0	.7513493	.03132242	.2173283	0
846.15	0	.7504977	.03207752	.2174248	0
845.15	0	.7496448	.03283589	.2175193	0
844.15	0	.7487905	.03359769	.2176118	0
843.15	0	.7479348	.03436306	.2177022	0
842.15	0	.7470774	.03513218	.2177904	0
841.15	0	.7462183	.03590521	.2178765	0
840.15	0	.7453572	.03668232	.2179605	0
839.15	0	.7444942	.03746369	.2180421	0
838.15	0	.7436289	.03824951	.2181216	0
837.15	0	.7427613	.03903998	.2181987	0
836.15	0	.7418913	.03983531	.2182734	0
835.15	0	.7410185	.04063571	.2183458	0
834.15	0	.7401429	.0414414	.2184157	0
833.15	0	.7392643	.04225262	.2184831	0
832.15	0	.7383825	.04306963	.2185479	0
831.15	0	.7374972	.04389266	.2186102	0
830.15	0	.7366083	.04472201	.2186697	0
829.15	0	.7357156	.04555795	.2187265	0
828.15	0	.7348187	.04640078	.2187805	0
827.15	0	.7339175	.04725083	.2188316	0
826.15	0	.7330118	.04810842	.2188798	0
825.15	0	.7321011	.0489739	.218925	0
824.15	0	.7311853	.04984764	.2189671	0
823.15	0	.730264	.05073005	.219006	0
822.15	0	.7293369	.05162152	.2190416	0
821.15	0	.7284037	.05252251	.2190738	0
820.15	0	.7274639	.05343349	.2191026	0
819.15	0	.7265173	.05435494	.2191278	0
818.15	0	.7255633	.05528741	.2191493	0
817.15	0	.7246016	.05623145	.219167	0
816.15	0	.7236316	.05718768	.2191807	0
815.15	0	.7226529	.05815674	.2191903	0
814.15	0	.7216649	.05913932	.2191957	0
813.15	0	.7206671	.06013618	.2191968	0
812.15	0	.7196587	.06114812	.2191932	0
811.15	0	.7186391	.062176	.2191849	0
810.15	0	.7176076	.06322077	.2191716	0
809.15	0	.7165634	.06428346	.2191532	0
808.15	0	.7155055	.06536517	.2191293	0
807.15	0	.7144331	.0664671	.2190998	0
806.15	0	.7133451	.0675906	.2190643	0
805.15	0	.7122404	.06873711	.2190225	0
804.15	0	.7111176	.06990823	.2189741	0
803.15	0	.7099755	.07110575	.2189188	0
802.15	0	.7083212	.07291555	.2187632	0
801.15	0	.7064918	.07493991	.2185683	0
800.15	0	.7047376	.07688116	.2183812	0
799.15	0	.7030536	.07874492	.2182015	0
798.15	0	.701435	.0805363	.2180287	0
797.15	0	.6998777	.08225998	.2178623	0
796.15	0	.6983777	.08392022	.2177021	0
795.15	0	.6969315	.08552093	.2175476	0
794.15	0	.6955358	.08706569	.2173985	0
793.15	0	.6941877	.08855779	.2172545	0
792.15	0	.6928845	.09000026	.2171152	0
791.15	0	.6916236	.09139588	.2169805	0
790.15	0	.6904026	.09274724	.2168501	0
789.15	0	.6892196	.09405671	.2167237	0
788.15	0	.6880723	.0953265	.2166012	0
787.15	0	.6869601	.09655795	.216482	0
786.15	0	.6858791	.09775444	.2163665	0
785.15	0	.6848288	.09891697	.2162542	0
784.15	0	.6838078	.1000472	.2161451	0
783.15	0	.6828146	.1011466	.2160388	0
782.15	0	.6818479	.1022167	.2159353	0
781.15	0	.6809067	.1032588	.2158345	0
780.15	0	.6799896	.1042742	.2157362	0
779.15	0	.6790957	.105264	.2156403	0
778.15	0	.6782239	.1062294	.2155467	0
777.15	0	.6773734	.1071714	.2154552	0
776.15	0	.6765432	.108091	.2153659	0
775.15	0	.6757325	.1089891	.2152785	0
774.15	0	.6749405	.1098665	.215193	0
773.15	0	.6741665	.1107242	.2151093	0
772.15	0	.6734098	.1115629	.2150273	0
771.15	0	.6726697	.1123833	.214947	0
770.15	0	.6719456	.1131862	.2148682	0
769.15	0	.6712369	.1139722	.214791	0
768.15	0	.670543	.1147418	.2147152	0
767.15	0	.6698634	.1154958	.2146408	0
766.15	0	.6691976	.1162346	.2145677	0
765.15	0	.6685451	.1169589	.2144959	0
764.15	0	.6679055	.1176691	.2144254	0
763.15	0	.6672783	.1183658	.214356	0
762.15	0	.6666631	.1190493	.2142877	0
761.15	0	.6660594	.1197201	.2142205	0
760.15	0	.665467	.1203787	.2141543	0
759.15	0	.6648855	.1210254	.2140891	0
758.15	0	.6643144	.1216606	.2140249	0
757.15	0	.6637536	.1222848	.2139616	0
756.15	0	.6632026	.1228982	.2138992	0
755.15	0	.6626611	.1235012	.2138377	0
754.15	0	.662129	.1240941	.2137769	0
753.15	0	.6616058	.1246772	.213717	0
752.15	0	.6610914	.1252509	.2136578	0
751.15	0	.6605854	.1258153	.2135993	0
750.15	0	.6600876	.1263708	.2135415	0
749.15	0	.6595979	.1269177	.2134844	0
748.15	0	.6591159	.1274561	.213428	0
747.15	0	.6586415	.1279863	.2133722	0
746.15	0	.6581744	.1285087	.213317	0
745.15	0	.6577144	.1290232	.2132624	0
744.15	0	.6572614	.1295303	.2132083	0
743.15	0	.6568152	.1300301	.2131548	0
742.15	0	.6563755	.1305227	.2131018	0
741.15	0	.6559422	.1310085	.2130493	0
740.15	0	.6555152	.1314875	.2129973	0
739.15	0	.6550943	.13196	.2129458	0
738.15	0	.6546793	.1324261	.2128947	0
737.15	0	.6542701	.1328859	.212844	0
736.15	0	.6538665	.1333397	.2127938	0
735.15	0	.6534684	.1337876	.212744	0
734.15	0	.6530757	.1342298	.2126945	0
733.15	0	.6526882	.1346663	.2126455	0
732.15	0	.6523058	.1350974	.2125968	0
731.15	0	.6519284	.1355231	.2125485	0
730.15	0	.6515559	.1359436	.2125005	0
729.15	0	.6511881	.136359	.2124528	0
728.15	0	.650825	.1367695	.2124055	0
727.15	0	.6504664	.1371751	.2123585	0
726.15	0	.6501123	.137576	.2123118	0
725.15	0	.6497625	.1379722	.2122653	0
724.15	0	.6494169	.1383639	.2122192	0
723.15	0	.6490755	.1387512	.2121732	0
722.15	0	.6487382	.1391342	.2121276	0
721.15	0	.6484048	.139513	.2120822	0
720.15	0	.6480753	.1398876	.2120371	0
719.15	0	.6477496	.1402582	.2119922	0
718.15	0	.6474277	.1406248	.2119475	0
717.15	0	.6471094	.1409876	.211903	0
716.15	0	.6467946	.1413466	.2118588	0
715.15	0	.6464834	.1417019	.2118148	0
714.15	0	.6461755	.1420536	.2117709	0
713.15	0	.6458711	.1424017	.2117273	0
712.15	0	.6455699	.1427463	.2116838	0
711.15	0	.6452719	.1430876	.2116405	0
710.15	0	.6449771	.1434255	.2115974	0
709.15	0	.6446854	.1437601	.2115544	0
708.15	0	.6443968	.1440915	.2115117	0
707.15	0	.6441111	.1444198	.211469	0
706.15	0	.6438284	.1447451	.2114266	0
705.15	0	.6435485	.1450673	.2113842	0
704.15	0	.6432714	.1453865	.2113421	0
703.15	0	.6429971	.1457029	.2113	0
702.15	0	.6427256	.1460164	.2112581	0
701.15	0	.6424566	.1463271	.2112163	0
700.15	0	.6421903	.146635	.2111746	0
699.15	0	.6419266	.1469403	.2111331	0
698.15	0	.6416654	.147243	.2110917	0
697.15	0	.6414066	.147543	.2110504	0
696.15	0	.6411503	.1478406	.2110092	0
695.15	0	.6408964	.1481356	.2109681	0
694.15	0	.6406448	.1484281	.2109271	0
693.15	0	.6403955	.1487183	.2108862	0
692.15	0	.6401486	.1490061	.2108454	0
691.15	0	.6399038	.1492915	.2108047	0
690.15	0	.6396612	.1495747	.2107641	0
689.15	0	.6394208	.1498557	.2107235	0
688.15	0	.6391825	.1501344	.2106831	0
687.15	0	.6389463	.150411	.2106427	0
686.15	0	.6387122	.1506854	.2106024	0
685.15	0	.63848	.1509577	.2105622	0
684.15	0	.6382499	.151228	.2105221	0
683.15	0	.6380217	.1514963	.210482	0
682.15	0	.6377955	.1517625	.210442	0
681.15	0	.6375711	.1520268	.2104021	0
680.15	0	.6373486	.1522892	.2103622	0
679.15	0	.6371279	.1525496	.2103224	0
678.15	0	.6369091	.1528082	.2102827	0
677.15	0	.636692	.153065	.210243	0
676.15	0	.6364767	.1533199	.2102034	0
675.15	0	.6362631	.1535731	.2101638	0
674.15	0	.6360512	.1538245	.2101243	0
673.15	0	.635841	.1540742	.2100849	0
672.15	0	.6356324	.1543221	.2100454	0
671.15	0	.6354255	.1545684	.2100061	0
670.15	0	.6352202	.1548131	.2099668	0
669.15	0	.6350164	.1550561	.2099275	0
668.15	0	.6348142	.1552975	.2098883	0
667.15	0	.6346136	.1555373	.2098491	0
666.15	0	.6344144	.1557756	.2098099	0
665.15	0	.6342168	.1560124	.2097708	0
664.15	0	.6340206	.1562476	.2097318	0
663.15	0	.6338259	.1564813	.2096928	0
662.15	0	.6336327	.1567136	.2096538	0
661.15	0	.6334408	.1569444	.2096148	0
660.15	0	.6332503	.1571738	.2095759	0
659.15	0	.6330612	.1574017	.209537	0
658.15	0	.6328735	.1576283	.2094982	0
657.15	0	.6326871	.1578535	.2094594	0
656.15	0	.632502	.1580774	.2094206	0
655.15	0	.6323182	.1582999	.2093819	0
654.15	0	.6321358	.1585211	.2093431	0
653.15	0	.6319546	.158741	.2093045	0
652.15	0	.6317746	.1589596	.2092658	0
651.15	0	.6315959	.1591769	.2092272	0
650.15	0	.6314184	.159393	.2091886	0
649.15	0	.6312421	.1596079	.20915	0
648.15	0	.6310671	.1598215	.2091114	0
647.15	0	.6308932	.1600339	.2090729	0
646.15	0	.6307204	.1602452	.2090344	0
645.15	0	.6305489	.1604552	.2089959	0
644.15	0	.6303784	.1606641	.2089575	0
643.15	0	.6302091	.1608719	.208919	0
642.15	0	.6300409	.1610785	.2088806	0
641.15	0	.6298738	.161284	.2088422	0
640.15	0	.6297077	.1614884	.2088039	0
639.15	0	.6295428	.1616917	.2087655	0
638.15	0	.6293789	.1618939	.2087272	0
637.15	0	.629216	.162095	.2086889	0
636.15	0	.6290542	.1622951	.2086507	0
635.15	0	.6288934	.1624942	.2086124	0
634.15	0	.6287337	.1626922	.2085742	0
633.15	0	.6285749	.1628891	.208536	0
632.15	0	.6284171	.1630851	.2084978	0
631.15	0	.6282603	.1632801	.2084596	0
630.15	0	.6281045	.1634741	.2084214	0
629.15	0	.6279496	.1636671	.2083833	0
628.15	0	.6277957	.1638591	.2083452	0
627.15	0	.6276427	.1640502	.2083071	0
626.15	0	.6274907	.1642403	.208269	0
625.15	0	.6273395	.1644295	.208231	0
624.15	0	.6271893	.1646178	.2081929	0
623.15	0	.62704	.1648051	.2081549	0
622.15	0	.6268916	.1649915	.2081169	0
621.15	0	.626744	.1651771	.2080789	0
620.15	0	.6265973	.1653617	.208041	0
619.15	0	.6264515	.1655455	.208003	0
618.15	0	.6263065	.1657284	.2079651	0
617.15	0	.6261624	.1659104	.2079272	0
616.15	0	.6260192	.1660915	.2078893	0
615.15	0	.6258767	.1662718	.2078515	0
614.15	0	.6257351	.1664513	.2078136	0
613.15	0	.6255943	.1666299	.2077758	0
612.15	0	.6254543	.1668077	.207738	0
611.15	0	.6253151	.1669847	.2077002	0
610.15	0	.6251767	.1671609	.2076624	0
609.15	0	.625039	.1673363	.2076247	0
608.15	0	.6249022	.1675108	.207587	0
607.15	0	.6247661	.1676846	.2075493	0
606.15	0	.6246308	.1678576	.2075116	0
605.15	0	.6244962	.1680298	.2074739	0
604.15	0	.6243624	.1682013	.2074363	0
603.15	0	.6242294	.168372	.2073987	0
602.15	0	.624097	.1685419	.2073611	0
601.15	0	.6239654	.1687111	.2073235	0
600.15	0	.6238346	.1688795	.2072859	0
599.15	0	.6237044	.1690472	.2072484	0
598.15	0	.6235749	.1692142	.2072109	0
597.15	0	.6234462	.1693804	.2071734	0
596.15	0	.6233181	.1695459	.2071359	0
595.15	0	.6231908	.1697107	.2070985	0
594.15	0	.6230641	.1698748	.2070611	0
593.15	0	.6229381	.1700382	.2070237	0
592.15	0	.6228128	.1702009	.2069863	0
591.15	0	.6226882	.1703629	.206949	0
590.15	0	.6225642	.1705242	.2069116	0
589.15	0	.6224409	.1706848	.2068743	0
588.15	0	.6223182	.1708447	.206837	0
587.15	0	.6221962	.171004	.2067998	0
586.15	0	.6220748	.1711626	.2067626	0
585.15	0	.6219541	.1713205	.2067254	0
584.15	0	.621834	.1714778	.2066882	0
583.15	0	.6217145	.1716344	.2066511	0
582.15	0	.6215957	.1717904	.206614	0
581.15	0	.6214775	.1719457	.2065769	0
580.15	0	.6213599	.1721003	.2065398	0
579.15	0	.6212429	.1722544	.2065028	0
578.15	0	.6211265	.1724078	.2064658	0
577.15	0	.6210107	.1725605	.2064288	0
576.15	0	.6208955	.1727127	.2063919	0
575.15	0	.6207809	.1728642	.2063549	0
574.15	0	.6206669	.1730151	.2063181	0
573.15	0	.6205534	.1731654	.2062812	0
572.15	0	.6204406	.173315	.2062444	0
571.15	0	.6203283	.1734641	.2062076	0
570.15	0	.6202166	.1736126	.2061708	0
569.15	0	.6201055	.1737604	.2061341	0
568.15	0	.6199949	.1739077	.2060974	0
567.15	0	.6198849	.1740544	.2060608	0
566.15	0	.6197754	.1742005	.2060241	0
565.15	0	.6196665	.1743459	.2059875	0
564.15	0	.6195582	.1744909	.205951	0
563.15	0	.6194504	.1746352	.2059145	0
562.15	0	.6193431	.1747789	.205878	0
561.15	0	.6192364	.1749221	.2058415	0
560.15	0	.6191302	.1750647	.2058051	0
559.15	0	.6190245	.1752067	.2057687	0
558.15	0	.6189194	.1753482	.2057324	0
557.15	0	.6188148	.1754891	.2056961	0
556.15	0	.6187107	.1756295	.2056598	0
555.15	0	.6186071	.1757693	.2056236	0
554.15	0	.6185041	.1759085	.2055874	0
553.15	0	.6184015	.1760472	.2055513	0
552.15	0	.6182995	.1761853	.2055152	0
551.15	0	.618198	.1763229	.2054791	0
550.15	0	.6180969	.17646	.2054431	0
549.15	0	.6179964	.1765965	.2054071	0
548.15	0	.6178964	.1767324	.2053712	0
547.15	0	.6177969	.1768679	.2053353	0
546.15	0	.6176978	.1770027	.2052994	0
545.15	0	.6175993	.1771371	.2052636	0
544.15	0	.6175012	.1772709	.2052279	0
543.15	0	.6174036	.1774042	.2051922	0
542.15	0	.6173065	.177537	.2051565	0
541.15	0	.6172099	.1776693	.2051209	0
540.15	0	.6171137	.177801	.2050853	0
539.15	0	.6170181	.1779322	.2050497	0
538.15	0	.6169229	.1780629	.2050143	0
537.15	0	.6168281	.1781931	.2049788	0
536.15	0	.6167339	.1783227	.2049433	0
535.15	0	.6166401	.1784519	.204908	0
534.15	0	.6165468	.1785805	.2048727	0
533.15	0	.6164539	.1787087	.2048375	0
532.15	0	.6163614	.1788363	.2048023	0
531.15	0	.6162694	.1789634	.2047671	0
530.15	0	.6161779	.1790901	.204732	0
529.15	0	.6160868	.1792162	.204697	0
528.15	0	.6159962	.1793418	.204662	0
527.15	0	.615906	.1794669	.2046271	0
526.15	0	.6158162	.1795916	.2045922	0
525.15	0	.6157269	.1797157	.2045574	0
524.15	0	.615638	.1798394	.2045226	0
523.15	0	.6155496	.1799625	.2044879	0
522.15	0	.6154616	.1800852	.2044532	0
521.15	0	.615374	.1802074	.2044186	0
520.15	0	.6152869	.1803291	.2043841	0
519.15	0	.6152001	.1804503	.2043496	0
518.15	0	.6151138	.180571	.2043152	0
517.15	0	.6150279	.1806912	.2042808	0
516.15	0	.6149425	.180811	.2042465	0
515.15	0	.6148575	.1809303	.2042123	0
514.15	0	.6147729	.1810491	.2041781	0
513.15	0	.6146887	.1811674	.2041439	0
512.15	0	.6146049	.1812853	.2041099	0
511.15	0	.6145215	.1814026	.2040759	0
510.15	0	.6144385	.1815196	.2040419	0
509.15	0	.614356	.181636	.204008	0
508.15	0	.6142738	.1817519	.2039742	0
507.15	0	.6141921	.1818674	.2039405	0
506.15	0	.6141108	.1819825	.2039068	0
505.15	0	.6140298	.182097	.2038732	0
504.15	0	.6139493	.1822111	.2038396	0
503.15	0	.6138691	.1823248	.2038061	0
502.15	0	.6137894	.1824379	.2037727	0
501.15	0	.6137101	.1825506	.2037393	0
500.15	0	.6136311	.1826629	.203706	0
499.15	0	.6135525	.1827746	.2036728	0
498.15	0	.6134744	.182886	.2036397	0
497.15	0	.6133966	.1829968	.2036066	0
496.15	0	.6133192	.1831072	.2035736	0
495.15	0	.6132422	.1832172	.2035406	0
494.15	0	.6131656	.1833267	.2035078	0
493.15	0	.6130893	.1834357	.203475	0
492.15	0	.6130135	.1835443	.2034422	0
491.15	0	.612938	.1836524	.2034096	0
490.15	0	.6128629	.1837601	.203377	0
489.15	0	.6127882	.1838673	.2033445	0
488.15	0	.6127138	.1839741	.2033121	0
487.15	0	.6126399	.1840804	.2032797	0
486.15	0	.6125663	.1841863	.2032475	0
485.15	0	.612493	.1842917	.2032153	0
484.15	0	.6124202	.1843967	.2031831	0
483.15	0	.6123477	.1845012	.2031511	0
482.15	0	.6122756	.1846053	.2031191	0
481.15	0	.6122039	.184709	.2030872	0
480.15	0	.6121325	.1848122	.2030554	0
479.15	0	.6120614	.1849149	.2030237	0
478.15	0	.6119908	.1850172	.202992	0
477.15	0	.6119205	.1851191	.2029604	0
476.15	0	.6118506	.1852205	.2029289	0
475.15	0	.611781	.1853215	.2028975	0
474.15	0	.6117118	.1854221	.2028662	0
473.15	0	.6116429	.1855222	.2028349	0
472.15	0	.6115744	.1856218	.2028038	0
471.15	0	.6115063	.1857211	.2027727	0
470.15	0	.6114385	.1858199	.2027417	0
469.15	0	.611371	.1859182	.2027108	0
468.15	0	.6113039	.1860161	.20268	0
467.15	0	.6112372	.1861136	.2026492	0
466.15	0	.6111708	.1862107	.2026186	0
465.15	0	.6111047	.1863073	.202588	0
464.15	0	.611039	.1864035	.2025575	0
463.15	0	.6109737	.1864992	.2025271	0
462.15	0	.6109087	.1865945	.2024968	0
461.15	0	.610844	.1866894	.2024666	0
460.15	0	.6107797	.1867839	.2024365	0
459.15	0	.6107157	.1868779	.2024064	0
458.15	0	.6106521	.1869715	.2023765	0
457.15	0	.6105887	.1870646	.2023466	0
456.15	0	.6105258	.1871574	.2023169	0
455.15	0	.6104632	.1872497	.2022872	0
454.15	0	.6104009	.1873416	.2022576	0
453.15	0	.6103389	.187433	.2022281	0
452.15	0	.6102773	.187524	.2021987	0
451.15	0	.610216	.1876146	.2021694	0
450.15	0	.610155	.1877048	.2021402	0
449.15	0	.6100944	.1877945	.2021111	0
448.15	0	.6100342	.1878837	.2020821	0
447.15	0	.6099743	.1879725	.2020532	0
446.15	0	.6099147	.1880609	.2020244	0
445.15	0	.6098555	.1881488	.2019957	0
444.15	0	.6097966	.1882363	.2019671	0
443.15	0	.6097381	.1883233	.2019387	0
442.15	0	.6096799	.1884098	.2019103	0
441.15	0	.609622	.1884959	.2018821	0
440.15	0	.6095645	.1885815	.2018539	0
439.15	0	.6095074	.1886667	.2018259	0
438.15	0	.6094506	.1887514	.201798	0
437.15	0	.6093942	.1888356	.2017702	0
436.15	0	.6093382	.1889193	.2017425	0
435.15	0	.6092825	.1890025	.201715	0
434.15	0	.6092271	.1890853	.2016876	0
433.15	0	.6091722	.1891675	.2016603	0
432.15	0	.6091176	.1892493	.2016331	0
431.15	0	.6090633	.1893306	.2016061	0
430.15	0	.6090094	.1894114	.2015792	0
429.15	0	.6089559	.1894917	.2015524	0
428.15	0	.6089028	.1895715	.2015258	0
427.15	0	.60885	.1896508	.2014993	0
426.15	0	.6087976	.1897296	.2014729	0
425.15	0	.6087455	.1898078	.2014467	0
424.15	0	.6086938	.1898856	.2014205	0
423.15	0	.6086425	.1899629	.2013946	0
422.15	0	.6085916	.1900397	.2013687	0
421.15	0	.608541	.190116	.2013431	0
420.15	0	.6084908	.1901917	.2013175	0
419.15	0	.6084409	.190267	.2012921	0
418.15	0	.6083914	.1903418	.2012668	0
417.15	0	.6083423	.190416	.2012417	0
416.15	0	.6082935	.1904898	.2012167	0
415.15	0	.6082452	.190563	.2011919	0
414.15	0	.6081971	.1906357	.2011671	0
413.15	0	.6081494	.190708	.2011426	0
412.15	0	.6081021	.1907797	.2011182	0
411.15	0	.6080552	.1908509	.2010939	0
410.15	0	.6080086	.1909217	.2010698	0
409.15	0	.6079623	.1909919	.2010458	0
408.15	0	.6079164	.1910616	.2010219	0
407.15	0	.6078709	.1911309	.2009982	0
406.15	0	.6078257	.1911996	.2009747	0
405.15	0	.6077809	.1912679	.2009513	0
404.15	0	.6077364	.1913356	.200928	0
403.15	0	.6076923	.1914029	.2009049	0
402.15	0	.6076485	.1914696	.2008819	0
401.15	0	.607605	.1915359	.2008591	0
400.15	0	.6075619	.1916017	.2008364	0
399.15	0	.6075192	.191667	.2008138	0
398.15	0	.6074767	.1917319	.2007914	0
397.15	0	.6074346	.1917962	.2007692	0
396.15	0	.6073929	.1918601	.2007471	0
395.15	0	.6073515	.1919234	.2007251	0
394.15	0	.6073104	.1919864	.2007033	0
393.15	0	.6072696	.1920488	.2006816	0
392.15	0	.6072292	.1921108	.20066	0
391.15	0	.6071891	.1921723	.2006387	0
390.15	0	.6071493	.1922333	.2006174	0
389.15	0	.6071098	.1922939	.2005963	0
388.15	0	.6070707	.192354	.2005753	0
387.15	0	.6070318	.1924137	.2005545	0
386.15	0	.6069933	.1924729	.2005338	0
385.15	0	.6069551	.1925316	.2005133	0
384.15	0	.6069172	.1925899	.2004929	0
383.15	0	.6068796	.1926478	.2004726	0
382.15	0	.6068424	.1927052	.2004525	0
381.15	0	.6068054	.1927622	.2004325	0
380.15	0	.6067687	.1928187	.2004126	0
379.15	0	.6067323	.1928748	.2003929	0
378.15	0	.6066962	.1929305	.2003733	0
377.15	0	.6066604	.1929857	.2003539	0
376.15	0	.6066249	.1930405	.2003346	0
375.15	0	.6065897	.1930949	.2003154	0
374.15	0	.6065548	.1931488	.2002964	0
373.15	0	.6065202	.1932024	.2002775	0
372.15	0	.6064858	.1932555	.2002587	0
371.15	0	.6064517	.1933082	.2002401	0
370.15	0	.6064179	.1933605	.2002216	0
369.15	0	.6063844	.1934124	.2002032	0
368.15	0	.6063511	.1934639	.200185	0
367.15	0	.6063181	.193515	.2001669	0
366.15	0	.6062854	.1935657	.2001489	0
365.15	0	.6062529	.193616	.200131	0
364.15	0	.6062207	.193666	.2001133	0
363.15	0	.6061888	.1937155	.2000957	0
362.15	0	.6061571	.1937646	.2000783	0
361.15	0	.6061257	.1938134	.2000609	0
360.15	0	.6060945	.1938618	.2000437	0
359.15	0	.6060636	.1939098	.2000267	0
358.15	0	.6060329	.1939574	.2000097	0
357.15	0	.6060024	.1940047	.1999929	0
356.15	0	.6059722	.1940516	.1999762	0
355.15	0	.6059423	.1940982	.1999596	0
354.15	0	.6059125	.1941444	.1999431	0
353.15	0	.6058831	.1941902	.1999268	0
352.15	0	.6058538	.1942357	.1999106	0
351.15	0	.6058248	.1942808	.1998945	0
350.15	0	.605796	.1943256	.1998785	0
349.15	0	.6057674	.19437	.1998626	0
348.15	0	.605739	.1944141	.1998469	0
347.15	0	.6057109	.1944579	.1998312	0
346.15	0	.605683	.1945013	.1998157	0
345.15	0	.6056553	.1945444	.1998003	0
344.15	0	.6056278	.1945872	.1997851	0
343.15	0	.6056005	.1946296	.1997699	0
342.15	0	.6055734	.1946717	.1997549	0
341.15	0	.6055465	.1947135	.1997399	0
340.15	0	.6055199	.194755	.1997251	0
339.15	0	.6054934	.1947962	.1997104	0
338.15	0	.6054671	.194837	.1996958	0
337.15	0	.6054411	.1948776	.1996813	0
336.15	0	.6054152	.1949179	.199667	0
335.15	0	.6053895	.1949578	.1996527	0
334.15	0	.605364	.1949974	.1996386	0
333.15	0	.6053387	.1950368	.1996245	0
332.15	0	.6053136	.1950759	.1996106	0
331.15	0	.6052886	.1951146	.1995968	0
330.15	0	.6052639	.1951531	.199583	0
329.15	0	.6052393	.1951913	.1995694	0
328.15	0	.6052148	.1952292	.1995559	0
327.15	0	.6051906	.1952669	.1995425	0
326.15	0	.6051665	.1953042	.1995292	0
325.15	0	.6051426	.1953413	.199516	0
324.15	0	.6051189	.1953781	.199503	0
323.15	0	.6050953	.1954147	.19949	0
322.15	0	.6050719	.195451	.1994771	0
321.15	0	.6050487	.195487	.1994643	0
320.15	0	.6050256	.1955228	.1994516	0
319.15	0	.6050027	.1955583	.1994391	0
318.15	0	.6049799	.1955935	.1994266	0
317.15	0	.6049573	.1956285	.1994142	0
316.15	0	.6049348	.1956633	.1994019	0
315.15	0	.6049125	.1956978	.1993898	0
314.15	0	.6048903	.195732	.1993777	0
313.15	0	.6048683	.195766	.1993657	0
312.15	0	.6048464	.1957998	.1993538	0
311.15	0	.6048246	.1958333	.199342	0
310.15	0	.604803	.1958666	.1993304	0
309.15	0	.6047815	.1958997	.1993188	0
308.15	0	.6047602	.1959325	.1993073	0
307.15	0	.604739	.1959651	.1992959	0
306.15	0	.6047179	.1959975	.1992846	0
305.15	0	.604697	.1960297	.1992734	0
304.15	0	.6046761	.1960616	.1992622	0
303.15	0	.6046555	.1960933	.1992512	0
302.15	0	.6046349	.1961248	.1992403	0
301.15	0	.6046144	.1961561	.1992295	0
300.15	0	.6045941	.1961872	.1992187	0
299.15	0	.6045739	.1962181	.1992081	0
298.15	0	.6045538	.1962487	.1991975	0
