T	 BPW(LIQUID)	BPW(BCC_A2)	BPW(FCC_A1)	BPW(LAVES_PHASE_C14)	BPW(NI3TI)
1473.15	.1216203	.8783797	0	0	0
1472.15	.1190389	.8809611	0	0	0
1471.15	.1164768	.8835232	0	0	0
1470.15	.113934	.886066	0	0	0
1469.15	.1114102	.8885898	0	0	0
1468.15	.1089054	.8910946	0	0	0
1467.15	.1064193	.8935807	0	0	0
1466.15	.1039518	.8960482	0	0	0
1465.15	.1015028	.8984972	0	0	0
1464.15	.09907207	.9009279	0	0	0
1463.15	.09665948	.9033405	0	0	0
1462.15	.09426489	.9057351	0	0	0
1461.15	.09188813	.9081119	0	0	0
1460.15	.08952907	.9104709	0	0	0
1459.15	.08718756	.9128124	0	0	0
1458.15	.08486345	.9151366	0	0	0
1457.15	.08255659	.9174434	0	0	0
1456.15	.08026685	.9197332	0	0	0
1455.15	.07799408	.9220059	0	0	0
1454.15	.07573814	.9242619	0	0	0
1453.15	.07349889	.9265011	0	0	0
1452.15	.0712762	.9287238	0	0	0
1451.15	.06906991	.9309301	0	0	0
1450.15	.06687991	.9331201	0	0	0
1449.15	.06470604	.935294	0	0	0
1448.15	.06254819	.9374518	0	0	0
1447.15	.06040621	.9395938	0	0	0
1446.15	.05827997	.94172	0	0	0
1445.15	.05616935	.9438306	0	0	0
1444.15	.05407421	.9459258	0	0	0
1443.15	.05199442	.9480056	0	0	0
1442.15	.04992987	.9500701	0	0	0
1441.15	.04788041	.9521196	0	0	0
1440.15	.04584593	.9541541	0	0	0
1439.15	.04382631	.9561737	0	0	0
1438.15	.04182141	.9581786	0	0	0
1437.15	.03983112	.9601689	0	0	0
1436.15	.03785532	.9621447	0	0	0
1435.15	.03589388	.9641061	0	0	0
1434.15	.03394669	.9660533	0	0	0
1433.15	.03201364	.9679864	0	0	0
1432.15	.0300946	.9699054	0	0	0
1431.15	.02818945	.9718106	0	0	0
1430.15	.02629809	.9737019	0	0	0
1429.15	.0244204	.9755796	0	0	0
1428.15	.02255627	.9774437	0	0	0
1427.15	.02070559	.9792944	0	0	0
1426.15	.01886824	.9811318	0	0	0
1425.15	.01704412	.9829559	0	0	0
1424.15	.01523311	.9847669	0	0	0
1423.15	.01343512	.9865649	0	0	0
1422.15	.01165003	.98835	0	0	0
1421.15	.009877744	.9901223	0	0	0
1420.15	.008118148	.9918819	0	0	0
1419.15	.006371143	.9936289	0	0	0
1418.15	.004636626	.9953634	0	0	0
1417.15	.002914495	.9970855	0	0	0
1416.15	.001204649	.9987953	0	0	0
1415.441	0	1	0	0	0
1415.441	0	1	0	0	0
1415.15	0	1	0	0	0
1414.15	0	1	0	0	0
1413.15	0	1	0	0	0
1412.15	0	1	0	0	0
1411.15	0	1	0	0	0
1410.15	0	1	0	0	0
1409.15	0	1	0	0	0
1408.15	0	1	0	0	0
1407.15	0	1	0	0	0
1406.15	0	1	0	0	0
1405.15	0	1	0	0	0
1404.15	0	1	0	0	0
1403.15	0	1	0	0	0
1402.15	0	1	0	0	0
1401.15	0	1	0	0	0
1400.15	0	1	0	0	0
1399.15	0	1	0	0	0
1398.15	0	1	0	0	0
1397.15	0	1	0	0	0
1396.15	0	1	0	0	0
1395.15	0	1	0	0	0
1394.15	0	1	0	0	0
1393.15	0	1	0	0	0
1392.15	0	1	0	0	0
1391.15	0	1	0	0	0
1390.15	0	1	0	0	0
1389.15	0	1	0	0	0
1388.15	0	1	0	0	0
1387.15	0	1	0	0	0
1386.15	0	1	0	0	0
1385.15	0	1	0	0	0
1384.15	0	1	0	0	0
1383.15	0	1	0	0	0
1382.15	0	1	0	0	0
1381.15	0	1	0	0	0
1380.15	0	1	0	0	0
1379.15	0	1	0	0	0
1378.15	0	1	0	0	0
1377.15	0	1	0	0	0
1376.15	0	1	0	0	0
1375.15	0	1	0	0	0
1374.15	0	1	0	0	0
1373.15	0	1	0	0	0
1372.15	0	1	0	0	0
1371.15	0	1	0	0	0
1370.15	0	1	0	0	0
1369.447	0	1	0	0	0
1369.447	0	1	0	0	0
1369.447	0	1	0	0	0
1369.15	0	.9997925	0	2.074924E-04	0
1368.15	0	.9990949	0	9.051233E-04	0
1367.15	0	.9983989	0	.00160115	0
1366.15	0	.9977044	0	.002295579	0
1365.15	0	.9970116	0	.002988414	0
1364.15	0	.9963203	0	.00367966	0
1363.15	0	.9956307	0	.004369323	0
1362.15	0	.9949426	0	.005057408	0
1361.15	0	.9942561	0	.005743919	0
1360.15	0	.9935711	0	.006428861	0
1359.15	0	.9928878	0	.007112241	0
1358.15	0	.9922059	0	.007794062	0
1357.15	0	.9915257	0	.008474329	0
1356.15	0	.990847	0	.009153048	0
1355.15	0	.9901698	0	.009830222	0
1354.15	0	.9894941	0	.01050586	0
1353.15	0	.98882	0	.01117996	0
1352.15	0	.9881475	0	.01185253	0
1351.15	0	.9874764	0	.01252358	0
1350.15	0	.9868069	0	.01319311	0
1349.15	0	.9861389	0	.01386112	0
1348.15	0	.9854724	0	.01452763	0
1347.15	0	.9848074	0	.01519262	0
1346.15	0	.9841439	0	.01585612	0
1345.15	0	.9834819	0	.01651812	0
1344.15	0	.9828214	0	.01717863	0
1343.15	0	.9821623	0	.01783765	0
1342.15	0	.9815048	0	.01849519	0
1341.15	0	.9808487	0	.01915126	0
1340.15	0	.9801942	0	.01980584	0
1339.15	0	.979541	0	.02045896	0
1338.15	0	.9788894	0	.02111062	0
1337.15	0	.9782392	0	.02176082	0
1336.15	0	.9775904	0	.02240956	0
1335.15	0	.9769431	0	.02305685	0
1334.15	0	.9762973	0	.02370269	0
1333.15	0	.9756529	0	.0243471	0
1332.15	0	.9750099	0	.02499006	0
1331.15	0	.9743684	0	.02563159	0
1330.15	0	.9737283	0	.0262717	0
1329.15	0	.9730896	0	.02691037	0
1328.15	0	.9724524	0	.02754763	0
1327.15	0	.9718165	0	.02818347	0
1326.15	0	.9711821	0	.02881791	0
1325.15	0	.9705491	0	.02945093	0
1324.15	0	.9699175	0	.03008255	0
1323.15	0	.9692872	0	.03071277	0
1322.15	0	.9686584	0	.0313416	0
1321.15	0	.968031	0	.03196903	0
1320.15	0	.9674049	0	.03259508	0
1319.15	0	.9667803	0	.03321975	0
1318.15	0	.966157	0	.03384304	0
1317.15	0	.965535	0	.03446496	0
1316.15	0	.9649145	0	.0350855	0
1315.15	0	.9642953	0	.03570468	0
1314.15	0	.9636775	0	.0363225	0
1313.15	0	.963061	0	.03693896	0
1312.15	0	.9624459	0	.03755407	0
1311.15	0	.9618322	0	.03816783	0
1310.15	0	.9612198	0	.03878024	0
1309.15	0	.9606087	0	.03939131	0
1308.15	0	.959999	0	.04000104	0
1307.15	0	.9593906	0	.04060944	0
1306.15	0	.9587835	0	.04121651	0
1305.15	0	.9581777	0	.04182225	0
1304.15	0	.9575733	0	.04242667	0
1303.15	0	.9569702	0	.04302977	0
1302.15	0	.9563685	0	.04363155	0
1301.15	0	.955768	0	.04423203	0
1300.15	0	.9551688	0	.0448312	0
1299.15	0	.9545709	0	.04542906	0
1298.15	0	.9539744	0	.04602563	0
1297.15	0	.9533791	0	.0466209	0
1296.15	0	.9527851	0	.04721488	0
1295.15	0	.9521924	0	.04780757	0
1294.15	0	.951601	0	.04839897	0
1293.15	0	.9510109	0	.0489891	0
1292.15	0	.9504221	0	.04957795	0
1291.15	0	.9498345	0	.05016552	0
1290.15	0	.9492482	0	.05075183	0
1289.15	0	.9486631	0	.05133686	0
1288.15	0	.9480794	0	.05192064	0
1287.15	0	.9474968	0	.05250316	0
1286.15	0	.9469156	0	.05308442	0
1285.15	0	.9463356	0	.05366443	0
1284.15	0	.9457568	0	.05424319	0
1283.15	0	.9451793	0	.0548207	0
1282.15	0	.944603	0	.05539698	0
1281.15	0	.944028	0	.05597201	0
1280.15	0	.9434542	0	.05654581	0
1279.15	0	.9428816	0	.05711839	0
1278.15	0	.9423103	0	.05768973	0
1277.15	0	.9417402	0	.05825985	0
1276.15	0	.9411713	0	.05882875	0
1275.15	0	.9406036	0	.05939643	0
1274.15	0	.9400371	0	.0599629	0
1273.15	0	.9394718	0	.06052816	0
1272.15	0	.9389078	0	.06109221	0
1271.15	0	.9383449	0	.06165505	0
1270.15	0	.9377833	0	.0622167	0
1269.15	0	.9372229	0	.06277715	0
1268.15	0	.9366636	0	.0633364	0
1267.15	0	.9361055	0	.06389447	0
1266.15	0	.9355487	0	.06445134	0
1265.15	0	.934993	0	.06500704	0
1264.15	0	.9344385	0	.06556155	0
1263.15	0	.9338851	0	.06611488	0
1262.15	0	.933333	0	.06666704	0
1261.15	0	.932782	0	.06721803	0
1260.15	0	.9322321	0	.06776785	0
1259.15	0	.9316835	0	.06831651	0
1258.15	0	.931136	0	.068864	0
1257.15	0	.9305897	0	.06941034	0
1256.15	0	.9300445	0	.06995552	0
1255.15	0	.9295004	0	.07049955	0
1254.15	0	.9289576	0	.07104243	0
1253.15	0	.9284158	0	.07158416	0
1252.15	0	.9278753	0	.07212475	0
1251.15	0	.9273358	0	.0726642	0
1250.15	0	.9267975	0	.07320251	0
1249.15	0	.9262603	0	.07373969	0
1248.15	0	.9257243	0	.07427574	0
1247.15	0	.9251893	0	.07481066	0
1246.15	0	.9246555	0	.07534445	0
1245.15	0	.9241229	0	.07587713	0
1244.15	0	.9235913	0	.07640868	0
1243.15	0	.9230609	0	.07693912	0
1242.15	0	.9225316	0	.07746844	0
1241.15	0	.9220033	0	.07799666	0
1240.15	0	.9214762	0	.07852377	0
1239.15	0	.9209502	0	.07904977	0
1238.15	0	.9204253	0	.07957467	0
1237.15	0	.9199015	0	.08009847	0
1236.15	0	.9193788	0	.08062118	0
1235.15	0	.9188572	0	.0811428	0
1234.15	0	.9183367	0	.08166332	0
1233.15	0	.9178172	0	.08218276	0
1232.15	0	.9172989	0	.08270111	0
1231.15	0	.9167816	0	.08321838	0
1230.15	0	.9162654	0	.08373457	0
1229.15	0	.9157503	0	.08424969	0
1228.15	0	.9152363	0	.08476373	0
1227.15	0	.9147233	0	.0852767	0
1226.15	0	.9142114	0	.08578861	0
1225.15	0	.9137006	0	.08629945	0
1224.15	0	.9131908	0	.08680922	0
1223.15	0	.9126821	0	.08731794	0
1222.15	0	.9121744	0	.0878256	0
1221.15	0	.9116678	0	.0883322	0
1220.15	0	.9111622	0	.08883776	0
1219.15	0	.9106577	0	.08934226	0
1218.15	0	.9101543	0	.08984572	0
1217.15	0	.9096519	0	.09034814	0
1216.15	0	.9091505	0	.09084951	0
1215.15	0	.9086502	0	.09134985	0
1214.15	0	.9081509	0	.09184914	0
1213.15	0	.9076526	0	.09234741	0
1212.15	0	.9071554	0	.09284465	0
1211.15	0	.9066591	0	.09334085	0
1210.15	0	.906164	0	.09383603	0
1209.15	0	.9056698	0	.09433019	0
1208.15	0	.9051767	0	.09482333	0
1207.15	0	.9046846	0	.09531545	0
1206.15	0	.9041935	0	.09580655	0
1205.15	0	.9037034	0	.09629664	0
1204.15	0	.9032143	0	.09678572	0
1203.15	0	.9027262	0	.09727379	0
1202.15	0	.9022391	0	.09776086	0
1201.15	0	.9017531	0	.09824692	0
1200.15	0	.901268	0	.09873198	0
1199.15	0	.9007839	0	.09921605	0
1198.15	0	.9003009	0	.09969911	0
1197.15	0	.8998188	0	.1001812	0
1196.15	0	.8993377	0	.1006623	0
1195.15	0	.8988576	0	.1011424	0
1194.15	0	.8983785	0	.1016215	0
1193.15	0	.8979004	0	.1020996	0
1192.15	0	.8974233	0	.1025767	0
1191.15	0	.8969471	0	.1030529	0
1190.15	0	.8964719	0	.1035281	0
1189.15	0	.8959977	0	.1040023	0
1188.15	0	.8955245	0	.1044755	0
1187.15	0	.8950522	0	.1049478	0
1186.15	0	.8945809	0	.1054191	0
1185.15	0	.8941106	0	.1058894	0
1184.15	0	.8936412	0	.1063588	0
1183.15	0	.8931728	0	.1068272	0
1182.15	0	.8927053	0	.1072947	0
1181.15	0	.8922388	0	.1077612	0
1180.15	0	.8917733	0	.1082267	0
1179.15	0	.8913087	0	.1086913	0
1178.15	0	.8908451	0	.1091549	0
1177.15	0	.8903824	0	.1096176	0
1176.15	0	.8899206	0	.1100794	0
1175.15	0	.8894598	0	.1105402	0
1174.15	0	.889	0	.111	0
1173.15	0	.8885411	0	.1114589	0
1172.15	0	.8880831	0	.1119169	0
1171.15	0	.887626	0	.112374	0
1170.15	0	.8871699	0	.1128301	0
1169.15	0	.8867147	0	.1132853	0
1168.15	0	.8862605	0	.1137395	0
1167.15	0	.8858071	0	.1141929	0
1166.15	0	.8853547	0	.1146453	0
1165.15	0	.8849032	0	.1150968	0
1164.15	0	.8844527	0	.1155473	0
1163.15	0	.884003	0	.115997	0
1162.15	0	.8835543	0	.1164457	0
1161.15	0	.8831065	0	.1168935	0
1160.15	0	.8826596	0	.1173404	0
1159.15	0	.8822136	0	.1177864	0
1158.15	0	.8817685	0	.1182315	0
1157.15	0	.8813243	0	.1186757	0
1156.15	0	.880881	0	.119119	0
1155.15	0	.8804386	0	.1195613	0
1154.15	0	.8799972	0	.1200028	0
1153.15	0	.8795566	0	.1204434	0
1152.15	0	.8791169	0	.1208831	0
1151.15	0	.8786781	0	.1213219	0
1150.15	0	.8782402	0	.1217598	0
1149.15	0	.8778032	0	.1221968	0
1148.15	0	.8773671	0	.1226329	0
1147.15	0	.8769318	0	.1230682	0
1146.15	0	.8764975	0	.1235025	0
1145.15	0	.876064	0	.123936	0
1144.15	0	.8756314	0	.1243686	0
1143.15	0	.8751997	0	.1248003	0
1142.15	0	.8747689	0	.1252311	0
1141.15	0	.8743389	0	.1256611	0
1140.15	0	.8739099	0	.1260901	0
1139.15	0	.8734817	0	.1265184	0
1138.15	0	.8730543	0	.1269457	0
1137.15	0	.8726278	0	.1273722	0
1136.15	0	.8722022	0	.1277978	0
1135.15	0	.8717775	0	.1282225	0
1134.15	0	.8713536	0	.1286464	0
1133.15	0	.8709306	0	.1290694	0
1132.15	0	.8705084	0	.1294916	0
1131.15	0	.8700871	0	.1299129	0
1130.15	0	.8696666	0	.1303334	0
1129.15	0	.869247	0	.130753	0
1128.15	0	.8688283	0	.1311717	0
1127.15	0	.8684104	0	.1315896	0
1126.15	0	.8679933	0	.1320067	0
1125.15	0	.8675771	0	.1324229	0
1124.15	0	.8671618	0	.1328383	0
1123.15	0	.8667472	0	.1332528	0
1122.15	0	.8663335	0	.1336665	0
1121.15	0	.8659207	0	.1340793	0
1120.15	0	.8655087	0	.1344913	0
1119.15	0	.8650975	0	.1349025	0
1118.15	0	.8646872	0	.1353128	0
1117.15	0	.8642777	0	.1357223	0
1116.15	0	.863869	0	.136131	0
1115.15	0	.8634612	0	.1365388	0
1114.15	0	.8630541	0	.1369459	0
1113.15	0	.862648	0	.137352	0
1112.15	0	.8622426	0	.1377574	0
1111.15	0	.8618381	0	.138162	0
1110.15	0	.8614343	0	.1385657	0
1109.15	0	.8610314	0	.1389686	0
1108.15	0	.8606293	0	.1393707	0
1107.15	0	.8602281	0	.1397719	0
1106.15	0	.8598276	0	.1401724	0
1105.15	0	.859428	0	.140572	0
1104.15	0	.8590291	0	.1409709	0
1103.15	0	.8586311	0	.1413689	0
1102.15	0	.8582339	0	.1417661	0
1101.15	0	.8578375	0	.1421625	0
1100.15	0	.8574419	0	.1425581	0
1099.15	0	.8570471	0	.1429529	0
1098.15	0	.8566531	0	.1433469	0
1097.15	0	.8562599	0	.1437401	0
1096.15	0	.8558675	0	.1441325	0
1095.15	0	.8554759	0	.1445241	0
1094.15	0	.8550851	0	.1449149	0
1093.15	0	.854695	0	.145305	0
1092.15	0	.8543058	0	.1456942	0
1091.15	0	.8539174	0	.1460826	0
1090.15	0	.8535298	0	.1464702	0
1089.15	0	.8531429	0	.1468571	0
1088.15	0	.8527568	0	.1472432	0
1087.15	0	.8523715	0	.1476284	0
1086.15	0	.8519871	0	.1480129	0
1085.15	0	.8516033	0	.1483967	0
1084.15	0	.8512204	0	.1487796	0
1083.15	0	.8508383	0	.1491617	0
1082.15	0	.8504569	0	.1495431	0
1081.15	0	.8500763	0	.1499237	0
1080.15	0	.8496965	0	.1503035	0
1079.15	0	.8493174	0	.1506826	0
1078.15	0	.8489391	0	.1510609	0
1077.292	0	.8486151	0	.1513849	0
1077.292	0	.8486151	0	.1513849	0
1077.292	0	.8486151	0	.1513849	0
1077.15	0	.8484647	1.03279E-04	.151432	0
1076.15	0	.8474054	8.30747E-04	.1517639	0
1075.15	0	.846349	.001556162	.1520948	0
1074.15	0	.8452955	.002279525	.1524249	0
1073.15	0	.844245	.003000838	.1527542	0
1072.15	0	.8431973	.003720102	.1530826	0
1071.15	0	.8421526	.004437318	.1534101	0
1070.15	0	.8411108	.005152489	.1537368	0
1069.15	0	.8400718	.005865615	.1540626	0
1068.15	0	.8390358	.006576698	.1543875	0
1067.15	0	.8380027	.007285739	.1547116	0
1066.15	0	.8369725	.00799274	.1550348	0
1065.15	0	.8359451	.008697702	.1553572	0
1064.15	0	.8349207	.009400627	.1556787	0
1063.15	0	.8338991	.01010152	.1559994	0
1062.15	0	.8328805	.01080037	.1563192	0
1061.15	0	.8318647	.01149719	.1566381	0
1060.15	0	.8308518	.01219198	.1569563	0
1059.15	0	.8298417	.01288474	.1572735	0
1058.15	0	.8288346	.01357547	.1575899	0
1057.15	0	.8278303	.01426417	.1579055	0
1056.15	0	.8268289	.01495084	.1582202	0
1055.15	0	.8258304	.0156355	.1585341	0
1054.15	0	.8248347	.01631812	.1588472	0
1053.15	0	.8238419	.01699873	.1591594	0
1052.15	0	.822852	.01767731	.1594707	0
1051.15	0	.8218649	.01835388	.1597812	0
1050.15	0	.8208806	.01902843	.1600909	0
1049.15	0	.8198993	.01970096	.1603998	0
1048.15	0	.8189208	.02037148	.1607078	0
1047.15	0	.8179451	.02103998	.1610149	0
1046.15	0	.8169723	.02170648	.1613213	0
1045.15	0	.8160023	.02237096	.1616268	0
1044.15	0	.8150351	.02303343	.1619314	0
1043.15	0	.8140709	.0236939	.1622352	0
1042.15	0	.8131094	.02435236	.1625382	0
1041.15	0	.8121508	.02500882	.1628404	0
1040.15	0	.811195	.02566327	.1631417	0
1039.15	0	.8102421	.02631572	.1634422	0
1038.15	0	.809292	.02696617	.1637419	0
1037.15	0	.8083447	.02761463	.1640407	0
1036.15	0	.8074002	.02826109	.1643387	0
1035.15	0	.8064586	.02890555	.1646359	0
1034.15	0	.8055198	.02954803	.1649322	0
1033.15	0	.8045837	.03018851	.1652277	0
1032.15	0	.8036506	.030827	.1655224	0
1031.15	0	.8027202	.0314635	.1658163	0
1030.15	0	.8017927	.03209802	.1661093	0
1029.15	0	.8008679	.03273055	.1664015	0
1028.15	0	.799946	.03336111	.1666929	0
1027.15	0	.7990269	.03398968	.1669835	0
1026.15	0	.7981106	.03461627	.1672732	0
1025.15	0	.7971971	.03524089	.1675621	0
1024.15	0	.7962863	.03586353	.1678501	0
1023.15	0	.7953784	.0364842	.1681374	0
1022.15	0	.7944733	.0371029	.1684238	0
1021.15	0	.793571	.03771962	.1687094	0
1020.15	0	.7926715	.03833439	.1689942	0
1019.15	0	.7917747	.03894719	.1692781	0
1018.15	0	.7908808	.03955803	.1695612	0
1017.15	0	.7899896	.0401669	.1698435	0
1016.15	0	.7891012	.04077382	.170125	0
1015.15	0	.7882156	.04137879	.1704056	0
1014.15	0	.7873328	.0419818	.1706854	0
1013.15	0	.7864527	.04258287	.1709644	0
1012.15	0	.7855754	.04318198	.1712426	0
1011.15	0	.7847009	.04377915	.1715199	0
1010.15	0	.7838292	.04437438	.1717964	0
1009.15	0	.7829602	.04496767	.1720721	0
1008.15	0	.782094	.04555902	.1723469	0
1007.15	0	.7812306	.04614844	.172621	0
1006.15	0	.7803699	.04673592	.1728942	0
1005.15	0	.779512	.04732148	.1731665	0
1004.15	0	.7786568	.04790511	.1734381	0
1003.15	0	.7778044	.04848682	.1737088	0
1002.15	0	.7769547	.04906661	.1739787	0
1001.15	0	.7761078	.04964449	.1742477	0
1000.15	0	.7752636	.05022045	.1745159	0
999.15	0	.7744222	.0507945	.1747833	0
998.15	0	.7735835	.05136665	.1750499	0
997.15	0	.7727475	.0519369	.1753156	0
996.15	0	.7719143	.05250524	.1755804	0
995.15	0	.7710838	.0530717	.1758445	0
994.15	0	.770256	.05363626	.1761077	0
993.15	0	.769431	.05419893	.1763701	0
992.15	0	.7686087	.05475973	.1766316	0
991.15	0	.767789	.05531864	.1768923	0
990.15	0	.7669721	.05587568	.1771522	0
989.15	0	.766158	.05643085	.1774112	0
988.15	0	.7653465	.05698416	.1776694	0
987.15	0	.7645377	.0575356	.1779267	0
986.15	0	.7637316	.05808519	.1781832	0
985.15	0	.7629283	.05863292	.1784388	0
984.15	0	.7621276	.05917881	.1786936	0
983.15	0	.7613296	.05972286	.1789476	0
982.15	0	.7605343	.06026508	.1792007	0
981.15	0	.7597416	.06080546	.1794529	0
980.15	0	.7589517	.06134402	.1797043	0
979.15	0	.7581644	.06188076	.1799548	0
978.15	0	.7573798	.06241568	.1802045	0
977.15	0	.7565979	.0629488	.1804533	0
976.15	0	.7558186	.06348012	.1807013	0
975.15	0	.755042	.06400964	.1809484	0
974.15	0	.754268	.06453737	.1811947	0
973.15	0	.7534966	.06506332	.18144	0
972.15	0	.752728	.0655875	.1816846	0
971.15	0	.7519619	.06610991	.1819282	0
970.15	0	.7511985	.06663055	.182171	0
969.15	0	.7504377	.06714944	.1824129	0
968.15	0	.7496795	.06766659	.1826539	0
967.15	0	.748924	.068182	.1828941	0
966.15	0	.748171	.06869568	.1831333	0
965.15	0	.7474207	.06920763	.1833717	0
964.15	0	.7466729	.06971787	.1836092	0
963.15	0	.7459277	.0702264	.1838459	0
962.15	0	.7451852	.07073324	.1840816	0
961.15	0	.7444452	.07123839	.1843164	0
960.15	0	.7437077	.07174187	.1845504	0
959.15	0	.7429729	.07224367	.1847835	0
958.15	0	.7422406	.07274381	.1850156	0
957.15	0	.7415108	.07324231	.1852469	0
956.15	0	.7407836	.07373916	.1854772	0
955.15	0	.7400589	.07423439	.1857067	0
954.15	0	.7393368	.074728	.1859352	0
953.15	0	.7386172	.07522	.1861628	0
952.15	0	.7379001	.07571041	.1863895	0
951.15	0	.7371854	.07619923	.1866153	0
950.15	0	.7364733	.07668648	.1868402	0
949.15	0	.7357637	.07717217	.1870641	0
948.15	0	.7350565	.07765632	.1872872	0
947.15	0	.7343518	.07813893	.1875092	0
946.15	0	.7336496	.07862002	.1877304	0
945.15	0	.7329498	.0790996	.1879506	0
944.15	0	.7322525	.07957769	.1881698	0
943.15	0	.7315576	.0800543	.1883882	0
942.15	0	.730865	.08052944	.1886055	0
941.15	0	.7301749	.08100313	.1888219	0
940.15	0	.7294872	.08147539	.1890374	0
939.15	0	.7288019	.08194623	.1892519	0
938.15	0	.7281189	.08241567	.1894654	0
937.15	0	.7274383	.08288372	.1896779	0
936.15	0	.7267601	.08335041	.1898895	0
935.15	0	.7260842	.08381574	.1901001	0
934.15	0	.7254106	.08427973	.1903097	0
933.15	0	.7247393	.08474241	.1905183	0
932.15	0	.7240703	.0852038	.1907259	0
931.15	0	.7234035	.0856639	.1909326	0
930.15	0	.7227391	.08612275	.1911382	0
929.15	0	.7220769	.08658035	.1913428	0
928.15	0	.7214169	.08703674	.1915464	0
927.15	0	.7207591	.08749193	.191749	0
926.15	0	.7201035	.08794595	.1919505	0
925.15	0	.7194502	.08839881	.192151	0
924.15	0	.7187989	.08885055	.1923505	0
923.15	0	.7181499	.08930117	.192549	0
922.15	0	.7175029	.08975072	.1927464	0
921.15	0	.7168581	.0901992	.1929427	0
920.15	0	.7162154	.09064665	.193138	0
919.15	0	.7155747	.09109309	.1933322	0
918.15	0	.7149361	.09153855	.1935253	0
917.15	0	.7142996	.09198305	.1937174	0
916.15	0	.713665	.09242663	.1939084	0
915.15	0	.7130324	.0928693	.1940983	0
914.15	0	.7124018	.09331111	.1942871	0
913.15	0	.7117732	.09375207	.1944747	0
912.15	0	.7111465	.09419223	.1946613	0
911.15	0	.7105217	.0946316	.1948468	0
910.15	0	.7098987	.09507023	.1950311	0
909.15	0	.7092776	.09550814	.1952143	0
908.15	0	.7086583	.09594536	.1953963	0
907.15	0	.7080409	.09638194	.1955772	0
906.15	0	.7074252	.09681791	.1957569	0
905.15	0	.7068112	.0972533	.1959355	0
904.15	0	.706199	.09768815	.1961129	0
903.15	0	.7055884	.0981225	.1962891	0
902.15	0	.7049795	.09855638	.1964641	0
901.15	0	.7043723	.09898984	.1966379	0
900.15	0	.7037666	.09942291	.1968105	0
899.15	0	.7031625	.09985564	.1969819	0
898.15	0	.7025599	.1002881	.197152	0
897.15	0	.7019588	.1007203	.1973209	0
896.15	0	.7013592	.1011522	.1974886	0
895.15	0	.700761	.101584	.197655	0
894.15	0	.7001642	.1020157	.1978201	0
893.15	0	.6995688	.1024473	.1979839	0
892.15	0	.6989747	.1028789	.1981465	0
891.15	0	.6983818	.1033105	.1983077	0
890.15	0	.6977902	.1037422	.1984676	0
889.15	0	.6971997	.104174	.1986263	0
888.15	0	.6966105	.104606	.1987835	0
887.15	0	.6960223	.1050383	.1989394	0
886.15	0	.6954352	.1054708	.199094	0
885.15	0	.6948491	.1059037	.1992472	0
884.15	0	.694264	.1063371	.199399	0
883.15	0	.6936798	.1067709	.1995493	0
882.15	0	.6930965	.1072053	.1996983	0
881.15	0	.692514	.1076402	.1998458	0
880.15	0	.6919322	.1080759	.1999919	0
879.15	0	.6913512	.1085123	.2001366	0
878.15	0	.6907708	.1089495	.2002797	0
877.15	0	.6901911	.1093875	.2004214	0
876.15	0	.6896119	.1098266	.2005615	0
875.15	0	.6890332	.1102667	.2007002	0
874.15	0	.6884549	.1107079	.2008373	0
873.15	0	.6878769	.1111503	.2009728	0
872.15	0	.6872993	.111594	.2011068	0
871.15	0	.6867219	.112039	.2012391	0
870.15	0	.6861446	.1124855	.2013699	0
869.15	0	.6855675	.1129335	.201499	0
868.15	0	.6849903	.1133832	.2016265	0
867.15	0	.6844131	.1138346	.2017522	0
866.15	0	.6838358	.1142879	.2018763	0
865.15	0	.6832583	.114743	.2019987	0
864.15	0	.6826804	.1152002	.2021194	0
863.15	0	.6821022	.1156596	.2022383	0
862.15	0	.6815235	.1161212	.2023553	0
861.15	0	.6809442	.1165851	.2024706	0
860.15	0	.6803643	.1170516	.2025841	0
859.15	0	.6797837	.1175207	.2026957	0
858.15	0	.6792022	.1179925	.2028053	0
857.15	0	.6786197	.1184672	.2029131	0
856.15	0	.6780362	.1189448	.2030189	0
855.15	0	.6774516	.1194257	.2031228	0
854.15	0	.6768656	.1199098	.2032246	0
853.15	0	.6762783	.1203974	.2033244	0
852.15	0	.6756894	.1208885	.2034221	0
851.15	0	.6750989	.1213835	.2035177	0
850.15	0	.6745066	.1218823	.2036111	0
849.15	0	.6739123	.1223853	.2037024	0
848.15	0	.673316	.1228925	.2037914	0
847.15	0	.6727175	.1234043	.2038782	0
846.15	0	.6721167	.1239207	.2039626	0
845.15	0	.6715133	.124442	.2040447	0
844.15	0	.6709072	.1249684	.2041244	0
843.15	0	.6702983	.1255001	.2042016	0
842.15	0	.6696863	.1260373	.2042763	0
841.15	0	.6690711	.1265804	.2043485	0
840.15	0	.6684524	.1271296	.204418	0
839.15	0	.6678301	.127685	.2044849	0
838.15	0	.6672039	.1282471	.204549	0
837.15	0	.6665735	.1288161	.2046104	0
836.15	0	.6659389	.1293923	.2046688	0
835.15	0	.6652996	.1299761	.2047243	0
834.15	0	.6646554	.1305678	.2047768	0
833.15	0	.6640061	.1311678	.2048261	0
832.15	0	.6633513	.1317764	.2048723	0
831.15	0	.6626907	.1323941	.2049152	0
830.15	0	.662024	.1330214	.2049547	0
829.15	0	.6613507	.1336586	.2049907	0
828.15	0	.6606707	.1343062	.2050231	0
827.15	0	.6599833	.1349649	.2050518	0
826.15	0	.6592882	.1356352	.2050767	0
825.15	0	.6585848	.1363176	.2050976	0
824.15	0	.6578729	.1370128	.2051144	0
823.15	0	.6571516	.1377215	.2051269	0
822.15	0	.6564206	.1384445	.205135	0
821.15	0	.6556791	.1391825	.2051384	0
820.15	0	.6549264	.1399364	.2051371	0
819.15	0	.654162	.1407073	.2051308	0
818.15	0	.6533848	.141496	.2051192	0
817.15	0	.6525942	.1423038	.2051021	0
816.15	0	.651789	.1431318	.2050792	0
815.15	0	.6509683	.1439814	.2050503	0
814.15	0	.650131	.1448541	.205015	0
813.15	0	.6492756	.1457515	.2049729	0
812.15	0	.6479905	.1471704	.2048391	0
811.15	0	.6465062	.1488352	.2046585	0
810.15	0	.6450962	.1504165	.2044873	0
809.15	0	.6437542	.1519211	.2043247	0
808.15	0	.642475	.153355	.20417	0
807.15	0	.6412538	.1547238	.2040224	0
806.15	0	.6400862	.1560323	.2038816	0
805.15	0	.6389684	.1572847	.2037468	0
804.15	0	.6378971	.1584851	.2036178	0
803.15	0	.636869	.1596369	.2034941	0
802.15	0	.6358814	.1607433	.2033752	0
801.15	0	.6349317	.1618073	.203261	0
800.15	0	.6340176	.1628315	.203151	0
799.15	0	.6331368	.1638182	.203045	0
798.15	0	.6322875	.1647698	.2029427	0
797.15	0	.6314679	.1656882	.2028439	0
796.15	0	.6306763	.1665753	.2027484	0
795.15	0	.6299112	.1674329	.202656	0
794.15	0	.6291711	.1682625	.2025664	0
793.15	0	.6284547	.1690657	.2024796	0
792.15	0	.6277609	.1698437	.2023954	0
791.15	0	.6270885	.170598	.2023135	0
790.15	0	.6264364	.1713296	.202234	0
789.15	0	.6258037	.1720397	.2021566	0
788.15	0	.6251894	.1727293	.2020812	0
787.15	0	.6245927	.1733995	.2020078	0
786.15	0	.6240128	.174051	.2019362	0
785.15	0	.6234489	.1746847	.2018664	0
784.15	0	.6229003	.1753016	.2017982	0
783.15	0	.6223663	.1759022	.2017316	0
782.15	0	.6218463	.1764873	.2016664	0
781.15	0	.6213397	.1770576	.2016027	0
780.15	0	.620846	.1776137	.2015403	0
779.15	0	.6203664	.1781548	.2014787	0
778.15	0	.6198967	.1786844	.2014189	0
777.15	0	.6194384	.1792015	.2013601	0
776.15	0	.6189909	.1797066	.2013025	0
775.15	0	.6185539	.1802001	.2012459	0
774.15	0	.6181271	.1806826	.2011904	0
773.15	0	.6177099	.1811544	.2011358	0
772.15	0	.617302	.1816159	.2010821	0
771.15	0	.6169032	.1820676	.2010292	0
770.15	0	.616513	.1825098	.2009772	0
769.15	0	.6161311	.1829429	.200926	0
768.15	0	.6157573	.1833671	.2008755	0
767.15	0	.6153913	.1837829	.2008258	0
766.15	0	.6150328	.1841905	.2007768	0
765.15	0	.6146815	.1845902	.2007284	0
764.15	0	.6143372	.1849822	.2006806	0
763.15	0	.6139996	.1853669	.2006335	0
762.15	0	.6136686	.1857445	.2005869	0
761.15	0	.6133438	.1861153	.2005409	0
760.15	0	.6130252	.1864794	.2004954	0
759.15	0	.6127125	.1868371	.2004505	0
758.15	0	.6124055	.1871886	.200406	0
757.15	0	.612104	.1875341	.200362	0
756.15	0	.6118078	.1878738	.2003184	0
755.15	0	.6115169	.1882078	.2002753	0
754.15	0	.611231	.1885365	.2002325	0
753.15	0	.61095	.1888598	.2001902	0
752.15	0	.6106737	.1891781	.2001482	0
751.15	0	.6104019	.1894914	.2001066	0
750.15	0	.6101347	.1897999	.2000654	0
749.15	0	.6098717	.1901038	.2000245	0
748.15	0	.609613	.1904031	.1999839	0
747.15	0	.6093583	.1906981	.1999436	0
746.15	0	.6091076	.1909889	.1999036	0
745.15	0	.6088607	.1912755	.1998638	0
744.15	0	.6086175	.1915581	.1998244	0
743.15	0	.608378	.1918368	.1997852	0
742.15	0	.608142	.1921118	.1997462	0
741.15	0	.6079094	.1923831	.1997075	0
740.15	0	.6076802	.1926508	.199669	0
739.15	0	.6074542	.1929151	.1996307	0
738.15	0	.6072314	.193176	.1995926	0
737.15	0	.6070117	.1934336	.1995548	0
736.15	0	.6067949	.193688	.1995171	0
735.15	0	.6065811	.1939394	.1994796	0
734.15	0	.6063701	.1941877	.1994422	0
733.15	0	.6061619	.194433	.1994051	0
732.15	0	.6059564	.1946756	.1993681	0
731.15	0	.6057535	.1949153	.1993312	0
730.15	0	.6055531	.1951523	.1992945	0
729.15	0	.6053553	.1953867	.199258	0
728.15	0	.60516	.1956185	.1992215	0
727.15	0	.6049669	.1958478	.1991852	0
726.15	0	.6047763	.1960747	.1991491	0
725.15	0	.6045878	.1962992	.199113	0
724.15	0	.6044016	.1965213	.1990771	0
723.15	0	.6042176	.1967412	.1990412	0
722.15	0	.6040357	.1969589	.1990055	0
721.15	0	.6038558	.1971744	.1989698	0
720.15	0	.6036779	.1973878	.1989343	0
719.15	0	.603502	.1975992	.1988988	0
718.15	0	.603328	.1978085	.1988635	0
717.15	0	.6031559	.1980159	.1988282	0
716.15	0	.6029857	.1982214	.1987929	0
715.15	0	.6028172	.198425	.1987578	0
714.15	0	.6026505	.1986268	.1987227	0
713.15	0	.6024855	.1988268	.1986877	0
712.15	0	.6023222	.1990251	.1986528	0
711.15	0	.6021605	.1992216	.1986179	0
710.15	0	.6020005	.1994165	.198583	0
709.15	0	.601842	.1996098	.1985483	0
708.15	0	.601685	.1998015	.1985135	0
707.15	0	.6015296	.1999916	.1984788	0
706.15	0	.6013756	.2001802	.1984442	0
705.15	0	.6012231	.2003673	.1984096	0
704.15	0	.601072	.2005529	.1983751	0
703.15	0	.6009223	.2007372	.1983405	0
702.15	0	.600774	.20092	.1983061	0
701.15	0	.600627	.2011014	.1982716	0
700.15	0	.6004813	.2012816	.1982372	0
699.15	0	.6003368	.2014604	.1982028	0
698.15	0	.6001937	.2016379	.1981685	0
697.15	0	.6000517	.2018142	.1981341	0
696.15	0	.599911	.2019892	.1980998	0
695.15	0	.5997715	.202163	.1980655	0
694.15	0	.5996331	.2023356	.1980313	0
693.15	0	.5994959	.2025071	.197997	0
692.15	0	.5993598	.2026774	.1979628	0
691.15	0	.5992248	.2028467	.1979286	0
690.15	0	.5990909	.2030148	.1978943	0
689.15	0	.598958	.2031818	.1978602	0
688.15	0	.5988262	.2033478	.197826	0
687.15	0	.5986954	.2035128	.1977918	0
686.15	0	.5985656	.2036767	.1977577	0
685.15	0	.5984368	.2038397	.1977235	0
684.15	0	.598309	.2040017	.1976894	0
683.15	0	.5981821	.2041627	.1976553	0
682.15	0	.5980562	.2043227	.1976211	0
681.15	0	.5979311	.2044819	.197587	0
680.15	0	.597807	.2046401	.1975529	0
679.15	0	.5976838	.2047974	.1975188	0
678.15	0	.5975614	.2049539	.1974847	0
677.15	0	.59744	.2051095	.1974506	0
676.15	0	.5973193	.2052642	.1974164	0
675.15	0	.5971995	.2054182	.1973823	0
674.15	0	.5970805	.2055712	.1973482	0
673.15	0	.5969624	.2057235	.1973141	0
672.15	0	.596845	.205875	.19728	0
671.15	0	.5967284	.2060258	.1972459	0
670.15	0	.5966126	.2061757	.1972118	0
669.15	0	.5964975	.2063249	.1971776	0
668.15	0	.5963832	.2064733	.1971435	0
667.15	0	.5962696	.2066211	.1971094	0
666.15	0	.5961567	.206768	.1970752	0
665.15	0	.5960446	.2069143	.1970411	0
664.15	0	.5959331	.2070599	.1970069	0
663.15	0	.5958224	.2072048	.1969728	0
662.15	0	.5957123	.2073491	.1969386	0
661.15	0	.5956029	.2074926	.1969045	0
660.15	0	.5954942	.2076355	.1968703	0
659.15	0	.5953861	.2077778	.1968361	0
658.15	0	.5952787	.2079194	.1968019	0
657.15	0	.5951719	.2080604	.1967678	0
656.15	0	.5950657	.2082008	.1967336	0
655.15	0	.5949602	.2083405	.1966994	0
654.15	0	.5948552	.2084797	.1966651	0
653.15	0	.5947509	.2086182	.1966309	0
652.15	0	.5946471	.2087562	.1965967	0
651.15	0	.594544	.2088936	.1965625	0
650.15	0	.5944414	.2090304	.1965282	0
649.15	0	.5943394	.2091667	.196494	0
648.15	0	.5942379	.2093024	.1964597	0
647.15	0	.594137	.2094375	.1964255	0
646.15	0	.5940367	.2095721	.1963912	0
645.15	0	.5939369	.2097062	.1963569	0
644.15	0	.5938377	.2098397	.1963226	0
643.15	0	.5937389	.2099728	.1962883	0
642.15	0	.5936407	.2101053	.196254	0
641.15	0	.593543	.2102373	.1962197	0
640.15	0	.5934458	.2103687	.1961854	0
639.15	0	.5933492	.2104997	.1961511	0
638.15	0	.593253	.2106303	.1961168	0
637.15	0	.5931573	.2107603	.1960824	0
636.15	0	.5930621	.2108898	.1960481	0
635.15	0	.5929674	.2110189	.1960137	0
634.15	0	.5928732	.2111474	.1959794	0
633.15	0	.5927794	.2112756	.195945	0
632.15	0	.5926861	.2114032	.1959107	0
631.15	0	.5925933	.2115304	.1958763	0
630.15	0	.5925009	.2116572	.1958419	0
629.15	0	.5924089	.2117835	.1958076	0
628.15	0	.5923175	.2119094	.1957732	0
627.15	0	.5922264	.2120348	.1957388	0
626.15	0	.5921358	.2121598	.1957044	0
625.15	0	.5920456	.2122844	.19567	0
624.15	0	.5919559	.2124085	.1956356	0
623.15	0	.5918666	.2125322	.1956012	0
622.15	0	.5917776	.2126555	.1955668	0
621.15	0	.5916891	.2127784	.1955324	0
620.15	0	.5916011	.2129009	.195498	0
619.15	0	.5915134	.213023	.1954636	0
618.15	0	.5914261	.2131447	.1954292	0
617.15	0	.5913393	.2132659	.1953948	0
616.15	0	.5912528	.2133868	.1953604	0
615.15	0	.5911667	.2135073	.195326	0
614.15	0	.591081	.2136274	.1952916	0
613.15	0	.5909957	.2137471	.1952572	0
612.15	0	.5909108	.2138664	.1952228	0
611.15	0	.5908262	.2139854	.1951884	0
610.15	0	.5907421	.214104	.195154	0
609.15	0	.5906583	.2142222	.1951196	0
608.15	0	.5905748	.21434	.1950852	0
607.15	0	.5904917	.2144575	.1950508	0
606.15	0	.590409	.2145746	.1950164	0
605.15	0	.5903267	.2146913	.194982	0
604.15	0	.5902447	.2148077	.1949476	0
603.15	0	.5901631	.2149237	.1949133	0
602.15	0	.5900818	.2150393	.1948789	0
601.15	0	.5900008	.2151546	.1948445	0
600.15	0	.5899202	.2152696	.1948102	0
599.15	0	.58984	.2153842	.1947758	0
598.15	0	.5897601	.2154985	.1947415	0
597.15	0	.5896805	.2156124	.1947071	0
596.15	0	.5896012	.2157259	.1946728	0
595.15	0	.5895223	.2158392	.1946385	0
594.15	0	.5894438	.2159521	.1946042	0
593.15	0	.5893655	.2160646	.1945699	0
592.15	0	.5892876	.2161768	.1945356	0
591.15	0	.58921	.2162887	.1945013	0
590.15	0	.5891327	.2164003	.1944671	0
589.15	0	.5890557	.2165115	.1944328	0
588.15	0	.588979	.2166224	.1943986	0
587.15	0	.5889027	.216733	.1943643	0
586.15	0	.5888267	.2168432	.1943301	0
585.15	0	.5887509	.2169531	.1942959	0
584.15	0	.5886755	.2170627	.1942618	0
583.15	0	.5886004	.217172	.1942276	0
582.15	0	.5885256	.217281	.1941934	0
581.15	0	.5884511	.2173896	.1941593	0
580.15	0	.5883769	.217498	.1941252	0
579.15	0	.588303	.217606	.1940911	0
578.15	0	.5882294	.2177137	.194057	0
577.15	0	.588156	.2178211	.1940229	0
576.15	0	.588083	.2179281	.1939889	0
575.15	0	.5880103	.2180349	.1939548	0
574.15	0	.5879378	.2181414	.1939208	0
573.15	0	.5878657	.2182475	.1938868	0
572.15	0	.5877938	.2183533	.1938529	0
571.15	0	.5877222	.2184589	.1938189	0
570.15	0	.5876509	.2185641	.193785	0
569.15	0	.5875799	.218669	.1937511	0
568.15	0	.5875091	.2187737	.1937172	0
567.15	0	.5874386	.218878	.1936834	0
566.15	0	.5873684	.218982	.1936495	0
565.15	0	.5872985	.2190857	.1936157	0
564.15	0	.5872289	.2191892	.193582	0
563.15	0	.5871595	.2192923	.1935482	0
562.15	0	.5870904	.2193951	.1935145	0
561.15	0	.5870216	.2194976	.1934808	0
560.15	0	.586953	.2195999	.1934471	0
559.15	0	.5868847	.2197018	.1934135	0
558.15	0	.5868167	.2198035	.1933799	0
557.15	0	.5867489	.2199048	.1933463	0
556.15	0	.5866814	.2200059	.1933127	0
555.15	0	.5866142	.2201066	.1932792	0
554.15	0	.5865472	.2202071	.1932457	0
553.15	0	.5864805	.2203073	.1932123	0
552.15	0	.586414	.2204072	.1931789	0
551.15	0	.5863478	.2205068	.1931455	0
550.15	0	.5862818	.2206061	.1931121	0
549.15	0	.5862162	.2207051	.1930788	0
548.15	0	.5861507	.2208038	.1930455	0
547.15	0	.5860855	.2209022	.1930122	0
546.15	0	.5860206	.2210004	.192979	0
545.15	0	.5859559	.2210982	.1929459	0
544.15	0	.5858915	.2211958	.1929127	0
543.15	0	.5858273	.2212931	.1928796	0
542.15	0	.5857634	.2213901	.1928466	0
541.15	0	.5856997	.2214868	.1928135	0
540.15	0	.5856362	.2215832	.1927805	0
539.15	0	.585573	.2216794	.1927476	0
538.15	0	.5855101	.2217752	.1927147	0
537.15	0	.5854474	.2218708	.1926818	0
536.15	0	.5853849	.2219661	.192649	0
535.15	0	.5853227	.2220611	.1926163	0
534.15	0	.5852607	.2221558	.1925835	0
533.15	0	.585199	.2222502	.1925508	0
532.15	0	.5851375	.2223443	.1925182	0
531.15	0	.5850762	.2224382	.1924856	0
530.15	0	.5850152	.2225318	.1924531	0
529.15	0	.5849544	.2226251	.1924206	0
528.15	0	.5848938	.2227181	.1923881	0
527.15	0	.5848335	.2228108	.1923557	0
526.15	0	.5847735	.2229032	.1923233	0
525.15	0	.5847136	.2229954	.192291	0
524.15	0	.584654	.2230872	.1922588	0
523.15	0	.5845947	.2231788	.1922264	0
522.15	0	.5845356	.2232701	.1921943	0
521.15	0	.5844767	.2233612	.1921622	0
520.15	0	.584418	.2234519	.1921301	0
519.15	0	.5843596	.2235423	.1920981	0
518.15	0	.5843013	.2236325	.1920662	0
517.15	0	.5842434	.2237224	.1920343	0
516.15	0	.5841856	.223812	.1920024	0
515.15	0	.5841281	.2239013	.1919706	0
514.15	0	.5840707	.2239904	.1919389	0
513.15	0	.5840137	.2240791	.1919072	0
512.15	0	.5839568	.2241676	.1918756	0
511.15	0	.5839002	.2242558	.191844	0
510.15	0	.5838438	.2243437	.1918125	0
509.15	0	.5837876	.2244313	.1917811	0
508.15	0	.5837317	.2245186	.1917497	0
507.15	0	.5836759	.2246057	.1917184	0
506.15	0	.5836204	.2246925	.1916871	0
505.15	0	.5835651	.2247789	.1916559	0
504.15	0	.5835101	.2248651	.1916248	0
503.15	0	.5834552	.2249511	.1915937	0
502.15	0	.5834006	.2250367	.1915627	0
501.15	0	.5833462	.2251221	.1915317	0
500.15	0	.5832921	.2252071	.1915008	0
499.15	0	.5832381	.2252919	.19147	0
498.15	0	.5831844	.2253764	.1914393	0
497.15	0	.5831309	.2254606	.1914086	0
496.15	0	.5830775	.2255445	.1913779	0
495.15	0	.5830245	.2256282	.1913474	0
494.15	0	.5829716	.2257115	.1913169	0
493.15	0	.582919	.2257946	.1912864	0
492.15	0	.5828665	.2258774	.1912561	0
491.15	0	.5828143	.2259599	.1912258	0
490.15	0	.5827623	.2260421	.1911956	0
489.15	0	.5827105	.226124	.1911654	0
488.15	0	.582659	.2262057	.1911354	0
487.15	0	.5826076	.226287	.1911054	0
486.15	0	.5825565	.2263681	.1910754	0
485.15	0	.5825056	.2264489	.1910456	0
484.15	0	.5824548	.2265294	.1910158	0
483.15	0	.5824043	.2266096	.1909861	0
482.15	0	.5823541	.2266895	.1909564	0
481.15	0	.582304	.2267691	.1909269	0
480.15	0	.5822541	.2268485	.1908974	0
479.15	0	.5822045	.2269275	.190868	0
478.15	0	.582155	.2270063	.1908386	0
477.15	0	.5821058	.2270848	.1908094	0
476.15	0	.5820568	.227163	.1907802	0
475.15	0	.582008	.2272409	.1907511	0
474.15	0	.5819594	.2273185	.1907221	0
473.15	0	.581911	.2273958	.1906932	0
472.15	0	.5818629	.2274729	.1906643	0
471.15	0	.5818149	.2275496	.1906355	0
470.15	0	.5817671	.2276261	.1906068	0
469.15	0	.5817196	.2277022	.1905782	0
468.15	0	.5816722	.2277781	.1905497	0
467.15	0	.5816251	.2278537	.1905212	0
466.15	0	.5815782	.227929	.1904928	0
465.15	0	.5815315	.228004	.1904645	0
464.15	0	.581485	.2280787	.1904363	0
463.15	0	.5814387	.2281531	.1904082	0
462.15	0	.5813926	.2282273	.1903802	0
461.15	0	.5813467	.2283011	.1903522	0
460.15	0	.581301	.2283746	.1903244	0
459.15	0	.5812555	.2284479	.1902966	0
458.15	0	.5812102	.2285208	.1902689	0
457.15	0	.5811652	.2285935	.1902413	0
456.15	0	.5811203	.2286659	.1902138	0
455.15	0	.5810756	.228738	.1901864	0
454.15	0	.5810312	.2288098	.1901591	0
453.15	0	.5809869	.2288812	.1901318	0
452.15	0	.5809429	.2289524	.1901047	0
451.15	0	.580899	.2290233	.1900776	0
450.15	0	.5808554	.229094	.1900507	0
449.15	0	.580812	.2291642	.1900238	0
448.15	0	.5807688	.2292342	.189997	0
447.15	0	.5807258	.2293038	.1899704	0
446.15	0	.580683	.2293732	.1899438	0
445.15	0	.5806405	.2294422	.1899173	0
444.15	0	.5805981	.2295109	.189891	0
443.15	0	.580556	.2295793	.1898647	0
442.15	0	.5805141	.2296473	.1898386	0
441.15	0	.5804724	.2297151	.1898125	0
440.15	0	.580431	.2297824	.1897866	0
439.15	0	.5803898	.2298495	.1897608	0
438.15	0	.5803488	.2299162	.189735	0
437.15	0	.580308	.2299825	.1897094	0
436.15	0	.5802675	.2300485	.189684	0
435.15	0	.5802272	.2301142	.1896586	0
434.15	0	.5801872	.2301795	.1896333	0
433.15	0	.5801474	.2302444	.1896082	0
432.15	0	.5801078	.230309	.1895832	0
431.15	0	.5800685	.2303732	.1895583	0
430.15	0	.5800295	.230437	.1895335	0
429.15	0	.5799906	.2305004	.1895089	0
428.15	0	.5799521	.2305635	.1894844	0
427.15	0	.5799137	.2306263	.18946	0
426.15	0	.5798756	.2306886	.1894358	0
425.15	0	.5798378	.2307506	.1894116	0
424.15	0	.5798002	.2308122	.1893876	0
423.15	0	.5797629	.2308734	.1893638	0
422.15	0	.5797258	.2309342	.18934	0
421.15	0	.5796889	.2309947	.1893164	0
420.15	0	.5796523	.2310547	.1892929	0
419.15	0	.579616	.2311144	.1892696	0
418.15	0	.5795799	.2311738	.1892464	0
417.15	0	.579544	.2312327	.1892233	0
416.15	0	.5795084	.2312912	.1892004	0
415.15	0	.5794731	.2313494	.1891775	0
414.15	0	.579438	.2314072	.1891549	0
413.15	0	.5794031	.2314646	.1891323	0
412.15	0	.5793685	.2315216	.1891099	0
411.15	0	.5793341	.2315782	.1890877	0
410.15	0	.5793	.2316345	.1890655	0
409.15	0	.5792662	.2316903	.1890435	0
408.15	0	.5792325	.2317458	.1890217	0
407.15	0	.5791991	.2318009	.189	0
406.15	0	.579166	.2318556	.1889784	0
405.15	0	.5791331	.23191	.1889569	0
404.15	0	.5791004	.231964	.1889356	0
403.15	0	.579068	.2320175	.1889144	0
402.15	0	.5790359	.2320708	.1888934	0
401.15	0	.5790039	.2321236	.1888725	0
400.15	0	.5789722	.2321761	.1888517	0
399.15	0	.5789407	.2322281	.1888311	0
398.15	0	.5789095	.2322799	.1888106	0
397.15	0	.5788785	.2323312	.1887903	0
396.15	0	.5788477	.2323822	.1887701	0
395.15	0	.5788172	.2324328	.18875	0
394.15	0	.5787869	.2324831	.1887301	0
393.15	0	.5787568	.232533	.1887103	0
392.15	0	.5787269	.2325825	.1886906	0
391.15	0	.5786973	.2326316	.1886711	0
390.15	0	.5786679	.2326805	.1886517	0
389.15	0	.5786387	.2327289	.1886324	0
388.15	0	.5786097	.232777	.1886133	0
387.15	0	.578581	.2328247	.1885943	0
386.15	0	.5785524	.2328721	.1885754	0
385.15	0	.5785241	.2329192	.1885567	0
384.15	0	.578496	.2329659	.1885381	0
383.15	0	.5784681	.2330122	.1885197	0
382.15	0	.5784404	.2330582	.1885014	0
381.15	0	.578413	.2331039	.1884832	0
380.15	0	.5783857	.2331492	.1884651	0
379.15	0	.5783586	.2331942	.1884472	0
378.15	0	.5783318	.2332388	.1884294	0
377.15	0	.5783051	.2332832	.1884117	0
376.15	0	.5782786	.2333272	.1883942	0
375.15	0	.5782524	.2333708	.1883768	0
374.15	0	.5782263	.2334142	.1883595	0
373.15	0	.5782004	.2334572	.1883424	0
372.15	0	.5781747	.2334999	.1883254	0
371.15	0	.5781492	.2335423	.1883085	0
370.15	0	.5781239	.2335843	.1882917	0
369.15	0	.5780988	.2336261	.1882751	0
368.15	0	.5780739	.2336675	.1882586	0
367.15	0	.5780491	.2337086	.1882422	0
366.15	0	.5780246	.2337495	.188226	0
365.15	0	.5780002	.23379	.1882099	0
364.15	0	.577976	.2338302	.1881939	0
363.15	0	.5779519	.2338701	.188178	0
362.15	0	.5779281	.2339097	.1881622	0
361.15	0	.5779044	.2339491	.1881466	0
360.15	0	.5778808	.2339881	.1881311	0
359.15	0	.5778575	.2340268	.1881157	0
358.15	0	.5778343	.2340653	.1881005	0
357.15	0	.5778112	.2341035	.1880853	0
356.15	0	.5777884	.2341413	.1880703	0
355.15	0	.5777657	.234179	.1880554	0
354.15	0	.5777431	.2342163	.1880406	0
