T	 BPW(LIQUID)	BPW(BCC_A2)	BPW(FCC_A1)	BPW(LAVES_PHASE_C14)	BPW(NI3TI)
1473.15	.5383677	.4616323	0	0	0
1472.15	.5346485	.4653515	0	0	0
1471.15	.5309534	.4690466	0	0	0
1470.15	.5272822	.4727178	0	0	0
1469.15	.5236346	.4763654	0	0	0
1468.15	.5200106	.4799894	0	0	0
1467.15	.51641	.4835901	0	0	0
1466.15	.5128326	.4871674	0	0	0
1465.15	.5092783	.4907217	0	0	0
1464.15	.505747	.494253	0	0	0
1463.15	.5022385	.4977615	0	0	0
1462.15	.4987527	.5012473	0	0	0
1461.15	.4952894	.5047106	0	0	0
1460.15	.4918484	.5081516	0	0	0
1459.15	.4884297	.5115703	0	0	0
1458.15	.4850331	.5149669	0	0	0
1457.15	.4816585	.5183416	0	0	0
1456.15	.4783056	.5216944	0	0	0
1455.15	.4749745	.5250255	0	0	0
1454.15	.4716648	.5283352	0	0	0
1453.15	.4683766	.5316234	0	0	0
1452.15	.4651097	.5348903	0	0	0
1451.15	.4618639	.5381361	0	0	0
1450.15	.458639	.541361	0	0	0
1449.15	.4554351	.5445649	0	0	0
1448.15	.4522519	.5477481	0	0	0
1447.15	.4490893	.5509107	0	0	0
1446.15	.4459471	.5540529	0	0	0
1445.15	.4428253	.5571747	0	0	0
1444.15	.4397238	.5602763	0	0	0
1443.15	.4366423	.5633578	0	0	0
1442.15	.4335807	.5664193	0	0	0
1441.15	.430539	.569461	0	0	0
1441.11	.4304168	.5695832	0	0	0
1441.11	.4304168	.5695832	0	0	0
1441.11	.4304168	.5695832	0	0	0
1440.15	.4254338	.5728032	0	.001762964	0
1439.15	.4203136	.5761078	0	.003578597	0
1438.15	.4152655	.5793616	0	.00537284	0
1437.15	.410288	.5825658	0	.007146156	0
1436.15	.4053796	.5857214	0	.008898993	0
1435.15	.4005389	.5888293	0	.01063179	0
1434.15	.3957644	.5918906	0	.01234497	0
1433.15	.3910549	.5949062	0	.01403895	0
1432.15	.3864089	.597877	0	.01571413	0
1431.15	.3818251	.600804	0	.01737091	0
1430.15	.3773024	.6036879	0	.01900966	0
1429.15	.3728395	.6065297	0	.02063075	0
1428.15	.3684352	.6093303	0	.02223454	0
1427.15	.3640883	.6120903	0	.0238214	0
1426.15	.3597977	.6148107	0	.02539165	0
1425.15	.3555622	.6174921	0	.02694564	0
1424.15	.3513809	.6201354	0	.02848368	0
1423.15	.3472527	.6227412	0	.0300061	0
1422.15	.3431765	.6253103	0	.03151321	0
1421.15	.3391513	.6278435	0	.03300529	0
1420.15	.3351761	.6303412	0	.03448265	0
1419.15	.3312501	.6328043	0	.03594558	0
1418.15	.3273723	.6352334	0	.03739434	0
1417.15	.3235417	.6376291	0	.03882921	0
1416.15	.3197575	.639992	0	.04025046	0
1415.15	.3160189	.6423228	0	.04165835	0
1414.15	.3123249	.644622	0	.04305312	0
1413.15	.3086748	.6468902	0	.04443502	0
1412.15	.3050678	.6491279	0	.04580429	0
1411.15	.301503	.6513358	0	.04716117	0
1410.15	.2979798	.6535143	0	.04850589	0
1409.15	.2944973	.655664	0	.04983866	0
1408.15	.2910549	.6577854	0	.0511597	0
1407.15	.2876518	.659879	0	.05246923	0
1406.15	.2842873	.6619452	0	.05376746	0
1405.15	.2809608	.6639846	0	.05505458	0
1404.15	.2776715	.6659977	0	.0563308	0
1403.15	.2744189	.6679848	0	.05759631	0
1402.15	.2712023	.6699464	0	.05885129	0
1401.15	.268021	.6718831	0	.06009594	0
1400.15	.2648745	.6737951	0	.06133042	0
1399.15	.2617622	.6756829	0	.06255493	0
1398.15	.2586834	.6775469	0	.06376963	0
1397.15	.2556377	.6793876	0	.06497468	0
1396.15	.2526244	.6812053	0	.06617026	0
1395.15	.2496431	.6830004	0	.06735653	0
1394.15	.2466931	.6847733	0	.06853363	0
1393.15	.243774	.6865243	0	.06970174	0
1392.15	.2408852	.6882538	0	.07086099	0
1391.15	.2380263	.6899622	0	.07201153	0
1390.15	.2351967	.6916498	0	.07315351	0
1389.15	.232396	.6933169	0	.07428707	0
1388.15	.2296238	.6949639	0	.07541235	0
1387.15	.2268794	.6965911	0	.07652948	0
1386.15	.2241626	.6981988	0	.0776386	0
1385.15	.2214728	.6997873	0	.07873983	0
1384.15	.2188097	.701357	0	.0798333	0
1383.15	.2161728	.7029081	0	.08091913	0
1382.15	.2135616	.7044409	0	.08199745	0
1381.15	.2109759	.7059558	0	.08306838	0
1380.15	.2084151	.7074529	0	.08413202	0
1379.15	.2058789	.7089326	0	.0851885	0
1378.15	.203367	.7103951	0	.08623793	0
1377.15	.2008789	.7118407	0	.08728041	0
1376.15	.1984142	.7132697	0	.08831606	0
1375.15	.1959727	.7146823	0	.08934497	0
1374.15	.1935539	.7160788	0	.09036726	0
1373.15	.1911576	.7174594	0	.09138302	0
1372.15	.1887833	.7188244	0	.09239234	0
1371.15	.1864307	.7201739	0	.09339534	0
1370.15	.1840996	.7215083	0	.0943921	0
1369.15	.1817896	.7228277	0	.09538271	0
1368.15	.1795003	.7241324	0	.09636727	0
1367.15	.1772316	.7254226	0	.09734586	0
1366.15	.1749829	.7266985	0	.09831858	0
1365.15	.1727542	.7279603	0	.0992855	0
1364.15	.170545	.7292082	0	.1002467	0
1363.15	.1683552	.7304425	0	.1012023	0
1362.15	.1661843	.7316633	0	.1021524	0
1361.15	.1640322	.7328708	0	.103097	0
1360.15	.1618986	.7340652	0	.1040362	0
1359.15	.1597831	.7352468	0	.1049701	0
1358.15	.1576857	.7364156	0	.1058987	0
1357.15	.1556059	.7375719	0	.1068223	0
1356.15	.1535435	.7387158	0	.1077407	0
1355.15	.1514983	.7398476	0	.1086541	0
1354.15	.1494701	.7409674	0	.1095625	0
1353.15	.1474585	.7420754	0	.1104661	0
1352.15	.1454635	.7431716	0	.1113649	0
1351.15	.1434847	.7442564	0	.1122589	0
1350.15	.1415219	.7453299	0	.1131483	0
1349.15	.1395749	.7463921	0	.114033	0
1348.15	.1376434	.7474434	0	.1149132	0
1347.15	.1357274	.7484838	0	.1157889	0
1346.15	.1338265	.7495134	0	.1166601	0
1345.15	.1319405	.7505325	0	.117527	0
1344.15	.1300693	.7515411	0	.1183896	0
1343.15	.1282126	.7525395	0	.1192479	0
1342.15	.1263703	.7535277	0	.120102	0
1341.15	.1245421	.7545059	0	.1209519	0
1340.15	.1227279	.7554743	0	.1217978	0
1339.15	.1209275	.7564329	0	.1226396	0
1338.15	.1191407	.7573819	0	.1234775	0
1337.15	.1173672	.7583214	0	.1243114	0
1336.15	.115607	.7592516	0	.1251414	0
1335.15	.1138599	.7601725	0	.1259676	0
1334.15	.1121257	.7610843	0	.12679	0
1333.15	.1104041	.7619872	0	.1276086	0
1332.15	.1086952	.7628812	0	.1284236	0
1331.15	.1069986	.7637665	0	.129235	0
1330.15	.1053142	.7646431	0	.1300427	0
1329.15	.103642	.7655112	0	.1308469	0
1328.15	.1019816	.7663709	0	.1316475	0
1327.15	.100333	.7672223	0	.1324447	0
1326.15	.09869597	.7680656	0	.1332385	0
1325.15	.09707043	.7689007	0	.1340289	0
1324.15	.09545621	.7697279	0	.1348159	0
1323.15	.09385316	.7705472	0	.1355997	0
1322.15	.09226113	.7713587	0	.1363802	0
1321.15	.09068	.7721626	0	.1371574	0
1320.15	.08910962	.7729589	0	.1379315	0
1319.15	.08754985	.7737477	0	.1387024	0
1318.15	.08600057	.7745292	0	.1394703	0
1317.15	.08446165	.7753033	0	.140235	0
1316.15	.08293295	.7760703	0	.1409968	0
1315.15	.08141434	.7768302	0	.1417555	0
1314.15	.07990571	.777583	0	.1425113	0
1313.15	.07840692	.778329	0	.1432641	0
1312.15	.07691786	.7790681	0	.1440141	0
1311.15	.07543841	.7798005	0	.1447611	0
1310.15	.07396845	.7805262	0	.1455054	0
1309.15	.07250786	.7812453	0	.1462469	0
1308.15	.07105653	.7819579	0	.1469856	0
1307.15	.06961434	.7826641	0	.1477215	0
1306.15	.06818119	.783364	0	.1484548	0
1305.15	.06675697	.7840576	0	.1491854	0
1304.404	.06570023	.7845711	0	.1497287	0
1304.404	.06570023	.7845711	0	.1497287	0
1304.404	.06570023	.7845711	0	.1497287	0
1304.15	.06377129	.7838474	.002302409	.1500789	0
1303.15	.05618328	.7810373	.01133017	.1514493	0
1302.15	.04860535	.778289	.02029924	.1528064	0
1301.15	.04103707	.775602	.02921048	.1541504	0
1300.15	.03347803	.7729757	.0380647	.1554816	0
1299.15	.02591614	.7704076	.0468749	.1568014	0
1298.15	.01837436	.7679009	.05561748	.1581072	0
1297.15	.01084064	.7654532	.06430545	.1594007	0
1296.15	.003314598	.7630639	.07293958	.1606819	0
1295.709	0	.7620292	.07672799	.1612428	0
1295.709	0	.7620292	.07672799	.1612428	0
1295.15	0	.7612403	.0772407	.161519	0
1294.15	0	.7598329	.07815534	.1620118	0
1293.15	0	.7584294	.07906729	.1625033	0
1292.15	0	.7570301	.07997655	.1629934	0
1291.15	0	.7556347	.08088313	.1634822	0
1290.15	0	.7542433	.08178704	.1639696	0
1289.15	0	.752856	.08268829	.1644557	0
1288.15	0	.7514726	.08358686	.1649405	0
1287.15	0	.7500933	.08448279	.165424	0
1286.15	0	.7487179	.08537606	.1659061	0
1285.15	0	.7473464	.08626669	.1663869	0
1284.15	0	.7459789	.08715468	.1668664	0
1283.15	0	.7446153	.08804003	.1673446	0
1282.15	0	.7432557	.08892276	.1678216	0
1281.15	0	.7419	.08980286	.1682972	0
1280.15	0	.7405481	.09068034	.1687715	0
1279.15	0	.7392002	.09155521	.1692446	0
1278.15	0	.7378562	.09242747	.1697164	0
1277.15	0	.736516	.09329713	.1701869	0
1276.15	0	.7351797	.09416419	.1706561	0
1275.15	0	.7338473	.09502866	.1711241	0
1274.15	0	.7325187	.09589054	.1715908	0
1273.15	0	.7311939	.09674984	.1720563	0
1272.15	0	.729873	.09760656	.1725205	0
1271.15	0	.7285558	.0984607	.1729835	0
1270.15	0	.7272425	.09931229	.1734452	0
1269.15	0	.725933	.1001613	.1739057	0
1268.15	0	.7246273	.1010078	.174365	0
1267.15	0	.7233253	.1018517	.174823	0
1266.15	0	.7220271	.102693	.1752799	0
1265.15	0	.7207327	.1035318	.1757355	0
1264.15	0	.719442	.1043681	.1761899	0
1263.15	0	.718155	.1052019	.1766431	0
1262.15	0	.7168718	.1060331	.1770951	0
1261.15	0	.7155923	.1068618	.1775459	0
1260.15	0	.7143165	.1076879	.1779956	0
1259.15	0	.7130445	.1085116	.178444	0
1258.15	0	.7117761	.1093327	.1788913	0
1257.15	0	.7105114	.1101513	.1793373	0
1256.15	0	.7092503	.1109674	.1797822	0
1255.15	0	.707993	.1117811	.180226	0
1254.15	0	.7067393	.1125922	.1806685	0
1253.15	0	.7054892	.1134008	.1811099	0
1252.15	0	.7042428	.114207	.1815502	0
1251.15	0	.7030001	.1150106	.1819893	0
1250.15	0	.7017609	.1158118	.1824273	0
1249.15	0	.7005254	.1166105	.1828641	0
1248.15	0	.6992935	.1174068	.1832997	0
1247.15	0	.6980652	.1182006	.1837343	0
1246.15	0	.6968405	.1189919	.1841677	0
1245.15	0	.6956193	.1197807	.1846	0
1244.15	0	.6944018	.1205671	.1850312	0
1243.15	0	.6931877	.1213511	.1854612	0
1242.15	0	.6919773	.1221326	.1858901	0
1241.15	0	.6907705	.1229116	.186318	0
1240.15	0	.6895671	.1236882	.1867447	0
1239.15	0	.6883673	.1244624	.1871703	0
1238.15	0	.6871711	.1252341	.1875948	0
1237.15	0	.6859783	.1260034	.1880183	0
1236.15	0	.6847891	.1267703	.1884406	0
1235.15	0	.6836034	.1275348	.1888618	0
1234.15	0	.6824211	.1282968	.189282	0
1233.15	0	.6812424	.1290565	.1897011	0
1232.15	0	.6800672	.1298137	.1901191	0
1231.15	0	.6788954	.1305685	.1905361	0
1230.15	0	.6777271	.1313209	.190952	0
1229.15	0	.6765623	.1320709	.1913668	0
1228.15	0	.6754009	.1328185	.1917806	0
1227.15	0	.674243	.1335637	.1921933	0
1226.15	0	.6730885	.1343065	.192605	0
1225.15	0	.6719375	.1350469	.1930156	0
1224.15	0	.6707899	.1357849	.1934252	0
1223.15	0	.6696457	.1365206	.1938337	0
1222.15	0	.6685049	.1372539	.1942412	0
1221.15	0	.6673676	.1379847	.1946477	0
1220.15	0	.6662336	.1387132	.1950532	0
1219.15	0	.665103	.1394394	.1954576	0
1218.15	0	.6639759	.1401632	.195861	0
1217.15	0	.6628521	.1408846	.1962634	0
1216.15	0	.6617317	.1416036	.1966648	0
1215.15	0	.6606146	.1423203	.1970651	0
1214.15	0	.6595009	.1430346	.1974645	0
1213.15	0	.6583906	.1437466	.1978628	0
1212.15	0	.6572837	.1444562	.1982602	0
1211.15	0	.65618	.1451634	.1986565	0
1210.15	0	.6550798	.1458683	.1990519	0
1209.15	0	.6539828	.1465709	.1994463	0
1208.15	0	.6528892	.1472711	.1998397	0
1207.15	0	.6517989	.147969	.2002321	0
1206.15	0	.6507119	.1486645	.2006235	0
1205.15	0	.6496283	.1493578	.201014	0
1204.15	0	.6485479	.1500486	.2014035	0
1203.15	0	.6474709	.1507372	.201792	0
1202.15	0	.6463971	.1514234	.2021796	0
1201.15	0	.6453266	.1521073	.2025662	0
1200.15	0	.6442594	.1527888	.2029518	0
1199.15	0	.6431955	.153468	.2033365	0
1198.15	0	.6421349	.154145	.2037202	0
1197.15	0	.6410775	.1548196	.204103	0
1196.15	0	.6400234	.1554918	.2044848	0
1195.15	0	.6389725	.1561618	.2048657	0
1194.15	0	.6379249	.1568294	.2052456	0
1193.15	0	.6368806	.1574948	.2056246	0
1192.15	0	.6358395	.1581578	.2060027	0
1191.15	0	.6348016	.1588185	.2063799	0
1190.15	0	.6337669	.1594769	.2067561	0
1189.15	0	.6327355	.1601331	.2071314	0
1188.15	0	.6317073	.1607869	.2075058	0
1187.15	0	.6306824	.1614384	.2078793	0
1186.15	0	.6296606	.1620876	.2082518	0
1185.15	0	.6286421	.1627345	.2086235	0
1184.15	0	.6276267	.1633791	.2089942	0
1183.15	0	.6266146	.1640215	.209364	0
1182.15	0	.6256056	.1646615	.2097329	0
1181.15	0	.6245998	.1652992	.2101009	0
1180.15	0	.6235972	.1659347	.2104681	0
1179.15	0	.6225979	.1665678	.2108343	0
1178.15	0	.6216016	.1671987	.2111996	0
1177.15	0	.6206086	.1678273	.2115641	0
1176.15	0	.6196187	.1684536	.2119276	0
1175.15	0	.618632	.1690777	.2122903	0
1174.15	0	.6176485	.1696994	.2126521	0
1173.15	0	.6166681	.1703189	.2130131	0
1172.15	0	.6156908	.1709361	.2133731	0
1171.15	0	.6147167	.171551	.2137323	0
1170.15	0	.6137458	.1721636	.2140906	0
1169.15	0	.612778	.172774	.2144481	0
1168.15	0	.6118133	.173382	.2148046	0
1167.15	0	.6108518	.1739879	.2151604	0
1166.15	0	.6098934	.1745914	.2155152	0
1165.15	0	.6089381	.1751927	.2158692	0
1164.15	0	.607986	.1757916	.2162224	0
1163.15	0	.6070369	.1763884	.2165747	0
1162.15	0	.606091	.1769828	.2169262	0
1161.15	0	.6051482	.177575	.2172768	0
1160.15	0	.6042085	.1781649	.2176265	0
1159.15	0	.603272	.1787526	.2179755	0
1158.15	0	.6023385	.1793379	.2183236	0
1157.15	0	.6014081	.1799211	.2186708	0
1156.15	0	.6004808	.1805019	.2190173	0
1155.15	0	.5995566	.1810805	.2193629	0
1154.15	0	.5986355	.1816569	.2197077	0
1153.15	0	.5977175	.1822309	.2200516	0
1152.15	0	.5968026	.1828027	.2203947	0
1151.15	0	.5958907	.1833722	.220737	0
1150.15	0	.594982	.1839395	.2210785	0
1149.15	0	.5940763	.1845045	.2214192	0
1148.15	0	.5931737	.1850673	.2217591	0
1147.15	0	.5922742	.1856278	.2220981	0
1146.15	0	.5913777	.186186	.2224363	0
1145.15	0	.5904843	.186742	.2227738	0
1144.15	0	.5895939	.1872957	.2231104	0
1143.15	0	.5887066	.1878471	.2234462	0
1142.15	0	.5878224	.1883963	.2237813	0
1141.15	0	.5869413	.1889432	.2241155	0
1140.15	0	.5860632	.1894879	.2244489	0
1139.15	0	.5851881	.1900303	.2247816	0
1138.15	0	.5843161	.1905704	.2251135	0
1137.15	0	.5834471	.1911083	.2254445	0
1136.15	0	.5825812	.191644	.2257748	0
1135.15	0	.5817183	.1921773	.2261043	0
1134.15	0	.5808585	.1927084	.226433	0
1133.15	0	.5800017	.1932373	.226761	0
1132.15	0	.579148	.1937639	.2270882	0
1131.15	0	.5782972	.1942882	.2274146	0
1130.15	0	.5774496	.1948103	.2277402	0
1129.15	0	.5766049	.1953301	.228065	0
1128.15	0	.5757633	.1958476	.2283891	0
1127.15	0	.5749247	.1963629	.2287124	0
1126.15	0	.5740891	.1968759	.229035	0
1125.15	0	.5732566	.1973867	.2293568	0
1124.15	0	.572427	.1978952	.2296778	0
1123.15	0	.5716005	.1984014	.2299981	0
1122.15	0	.5707771	.1989054	.2303176	0
1121.15	0	.5699566	.1994071	.2306363	0
1120.15	0	.5691392	.1999065	.2309543	0
1119.15	0	.5683247	.2004037	.2312716	0
1118.15	0	.5675133	.2008986	.2315881	0
1117.15	0	.5667049	.2013912	.2319038	0
1116.15	0	.5658996	.2018816	.2322189	0
1115.15	0	.5650972	.2023697	.2325331	0
1114.15	0	.5642978	.2028555	.2328466	0
1113.15	0	.5635015	.2033391	.2331594	0
1112.15	0	.5627082	.2038204	.2334715	0
1111.15	0	.5619178	.2042994	.2337828	0
1110.15	0	.5611305	.2047761	.2340934	0
1109.15	0	.5603462	.2052506	.2344032	0
1108.15	0	.5595649	.2057228	.2347123	0
1107.15	0	.5587866	.2061927	.2350207	0
1106.15	0	.5580113	.2066604	.2353283	0
1105.15	0	.557239	.2071257	.2356353	0
1104.15	0	.5564697	.2075888	.2359415	0
1103.15	0	.5557034	.2080496	.236247	0
1102.15	0	.5549401	.2085082	.2365517	0
1101.15	0	.5541798	.2089644	.2368558	0
1100.15	0	.5534225	.2094184	.2371591	0
1099.15	0	.5526683	.20987	.2374617	0
1098.15	0	.551917	.2103194	.2377636	0
1097.15	0	.5511687	.2107665	.2380648	0
1096.15	0	.5504234	.2112114	.2383652	0
1095.15	0	.5496812	.2116539	.238665	0
1094.15	0	.5489419	.2120941	.238964	0
1093.15	0	.5482056	.212532	.2392624	0
1092.15	0	.5474723	.2129677	.23956	0
1091.15	0	.5467421	.213401	.2398569	0
1090.15	0	.5460148	.2138321	.2401531	0
1089.15	0	.5452905	.2142608	.2404486	0
1088.15	0	.5445693	.2146873	.2407435	0
1087.15	0	.543851	.2151114	.2410376	0
1086.15	0	.5431357	.2155333	.241331	0
1085.15	0	.5424235	.2159528	.2416237	0
1084.15	0	.5417142	.2163701	.2419157	0
1083.15	0	.541008	.216785	.2422071	0
1082.15	0	.5403047	.2171976	.2424977	0
1081.15	0	.5396045	.2176079	.2427877	0
1080.15	0	.5389072	.2180159	.2430769	0
1079.15	0	.538213	.2184216	.2433655	0
1078.15	0	.5375217	.2188249	.2436534	0
1077.15	0	.5368335	.2192259	.2439406	0
1076.15	0	.5361483	.2196247	.2442271	0
1075.15	0	.5354661	.220021	.2445129	0
1074.15	0	.5347869	.2204151	.244798	0
1073.15	0	.5341107	.2208069	.2450825	0
1072.15	0	.5334375	.2211963	.2453662	0
1071.15	0	.5327673	.2215834	.2456493	0
1070.15	0	.5321002	.2219681	.2459317	0
1069.15	0	.531436	.2223505	.2462135	0
1068.15	0	.5307749	.2227306	.2464945	0
1067.15	0	.5301168	.2231083	.2467749	0
1066.15	0	.5294617	.2234837	.2470546	0
1065.15	0	.5288096	.2238568	.2473336	0
1064.15	0	.5281606	.2242275	.247612	0
1063.15	0	.5275145	.2245958	.2478896	0
1062.15	0	.5268715	.2249618	.2481666	0
1061.15	0	.5262315	.2253255	.248443	0
1060.15	0	.5255946	.2256868	.2487186	0
1059.15	0	.5249606	.2260458	.2489936	0
1058.15	0	.5243297	.2264023	.2492679	0
1057.15	0	.5237018	.2267566	.2495416	0
1056.15	0	.523077	.2271084	.2498146	0
1055.15	0	.5224552	.2274579	.2500869	0
1054.15	0	.5218364	.2278051	.2503585	0
1053.15	0	.5212206	.2281498	.2506295	0
1052.15	0	.5206079	.2284922	.2508998	0
1051.15	0	.5199983	.2288323	.2511695	0
1050.15	0	.5193916	.2291699	.2514385	0
1049.15	0	.5187881	.2295052	.2517068	0
1048.15	0	.5181875	.2298381	.2519744	0
1047.15	0	.51759	.2301686	.2522414	0
1046.15	0	.5169956	.2304967	.2525078	0
1045.15	0	.5164042	.2308224	.2527734	0
1044.15	0	.5158158	.2311457	.2530384	0
1043.15	0	.5152305	.2314667	.2533028	0
1042.15	0	.5146483	.2317852	.2535665	0
1041.15	0	.5140691	.2321014	.2538295	0
1040.15	0	.513493	.2324151	.2540919	0
1039.15	0	.51292	.2327265	.2543536	0
1038.15	0	.51235	.2330354	.2546146	0
1037.15	0	.511783	.233342	.254875	0
1036.15	0	.5112192	.2336461	.2551347	0
1035.15	0	.5106584	.2339478	.2553938	0
1034.15	0	.5101007	.2342471	.2556522	0
1033.15	0	.509546	.234544	.2559099	0
1032.15	0	.5089945	.2348385	.256167	0
1031.15	0	.508446	.2351306	.2564234	0
1030.15	0	.5079006	.2354202	.2566792	0
1029.15	0	.5073583	.2357074	.2569343	0
1028.15	0	.5068191	.2359922	.2571888	0
1027.15	0	.5062829	.2362745	.2574426	0
1026.15	0	.5057499	.2365544	.2576957	0
1025.15	0	.5052199	.2368319	.2579482	0
1024.15	0	.504693	.237107	.2582	0
1023.15	0	.5041693	.2373796	.2584512	0
1022.15	0	.5036486	.2376497	.2587017	0
1021.15	0	.503131	.2379175	.2589515	0
1020.15	0	.5026166	.2381828	.2592007	0
1019.15	0	.5021052	.2384456	.2594492	0
1018.15	0	.501597	.238706	.259697	0
1017.15	0	.5010919	.2389639	.2599442	0
1016.15	0	.5005899	.2392194	.2601908	0
1015.15	0	.500091	.2394724	.2604366	0
1014.15	0	.4995952	.239723	.2606818	0
1013.15	0	.4991025	.2399711	.2609264	0
1012.15	0	.498613	.2402168	.2611702	0
1011.15	0	.4981266	.24046	.2614134	0
1010.15	0	.4976433	.2407007	.261656	0
1009.15	0	.4971631	.240939	.2618979	0
1008.15	0	.4966861	.2411748	.2621391	0
1007.15	0	.4962122	.2414081	.2623797	0
1006.15	0	.4957415	.241639	.2626195	0
1005.15	0	.4952739	.2418674	.2628587	0
1004.15	0	.4948094	.2420933	.2630973	0
1003.15	0	.4943481	.2423168	.2633352	0
1002.15	0	.4938899	.2425378	.2635724	0
1001.15	0	.4934349	.2427563	.2638089	0
1000.15	0	.492983	.2429723	.2640447	0
999.15	0	.4925342	.2431858	.2642799	0
998.15	0	.4920887	.2433969	.2645144	0
997.15	0	.4916462	.2436055	.2647483	0
996.15	0	.491207	.2438116	.2649814	0
995.15	0	.4907709	.2440153	.2652139	0
994.15	0	.4903379	.2442164	.2654457	0
993.15	0	.4899081	.2444151	.2656768	0
992.15	0	.4894815	.2446113	.2659072	0
991.15	0	.4890581	.244805	.266137	0
990.15	0	.4886378	.2449962	.266366	0
989.15	0	.4882207	.2451849	.2665944	0
988.15	0	.4878067	.2453712	.2668221	0
987.15	0	.487396	.245555	.2670491	0
986.15	0	.4869884	.2457362	.2672754	0
985.15	0	.4865839	.2459151	.267501	0
984.15	0	.4861827	.2460914	.2677259	0
983.15	0	.4857846	.2462652	.2679501	0
982.15	0	.4853897	.2464366	.2681736	0
981.15	0	.484998	.2466055	.2683965	0
980.15	0	.4846095	.2467719	.2686186	0
979.15	0	.4842241	.2469359	.26884	0
978.15	0	.483842	.2470974	.2690607	0
977.15	0	.483463	.2472564	.2692807	0
976.15	0	.4830872	.2474129	.2694999	0
975.15	0	.4827145	.2475669	.2697185	0
974.15	0	.4823451	.2477185	.2699364	0
973.15	0	.4819788	.2478677	.2701535	0
972.15	0	.4816157	.2480143	.2703699	0
971.15	0	.4812558	.2481585	.2705856	0
970.15	0	.4808991	.2483003	.2708006	0
969.15	0	.4805456	.2484396	.2710148	0
968.15	0	.4801952	.2485764	.2712284	0
967.15	0	.479848	.2487108	.2714411	0
966.15	0	.479504	.2488428	.2716532	0
965.15	0	.4791632	.2489723	.2718645	0
964.15	0	.4788256	.2490994	.272075	0
963.15	0	.4784911	.249224	.2722849	0
962.15	0	.4781598	.2493463	.2724939	0
961.15	0	.4778316	.2494661	.2727023	0
960.15	0	.4775067	.2495835	.2729098	0
959.15	0	.4771849	.2496985	.2731167	0
958.15	0	.4768662	.249811	.2733227	0
957.15	0	.4765508	.2499212	.273528	0
956.15	0	.4762385	.250029	.2737325	0
955.15	0	.4759293	.2501344	.2739363	0
954.15	0	.4756233	.2502375	.2741393	0
953.15	0	.4753204	.2503381	.2743415	0
952.15	0	.4750207	.2504364	.2745429	0
951.15	0	.4747241	.2505324	.2747435	0
950.15	0	.4744307	.250626	.2749433	0
949.15	0	.4741404	.2507172	.2751424	0
948.15	0	.4738532	.2508062	.2753407	0
947.15	0	.4735691	.2508928	.2755381	0
946.15	0	.4732882	.2509771	.2757348	0
945.15	0	.4730103	.2510591	.2759306	0
944.15	0	.4727356	.2511388	.2761256	0
943.15	0	.4724639	.2512162	.2763198	0
942.15	0	.4721954	.2512914	.2765132	0
941.15	0	.4719299	.2513643	.2767058	0
940.15	0	.4716675	.251435	.2768975	0
939.15	0	.4714082	.2515034	.2770884	0
938.15	0	.4711519	.2515697	.2772784	0
937.15	0	.4708987	.2516337	.2774676	0
936.15	0	.4706485	.2516955	.277656	0
935.15	0	.4704014	.2517552	.2778435	0
934.15	0	.4701572	.2518127	.2780301	0
933.15	0	.4699161	.2518681	.2782158	0
932.15	0	.469678	.2519213	.2784007	0
931.15	0	.4694429	.2519724	.2785847	0
930.15	0	.4692107	.2520215	.2787678	0
929.15	0	.4689816	.2520684	.27895	0
928.15	0	.4687553	.2521133	.2791313	0
927.15	0	.468532	.2521562	.2793118	0
926.15	0	.4683117	.2521971	.2794913	0
925.15	0	.4680943	.2522359	.2796698	0
924.15	0	.4678797	.2522728	.2798475	0
923.15	0	.4676681	.2523077	.2800242	0
922.15	0	.4674593	.2523407	.2802	0
921.15	0	.4672534	.2523718	.2803749	0
920.15	0	.4670503	.252401	.2805488	0
919.15	0	.46685	.2524283	.2807217	0
918.15	0	.4666525	.2524539	.2808936	0
917.15	0	.4664578	.2524776	.2810646	0
916.15	0	.4662659	.2524995	.2812346	0
915.15	0	.4660767	.2525196	.2814037	0
914.15	0	.4658902	.2525381	.2815717	0
913.15	0	.4657064	.2525548	.2817387	0
912.15	0	.4655254	.2525699	.2819047	0
911.15	0	.4653469	.2525834	.2820697	0
910.15	0	.4651711	.2525952	.2822336	0
909.15	0	.4649979	.2526055	.2823965	0
908.15	0	.4648274	.2526143	.2825584	0
907.15	0	.4646593	.2526215	.2827192	0
906.15	0	.4644938	.2526273	.2828789	0
905.15	0	.4643308	.2526317	.2830376	0
904.15	0	.4641703	.2526346	.2831951	0
903.15	0	.4640122	.2526362	.2833516	0
902.15	0	.4638565	.2526366	.2835069	0
901.15	0	.4637033	.2526356	.2836612	0
900.15	0	.4635523	.2526334	.2838142	0
899.15	0	.4634037	.2526301	.2839662	0
898.15	0	.4632574	.2526256	.284117	0
897.15	0	.4631134	.25262	.2842667	0
896.15	0	.4629715	.2526134	.2844151	0
895.15	0	.4628319	.2526057	.2845624	0
894.15	0	.4626944	.2525972	.2847085	0
893.15	0	.4625589	.2525877	.2848533	0
892.15	0	.4624256	.2525774	.284997	0
891.15	0	.4622943	.2525664	.2851394	0
890.15	0	.4621649	.2525546	.2852805	0
889.15	0	.4620375	.2525421	.2854204	0
888.15	0	.461912	.2525291	.285559	0
887.15	0	.4617883	.2525155	.2856963	0
886.15	0	.4616664	.2525014	.2858323	0
885.15	0	.4615462	.2524868	.2859669	0
884.15	0	.4614278	.252472	.2861003	0
883.15	0	.461311	.2524568	.2862322	0
882.15	0	.4611958	.2524414	.2863628	0
881.15	0	.4610821	.2524259	.286492	0
880.15	0	.4609699	.2524104	.2866198	0
879.15	0	.4608591	.2523948	.2867462	0
878.15	0	.4607496	.2523793	.2868711	0
877.15	0	.4606415	.252364	.2869946	0
876.15	0	.4605345	.2523489	.2871165	0
875.15	0	.4604288	.2523342	.287237	0
874.15	0	.4603241	.25232	.2873559	0
873.15	0	.4602205	.2523062	.2874734	0
872.15	0	.4601178	.2522931	.2875892	0
871.15	0	.460016	.2522806	.2877034	0
870.15	0	.4599149	.252269	.2878161	0
869.15	0	.4598146	.2522583	.2879271	0
868.15	0	.459715	.2522486	.2880364	0
867.15	0	.4596158	.2522401	.2881441	0
866.15	0	.4595172	.2522328	.28825	0
865.15	0	.4594189	.2522269	.2883542	0
864.15	0	.4593209	.2522224	.2884566	0
863.15	0	.4592231	.2522196	.2885573	0
862.15	0	.4591254	.2522185	.2886561	0
861.15	0	.4590276	.2522194	.288753	0
860.15	0	.4589298	.2522222	.2888481	0
859.15	0	.4588316	.2522272	.2889412	0
858.15	0	.4587332	.2522345	.2890323	0
857.15	0	.4586342	.2522443	.2891215	0
856.15	0	.4585346	.2522567	.2892086	0
855.15	0	.4584344	.252272	.2892937	0
854.15	0	.4583332	.2522902	.2893766	0
853.15	0	.4582311	.2523116	.2894573	0
852.15	0	.4581278	.2523363	.2895359	0
851.15	0	.4580232	.2523647	.2896122	0
850.15	0	.4579171	.2523967	.2896862	0
849.15	0	.4578094	.2524328	.2897578	0
848.15	0	.4576999	.2524731	.289827	0
847.15	0	.4575885	.2525178	.2898937	0
846.15	0	.4574748	.2525673	.2899579	0
845.15	0	.4573588	.2526217	.2900195	0
844.15	0	.4572402	.2526814	.2900784	0
843.15	0	.4571188	.2527466	.2901346	0
842.15	0	.4569943	.2528177	.290188	0
841.15	0	.4568666	.2528949	.2902385	0
840.15	0	.4567353	.2529787	.2902859	0
839.15	0	.4566002	.2530694	.2903303	0
838.15	0	.456461	.2531674	.2903716	0
837.15	0	.4563174	.2532731	.2904095	0
836.15	0	.4561689	.253387	.2904441	0
835.15	0	.4560154	.2535095	.2904752	0
834.15	0	.4558563	.2536411	.2905026	0
833.15	0	.4556914	.2537824	.2905262	0
832.15	0	.4555201	.253934	.290546	0
831.15	0	.4553419	.2540965	.2905616	0
830.15	0	.4551564	.2542706	.290573	0
829.15	0	.454963	.2544572	.2905799	0
828.15	0	.454761	.2546568	.2905822	0
827.15	0	.4545499	.2548706	.2905796	0
826.15	0	.4543288	.2550994	.2905718	0
825.15	0	.454097	.2553444	.2905586	0
824.15	0	.4538536	.2556067	.2905398	0
823.15	0	.4535975	.2558877	.2905148	0
822.15	0	.4533277	.2561888	.2904835	0
821.15	0	.4527026	.2569482	.2903492	0
820.15	0	.4519863	.2578296	.2901841	0
819.15	0	.4513369	.2586301	.290033	0
818.15	0	.4507464	.2593599	.2898937	0
817.15	0	.450208	.2600272	.2897648	0
816.15	0	.449716	.260639	.289645	0
815.15	0	.4492658	.2612011	.2895332	0
814.15	0	.4488532	.2617184	.2894284	0
813.15	0	.4484747	.2621952	.28933	0
812.15	0	.4481273	.2626353	.2892374	0
811.15	0	.4478084	.2630418	.2891498	0
810.15	0	.4475155	.2634176	.2890669	0
809.15	0	.4472466	.2637652	.2889883	0
808.15	0	.4469997	.2640868	.2889134	0
807.15	0	.4467733	.2643846	.2888421	0
806.15	0	.4465657	.2646602	.2887741	0
805.15	0	.4463756	.2649154	.288709	0
804.15	0	.4462018	.2651515	.2886466	0
803.15	0	.4460432	.2653701	.2885868	0
802.15	0	.4458986	.2655722	.2885293	0
801.15	0	.4457671	.265759	.288474	0
800.15	0	.4456479	.2659315	.2884206	0
799.15	0	.4455401	.2660907	.2883692	0
798.15	0	.4454431	.2662375	.2883194	0
797.15	0	.445356	.2663727	.2882713	0
796.15	0	.4452784	.2664969	.2882247	0
795.15	0	.4452095	.266611	.2881795	0
794.15	0	.4451489	.2667155	.2881357	0
793.15	0	.4450959	.266811	.288093	0
792.15	0	.4450503	.2668982	.2880516	0
791.15	0	.4450114	.2669774	.2880112	0
790.15	0	.4449789	.2670493	.2879718	0
789.15	0	.4449524	.2671142	.2879334	0
788.15	0	.4449316	.2671726	.2878958	0
787.15	0	.444916	.2672249	.2878592	0
786.15	0	.4449054	.2672714	.2878233	0
785.15	0	.4448994	.2673125	.2877881	0
784.15	0	.4448979	.2673485	.2877537	0
783.15	0	.4449004	.2673797	.2877199	0
782.15	0	.4449068	.2674065	.2876867	0
781.15	0	.4449168	.267429	.2876542	0
780.15	0	.4449302	.2674476	.2876222	0
779.15	0	.4449469	.2674625	.2875907	0
778.15	0	.4449665	.2674739	.2875597	0
777.15	0	.4449889	.267482	.2875292	0
776.15	0	.4450139	.267487	.2874991	0
775.15	0	.4450414	.2674892	.2874694	0
774.15	0	.4450712	.2674887	.2874401	0
773.15	0	.4451031	.2674857	.2874112	0
772.15	0	.4451371	.2674803	.2873826	0
771.15	0	.4451729	.2674727	.2873544	0
770.15	0	.4452105	.267463	.2873265	0
769.15	0	.4452497	.2674514	.2872988	0
768.15	0	.4452904	.2674381	.2872715	0
767.15	0	.4453326	.267423	.2872444	0
766.15	0	.445376	.2674064	.2872175	0
765.15	0	.4454207	.2673884	.2871909	0
764.15	0	.4454664	.267369	.2871645	0
763.15	0	.4455159	.2673463	.2871377	0
762.15	0	.4455635	.2673247	.2871118	0
761.15	0	.4456119	.2673021	.287086	0
760.15	0	.4456611	.2672785	.2870604	0
759.15	0	.4457111	.267254	.287035	0
758.15	0	.4457617	.2672286	.2870097	0
757.15	0	.4458129	.2672026	.2869845	0
756.15	0	.4458647	.2671758	.2869595	0
755.15	0	.4459169	.2671484	.2869346	0
754.15	0	.4459696	.2671205	.2869098	0
753.15	0	.4460227	.2670921	.2868851	0
752.15	0	.4460761	.2670633	.2868606	0
751.15	0	.4461298	.2670341	.2868361	0
750.15	0	.4461837	.2670046	.2868117	0
749.15	0	.4462378	.2669748	.2867874	0
748.15	0	.4462921	.2669447	.2867632	0
747.15	0	.4463465	.2669145	.286739	0
746.15	0	.446401	.2668841	.2867149	0
745.15	0	.4464555	.2668536	.2866908	0
744.15	0	.4465101	.2668231	.2866669	0
743.15	0	.4465646	.2667925	.2866429	0
742.15	0	.4466191	.2667619	.286619	0
741.15	0	.4466735	.2667314	.2865952	0
740.15	0	.4467278	.2667009	.2865713	0
739.15	0	.446782	.2666705	.2865476	0
738.15	0	.4468361	.2666402	.2865238	0
737.15	0	.4468899	.26661	.2865001	0
736.15	0	.4469436	.26658	.2864763	0
735.15	0	.4469971	.2665502	.2864527	0
734.15	0	.4470504	.2665207	.286429	0
733.15	0	.4471034	.2664913	.2864053	0
732.15	0	.4471562	.2664622	.2863816	0
731.15	0	.4472086	.2664334	.286358	0
730.15	0	.4472608	.2664048	.2863344	0
729.15	0	.4473127	.2663766	.2863107	0
728.15	0	.4473643	.2663487	.2862871	0
727.15	0	.4474155	.2663211	.2862634	0
726.15	0	.4474664	.2662939	.2862398	0
725.15	0	.4475169	.266267	.2862161	0
724.15	0	.4475671	.2662405	.2861924	0
723.15	0	.4476169	.2662144	.2861688	0
722.15	0	.4476663	.2661887	.2861451	0
721.15	0	.4477153	.2661634	.2861214	0
720.15	0	.4477639	.2661385	.2860976	0
719.15	0	.4478121	.266114	.2860739	0
718.15	0	.4478599	.26609	.2860502	0
717.15	0	.4479073	.2660664	.2860264	0
716.15	0	.4479542	.2660432	.2860026	0
715.15	0	.4480007	.2660205	.2859788	0
714.15	0	.4480468	.2659983	.2859549	0
713.15	0	.4480924	.2659765	.2859311	0
712.15	0	.4481376	.2659552	.2859072	0
711.15	0	.4481824	.2659344	.2858832	0
710.15	0	.4482267	.2659141	.2858593	0
709.15	0	.4482705	.2658942	.2858353	0
708.15	0	.4483139	.2658748	.2858113	0
707.15	0	.4483568	.265856	.2857873	0
706.15	0	.4483992	.2658376	.2857632	0
705.15	0	.4484412	.2658197	.2857391	0
704.15	0	.4484827	.2658023	.285715	0
703.15	0	.4485237	.2657855	.2856908	0
702.15	0	.4485643	.2657691	.2856666	0
701.15	0	.4486044	.2657532	.2856424	0
700.15	0	.448644	.2657379	.2856181	0
699.15	0	.4486832	.265723	.2855938	0
698.15	0	.4487218	.2657087	.2855695	0
697.15	0	.44876	.2656949	.2855451	0
696.15	0	.4487977	.2656815	.2855207	0
695.15	0	.448835	.2656687	.2854963	0
694.15	0	.4488718	.2656564	.2854718	0
693.15	0	.4489081	.2656447	.2854473	0
692.15	0	.4489439	.2656334	.2854227	0
691.15	0	.4489792	.2656226	.2853981	0
690.15	0	.4490141	.2656124	.2853735	0
689.15	0	.4490485	.2656026	.2853488	0
688.15	0	.4490825	.2655934	.2853241	0
687.15	0	.4491159	.2655847	.2852994	0
686.15	0	.4491489	.2655765	.2852746	0
685.15	0	.4491815	.2655688	.2852498	0
684.15	0	.4492136	.2655616	.2852249	0
683.15	0	.4492452	.2655549	.2852	0
682.15	0	.4492763	.2655486	.2851751	0
681.15	0	.449307	.2655429	.2851501	0
680.15	0	.4493372	.2655377	.285125	0
679.15	0	.449367	.265533	.2851	0
678.15	0	.4493963	.2655288	.2850749	0
677.15	0	.4494252	.2655251	.2850498	0
676.15	0	.4494536	.2655218	.2850246	0
675.15	0	.4494816	.265519	.2849994	0
674.15	0	.4495091	.2655168	.2849741	0
673.15	0	.4495362	.265515	.2849488	0
672.15	0	.4495628	.2655137	.2849235	0
671.15	0	.449589	.2655128	.2848981	0
670.15	0	.4496148	.2655125	.2848727	0
669.15	0	.4496401	.2655126	.2848473	0
668.15	0	.449665	.2655132	.2848218	0
667.15	0	.4496895	.2655142	.2847963	0
666.15	0	.4497136	.2655157	.2847707	0
665.15	0	.4497372	.2655177	.2847452	0
664.15	0	.4497604	.2655201	.2847195	0
663.15	0	.4497832	.265523	.2846939	0
662.15	0	.4498055	.2655263	.2846682	0
661.15	0	.4498275	.2655301	.2846424	0
660.15	0	.449849	.2655343	.2846166	0
659.15	0	.4498702	.265539	.2845908	0
658.15	0	.4498909	.2655441	.284565	0
657.15	0	.4499112	.2655497	.2845391	0
656.15	0	.4499311	.2655557	.2845132	0
655.15	0	.4499507	.2655621	.2844872	0
654.15	0	.4499698	.2655689	.2844613	0
653.15	0	.4499886	.2655762	.2844352	0
652.15	0	.4500069	.2655839	.2844092	0
651.15	0	.4500249	.265592	.2843831	0
650.15	0	.4500425	.2656005	.284357	0
649.15	0	.4500597	.2656095	.2843309	0
648.15	0	.4500765	.2656188	.2843047	0
647.15	0	.450093	.2656286	.2842785	0
646.15	0	.4501091	.2656387	.2842522	0
645.15	0	.4501248	.2656493	.2842259	0
644.15	0	.4501401	.2656602	.2841996	0
643.15	0	.4501551	.2656716	.2841733	0
642.15	0	.4501697	.2656833	.2841469	0
641.15	0	.450184	.2656955	.2841205	0
640.15	0	.4501979	.265708	.2840941	0
639.15	0	.4502115	.2657209	.2840677	0
638.15	0	.4502247	.2657341	.2840412	0
637.15	0	.4502376	.2657478	.2840147	0
636.15	0	.4502501	.2657618	.2839881	0
635.15	0	.4502623	.2657762	.2839616	0
634.15	0	.4502741	.2657909	.283935	0
633.15	0	.4502856	.265806	.2839084	0
632.15	0	.4502968	.2658215	.2838818	0
631.15	0	.4503076	.2658373	.2838551	0
630.15	0	.4503182	.2658535	.2838284	0
629.15	0	.4503283	.26587	.2838017	0
628.15	0	.4503382	.2658868	.283775	0
627.15	0	.4503478	.265904	.2837482	0
626.15	0	.450357	.2659216	.2837214	0
625.15	0	.4503659	.2659395	.2836946	0
624.15	0	.4503745	.2659577	.2836678	0
623.15	0	.4503829	.2659762	.2836409	0
622.15	0	.4503909	.2659951	.2836141	0
621.15	0	.4503986	.2660143	.2835872	0
620.15	0	.4504059	.2660338	.2835603	0
619.15	0	.450413	.2660536	.2835333	0
618.15	0	.4504199	.2660738	.2835064	0
617.15	0	.4504264	.2660942	.2834794	0
616.15	0	.4504326	.266115	.2834525	0
615.15	0	.4504385	.266136	.2834255	0
614.15	0	.4504442	.2661574	.2833984	0
613.15	0	.4504495	.2661791	.2833714	0
612.15	0	.4504546	.266201	.2833444	0
611.15	0	.4504594	.2662233	.2833173	0
610.15	0	.450464	.2662458	.2832902	0
609.15	0	.4504682	.2662686	.2832631	0
608.15	0	.4504722	.2662918	.283236	0
607.15	0	.450476	.2663152	.2832089	0
606.15	0	.4504794	.2663388	.2831818	0
605.15	0	.4504826	.2663628	.2831546	0
604.15	0	.4504856	.266387	.2831275	0
603.15	0	.4504883	.2664115	.2831003	0
602.15	0	.4504907	.2664362	.2830731	0
601.15	0	.4504929	.2664612	.2830459	0
600.15	0	.4504948	.2664865	.2830187	0
599.15	0	.4504965	.266512	.2829915	0
598.15	0	.4504979	.2665378	.2829643	0
597.15	0	.4504991	.2665638	.2829371	0
596.15	0	.4505001	.2665901	.2829098	0
595.15	0	.4505008	.2666166	.2828826	0
594.15	0	.4505013	.2666434	.2828554	0
593.15	0	.4505015	.2666704	.2828281	0
592.15	0	.4505015	.2666977	.2828009	0
591.15	0	.4505013	.2667251	.2827736	0
590.15	0	.4505008	.2667528	.2827463	0
589.15	0	.4505002	.2667808	.2827191	0
588.15	0	.4504993	.2668089	.2826918	0
587.15	0	.4504981	.2668373	.2826645	0
586.15	0	.4504968	.2668659	.2826372	0
585.15	0	.4504953	.2668948	.28261	0
584.15	0	.4504935	.2669238	.2825827	0
583.15	0	.4504915	.2669531	.2825554	0
582.15	0	.4504894	.2669825	.2825281	0
581.15	0	.4504869	.2670122	.2825009	0
580.15	0	.4504843	.2670421	.2824736	0
579.15	0	.4504816	.2670721	.2824463	0
578.15	0	.4504785	.2671024	.282419	0
577.15	0	.4504753	.2671329	.2823918	0
576.15	0	.4504719	.2671635	.2823645	0
575.15	0	.4504683	.2671944	.2823373	0
574.15	0	.4504645	.2672255	.28231	0
573.15	0	.4504606	.2672567	.2822827	0
572.15	0	.4504564	.2672881	.2822555	0
571.15	0	.450452	.2673197	.2822283	0
570.15	0	.4504475	.2673515	.282201	0
569.15	0	.4504428	.2673834	.2821738	0
568.15	0	.4504379	.2674155	.2821466	0
567.15	0	.4504328	.2674478	.2821194	0
566.15	0	.4504275	.2674803	.2820922	0
565.15	0	.4504221	.2675129	.282065	0
564.15	0	.4504164	.2675457	.2820378	0
563.15	0	.4504106	.2675787	.2820107	0
562.15	0	.4504047	.2676118	.2819835	0
561.15	0	.4503986	.2676451	.2819564	0
560.15	0	.4503923	.2676785	.2819293	0
559.15	0	.4503858	.2677121	.2819022	0
558.15	0	.4503792	.2677458	.2818751	0
557.15	0	.4503724	.2677797	.281848	0
556.15	0	.4503654	.2678137	.2818209	0
555.15	0	.4503583	.2678478	.2817938	0
554.15	0	.4503511	.2678821	.2817668	0
553.15	0	.4503437	.2679166	.2817398	0
552.15	0	.4503361	.2679512	.2817128	0
551.15	0	.4503284	.2679859	.2816858	0
550.15	0	.4503205	.2680207	.2816588	0
549.15	0	.4503125	.2680557	.2816319	0
548.15	0	.4503043	.2680907	.2816049	0
547.15	0	.450296	.268126	.281578	0
546.15	0	.4502876	.2681613	.2815511	0
545.15	0	.450279	.2681968	.2815243	0
544.15	0	.4502702	.2682323	.2814974	0
543.15	0	.4502614	.268268	.2814706	0
542.15	0	.4502524	.2683038	.2814438	0
541.15	0	.4502432	.2683397	.281417	0
540.15	0	.450234	.2683758	.2813903	0
539.15	0	.4502246	.2684119	.2813635	0
538.15	0	.450215	.2684481	.2813368	0
537.15	0	.4502054	.2684845	.2813101	0
536.15	0	.4501956	.2685209	.2812835	0
535.15	0	.4501857	.2685575	.2812569	0
534.15	0	.4501756	.2685941	.2812303	0
533.15	0	.4501655	.2686308	.2812037	0
532.15	0	.4501552	.2686676	.2811772	0
531.15	0	.4501448	.2687046	.2811506	0
530.15	0	.4501343	.2687416	.2811242	0
529.15	0	.4501236	.2687787	.2810977	0
528.15	0	.4501129	.2688158	.2810713	0
527.15	0	.450102	.2688531	.2810449	0
526.15	0	.4500911	.2688904	.2810185	0
525.15	0	.45008	.2689278	.2809922	0
524.15	0	.4500688	.2689653	.2809659	0
523.15	0	.4500575	.2690029	.2809397	0
522.15	0	.4500461	.2690405	.2809134	0
521.15	0	.4500346	.2690782	.2808873	0
520.15	0	.4500229	.269116	.2808611	0
519.15	0	.4500112	.2691538	.280835	0
518.15	0	.4499994	.2691917	.2808089	0
517.15	0	.4499875	.2692297	.2807828	0
516.15	0	.4499754	.2692677	.2807568	0
515.15	0	.4499633	.2693058	.2807309	0
514.15	0	.4499511	.2693439	.2807049	0
513.15	0	.4499388	.2693821	.280679	0
512.15	0	.4499264	.2694204	.2806532	0
511.15	0	.4499139	.2694587	.2806274	0
510.15	0	.4499014	.269497	.2806016	0
509.15	0	.4498887	.2695354	.2805759	0
508.15	0	.4498759	.2695739	.2805502	0
507.15	0	.4498631	.2696124	.2805245	0
506.15	0	.4498503	.2696509	.2804988	0
505.15	0	.4498373	.2696895	.2804733	0
504.15	0	.4498242	.2697281	.2804477	0
503.15	0	.449811	.2697667	.2804222	0
502.15	0	.4497977	.2698054	.2803968	0
501.15	0	.4497844	.2698442	.2803714	0
500.15	0	.449771	.2698829	.2803461	0
499.15	0	.4497575	.2699217	.2803208	0
498.15	0	.4497439	.2699605	.2802956	0
497.15	0	.4497303	.2699994	.2802704	0
496.15	0	.4497166	.2700382	.2802452	0
495.15	0	.4497028	.2700771	.2802201	0
494.15	0	.4496889	.270116	.2801951	0
493.15	0	.449675	.270155	.2801701	0
492.15	0	.449661	.2701939	.2801451	0
491.15	0	.4496469	.2702329	.2801202	0
490.15	0	.4496327	.2702719	.2800954	0
489.15	0	.4496186	.2703108	.2800706	0
488.15	0	.4496043	.2703499	.2800458	0
487.15	0	.44959	.2703889	.2800212	0
486.15	0	.4495755	.2704279	.2799965	0
485.15	0	.4495611	.270467	.279972	0
484.15	0	.4495466	.270506	.2799474	0
483.15	0	.449532	.2705451	.279923	0
482.15	0	.4495174	.2705841	.2798985	0
481.15	0	.4495027	.2706232	.2798742	0
480.15	0	.4494879	.2706622	.2798499	0
479.15	0	.4494731	.2707013	.2798256	0
478.15	0	.4494583	.2707403	.2798014	0
477.15	0	.4494434	.2707794	.2797773	0
476.15	0	.4494284	.2708184	.2797532	0
475.15	0	.4494134	.2708574	.2797292	0
474.15	0	.4493983	.2708965	.2797053	0
473.15	0	.4493832	.2709355	.2796813	0
472.15	0	.449368	.2709745	.2796575	0
471.15	0	.4493528	.2710135	.2796337	0
470.15	0	.4493375	.2710524	.27961	0
469.15	0	.4493222	.2710914	.2795864	0
468.15	0	.4493069	.2711303	.2795628	0
467.15	0	.4492915	.2711692	.2795393	0
466.15	0	.4492761	.2712081	.2795158	0
465.15	0	.4492606	.271247	.2794924	0
464.15	0	.4492451	.2712859	.2794691	0
463.15	0	.4492295	.2713247	.2794458	0
462.15	0	.4492139	.2713635	.2794226	0
461.15	0	.4491983	.2714023	.2793995	0
460.15	0	.4491826	.271441	.2793764	0
459.15	0	.4491669	.2714798	.2793534	0
458.15	0	.4491511	.2715185	.2793304	0
457.15	0	.4491353	.2715571	.2793076	0
456.15	0	.4491195	.2715957	.2792848	0
455.15	0	.4491037	.2716343	.279262	0
454.15	0	.4490878	.2716729	.2792394	0
453.15	0	.4490718	.2717114	.2792168	0
452.15	0	.4490559	.2717499	.2791943	0
451.15	0	.4490399	.2717883	.2791718	0
450.15	0	.4490239	.2718267	.2791494	0
449.15	0	.4490079	.271865	.2791271	0
448.15	0	.4489919	.2719033	.2791049	0
447.15	0	.4489758	.2719415	.2790827	0
446.15	0	.4489597	.2719796	.2790606	0
445.15	0	.4489437	.2720177	.2790386	0
444.15	0	.4489275	.2720557	.2790167	0
443.15	0	.4489114	.2720937	.2789949	0
442.15	0	.4488953	.2721316	.2789731	0
441.15	0	.4488792	.2721694	.2789514	0
440.15	0	.4488631	.2722071	.2789298	0
439.15	0	.4488469	.2722447	.2789083	0
438.15	0	.4488308	.2722823	.2788869	0
437.15	0	.4488147	.2723198	.2788656	0
436.15	0	.4487986	.2723571	.2788443	0
435.15	0	.4487825	.2723944	.2788231	0
434.15	0	.4487664	.2724315	.2788021	0
