T	 BPW(LIQUID)	BPW(BCC_A2)	BPW(FCC_A1)	BPW(LAVES_PHASE_C14)	BPW(NI3TI)
1473.15	.1583479	.8416521	0	0	0
1472.15	.1557299	.8442701	0	0	0
1471.15	.153131	.846869	0	0	0
1470.15	.1505511	.8494489	0	0	0
1469.15	.1479901	.8520099	0	0	0
1468.15	.1454479	.8545521	0	0	0
1467.15	.1429242	.8570758	0	0	0
1466.15	.1404189	.8595811	0	0	0
1465.15	.1379319	.8620681	0	0	0
1464.15	.1354631	.8645369	0	0	0
1463.15	.1330124	.8669877	0	0	0
1462.15	.1305795	.8694206	0	0	0
1461.15	.1281643	.8718357	0	0	0
1460.15	.1257667	.8742333	0	0	0
1459.15	.1233867	.8766133	0	0	0
1458.15	.1210239	.8789761	0	0	0
1457.15	.1186784	.8813216	0	0	0
1456.15	.11635	.88365	0	0	0
1455.15	.1140385	.8859615	0	0	0
1454.15	.1117438	.8882562	0	0	0
1453.15	.1094658	.8905342	0	0	0
1452.15	.1072044	.8927956	0	0	0
1451.15	.1049594	.8950406	0	0	0
1450.15	.1027307	.8972693	0	0	0
1449.15	.1005182	.8994818	0	0	0
1448.15	.09832181	.9016782	0	0	0
1447.15	.09614133	.9038587	0	0	0
1446.15	.09397666	.9060233	0	0	0
1445.15	.09182769	.9081723	0	0	0
1444.15	.0896943	.9103057	0	0	0
1443.15	.08757636	.9124236	0	0	0
1442.15	.08547377	.9145262	0	0	0
1441.15	.0833864	.9166136	0	0	0
1440.15	.08131414	.9186859	0	0	0
1439.15	.07925686	.9207431	0	0	0
1438.15	.07721447	.9227855	0	0	0
1437.15	.07518684	.9248132	0	0	0
1436.15	.07317386	.9268261	0	0	0
1435.15	.07117542	.9288246	0	0	0
1434.15	.0691914	.9308086	0	0	0
1433.15	.0672217	.9327783	0	0	0
1432.15	.06526622	.9347338	0	0	0
1431.15	.06332483	.9366752	0	0	0
1430.15	.06139743	.9386026	0	0	0
1429.15	.05948392	.9405161	0	0	0
1428.15	.05758419	.9424158	0	0	0
1427.15	.05569814	.9443019	0	0	0
1426.15	.05382565	.9461744	0	0	0
1425.15	.05196663	.9480334	0	0	0
1424.15	.05012098	.949879	0	0	0
1423.15	.04828859	.9517114	0	0	0
1422.15	.04646936	.9535306	0	0	0
1421.15	.0446632	.9553368	0	0	0
1420.15	.04286999	.95713	0	0	0
1419.15	.04108966	.9589103	0	0	0
1418.15	.03932208	.9606779	0	0	0
1417.15	.03756718	.9624328	0	0	0
1416.15	.03582485	.9641751	0	0	0
1415.15	.03409501	.965905	0	0	0
1414.15	.03237754	.9676225	0	0	0
1413.15	.03067237	.9693276	0	0	0
1412.15	.02897939	.9710206	0	0	0
1411.15	.02729852	.9727015	0	0	0
1410.15	.02562966	.9743703	0	0	0
1409.15	.02397273	.9760273	0	0	0
1408.15	.02232763	.9776724	0	0	0
1407.15	.02069427	.9793057	0	0	0
1406.15	.01907257	.9809274	0	0	0
1405.377	.0178271	.9821729	0	0	0
1405.377	.0178271	.9821729	0	0	0
1405.377	.0178271	.9821729	0	0	0
1405.15	.01724067	.9824974	0	2.618947E-04	0
1404.15	.01467604	.983914	0	.001409922	0
1403.15	.01213959	.9853107	0	.00254968	0
1402.15	.009630821	.9866879	0	.003681318	0
1401.15	.00714925	.9880458	0	.004804979	0
1400.15	.004694397	.9893848	0	.005920805	0
1399.15	.002265795	.9907053	0	.007028933	0
1398.207	0	.9919334	0	.00806663	0
1398.207	0	.9919334	0	.00806663	0
1398.15	0	.9918935	0	.008106524	0
1397.15	0	.9911982	0	.008801773	0
1396.15	0	.9905046	0	.009495359	0
1395.15	0	.9898127	0	.01018729	0
1394.15	0	.9891224	0	.01087757	0
1393.15	0	.9884338	0	.0115662	0
1392.15	0	.9877468	0	.0122532	0
1391.15	0	.9870614	0	.01293856	0
1390.15	0	.9863777	0	.01362229	0
1389.15	0	.9856956	0	.01430439	0
1388.15	0	.9850151	0	.01498488	0
1387.15	0	.9843363	0	.01566375	0
1386.15	0	.983659	0	.01634102	0
1385.15	0	.9829833	0	.01701668	0
1384.15	0	.9823093	0	.01769075	0
1383.15	0	.9816368	0	.01836322	0
1382.15	0	.9809659	0	.0190341	0
1381.15	0	.9802966	0	.0197034	0
1380.15	0	.9796289	0	.02037113	0
1379.15	0	.9789627	0	.02103728	0
1378.15	0	.9782981	0	.02170186	0
1377.15	0	.9776351	0	.02236489	0
1376.15	0	.9769737	0	.02302635	0
1375.15	0	.9763137	0	.02368626	0
1374.15	0	.9756554	0	.02434463	0
1373.15	0	.9749986	0	.02500145	0
1372.15	0	.9743433	0	.02565674	0
1371.15	0	.9736895	0	.02631049	0
1370.15	0	.9730373	0	.02696272	0
1369.15	0	.9723866	0	.02761342	0
1368.15	0	.9717374	0	.02826261	0
1367.15	0	.9710897	0	.02891028	0
1366.15	0	.9704436	0	.02955644	0
1365.15	0	.9697989	0	.0302011	0
1364.15	0	.9691557	0	.03084426	0
1363.15	0	.9685141	0	.03148593	0
1362.15	0	.9678739	0	.03212611	0
1361.15	0	.9672352	0	.0327648	0
1360.15	0	.966598	0	.03340201	0
1359.15	0	.9659623	0	.03403775	0
1358.15	0	.965328	0	.03467201	0
1357.15	0	.9646952	0	.03530481	0
1356.15	0	.9640639	0	.03593615	0
1355.15	0	.963434	0	.03656603	0
1354.15	0	.9628055	0	.03719446	0
1353.15	0	.9621786	0	.03782144	0
1352.15	0	.961553	0	.03844697	0
1351.15	0	.9609289	0	.03907107	0
1350.15	0	.9603063	0	.03969373	0
1349.15	0	.959685	0	.04031496	0
1348.15	0	.9590652	0	.04093476	0
1347.15	0	.9584469	0	.04155314	0
1346.15	0	.9578299	0	.04217011	0
1345.15	0	.9572143	0	.04278566	0
1344.15	0	.9566002	0	.0433998	0
1343.15	0	.9559875	0	.04401254	0
1342.15	0	.9553761	0	.04462388	0
1341.15	0	.9547662	0	.04523382	0
1340.15	0	.9541576	0	.04584237	0
1339.15	0	.9535505	0	.04644954	0
1338.15	0	.9529447	0	.04705532	0
1337.15	0	.9523403	0	.04765972	0
1336.15	0	.9517373	0	.04826274	0
1335.15	0	.9511356	0	.0488644	0
1334.15	0	.9505353	0	.04946469	0
1333.15	0	.9499364	0	.05006361	0
1332.15	0	.9493388	0	.05066118	0
1331.15	0	.9487426	0	.05125739	0
1330.15	0	.9481478	0	.05185225	0
1329.15	0	.9475542	0	.05244577	0
1328.15	0	.9469621	0	.05303795	0
1327.15	0	.9463712	0	.05362878	0
1326.15	0	.9457817	0	.05421828	0
1325.15	0	.9451935	0	.05480645	0
1324.15	0	.9446067	0	.0553933	0
1323.15	0	.9440212	0	.05597882	0
1322.15	0	.943437	0	.05656302	0
1321.15	0	.9428541	0	.05714591	0
1320.15	0	.9422725	0	.05772749	0
1319.15	0	.9416922	0	.05830776	0
1318.15	0	.9411133	0	.05888673	0
1317.15	0	.9405356	0	.05946439	0
1316.15	0	.9399592	0	.06004077	0
1315.15	0	.9393842	0	.06061585	0
1314.15	0	.9388104	0	.06118964	0
1313.15	0	.9382379	0	.06176215	0
1312.15	0	.9376666	0	.06233338	0
1311.15	0	.9370967	0	.06290333	0
1310.15	0	.936528	0	.063472	0
1309.15	0	.9359606	0	.06403941	0
1308.15	0	.9353944	0	.06460556	0
1307.15	0	.9348296	0	.06517044	0
1306.15	0	.9342659	0	.06573406	0
1305.15	0	.9337036	0	.06629643	0
1304.15	0	.9331425	0	.06685754	0
1303.15	0	.9325826	0	.06741741	0
1302.15	0	.932024	0	.06797603	0
1301.15	0	.9314666	0	.06853342	0
1300.15	0	.9309104	0	.06908956	0
1299.15	0	.9303555	0	.06964448	0
1298.15	0	.9298018	0	.07019816	0
1297.15	0	.9292494	0	.07075062	0
1296.15	0	.9286982	0	.07130185	0
1295.15	0	.9281481	0	.07185186	0
1294.15	0	.9275993	0	.07240066	0
1293.15	0	.9270518	0	.07294824	0
1292.15	0	.9265054	0	.07349462	0
1291.15	0	.9259602	0	.07403979	0
1290.15	0	.9254162	0	.07458376	0
1289.15	0	.9248735	0	.07512652	0
1288.15	0	.9243319	0	.0756681	0
1287.15	0	.9237915	0	.07620848	0
1286.15	0	.9232523	0	.07674767	0
1285.15	0	.9227143	0	.07728567	0
1284.15	0	.9221775	0	.07782249	0
1283.15	0	.9216419	0	.07835814	0
1282.15	0	.9211074	0	.0788926	0
1281.15	0	.9205741	0	.0794259	0
1280.15	0	.920042	0	.07995802	0
1279.15	0	.919511	0	.08048898	0
1278.15	0	.9189812	0	.08101877	0
1277.15	0	.9184526	0	.08154741	0
1276.15	0	.9179251	0	.08207489	0
1275.15	0	.9173988	0	.08260121	0
1274.15	0	.9168736	0	.08312638	0
1273.15	0	.9163496	0	.08365041	0
1272.15	0	.9158267	0	.08417329	0
1271.15	0	.915305	0	.08469504	0
1270.15	0	.9147844	0	.08521564	0
1269.15	0	.9142649	0	.08573511	0
1268.15	0	.9137466	0	.08625344	0
1267.15	0	.9132293	0	.08677065	0
1266.15	0	.9127133	0	.08728673	0
1265.15	0	.9121983	0	.08780169	0
1264.15	0	.9116845	0	.08831553	0
1263.15	0	.9111717	0	.08882826	0
1262.15	0	.9106601	0	.08933987	0
1261.15	0	.9101496	0	.08985036	0
1260.15	0	.9096403	0	.09035975	0
1259.15	0	.909132	0	.09086804	0
1258.15	0	.9086248	0	.09137522	0
1257.15	0	.9081187	0	.09188131	0
1256.15	0	.9076137	0	.0923863	0
1255.15	0	.9071098	0	.09289019	0
1254.15	0	.906607	0	.093393	0
1253.15	0	.9061053	0	.09389472	0
1252.15	0	.9056047	0	.09439535	0
1251.15	0	.9051051	0	.0948949	0
1250.15	0	.9046066	0	.09539337	0
1249.15	0	.9041092	0	.09589077	0
1248.15	0	.9036129	0	.09638709	0
1247.15	0	.9031177	0	.09688235	0
1246.15	0	.9026235	0	.09737653	0
1245.15	0	.9021304	0	.09786965	0
1244.15	0	.9016383	0	.09836171	0
1243.15	0	.9011473	0	.09885271	0
1242.15	0	.9006574	0	.09934265	0
1241.15	0	.9001685	0	.09983153	0
1240.15	0	.8996806	0	.1003194	0
1239.15	0	.8991938	0	.1008062	0
1238.15	0	.8987081	0	.1012919	0
1237.15	0	.8982234	0	.1017766	0
1236.15	0	.8977398	0	.1022603	0
1235.15	0	.8972571	0	.1027429	0
1234.15	0	.8967755	0	.1032245	0
1233.15	0	.896295	0	.103705	0
1232.15	0	.8958155	0	.1041845	0
1231.15	0	.895337	0	.104663	0
1230.15	0	.8948595	0	.1051405	0
1229.15	0	.8943831	0	.1056169	0
1228.15	0	.8939076	0	.1060924	0
1227.15	0	.8934332	0	.1065668	0
1226.15	0	.8929598	0	.1070402	0
1225.15	0	.8924874	0	.1075125	0
1224.15	0	.8920161	0	.1079839	0
1223.15	0	.8915457	0	.1084543	0
1222.15	0	.8910763	0	.1089237	0
1221.15	0	.890608	0	.109392	0
1220.15	0	.8901406	0	.1098594	0
1219.15	0	.8896743	0	.1103257	0
1218.15	0	.8892089	0	.1107911	0
1217.15	0	.8887445	0	.1112555	0
1216.15	0	.8882811	0	.1117189	0
1215.15	0	.8878187	0	.1121813	0
1214.15	0	.8873573	0	.1126427	0
1213.15	0	.8868969	0	.1131031	0
1212.15	0	.8864374	0	.1135626	0
1211.15	0	.885979	0	.114021	0
1210.15	0	.8855215	0	.1144785	0
1209.15	0	.8850649	0	.114935	0
1208.15	0	.8846094	0	.1153906	0
1207.15	0	.8841548	0	.1158452	0
1206.15	0	.8837012	0	.1162988	0
1205.15	0	.8832485	0	.1167515	0
1204.15	0	.8827968	0	.1172032	0
1203.15	0	.8823461	0	.1176539	0
1202.15	0	.8818963	0	.1181037	0
1201.15	0	.8814475	0	.1185525	0
1200.15	0	.8809996	0	.1190004	0
1199.15	0	.8805527	0	.1194473	0
1198.84	0	.8804145	0	.1195855	0
1198.84	0	.8804145	0	.1195855	0
1198.84	0	.8804145	0	.1195855	0
1198.15	0	.879443	6.837695E-04	.1198732	0
1197.15	0	.8780389	.001672097	.120289	0
1196.15	0	.8766385	.002657741	.1207037	0
1195.15	0	.8752419	.003640703	.1211174	0
1194.15	0	.8738491	.004620986	.12153	0
1193.15	0	.87246	.00559859	.1219414	0
1192.15	0	.8710746	.006573518	.1223518	0
1191.15	0	.8696931	.007545772	.1227612	0
1190.15	0	.8683152	.008515352	.1231694	0
1189.15	0	.8669411	.00948226	.1235766	0
1188.15	0	.8655707	.0104465	.1239828	0
1187.15	0	.8642041	.01140807	.1243878	0
1186.15	0	.8628412	.01236697	.1247918	0
1185.15	0	.861482	.01332321	.1251948	0
1184.15	0	.8601265	.01427678	.1255967	0
1183.15	0	.8587747	.01522769	.1259976	0
1182.15	0	.8574267	.01617593	.1263974	0
1181.15	0	.8560823	.01712152	.1267962	0
1180.15	0	.8547417	.01806445	.1271939	0
1179.15	0	.8534047	.01900472	.1275906	0
1178.15	0	.8520714	.01994233	.1279863	0
1177.15	0	.8507418	.02087728	.1283809	0
1176.15	0	.8494159	.02180958	.1287746	0
1175.15	0	.8480936	.02273922	.1291672	0
1174.15	0	.8467751	.02366621	.1295587	0
1173.15	0	.8454602	.02459054	.1299493	0
1172.15	0	.8441489	.02551223	.1303388	0
1171.15	0	.8428414	.02643126	.1307274	0
1170.15	0	.8415374	.02734764	.1311149	0
1169.15	0	.8402372	.02826137	.1315014	0
1168.15	0	.8389406	.02917245	.131887	0
1167.15	0	.8376476	.03008089	.1322715	0
1166.15	0	.8363583	.03098667	.132655	0
1165.15	0	.8350726	.03188981	.1330376	0
1164.15	0	.8337906	.0327903	.1334192	0
1163.15	0	.8325121	.03368814	.1337997	0
1162.15	0	.8312374	.03458333	.1341793	0
1161.15	0	.8299662	.03547588	.1345579	0
1160.15	0	.8286987	.03636578	.1349355	0
1159.15	0	.8274348	.03725303	.1353122	0
1158.15	0	.8261745	.03813764	.1356879	0
1157.15	0	.8249178	.0390196	.1360626	0
1156.15	0	.8236647	.03989892	.1364364	0
1155.15	0	.8224153	.04077559	.1368091	0
1154.15	0	.8211694	.04164964	.137181	0
1153.15	0	.8199272	.04252102	.1375518	0
1152.15	0	.8186885	.04338975	.1379217	0
1151.15	0	.8174535	.04425584	.1382907	0
1150.15	0	.816222	.04511928	.1386587	0
1149.15	0	.8149942	.04598007	.1390258	0
1148.15	0	.8137699	.04683821	.1393919	0
1147.15	0	.8125493	.04769371	.139757	0
1146.15	0	.8113322	.04854656	.1401213	0
1145.15	0	.8101187	.04939677	.1404846	0
1144.15	0	.8089088	.05024432	.1408469	0
1143.15	0	.8077024	.05108923	.1412083	0
1142.15	0	.8064997	.05193149	.1415688	0
1141.15	0	.8053005	.05277109	.1419284	0
1140.15	0	.8041049	.05360805	.142287	0
1139.15	0	.8029129	.05444235	.1426448	0
1138.15	0	.8017244	.055274	.1430016	0
1137.15	0	.8005396	.056103	.1433574	0
1136.15	0	.7993582	.05692935	.1437124	0
1135.15	0	.7981805	.05775304	.1440665	0
1134.15	0	.7970063	.05857408	.1444196	0
1133.15	0	.7958357	.05939246	.1447718	0
1132.15	0	.7946687	.06020818	.1451232	0
1131.15	0	.7935052	.06102124	.1454736	0
1130.15	0	.7923452	.06183165	.1458231	0
1129.15	0	.7911889	.06263939	.1461717	0
1128.15	0	.7900361	.06344447	.1465195	0
1127.15	0	.7888868	.06424689	.1468663	0
1126.15	0	.7877411	.06504665	.1472122	0
1125.15	0	.786599	.06584374	.1475573	0
1124.15	0	.7854604	.06663816	.1479014	0
1123.15	0	.7843254	.06742992	.1482447	0
1122.15	0	.7831939	.068219	.1485871	0
1121.15	0	.782066	.06900542	.1489286	0
1120.15	0	.7809416	.06978916	.1492692	0
1119.15	0	.7798208	.07057023	.149609	0
1118.15	0	.7787035	.07134862	.1499479	0
1117.15	0	.7775898	.07212434	.1502859	0
1116.15	0	.7764796	.07289738	.150623	0
1115.15	0	.775373	.07366774	.1509593	0
1114.15	0	.7742699	.07443541	.1512947	0
1113.15	0	.7731704	.07520041	.1516292	0
1112.15	0	.7720744	.07596271	.1519629	0
1111.15	0	.770982	.07672233	.1522957	0
1110.15	0	.7698931	.07747926	.1526276	0
1109.15	0	.7688078	.0782335	.1529587	0
1108.15	0	.7677261	.07898504	.1532889	0
1107.15	0	.7666478	.07973389	.1536183	0
1106.15	0	.7655732	.08048004	.1539468	0
1105.15	0	.764502	.0812235	.1542745	0
1104.15	0	.7634345	.08196425	.1546013	0
1103.15	0	.7623704	.08270229	.1549273	0
1102.15	0	.76131	.08343764	.1552524	0
1101.15	0	.7602531	.08417027	.1555767	0
1100.15	0	.7591997	.08490019	.1559001	0
1099.15	0	.7581499	.0856274	.1562227	0
1098.15	0	.7571036	.0863519	.1565445	0
1097.15	0	.7560609	.08707368	.1568654	0
1096.15	0	.7550218	.08779274	.1571855	0
1095.15	0	.7539862	.08850907	.1575047	0
1094.15	0	.7529541	.08922268	.1578232	0
1093.15	0	.7519257	.08993357	.1581408	0
1092.15	0	.7509008	.09064172	.1584575	0
1091.15	0	.7498794	.09134714	.1587735	0
1090.15	0	.7488616	.09204983	.1590886	0
1089.15	0	.7478474	.09274978	.1594028	0
1088.15	0	.7468367	.09344699	.1597163	0
1087.15	0	.7458296	.09414145	.160029	0
1086.15	0	.7448261	.09483317	.1603408	0
1085.15	0	.7438261	.09552215	.1606518	0
1084.15	0	.7428297	.09620837	.160962	0
1083.15	0	.7418369	.09689183	.1612713	0
1082.15	0	.7408476	.09757254	.1615799	0
1081.15	0	.7398619	.09825049	.1618876	0
1080.15	0	.7388798	.09892567	.1621945	0
1079.15	0	.7379013	.09959809	.1625006	0
1078.15	0	.7369263	.1002677	.1628059	0
1077.15	0	.7359549	.1009346	.1631104	0
1076.15	0	.7349872	.1015987	.1634141	0
1075.15	0	.734023	.1022601	.163717	0
1074.15	0	.7330623	.1029186	.1640191	0
1073.15	0	.7321053	.1035743	.1643203	0
1072.15	0	.7311519	.1042273	.1646208	0
1071.15	0	.730202	.1048775	.1649205	0
1070.15	0	.7292558	.1055249	.1652193	0
1069.15	0	.7283131	.1061695	.1655174	0
1068.15	0	.7273741	.1068113	.1658147	0
1067.15	0	.7264386	.1074503	.1661111	0
1066.15	0	.7255068	.1080865	.1664068	0
1065.15	0	.7245785	.1087198	.1667017	0
1064.15	0	.7236539	.1093504	.1669957	0
1063.15	0	.7227328	.1099781	.167289	0
1062.15	0	.7218154	.110603	.1675815	0
1061.15	0	.7209016	.1112251	.1678732	0
1060.15	0	.7199915	.1118444	.1681641	0
1059.15	0	.7190849	.1124608	.1684543	0
1058.15	0	.718182	.1130745	.1687436	0
1057.15	0	.7172827	.1136852	.1690321	0
1056.15	0	.716387	.1142931	.1693199	0
1055.15	0	.715495	.1148982	.1696068	0
1054.15	0	.7146065	.1155005	.169893	0
1053.15	0	.7137218	.1160999	.1701784	0
1052.15	0	.7128406	.1166964	.170463	0
1051.15	0	.7119631	.1172901	.1707468	0
1050.15	0	.7110893	.1178809	.1710298	0
1049.15	0	.7102191	.1184688	.1713121	0
1048.15	0	.7093526	.1190539	.1715935	0
1047.15	0	.7084897	.1196361	.1718742	0
1046.15	0	.7076305	.1202154	.1721541	0
1045.15	0	.7067749	.1207919	.1724332	0
1044.15	0	.705923	.1213655	.1727115	0
1043.15	0	.7050748	.1219362	.1729891	0
1042.15	0	.7042302	.122504	.1732658	0
1041.15	0	.7033893	.1230689	.1735418	0
1040.15	0	.7025521	.1236309	.173817	0
1039.15	0	.7017186	.12419	.1740915	0
1038.15	0	.7008887	.1247462	.1743651	0
1037.15	0	.7000626	.1252995	.174638	0
1036.15	0	.6992401	.1258499	.17491	0
1035.15	0	.6984213	.1263974	.1751813	0
1034.15	0	.6976062	.1269419	.1754519	0
1033.15	0	.6967949	.1274836	.1757216	0
1032.15	0	.6959872	.1280223	.1759906	0
1031.15	0	.6951832	.1285581	.1762587	0
1030.15	0	.6943829	.1290909	.1765261	0
1029.15	0	.6935864	.1296209	.1767928	0
1028.15	0	.6927936	.1301478	.1770586	0
1027.15	0	.6920045	.1306719	.1773236	0
1026.15	0	.6912191	.131193	.1775879	0
1025.15	0	.6904374	.1317112	.1778514	0
1024.15	0	.6896595	.1322264	.1781141	0
1023.15	0	.6888853	.1327387	.1783761	0
1022.15	0	.6881148	.133248	.1786372	0
1021.15	0	.6873481	.1337543	.1788976	0
1020.15	0	.6865851	.1342577	.1791572	0
1019.15	0	.6858259	.1347581	.179416	0
1018.15	0	.6850704	.1352556	.179674	0
1017.15	0	.6843187	.1357501	.1799312	0
1016.15	0	.6835707	.1362416	.1801877	0
1015.15	0	.6828265	.1367302	.1804433	0
1014.15	0	.6820861	.1372157	.1806982	0
1013.15	0	.6813494	.1376983	.1809523	0
1012.15	0	.6806165	.1381779	.1812056	0
1011.15	0	.6798873	.1386546	.1814581	0
1010.15	0	.679162	.1391282	.1817098	0
1009.15	0	.6784404	.1395989	.1819608	0
1008.15	0	.6777226	.1400665	.1822109	0
1007.15	0	.6770085	.1405312	.1824603	0
1006.15	0	.6762983	.1409929	.1827088	0
1005.15	0	.6755919	.1414516	.1829566	0
1004.15	0	.6748892	.1419072	.1832035	0
1003.15	0	.6741904	.1423599	.1834497	0
1002.15	0	.6734953	.1428096	.1836951	0
1001.15	0	.672804	.1432563	.1839397	0
1000.15	0	.6721166	.1437	.1841834	0
999.15	0	.671433	.1441407	.1844264	0
998.15	0	.6707531	.1445783	.1846686	0
997.15	0	.6700771	.145013	.1849099	0
996.15	0	.6694049	.1454446	.1851505	0
995.15	0	.6687365	.1458733	.1853902	0
994.15	0	.6680719	.1462989	.1856292	0
993.15	0	.6674111	.1467216	.1858673	0
992.15	0	.6667542	.1471412	.1861046	0
991.15	0	.6661011	.1475578	.1863411	0
990.15	0	.6654518	.1479714	.1865768	0
989.15	0	.6648063	.148382	.1868117	0
988.15	0	.6641647	.1487896	.1870458	0
987.15	0	.6635269	.1491942	.187279	0
986.15	0	.6628929	.1495957	.1875114	0
985.15	0	.6622627	.1499943	.187743	0
984.15	0	.6616364	.1503899	.1879737	0
983.15	0	.6610139	.1507825	.1882036	0
982.15	0	.6603953	.151172	.1884327	0
981.15	0	.6597804	.1515586	.188661	0
980.15	0	.6591695	.1519422	.1888884	0
979.15	0	.6585623	.1523227	.189115	0
978.15	0	.657959	.1527003	.1893407	0
977.15	0	.6573595	.1530749	.1895656	0
976.15	0	.6567639	.1534465	.1897896	0
975.15	0	.6561721	.1538152	.1900128	0
974.15	0	.6555841	.1541808	.1902351	0
973.15	0	.6549999	.1545435	.1904566	0
972.15	0	.6544196	.1549032	.1906772	0
971.15	0	.6538431	.15526	.190897	0
970.15	0	.6532704	.1556137	.1911158	0
969.15	0	.6527016	.1559646	.1913338	0
968.15	0	.6521366	.1563125	.191551	0
967.15	0	.6515754	.1566574	.1917672	0
966.15	0	.651018	.1569994	.1919826	0
965.15	0	.6504644	.1573384	.1921971	0
964.15	0	.6499147	.1576746	.1924107	0
963.15	0	.6493687	.1580078	.1926235	0
962.15	0	.6488266	.1583381	.1928353	0
961.15	0	.6482883	.1586655	.1930462	0
960.15	0	.6477537	.1589901	.1932562	0
959.15	0	.647223	.1593117	.1934654	0
958.15	0	.646696	.1596305	.1936736	0
957.15	0	.6461728	.1599464	.1938808	0
956.15	0	.6456534	.1602594	.1940872	0
955.15	0	.6451378	.1605696	.1942927	0
954.15	0	.6446259	.160877	.1944972	0
953.15	0	.6441178	.1611815	.1947007	0
952.15	0	.6436134	.1614832	.1949034	0
951.15	0	.6431127	.1617822	.1951051	0
950.15	0	.6426158	.1620783	.1953058	0
949.15	0	.6421227	.1623717	.1955056	0
948.15	0	.6416332	.1626624	.1957044	0
947.15	0	.6411474	.1629503	.1959023	0
946.15	0	.6406654	.1632354	.1960992	0
945.15	0	.640187	.1635179	.1962951	0
944.15	0	.6397123	.1637977	.1964901	0
943.15	0	.6392412	.1640748	.196684	0
942.15	0	.6387738	.1643492	.196877	0
941.15	0	.63831	.1646211	.1970689	0
940.15	0	.6378499	.1648903	.1972599	0
939.15	0	.6373934	.1651569	.1974498	0
938.15	0	.6369404	.1654209	.1976387	0
937.15	0	.6364911	.1656824	.1978266	0
936.15	0	.6360453	.1659413	.1980134	0
935.15	0	.635603	.1661978	.1981992	0
934.15	0	.6351643	.1664517	.198384	0
933.15	0	.6347291	.1667032	.1985677	0
932.15	0	.6342974	.1669523	.1987503	0
931.15	0	.6338691	.167199	.1989319	0
930.15	0	.6334443	.1674433	.1991124	0
929.15	0	.633023	.1676853	.1992918	0
928.15	0	.632605	.1679249	.1994701	0
927.15	0	.6321904	.1681623	.1996473	0
926.15	0	.6317793	.1683974	.1998234	0
925.15	0	.6313714	.1686303	.1999983	0
924.15	0	.6309669	.168861	.2001722	0
923.15	0	.6305656	.1690895	.2003449	0
922.15	0	.6301676	.169316	.2005164	0
921.15	0	.6297729	.1695403	.2006868	0
920.15	0	.6293813	.1697627	.200856	0
919.15	0	.6289929	.169983	.2010241	0
918.15	0	.6286077	.1702014	.2011909	0
917.15	0	.6282256	.1704179	.2013565	0
916.15	0	.6278465	.1706325	.201521	0
915.15	0	.6274705	.1708453	.2016842	0
914.15	0	.6270975	.1710563	.2018462	0
913.15	0	.6267274	.1712657	.2020069	0
912.15	0	.6263603	.1714733	.2021664	0
911.15	0	.6259961	.1716793	.2023246	0
910.15	0	.6256347	.1718837	.2024815	0
909.15	0	.6252762	.1720867	.2026372	0
908.15	0	.6249203	.1722882	.2027915	0
907.15	0	.6245672	.1724883	.2029445	0
906.15	0	.6242168	.172687	.2030962	0
905.15	0	.623869	.1728845	.2032465	0
904.15	0	.6235237	.1730808	.2033955	0
903.15	0	.623181	.1732759	.2035431	0
902.15	0	.6228407	.17347	.2036892	0
901.15	0	.6225029	.1736631	.203834	0
900.15	0	.6221674	.1738553	.2039774	0
899.15	0	.6218341	.1740466	.2041193	0
898.15	0	.6215031	.1742371	.2042598	0
897.15	0	.6211743	.174427	.2043987	0
896.15	0	.6208475	.1746162	.2045362	0
895.15	0	.6205228	.174805	.2046722	0
894.15	0	.6202001	.1749933	.2048067	0
893.15	0	.6198792	.1751812	.2049396	0
892.15	0	.6195601	.175369	.2050709	0
891.15	0	.6192428	.1755566	.2052007	0
890.15	0	.6189271	.1757441	.2053288	0
889.15	0	.618613	.1759317	.2054553	0
888.15	0	.6183004	.1761195	.2055801	0
887.15	0	.6179891	.1763076	.2057033	0
886.15	0	.6176792	.176496	.2058248	0
885.15	0	.6173705	.176685	.2059445	0
884.15	0	.6170628	.1768746	.2060625	0
883.15	0	.6167562	.177065	.2061788	0
882.15	0	.6164505	.1772563	.2062932	0
881.15	0	.6161456	.1774487	.2064058	0
880.15	0	.6158413	.1776422	.2065165	0
879.15	0	.6155376	.177837	.2066254	0
878.15	0	.6152344	.1780334	.2067323	0
877.15	0	.6149314	.1782313	.2068373	0
876.15	0	.6146286	.1784311	.2069402	0
875.15	0	.6143259	.1786329	.2070412	0
874.15	0	.6140231	.1788368	.2071401	0
873.15	0	.61372	.1790431	.207237	0
872.15	0	.6134165	.1792518	.2073317	0
871.15	0	.6131124	.1794634	.2074242	0
870.15	0	.6128077	.1796778	.2075145	0
869.15	0	.612502	.1798955	.2076026	0
868.15	0	.6121952	.1801164	.2076884	0
867.15	0	.6118872	.1803411	.2077718	0
866.15	0	.6115777	.1805695	.2078528	0
865.15	0	.6112665	.1808021	.2079314	0
864.15	0	.6109535	.1810391	.2080074	0
863.15	0	.6106383	.1812808	.208081	0
862.15	0	.6103208	.1815274	.2081518	0
861.15	0	.6100006	.1817793	.2082201	0
860.15	0	.6096777	.1820368	.2082855	0
859.15	0	.6093515	.1823003	.2083482	0
858.15	0	.609022	.18257	.2084079	0
857.15	0	.6086888	.1828465	.2084647	0
856.15	0	.6083515	.18313	.2085185	0
855.15	0	.6080098	.1834211	.2085691	0
854.15	0	.6076634	.1837201	.2086165	0
853.15	0	.6073119	.1840275	.2086606	0
852.15	0	.6069549	.1843439	.2087012	0
851.15	0	.6065919	.1846698	.2087383	0
850.15	0	.6062225	.1850057	.2087718	0
849.15	0	.6058463	.1853523	.2088014	0
848.15	0	.6054626	.1857102	.2088272	0
847.15	0	.6050709	.1860802	.2088489	0
846.15	0	.6046707	.1864629	.2088664	0
845.15	0	.6042078	.1869213	.2088709	0
844.15	0	.6033616	.1878284	.20881	0
843.15	0	.6025634	.1886852	.2087514	0
842.15	0	.6018099	.189495	.2086951	0
841.15	0	.6010984	.1902609	.2086408	0
840.15	0	.6004261	.1909856	.2085883	0
839.15	0	.5997907	.1916718	.2085376	0
838.15	0	.5991898	.1923217	.2084885	0
837.15	0	.5986215	.1929377	.2084409	0
836.15	0	.5980837	.1935217	.2083946	0
835.15	0	.5975747	.1940757	.2083496	0
834.15	0	.5970928	.1946014	.2083058	0
833.15	0	.5966365	.1951004	.2082631	0
832.15	0	.5962043	.1955743	.2082213	0
831.15	0	.5957949	.1960245	.2081806	0
830.15	0	.595407	.1964523	.2081407	0
829.15	0	.5950394	.196859	.2081016	0
828.15	0	.594691	.1972457	.2080632	0
827.15	0	.5943608	.1976136	.2080256	0
826.15	0	.5940478	.1979636	.2079886	0
825.15	0	.5937511	.1982967	.2079522	0
824.15	0	.5934698	.1986139	.2079163	0
823.15	0	.593203	.1989159	.207881	0
822.15	0	.5929501	.1992037	.2078462	0
821.15	0	.5927104	.1994779	.2078118	0
820.15	0	.592483	.1997392	.2077778	0
819.15	0	.5922674	.1999884	.2077442	0
818.15	0	.592063	.2002261	.2077109	0
817.15	0	.5918691	.2004529	.207678	0
816.15	0	.5916853	.2006693	.2076454	0
815.15	0	.5915111	.2008759	.2076131	0
814.15	0	.5913458	.2010732	.207581	0
813.15	0	.5911892	.2012617	.2075492	0
812.15	0	.5910406	.2014418	.2075176	0
811.15	0	.5908998	.201614	.2074862	0
810.15	0	.5907663	.2017787	.207455	0
809.15	0	.5906398	.2019363	.2074239	0
808.15	0	.5905199	.2020871	.207393	0
807.15	0	.5904062	.2022315	.2073623	0
806.15	0	.5902984	.2023699	.2073317	0
805.15	0	.5901963	.2025024	.2073012	0
804.15	0	.5900996	.2026296	.2072709	0
803.15	0	.5900079	.2027516	.2072406	0
802.15	0	.5899209	.2028686	.2072104	0
801.15	0	.5898386	.2029811	.2071803	0
800.15	0	.5897606	.2030891	.2071503	0
799.15	0	.5896867	.203193	.2071203	0
798.15	0	.5896166	.203293	.2070904	0
797.15	0	.5895503	.2033892	.2070605	0
796.15	0	.5894874	.2034818	.2070307	0
795.15	0	.5894279	.2035712	.2070009	0
794.15	0	.5893715	.2036574	.2069712	0
793.15	0	.589318	.2037406	.2069414	0
792.15	0	.5892673	.2038209	.2069117	0
791.15	0	.5892194	.2038986	.206882	0
790.15	0	.5891739	.2039738	.2068523	0
789.15	0	.5891308	.2040466	.2068226	0
788.15	0	.5890899	.2041172	.2067929	0
787.15	0	.5890511	.2041856	.2067632	0
786.15	0	.5890144	.2042521	.2067335	0
785.15	0	.5889795	.2043166	.2067038	0
784.15	0	.5889465	.2043795	.2066741	0
783.15	0	.5889151	.2044406	.2066443	0
782.15	0	.5888853	.2045002	.2066146	0
781.15	0	.588857	.2045583	.2065848	0
780.15	0	.58883	.204615	.206555	0
779.15	0	.5888045	.2046704	.2065251	0
778.15	0	.5887801	.2047247	.2064952	0
777.15	0	.5887569	.2047778	.2064653	0
776.15	0	.5887348	.2048298	.2064354	0
775.15	0	.5887138	.2048809	.2064054	0
774.15	0	.5886937	.204931	.2063753	0
773.15	0	.5886745	.2049803	.2063453	0
772.15	0	.5886561	.2050288	.2063152	0
771.15	0	.5886385	.2050765	.206285	0
770.15	0	.5886216	.2051236	.2062548	0
769.15	0	.5886055	.20517	.2062245	0
768.15	0	.5885899	.2052159	.2061942	0
767.15	0	.5885749	.2052612	.2061639	0
766.15	0	.5885605	.2053061	.2061335	0
765.15	0	.5885465	.2053505	.206103	0
764.15	0	.588533	.2053945	.2060725	0
763.15	0	.5885199	.2054381	.206042	0
762.15	0	.5885072	.2054814	.2060114	0
761.15	0	.5884949	.2055245	.2059807	0
760.15	0	.5884828	.2055672	.20595	0
759.15	0	.588471	.2056098	.2059192	0
758.15	0	.5884595	.2056521	.2058883	0
757.15	0	.5884482	.2056943	.2058575	0
756.15	0	.5884371	.2057364	.2058265	0
755.15	0	.5884262	.2057783	.2057955	0
754.15	0	.5884154	.2058202	.2057644	0
753.15	0	.5884048	.2058619	.2057333	0
752.15	0	.5883942	.2059037	.2057021	0
751.15	0	.5883838	.2059454	.2056708	0
750.15	0	.5883733	.2059871	.2056395	0
749.15	0	.588363	.2060289	.2056082	0
748.15	0	.5883526	.2060706	.2055767	0
747.15	0	.5883423	.2061125	.2055452	0
746.15	0	.588332	.2061544	.2055137	0
745.15	0	.5883216	.2061963	.2054821	0
744.15	0	.5883112	.2062384	.2054504	0
743.15	0	.5883008	.2062806	.2054186	0
742.15	0	.5882903	.2063229	.2053868	0
741.15	0	.5882797	.2063653	.205355	0
740.15	0	.5882711	.2064064	.2053225	0
739.15	0	.5882602	.2064492	.2052906	0
738.15	0	.5882492	.2064923	.2052586	0
737.15	0	.5882381	.2065355	.2052265	0
736.15	0	.5882268	.2065788	.2051944	0
735.15	0	.5882155	.2066224	.2051622	0
734.15	0	.588204	.2066661	.2051299	0
733.15	0	.5881924	.2067101	.2050976	0
732.15	0	.5881806	.2067542	.2050652	0
731.15	0	.5881687	.2067986	.2050327	0
730.15	0	.5881566	.2068432	.2050002	0
729.15	0	.5881443	.206888	.2049677	0
728.15	0	.5881319	.2069331	.204935	0
727.15	0	.5881193	.2069783	.2049024	0
726.15	0	.5881065	.2070239	.2048696	0
725.15	0	.5880935	.2070697	.2048368	0
724.15	0	.5880804	.2071157	.2048039	0
723.15	0	.588067	.207162	.204771	0
722.15	0	.5880535	.2072085	.204738	0
721.15	0	.5880397	.2072553	.204705	0
720.15	0	.5880258	.2073024	.2046719	0
719.15	0	.5880116	.2073497	.2046387	0
718.15	0	.5879972	.2073973	.2046055	0
717.15	0	.5879826	.2074451	.2045722	0
716.15	0	.5879678	.2074933	.2045389	0
715.15	0	.5879528	.2075417	.2045055	0
714.15	0	.5879376	.2075903	.2044721	0
713.15	0	.5879221	.2076393	.2044386	0
712.15	0	.5879064	.2076885	.2044051	0
711.15	0	.5878905	.207738	.2043715	0
710.15	0	.5878744	.2077878	.2043378	0
709.15	0	.5878581	.2078378	.2043041	0
708.15	0	.5878415	.2078881	.2042704	0
707.15	0	.5878247	.2079387	.2042366	0
706.15	0	.5878077	.2079896	.2042027	0
705.15	0	.5877904	.2080408	.2041688	0
704.15	0	.5877729	.2080922	.2041349	0
703.15	0	.5877552	.2081439	.2041009	0
702.15	0	.5877373	.2081959	.2040668	0
701.15	0	.5877192	.2082481	.2040327	0
700.15	0	.5877008	.2083006	.2039986	0
699.15	0	.5876822	.2083534	.2039644	0
698.15	0	.5876634	.2084065	.2039302	0
697.15	0	.5876443	.2084598	.2038959	0
696.15	0	.5876251	.2085134	.2038616	0
695.15	0	.5876056	.2085672	.2038272	0
694.15	0	.5875859	.2086214	.2037928	0
693.15	0	.5875659	.2086758	.2037583	0
692.15	0	.5875458	.2087304	.2037238	0
691.15	0	.5875254	.2087853	.2036893	0
690.15	0	.5875049	.2088405	.2036547	0
689.15	0	.5874841	.2088959	.2036201	0
688.15	0	.5874631	.2089515	.2035854	0
687.15	0	.5874418	.2090075	.2035507	0
686.15	0	.5874204	.2090636	.203516	0
685.15	0	.5873988	.20912	.2034812	0
684.15	0	.5873769	.2091767	.2034464	0
683.15	0	.5873549	.2092336	.2034115	0
682.15	0	.5873326	.2092907	.2033767	0
681.15	0	.5873101	.2093481	.2033417	0
680.15	0	.5872875	.2094058	.2033068	0
679.15	0	.5872646	.2094636	.2032718	0
678.15	0	.5872416	.2095217	.2032367	0
677.15	0	.5872183	.20958	.2032017	0
676.15	0	.5871949	.2096385	.2031666	0
675.15	0	.5871712	.2096973	.2031315	0
674.15	0	.5871474	.2097563	.2030963	0
673.15	0	.5871234	.2098155	.2030611	0
672.15	0	.5870992	.2098749	.2030259	0
671.15	0	.5870748	.2099346	.2029907	0
670.15	0	.5870502	.2099944	.2029554	0
669.15	0	.5870254	.2100545	.2029201	0
668.15	0	.5870005	.2101147	.2028848	0
667.15	0	.5869754	.2101752	.2028494	0
666.15	0	.5869501	.2102359	.2028141	0
665.15	0	.5869246	.2102967	.2027787	0
664.15	0	.586899	.2103578	.2027432	0
663.15	0	.5868731	.2104191	.2027078	0
662.15	0	.5868472	.2104805	.2026723	0
661.15	0	.586821	.2105421	.2026368	0
660.15	0	.5867947	.210604	.2026013	0
659.15	0	.5867682	.210666	.2025658	0
658.15	0	.5867416	.2107282	.2025302	0
657.15	0	.5867148	.2107905	.2024946	0
656.15	0	.5866879	.2108531	.202459	0
655.15	0	.5866608	.2109158	.2024234	0
654.15	0	.5866335	.2109787	.2023878	0
653.15	0	.5866061	.2110417	.2023521	0
652.15	0	.5865786	.2111049	.2023165	0
651.15	0	.5865509	.2111683	.2022808	0
650.15	0	.5865231	.2112319	.2022451	0
649.15	0	.5864951	.2112955	.2022094	0
648.15	0	.586467	.2113594	.2021737	0
647.15	0	.5864387	.2114234	.2021379	0
646.15	0	.5864103	.2114875	.2021022	0
645.15	0	.5863818	.2115518	.2020664	0
644.15	0	.5863531	.2116163	.2020306	0
643.15	0	.5863243	.2116808	.2019949	0
642.15	0	.5862954	.2117456	.2019591	0
641.15	0	.5862663	.2118104	.2019233	0
640.15	0	.5862372	.2118754	.2018874	0
639.15	0	.5862079	.2119405	.2018516	0
638.15	0	.5861785	.2120057	.2018158	0
637.15	0	.5861489	.2120711	.20178	0
636.15	0	.5861193	.2121366	.2017442	0
635.15	0	.5860895	.2122022	.2017083	0
634.15	0	.5860596	.2122679	.2016725	0
633.15	0	.5860296	.2123337	.2016366	0
632.15	0	.5859995	.2123997	.2016008	0
631.15	0	.5859693	.2124658	.2015649	0
630.15	0	.585939	.2125319	.2015291	0
629.15	0	.5859086	.2125982	.2014932	0
628.15	0	.5858781	.2126646	.2014574	0
627.15	0	.5858475	.212731	.2014215	0
626.15	0	.5858168	.2127976	.2013856	0
625.15	0	.5857859	.2128643	.2013498	0
624.15	0	.585755	.212931	.2013139	0
623.15	0	.585724	.2129979	.2012781	0
622.15	0	.5856929	.2130648	.2012423	0
621.15	0	.5856618	.2131318	.2012064	0
620.15	0	.5856305	.2131989	.2011706	0
619.15	0	.5855992	.2132661	.2011348	0
618.15	0	.5855677	.2133333	.201099	0
617.15	0	.5855362	.2134007	.2010632	0
616.15	0	.5855046	.2134681	.2010273	0
615.15	0	.5854729	.2135355	.2009916	0
614.15	0	.5854412	.2136031	.2009558	0
613.15	0	.5854093	.2136707	.20092	0
612.15	0	.5853774	.2137383	.2008842	0
611.15	0	.5853455	.2138061	.2008485	0
610.15	0	.5853134	.2138738	.2008128	0
609.15	0	.5852813	.2139417	.200777	0
608.15	0	.5852491	.2140096	.2007413	0
607.15	0	.5852169	.2140775	.2007056	0
606.15	0	.5851846	.2141455	.2006699	0
605.15	0	.5851522	.2142135	.2006343	0
604.15	0	.5851197	.2142816	.2005986	0
603.15	0	.5850873	.2143497	.200563	0
602.15	0	.5850547	.2144179	.2005274	0
601.15	0	.5850221	.2144861	.2004918	0
600.15	0	.5849895	.2145543	.2004562	0
599.15	0	.5849567	.2146226	.2004207	0
598.15	0	.584924	.2146909	.2003851	0
597.15	0	.5848912	.2147592	.2003496	0
596.15	0	.5848583	.2148276	.2003141	0
595.15	0	.5848254	.214896	.2002787	0
594.15	0	.5847925	.2149643	.2002432	0
593.15	0	.5847594	.2150328	.2002078	0
592.15	0	.5847264	.2151012	.2001724	0
591.15	0	.5846933	.2151696	.200137	0
590.15	0	.5846602	.2152381	.2001017	0
589.15	0	.5846271	.2153066	.2000664	0
588.15	0	.5845939	.2153751	.2000311	0
587.15	0	.5845607	.2154435	.1999958	0
586.15	0	.5845274	.215512	.1999606	0
585.15	0	.5844941	.2155805	.1999254	0
584.15	0	.5844608	.215649	.1998902	0
583.15	0	.5844275	.2157175	.199855	0
582.15	0	.5843941	.215786	.1998199	0
581.15	0	.5843607	.2158545	.1997848	0
580.15	0	.5843273	.215923	.1997498	0
579.15	0	.5842938	.2159914	.1997148	0
578.15	0	.5842603	.2160599	.1996798	0
577.15	0	.5842268	.2161283	.1996449	0
576.15	0	.5841933	.2161967	.1996099	0
575.15	0	.5841598	.2162651	.1995751	0
574.15	0	.5841263	.2163335	.1995402	0
573.15	0	.5840927	.2164019	.1995054	0
572.15	0	.5840591	.2164702	.1994707	0
571.15	0	.5840255	.2165385	.1994359	0
570.15	0	.5839919	.2166068	.1994013	0
569.15	0	.5839583	.2166751	.1993666	0
568.15	0	.5839247	.2167433	.199332	0
567.15	0	.5838911	.2168115	.1992974	0
566.15	0	.5838574	.2168797	.1992629	0
565.15	0	.5838238	.2169478	.1992285	0
564.15	0	.5837901	.2170159	.199194	0
563.15	0	.5837565	.2170839	.1991596	0
562.15	0	.5837228	.2171519	.1991253	0
561.15	0	.5836892	.2172198	.199091	0
560.15	0	.5836555	.2172877	.1990567	0
559.15	0	.5836219	.2173556	.1990225	0
558.15	0	.5835882	.2174234	.1989884	0
557.15	0	.5835546	.2174911	.1989542	0
556.15	0	.583521	.2175588	.1989202	0
555.15	0	.5834873	.2176265	.1988862	0
554.15	0	.5834537	.2176941	.1988522	0
553.15	0	.5834201	.2177616	.1988183	0
552.15	0	.5833865	.2178291	.1987844	0
551.15	0	.5833529	.2178965	.1987506	0
550.15	0	.5833193	.2179638	.1987169	0
549.15	0	.5832858	.2180311	.1986832	0
548.15	0	.5832522	.2180983	.1986495	0
547.15	0	.5832186	.2181654	.1986159	0
546.15	0	.5831851	.2182325	.1985824	0
545.15	0	.5831516	.2182995	.1985489	0
544.15	0	.5831181	.2183664	.1985155	0
543.15	0	.5830847	.2184332	.1984821	0
542.15	0	.5830512	.2185	.1984488	0
541.15	0	.5830178	.2185667	.1984155	0
540.15	0	.5829844	.2186333	.1983824	0
539.15	0	.582951	.2186998	.1983492	0
538.15	0	.5829177	.2187662	.1983161	0
537.15	0	.5828843	.2188326	.1982831	0
536.15	0	.582851	.2188988	.1982502	0
535.15	0	.5828177	.218965	.1982173	0
534.15	0	.5827845	.2190311	.1981845	0
533.15	0	.5827513	.219097	.1981517	0
532.15	0	.5827181	.2191629	.198119	0
531.15	0	.5826849	.2192287	.1980863	0
530.15	0	.5826518	.2192944	.1980538	0
529.15	0	.5826187	.21936	.1980213	0
528.15	0	.5825857	.2194255	.1979888	0
527.15	0	.5825526	.2194909	.1979565	0
526.15	0	.5825196	.2195562	.1979242	0
525.15	0	.5824867	.2196214	.1978919	0
524.15	0	.5824538	.2196865	.1978598	0
523.15	0	.5824209	.2197514	.1978277	0
522.15	0	.5823881	.2198163	.1977956	0
521.15	0	.5823553	.219881	.1977637	0
520.15	0	.5823225	.2199457	.1977318	0
519.15	0	.5822898	.2200102	.1977	0
518.15	0	.5822571	.2200746	.1976682	0
517.15	0	.5822245	.2201389	.1976366	0
516.15	0	.5821919	.2202031	.197605	0
515.15	0	.5821594	.2202671	.1975735	0
514.15	0	.5821269	.2203311	.197542	0
513.15	0	.5820945	.2203949	.1975107	0
512.15	0	.5820621	.2204586	.1974794	0
511.15	0	.5820297	.2205221	.1974481	0
510.15	0	.5819974	.2205856	.197417	0
509.15	0	.5819652	.2206489	.1973859	0
508.15	0	.581933	.220712	.197355	0
507.15	0	.5819009	.2207751	.1973241	0
506.15	0	.5818688	.220838	.1972932	0
505.15	0	.5818367	.2209008	.1972625	0
504.15	0	.5818048	.2209634	.1972318	0
503.15	0	.5817728	.2210259	.1972012	0
502.15	0	.581741	.2210883	.1971708	0
501.15	0	.5817091	.2211505	.1971403	0
500.15	0	.5816774	.2212126	.19711	0
499.15	0	.5816457	.2212746	.1970797	0
498.15	0	.581614	.2213364	.1970496	0
497.15	0	.5815825	.2213981	.1970195	0
496.15	0	.5815509	.2214596	.1969895	0
495.15	0	.5815195	.2215209	.1969596	0
494.15	0	.5814882	.2215822	.1969297	0
493.15	0	.5814569	.2216432	.1968999	0
492.15	0	.5814256	.2217042	.1968703	0
491.15	0	.5813944	.2217649	.1968407	0
490.15	0	.5813632	.2218256	.1968112	0
489.15	0	.5813322	.221886	.1967818	0
488.15	0	.5813011	.2219463	.1967525	0
487.15	0	.5812702	.2220065	.1967233	0
486.15	0	.5812393	.2220665	.1966942	0
485.15	0	.5812085	.2221264	.1966652	0
484.15	0	.5811777	.222186	.1966362	0
483.15	0	.5811471	.2222456	.1966074	0
482.15	0	.5811164	.2223049	.1965787	0
481.15	0	.5810859	.2223641	.19655	0
480.15	0	.5810554	.2224232	.1965214	0
479.15	0	.581025	.222482	.196493	0
478.15	0	.5809947	.2225407	.1964646	0
477.15	0	.5809644	.2225993	.1964363	0
476.15	0	.5809342	.2226576	.1964081	0
475.15	0	.5809041	.2227158	.19638	0
474.15	0	.5808741	.2227739	.196352	0
473.15	0	.5808441	.2228317	.1963242	0
473.1126	0	.580843	.2228339	.1963231	0
473.1126	0	.580843	.2228339	.1963231	0
473.1126	0	.580843	.2228339	.1963231	0
472.15	0	.5810586	.2223241	.1960343	5.83066E-04
471.15	0	.5812815	.2217959	.195735	.001187506
470.15	0	.5815035	.2212693	.1954365	.001790674
469.15	0	.5817246	.2207442	.1951387	.00239258
468.15	0	.5819447	.2202205	.1948416	.002993237
467.15	0	.5821639	.2196982	.1945452	.003592655
466.15	0	.5823822	.2191774	.1942496	.004190844
465.15	0	.5825995	.218658	.1939546	.004787817
464.15	0	.582816	.21814	.1936604	.005383584
463.15	0	.5830317	.2176233	.1933669	.005978155
462.15	0	.5832464	.217108	.193074	.006571541
461.15	0	.5834604	.216594	.1927819	.007163753
460.15	0	.5836735	.2160814	.1924904	.0077548
459.15	0	.5838857	.21557	.1921996	.008344694
458.15	0	.5840972	.2150599	.1919095	.008933443
457.15	0	.5843079	.214551	.19162	.00952106
456.15	0	.5845178	.2140434	.1913313	.01010755
455.15	0	.5847269	.2135371	.1910432	.01069293
454.15	0	.5849352	.2130319	.1907557	.01127721
453.15	0	.5851428	.2125279	.1904689	.01186039
452.15	0	.5853497	.2120251	.1901828	.01244248
451.15	0	.5855558	.2115234	.1898973	.01302351
450.15	0	.5857613	.2110229	.1896124	.01360346
449.15	0	.585966	.2105234	.1893282	.01418238
448.15	0	.5861701	.2100251	.1890446	.01476025
447.15	0	.5863735	.2095278	.1887617	.01533708
446.15	0	.5865762	.2090315	.1884794	.01591289
445.15	0	.5867783	.2085363	.1881977	.01648769
444.15	0	.5869798	.2080422	.1879166	.01706148
443.15	0	.5871806	.207549	.1876361	.01763427
442.15	0	.5873808	.2070568	.1873563	.01820609
441.15	0	.5875805	.2065655	.1870771	.01877692
440.15	0	.5877795	.2060752	.1867985	.0193468
439.15	0	.587978	.2055858	.1865205	.01991571
438.15	0	.5881759	.2050973	.1862431	.02048368
437.15	0	.5883733	.2046097	.1859663	.02105072
436.15	0	.5885702	.204123	.1856901	.02161683
435.15	0	.5887665	.203637	.1854145	.02218202
434.15	0	.5889623	.203152	.1851394	.02274629
433.15	0	.5891576	.2026677	.184865	.02330967
432.15	0	.5893525	.2021842	.1845912	.02387216
431.15	0	.5895468	.2017015	.1843179	.02443376
430.15	0	.5897407	.2012196	.1840452	.02499449
429.15	0	.5899341	.2007384	.1837731	.02555435
428.15	0	.5901271	.200258	.1835016	.02611335
427.15	0	.5903196	.1997782	.1832307	.02667151
426.15	0	.5905117	.1992992	.1829603	.02722881
425.15	0	.5907034	.1988208	.1826904	.02778529
424.15	0	.5908947	.1983432	.1824212	.02834094
423.15	0	.5910856	.1978661	.1821525	.02889577
422.15	0	.5912761	.1973898	.1818844	.02944979
421.15	0	.5914662	.196914	.1816168	.03000301
420.15	0	.5916559	.1964389	.1813498	.03055543
419.15	0	.5918453	.1959644	.1810833	.03110706
418.15	0	.5920343	.1954905	.1808173	.03165791
417.15	0	.592223	.1950171	.180552	.03220799
416.15	0	.5924113	.1945443	.1802871	.0327573
415.15	0	.5925993	.1940721	.1800228	.03330584
414.15	0	.5927869	.1936004	.179759	.03385364
413.15	0	.5929742	.1931293	.1794958	.03440069
412.15	0	.5931612	.1926587	.1792331	.034947
411.15	0	.593348	.1921886	.1789709	.03549257
