T	 BPW(LIQUID)	BPW(BCC_A2)	BPW(FCC_A1)	BPW(LAVES_PHASE_C14)	BPW(NI3TI)
1473.15	.0576244	.9423756	0	0	0
1472.15	.05568727	.9443127	0	0	0
1471.15	.05376148	.9462385	0	0	0
1470.15	.05184694	.9481531	0	0	0
1469.15	.04994354	.9500565	0	0	0
1468.15	.04805117	.9519488	0	0	0
1467.15	.04616975	.9538303	0	0	0
1466.15	.04429917	.9557008	0	0	0
1465.15	.04243933	.9575607	0	0	0
1464.15	.04059015	.9594099	0	0	0
1463.15	.03875152	.9612485	0	0	0
1462.15	.03692335	.9630767	0	0	0
1461.15	.03510556	.9648944	0	0	0
1460.15	.03329804	.966702	0	0	0
1459.15	.03150072	.9684993	0	0	0
1458.15	.02971351	.9702865	0	0	0
1457.15	.02793631	.9720637	0	0	0
1456.15	.02616904	.973831	0	0	0
1455.15	.02441161	.9755884	0	0	0
1454.15	.02266395	.9773361	0	0	0
1453.15	.02092597	.979074	0	0	0
1452.15	.01919758	.9808024	0	0	0
1451.15	.01747871	.9825213	0	0	0
1450.15	.01576928	.9842307	0	0	0
1449.15	.0140692	.9859308	0	0	0
1448.15	.01237841	.9876216	0	0	0
1447.15	.01069682	.9893032	0	0	0
1446.15	.00902436	.9909756	0	0	0
1445.15	.007360951	.9926391	0	0	0
1444.15	.005706522	.9942935	0	0	0
1443.15	.004060999	.995939	0	0	0
1442.15	.002424311	.9975757	0	0	0
1441.15	7.963847E-04	.9992036	0	0	0
1440.659	0	1	0	0	0
1440.659	0	1	0	0	0
1440.15	0	1	0	0	0
1439.15	0	1	0	0	0
1438.15	0	1	0	0	0
1437.15	0	1	0	0	0
1436.15	0	1	0	0	0
1435.15	0	1	0	0	0
1434.15	0	1	0	0	0
1433.15	0	1	0	0	0
1432.15	0	1	0	0	0
1431.15	0	1	0	0	0
1430.15	0	1	0	0	0
1429.15	0	1	0	0	0
1428.15	0	1	0	0	0
1427.15	0	1	0	0	0
1426.15	0	1	0	0	0
1425.15	0	1	0	0	0
1424.15	0	1	0	0	0
1423.15	0	1	0	0	0
1422.15	0	1	0	0	0
1421.15	0	1	0	0	0
1420.15	0	1	0	0	0
1419.15	0	1	0	0	0
1418.15	0	1	0	0	0
1417.15	0	1	0	0	0
1416.15	0	1	0	0	0
1415.15	0	1	0	0	0
1414.15	0	1	0	0	0
1413.15	0	1	0	0	0
1412.15	0	1	0	0	0
1411.15	0	1	0	0	0
1410.15	0	1	0	0	0
1409.15	0	1	0	0	0
1408.15	0	1	0	0	0
1407.15	0	1	0	0	0
1406.15	0	1	0	0	0
1405.15	0	1	0	0	0
1404.15	0	1	0	0	0
1403.15	0	1	0	0	0
1402.15	0	1	0	0	0
1401.15	0	1	0	0	0
1400.15	0	1	0	0	0
1399.15	0	1	0	0	0
1398.15	0	1	0	0	0
1397.15	0	1	0	0	0
1396.15	0	1	0	0	0
1395.15	0	1	0	0	0
1394.15	0	1	0	0	0
1393.15	0	1	0	0	0
1392.15	0	1	0	0	0
1391.15	0	1	0	0	0
1390.15	0	1	0	0	0
1389.15	0	1	0	0	0
1388.15	0	1	0	0	0
1387.15	0	1	0	0	0
1386.15	0	1	0	0	0
1385.15	0	1	0	0	0
1384.15	0	1	0	0	0
1383.15	0	1	0	0	0
1382.15	0	1	0	0	0
1381.15	0	1	0	0	0
1380.15	0	1	0	0	0
1379.15	0	1	0	0	0
1378.15	0	1	0	0	0
1377.15	0	1	0	0	0
1376.15	0	1	0	0	0
1375.15	0	1	0	0	0
1374.15	0	1	0	0	0
1373.15	0	1	0	0	0
1372.15	0	1	0	0	0
1371.15	0	1	0	0	0
1370.15	0	1	0	0	0
1369.15	0	1	0	0	0
1368.15	0	1	0	0	0
1367.15	0	1	0	0	0
1366.15	0	1	0	0	0
1365.15	0	1	0	0	0
1364.15	0	1	0	0	0
1363.15	0	1	0	0	0
1362.15	0	1	0	0	0
1361.15	0	1	0	0	0
1360.15	0	1	0	0	0
1359.15	0	1	0	0	0
1358.15	0	1	0	0	0
1357.15	0	1	0	0	0
1356.15	0	1	0	0	0
1355.15	0	1	0	0	0
1354.15	0	1	0	0	0
1353.15	0	1	0	0	0
1352.15	0	1	0	0	0
1351.15	0	1	0	0	0
1350.15	0	1	0	0	0
1349.15	0	1	0	0	0
1348.15	0	1	0	0	0
1347.15	0	1	0	0	0
1346.15	0	1	0	0	0
1345.15	0	1	0	0	0
1344.15	0	1	0	0	0
1343.15	0	1	0	0	0
1342.15	0	1	0	0	0
1341.15	0	1	0	0	0
1340.15	0	1	0	0	0
1339.15	0	1	0	0	0
1338.15	0	1	0	0	0
1337.15	0	1	0	0	0
1336.15	0	1	0	0	0
1335.15	0	1	0	0	0
1334.15	0	1	0	0	0
1333.15	0	1	0	0	0
1332.15	0	1	0	0	0
1331.15	0	1	0	0	0
1330.15	0	1	0	0	0
1329.15	0	1	0	0	0
1328.15	0	1	0	0	0
1327.15	0	1	0	0	0
1326.832	0	1	0	0	0
1326.832	0	1	0	0	0
1326.832	0	1	0	0	0
1326.15	0	.9990596	9.403628E-04	0	0
1325.15	0	.9976817	.002318294	0	0
1324.15	0	.996306	.00369401	0	0
1323.15	0	.9949325	.005067508	0	0
1322.15	0	.9935612	.006438791	0	0
1321.15	0	.9921921	.007807857	0	0
1320.15	0	.9908253	.009174706	0	0
1319.15	0	.9894607	.01053934	0	0
1318.15	0	.9880983	.01190175	0	0
1317.15	0	.9867381	.01326195	0	0
1316.15	0	.9853801	.01461993	0	0
1315.15	0	.9840243	.0159757	0	0
1314.15	0	.9826708	.01732924	0	0
1313.15	0	.9813194	.01868057	0	0
1312.15	0	.9799703	.02002968	0	0
1311.15	0	.9786234	.02137657	0	0
1310.15	0	.9772788	.02272124	0	0
1309.15	0	.9759363	.02406369	0	0
1308.15	0	.9745961	.02540392	0	0
1307.15	0	.9732581	.02674193	0	0
1306.15	0	.9719223	.02807771	0	0
1305.15	0	.9705887	.02941128	0	0
1304.15	0	.9692574	.03074263	0	0
1303.15	0	.9679282	.03207175	0	0
1302.15	0	.9666014	.03339865	0	0
1301.15	0	.9652767	.03472332	0	0
1300.15	0	.9639542	.03604577	0	0
1299.15	0	.962634	.03736599	0	0
1298.15	0	.961316	.03868399	0	0
1297.15	0	.9600002	.03999976	0	0
1296.15	0	.9586867	.04131331	0	0
1295.15	0	.9573754	.04262462	0	0
1294.15	0	.9560663	.04393371	0	0
1293.15	0	.9547594	.04524056	0	0
1292.15	0	.9534548	.04654519	0	0
1291.15	0	.9521524	.04784758	0	0
1290.15	0	.9508523	.04914774	0	0
1289.15	0	.9495543	.05044566	0	0
1288.15	0	.9482587	.05174135	0	0
1287.15	0	.9469652	.05303481	0	0
1286.15	0	.945674	.05432602	0	0
1285.15	0	.944385	.055615	0	0
1284.15	0	.9430983	.05690174	0	0
1283.15	0	.9418138	.05818624	0	0
1282.15	0	.9405315	.05946849	0	0
1281.15	0	.9392515	.0607485	0	0
1280.15	0	.9379737	.06202627	0	0
1279.15	0	.9366982	.06330179	0	0
1278.15	0	.9354249	.06457507	0	0
1277.15	0	.9341539	.0658461	0	0
1276.15	0	.9328851	.06711487	0	0
1275.15	0	.9316186	.0683814	0	0
1274.15	0	.9303543	.06964567	0	0
1273.15	0	.9290923	.07090769	0	0
1272.15	0	.9278325	.07216745	0	0
1271.15	0	.926575	.07342495	0	0
1270.15	0	.9253198	.07468019	0	0
1269.15	0	.9240668	.07593318	0	0
1268.15	0	.9228161	.0771839	0	0
1267.15	0	.9215676	.07843236	0	0
1266.15	0	.9203214	.07967855	0	0
1265.15	0	.9190775	.08092247	0	0
1264.15	0	.9178359	.08216412	0	0
1263.15	0	.9165965	.0834035	0	0
1262.15	0	.9153594	.08464061	0	0
1261.15	0	.9141246	.08587544	0	0
1260.15	0	.912892	.08710799	0	0
1259.15	0	.9116617	.08833827	0	0
1258.15	0	.9104337	.08956626	0	0
1257.15	0	.909208	.09079197	0	0
1256.15	0	.9079846	.09201539	0	0
1255.15	0	.9067635	.09323652	0	0
1254.15	0	.9055446	.09445537	0	0
1253.15	0	.9043281	.09567192	0	0
1252.15	0	.9031138	.09688617	0	0
1251.15	0	.9019019	.09809813	0	0
1250.15	0	.9006922	.09930779	0	0
1249.15	0	.8994849	.1005151	0	0
1248.15	0	.8982798	.1017202	0	0
1247.15	0	.8970771	.102923	0	0
1246.15	0	.8958766	.1041234	0	0
1245.15	0	.8946785	.1053215	0	0
1244.15	0	.8934827	.1065173	0	0
1243.15	0	.8922892	.1077108	0	0
1242.15	0	.891098	.108902	0	0
1241.15	0	.8899092	.1100908	0	0
1240.15	0	.8887227	.1112774	0	0
1239.15	0	.8875385	.1124615	0	0
1238.15	0	.8863566	.1136434	0	0
1237.15	0	.8851771	.1148229	0	0
1236.15	0	.8839999	.1160001	0	0
1235.15	0	.882825	.117175	0	0
1234.15	0	.8816525	.1183475	0	0
1233.15	0	.8804824	.1195176	0	0
1232.15	0	.8793146	.1206854	0	0
1231.15	0	.8781491	.1218509	0	0
1230.15	0	.876986	.123014	0	0
1229.15	0	.8758253	.1241747	0	0
1228.15	0	.8746669	.1253331	0	0
1227.15	0	.8735109	.1264891	0	0
1226.15	0	.8723572	.1276428	0	0
1225.15	0	.871206	.128794	0	0
1224.15	0	.8700571	.1299429	0	0
1223.15	0	.8689106	.1310894	0	0
1222.15	0	.8677664	.1322336	0	0
1221.15	0	.8666247	.1333753	0	0
1220.15	0	.8654854	.1345147	0	0
1219.15	0	.8643484	.1356516	0	0
1218.15	0	.8632138	.1367862	0	0
1217.15	0	.8620817	.1379183	0	0
1216.15	0	.8609519	.1390481	0	0
1215.15	0	.8598246	.1401754	0	0
1214.15	0	.8586997	.1413003	0	0
1213.15	0	.8575772	.1424228	0	0
1212.15	0	.8564571	.1435429	0	0
1211.15	0	.8553395	.1446605	0	0
1210.15	0	.8542242	.1457758	0	0
1209.15	0	.8531114	.1468886	0	0
1208.15	0	.8520011	.1479989	0	0
1207.15	0	.8508932	.1491068	0	0
1206.15	0	.8497877	.1502123	0	0
1205.15	0	.8486847	.1513153	0	0
1204.15	0	.8475842	.1524158	0	0
1203.15	0	.8464861	.1535139	0	0
1202.15	0	.8453905	.1546095	0	0
1201.15	0	.8442974	.1557026	0	0
1200.15	0	.8432067	.1567933	0	0
1199.15	0	.8421185	.1578815	0	0
1198.15	0	.8410328	.1589672	0	0
1197.15	0	.8399496	.1600504	0	0
1196.15	0	.8388689	.1611311	0	0
1195.15	0	.8377907	.1622093	0	0
1194.15	0	.836715	.163285	0	0
1193.15	0	.8356418	.1643582	0	0
1192.15	0	.8345711	.1654289	0	0
1191.15	0	.833503	.166497	0	0
1190.15	0	.8324374	.1675626	0	0
1189.15	0	.8313743	.1686257	0	0
1188.15	0	.8303137	.1696863	0	0
1187.15	0	.8292557	.1707443	0	0
1186.15	0	.8282002	.1717998	0	0
1185.15	0	.8271473	.1728527	0	0
1184.15	0	.826097	.173903	0	0
1183.15	0	.8250492	.1749508	0	0
1182.15	0	.824004	.175996	0	0
1181.15	0	.8229613	.1770387	0	0
1180.15	0	.8219213	.1780787	0	0
1179.15	0	.8208838	.1791162	0	0
1178.15	0	.819849	.180151	0	0
1177.15	0	.8188167	.1811833	0	0
1176.15	0	.8177871	.1822129	0	0
1175.15	0	.81676	.18324	0	0
1174.15	0	.8157356	.1842644	0	0
1173.15	0	.8147138	.1852862	0	0
1172.15	0	.8136947	.1863054	0	0
1171.15	0	.8126781	.1873219	0	0
1170.15	0	.8116643	.1883357	0	0
1169.15	0	.810653	.189347	0	0
1168.15	0	.8096445	.1903555	0	0
1167.15	0	.8086386	.1913614	0	0
1166.15	0	.8076354	.1923646	0	0
1165.15	0	.8066349	.1933651	0	0
1164.15	0	.805637	.194363	0	0
1163.15	0	.8046418	.1953582	0	0
1162.15	0	.8036494	.1963506	0	0
1161.15	0	.8026597	.1973403	0	0
1160.15	0	.8016726	.1983274	0	0
1159.15	0	.8006883	.1993117	0	0
1158.15	0	.7997068	.2002932	0	0
1157.15	0	.7987279	.2012721	0	0
1156.15	0	.7977519	.2022481	0	0
1155.15	0	.7967785	.2032215	0	0
1154.15	0	.7958079	.2041921	0	0
1153.15	0	.7948401	.2051599	0	0
1152.15	0	.7938751	.2061249	0	0
1151.15	0	.7929129	.2070871	0	0
1150.15	0	.7919534	.2080466	0	0
1149.15	0	.7909968	.2090032	0	0
1148.15	0	.790043	.209957	0	0
1147.15	0	.7890919	.2109081	0	0
1146.15	0	.7881438	.2118562	0	0
1145.15	0	.7871984	.2128016	0	0
1144.15	0	.7862559	.2137441	0	0
1143.15	0	.7853162	.2146838	0	0
1142.15	0	.7843794	.2156206	0	0
1141.15	0	.7834455	.2165545	0	0
1140.15	0	.7825145	.2174855	0	0
1139.15	0	.7815863	.2184137	0	0
1138.15	0	.780661	.219339	0	0
1137.15	0	.7797387	.2202613	0	0
1136.15	0	.7788192	.2211808	0	0
1135.15	0	.7779027	.2220973	0	0
1134.15	0	.7769891	.2230109	0	0
1133.15	0	.7760784	.2239216	0	0
1132.15	0	.7751707	.2248293	0	0
1131.15	0	.774266	.225734	0	0
1130.15	0	.7733642	.2266358	0	0
1129.15	0	.7724654	.2275346	0	0
1128.15	0	.7715696	.2284304	0	0
1127.15	0	.7706768	.2293232	0	0
1126.15	0	.769787	.230213	0	0
1125.15	0	.7689002	.2310998	0	0
1124.15	0	.7680165	.2319835	0	0
1123.15	0	.7671358	.2328642	0	0
1122.15	0	.7662581	.2337419	0	0
1121.15	0	.7653835	.2346165	0	0
1120.15	0	.764512	.235488	0	0
1119.15	0	.7636435	.2363565	0	0
1118.15	0	.7627782	.2372218	0	0
1117.15	0	.7619159	.2380841	0	0
1116.15	0	.7610568	.2389432	0	0
1115.15	0	.7602007	.2397993	0	0
1114.15	0	.7593479	.2406522	0	0
1113.15	0	.7584981	.2415019	0	0
1112.15	0	.7576515	.2423485	0	0
1111.15	0	.7568081	.2431919	0	0
1110.15	0	.7559679	.2440321	0	0
1109.15	0	.7551308	.2448692	0	0
1108.15	0	.754297	.245703	0	0
1107.15	0	.7534664	.2465336	0	0
1106.15	0	.752639	.247361	0	0
1105.15	0	.7518148	.2481852	0	0
1104.15	0	.7509939	.2490061	0	0
1103.15	0	.7501763	.2498237	0	0
1102.15	0	.7493619	.2506381	0	0
1101.15	0	.7485508	.2514492	0	0
1100.15	0	.747743	.252257	0	0
1099.15	0	.7469385	.2530615	0	0
1098.15	0	.7461374	.2538626	0	0
1097.15	0	.7453396	.2546604	0	0
1096.15	0	.7445451	.2554549	0	0
1095.15	0	.743754	.256246	0	0
1094.15	0	.7429662	.2570338	0	0
1093.15	0	.7421819	.2578181	0	0
1092.15	0	.7414009	.2585991	0	0
1091.15	0	.7406234	.2593766	0	0
1090.15	0	.7398493	.2601507	0	0
1089.15	0	.7390786	.2609214	0	0
1088.15	0	.7383114	.2616886	0	0
1087.15	0	.7375476	.2624524	0	0
1086.15	0	.7367873	.2632127	0	0
1085.15	0	.7360306	.2639694	0	0
1084.15	0	.7352773	.2647227	0	0
1083.15	0	.7345275	.2654725	0	0
1082.15	0	.7337813	.2662187	0	0
1081.15	0	.7330386	.2669614	0	0
1080.15	0	.7322995	.2677005	0	0
1079.15	0	.731564	.268436	0	0
1078.15	0	.730832	.269168	0	0
1077.15	0	.7301037	.2698963	0	0
1076.15	0	.729379	.270621	0	0
1075.15	0	.7286579	.2713421	0	0
1074.15	0	.7279405	.2720595	0	0
1073.15	0	.7272267	.2727733	0	0
1072.15	0	.7265166	.2734834	0	0
1071.15	0	.7258102	.2741898	0	0
1070.15	0	.7251075	.2748925	0	0
1069.15	0	.7244086	.2755914	0	0
1068.15	0	.7237133	.2762867	0	0
1067.15	0	.7230219	.2769781	0	0
1066.15	0	.7223342	.2776658	0	0
1065.15	0	.7216503	.2783498	0	0
1064.15	0	.7209701	.2790299	0	0
1063.15	0	.7202938	.2797062	0	0
1062.15	0	.7196214	.2803786	0	0
1061.15	0	.7189528	.2810472	0	0
1060.15	0	.718288	.281712	0	0
1059.15	0	.7176271	.2823729	0	0
1058.15	0	.7169702	.2830299	0	0
1057.15	0	.7163171	.2836829	0	0
1056.15	0	.7156679	.2843321	0	0
1055.15	0	.7150228	.2849773	0	0
1054.15	0	.7143815	.2856185	0	0
1053.15	0	.7137443	.2862557	0	0
1052.15	0	.713111	.286889	0	0
1051.15	0	.7124817	.2875183	0	0
1050.15	0	.7118565	.2881435	0	0
1049.15	0	.7112353	.2887647	0	0
1048.15	0	.7106182	.2893818	0	0
1047.15	0	.7100052	.2899948	0	0
1046.15	0	.7093962	.2906038	0	0
1045.15	0	.7087914	.2912086	0	0
1044.15	0	.7081907	.2918094	0	0
1043.15	0	.7075941	.2924059	0	0
1042.15	0	.7070017	.2929983	0	0
1041.15	0	.7064134	.2935866	0	0
1040.15	0	.7058294	.2941706	0	0
1039.15	0	.7052496	.2947504	0	0
1038.15	0	.704674	.295326	0	0
1037.15	0	.7041027	.2958973	0	0
1036.15	0	.7035356	.2964644	0	0
1035.15	0	.7029728	.2970272	0	0
1034.15	0	.7024143	.2975857	0	0
1033.15	0	.7018602	.2981398	0	0
1032.15	0	.7013103	.2986897	0	0
1031.15	0	.7007649	.2992351	0	0
1030.15	0	.7002238	.2997763	0	0
1029.15	0	.699687	.300313	0	0
1028.15	0	.6991547	.3008453	0	0
1027.15	0	.6986268	.3013732	0	0
1026.15	0	.6981034	.3018966	0	0
1025.15	0	.6975844	.3024156	0	0
1024.15	0	.6970699	.3029301	0	0
1023.15	0	.6965599	.3034401	0	0
1022.15	0	.6960544	.3039456	0	0
1021.15	0	.6955534	.3044466	0	0
1020.15	0	.695057	.304943	0	0
1019.15	0	.6945651	.3054349	0	0
1018.15	0	.6940778	.3059222	0	0
1017.15	0	.6935952	.3064048	0	0
1016.15	0	.6931171	.3068829	0	0
1015.15	0	.6926437	.3073563	0	0
1014.15	0	.6921749	.3078251	0	0
1013.15	0	.6917108	.3082892	0	0
1012.15	0	.6912514	.3087486	0	0
1011.15	0	.6907967	.3092033	0	0
1010.15	0	.6903467	.3096533	0	0
1009.15	0	.6899015	.3100985	0	0
1008.15	0	.689461	.310539	0	0
1007.15	0	.6890253	.3109747	0	0
1006.15	0	.6885944	.3114056	0	0
1005.15	0	.6881683	.3118317	0	0
1004.15	0	.687747	.312253	0	0
1003.15	0	.6873306	.3126694	0	0
1002.15	0	.686919	.313081	0	0
1001.15	0	.6865123	.3134877	0	0
1000.15	0	.6861104	.3138896	0	0
999.15	0	.6857135	.3142865	0	0
998.15	0	.6853215	.3146785	0	0
997.15	0	.6849345	.3150655	0	0
996.15	0	.6845524	.3154476	0	0
995.15	0	.6841753	.3158247	0	0
994.15	0	.6838031	.3161969	0	0
993.15	0	.683436	.316564	0	0
992.15	0	.6830738	.3169262	0	0
991.15	0	.6827167	.3172833	0	0
990.15	0	.6823647	.3176353	0	0
989.15	0	.6820177	.3179823	0	0
988.15	0	.6816757	.3183243	0	0
987.15	0	.6813389	.3186611	0	0
986.15	0	.6810071	.3189929	0	0
985.15	0	.6806805	.3193195	0	0
984.15	0	.680359	.319641	0	0
983.15	0	.6800426	.3199574	0	0
982.15	0	.6797314	.3202686	0	0
981.15	0	.6794253	.3205747	0	0
980.15	0	.6791244	.3208756	0	0
979.15	0	.6788287	.3211713	0	0
978.15	0	.6785382	.3214618	0	0
977.15	0	.6782528	.3217472	0	0
976.15	0	.6779727	.3220273	0	0
975.15	0	.6776978	.3223022	0	0
974.15	0	.6774282	.3225718	0	0
973.15	0	.6771638	.3228362	0	0
972.15	0	.6769046	.3230954	0	0
971.15	0	.6766507	.3233493	0	0
970.15	0	.676402	.323598	0	0
969.15	0	.6761586	.3238414	0	0
968.15	0	.6759205	.3240795	0	0
967.15	0	.6756877	.3243123	0	0
966.15	0	.6754601	.3245399	0	0
965.15	0	.6752378	.3247622	0	0
964.15	0	.6750209	.3249791	0	0
963.15	0	.6748092	.3251908	0	0
962.15	0	.6746028	.3253972	0	0
961.15	0	.6744017	.3255983	0	0
960.15	0	.6742059	.3257941	0	0
959.15	0	.6740154	.3259846	0	0
958.15	0	.6738302	.3261698	0	0
957.15	0	.6736503	.3263497	0	0
956.15	0	.6734756	.3265244	0	0
955.15	0	.6733063	.3266937	0	0
954.15	0	.6731423	.3268577	0	0
953.15	0	.6729835	.3270165	0	0
952.15	0	.67283	.32717	0	0
951.15	0	.6726817	.3273183	0	0
950.15	0	.6725388	.3274613	0	0
949.15	0	.672401	.327599	0	0
948.15	0	.6722685	.3277315	0	0
947.15	0	.6721412	.3278588	0	0
946.15	0	.6720191	.3279809	0	0
945.15	0	.6719023	.3280977	0	0
944.15	0	.6717906	.3282094	0	0
943.15	0	.6716841	.3283159	0	0
942.15	0	.6715827	.3284173	0	0
941.15	0	.6714864	.3285136	0	0
940.15	0	.6713953	.3286047	0	0
939.15	0	.6713093	.3286908	0	0
938.15	0	.6712283	.3287717	0	0
937.15	0	.6711523	.3288477	0	0
936.15	0	.6710814	.3289186	0	0
935.9969	0	.671071	.328929	0	0
935.9969	0	.671071	.328929	0	0
935.9969	0	.671071	.328929	0	0
935.15	0	.6708933	.3288998	2.068981E-04	0
934.15	0	.6706885	.3288616	4.499309E-04	0
933.15	0	.6704889	.3288196	6.915889E-04	0
932.15	0	.6702945	.3287736	9.318613E-04	0
931.15	0	.6701054	.3287239	.001170737	0
930.15	0	.6699215	.3286703	.001408206	0
929.15	0	.6697428	.3286129	.001644255	0
928.15	0	.6695693	.3285518	.001878874	0
927.15	0	.6694009	.3284871	.00211205	0
926.15	0	.6692376	.3284186	.002343772	0
925.15	0	.6690794	.3283465	.002574027	0
924.15	0	.6689263	.3282709	.002802802	0
923.15	0	.6687782	.3281917	.003030085	0
922.15	0	.6686351	.328109	.003255861	0
921.15	0	.668497	.3280229	.003480119	0
920.15	0	.6683638	.3279334	.003702843	0
919.15	0	.6682355	.3278405	.00392402	0
918.15	0	.668112	.3277443	.004143636	0
917.15	0	.6679934	.3276449	.004361675	0
916.15	0	.6678795	.3275423	.004578122	0
915.15	0	.6677704	.3274366	.004792962	0
914.15	0	.667666	.3273279	.00500618	0
913.15	0	.6675662	.3272161	.005217758	0
912.15	0	.667471	.3271013	.005427681	0
911.15	0	.6673803	.3269838	.005635932	0
910.15	0	.6672942	.3268633	.005842493	0
909.15	0	.6672124	.3267402	.006047347	0
908.15	0	.6671351	.3266144	.006250475	0
907.15	0	.6670621	.3264861	.006451859	0
906.15	0	.6669934	.3263552	.006651479	0
905.15	0	.6669288	.3262219	.006849317	0
904.15	0	.6668684	.3260862	.007045353	0
903.15	0	.6668121	.3259483	.007239565	0
902.15	0	.6667598	.3258083	.007431933	0
901.15	0	.6667114	.3256662	.007622436	0
900.15	0	.6666669	.3255221	.00781105	0
899.15	0	.6666261	.3253761	.007997756	0
898.15	0	.6665891	.3252284	.008182527	0
897.15	0	.6665556	.325079	.00836534	0
896.15	0	.6665257	.3249281	.008546171	0
895.15	0	.6664993	.3247757	.008724995	0
894.15	0	.6664762	.3246221	.008901786	0
893.15	0	.6664563	.3244672	.009076517	0
892.15	0	.6664396	.3243112	.00924916	0
891.15	0	.666426	.3241543	.009419689	0
890.15	0	.6664153	.3239966	.009588073	0
889.15	0	.6664075	.3238382	.009754283	0
888.15	0	.6664024	.3236793	.009918288	0
887.15	0	.6663999	.32352	.01008006	0
886.15	0	.6663999	.3233605	.01023956	0
885.15	0	.6664023	.323201	.01039675	0
884.15	0	.6664069	.3230415	.01055161	0
883.15	0	.6664136	.3228823	.01070409	0
882.15	0	.6664223	.3227236	.01085416	0
881.15	0	.6664328	.3225655	.01100178	0
880.15	0	.6664449	.3224082	.01114692	0
879.15	0	.6664586	.3222519	.01128952	0
878.15	0	.6664736	.3220969	.01142954	0
877.15	0	.6664898	.3219433	.01156695	0
876.15	0	.666507	.3217913	.0117017	0
875.15	0	.6665251	.3216412	.01183373	0
874.15	0	.6665437	.3214933	.011963	0
873.15	0	.6665629	.3213477	.01208945	0
872.15	0	.6665823	.3212047	.01221304	0
871.15	0	.6666017	.3210646	.0123337	0
870.15	0	.6666209	.3209277	.01245138	0
869.15	0	.6666397	.3207943	.01256602	0
868.15	0	.6666578	.3206646	.01267755	0
867.15	0	.6666751	.320539	.0127859	0
866.15	0	.6666912	.3204178	.01289101	0
865.15	0	.6667058	.3203014	.0129928	0
864.15	0	.6667187	.3201901	.0130912	0
863.15	0	.6667296	.3200843	.01318611	0
862.15	0	.6667381	.3199844	.01327747	0
861.15	0	.666744	.3198908	.01336517	0
860.15	0	.6667469	.319804	.01344912	0
859.15	0	.6667464	.3197244	.01352922	0
858.15	0	.6667421	.3196526	.01360537	0
857.15	0	.6667336	.3195889	.01367745	0
856.15	0	.6667205	.3195341	.01374534	0
855.15	0	.6667024	.3194887	.01380892	0
854.15	0	.6666787	.3194532	.01386805	0
853.15	0	.666649	.3194284	.01392257	0
852.15	0	.6666127	.319415	.01397235	0
851.15	0	.6665691	.3194136	.01401721	0
850.15	0	.6665178	.3194253	.01405697	0
849.15	0	.6664579	.3194506	.01409145	0
848.15	0	.6663889	.3194907	.01412042	0
847.15	0	.6661554	.3197322	.01411234	0
846.15	0	.6656376	.3203218	.0140406	0
845.15	0	.665174	.3208529	.01397318	0
844.15	0	.6647602	.3213302	.01390961	0
843.15	0	.6643925	.321758	.0138495	0
842.15	0	.6640675	.32214	.01379249	0
841.15	0	.663782	.3224798	.01373828	0
840.15	0	.6635331	.3227803	.01368658	0
839.15	0	.6633183	.3230446	.01363716	0
838.15	0	.6631352	.323275	.0135898	0
837.15	0	.6629815	.3234742	.0135443	0
836.15	0	.6628554	.3236442	.0135005	0
835.15	0	.6627548	.323787	.01345822	0
834.15	0	.662678	.3239046	.01341733	0
833.15	0	.6626236	.3239987	.01337771	0
832.15	0	.6625899	.3240709	.01333923	0
831.15	0	.6625755	.3241227	.0133018	0
830.15	0	.6625793	.3241554	.01326531	0
829.15	0	.6625999	.3241704	.01322969	0
828.15	0	.6626363	.3241689	.01319485	0
827.15	0	.6626873	.324152	.01316072	0
826.15	0	.6627521	.3241207	.01312723	0
825.15	0	.6628296	.3240761	.01309433	0
824.15	0	.662919	.324019	.01306196	0
823.15	0	.6630195	.3239504	.01303007	0
822.15	0	.6631303	.3238711	.01299861	0
821.15	0	.6632507	.3237818	.01296755	0
820.15	0	.66338	.3236832	.01293683	0
819.15	0	.6635176	.323576	.01290644	0
818.15	0	.6636628	.3234609	.01287633	0
817.15	0	.6638151	.3233384	.01284647	0
816.15	0	.6639741	.3232091	.01281684	0
815.15	0	.664139	.3230736	.01278741	0
814.15	0	.6643096	.3229323	.01275816	0
813.15	0	.6644853	.3227857	.01272907	0
812.15	0	.6646656	.3226342	.01270011	0
811.15	0	.6648504	.3224784	.01267127	0
810.15	0	.665039	.3223185	.01264252	0
809.15	0	.6652313	.3221549	.01261387	0
808.15	0	.6654267	.321988	.01258528	0
807.15	0	.6656252	.3218181	.01255675	0
806.15	0	.6658262	.3216455	.01252826	0
805.15	0	.6660296	.3214706	.01249981	0
804.15	0	.6662351	.3212935	.01247137	0
803.15	0	.6664424	.3211146	.01244295	0
802.15	0	.6666514	.3209341	.01241454	0
801.15	0	.6668617	.3207522	.01238612	0
800.15	0	.6670731	.3205692	.01235768	0
799.15	0	.6672856	.3203852	.01232923	0
798.15	0	.6674988	.3202005	.01230075	0
797.15	0	.6677126	.3200152	.01227223	0
796.15	0	.6679269	.3198294	.01224368	0
795.15	0	.6681414	.3196435	.01221508	0
794.15	0	.6683561	.3194574	.01218644	0
793.15	0	.6685708	.3192715	.01215774	0
792.15	0	.6687854	.3190856	.01212899	0
791.15	0	.6689997	.3189001	.01210017	0
790.15	0	.6692136	.3187151	.01207129	0
789.15	0	.6694271	.3185306	.01204235	0
788.15	0	.66964	.3183467	.01201333	0
787.15	0	.6698522	.3181636	.01198424	0
786.15	0	.6700637	.3179813	.01195507	0
785.15	0	.6702743	.3177999	.01192583	0
784.15	0	.670484	.3176195	.01189651	0
783.15	0	.6706927	.3174402	.0118671	0
782.15	0	.6709004	.317262	.01183761	0
781.15	0	.6711069	.3170851	.01180804	0
780.15	0	.6713123	.3169094	.01177837	0
779.15	0	.6715164	.316735	.01174862	0
778.15	0	.6717192	.316562	.01171878	0
777.15	0	.6719207	.3163905	.01168885	0
776.15	0	.6721208	.3162203	.01165883	0
775.15	0	.6723195	.3160518	.01162871	0
774.15	0	.6725168	.3158847	.01159851	0
773.15	0	.6727126	.3157192	.0115682	0
772.15	0	.6729068	.3155554	.0115378	0
771.15	0	.6730995	.3153932	.01150731	0
770.15	0	.6732907	.3152326	.01147673	0
769.15	0	.6734802	.3150738	.01144604	0
768.15	0	.6736681	.3149166	.01141526	0
767.15	0	.6738544	.3147612	.01138438	0
766.15	0	.674039	.3146076	.01135341	0
765.15	0	.674222	.3144557	.01132233	0
764.15	0	.6744032	.3143056	.01129116	0
763.15	0	.6745828	.3141573	.0112599	0
762.15	0	.6747607	.3140108	.01122853	0
761.15	0	.6749369	.3138661	.01119707	0
760.15	0	.6751113	.3137232	.01116551	0
759.15	0	.675284	.3135821	.01113385	0
758.15	0	.675455	.3134429	.0111021	0
757.15	0	.6756242	.3133055	.01107025	0
756.15	0	.6757917	.31317	.0110383	0
755.15	0	.6759575	.3130362	.01100625	0
754.15	0	.6761215	.3129044	.01097411	0
753.15	0	.6762838	.3127743	.01094187	0
752.15	0	.6764444	.3126461	.01090953	0
751.15	0	.6766032	.3125197	.0108771	0
750.15	0	.6767603	.3123951	.01084458	0
749.15	0	.6769157	.3122724	.01081196	0
748.15	0	.6770693	.3121514	.01077924	0
747.15	0	.6772212	.3120323	.01074643	0
746.15	0	.6773715	.311915	.01071353	0
745.15	0	.67752	.3117995	.01068053	0
744.15	0	.6776668	.3116858	.01064744	0
743.15	0	.6778119	.3115738	.01061425	0
742.15	0	.6779554	.3114637	.01058098	0
741.15	0	.6780971	.3113553	.01054761	0
740.15	0	.6782373	.3112486	.01051415	0
739.15	0	.6783757	.3111437	.01048061	0
738.15	0	.6785125	.3110405	.01044697	0
737.15	0	.6786477	.3109391	.01041324	0
736.15	0	.6787813	.3108393	.01037942	0
735.15	0	.6789132	.3107413	.01034552	0
734.15	0	.6790435	.310645	.01031152	0
733.15	0	.6791723	.3105503	.01027744	0
732.15	0	.6793023	.3104553	.01024249	0
731.15	0	.6794276	.3103641	.01020829	0
730.15	0	.6795514	.3102746	.01017401	0
729.15	0	.6796737	.3101866	.01013964	0
728.15	0	.6797945	.3101003	.01010519	0
727.15	0	.6799137	.3100156	.01007064	0
726.15	0	.6800315	.3099325	.01003601	0
725.15	0	.6801478	.3098509	.0100013	0
724.15	0	.6802626	.3097709	.009966499	0
723.15	0	.6803759	.3096925	.009931617	0
722.15	0	.6804878	.3096156	.009896653	0
721.15	0	.6805982	.3095402	.009861608	0
720.15	0	.6807072	.3094663	.009826481	0
719.15	0	.6808148	.3093939	.009791275	0
718.15	0	.680921	.309323	.00975599	0
717.15	0	.6810258	.3092536	.009720626	0
716.15	0	.6811292	.3091856	.009685186	0
715.15	0	.6812313	.3091191	.009649668	0
714.15	0	.681332	.309054	.009614075	0
713.15	0	.6814313	.3089903	.009578407	0
712.15	0	.6815293	.308928	.009542666	0
711.15	0	.681626	.3088671	.009506851	0
710.15	0	.6817214	.3088076	.009470963	0
709.15	0	.6818155	.3087495	.009435005	0
708.15	0	.6819083	.3086927	.009398976	0
707.15	0	.6819999	.3086372	.009362877	0
706.15	0	.6820902	.3085831	.009326709	0
705.15	0	.6821792	.3085303	.009290473	0
704.15	0	.682267	.3084788	.009254171	0
703.15	0	.6823536	.3084286	.009217802	0
702.15	0	.682439	.3083796	.009181367	0
701.15	0	.6825232	.308332	.009144869	0
700.15	0	.6826062	.3082855	.009108306	0
699.15	0	.682688	.3082403	.009071681	0
698.15	0	.6827686	.3081964	.009034994	0
697.15	0	.6828481	.3081536	.008998246	0
696.15	0	.6829265	.3081121	.008961438	0
695.15	0	.6830037	.3080717	.008924571	0
694.15	0	.6830799	.3080325	.008887645	0
693.15	0	.6831549	.3079945	.008850662	0
692.15	0	.6832288	.3079576	.008813622	0
691.15	0	.6833016	.3079219	.008776527	0
690.15	0	.6833734	.3078872	.008739376	0
689.15	0	.6834441	.3078537	.008702172	0
688.15	0	.6835137	.3078213	.008664914	0
687.15	0	.6835824	.30779	.008627605	0
686.15	0	.6836499	.3077598	.008590244	0
685.15	0	.6837165	.3077307	.008552832	0
684.15	0	.6837821	.3077026	.008515371	0
683.15	0	.6838466	.3076755	.008477862	0
682.15	0	.6839102	.3076495	.008440304	0
681.15	0	.6839728	.3076245	.0084027	0
680.15	0	.6840345	.3076005	.008365049	0
679.15	0	.6840951	.3075775	.008327354	0
678.15	0	.6841549	.3075555	.008289614	0
677.15	0	.6842137	.3075345	.00825183	0
676.15	0	.6842716	.3075144	.008214005	0
675.15	0	.6843285	.3074953	.008176137	0
674.15	0	.6843846	.3074772	.008138229	0
673.15	0	.6844398	.30746	.008100281	0
672.15	0	.684494	.3074437	.008062294	0
671.15	0	.6845475	.3074283	.008024269	0
670.15	0	.6846	.3074138	.007986207	0
669.15	0	.6846517	.3074002	.007948108	0
668.15	0	.6847025	.3073875	.007909974	0
667.15	0	.6847525	.3073757	.007871806	0
666.15	0	.6848017	.3073647	.007833603	0
665.15	0	.68485	.3073546	.007795368	0
664.15	0	.6848976	.3073454	.007757101	0
663.15	0	.6849443	.3073369	.007718804	0
662.15	0	.6849902	.3073293	.007680475	0
661.15	0	.6850354	.3073225	.007642118	0
660.15	0	.6850797	.3073165	.007603733	0
659.15	0	.6851234	.3073113	.00756532	0
658.15	0	.6851662	.3073069	.00752688	0
657.15	0	.6852083	.3073033	.007488415	0
656.15	0	.6852497	.3073004	.007449924	0
655.15	0	.6852903	.3072983	.00741141	0
654.15	0	.6853302	.3072969	.007372873	0
653.15	0	.6853694	.3072963	.007334314	0
652.15	0	.6854078	.3072964	.007295733	0
651.15	0	.6854456	.3072973	.007257132	0
650.15	0	.6854827	.3072988	.007218512	0
649.15	0	.6855191	.3073011	.007179872	0
648.15	0	.6855548	.307304	.007141216	0
647.15	0	.6855898	.3073077	.007102542	0
646.15	0	.6856242	.307312	.007063852	0
645.15	0	.6856579	.307317	.007025147	0
644.15	0	.685691	.3073226	.006986428	0
643.15	0	.6857234	.3073289	.006947696	0
642.15	0	.6857552	.3073359	.006908951	0
641.15	0	.6857863	.3073435	.006870195	0
640.15	0	.6858169	.3073517	.006831428	0
639.15	0	.6858468	.3073605	.006792651	0
638.15	0	.6858761	.30737	.006753865	0
637.15	0	.6859049	.3073801	.006715071	0
636.15	0	.685933	.3073907	.00667627	0
635.15	0	.6859605	.307402	.006637462	0
634.15	0	.6859875	.3074139	.00659865	0
633.15	0	.6860139	.3074263	.006559832	0
632.15	0	.6860397	.3074393	.006521012	0
631.15	0	.686065	.3074528	.006482188	0
630.15	0	.6860897	.3074669	.006443362	0
629.15	0	.6861139	.3074816	.006404536	0
628.15	0	.6861375	.3074968	.006365709	0
627.15	0	.6861606	.3075125	.006326883	0
626.15	0	.6861832	.3075288	.006288058	0
625.15	0	.6862052	.3075456	.006249236	0
624.15	0	.6862267	.3075629	.006210418	0
623.15	0	.6862478	.3075806	.006171604	0
622.15	0	.6862683	.3075989	.006132794	0
621.15	0	.6862883	.3076177	.006093991	0
620.15	0	.6863078	.307637	.006055194	0
619.15	0	.6863269	.3076568	.006016406	0
618.15	0	.6863454	.307677	.005977626	0
617.15	0	.6863635	.3076977	.005938855	0
616.15	0	.6863811	.3077188	.005900095	0
615.15	0	.6863982	.3077404	.005861346	0
614.15	0	.6864149	.3077625	.005822609	0
613.15	0	.6864312	.307785	.005783885	0
612.15	0	.686447	.3078079	.005745174	0
611.15	0	.6864623	.3078312	.005706479	0
610.15	0	.6864772	.307855	.005667799	0
609.15	0	.6864917	.3078792	.005629135	0
608.15	0	.6865057	.3079038	.005590489	0
607.15	0	.6865194	.3079288	.005551861	0
606.15	0	.6865326	.3079542	.005513252	0
605.15	0	.6865454	.30798	.005474662	0
604.15	0	.6865578	.3080061	.005436094	0
603.15	0	.6865697	.3080327	.005397547	0
602.15	0	.6865813	.3080596	.005359022	0
601.15	0	.6865925	.3080869	.005320521	0
600.15	0	.6866034	.3081146	.005282044	0
599.15	0	.6866138	.3081426	.005243592	0
598.15	0	.6866238	.308171	.005205166	0
597.15	0	.6866335	.3081997	.005166767	0
596.15	0	.6866428	.3082288	.005128395	0
595.15	0	.6866518	.3082582	.005090052	0
594.15	0	.6866604	.3082879	.005051738	0
593.15	0	.6866686	.308318	.005013455	0
592.15	0	.6866765	.3083483	.004975202	0
591.15	0	.686684	.308379	.004936981	0
590.15	0	.6866912	.30841	.004898793	0
589.15	0	.686698	.3084413	.004860639	0
588.15	0	.6867045	.3084729	.004822519	0
587.15	0	.6867107	.3085048	.004784434	0
586.15	0	.6867166	.308537	.004746385	0
585.15	0	.6867221	.3085695	.004708374	0
584.15	0	.6867273	.3086023	.0046704	0
583.15	0	.6867323	.3086353	.004632465	0
582.15	0	.6867369	.3086686	.004594569	0
581.15	0	.6867412	.3087021	.004556714	0
580.15	0	.6867452	.3087359	.0045189	0
579.15	0	.6867489	.30877	.004481128	0
578.15	0	.6867523	.3088044	.004443399	0
577.15	0	.6867554	.3088389	.004405713	0
576.15	0	.6867582	.3088737	.004368072	0
575.15	0	.6867607	.3089088	.004330477	0
574.15	0	.686763	.3089441	.004292928	0
573.15	0	.686765	.3089796	.004255425	0
572.15	0	.6867667	.3090153	.004217971	0
571.15	0	.6867682	.3090513	.004180565	0
570.15	0	.6867694	.3090874	.004143209	0
569.15	0	.6867703	.3091238	.004105904	0
568.15	0	.686771	.3091604	.004068649	0
567.15	0	.6867714	.3091972	.004031447	0
566.15	0	.6867715	.3092342	.003994297	0
565.15	0	.6867715	.3092713	.003957201	0
564.15	0	.6867711	.3093087	.003920159	0
563.15	0	.6867706	.3093463	.003883173	0
562.15	0	.6867698	.309384	.003846243	0
561.15	0	.6867687	.3094219	.00380937	0
560.15	0	.6867675	.30946	.003772555	0
559.15	0	.686766	.3094982	.003735798	0
558.15	0	.6867643	.3095366	.003699101	0
557.15	0	.6867623	.3095752	.003662464	0
556.15	0	.6867602	.3096139	.003625887	0
555.15	0	.6867578	.3096528	.003589373	0
554.15	0	.6867553	.3096918	.003552921	0
553.15	0	.6867525	.309731	.003516533	0
552.15	0	.6867495	.3097703	.003480209	0
551.15	0	.6867463	.3098098	.00344395	0
550.15	0	.6867429	.3098493	.003407757	0
549.15	0	.6867393	.3098891	.003371631	0
548.15	0	.6867355	.3099289	.003335572	0
547.15	0	.6867316	.3099689	.003299581	0
546.15	0	.6867274	.3100089	.003263659	0
545.15	0	.6867231	.3100491	.003227807	0
544.15	0	.6867185	.3100894	.003192026	0
543.15	0	.6867138	.3101298	.003156315	0
542.15	0	.686709	.3101704	.003120678	0
541.15	0	.6867039	.310211	.003085113	0
540.15	0	.6866987	.3102517	.003049622	0
539.15	0	.6866933	.3102925	.003014205	0
538.15	0	.6866877	.3103334	.002978864	0
537.15	0	.686682	.3103744	.002943599	0
536.15	0	.6866761	.3104155	.00290841	0
535.15	0	.6866701	.3104566	.0028733	0
534.15	0	.6866639	.3104978	.002838267	0
533.15	0	.6866576	.3105391	.002803314	0
532.15	0	.6866511	.3105805	.002768441	0
531.15	0	.6866444	.3106219	.002733649	0
530.15	0	.6866377	.3106634	.002698938	0
529.15	0	.6866307	.310705	.002664309	0
528.15	0	.6866237	.3107466	.002629763	0
527.15	0	.6866165	.3107883	.002595301	0
526.15	0	.6866091	.31083	.002560923	0
525.15	0	.6866016	.3108717	.002526631	0
524.15	0	.686594	.3109135	.002492425	0
523.15	0	.6865863	.3109554	.002458305	0
522.15	0	.6865785	.3109973	.002424273	0
521.15	0	.6865705	.3110392	.002390329	0
520.15	0	.6865624	.3110812	.002356475	0
519.15	0	.6865541	.3111232	.002322709	0
518.15	0	.6865458	.3111652	.002289035	0
517.15	0	.6865374	.3112072	.002255451	0
516.15	0	.6865288	.3112493	.00222196	0
515.15	0	.6865201	.3112913	.002188561	0
514.15	0	.6865113	.3113334	.002155255	0
513.15	0	.6865024	.3113755	.002122044	0
512.15	0	.6864935	.3114176	.002088927	0
511.15	0	.6864844	.3114597	.002055906	0
510.15	0	.6864752	.3115019	.002022981	0
509.15	0	.6864659	.311544	.001990153	0
508.15	0	.6864565	.3115861	.001957423	0
507.15	0	.686447	.3116282	.001924791	0
506.15	0	.6864374	.3116703	.001892258	0
505.15	0	.6864278	.3117124	.001859825	0
504.15	0	.686418	.3117545	.001827492	0
503.15	0	.6864082	.3117965	.001795261	0
502.15	0	.6863983	.3118386	.001763132	0
501.15	0	.6863883	.3118806	.001731105	0
500.15	0	.6863782	.3119226	.001699181	0
499.15	0	.6863681	.3119646	.001667361	0
498.15	0	.6863578	.3120065	.001635646	0
497.15	0	.6863475	.3120484	.001604036	0
496.431	0	.6863401	.3120786	.001581375	0
496.431	0	.6863401	.3120786	.001581375	0
496.431	0	.6863401	.3120786	.001581375	0
496.15	0	.6864329	.3118761	.001475707	2.153236E-04
495.15	0	.6867619	.3111574	.001100404	9.802508E-04
494.15	0	.6870892	.3104414	7.26203E-04	.001743184
493.15	0	.6874148	.309728	3.530955E-04	.002504142
492.2009	0	.6877222	.3090533	0	.003224521
492.2009	0	.6877222	.3090533	0	.003224521
492.15	0	.6877238	.3090358	0	.003240434
491.15	0	.6877555	.3086923	0	.00355221
490.15	0	.6877865	.3083505	0	.003862934
489.15	0	.687817	.3080104	0	.004172614
488.15	0	.6878469	.307672	0	.004481088
487.15	0	.6878762	.3073351	0	.004788706
486.15	0	.6879049	.3069998	0	.005095308
485.15	0	.6879331	.306666	0	.005400902
484.15	0	.6879607	.3063338	0	.005705499
483.15	0	.6879877	.3060032	0	.006009106
482.15	0	.6880142	.3056741	0	.006311732
481.15	0	.6880401	.3053465	0	.006613387
480.15	0	.6880655	.3050204	0	.006914079
479.15	0	.6880904	.3046958	0	.007213816
478.15	0	.6881148	.3043726	0	.007512607
477.15	0	.6881386	.3040509	0	.007810461
476.15	0	.688162	.3037306	0	.008107387
475.15	0	.6881848	.3034118	0	.008403391
474.15	0	.6882072	.3030943	0	.008698484
473.15	0	.6882291	.3027782	0	.008992673
472.15	0	.6882505	.3024635	0	.009285966
471.15	0	.6882715	.3021502	0	.009578372
470.15	0	.6882919	.3018382	0	.009869899
469.15	0	.688312	.3015275	0	.01016055
468.15	0	.6883316	.3012181	0	.01045035
467.15	0	.6883507	.30091	0	.01073928
466.15	0	.6883694	.3006032	0	.01102737
465.15	0	.6883877	.3002977	0	.01131462
464.15	0	.6884055	.2999935	0	.01160104
463.15	0	.6884229	.2996904	0	.01188663
462.15	0	.68844	.2993886	0	.0121714
461.15	0	.6884566	.299088	0	.01245537
460.15	0	.6884728	.2987887	0	.01273854
459.15	0	.6884887	.2984905	0	.01302091
458.15	0	.6885041	.2981934	0	.01330249
457.15	0	.6885192	.2978975	0	.01358329
456.15	0	.6885339	.2976028	0	.01386332
455.15	0	.6885482	.2973092	0	.01414259
454.15	0	.6885622	.2970167	0	.0144211
453.15	0	.6885758	.2967254	0	.01469886
452.15	0	.688589	.2964351	0	.01497587
451.15	0	.688602	.2961459	0	.01525215
450.15	0	.6886145	.2958578	0	.01552769
449.15	0	.6886268	.2955706	0	.01580255
448.15	0	.6886388	.2952845	0	.01607669
447.15	0	.6886505	.2949994	0	.01635012
446.15	0	.6886619	.2947152	0	.01662287
445.15	0	.688673	.2944321	0	.01689492
444.15	0	.6886838	.2941499	0	.0171663
443.15	0	.6886944	.2938686	0	.01743701
442.15	0	.6887046	.2935883	0	.01770706
441.15	0	.6887147	.2933089	0	.01797647
440.15	0	.6887245	.2930303	0	.01824523
439.15	0	.688734	.2927526	0	.01851335
438.15	0	.6887434	.2924758	0	.01878085
437.15	0	.6887525	.2921997	0	.01904773
436.15	0	.6887615	.2919245	0	.01931401
435.15	0	.6887702	.2916501	0	.01957968
434.15	0	.6887788	.2913765	0	.01984475
433.15	0	.6887872	.2911036	0	.02010924
432.15	0	.6887954	.2908315	0	.02037316
431.15	0	.6888034	.2905601	0	.0206365
430.15	0	.6888113	.2902894	0	.02089927
429.15	0	.688819	.2900195	0	.02116148
428.15	0	.6888267	.2897502	0	.02142315
427.15	0	.6888341	.2894816	0	.02168427
426.15	0	.6888415	.2892137	0	.02194485
425.15	0	.6888487	.2889464	0	.0222049
424.15	0	.6888558	.2886798	0	.02246443
423.15	0	.6888628	.2884137	0	.02272343
422.15	0	.6888697	.2881483	0	.02298193
421.15	0	.6888766	.2878835	0	.02323991
420.15	0	.6888833	.2876193	0	.0234974
419.15	0	.6888899	.2873557	0	.02375439
418.15	0	.6888965	.2870926	0	.02401089
417.15	0	.688903	.2868301	0	.02426691
416.15	0	.6889094	.2865681	0	.02452245
415.15	0	.6889158	.2863067	0	.02477751
414.15	0	.6889221	.2860458	0	.02503211
413.15	0	.6889284	.2857854	0	.02528625
412.15	0	.6889346	.2855255	0	.02553992
411.15	0	.6889408	.2852661	0	.02579314
410.15	0	.6889469	.2850071	0	.02604592
409.15	0	.688953	.2847487	0	.02629825
408.15	0	.6889591	.2844907	0	.02655015
407.15	0	.6889652	.2842332	0	.0268016
406.15	0	.6889712	.2839762	0	.02705263
405.15	0	.6889772	.2837195	0	.02730324
404.15	0	.6889832	.2834634	0	.02755342
403.15	0	.6889892	.2832076	0	.02780318
402.15	0	.6889952	.2829523	0	.02805253
401.15	0	.6890012	.2826973	0	.02830148
400.15	0	.6890072	.2824428	0	.02855002
399.15	0	.6890132	.2821887	0	.02879815
398.15	0	.6890192	.281935	0	.02904589
397.15	0	.6890251	.2816816	0	.02929324
396.15	0	.6890312	.2814286	0	.02954019
395.15	0	.6890372	.281176	0	.02978676
394.15	0	.6890432	.2809238	0	.03003295
393.15	0	.6890493	.2806719	0	.03027875
392.15	0	.6890554	.2804204	0	.03052418
391.15	0	.6890615	.2801693	0	.03076923
390.15	0	.6890677	.2799184	0	.03101392
389.15	0	.6890738	.2796679	0	.03125824
388.15	0	.68908	.2794178	0	.03150219
387.15	0	.6890863	.279168	0	.03174579
386.15	0	.6890925	.2789185	0	.03198902
385.15	0	.6890988	.2786693	0	.0322319
384.15	0	.6891052	.2784204	0	.03247443
383.15	0	.6891116	.2781718	0	.0327166
382.15	0	.689118	.2779236	0	.03295843
381.15	0	.6891245	.2776756	0	.03319992
380.15	0	.689131	.277428	0	.03344106
379.15	0	.6891376	.2771806	0	.03368186
378.15	0	.6891442	.2769335	0	.03392233
377.15	0	.6891508	.2766867	0	.03416246
376.15	0	.6891576	.2764402	0	.03440226
375.15	0	.6891643	.276194	0	.03464173
374.15	0	.6891711	.275948	0	.03488087
373.15	0	.689178	.2757023	0	.03511968
372.15	0	.689185	.2754569	0	.03535817
371.15	0	.6891919	.2752117	0	.03559634
370.15	0	.689199	.2749668	0	.03583419
369.15	0	.6892061	.2747222	0	.03607172
368.15	0	.6892133	.2744778	0	.03630894
367.15	0	.6892205	.2742337	0	.03654584
366.15	0	.6892278	.2739898	0	.03678243
365.15	0	.6892351	.2737462	0	.03701871
364.15	0	.6892425	.2735028	0	.03725468
363.15	0	.68925	.2732597	0	.03749034
362.15	0	.6892575	.2730168	0	.0377257
361.15	0	.6892651	.2727741	0	.03796076
360.15	0	.6892728	.2725317	0	.03819551
359.15	0	.6892805	.2722895	0	.03842996
358.15	0	.6892883	.2720476	0	.03866412
357.15	0	.6892962	.2718059	0	.03889798
356.15	0	.6893041	.2715644	0	.03913154
355.15	0	.6893121	.2713231	0	.0393648
354.15	0	.6893202	.2710821	0	.03959778
353.15	0	.6893283	.2708413	0	.03983046
352.15	0	.6893365	.2706007	0	.04006285
351.15	0	.6893447	.2703603	0	.04029495
350.15	0	.6893531	.2701202	0	.04052676
349.15	0	.6893615	.2698802	0	.04075829
348.15	0	.6893699	.2696405	0	.04098953
347.15	0	.6893785	.269401	0	.04122049
346.15	0	.6893871	.2691618	0	.04145117
345.15	0	.6893958	.2689227	0	.04168156
344.15	0	.6894045	.2686838	0	.04191167
343.15	0	.6894133	.2684452	0	.0421415
342.15	0	.6894222	.2682068	0	.04237106
341.15	0	.6894311	.2679686	0	.04260033
340.15	0	.6894401	.2677305	0	.04282933
339.15	0	.6894492	.2674927	0	.04305805
338.15	0	.6894584	.2672551	0	.0432865
337.15	0	.6894676	.2670177	0	.04351467
336.15	0	.6894769	.2667806	0	.04374257
335.15	0	.6894862	.2665436	0	.0439702
334.15	0	.6894957	.2663068	0	.04419755
333.15	0	.6895052	.2660702	0	.04442464
332.15	0	.6895147	.2658338	0	.04465146
331.15	0	.6895243	.2655977	0	.044878
330.15	0	.689534	.2653617	0	.04510428
329.15	0	.6895438	.2651259	0	.04533029
328.15	0	.6895536	.2648903	0	.04555604
327.15	0	.6895635	.264655	0	.04578152
326.15	0	.6895735	.2644198	0	.04600673
