T	 BPW(LIQUID)	BPW(BCC_A2)	BPW(FCC_A1)	BPW(LAVES_PHASE_C14)	BPW(NI3TI)
1473.15	.7644686	.1918445	0	.04368685	0
1472.15	.7554702	.1979458	0	.04658406	0
1471.15	.7466348	.2039333	0	.04943181	0
1470.15	.7379583	.2098102	0	.05223145	0
1469.15	.7294365	.2155792	0	.05498427	0
1468.15	.7210653	.2212432	0	.05769153	0
1467.15	.7128408	.2268048	0	.06035443	0
1466.15	.7047593	.2322665	0	.06297414	0
1465.15	.6968172	.237631	0	.06555178	0
1464.15	.6890109	.2429007	0	.06808846	0
1463.15	.681337	.2480778	0	.07058521	0
1462.15	.6737923	.2531646	0	.07304306	0
1461.15	.6663735	.2581635	0	.075463	0
1460.15	.6590777	.2630763	0	.07784597	0
1459.15	.6519017	.2679054	0	.08019291	0
1458.15	.6448427	.2726526	0	.0825047	0
1457.15	.637898	.2773198	0	.0847822	0
1456.15	.6310647	.281909	0	.08702626	0
1455.15	.6243403	.286422	0	.08923769	0
1454.15	.6177222	.2908606	0	.09141727	0
1453.15	.6112079	.2952263	0	.09356576	0
1452.15	.6047951	.299521	0	.0956839	0
1451.15	.5984814	.3037463	0	.0977724	0
1450.15	.5922645	.3079036	0	.09983197	0
1449.15	.5861422	.3119945	0	.1018633	0
1448.15	.5801126	.3160205	0	.1038669	0
1447.15	.5741733	.319983	0	.1058437	0
1446.15	.5683225	.3238835	0	.107794	0
1445.15	.5625583	.3277232	0	.1097186	0
1444.15	.5568786	.3315034	0	.111618	0
1443.15	.5512818	.3352256	0	.1134927	0
1442.15	.5457658	.3388908	0	.1153434	0
1441.15	.5403292	.3425003	0	.1171705	0
1440.15	.5349701	.3460553	0	.1189746	0
1439.15	.5296869	.3495569	0	.1207562	0
1438.15	.524478	.3530063	0	.1225157	0
1437.15	.5193419	.3564045	0	.1242536	0
1436.15	.514277	.3597525	0	.1259704	0
1435.15	.5092819	.3630514	0	.1276666	0
1434.15	.5043552	.3663023	0	.1293426	0
1433.15	.4994953	.369506	0	.1309987	0
1432.15	.4947011	.3726635	0	.1326355	0
1431.15	.4899711	.3757757	0	.1342532	0
1430.15	.4853041	.3788436	0	.1358524	0
1429.15	.4806987	.3818679	0	.1374333	0
1428.15	.4761539	.3848496	0	.1389965	0
1427.15	.4716684	.3877895	0	.1405421	0
1426.15	.467241	.3906884	0	.1420706	0
1425.15	.4628706	.3935471	0	.1435822	0
1424.15	.4585561	.3963664	0	.1450775	0
1423.15	.4542965	.399147	0	.1465566	0
1422.15	.4500906	.4018896	0	.1480199	0
1421.15	.4459374	.404595	0	.1494676	0
1420.15	.441836	.4072638	0	.1509002	0
1419.15	.4377854	.4098967	0	.1523179	0
1418.15	.4337846	.4124945	0	.1537209	0
1417.15	.4298327	.4150578	0	.1551096	0
1416.15	.4259288	.4175871	0	.1564842	0
1415.15	.422072	.4200831	0	.157845	0
1414.15	.4182614	.4225464	0	.1591922	0
1413.15	.4144963	.4249776	0	.1605261	0
1412.15	.4107757	.4273773	0	.161847	0
1411.15	.4070989	.4297461	0	.1631551	0
1410.15	.403465	.4320844	0	.1644506	0
1409.15	.3998734	.4343929	0	.1657337	0
1408.15	.3963233	.436672	0	.1670047	0
1407.15	.3928139	.4389222	0	.1682638	0
1406.15	.3893446	.4411442	0	.1695112	0
1405.15	.3859145	.4433383	0	.1707472	0
1404.15	.3825232	.445505	0	.1719718	0
1403.15	.3791697	.4476449	0	.1731854	0
1402.15	.3758536	.4497583	0	.1743881	0
1401.15	.3725742	.4518457	0	.1755801	0
1400.15	.3693309	.4539076	0	.1767616	0
1399.15	.3661229	.4559443	0	.1779327	0
1398.15	.3629499	.4579564	0	.1790937	0
1397.15	.359811	.4599442	0	.1802448	0
1396.15	.3567059	.4619081	0	.181386	0
1395.15	.3536339	.4638485	0	.1825176	0
1394.15	.3505945	.4657658	0	.1836397	0
1393.15	.3475871	.4676604	0	.1847524	0
1392.15	.3446113	.4695327	0	.1858561	0
1391.15	.3416664	.4713829	0	.1869507	0
1390.15	.3387521	.4732115	0	.1880364	0
1389.15	.3358677	.4750189	0	.1891134	0
1388.15	.3330129	.4768052	0	.1901819	0
1387.15	.3301871	.478571	0	.1912419	0
1386.15	.32739	.4803165	0	.1922936	0
1385.15	.3246209	.482042	0	.1933371	0
1384.15	.3218796	.4837478	0	.1943726	0
1383.15	.3191655	.4854343	0	.1954002	0
1382.15	.3164782	.4871018	0	.1964201	0
1381.15	.3138173	.4887504	0	.1974322	0
1380.15	.3111825	.4903807	0	.1984368	0
1379.15	.3085732	.4919927	0	.199434	0
1378.15	.3059892	.4935869	0	.2004239	0
1377.15	.30343	.4951634	0	.2014066	0
1376.15	.3008952	.4967226	0	.2023823	0
1375.15	.2983845	.4982646	0	.2033509	0
1374.15	.2958974	.4997899	0	.2043127	0
1373.15	.2934338	.5012985	0	.2052677	0
1372.15	.2909931	.5027908	0	.2062161	0
1371.15	.2885751	.504267	0	.2071578	0
1370.15	.2861795	.5057274	0	.2080932	0
1369.15	.2838058	.5071721	0	.2090221	0
1368.15	.2814538	.5086014	0	.2099448	0
1367.15	.2791231	.5100156	0	.2108614	0
1366.15	.2768134	.5114148	0	.2117718	0
1365.15	.2745245	.5127992	0	.2126762	0
1364.15	.2722561	.5141692	0	.2135747	0
1363.15	.2700077	.5155248	0	.2144674	0
1362.15	.2677792	.5168664	0	.2153544	0
1361.15	.2655703	.518194	0	.2162357	0
1360.15	.2633807	.519508	0	.2171114	0
1359.15	.2612101	.5208084	0	.2179816	0
1358.15	.2590582	.5220955	0	.2188464	0
1357.15	.2569247	.5233694	0	.2197058	0
1356.15	.2548095	.5246305	0	.22056	0
1355.15	.2527123	.5258787	0	.221409	0
1354.15	.2506328	.5271144	0	.2222528	0
1353.15	.2485707	.5283376	0	.2230916	0
1352.15	.2465259	.5295487	0	.2239254	0
1351.15	.244498	.5307476	0	.2247543	0
1350.15	.2424869	.5319347	0	.2255784	0
1349.15	.2404924	.5331099	0	.2263977	0
1348.15	.2385141	.5342737	0	.2272122	0
1347.15	.2365519	.5354259	0	.2280221	0
1346.15	.2346056	.5365669	0	.2288275	0
1345.15	.2326749	.5376968	0	.2296282	0
1344.15	.2307597	.5388158	0	.2304245	0
1343.15	.2288597	.5399239	0	.2312164	0
1342.15	.2269747	.5410213	0	.232004	0
1341.15	.2251046	.5421082	0	.2327873	0
1340.15	.2232491	.5431847	0	.2335663	0
1339.15	.221408	.5442509	0	.2343411	0
1338.15	.2195812	.545307	0	.2351118	0
1337.15	.2177684	.5463532	0	.2358784	0
1336.15	.2159695	.5473895	0	.236641	0
1335.15	.2141843	.548416	0	.2373997	0
1334.15	.2124127	.5494329	0	.2381544	0
1333.15	.2106544	.5504404	0	.2389052	0
1332.15	.2089092	.5514385	0	.2396523	0
1331.15	.2071771	.5524274	0	.2403955	0
1330.15	.2054578	.5534072	0	.241135	0
1329.15	.2037512	.5543779	0	.2418709	0
1328.15	.2020571	.5553398	0	.2426031	0
1327.15	.2003754	.5562929	0	.2433317	0
1326.15	.1987058	.5572374	0	.2440568	0
1325.15	.1970484	.5581733	0	.2447783	0
1324.15	.1954028	.5591008	0	.2454965	0
1323.15	.1937689	.5600199	0	.2462112	0
1322.15	.1921467	.5609308	0	.2469225	0
1321.15	.1905359	.5618336	0	.2476305	0
1320.15	.1889364	.5627284	0	.2483352	0
1319.15	.1873482	.5636152	0	.2490366	0
1318.15	.1857709	.5644943	0	.2497348	0
1317.15	.1842045	.5653656	0	.2504299	0
1316.15	.182649	.5662292	0	.2511218	0
1315.15	.181104	.5670854	0	.2518106	0
1314.15	.1795696	.567934	0	.2524964	0
1313.15	.1780455	.5687754	0	.2531791	0
1312.15	.1765317	.5696095	0	.2538588	0
1311.15	.1750281	.5704364	0	.2545356	0
1310.15	.1735344	.5712562	0	.2552094	0
1309.15	.1720507	.572069	0	.2558804	0
1308.15	.1705767	.5728749	0	.2565485	0
1307.15	.1691123	.5736739	0	.2572137	0
1306.15	.1676575	.5744663	0	.2578762	0
1305.7	.1670058	.5748207	0	.2581735	0
1305.7	.1670058	.5748207	0	.2581735	0
1305.7	.1670058	.5748207	0	.2581735	0
1305.15	.163236	.5734526	.00445342	.258858	0
1304.15	.1563891	.5710071	.01251063	.2600932	0
1303.15	.1495528	.5686159	.02051508	.2613163	0
1302.15	.1427267	.5662783	.0284675	.2625275	0
1301.15	.1359105	.5639939	.03636866	.2637269	0
1300.15	.1291037	.5617623	.04421928	.2649147	0
1299.15	.122296	.5595812	.05203052	.2660923	0
1298.15	.1155071	.5574535	.05978217	.2672573	0
1297.15	.1087265	.5553771	.06748541	.268411	0
1296.15	.1019539	.5533514	.07514092	.2695538	0
1295.15	.09518906	.5513759	.08274938	.2706856	0
1294.15	.08843154	.5494503	.09031145	.2718067	0
1293.15	.08168105	.547574	.09782778	.2729172	0
1292.15	.07493726	.5457466	.105299	.2740171	0
1291.15	.06819986	.5439676	.1127258	.2751067	0
1290.15	.06146854	.5422366	.1201088	.2761861	0
1289.15	.054743	.5405532	.1274485	.2772553	0
1288.15	.04802294	.5389169	.1347456	.2783146	0
1287.15	.04130808	.5373272	.1420008	.2793639	0
1286.15	.03459812	.5357839	.1492145	.2804036	0
1285.15	.0278928	.5342864	.1563873	.2814335	0
1284.15	.02119185	.5328343	.1635199	.282454	0
1283.15	.014495	.5314272	.1706128	.283465	0
1282.15	.007801995	.5300648	.1776665	.2844667	0
1281.15	.00111258	.5287465	.1846816	.2854593	0
1280.984	0	.5285315	.185845	.2856235	0
1280.984	0	.5285315	.185845	.2856235	0
1280.15	0	.5276237	.1864251	.2859513	0
1279.15	0	.5265378	.1871188	.2863434	0
1278.15	0	.5254552	.1878103	.2867345	0
1277.15	0	.5243759	.1884995	.2871246	0
1276.15	0	.5232999	.1891864	.2875136	0
1275.15	0	.5222273	.1898711	.2879016	0
1274.15	0	.5211579	.1905535	.2882886	0
1273.15	0	.5200919	.1912336	.2886745	0
1272.15	0	.5190291	.1919115	.2890594	0
1271.15	0	.5179696	.1925871	.2894433	0
1270.15	0	.5169133	.1932605	.2898262	0
1269.15	0	.5158603	.1939316	.2902081	0
1268.15	0	.5148106	.1946005	.290589	0
1267.15	0	.5137641	.1952671	.2909688	0
1266.15	0	.5127208	.1959315	.2913477	0
1265.15	0	.5116808	.1965937	.2917256	0
1264.15	0	.5106439	.1972537	.2921024	0
1263.15	0	.5096103	.1979114	.2924783	0
1262.15	0	.5085799	.1985669	.2928532	0
1261.15	0	.5075526	.1992202	.2932272	0
1260.15	0	.5065286	.1998713	.2936001	0
1259.15	0	.5055077	.2005202	.2939721	0
1258.15	0	.50449	.2011669	.2943431	0
1257.15	0	.5034755	.2018113	.2947132	0
1256.15	0	.5024642	.2024536	.2950823	0
1255.15	0	.5014559	.2030937	.2954504	0
1254.15	0	.5004509	.2037316	.2958176	0
1253.15	0	.4994489	.2043673	.2961838	0
1252.15	0	.4984501	.2050008	.2965491	0
1251.15	0	.4974544	.2056321	.2969135	0
1250.15	0	.4964619	.2062613	.2972769	0
1249.15	0	.4954724	.2068882	.2976394	0
1248.15	0	.494486	.207513	.2980009	0
1247.15	0	.4935028	.2081357	.2983616	0
1246.15	0	.4925226	.2087561	.2987213	0
1245.15	0	.4915455	.2093744	.2990801	0
1244.15	0	.4905715	.2099906	.2994379	0
1243.15	0	.4896005	.2106046	.2997949	0
1242.15	0	.4886326	.2112164	.300151	0
1241.15	0	.4876678	.2118261	.3005061	0
1240.15	0	.486706	.2124336	.3008604	0
1239.15	0	.4857473	.213039	.3012137	0
1238.15	0	.4847916	.2136422	.3015662	0
1237.15	0	.4838389	.2142433	.3019178	0
1236.15	0	.4828893	.2148423	.3022685	0
1235.15	0	.4819426	.2154391	.3026183	0
1234.15	0	.480999	.2160338	.3029672	0
1233.15	0	.4800584	.2166264	.3033152	0
1232.15	0	.4791208	.2172168	.3036624	0
1231.15	0	.4781862	.2178051	.3040087	0
1230.15	0	.4772546	.2183913	.3043541	0
1229.15	0	.4763259	.2189754	.3046987	0
1228.15	0	.4754003	.2195573	.3050424	0
1227.15	0	.4744776	.2201371	.3053853	0
1226.15	0	.4735579	.2207148	.3057273	0
1225.15	0	.4726411	.2212904	.3060685	0
1224.15	0	.4717273	.2218639	.3064088	0
1223.15	0	.4708164	.2224353	.3067482	0
1222.15	0	.4699085	.2230046	.3070869	0
1221.15	0	.4690036	.2235718	.3074247	0
1220.15	0	.4681015	.2241369	.3077616	0
1219.15	0	.4672024	.2246999	.3080977	0
1218.15	0	.4663062	.2252608	.308433	0
1217.15	0	.4654129	.2258196	.3087675	0
1216.15	0	.4645226	.2263763	.3091012	0
1215.15	0	.4636351	.2269309	.309434	0
1214.15	0	.4627506	.2274834	.309766	0
1213.15	0	.4618689	.2280338	.3100972	0
1212.15	0	.4609902	.2285822	.3104276	0
1211.15	0	.4601143	.2291285	.3107572	0
1210.15	0	.4592413	.2296727	.311086	0
1209.15	0	.4583712	.2302148	.311414	0
1208.15	0	.457504	.2307548	.3117412	0
1207.15	0	.4566396	.2312928	.3120676	0
1206.15	0	.4557781	.2318287	.3123932	0
1205.15	0	.4549195	.2323625	.312718	0
1204.15	0	.4540637	.2328942	.3130421	0
1203.15	0	.4532108	.2334239	.3133653	0
1202.15	0	.4523607	.2339515	.3136878	0
1201.15	0	.4515134	.2344771	.3140095	0
1200.15	0	.450669	.2350006	.3143304	0
1199.15	0	.4498275	.235522	.3146506	0
1198.15	0	.4489887	.2360413	.31497	0
1197.15	0	.4481528	.2365586	.3152886	0
1196.15	0	.4473197	.2370739	.3156064	0
1195.15	0	.4464894	.2375871	.3159235	0
1194.15	0	.445662	.2380982	.3162399	0
1193.15	0	.4448373	.2386073	.3165554	0
1192.15	0	.4440154	.2391143	.3168703	0
1191.15	0	.4431964	.2396193	.3171844	0
1190.15	0	.4423801	.2401222	.3174977	0
1189.15	0	.4415667	.240623	.3178103	0
1188.15	0	.440756	.2411219	.3181221	0
1187.15	0	.4399481	.2416186	.3184333	0
1186.15	0	.439143	.2421134	.3187436	0
1185.15	0	.4383407	.242606	.3190533	0
1184.15	0	.4375411	.2430967	.3193622	0
1183.15	0	.4367443	.2435853	.3196704	0
1182.15	0	.4359503	.2440718	.3199779	0
1181.15	0	.4351591	.2445563	.3202846	0
1180.15	0	.4343706	.2450388	.3205906	0
1179.15	0	.4335849	.2455192	.3208959	0
1178.15	0	.4328019	.2459976	.3212005	0
1177.15	0	.4320217	.246474	.3215044	0
1176.15	0	.4312442	.2469483	.3218075	0
1175.15	0	.4304695	.2474206	.32211	0
1174.15	0	.4296975	.2478908	.3224117	0
1173.15	0	.4289282	.248359	.3227128	0
1172.15	0	.4281617	.2488252	.3230131	0
1171.15	0	.4273979	.2492893	.3233128	0
1170.15	0	.4266369	.2497514	.3236117	0
1169.15	0	.4258785	.2502115	.32391	0
1168.15	0	.4251229	.2506695	.3242076	0
1167.15	0	.4243701	.2511255	.3245045	0
1166.15	0	.4236199	.2515795	.3248006	0
1165.15	0	.4228725	.2520314	.3250962	0
1164.15	0	.4221277	.2524813	.325391	0
1163.15	0	.4213857	.2529292	.3256851	0
1162.15	0	.4206464	.253375	.3259786	0
1161.15	0	.4199098	.2538188	.3262714	0
1160.15	0	.4191759	.2542606	.3265635	0
1159.15	0	.4184447	.2547004	.326855	0
1158.15	0	.4177162	.2551381	.3271458	0
1157.15	0	.4169904	.2555738	.3274359	0
1156.15	0	.4162672	.2560074	.3277254	0
1155.15	0	.4155468	.2564391	.3280141	0
1154.15	0	.414829	.2568687	.3283023	0
1153.15	0	.414114	.2572963	.3285898	0
1152.15	0	.4134016	.2577218	.3288766	0
1151.15	0	.4126919	.2581453	.3291628	0
1150.15	0	.411985	.2585668	.3294483	0
1149.15	0	.4112806	.2589862	.3297332	0
1148.15	0	.410579	.2594036	.3300174	0
1147.15	0	.40988	.259819	.330301	0
1146.15	0	.4091837	.2602324	.3305839	0
1145.15	0	.4084901	.2606437	.3308662	0
1144.15	0	.4077992	.261053	.3311478	0
1143.15	0	.4071109	.2614603	.3314289	0
1142.15	0	.4064252	.2618655	.3317093	0
1141.15	0	.4057423	.2622687	.331989	0
1140.15	0	.405062	.2626699	.3322681	0
1139.15	0	.4043844	.263069	.3325466	0
1138.15	0	.4037094	.2634661	.3328245	0
1137.15	0	.4030371	.2638612	.3331017	0
1136.15	0	.4023675	.2642542	.3333784	0
1135.15	0	.4017004	.2646452	.3336544	0
1134.15	0	.4010361	.2650342	.3339297	0
1133.15	0	.4003744	.2654211	.3342045	0
1132.15	0	.3997154	.265806	.3344787	0
1131.15	0	.399059	.2661888	.3347522	0
1130.15	0	.3984053	.2665696	.3350251	0
1129.15	0	.3977542	.2669484	.3352974	0
1128.15	0	.3971058	.2673251	.3355691	0
1127.15	0	.39646	.2676998	.3358402	0
1126.15	0	.3958168	.2680724	.3361107	0
1125.15	0	.3951764	.268443	.3363806	0
1124.15	0	.3945385	.2688116	.3366499	0
1123.15	0	.3939033	.2691781	.3369186	0
1122.15	0	.3932707	.2695426	.3371867	0
1121.15	0	.3926408	.269905	.3374542	0
1120.15	0	.3920135	.2702654	.3377211	0
1119.15	0	.3913889	.2706237	.3379874	0
1118.15	0	.3907669	.27098	.3382531	0
1117.15	0	.3901476	.2713342	.3385183	0
1116.15	0	.3895308	.2716863	.3387828	0
1115.15	0	.3889168	.2720365	.3390468	0
1114.15	0	.3883053	.2723845	.3393102	0
1113.15	0	.3876965	.2727305	.3395729	0
1112.15	0	.3870904	.2730745	.3398352	0
1111.15	0	.3864869	.2734163	.3400968	0
1110.15	0	.385886	.2737562	.3403578	0
1109.15	0	.3852878	.2740939	.3406183	0
1108.15	0	.3846922	.2744296	.3408782	0
1107.15	0	.3840992	.2747633	.3411376	0
1106.15	0	.3835089	.2750948	.3413963	0
1105.15	0	.3829212	.2754243	.3416545	0
1104.15	0	.3823361	.2757518	.3419121	0
1103.15	0	.3817537	.2760771	.3421692	0
1102.15	0	.3811739	.2764004	.3424257	0
1101.15	0	.3805968	.2767216	.3426816	0
1100.15	0	.3800223	.2770408	.3429369	0
1099.15	0	.3794505	.2773578	.3431917	0
1098.15	0	.3788813	.2776728	.3434459	0
1097.15	0	.3783147	.2779857	.3436996	0
1096.15	0	.3777508	.2782965	.3439527	0
1095.15	0	.3771895	.2786052	.3442053	0
1094.15	0	.3766308	.2789119	.3444573	0
1093.15	0	.3760748	.2792164	.3447088	0
1092.15	0	.3755215	.2795189	.3449597	0
1091.15	0	.3749708	.2798192	.34521	0
1090.15	0	.3744227	.2801175	.3454598	0
1089.15	0	.3738773	.2804137	.345709	0
1088.15	0	.3733345	.2807078	.3459577	0
1087.15	0	.3727944	.2809997	.3462059	0
1086.15	0	.3722569	.2812896	.3464535	0
1085.15	0	.3717221	.2815774	.3467006	0
1084.15	0	.3711899	.281863	.3469471	0
1083.15	0	.3706604	.2821466	.3471931	0
1082.15	0	.3701335	.282428	.3474385	0
1081.15	0	.3696093	.2827073	.3476834	0
1080.15	0	.3690877	.2829845	.3479278	0
1079.15	0	.3685688	.2832596	.3481716	0
1078.15	0	.3680526	.2835325	.3484149	0
1077.15	0	.367539	.2838034	.3486576	0
1076.15	0	.3670281	.2840721	.3488998	0
1075.15	0	.3665198	.2843387	.3491415	0
1074.15	0	.3660142	.2846031	.3493827	0
1073.15	0	.3655113	.2848654	.3496233	0
1072.15	0	.3650111	.2851256	.3498634	0
1071.15	0	.3645135	.2853836	.3501029	0
1070.15	0	.3640185	.2856395	.3503419	0
1069.15	0	.3635263	.2858933	.3505804	0
1068.15	0	.3630367	.2861449	.3508184	0
1067.15	0	.3625498	.2863943	.3510559	0
1066.15	0	.3620656	.2866416	.3512928	0
1065.15	0	.3615841	.2868868	.3515292	0
1064.15	0	.3611052	.2871297	.3517651	0
1063.15	0	.360629	.2873706	.3520004	0
1062.15	0	.3601555	.2876092	.3522352	0
1061.15	0	.3596847	.2878457	.3524695	0
1060.15	0	.3592167	.28808	.3527033	0
1059.15	0	.3587512	.2883122	.3529366	0
1058.15	0	.3582885	.2885421	.3531693	0
1057.15	0	.3578285	.2887699	.3534016	0
1056.15	0	.3573712	.2889955	.3536333	0
1055.15	0	.3569166	.289219	.3538645	0
1054.15	0	.3564646	.2894402	.3540952	0
1053.15	0	.3560154	.2896593	.3543253	0
1052.15	0	.3555689	.2898761	.354555	0
1051.15	0	.3551252	.2900908	.3547841	0
1050.15	0	.3546841	.2903032	.3550127	0
1049.15	0	.3542457	.2905135	.3552408	0
1048.15	0	.3538101	.2907215	.3554684	0
1047.15	0	.3533772	.2909273	.3556955	0
1046.15	0	.352947	.291131	.355922	0
1045.15	0	.3525196	.2913324	.3561481	0
1044.15	0	.3520948	.2915316	.3563736	0
1043.15	0	.3516728	.2917285	.3565987	0
1042.15	0	.3512536	.2919232	.3568232	0
1041.15	0	.3508371	.2921158	.3570472	0
1040.15	0	.3504233	.292306	.3572707	0
1039.15	0	.3500123	.2924941	.3574937	0
1038.15	0	.349604	.2926799	.3577161	0
1037.15	0	.3491985	.2928634	.3579381	0
1036.15	0	.3487957	.2930447	.3581596	0
1035.15	0	.3483957	.2932238	.3583805	0
1034.15	0	.3479985	.2934006	.358601	0
1033.15	0	.347604	.2935752	.3588209	0
1032.15	0	.3472123	.2937474	.3590403	0
1031.15	0	.3468233	.2939175	.3592592	0
1030.15	0	.3464372	.2940852	.3594776	0
1029.15	0	.3460538	.2942507	.3596955	0
1028.15	0	.3456732	.2944139	.3599129	0
1027.15	0	.3452953	.2945749	.3601298	0
1026.15	0	.3449203	.2947335	.3603462	0
1025.15	0	.3445481	.2948899	.360562	0
1024.15	0	.3441786	.295044	.3607774	0
1023.15	0	.343812	.2951958	.3609922	0
1022.15	0	.3434481	.2953453	.3612066	0
1021.15	0	.3430871	.2954925	.3614204	0
1020.15	0	.3427289	.2956374	.3616337	0
1019.15	0	.3423735	.29578	.3618465	0
1018.15	0	.3420209	.2959203	.3620588	0
1017.15	0	.3416711	.2960583	.3622706	0
1016.15	0	.3413241	.296194	.3624819	0
1015.15	0	.34098	.2963273	.3626927	0
1014.15	0	.3406387	.2964583	.3629029	0
1013.15	0	.3403003	.2965871	.3631127	0
1012.15	0	.3399647	.2967134	.3633219	0
1011.15	0	.3396319	.2968375	.3635306	0
1010.15	0	.339302	.2969592	.3637388	0
1009.15	0	.3389749	.2970785	.3639465	0
1008.15	0	.3386507	.2971956	.3641537	0
1007.15	0	.3383294	.2973103	.3643604	0
1006.15	0	.3380109	.2974226	.3645665	0
1005.15	0	.3376953	.2975326	.3647722	0
1004.15	0	.3373825	.2976402	.3649773	0
1003.15	0	.3370727	.2977455	.3651819	0
1002.15	0	.3367657	.2978484	.365386	0
1001.15	0	.3364616	.2979489	.3655895	0
1000.15	0	.3361603	.2980471	.3657926	0
999.15	0	.335862	.2981429	.3659951	0
998.15	0	.3355666	.2982363	.3661971	0
997.15	0	.335274	.2983274	.3663986	0
996.15	0	.3349844	.2984161	.3665996	0
995.15	0	.3346976	.2985024	.3668	0
994.15	0	.3344138	.2985863	.3669999	0
993.15	0	.3341329	.2986678	.3671993	0
992.15	0	.3338549	.2987469	.3673982	0
991.15	0	.3335799	.2988237	.3675965	0
990.15	0	.3333077	.298898	.3677943	0
989.15	0	.3330385	.2989699	.3679916	0
988.15	0	.3327722	.2990395	.3681883	0
987.15	0	.3325089	.2991066	.3683845	0
986.15	0	.3322485	.2991713	.3685802	0
985.15	0	.3319911	.2992337	.3687753	0
984.15	0	.3317365	.2992936	.3689699	0
983.15	0	.331485	.2993511	.3691639	0
982.15	0	.3312364	.2994062	.3693575	0
981.15	0	.3309908	.2994588	.3695504	0
980.15	0	.3307481	.2995091	.3697428	0
979.15	0	.3305084	.2995569	.3699347	0
978.15	0	.3302716	.2996023	.3701261	0
977.15	0	.3300379	.2996453	.3703168	0
976.15	0	.3298071	.2996859	.3705071	0
975.15	0	.3295793	.299724	.3706967	0
974.15	0	.3293544	.2997597	.3708859	0
973.15	0	.3291326	.299793	.3710744	0
972.15	0	.3289137	.2998238	.3712624	0
971.15	0	.3286979	.2998523	.3714499	0
970.15	0	.328485	.2998782	.3716367	0
969.15	0	.3282752	.2999018	.371823	0
968.15	0	.3280683	.2999229	.3720088	0
967.15	0	.3278644	.2999416	.372194	0
966.15	0	.3276636	.2999579	.3723786	0
965.15	0	.3274657	.2999717	.3725626	0
964.15	0	.3272709	.2999831	.372746	0
963.15	0	.3270791	.2999921	.3729289	0
962.15	0	.3268902	.2999986	.3731112	0
961.15	0	.3267044	.3000027	.3732929	0
960.15	0	.3265217	.3000044	.373474	0
959.15	0	.3263419	.3000036	.3736545	0
958.15	0	.3261652	.3000004	.3738344	0
957.15	0	.3259915	.2999948	.3740137	0
956.15	0	.3258208	.2999867	.3741925	0
955.15	0	.3256532	.2999763	.3743706	0
954.15	0	.3254885	.2999634	.3745481	0
953.15	0	.3253269	.2999481	.374725	0
952.15	0	.3251684	.2999304	.3749013	0
951.15	0	.3250128	.2999102	.375077	0
950.15	0	.3248603	.2998877	.375252	0
949.15	0	.3247108	.2998627	.3754264	0
948.15	0	.3245644	.2998354	.3756002	0
947.15	0	.324421	.2998056	.3757734	0
946.15	0	.3242806	.2997735	.3759459	0
945.15	0	.3241433	.2997389	.3761178	0
944.15	0	.3240089	.299702	.3762891	0
943.15	0	.3238776	.2996627	.3764597	0
942.15	0	.3237494	.299621	.3766296	0
941.15	0	.3236241	.2995769	.3767989	0
940.15	0	.3235019	.2995305	.3769676	0
939.15	0	.3233827	.2994817	.3771355	0
938.15	0	.3232666	.2994306	.3773028	0
937.15	0	.3231534	.2993771	.3774695	0
936.15	0	.3230433	.2993213	.3776354	0
935.15	0	.3229362	.2992631	.3778007	0
934.15	0	.322832	.2992027	.3779653	0
933.15	0	.3227309	.2991399	.3781292	0
932.15	0	.3226328	.2990748	.3782924	0
931.15	0	.3225377	.2990074	.3784549	0
930.15	0	.3224456	.2989378	.3786167	0
929.15	0	.3223565	.2988658	.3787777	0
928.15	0	.3222703	.2987916	.3789381	0
927.15	0	.3221872	.2987151	.3790977	0
926.15	0	.322107	.2986364	.3792566	0
925.15	0	.3220297	.2985555	.3794148	0
924.15	0	.3219555	.2984724	.3795722	0
923.15	0	.3218842	.298387	.3797288	0
922.15	0	.3218158	.2982995	.3798848	0
921.15	0	.3217503	.2982097	.3800399	0
920.15	0	.3216878	.2981179	.3801943	0
919.15	0	.3216282	.2980239	.3803479	0
918.15	0	.3215716	.2979277	.3805007	0
917.15	0	.3215178	.2978294	.3806528	0
916.15	0	.3214669	.2977291	.380804	0
915.15	0	.3214189	.2976266	.3809545	0
914.15	0	.3213737	.2975221	.3811041	0
913.15	0	.3213314	.2974156	.381253	0
912.15	0	.321292	.2973071	.381401	0
911.15	0	.3212554	.2971965	.3815481	0
910.15	0	.3212216	.297084	.3816944	0
909.15	0	.3211906	.2969695	.3818399	0
908.15	0	.3211624	.2968531	.3819845	0
907.15	0	.3211369	.2967348	.3821283	0
906.15	0	.3211143	.2966146	.3822712	0
905.15	0	.3210943	.2964925	.3824132	0
904.15	0	.3210771	.2963686	.3825543	0
903.15	0	.3210626	.2962429	.3826945	0
902.15	0	.3210508	.2961155	.3828338	0
901.15	0	.3210416	.2959862	.3829721	0
900.15	0	.3210351	.2958553	.3831096	0
899.15	0	.3210313	.2957227	.3832461	0
898.15	0	.32103	.2955884	.3833816	0
897.15	0	.3210313	.2954525	.3835162	0
896.15	0	.3210351	.2953151	.3836498	0
895.15	0	.3210415	.295176	.3837824	0
894.15	0	.3210504	.2950355	.3839141	0
893.15	0	.3210618	.2948935	.3840447	0
892.15	0	.3210757	.29475	.3841743	0
891.15	0	.321092	.2946052	.3843029	0
890.15	0	.3211106	.294459	.3844304	0
889.15	0	.3211317	.2943114	.3845569	0
888.15	0	.321155	.2941626	.3846823	0
887.15	0	.3211807	.2940126	.3848067	0
886.15	0	.3212087	.2938615	.3849299	0
885.15	0	.3212389	.2937091	.385052	0
884.15	0	.3212713	.2935557	.385173	0
883.15	0	.3213058	.2934013	.3852929	0
882.15	0	.3213425	.2932459	.3854115	0
881.15	0	.3213813	.2930896	.3855291	0
880.15	0	.3214221	.2929325	.3856454	0
879.15	0	.321465	.2927745	.3857606	0
878.15	0	.3215097	.2926158	.3858745	0
877.15	0	.3215565	.2924564	.3859872	0
876.15	0	.321605	.2922964	.3860986	0
875.15	0	.3216554	.2921358	.3862088	0
874.15	0	.3217076	.2919748	.3863176	0
873.15	0	.3217615	.2918133	.3864252	0
872.15	0	.3218171	.2916516	.3865314	0
871.15	0	.3218742	.2914895	.3866362	0
870.15	0	.321933	.2913273	.3867397	0
869.15	0	.3219932	.291165	.3868418	0
868.15	0	.3220549	.2910027	.3869425	0
867.15	0	.3221179	.2908404	.3870417	0
866.15	0	.3221822	.2906783	.3871395	0
865.15	0	.3222478	.2905165	.3872357	0
864.15	0	.3223146	.290355	.3873305	0
863.15	0	.3223824	.2901939	.3874237	0
862.15	0	.3224513	.2900335	.3875153	0
861.15	0	.3225211	.2898737	.3876053	0
860.15	0	.3225917	.2897146	.3876937	0
859.15	0	.3226632	.2895565	.3877804	0
858.15	0	.3227353	.2893993	.3878654	0
857.15	0	.322808	.2892433	.3879487	0
856.15	0	.3228812	.2890886	.3880302	0
855.15	0	.3229549	.2889353	.3881099	0
854.15	0	.3230288	.2887835	.3881877	0
853.15	0	.3231029	.2886335	.3882637	0
852.15	0	.3231771	.2884853	.3883377	0
851.15	0	.3232512	.2883391	.3884097	0
850.15	0	.3233252	.2881951	.3884798	0
849.15	0	.3233988	.2880534	.3885477	0
848.15	0	.3234721	.2879144	.3886136	0
847.15	0	.3235447	.287778	.3886772	0
846.15	0	.3236167	.2876447	.3887386	0
845.15	0	.3236878	.2875145	.3887977	0
844.15	0	.3237578	.2873877	.3888545	0
843.15	0	.3238266	.2872646	.3889088	0
842.15	0	.323894	.2871454	.3889606	0
841.15	0	.3239598	.2870304	.3890099	0
840.15	0	.3240237	.2869198	.3890564	0
839.15	0	.3240857	.2868141	.3891003	0
838.15	0	.3241453	.2867134	.3891412	0
837.15	0	.3242025	.2866183	.3891793	0
836.15	0	.3242568	.286529	.3892142	0
835.15	0	.324308	.2864459	.3892461	0
834.15	0	.3243559	.2863696	.3892746	0
833.15	0	.3244	.2863004	.3892996	0
832.15	0	.3244399	.2862389	.3893211	0
831.15	0	.3244754	.2861857	.3893389	0
830.15	0	.3245059	.2861414	.3893527	0
829.15	0	.324531	.2861066	.3893624	0
828.15	0	.3245501	.2860821	.3893678	0
827.15	0	.3245628	.2860686	.3893686	0
826.15	0	.3245682	.2860671	.3893647	0
825.15	0	.3245657	.2860787	.3893556	0
824.15	0	.3245546	.2861043	.3893411	0
823.15	0	.3245339	.2861454	.3893208	0
822.15	0	.3245025	.2862032	.3892943	0
821.15	0	.3241833	.2866531	.3891637	0
820.15	0	.3238051	.2871875	.3890074	0
819.15	0	.3234921	.2876389	.388869	0
818.15	0	.3232336	.2880211	.3887452	0
817.15	0	.3230217	.2883448	.3886335	0
816.15	0	.32285	.2886182	.3885318	0
815.15	0	.3227133	.2888478	.3884388	0
814.15	0	.3226076	.2890391	.3883533	0
813.15	0	.3225293	.2891965	.3882742	0
812.15	0	.3224754	.2893238	.3882008	0
811.15	0	.3224435	.2894241	.3881324	0
810.15	0	.3224314	.2895001	.3880684	0
809.15	0	.3224372	.2895544	.3880085	0
808.15	0	.3224592	.2895888	.387952	0
807.15	0	.3224959	.2896053	.3878988	0
806.15	0	.322546	.2896055	.3878485	0
805.15	0	.3226084	.2895908	.3878008	0
804.15	0	.3226819	.2895626	.3877555	0
803.15	0	.3227658	.2895219	.3877123	0
802.15	0	.3228589	.2894699	.3876712	0
801.15	0	.3229607	.2894074	.3876319	0
800.15	0	.3230704	.2893354	.3875942	0
799.15	0	.3231873	.2892547	.3875581	0
798.15	0	.3233108	.2891659	.3875234	0
797.15	0	.3234404	.2890697	.38749	0
796.15	0	.3235755	.2889667	.3874578	0
795.15	0	.3237158	.2888576	.3874267	0
794.15	0	.3238607	.2887427	.3873966	0
793.15	0	.3240099	.2886226	.3873675	0
792.15	0	.324163	.2884977	.3873393	0
791.15	0	.3243196	.2883685	.3873119	0
790.15	0	.3244795	.2882352	.3872853	0
789.15	0	.3246423	.2880984	.3872594	0
788.15	0	.3248077	.2879581	.3872341	0
787.15	0	.3249756	.2878149	.3872095	0
786.15	0	.3251456	.287669	.3871854	0
785.15	0	.3253176	.2875205	.3871619	0
784.15	0	.3254912	.2873699	.3871389	0
783.15	0	.3256664	.2872173	.3871163	0
782.15	0	.325843	.2870629	.3870942	0
781.15	0	.3260207	.2869069	.3870724	0
780.15	0	.3261994	.2867495	.3870511	0
779.15	0	.326379	.286591	.3870301	0
778.15	0	.3265593	.2864313	.3870094	0
777.15	0	.3267401	.2862709	.386989	0
776.15	0	.3269215	.2861096	.3869689	0
775.15	0	.3271031	.2859478	.3869491	0
774.15	0	.327285	.2857854	.3869296	0
773.15	0	.3274671	.2856227	.3869102	0
772.15	0	.3276491	.2854598	.3868911	0
771.15	0	.3278312	.2852967	.3868722	0
770.15	0	.328013	.2851336	.3868534	0
769.15	0	.3281947	.2849705	.3868348	0
768.15	0	.3283761	.2848075	.3868164	0
767.15	0	.3285571	.2846448	.3867981	0
766.15	0	.3287376	.2844823	.38678	0
765.15	0	.3289177	.2843203	.386762	0
764.15	0	.3290973	.2841586	.3867441	0
763.15	0	.3292762	.2839974	.3867263	0
762.15	0	.3294545	.2838368	.3867086	0
761.15	0	.3296321	.2836768	.386691	0
760.15	0	.329809	.2835175	.3866735	0
759.15	0	.3299851	.2833588	.3866561	0
758.15	0	.3301604	.2832009	.3866387	0
757.15	0	.3303375	.2830417	.3866208	0
756.15	0	.3305109	.2828856	.3866035	0
755.15	0	.3306833	.2827304	.3865864	0
754.15	0	.3308548	.282576	.3865692	0
753.15	0	.3310253	.2824226	.3865521	0
752.15	0	.3311949	.2822701	.3865351	0
751.15	0	.3313634	.2821186	.386518	0
750.15	0	.3315309	.2819681	.386501	0
749.15	0	.3316974	.2818186	.386484	0
748.15	0	.3318628	.2816702	.386467	0
747.15	0	.3320271	.2815229	.38645	0
746.15	0	.3321903	.2813766	.386433	0
745.15	0	.3323524	.2812315	.3864161	0
744.15	0	.3325134	.2810875	.3863991	0
743.15	0	.3326733	.2809446	.3863821	0
742.15	0	.332832	.2808029	.3863651	0
741.15	0	.3329895	.2806624	.3863481	0
740.15	0	.3331459	.280523	.3863311	0
739.15	0	.3333011	.2803848	.3863141	0
738.15	0	.3334551	.2802479	.386297	0
737.15	0	.3336079	.2801121	.38628	0
736.15	0	.3337596	.2799775	.3862629	0
735.15	0	.33391	.2798442	.3862458	0
734.15	0	.3340593	.2797121	.3862287	0
733.15	0	.3342074	.2795812	.3862115	0
732.15	0	.3343542	.2794515	.3861943	0
731.15	0	.3344999	.2793231	.3861771	0
730.15	0	.3346443	.2791958	.3861598	0
729.15	0	.3347876	.2790699	.3861426	0
728.15	0	.3349296	.2789452	.3861252	0
727.15	0	.3350705	.2788217	.3861079	0
726.15	0	.3352101	.2786994	.3860905	0
725.15	0	.3353485	.2785784	.3860731	0
724.15	0	.3354858	.2784587	.3860556	0
723.15	0	.3356218	.2783401	.3860381	0
722.15	0	.3357566	.2782228	.3860205	0
721.15	0	.3358903	.2781068	.386003	0
720.15	0	.3360228	.2779919	.3859853	0
719.15	0	.3361541	.2778783	.3859676	0
718.15	0	.3362842	.2777659	.3859499	0
717.15	0	.3364131	.2776548	.3859322	0
716.15	0	.3365409	.2775448	.3859143	0
715.15	0	.3366675	.2774361	.3858965	0
714.15	0	.3367929	.2773285	.3858786	0
713.15	0	.3369172	.2772222	.3858606	0
712.15	0	.3370403	.2771171	.3858426	0
711.15	0	.3371623	.2770131	.3858246	0
710.15	0	.3372831	.2769104	.3858065	0
709.15	0	.3374028	.2768088	.3857883	0
708.15	0	.3375214	.2767084	.3857702	0
707.15	0	.3376389	.2766092	.3857519	0
706.15	0	.3377552	.2765111	.3857336	0
705.15	0	.3378705	.2764143	.3857153	0
704.15	0	.3379846	.2763185	.3856969	0
703.15	0	.3380977	.2762239	.3856784	0
702.15	0	.3382096	.2761305	.3856599	0
701.15	0	.3383205	.2760381	.3856414	0
700.15	0	.3384303	.2759469	.3856228	0
699.15	0	.338539	.2758568	.3856042	0
698.15	0	.3386467	.2757679	.3855855	0
697.15	0	.3387533	.27568	.3855667	0
696.15	0	.3388588	.2755933	.3855479	0
695.15	0	.3389633	.2755076	.3855291	0
694.15	0	.3390668	.275423	.3855102	0
693.15	0	.3391693	.2753395	.3854912	0
692.15	0	.3392707	.2752571	.3854722	0
691.15	0	.3393712	.2751757	.3854532	0
690.15	0	.3394706	.2750954	.3854341	0
689.15	0	.339569	.2750161	.3854149	0
688.15	0	.3396665	.2749379	.3853957	0
687.15	0	.3397629	.2748607	.3853764	0
686.15	0	.3398584	.2747845	.3853571	0
685.15	0	.3399529	.2747094	.3853378	0
684.15	0	.3400464	.2746352	.3853184	0
683.15	0	.340139	.2745621	.3852989	0
682.15	0	.3402307	.2744899	.3852794	0
681.15	0	.3403214	.2744188	.3852598	0
680.15	0	.3404111	.2743486	.3852402	0
679.15	0	.3405	.2742794	.3852206	0
678.15	0	.3405879	.2742112	.3852009	0
677.15	0	.3406749	.274144	.3851811	0
676.15	0	.3407611	.2740777	.3851613	0
675.15	0	.3408463	.2740123	.3851414	0
674.15	0	.3409306	.2739479	.3851215	0
673.15	0	.341014	.2738844	.3851016	0
672.15	0	.3410966	.2738218	.3850816	0
671.15	0	.3411783	.2737601	.3850616	0
670.15	0	.3412592	.2736994	.3850415	0
669.15	0	.3413391	.2736396	.3850213	0
668.15	0	.3414183	.2735806	.3850011	0
667.15	0	.3414966	.2735225	.3849809	0
666.15	0	.341574	.2734653	.3849606	0
665.15	0	.3416507	.273409	.3849403	0
664.15	0	.3417265	.2733536	.3849199	0
663.15	0	.3418015	.273299	.3848995	0
662.15	0	.3418757	.2732453	.3848791	0
661.15	0	.3419491	.2731924	.3848586	0
660.15	0	.3420217	.2731403	.384838	0
659.15	0	.3420935	.2730891	.3848174	0
658.15	0	.3421645	.2730387	.3847968	0
657.15	0	.3422347	.2729892	.3847761	0
656.15	0	.3423042	.2729404	.3847554	0
655.15	0	.342373	.2728924	.3847346	0
654.15	0	.3424409	.2728453	.3847138	0
653.15	0	.3425081	.2727989	.384693	0
652.15	0	.3425746	.2727533	.3846721	0
651.15	0	.3426404	.2727085	.3846512	0
650.15	0	.3427054	.2726644	.3846302	0
649.15	0	.3427697	.2726212	.3846092	0
648.15	0	.3428332	.2725786	.3845881	0
647.15	0	.3428961	.2725369	.3845671	0
646.15	0	.3429582	.2724959	.3845459	0
645.15	0	.3430197	.2724556	.3845248	0
644.15	0	.3430804	.272416	.3845036	0
643.15	0	.3431405	.2723772	.3844823	0
642.15	0	.3431999	.2723391	.384461	0
641.15	0	.3432586	.2723017	.3844397	0
640.15	0	.3433166	.272265	.3844184	0
639.15	0	.343374	.272229	.384397	0
638.15	0	.3434307	.2721937	.3843756	0
637.15	0	.3434868	.2721591	.3843541	0
636.15	0	.3435422	.2721252	.3843326	0
635.15	0	.343597	.272092	.3843111	0
634.15	0	.3436511	.2720594	.3842895	0
633.15	0	.3437046	.2720275	.3842679	0
632.15	0	.3437574	.2719963	.3842463	0
631.15	0	.3438097	.2719657	.3842246	0
630.15	0	.3438613	.2719357	.3842029	0
629.15	0	.3439123	.2719064	.3841812	0
628.15	0	.3439628	.2718778	.3841595	0
627.15	0	.3440126	.2718498	.3841377	0
626.15	0	.3440618	.2718224	.3841159	0
625.15	0	.3441104	.2717956	.384094	0
624.15	0	.3441585	.2717694	.3840721	0
623.15	0	.3442059	.2717439	.3840502	0
622.15	0	.3442528	.2717189	.3840283	0
621.15	0	.3442991	.2716946	.3840063	0
620.15	0	.3443449	.2716708	.3839843	0
619.15	0	.3443901	.2716476	.3839623	0
618.15	0	.3444347	.271625	.3839403	0
617.15	0	.3444788	.271603	.3839182	0
616.15	0	.3445223	.2715816	.3838961	0
615.15	0	.3445653	.2715607	.383874	0
614.15	0	.3446077	.2715404	.3838518	0
613.15	0	.3446497	.2715207	.3838297	0
612.15	0	.344691	.2715015	.3838075	0
611.15	0	.3447319	.2714828	.3837853	0
610.15	0	.3447723	.2714647	.383763	0
609.15	0	.3448121	.2714472	.3837407	0
608.15	0	.3448514	.2714301	.3837185	0
607.15	0	.3448902	.2714136	.3836961	0
606.15	0	.3449285	.2713976	.3836738	0
605.15	0	.3449664	.2713822	.3836515	0
604.15	0	.3450037	.2713672	.3836291	0
603.15	0	.3450405	.2713528	.3836067	0
602.15	0	.3450769	.2713389	.3835843	0
601.15	0	.3451127	.2713254	.3835619	0
600.15	0	.3451481	.2713125	.3835394	0
599.15	0	.345183	.2713	.3835169	0
598.15	0	.3452175	.2712881	.3834945	0
597.15	0	.3452514	.2712766	.383472	0
596.15	0	.345285	.2712656	.3834495	0
595.15	0	.345318	.2712551	.3834269	0
594.15	0	.3453506	.271245	.3834044	0
593.15	0	.3453828	.2712354	.3833818	0
592.15	0	.3454145	.2712263	.3833592	0
591.15	0	.3454458	.2712176	.3833366	0
590.15	0	.3454766	.2712094	.383314	0
589.15	0	.345507	.2712016	.3832914	0
588.15	0	.3455369	.2711943	.3832688	0
587.15	0	.3455665	.2711874	.3832461	0
586.15	0	.3455956	.2711809	.3832235	0
585.15	0	.3456243	.2711749	.3832008	0
584.15	0	.3456526	.2711693	.3831781	0
583.15	0	.3456804	.2711641	.3831555	0
582.15	0	.3457079	.2711594	.3831328	0
581.15	0	.3457349	.271155	.38311	0
580.15	0	.3457616	.2711511	.3830873	0
579.15	0	.3457878	.2711476	.3830646	0
578.15	0	.3458137	.2711445	.3830419	0
577.15	0	.3458391	.2711418	.3830191	0
576.15	0	.3458642	.2711394	.3829964	0
575.15	0	.3458889	.2711375	.3829737	0
574.15	0	.3459131	.271136	.3829509	0
573.15	0	.3459371	.2711348	.3829281	0
572.15	0	.3459606	.271134	.3829054	0
571.15	0	.3459838	.2711336	.3828826	0
570.15	0	.3460066	.2711336	.3828598	0
569.15	0	.346029	.271134	.3828371	0
568.15	0	.3460511	.2711347	.3828143	0
567.15	0	.3460728	.2711358	.3827915	0
566.15	0	.3460941	.2711372	.3827687	0
565.15	0	.3461151	.271139	.3827459	0
564.15	0	.3461357	.2711411	.3827231	0
563.15	0	.346156	.2711436	.3827004	0
562.15	0	.346176	.2711465	.3826776	0
561.15	0	.3461956	.2711497	.3826548	0
560.15	0	.3462148	.2711532	.382632	0
559.15	0	.3462337	.2711571	.3826092	0
558.15	0	.3462523	.2711613	.3825864	0
557.15	0	.3462706	.2711658	.3825637	0
556.15	0	.3462885	.2711706	.3825409	0
555.15	0	.3463061	.2711758	.3825181	0
554.15	0	.3463234	.2711813	.3824953	0
553.15	0	.3463403	.2711871	.3824726	0
552.15	0	.3463569	.2711932	.3824498	0
551.15	0	.3463733	.2711997	.3824271	0
550.15	0	.3463893	.2712064	.3824043	0
549.15	0	.346405	.2712135	.3823816	0
548.15	0	.3464204	.2712208	.3823589	0
547.15	0	.3464354	.2712285	.3823361	0
546.15	0	.3464502	.2712364	.3823134	0
545.15	0	.3464647	.2712446	.3822907	0
544.15	0	.3464789	.2712531	.382268	0
543.15	0	.3464928	.2712619	.3822453	0
542.15	0	.3465063	.271271	.3822226	0
541.15	0	.3465197	.2712804	.3822	0
540.15	0	.3465327	.27129	.3821773	0
539.15	0	.3465454	.2713	.3821547	0
538.15	0	.3465578	.2713101	.382132	0
537.15	0	.34657	.2713206	.3821094	0
536.15	0	.3465819	.2713313	.3820868	0
535.15	0	.3465935	.2713423	.3820642	0
534.15	0	.3466048	.2713536	.3820416	0
533.15	0	.3466159	.2713651	.382019	0
532.15	0	.3466267	.2713768	.3819965	0
531.15	0	.3466372	.2713888	.381974	0
530.15	0	.3466475	.2714011	.3819514	0
529.15	0	.3466575	.2714136	.3819289	0
528.15	0	.3466672	.2714263	.3819064	0
527.15	0	.3466767	.2714393	.381884	0
526.15	0	.3466859	.2714526	.3818615	0
525.15	0	.3466949	.271466	.3818391	0
524.15	0	.3467036	.2714797	.3818167	0
523.15	0	.3467121	.2714936	.3817943	0
522.15	0	.3467203	.2715078	.3817719	0
521.15	0	.3467283	.2715222	.3817495	0
520.15	0	.346736	.2715368	.3817272	0
519.15	0	.3467435	.2715516	.3817049	0
518.15	0	.3467508	.2715667	.3816826	0
517.15	0	.3467578	.2715819	.3816603	0
516.15	0	.3467646	.2715974	.3816381	0
515.15	0	.3467711	.2716131	.3816158	0
514.15	0	.3467774	.2716289	.3815936	0
513.15	0	.3467835	.271645	.3815715	0
512.15	0	.3467894	.2716613	.3815493	0
511.15	0	.346795	.2716778	.3815272	0
510.15	0	.3468004	.2716945	.3815051	0
509.15	0	.3468056	.2717114	.381483	0
508.15	0	.3468106	.2717285	.3814609	0
507.15	0	.3468153	.2717458	.3814389	0
506.15	0	.3468198	.2717633	.3814169	0
505.15	0	.3468242	.2717809	.3813949	0
504.15	0	.3468283	.2717988	.381373	0
503.15	0	.3468322	.2718168	.3813511	0
502.15	0	.3468358	.271835	.3813292	0
501.15	0	.3468393	.2718534	.3813073	0
500.15	0	.3468427	.2718719	.3812854	0
499.15	0	.3468458	.2718906	.3812636	0
498.15	0	.3468487	.2719095	.3812418	0
497.15	0	.3468513	.2719286	.3812201	0
496.15	0	.3468538	.2719478	.3811984	0
495.15	0	.3468561	.2719672	.3811767	0
494.15	0	.3468581	.2719868	.3811551	0
493.15	0	.34686	.2720065	.3811335	0
492.15	0	.3468617	.2720264	.3811119	0
491.15	0	.3468632	.2720465	.3810904	0
490.15	0	.3468645	.2720667	.3810689	0
489.15	0	.3468656	.272087	.3810474	0
488.15	0	.3468665	.2721075	.381026	0
487.15	0	.3468673	.2721282	.3810046	0
486.15	0	.3468679	.272149	.3809832	0
485.15	0	.3468682	.2721699	.3809619	0
484.15	0	.3468684	.272191	.3809406	0
483.15	0	.3468685	.2722122	.3809194	0
482.15	0	.3468683	.2722335	.3808981	0
481.15	0	.346868	.272255	.380877	0
480.15	0	.3468675	.2722767	.3808558	0
479.15	0	.3468668	.2722984	.3808347	0
478.15	0	.346866	.2723203	.3808137	0
477.15	0	.346865	.2723424	.3807927	0
476.15	0	.3468638	.2723645	.3807717	0
475.15	0	.3468624	.2723868	.3807508	0
474.15	0	.3468609	.2724092	.3807299	0
473.15	0	.3468592	.2724317	.3807091	0
472.15	0	.3468574	.2724544	.3806883	0
471.15	0	.3468554	.2724771	.3806675	0
470.15	0	.3468532	.2725	.3806468	0
469.15	0	.3468509	.272523	.3806261	0
468.15	0	.3468485	.2725461	.3806055	0
467.15	0	.3468458	.2725693	.3805849	0
466.15	0	.346843	.2725926	.3805643	0
465.15	0	.3468401	.272616	.3805439	0
464.15	0	.346837	.2726396	.3805234	0
463.15	0	.3468338	.2726632	.380503	0
462.15	0	.3468304	.272687	.3804826	0
461.15	0	.3468269	.2727108	.3804623	0
460.15	0	.3468232	.2727348	.3804421	0
459.15	0	.3468193	.2727588	.3804219	0
458.15	0	.3468154	.2727829	.3804017	0
457.15	0	.3468113	.2728071	.3803816	0
456.15	0	.346807	.2728315	.3803615	0
455.15	0	.3468026	.2728559	.3803415	0
454.15	0	.3467981	.2728804	.3803215	0
453.15	0	.3467934	.272905	.3803016	0
452.15	0	.3467886	.2729296	.3802817	0
451.15	0	.3467837	.2729544	.3802619	0
450.15	0	.3467786	.2729792	.3802422	0
449.15	0	.3467734	.2730041	.3802225	0
448.15	0	.3467681	.2730291	.3802028	0
447.15	0	.3467626	.2730541	.3801832	0
446.877	0	.3467611	.273061	.3801779	0
446.877	0	.3467611	.273061	.3801779	0
446.877	0	.3467611	.273061	.3801779	0
446.15	0	.3468942	.2727634	.3799921	3.502375E-04
445.15	0	.3470766	.2723552	.3797371	8.311431E-04
444.15	0	.3472581	.2719482	.3794826	.001311104
443.15	0	.3474389	.2715424	.3792286	.00179013
