T	 BPW(LIQUID)	BPW(BCC_A2)	BPW(FCC_A1)	BPW(LAVES_PHASE_C14)	BPW(NI3TI)
1473.15	.07048715	.9295129	0	0	0
1472.15	.06816187	.9318381	0	0	0
1471.15	.06585371	.9341463	0	0	0
1470.15	.06356251	.9364375	0	0	0
1469.15	.06128813	.9387119	0	0	0
1468.15	.05903043	.9409696	0	0	0
1467.15	.05678926	.9432107	0	0	0
1466.15	.05456448	.9454355	0	0	0
1465.15	.05235596	.947644	0	0	0
1464.15	.05016355	.9498364	0	0	0
1463.15	.04798712	.9520129	0	0	0
1462.15	.04582653	.9541735	0	0	0
1461.15	.04368165	.9563183	0	0	0
1460.15	.04155235	.9584476	0	0	0
1459.15	.03943849	.9605615	0	0	0
1458.15	.03733993	.9626601	0	0	0
1457.15	.03525657	.9647434	0	0	0
1456.15	.03318825	.9668117	0	0	0
1455.15	.03113487	.9688651	0	0	0
1454.15	.02909628	.9709037	0	0	0
1453.15	.02707237	.9729276	0	0	0
1452.15	.02506302	.974937	0	0	0
1451.15	.02306809	.9769319	0	0	0
1450.15	.02108748	.9789125	0	0	0
1449.15	.01912105	.980879	0	0	0
1448.15	.0171687	.9828313	0	0	0
1447.15	.01523029	.9847697	0	0	0
1446.15	.01330573	.9866943	0	0	0
1445.15	.01139488	.9886051	0	0	0
1444.15	.009497636	.9905024	0	0	0
1443.15	.007613887	.9923861	0	0	0
1442.15	.005743517	.9942565	0	0	0
1441.15	.003886415	.9961136	0	0	0
1440.15	.002042471	.9979575	0	0	0
1439.15	2.115768E-04	.9997884	0	0	0
1439.034	0	1	0	0	0
1439.034	0	1	0	0	0
1438.15	0	1	0	0	0
1437.15	0	1	0	0	0
1436.15	0	1	0	0	0
1435.15	0	1	0	0	0
1434.15	0	1	0	0	0
1433.15	0	1	0	0	0
1432.15	0	1	0	0	0
1431.15	0	1	0	0	0
1430.15	0	1	0	0	0
1429.15	0	1	0	0	0
1428.15	0	1	0	0	0
1427.15	0	1	0	0	0
1426.15	0	1	0	0	0
1425.15	0	1	0	0	0
1424.15	0	1	0	0	0
1423.15	0	1	0	0	0
1422.15	0	1	0	0	0
1421.15	0	1	0	0	0
1420.15	0	1	0	0	0
1419.15	0	1	0	0	0
1418.15	0	1	0	0	0
1417.15	0	1	0	0	0
1416.15	0	1	0	0	0
1415.15	0	1	0	0	0
1414.15	0	1	0	0	0
1413.15	0	1	0	0	0
1412.15	0	1	0	0	0
1411.15	0	1	0	0	0
1410.15	0	1	0	0	0
1409.15	0	1	0	0	0
1408.15	0	1	0	0	0
1407.15	0	1	0	0	0
1406.15	0	1	0	0	0
1405.15	0	1	0	0	0
1404.15	0	1	0	0	0
1403.15	0	1	0	0	0
1402.15	0	1	0	0	0
1401.15	0	1	0	0	0
1400.15	0	1	0	0	0
1399.15	0	1	0	0	0
1398.15	0	1	0	0	0
1397.15	0	1	0	0	0
1396.15	0	1	0	0	0
1395.15	0	1	0	0	0
1394.15	0	1	0	0	0
1393.15	0	1	0	0	0
1392.15	0	1	0	0	0
1391.15	0	1	0	0	0
1390.15	0	1	0	0	0
1389.15	0	1	0	0	0
1388.15	0	1	0	0	0
1387.15	0	1	0	0	0
1386.15	0	1	0	0	0
1385.15	0	1	0	0	0
1384.15	0	1	0	0	0
1383.15	0	1	0	0	0
1382.15	0	1	0	0	0
1381.15	0	1	0	0	0
1380.15	0	1	0	0	0
1379.15	0	1	0	0	0
1378.15	0	1	0	0	0
1377.15	0	1	0	0	0
1376.15	0	1	0	0	0
1375.15	0	1	0	0	0
1374.15	0	1	0	0	0
1373.15	0	1	0	0	0
1372.15	0	1	0	0	0
1371.15	0	1	0	0	0
1370.15	0	1	0	0	0
1369.15	0	1	0	0	0
1368.15	0	1	0	0	0
1367.15	0	1	0	0	0
1366.15	0	1	0	0	0
1365.15	0	1	0	0	0
1364.15	0	1	0	0	0
1363.15	0	1	0	0	0
1362.15	0	1	0	0	0
1361.15	0	1	0	0	0
1360.15	0	1	0	0	0
1359.15	0	1	0	0	0
1358.15	0	1	0	0	0
1357.15	0	1	0	0	0
1356.15	0	1	0	0	0
1355.15	0	1	0	0	0
1354.15	0	1	0	0	0
1353.15	0	1	0	0	0
1352.15	0	1	0	0	0
1351.15	0	1	0	0	0
1350.15	0	1	0	0	0
1349.15	0	1	0	0	0
1348.15	0	1	0	0	0
1347.15	0	1	0	0	0
1346.15	0	1	0	0	0
1345.15	0	1	0	0	0
1344.15	0	1	0	0	0
1343.15	0	1	0	0	0
1342.15	0	1	0	0	0
1341.15	0	1	0	0	0
1340.15	0	1	0	0	0
1339.15	0	1	0	0	0
1338.15	0	1	0	0	0
1337.15	0	1	0	0	0
1336.15	0	1	0	0	0
1335.15	0	1	0	0	0
1334.15	0	1	0	0	0
1333.15	0	1	0	0	0
1332.15	0	1	0	0	0
1331.15	0	1	0	0	0
1330.15	0	1	0	0	0
1329.15	0	1	0	0	0
1328.15	0	1	0	0	0
1327.15	0	1	0	0	0
1326.15	0	1	0	0	0
1325.15	0	1	0	0	0
1324.15	0	1	0	0	0
1323.15	0	1	0	0	0
1322.15	0	1	0	0	0
1321.15	0	1	0	0	0
1320.15	0	1	0	0	0
1319.15	0	1	0	0	0
1318.379	0	1	0	0	0
1318.379	0	1	0	0	0
1318.379	0	1	0	0	0
1318.15	0	.9998546	0	1.454512E-04	0
1317.15	0	.999221	0	7.790111E-04	0
1316.15	0	.9985888	0	.001411166	0
1315.15	0	.9979581	0	.00204192	0
1314.15	0	.9973287	0	.002671278	0
1313.15	0	.9967008	0	.003299243	0
1312.15	0	.9960742	0	.00392582	0
1311.15	0	.995449	0	.004551012	0
1310.15	0	.9948252	0	.005174823	0
1309.15	0	.9942027	0	.005797259	0
1308.15	0	.9935817	0	.006418321	0
1307.15	0	.992962	0	.007038016	0
1306.15	0	.9923437	0	.007656346	0
1305.15	0	.9917267	0	.008273315	0
1304.15	0	.9911111	0	.008888928	0
1303.15	0	.9904968	0	.009503188	0
1302.15	0	.9898839	0	.0101161	0
1301.15	0	.9892723	0	.01072767	0
1300.15	0	.9886621	0	.01133789	0
1299.15	0	.9880532	0	.01194678	0
1298.15	0	.9874457	0	.01255434	0
1297.15	0	.9868394	0	.01316056	0
1296.15	0	.9862345	0	.01376546	0
1295.15	0	.985631	0	.01436904	0
1294.15	0	.9850287	0	.0149713	0
1293.15	0	.9844278	0	.01557224	0
1292.15	0	.9838281	0	.01617188	0
1291.15	0	.9832298	0	.0167702	0
1290.15	0	.9826328	0	.01736723	0
1289.15	0	.982037	0	.01796295	0
1288.15	0	.9814426	0	.01855738	0
1287.15	0	.9808495	0	.01915051	0
1286.15	0	.9802576	0	.01974236	0
1285.15	0	.9796671	0	.02033292	0
1284.15	0	.9790778	0	.0209222	0
1283.15	0	.9784898	0	.0215102	0
1282.15	0	.9779031	0	.02209693	0
1281.15	0	.9773176	0	.02268239	0
1280.15	0	.9767334	0	.02326658	0
1279.15	0	.9761505	0	.0238495	0
1278.15	0	.9755688	0	.02443117	0
1277.15	0	.9749884	0	.02501158	0
1276.15	0	.9744093	0	.02559073	0
1275.15	0	.9738314	0	.02616863	0
1274.15	0	.9732547	0	.02674529	0
1273.15	0	.9726793	0	.02732071	0
1272.15	0	.9721051	0	.02789488	0
1271.15	0	.9715322	0	.02846782	0
1270.15	0	.9709605	0	.02903953	0
1269.15	0	.97039	0	.02961	0
1268.15	0	.9698207	0	.03017926	0
1267.15	0	.9692527	0	.03074728	0
1266.15	0	.9686859	0	.03131409	0
1265.15	0	.9681203	0	.03187968	0
1264.15	0	.9675559	0	.03244406	0
1263.15	0	.9669928	0	.03300723	0
1262.15	0	.9664308	0	.03356919	0
1261.15	0	.9658701	0	.03412995	0
1260.15	0	.9653105	0	.03468951	0
1259.15	0	.9647521	0	.03524787	0
1258.15	0	.964195	0	.03580504	0
1257.15	0	.963639	0	.03636102	0
1256.15	0	.9630842	0	.03691581	0
1255.15	0	.9625306	0	.03746942	0
1254.15	0	.9619782	0	.03802184	0
1253.15	0	.9614269	0	.03857309	0
1252.15	0	.9608768	0	.03912317	0
1251.15	0	.9603279	0	.03967207	0
1250.15	0	.9597802	0	.0402198	0
1249.15	0	.9592336	0	.04076637	0
1248.15	0	.9586882	0	.04131177	0
1247.15	0	.958144	0	.04185602	0
1246.15	0	.9576009	0	.04239911	0
1245.15	0	.957059	0	.04294105	0
1244.15	0	.9565182	0	.04348184	0
1243.15	0	.9559785	0	.04402147	0
1242.15	0	.95544	0	.04455997	0
1241.15	0	.9549027	0	.04509732	0
1240.15	0	.9543665	0	.04563354	0
1239.15	0	.9538314	0	.04616862	0
1238.15	0	.9532974	0	.04670257	0
1237.15	0	.9527646	0	.04723538	0
1236.15	0	.9522329	0	.04776707	0
1235.15	0	.9517024	0	.04829764	0
1234.15	0	.9511729	0	.04882709	0
1233.15	0	.9506446	0	.04935542	0
1232.15	0	.9501174	0	.04988263	0
1231.15	0	.9495913	0	.05040873	0
1230.15	0	.9490663	0	.05093372	0
1229.15	0	.9485424	0	.05145761	0
1228.15	0	.9480196	0	.05198039	0
1227.15	0	.9474979	0	.05250207	0
1226.15	0	.9469774	0	.05302265	0
1225.15	0	.9464579	0	.05354214	0
1224.15	0	.9459395	0	.05406053	0
1223.15	0	.9454222	0	.05457783	0
1222.15	0	.944906	0	.05509405	0
1221.15	0	.9443908	0	.05560918	0
1220.15	0	.9438768	0	.05612323	0
1219.15	0	.9433638	0	.0566362	0
1218.15	0	.9428519	0	.05714809	0
1217.15	0	.9423411	0	.05765891	0
1216.15	0	.9418313	0	.05816866	0
1215.15	0	.9413227	0	.05867734	0
1214.15	0	.940815	0	.05918495	0
1213.15	0	.9403085	0	.0596915	0
1212.15	0	.939803	0	.06019699	0
1211.15	0	.9392986	0	.06070142	0
1210.15	0	.9387952	0	.0612048	0
1209.15	0	.9382929	0	.06170712	0
1208.15	0	.9377916	0	.06220839	0
1207.15	0	.9372914	0	.06270862	0
1206.15	0	.9367922	0	.0632078	0
1205.15	0	.9362941	0	.06370593	0
1204.15	0	.935797	0	.06420303	0
1203.15	0	.9353009	0	.06469908	0
1202.15	0	.9348059	0	.06519411	0
1201.15	0	.9343119	0	.0656881	0
1200.15	0	.9338189	0	.06618106	0
1199.15	0	.933327	0	.06667299	0
1198.15	0	.9328361	0	.06716389	0
1197.15	0	.9323462	0	.06765378	0
1196.15	0	.9318574	0	.06814264	0
1195.15	0	.9313695	0	.06863048	0
1194.15	0	.9308827	0	.06911731	0
1193.15	0	.9303969	0	.06960313	0
1192.15	0	.9299121	0	.07008793	0
1191.15	0	.9294283	0	.07057173	0
1190.15	0	.9289455	0	.07105452	0
1189.15	0	.9284637	0	.0715363	0
1188.15	0	.9279829	0	.07201709	0
1187.15	0	.9275031	0	.07249687	0
1186.15	0	.9270243	0	.07297566	0
1185.15	0	.9265465	0	.07345345	0
1184.15	0	.9260697	0	.07393025	0
1183.15	0	.9255939	0	.07440606	0
1182.15	0	.9251191	0	.07488089	0
1181.15	0	.9246453	0	.07535472	0
1180.15	0	.9241724	0	.07582758	0
1179.15	0	.9237006	0	.07629945	0
1178.15	0	.9232297	0	.07677035	0
1177.15	0	.9227597	0	.07724027	0
1176.15	0	.9222908	0	.07770921	0
1175.15	0	.9218228	0	.07817718	0
1174.15	0	.9213558	0	.07864419	0
1173.15	0	.9208898	0	.07911022	0
1172.15	0	.9204247	0	.07957529	0
1171.15	0	.9199606	0	.0800394	0
1170.15	0	.9194975	0	.08050254	0
1169.15	0	.9190353	0	.08096473	0
1168.15	0	.918574	0	.08142596	0
1167.15	0	.9181138	0	.08188623	0
1166.15	0	.9176545	0	.08234555	0
1165.15	0	.9171961	0	.08280392	0
1164.15	0	.9167386	0	.08326135	0
1163.15	0	.9162822	0	.08371782	0
1162.15	0	.9158267	0	.08417336	0
1161.15	0	.9153721	0	.08462794	0
1160.15	0	.9149184	0	.08508159	0
1159.15	0	.9144657	0	.08553431	0
1158.15	0	.9140139	0	.08598608	0
1157.15	0	.9135631	0	.08643692	0
1156.15	0	.9131132	0	.08688683	0
1155.15	0	.9126642	0	.08733581	0
1154.15	0	.9122161	0	.08778389	0
1153.15	0	.911769	0	.08823101	0
1152.15	0	.9113228	0	.08867722	0
1151.15	0	.9108775	0	.0891225	0
1150.15	0	.9104331	0	.08956686	0
1149.15	0	.9099897	0	.0900103	0
1148.15	0	.9095472	0	.09045283	0
1147.15	0	.9091056	0	.09089444	0
1146.15	0	.9086649	0	.09133514	0
1145.15	0	.9082251	0	.09177493	0
1144.15	0	.9077862	0	.09221381	0
1143.15	0	.9073482	0	.09265179	0
1142.15	0	.9069111	0	.09308886	0
1141.15	0	.906475	0	.09352503	0
1140.15	0	.9060397	0	.0939603	0
1139.15	0	.9056053	0	.09439467	0
1138.15	0	.9051719	0	.09482814	0
1137.15	0	.9047393	0	.09526072	0
1136.15	0	.9043076	0	.09569241	0
1135.15	0	.9038768	0	.0961232	0
1134.15	0	.9034469	0	.09655311	0
1133.15	0	.9030179	0	.09698212	0
1132.15	0	.9025897	0	.09741026	0
1131.15	0	.9021625	0	.0978375	0
1130.15	0	.9017361	0	.09826387	0
1129.15	0	.9013106	0	.09868935	0
1128.15	0	.900886	0	.09911396	0
1127.15	0	.9004623	0	.09953769	0
1126.15	0	.9000395	0	.09996055	0
1125.15	0	.8996175	0	.1003825	0
1124.15	0	.8991964	0	.1008036	0
1123.15	0	.8987761	0	.1012239	0
1122.15	0	.8983568	0	.1016433	0
1121.15	0	.8979382	0	.1020618	0
1120.15	0	.8975206	0	.1024794	0
1119.15	0	.8971038	0	.1028962	0
1118.15	0	.8966879	0	.1033121	0
1117.15	0	.8962728	0	.1037272	0
1116.15	0	.8958586	0	.1041414	0
1115.15	0	.8954453	0	.1045547	0
1114.15	0	.8950328	0	.1049672	0
1113.15	0	.8946212	0	.1053788	0
1112.15	0	.8942104	0	.1057896	0
1111.15	0	.8938004	0	.1061996	0
1110.15	0	.8933913	0	.1066087	0
1109.15	0	.8929831	0	.1070169	0
1108.15	0	.8925757	0	.1074243	0
1107.15	0	.8921691	0	.1078309	0
1106.15	0	.8917634	0	.1082366	0
1105.15	0	.8913585	0	.1086415	0
1104.75	0	.8911969	0	.1088031	0
1104.75	0	.8911969	0	.1088031	0
1104.75	0	.8911969	0	.1088031	0
1104.15	0	.8904932	4.856812E-04	.1090211	0
1103.15	0	.8893234	.001293085	.1093836	0
1102.15	0	.8881567	.002098176	.1097451	0
1101.15	0	.8869934	.002900955	.1101057	0
1100.15	0	.8858332	.003701423	.1104653	0
1099.15	0	.8846764	.004499581	.1108241	0
1098.15	0	.8835227	.005295429	.1111819	0
1097.15	0	.8823723	.006088969	.1115387	0
1096.15	0	.8812251	.006880201	.1118947	0
1095.15	0	.8800812	.007669126	.1122497	0
1094.15	0	.8789404	.008455745	.1126038	0
1093.15	0	.877803	.009240059	.112957	0
1092.15	0	.8766687	.01002207	.1133093	0
1091.15	0	.8755376	.01080177	.1136606	0
1090.15	0	.8744098	.01157917	.114011	0
1089.15	0	.8732852	.01235428	.1143606	0
1088.15	0	.8721638	.01312707	.1147092	0
1087.15	0	.8710456	.01389757	.1150568	0
1086.15	0	.8699306	.01466576	.1154036	0
1085.15	0	.8688188	.01543166	.1157495	0
1084.15	0	.8677102	.01619526	.1160945	0
1083.15	0	.8666049	.01695656	.1164386	0
1082.15	0	.8655027	.01771555	.1167818	0
1081.15	0	.8644037	.01847226	.117124	0
1080.15	0	.8633079	.01922666	.1174654	0
1079.15	0	.8622154	.01997877	.1178059	0
1078.15	0	.861126	.02072858	.1181455	0
1077.15	0	.8600398	.0214761	.1184841	0
1076.15	0	.8589567	.02222132	.1188219	0
1075.15	0	.8578769	.02296425	.1191588	0
1074.15	0	.8568003	.02370488	.1194948	0
1073.15	0	.8557268	.02444322	.11983	0
1072.15	0	.8546565	.02517926	.1201642	0
1071.15	0	.8535894	.02591302	.1204976	0
1070.15	0	.8525255	.02664448	.12083	0
1069.15	0	.8514648	.02737364	.1211616	0
1068.15	0	.8504072	.02810052	.1214923	0
1067.15	0	.8493528	.02882511	.1218221	0
1066.15	0	.8483016	.0295474	.122151	0
1065.15	0	.8472535	.0302674	.1224791	0
1064.15	0	.8462086	.03098512	.1228063	0
1063.15	0	.8451669	.03170054	.1231326	0
1062.15	0	.8441283	.03241367	.123458	0
1061.15	0	.8430929	.03312452	.1237826	0
1060.15	0	.8420607	.03383308	.1241063	0
1059.15	0	.8410316	.03453934	.124429	0
1058.15	0	.8400057	.03524332	.124751	0
1057.15	0	.8389829	.03594502	.1250721	0
1056.15	0	.8379633	.03664442	.1253923	0
1055.15	0	.8369469	.03734154	.1257116	0
1054.15	0	.8359336	.03803637	.1260301	0
1053.15	0	.8349234	.03872891	.1263476	0
1052.15	0	.8339165	.03941917	.1266644	0
1051.15	0	.8329126	.04010715	.1269802	0
1050.15	0	.8319119	.04079283	.1272952	0
1049.15	0	.8309144	.04147624	.1276094	0
1048.15	0	.82992	.04215736	.1279226	0
1047.15	0	.8289288	.04283619	.1282351	0
1046.15	0	.8279407	.04351274	.1285466	0
1045.15	0	.8269557	.04418701	.1288573	0
1044.15	0	.8259739	.04485899	.1291671	0
1043.15	0	.8249952	.04552869	.1294761	0
1042.15	0	.8240197	.04619611	.1297842	0
1041.15	0	.8230473	.04686125	.1300915	0
1040.15	0	.822078	.04752411	.1303979	0
1039.15	0	.8211119	.04818468	.1307034	0
1038.15	0	.8201489	.04884298	.1310081	0
1037.15	0	.8191891	.04949899	.1313119	0
1036.15	0	.8182324	.05015273	.1316149	0
1035.15	0	.8172788	.05080419	.131917	0
1034.15	0	.8163284	.05145337	.1322183	0
1033.15	0	.815381	.05210027	.1325187	0
1032.15	0	.8144369	.0527449	.1328182	0
1031.15	0	.8134958	.05338725	.133117	0
1030.15	0	.8125579	.05402732	.1334148	0
1029.15	0	.8116231	.05466512	.1337118	0
1028.15	0	.8106914	.05530065	.1340079	0
1027.15	0	.8097629	.0559339	.1343032	0
1026.15	0	.8088375	.05656488	.1345976	0
1025.15	0	.8079152	.05719359	.1348912	0
1024.15	0	.806996	.05782002	.135184	0
1023.15	0	.80608	.05844419	.1354758	0
1022.15	0	.8051671	.05906609	.1357668	0
1021.15	0	.8042573	.05968572	.136057	0
1020.15	0	.8033506	.06030309	.1363463	0
1019.15	0	.802447	.06091818	.1366348	0
1018.15	0	.8015466	.06153102	.1369224	0
1017.15	0	.8006493	.06214159	.1372092	0
1016.15	0	.799755	.0627499	.1374951	0
1015.15	0	.7988639	.06335595	.1377801	0
1014.15	0	.797976	.06395974	.1380643	0
1013.15	0	.7970911	.06456127	.1383476	0
1012.15	0	.7962093	.06516054	.1386301	0
1011.15	0	.7953307	.06575756	.1389118	0
1010.15	0	.7944552	.06635233	.1391925	0
1009.15	0	.7935827	.06694484	.1394724	0
1008.15	0	.7927134	.06753511	.1397515	0
1007.15	0	.7918472	.06812312	.1400297	0
1006.15	0	.7909841	.06870889	.1403071	0
1005.15	0	.7901241	.06929242	.1405835	0
1004.15	0	.7892671	.06987371	.1408592	0
1003.15	0	.7884133	.07045275	.1411339	0
1002.15	0	.7875626	.07102956	.1414078	0
1001.15	0	.786715	.07160413	.1416809	0
1000.15	0	.7858705	.07217647	.1419531	0
999.15	0	.7850291	.07274658	.1422244	0
998.15	0	.7841907	.07331446	.1424948	0
997.15	0	.7833555	.07388011	.1427644	0
996.15	0	.7825233	.07444355	.1430331	0
995.15	0	.7816942	.07500476	.143301	0
994.15	0	.7808683	.07556376	.143568	0
993.15	0	.7800454	.07612054	.1438341	0
992.15	0	.7792255	.07667512	.1440994	0
991.15	0	.7784088	.07722749	.1443637	0
990.15	0	.7775951	.07777765	.1446272	0
989.15	0	.7767845	.07832562	.1448898	0
988.15	0	.775977	.07887139	.1451516	0
987.15	0	.7751726	.07941497	.1454125	0
986.15	0	.7743712	.07995636	.1456725	0
985.15	0	.7735729	.08049557	.1459316	0
984.15	0	.7727776	.0810326	.1461898	0
983.15	0	.7719854	.08156745	.1464472	0
982.15	0	.7711962	.08210014	.1467036	0
981.15	0	.7704101	.08263066	.1469592	0
980.15	0	.7696271	.08315902	.1472139	0
979.15	0	.7688471	.08368523	.1474677	0
978.15	0	.7680701	.08420929	.1477206	0
977.15	0	.7672962	.0847312	.1479726	0
976.15	0	.7665253	.08525098	.1482237	0
975.15	0	.7657575	.08576862	.1484739	0
974.15	0	.7649927	.08628414	.1487232	0
973.15	0	.7642308	.08679754	.1489716	0
972.15	0	.7634721	.08730882	.1492191	0
971.15	0	.7627163	.087818	.1494657	0
970.15	0	.7619635	.08832508	.1497114	0
969.15	0	.7612138	.08883007	.1499562	0
968.15	0	.760467	.08933297	.1502	0
967.15	0	.7597233	.0898338	.150443	0
966.15	0	.7589825	.09033256	.150685	0
965.15	0	.7582447	.09082926	.1509261	0
964.15	0	.7575099	.0913239	.1511662	0
963.15	0	.756778	.09181651	.1514054	0
962.15	0	.7560492	.09230707	.1516438	0
961.15	0	.7553233	.09279562	.1518811	0
960.15	0	.7546003	.09328214	.1521176	0
959.15	0	.7538803	.09376667	.152353	0
958.15	0	.7531632	.09424919	.1525876	0
957.15	0	.7524491	.09472973	.1528212	0
956.15	0	.7517379	.0952083	.1530538	0
955.15	0	.7510296	.09568491	.1532855	0
954.15	0	.7503242	.09615956	.1535162	0
953.15	0	.7496217	.09663227	.153746	0
952.15	0	.7489221	.09710306	.1539748	0
951.15	0	.7482254	.09757193	.1542026	0
950.15	0	.7475316	.0980389	.1544295	0
949.15	0	.7468407	.09850398	.1546554	0
948.15	0	.7461526	.09896719	.1548803	0
947.15	0	.7454673	.09942854	.1551042	0
946.15	0	.7447849	.09988804	.1553271	0
945.15	0	.7441053	.1003457	.155549	0
944.15	0	.7434285	.1008016	.1557699	0
943.15	0	.7427545	.1012556	.1559899	0
942.15	0	.7420834	.1017079	.1562088	0
941.15	0	.7414149	.1021584	.1564267	0
940.15	0	.7407493	.1026071	.1566435	0
939.15	0	.7400864	.1030542	.1568594	0
938.15	0	.7394263	.1034995	.1570742	0
937.15	0	.7387689	.1039431	.157288	0
936.15	0	.7381142	.104385	.1575008	0
935.15	0	.7374622	.1048253	.1577125	0
934.15	0	.7368129	.105264	.1579232	0
933.15	0	.7361662	.105701	.1581328	0
932.15	0	.7355222	.1061365	.1583413	0
931.15	0	.7348809	.1065703	.1585488	0
930.15	0	.7342421	.1070027	.1587552	0
929.15	0	.733606	.1074335	.1589605	0
928.15	0	.7329725	.1078628	.1591648	0
927.15	0	.7323415	.1082906	.1593679	0
926.15	0	.7317131	.108717	.15957	0
925.15	0	.7310872	.1091419	.1597709	0
924.15	0	.7304638	.1095655	.1599708	0
923.15	0	.7298429	.1099877	.1601695	0
922.15	0	.7292244	.1104085	.1603671	0
921.15	0	.7286084	.1108281	.1605635	0
920.15	0	.7279948	.1112464	.1607588	0
919.15	0	.7273837	.1116634	.160953	0
918.15	0	.7267748	.1120792	.161146	0
917.15	0	.7261684	.1124938	.1613378	0
916.15	0	.7255643	.1129072	.1615285	0
915.15	0	.7249624	.1133196	.161718	0
914.15	0	.7243629	.1137308	.1619063	0
913.15	0	.7237655	.114141	.1620934	0
912.15	0	.7231705	.1145502	.1622793	0
911.15	0	.7225775	.1149585	.162464	0
910.15	0	.7219868	.1153658	.1626475	0
909.15	0	.7213982	.1157722	.1628297	0
908.15	0	.7208116	.1161777	.1630107	0
907.15	0	.7202271	.1165825	.1631904	0
906.15	0	.7196447	.1169864	.1633689	0
905.15	0	.7190642	.1173897	.1635461	0
904.15	0	.7184857	.1177923	.163722	0
903.15	0	.7179092	.1181943	.1638966	0
902.15	0	.7173345	.1185956	.1640699	0
901.15	0	.7167616	.1189965	.1642419	0
900.15	0	.7161906	.1193969	.1644125	0
899.15	0	.7156213	.1197968	.1645819	0
898.15	0	.7150538	.1201964	.1647499	0
897.15	0	.7144879	.1205957	.1649165	0
896.15	0	.7139236	.1209947	.1650817	0
895.15	0	.713361	.1213935	.1652455	0
894.15	0	.7127999	.1217922	.165408	0
893.15	0	.7122403	.1221908	.165569	0
892.15	0	.7116821	.1225893	.1657286	0
891.15	0	.7111253	.122988	.1658867	0
890.15	0	.7105699	.1233867	.1660434	0
889.15	0	.7100157	.1237856	.1661987	0
888.15	0	.7094628	.1241848	.1663524	0
887.15	0	.708911	.1245844	.1665046	0
886.15	0	.7083604	.1249843	.1666553	0
885.15	0	.7078108	.1253847	.1668045	0
884.15	0	.7072622	.1257857	.1669521	0
883.15	0	.7067145	.1261873	.1670982	0
882.15	0	.7061677	.1265897	.1672426	0
881.15	0	.7056217	.1269929	.1673855	0
880.15	0	.7050764	.1273969	.1675267	0
879.15	0	.7045317	.127802	.1676663	0
878.15	0	.7039876	.1282082	.1678042	0
877.15	0	.7034441	.1286155	.1679404	0
876.15	0	.7029009	.1290242	.168075	0
875.15	0	.7023581	.1294342	.1682078	0
874.15	0	.7018155	.1298457	.1683388	0
873.15	0	.7012731	.1302589	.1684681	0
872.15	0	.7007307	.1306737	.1685956	0
871.15	0	.7001884	.1310904	.1687212	0
870.15	0	.6996459	.1315091	.168845	0
869.15	0	.6991032	.1319298	.168967	0
868.15	0	.6985602	.1323528	.169087	0
867.15	0	.6980167	.1327781	.1692051	0
866.15	0	.6974727	.133206	.1693213	0
865.15	0	.6969281	.1336364	.1694355	0
864.15	0	.6963827	.1340696	.1695476	0
863.15	0	.6958365	.1345058	.1696577	0
862.15	0	.6952892	.1349451	.1697658	0
861.15	0	.6947408	.1353876	.1698717	0
860.15	0	.6941911	.1358335	.1699754	0
859.15	0	.6936399	.1362831	.170077	0
858.15	0	.6930872	.1367364	.1701764	0
857.15	0	.6925328	.1371938	.1702734	0
856.15	0	.6919765	.1376553	.1703682	0
855.15	0	.6914182	.1381212	.1704606	0
854.15	0	.6908576	.1385918	.1705506	0
853.15	0	.6902947	.1390671	.1706382	0
852.15	0	.6897292	.1395476	.1707232	0
851.15	0	.6891608	.1400334	.1708058	0
850.15	0	.6885895	.1405248	.1708857	0
849.15	0	.6880151	.141022	.170963	0
848.15	0	.6874371	.1415254	.1710375	0
847.15	0	.6868556	.1420352	.1711093	0
846.15	0	.6862701	.1425517	.1711782	0
845.15	0	.6856805	.1430754	.1712442	0
844.15	0	.6850864	.1436064	.1713072	0
843.15	0	.6844876	.1441453	.1713671	0
842.15	0	.6838838	.1446923	.1714239	0
841.15	0	.6832746	.1452479	.1714775	0
840.15	0	.6826597	.1458126	.1715277	0
839.15	0	.6820388	.1463867	.1715745	0
838.15	0	.6814115	.1469707	.1716178	0
837.15	0	.6807773	.1475652	.1716575	0
836.15	0	.6801359	.1481708	.1716934	0
835.15	0	.6794867	.1487879	.1717254	0
834.15	0	.6788293	.1494173	.1717534	0
833.15	0	.6781632	.1500595	.1717773	0
832.15	0	.6774878	.1507154	.1717968	0
831.15	0	.6768024	.1513857	.1718119	0
830.15	0	.6761065	.1520711	.1718224	0
829.15	0	.6753993	.1527727	.171828	0
828.15	0	.6746801	.1534914	.1718285	0
827.15	0	.673948	.1542282	.1718238	0
826.15	0	.6732021	.1549844	.1718136	0
825.15	0	.6724414	.155761	.1717976	0
824.15	0	.6713949	.1568794	.1717258	0
823.15	0	.6700514	.1583546	.1715939	0
822.15	0	.6687723	.1597596	.1714681	0
821.15	0	.6675529	.1610993	.1713479	0
820.15	0	.6663889	.1623784	.1712328	0
819.15	0	.6652765	.163601	.1711224	0
818.15	0	.6642124	.1647711	.1710166	0
817.15	0	.6631933	.1658919	.1709148	0
816.15	0	.6622165	.1669666	.1708169	0
815.15	0	.6612792	.1679982	.1707226	0
814.15	0	.6603792	.1689892	.1706316	0
813.15	0	.6595141	.1699421	.1705438	0
812.15	0	.658682	.1708591	.1704589	0
811.15	0	.657881	.1717423	.1703768	0
810.15	0	.6571093	.1725935	.1702972	0
809.15	0	.6563654	.1734144	.1702201	0
808.15	0	.6556478	.1742069	.1701453	0
807.15	0	.6549551	.1749723	.1700726	0
806.15	0	.654286	.1757121	.1700019	0
805.15	0	.6536393	.1764275	.1699332	0
804.15	0	.6530139	.1771199	.1698662	0
803.15	0	.6524087	.1777903	.169801	0
802.15	0	.6518228	.1784399	.1697373	0
801.15	0	.6512552	.1790696	.1696752	0
800.15	0	.6507052	.1796804	.1696145	0
799.15	0	.6501717	.1802731	.1695552	0
798.15	0	.6496542	.1808487	.1694971	0
797.15	0	.6491519	.1814078	.1694403	0
796.15	0	.6486641	.1819513	.1693846	0
795.15	0	.6481901	.1824798	.16933	0
794.15	0	.6477295	.1829941	.1692765	0
793.15	0	.6472815	.1834946	.1692239	0
792.15	0	.6468457	.183982	.1691723	0
791.15	0	.6464216	.1844568	.1691216	0
790.15	0	.6460086	.1849197	.1690717	0
789.15	0	.6456063	.185371	.1690226	0
788.15	0	.6452144	.1858113	.1689743	0
787.15	0	.6448323	.186241	.1689267	0
786.15	0	.6444597	.1866605	.1688798	0
785.15	0	.6440962	.1870702	.1688336	0
784.15	0	.6437414	.1874706	.168788	0
783.15	0	.6433951	.187862	.168743	0
782.15	0	.6430568	.1882447	.1686986	0
781.15	0	.6427264	.188619	.1686546	0
780.15	0	.6424034	.1889854	.1686113	0
779.15	0	.6420877	.189344	.1685684	0
778.15	0	.6417789	.1896952	.1685259	0
777.15	0	.6414768	.1900393	.1684839	0
776.15	0	.6411812	.1903764	.1684423	0
775.15	0	.6408919	.190707	.1684012	0
774.15	0	.6406085	.1910311	.1683604	0
773.15	0	.640331	.1913491	.16832	0
772.15	0	.640059	.1916611	.1682799	0
771.15	0	.6397925	.1919674	.1682402	0
770.15	0	.6395311	.1922681	.1682008	0
769.15	0	.6392749	.1925635	.1681617	0
768.15	0	.6390235	.1928537	.1681228	0
767.15	0	.6387787	.1931375	.1680838	0
766.15	0	.6385365	.193418	.1680455	0
765.15	0	.6382986	.1936939	.1680075	0
764.15	0	.638065	.1939653	.1679697	0
763.15	0	.6378355	.1942323	.1679322	0
762.15	0	.6376101	.1944951	.1678948	0
761.15	0	.6373885	.1947538	.1678577	0
760.15	0	.6371707	.1950086	.1678207	0
759.15	0	.6369565	.1952596	.167784	0
758.15	0	.6367458	.1955069	.1677474	0
757.15	0	.6365385	.1957506	.1677109	0
756.15	0	.6363346	.1959908	.1676746	0
755.15	0	.6361339	.1962277	.1676385	0
754.15	0	.6359362	.1964613	.1676025	0
753.15	0	.6357417	.1966918	.1675666	0
752.15	0	.63555	.1969192	.1675309	0
751.15	0	.6353612	.1971436	.1674952	0
750.15	0	.6351751	.1973652	.1674597	0
749.15	0	.6349917	.197584	.1674243	0
748.15	0	.6348109	.1978001	.167389	0
747.15	0	.6346327	.1980135	.1673538	0
746.15	0	.6344569	.1982245	.1673187	0
745.15	0	.6342835	.1984329	.1672836	0
744.15	0	.6341124	.198639	.1672487	0
743.15	0	.6339435	.1988427	.1672138	0
742.15	0	.6337769	.1990442	.167179	0
741.15	0	.6336124	.1992434	.1671442	0
740.15	0	.63345	.1994405	.1671095	0
739.15	0	.6332895	.1996356	.1670749	0
738.15	0	.6331311	.1998286	.1670403	0
737.15	0	.6329746	.2000197	.1670058	0
736.15	0	.6328199	.2002089	.1669713	0
735.15	0	.632667	.2003961	.1669368	0
734.15	0	.6325159	.2005817	.1669024	0
733.15	0	.6323666	.2007654	.166868	0
732.15	0	.6322189	.2009474	.1668337	0
731.15	0	.6320728	.2011278	.1667994	0
730.15	0	.6319284	.2013066	.1667651	0
729.15	0	.6317855	.2014837	.1667308	0
728.15	0	.6316441	.2016594	.1666966	0
727.15	0	.6315041	.2018335	.1666624	0
726.15	0	.6313657	.2020062	.1666282	0
725.15	0	.6312286	.2021774	.166594	0
724.15	0	.6310929	.2023473	.1665598	0
723.15	0	.6309586	.2025158	.1665256	0
722.15	0	.6308255	.2026831	.1664915	0
721.15	0	.6306937	.202849	.1664573	0
720.15	0	.6305632	.2030136	.1664231	0
719.15	0	.6304339	.2031771	.166389	0
718.15	0	.6303058	.2033394	.1663549	0
717.15	0	.6301788	.2035005	.1663207	0
716.15	0	.630053	.2036604	.1662866	0
715.15	0	.6299283	.2038193	.1662524	0
714.15	0	.6298047	.203977	.1662182	0
713.15	0	.6296822	.2041338	.1661841	0
712.15	0	.6295606	.2042895	.1661499	0
711.15	0	.6294401	.2044441	.1661157	0
710.15	0	.6293206	.2045978	.1660816	0
709.15	0	.6292021	.2047505	.1660474	0
708.15	0	.6290845	.2049023	.1660131	0
707.15	0	.6289679	.2050532	.1659789	0
706.15	0	.6288522	.2052032	.1659447	0
705.15	0	.6287373	.2053522	.1659104	0
704.15	0	.6286234	.2055005	.1658762	0
703.15	0	.6285103	.2056478	.1658419	0
702.15	0	.628398	.2057944	.1658076	0
701.15	0	.6282866	.2059401	.1657733	0
700.15	0	.6281759	.2060851	.165739	0
699.15	0	.6280661	.2062293	.1657046	0
698.15	0	.6279571	.2063727	.1656702	0
697.15	0	.6278488	.2065154	.1656359	0
696.15	0	.6277412	.2066574	.1656014	0
695.15	0	.6276344	.2067986	.165567	0
694.15	0	.6275283	.2069392	.1655326	0
693.15	0	.6274229	.207079	.1654981	0
692.15	0	.6273182	.2072182	.1654636	0
691.15	0	.6272142	.2073567	.1654291	0
690.15	0	.6271108	.2074946	.1653946	0
689.15	0	.6270081	.2076319	.16536	0
688.15	0	.6269061	.2077685	.1653254	0
687.15	0	.6268046	.2079045	.1652908	0
686.15	0	.6267038	.20804	.1652562	0
685.15	0	.6266036	.2081748	.1652215	0
684.15	0	.626504	.2083091	.1651869	0
683.15	0	.6264051	.2084428	.1651522	0
682.15	0	.6263066	.2085759	.1651174	0
681.15	0	.6262088	.2087085	.1650827	0
680.15	0	.6261115	.2088406	.1650479	0
679.15	0	.6260148	.2089721	.1650132	0
678.15	0	.6259186	.2091031	.1649783	0
677.15	0	.6258229	.2092336	.1649435	0
676.15	0	.6257278	.2093636	.1649086	0
675.15	0	.6256331	.2094931	.1648738	0
674.15	0	.625539	.2096221	.1648388	0
673.15	0	.6254454	.2097507	.1648039	0
672.15	0	.6253523	.2098787	.164769	0
671.15	0	.6252597	.2100063	.164734	0
670.15	0	.6251675	.2101335	.164699	0
669.15	0	.6250759	.2102602	.164664	0
668.15	0	.6249847	.2103865	.1646289	0
667.15	0	.6248939	.2105123	.1645938	0
666.15	0	.6248036	.2106377	.1645587	0
665.15	0	.6247137	.2107626	.1645236	0
664.15	0	.6246243	.2108872	.1644885	0
663.15	0	.6245353	.2110113	.1644533	0
662.15	0	.6244468	.2111351	.1644182	0
661.15	0	.6243587	.2112584	.164383	0
660.15	0	.6242709	.2113813	.1643477	0
659.15	0	.6241836	.2115039	.1643125	0
658.15	0	.6240967	.211626	.1642772	0
657.15	0	.6240102	.2117478	.164242	0
656.15	0	.6239241	.2118692	.1642067	0
655.15	0	.6238384	.2119903	.1641713	0
654.15	0	.6237531	.2121109	.164136	0
653.15	0	.6236681	.2122313	.1641007	0
652.15	0	.6235835	.2123512	.1640653	0
651.15	0	.6234993	.2124708	.1640299	0
650.15	0	.6234155	.2125901	.1639945	0
649.15	0	.623332	.212709	.163959	0
648.15	0	.6232489	.2128275	.1639236	0
647.15	0	.6231661	.2129457	.1638881	0
646.15	0	.6230837	.2130636	.1638527	0
645.15	0	.6230016	.2131812	.1638172	0
644.15	0	.6229199	.2132984	.1637817	0
643.15	0	.6228385	.2134153	.1637462	0
642.15	0	.6227575	.2135319	.1637106	0
641.15	0	.6226767	.2136482	.1636751	0
640.15	0	.6225963	.2137642	.1636395	0
639.15	0	.6225163	.2138798	.1636039	0
638.15	0	.6224365	.2139951	.1635684	0
637.15	0	.6223571	.2141102	.1635328	0
636.15	0	.622278	.2142249	.1634972	0
635.15	0	.6221992	.2143393	.1634615	0
634.15	0	.6221207	.2144534	.1634259	0
633.15	0	.6220425	.2145673	.1633903	0
632.15	0	.6219646	.2146808	.1633546	0
631.15	0	.621887	.214794	.163319	0
630.15	0	.6218097	.214907	.1632833	0
629.15	0	.6217327	.2150197	.1632477	0
628.15	0	.621656	.2151321	.163212	0
627.15	0	.6215796	.2152442	.1631763	0
626.15	0	.6215034	.215356	.1631406	0
625.15	0	.6214276	.2154675	.1631049	0
624.15	0	.621352	.2155788	.1630692	0
623.15	0	.6212767	.2156898	.1630335	0
622.15	0	.6212017	.2158005	.1629978	0
621.15	0	.621127	.2159109	.1629621	0
620.15	0	.6210525	.2160211	.1629264	0
619.15	0	.6209783	.216131	.1628907	0
618.15	0	.6209044	.2162407	.1628549	0
617.15	0	.6208308	.21635	.1628192	0
616.15	0	.6207574	.2164591	.1627835	0
615.15	0	.6206843	.216568	.1627478	0
614.15	0	.6206114	.2166765	.1627121	0
613.15	0	.6205388	.2167849	.1626764	0
612.15	0	.6204664	.2168929	.1626406	0
611.15	0	.6203943	.2170007	.1626049	0
610.15	0	.6203225	.2171083	.1625692	0
609.15	0	.6202509	.2172156	.1625335	0
608.15	0	.6201796	.2173226	.1624978	0
607.15	0	.6201085	.2174294	.1624621	0
606.15	0	.6200376	.2175359	.1624264	0
605.15	0	.619967	.2176422	.1623908	0
604.15	0	.6198967	.2177482	.1623551	0
603.15	0	.6198266	.217854	.1623194	0
602.15	0	.6197567	.2179596	.1622838	0
601.15	0	.6196871	.2180648	.1622481	0
600.15	0	.6196177	.2181699	.1622125	0
599.15	0	.6195485	.2182747	.1621768	0
598.15	0	.6194796	.2183792	.1621412	0
597.15	0	.6194109	.2184835	.1621056	0
596.15	0	.6193424	.2185875	.16207	0
595.15	0	.6192742	.2186913	.1620344	0
594.15	0	.6192062	.2187949	.1619989	0
593.15	0	.6191385	.2188982	.1619633	0
592.15	0	.6190709	.2190013	.1619278	0
591.15	0	.6190036	.2191041	.1618923	0
590.15	0	.6189366	.2192067	.1618567	0
589.15	0	.6188697	.2193091	.1618212	0
588.15	0	.6188031	.2194112	.1617858	0
587.15	0	.6187367	.219513	.1617503	0
586.15	0	.6186705	.2196147	.1617149	0
585.15	0	.6186045	.219716	.1616795	0
584.15	0	.6185388	.2198172	.1616441	0
583.15	0	.6184732	.2199181	.1616087	0
582.15	0	.6184079	.2200188	.1615733	0
581.15	0	.6183428	.2201192	.161538	0
580.15	0	.618278	.2202194	.1615026	0
579.15	0	.6182133	.2203193	.1614674	0
578.15	0	.6181489	.2204191	.1614321	0
577.15	0	.6180846	.2205185	.1613969	0
576.15	0	.6180206	.2206178	.1613616	0
575.15	0	.6179568	.2207168	.1613264	0
574.15	0	.6178932	.2208155	.1612913	0
573.15	0	.6178298	.2209141	.1612561	0
572.15	0	.6177667	.2210123	.161221	0
571.15	0	.6177037	.2211104	.1611859	0
570.15	0	.6176409	.2212082	.1611509	0
569.15	0	.6175784	.2213058	.1611159	0
568.15	0	.617516	.2214031	.1610809	0
567.15	0	.6174539	.2215002	.1610459	0
566.15	0	.617392	.2215971	.161011	0
565.15	0	.6173303	.2216937	.1609761	0
564.15	0	.6172687	.2217901	.1609412	0
563.15	0	.6172074	.2218862	.1609064	0
562.15	0	.6171463	.2219821	.1608716	0
561.15	0	.6170854	.2220778	.1608368	0
560.15	0	.6170247	.2221732	.1608021	0
559.15	0	.6169642	.2222684	.1607674	0
558.15	0	.6169039	.2223634	.1607327	0
557.15	0	.6168438	.2224581	.1606981	0
556.15	0	.6167839	.2225526	.1606635	0
555.15	0	.6167242	.2226468	.160629	0
554.15	0	.6166647	.2227408	.1605945	0
553.15	0	.6166054	.2228346	.16056	0
552.15	0	.6165463	.2229281	.1605256	0
551.15	0	.6164874	.2230214	.1604912	0
550.15	0	.6164287	.2231144	.1604569	0
549.15	0	.6163702	.2232072	.1604226	0
548.15	0	.6163119	.2232998	.1603883	0
547.15	0	.6162538	.2233921	.1603541	0
546.15	0	.6161958	.2234842	.16032	0
545.15	0	.6161381	.223576	.1602859	0
544.15	0	.6160806	.2236676	.1602518	0
543.15	0	.6160233	.223759	.1602178	0
542.15	0	.6159661	.2238501	.1601838	0
541.15	0	.6159092	.223941	.1601499	0
540.15	0	.6158524	.2240316	.160116	0
539.15	0	.6157959	.224122	.1600822	0
538.15	0	.6157395	.2242121	.1600484	0
537.15	0	.6156833	.224302	.1600147	0
536.15	0	.6156274	.2243916	.159981	0
535.15	0	.6155716	.224481	.1599474	0
534.15	0	.615516	.2245702	.1599138	0
533.15	0	.6154606	.2246591	.1598803	0
532.15	0	.6154054	.2247478	.1598468	0
531.15	0	.6153504	.2248362	.1598134	0
530.15	0	.6152955	.2249244	.1597801	0
529.15	0	.6152409	.2250123	.1597468	0
528.15	0	.6151865	.2251	.1597136	0
527.15	0	.6151322	.2251874	.1596804	0
526.15	0	.6150781	.2252746	.1596473	0
525.15	0	.6150243	.2253615	.1596142	0
524.15	0	.6149706	.2254482	.1595812	0
523.15	0	.6149171	.2255347	.1595483	0
522.15	0	.6148638	.2256208	.1595154	0
521.15	0	.6148107	.2257068	.1594826	0
520.15	0	.6147578	.2257925	.1594498	0
519.15	0	.614705	.2258779	.1594171	0
518.15	0	.6146525	.2259631	.1593845	0
517.15	0	.6146001	.226048	.1593519	0
516.15	0	.614548	.2261327	.1593194	0
515.15	0	.614496	.2262171	.159287	0
514.15	0	.6144442	.2263012	.1592546	0
513.15	0	.6143927	.2263851	.1592222	0
512.15	0	.6143413	.2264688	.1591899	0
511.15	0	.61429	.2265522	.1591578	0
510.15	0	.614239	.2266354	.1591257	0
509.15	0	.6141882	.2267182	.1590936	0
508.15	0	.6141375	.2268009	.1590616	0
507.15	0	.614087	.2268832	.1590298	0
506.15	0	.6140367	.2269654	.1589979	0
505.15	0	.6139866	.2270472	.1589662	0
504.15	0	.6139367	.2271288	.1589345	0
503.15	0	.613887	.2272102	.1589029	0
502.15	0	.6138374	.2272912	.1588714	0
501.15	0	.613788	.2273721	.1588399	0
500.15	0	.6137389	.2274526	.1588085	0
499.15	0	.6136899	.2275329	.1587772	0
498.15	0	.6136411	.227613	.158746	0
497.15	0	.6135925	.2276927	.1587148	0
496.15	0	.613544	.2277722	.1586837	0
495.15	0	.6134958	.2278515	.1586527	0
494.15	0	.6134477	.2279305	.1586218	0
493.15	0	.6133998	.2280092	.158591	0
492.15	0	.6133521	.2280876	.1585602	0
491.15	0	.6133046	.2281658	.1585295	0
490.15	0	.6132573	.2282438	.1584989	0
489.15	0	.6132102	.2283214	.1584684	0
488.15	0	.6131632	.2283988	.158438	0
487.15	0	.6131165	.2284759	.1584076	0
486.15	0	.6130699	.2285528	.1583773	0
485.15	0	.6130235	.2286294	.1583471	0
484.15	0	.6129773	.2287057	.158317	0
483.15	0	.6129313	.2287817	.158287	0
482.15	0	.6128854	.2288575	.1582571	0
481.15	0	.6128398	.228933	.1582272	0
480.15	0	.6127943	.2290083	.1581974	0
479.15	0	.612749	.2290832	.1581678	0
478.15	0	.6127039	.2291579	.1581382	0
477.15	0	.612659	.2292324	.1581087	0
476.15	0	.6126142	.2293065	.1580793	0
475.15	0	.6125697	.2293804	.1580499	0
474.15	0	.6125253	.229454	.1580207	0
473.15	0	.6124811	.2295273	.1579916	0
472.15	0	.6124371	.2296004	.1579625	0
471.15	0	.6123933	.2296731	.1579336	0
470.15	0	.6123497	.2297456	.1579047	0
469.15	0	.6123062	.2298179	.1578759	0
468.15	0	.6122629	.2298898	.1578472	0
467.15	0	.6122199	.2299615	.1578187	0
466.15	0	.612177	.2300329	.1577902	0
465.15	0	.6121342	.230104	.1577618	0
464.15	0	.6120917	.2301748	.1577335	0
463.15	0	.6120494	.2302454	.1577053	0
462.15	0	.6120072	.2303157	.1576772	0
461.15	0	.6119652	.2303857	.1576492	0
460.15	0	.6119234	.2304554	.1576212	0
459.15	0	.6118818	.2305248	.1575934	0
458.15	0	.6118403	.230594	.1575657	0
457.15	0	.6117991	.2306628	.1575381	0
456.15	0	.611758	.2307314	.1575106	0
455.15	0	.6117171	.2307997	.1574832	0
454.15	0	.6116764	.2308678	.1574558	0
453.15	0	.6116359	.2309355	.1574286	0
452.15	0	.6115955	.231003	.1574015	0
451.15	0	.6115554	.2310701	.1573745	0
450.15	0	.6115154	.231137	.1573476	0
449.15	0	.6114756	.2312036	.1573208	0
448.15	0	.6114361	.2312698	.1572941	0
447.15	0	.6113967	.2313358	.1572675	0
446.15	0	.6113575	.2314015	.1572411	0
445.15	0	.6113185	.2314668	.1572147	0
444.15	0	.6112797	.2315319	.1571885	0
443.15	0	.6112411	.2315966	.1571624	0
442.15	0	.6112027	.231661	.1571363	0
441.15	0	.6111645	.2317251	.1571104	0
440.15	0	.6111265	.2317888	.1570847	0
439.15	0	.6110887	.2318522	.157059	0
438.15	0	.6110512	.2319153	.1570335	0
437.15	0	.6110138	.2319781	.1570081	0
436.15	0	.6109767	.2320405	.1569828	0
435.15	0	.6109398	.2321025	.1569577	0
434.15	0	.6109031	.2321642	.1569327	0
433.15	0	.6108666	.2322256	.1569078	0
432.15	0	.6108304	.2322866	.156883	0
431.15	0	.6107944	.2323472	.1568584	0
430.15	0	.6107586	.2324075	.1568339	0
429.15	0	.610723	.2324674	.1568095	0
428.15	0	.6106877	.232527	.1567853	0
427.15	0	.6106526	.2325862	.1567612	0
426.15	0	.6106177	.232645	.1567373	0
425.15	0	.6105831	.2327034	.1567135	0
424.15	0	.6105487	.2327615	.1566898	0
423.15	0	.6105145	.2328192	.1566663	0
422.15	0	.6104805	.2328765	.1566429	0
421.15	0	.6104468	.2329335	.1566197	0
420.15	0	.6104133	.2329901	.1565966	0
419.15	0	.6103801	.2330463	.1565736	0
418.15	0	.6103471	.2331021	.1565508	0
417.15	0	.6103143	.2331576	.1565281	0
416.15	0	.6102817	.2332127	.1565056	0
415.15	0	.6102494	.2332674	.1564832	0
414.15	0	.6102173	.2333217	.156461	0
413.15	0	.6101855	.2333757	.1564389	0
412.15	0	.6101539	.2334292	.1564169	0
411.15	0	.6101225	.2334824	.1563951	0
410.15	0	.6100913	.2335352	.1563734	0
409.15	0	.6100604	.2335877	.1563519	0
408.15	0	.6100297	.2336398	.1563306	0
407.15	0	.6099992	.2336914	.1563093	0
406.15	0	.609969	.2337428	.1562883	0
405.15	0	.609939	.2337937	.1562673	0
404.15	0	.6099092	.2338443	.1562466	0
403.15	0	.6098796	.2338945	.1562259	0
402.15	0	.6098503	.2339443	.1562054	0
401.15	0	.6098212	.2339938	.1561851	0
400.15	0	.6097923	.2340428	.1561649	0
399.15	0	.6097636	.2340916	.1561448	0
398.15	0	.6097352	.2341399	.1561249	0
397.15	0	.6097069	.2341879	.1561052	0
396.15	0	.6096789	.2342355	.1560856	0
395.15	0	.6096511	.2342828	.1560661	0
394.15	0	.6096235	.2343297	.1560468	0
393.15	0	.6095962	.2343762	.1560276	0
392.15	0	.609569	.2344224	.1560086	0
391.15	0	.6095421	.2344683	.1559897	0
390.15	0	.6095153	.2345137	.155971	0
389.15	0	.6094888	.2345588	.1559524	0
388.15	0	.6094625	.2346036	.1559339	0
387.15	0	.6094364	.2346481	.1559156	0
386.15	0	.6094104	.2346921	.1558974	0
385.15	0	.6093847	.2347359	.1558794	0
384.15	0	.6093592	.2347793	.1558615	0
383.15	0	.6093339	.2348223	.1558438	0
382.15	0	.6093088	.234865	.1558262	0
381.15	0	.6092839	.2349074	.1558088	0
380.15	0	.6092591	.2349494	.1557914	0
379.15	0	.6092346	.2349911	.1557743	0
378.15	0	.6092103	.2350325	.1557572	0
377.9753	0	.609206	.2350397	.1557543	0
377.9753	0	.609206	.2350397	.1557543	0
377.9753	0	.609206	.2350397	.1557543	0
377.15	0	.6093734	.2346277	.155531	4.678616E-04
376.15	0	.6095761	.2341288	.1552609	.001034217
375.15	0	.6097786	.2336302	.1549913	.001599944
374.15	0	.6099808	.233132	.1547221	.002165049
373.15	0	.6101828	.2326342	.1544534	.002729536
372.15	0	.6103846	.2321367	.1541852	.00329341
371.15	0	.6105862	.2316396	.1539175	.003856676
370.15	0	.6107877	.2311428	.1536502	.004419338
369.15	0	.6109889	.2306463	.1533834	.0049814
368.15	0	.6111899	.2301502	.1531171	.005542868
367.15	0	.6113907	.2296544	.1528512	.006103745
366.15	0	.6115913	.2291589	.1525858	.006664036
365.15	0	.6117918	.2286637	.1523208	.007223745
364.15	0	.611992	.2281688	.1520563	.007782877
363.15	0	.6121921	.2276742	.1517922	.008341436
362.15	0	.612392	.22718	.1515286	.008899426
361.15	0	.6125918	.226686	.1512654	.00945685
360.15	0	.6127913	.2261922	.1510027	.01001371
359.15	0	.6129907	.2256988	.1507404	.01057002
358.15	0	.61319	.2252057	.1504786	.01112577
357.15	0	.613389	.2247128	.1502172	.01168098
356.15	0	.613588	.2242202	.1499562	.01223564
355.15	0	.6137867	.2237278	.1496957	.01278975
354.15	0	.6139853	.2232357	.1494356	.01334333
353.15	0	.6141838	.2227439	.1491759	.01389638
352.15	0	.6143821	.2222523	.1489167	.01444889
351.15	0	.6145803	.221761	.1486579	.01500088
350.15	0	.6147783	.2212699	.1483995	.01555234
349.15	0	.6149762	.220779	.1481416	.01610329
348.15	0	.6151739	.2202884	.147884	.01665371
347.15	0	.6153715	.219798	.1476269	.01720363
346.15	0	.615569	.2193078	.1473702	.01775303
345.15	0	.6157663	.2188179	.1471139	.01830193
344.15	0	.6159635	.2183282	.146858	.01885033
343.15	0	.6161606	.2178386	.1466026	.01939822
