T	 BPW(LIQUID)	BPW(BCC_A2)	BPW(FCC_A1)	BPW(LAVES_PHASE_C14)	BPW(NI3TI)
1473.15	.2864659	.5703326	0	.1432015	0
1472.15	.2805935	.5741963	0	.1452102	0
1471.15	.2748294	.5779844	0	.1471863	0
1470.15	.2691706	.5816988	0	.1491305	0
1469.15	.2636144	.5853417	0	.1510439	0
1468.15	.2581581	.5889147	0	.1529272	0
1467.15	.252799	.5924198	0	.1547813	0
1466.15	.2475345	.5958586	0	.1566069	0
1465.15	.2423623	.5992329	0	.1584048	0
1464.15	.23728	.6025443	0	.1601757	0
1463.15	.2322853	.6057943	0	.1619204	0
1462.15	.2273759	.6089846	0	.1636395	0
1461.15	.2225497	.6121166	0	.1653337	0
1460.15	.2178047	.6151917	0	.1670036	0
1459.15	.2131389	.6182113	0	.1686498	0
1458.15	.2085502	.6211767	0	.170273	0
1457.15	.2040369	.6240894	0	.1718737	0
1456.15	.1995971	.6269504	0	.1734525	0
1455.15	.195229	.6297611	0	.1750099	0
1454.15	.1909309	.6325227	0	.1765465	0
1453.15	.1867011	.6352362	0	.1780626	0
1452.15	.1825381	.6379029	0	.179559	0
1451.15	.1784404	.6405237	0	.181036	0
1450.15	.1744062	.6430998	0	.182494	0
1449.15	.1704343	.6456321	0	.1839336	0
1448.15	.1665232	.6481217	0	.1853552	0
1447.15	.1626714	.6505695	0	.1867591	0
1446.15	.1588777	.6529764	0	.1881459	0
1445.15	.1551408	.6553434	0	.1895159	0
1444.15	.1514593	.6576713	0	.1908694	0
1443.15	.1478321	.659961	0	.1922069	0
1442.15	.1442579	.6622133	0	.1935288	0
1441.15	.1407357	.6644291	0	.1948353	0
1440.15	.1372642	.666609	0	.1961268	0
1439.15	.1338423	.668754	0	.1974037	0
1438.15	.1304691	.6708646	0	.1986663	0
1437.15	.1271434	.6729417	0	.1999149	0
1436.15	.1238643	.674986	0	.2011497	0
1435.15	.1206307	.6769981	0	.2023712	0
1434.15	.1174418	.6789787	0	.2035796	0
1433.15	.1142965	.6809284	0	.2047751	0
1432.15	.111194	.682848	0	.2059581	0
1431.15	.1081334	.6847379	0	.2071288	0
1430.15	.1051138	.6865988	0	.2082874	0
1429.15	.1021344	.6884313	0	.2094342	0
1428.15	.09919441	.690236	0	.2105696	0
1427.15	.09629301	.6920134	0	.2116936	0
1426.15	.09342942	.693764	0	.2128066	0
1425.15	.0906029	.6954884	0	.2139087	0
1424.15	.08781271	.6971871	0	.2150002	0
1423.15	.08505814	.6988606	0	.2160813	0
1422.15	.08233848	.7005093	0	.2171522	0
1421.15	.07965307	.7021338	0	.2182131	0
1420.15	.07700123	.7037345	0	.2192642	0
1419.15	.07438231	.7053119	0	.2203058	0
1418.15	.07179569	.7068664	0	.2213379	0
1417.15	.06924076	.7083985	0	.2223607	0
1416.15	.0667169	.7099085	0	.2233746	0
1415.15	.06422354	.7113969	0	.2243796	0
1414.15	.06176011	.7128641	0	.2253758	0
1413.15	.05932603	.7143104	0	.2263635	0
1412.15	.05692078	.7157363	0	.2273429	0
1411.15	.05454381	.7171422	0	.228314	0
1410.15	.05219461	.7185283	0	.2292771	0
1409.15	.04987267	.7198951	0	.2302322	0
1408.15	.04757749	.7212429	0	.2311796	0
1407.15	.04530859	.722572	0	.2321194	0
1406.15	.0430655	.7238828	0	.2330517	0
1405.15	.04084775	.7251756	0	.2339766	0
1404.15	.0386549	.7264507	0	.2348944	0
1403.15	.03648649	.7277085	0	.235805	0
1402.15	.0343421	.7289492	0	.2367088	0
1401.15	.0322213	.7301731	0	.2376056	0
1400.15	.03012369	.7313805	0	.2384958	0
1399.15	.02804886	.7325717	0	.2393794	0
1398.15	.02599642	.7337471	0	.2402565	0
1397.15	.02396597	.7349068	0	.2411273	0
1396.15	.02195714	.7360511	0	.2419918	0
1395.15	.01996957	.7371803	0	.2428501	0
1394.15	.01800288	.7382946	0	.2437025	0
1393.15	.01605674	.7393944	0	.2445489	0
1392.15	.01413078	.7404797	0	.2453895	0
1391.15	.01222468	.741551	0	.2462243	0
1390.15	.0103381	.7426084	0	.2470536	0
1389.15	.008470712	.7436521	0	.2478772	0
1388.15	.006622205	.7446823	0	.2486955	0
1387.15	.004792264	.7456994	0	.2495084	0
1386.15	.002980587	.7467034	0	.250316	0
1385.15	.001186875	.7476947	0	.2511185	0
1384.483	0	.748349	0	.251651	0
1384.483	0	.748349	0	.251651	0
1384.15	0	.7481833	0	.2518167	0
1383.15	0	.747686	0	.252314	0
1382.15	0	.74719	0	.25281	0
1381.15	0	.7466952	0	.2533048	0
1380.15	0	.7462016	0	.2537984	0
1379.15	0	.7457091	0	.2542909	0
1378.15	0	.7452178	0	.2547821	0
1377.15	0	.7447278	0	.2552722	0
1376.15	0	.7442388	0	.2557612	0
1375.15	0	.7437511	0	.2562489	0
1374.15	0	.7432645	0	.2567355	0
1373.15	0	.7427791	0	.257221	0
1372.15	0	.7422948	0	.2577052	0
1371.15	0	.7418117	0	.2581884	0
1370.15	0	.7413297	0	.2586703	0
1369.15	0	.7408489	0	.2591512	0
1368.15	0	.7403692	0	.2596308	0
1367.15	0	.7398906	0	.2601094	0
1366.15	0	.7394132	0	.2605868	0
1365.15	0	.7389369	0	.2610631	0
1364.15	0	.7384618	0	.2615382	0
1363.15	0	.7379877	0	.2620123	0
1362.15	0	.7375148	0	.2624852	0
1361.15	0	.737043	0	.262957	0
1360.15	0	.7365724	0	.2634276	0
1359.15	0	.7361028	0	.2638972	0
1358.15	0	.7356343	0	.2643657	0
1357.15	0	.735167	0	.264833	0
1356.15	0	.7347007	0	.2652993	0
1355.15	0	.7342355	0	.2657645	0
1354.15	0	.7337715	0	.2662285	0
1353.15	0	.7333085	0	.2666915	0
1352.15	0	.7328466	0	.2671534	0
1351.15	0	.7323858	0	.2676142	0
1350.15	0	.731926	0	.268074	0
1349.15	0	.7314673	0	.2685327	0
1348.15	0	.7310097	0	.2689903	0
1347.15	0	.7305532	0	.2694468	0
1346.15	0	.7300978	0	.2699023	0
1345.15	0	.7296434	0	.2703567	0
1344.15	0	.72919	0	.27081	0
1343.15	0	.7287377	0	.2712623	0
1342.15	0	.7282865	0	.2717135	0
1341.15	0	.7278363	0	.2721637	0
1340.15	0	.7273872	0	.2726128	0
1339.15	0	.7269391	0	.2730609	0
1338.15	0	.726492	0	.273508	0
1337.15	0	.726046	0	.273954	0
1336.15	0	.725601	0	.274399	0
1335.15	0	.725157	0	.274843	0
1334.15	0	.7247141	0	.2752859	0
1333.15	0	.7242722	0	.2757278	0
1332.15	0	.7238313	0	.2761687	0
1331.15	0	.7233914	0	.2766086	0
1330.15	0	.7229525	0	.2770475	0
1329.15	0	.7225147	0	.2774853	0
1328.15	0	.7220778	0	.2779222	0
1327.15	0	.721642	0	.278358	0
1326.15	0	.7212072	0	.2787929	0
1325.15	0	.7207733	0	.2792267	0
1324.15	0	.7203405	0	.2796595	0
1323.15	0	.7199086	0	.2800914	0
1322.15	0	.7194777	0	.2805223	0
1321.15	0	.7190479	0	.2809521	0
1320.15	0	.718619	0	.281381	0
1319.15	0	.7181911	0	.281809	0
1318.15	0	.7177641	0	.2822359	0
1317.15	0	.7173382	0	.2826618	0
1316.15	0	.7169131	0	.2830869	0
1315.15	0	.7164891	0	.2835109	0
1314.15	0	.7160661	0	.2839339	0
1313.15	0	.715644	0	.284356	0
1312.15	0	.7152228	0	.2847772	0
1311.15	0	.7148027	0	.2851973	0
1310.15	0	.7143834	0	.2856166	0
1309.15	0	.7139652	0	.2860348	0
1308.15	0	.7135478	0	.2864522	0
1307.15	0	.7131315	0	.2868685	0
1306.15	0	.712716	0	.287284	0
1305.15	0	.7123016	0	.2876984	0
1304.15	0	.711888	0	.288112	0
1303.15	0	.7114754	0	.2885246	0
1302.15	0	.7110637	0	.2889363	0
1301.15	0	.7106529	0	.2893471	0
1300.15	0	.7102431	0	.2897569	0
1299.15	0	.7098342	0	.2901658	0
1298.15	0	.7094262	0	.2905738	0
1297.15	0	.7090191	0	.2909809	0
1296.15	0	.708613	0	.291387	0
1295.15	0	.7082078	0	.2917923	0
1294.15	0	.7078034	0	.2921966	0
1293.15	0	.7074	0	.2926	0
1292.15	0	.7069975	0	.2930025	0
1291.15	0	.7065959	0	.2934041	0
1290.15	0	.7061952	0	.2938048	0
1289.15	0	.7057954	0	.2942046	0
1288.15	0	.7053964	0	.2946036	0
1287.15	0	.7049984	0	.2950016	0
1286.15	0	.7046013	0	.2953987	0
1285.15	0	.704205	0	.295795	0
1284.15	0	.7038097	0	.2961903	0
1283.15	0	.7034152	0	.2965848	0
1282.15	0	.7030216	0	.2969784	0
1281.15	0	.7026289	0	.2973711	0
1280.15	0	.702237	0	.297763	0
1279.15	0	.7018461	0	.2981539	0
1278.15	0	.701456	0	.2985441	0
1277.15	0	.7010667	0	.2989333	0
1276.15	0	.7006784	0	.2993216	0
1275.15	0	.7002908	0	.2997092	0
1274.15	0	.6999042	0	.3000958	0
1273.15	0	.6995184	0	.3004816	0
1272.15	0	.6991335	0	.3008665	0
1271.15	0	.6987494	0	.3012506	0
1270.15	0	.6983662	0	.3016338	0
1269.15	0	.6979838	0	.3020162	0
1268.15	0	.6976022	0	.3023978	0
1267.15	0	.6972216	0	.3027785	0
1266.15	0	.6968417	0	.3031583	0
1265.15	0	.6964627	0	.3035373	0
1264.15	0	.6960845	0	.3039155	0
1263.15	0	.6957072	0	.3042928	0
1262.15	0	.6953307	0	.3046693	0
1261.15	0	.694955	0	.305045	0
1260.15	0	.6945802	0	.3054199	0
1259.15	0	.6942061	0	.3057939	0
1258.15	0	.6938329	0	.3061671	0
1257.15	0	.6934606	0	.3065395	0
1256.15	0	.693089	0	.306911	0
1255.15	0	.6927182	0	.3072818	0
1254.15	0	.6923483	0	.3076517	0
1253.15	0	.6919792	0	.3080208	0
1252.346	0	.6916831	0	.3083169	0
1252.346	0	.6916831	0	.3083169	0
1252.346	0	.6916831	0	.3083169	0
1252.15	0	.6914276	1.883556E-04	.3083841	0
1251.15	0	.6901277	.001146338	.3087259	0
1250.15	0	.6888313	.002101895	.3090668	0
1249.15	0	.6875382	.003055029	.3094067	0
1248.15	0	.6862485	.004005743	.3097457	0
1247.15	0	.6849622	.004954038	.3100838	0
1246.15	0	.6836792	.005899917	.3104209	0
1245.15	0	.6823996	.006843383	.310757	0
1244.15	0	.6811233	.007784437	.3110923	0
1243.15	0	.6798504	.008723082	.3114266	0
1242.15	0	.6785808	.009659321	.3117599	0
1241.15	0	.6773145	.01059316	.3120924	0
1240.15	0	.6760515	.01152459	.3124239	0
1239.15	0	.6747919	.01245362	.3127545	0
1238.15	0	.6735355	.01338025	.3130842	0
1237.15	0	.6722825	.01430449	.313413	0
1236.15	0	.6710327	.01522633	.3137409	0
1235.15	0	.6697863	.01614577	.3140679	0
1234.15	0	.6685431	.01706283	.314394	0
1233.15	0	.6673033	.0179775	.3147192	0
1232.15	0	.6660667	.01888978	.3150435	0
1231.15	0	.6648334	.01979968	.315367	0
1230.15	0	.6636033	.02070719	.3156895	0
1229.15	0	.6623765	.02161231	.3160112	0
1228.15	0	.661153	.02251506	.3163319	0
1227.15	0	.6599327	.02341543	.3166518	0
1226.15	0	.6587157	.02431342	.3169709	0
1225.15	0	.6575019	.02520904	.317289	0
1224.15	0	.6562914	.02610228	.3176063	0
1223.15	0	.6550841	.02699314	.3179228	0
1222.15	0	.65388	.02788164	.3182383	0
1221.15	0	.6526792	.02876776	.3185531	0
1220.15	0	.6514816	.02965151	.3188669	0
1219.15	0	.6502872	.0305329	.3191799	0
1218.15	0	.649096	.03141191	.3194921	0
1217.15	0	.647908	.03228856	.3198034	0
1216.15	0	.6467232	.03316285	.3201139	0
1215.15	0	.6455417	.03403477	.3204236	0
1214.15	0	.6443633	.03490433	.3207324	0
1213.15	0	.6431881	.03577152	.3210404	0
1212.15	0	.6420161	.03663635	.3213475	0
1211.15	0	.6408473	.03749883	.3216539	0
1210.15	0	.6396817	.03835894	.3219594	0
1209.15	0	.6385193	.03921669	.3222641	0
1208.15	0	.63736	.04007209	.3225679	0
1207.15	0	.6362039	.04092512	.322871	0
1206.15	0	.635051	.0417758	.3231732	0
1205.15	0	.6339012	.04262413	.3234747	0
1204.15	0	.6327546	.04347009	.3237753	0
1203.15	0	.6316112	.04431371	.3240751	0
1202.15	0	.6304709	.04515496	.3243742	0
1201.15	0	.6293337	.04599386	.3246724	0
1200.15	0	.6281998	.04683041	.3249698	0
1199.15	0	.6270689	.0476646	.3252665	0
1198.15	0	.6259412	.04849644	.3255624	0
1197.15	0	.6248167	.04932592	.3258574	0
1196.15	0	.6236952	.05015305	.3261517	0
1195.15	0	.6225769	.05097783	.3264452	0
1194.15	0	.6214618	.05180025	.326738	0
1193.15	0	.6203498	.05262032	.3270299	0
1192.15	0	.6192409	.05343804	.3273211	0
1191.15	0	.6181351	.0542534	.3276115	0
1190.15	0	.6170324	.05506641	.3279012	0
1189.15	0	.6159329	.05587707	.3281901	0
1188.15	0	.6148364	.05668537	.3284782	0
1187.15	0	.6137431	.05749132	.3287656	0
1186.15	0	.6126529	.05829491	.3290522	0
1185.15	0	.6115658	.05909615	.329338	0
1184.15	0	.6104818	.05989503	.3296231	0
1183.15	0	.609401	.06069156	.3299075	0
1182.15	0	.6083232	.06148573	.3301911	0
1181.15	0	.6072485	.06227755	.330474	0
1180.15	0	.6061769	.063067	.3307561	0
1179.15	0	.6051084	.0638541	.3310375	0
1178.15	0	.604043	.06463884	.3313181	0
1177.15	0	.6029808	.06542123	.331598	0
1176.15	0	.6019215	.06620125	.3318772	0
1175.15	0	.6008654	.06697891	.3321557	0
1174.15	0	.5998124	.06775421	.3324334	0
1173.15	0	.5987625	.06852715	.3327104	0
1172.15	0	.5977156	.06929772	.3329867	0
1171.15	0	.5966719	.07006593	.3332622	0
1170.15	0	.5956312	.07083177	.3335371	0
1169.15	0	.5945936	.07159525	.3338112	0
1168.15	0	.593559	.07235636	.3340846	0
1167.15	0	.5925276	.0731151	.3343573	0
1166.15	0	.5914992	.07387148	.3346293	0
1165.15	0	.590474	.07462548	.3349006	0
1164.15	0	.5894517	.0753771	.3351712	0
1163.15	0	.5884326	.07612636	.335441	0
1162.15	0	.5874166	.07687324	.3357102	0
1161.15	0	.5864036	.07761774	.3359787	0
1160.15	0	.5853937	.07835986	.3362465	0
1159.15	0	.5843868	.07909961	.3365136	0
1158.15	0	.5833831	.07983697	.33678	0
1157.15	0	.5823824	.08057195	.3370457	0
1156.15	0	.5813847	.08130455	.3373107	0
1155.15	0	.5803902	.08203476	.3375751	0
1154.15	0	.5793987	.0827626	.3378387	0
1153.15	0	.5784103	.08348804	.3381017	0
1152.15	0	.5774249	.08421107	.338364	0
1151.15	0	.5764427	.08493172	.3386256	0
1150.15	0	.5754634	.08564997	.3388866	0
1149.15	0	.5744873	.08636582	.3391469	0
1148.15	0	.5735143	.08707928	.3394065	0
1147.15	0	.5725443	.08779033	.3396654	0
1146.15	0	.5715773	.08849898	.3399237	0
1145.15	0	.5706135	.08920522	.3401813	0
1144.15	0	.5696527	.08990906	.3404382	0
1143.15	0	.568695	.09061048	.3406945	0
1142.15	0	.5677404	.0913095	.3409501	0
1141.15	0	.5667888	.09200609	.3412051	0
1140.15	0	.5658403	.09270027	.3414594	0
1139.15	0	.5648949	.09339203	.3417131	0
1138.15	0	.5639526	.09408137	.3419661	0
1137.15	0	.5630133	.09476828	.3422184	0
1136.15	0	.5620771	.09545276	.3424701	0
1135.15	0	.561144	.09613482	.3427212	0
1134.15	0	.5602139	.09681444	.3429716	0
1133.15	0	.559287	.09749162	.3432214	0
1132.15	0	.5583631	.09816637	.3434705	0
1131.15	0	.5574423	.09883867	.343719	0
1130.15	0	.5565246	.09950854	.3439669	0
1129.15	0	.5556099	.1001759	.3442141	0
1128.15	0	.5546984	.1008409	.3444607	0
1127.15	0	.5537899	.1015034	.3447067	0
1126.15	0	.5528845	.1021635	.344952	0
1125.15	0	.5519822	.1028211	.3451967	0
1124.15	0	.551083	.1034762	.3454408	0
1123.15	0	.5501869	.1041289	.3456842	0
1122.15	0	.5492939	.1047791	.3459271	0
1121.15	0	.5484039	.1054268	.3461693	0
1120.15	0	.5475171	.106072	.3464108	0
1119.15	0	.5466334	.1067148	.3466518	0
1118.15	0	.5457528	.1073551	.3468922	0
1117.15	0	.5448752	.1079929	.3471319	0
1116.15	0	.5440008	.1086282	.347371	0
1115.15	0	.5431295	.109261	.3476095	0
1114.15	0	.5422613	.1098913	.3478474	0
1113.15	0	.5413962	.1105191	.3480847	0
1112.15	0	.5405342	.1111445	.3483214	0
1111.15	0	.5396753	.1117673	.3485574	0
1110.15	0	.5388196	.1123876	.3487929	0
1109.15	0	.5379669	.1130053	.3490277	0
1108.15	0	.5371174	.1136206	.349262	0
1107.15	0	.536271	.1142333	.3494956	0
1106.15	0	.5354278	.1148435	.3497287	0
1105.15	0	.5345877	.1154512	.3499611	0
1104.15	0	.5337507	.1160563	.350193	0
1103.15	0	.5329168	.1166589	.3504243	0
1102.15	0	.5320861	.117259	.3506549	0
1101.15	0	.5312585	.1178565	.350885	0
1100.15	0	.5304341	.1184514	.3511145	0
1099.15	0	.5296128	.1190438	.3513434	0
1098.15	0	.5287947	.1196336	.3515717	0
1097.15	0	.5279797	.1202209	.3517994	0
1096.15	0	.5271679	.1208055	.3520265	0
1095.15	0	.5263593	.1213877	.3522531	0
1094.15	0	.5255538	.1219672	.352479	0
1093.15	0	.5247515	.1225441	.3527044	0
1092.15	0	.5239523	.1231185	.3529292	0
1091.15	0	.5231564	.1236903	.3531534	0
1090.15	0	.5223636	.1242594	.353377	0
1089.15	0	.521574	.124826	.3536	0
1088.15	0	.5207876	.1253899	.3538225	0
1087.15	0	.5200044	.1259512	.3540444	0
1086.15	0	.5192243	.12651	.3542657	0
1085.15	0	.5184475	.1270661	.3544864	0
1084.15	0	.5176739	.1276195	.3547066	0
1083.15	0	.5169035	.1281703	.3549262	0
1082.15	0	.5161363	.1287185	.3551452	0
1081.15	0	.5153723	.1292641	.3553637	0
1080.15	0	.5146115	.129807	.3555815	0
1079.15	0	.513854	.1303472	.3557988	0
1078.15	0	.5130996	.1308848	.3560156	0
1077.15	0	.5123486	.1314197	.3562318	0
1076.15	0	.5116007	.1319519	.3564474	0
1075.15	0	.5108561	.1324815	.3566624	0
1074.15	0	.5101147	.1330084	.3568769	0
1073.15	0	.5093766	.1335326	.3570908	0
1072.15	0	.5086418	.1340541	.3573041	0
1071.15	0	.5079102	.1345729	.3575169	0
1070.15	0	.5071819	.135089	.3577291	0
1069.15	0	.5064568	.1356024	.3579408	0
1068.15	0	.5057351	.136113	.3581519	0
1067.15	0	.5050166	.136621	.3583624	0
1066.15	0	.5043014	.1371262	.3585724	0
1065.15	0	.5035895	.1376287	.3587818	0
1064.15	0	.5028808	.1381285	.3589907	0
1063.15	0	.5021755	.1386255	.359199	0
1062.15	0	.5014735	.1391197	.3594067	0
1061.15	0	.5007748	.1396112	.3596139	0
1060.15	0	.5000794	.1401	.3598206	0
1059.15	0	.4993874	.140586	.3600267	0
1058.15	0	.4986987	.1410692	.3602322	0
1057.15	0	.4980133	.1415496	.3604372	0
1056.15	0	.4973312	.1420272	.3606416	0
1055.15	0	.4966525	.1425021	.3608454	0
1054.15	0	.4959772	.1429741	.3610487	0
1053.15	0	.4953052	.1434433	.3612515	0
1052.15	0	.4946365	.1439098	.3614537	0
1051.15	0	.4939713	.1443734	.3616554	0
1050.15	0	.4933094	.1448342	.3618564	0
1049.15	0	.4926509	.1452921	.362057	0
1048.15	0	.4919958	.1457472	.362257	0
1047.15	0	.491344	.1461995	.3624564	0
1046.15	0	.4906957	.146649	.3626553	0
1045.15	0	.4900508	.1470955	.3628537	0
1044.15	0	.4894093	.1475393	.3630515	0
1043.15	0	.4887712	.1479801	.3632487	0
1042.15	0	.4881365	.1484181	.3634454	0
1041.15	0	.4875053	.1488532	.3636416	0
1040.15	0	.4868775	.1492854	.3638371	0
1039.15	0	.4862531	.1497147	.3640322	0
1038.15	0	.4856322	.1501411	.3642267	0
1037.15	0	.4850147	.1505647	.3644206	0
1036.15	0	.4844007	.1509853	.364614	0
1035.15	0	.4837902	.1514029	.3648069	0
1034.15	0	.4831832	.1518177	.3649992	0
1033.15	0	.4825796	.1522295	.3651909	0
1032.15	0	.4819795	.1526384	.3653821	0
1031.15	0	.4813829	.1530444	.3655727	0
1030.15	0	.4807898	.1534474	.3657628	0
1029.15	0	.4802003	.1538474	.3659523	0
1028.15	0	.4796142	.1542445	.3661413	0
1027.15	0	.4790317	.1546386	.3663298	0
1026.15	0	.4784526	.1550297	.3665176	0
1025.15	0	.4778772	.1554179	.366705	0
1024.15	0	.4773052	.155803	.3668917	0
1023.15	0	.4767368	.1561852	.367078	0
1022.15	0	.476172	.1565644	.3672636	0
1021.15	0	.4756107	.1569405	.3674487	0
1020.15	0	.475053	.1573137	.3676333	0
1019.15	0	.4744989	.1576838	.3678173	0
1018.15	0	.4739484	.1580509	.3680007	0
1017.15	0	.4734014	.158415	.3681836	0
1016.15	0	.472858	.158776	.368366	0
1015.15	0	.4723183	.159134	.3685477	0
1014.15	0	.4717821	.1594889	.3687289	0
1013.15	0	.4712496	.1598408	.3689096	0
1012.15	0	.4707207	.1601897	.3690897	0
1011.15	0	.4701954	.1605354	.3692692	0
1010.15	0	.4696737	.1608781	.3694482	0
1009.15	0	.4691557	.1612177	.3696266	0
1008.15	0	.4686414	.1615542	.3698044	0
1007.15	0	.4681307	.1618876	.3699817	0
1006.15	0	.4676236	.162218	.3701584	0
1005.15	0	.4671203	.1625452	.3703345	0
1004.15	0	.4666206	.1628693	.3705101	0
1003.15	0	.4661246	.1631903	.3706851	0
1002.15	0	.4656323	.1635082	.3708595	0
1001.15	0	.4651436	.163823	.3710334	0
1000.15	0	.4646587	.1641347	.3712067	0
999.15	0	.4641775	.1644432	.3713793	0
998.15	0	.4637	.1647485	.3715515	0
997.15	0	.4632262	.1650508	.371723	0
996.15	0	.4627561	.1653499	.371894	0
995.15	0	.4622898	.1656458	.3720644	0
994.15	0	.4618272	.1659386	.3722342	0
993.15	0	.4613684	.1662282	.3724034	0
992.15	0	.4609133	.1665147	.3725721	0
991.15	0	.460462	.1667979	.3727401	0
990.15	0	.4600144	.1670781	.3729076	0
989.15	0	.4595706	.167355	.3730744	0
988.15	0	.4591306	.1676288	.3732407	0
987.15	0	.4586943	.1678994	.3734063	0
986.15	0	.4582618	.1681668	.3735714	0
985.15	0	.4578331	.168431	.3737359	0
984.15	0	.4574082	.168692	.3738998	0
983.15	0	.4569872	.1689498	.374063	0
982.15	0	.4565699	.1692044	.3742257	0
981.15	0	.4561564	.1694559	.3743878	0
980.15	0	.4557467	.1697041	.3745492	0
979.15	0	.4553409	.1699491	.37471	0
978.15	0	.4549388	.1701909	.3748702	0
977.15	0	.4545406	.1704296	.3750298	0
976.15	0	.4541462	.170665	.3751888	0
975.15	0	.4537557	.1708972	.3753472	0
974.15	0	.453369	.1711262	.3755049	0
973.15	0	.4529861	.1713519	.375662	0
972.15	0	.4526071	.1715745	.3758184	0
971.15	0	.4522319	.1717939	.3759742	0
970.15	0	.4518605	.17201	.3761294	0
969.15	0	.4514931	.172223	.3762839	0
968.15	0	.4511294	.1724327	.3764378	0
967.15	0	.4507697	.1726393	.3765911	0
966.15	0	.4504137	.1728426	.3767437	0
965.15	0	.4500617	.1730427	.3768956	0
964.15	0	.4497134	.1732397	.3770469	0
963.15	0	.4493691	.1734334	.3771975	0
962.15	0	.4490286	.1736239	.3773474	0
961.15	0	.448692	.1738113	.3774967	0
960.15	0	.4483592	.1739955	.3776453	0
959.15	0	.4480303	.1741765	.3777932	0
958.15	0	.4477053	.1743543	.3779405	0
957.15	0	.4473841	.1745289	.378087	0
956.15	0	.4470668	.1747004	.3782329	0
955.15	0	.4467533	.1748687	.3783781	0
954.15	0	.4464436	.1750338	.3785225	0
953.15	0	.4461379	.1751958	.3786663	0
952.15	0	.445836	.1753547	.3788093	0
951.15	0	.4455379	.1755104	.3789517	0
950.15	0	.4452437	.1756631	.3790933	0
949.15	0	.4449533	.1758126	.3792342	0
948.15	0	.4446667	.175959	.3793743	0
947.15	0	.444384	.1761023	.3795138	0
946.15	0	.4441051	.1762425	.3796525	0
945.15	0	.44383	.1763796	.3797904	0
944.15	0	.4435587	.1765137	.3799276	0
943.15	0	.4432912	.1766448	.380064	0
942.15	0	.4430275	.1767728	.3801997	0
941.15	0	.4427676	.1768978	.3803346	0
940.15	0	.4425115	.1770198	.3804688	0
939.15	0	.4422591	.1771388	.3806021	0
938.15	0	.4420105	.1772548	.3807347	0
937.15	0	.4417657	.1773679	.3808665	0
936.15	0	.4415246	.177478	.3809974	0
935.15	0	.4412872	.1775853	.3811276	0
934.15	0	.4410535	.1776896	.3812569	0
933.15	0	.4408235	.177791	.3813855	0
932.15	0	.4405972	.1778896	.3815132	0
931.15	0	.4403746	.1779854	.38164	0
930.15	0	.4401556	.1780784	.381766	0
929.15	0	.4399403	.1781685	.3818912	0
928.15	0	.4397286	.1782559	.3820155	0
927.15	0	.4395205	.1783406	.382139	0
926.15	0	.4393159	.1784226	.3822615	0
925.15	0	.439115	.1785019	.3823832	0
924.15	0	.4389175	.1785785	.382504	0
923.15	0	.4387236	.1786525	.3826239	0
922.15	0	.4385332	.178724	.3827428	0
921.15	0	.4383463	.1787929	.3828609	0
920.15	0	.4381628	.1788593	.382978	0
919.15	0	.4379827	.1789232	.3830942	0
918.15	0	.437806	.1789846	.3832094	0
917.15	0	.4376327	.1790437	.3833236	0
916.15	0	.4374627	.1791004	.3834369	0
915.15	0	.437296	.1791548	.3835492	0
914.15	0	.4371326	.1792069	.3836606	0
913.15	0	.4369724	.1792567	.3837709	0
912.15	0	.4368155	.1793044	.3838801	0
911.15	0	.4366616	.17935	.3839884	0
910.15	0	.436511	.1793934	.3840956	0
909.15	0	.4363634	.1794348	.3842018	0
908.15	0	.4362188	.1794743	.3843069	0
907.15	0	.4360773	.1795118	.3844109	0
906.15	0	.4359387	.1795474	.3845139	0
905.15	0	.4358031	.1795813	.3846157	0
904.15	0	.4356703	.1796134	.3847164	0
903.15	0	.4355403	.1796438	.3848159	0
902.15	0	.4354131	.1796726	.3849143	0
901.15	0	.4352886	.1796998	.3850116	0
900.15	0	.4351668	.1797256	.3851077	0
899.15	0	.4350476	.1797499	.3852025	0
898.15	0	.4349309	.179773	.3852962	0
897.15	0	.4348167	.1797948	.3853886	0
896.15	0	.4347049	.1798154	.3854797	0
895.15	0	.4345954	.1798349	.3855696	0
894.15	0	.4344883	.1798535	.3856582	0
893.15	0	.4343833	.1798712	.3857455	0
892.15	0	.4342805	.179888	.3858315	0
891.15	0	.4341798	.1799041	.3859161	0
890.15	0	.434081	.1799197	.3859993	0
889.15	0	.4339841	.1799347	.3860812	0
888.15	0	.433889	.1799493	.3861616	0
887.15	0	.4337957	.1799637	.3862406	0
886.15	0	.433704	.1799779	.3863182	0
885.15	0	.4336138	.179992	.3863942	0
884.15	0	.433525	.1800063	.3864687	0
883.15	0	.4334376	.1800207	.3865417	0
882.15	0	.4333514	.1800355	.3866131	0
881.15	0	.4332663	.1800508	.3866829	0
880.15	0	.4331822	.1800667	.3867511	0
879.15	0	.4330989	.1800835	.3868176	0
878.15	0	.4330164	.1801012	.3868825	0
877.15	0	.4329345	.18012	.3869456	0
876.15	0	.4328531	.18014	.3870069	0
875.15	0	.432772	.1801616	.3870664	0
874.15	0	.4326911	.1801849	.3871241	0
873.15	0	.4326101	.18021	.3871799	0
872.15	0	.4325291	.1802371	.3872338	0
871.15	0	.4324477	.1802666	.3872857	0
870.15	0	.4323659	.1802986	.3873356	0
869.15	0	.4322833	.1803333	.3873834	0
868.15	0	.4321999	.180371	.3874291	0
867.15	0	.4321154	.180412	.3874726	0
866.15	0	.4320296	.1804565	.3875139	0
865.15	0	.4319422	.1805048	.387553	0
864.15	0	.4318531	.1805572	.3875897	0
863.15	0	.431762	.1806141	.3876239	0
862.15	0	.4316685	.1806758	.3876557	0
861.15	0	.4315725	.1807427	.3876849	0
860.15	0	.4314735	.1808151	.3877114	0
859.15	0	.4313714	.1808934	.3877352	0
858.15	0	.4312657	.1809781	.3877563	0
857.15	0	.4311561	.1810696	.3877743	0
856.15	0	.4310422	.1811684	.3877894	0
855.15	0	.4309236	.1812751	.3878013	0
854.15	0	.430614	.1816074	.3877787	0
853.15	0	.4302167	.1820461	.3877372	0
852.15	0	.4298534	.1824494	.3876973	0
851.15	0	.4295216	.1828196	.3876588	0
850.15	0	.4292195	.183159	.3876215	0
849.15	0	.428945	.1834695	.3875855	0
848.15	0	.4286964	.1837532	.3875505	0
847.15	0	.428472	.1840116	.3875164	0
846.15	0	.4282704	.1842465	.3874832	0
845.15	0	.42809	.1844593	.3874507	0
844.15	0	.4279297	.1846513	.387419	0
843.15	0	.4277881	.184824	.3873879	0
842.15	0	.4276642	.1849785	.3873574	0
841.15	0	.4275568	.1851159	.3873274	0
840.15	0	.4274649	.1852372	.3872978	0
839.15	0	.4273877	.1853436	.3872687	0
838.15	0	.4273242	.1854358	.38724	0
837.15	0	.4272736	.1855148	.3872116	0
836.15	0	.4272351	.1855814	.3871835	0
835.15	0	.4272079	.1856363	.3871557	0
834.15	0	.4271915	.1856804	.3871282	0
833.15	0	.4271851	.1857141	.3871008	0
832.15	0	.427188	.1857383	.3870737	0
831.15	0	.4271998	.1857534	.3870467	0
830.15	0	.4272199	.1857602	.3870199	0
829.15	0	.4272478	.185759	.3869932	0
828.15	0	.4272829	.1857505	.3869666	0
827.15	0	.4273248	.1857351	.3869402	0
826.15	0	.427373	.1857132	.3869138	0
825.15	0	.4274272	.1856853	.3868874	0
824.15	0	.427487	.1856518	.3868612	0
823.15	0	.4275519	.1856131	.386835	0
822.15	0	.4276217	.1855696	.3868088	0
821.15	0	.4276959	.1855215	.3867826	0
820.15	0	.4277743	.1854692	.3867565	0
819.15	0	.4278566	.1854131	.3867304	0
818.15	0	.4279424	.1853534	.3867042	0
817.15	0	.4280316	.1852903	.3866781	0
816.15	0	.4281238	.1852242	.386652	0
815.15	0	.4282189	.1851553	.3866258	0
814.15	0	.4283165	.1850839	.3865997	0
813.15	0	.4284165	.1850101	.3865735	0
812.15	0	.4285186	.1849341	.3865472	0
811.15	0	.4286228	.1848562	.386521	0
810.15	0	.4287287	.1847766	.3864947	0
809.15	0	.4288362	.1846954	.3864684	0
808.15	0	.4289451	.1846128	.386442	0
807.15	0	.4290554	.184529	.3864156	0
806.15	0	.4291668	.1844441	.3863892	0
805.15	0	.4292791	.1843582	.3863627	0
804.15	0	.4293924	.1842715	.3863361	0
803.15	0	.4295064	.1841841	.3863095	0
802.15	0	.429621	.1840962	.3862829	0
801.15	0	.4297361	.1840077	.3862562	0
800.15	0	.4298516	.183919	.3862294	0
799.15	0	.4299674	.18383	.3862026	0
798.15	0	.4300834	.1837408	.3861758	0
797.15	0	.4301996	.1836516	.3861488	0
796.15	0	.4303158	.1835624	.3861219	0
795.15	0	.4304319	.1834733	.3860948	0
794.15	0	.4305479	.1833844	.3860678	0
793.15	0	.4306637	.1832957	.3860406	0
792.15	0	.4307793	.1832073	.3860134	0
791.15	0	.4308945	.1831193	.3859861	0
790.15	0	.4310094	.1830318	.3859588	0
789.15	0	.4311239	.1829447	.3859314	0
788.15	0	.4312378	.1828581	.385904	0
787.15	0	.4313513	.1827722	.3858765	0
786.15	0	.4314642	.1826869	.385849	0
785.15	0	.4315764	.1826022	.3858214	0
784.15	0	.431688	.1825183	.3857937	0
783.15	0	.4317989	.1824351	.385766	0
782.15	0	.4319091	.1823527	.3857382	0
781.15	0	.4320185	.1822711	.3857104	0
780.15	0	.4321271	.1821904	.3856825	0
779.15	0	.432235	.1821105	.3856545	0
778.15	0	.432342	.1820315	.3856265	0
777.15	0	.4324481	.1819535	.3855985	0
776.15	0	.4325533	.1818763	.3855704	0
775.15	0	.4326576	.1818002	.3855422	0
774.15	0	.432761	.181725	.385514	0
773.15	0	.4328635	.1816508	.3854857	0
772.15	0	.432965	.1815776	.3854574	0
771.15	0	.4330656	.1815054	.385429	0
770.15	0	.4331651	.1814343	.3854005	0
769.15	0	.4332637	.1813642	.3853721	0
768.15	0	.4333613	.1812952	.3853435	0
767.15	0	.4334579	.1812272	.3853149	0
766.15	0	.4335534	.1811603	.3852863	0
765.15	0	.4336479	.1810945	.3852576	0
764.15	0	.4337414	.1810297	.3852289	0
763.15	0	.4338339	.1809661	.3852001	0
762.15	0	.4339253	.1809035	.3851712	0
761.15	0	.4340157	.180842	.3851423	0
760.15	0	.434105	.1807816	.3851134	0
759.15	0	.4341933	.1807223	.3850844	0
758.15	0	.4342805	.1806641	.3850554	0
757.15	0	.4343667	.180607	.3850263	0
756.15	0	.4344518	.180551	.3849971	0
755.15	0	.4345359	.1804961	.384968	0
754.15	0	.434619	.1804423	.3849387	0
753.15	0	.434701	.1803896	.3849095	0
752.15	0	.4347819	.1803379	.3848802	0
751.15	0	.4348618	.1802874	.3848508	0
750.15	0	.4349407	.1802379	.3848214	0
749.15	0	.4350185	.1801895	.384792	0
748.15	0	.4350954	.1801422	.3847625	0
747.15	0	.4351711	.1800959	.3847329	0
746.15	0	.4352459	.1800508	.3847034	0
745.15	0	.4353196	.1800066	.3846737	0
744.15	0	.4353924	.1799635	.3846441	0
743.15	0	.4354641	.1799215	.3846144	0
742.15	0	.4355348	.1798805	.3845846	0
741.15	0	.4356046	.1798406	.3845549	0
740.15	0	.4356733	.1798017	.384525	0
739.15	0	.4357411	.1797638	.3844952	0
738.15	0	.4358079	.1797269	.3844653	0
737.15	0	.4358737	.179691	.3844353	0
736.15	0	.4359385	.1796562	.3844053	0
735.15	0	.4360024	.1796223	.3843753	0
734.15	0	.4360654	.1795894	.3843453	0
733.15	0	.4361274	.1795575	.3843152	0
732.15	0	.4361884	.1795266	.384285	0
731.15	0	.4362485	.1794966	.3842549	0
730.15	0	.4363078	.1794676	.3842247	0
729.15	0	.4363661	.1794395	.3841944	0
728.15	0	.4364234	.1794124	.3841641	0
727.15	0	.4364799	.1793862	.3841338	0
726.15	0	.4365355	.179361	.3841035	0
725.15	0	.4365902	.1793367	.3840731	0
724.15	0	.4366441	.1793132	.3840427	0
723.15	0	.4366988	.1792895	.3840118	0
722.15	0	.4367507	.179268	.3839813	0
721.15	0	.4368018	.1792473	.3839509	0
720.15	0	.4368521	.1792275	.3839204	0
719.15	0	.4369016	.1792086	.3838898	0
718.15	0	.4369502	.1791906	.3838592	0
717.15	0	.436998	.1791734	.3838286	0
716.15	0	.437045	.179157	.383798	0
715.15	0	.4370912	.1791415	.3837673	0
714.15	0	.4371366	.1791268	.3837366	0
713.15	0	.4371812	.1791129	.3837059	0
712.15	0	.4372251	.1790998	.3836751	0
711.15	0	.4372681	.1790875	.3836443	0
710.15	0	.4373105	.1790761	.3836135	0
709.15	0	.437352	.1790654	.3835826	0
708.15	0	.4373928	.1790555	.3835518	0
707.15	0	.4374328	.1790463	.3835208	0
706.15	0	.4374722	.1790379	.3834899	0
705.15	0	.4375107	.1790303	.383459	0
704.15	0	.4375486	.1790234	.383428	0
703.15	0	.4375857	.1790173	.383397	0
702.15	0	.4376222	.1790119	.3833659	0
701.15	0	.4376579	.1790072	.3833349	0
700.15	0	.437693	.1790033	.3833038	0
699.15	0	.4377273	.179	.3832727	0
698.15	0	.437761	.1789975	.3832415	0
697.15	0	.437794	.1789957	.3832104	0
696.15	0	.4378263	.1789945	.3831792	0
695.15	0	.437858	.178994	.383148	0
694.15	0	.437889	.1789942	.3831168	0
693.15	0	.4379194	.1789951	.3830855	0
692.15	0	.4379491	.1789966	.3830543	0
691.15	0	.4379782	.1789988	.383023	0
690.15	0	.4380067	.1790016	.3829917	0
689.15	0	.4380346	.1790051	.3829603	0
688.15	0	.4380618	.1790092	.382929	0
687.15	0	.4380885	.1790139	.3828977	0
686.15	0	.4381145	.1790192	.3828663	0
685.15	0	.4381399	.1790252	.3828349	0
684.15	0	.4381648	.1790317	.3828035	0
683.15	0	.4381891	.1790389	.382772	0
682.15	0	.4382128	.1790466	.3827406	0
681.15	0	.4382359	.179055	.3827091	0
680.15	0	.4382585	.1790639	.3826777	0
679.15	0	.4382805	.1790734	.3826462	0
678.15	0	.4383019	.1790834	.3826147	0
677.15	0	.4383228	.179094	.3825832	0
676.15	0	.4383432	.1791052	.3825516	0
675.15	0	.438363	.1791168	.3825201	0
674.15	0	.4383824	.1791291	.3824886	0
673.15	0	.4384011	.1791419	.382457	0
672.15	0	.4384194	.1791552	.3824254	0
671.15	0	.4384372	.179169	.3823938	0
670.15	0	.4384544	.1791833	.3823622	0
669.15	0	.4384712	.1791982	.3823306	0
668.15	0	.4384874	.1792135	.382299	0
667.15	0	.4385032	.1792294	.3822674	0
666.15	0	.4385185	.1792457	.3822358	0
665.15	0	.4385333	.1792626	.3822041	0
664.15	0	.4385477	.1792799	.3821725	0
663.15	0	.4385615	.1792976	.3821408	0
662.15	0	.4385749	.1793159	.3821092	0
661.15	0	.4385879	.1793346	.3820775	0
660.15	0	.4386004	.1793538	.3820458	0
659.15	0	.4386124	.1793734	.3820142	0
658.15	0	.438624	.1793935	.3819825	0
657.15	0	.4386352	.179414	.3819508	0
656.15	0	.438646	.1794349	.3819191	0
655.15	0	.4386563	.1794563	.3818874	0
654.15	0	.4386661	.1794781	.3818557	0
653.15	0	.4386756	.1795004	.381824	0
652.15	0	.4386847	.179523	.3817923	0
651.15	0	.4386933	.1795461	.3817606	0
650.15	0	.4387016	.1795695	.3817289	0
649.15	0	.4387094	.1795934	.3816972	0
648.15	0	.4387169	.1796176	.3816655	0
647.15	0	.4387239	.1796423	.3816338	0
646.15	0	.4387306	.1796673	.3816021	0
645.15	0	.4387369	.1796927	.3815704	0
644.15	0	.4387428	.1797185	.3815387	0
643.15	0	.4387484	.1797447	.381507	0
642.15	0	.4387535	.1797712	.3814753	0
641.15	0	.4387583	.1797981	.3814436	0
640.15	0	.4387628	.1798253	.3814119	0
639.15	0	.4387669	.1798529	.3813803	0
638.15	0	.4387706	.1798808	.3813486	0
637.15	0	.438774	.1799091	.3813169	0
636.15	0	.438777	.1799377	.3812852	0
635.15	0	.4387797	.1799667	.3812536	0
634.15	0	.4387821	.179996	.3812219	0
633.15	0	.4387842	.1800256	.3811903	0
632.15	0	.4387859	.1800555	.3811586	0
631.15	0	.4387872	.1800858	.381127	0
630.15	0	.4387883	.1801164	.3810953	0
629.15	0	.438789	.1801472	.3810637	0
628.15	0	.4387895	.1801784	.3810321	0
627.15	0	.4387896	.1802099	.3810005	0
626.15	0	.4387894	.1802417	.3809689	0
625.15	0	.4387889	.1802737	.3809373	0
624.15	0	.4387881	.1803061	.3809058	0
623.15	0	.438787	.1803387	.3808742	0
622.15	0	.4387857	.1803717	.3808427	0
621.15	0	.438784	.1804049	.3808111	0
620.15	0	.4387821	.1804383	.3807796	0
619.15	0	.4387798	.1804721	.3807481	0
618.15	0	.4387773	.1805061	.3807166	0
617.15	0	.4387745	.1805404	.3806851	0
616.15	0	.4387715	.1805749	.3806537	0
615.15	0	.4387681	.1806097	.3806222	0
614.15	0	.4387645	.1806447	.3805908	0
613.15	0	.4387607	.18068	.3805594	0
612.15	0	.4387566	.1807155	.380528	0
611.15	0	.4387522	.1807512	.3804966	0
610.15	0	.4387476	.1807872	.3804652	0
609.15	0	.4387427	.1808235	.3804338	0
608.15	0	.4387376	.1808599	.3804025	0
607.15	0	.4387322	.1808966	.3803712	0
606.15	0	.4387266	.1809335	.3803399	0
605.15	0	.4387208	.1809706	.3803086	0
604.15	0	.4387147	.181008	.3802774	0
603.15	0	.4387084	.1810455	.3802461	0
602.15	0	.4387018	.1810833	.3802149	0
601.15	0	.4386951	.1811212	.3801837	0
600.15	0	.4386881	.1811594	.3801526	0
599.15	0	.4386808	.1811978	.3801214	0
598.15	0	.4386734	.1812363	.3800903	0
597.15	0	.4386658	.1812751	.3800592	0
596.15	0	.4386579	.181314	.3800281	0
595.15	0	.4386498	.1813531	.379997	0
594.15	0	.4386415	.1813925	.379966	0
593.15	0	.438633	.181432	.379935	0
592.15	0	.4386244	.1814716	.379904	0
591.15	0	.4386155	.1815115	.3798731	0
590.15	0	.4386064	.1815515	.3798421	0
589.15	0	.4385971	.1815917	.3798112	0
588.15	0	.4385876	.181632	.3797804	0
587.15	0	.438578	.1816725	.3797495	0
586.15	0	.4385681	.1817132	.3797187	0
585.15	0	.4385581	.181754	.3796879	0
584.15	0	.4385478	.181795	.3796571	0
583.15	0	.4385374	.1818361	.3796264	0
582.15	0	.4385269	.1818774	.3795957	0
581.15	0	.4385161	.1819188	.3795651	0
580.15	0	.4385052	.1819604	.3795344	0
579.15	0	.4384941	.1820021	.3795038	0
578.15	0	.4384828	.182044	.3794732	0
577.15	0	.4384714	.1820859	.3794427	0
576.15	0	.4384598	.182128	.3794122	0
575.15	0	.438448	.1821703	.3793817	0
574.15	0	.4384361	.1822127	.3793513	0
573.15	0	.438424	.1822552	.3793209	0
572.15	0	.4384117	.1822978	.3792905	0
571.15	0	.4383994	.1823405	.3792602	0
570.15	0	.4383868	.1823834	.3792299	0
569.15	0	.4383741	.1824263	.3791996	0
568.15	0	.4383613	.1824694	.3791694	0
567.15	0	.4383483	.1825126	.3791392	0
566.15	0	.4383351	.1825559	.379109	0
565.15	0	.4383219	.1825992	.3790789	0
564.15	0	.4383085	.1826427	.3790488	0
563.15	0	.4382949	.1826863	.3790188	0
562.15	0	.4382812	.18273	.3789888	0
561.15	0	.4382674	.1827738	.3789588	0
560.15	0	.4382534	.1828177	.3789289	0
559.15	0	.4382393	.1828616	.378899	0
558.15	0	.4382251	.1829057	.3788692	0
557.15	0	.4382108	.1829498	.3788394	0
556.15	0	.4381963	.1829941	.3788096	0
555.15	0	.4381817	.1830384	.3787799	0
554.15	0	.438167	.1830827	.3787503	0
553.15	0	.4381522	.1831272	.3787206	0
552.15	0	.4381372	.1831717	.378691	0
551.15	0	.4381222	.1832163	.3786615	0
550.15	0	.438107	.183261	.378632	0
549.15	0	.4380917	.1833057	.3786026	0
548.15	0	.4380763	.1833505	.3785732	0
547.15	0	.4380608	.1833954	.3785438	0
546.15	0	.4380452	.1834403	.3785145	0
545.15	0	.4380294	.1834853	.3784852	0
544.15	0	.4380136	.1835304	.378456	0
543.15	0	.4379977	.1835755	.3784269	0
542.15	0	.4379816	.1836206	.3783977	0
541.15	0	.4379655	.1836658	.3783687	0
540.15	0	.4379493	.1837111	.3783397	0
539.15	0	.4379329	.1837564	.3783107	0
538.15	0	.4379165	.1838017	.3782818	0
537.15	0	.4379	.1838471	.3782529	0
536.15	0	.4378834	.1838925	.3782241	0
535.15	0	.4378667	.183938	.3781953	0
534.15	0	.4378499	.1839835	.3781666	0
533.15	0	.437833	.1840291	.3781379	0
532.15	0	.4378161	.1840746	.3781093	0
531.15	0	.437799	.1841202	.3780808	0
530.15	0	.4377819	.1841659	.3780523	0
529.15	0	.4377647	.1842115	.3780238	0
528.15	0	.4377474	.1842572	.3779954	0
527.6888	0	.4377394	.1842783	.3779823	0
527.6888	0	.4377394	.1842783	.3779823	0
527.6888	0	.4377394	.1842783	.3779823	0
527.15	0	.4378566	.1840178	.3778306	2.950065E-04
526.15	0	.438073	.183536	.3775497	8.413631E-04
525.15	0	.4382878	.1830564	.3772696	.001386149
524.15	0	.4385011	.1825791	.3769904	.001929379
523.15	0	.438713	.1821039	.376712	.002471067
522.15	0	.4389233	.181631	.3764345	.003011229
521.15	0	.4391323	.1811602	.3761577	.003549879
520.15	0	.4393397	.1806915	.3758818	.00408703
519.15	0	.4395458	.1802249	.3756066	.004622698
518.15	0	.4397505	.1797603	.3753323	.005156896
517.15	0	.4399538	.1792978	.3750588	.005689637
516.15	0	.4401557	.1788373	.374786	.006220935
515.15	0	.4403564	.1783788	.374514	.006750805
514.15	0	.4405557	.1779223	.3742428	.007279258
513.15	0	.4407537	.1774677	.3739724	.007806309
512.15	0	.4409504	.177015	.3737027	.00833197
511.15	0	.4411459	.1765641	.3734338	.008856255
510.15	0	.4413401	.1761152	.3731656	.009379175
509.15	0	.4415331	.1756681	.3728981	.009900745
508.15	0	.4417249	.1752228	.3726314	.01042097
507.15	0	.4419155	.1747793	.3723654	.01093988
506.15	0	.4421049	.1743375	.3721001	.01145747
505.15	0	.4422932	.1738975	.3718356	.01197376
504.15	0	.4424803	.1734592	.3715717	.01248875
503.15	0	.4426663	.1730227	.3713086	.01300247
502.15	0	.4428512	.1725878	.3710461	.01351493
501.15	0	.4430349	.1721545	.3707844	.01402612
500.15	0	.4432177	.1717229	.3705233	.01453608
499.15	0	.4433993	.171293	.3702629	.0150448
498.15	0	.4435799	.1708646	.3700032	.0155523
497.15	0	.4437595	.1704378	.3697442	.0160586
496.15	0	.443938	.1700125	.3694858	.01656369
495.15	0	.4441155	.1695888	.3692281	.01706759
494.15	0	.4442921	.1691666	.3689711	.01757032
493.15	0	.4444676	.1687458	.3687146	.01807189
492.15	0	.4446422	.1683266	.3684589	.01857229
491.15	0	.4448159	.1679088	.3682037	.01907156
490.15	0	.4449887	.1674924	.3679492	.01956971
489.15	0	.4451605	.1670775	.3676953	.02006671
488.15	0	.4453314	.166664	.3674421	.0205626
487.15	0	.4455014	.1662518	.3671895	.02105738
486.15	0	.4456705	.165841	.3669374	.02155107
485.15	0	.4458387	.1654316	.3666861	.02204368
484.15	0	.4460061	.1650235	.3664353	.02253521
483.15	0	.4461726	.1646167	.3661851	.02302568
482.15	0	.4463383	.1642112	.3659355	.02351509
481.15	0	.4465031	.1638069	.3656865	.02400345
480.15	0	.4466672	.1634039	.3654381	.02449078
479.15	0	.4468304	.1630022	.3651903	.02497708
478.15	0	.4469929	.1626017	.3649431	.02546237
477.15	0	.4471546	.1622024	.3646964	.02594664
476.15	0	.4473155	.1618043	.3644503	.02642991
475.15	0	.4474757	.1614074	.3642048	.0269122
474.15	0	.4476351	.1610116	.3639598	.0273935
473.15	0	.4477938	.160617	.3637154	.02787383
472.15	0	.4479517	.1602235	.3634716	.02835319
471.15	0	.448109	.1598311	.3632283	.0288316
470.15	0	.4482655	.1594398	.3629856	.02930906
469.15	0	.4484214	.1590497	.3627434	.02978558
468.15	0	.4485766	.1586605	.3625017	.03026117
467.15	0	.4487311	.1582725	.3622606	.03073584
466.15	0	.4488849	.1578855	.36202	.0312096
465.15	0	.4490381	.1574995	.3617799	.03168245
464.15	0	.4491907	.1571145	.3615404	.0321544
463.15	0	.4493426	.1567305	.3613014	.03262546
462.15	0	.4494939	.1563475	.3610629	.03309564
461.15	0	.4496446	.1559655	.3608249	.03356495
460.15	0	.4497947	.1555845	.3605875	.03403338
459.15	0	.4499442	.1552043	.3603505	.03450096
458.15	0	.4500931	.1548252	.360114	.03496769
457.15	0	.4502414	.1544469	.3598781	.03543358
456.15	0	.4503892	.1540695	.3596426	.03589863
455.15	0	.4505364	.1536931	.3594077	.03636285
454.15	0	.450683	.1533175	.3591732	.03682625
453.15	0	.4508292	.1529428	.3589392	.03728883
452.15	0	.4509747	.1525689	.3587057	.03775061
451.15	0	.4511198	.1521959	.3584727	.03821159
450.15	0	.4512643	.1518237	.3582402	.03867177
449.15	0	.4514084	.1514523	.3580081	.03913118
448.15	0	.4515519	.1510817	.3577766	.03958982
447.15	0	.451695	.1507119	.3575454	.04004768
446.15	0	.4518376	.1503428	.3573148	.04050478
445.15	0	.4519797	.1499745	.3570846	.04096113
444.15	0	.4521214	.149607	.3568549	.04141673
443.15	0	.4522626	.1492401	.3566257	.04187159
442.15	0	.4524034	.148874	.3563969	.04232572
441.15	0	.4525437	.1485086	.3561686	.04277913
440.15	0	.4526836	.1481438	.3559407	.04323181
439.15	0	.4528232	.1477798	.3557133	.04368379
438.15	0	.4529623	.1474163	.3554863	.04413506
437.15	0	.453101	.1470535	.3552598	.04458564
436.15	0	.4532394	.1466914	.3550337	.04503553
435.15	0	.4533774	.1463298	.3548081	.04548473
434.15	0	.453515	.1459689	.3545829	.04593326
