T	 BPW(LIQUID)	BPW(BCC_A2)	BPW(FCC_A1)	BPW(LAVES_PHASE_C14)	BPW(NI3TI)
1473.15	.2647285	.513996	0	.2212755	0
1472.15	.259138	.5176497	0	.2232124	0
1471.15	.25365	.5212326	0	.2251174	0
1470.15	.2482621	.5247466	0	.2269913	0
1469.15	.2429714	.5281936	0	.228835	0
1468.15	.2377756	.5315751	0	.2306494	0
1467.15	.2326722	.5348928	0	.232435	0
1466.15	.2276588	.5381484	0	.2341928	0
1465.15	.2227333	.5413433	0	.2359234	0
1464.15	.2178934	.5444791	0	.2376275	0
1463.15	.213137	.5475572	0	.2393058	0
1462.15	.208462	.5505791	0	.2409589	0
1461.15	.2038665	.553546	0	.2425875	0
1460.15	.1993485	.5564593	0	.2441922	0
1459.15	.1949062	.5593203	0	.2457735	0
1458.15	.1905378	.5621302	0	.247332	0
1457.15	.1862415	.5648902	0	.2488683	0
1457.079	.1859381	.565085	0	.248977	0
1457.079	.1859381	.565085	0	.248977	0
1457.079	.1859381	.565085	0	.248977	0
1456.15	.1721291	.5529663	.02130876	.2535959	0
1455.15	.1575659	.5403178	.04368479	.2584315	0
1454.15	.1433069	.5280682	.065495	.26313	0
1453.15	.12934	.5162023	.08676121	.2676965	0
1452.15	.1156538	.5047058	.1075042	.2721363	0
1451.15	.1022376	.4935649	.1277436	.276454	0
1450.15	.08908092	.4827667	.1474982	.2806542	0
1449.15	.07617404	.4722987	.1667859	.2847414	0
1448.15	.06350753	.4621492	.1856236	.2887197	0
1447.15	.05107245	.4523069	.2040277	.2925929	0
1446.15	.03886025	.4427613	.2220135	.296365	0
1445.15	.02686275	.433502	.2395957	.3000395	0
1444.15	.01507215	.4245195	.2567886	.3036198	0
1443.15	.003481002	.4158044	.2736054	.3071092	0
1442.846	0	.4132099	.2786389	.3081512	0
1442.846	0	.4132099	.2786389	.3081512	0
1442.15	0	.4114221	.2801083	.3084696	0
1441.15	0	.4088606	.282214	.3089254	0
1440.15	0	.4063059	.2843147	.3093793	0
1439.15	0	.4037581	.2864104	.3098315	0
1438.15	0	.401217	.2885012	.3102818	0
1437.15	0	.3986827	.2905869	.3107304	0
1436.15	0	.3961551	.2926677	.3111773	0
1435.15	0	.3936342	.2947435	.3116224	0
1434.15	0	.39112	.2968143	.3120657	0
1433.15	0	.3886125	.2988802	.3125073	0
1432.15	0	.3861116	.3009412	.3129472	0
1431.15	0	.3836173	.3029973	.3133854	0
1430.15	0	.3811297	.3050485	.3138218	0
1429.15	0	.3786487	.3070948	.3142566	0
1428.15	0	.3761742	.3091362	.3146896	0
1427.15	0	.3737063	.3111727	.315121	0
1426.15	0	.371245	.3132043	.3155507	0
1425.15	0	.3687901	.3152312	.3159788	0
1424.15	0	.3663417	.3172531	.3164051	0
1423.15	0	.3638999	.3192703	.3168299	0
1422.15	0	.3614644	.3212826	.317253	0
1421.15	0	.3590355	.3232901	.3176744	0
1420.15	0	.3566129	.3252928	.3180943	0
1419.15	0	.3541968	.3272907	.3185125	0
1418.15	0	.351787	.3292838	.3189291	0
1417.15	0	.3493837	.3312722	.3193442	0
1416.15	0	.3469866	.3332558	.3197576	0
1415.15	0	.3445959	.3352346	.3201695	0
1414.15	0	.3422116	.3372087	.3205797	0
1413.15	0	.3398335	.3391781	.3209884	0
1412.15	0	.3374617	.3411427	.3213956	0
1411.15	0	.3350962	.3431026	.3218012	0
1410.15	0	.3327369	.3450578	.3222053	0
1409.15	0	.3303839	.3470083	.3226078	0
1408.15	0	.3280371	.3489542	.3230088	0
1407.15	0	.3256965	.3508953	.3234082	0
1406.15	0	.323362	.3528318	.3238062	0
1405.15	0	.3210338	.3547636	.3242027	0
1404.15	0	.3187117	.3566907	.3245976	0
1403.15	0	.3163958	.3586132	.3249911	0
1402.15	0	.3140859	.360531	.3253831	0
1401.15	0	.3117822	.3624442	.3257736	0
1400.15	0	.3094846	.3643528	.3261626	0
1399.15	0	.307193	.3662568	.3265502	0
1398.15	0	.3049076	.3681561	.3269363	0
1397.15	0	.3026281	.3700508	.327321	0
1396.15	0	.3003548	.371941	.3277043	0
1395.15	0	.2980874	.3738265	.3280861	0
1394.15	0	.295826	.3757075	.3284665	0
1393.15	0	.2935707	.3775839	.3288454	0
1392.15	0	.2913213	.3794557	.329223	0
1391.15	0	.2890779	.381323	.3295991	0
1390.15	0	.2868404	.3831857	.3299739	0
1389.15	0	.2846089	.3850439	.3303472	0
1388.15	0	.2823833	.3868975	.3307192	0
1387.15	0	.2801636	.3887466	.3310898	0
1386.15	0	.2779499	.3905911	.331459	0
1385.15	0	.275742	.3924311	.3318269	0
1384.15	0	.27354	.3942666	.3321934	0
1383.15	0	.2713438	.3960976	.3325586	0
1382.15	0	.2691536	.3979241	.3329224	0
1381.15	0	.2669691	.3997461	.3332848	0
1380.15	0	.2647905	.4015635	.333646	0
1379.15	0	.2626177	.4033765	.3340058	0
1378.15	0	.2604507	.405185	.3343643	0
1377.15	0	.2582895	.406989	.3347215	0
1376.15	0	.2561341	.4087885	.3350773	0
1375.15	0	.2539845	.4105836	.3354319	0
1374.15	0	.2518406	.4123742	.3357852	0
1373.15	0	.2497025	.4141603	.3361372	0
1372.15	0	.2475701	.415942	.3364879	0
1371.15	0	.2454435	.4177192	.3368373	0
1370.15	0	.2433225	.419492	.3371855	0
1369.15	0	.2412073	.4212603	.3375324	0
1368.15	0	.2390978	.4230241	.337878	0
1367.15	0	.236994	.4247836	.3382224	0
1366.15	0	.2348959	.4265386	.3385656	0
1365.15	0	.2328034	.4282891	.3389075	0
1364.15	0	.2307166	.4300352	.3392481	0
1363.15	0	.2286355	.4317769	.3395876	0
1362.15	0	.22656	.4335142	.3399258	0
1361.15	0	.2244902	.4352471	.3402628	0
1360.15	0	.222426	.4369755	.3405986	0
1359.15	0	.2203674	.4386995	.3409331	0
1358.15	0	.2183144	.4404191	.3412665	0
1357.15	0	.216267	.4421343	.3415987	0
1356.15	0	.2142252	.4438451	.3419297	0
1355.15	0	.2121891	.4455515	.3422595	0
1354.15	0	.2101584	.4472534	.3425881	0
1353.15	0	.2081334	.448951	.3429156	0
1352.15	0	.206114	.4506442	.3432419	0
1351.15	0	.2041001	.4523329	.343567	0
1350.15	0	.2020918	.4540173	.343891	0
1349.15	0	.200089	.4556972	.3442138	0
1348.15	0	.1980918	.4573728	.3445354	0
1347.15	0	.1961001	.459044	.344856	0
1346.15	0	.1941139	.4607107	.3451753	0
1345.15	0	.1921333	.4623731	.3454936	0
1344.15	0	.1901582	.4640311	.3458107	0
1343.15	0	.1881886	.4656847	.3461267	0
1342.15	0	.1862245	.4673338	.3464416	0
1341.15	0	.184266	.4689786	.3467554	0
1340.15	0	.1823129	.470619	.3470681	0
1339.15	0	.1803654	.472255	.3473796	0
1338.15	0	.1784233	.4738866	.3476901	0
1337.15	0	.1764867	.4755138	.3479995	0
1336.15	0	.1745556	.4771366	.3483078	0
1335.15	0	.17263	.478755	.348615	0
1334.15	0	.1707099	.480369	.3489211	0
1333.15	0	.1687952	.4819786	.3492262	0
1332.15	0	.1668861	.4835838	.3495301	0
1331.15	0	.1649824	.4851846	.3498331	0
1330.15	0	.1630841	.486781	.3501349	0
1329.15	0	.1611913	.4883729	.3504357	0
1328.15	0	.159304	.4899605	.3507355	0
1327.15	0	.1574222	.4915436	.3510342	0
1326.15	0	.1555458	.4931223	.3513319	0
1325.15	0	.1536749	.4946966	.3516285	0
1324.15	0	.1518094	.4962665	.3519241	0
1323.15	0	.1499494	.4978319	.3522187	0
1322.15	0	.1480948	.4993929	.3525123	0
1321.15	0	.1462457	.5009495	.3528048	0
1320.15	0	.1444021	.5025016	.3530963	0
1319.15	0	.1425639	.5040493	.3533868	0
1318.15	0	.1407311	.5055925	.3536763	0
1317.15	0	.1389039	.5071313	.3539648	0
1316.15	0	.137082	.5086657	.3542523	0
1315.15	0	.1352656	.5101955	.3545388	0
1314.15	0	.1334547	.5117209	.3548244	0
1313.15	0	.1316493	.5132418	.3551089	0
1312.15	0	.1298493	.5147583	.3553924	0
1311.15	0	.1280547	.5162703	.355675	0
1310.15	0	.1262656	.5177777	.3559566	0
1309.15	0	.124482	.5192807	.3562373	0
1308.15	0	.1227039	.5207792	.3565169	0
1307.15	0	.1209312	.5222732	.3567956	0
1306.15	0	.119164	.5237626	.3570734	0
1305.15	0	.1174022	.5252476	.3573502	0
1304.15	0	.115646	.526728	.357626	0
1303.15	0	.1138952	.5282038	.3579009	0
1302.15	0	.1121499	.5296752	.3581749	0
1301.15	0	.1104101	.5311419	.3584479	0
1300.15	0	.1086758	.5326042	.35872	0
1299.15	0	.106947	.5340618	.3589912	0
1298.15	0	.1052237	.5355149	.3592614	0
1297.15	0	.1035059	.5369634	.3595307	0
1296.15	0	.1017937	.5384072	.3597991	0
1295.15	0	.1000869	.5398465	.3600666	0
1294.15	0	.09838567	.5412812	.3603331	0
1293.15	0	.09668997	.5427112	.3605988	0
1292.15	0	.0949998	.5441366	.3608635	0
1291.15	0	.09331519	.5455574	.3611274	0
1290.15	0	.09163612	.5469735	.3613903	0
1289.15	0	.08996262	.548385	.3616524	0
1288.15	0	.08829468	.5497918	.3619136	0
1287.15	0	.08663231	.5511939	.3621738	0
1286.15	0	.08497553	.5525912	.3624332	0
1285.15	0	.08332434	.5539839	.3626917	0
1284.15	0	.08167875	.5553719	.3629494	0
1283.15	0	.08003877	.5567551	.3632061	0
1282.15	0	.07840441	.5581336	.363462	0
1281.15	0	.07677567	.5595073	.363717	0
1280.15	0	.07515257	.5608762	.3639712	0
1279.15	0	.07353512	.5622404	.3642245	0
1278.15	0	.07192333	.5635997	.3644769	0
1277.15	0	.07031721	.5649543	.3647285	0
1276.15	0	.06871677	.566304	.3649793	0
1275.15	0	.06712202	.5676488	.3652291	0
1274.15	0	.06553298	.5689888	.3654782	0
1273.15	0	.06394965	.570324	.3657264	0
1272.15	0	.06237205	.5716542	.3659737	0
1271.15	0	.06080019	.5729796	.3662203	0
1270.15	0	.05923408	.5743	.3664659	0
1269.15	0	.05767375	.5756155	.3667108	0
1268.15	0	.05611919	.576926	.3669548	0
1267.15	0	.05457043	.5782315	.367198	0
1266.15	0	.05302748	.5795321	.3674404	0
1265.15	0	.05149036	.5808277	.367682	0
1264.15	0	.04995907	.5821182	.3679228	0
1263.15	0	.04843364	.5834037	.3681627	0
1262.15	0	.04691408	.5846841	.3684018	0
1261.15	0	.04540041	.5859595	.3686401	0
1260.15	0	.04389264	.5872297	.3688777	0
1259.15	0	.0423908	.5884948	.3691144	0
1258.15	0	.04089489	.5897548	.3693503	0
1257.15	0	.03940494	.5910096	.3695854	0
1256.15	0	.03792097	.5922593	.3698197	0
1255.15	0	.03644298	.5935037	.3700533	0
1254.15	0	.03497101	.594743	.370286	0
1253.15	0	.03350507	.5959769	.370518	0
1252.15	0	.03204518	.5972056	.3707492	0
1251.15	0	.03059136	.5984291	.3709796	0
1250.15	0	.02914363	.5996472	.3712092	0
1249.15	0	.02770202	.6008599	.3714381	0
1248.15	0	.02626653	.6020673	.3716661	0
1247.15	0	.02483721	.6032694	.3718934	0
1246.15	0	.02341406	.604466	.37212	0
1245.15	0	.02199711	.6056571	.3723458	0
1244.15	0	.02058638	.6068429	.3725708	0
1243.15	0	.01918189	.6080231	.372795	0
1242.15	0	.01778368	.6091978	.3730185	0
1241.15	0	.01639176	.610367	.3732412	0
1240.15	0	.01500616	.6115306	.3734632	0
1239.15	0	.0136269	.6126886	.3736845	0
1238.15	0	.01225401	.613841	.373905	0
1237.15	0	.01088752	.6149878	.3741247	0
1236.15	0	.009527443	.6161289	.3743437	0
1235.15	0	.008173819	.6172643	.3745619	0
1234.15	0	.006826672	.6183939	.3747794	0
1233.15	0	.005486028	.6195178	.3749962	0
1232.15	0	.004151916	.6206358	.3752123	0
1231.15	0	.002824365	.6217481	.3754276	0
1230.15	0	.001503405	.6228545	.3756421	0
1229.15	0	1.890646E-04	.623955	.375856	0
1229.006	0	0	.6241132	.3758868	0
1229.006	0	0	.6241132	.3758868	0
1228.15	0	0	.6239642	.3760358	0
1227.15	0	0	.6237904	.3762097	0
1226.15	0	0	.6236168	.3763832	0
1225.15	0	0	.6234436	.3765564	0
1224.15	0	0	.6232708	.3767292	0
1223.15	0	0	.6230982	.3769018	0
1222.15	0	0	.622926	.377074	0
1221.15	0	0	.6227542	.3772458	0
1220.15	0	0	.6225826	.3774174	0
1219.15	0	0	.6224114	.3775886	0
1218.15	0	0	.6222405	.3777595	0
1217.15	0	0	.6220699	.3779301	0
1216.15	0	0	.6218996	.3781004	0
1215.15	0	0	.6217297	.3782703	0
1214.15	0	0	.6215601	.3784399	0
1213.15	0	0	.6213908	.3786092	0
1212.15	0	0	.6212218	.3787782	0
1211.15	0	0	.6210532	.3789468	0
1210.15	0	0	.6208849	.3791152	0
1209.15	0	0	.6207168	.3792832	0
1208.15	0	0	.6205491	.3794509	0
1207.15	0	0	.6203818	.3796182	0
1206.15	0	0	.6202147	.3797853	0
1205.15	0	0	.620048	.379952	0
1204.15	0	0	.6198816	.3801184	0
1203.15	0	0	.6197155	.3802845	0
1202.15	0	0	.6195497	.3804503	0
1201.15	0	0	.6193842	.3806158	0
1200.15	0	0	.6192191	.3807809	0
1199.15	0	0	.6190543	.3809457	0
1198.15	0	0	.6188897	.3811103	0
1197.15	0	0	.6187255	.3812745	0
1196.15	0	0	.6185616	.3814384	0
1195.15	0	0	.6183981	.381602	0
1194.15	0	0	.6182348	.3817652	0
1193.15	0	0	.6180718	.3819282	0
1192.15	0	0	.6179092	.3820908	0
1191.15	0	0	.6177468	.3822532	0
1190.15	0	0	.6175848	.3824152	0
1189.15	0	0	.6174231	.3825769	0
1188.15	0	0	.6172617	.3827383	0
1187.15	0	0	.6171006	.3828994	0
1186.15	0	0	.6169398	.3830602	0
1185.15	0	0	.6167793	.3832207	0
1184.15	0	0	.6166191	.3833809	0
1183.15	0	0	.6164592	.3835408	0
1182.15	0	0	.6162997	.3837003	0
1181.15	0	0	.6161404	.3838596	0
1180.15	0	0	.6159815	.3840186	0
1179.15	0	0	.6158228	.3841772	0
1178.15	0	0	.6156645	.3843356	0
1177.15	0	0	.6155064	.3844936	0
1176.15	0	0	.6153487	.3846513	0
1175.15	0	0	.6151912	.3848088	0
1174.15	0	0	.6150341	.3849659	0
1173.15	0	0	.6148773	.3851228	0
1172.15	0	0	.6147207	.3852793	0
1171.15	0	0	.6145645	.3854355	0
1170.15	0	0	.6144086	.3855915	0
1169.15	0	0	.6142529	.3857471	0
1168.15	0	0	.6140976	.3859024	0
1167.15	0	0	.6139425	.3860575	0
1166.15	0	0	.6137878	.3862122	0
1165.15	0	0	.6136334	.3863666	0
1164.15	0	0	.6134792	.3865208	0
1163.15	0	0	.6133254	.3866746	0
1162.15	0	0	.6131718	.3868282	0
1161.15	0	0	.6130186	.3869814	0
1160.15	0	0	.6128656	.3871344	0
1159.15	0	0	.612713	.387287	0
1158.15	0	0	.6125606	.3874394	0
1157.15	0	0	.6124085	.3875915	0
1156.15	0	0	.6122568	.3877432	0
1155.15	0	0	.6121053	.3878947	0
1154.15	0	0	.6119541	.3880459	0
1153.15	0	0	.6118032	.3881968	0
1152.15	0	0	.6116526	.3883474	0
1151.15	0	0	.6115023	.3884977	0
1150.15	0	0	.6113523	.3886478	0
1149.15	0	0	.6112025	.3887975	0
1148.15	0	0	.6110531	.3889469	0
1147.15	0	0	.6109039	.3890961	0
1146.15	0	0	.6107551	.3892449	0
1145.15	0	0	.6106065	.3893935	0
1144.15	0	0	.6104582	.3895418	0
1143.15	0	0	.6103102	.3896898	0
1142.15	0	0	.6101625	.3898375	0
1141.15	0	0	.6100151	.3899849	0
1140.15	0	0	.609868	.390132	0
1139.15	0	0	.6097211	.3902789	0
1138.15	0	0	.6095746	.3904254	0
1137.15	0	0	.6094283	.3905717	0
1136.15	0	0	.6092823	.3907177	0
1135.15	0	0	.6091366	.3908634	0
1134.15	0	0	.6089912	.3910088	0
1133.15	0	0	.6088461	.3911539	0
1132.15	0	0	.6087012	.3912988	0
1131.15	0	0	.6085567	.3914433	0
1130.15	0	0	.6084124	.3915876	0
1129.15	0	0	.6082684	.3917316	0
1128.15	0	0	.6081247	.3918753	0
1127.15	0	0	.6079812	.3920188	0
1126.15	0	0	.6078381	.3921619	0
1125.15	0	0	.6076952	.3923048	0
1124.15	0	0	.6075526	.3924474	0
1123.15	0	0	.6074103	.3925897	0
1122.15	0	0	.6072683	.3927317	0
1121.15	0	0	.6071266	.3928734	0
1120.15	0	0	.6069851	.3930149	0
1119.15	0	0	.6068439	.3931561	0
1118.15	0	0	.606703	.393297	0
1117.15	0	0	.6065624	.3934376	0
1116.15	0	0	.606422	.393578	0
1115.15	0	0	.6062819	.3937181	0
1114.15	0	0	.6061422	.3938579	0
1113.15	0	0	.6060026	.3939974	0
1112.15	0	0	.6058634	.3941366	0
1111.15	0	0	.6057244	.3942756	0
1110.15	0	0	.6055857	.3944143	0
1109.15	0	0	.6054473	.3945527	0
1108.15	0	0	.6053092	.3946908	0
1107.15	0	0	.6051713	.3948287	0
1106.15	0	0	.6050337	.3949663	0
1105.15	0	0	.6048964	.3951036	0
1104.15	0	0	.6047594	.3952406	0
1103.15	0	0	.6046226	.3953774	0
1102.15	0	0	.6044861	.3955139	0
1101.15	0	0	.6043499	.3956501	0
1100.15	0	0	.6042139	.3957861	0
1099.15	0	0	.6040783	.3959217	0
1098.15	0	0	.6039429	.3960572	0
1097.15	0	0	.6038077	.3961923	0
1096.15	0	0	.6036729	.3963271	0
1095.15	0	0	.6035383	.3964617	0
1094.15	0	0	.603404	.3965961	0
1093.15	0	0	.6032699	.3967301	0
1092.15	0	0	.6031361	.3968639	0
1091.15	0	0	.6030026	.3969974	0
1090.15	0	0	.6028694	.3971306	0
1089.15	0	0	.6027364	.3972636	0
1088.15	0	0	.6026037	.3973963	0
1087.15	0	0	.6024713	.3975287	0
1086.15	0	0	.6023391	.3976609	0
1085.15	0	0	.6022072	.3977928	0
1084.15	0	0	.6020756	.3979244	0
1083.15	0	0	.6019442	.3980558	0
1082.15	0	0	.6018131	.3981869	0
1081.15	0	0	.6016823	.3983177	0
1080.15	0	0	.6015517	.3984483	0
1079.15	0	0	.6014214	.3985786	0
1078.15	0	0	.6012914	.3987086	0
1077.15	0	0	.6011616	.3988384	0
1076.15	0	0	.6010321	.3989679	0
1075.15	0	0	.6009029	.3990971	0
1074.15	0	0	.6007739	.3992261	0
1073.15	0	0	.6006452	.3993548	0
1072.15	0	0	.6005168	.3994832	0
1071.15	0	0	.6003886	.3996114	0
1070.15	0	0	.6002607	.3997393	0
1069.15	0	0	.600133	.399867	0
1068.15	0	0	.6000057	.3999944	0
1067.15	0	0	.5998785	.4001215	0
1066.15	0	0	.5997517	.4002483	0
1065.15	0	0	.5996251	.4003749	0
1064.15	0	0	.5994987	.4005013	0
1063.15	0	0	.5993726	.4006274	0
1062.15	0	0	.5992468	.4007532	0
1061.15	0	0	.5991213	.4008787	0
1060.15	0	0	.598996	.401004	0
1059.15	0	0	.5988709	.4011291	0
1058.15	0	0	.5987462	.4012538	0
1057.15	0	0	.5986217	.4013783	0
1056.15	0	0	.5984974	.4015026	0
1055.15	0	0	.5983734	.4016266	0
1054.15	0	0	.5982497	.4017503	0
1053.15	0	0	.5981262	.4018738	0
1052.15	0	0	.598003	.401997	0
1051.15	0	0	.59788	.40212	0
1050.15	0	0	.5977573	.4022427	0
1049.15	0	0	.5976349	.4023651	0
1048.15	0	0	.5975127	.4024873	0
1047.15	0	0	.5973908	.4026092	0
1046.15	0	0	.5972691	.4027309	0
1045.15	0	0	.5971477	.4028523	0
1044.15	0	0	.5970265	.4029735	0
1043.15	0	0	.5969056	.4030944	0
1042.15	0	0	.596785	.403215	0
1041.15	0	0	.5966646	.4033354	0
1040.15	0	0	.5965445	.4034555	0
1039.15	0	0	.5964246	.4035754	0
1038.15	0	0	.596305	.403695	0
1037.15	0	0	.5961856	.4038144	0
1036.15	0	0	.5960665	.4039335	0
1035.15	0	0	.5959476	.4040524	0
1034.15	0	0	.595829	.404171	0
1033.15	0	0	.5957107	.4042893	0
1032.15	0	0	.5955926	.4044074	0
1031.15	0	0	.5954748	.4045253	0
1030.15	0	0	.5953572	.4046428	0
1029.15	0	0	.5952398	.4047602	0
1028.15	0	0	.5951228	.4048773	0
1027.15	0	0	.5950059	.4049941	0
1026.15	0	0	.5948893	.4051107	0
1025.15	0	0	.594773	.405227	0
1024.15	0	0	.594657	.405343	0
1023.15	0	0	.5945411	.4054589	0
1022.15	0	0	.5944256	.4055744	0
1021.15	0	0	.5943103	.4056897	0
1020.15	0	0	.5941952	.4058048	0
1019.15	0	0	.5940804	.4059196	0
1018.15	0	0	.5939658	.4060342	0
1017.15	0	0	.5938515	.4061485	0
1016.15	0	0	.5937375	.4062625	0
1015.15	0	0	.5936237	.4063763	0
1014.15	0	0	.5935101	.4064899	0
1013.15	0	0	.5933968	.4066032	0
1012.15	0	0	.5932837	.4067163	0
1011.15	0	0	.5931709	.4068291	0
1010.15	0	0	.5930584	.4069416	0
1009.15	0	0	.5929461	.4070539	0
1008.15	0	0	.592834	.407166	0
1007.15	0	0	.5927222	.4072778	0
1006.15	0	0	.5926106	.4073894	0
1005.15	0	0	.5924993	.4075007	0
1004.15	0	0	.5923883	.4076117	0
1003.15	0	0	.5922774	.4077226	0
1002.15	0	0	.5921669	.4078331	0
1001.15	0	0	.5920566	.4079434	0
1000.15	0	0	.5919465	.4080535	0
999.15	0	0	.5918367	.4081633	0
998.15	0	0	.5917271	.4082729	0
998	0	0	.5917107	.4082893	0
998	0	0	.5917107	.4082893	0
998	0	0	.5917107	.4082893	0
997.15	0	.001586457	.5900598	.4083538	0
996.15	0	.003467283	.5881036	.4084292	0
995.15	0	.005363441	.5861325	.4085041	0
994.15	0	.007274772	.5841467	.4085785	0
993.15	0	.009201111	.5821464	.4086525	0
992.15	0	.01114229	.5801317	.408726	0
991.15	0	.01309815	.5781029	.408799	0
990.15	0	.01506852	.57606	.4088715	0
989.15	0	.01705321	.5740032	.4089436	0
988.15	0	.01905206	.5719328	.4090152	0
987.15	0	.02106489	.5698488	.4090863	0
986.15	0	.02309151	.5677516	.4091569	0
985.15	0	.02513176	.5656412	.409227	0
984.15	0	.02718543	.5635179	.4092967	0
983.15	0	.02925235	.5613818	.4093659	0
982.15	0	.03133233	.5592331	.4094345	0
981.15	0	.03342518	.5570721	.4095027	0
980.15	0	.0355307	.5548989	.4095704	0
979.15	0	.0376487	.5527137	.4096376	0
978.15	0	.03977898	.5505167	.4097043	0
977.15	0	.04192136	.5483082	.4097705	0
976.15	0	.04407562	.5460882	.4098361	0
975.15	0	.04624157	.5438571	.4099013	0
974.15	0	.04841901	.541615	.4099659	0
973.15	0	.05060773	.5393622	.4100301	0
972.15	0	.05280753	.5370988	.4100937	0
971.15	0	.0550182	.5348251	.4101567	0
970.15	0	.05723954	.5325412	.4102192	0
969.15	0	.05947133	.5302474	.4102812	0
968.15	0	.06171337	.527944	.4103427	0
967.15	0	.06396544	.525631	.4104035	0
966.15	0	.06622733	.5233088	.4104639	0
965.15	0	.06849883	.5209775	.4105236	0
964.15	0	.07077973	.5186375	.4105828	0
963.15	0	.07306627	.5162921	.4106416	0
962.15	0	.07534388	.5139548	.4107014	0
961.15	0	.07764519	.5115947	.4107601	0
960.15	0	.07996865	.5092134	.4108179	0
959.15	0	.08231278	.5068124	.4108748	0
958.15	0	.08467614	.5043932	.4109307	0
957.15	0	.08705738	.5019569	.4109857	0
956.15	0	.08945516	.4995051	.4110398	0
955.15	0	.09186822	.4970389	.4110929	0
954.15	0	.09429533	.4945595	.4111451	0
953.15	0	.09673532	.4920682	.4111965	0
952.15	0	.09918706	.4895661	.4112469	0
951.15	0	.1016495	.4870542	.4112964	0
950.15	0	.1041215	.4845336	.411345	0
949.15	0	.1066021	.4820053	.4113926	0
948.15	0	.1090903	.4794703	.4114394	0
947.15	0	.1115852	.4769295	.4114853	0
946.15	0	.1140859	.4743838	.4115303	0
945.15	0	.1165916	.4718341	.4115743	0
944.15	0	.1191013	.4692812	.4116175	0
943.15	0	.1216144	.4667259	.4116597	0
942.15	0	.1241299	.464169	.4117011	0
941.15	0	.1266472	.4616113	.4117415	0
940.15	0	.1291656	.4590534	.411781	0
939.15	0	.1316844	.456496	.4118196	0
938.15	0	.1342028	.4539399	.4118573	0
937.15	0	.1367204	.4513856	.411894	0
936.15	0	.1392364	.4488338	.4119299	0
935.15	0	.1417502	.446285	.4119648	0
934.15	0	.1442614	.4437399	.4119987	0
933.15	0	.1467693	.4411989	.4120318	0
932.15	0	.1492735	.4386627	.4120639	0
931.15	0	.1517734	.4361316	.412095	0
930.15	0	.1542685	.4336063	.4121253	0
929.15	0	.1567583	.4310871	.4121545	0
928.15	0	.1592425	.4285746	.4121829	0
927.15	0	.1617206	.4260691	.4122103	0
926.15	0	.1641922	.4235712	.4122367	0
925.15	0	.1666568	.4210811	.4122621	0
924.15	0	.1691141	.4185993	.4122866	0
923.15	0	.1715637	.4161261	.4123102	0
922.15	0	.1740053	.4136619	.4123328	0
921.15	0	.1764385	.4112071	.4123544	0
920.15	0	.178863	.408762	.412375	0
919.15	0	.1812784	.4063269	.4123946	0
918.15	0	.1836846	.4039021	.4124133	0
917.15	0	.186081	.4014879	.412431	0
916.15	0	.1884676	.3990847	.4124477	0
915.15	0	.190844	.3966925	.4124634	0
914.15	0	.19321	.3943119	.4124782	0
913.15	0	.1955653	.3919428	.4124919	0
912.15	0	.1979096	.3895858	.4125047	0
911.15	0	.2002428	.3872408	.4125164	0
910.15	0	.2025646	.3849083	.4125272	0
909.15	0	.2048747	.3825884	.4125369	0
908.15	0	.2071731	.3802812	.4125457	0
907.15	0	.2094595	.3779871	.4125534	0
906.15	0	.2117337	.3757062	.4125602	0
905.15	0	.2139955	.3734386	.4125659	0
904.15	0	.2162447	.3711846	.4125707	0
903.15	0	.2184812	.3689444	.4125744	0
902.15	0	.2207048	.366718	.4125771	0
901.15	0	.2229154	.3645057	.4125789	0
900.15	0	.2251128	.3623076	.4125796	0
899.15	0	.2272968	.3601238	.4125793	0
898.15	0	.2294674	.3579546	.4125781	0
897.15	0	.2316243	.3557999	.4125758	0
896.15	0	.2337675	.35366	.4125725	0
895.15	0	.2358968	.3515349	.4125683	0
894.15	0	.2380121	.3494249	.412563	0
893.15	0	.2401133	.3473299	.4125568	0
892.15	0	.2422003	.3452501	.4125495	0
891.15	0	.244273	.3431857	.4125413	0
890.15	0	.2463313	.3411367	.4125321	0
889.15	0	.248375	.3391031	.4125219	0
888.15	0	.2504041	.3370852	.4125107	0
887.15	0	.2524185	.3350829	.4124986	0
886.15	0	.2544182	.3330963	.4124855	0
885.15	0	.2564029	.3311256	.4124715	0
884.15	0	.2583727	.3291708	.4124565	0
883.15	0	.2603275	.327232	.4124405	0
882.15	0	.2622672	.3253092	.4124236	0
881.15	0	.2641917	.3234025	.4124057	0
880.15	0	.2661011	.321512	.412387	0
879.15	0	.2679951	.3196376	.4123673	0
878.15	0	.2698738	.3177795	.4123467	0
877.15	0	.2717372	.3159377	.4123252	0
876.15	0	.2735851	.3141122	.4123027	0
875.15	0	.2754175	.3123031	.4122794	0
874.15	0	.2772344	.3105103	.4122553	0
873.15	0	.2790358	.308734	.4122302	0
872.15	0	.2808216	.3069742	.4122043	0
871.15	0	.2825917	.3052308	.4121775	0
870.15	0	.2843463	.3035039	.4121499	0
869.15	0	.2860852	.3017934	.4121214	0
868.15	0	.2878084	.3000995	.4120921	0
867.15	0	.2895159	.2984221	.412062	0
866.15	0	.2912077	.2967611	.4120311	0
865.15	0	.2928839	.2951167	.4119994	0
864.15	0	.2945443	.2934887	.411967	0
863.15	0	.296189	.2918772	.4119337	0
862.15	0	.2978181	.2902822	.4118997	0
861.15	0	.2994314	.2887036	.411865	0
860.15	0	.3010291	.2871413	.4118295	0
859.15	0	.3026112	.2855955	.4117934	0
858.15	0	.3041776	.2840659	.4117565	0
857.15	0	.3057285	.2825527	.4117189	0
856.15	0	.3072637	.2810557	.4116806	0
855.15	0	.3087835	.2795749	.4116416	0
854.15	0	.3102878	.2781102	.4116021	0
853.15	0	.3117766	.2766616	.4115618	0
852.15	0	.31325	.275229	.4115209	0
851.15	0	.3147081	.2738124	.4114794	0
850.15	0	.316151	.2724117	.4114373	0
849.15	0	.3175786	.2710268	.4113947	0
848.15	0	.318991	.2696576	.4113514	0
847.15	0	.3203884	.2683041	.4113075	0
846.15	0	.3217708	.2669661	.4112631	0
845.15	0	.3231382	.2656436	.4112182	0
844.15	0	.3244908	.2643365	.4111727	0
843.15	0	.3258286	.2630447	.4111268	0
842.15	0	.3271517	.2617681	.4110803	0
841.15	0	.3284602	.2605065	.4110333	0
840.15	0	.3297542	.25926	.4109858	0
839.15	0	.3310339	.2580283	.4109379	0
838.15	0	.3322992	.2568113	.4108895	0
837.15	0	.3335503	.2556091	.4108406	0
836.15	0	.3347874	.2544213	.4107914	0
835.15	0	.3360105	.2532479	.4107417	0
834.15	0	.3372197	.2520888	.4106915	0
833.15	0	.3384151	.2509439	.410641	0
832.15	0	.3395969	.249813	.4105901	0
831.15	0	.3407653	.2486959	.4105388	0
830.15	0	.3419202	.2475927	.4104872	0
829.15	0	.3430618	.246503	.4104351	0
828.15	0	.3441904	.2454269	.4103828	0
827.15	0	.3453059	.2443641	.41033	0
826.15	0	.3464085	.2433146	.410277	0
825.15	0	.3474983	.2422781	.4102236	0
824.15	0	.3485756	.2412545	.4101699	0
823.15	0	.3496403	.2402438	.4101159	0
822.15	0	.3506927	.2392457	.4100616	0
821.15	0	.3517329	.2382601	.410007	0
820.7998	0	.3520943	.2379179	.4099878	0
820.7998	0	.3520943	.2379179	.4099878	0
820.7998	0	.3520943	.2379179	.4099878	0
820.15	0	.3556836	.2335566	.4089111	.001848765
819.15	0	.3610718	.2269946	.4072815	.004652089
818.15	0	.3663014	.2206081	.4056843	.007406224
817.15	0	.371378	.214391	.4041184	.01011261
816.15	0	.3763071	.2083374	.4025828	.01277263
815.15	0	.3810938	.2024418	.4010769	.01538759
814.15	0	.3857431	.1966986	.3995996	.01795875
813.15	0	.3902595	.191103	.3981501	.02048732
812.15	0	.3946477	.18565	.3967278	.02297445
811.15	0	.3989119	.180335	.3953319	.02542124
810.15	0	.4030561	.1751534	.3939617	.02782874
809.15	0	.4070844	.1701012	.3926164	.03019797
808.15	0	.4110005	.1651741	.3912955	.03252991
807.15	0	.4148079	.1603683	.3899983	.03482547
806.15	0	.4185102	.1556801	.3887242	.03708557
805.15	0	.4221106	.1511058	.3874726	.03931107
804.15	0	.4256123	.1466421	.3862429	.04150279
803.15	0	.4290183	.1422855	.3850347	.04366153
802.15	0	.4323316	.138033	.3838474	.04578806
801.15	0	.435555	.1338814	.3826804	.04788313
800.15	0	.4386913	.1298279	.3815334	.04994745
799.15	0	.4417429	.1258696	.3804058	.0519817
798.15	0	.4447124	.1220038	.3792972	.05398655
797.15	0	.4476023	.1182279	.3782072	.05596264
796.15	0	.4504147	.1145394	.3771353	.05791061
795.15	0	.4531521	.1109358	.3760811	.05983103
794.15	0	.4558165	.1074149	.3750442	.0617245
793.15	0	.45841	.1039742	.3740242	.06359158
792.15	0	.4609346	.1006117	.3730209	.06543282
791.15	0	.4633923	.09732529	.3720337	.06724873
790.15	0	.4657849	.09411287	.3710624	.06903983
789.15	0	.4681143	.09097252	.3701066	.07080662
788.15	0	.4703822	.08790233	.3691659	.07254957
787.15	0	.4725902	.08490045	.3682402	.07426916
786.15	0	.4747401	.08196512	.367329	.07596584
785.15	0	.4768334	.0790946	.366432	.07764005
784.15	0	.4788716	.07628725	.3655489	.07929222
783.15	0	.4808562	.07354144	.3646796	.08092276
782.15	0	.4827888	.0708556	.3638235	.08253208
781.15	0	.4846705	.06822823	.3629807	.08412058
780.15	0	.4865029	.06565785	.3621506	.08568864
779.15	0	.4882872	.06314304	.3613331	.08723663
778.15	0	.4900247	.06068241	.3605279	.08876493
777.15	0	.4917167	.05827461	.3597348	.09027389
776.15	0	.4933642	.05591835	.3589536	.09176385
775.15	0	.4949686	.05361236	.3581839	.09323516
774.15	0	.4965309	.05135539	.3574256	.09468815
773.15	0	.4980522	.04914627	.3566784	.09612314
772.15	0	.4995336	.04698381	.3559422	.09754045
771.15	0	.5009761	.04486689	.3552166	.09894039
770.15	0	.5023808	.04279442	.3545015	.1003233
769.15	0	.5037486	.0407653	.3537967	.1016894
768.15	0	.5050805	.03877851	.353102	.103039
767.15	0	.5063773	.03683302	.3524172	.1043724
766.15	0	.5076401	.03492786	.3517421	.1056899
765.15	0	.5088697	.03306204	.3510764	.1069918
764.15	0	.510067	.03123463	.3504201	.1082783
763.15	0	.5112327	.02944473	.3497729	.1095497
762.15	0	.5123678	.02769143	.3491346	.1108062
761.15	0	.5134729	.02597387	.3485051	.1120481
760.15	0	.5145489	.02429119	.3478842	.1132757
759.15	0	.5155965	.02264258	.3472718	.1144891
758.15	0	.5166165	.02102723	.3466676	.1156887
757.15	0	.5176096	.01944435	.3460715	.1168746
756.15	0	.5185764	.01789318	.3454833	.1180471
755.15	0	.5195176	.01637296	.344903	.1192064
754.15	0	.520434	.01488296	.3443302	.1203528
753.15	0	.5213262	.01342248	.343765	.1214864
752.15	0	.5221947	.01199082	.3432071	.1226074
751.15	0	.5230402	.0105873	.3426564	.1237162
750.15	0	.5238633	.009211262	.3421127	.1248128
749.15	0	.5246646	.007862053	.3415759	.1258975
748.15	0	.5254446	.006539045	.3410459	.1269704
747.15	0	.5262039	.005241624	.3405226	.1280319
746.15	0	.5269431	.003969187	.3400057	.129082
745.15	0	.5276626	.00272115	.3394953	.130121
744.15	0	.528363	.001496938	.3389911	.131149
743.15	0	.5290448	2.959928E-04	.338493	.1321662
742.9006	0	.5292121	0	.3383697	.1324183
742.9006	0	.5292121	0	.3383697	.1324183
742.15	0	.5291423	0	.3382372	.1326205
741.15	0	.5290497	0	.3380612	.1328891
740.15	0	.5289575	0	.3378857	.1331567
739.15	0	.5288657	0	.3377108	.1334235
738.15	0	.5287743	0	.3375364	.1336893
737.15	0	.5286832	0	.3373625	.1339543
736.15	0	.5285925	0	.3371892	.1342183
735.15	0	.5285022	0	.3370164	.1344815
734.15	0	.5284122	0	.3368441	.1347437
733.15	0	.5283226	0	.3366724	.135005
732.15	0	.5282333	0	.3365012	.1352655
731.15	0	.5281444	0	.3363305	.1355251
730.15	0	.5280559	0	.3361603	.1357838
729.15	0	.5279677	0	.3359907	.1360415
728.15	0	.5278799	0	.3358216	.1362985
727.15	0	.5277925	0	.335653	.1365545
726.15	0	.5277054	0	.335485	.1368097
725.15	0	.5276186	0	.3353174	.137064
724.15	0	.5275322	0	.3351504	.1373174
723.15	0	.5274461	0	.3349839	.1375699
722.15	0	.5273604	0	.334818	.1378216
721.15	0	.5272751	0	.3346525	.1380724
720.15	0	.52719	0	.3344876	.1383224
719.15	0	.5271054	0	.3343232	.1385715
718.15	0	.527021	0	.3341593	.1388197
717.15	0	.526937	0	.3339959	.1390671
716.15	0	.5268533	0	.333833	.1393136
715.15	0	.52677	0	.3336707	.1395593
714.15	0	.526687	0	.3335088	.1398041
713.15	0	.5266044	0	.3333475	.1400481
712.15	0	.526522	0	.3331867	.1402913
711.15	0	.52644	0	.3330264	.1405336
710.15	0	.5263584	0	.3328666	.1407751
709.15	0	.526277	0	.3327073	.1410157
708.15	0	.526196	0	.3325485	.1412555
707.15	0	.5261153	0	.3323902	.1414944
706.15	0	.526035	0	.3322325	.1417326
705.15	0	.5259549	0	.3320752	.1419699
704.15	0	.5258752	0	.3319185	.1422063
703.15	0	.5257958	0	.3317622	.142442
702.15	0	.5257167	0	.3316065	.1426768
701.15	0	.525638	0	.3314512	.1429108
700.15	0	.5255595	0	.3312965	.143144
699.15	0	.5254814	0	.3311423	.1433764
698.15	0	.5254036	0	.3309885	.1436079
697.15	0	.5253261	0	.3308353	.1438386
696.15	0	.5252489	0	.3306826	.1440686
695.15	0	.525172	0	.3305303	.1442977
694.15	0	.5250955	0	.3303786	.144526
693.15	0	.5250192	0	.3302273	.1447535
692.15	0	.5249433	0	.3300766	.1449801
691.15	0	.5248677	0	.3299263	.145206
690.15	0	.5247923	0	.3297766	.1454311
689.15	0	.5247173	0	.3296273	.1456554
688.15	0	.5246426	0	.3294785	.1458789
687.15	0	.5245682	0	.3293303	.1461015
686.15	0	.5244941	0	.3291825	.1463234
685.15	0	.5244203	0	.3290352	.1465445
684.15	0	.5243468	0	.3288884	.1467648
683.15	0	.5242736	0	.3287421	.1469844
682.15	0	.5242007	0	.3285963	.1472031
681.15	0	.5241281	0	.3284509	.147421
680.15	0	.5240558	0	.3283061	.1476382
679.15	0	.5239838	0	.3281617	.1478545
678.15	0	.523912	0	.3280179	.1480701
677.15	0	.5238406	0	.3278745	.1482849
676.15	0	.5237695	0	.3277316	.1484989
675.15	0	.5236987	0	.3275892	.1487122
674.15	0	.5236281	0	.3274473	.1489246
673.15	0	.5235579	0	.3273058	.1491363
672.15	0	.5234879	0	.3271649	.1493472
671.15	0	.5234183	0	.3270244	.1495574
670.15	0	.5233489	0	.3268844	.1497667
669.15	0	.5232798	0	.3267449	.1499754
668.15	0	.523211	0	.3266058	.1501832
667.15	0	.5231425	0	.3264673	.1503902
666.15	0	.5230742	0	.3263292	.1505965
665.15	0	.5230063	0	.3261916	.1508021
664.15	0	.5229386	0	.3260545	.1510069
663.15	0	.5228713	0	.3259179	.1512109
662.15	0	.5228042	0	.3257817	.1514141
661.15	0	.5227374	0	.325646	.1516166
660.15	0	.5226708	0	.3255108	.1518183
659.15	0	.5226046	0	.3253761	.1520193
658.15	0	.5225386	0	.3252419	.1522195
657.15	0	.5224729	0	.3251081	.152419
656.15	0	.5224075	0	.3249748	.1526177
655.15	0	.5223424	0	.3248419	.1528157
654.15	0	.5222775	0	.3247096	.1530129
653.15	0	.522213	0	.3245777	.1532094
652.15	0	.5221487	0	.3244463	.1534051
651.15	0	.5220847	0	.3243153	.1536
650.15	0	.5220209	0	.3241848	.1537943
649.15	0	.5219574	0	.3240548	.1539878
648.15	0	.5218942	0	.3239253	.1541805
647.15	0	.5218313	0	.3237962	.1543725
646.15	0	.5217686	0	.3236676	.1545637
645.15	0	.5217063	0	.3235395	.1547543
644.15	0	.5216441	0	.3234118	.154944
643.15	0	.5215823	0	.3232846	.1551331
642.15	0	.5215207	0	.3231579	.1553214
641.15	0	.5214594	0	.3230316	.155509
640.15	0	.5213984	0	.3229058	.1556958
639.15	0	.5213376	0	.3227804	.155882
638.15	0	.5212771	0	.3226556	.1560673
637.15	0	.5212168	0	.3225312	.156252
636.15	0	.5211569	0	.3224072	.1564359
635.15	0	.5210972	0	.3222837	.1566191
634.15	0	.5210377	0	.3221607	.1568016
633.15	0	.5209785	0	.3220381	.1569834
632.15	0	.5209196	0	.321916	.1571644
631.15	0	.520861	0	.3217943	.1573447
630.15	0	.5208026	0	.3216732	.1575243
629.15	0	.5207444	0	.3215524	.1577032
628.15	0	.5206866	0	.3214321	.1578813
627.15	0	.5206289	0	.3213123	.1580587
626.15	0	.5205716	0	.321193	.1582355
625.15	0	.5205145	0	.321074	.1584115
624.15	0	.5204577	0	.3209556	.1585867
623.15	0	.5204011	0	.3208376	.1587613
622.15	0	.5203448	0	.32072	.1589352
621.15	0	.5202887	0	.3206029	.1591084
620.15	0	.5202329	0	.3204863	.1592808
619.15	0	.5201773	0	.3203701	.1594525
618.15	0	.520122	0	.3202544	.1596236
617.15	0	.520067	0	.3201391	.1597939
616.15	0	.5200122	0	.3200243	.1599635
615.15	0	.5199577	0	.3199099	.1601325
614.15	0	.5199034	0	.3197959	.1603007
613.15	0	.5198493	0	.3196825	.1604682
612.15	0	.5197955	0	.3195694	.160635
611.15	0	.519742	0	.3194568	.1608012
610.15	0	.5196887	0	.3193447	.1609666
609.15	0	.5196357	0	.319233	.1611313
608.15	0	.5195829	0	.3191217	.1612954
607.15	0	.5195304	0	.3190109	.1614587
606.15	0	.5194781	0	.3189005	.1616214
605.15	0	.519426	0	.3187906	.1617833
604.15	0	.5193742	0	.3186811	.1619446
603.15	0	.5193227	0	.3185721	.1621052
602.15	0	.5192714	0	.3184635	.1622651
601.15	0	.5192203	0	.3183554	.1624243
600.15	0	.5191695	0	.3182476	.1625829
599.15	0	.5191189	0	.3181404	.1627407
598.15	0	.5190686	0	.3180335	.1628979
597.15	0	.5190185	0	.3179271	.1630544
596.15	0	.5189687	0	.3178212	.1632102
595.15	0	.5189191	0	.3177156	.1633653
594.15	0	.5188697	0	.3176105	.1635198
593.15	0	.5188206	0	.3175059	.1636736
592.15	0	.5187717	0	.3174017	.1638267
591.15	0	.518723	0	.3172979	.1639791
590.15	0	.5186746	0	.3171945	.1641309
589.15	0	.5186264	0	.3170916	.164282
588.15	0	.5185785	0	.3169891	.1644324
587.15	0	.5185308	0	.3168871	.1645821
586.15	0	.5184834	0	.3167854	.1647312
585.15	0	.5184361	0	.3166842	.1648797
584.15	0	.5183891	0	.3165835	.1650274
583.15	0	.5183424	0	.3164831	.1651745
582.15	0	.5182958	0	.3163832	.165321
581.15	0	.5182495	0	.3162837	.1654667
580.15	0	.5182035	0	.3161847	.1656119
579.15	0	.5181577	0	.316086	.1657563
578.15	0	.518112	0	.3159878	.1659001
577.15	0	.5180667	0	.31589	.1660433
576.15	0	.5180215	0	.3157927	.1661858
575.15	0	.5179766	0	.3156957	.1663277
574.15	0	.517932	0	.3155992	.1664689
573.15	0	.5178875	0	.3155031	.1666094
572.15	0	.5178433	0	.3154074	.1667493
571.15	0	.5177993	0	.3153121	.1668886
570.15	0	.5177555	0	.3152173	.1670272
569.15	0	.5177119	0	.3151229	.1671652
568.15	0	.5176686	0	.3150288	.1673025
567.15	0	.5176255	0	.3149352	.1674392
566.15	0	.5175826	0	.314842	.1675753
565.15	0	.51754	0	.3147493	.1677107
564.15	0	.5174976	0	.3146569	.1678455
563.15	0	.5174553	0	.314565	.1679797
562.15	0	.5174134	0	.3144734	.1681132
561.15	0	.5173716	0	.3143823	.1682461
560.15	0	.51733	0	.3142916	.1683784
559.15	0	.5172887	0	.3142013	.16851
558.15	0	.5172476	0	.3141114	.168641
557.15	0	.5172067	0	.3140219	.1687714
556.15	0	.517166	0	.3139328	.1689012
555.15	0	.5171256	0	.3138441	.1690303
554.15	0	.5170853	0	.3137558	.1691589
553.15	0	.5170453	0	.3136679	.1692868
552.15	0	.5170055	0	.3135804	.1694141
551.15	0	.5169659	0	.3134934	.1695408
550.15	0	.5169265	0	.3134067	.1696668
549.15	0	.5168873	0	.3133204	.1697923
548.15	0	.5168484	0	.3132345	.1699171
547.15	0	.5168096	0	.313149	.1700414
546.15	0	.5167711	0	.3130639	.170165
545.15	0	.5167327	0	.3129792	.1702881
544.15	0	.5166946	0	.3128949	.1704105
543.15	0	.5166567	0	.312811	.1705323
542.15	0	.516619	0	.3127275	.1706535
541.15	0	.5165815	0	.3126443	.1707742
540.15	0	.5165442	0	.3125616	.1708942
539.15	0	.5165071	0	.3124792	.1710137
538.15	0	.5164702	0	.3123973	.1711325
537.15	0	.5164336	0	.3123157	.1712508
536.15	0	.5163971	0	.3122345	.1713685
535.15	0	.5163608	0	.3121536	.1714855
534.15	0	.5163247	0	.3120732	.171602
533.15	0	.5162889	0	.3119931	.171718
532.15	0	.5162532	0	.3119135	.1718333
531.15	0	.5162178	0	.3118342	.1719481
530.15	0	.5161825	0	.3117553	.1720622
529.15	0	.5161474	0	.3116767	.1721759
528.15	0	.5161126	0	.3115986	.1722889
527.15	0	.5160779	0	.3115208	.1724014
526.15	0	.5160434	0	.3114434	.1725133
525.15	0	.5160091	0	.3113663	.1726246
524.15	0	.515975	0	.3112896	.1727353
523.15	0	.5159411	0	.3112133	.1728455
522.15	0	.5159074	0	.3111374	.1729552
521.15	0	.5158739	0	.3110618	.1730642
520.15	0	.5158406	0	.3109866	.1731728
519.15	0	.5158075	0	.3109118	.1732807
518.15	0	.5157746	0	.3108373	.1733881
517.15	0	.5157418	0	.3107632	.173495
516.15	0	.5157093	0	.3106894	.1736013
515.15	0	.5156769	0	.310616	.1737071
514.15	0	.5156447	0	.310543	.1738123
513.15	0	.5156128	0	.3104703	.1739169
512.15	0	.515581	0	.310398	.1740211
511.15	0	.5155493	0	.310326	.1741246
510.15	0	.5155179	0	.3102544	.1742277
509.15	0	.5154866	0	.3101831	.1743302
508.15	0	.5154556	0	.3101122	.1744322
507.15	0	.5154247	0	.3100416	.1745337
506.15	0	.515394	0	.3099714	.1746346
505.15	0	.5153635	0	.3099016	.174735
504.15	0	.5153331	0	.309832	.1748349
503.15	0	.515303	0	.3097628	.1749342
502.15	0	.515273	0	.309694	.1750331
501.15	0	.5152432	0	.3096255	.1751314
500.15	0	.5152135	0	.3095573	.1752292
499.15	0	.5151841	0	.3094895	.1753265
498.15	0	.5151548	0	.309422	.1754232
497.15	0	.5151257	0	.3093548	.1755195
496.15	0	.5150967	0	.309288	.1756153
495.15	0	.515068	0	.3092215	.1757105
494.15	0	.5150394	0	.3091553	.1758053
493.15	0	.515011	0	.3090895	.1758995
492.15	0	.5149827	0	.309024	.1759933
491.15	0	.5149546	0	.3089588	.1760865
490.15	0	.5149267	0	.308894	.1761793
489.15	0	.514899	0	.3088294	.1762716
488.15	0	.5148714	0	.3087652	.1763634
487.15	0	.514844	0	.3087013	.1764547
486.15	0	.5148168	0	.3086377	.1765455
485.15	0	.5147897	0	.3085745	.1766358
484.15	0	.5147628	0	.3085115	.1767257
483.15	0	.514736	0	.3084489	.1768151
482.15	0	.5147094	0	.3083866	.176904
481.15	0	.514683	0	.3083246	.1769925
480.15	0	.5146567	0	.3082629	.1770804
479.15	0	.5146306	0	.3082015	.1771679
478.15	0	.5146046	0	.3081404	.177255
477.15	0	.5145788	0	.3080796	.1773416
476.15	0	.5145532	0	.3080191	.1774277
475.15	0	.5145277	0	.307959	.1775133
474.15	0	.5145024	0	.3078991	.1775986
473.15	0	.5144772	0	.3078395	.1776833
472.15	0	.5144522	0	.3077802	.1777676
471.15	0	.5144273	0	.3077212	.1778515
470.15	0	.5144026	0	.3076625	.1779349
469.15	0	.514378	0	.3076041	.1780179
468.15	0	.5143536	0	.307546	.1781004
467.15	0	.5143293	0	.3074881	.1781826
466.15	0	.5143052	0	.3074306	.1782642
465.15	0	.5142812	0	.3073733	.1783455
464.15	0	.5142574	0	.3073163	.1784263
463.15	0	.5142337	0	.3072596	.1785067
462.15	0	.5142102	0	.3072032	.1785866
461.15	0	.5141868	0	.3071471	.1786662
460.15	0	.5141635	0	.3070912	.1787453
459.15	0	.5141404	0	.3070356	.178824
458.15	0	.5141174	0	.3069803	.1789023
457.15	0	.5140946	0	.3069252	.1789802
456.15	0	.5140719	0	.3068704	.1790577
455.15	0	.5140493	0	.3068159	.1791347
454.15	0	.5140269	0	.3067617	.1792114
453.15	0	.5140046	0	.3067077	.1792877
452.15	0	.5139825	0	.306654	.1793636
451.15	0	.5139605	0	.3066005	.179439
450.15	0	.5139386	0	.3065473	.1795141
449.15	0	.5139169	0	.3064943	.1795888
448.15	0	.5138953	0	.3064416	.1796631
447.15	0	.5138738	0	.3063892	.179737
446.15	0	.5138524	0	.306337	.1798106
445.15	0	.5138312	0	.3062851	.1798837
444.15	0	.5138101	0	.3062334	.1799565
443.15	0	.5137892	0	.306182	.1800289
442.15	0	.5137683	0	.3061308	.1801009
441.15	0	.5137476	0	.3060799	.1801725
440.15	0	.513727	0	.3060292	.1802438
439.15	0	.5137066	0	.3059787	.1803147
438.15	0	.5136863	0	.3059285	.1803852
437.15	0	.513666	0	.3058786	.1804554
436.15	0	.513646	0	.3058289	.1805252
435.15	0	.513626	0	.3057794	.1805946
434.15	0	.5136062	0	.3057301	.1806637
433.15	0	.5135865	0	.3056811	.1807324
432.15	0	.5135669	0	.3056323	.1808008
431.15	0	.5135474	0	.3055838	.1808688
430.15	0	.513528	0	.3055355	.1809365
429.15	0	.5135088	0	.3054874	.1810039
428.15	0	.5134897	0	.3054395	.1810708
427.15	0	.5134707	0	.3053919	.1811375
426.15	0	.5134518	0	.3053444	.1812038
425.15	0	.513433	0	.3052973	.1812698
424.15	0	.5134143	0	.3052503	.1813354
423.15	0	.5133958	0	.3052035	.1814007
