T	 BPW(LIQUID)	BPW(BCC_A2)	BPW(FCC_A1)	BPW(LAVES_PHASE_C14)	BPW(NI3TI)
1473.15	.7985695	.1028126	0	.09861793	0
1472.15	.7896465	.1088526	0	.1015009	0
1471.15	.78088	.1147847	0	.1043353	0
1470.15	.7722659	.1206117	0	.1071224	0
1469.15	.7638005	.1263361	0	.1098635	0
1468.15	.7554798	.1319605	0	.1125597	0
1467.15	.7473004	.1374874	0	.1152122	0
1466.15	.7392587	.1429192	0	.1178221	0
1465.15	.7313513	.1482582	0	.1203905	0
1464.15	.723575	.1535067	0	.1229184	0
1463.15	.7159265	.1586668	0	.1254067	0
1462.15	.7084028	.1637406	0	.1278566	0
1461.15	.7010009	.1687302	0	.1302689	0
1460.15	.693718	.1736376	0	.1326445	0
1459.15	.6865512	.1784646	0	.1349843	0
1458.15	.6794978	.1832131	0	.1372891	0
1457.15	.6725552	.1878849	0	.1395599	0
1456.15	.6657209	.1924818	0	.1417973	0
1455.15	.6589923	.1970054	0	.1440022	0
1454.15	.6523671	.2014575	0	.1461754	0
1453.15	.645843	.2058395	0	.1483175	0
1452.15	.6394177	.2101531	0	.1504292	0
1451.15	.633089	.2143997	0	.1525113	0
1450.15	.6268548	.2185808	0	.1545644	0
1449.15	.620713	.2226978	0	.1565892	0
1448.15	.6146616	.2267522	0	.1585862	0
1447.15	.6086987	.2307451	0	.1605562	0
1446.15	.6028223	.234678	0	.1624996	0
1445.15	.5970307	.2385521	0	.1644172	0
1444.15	.5913219	.2423687	0	.1663094	0
1443.15	.5856944	.2461289	0	.1681767	0
1442.15	.5801463	.2498339	0	.1700198	0
1441.15	.5746761	.2534848	0	.1718391	0
1440.15	.5692822	.2570827	0	.1736351	0
1439.15	.5639629	.2606287	0	.1754084	0
1438.15	.5587167	.2641239	0	.1771593	0
1437.15	.5535423	.2675693	0	.1788884	0
1436.15	.5484381	.2709658	0	.1805961	0
1435.15	.5434027	.2743145	0	.1822828	0
1434.15	.5384348	.2776162	0	.183949	0
1433.15	.5335331	.2808719	0	.1855951	0
1432.15	.5286962	.2840824	0	.1872214	0
1431.15	.5239228	.2872487	0	.1888284	0
1430.15	.5192119	.2903716	0	.1904165	0
1429.724	.5172224	.2916899	0	.1910878	0
1429.724	.5172224	.2916899	0	.1910878	0
1429.724	.5172224	.2916899	0	.1910878	0
1429.15	.5095403	.2866474	.01036442	.1934479	0
1428.15	.4963007	.2780404	.02816507	.1974939	0
1427.15	.4832468	.269659	.0456381	.201456	0
1426.15	.4703732	.2614971	.06279297	.2053367	0
1425.15	.4576745	.2535486	.0796388	.2091381	0
1424.15	.4451454	.2458075	.09618436	.2128627	0
1423.15	.4327809	.2382684	.1124381	.2165125	0
1422.15	.4205763	.2309259	.1284082	.2200896	0
1421.15	.4085267	.2237747	.1441024	.2235961	0
1420.15	.3966278	.2168099	.1595284	.2270339	0
1419.15	.3848752	.2100266	.1746935	.2304047	0
1418.15	.3732646	.2034202	.1896046	.2337106	0
1417.15	.361792	.1969862	.2042687	.2369531	0
1416.15	.3504534	.1907204	.2186922	.240134	0
1415.15	.3392451	.1846185	.2328815	.2432549	0
1414.15	.3281633	.1786766	.2468427	.2463173	0
1413.15	.3172045	.1728908	.2605818	.2493229	0
1412.15	.3063653	.1672572	.2741045	.252273	0
1411.15	.2956422	.1617724	.2874162	.2551691	0
1410.15	.2850322	.1564329	.3005224	.2580125	0
1409.15	.274532	.1512352	.3134282	.2608047	0
1408.15	.2641385	.1461761	.3261386	.2635467	0
1407.15	.2538489	.1412525	.3386585	.2662401	0
1406.15	.2436603	.1364613	.3509926	.2688858	0
1405.15	.23357	.1317996	.3631453	.2714851	0
1404.15	.2235752	.1272645	.3751211	.2740392	0
1403.15	.2136733	.1228533	.3869243	.2765491	0
1402.15	.2038619	.1185633	.398559	.2790158	0
1401.15	.1941384	.1143919	.4100292	.2814405	0
1400.15	.1845005	.1103367	.4213387	.2838241	0
1399.15	.1749458	.1063952	.4324914	.2861676	0
1398.15	.1654722	.102565	.4434909	.2884719	0
1397.15	.1560774	.09884396	.4543406	.290738	0
1396.15	.1467594	.09522979	.4650442	.2929667	0
1395.15	.1375159	.09172037	.4756048	.2951588	0
1394.15	.1283452	.08831365	.4860258	.2973154	0
1393.15	.1192451	.0850076	.4963103	.299437	0
1392.15	.1102139	.08180029	.5064613	.3015246	0
1391.15	.1012496	.07868982	.5164818	.3035788	0
1390.15	.09235046	.07567437	.5263747	.3056005	0
1389.15	.08351478	.07275215	.5361428	.3075903	0
1388.15	.07474082	.06992143	.5457888	.309549	0
1387.15	.06602693	.06718053	.5553153	.3114772	0
1386.15	.05737151	.06452784	.564725	.3133756	0
1385.15	.048773	.06196176	.5740203	.3152449	0
1384.15	.04022985	.05948075	.5832037	.3170857	0
1383.15	.03174059	.05708332	.5922776	.3188985	0
1382.15	.02330376	.05476803	.6012442	.320684	0
1381.15	.01491796	.05253344	.6101058	.3224428	0
1380.15	.006581805	.0503782	.6188646	.3241754	0
1379.356	0	.04872321	.6257446	.3255322	0
1379.356	0	.04872321	.6257446	.3255322	0
1379.15	0	.04840754	.6259887	.3256037	0
1378.15	0	.04687986	.6271705	.3259497	0
1377.15	0	.04535599	.6283495	.3262945	0
1376.15	0	.04383593	.6295258	.3266383	0
1375.15	0	.04231966	.6306993	.326981	0
1374.15	0	.04080717	.6318702	.3273227	0
1373.15	0	.03929845	.6330383	.3276633	0
1372.15	0	.03779348	.6342037	.3280028	0
1371.15	0	.03629226	.6353664	.3283414	0
1370.15	0	.03479477	.6365264	.3286789	0
1369.15	0	.03330099	.6376837	.3290153	0
1368.15	0	.03181093	.6388383	.3293508	0
1367.15	0	.03032455	.6399902	.3296852	0
1366.15	0	.02884185	.6411395	.3300187	0
1365.15	0	.02736283	.6422861	.3303511	0
1364.15	0	.02588746	.6434301	.3306825	0
1363.15	0	.02441574	.6445714	.3310129	0
1362.15	0	.02294765	.64571	.3313423	0
1361.15	0	.02148319	.646846	.3316708	0
1360.15	0	.02002234	.6479794	.3319983	0
1359.15	0	.01856508	.6491102	.3323248	0
1358.15	0	.01711142	.6502383	.3326503	0
1357.15	0	.01566133	.6513638	.3329748	0
1356.15	0	.01421482	.6524868	.3332984	0
1355.15	0	.01277185	.6536071	.3336211	0
1354.15	0	.01133243	.6547248	.3339428	0
1353.15	0	.009896548	.6558399	.3342636	0
1352.15	0	.008464186	.6569525	.3345834	0
1351.15	0	.007035338	.6580624	.3349023	0
1350.15	0	.005609992	.6591698	.3352202	0
1349.15	0	.004188139	.6602746	.3355372	0
1348.15	0	.002769767	.6613769	.3358534	0
1347.15	0	.001354867	.6624766	.3361686	0
1346.19	0	0	.6635298	.3364702	0
1346.19	0	0	.6635298	.3364702	0
1346.15	0	0	.6635194	.3364806	0
1345.15	0	0	.6632615	.3367385	0
1344.15	0	0	.6630041	.3369959	0
1343.15	0	0	.662747	.337253	0
1342.15	0	0	.6624904	.3375096	0
1341.15	0	0	.6622341	.3377659	0
1340.15	0	0	.6619783	.3380217	0
1339.15	0	0	.6617229	.3382771	0
1338.15	0	0	.6614679	.3385321	0
1337.15	0	0	.6612133	.3387867	0
1336.15	0	0	.6609591	.3390409	0
1335.15	0	0	.6607053	.3392947	0
1334.15	0	0	.6604519	.3395481	0
1333.15	0	0	.6601989	.3398011	0
1332.15	0	0	.6599463	.3400537	0
1331.15	0	0	.6596941	.3403059	0
1330.15	0	0	.6594423	.3405577	0
1329.15	0	0	.659191	.3408091	0
1328.15	0	0	.65894	.34106	0
1327.15	0	0	.6586894	.3413106	0
1326.15	0	0	.6584392	.3415608	0
1325.15	0	0	.6581894	.3418106	0
1324.15	0	0	.6579399	.3420601	0
1323.15	0	0	.6576909	.3423091	0
1322.15	0	0	.6574423	.3425577	0
1321.15	0	0	.657194	.342806	0
1320.15	0	0	.6569462	.3430538	0
1319.15	0	0	.6566987	.3433013	0
1318.15	0	0	.6564516	.3435484	0
1317.15	0	0	.6562049	.3437951	0
1316.15	0	0	.6559586	.3440414	0
1315.15	0	0	.6557127	.3442873	0
1314.15	0	0	.6554671	.3445329	0
1313.15	0	0	.655222	.344778	0
1312.15	0	0	.6549772	.3450228	0
1311.15	0	0	.6547328	.3452672	0
1310.15	0	0	.6544888	.3455112	0
1309.15	0	0	.6542452	.3457549	0
1308.15	0	0	.6540019	.3459981	0
1307.15	0	0	.653759	.346241	0
1306.15	0	0	.6535165	.3464835	0
1305.15	0	0	.6532743	.3467257	0
1304.15	0	0	.6530326	.3469674	0
1303.15	0	0	.6527912	.3472088	0
1302.15	0	0	.6525502	.3474498	0
1301.15	0	0	.6523095	.3476905	0
1300.15	0	0	.6520692	.3479308	0
1299.15	0	0	.6518293	.3481707	0
1298.15	0	0	.6515898	.3484102	0
1297.15	0	0	.6513506	.3486494	0
1296.15	0	0	.6511118	.3488882	0
1295.15	0	0	.6508734	.3491266	0
1294.15	0	0	.6506353	.3493647	0
1293.15	0	0	.6503976	.3496024	0
1292.15	0	0	.6501602	.3498398	0
1291.15	0	0	.6499232	.3500768	0
1290.15	0	0	.6496866	.3503134	0
1289.15	0	0	.6494503	.3505497	0
1288.15	0	0	.6492144	.3507856	0
1287.15	0	0	.6489789	.3510211	0
1286.15	0	0	.6487437	.3512563	0
1285.15	0	0	.6485088	.3514912	0
1284.15	0	0	.6482743	.3517257	0
1283.15	0	0	.6480402	.3519598	0
1282.15	0	0	.6478064	.3521936	0
1281.15	0	0	.647573	.352427	0
1280.15	0	0	.6473399	.3526601	0
1279.15	0	0	.6471072	.3528928	0
1278.15	0	0	.6468749	.3531251	0
1277.15	0	0	.6466428	.3533572	0
1276.15	0	0	.6464112	.3535888	0
1275.15	0	0	.6461798	.3538202	0
1274.15	0	0	.6459489	.3540511	0
1273.15	0	0	.6457182	.3542818	0
1272.15	0	0	.6454879	.3545121	0
1271.15	0	0	.645258	.354742	0
1270.15	0	0	.6450284	.3549716	0
1269.15	0	0	.6447991	.3552009	0
1268.15	0	0	.6445702	.3554298	0
1267.15	0	0	.6443417	.3556583	0
1266.15	0	0	.6441134	.3558866	0
1265.15	0	0	.6438855	.3561145	0
1264.15	0	0	.643658	.356342	0
1263.15	0	0	.6434308	.3565692	0
1262.15	0	0	.6432039	.3567961	0
1261.15	0	0	.6429773	.3570227	0
1260.15	0	0	.6427511	.3572489	0
1259.15	0	0	.6425253	.3574748	0
1258.15	0	0	.6422997	.3577003	0
1257.15	0	0	.6420745	.3579255	0
1256.15	0	0	.6418496	.3581504	0
1255.15	0	0	.6416251	.3583749	0
1254.15	0	0	.6414009	.3585991	0
1253.15	0	0	.641177	.358823	0
1252.15	0	0	.6409534	.3590466	0
1251.15	0	0	.6407302	.3592698	0
1250.15	0	0	.6405073	.3594927	0
1249.15	0	0	.6402847	.3597153	0
1248.15	0	0	.6400625	.3599375	0
1247.15	0	0	.6398405	.3601595	0
1246.15	0	0	.6396189	.3603811	0
1245.15	0	0	.6393977	.3606023	0
1244.15	0	0	.6391767	.3608233	0
1243.15	0	0	.6389561	.3610439	0
1242.15	0	0	.6387358	.3612643	0
1241.15	0	0	.6385158	.3614842	0
1240.15	0	0	.6382961	.3617039	0
1239.15	0	0	.6380767	.3619233	0
1238.15	0	0	.6378577	.3621423	0
1237.15	0	0	.637639	.362361	0
1236.15	0	0	.6374206	.3625794	0
1235.15	0	0	.6372025	.3627975	0
1234.15	0	0	.6369847	.3630153	0
1233.15	0	0	.6367672	.3632328	0
1232.15	0	0	.6365501	.3634499	0
1231.15	0	0	.6363333	.3636668	0
1230.15	0	0	.6361167	.3638833	0
1229.15	0	0	.6359005	.3640995	0
1228.15	0	0	.6356846	.3643154	0
1227.15	0	0	.635469	.364531	0
1226.15	0	0	.6352537	.3647463	0
1225.15	0	0	.6350388	.3649612	0
1224.15	0	0	.6348241	.3651759	0
1223.15	0	0	.6346097	.3653903	0
1222.15	0	0	.6343957	.3656043	0
1221.15	0	0	.6341819	.3658181	0
1220.15	0	0	.6339685	.3660315	0
1219.15	0	0	.6337553	.3662447	0
1218.15	0	0	.6335425	.3664575	0
1217.15	0	0	.6333299	.3666701	0
1216.15	0	0	.6331177	.3668823	0
1215.15	0	0	.6329058	.3670942	0
1214.15	0	0	.6326941	.3673059	0
1213.15	0	0	.6324828	.3675172	0
1212.15	0	0	.6322718	.3677283	0
1211.15	0	0	.632061	.367939	0
1210.15	0	0	.6318506	.3681494	0
1209.15	0	0	.6316404	.3683596	0
1208.15	0	0	.6314306	.3685694	0
1207.15	0	0	.631221	.368779	0
1206.15	0	0	.6310117	.3689883	0
1205.15	0	0	.6308028	.3691972	0
1204.15	0	0	.6305941	.3694059	0
1203.15	0	0	.6303857	.3696143	0
1202.15	0	0	.6301776	.3698224	0
1201.15	0	0	.6299698	.3700302	0
1200.15	0	0	.6297623	.3702377	0
1199.15	0	0	.6295551	.3704449	0
1198.15	0	0	.6293482	.3706518	0
1197.15	0	0	.6291415	.3708585	0
1196.15	0	0	.6289352	.3710648	0
1195.15	0	0	.6287291	.3712709	0
1194.15	0	0	.6285233	.3714767	0
1193.15	0	0	.6283178	.3716822	0
1192.15	0	0	.6281126	.3718874	0
1191.15	0	0	.6279077	.3720923	0
1190.15	0	0	.627703	.372297	0
1189.15	0	0	.6274987	.3725013	0
1188.15	0	0	.6272946	.3727054	0
1187.15	0	0	.6270908	.3729092	0
1186.15	0	0	.6268873	.3731127	0
1185.15	0	0	.626684	.373316	0
1184.15	0	0	.6264811	.3735189	0
1183.15	0	0	.6262784	.3737216	0
1182.15	0	0	.626076	.373924	0
1181.15	0	0	.6258739	.3741261	0
1180.15	0	0	.625672	.374328	0
1179.15	0	0	.6254705	.3745295	0
1178.15	0	0	.6252692	.3747308	0
1177.15	0	0	.6250682	.3749318	0
1176.15	0	0	.6248674	.3751326	0
1175.15	0	0	.624667	.3753331	0
1174.15	0	0	.6244668	.3755332	0
1173.15	0	0	.6242668	.3757332	0
1172.15	0	0	.6240672	.3759328	0
1171.15	0	0	.6238678	.3761322	0
1170.15	0	0	.6236687	.3763313	0
1169.15	0	0	.6234699	.3765302	0
1168.15	0	0	.6232713	.3767287	0
1167.15	0	0	.623073	.376927	0
1166.15	0	0	.622875	.3771251	0
1165.15	0	0	.6226772	.3773228	0
1164.15	0	0	.6224797	.3775203	0
1163.15	0	0	.6222825	.3777176	0
1162.15	0	0	.6220855	.3779145	0
1161.15	0	0	.6218888	.3781112	0
1160.15	0	0	.6216924	.3783076	0
1159.15	0	0	.6214962	.3785038	0
1158.15	0	0	.6213003	.3786997	0
1157.15	0	0	.6211046	.3788954	0
1156.15	0	0	.6209092	.3790908	0
1155.15	0	0	.6207141	.3792859	0
1154.15	0	0	.6205193	.3794807	0
1153.15	0	0	.6203247	.3796753	0
1152.15	0	0	.6201303	.3798697	0
1151.15	0	0	.6199363	.3800638	0
1150.15	0	0	.6197424	.3802576	0
1149.15	0	0	.6195489	.3804511	0
1148.15	0	0	.6193556	.3806444	0
1147.15	0	0	.6191625	.3808375	0
1146.15	0	0	.6189697	.3810303	0
1145.15	0	0	.6187772	.3812228	0
1144.15	0	0	.6185849	.3814151	0
1143.15	0	0	.6183929	.3816071	0
1142.15	0	0	.6182011	.3817989	0
1141.15	0	0	.6180096	.3819904	0
1140.15	0	0	.6178183	.3821817	0
1139.15	0	0	.6176273	.3823727	0
1138.15	0	0	.6174366	.3825635	0
1137.15	0	0	.617246	.382754	0
1136.15	0	0	.6170558	.3829442	0
1135.15	0	0	.6168658	.3831342	0
1134.15	0	0	.616676	.383324	0
1133.15	0	0	.6164865	.3835135	0
1132.15	0	0	.6162973	.3837028	0
1131.15	0	0	.6161082	.3838918	0
1130.15	0	0	.6159195	.3840805	0
1129.15	0	0	.615731	.3842691	0
1128.15	0	0	.6155427	.3844573	0
1127.15	0	0	.6153547	.3846453	0
1126.15	0	0	.6151669	.3848331	0
1125.15	0	0	.6149793	.3850207	0
1124.15	0	0	.6147921	.385208	0
1123.15	0	0	.614605	.385395	0
1122.15	0	0	.6144182	.3855818	0
1121.15	0	0	.6142316	.3857684	0
1120.15	0	0	.6140453	.3859547	0
1119.15	0	0	.6138592	.3861408	0
1118.15	0	0	.6136734	.3863266	0
1117.15	0	0	.6134878	.3865122	0
1116.15	0	0	.6133025	.3866976	0
1115.15	0	0	.6131173	.3868827	0
1114.15	0	0	.6129325	.3870675	0
1113.15	0	0	.6127478	.3872522	0
1112.15	0	0	.6125634	.3874366	0
1111.15	0	0	.6123793	.3876207	0
1110.15	0	0	.6121953	.3878047	0
1109.15	0	0	.6120116	.3879884	0
1108.15	0	0	.6118282	.3881718	0
1107.15	0	0	.611645	.388355	0
1106.15	0	0	.611462	.388538	0
1105.15	0	0	.6112792	.3887208	0
1104.15	0	0	.6110967	.3889033	0
1103.15	0	0	.6109144	.3890856	0
1102.15	0	0	.6107324	.3892676	0
1101.15	0	0	.6105506	.3894494	0
1100.15	0	0	.610369	.389631	0
1099.15	0	0	.6101877	.3898124	0
1098.15	0	0	.6100065	.3899935	0
1097.15	0	0	.6098256	.3901744	0
1096.15	0	0	.609645	.390355	0
1095.15	0	0	.6094646	.3905355	0
1094.15	0	0	.6092843	.3907157	0
1093.15	0	0	.6091044	.3908956	0
1092.15	0	0	.6089246	.3910754	0
1091.15	0	0	.6087451	.3912549	0
1090.15	0	0	.6085658	.3914342	0
1089.15	0	0	.6083868	.3916132	0
1088.15	0	0	.6082079	.3917921	0
1087.15	0	0	.6080293	.3919707	0
1086.15	0	0	.6078509	.3921491	0
1085.15	0	0	.6076728	.3923272	0
1084.15	0	0	.6074948	.3925052	0
1083.15	0	0	.6073171	.3926829	0
1082.15	0	0	.6071396	.3928604	0
1081.15	0	0	.6069624	.3930376	0
1080.15	0	0	.6067853	.3932147	0
1079.15	0	0	.6066085	.3933915	0
1078.15	0	0	.6064319	.3935681	0
1077.15	0	0	.6062555	.3937445	0
1076.15	0	0	.6060794	.3939206	0
1075.15	0	0	.6059034	.3940966	0
1074.15	0	0	.6057277	.3942723	0
1073.15	0	0	.6055522	.3944478	0
1072.15	0	0	.6053769	.3946231	0
1071.15	0	0	.6052019	.3947981	0
1070.15	0	0	.605027	.394973	0
1069.15	0	0	.6048524	.3951476	0
1068.15	0	0	.604678	.395322	0
1067.15	0	0	.6045038	.3954962	0
1066.15	0	0	.6043298	.3956702	0
1065.15	0	0	.6041561	.3958439	0
1064.15	0	0	.6039825	.3960175	0
1063.15	0	0	.6038092	.3961908	0
1062.15	0	0	.6036361	.3963639	0
1061.15	0	0	.6034632	.3965368	0
1060.15	0	0	.6032905	.3967095	0
1059.15	0	0	.603118	.396882	0
1058.15	0	0	.6029458	.3970542	0
1057.15	0	0	.6027737	.3972263	0
1056.15	0	0	.6026019	.3973981	0
1055.15	0	0	.6024303	.3975697	0
1054.15	0	0	.6022589	.3977411	0
1053.15	0	0	.6020877	.3979123	0
1052.15	0	0	.6019167	.3980833	0
1051.15	0	0	.6017459	.3982541	0
1050.15	0	0	.6015753	.3984247	0
1049.15	0	0	.601405	.398595	0
1048.15	0	0	.6012348	.3987652	0
1047.15	0	0	.6010649	.3989351	0
1046.15	0	0	.6008951	.3991049	0
1045.15	0	0	.6007256	.3992744	0
1044.15	0	0	.6005563	.3994437	0
1043.15	0	0	.6003872	.3996128	0
1042.15	0	0	.6002183	.3997817	0
1041.15	0	0	.6000496	.3999504	0
1040.15	0	0	.5998811	.4001189	0
1039.15	0	0	.5997128	.4002872	0
1038.15	0	0	.5995447	.4004553	0
1037.15	0	0	.5993768	.4006232	0
1036.15	0	0	.5992091	.4007909	0
1035.15	0	0	.5990417	.4009583	0
1034.15	0	0	.5988744	.4011256	0
1033.15	0	0	.5987073	.4012927	0
1032.15	0	0	.5985405	.4014595	0
1031.15	0	0	.5983738	.4016262	0
1030.15	0	0	.5982074	.4017926	0
1029.15	0	0	.5980411	.4019589	0
1028.15	0	0	.5978751	.4021249	0
1027.15	0	0	.5977092	.4022908	0
1026.15	0	0	.5975435	.4024565	0
1025.15	0	0	.5973781	.4026219	0
1024.15	0	0	.5972128	.4027872	0
1023.15	0	0	.5970478	.4029522	0
1022.15	0	0	.5968829	.4031171	0
1021.15	0	0	.5967183	.4032817	0
1020.15	0	0	.5965538	.4034462	0
1019.15	0	0	.5963895	.4036105	0
1018.15	0	0	.5962255	.4037745	0
1017.15	0	0	.5960616	.4039384	0
1016.15	0	0	.595898	.4041021	0
1015.15	0	0	.5957345	.4042655	0
1014.15	0	0	.5955712	.4044288	0
1013.15	0	0	.5954081	.4045919	0
1012.15	0	0	.5952452	.4047548	0
1011.15	0	0	.5950825	.4049175	0
1010.15	0	0	.5949201	.40508	0
1009.15	0	0	.5947577	.4052422	0
1008.15	0	0	.5945957	.4054043	0
1007.15	0	0	.5944337	.4055663	0
1006.15	0	0	.594272	.405728	0
1005.15	0	0	.5941105	.4058895	0
1004.15	0	0	.5939492	.4060508	0
1003.15	0	0	.593788	.406212	0
1002.15	0	0	.5936271	.4063729	0
1001.15	0	0	.5934663	.4065337	0
1000.15	0	0	.5933058	.4066942	0
999.15	0	0	.5931454	.4068546	0
998.15	0	0	.5929852	.4070148	0
997.15	0	0	.5928252	.4071748	0
996.15	0	0	.5926654	.4073346	0
995.15	0	0	.5925058	.4074942	0
994.15	0	0	.5923464	.4076536	0
993.15	0	0	.5921871	.4078129	0
992.15	0	0	.5920281	.4079719	0
991.15	0	0	.5918693	.4081307	0
990.15	0	0	.5917106	.4082894	0
989.15	0	0	.5915521	.4084479	0
988.15	0	0	.5913938	.4086062	0
987.15	0	0	.5912357	.4087643	0
986.15	0	0	.5910778	.4089222	0
985.15	0	0	.5909201	.4090799	0
984.15	0	0	.5907625	.4092375	0
983.15	0	0	.5906052	.4093948	0
982.15	0	0	.590448	.409552	0
981.15	0	0	.5902911	.409709	0
980.15	0	0	.5901343	.4098658	0
979.15	0	0	.5899776	.4100224	0
978.15	0	0	.5898212	.4101788	0
977.15	0	0	.589665	.410335	0
976.15	0	0	.5895089	.4104911	0
975.15	0	0	.5893531	.410647	0
974.15	0	0	.5891974	.4108026	0
973.15	0	0	.5890418	.4109582	0
972.15	0	0	.5888865	.4111135	0
971.15	0	0	.5887314	.4112686	0
970.15	0	0	.5885764	.4114236	0
969.15	0	0	.5884217	.4115783	0
968.15	0	0	.5882671	.4117329	0
967.15	0	0	.5881127	.4118873	0
966.15	0	0	.5879584	.4120416	0
965.15	0	0	.5878044	.4121956	0
964.15	0	0	.5876505	.4123495	0
963.15	0	0	.5874968	.4125032	0
962.15	0	0	.5873434	.4126567	0
961.15	0	0	.58719	.41281	0
960.15	0	0	.5870369	.4129631	0
959.15	0	0	.5868839	.4131161	0
958.15	0	0	.5867311	.4132689	0
957.15	0	0	.5865785	.4134215	0
956.15	0	0	.5864261	.4135739	0
955.15	0	0	.5862739	.4137261	0
954.15	0	0	.5861218	.4138782	0
953.15	0	0	.5859699	.4140301	0
952.15	0	0	.5858182	.4141818	0
951.15	0	0	.5856667	.4143333	0
950.15	0	0	.5855153	.4144847	0
949.15	0	0	.5853642	.4146359	0
948.15	0	0	.5852132	.4147868	0
947.15	0	0	.5850623	.4149377	0
946.15	0	0	.5849117	.4150883	0
945.15	0	0	.5847612	.4152388	0
944.15	0	0	.5846109	.4153891	0
943.15	0	0	.5844608	.4155392	0
942.15	0	0	.5843109	.4156891	0
941.15	0	0	.5841611	.4158389	0
940.15	0	0	.5840115	.4159885	0
939.15	0	0	.5838621	.4161379	0
938.15	0	0	.5837129	.4162871	0
937.15	0	0	.5835638	.4164362	0
936.15	0	0	.5834149	.4165851	0
935.15	0	0	.5832662	.4167338	0
934.15	0	0	.5831177	.4168823	0
933.15	0	0	.5829693	.4170307	0
932.15	0	0	.5828211	.4171789	0
931.15	0	0	.5826731	.4173269	0
930.15	0	0	.5825253	.4174747	0
929.15	0	0	.5823776	.4176224	0
928.15	0	0	.5822301	.4177699	0
927.15	0	0	.5820828	.4179172	0
926.15	0	0	.5819356	.4180644	0
925.15	0	0	.5817887	.4182113	0
924.15	0	0	.5816419	.4183581	0
923.15	0	0	.5814952	.4185048	0
922.15	0	0	.5813488	.4186512	0
921.15	0	0	.5812025	.4187975	0
920.15	0	0	.5810564	.4189436	0
919.15	0	0	.5809104	.4190896	0
918.15	0	0	.5807646	.4192354	0
917.15	0	0	.580619	.419381	0
916.15	0	0	.5804736	.4195264	0
915.15	0	0	.5803283	.4196717	0
914.15	0	0	.5801833	.4198168	0
913.15	0	0	.5800383	.4199617	0
912.15	0	0	.5798936	.4201064	0
911.15	0	0	.579749	.420251	0
910.15	0	0	.5796046	.4203954	0
909.15	0	0	.5794604	.4205397	0
908.15	0	0	.5793163	.4206837	0
907.15	0	0	.5791724	.4208276	0
906.15	0	0	.5790286	.4209714	0
905.15	0	0	.5788851	.4211149	0
904.15	0	0	.5787417	.4212583	0
903.15	0	0	.5785985	.4214015	0
902.15	0	0	.5784554	.4215446	0
901.15	0	0	.5783125	.4216875	0
900.15	0	0	.5781698	.4218302	0
899.15	0	0	.5780272	.4219728	0
898.15	0	0	.5778849	.4221151	0
897.15	0	0	.5777427	.4222574	0
896.15	0	0	.5776006	.4223994	0
895.15	0	0	.5774587	.4225413	0
894.15	0	0	.577317	.422683	0
893.15	0	0	.5771755	.4228245	0
892.15	0	0	.5770341	.4229659	0
891.15	0	0	.5768929	.4231071	0
890.15	0	0	.5767518	.4232482	0
889.5526	0	0	.5766677	.4233323	0
889.5526	0	0	.5766677	.4233323	0
889.5526	0	0	.5766677	.4233323	0
889.15	0	.001285197	.5753873	.4233275	0
888.15	0	.004467066	.5722187	.4233143	0
887.15	0	.007633795	.5690669	.4232993	0
886.15	0	.0107849	.5659324	.4232827	0
885.15	0	.01391992	.5628157	.4232644	0
884.15	0	.01703841	.5597172	.4232444	0
883.15	0	.02013994	.5566373	.4232228	0
882.15	0	.02322411	.5535763	.4231996	0
881.15	0	.02629053	.5505347	.4231747	0
880.15	0	.02933882	.5475128	.4231483	0
879.15	0	.03236863	.544511	.4231204	0
878.15	0	.03537962	.5415295	.4230909	0
877.15	0	.03837148	.5385686	.4230599	0
876.15	0	.04134388	.5356287	.4230274	0
875.15	0	.04429654	.53271	.4229934	0
874.15	0	.04722918	.5298128	.422958	0
873.15	0	.05014155	.5269373	.4229212	0
872.15	0	.05303338	.5240837	.4228829	0
871.15	0	.05590445	.5212523	.4228433	0
870.15	0	.05875454	.5184432	.4228023	0
869.15	0	.06158344	.5156566	.42276	0
868.15	0	.06439096	.5128927	.4227163	0
867.15	0	.06717692	.5101516	.4226714	0
866.15	0	.06994116	.5074336	.4226252	0
865.15	0	.07268352	.5047387	.4225778	0
864.15	0	.07540385	.502067	.4225292	0
863.15	0	.07810204	.4994186	.4224793	0
862.15	0	.08077797	.4967937	.4224283	0
861.15	0	.08343153	.4941923	.4223761	0
860.15	0	.08606263	.4916145	.4223229	0
859.15	0	.08867119	.4890603	.4222685	0
858.15	0	.09125715	.4865298	.422213	0
857.15	0	.09382044	.4840231	.4221565	0
856.15	0	.09636103	.48154	.422099	0
855.15	0	.09887886	.4790807	.4220404	0
854.15	0	.1013739	.4766452	.4219809	0
853.15	0	.1038462	.4742334	.4219204	0
852.15	0	.1062957	.4718453	.421859	0
851.15	0	.1087224	.4694809	.4217967	0
850.15	0	.1111264	.4671402	.4217334	0
849.15	0	.1135076	.4648231	.4216693	0
848.15	0	.1158661	.4625295	.4216044	0
847.15	0	.118202	.4602594	.4215387	0
846.15	0	.1205152	.4580127	.4214721	0
845.15	0	.1228059	.4557893	.4214048	0
844.15	0	.1250741	.4535892	.4213367	0
843.15	0	.12732	.4514122	.4212679	0
842.15	0	.1295435	.4492582	.4211983	0
841.15	0	.1317448	.4471271	.4211281	0
840.15	0	.133924	.4450188	.4210572	0
839.15	0	.1360811	.4429332	.4209857	0
838.15	0	.1382164	.4408701	.4209135	0
837.15	0	.1403299	.4388294	.4208407	0
836.15	0	.1424217	.436811	.4207673	0
835.15	0	.1444921	.4348146	.4206933	0
834.15	0	.146541	.4328402	.4206188	0
833.15	0	.1485687	.4308875	.4205438	0
832.15	0	.1505753	.4289565	.4204682	0
831.15	0	.152561	.4270469	.4203921	0
830.15	0	.1545259	.4251586	.4203155	0
829.15	0	.1564702	.4232914	.4202384	0
828.15	0	.158394	.421445	.4201609	0
827.15	0	.1602976	.4196195	.420083	0
826.15	0	.162181	.4178144	.4200046	0
825.15	0	.1640445	.4160297	.4199258	0
824.15	0	.1658882	.4142652	.4198466	0
823.15	0	.1677123	.4125206	.4197671	0
822.15	0	.1695171	.4107958	.4196871	0
821.15	0	.1713026	.4090906	.4196068	0
820.15	0	.1730691	.4074047	.4195262	0
819.15	0	.1748168	.405738	.4194452	0
818.15	0	.1765458	.4040902	.4193639	0
817.15	0	.1782564	.4024613	.4192824	0
816.15	0	.1799487	.4008509	.4192005	0
815.15	0	.1816229	.3992588	.4191183	0
814.15	0	.1832792	.3976849	.4190359	0
813.15	0	.1849179	.3961289	.4189532	0
812.15	0	.1865391	.3945907	.4188702	0
811.15	0	.1881429	.39307	.4187871	0
810.15	0	.1897297	.3915666	.4187036	0
809.15	0	.1912996	.3900804	.41862	0
808.15	0	.1928527	.3886111	.4185361	0
807.15	0	.1943894	.3871585	.4184521	0
806.15	0	.1959097	.3857225	.4183679	0
805.15	0	.1974139	.3843027	.4182834	0
804.15	0	.1989021	.3828991	.4181988	0
803.15	0	.2003746	.3815114	.418114	0
802.15	0	.2018315	.3801394	.4180291	0
801.15	0	.2032731	.378783	.417944	0
800.15	0	.2046995	.3774418	.4178587	0
799.15	0	.2061108	.3761159	.4177733	0
798.15	0	.2075074	.3748048	.4176878	0
797.15	0	.2088893	.3735086	.4176022	0
796.15	0	.2102568	.3722269	.4175164	0
795.15	0	.2116099	.3709596	.4174305	0
794.15	0	.212949	.3697064	.4173445	0
793.15	0	.2142742	.3684674	.4172584	0
792.15	0	.2155857	.3672421	.4171722	0
791.15	0	.2168835	.3660305	.417086	0
790.15	0	.218168	.3648324	.4169996	0
789.15	0	.2194392	.3636476	.4169132	0
788.15	0	.2206974	.362476	.4168266	0
787.15	0	.2219427	.3613173	.4167401	0
786.15	0	.2231752	.3601714	.4166534	0
785.15	0	.2243952	.3590381	.4165667	0
784.1555	0	.2255961	.3579234	.4164804	0
784.1555	0	.2255961	.3579234	.4164804	0
784.1555	0	.2255961	.3579234	.4164804	0
784.15	0	.225618	.3578969	.4164734	1.174175E-05
783.15	0	.2295473	.3531138	.4152068	.002132079
782.15	0	.2333959	.3484201	.4139577	.004226245
781.15	0	.2371657	.3438137	.4127259	.00629473
780.15	0	.2408586	.3392926	.4115108	.008338008
779.15	0	.2444763	.3348548	.4103124	.01035654
778.15	0	.2480207	.3304984	.4091302	.01235077
777.15	0	.2514934	.3262216	.4079639	.01432114
776.15	0	.254896	.3220226	.4068133	.01626807
775.15	0	.2582302	.3178997	.4056782	.01819197
774.15	0	.2614975	.3138512	.4045581	.02009323
773.15	0	.2646994	.3098755	.4034529	.02197226
772.15	0	.2678374	.305971	.4023623	.02382943
771.15	0	.2709129	.3021361	.401286	.02566511
770.15	0	.2739272	.2983693	.4002238	.02747965
769.15	0	.2768818	.2946693	.3991754	.02927341
768.15	0	.279778	.2910346	.3981407	.03104674
767.15	0	.2826169	.2874638	.3971194	.03279996
766.15	0	.2853999	.2839555	.3961112	.03453341
765.15	0	.2881282	.2805085	.395116	.0362474
764.15	0	.2908029	.2771215	.3941334	.03794225
763.15	0	.2934251	.2737932	.3931634	.03961825
762.15	0	.2959961	.2705225	.3922057	.04127571
761.15	0	.2985169	.2673081	.3912601	.04291492
760.15	0	.3009885	.2641489	.3903264	.04453616
759.15	0	.303412	.2610439	.3894044	.04613972
758.15	0	.3057884	.2579918	.388494	.04772586
757.15	0	.3081187	.2549916	.3875948	.04929486
756.15	0	.3104039	.2520423	.3867068	.05084697
755.15	0	.3126449	.2491428	.3858298	.05238246
754.15	0	.3148427	.2462922	.3849636	.05390158
753.15	0	.3169981	.2434894	.3841079	.05540457
752.15	0	.319112	.2407336	.3832628	.05689168
751.15	0	.3211852	.2380238	.3824278	.05836315
750.15	0	.3232187	.2353591	.381603	.05981921
749.15	0	.3252133	.2327385	.3807882	.06126009
748.15	0	.3271697	.2301612	.3799831	.06268601
747.15	0	.3290888	.2276264	.3791876	.06409721
746.15	0	.3309712	.2251333	.3784016	.0654939
745.15	0	.3328179	.2226809	.3776249	.06687629
744.15	0	.3346295	.2202685	.3768574	.0682446
743.15	0	.3364067	.2178954	.3760989	.06959902
742.15	0	.3381502	.2155607	.3753493	.07093977
741.15	0	.3398609	.2132637	.3746084	.07226705
740.15	0	.3415392	.2110037	.3738761	.07358105
739.15	0	.343186	.2087799	.3731522	.07488197
738.15	0	.3448017	.2065916	.3724366	.07617
737.15	0	.3463872	.2044382	.3717293	.07744533
736.15	0	.347943	.202319	.3710299	.07870814
735.15	0	.3494697	.2002332	.3703385	.07995861
734.15	0	.3509679	.1981803	.3696548	.08119693
733.15	0	.3524383	.1961597	.3689788	.08242328
732.15	0	.3538813	.1941706	.3683104	.08363781
731.15	0	.3552975	.1922124	.3676493	.08484071
730.15	0	.3566876	.1902847	.3669955	.08603215
729.15	0	.358052	.1883868	.3663489	.08721229
728.15	0	.3593913	.186518	.3657094	.0883813
727.15	0	.360706	.1846779	.3650768	.08953933
726.15	0	.3619966	.1828659	.364451	.09068654
725.15	0	.3632635	.1810815	.3638319	.0918231
724.15	0	.3645074	.1793241	.3632194	.09294914
723.15	0	.3657286	.1775932	.3626134	.09406484
722.15	0	.3669276	.1758883	.3620138	.09517033
721.15	0	.3681049	.1742089	.3614205	.09626576
720.15	0	.3692609	.1725545	.3608333	.09735127
719.15	0	.3703961	.1709247	.3602522	.09842702
718.15	0	.3715109	.1693189	.3596771	.09949313
717.15	0	.3726057	.1677367	.3591079	.1005497
716.15	0	.3736809	.1661776	.3585444	.101597
715.15	0	.374737	.1646413	.3579867	.1026351
714.15	0	.3757742	.1631273	.3574345	.103664
713.15	0	.3767931	.1616351	.3568878	.104684
712.15	0	.377794	.1601643	.3563466	.1056951
711.15	0	.3787772	.1587146	.3558107	.1066976
710.15	0	.3797431	.1572855	.35528	.1076914
709.15	0	.380692	.1558767	.3547544	.1086768
708.15	0	.3816244	.1544878	.354234	.1096539
707.15	0	.3825405	.1531183	.3537185	.1106227
706.15	0	.3834407	.151768	.3532079	.1115834
705.15	0	.3843253	.1504364	.3527021	.1125362
704.15	0	.3851947	.1491233	.3522011	.113481
703.15	0	.386049	.1478282	.3517047	.1144181
702.15	0	.3868887	.1465509	.351213	.1153475
701.15	0	.387714	.145291	.3507257	.1162693
700.15	0	.3885252	.1440481	.3502429	.1171838
699.15	0	.3893226	.1428221	.3497645	.1180908
698.15	0	.3901065	.1416124	.3492904	.1189907
697.15	0	.3908772	.140419	.3488205	.1198834
696.15	0	.3916349	.1392414	.3483548	.120769
695.15	0	.3923798	.1380793	.3478931	.1216477
694.15	0	.3931123	.1369326	.3474356	.1225196
693.15	0	.3938326	.1358008	.3469819	.1233847
692.15	0	.3945408	.1346838	.3465322	.1242432
691.15	0	.3952374	.1335812	.3460863	.1250951
690.15	0	.3959224	.1324928	.3456443	.1259405
689.15	0	.3965962	.1314184	.3452059	.1267795
688.15	0	.3972589	.1303576	.3447712	.1276123
687.15	0	.3979108	.1293103	.3443401	.1284388
686.15	0	.398552	.1282761	.3439126	.1292592
685.15	0	.3991829	.127255	.3434886	.1300736
684.15	0	.3998036	.1262465	.343068	.130882
683.15	0	.4004142	.1252506	.3426508	.1316845
682.15	0	.401015	.1242669	.3422369	.1324812
681.15	0	.4016062	.1232952	.3418263	.1332722
680.15	0	.402188	.1223355	.3414189	.1340576
679.15	0	.4027605	.1213873	.3410148	.1348374
678.15	0	.403324	.1204506	.3406137	.1356117
677.15	0	.4038786	.119525	.3402158	.1363806
676.15	0	.4044244	.1186106	.3398208	.1371442
675.15	0	.4049617	.1177069	.3394289	.1379024
674.15	0	.4054907	.1168139	.3390399	.1386555
673.15	0	.4060113	.1159313	.3386539	.1394035
672.15	0	.406524	.115059	.3382707	.1401464
671.15	0	.4070287	.1141968	.3378903	.1408842
670.15	0	.4075257	.1133445	.3375126	.1416172
669.15	0	.408015	.112502	.3371377	.1423453
668.15	0	.4084969	.1116691	.3367655	.1430686
667.15	0	.4089714	.1108455	.336396	.1437871
666.15	0	.4094388	.1100312	.336029	.144501
665.15	0	.4098991	.109226	.3356647	.1452103
664.15	0	.4103525	.1084297	.3353028	.145915
663.15	0	.4107991	.1076422	.3349435	.1466152
662.15	0	.4112403	.1068621	.334586	.1473115
661.15	0	.4116736	.1060919	.3342317	.1480029
660.15	0	.4121004	.10533	.3338797	.1486899
659.15	0	.412521	.1045763	.33353	.1493727
658.15	0	.4129354	.1038306	.3331827	.1500512
657.15	0	.4133438	.1030929	.3328377	.1507256
656.15	0	.4137463	.1023629	.3324949	.151396
655.15	0	.4141429	.1016406	.3321543	.1520623
654.15	0	.4145338	.1009257	.3318159	.1527245
653.15	0	.4149192	.1002183	.3314796	.1533829
652.15	0	.415299	.09951818	.3311455	.1540373
651.15	0	.4156733	.09882519	.3308135	.154688
650.15	0	.4160424	.09813923	.3304835	.1553348
649.15	0	.4164063	.09746019	.3301556	.1559779
648.15	0	.4167651	.09678795	.3298297	.1566173
647.15	0	.4171188	.09612241	.3295058	.157253
646.15	0	.4174676	.09546344	.3291838	.1578851
645.15	0	.4178115	.09481095	.3288638	.1585137
644.15	0	.4181508	.09416483	.3285457	.1591388
643.15	0	.4184853	.09352497	.3282294	.1597603
642.15	0	.4188153	.09289128	.327915	.1603785
641.15	0	.4191407	.09226364	.3276024	.1609933
640.15	0	.4194617	.09164197	.3272916	.1616047
639.15	0	.4197784	.09102617	.3269826	.1622128
638.15	0	.4200909	.09041613	.3266753	.1628177
637.15	0	.4203991	.08981178	.3263698	.1634193
636.15	0	.4207032	.08921301	.326066	.1640178
635.15	0	.4210033	.08861973	.3257638	.1646131
634.15	0	.4212995	.08803187	.3254633	.1652054
633.15	0	.4215917	.08744932	.3251645	.1657945
632.15	0	.4218801	.08687201	.3248672	.1663807
631.15	0	.4221648	.08629985	.3245716	.1669638
630.15	0	.4224457	.08573276	.3242775	.167544
629.15	0	.4227231	.08517066	.323985	.1681212
628.15	0	.4229969	.08461347	.323694	.1686956
627.15	0	.4232671	.08406111	.3234046	.1692672
626.15	0	.423534	.0835135	.3231166	.1698359
625.15	0	.4237975	.08297057	.3228301	.1704018
624.15	0	.4240576	.08243225	.3225451	.170965
623.15	0	.4243145	.08189846	.3222615	.1715255
622.15	0	.4245682	.08136913	.3219793	.1720833
621.15	0	.4248188	.08084419	.3216985	.1726385
620.15	0	.4250663	.08032357	.3214191	.173191
619.15	0	.4253107	.07980721	.3211411	.173741
618.15	0	.4255522	.07929503	.3208644	.1742884
617.15	0	.4257907	.07878698	.3205891	.1748333
616.15	0	.4260263	.07828298	.3203151	.1753756
615.15	0	.4262591	.07778298	.3200423	.1759156
614.15	0	.4264892	.07728691	.3197709	.176453
613.15	0	.4267165	.07679471	.3195007	.1769881
612.15	0	.4269411	.07630632	.3192318	.1775208
611.15	0	.4271631	.07582168	.3189641	.1780511
610.15	0	.4273825	.07534074	.3186976	.1785791
609.15	0	.4275994	.07486343	.3184324	.1791049
608.15	0	.4278137	.0743897	.3181683	.1796283
607.15	0	.4280256	.0739195	.3179054	.1801495
606.15	0	.4282351	.07345277	.3176437	.1806685
605.15	0	.4284422	.07298946	.3173831	.1811853
604.15	0	.4286469	.07252952	.3171237	.1816999
603.15	0	.4288494	.07207288	.3168654	.1822123
602.15	0	.4290496	.07161952	.3166082	.1827227
601.15	0	.4292476	.07116936	.3163521	.183231
600.15	0	.4294434	.07072237	.3160971	.1837371
599.15	0	.4296371	.0702785	.3158431	.1842413
598.15	0	.4298286	.0698377	.3155903	.1847434
597.15	0	.4300181	.06939991	.3153384	.1852435
596.15	0	.4302056	.06896511	.3150876	.1857417
595.15	0	.4303911	.06853324	.3148379	.1862378
594.15	0	.4305746	.06810425	.3145891	.1867321
593.15	0	.4307561	.06767811	.3143414	.1872244
592.15	0	.4309358	.06725477	.3140946	.1877148
591.15	0	.4311136	.06683419	.3138488	.1882034
590.15	0	.4312896	.06641632	.313604	.1886901
589.15	0	.4314637	.06600113	.3133602	.189175
588.15	0	.4316361	.06558857	.3131172	.1896581
587.15	0	.4318067	.06517862	.3128753	.1901394
586.15	0	.4319757	.06477122	.3126342	.1906189
585.15	0	.4321429	.06436633	.3123941	.1910967
584.15	0	.4323085	.06396393	.3121549	.1915727
583.15	0	.4324724	.06356397	.3119166	.192047
582.15	0	.4326348	.06316643	.3116792	.1925196
581.15	0	.4327956	.06277125	.3114426	.1929906
580.15	0	.4329548	.06237841	.3112069	.1934599
579.15	0	.4331125	.06198787	.3109721	.1939276
578.15	0	.4332687	.06159959	.3107381	.1943936
577.15	0	.4334234	.06121355	.310505	.194858
576.15	0	.4335767	.06082971	.3102727	.1953209
575.15	0	.4337286	.06044804	.3100413	.1957821
574.15	0	.433879	.0600685	.3098106	.1962418
573.15	0	.4340281	.05969106	.3095808	.1967
572.15	0	.4341759	.0593157	.3093518	.1971567
571.15	0	.4343223	.05894238	.3091235	.1976118
570.15	0	.4344674	.05857107	.3088961	.1980655
569.15	0	.4346112	.05820174	.3086694	.1985177
568.15	0	.4347537	.05783436	.3084435	.1989684
567.15	0	.434895	.0574689	.3082183	.1994177
566.15	0	.4350351	.05710534	.307994	.1998656
565.15	0	.435174	.05674365	.3077703	.2003121
564.15	0	.4353117	.05638379	.3075474	.2007571
563.15	0	.4354482	.05602574	.3073252	.2012008
562.15	0	.4355836	.05566948	.3071038	.2016431
561.15	0	.4357179	.05531498	.3068831	.202084
560.15	0	.4358511	.0549622	.3066631	.2025237
559.15	0	.4359832	.05461113	.3064438	.202962
558.15	0	.4361142	.05426175	.3062252	.2033989
557.15	0	.4362441	.05391402	.3060073	.2038346
556.15	0	.4363731	.05356792	.30579	.204269
555.15	0	.436501	.05322342	.3055735	.2047021
554.15	0	.4366279	.05288051	.3053576	.205134
553.15	0	.4367538	.05253916	.3051424	.2055646
552.15	0	.4368788	.05219935	.3049279	.2059939
551.15	0	.4370029	.05186105	.304714	.2064221
550.15	0	.4371259	.05152424	.3045008	.206849
549.15	0	.4372481	.05118889	.3042882	.2072748
548.15	0	.4373694	.050855	.3040763	.2076993
547.15	0	.4374898	.05052253	.3038649	.2081227
546.15	0	.4376093	.05019146	.3036543	.208545
545.15	0	.437728	.04986178	.3034442	.208966
544.15	0	.4378458	.04953345	.3032348	.209386
543.15	0	.4379628	.04920647	.3030259	.2098048
542.15	0	.438079	.04888081	.3028177	.2102225
541.15	0	.4381944	.04855645	.3026101	.2106391
540.15	0	.438309	.04823338	.302403	.2110546
539.15	0	.4384229	.04791156	.3021966	.211469
538.15	0	.4385359	.04759099	.3019908	.2118823
537.15	0	.4386483	.04727165	.3017855	.2122946
536.15	0	.4387599	.04695351	.3015808	.2127058
535.15	0	.4388707	.04663656	.3013767	.213116
534.15	0	.4389809	.04632078	.3011731	.2135252
533.15	0	.4390904	.04600615	.3009701	.2139333
532.15	0	.4391992	.04569266	.3007677	.2143405
531.15	0	.4393073	.04538028	.3005658	.2147466
530.15	0	.4394148	.045069	.3003645	.2151517
529.15	0	.4395216	.04475881	.3001637	.2155559
528.15	0	.4396278	.04444968	.2999635	.2159591
527.15	0	.4397333	.0441416	.2997638	.2163613
526.15	0	.4398383	.04383456	.2995646	.2167626
525.15	0	.4399426	.04352854	.299366	.2171629
524.15	0	.4400464	.04322351	.2991679	.2175623
523.15	0	.4401495	.04291948	.2989703	.2179607
522.15	0	.4402521	.04261641	.2987732	.2183583
521.15	0	.4403541	.0423143	.2985766	.2187549
520.15	0	.4404556	.04201314	.2983806	.2191507
519.15	0	.4405565	.04171289	.298185	.2195455
518.15	0	.4406569	.04141356	.29799	.2199395
517.15	0	.4407568	.04111513	.2977954	.2203326
516.15	0	.4408562	.04081758	.2976014	.2207248
515.15	0	.4409551	.0405209	.2974078	.2211162
514.15	0	.4410534	.04022507	.2972148	.2215067
513.15	0	.4411513	.03993009	.2970222	.2218964
512.15	0	.4412487	.03963593	.2968301	.2222853
511.15	0	.4413457	.03934259	.2966384	.2226733
510.15	0	.4414422	.03905005	.2964472	.2230605
509.15	0	.4415382	.0387583	.2962566	.2234469
508.15	0	.4416338	.03846732	.2960663	.2238325
507.15	0	.441729	.03817711	.2958766	.2242173
506.15	0	.4418237	.03788764	.2956873	.2246014
505.15	0	.441918	.03759892	.2954985	.2249846
504.15	0	.4420119	.03731092	.2953101	.2253671
503.15	0	.4421055	.03702363	.2951221	.2257488
502.15	0	.4421986	.03673704	.2949347	.2261297
501.15	0	.4422913	.03645115	.2947476	.2265099
500.15	0	.4423837	.03616593	.294561	.2268894
499.15	0	.4424756	.03588138	.2943749	.2272681
498.15	0	.4425673	.03559748	.2941892	.2276461
497.15	0	.4426585	.03531423	.2940039	.2280234
496.15	0	.4427494	.03503161	.293819	.2283999
495.15	0	.44284	.03474961	.2936346	.2287758
494.15	0	.4429303	.03446822	.2934506	.2291509
493.15	0	.4430202	.03418744	.293267	.2295254
492.15	0	.4431098	.03390724	.2930839	.2298991
491.15	0	.443199	.03362762	.2929011	.2302722
490.15	0	.443288	.03334858	.2927188	.2306446
489.15	0	.4433767	.03307009	.2925369	.2310163
488.15	0	.443465	.03279215	.2923554	.2313874
487.15	0	.4435531	.03251475	.2921743	.2317578
486.15	0	.4436409	.03223788	.2919937	.2321276
485.15	0	.4437284	.03196152	.2918134	.2324967
484.15	0	.4438157	.03168568	.2916335	.2328651
483.15	0	.4439027	.03141033	.291454	.233233
482.15	0	.4439894	.03113548	.2912749	.2336002
481.15	0	.4440759	.03086111	.2910963	.2339668
480.15	0	.4441621	.03058721	.290918	.2343327
479.15	0	.4442481	.03031377	.2907401	.2346981
478.15	0	.4443339	.03004078	.2905625	.2350628
477.15	0	.4444194	.02976825	.2903854	.235427
476.15	0	.4445047	.02949614	.2902087	.2357905
475.15	0	.4445897	.02922447	.2900323	.2361535
474.15	0	.4446746	.02895321	.2898563	.2365159
473.15	0	.4447592	.02868237	.2896807	.2368777
472.15	0	.4448437	.02841193	.2895054	.2372389
471.15	0	.4449279	.02814188	.2893306	.2375996
470.15	0	.445012	.02787222	.2891561	.2379597
469.15	0	.4450959	.02760293	.288982	.2383192
468.15	0	.4451795	.02733402	.2888082	.2386782
467.15	0	.445263	.02706546	.2886348	.2390367
466.15	0	.4453464	.02679726	.2884618	.2393946
465.15	0	.4454295	.02652941	.2882891	.239752
464.15	0	.4455125	.0262619	.2881168	.2401088
463.15	0	.4455953	.02599471	.2879448	.2404651
462.15	0	.445678	.02572785	.2877732	.2408209
461.15	0	.4457605	.02546131	.287602	.2411762
460.15	0	.4458429	.02519508	.2874311	.2415309
459.15	0	.4459251	.02492914	.2872605	.2418852
458.15	0	.4460072	.02466351	.2870903	.2422389
457.15	0	.4460892	.02439816	.2869205	.2425922
456.15	0	.446171	.02413309	.286751	.2429449
455.15	0	.4462527	.02386829	.2865818	.2432972
454.15	0	.4463343	.02360376	.286413	.243649
453.15	0	.4464157	.02333949	.2862445	.2440003
452.15	0	.4464971	.02307548	.2860764	.2443511
451.15	0	.4465783	.02281171	.2859086	.2447014
450.15	0	.4466594	.02254818	.2857411	.2450513
449.15	0	.4467404	.02228484	.285574	.2454007
448.15	0	.4468214	.02202172	.2854072	.2457497
447.15	0	.4469023	.02175881	.2852407	.2460982
446.15	0	.446983	.0214961	.2850746	.2464463
445.15	0	.4470637	.02123359	.2849088	.2467939
444.15	0	.4471443	.02097126	.2847433	.2471411
443.15	0	.4472249	.0207091	.2845782	.2474878
442.15	0	.4473054	.0204471	.2844134	.2478342
441.15	0	.4473858	.02018525	.2842489	.24818
440.15	0	.4474662	.01992355	.2840847	.2485255
