T	 BPW(LIQUID)	BPW(BCC_A2)	BPW(FCC_A1)	BPW(LAVES_PHASE_C14)	BPW(NI3TI)
1473.15	.1624306	.8375695	0	0	0
1472.15	.1603692	.8396309	0	0	0
1471.15	.1583207	.8416793	0	0	0
1470.15	.156285	.843715	0	0	0
1469.15	.154262	.845738	0	0	0
1468.15	.1522517	.8477484	0	0	0
1467.15	.1502538	.8497462	0	0	0
1466.15	.1482682	.8517318	0	0	0
1465.15	.146295	.853705	0	0	0
1464.15	.1443339	.8556661	0	0	0
1463.15	.1423849	.8576151	0	0	0
1462.15	.1404479	.8595521	0	0	0
1461.15	.1385227	.8614773	0	0	0
1460.15	.1366093	.8633907	0	0	0
1459.15	.1347075	.8652925	0	0	0
1458.15	.1328173	.8671827	0	0	0
1457.15	.1309386	.8690614	0	0	0
1456.15	.1290713	.8709287	0	0	0
1455.15	.1272152	.8727848	0	0	0
1454.15	.1253704	.8746296	0	0	0
1453.15	.1235366	.8764634	0	0	0
1452.15	.1217139	.8782861	0	0	0
1451.15	.1199021	.8800979	0	0	0
1450.716	.1191199	.8808801	0	0	0
1450.716	.1191199	.8808801	0	0	0
1450.716	.1191199	.8808801	0	0	0
1450.15	.1164384	.8794408	.004120809	0	0
1449.15	.1117028	.8769139	.01138339	0	0
1448.15	.1069651	.874405	.01862985	0	0
1447.15	.1022252	.8719143	.02586044	0	0
1446.15	.09748285	.8694417	.03307542	0	0
1445.15	.09273777	.8669872	.04027505	0	0
1444.15	.08798974	.8645507	.04745957	0	0
1443.15	.08323856	.8621322	.05462922	0	0
1442.15	.078484	.8597317	.06178426	0	0
1441.15	.07372583	.8573493	.06892492	0	0
1440.15	.06896384	.8549847	.07605144	0	0
1439.15	.06419781	.8526381	.08316406	0	0
1438.15	.05942753	.8503095	.09026301	0	0
1437.15	.05465278	.8479987	.09734852	0	0
1436.15	.04987335	.8457058	.1044208	0	0
1435.15	.04508904	.8434308	.1114801	0	0
1434.15	.04029963	.8411737	.1185267	0	0
1433.15	.03550492	.8389344	.1255607	0	0
1432.15	.03070471	.8367129	.1325824	0	0
1431.15	.02589879	.8345092	.139592	0	0
1430.15	.02108695	.8323233	.1465898	0	0
1429.15	.01626901	.8301552	.1535758	0	0
1428.15	.01144475	.8280049	.1605504	0	0
1427.15	.006613993	.8258723	.1675137	0	0
1426.15	.001776534	.8237575	.1744659	0	0
1425.783	0	.8229861	.1770139	0	0
1425.783	0	.8229861	.1770139	0	0
1425.15	0	.8219522	.1780478	0	0
1424.15	0	.8203213	.1796787	0	0
1423.15	0	.8186932	.1813068	0	0
1422.15	0	.8170678	.1829322	0	0
1421.15	0	.8154451	.1845549	0	0
1420.15	0	.8138251	.1861749	0	0
1419.15	0	.8122078	.1877922	0	0
1418.15	0	.8105932	.1894068	0	0
1417.15	0	.8089813	.1910187	0	0
1416.15	0	.8073722	.1926278	0	0
1415.15	0	.8057657	.1942343	0	0
1414.15	0	.804162	.1958381	0	0
1413.15	0	.8025609	.1974391	0	0
1412.15	0	.8009625	.1990375	0	0
1411.15	0	.7993669	.2006331	0	0
1410.15	0	.7977739	.2022261	0	0
1409.15	0	.7961837	.2038163	0	0
1408.15	0	.7945961	.2054039	0	0
1407.15	0	.7930112	.2069888	0	0
1406.15	0	.791429	.208571	0	0
1405.15	0	.7898495	.2101505	0	0
1404.15	0	.7882727	.2117273	0	0
1403.15	0	.7866986	.2133014	0	0
1402.15	0	.7851272	.2148728	0	0
1401.15	0	.7835585	.2164415	0	0
1400.15	0	.7819924	.2180076	0	0
1399.15	0	.7804291	.2195709	0	0
1398.15	0	.7788684	.2211316	0	0
1397.15	0	.7773104	.2226896	0	0
1396.15	0	.7757551	.2242449	0	0
1395.15	0	.7742025	.2257976	0	0
1394.15	0	.7726525	.2273475	0	0
1393.15	0	.7711052	.2288948	0	0
1392.15	0	.7695607	.2304393	0	0
1391.15	0	.7680187	.2319812	0	0
1390.15	0	.7664795	.2335205	0	0
1389.15	0	.764943	.235057	0	0
1388.15	0	.7634091	.2365909	0	0
1387.15	0	.7618779	.2381221	0	0
1386.15	0	.7603494	.2396506	0	0
1385.15	0	.7588236	.2411764	0	0
1384.15	0	.7573004	.2426996	0	0
1383.15	0	.7557799	.2442201	0	0
1382.15	0	.7542621	.2457379	0	0
1381.15	0	.752747	.247253	0	0
1380.15	0	.7512345	.2487655	0	0
1379.15	0	.7497247	.2502753	0	0
1378.15	0	.7482176	.2517824	0	0
1377.15	0	.7467132	.2532868	0	0
1376.15	0	.7452114	.2547886	0	0
1375.15	0	.7437124	.2562876	0	0
1374.15	0	.7422159	.2577841	0	0
1373.15	0	.7407222	.2592778	0	0
1372.15	0	.7392312	.2607688	0	0
1371.15	0	.7377428	.2622572	0	0
1370.15	0	.7362571	.2637429	0	0
1369.15	0	.734774	.265226	0	0
1368.15	0	.7332937	.2667063	0	0
1367.15	0	.731816	.268184	0	0
1366.15	0	.730341	.269659	0	0
1365.15	0	.7288687	.2711313	0	0
1364.15	0	.727399	.272601	0	0
1363.15	0	.725932	.274068	0	0
1362.15	0	.7244678	.2755323	0	0
1361.15	0	.7230061	.2769939	0	0
1360.15	0	.7215472	.2784528	0	0
1359.15	0	.720091	.2799091	0	0
1358.15	0	.7186374	.2813626	0	0
1357.15	0	.7171865	.2828135	0	0
1356.15	0	.7157383	.2842617	0	0
1355.15	0	.7142928	.2857073	0	0
1354.15	0	.7128499	.2871501	0	0
1353.15	0	.7114098	.2885903	0	0
1352.15	0	.7099723	.2900277	0	0
1351.15	0	.7085375	.2914625	0	0
1350.15	0	.7071054	.2928946	0	0
1349.15	0	.705676	.294324	0	0
1348.15	0	.7042493	.2957507	0	0
1347.15	0	.7028253	.2971747	0	0
1346.15	0	.7014039	.2985961	0	0
1345.15	0	.6999853	.3000147	0	0
1344.15	0	.6985693	.3014307	0	0
1343.15	0	.6971561	.3028439	0	0
1342.15	0	.6957456	.3042545	0	0
1341.15	0	.6943377	.3056623	0	0
1340.15	0	.6929326	.3070674	0	0
1339.15	0	.6915301	.3084699	0	0
1338.15	0	.6901304	.3098696	0	0
1337.15	0	.6887333	.3112667	0	0
1336.15	0	.687339	.312661	0	0
1335.15	0	.6859474	.3140526	0	0
1334.15	0	.6845585	.3154415	0	0
1333.15	0	.6831723	.3168277	0	0
1332.15	0	.6817888	.3182112	0	0
1331.15	0	.6804081	.3195919	0	0
1330.15	0	.67903	.32097	0	0
1329.15	0	.6776547	.3223453	0	0
1328.15	0	.6762821	.3237179	0	0
1327.15	0	.6749123	.3250878	0	0
1326.15	0	.6735451	.3264549	0	0
1325.15	0	.6721807	.3278193	0	0
1324.15	0	.670819	.329181	0	0
1323.15	0	.6694601	.3305399	0	0
1322.15	0	.6681039	.3318961	0	0
1321.15	0	.6667504	.3332496	0	0
1320.15	0	.6653997	.3346003	0	0
1319.15	0	.6640517	.3359483	0	0
1318.15	0	.6627065	.3372935	0	0
1317.15	0	.661364	.338636	0	0
1316.15	0	.6600243	.3399757	0	0
1315.15	0	.6586873	.3413127	0	0
1314.15	0	.6573531	.3426469	0	0
1313.15	0	.6560217	.3439783	0	0
1312.15	0	.654693	.345307	0	0
1311.15	0	.6533671	.3466329	0	0
1310.15	0	.652044	.347956	0	0
1309.15	0	.6507236	.3492764	0	0
1308.15	0	.649406	.350594	0	0
1307.15	0	.6480912	.3519088	0	0
1306.15	0	.6467792	.3532208	0	0
1305.15	0	.64547	.35453	0	0
1304.15	0	.6441636	.3558364	0	0
1303.15	0	.6428599	.3571401	0	0
1302.15	0	.6415591	.3584409	0	0
1301.15	0	.6402611	.3597389	0	0
1300.15	0	.6389659	.3610342	0	0
1299.15	0	.6376734	.3623266	0	0
1298.15	0	.6363839	.3636162	0	0
1297.15	0	.6350971	.3649029	0	0
1296.15	0	.6338131	.3661869	0	0
1295.15	0	.632532	.367468	0	0
1294.15	0	.6312537	.3687463	0	0
1293.15	0	.6299783	.3700218	0	0
1292.15	0	.6287056	.3712944	0	0
1291.15	0	.6274359	.3725641	0	0
1290.15	0	.6261689	.3738311	0	0
1289.15	0	.6249049	.3750951	0	0
1288.15	0	.6236437	.3763563	0	0
1287.15	0	.6223853	.3776147	0	0
1286.15	0	.6211298	.3788702	0	0
1285.15	0	.6198773	.3801228	0	0
1284.15	0	.6186275	.3813725	0	0
1283.15	0	.6173807	.3826193	0	0
1282.15	0	.6161367	.3838633	0	0
1281.15	0	.6148957	.3851043	0	0
1280.15	0	.6136575	.3863425	0	0
1279.15	0	.6124223	.3875777	0	0
1278.15	0	.6111899	.3888101	0	0
1277.15	0	.6099605	.3900395	0	0
1276.15	0	.608734	.391266	0	0
1275.15	0	.6075104	.3924896	0	0
1274.15	0	.6062898	.3937102	0	0
1273.15	0	.605072	.394928	0	0
1272.15	0	.6038573	.3961427	0	0
1271.15	0	.6026455	.3973545	0	0
1270.15	0	.6014366	.3985634	0	0
1269.15	0	.6002307	.3997693	0	0
1268.15	0	.5990278	.4009722	0	0
1267.15	0	.5978278	.4021722	0	0
1266.15	0	.5966309	.4033692	0	0
1265.15	0	.5954369	.4045631	0	0
1264.15	0	.5942459	.4057541	0	0
1263.15	0	.5930579	.4069421	0	0
1262.15	0	.5918729	.4081271	0	0
1261.15	0	.5906909	.4093091	0	0
1260.15	0	.589512	.410488	0	0
1259.15	0	.588336	.411664	0	0
1258.15	0	.5871632	.4128368	0	0
1257.15	0	.5859933	.4140067	0	0
1256.15	0	.5848265	.4151735	0	0
1255.15	0	.5836628	.4163372	0	0
1254.15	0	.5825021	.4174979	0	0
1253.15	0	.5813445	.4186555	0	0
1252.15	0	.58019	.41981	0	0
1251.15	0	.5790386	.4209614	0	0
1250.15	0	.5778902	.4221098	0	0
1249.15	0	.576745	.423255	0	0
1248.15	0	.5756029	.4243971	0	0
1247.15	0	.5744639	.4255361	0	0
1246.15	0	.573328	.426672	0	0
1245.15	0	.5721953	.4278047	0	0
1244.15	0	.5710657	.4289343	0	0
1243.15	0	.5699392	.4300608	0	0
1242.15	0	.5688159	.4311841	0	0
1241.15	0	.5676958	.4323042	0	0
1240.15	0	.5665789	.4334211	0	0
1239.15	0	.5654652	.4345348	0	0
1238.15	0	.5643546	.4356454	0	0
1237.15	0	.5632473	.4367527	0	0
1236.15	0	.5621432	.4378569	0	0
1235.15	0	.5610423	.4389577	0	0
1234.15	0	.5599446	.4400554	0	0
1233.15	0	.5588502	.4411498	0	0
1232.15	0	.557759	.442241	0	0
1231.15	0	.5566711	.4433289	0	0
1230.15	0	.5555865	.4444135	0	0
1229.15	0	.5545052	.4454949	0	0
1228.15	0	.5534271	.4465729	0	0
1227.15	0	.5523523	.4476477	0	0
1226.15	0	.5512809	.4487191	0	0
1225.15	0	.5502128	.4497872	0	0
1224.15	0	.549148	.450852	0	0
1223.15	0	.5480866	.4519134	0	0
1222.15	0	.5470286	.4529714	0	0
1221.15	0	.5459739	.4540261	0	0
1220.15	0	.5449226	.4550775	0	0
1219.15	0	.5438746	.4561254	0	0
1218.15	0	.5428301	.4571699	0	0
1217.15	0	.541789	.458211	0	0
1216.15	0	.5407513	.4592487	0	0
1215.15	0	.5397171	.460283	0	0
1214.15	0	.5386863	.4613137	0	0
1213.15	0	.5376589	.4623411	0	0
1212.15	0	.5366351	.4633649	0	0
1211.15	0	.5356147	.4643853	0	0
1210.15	0	.5345978	.4654022	0	0
1209.15	0	.5335844	.4664156	0	0
1208.15	0	.5325745	.4674255	0	0
1207.15	0	.5315682	.4684318	0	0
1206.15	0	.5305655	.4694345	0	0
1205.15	0	.5295663	.4704337	0	0
1204.15	0	.5285706	.4714294	0	0
1203.15	0	.5275786	.4724214	0	0
1202.15	0	.5265901	.4734099	0	0
1201.15	0	.5256053	.4743947	0	0
1200.15	0	.5246241	.4753759	0	0
1199.15	0	.5236465	.4763535	0	0
1198.15	0	.5226726	.4773274	0	0
1197.15	0	.5217024	.4782976	0	0
1196.15	0	.5207359	.4792642	0	0
1195.15	0	.519773	.480227	0	0
1194.15	0	.5188139	.4811861	0	0
1193.15	0	.5178585	.4821415	0	0
1192.15	0	.5169068	.4830932	0	0
1191.15	0	.5159589	.4840411	0	0
1190.15	0	.5150148	.4849852	0	0
1189.15	0	.5140744	.4859256	0	0
1188.15	0	.5131379	.4868621	0	0
1187.15	0	.5122052	.4877948	0	0
1186.15	0	.5112763	.4887237	0	0
1185.15	0	.5103513	.4896487	0	0
1184.15	0	.5094301	.4905699	0	0
1183.15	0	.5085128	.4914872	0	0
1182.15	0	.5075995	.4924005	0	0
1181.15	0	.50669	.49331	0	0
1180.15	0	.5057845	.4942155	0	0
1179.15	0	.5048829	.4951171	0	0
1178.15	0	.5039853	.4960147	0	0
1177.15	0	.5030917	.4969083	0	0
1176.15	0	.5022021	.4977979	0	0
1175.15	0	.5013165	.4986835	0	0
1174.15	0	.5004349	.4995651	0	0
1173.15	0	.4995574	.5004426	0	0
1172.15	0	.498684	.501316	0	0
1171.15	0	.4978147	.5021853	0	0
1170.15	0	.4969495	.5030505	0	0
1169.15	0	.4960884	.5039116	0	0
1168.15	0	.4952314	.5047686	0	0
1167.15	0	.4943787	.5056213	0	0
1166.15	0	.4935301	.5064699	0	0
1165.15	0	.4926857	.5073143	0	0
1164.15	0	.4918456	.5081544	0	0
1163.15	0	.4910097	.5089903	0	0
1162.15	0	.490178	.509822	0	0
1161.15	0	.4893507	.5106493	0	0
1160.15	0	.4885276	.5114724	0	0
1159.15	0	.4877089	.5122911	0	0
1158.15	0	.4868945	.5131055	0	0
1157.15	0	.4860845	.5139155	0	0
1156.15	0	.4852789	.5147211	0	0
1155.15	0	.4844777	.5155223	0	0
1154.15	0	.4836809	.5163191	0	0
1153.15	0	.4828886	.5171114	0	0
1152.15	0	.4821008	.5178992	0	0
1151.15	0	.4813174	.5186826	0	0
1150.15	0	.4805386	.5194614	0	0
1149.15	0	.4797643	.5202357	0	0
1148.15	0	.4789946	.5210054	0	0
1147.15	0	.4782295	.5217705	0	0
1146.15	0	.477469	.522531	0	0
1145.15	0	.4767131	.5232869	0	0
1144.15	0	.4759619	.5240381	0	0
1143.15	0	.4752153	.5247847	0	0
1142.15	0	.4744735	.5255265	0	0
1141.15	0	.4737364	.5262636	0	0
1140.15	0	.473004	.526996	0	0
1139.15	0	.4722765	.5277235	0	0
1138.15	0	.4715537	.5284463	0	0
1137.15	0	.4708357	.5291643	0	0
1136.15	0	.4701227	.5298773	0	0
1135.15	0	.4694145	.5305855	0	0
1134.15	0	.4687112	.5312889	0	0
1133.15	0	.4680128	.5319872	0	0
1132.15	0	.4673194	.5326806	0	0
1131.15	0	.4666309	.5333691	0	0
1130.15	0	.4659475	.5340525	0	0
1129.15	0	.4652691	.5347309	0	0
1128.15	0	.4645957	.5354043	0	0
1127.15	0	.4639275	.5360725	0	0
1126.15	0	.4632644	.5367356	0	0
1125.15	0	.4626064	.5373936	0	0
1124.15	0	.4619536	.5380464	0	0
1123.15	0	.461306	.538694	0	0
1122.15	0	.4606636	.5393364	0	0
1121.15	0	.4600265	.5399735	0	0
1120.15	0	.4593946	.5406054	0	0
1119.15	0	.4587681	.5412319	0	0
1118.15	0	.4581469	.5418531	0	0
1117.15	0	.4575311	.5424689	0	0
1116.15	0	.4569207	.5430793	0	0
1115.15	0	.4563158	.5436842	0	0
1114.264	0	.4557845	.5442155	0	0
1114.264	0	.4557845	.5442155	0	0
1114.264	0	.4557845	.5442155	0	0
1114.15	0	.4556773	.5442801	4.25164E-05	0
1113.15	0	.4547429	.5448428	4.142164E-04	0
1112.15	0	.4538147	.5454003	7.850191E-04	0
1111.15	0	.4528926	.5459525	.001154926	0
1110.15	0	.4519767	.5464994	.001523939	0
1109.15	0	.451067	.547041	.001892061	0
1108.15	0	.4501635	.5475772	.002259292	0
1107.15	0	.4492662	.5481082	.002625634	0
1106.15	0	.4483752	.5486337	.002991089	0
1105.15	0	.4474905	.5491538	.003355659	0
1104.15	0	.4466121	.5496686	.003719344	0
1103.15	0	.44574	.5501778	.004082148	0
1102.15	0	.4448743	.5506816	.004444071	0
1101.15	0	.444015	.5511799	.004805114	0
1100.15	0	.4431621	.5516726	.00516528	0
1099.15	0	.4423156	.5521598	.00552457	0
1098.15	0	.4414756	.5526415	.005882984	0
1097.15	0	.440642	.5531175	.006240525	0
1096.15	0	.4398149	.5535879	.006597194	0
1095.15	0	.4389944	.5540526	.006952993	0
1094.15	0	.4381804	.5545117	.007307921	0
1093.15	0	.437373	.554965	.007661982	0
1092.15	0	.4365722	.5554126	.008015176	0
1091.15	0	.4357781	.5558544	.008367504	0
1090.15	0	.4349906	.5562905	.008718967	0
1089.15	0	.4342098	.5567207	.009069568	0
1088.15	0	.4334357	.557145	.009419306	0
1087.15	0	.4326683	.5575635	.009768182	0
1086.15	0	.4319077	.5579761	.0101162	0
1085.15	0	.4311539	.5583827	.01046336	0
1084.15	0	.430407	.5587834	.01080966	0
1083.15	0	.4296668	.5591781	.0111551	0
1082.15	0	.4289336	.5595667	.01149969	0
1081.15	0	.4282073	.5599493	.01184342	0
1080.15	0	.4274879	.5603258	.0121863	0
1079.15	0	.4267755	.5606961	.01252832	0
1078.15	0	.4260701	.5610604	.01286949	0
1077.15	0	.4253718	.5614184	.01320981	0
1076.15	0	.4246805	.5617703	.01354928	0
1075.15	0	.4239963	.5621158	.0138879	0
1074.15	0	.4233192	.5624552	.01422567	0
1073.15	0	.4226493	.5627882	.01456259	0
1072.15	0	.4219865	.5631148	.01489866	0
1071.15	0	.421331	.5634351	.01523388	0
1070.15	0	.4206828	.563749	.01556825	0
1069.15	0	.4200418	.5640564	.01590178	0
1068.15	0	.4194082	.5643574	.01623446	0
1067.15	0	.4187819	.5646518	.0165663	0
1066.15	0	.418163	.5649397	.01689729	0
1065.15	0	.4175515	.5652211	.01722743	0
1064.15	0	.4169475	.5654958	.01755674	0
1063.15	0	.4163509	.5657639	.01788519	0
1062.15	0	.4157619	.5660253	.0182128	0
1061.15	0	.4151805	.56628	.01853957	0
1060.15	0	.4146066	.5665279	.01886549	0
1059.15	0	.4140404	.566769	.01919057	0
1058.15	0	.4134818	.5670034	.0195148	0
1057.15	0	.412931	.5672308	.01983819	0
1056.15	0	.4123879	.5674514	.02016073	0
1055.15	0	.4118526	.567665	.02048244	0
1054.15	0	.4113251	.5678717	.02080329	0
1053.15	0	.4108054	.5680713	.0211233	0
1052.15	0	.4102936	.5682639	.02144247	0
1051.15	0	.4097898	.5684494	.02176079	0
1050.15	0	.4092939	.5686279	.02207827	0
1049.15	0	.408806	.5687991	.0223949	0
1048.15	0	.4083262	.5689631	.02271069	0
1047.15	0	.4078544	.56912	.02302562	0
1046.15	0	.4073908	.5692695	.02333972	0
1045.15	0	.4069353	.5694117	.02365296	0
1044.15	0	.4064881	.5695466	.02396535	0
1043.15	0	.406049	.5696741	.0242769	0
1042.15	0	.4056183	.5697941	.0245876	0
1041.15	0	.4051959	.5699067	.02489744	0
1040.15	0	.4047818	.5700118	.02520644	0
1039.15	0	.4043761	.5701093	.02551458	0
1038.15	0	.4039789	.5701992	.02582187	0
1037.15	0	.4035902	.5702815	.0261283	0
1036.15	0	.40321	.5703561	.02643388	0
1035.15	0	.4028384	.570423	.0267386	0
1034.15	0	.4024754	.5704822	.02704247	0
1033.15	0	.402121	.5705335	.02734548	0
1032.15	0	.4017753	.570577	.02764762	0
1031.15	0	.4014384	.5706127	.02794891	0
1030.15	0	.4011103	.5706404	.02824933	0
1029.15	0	.400791	.5706601	.02854889	0
1028.15	0	.4004805	.5706719	.02884759	0
1027.15	0	.400179	.5706756	.02914541	0
1026.15	0	.3998864	.5706712	.02944237	0
1025.15	0	.3996029	.5706587	.02973845	0
1024.15	0	.3993284	.570638	.03003366	0
1023.15	0	.3990629	.5706091	.030328	0
1022.15	0	.3988067	.5705719	.03062146	0
1021.15	0	.3985595	.5705264	.03091404	0
1020.15	0	.3983217	.5704726	.03120574	0
1019.15	0	.398093	.5704104	.03149656	0
1018.15	0	.3978737	.5703398	.03178649	0
1017.15	0	.3976638	.5702607	.03207554	0
1016.15	0	.3974633	.570173	.03236369	0
1015.15	0	.3972722	.5700769	.03265095	0
1014.15	0	.3970906	.5699721	.03293732	0
1013.15	0	.3969186	.5698587	.03322279	0
1012.15	0	.3967561	.5697366	.03350736	0
1011.15	0	.3966033	.5696057	.03379102	0
1010.15	0	.3964601	.5694661	.03407378	0
1009.15	0	.3963267	.5693177	.03435563	0
1008.15	0	.3962031	.5691604	.03463656	0
1007.15	0	.3960892	.5689942	.03491658	0
1006.15	0	.3959853	.568819	.03519568	0
1005.15	0	.3958912	.5686349	.03547385	0
1004.15	0	.3958071	.5684418	.03575111	0
1003.15	0	.395733	.5682396	.03602743	0
1002.15	0	.395669	.5680282	.03630281	0
1001.15	0	.395615	.5678077	.03657726	0
1000.15	0	.3955712	.5675781	.03685077	0
999.15	0	.3955375	.5673391	.03712333	0
998.15	0	.3955141	.5670909	.03739495	0
997.15	0	.395501	.5668334	.03766561	0
996.15	0	.3954982	.5665665	.03793531	0
995.15	0	.3955057	.5662902	.03820405	0
994.15	0	.3955237	.5660045	.03847182	0
993.15	0	.3955521	.5657093	.03873862	0
992.15	0	.395591	.5654046	.03900444	0
991.15	0	.3956405	.5650903	.03926928	0
990.15	0	.3957005	.5647664	.03953313	0
989.15	0	.3957712	.5644329	.03979599	0
988.15	0	.3958525	.5640896	.04005785	0
987.15	0	.3959446	.5637367	.04031871	0
986.15	0	.3960474	.5633741	.04057856	0
985.15	0	.396161	.5630016	.0408374	0
984.15	0	.3962855	.5626193	.04109521	0
983.15	0	.3964208	.5622272	.041352	0
982.15	0	.3965671	.5618251	.04160776	0
981.15	0	.3967244	.5614131	.04186248	0
980.15	0	.3968927	.5609912	.04211614	0
979.15	0	.397072	.5605593	.04236876	0
978.15	0	.3972624	.5601173	.04262032	0
977.15	0	.3974639	.5596653	.04287081	0
976.15	0	.3976766	.5592032	.04312023	0
975.15	0	.3979005	.5587309	.04336857	0
974.15	0	.3981357	.5582485	.04361581	0
973.15	0	.3983821	.557756	.04386196	0
972.15	0	.3986398	.5572532	.04410701	0
971.15	0	.3989089	.5567402	.04435095	0
970.15	0	.3991894	.5562169	.04459376	0
969.15	0	.3994812	.5556833	.04483544	0
968.15	0	.3997846	.5551394	.04507599	0
967.15	0	.4000994	.5545852	.04531539	0
966.15	0	.4004257	.5540207	.04555363	0
965.15	0	.4007636	.5534457	.04579071	0
964.15	0	.401113	.5528604	.04602661	0
963.15	0	.4014741	.5522646	.04626133	0
962.15	0	.4018467	.5516584	.04649485	0
961.15	0	.4022311	.5510418	.04672717	0
960.15	0	.4026271	.5504147	.04695827	0
959.15	0	.4030348	.5497771	.04718814	0
958.15	0	.4034542	.549129	.04741678	0
957.15	0	.4038854	.5484705	.04764417	0
956.15	0	.4043283	.5478014	.04787029	0
955.15	0	.404783	.5471218	.04809515	0
954.15	0	.4052496	.5464317	.04831872	0
953.15	0	.4057279	.5457311	.048541	0
952.15	0	.4062181	.54502	.04876196	0
951.15	0	.4067201	.5442983	.04898161	0
950.15	0	.407234	.5435661	.04919991	0
949.15	0	.4077597	.5428234	.04941687	0
948.15	0	.4082973	.5420702	.04963247	0
947.15	0	.4088468	.5413065	.04984669	0
946.15	0	.4094082	.5405323	.05005951	0
945.15	0	.4099815	.5397476	.05027093	0
944.15	0	.4105667	.5389524	.05048093	0
943.15	0	.4111637	.5381468	.05068949	0
942.15	0	.4117726	.5373308	.05089659	0
941.15	0	.4123934	.5365043	.05110222	0
940.15	0	.4130261	.5356675	.05130637	0
939.15	0	.4136707	.5348203	.05150901	0
938.15	0	.4143271	.5339628	.05171013	0
937.15	0	.4149953	.533095	.05190971	0
936.15	0	.4156753	.5322169	.05210773	0
935.15	0	.4163672	.5313287	.05230417	0
934.15	0	.4170708	.5304302	.05249902	0
933.15	0	.4177861	.5295216	.05269224	0
932.15	0	.4185132	.5286029	.05288383	0
931.15	0	.419252	.5276742	.05307376	0
930.15	0	.4200024	.5267356	.05326201	0
929.15	0	.4207645	.5257869	.05344855	0
928.15	0	.4215381	.5248285	.05363337	0
927.15	0	.4223233	.5238603	.05381643	0
926.15	0	.42312	.5228823	.05399773	0
925.15	0	.4239281	.5218947	.05417722	0
924.15	0	.4247476	.5208975	.05435489	0
923.15	0	.4255784	.5198909	.05453071	0
922.15	0	.4264205	.5188748	.05470466	0
921.15	0	.4272738	.5178495	.0548767	0
920.15	0	.4281382	.516815	.05504681	0
919.15	0	.4290137	.5157713	.05521495	0
918.15	0	.4299002	.5147187	.05538111	0
917.15	0	.4307976	.5136572	.05554524	0
916.15	0	.4317057	.5125869	.05570732	0
915.15	0	.4326247	.511508	.05586731	0
914.15	0	.4335542	.5104206	.05602519	0
913.15	0	.4344943	.5093248	.0561809	0
912.15	0	.4354447	.5082209	.05633443	0
911.15	0	.4364055	.5071088	.05648573	0
910.15	0	.4373764	.5059888	.05663476	0
909.15	0	.4383575	.5048611	.05678149	0
908.15	0	.4393484	.5037257	.05692588	0
907.15	0	.4403491	.502583	.05706787	0
906.15	0	.4413595	.5014331	.05720744	0
905.15	0	.4423794	.5002761	.05734453	0
904.15	0	.4434086	.4991123	.0574791	0
903.15	0	.444447	.4979419	.0576111	0
902.15	0	.4454944	.4967652	.05774048	0
901.15	0	.4465506	.4955823	.05786719	0
900.15	0	.4476154	.4943934	.05799117	0
899.15	0	.4486887	.493199	.05811238	0
898.15	0	.4497702	.4919991	.05823075	0
897.15	0	.4508597	.4907941	.05834621	0
896.15	0	.4519569	.4895844	.05845872	0
895.15	0	.4530617	.48837	.0585682	0
894.15	0	.4541739	.4871516	.05867459	0
893.15	0	.455293	.4859292	.05877782	0
892.15	0	.4564189	.4847033	.0588778	0
891.15	0	.4575513	.4834743	.05897447	0
890.15	0	.4586898	.4822424	.05906774	0
889.15	0	.4596541	.4812114	.05913448	0
888.15	0	.4606282	.4801764	.05919541	0
887.15	0	.4616415	.4791041	.05925436	0
886.15	0	.4626916	.4779971	.05931131	0
885.15	0	.463776	.4768577	.05936625	0
884.15	0	.4648927	.4756882	.05941915	0
883.15	0	.4660395	.4744905	.05947001	0
882.15	0	.4672144	.4732668	.05951883	0
881.15	0	.4684155	.4720189	.0595656	0
880.15	0	.469641	.4707487	.05961033	0
879.15	0	.4708891	.4694578	.05965303	0
878.15	0	.4721584	.468148	.05969369	0
877.15	0	.473447	.4668206	.05973233	0
876.15	0	.4747537	.4654774	.05976897	0
875.15	0	.4760769	.4641195	.0598036	0
874.15	0	.4774152	.4627485	.05983626	0
873.15	0	.4787674	.4613657	.05986694	0
872.15	0	.4801321	.4599722	.05989568	0
871.15	0	.4815083	.4585693	.05992249	0
870.15	0	.4828946	.457158	.05994738	0
869.15	0	.4842901	.4557395	.05997039	0
868.15	0	.4856937	.4543148	.05999152	0
867.15	0	.4871043	.4528849	.0600108	0
866.15	0	.488521	.4514507	.06002826	0
865.15	0	.4899429	.4500132	.06004392	0
864.15	0	.491369	.4485732	.0600578	0
863.15	0	.4927986	.4471315	.06006993	0
862.15	0	.4942308	.4456889	.06008033	0
861.15	0	.4956648	.4442462	.06008902	0
860.15	0	.4970999	.4428041	.06009604	0
859.15	0	.4985354	.4413632	.06010141	0
858.15	0	.4999705	.4399243	.06010515	0
857.15	0	.5014048	.438488	.06010729	0
856.15	0	.5028374	.4370547	.06010786	0
855.15	0	.5042679	.4356252	.06010688	0
854.15	0	.5056957	.4341999	.06010439	0
853.15	0	.5071202	.4327794	.0601004	0
852.15	0	.508541	.4313641	.06009495	0
851.15	0	.5099575	.4299544	.06008806	0
850.15	0	.5113693	.4285509	.06007976	0
849.15	0	.512776	.4271539	.06007008	0
848.15	0	.5141771	.4257638	.06005904	0
847.15	0	.5155723	.424381	.06004667	0
846.15	0	.5169612	.4230058	.06003299	0
845.15	0	.5183433	.4216386	.06001805	0
844.15	0	.5197186	.4202796	.06000185	0
843.15	0	.5210864	.4189291	.05998443	0
842.15	0	.5224467	.4175875	.05996581	0
841.15	0	.5237991	.4162549	.05994602	0
840.15	0	.5251434	.4149315	.05992508	0
839.15	0	.5264793	.4136177	.05990303	0
838.15	0	.5278066	.4123136	.05987987	0
837.15	0	.529125	.4110193	.05985565	0
836.15	0	.5304345	.4097351	.05983039	0
835.15	0	.5317348	.4084611	.0598041	0
834.15	0	.5330257	.4071975	.05977681	0
833.15	0	.5343071	.4059444	.05974856	0
832.15	0	.5355788	.4047019	.05971935	0
831.15	0	.5368407	.40347	.05968922	0
830.15	0	.5380928	.402249	.05965818	0
829.15	0	.5393348	.4010389	.05962626	0
828.15	0	.5405667	.3998398	.05959349	0
827.15	0	.5417884	.3986517	.05955987	0
826.15	0	.5429998	.3974747	.05952545	0
825.15	0	.5442009	.3963089	.05949022	0
824.15	0	.5453916	.3951542	.05945423	0
823.15	0	.5465718	.3940107	.05941748	0
822.15	0	.5477415	.3928785	.05938001	0
821.15	0	.5489007	.3917575	.05934182	0
820.15	0	.5500493	.3906478	.05930294	0
819.15	0	.5511873	.3895493	.05926338	0
818.15	0	.5523147	.3884621	.05922317	0
817.15	0	.5534315	.3873862	.05918232	0
816.15	0	.5545377	.3863214	.05914086	0
815.15	0	.5556333	.3852679	.0590988	0
814.15	0	.5567183	.3842256	.05905615	0
813.15	0	.5577927	.3831944	.05901294	0
812.15	0	.5588565	.3821743	.05896918	0
811.15	0	.5599098	.3811653	.05892489	0
810.15	0	.5609526	.3801673	.05888008	0
809.15	0	.5619849	.3791803	.05883477	0
808.15	0	.5630068	.3782042	.05878898	0
807.15	0	.5640183	.377239	.05874272	0
806.15	0	.5650194	.3762846	.058696	0
805.15	0	.5660101	.375341	.05864885	0
804.15	0	.5669907	.3744081	.05860127	0
803.15	0	.567961	.3734858	.05855327	0
802.15	0	.5689211	.372574	.05850488	0
801.15	0	.5698712	.3716727	.0584561	0
800.15	0	.5708112	.3707818	.05840695	0
799.15	0	.5717413	.3699013	.05835744	0
798.15	0	.5726614	.369031	.05830759	0
797.15	0	.5735717	.3681709	.05825739	0
796.15	0	.5744722	.3673209	.05820688	0
795.15	0	.575363	.3664809	.05815605	0
794.15	0	.5762442	.3656509	.05810492	0
793.15	0	.5771158	.3648307	.05805351	0
792.15	0	.5779779	.3640203	.05800181	0
791.15	0	.5788307	.3632195	.05794984	0
790.15	0	.579674	.3624283	.05789762	0
789.15	0	.5805082	.3616467	.05784515	0
788.15	0	.5813331	.3608745	.05779243	0
787.15	0	.582149	.3601116	.05773949	0
786.15	0	.5829558	.3593579	.05768633	0
785.15	0	.5837537	.3586134	.05763295	0
784.15	0	.5845427	.3578779	.05757937	0
783.15	0	.585323	.3571514	.0575256	0
782.15	0	.5860945	.3564338	.05747164	0
781.15	0	.5868575	.355725	.0574175	0
780.15	0	.5876119	.3550249	.05736319	0
779.15	0	.5883579	.3543334	.05730872	0
778.15	0	.5890955	.3536504	.05725409	0
777.15	0	.5898248	.3529759	.05719931	0
776.15	0	.590546	.3523096	.05714439	0
775.15	0	.591259	.3516517	.05708933	0
774.15	0	.591964	.3510019	.05703415	0
773.15	0	.592661	.3503601	.05697884	0
772.15	0	.5933502	.3497264	.05692341	0
771.15	0	.5940316	.3491005	.05686787	0
770.15	0	.5947053	.3484825	.05681223	0
769.15	0	.5953714	.3478721	.05675649	0
768.15	0	.5960299	.3472694	.05670065	0
767.15	0	.596681	.3466743	.05664472	0
766.15	0	.5973248	.3460865	.05658871	0
765.15	0	.5979612	.3455062	.05653262	0
764.15	0	.5985904	.3449331	.05647645	0
763.15	0	.5992125	.3443673	.05642021	0
762.15	0	.5998275	.3438085	.05636391	0
761.15	0	.6004356	.3432568	.05630755	0
760.15	0	.6010368	.3427121	.05625112	0
759.15	0	.6016312	.3421742	.05619465	0
758.15	0	.6022188	.3416431	.05613812	0
757.15	0	.6027998	.3411187	.05608155	0
756.15	0	.6033742	.3406009	.05602494	0
755.15	0	.6039421	.3400897	.05596828	0
754.15	0	.6045035	.3395849	.0559116	0
753.15	0	.6050586	.3390865	.05585487	0
752.15	0	.6056074	.3385945	.05579812	0
751.15	0	.60615	.3381086	.05574135	0
750.15	0	.6066865	.337629	.05568455	0
749.15	0	.6072169	.3371554	.05562773	0
748.15	0	.6077413	.3366878	.05557089	0
747.15	0	.6082598	.3362261	.05551403	0
746.15	0	.6087725	.3357703	.05545717	0
745.15	0	.6092794	.3353204	.05540029	0
744.15	0	.6097805	.3348761	.0553434	0
743.15	0	.610276	.3344375	.05528651	0
742.15	0	.610766	.3340044	.05522962	0
741.15	0	.6112504	.3335769	.05517272	0
740.15	0	.6117294	.3331548	.05511583	0
739.15	0	.612203	.332738	.05505893	0
738.15	0	.6126713	.3323266	.05500204	0
737.15	0	.6131344	.3319204	.05494516	0
736.15	0	.6135923	.3315194	.05488829	0
735.15	0	.614045	.3311236	.05483142	0
734.15	0	.6144927	.3307327	.05477457	0
733.15	0	.6149354	.3303469	.05471772	0
732.15	0	.6153732	.3299659	.0546609	0
731.15	0	.6158061	.3295899	.05460408	0
730.15	0	.6162341	.3292186	.05454729	0
729.15	0	.6166574	.3288521	.05449051	0
728.15	0	.617076	.3284902	.05443376	0
727.15	0	.61749	.328133	.05437702	0
726.15	0	.6178994	.3277803	.0543203	0
725.15	0	.6183042	.3274322	.05426361	0
724.15	0	.6187046	.3270885	.05420695	0
723.15	0	.6191005	.3267492	.05415031	0
722.15	0	.6194921	.3264142	.05409369	0
721.15	0	.6198793	.3260836	.05403711	0
720.15	0	.6202623	.3257571	.05398055	0
719.15	0	.6206411	.3254349	.05392402	0
718.15	0	.6210157	.3251168	.05386752	0
717.15	0	.6213862	.3248027	.05381106	0
716.15	0	.6217527	.3244927	.05375462	0
715.15	0	.6221151	.3241867	.05369822	0
714.15	0	.6224736	.3238846	.05364185	0
713.15	0	.6228282	.3235863	.05358552	0
712.15	0	.6231789	.3232919	.05352922	0
711.15	0	.6235257	.3230013	.05347296	0
710.15	0	.6238688	.3227144	.05341673	0
709.15	0	.6242082	.3224313	.05336054	0
708.15	0	.6245439	.3221517	.05330439	0
707.15	0	.6248759	.3218758	.05324828	0
706.15	0	.6252044	.3216034	.05319221	0
705.15	0	.6255293	.3213345	.05313618	0
704.15	0	.6258507	.3210691	.05308019	0
703.15	0	.6261686	.3208072	.05302424	0
702.15	0	.6264831	.3205486	.05296834	0
701.15	0	.6267942	.3202933	.05291247	0
700.15	0	.627102	.3200414	.05285665	0
699.15	0	.6274064	.3197927	.05280087	0
698.15	0	.6277076	.3195472	.05274514	0
697.15	0	.6280056	.319305	.05268945	0
696.15	0	.6283004	.3190658	.05263381	0
695.15	0	.628592	.3188298	.05257821	0
694.15	0	.6288805	.3185968	.05252266	0
693.15	0	.6291659	.3183669	.05246716	0
692.15	0	.6294483	.31814	.0524117	0
691.15	0	.6297277	.317916	.05235629	0
690.15	0	.6300041	.3176949	.05230093	0
689.15	0	.6302776	.3174768	.05224562	0
688.15	0	.6305482	.3172615	.05219036	0
687.15	0	.6308159	.3170489	.05213515	0
686.15	0	.6310808	.3168392	.05207999	0
685.15	0	.6313429	.3166323	.05202488	0
684.15	0	.6316022	.316428	.05196982	0
683.15	0	.6318587	.3162265	.05191481	0
682.15	0	.6321126	.3160275	.05185985	0
681.15	0	.6323638	.3158313	.05180495	0
680.15	0	.6326124	.3156375	.0517501	0
679.15	0	.6328583	.3154464	.0516953	0
678.15	0	.6331017	.3152578	.05164056	0
677.15	0	.6333425	.3150717	.05158587	0
676.15	0	.6335807	.314888	.05153124	0
675.15	0	.6338165	.3147068	.05147666	0
674.15	0	.6340499	.314528	.05142214	0
673.15	0	.6342807	.3143516	.05136767	0
672.15	0	.6345092	.3141775	.05131327	0
671.15	0	.6347353	.3140058	.05125891	0
670.15	0	.634959	.3138364	.05120462	0
669.15	0	.6351804	.3136692	.05115038	0
668.15	0	.6353995	.3135043	.05109621	0
667.15	0	.6356163	.3133416	.05104209	0
666.15	0	.6358309	.3131811	.05098803	0
665.15	0	.6360432	.3130227	.05093404	0
664.15	0	.6362534	.3128665	.0508801	0
663.15	0	.6364638	.3127108	.05082533	0
662.15	0	.6366694	.312559	.05077159	0
661.15	0	.6368729	.3124092	.0507179	0
660.15	0	.6370743	.3122615	.05066427	0
659.508	0	.6372025	.3121677	.05062988	0
659.508	0	.6372025	.3121677	.05062988	0
659.508	0	.6372025	.3121677	.05062988	0
659.15	0	.6375767	.3115674	.05039404	4.619282E-04
658.15	0	.6386121	.309903	.04973868	.001746264
657.15	0	.6396333	.3082564	.04908817	.00302205
656.15	0	.6406407	.3066274	.04844246	.004289391
655.15	0	.6416344	.3050157	.04780147	.00554839
654.15	0	.6426147	.303421	.04716515	.006799152
653.15	0	.6435818	.301843	.04653343	.008041776
652.15	0	.644536	.3002814	.04590624	.009276362
651.15	0	.6454774	.298736	.04528353	.01050301
650.15	0	.6464063	.2972066	.04466523	.01172181
649.15	0	.647323	.2956929	.04405128	.01293287
648.15	0	.6482275	.2941946	.04344163	.01413628
647.15	0	.6491202	.2927115	.04283621	.01533213
646.15	0	.6500012	.2912433	.04223498	.01652051
645.15	0	.6508707	.2897899	.04163787	.01770151
644.15	0	.651729	.288351	.04104482	.01887523
643.15	0	.6525762	.2869263	.04045579	.02004175
642.15	0	.6534125	.2855156	.03987072	.02120116
641.15	0	.6542381	.2841188	.03928956	.02235354
640.15	0	.6550532	.2827356	.03871225	.02349899
639.15	0	.6558579	.2813658	.03813875	.02463757
638.15	0	.6566525	.2800091	.037569	.02576938
637.15	0	.6574371	.2786654	.03700295	.0268945
636.15	0	.6582119	.2773345	.03644056	.028013
635.15	0	.6589771	.2760162	.03588178	.02912497
634.15	0	.6597327	.2747103	.03532655	.03023048
633.15	0	.660479	.2734165	.03477485	.03132961
632.15	0	.6612162	.2721348	.03422661	.03242244
631.15	0	.6619443	.2708649	.03368179	.03350904
630.15	0	.6626635	.2696066	.03314035	.03458949
629.15	0	.6633741	.2683598	.03260225	.03566385
628.15	0	.6640761	.2671243	.03206744	.03673221
627.15	0	.6647696	.2658999	.03153588	.03779462
626.15	0	.6654549	.2646864	.03100753	.03885117
625.15	0	.666132	.2634837	.03048235	.03990191
624.15	0	.6668011	.2622917	.02996029	.04094692
623.15	0	.6674623	.2611101	.02944132	.04198627
622.15	0	.6681158	.2599388	.0289254	.04302002
621.15	0	.6687617	.2587776	.02841249	.04404823
620.15	0	.6694	.2576265	.02790256	.04507097
619.15	0	.670031	.2564851	.02739556	.04608831
618.15	0	.6706548	.2553535	.02689146	.0471003
617.15	0	.6712714	.2542314	.02639022	.04810701
616.15	0	.671881	.2531187	.02589181	.0491085
615.15	0	.6724837	.2520153	.0253962	.05010483
614.15	0	.6730796	.250921	.02490334	.05109606
613.15	0	.6736688	.2498357	.0244132	.05208224
612.15	0	.6742515	.2487593	.02392576	.05306344
611.15	0	.6748277	.2476916	.02344098	.05403971
610.15	0	.6753976	.2466325	.02295882	.05501111
609.15	0	.6759612	.2455818	.02247925	.05597769
608.15	0	.6765187	.2445396	.02200225	.05693951
607.15	0	.6770701	.2435055	.02152779	.05789662
606.15	0	.6776156	.2424796	.02105582	.05884908
605.15	0	.6781552	.2414616	.02058633	.05979693
604.15	0	.678689	.2404515	.02011928	.06074023
603.15	0	.6792172	.2394491	.01965465	.06167903
602.15	0	.6797398	.2384544	.0191924	.06261338
601.15	0	.6802569	.2374673	.01873251	.06354333
600.15	0	.6807686	.2364875	.01827496	.06446893
599.15	0	.681275	.2355151	.0178197	.06539022
598.15	0	.6817762	.2345499	.01736672	.06630727
597.15	0	.6822722	.2335917	.016916	.0672201
596.15	0	.6827631	.2326406	.0164675	.06812877
595.15	0	.6832491	.2316964	.01602119	.06903333
594.15	0	.6837301	.230759	.01557707	.06993381
593.15	0	.6842064	.2298283	.01513509	.07083027
592.15	0	.6846778	.2289042	.01469523	.07172275
591.15	0	.6851446	.2279866	.01425748	.07261129
590.15	0	.6856068	.2270754	.01382181	.07349594
589.15	0	.6860645	.2261706	.01338819	.07437673
588.15	0	.6865177	.225272	.0129566	.07525371
587.15	0	.6869665	.2243795	.01252702	.07612692
586.15	0	.687411	.2234932	.01209943	.0769964
585.15	0	.6878513	.2226128	.01167381	.07786219
584.15	0	.6882873	.2217382	.01125012	.07872433
583.15	0	.6887192	.2208696	.01082836	.07958286
582.15	0	.6891471	.2200066	.01040851	.08043782
581.15	0	.689571	.2191493	.009990532	.08128924
580.15	0	.6899909	.2182975	.009574417	.08213717
579.15	0	.690407	.2174512	.009160144	.08298164
578.15	0	.6908192	.2166104	.008747692	.08382269
577.15	0	.6912277	.2157749	.008337043	.08466035
576.15	0	.6916325	.2149446	.007928177	.08549466
575.15	0	.6920337	.2141196	.007521076	.08632566
574.15	0	.6924313	.2132996	.00711572	.08715337
573.15	0	.6928253	.2124847	.006712093	.08797784
572.15	0	.6932159	.2116748	.006310176	.0887991
571.15	0	.6936031	.2108698	.005909951	.08961718
570.15	0	.6939869	.2100696	.005511401	.09043211
569.15	0	.6943674	.2092742	.005114508	.09124393
568.15	0	.6947446	.2084835	.004719257	.09205266
567.15	0	.6951186	.2076975	.00432563	.09285835
566.15	0	.6954894	.206916	.003933611	.09366103
565.15	0	.6958571	.206139	.003543184	.09446071
564.15	0	.6962217	.2053665	.003154333	.09525744
563.15	0	.6965834	.2045984	.002767042	.09605125
562.15	0	.696942	.2038346	.002381296	.09684216
561.15	0	.6972977	.203075	.001997079	.0976302
560.15	0	.6976505	.2023197	.001614377	.09841541
559.15	0	.6980005	.2015685	.001233174	.09919781
558.15	0	.6983477	.2008214	8.53457E-04	.09997743
557.15	0	.6986921	.2000784	4.752106E-04	.1007543
556.15	0	.6990338	.1993394	9.842077E-05	.1015284
555.8882	0	.6991228	.1991465	0	.1017307
555.8882	0	.6991228	.1991465	0	.1017307
555.15	0	.6991371	.1989474	0	.1019155
554.15	0	.6991557	.1986797	0	.1021646
553.15	0	.6991734	.1984143	0	.1024123
552.15	0	.6991905	.198151	0	.1026586
551.15	0	.6992067	.1978899	0	.1029035
550.15	0	.6992221	.1976309	0	.103147
549.15	0	.6992368	.197374	0	.1033891
548.15	0	.6992508	.1971193	0	.1036299
547.15	0	.699264	.1968666	0	.1038694
546.15	0	.6992765	.196616	0	.1041075
545.15	0	.6992883	.1963674	0	.1043443
544.15	0	.6992994	.1961208	0	.1045798
543.15	0	.6993098	.1958762	0	.1048141
542.15	0	.6993194	.1956335	0	.1050471
541.15	0	.6993284	.1953928	0	.1052788
540.15	0	.6993368	.195154	0	.1055093
539.15	0	.6993445	.194917	0	.1057385
538.15	0	.6993515	.194682	0	.1059665
537.15	0	.6993579	.1944487	0	.1061934
536.15	0	.6993636	.1942174	0	.106419
535.15	0	.6993688	.1939878	0	.1066435
534.15	0	.6993733	.19376	0	.1068668
533.15	0	.6993772	.1935339	0	.1070889
532.15	0	.6993805	.1933096	0	.10731
531.15	0	.6993832	.193087	0	.1075298
530.15	0	.6993853	.1928661	0	.1077486
529.15	0	.6993868	.1926469	0	.1079663
528.15	0	.6993878	.1924293	0	.1081829
527.15	0	.6993883	.1922134	0	.1083984
526.15	0	.6993881	.1919991	0	.1086128
525.15	0	.6993875	.1917864	0	.1088262
524.15	0	.6993862	.1915753	0	.1090385
523.15	0	.6993845	.1913657	0	.1092498
522.15	0	.6993823	.1911576	0	.1094601
521.15	0	.6993795	.1909511	0	.1096694
520.15	0	.6993762	.1907461	0	.1098777
519.15	0	.6993725	.1905426	0	.110085
518.15	0	.6993682	.1903405	0	.1102913
517.15	0	.6993635	.1901399	0	.1104966
516.15	0	.6993583	.1899407	0	.110701
515.15	0	.6993526	.1897429	0	.1109045
514.15	0	.6993464	.1895465	0	.111107
513.15	0	.6993398	.1893515	0	.1113087
512.15	0	.6993328	.1891578	0	.1115094
511.15	0	.6993253	.1889655	0	.1117092
510.15	0	.6993174	.1887745	0	.1119081
509.15	0	.6993091	.1885848	0	.1121061
508.15	0	.6993003	.1883964	0	.1123033
507.15	0	.6992911	.1882093	0	.1124996
506.15	0	.6992815	.1880234	0	.1126951
505.15	0	.6992715	.1878387	0	.1128897
504.15	0	.6992612	.1876553	0	.1130835
503.15	0	.6992504	.1874731	0	.1132765
502.15	0	.6992393	.1872921	0	.1134687
501.15	0	.6992277	.1871122	0	.1136601
500.15	0	.6992158	.1869335	0	.1138507
499.15	0	.6992036	.1867559	0	.1140405
498.15	0	.699191	.1865795	0	.1142295
497.15	0	.699178	.1864042	0	.1144178
496.15	0	.6991647	.1862299	0	.1146053
495.15	0	.6991511	.1860568	0	.1147921
494.15	0	.6991371	.1858847	0	.1149782
493.15	0	.6991228	.1857137	0	.1151635
492.15	0	.6991082	.1855437	0	.1153481
491.15	0	.6990933	.1853747	0	.115532
490.15	0	.699078	.1852067	0	.1157152
489.15	0	.6990625	.1850398	0	.1158977
488.15	0	.6990467	.1848738	0	.1160796
487.15	0	.6990305	.1847087	0	.1162607
486.15	0	.6990141	.1845447	0	.1164412
485.15	0	.6989974	.1843815	0	.1166211
484.15	0	.6989805	.1842193	0	.1168002
483.15	0	.6989632	.184058	0	.1169788
482.15	0	.6989458	.1838976	0	.1171567
481.15	0	.698928	.183738	0	.117334
480.15	0	.69891	.1835794	0	.1175106
479.15	0	.6988917	.1834216	0	.1176867
478.15	0	.6988732	.1832646	0	.1178621
477.15	0	.6988545	.1831085	0	.118037
476.15	0	.6988355	.1829532	0	.1182113
475.15	0	.6988163	.1827987	0	.118385
474.15	0	.6987969	.182645	0	.1185581
473.15	0	.6987773	.182492	0	.1187307
472.15	0	.6987575	.1823399	0	.1189026
471.15	0	.6987374	.1821885	0	.1190741
470.15	0	.6987172	.1820378	0	.119245
469.15	0	.6986968	.1818879	0	.1194153
468.15	0	.6986761	.1817387	0	.1195852
467.15	0	.6986553	.1815902	0	.1197545
466.15	0	.6986343	.1814424	0	.1199233
465.15	0	.6986131	.1812953	0	.1200915
464.15	0	.6985918	.1811489	0	.1202593
463.15	0	.6985703	.1810031	0	.1204266
462.15	0	.6985486	.180858	0	.1205934
461.15	0	.6985268	.1807136	0	.1207597
460.15	0	.6985048	.1805697	0	.1209255
459.15	0	.6984827	.1804265	0	.1210908
458.15	0	.6984604	.1802839	0	.1212557
457.15	0	.698438	.1801419	0	.1214201
456.15	0	.6984154	.1800005	0	.1215841
455.15	0	.6983928	.1798597	0	.1217476
454.15	0	.69837	.1797194	0	.1219107
453.15	0	.698347	.1795797	0	.1220733
452.15	0	.698324	.1794405	0	.1222355
451.15	0	.6983009	.1793019	0	.1223972
450.15	0	.6982776	.1791638	0	.1225586
449.15	0	.6982543	.1790261	0	.1227196
448.15	0	.6982309	.178889	0	.1228801
447.15	0	.6982074	.1787523	0	.1230403
446.15	0	.6981839	.1786161	0	.1232
445.15	0	.6981603	.1784803	0	.1233594
444.15	0	.6981366	.178345	0	.1235184
443.15	0	.6981129	.17821	0	.1236771
442.15	0	.6980892	.1780755	0	.1238353
441.15	0	.6980654	.1779414	0	.1239933
440.15	0	.6980416	.1778076	0	.1241508
439.15	0	.6980178	.1776742	0	.1243081
438.15	0	.697994	.1775411	0	.1244649
437.15	0	.6979702	.1774083	0	.1246215
436.15	0	.6979464	.1772758	0	.1247778
435.15	0	.6979227	.1771437	0	.1249337
434.15	0	.6978989	.1770118	0	.1250893
433.15	0	.6978753	.1768802	0	.1252446
432.15	0	.6978516	.1767488	0	.1253996
431.15	0	.697828	.1766177	0	.1255543
430.15	0	.6978045	.1764868	0	.1257088
429.15	0	.697781	.1763561	0	.1258629
428.15	0	.6977576	.1762256	0	.1260168
427.15	0	.6977343	.1760953	0	.1261704
426.15	0	.697711	.1759652	0	.1263237
425.15	0	.6976879	.1758353	0	.1264768
424.15	0	.6976648	.1757056	0	.1266296
423.15	0	.6976419	.175576	0	.1267822
422.15	0	.697619	.1754465	0	.1269345
421.15	0	.6975962	.1753172	0	.1270865
420.15	0	.6975736	.175188	0	.1272384
419.15	0	.6975511	.175059	0	.12739
418.15	0	.6975287	.17493	0	.1275413
417.15	0	.6975064	.1748011	0	.1276924
