T	 BPW(LIQUID)	BPW(BCC_A2)	BPW(FCC_A1)	BPW(LAVES_PHASE_C14)	BPW(NI3TI)
1473.15	0	1	0	0	0
1472.15	0	1	0	0	0
1471.15	0	1	0	0	0
1470.15	0	1	0	0	0
1469.15	0	1	0	0	0
1468.15	0	1	0	0	0
1467.15	0	1	0	0	0
1466.15	0	1	0	0	0
1465.15	0	1	0	0	0
1464.15	0	1	0	0	0
1463.15	0	1	0	0	0
1462.15	0	1	0	0	0
1461.15	0	1	0	0	0
1460.15	0	1	0	0	0
1459.15	0	1	0	0	0
1458.15	0	1	0	0	0
1457.15	0	1	0	0	0
1456.15	0	1	0	0	0
1455.15	0	1	0	0	0
1454.15	0	1	0	0	0
1453.15	0	1	0	0	0
1452.15	0	1	0	0	0
1451.15	0	1	0	0	0
1450.15	0	1	0	0	0
1449.15	0	1	0	0	0
1448.15	0	1	0	0	0
1447.15	0	1	0	0	0
1446.15	0	1	0	0	0
1445.15	0	1	0	0	0
1444.15	0	1	0	0	0
1443.15	0	1	0	0	0
1442.15	0	1	0	0	0
1441.15	0	1	0	0	0
1440.15	0	1	0	0	0
1439.15	0	1	0	0	0
1438.15	0	1	0	0	0
1437.15	0	1	0	0	0
1436.15	0	1	0	0	0
1435.15	0	1	0	0	0
1434.15	0	1	0	0	0
1433.15	0	1	0	0	0
1432.15	0	1	0	0	0
1431.15	0	1	0	0	0
1430.15	0	1	0	0	0
1429.15	0	1	0	0	0
1428.15	0	1	0	0	0
1427.15	0	1	0	0	0
1426.15	0	1	0	0	0
1425.15	0	1	0	0	0
1424.15	0	1	0	0	0
1423.15	0	1	0	0	0
1422.15	0	1	0	0	0
1421.15	0	1	0	0	0
1420.15	0	1	0	0	0
1419.15	0	1	0	0	0
1418.15	0	1	0	0	0
1417.15	0	1	0	0	0
1416.15	0	1	0	0	0
1415.15	0	1	0	0	0
1414.15	0	1	0	0	0
1413.15	0	1	0	0	0
1412.15	0	1	0	0	0
1411.15	0	1	0	0	0
1410.15	0	1	0	0	0
1409.15	0	1	0	0	0
1408.15	0	1	0	0	0
1407.15	0	1	0	0	0
1406.15	0	1	0	0	0
1405.15	0	1	0	0	0
1404.15	0	1	0	0	0
1403.15	0	1	0	0	0
1402.15	0	1	0	0	0
1401.15	0	1	0	0	0
1400.15	0	1	0	0	0
1399.15	0	1	0	0	0
1398.15	0	1	0	0	0
1397.15	0	1	0	0	0
1396.15	0	1	0	0	0
1395.15	0	1	0	0	0
1394.15	0	1	0	0	0
1393.15	0	1	0	0	0
1392.15	0	1	0	0	0
1391.15	0	1	0	0	0
1390.15	0	1	0	0	0
1389.15	0	1	0	0	0
1388.15	0	1	0	0	0
1387.15	0	1	0	0	0
1386.15	0	1	0	0	0
1385.15	0	1	0	0	0
1384.15	0	1	0	0	0
1383.15	0	1	0	0	0
1382.15	0	1	0	0	0
1381.15	0	1	0	0	0
1380.15	0	1	0	0	0
1379.15	0	1	0	0	0
1378.15	0	1	0	0	0
1377.15	0	1	0	0	0
1376.15	0	1	0	0	0
1375.15	0	1	0	0	0
1374.15	0	1	0	0	0
1373.15	0	1	0	0	0
1372.15	0	1	0	0	0
1371.15	0	1	0	0	0
1370.15	0	1	0	0	0
1369.15	0	1	0	0	0
1368.15	0	1	0	0	0
1367.15	0	1	0	0	0
1366.15	0	1	0	0	0
1365.15	0	1	0	0	0
1364.15	0	1	0	0	0
1363.15	0	1	0	0	0
1362.15	0	1	0	0	0
1361.15	0	1	0	0	0
1360.15	0	1	0	0	0
1359.15	0	1	0	0	0
1358.15	0	1	0	0	0
1357.15	0	1	0	0	0
1356.15	0	1	0	0	0
1355.15	0	1	0	0	0
1354.15	0	1	0	0	0
1353.15	0	1	0	0	0
1352.15	0	1	0	0	0
1351.15	0	1	0	0	0
1350.15	0	1	0	0	0
1349.15	0	1	0	0	0
1348.15	0	1	0	0	0
1347.15	0	1	0	0	0
1346.15	0	1	0	0	0
1345.15	0	1	0	0	0
1344.15	0	1	0	0	0
1343.15	0	1	0	0	0
1342.15	0	1	0	0	0
1341.15	0	1	0	0	0
1340.15	0	1	0	0	0
1339.15	0	1	0	0	0
1338.15	0	1	0	0	0
1337.15	0	1	0	0	0
1336.15	0	1	0	0	0
1335.15	0	1	0	0	0
1334.15	0	1	0	0	0
1333.15	0	1	0	0	0
1332.15	0	1	0	0	0
1331.15	0	1	0	0	0
1330.15	0	1	0	0	0
1329.15	0	1	0	0	0
1328.15	0	1	0	0	0
1327.15	0	1	0	0	0
1326.15	0	1	0	0	0
1325.15	0	1	0	0	0
1324.15	0	1	0	0	0
1323.15	0	1	0	0	0
1322.15	0	1	0	0	0
1321.15	0	1	0	0	0
1320.15	0	1	0	0	0
1319.15	0	1	0	0	0
1318.15	0	1	0	0	0
1317.15	0	1	0	0	0
1316.15	0	1	0	0	0
1315.15	0	1	0	0	0
1314.15	0	1	0	0	0
1313.15	0	1	0	0	0
1312.15	0	1	0	0	0
1311.15	0	1	0	0	0
1310.15	0	1	0	0	0
1309.15	0	1	0	0	0
1308.15	0	1	0	0	0
1307.15	0	1	0	0	0
1306.15	0	1	0	0	0
1305.15	0	1	0	0	0
1304.15	0	1	0	0	0
1303.15	0	1	0	0	0
1302.15	0	1	0	0	0
1301.15	0	1	0	0	0
1300.15	0	1	0	0	0
1299.15	0	1	0	0	0
1298.15	0	1	0	0	0
1297.15	0	1	0	0	0
1296.15	0	1	0	0	0
1295.15	0	1	0	0	0
1294.15	0	1	0	0	0
1293.15	0	1	0	0	0
1292.15	0	1	0	0	0
1291.15	0	1	0	0	0
1290.15	0	1	0	0	0
1289.15	0	1	0	0	0
1288.15	0	1	0	0	0
1287.15	0	1	0	0	0
1286.15	0	1	0	0	0
1285.15	0	1	0	0	0
1284.15	0	1	0	0	0
1283.15	0	1	0	0	0
1282.15	0	1	0	0	0
1281.15	0	1	0	0	0
1280.15	0	1	0	0	0
1279.15	0	1	0	0	0
1278.15	0	1	0	0	0
1277.15	0	1	0	0	0
1276.15	0	1	0	0	0
1275.15	0	1	0	0	0
1274.15	0	1	0	0	0
1273.15	0	1	0	0	0
1272.15	0	1	0	0	0
1271.15	0	1	0	0	0
1270.15	0	1	0	0	0
1269.15	0	1	0	0	0
1268.15	0	1	0	0	0
1267.15	0	1	0	0	0
1266.15	0	1	0	0	0
1265.15	0	1	0	0	0
1264.15	0	1	0	0	0
1263.15	0	1	0	0	0
1262.15	0	1	0	0	0
1261.15	0	1	0	0	0
1260.15	0	1	0	0	0
1259.15	0	1	0	0	0
1258.15	0	1	0	0	0
1257.15	0	1	0	0	0
1256.15	0	1	0	0	0
1255.15	0	1	0	0	0
1254.15	0	1	0	0	0
1253.15	0	1	0	0	0
1252.15	0	1	0	0	0
1251.15	0	1	0	0	0
1250.15	0	1	0	0	0
1249.15	0	1	0	0	0
1248.15	0	1	0	0	0
1247.15	0	1	0	0	0
1246.15	0	1	0	0	0
1245.15	0	1	0	0	0
1244.15	0	1	0	0	0
1243.15	0	1	0	0	0
1242.15	0	1	0	0	0
1241.15	0	1	0	0	0
1240.15	0	1	0	0	0
1239.15	0	1	0	0	0
1238.15	0	1	0	0	0
1237.15	0	1	0	0	0
1236.15	0	1	0	0	0
1235.15	0	1	0	0	0
1234.15	0	1	0	0	0
1233.15	0	1	0	0	0
1232.15	0	1	0	0	0
1231.15	0	1	0	0	0
1230.15	0	1	0	0	0
1229.15	0	1	0	0	0
1228.15	0	1	0	0	0
1227.15	0	1	0	0	0
1226.15	0	1	0	0	0
1225.15	0	1	0	0	0
1224.15	0	1	0	0	0
1223.15	0	1	0	0	0
1222.15	0	1	0	0	0
1221.15	0	1	0	0	0
1220.15	0	1	0	0	0
1219.15	0	1	0	0	0
1218.15	0	1	0	0	0
1217.15	0	1	0	0	0
1216.15	0	1	0	0	0
1215.15	0	1	0	0	0
1214.15	0	1	0	0	0
1213.15	0	1	0	0	0
1212.15	0	1	0	0	0
1211.15	0	1	0	0	0
1210.15	0	1	0	0	0
1209.15	0	1	0	0	0
1208.15	0	1	0	0	0
1207.15	0	1	0	0	0
1206.15	0	1	0	0	0
1205.15	0	1	0	0	0
1204.15	0	1	0	0	0
1203.15	0	1	0	0	0
1202.15	0	1	0	0	0
1201.15	0	1	0	0	0
1200.15	0	1	0	0	0
1199.15	0	1	0	0	0
1198.15	0	1	0	0	0
1197.15	0	1	0	0	0
1196.15	0	1	0	0	0
1195.15	0	1	0	0	0
1194.15	0	1	0	0	0
1193.15	0	1	0	0	0
1192.15	0	1	0	0	0
1191.15	0	1	0	0	0
1190.15	0	1	0	0	0
1189.15	0	1	0	0	0
1188.15	0	1	0	0	0
1187.15	0	1	0	0	0
1186.15	0	1	0	0	0
1185.15	0	1	0	0	0
1184.15	0	1	0	0	0
1183.15	0	1	0	0	0
1182.15	0	1	0	0	0
1181.15	0	1	0	0	0
1180.15	0	1	0	0	0
1179.15	0	1	0	0	0
1178.15	0	1	0	0	0
1177.15	0	1	0	0	0
1176.15	0	1	0	0	0
1175.15	0	1	0	0	0
1174.15	0	1	0	0	0
1173.15	0	1	0	0	0
1172.15	0	1	0	0	0
1171.15	0	1	0	0	0
1170.15	0	1	0	0	0
1169.15	0	1	0	0	0
1168.15	0	1	0	0	0
1167.15	0	1	0	0	0
1166.15	0	1	0	0	0
1165.15	0	1	0	0	0
1164.15	0	1	0	0	0
1163.15	0	1	0	0	0
1162.15	0	1	0	0	0
1161.15	0	1	0	0	0
1160.15	0	1	0	0	0
1159.15	0	1	0	0	0
1158.15	0	1	0	0	0
1157.15	0	1	0	0	0
1156.15	0	1	0	0	0
1155.15	0	1	0	0	0
1154.15	0	1	0	0	0
1153.15	0	1	0	0	0
1152.15	0	1	0	0	0
1151.15	0	1	0	0	0
1150.15	0	1	0	0	0
1149.15	0	1	0	0	0
1148.15	0	1	0	0	0
1147.15	0	1	0	0	0
1146.15	0	1	0	0	0
1145.15	0	1	0	0	0
1144.15	0	1	0	0	0
1143.15	0	1	0	0	0
1142.15	0	1	0	0	0
1141.15	0	1	0	0	0
1140.15	0	1	0	0	0
1139.15	0	1	0	0	0
1138.15	0	1	0	0	0
1137.15	0	1	0	0	0
1136.15	0	1	0	0	0
1135.15	0	1	0	0	0
1134.15	0	1	0	0	0
1133.15	0	1	0	0	0
1132.15	0	1	0	0	0
1131.15	0	1	0	0	0
1130.15	0	1	0	0	0
1129.15	0	1	0	0	0
1128.15	0	1	0	0	0
1127.15	0	1	0	0	0
1126.15	0	1	0	0	0
1125.15	0	1	0	0	0
1124.15	0	1	0	0	0
1123.15	0	1	0	0	0
1122.15	0	1	0	0	0
1121.15	0	1	0	0	0
1120.15	0	1	0	0	0
1119.15	0	1	0	0	0
1118.15	0	1	0	0	0
1117.15	0	1	0	0	0
1116.15	0	1	0	0	0
1115.15	0	1	0	0	0
1114.15	0	1	0	0	0
1113.15	0	1	0	0	0
1112.15	0	1	0	0	0
1111.15	0	1	0	0	0
1110.15	0	1	0	0	0
1109.15	0	1	0	0	0
1108.15	0	1	0	0	0
1107.15	0	1	0	0	0
1106.15	0	1	0	0	0
1105.15	0	1	0	0	0
1104.15	0	1	0	0	0
1103.15	0	1	0	0	0
1102.15	0	1	0	0	0
1101.759	0	1	0	0	0
1101.759	0	1	0	0	0
1101.759	0	1	0	0	0
1101.15	0	.9997271	0	2.728656E-04	0
1100.15	0	.99928	0	7.199941E-04	0
1099.15	0	.9988338	0	.001166168	0
1098.15	0	.9983886	0	.001611388	0
1097.15	0	.9979443	0	.002055656	0
1096.15	0	.997501	0	.002498974	0
1095.15	0	.9970587	0	.002941345	0
1094.15	0	.9966172	0	.003382769	0
1093.15	0	.9961768	0	.003823249	0
1092.15	0	.9957372	0	.004262785	0
1091.15	0	.9952986	0	.004701381	0
1090.15	0	.994861	0	.005139037	0
1089.15	0	.9944243	0	.005575755	0
1088.15	0	.9939885	0	.006011537	0
1087.15	0	.9935536	0	.006446385	0
1086.15	0	.9931197	0	.0068803	0
1085.15	0	.9926867	0	.007313284	0
1084.15	0	.9922547	0	.007745338	0
1083.15	0	.9918235	0	.008176465	0
1082.15	0	.9913933	0	.008606666	0
1081.15	0	.9909641	0	.009035943	0
1080.15	0	.9905357	0	.009464296	0
1079.15	0	.9901083	0	.009891729	0
1078.15	0	.9896818	0	.01031824	0
1077.15	0	.9892562	0	.01074384	0
1076.15	0	.9888315	0	.01116852	0
1075.15	0	.9884077	0	.01159228	0
1074.15	0	.9879849	0	.01201513	0
1073.15	0	.9875629	0	.01243707	0
1072.15	0	.9871419	0	.0128581	0
1071.15	0	.9867218	0	.01327822	0
1070.15	0	.9863026	0	.01369743	0
1069.15	0	.9858843	0	.01411574	0
1068.15	0	.9854669	0	.01453314	0
1067.15	0	.9850504	0	.01494965	0
1066.15	0	.9846348	0	.01536525	0
1065.15	0	.9842201	0	.01577995	0
1064.15	0	.9838062	0	.01619375	0
1063.15	0	.9833933	0	.01660666	0
1062.15	0	.9829813	0	.01701868	0
1061.15	0	.9825702	0	.0174298	0
1060.15	0	.98216	0	.01784002	0
1059.15	0	.9817506	0	.01824936	0
1058.15	0	.9813422	0	.01865781	0
1057.15	0	.9809346	0	.01906537	0
1056.15	0	.9805279	0	.01947205	0
1055.15	0	.9801222	0	.01987784	0
1054.15	0	.9797173	0	.02028275	0
1053.15	0	.9793132	0	.02068678	0
1052.15	0	.9789101	0	.02108992	0
1051.15	0	.9785078	0	.02149219	0
1050.15	0	.9781064	0	.02189358	0
1049.15	0	.9777059	0	.0222941	0
1048.15	0	.9773063	0	.02269374	0
1047.15	0	.9769075	0	.0230925	0
1046.15	0	.9765096	0	.0234904	0
1045.15	0	.9761126	0	.02388743	0
1044.15	0	.9757164	0	.02428358	0
1043.15	0	.9753211	0	.02467887	0
1042.15	0	.9749267	0	.02507329	0
1041.15	0	.9745332	0	.02546685	0
1040.15	0	.9741405	0	.02585954	0
1039.15	0	.9737486	0	.02625138	0
1038.15	0	.9733577	0	.02664235	0
1037.15	0	.9729675	0	.02703246	0
1036.15	0	.9725783	0	.02742171	0
1035.15	0	.9721899	0	.02781011	0
1034.15	0	.9718023	0	.02819765	0
1033.15	0	.9714157	0	.02858433	0
1032.15	0	.9710298	0	.02897017	0
1031.15	0	.9706449	0	.02935515	0
1030.15	0	.9702607	0	.02973928	0
1029.15	0	.9698774	0	.03012256	0
1028.15	0	.969495	0	.030505	0
1027.15	0	.9691134	0	.03088658	0
1026.15	0	.9687327	0	.03126732	0
1025.15	0	.9683528	0	.03164722	0
1024.15	0	.9679737	0	.03202628	0
1023.15	0	.9675955	0	.03240449	0
1022.15	0	.9672181	0	.03278186	0
1021.15	0	.9668416	0	.0331584	0
1020.15	0	.9664659	0	.03353409	0
1019.15	0	.9660911	0	.03390895	0
1018.15	0	.965717	0	.03428298	0
1017.15	0	.9653438	0	.03465617	0
1016.15	0	.9649715	0	.03502852	0
1015.15	0	.9646	0	.03540005	0
1014.15	0	.9642293	0	.03577074	0
1013.15	0	.9638594	0	.0361406	0
1012.15	0	.9634904	0	.03650964	0
1011.15	0	.9631222	0	.03687785	0
1010.15	0	.9627548	0	.03724523	0
1009.15	0	.9623882	0	.03761179	0
1008.15	0	.9620225	0	.03797752	0
1007.15	0	.9616576	0	.03834244	0
1006.15	0	.9612935	0	.03870653	0
1005.15	0	.9609302	0	.0390698	0
1004.15	0	.9605678	0	.03943225	0
1003.15	0	.9602061	0	.03979388	0
1002.15	0	.9598453	0	.0401547	0
1001.15	0	.9594853	0	.04051469	0
1000.15	0	.9591261	0	.04087388	0
999.15	0	.9587678	0	.04123225	0
998.15	0	.9584102	0	.04158981	0
997.15	0	.9580534	0	.04194656	0
996.15	0	.9576975	0	.0423025	0
995.15	0	.9573424	0	.04265763	0
994.15	0	.9569881	0	.04301195	0
993.15	0	.9566345	0	.04336546	0
992.15	0	.9562818	0	.04371817	0
991.15	0	.9559299	0	.04407007	0
990.15	0	.9555788	0	.04442117	0
989.15	0	.9552285	0	.04477147	0
988.15	0	.954879	0	.04512096	0
987.15	0	.9545303	0	.04546965	0
986.15	0	.9541825	0	.04581755	0
985.15	0	.9538354	0	.04616465	0
984.15	0	.9534891	0	.04651094	0
983.15	0	.9531436	0	.04685645	0
982.15	0	.9527988	0	.04720115	0
981.15	0	.9524549	0	.04754506	0
980.15	0	.9521118	0	.04788818	0
979.15	0	.9517695	0	.04823051	0
978.15	0	.951428	0	.04857204	0
977.15	0	.9510872	0	.04891279	0
976.15	0	.9507473	0	.04925274	0
975.15	0	.9504081	0	.0495919	0
974.15	0	.9500697	0	.04993028	0
973.15	0	.9497321	0	.05026788	0
972.15	0	.9493953	0	.05060468	0
971.15	0	.9490593	0	.05094071	0
970.15	0	.9487241	0	.05127594	0
969.15	0	.9483896	0	.0516104	0
968.15	0	.9480559	0	.05194407	0
967.15	0	.947723	0	.05227697	0
966.15	0	.9473909	0	.05260908	0
965.15	0	.9470596	0	.05294042	0
964.15	0	.946729	0	.05327098	0
963.15	0	.9463992	0	.05360076	0
962.15	0	.9460702	0	.05392976	0
961.15	0	.945742	0	.05425799	0
960.15	0	.9454145	0	.05458545	0
959.15	0	.9450879	0	.05491213	0
958.15	0	.944762	0	.05523804	0
957.15	0	.9444368	0	.05556319	0
956.15	0	.9441124	0	.05588755	0
955.15	0	.9437888	0	.05621116	0
954.15	0	.943466	0	.05653399	0
953.15	0	.943144	0	.05685605	0
952.15	0	.9428226	0	.05717735	0
951.15	0	.9425021	0	.05749788	0
950.15	0	.9421824	0	.05781765	0
949.15	0	.9418634	0	.05813665	0
948.15	0	.9415451	0	.0584549	0
947.15	0	.9412276	0	.05877237	0
946.15	0	.9409109	0	.05908909	0
945.15	0	.940595	0	.05940505	0
944.15	0	.9402798	0	.05972025	0
943.15	0	.9399653	0	.06003469	0
942.15	0	.9396516	0	.06034837	0
941.15	0	.9393387	0	.06066129	0
940.15	0	.9390265	0	.06097346	0
939.15	0	.9387151	0	.06128488	0
938.15	0	.9384045	0	.06159554	0
937.15	0	.9380945	0	.06190544	0
936.15	0	.9377854	0	.0622146	0
935.15	0	.937477	0	.062523	0
934.15	0	.9371693	0	.06283066	0
933.15	0	.9368624	0	.06313756	0
932.15	0	.9365563	0	.06344371	0
931.15	0	.9362509	0	.06374912	0
930.15	0	.9359462	0	.06405378	0
929.15	0	.9356423	0	.06435769	0
928.15	0	.9353391	0	.06466086	0
927.15	0	.9350367	0	.06496328	0
926.15	0	.934735	0	.06526497	0
925.15	0	.9344341	0	.0655659	0
924.15	0	.9341339	0	.0658661	0
923.15	0	.9338344	0	.06616555	0
922.15	0	.9335357	0	.06646427	0
921.15	0	.9332378	0	.06676224	0
920.15	0	.9329405	0	.06705948	0
919.15	0	.932644	0	.06735597	0
918.15	0	.9323483	0	.06765174	0
917.15	0	.9320532	0	.06794676	0
916.15	0	.931759	0	.06824105	0
915.15	0	.9314654	0	.06853461	0
914.15	0	.9311726	0	.06882743	0
913.15	0	.9308805	0	.06911953	0
912.15	0	.9305891	0	.06941089	0
911.15	0	.9302985	0	.06970151	0
910.15	0	.9300086	0	.06999141	0
909.15	0	.9297194	0	.07028058	0
908.15	0	.929431	0	.07056903	0
907.15	0	.9291433	0	.07085674	0
906.15	0	.9288563	0	.07114373	0
905.15	0	.92857	0	.07142999	0
904.15	0	.9282845	0	.07171553	0
903.15	0	.9279996	0	.07200035	0
902.15	0	.9277156	0	.07228444	0
901.15	0	.9274322	0	.07256781	0
900.15	0	.9271495	0	.07285046	0
899.15	0	.9268676	0	.07313239	0
898.15	0	.9265864	0	.07341359	0
897.15	0	.9263059	0	.07369409	0
896.15	0	.9260261	0	.07397386	0
895.15	0	.9257471	0	.07425292	0
894.15	0	.9254687	0	.07453126	0
893.15	0	.9251911	0	.07480889	0
892.15	0	.9249142	0	.0750858	0
891.15	0	.924638	0	.075362	0
890.15	0	.9243625	0	.07563749	0
889.15	0	.9240877	0	.07591226	0
888.15	0	.9238137	0	.07618633	0
887.15	0	.9235403	0	.07645969	0
886.15	0	.9232677	0	.07673234	0
885.15	0	.9229957	0	.07700428	0
884.15	0	.9227245	0	.07727552	0
883.15	0	.922454	0	.07754605	0
882.15	0	.9221841	0	.07781587	0
881.15	0	.921915	0	.07808499	0
880.15	0	.9216466	0	.07835341	0
879.15	0	.9213789	0	.07862113	0
878.15	0	.9211118	0	.07888815	0
877.15	0	.9208455	0	.07915447	0
876.15	0	.9205799	0	.07942009	0
875.15	0	.920315	0	.07968501	0
874.15	0	.9200508	0	.07994924	0
873.15	0	.9197872	0	.08021277	0
872.15	0	.9195244	0	.0804756	0
871.15	0	.9192623	0	.08073775	0
870.15	0	.9190008	0	.0809992	0
869.15	0	.91874	0	.08125996	0
868.15	0	.91848	0	.08152003	0
867.15	0	.9182206	0	.08177941	0
866.15	0	.9179619	0	.0820381	0
865.15	0	.9177039	0	.08229611	0
864.15	0	.9174466	0	.08255343	0
863.15	0	.9171899	0	.08281007	0
862.15	0	.916934	0	.08306602	0
861.15	0	.9166787	0	.08332129	0
860.15	0	.9164241	0	.08357588	0
860.103	0	.9164122	0	.08358783	0
860.103	0	.9164122	0	.08358783	0
860.103	0	.9164122	0	.08358783	0
859.15	0	.9153726	9.118877E-04	.08371556	0
858.15	0	.9142812	.001871307	.08384751	0
857.15	0	.9131892	.002833499	.08397728	0
856.15	0	.9120965	.00379862	.08410485	0
855.15	0	.911003	.004766829	.08423017	0
854.15	0	.9099085	.005738293	.08435322	0
853.15	0	.9088129	.006713186	.08447396	0
852.15	0	.907716	.007691689	.08459235	0
851.15	0	.9066177	.008673991	.08470835	0
850.15	0	.9055178	.009660289	.08482192	0
849.15	0	.9044162	.01065079	.08493301	0
848.15	0	.9033127	.0116457	.08504159	0
847.15	0	.9022071	.01264525	.0851476	0
846.15	0	.9010993	.01364967	.08525099	0
845.15	0	.8999891	.01465921	.08535173	0
844.15	0	.8988761	.01567412	.08544974	0
843.15	0	.8977604	.01669467	.08554498	0
842.15	0	.8966415	.01772114	.0856374	0
841.15	0	.8955193	.01875382	.08572692	0
840.15	0	.8943935	.01979303	.08581349	0
839.15	0	.8932639	.02083908	.08589705	0
838.15	0	.8921302	.02189232	.08597752	0
837.15	0	.8909921	.0229531	.08605482	0
836.15	0	.8898493	.02402181	.0861289	0
835.15	0	.8887015	.02509884	.08619965	0
834.15	0	.8875484	.02618461	.08626701	0
833.15	0	.8863896	.02727956	.08633088	0
832.15	0	.8852247	.02838417	.08639116	0
831.15	0	.8840533	.02949893	.08644776	0
830.15	0	.8828751	.03062437	.08650058	0
829.15	0	.8816895	.03176104	.08654949	0
828.15	0	.8804961	.03290956	.08659438	0
827.15	0	.8792943	.03407054	.08663513	0
826.15	0	.8780837	.03524467	.0866716	0
825.15	0	.8768637	.03643266	.08670365	0
824.15	0	.8756336	.03763529	.08673112	0
823.15	0	.8743928	.0388534	.08675386	0
822.15	0	.8731405	.04008786	.08677167	0
821.15	0	.871876	.04133965	.08678439	0
820.15	0	.8705984	.04260978	.08679179	0
819.15	0	.869307	.04389939	.08679367	0
818.15	0	.8680006	.04520967	.08678978	0
817.15	0	.8666782	.04654195	.08677986	0
816.15	0	.865323	.04791564	.08676138	0
815.15	0	.8632415	.05012546	.08663302	0
814.15	0	.8612318	.05226037	.08650782	0
813.15	0	.8592901	.05432419	.08638569	0
812.15	0	.8574129	.05632051	.08626656	0
811.15	0	.855597	.0582527	.08615035	0
810.15	0	.8538391	.06012393	.08603697	0
809.15	0	.8521365	.06193719	.08592632	0
808.15	0	.8504864	.06369528	.08581831	0
807.15	0	.8488863	.06540083	.08571286	0
806.15	0	.8473338	.06705632	.08560986	0
805.15	0	.8458267	.06866409	.08550924	0
804.15	0	.8443628	.07022634	.08541089	0
803.15	0	.8429402	.07174511	.08531474	0
802.15	0	.8415569	.07322237	.08522069	0
801.15	0	.8402114	.07465994	.08512867	0
800.15	0	.8389018	.07605955	.0850386	0
799.15	0	.8376268	.07742284	.08495041	0
798.15	0	.8363846	.07875135	.08486401	0
797.15	0	.8351741	.08004653	.08477933	0
796.15	0	.8339939	.08130975	.08469632	0
795.15	0	.8328428	.08254232	.08461489	0
794.15	0	.8317195	.08374547	.08453499	0
793.15	0	.8306231	.08492037	.08445656	0
792.15	0	.8295523	.08606812	.08437954	0
791.15	0	.8285064	.08718977	.08430387	0
790.15	0	.8274842	.08828632	.0842295	0
789.15	0	.8264849	.08935871	.08415638	0
788.15	0	.8255077	.09040784	.08408445	0
787.15	0	.8245518	.09143457	.08401368	0
786.15	0	.8236163	.09243971	.08394401	0
785.15	0	.8227006	.09342402	.0838754	0
784.15	0	.8218039	.09438826	.08380781	0
783.15	0	.8209257	.09533311	.0837412	0
782.15	0	.8200652	.09625926	.08367553	0
781.15	0	.8192219	.09716734	.08361076	0
780.15	0	.8183952	.09805795	.08354686	0
779.15	0	.8175855	.0989309	.08348357	0
778.15	0	.8167903	.09978838	.08342132	0
777.15	0	.8160101	.1006301	.08335985	0
776.15	0	.8152444	.1014565	.08329912	0
775.15	0	.8144928	.1022681	.0832391	0
774.15	0	.8137549	.1030654	.08317976	0
773.15	0	.8130302	.1038488	.08312108	0
772.15	0	.8123183	.1046187	.08306304	0
771.15	0	.8116188	.1053756	.0830056	0
770.15	0	.8109314	.1061198	.08294875	0
769.15	0	.8102558	.1068518	.08289246	0
768.15	0	.8095914	.1075719	.08283671	0
767.15	0	.8089382	.1082804	.08278148	0
766.15	0	.8082956	.1089776	.08272675	0
765.15	0	.8076635	.109664	.0826725	0
764.15	0	.8070415	.1103398	.08261872	0
763.15	0	.8064293	.1110053	.08256538	0
762.15	0	.8058268	.1116608	.08251247	0
761.15	0	.8052335	.1123065	.08245998	0
760.15	0	.8046493	.1129428	.08240788	0
759.15	0	.8040739	.1135699	.08235616	0
758.15	0	.8035072	.114188	.08230481	0
757.15	0	.8029488	.1147974	.08225381	0
756.15	0	.8023985	.1153983	.08220315	0
755.15	0	.8018562	.1159909	.08215282	0
754.15	0	.8013217	.1165755	.08210281	0
753.15	0	.8007947	.1171522	.08205309	0
752.15	0	.8002751	.1177213	.08200367	0
751.15	0	.7997626	.1182829	.08195453	0
750.15	0	.7992572	.1188372	.08190566	0
749.15	0	.7987586	.1193844	.08185704	0
748.15	0	.7982666	.1199247	.08180868	0
747.15	0	.7977812	.1204582	.08176055	0
746.15	0	.7973022	.1209852	.08171266	0
745.15	0	.7968293	.1215057	.08166498	0
744.15	0	.7963626	.1220199	.08161752	0
743.15	0	.7959017	.122528	.08157027	0
742.15	0	.7954467	.1230301	.08152321	0
741.15	0	.7949973	.1235263	.08147634	0
740.15	0	.7945535	.1240169	.08142965	0
739.15	0	.7941151	.1245018	.08138314	0
738.15	0	.793682	.1249812	.08133679	0
737.15	0	.7932541	.1254553	.08129061	0
736.15	0	.7928312	.1259242	.08124458	0
735.15	0	.7924134	.1263879	.0811987	0
734.15	0	.7920004	.1268467	.08115296	0
733.15	0	.7915921	.1273005	.08110736	0
732.15	0	.7911885	.1277496	.08106189	0
731.15	0	.7907895	.128194	.08101654	0
730.15	0	.790395	.1286337	.08097132	0
729.15	0	.7900048	.129069	.08092621	0
728.15	0	.7896189	.1294999	.08088122	0
727.15	0	.7892373	.1299264	.08083633	0
726.15	0	.7888597	.1303488	.08079155	0
725.15	0	.7884862	.1307669	.08074686	0
724.15	0	.7881167	.1311811	.08070227	0
723.15	0	.787751	.1315912	.08065777	0
722.15	0	.7873892	.1319975	.08061335	0
721.15	0	.7870311	.1323999	.08056902	0
720.15	0	.7866767	.1327985	.08052476	0
719.15	0	.7863259	.1331935	.08048058	0
718.15	0	.7859786	.1335849	.08043647	0
717.15	0	.7856348	.1339728	.08039243	0
716.15	0	.7852944	.1343571	.08034846	0
715.15	0	.7849574	.1347381	.08030455	0
714.15	0	.7846236	.1351157	.08026071	0
713.15	0	.7842931	.13549	.08021691	0
712.15	0	.7839657	.1358611	.08017318	0
711.15	0	.7836415	.1362291	.08012949	0
710.15	0	.7833203	.1365939	.08008586	0
709.15	0	.7830021	.1369556	.08004227	0
708.15	0	.7826869	.1373144	.07999873	0
707.15	0	.7823746	.1376702	.07995523	0
706.15	0	.7820651	.1380231	.07991177	0
705.15	0	.7817584	.1383732	.07986835	0
704.15	0	.7814546	.1387205	.07982497	0
703.15	0	.7811534	.139065	.07978162	0
702.15	0	.7808549	.1394068	.07973831	0
701.15	0	.7805591	.1397459	.07969503	0
700.15	0	.7802658	.1400824	.07965178	0
699.15	0	.7799751	.1404164	.07960855	0
698.15	0	.7796868	.1407478	.07956536	0
697.15	0	.7794011	.1410767	.07952218	0
696.15	0	.7791177	.1414032	.07947904	0
695.15	0	.7788368	.1417273	.07943591	0
694.15	0	.7785582	.142049	.07939281	0
693.15	0	.778282	.1423683	.07934973	0
692.15	0	.778008	.1426854	.07930666	0
691.15	0	.7777362	.1430002	.07926362	0
690.15	0	.7774667	.1433127	.07922059	0
689.15	0	.7771994	.1436231	.07917757	0
688.15	0	.7769342	.1439313	.07913457	0
687.15	0	.7766711	.1442373	.07909159	0
686.15	0	.7764101	.1445413	.07904862	0
685.15	0	.7761512	.1448432	.07900566	0
684.15	0	.7758943	.145143	.07896271	0
683.15	0	.7756394	.1454409	.07891977	0
682.15	0	.7753864	.1457367	.07887685	0
681.15	0	.7751354	.1460306	.07883393	0
680.15	0	.7748864	.1463226	.07879102	0
679.15	0	.7746392	.1466127	.07874811	0
678.15	0	.7743938	.1469009	.07870522	0
677.15	0	.7741504	.1471873	.07866233	0
676.15	0	.7739087	.1474719	.07861945	0
675.15	0	.7736688	.1477546	.07857658	0
674.15	0	.7734307	.1480356	.07853371	0
673.15	0	.7731943	.1483148	.07849085	0
672.15	0	.7729596	.1485924	.07844799	0
671.15	0	.7727267	.1488682	.07840513	0
670.15	0	.7724954	.1491423	.07836228	0
669.15	0	.7722658	.1494148	.07831944	0
668.15	0	.7720378	.1496856	.07827659	0
667.15	0	.7718114	.1499549	.07823375	0
666.15	0	.7715866	.1502225	.07819092	0
665.15	0	.7713634	.1504885	.07814809	0
664.15	0	.7711417	.1507531	.07810525	0
663.15	0	.7709216	.151016	.07806243	0
662.15	0	.7707029	.1512775	.0780196	0
661.15	0	.7704858	.1515374	.07797678	0
660.15	0	.7702701	.1517959	.07793396	0
659.15	0	.770056	.1520529	.07789114	0
658.15	0	.7698432	.1523085	.07784833	0
657.15	0	.7696319	.1525626	.07780551	0
656.15	0	.769422	.1528153	.07776271	0
655.15	0	.7692134	.1530667	.0777199	0
654.15	0	.7690063	.1533166	.07767709	0
653.15	0	.7688005	.1535652	.07763429	0
652.15	0	.7685961	.1538124	.07759149	0
651.15	0	.768393	.1540584	.07754869	0
650.15	0	.7681912	.1543029	.0775059	0
649.15	0	.7679907	.1545462	.07746311	0
648.15	0	.7677915	.1547882	.07742032	0
647.15	0	.7675935	.1550289	.07737754	0
646.15	0	.7673969	.1552684	.07733476	0
645.15	0	.7672014	.1555066	.07729198	0
644.15	0	.7670072	.1557436	.07724921	0
643.15	0	.7668143	.1559793	.07720644	0
642.15	0	.7666225	.1562139	.07716367	0
641.15	0	.7664319	.1564472	.07712091	0
640.15	0	.7662425	.1566794	.07707816	0
639.15	0	.7660543	.1569103	.07703541	0
638.15	0	.7658672	.1571402	.07699267	0
637.15	0	.7656812	.1573688	.07694993	0
636.15	0	.7654964	.1575964	.0769072	0
635.15	0	.7653128	.1578228	.07686447	0
634.15	0	.7651302	.1580481	.07682175	0
633.15	0	.7649487	.1582723	.07677904	0
632.15	0	.7647683	.1584953	.07673634	0
631.15	0	.764589	.1587173	.07669364	0
630.15	0	.7644108	.1589383	.07665096	0
629.15	0	.7642336	.1591581	.07660828	0
628.15	0	.7640575	.1593769	.07656561	0
627.15	0	.7638824	.1595947	.07652295	0
626.15	0	.7637083	.1598114	.0764803	0
625.15	0	.7635352	.1600271	.07643766	0
624.15	0	.7633632	.1602418	.07639503	0
623.15	0	.7631921	.1604555	.07635241	0
622.15	0	.7630221	.1606681	.07630981	0
621.15	0	.762853	.1608798	.07626721	0
620.15	0	.7626849	.1610905	.07622463	0
619.15	0	.7625177	.1613002	.07618206	0
618.15	0	.7623515	.161509	.07613951	0
617.15	0	.7621863	.1617167	.07609697	0
616.15	0	.762022	.1619236	.07605444	0
615.15	0	.7618586	.1621295	.07601193	0
614.15	0	.7616961	.1623344	.07596944	0
613.15	0	.7615346	.1625385	.07592696	0
612.15	0	.761374	.1627416	.07588449	0
611.15	0	.7612142	.1629437	.07584205	0
610.15	0	.7610554	.163145	.07579962	0
609.15	0	.7608974	.1633454	.07575721	0
608.15	0	.7607403	.1635449	.07571482	0
607.15	0	.7605841	.1637435	.07567245	0
606.15	0	.7604287	.1639412	.07563009	0
605.15	0	.7602742	.164138	.07558776	0
604.15	0	.7601205	.164334	.07554545	0
603.15	0	.7599677	.1645291	.07550316	0
602.15	0	.7598157	.1647234	.0754609	0
601.15	0	.7596646	.1649168	.07541865	0
600.15	0	.7595142	.1651094	.07537643	0
599.15	0	.7593647	.1653011	.07533423	0
598.15	0	.759216	.165492	.07529206	0
597.15	0	.7590681	.165682	.07524991	0
596.15	0	.758921	.1658713	.07520779	0
595.15	0	.7587746	.1660597	.07516569	0
594.15	0	.7586291	.1662473	.07512362	0
593.15	0	.7584843	.1664341	.07508158	0
592.15	0	.7583403	.1666201	.07503957	0
591.15	0	.7581971	.1668053	.07499758	0
590.15	0	.7580546	.1669897	.07495563	0
589.15	0	.7579129	.1671734	.0749137	0
588.15	0	.757772	.1673562	.07487181	0
587.15	0	.7576318	.1675383	.07482995	0
586.15	0	.7574923	.1677196	.07478811	0
585.15	0	.7573536	.1679001	.07474631	0
584.15	0	.7572156	.1680799	.07470455	0
583.15	0	.7570783	.1682589	.07466282	0
582.15	0	.7569417	.1684372	.07462112	0
581.15	0	.7568059	.1686147	.07457946	0
580.15	0	.7566707	.1687914	.07453783	0
579.15	0	.7565363	.1689675	.07449624	0
578.15	0	.7564026	.1691427	.07445468	0
577.15	0	.7562695	.1693173	.07441317	0
576.15	0	.7561372	.1694911	.07437169	0
575.15	0	.7560056	.1696642	.07433025	0
574.15	0	.7558746	.1698366	.07428886	0
573.15	0	.7557443	.1700082	.0742475	0
572.15	0	.7556147	.1701792	.07420618	0
571.15	0	.7554857	.1703494	.07416491	0
570.15	0	.7553574	.1705189	.07412367	0
569.15	0	.7552298	.1706877	.07408248	0
568.15	0	.7551029	.1708558	.07404134	0
567.15	0	.7549766	.1710232	.07400023	0
566.15	0	.7548509	.1711899	.07395918	0
565.15	0	.7547259	.1713559	.07391817	0
564.15	0	.7546015	.1715213	.07387721	0
563.15	0	.7544778	.1716859	.07383629	0
562.15	0	.7543547	.1718499	.07379542	0
561.15	0	.7542322	.1720132	.0737546	0
560.15	0	.7541104	.1721758	.07371383	0
559.15	0	.7539892	.1723377	.07367311	0
558.15	0	.7538686	.172499	.07363244	0
557.15	0	.7537486	.1726595	.07359182	0
556.15	0	.7536293	.1728195	.07355125	0
555.15	0	.7535105	.1729787	.07351074	0
554.15	0	.7533924	.1731374	.07347028	0
553.15	0	.7532748	.1732953	.07342987	0
552.15	0	.7531579	.1734526	.07338952	0
551.15	0	.7530416	.1736092	.07334923	0
550.15	0	.7529258	.1737652	.07330899	0
549.15	0	.7528106	.1739206	.0732688	0
548.15	0	.7526961	.1740753	.07322868	0
547.15	0	.7525821	.1742293	.07318861	0
546.15	0	.7524687	.1743827	.07314861	0
545.15	0	.7523559	.1745355	.07310866	0
544.15	0	.7522436	.1746876	.07306877	0
543.15	0	.7521319	.1748391	.07302894	0
542.15	0	.7520208	.17499	.07298918	0
541.15	0	.7519103	.1751402	.07294948	0
540.15	0	.7518003	.1752899	.07290984	0
539.15	0	.7516909	.1754388	.07287027	0
538.15	0	.7515821	.1755872	.07283076	0
537.15	0	.7514738	.1757349	.07279131	0
536.15	0	.751366	.1758821	.07275194	0
535.15	0	.7512588	.1760286	.07271263	0
534.15	0	.7511522	.1761745	.07267338	0
533.15	0	.7510461	.1763197	.07263421	0
532.15	0	.7509405	.1764644	.0725951	0
531.15	0	.7508355	.1766084	.07255606	0
530.15	0	.750731	.1767519	.0725171	0
529.15	0	.7506271	.1768947	.0724782	0
528.15	0	.7505238	.1770369	.07243929	0
527.15	0	.7504209	.1771786	.07240054	0
526.15	0	.7503186	.1773196	.07236186	0
525.15	0	.7502167	.17746	.07232325	0
524.15	0	.7501155	.1775998	.07228472	0
523.15	0	.7500147	.1777391	.07224627	0
522.15	0	.7499144	.1778777	.07220789	0
521.15	0	.7498147	.1780157	.07216958	0
520.15	0	.7497155	.1781532	.07213136	0
519.15	0	.7496168	.17829	.07209321	0
518.15	0	.7495186	.1784263	.07205514	0
517.15	0	.7494209	.1785619	.07201715	0
516.15	0	.7493237	.178697	.07197924	0
515.15	0	.7492271	.1788315	.07194141	0
514.15	0	.7491309	.1789654	.07190366	0
513.15	0	.7490352	.1790988	.071866	0
512.15	0	.7489401	.1792315	.07182842	0
511.15	0	.7488454	.1793637	.07179092	0
510.15	0	.7487512	.1794953	.07175351	0
509.15	0	.7486576	.1796263	.07171618	0
508.15	0	.7485644	.1797567	.07167893	0
507.15	0	.7484717	.1798866	.07164178	0
506.15	0	.7483795	.1800158	.07160471	0
505.15	0	.7482877	.1801445	.07156772	0
504.15	0	.7481965	.1802727	.07153083	0
503.15	0	.7481057	.1804002	.07149403	0
502.15	0	.7480155	.1805272	.07145731	0
501.15	0	.7479257	.1806536	.07142069	0
500.15	0	.7478363	.1807795	.07138415	0
499.15	0	.7477475	.1809048	.07134771	0
498.15	0	.7476591	.1810295	.07131136	0
497.15	0	.7475712	.1811537	.07127511	0
496.15	0	.7474838	.1812773	.07123894	0
495.15	0	.7473968	.1814003	.07120288	0
494.15	0	.7473104	.1815228	.0711669	0
493.15	0	.7472243	.1816447	.07113103	0
492.15	0	.7471388	.181766	.07109525	0
491.15	0	.7470537	.1818868	.07105956	0
490.15	0	.746969	.182007	.07102398	0
489.15	0	.7468848	.1821267	.07098849	0
488.15	0	.7468011	.1822458	.0709531	0
487.15	0	.7467179	.1823643	.07091781	0
486.15	0	.746635	.1824823	.07088263	0
485.15	0	.7465527	.1825998	.07084754	0
484.15	0	.7464708	.1827167	.07081256	0
483.15	0	.7463893	.182833	.07077767	0
482.15	0	.7463083	.1829488	.07074289	0
481.15	0	.7462278	.183064	.07070822	0
480.15	0	.7461476	.1831787	.07067365	0
479.15	0	.746068	.1832928	.07063918	0
478.15	0	.7459887	.1834064	.07060482	0
477.15	0	.74591	.1835195	.07057057	0
476.15	0	.7458316	.183632	.07053642	0
475.15	0	.7457537	.1837439	.07050238	0
474.15	0	.7456763	.1838553	.07046844	0
473.15	0	.7455992	.1839662	.07043462	0
472.15	0	.7455226	.1840765	.07040091	0
471.15	0	.7454465	.1841862	.0703673	0
470.15	0	.7453708	.1842954	.07033381	0
469.15	0	.7452954	.1844041	.07030043	0
468.15	0	.7452206	.1845123	.07026715	0
467.15	0	.7451462	.1846199	.070234	0
466.15	0	.7450721	.1847269	.07020095	0
465.15	0	.7449986	.1848334	.07016802	0
464.15	0	.7449254	.1849394	.0701352	0
463.15	0	.7448527	.1850448	.0701025	0
462.15	0	.7447804	.1851497	.07006991	0
461.15	0	.7447085	.1852541	.07003744	0
460.15	0	.744637	.1853579	.07000508	0
459.15	0	.7445659	.1854612	.06997285	0
458.15	0	.7444953	.185564	.06994073	0
457.15	0	.7444251	.1856662	.06990873	0
456.15	0	.7443553	.1857679	.06987684	0
455.15	0	.7442859	.185869	.06984508	0
454.15	0	.7442169	.1859696	.06981344	0
453.15	0	.7441484	.1860697	.06978191	0
452.15	0	.7440802	.1861693	.06975051	0
451.15	0	.7440125	.1862683	.06971923	0
450.15	0	.7439451	.1863668	.06968808	0
449.15	0	.7438783	.1864647	.06965707	0
448.15	0	.7438118	.186562	.06962618	0
447.15	0	.7437457	.1866588	.06959543	0
446.15	0	.7436801	.1867551	.0695648	0
445.15	0	.7436149	.1868508	.06953431	0
444.15	0	.7435501	.1869459	.06950396	0
443.15	0	.7434857	.1870405	.06947374	0
442.15	0	.7434218	.1871345	.06944366	0
441.15	0	.7433583	.187228	.06941373	0
440.15	0	.7432952	.1873208	.06938394	0
439.15	0	.7432326	.1874131	.0693543	0
438.15	0	.7431704	.1875048	.06932481	0
437.15	0	.7431086	.1875959	.06929547	0
436.15	0	.7430473	.1876864	.06926628	0
435.15	0	.7429864	.1877764	.06923724	0
434.15	0	.742926	.1878657	.06920837	0
433.15	0	.742866	.1879544	.06917965	0
432.15	0	.7428064	.1880425	.06915109	0
431.15	0	.7427473	.18813	.06912269	0
430.15	0	.7426887	.1882169	.06909446	0
429.15	0	.7426305	.1883032	.06906639	0
428.15	0	.7425727	.1883888	.06903848	0
427.15	0	.7425154	.1884739	.06901074	0
426.15	0	.7424585	.1885583	.06898317	0
425.15	0	.7424021	.1886421	.06895577	0
424.15	0	.7423461	.1887253	.06892854	0
423.15	0	.7422906	.1888079	.06890148	0
422.15	0	.7422355	.1888899	.06887459	0
421.15	0	.7421809	.1889712	.06884787	0
420.15	0	.7421267	.1890519	.06882132	0
419.15	0	.742073	.189132	.06879495	0
418.15	0	.7420197	.1892115	.06876875	0
417.15	0	.7419669	.1892904	.06874273	0
416.15	0	.7419145	.1893686	.06871689	0
415.15	0	.7418625	.1894463	.06869122	0
414.15	0	.741811	.1895233	.06866572	0
413.15	0	.7417599	.1895997	.06864041	0
412.15	0	.7417093	.1896754	.06861527	0
411.15	0	.7416591	.1897506	.06859031	0
410.15	0	.7416094	.1898251	.06856552	0
409.15	0	.7415601	.189899	.06854092	0
408.15	0	.7415112	.1899724	.06851649	0
407.15	0	.7414627	.1900451	.06849224	0
406.15	0	.7414147	.1901171	.06846817	0
405.15	0	.7413671	.1901886	.06844428	0
404.15	0	.7413199	.1902595	.06842057	0
403.15	0	.7412732	.1903298	.06839703	0
402.15	0	.7412269	.1903995	.06837367	0
401.15	0	.741181	.1904685	.0683505	0
400.15	0	.7411355	.190537	.0683275	0
399.15	0	.7410904	.1906049	.06830468	0
398.15	0	.7410458	.1906722	.06828203	0
397.15	0	.7410016	.1907389	.06825957	0
396.15	0	.7409577	.190805	.06823728	0
395.15	0	.7409143	.1908705	.06821516	0
394.15	0	.7408713	.1909355	.06819323	0
393.15	0	.7408287	.1909998	.06817147	0
392.15	0	.7407865	.1910636	.06814989	0
391.15	0	.7407447	.1911268	.06812848	0
390.15	0	.7407033	.1911895	.06810725	0
389.15	0	.7406623	.1912515	.06808619	0
388.15	0	.7406216	.191313	.06806531	0
387.15	0	.7405814	.191374	.0680446	0
386.15	0	.7405416	.1914344	.06802406	0
385.15	0	.7405021	.1914942	.0680037	0
384.15	0	.740463	.1915535	.0679835	0
383.15	0	.7404243	.1916122	.06796348	0
382.15	0	.7403859	.1916704	.06794364	0
381.15	0	.740348	.1917281	.06792396	0
380.15	0	.7403104	.1917852	.06790445	0
379.15	0	.7402731	.1918418	.06788511	0
378.15	0	.7402363	.1918978	.06786594	0
377.15	0	.7401998	.1919533	.06784693	0
376.15	0	.7401636	.1920083	.06782809	0
375.15	0	.7401278	.1920628	.06780942	0
374.15	0	.7400924	.1921167	.06779092	0
373.15	0	.7400573	.1921701	.06777258	0
372.15	0	.7400225	.1922231	.0677544	0
371.15	0	.7399881	.1922755	.06773639	0
370.15	0	.7399541	.1923274	.06771854	0
369.15	0	.7399203	.1923788	.06770085	0
368.15	0	.7398869	.1924297	.06768333	0
367.15	0	.7398539	.1924802	.06766596	0
366.15	0	.7398211	.1925301	.06764875	0
365.15	0	.7397887	.1925796	.06763171	0
364.15	0	.7397567	.1926285	.06761482	0
363.15	0	.7397249	.192677	.06759808	0
362.15	0	.7396934	.1927251	.06758151	0
361.15	0	.7396623	.1927726	.06756509	0
360.15	0	.7396315	.1928197	.06754882	0
359.15	0	.739601	.1928663	.06753271	0
358.15	0	.7395707	.1929125	.06751675	0
357.15	0	.7395408	.1929582	.06750094	0
356.15	0	.7395112	.1930035	.06748529	0
355.15	0	.7394819	.1930483	.06746978	0
354.15	0	.7394529	.1930927	.06745443	0
353.15	0	.7394241	.1931367	.06743922	0
352.15	0	.7393957	.1931802	.06742417	0
351.15	0	.7393675	.1932232	.06740925	0
350.15	0	.7393396	.1932659	.06739449	0
349.15	0	.739312	.1933081	.06737987	0
348.15	0	.7392847	.1933499	.0673654	0
347.15	0	.7392576	.1933913	.06735107	0
346.15	0	.7392309	.1934323	.06733688	0
345.15	0	.7392043	.1934728	.06732284	0
344.15	0	.7391781	.193513	.06730894	0
343.15	0	.7391521	.1935528	.06729517	0
342.15	0	.7391263	.1935921	.06728155	0
341.15	0	.7391009	.1936311	.06726807	0
340.15	0	.7390756	.1936697	.06725473	0
339.15	0	.7390507	.1937078	.06724152	0
338.15	0	.7390259	.1937456	.06722845	0
337.15	0	.7390014	.1937831	.06721551	0
336.15	0	.7389772	.1938201	.06720271	0
335.15	0	.7389532	.1938568	.06719005	0
334.15	0	.7389294	.1938931	.06717752	0
333.15	0	.7389059	.193929	.06716512	0
332.15	0	.7388826	.1939646	.06715285	0
331.15	0	.7388595	.1939998	.06714071	0
330.15	0	.7388366	.1940347	.06712871	0
329.15	0	.738814	.1940692	.06711683	0
328.15	0	.7387916	.1941034	.06710508	0
327.15	0	.7387694	.1941372	.06709346	0
326.15	0	.7387474	.1941706	.06708197	0
325.15	0	.7387256	.1942038	.06707061	0
324.15	0	.7387041	.1942366	.06705937	0
323.15	0	.7386827	.194269	.06704825	0
322.15	0	.7386616	.1943012	.06703726	0
321.15	0	.7386406	.194333	.0670264	0
320.15	0	.7386199	.1943645	.06701566	0
319.15	0	.7385993	.1943956	.06700504	0
318.15	0	.738579	.1944265	.06699454	0
317.15	0	.7385588	.194457	.06698416	0
316.15	0	.7385389	.1944872	.06697391	0
315.15	0	.7385191	.1945171	.06696377	0
314.15	0	.7384995	.1945467	.06695375	0
313.15	0	.7384801	.1945761	.06694385	0
312.15	0	.7384609	.1946051	.06693407	0
311.15	0	.7384418	.1946338	.06692441	0
310.15	0	.7384229	.1946622	.06691486	0
309.15	0	.7384042	.1946904	.06690543	0
308.15	0	.7383857	.1947182	.06689612	0
307.15	0	.7383673	.1947458	.06688692	0
306.15	0	.7383491	.194773	.06687783	0
305.15	0	.7383311	.1948	.06686886	0
304.15	0	.7383132	.1948268	.06686	0
303.8635	0	.7383082	.1948344	.06685748	0
303.8635	0	.7383082	.1948344	.06685748	0
303.8635	0	.7383082	.1948344	.06685748	0
303.15	0	.7384657	.194439	.06667207	4.23231E-04
302.15	0	.7386864	.193885	.06641258	.001015991
301.15	0	.7389071	.1933311	.0661535	.001608301
300.15	0	.7391277	.1927773	.06589485	.002200161
299.15	0	.7393482	.1922236	.0656366	.002791572
298.15	0	.7395687	.19167	.06537878	.003382537
