T	 BPW(LIQUID)	BPW(BCC_A2)	BPW(FCC_A1)	BPW(LAVES_PHASE_C14)	BPW(NI3TI)
1473.15	.4556354	.4326331	0	.1117315	0
1472.15	.4485621	.437372	0	.1140659	0
1471.15	.4416203	.4420186	0	.1163611	0
1470.15	.4348066	.4465754	0	.118618	0
1469.15	.4281175	.4510447	0	.1208379	0
1468.15	.4215495	.4554288	0	.1230216	0
1467.15	.4150997	.4597301	0	.1251702	0
1466.15	.4087648	.4639505	0	.1272847	0
1465.15	.4025419	.4680922	0	.1293659	0
1464.15	.3964282	.4721572	0	.1314147	0
1463.15	.3904207	.4761474	0	.1334319	0
1462.15	.3845168	.4800647	0	.1354185	0
1461.15	.3787139	.4839109	0	.1373752	0
1460.15	.3730095	.4876878	0	.1393027	0
1459.15	.3674011	.4913971	0	.1412019	0
1458.15	.3618863	.4950403	0	.1430734	0
1457.15	.356463	.4986192	0	.1449179	0
1456.15	.3511287	.5021352	0	.1467361	0
1455.15	.3458814	.5055898	0	.1485287	0
1454.15	.3407191	.5089846	0	.1502963	0
1453.15	.3356396	.5123209	0	.1520395	0
1452.15	.3306411	.5156	0	.1537589	0
1451.15	.3257215	.5188234	0	.1554551	0
1450.15	.3208792	.5219922	0	.1571287	0
1449.15	.3161122	.5251077	0	.1587801	0
1448.15	.3114189	.5281712	0	.1604099	0
1447.15	.3067975	.5311838	0	.1620186	0
1446.15	.3022465	.5341467	0	.1636068	0
1445.15	.2977643	.5370609	0	.1651748	0
1444.15	.2933493	.5399276	0	.1667231	0
1443.15	.289	.5427478	0	.1682523	0
1442.15	.2847149	.5455224	0	.1697627	0
1441.15	.2804927	.5482526	0	.1712547	0
1440.15	.276332	.5509392	0	.1727289	0
1439.15	.2722314	.5535832	0	.1741855	0
1438.15	.2681896	.5561854	0	.1756249	0
1437.15	.2642055	.5587469	0	.1770476	0
1436.15	.2602777	.5612684	0	.1784539	0
1435.15	.2564051	.5637507	0	.1798442	0
1434.15	.2525864	.5661948	0	.1812188	0
1433.15	.2488207	.5686013	0	.182578	0
1432.15	.2451067	.5709711	0	.1839222	0
1431.15	.2414434	.5733048	0	.1852518	0
1430.15	.2378298	.5756033	0	.1865669	0
1429.15	.2342648	.5778673	0	.1878679	0
1428.15	.2307475	.5800973	0	.1891551	0
1427.15	.2272769	.5822942	0	.1904288	0
1426.15	.2238521	.5844586	0	.1916893	0
1425.15	.2204721	.5865911	0	.1929369	0
1424.15	.2171361	.5886923	0	.1941717	0
1423.15	.2138431	.5907628	0	.1953941	0
1422.15	.2105924	.5928033	0	.1966043	0
1421.15	.2073832	.5948143	0	.1978025	0
1420.15	.2042145	.5967964	0	.1989891	0
1419.15	.2010857	.5987502	0	.2001641	0
1418.15	.1979959	.6006761	0	.201328	0
1417.15	.1949445	.6025747	0	.2024807	0
1416.15	.1919307	.6044466	0	.2036227	0
1415.15	.1889538	.6062922	0	.2047541	0
1414.15	.186013	.6081119	0	.205875	0
1413.15	.1831078	.6099064	0	.2069858	0
1412.15	.1802375	.611676	0	.2080865	0
1411.15	.1774013	.6134212	0	.2091775	0
1410.15	.1745988	.6151425	0	.2102588	0
1409.15	.1718292	.6168402	0	.2113306	0
1408.15	.169092	.6185149	0	.2123932	0
1407.15	.1663866	.6201669	0	.2134466	0
1406.15	.1637123	.6217966	0	.2144911	0
1405.15	.1610688	.6234044	0	.2155268	0
1404.15	.1584554	.6249907	0	.2165539	0
1403.15	.1558715	.6265559	0	.2175726	0
1402.15	.1533167	.6281004	0	.2185829	0
1401.15	.1507904	.6296245	0	.2195851	0
1400.15	.1482922	.6311285	0	.2205792	0
1399.15	.1458216	.6326129	0	.2215655	0
1398.15	.143378	.634078	0	.2225441	0
1397.15	.140961	.635524	0	.223515	0
1396.15	.1385702	.6369513	0	.2244785	0
1395.15	.1362051	.6383603	0	.2254346	0
1394.15	.1338653	.6397511	0	.2263835	0
1393.15	.1315504	.6411243	0	.2273254	0
1392.15	.1292598	.6424799	0	.2282602	0
1391.15	.1269933	.6438184	0	.2291883	0
1390.15	.1247504	.64514	0	.2301096	0
1389.15	.1225308	.646445	0	.2310242	0
1388.15	.120334	.6477336	0	.2319324	0
1387.15	.1181597	.6490062	0	.2328341	0
1386.15	.1160075	.650263	0	.2337296	0
1385.15	.113877	.6515042	0	.2346188	0
1384.15	.1117679	.6527301	0	.235502	0
1383.15	.1096799	.6539409	0	.2363792	0
1382.15	.1076126	.655137	0	.2372505	0
1381.15	.1055656	.6563184	0	.2381159	0
1380.15	.1035388	.6574855	0	.2389757	0
1379.15	.1015316	.6586385	0	.2398299	0
1378.15	.09954392	.6597776	0	.2406785	0
1377.15	.09757533	.660903	0	.2415217	0
1376.15	.09562556	.6620149	0	.2423595	0
1375.15	.09369433	.6631136	0	.2431921	0
1374.15	.09178134	.6641992	0	.2440195	0
1373.15	.08988631	.665272	0	.2448417	0
1372.15	.08800896	.6663321	0	.245659	0
1371.15	.08614903	.6673797	0	.2464712	0
1370.15	.08430625	.6684151	0	.2472786	0
1369.15	.08248036	.6694384	0	.2480813	0
1368.15	.0806711	.6704498	0	.2488791	0
1367.15	.07887822	.6714495	0	.2496723	0
1366.15	.07710148	.6724376	0	.250461	0
1365.15	.07534063	.6734143	0	.2512451	0
1364.15	.07359544	.6743799	0	.2520247	0
1363.15	.07186568	.6753343	0	.2528	0
1362.15	.07015112	.676278	0	.2535709	0
1361.15	.06845154	.6772109	0	.2543376	0
1360.15	.06676671	.6781333	0	.2551	0
1359.15	.06509643	.6790452	0	.2558584	0
1358.15	.06344047	.6799469	0	.2566126	0
1357.15	.06179864	.6808385	0	.2573629	0
1356.15	.06017072	.6817202	0	.2581091	0
1355.15	.05855652	.682592	0	.2588515	0
1354.15	.05695585	.6834541	0	.25959	0
1353.15	.0553685	.6843068	0	.2603247	0
1352.15	.0537943	.68515	0	.2610557	0
1351.15	.05223305	.685984	0	.261783	0
1350.15	.05068457	.6868088	0	.2625066	0
1349.15	.04914868	.6876247	0	.2632267	0
1348.15	.04762521	.6884316	0	.2639432	0
1347.15	.04611398	.6892299	0	.2646562	0
1346.15	.04461483	.6900194	0	.2653657	0
1345.15	.04312758	.6908005	0	.2660719	0
1344.15	.04165206	.6915732	0	.2667747	0
1343.15	.04018813	.6923377	0	.2674742	0
1342.15	.03873562	.6930939	0	.2681705	0
1341.15	.03729437	.6938422	0	.2688635	0
1340.15	.03586423	.6945824	0	.2695533	0
1339.15	.03444506	.6953149	0	.27024	0
1338.15	.03303669	.6960397	0	.2709237	0
1337.15	.03163899	.6967568	0	.2716042	0
1336.15	.03025182	.6974664	0	.2722818	0
1335.15	.02887502	.6981687	0	.2729563	0
1334.15	.02750847	.6988636	0	.273628	0
1333.15	.02615203	.6995513	0	.2742967	0
1332.15	.02480555	.7002319	0	.2749626	0
1331.15	.02346892	.7009055	0	.2756256	0
1330.15	.02214201	.7015721	0	.2762859	0
1329.15	.02082467	.702232	0	.2769434	0
1328.15	.01951679	.7028851	0	.2775981	0
1327.15	.01821825	.7035315	0	.2782502	0
1326.15	.01692892	.7041714	0	.2788997	0
1325.15	.01564869	.7048048	0	.2795465	0
1324.15	.01437743	.7054318	0	.2801907	0
1323.15	.01311503	.7060526	0	.2808324	0
1322.15	.01186138	.706667	0	.2814716	0
1321.15	.01061636	.7072754	0	.2821082	0
1320.15	.009379862	.7078777	0	.2827424	0
1319.15	.008151782	.708474	0	.2833742	0
1318.15	.006932009	.7090644	0	.2840036	0
1317.15	.005720439	.709649	0	.2846306	0
1316.15	.004516968	.7102278	0	.2852552	0
1315.15	.003321494	.710801	0	.2858775	0
1314.15	.002133915	.7113685	0	.2864975	0
1313.15	9.541335E-04	.7119306	0	.2871153	0
1312.336	0	.7123837	0	.2876163	0
1312.336	0	.7123837	0	.2876163	0
1312.15	0	.7122978	0	.2877022	0
1311.15	0	.7118377	0	.2881623	0
1310.15	0	.7113785	0	.2886215	0
1309.15	0	.7109203	0	.2890797	0
1308.15	0	.7104632	0	.2895369	0
1307.15	0	.710007	0	.289993	0
1306.15	0	.7095518	0	.2904483	0
1305.15	0	.7090975	0	.2909025	0
1304.15	0	.7086443	0	.2913557	0
1303.15	0	.708192	0	.291808	0
1302.15	0	.7077407	0	.2922593	0
1301.15	0	.7072904	0	.2927096	0
1300.15	0	.706841	0	.293159	0
1299.15	0	.7063926	0	.2936074	0
1298.15	0	.7059452	0	.2940548	0
1297.15	0	.7054987	0	.2945013	0
1296.15	0	.7050532	0	.2949468	0
1295.15	0	.7046086	0	.2953914	0
1294.15	0	.704165	0	.295835	0
1293.15	0	.7037223	0	.2962777	0
1292.15	0	.7032806	0	.2967194	0
1291.15	0	.7028398	0	.2971602	0
1290.15	0	.7023999	0	.2976001	0
1289.15	0	.701961	0	.298039	0
1288.15	0	.701523	0	.298477	0
1287.15	0	.701086	0	.298914	0
1286.15	0	.7006498	0	.2993502	0
1285.15	0	.7002146	0	.2997854	0
1284.15	0	.6997804	0	.3002196	0
1283.15	0	.699347	0	.300653	0
1282.15	0	.6989146	0	.3010855	0
1281.15	0	.698483	0	.301517	0
1280.15	0	.6980524	0	.3019476	0
1279.15	0	.6976227	0	.3023773	0
1278.15	0	.6971939	0	.3028061	0
1277.15	0	.696766	0	.303234	0
1276.15	0	.696339	0	.303661	0
1275.15	0	.6959129	0	.3040871	0
1274.15	0	.6954877	0	.3045123	0
1273.15	0	.6950633	0	.3049367	0
1272.15	0	.6946399	0	.3053601	0
1271.15	0	.6942174	0	.3057826	0
1270.15	0	.6937957	0	.3062043	0
1269.15	0	.6933749	0	.3066251	0
1268.15	0	.692955	0	.307045	0
1267.15	0	.692536	0	.307464	0
1266.15	0	.6921179	0	.3078821	0
1265.15	0	.6917006	0	.3082994	0
1264.15	0	.6912842	0	.3087158	0
1263.15	0	.6908687	0	.3091313	0
1262.15	0	.690454	0	.309546	0
1261.15	0	.6900402	0	.3099598	0
1260.15	0	.6896272	0	.3103728	0
1259.15	0	.6892151	0	.3107849	0
1258.15	0	.6888039	0	.3111961	0
1257.15	0	.6883935	0	.3116065	0
1256.15	0	.687984	0	.312016	0
1255.15	0	.6875753	0	.3124247	0
1254.15	0	.6871675	0	.3128325	0
1253.15	0	.6867605	0	.3132395	0
1252.15	0	.6863543	0	.3136457	0
1251.15	0	.685949	0	.314051	0
1250.15	0	.6855445	0	.3144555	0
1249.15	0	.6851409	0	.3148592	0
1248.15	0	.684738	0	.315262	0
1247.15	0	.684336	0	.315664	0
1246.15	0	.6839349	0	.3160651	0
1245.15	0	.6835345	0	.3164655	0
1244.15	0	.683135	0	.316865	0
1243.15	0	.6827363	0	.3172637	0
1242.15	0	.6823384	0	.3176616	0
1241.15	0	.6819414	0	.3180586	0
1240.15	0	.6815451	0	.3184549	0
1239.15	0	.6811497	0	.3188504	0
1238.159	0	.6807585	0	.3192415	0
1238.159	0	.6807585	0	.3192415	0
1238.159	0	.6807585	0	.3192415	0
1238.15	0	.6807486	6.717977E-06	.3192447	0
1237.15	0	.679625	7.708339E-04	.3196041	0
1236.15	0	.6785045	.001532874	.3199626	0
1235.15	0	.677387	.002292841	.3203202	0
1234.15	0	.6762725	.00305074	.3206768	0
1233.15	0	.675161	.003806573	.3210324	0
1232.15	0	.6740525	.004560345	.3213871	0
1231.15	0	.672947	.005312059	.3217409	0
1230.15	0	.6718445	.006061718	.3220937	0
1229.15	0	.670745	.006809327	.3224457	0
1228.15	0	.6696485	.007554887	.3227967	0
1227.15	0	.6685549	.008298403	.3231467	0
1226.15	0	.6674643	.009039879	.3234959	0
1225.15	0	.6663766	.009779317	.3238441	0
1224.15	0	.6652919	.01051672	.3241914	0
1223.15	0	.6642101	.01125209	.3245378	0
1222.15	0	.6631312	.01198544	.3248833	0
1221.15	0	.6620553	.01271676	.3252279	0
1220.15	0	.6609823	.01344606	.3255716	0
1219.15	0	.6599122	.01417334	.3259144	0
1218.15	0	.658845	.01489861	.3262564	0
1217.15	0	.6577808	.01562187	.3265974	0
1216.15	0	.6567194	.01634312	.3269375	0
1215.15	0	.6556609	.01706236	.3272768	0
1214.15	0	.6546053	.0177796	.3276151	0
1213.15	0	.6535525	.01849484	.3279526	0
1212.15	0	.6525027	.01920809	.3282893	0
1211.15	0	.6514557	.01991934	.328625	0
1210.15	0	.6504115	.0206286	.3289599	0
1209.15	0	.6493702	.02133588	.3292939	0
1208.15	0	.6483318	.02204117	.329627	0
1207.15	0	.6472962	.02274447	.3299593	0
1206.15	0	.6462634	.0234458	.3302908	0
1205.15	0	.6452335	.02414516	.3306214	0
1204.15	0	.6442064	.02484254	.3309511	0
1203.15	0	.6431821	.02553795	.33128	0
1202.15	0	.6421606	.02623139	.331608	0
1201.15	0	.6411419	.02692287	.3319352	0
1200.15	0	.640126	.02761239	.3322616	0
1199.15	0	.639113	.02829995	.3325871	0
1198.15	0	.6381026	.02898555	.3329118	0
1197.15	0	.6370951	.0296692	.3332357	0
1196.15	0	.6360904	.03035089	.3335587	0
1195.15	0	.6350885	.03103064	.3338809	0
1194.15	0	.6340893	.03170844	.3342023	0
1193.15	0	.6330928	.0323843	.3345229	0
1192.15	0	.6320992	.03305822	.3348426	0
1191.15	0	.6311083	.03373019	.3351616	0
1190.15	0	.6301201	.03440023	.3354797	0
1189.15	0	.6291347	.03506834	.335797	0
1188.15	0	.628152	.03573452	.3361135	0
1187.15	0	.627172	.03639876	.3364292	0
1186.15	0	.6261948	.03706108	.3367442	0
1185.15	0	.6252203	.03772147	.3370583	0
1184.15	0	.6242485	.03837995	.3373716	0
1183.15	0	.6232794	.0390365	.3376841	0
1182.15	0	.622313	.03969114	.3379958	0
1181.15	0	.6213493	.04034386	.3383068	0
1180.15	0	.6203884	.04099466	.338617	0
1179.15	0	.6194301	.04164356	.3389264	0
1178.15	0	.6184745	.04229055	.339235	0
1177.15	0	.6175216	.04293563	.3395428	0
1176.15	0	.6165713	.04357881	.3398499	0
1175.15	0	.6156238	.04422008	.3401561	0
1174.15	0	.6146789	.04485945	.3404617	0
1173.15	0	.6137367	.04549693	.3407664	0
1172.15	0	.6127971	.04613251	.3410704	0
1171.15	0	.6118602	.0467662	.3413736	0
1170.15	0	.610926	.04739799	.3416761	0
1169.15	0	.6099944	.04802789	.3419778	0
1168.15	0	.6090654	.04865591	.3422787	0
1167.15	0	.6081391	.04928203	.3425789	0
1166.15	0	.6072154	.04990628	.3428783	0
1165.15	0	.6062943	.05052864	.343177	0
1164.15	0	.6053759	.05114912	.343475	0
1163.15	0	.6044601	.05176772	.3437722	0
1162.15	0	.6035469	.05238444	.3440687	0
1161.15	0	.6026363	.05299929	.3443644	0
1160.15	0	.6017283	.05361227	.3446594	0
1159.15	0	.600823	.05422337	.3449537	0
1158.15	0	.5999202	.0548326	.3452472	0
1157.15	0	.59902	.05543997	.34554	0
1156.15	0	.5981225	.05604547	.3458321	0
1155.15	0	.5972275	.0566491	.3461234	0
1154.15	0	.5963351	.05725089	.346414	0
1153.15	0	.5954453	.0578508	.3467039	0
1152.15	0	.594558	.05844884	.3469931	0
1151.15	0	.5936734	.05904503	.3472816	0
1150.15	0	.5927913	.05963936	.3475693	0
1149.15	0	.5919118	.06023184	.3478564	0
1148.15	0	.5910348	.06082246	.3481427	0
1147.15	0	.5901604	.06141123	.3484283	0
1146.15	0	.5892886	.06199815	.3487132	0
1145.15	0	.5884193	.06258322	.3489974	0
1144.15	0	.5875526	.06316644	.349281	0
1143.15	0	.5866884	.06374782	.3495638	0
1142.15	0	.5858268	.06432735	.3498459	0
1141.15	0	.5849677	.06490503	.3501273	0
1140.15	0	.5841111	.06548087	.350408	0
1139.15	0	.5832571	.06605487	.3506881	0
1138.15	0	.5824056	.06662704	.3509674	0
1137.15	0	.5815566	.06719736	.351246	0
1136.15	0	.5807102	.06776585	.351524	0
1135.15	0	.5798662	.0683325	.3518013	0
1134.15	0	.5790248	.06889731	.3520779	0
1133.15	0	.5781859	.06946029	.3523538	0
1132.15	0	.5773495	.07002144	.352629	0
1131.15	0	.5765157	.07058076	.3529036	0
1130.15	0	.5756843	.07113825	.3531775	0
1129.15	0	.5748554	.07169391	.3534507	0
1128.15	0	.574029	.07224774	.3537232	0
1127.15	0	.5732052	.07279974	.3539951	0
1126.15	0	.5723838	.07334992	.3542663	0
1125.15	0	.5715649	.07389828	.3545369	0
1124.15	0	.5707485	.07444481	.3548067	0
1123.15	0	.5699345	.07498952	.3550759	0
1122.15	0	.5691231	.07553241	.3553445	0
1121.15	0	.5683141	.07607348	.3556124	0
1120.15	0	.5675077	.07661272	.3558796	0
1119.15	0	.5667037	.07715015	.3561462	0
1118.15	0	.5659021	.07768577	.3564121	0
1117.15	0	.565103	.07821956	.3566774	0
1116.15	0	.5643064	.07875154	.356942	0
1115.15	0	.5635123	.07928171	.357206	0
1114.15	0	.5627206	.07981006	.3574693	0
1113.15	0	.5619314	.0803366	.357732	0
1112.15	0	.5611446	.08086133	.357994	0
1111.15	0	.5603603	.08138425	.3582554	0
1110.15	0	.5595785	.08190535	.3585162	0
1109.15	0	.5587991	.08242465	.3587763	0
1108.15	0	.5580221	.08294214	.3590358	0
1107.15	0	.5572476	.08345782	.3592946	0
1106.15	0	.5564755	.08397169	.3595528	0
1105.15	0	.5557059	.08448376	.3598104	0
1104.15	0	.5549386	.08499402	.3600673	0
1103.15	0	.5541739	.08550248	.3603236	0
1102.15	0	.5534116	.08600913	.3605793	0
1101.15	0	.5526517	.08651398	.3608344	0
1100.15	0	.5518942	.08701702	.3610888	0
1099.15	0	.5511391	.08751826	.3613426	0
1098.15	0	.5503865	.08801771	.3615958	0
1097.15	0	.5496363	.08851535	.3618483	0
1096.15	0	.5488886	.08901119	.3621003	0
1095.15	0	.5481432	.08950523	.3623516	0
1094.15	0	.5474003	.08999747	.3626023	0
1093.15	0	.5466597	.09048792	.3628523	0
1092.15	0	.5459216	.09097656	.3631018	0
1091.15	0	.5451859	.09146341	.3633507	0
1090.15	0	.5444526	.09194846	.3635989	0
1089.15	0	.5437218	.09243172	.3638465	0
1088.15	0	.5429933	.09291318	.3640935	0
1087.15	0	.5422672	.09339285	.3643399	0
1086.15	0	.5415435	.09387072	.3645857	0
1085.15	0	.5408223	.09434679	.3648309	0
1084.15	0	.5401034	.09482108	.3650755	0
1083.15	0	.539387	.09529357	.3653195	0
1082.15	0	.5386729	.09576427	.3655629	0
1081.15	0	.5379612	.09623317	.3658056	0
1080.15	0	.5372519	.09670029	.3660478	0
1079.15	0	.536545	.09716561	.3662894	0
1078.15	0	.5358405	.09762915	.3665304	0
1077.15	0	.5351384	.09809089	.3667707	0
1076.15	0	.5344387	.09855084	.3670105	0
1075.15	0	.5337413	.09900901	.3672497	0
1074.15	0	.5330463	.09946538	.3674883	0
1073.15	0	.5323538	.09991997	.3677263	0
1072.15	0	.5316636	.1003728	.3679637	0
1071.15	0	.5309757	.1008238	.3682005	0
1070.15	0	.5302903	.101273	.3684367	0
1069.15	0	.5296072	.1017204	.3686723	0
1068.15	0	.5289265	.1021661	.3689074	0
1067.15	0	.5282482	.10261	.3691418	0
1066.15	0	.5275723	.103052	.3693757	0
1065.15	0	.5268987	.1034923	.369609	0
1064.15	0	.5262275	.1039308	.3698416	0
1063.15	0	.5255587	.1043676	.3700737	0
1062.15	0	.5248922	.1048025	.3703053	0
1061.15	0	.5242281	.1052357	.3705362	0
1060.15	0	.5235664	.1056671	.3707666	0
1059.15	0	.522907	.1060966	.3709963	0
1058.15	0	.52225	.1065244	.3712255	0
1057.15	0	.5215954	.1069505	.3714542	0
1056.15	0	.5209431	.1073747	.3716822	0
1055.15	0	.5202932	.1077972	.3719096	0
1054.15	0	.5196456	.1082179	.3721365	0
1053.15	0	.5190004	.1086368	.3723628	0
1052.15	0	.5183575	.1090539	.3725885	0
1051.15	0	.517717	.1094693	.3728137	0
1050.15	0	.5170789	.1098828	.3730383	0
1049.15	0	.5164431	.1102946	.3732623	0
1048.15	0	.5158097	.1107046	.3734857	0
1047.15	0	.5151786	.1111129	.3737085	0
1046.15	0	.5145499	.1115193	.3739308	0
1045.15	0	.5139235	.111924	.3741525	0
1044.15	0	.5132994	.1123269	.3743736	0
1043.15	0	.5126778	.1127281	.3745942	0
1042.15	0	.5120584	.1131274	.3748142	0
1041.15	0	.5114414	.113525	.3750336	0
1040.15	0	.5108268	.1139208	.3752524	0
1039.15	0	.5102144	.1143148	.3754707	0
1038.15	0	.5096045	.1147071	.3756884	0
1037.15	0	.5089969	.1150976	.3759056	0
1036.15	0	.5083916	.1154863	.3761221	0
1035.15	0	.5077886	.1158733	.3763381	0
1034.15	0	.507188	.1162584	.3765535	0
1033.15	0	.5065897	.1166419	.3767684	0
1032.15	0	.5059938	.1170235	.3769827	0
1031.15	0	.5054002	.1174034	.3771964	0
1030.15	0	.5048089	.1177815	.3774096	0
1029.15	0	.50422	.1181578	.3776222	0
1028.15	0	.5036334	.1185324	.3778342	0
1027.15	0	.5030491	.1189052	.3780456	0
1026.15	0	.5024672	.1192763	.3782565	0
1025.15	0	.5018876	.1196455	.3784669	0
1024.15	0	.5013103	.1200131	.3786766	0
1023.15	0	.5007354	.1203788	.3788858	0
1022.15	0	.5001627	.1207428	.3790944	0
1021.15	0	.4995925	.1211051	.3793025	0
1020.15	0	.4990245	.1214656	.37951	0
1019.15	0	.4984588	.1218243	.3797169	0
1018.15	0	.4978955	.1221813	.3799232	0
1017.15	0	.4973345	.1225365	.380129	0
1016.15	0	.4967758	.12289	.3803342	0
1015.15	0	.4962195	.1232417	.3805389	0
1014.15	0	.4956654	.1235916	.380743	0
1013.15	0	.4951137	.1239398	.3809465	0
1012.15	0	.4945643	.1242863	.3811494	0
1011.15	0	.4940172	.124631	.3813518	0
1010.15	0	.4934724	.124974	.3815536	0
1009.15	0	.4929299	.1253152	.3817549	0
1008.15	0	.4923897	.1256547	.3819555	0
1007.15	0	.4918519	.1259925	.3821557	0
1006.15	0	.4913163	.1263285	.3823552	0
1005.15	0	.4907831	.1266628	.3825542	0
1004.15	0	.4902522	.1269953	.3827525	0
1003.15	0	.4897235	.1273261	.3829504	0
1002.15	0	.4891972	.1276552	.3831476	0
1001.15	0	.4886732	.1279825	.3833443	0
1000.15	0	.4881515	.1283081	.3835404	0
999.15	0	.487632	.128632	.3837359	0
998.15	0	.4871149	.1289542	.3839309	0
997.15	0	.4866001	.1292747	.3841253	0
996.15	0	.4860875	.1295934	.3843191	0
995.15	0	.4855773	.1299104	.3845123	0
994.15	0	.4850693	.1302257	.384705	0
993.15	0	.4845636	.1305393	.3848971	0
992.15	0	.4840603	.1308512	.3850886	0
991.15	0	.4835591	.1311614	.3852795	0
990.15	0	.4830603	.1314698	.3854698	0
989.15	0	.4825638	.1317766	.3856596	0
988.15	0	.4820695	.1320817	.3858488	0
987.15	0	.4815775	.1323851	.3860374	0
986.15	0	.4810878	.1326868	.3862254	0
985.15	0	.4806004	.1329868	.3864128	0
984.15	0	.4801152	.1332851	.3865997	0
983.15	0	.4796323	.1335818	.3867859	0
982.15	0	.4791516	.1338767	.3869716	0
981.15	0	.4786733	.1341701	.3871567	0
980.15	0	.4781971	.1344617	.3873412	0
979.15	0	.4777233	.1347517	.3875251	0
978.15	0	.4772516	.13504	.3877084	0
977.15	0	.4767823	.1353266	.3878911	0
976.15	0	.4763151	.1356116	.3880732	0
975.15	0	.4758503	.135895	.3882548	0
974.15	0	.4753876	.1361767	.3884357	0
973.15	0	.4749272	.1364567	.388616	0
972.15	0	.4744691	.1367352	.3887957	0
971.15	0	.4740131	.137012	.3889749	0
970.15	0	.4735594	.1372872	.3891534	0
969.15	0	.4731079	.1375608	.3893313	0
968.15	0	.4726587	.1378327	.3895086	0
967.15	0	.4722116	.1381031	.3896853	0
966.15	0	.4717668	.1383718	.3898614	0
965.15	0	.4713241	.138639	.3900369	0
964.15	0	.4708837	.1389045	.3902117	0
963.15	0	.4704455	.1391685	.390386	0
962.15	0	.4700095	.1394309	.3905596	0
961.15	0	.4695756	.1396918	.3907326	0
960.15	0	.4691439	.1399511	.390905	0
959.15	0	.4687145	.1402088	.3910768	0
958.15	0	.4682872	.140465	.3912479	0
957.15	0	.467862	.1407196	.3914184	0
956.15	0	.4674391	.1409727	.3915883	0
955.15	0	.4670182	.1412243	.3917575	0
954.15	0	.4665996	.1414743	.3919261	0
953.15	0	.4661831	.1417229	.3920941	0
952.15	0	.4657687	.1419699	.3922614	0
951.15	0	.4653565	.1422155	.3924281	0
950.15	0	.4649463	.1424595	.3925941	0
949.15	0	.4645384	.1427021	.3927595	0
948.15	0	.4641325	.1429433	.3929243	0
947.15	0	.4637287	.1431829	.3930883	0
946.15	0	.4633271	.1434212	.3932518	0
945.15	0	.4629275	.143658	.3934145	0
944.15	0	.46253	.1438933	.3935766	0
943.15	0	.4621346	.1441273	.3937381	0
942.15	0	.4617413	.1443598	.3938989	0
941.15	0	.46135	.144591	.394059	0
940.15	0	.4609608	.1448208	.3942184	0
939.15	0	.4605736	.1450492	.3943772	0
938.15	0	.4601885	.1452762	.3945353	0
937.15	0	.4598054	.1455019	.3946927	0
936.15	0	.4594243	.1457263	.3948494	0
935.15	0	.4590453	.1459493	.3950054	0
934.15	0	.4586682	.1461711	.3951607	0
933.15	0	.4582931	.1463915	.3953154	0
932.15	0	.45792	.1466107	.3954693	0
931.15	0	.4575489	.1468286	.3956225	0
930.15	0	.4571797	.1470453	.395775	0
929.15	0	.4568125	.1472607	.3959268	0
928.15	0	.4564472	.1474749	.3960779	0
927.15	0	.4560838	.1476879	.3962283	0
926.15	0	.4557224	.1478997	.3963779	0
925.15	0	.4553628	.1481104	.3965268	0
924.15	0	.4550051	.1483198	.396675	0
923.15	0	.4546494	.1485282	.3968225	0
922.15	0	.4542954	.1487354	.3969692	0
921.15	0	.4539433	.1489415	.3971151	0
920.15	0	.4535931	.1491466	.3972603	0
919.15	0	.4532447	.1493505	.3974048	0
918.15	0	.452898	.1495535	.3975485	0
917.15	0	.4525532	.1497554	.3976914	0
916.15	0	.4522101	.1499563	.3978336	0
915.15	0	.4518688	.1501562	.397975	0
914.15	0	.4515293	.1503551	.3981156	0
913.15	0	.4511915	.1505532	.3982554	0
912.15	0	.4508553	.1507502	.3983944	0
911.15	0	.4505209	.1509464	.3985326	0
910.15	0	.4501882	.1511418	.3986701	0
909.15	0	.4498571	.1513362	.3988067	0
908.15	0	.4495276	.1515299	.3989425	0
907.15	0	.4491998	.1517227	.3990775	0
906.15	0	.4488736	.1519148	.3992117	0
905.15	0	.4485489	.1521061	.399345	0
904.15	0	.4482258	.1522967	.3994775	0
903.15	0	.4479043	.1524866	.3996091	0
902.15	0	.4475842	.1526759	.3997399	0
901.15	0	.4472657	.1528645	.3998699	0
900.15	0	.4469486	.1530525	.3999989	0
899.15	0	.446633	.1532399	.4001271	0
898.15	0	.4463188	.1534268	.4002545	0
897.15	0	.446006	.1536131	.4003809	0
896.15	0	.4456946	.153799	.4005065	0
895.15	0	.4453845	.1539844	.4006311	0
894.15	0	.4450758	.1541694	.4007549	0
893.15	0	.4447683	.154354	.4008777	0
892.15	0	.4444622	.1545383	.4009996	0
891.15	0	.4441573	.1547222	.4011205	0
890.15	0	.4438536	.1549059	.4012406	0
889.15	0	.4435511	.1550893	.4013596	0
888.15	0	.4432497	.1552725	.4014778	0
887.15	0	.4429495	.1554556	.4015949	0
886.15	0	.4426504	.1556386	.4017111	0
885.15	0	.4423523	.1558214	.4018262	0
884.15	0	.4420553	.1560043	.4019404	0
883.15	0	.4417593	.1561871	.4020536	0
882.15	0	.4414642	.15637	.4021658	0
881.15	0	.4411701	.156553	.4022769	0
880.15	0	.4408768	.1567361	.402387	0
879.15	0	.4405845	.1569194	.4024961	0
878.15	0	.4402929	.157103	.4026041	0
877.15	0	.4400021	.1572869	.402711	0
876.15	0	.4397121	.157471	.4028169	0
875.15	0	.4394228	.1576556	.4029216	0
874.15	0	.4391341	.1578406	.4030253	0
873.15	0	.438846	.1580262	.4031278	0
872.15	0	.4385585	.1582123	.4032292	0
871.15	0	.4382716	.158399	.4033295	0
870.15	0	.4379851	.1585863	.4034286	0
869.15	0	.4376991	.1587745	.4035265	0
868.15	0	.4374134	.1589634	.4036232	0
867.15	0	.4371281	.1591531	.4037188	0
866.15	0	.4368431	.1593439	.4038131	0
865.15	0	.4365583	.1595356	.4039062	0
864.15	0	.4362737	.1597284	.403998	0
863.15	0	.4359892	.1599223	.4040886	0
862.15	0	.4357047	.1601174	.4041779	0
861.15	0	.4354203	.1603138	.4042659	0
860.15	0	.4351358	.1605116	.4043525	0
859.15	0	.4348513	.1607109	.4044378	0
858.15	0	.4345665	.1609117	.4045218	0
857.15	0	.4342815	.1611141	.4046044	0
856.15	0	.4339962	.1613182	.4046856	0
855.15	0	.4337105	.1615241	.4047654	0
854.15	0	.4334243	.1617319	.4048438	0
853.15	0	.4331376	.1619417	.4049206	0
852.15	0	.4328503	.1621537	.404996	0
851.15	0	.4325623	.1623678	.4050699	0
850.15	0	.4322736	.1625842	.4051423	0
849.15	0	.431984	.162803	.405213	0
848.15	0	.4316934	.1630244	.4052822	0
847.15	0	.4314018	.1632484	.4053498	0
846.15	0	.4311091	.1634752	.4054157	0
845.15	0	.4308151	.163705	.4054799	0
844.15	0	.4305198	.1639378	.4055424	0
843.15	0	.4302231	.1641737	.4056032	0
842.15	0	.4299248	.164413	.4056622	0
841.15	0	.4296249	.1646558	.4057193	0
840.15	0	.4293231	.1649023	.4057746	0
839.15	0	.4290194	.1651525	.405828	0
838.15	0	.4287137	.1654068	.4058795	0
837.15	0	.4284058	.1656652	.4059289	0
836.15	0	.4280956	.165928	.4059763	0
835.15	0	.4277829	.1661954	.4060217	0
834.15	0	.4274675	.1664676	.4060649	0
833.15	0	.4271494	.1667447	.4061059	0
832.15	0	.4268282	.1670271	.4061447	0
831.15	0	.4265039	.167315	.4061811	0
830.15	0	.4261762	.1676086	.4062152	0
829.15	0	.4258449	.1679083	.4062468	0
828.15	0	.4255098	.1682143	.4062759	0
827.15	0	.4251707	.1685269	.4063025	0
826.15	0	.4248272	.1688465	.4063263	0
825.15	0	.4244793	.1691734	.4063474	0
824.15	0	.4241265	.1695079	.4063656	0
823.15	0	.4237685	.1698506	.4063808	0
822.15	0	.4234051	.1702019	.406393	0
821.15	0	.4230359	.1705621	.406402	0
820.15	0	.4226605	.1709318	.4064077	0
819.15	0	.4222785	.1713116	.40641	0
818.15	0	.4218894	.1717019	.4064086	0
817.15	0	.4214929	.1721036	.4064035	0
816.15	0	.4210883	.1725172	.4063945	0
815.15	0	.4206751	.1729435	.4063814	0
814.15	0	.4202527	.1733834	.406364	0
813.15	0	.4198204	.1738377	.406342	0
812.15	0	.4193774	.1743074	.4063152	0
811.15	0	.4189229	.1747938	.4062834	0
810.15	0	.418456	.1752979	.4062461	0
809.15	0	.4179755	.1758213	.4062032	0
808.15	0	.4174805	.1763654	.4061541	0
807.15	0	.4169694	.1769321	.4060985	0
806.15	0	.4162866	.1777189	.4059945	0
805.15	0	.4152182	.178999	.4057828	0
804.15	0	.4142336	.1801775	.4055889	0
803.15	0	.4133215	.1812683	.4054102	0
802.15	0	.4124731	.1822824	.4052446	0
801.15	0	.4116809	.1832287	.4050904	0
800.15	0	.4109389	.1841148	.4049463	0
799.15	0	.4102419	.184947	.4048111	0
798.15	0	.4095856	.1857305	.404684	0
797.15	0	.4089662	.1864698	.404564	0
796.15	0	.4083805	.1871691	.4044504	0
795.15	0	.4078257	.1878316	.4043428	0
794.15	0	.4072992	.1884603	.4042404	0
793.15	0	.4067989	.1890581	.404143	0
792.15	0	.4063229	.1896272	.40405	0
791.15	0	.4058692	.1901697	.4039611	0
790.15	0	.4054365	.1906875	.403876	0
789.15	0	.4050232	.1911824	.4037944	0
788.15	0	.4046282	.1916559	.403716	0
787.15	0	.4042501	.1921093	.4036406	0
786.15	0	.403888	.192544	.4035681	0
785.15	0	.4035409	.192961	.4034981	0
784.15	0	.4032079	.1933616	.4034305	0
783.15	0	.4028881	.1937467	.4033653	0
782.15	0	.4025828	.1941155	.4033017	0
781.15	0	.4022872	.1944722	.4032405	0
780.15	0	.4020028	.1948159	.4031813	0
779.15	0	.401729	.1951472	.4031238	0
778.15	0	.4014652	.1954669	.4030679	0
777.15	0	.4012109	.1957755	.4030136	0
776.15	0	.4009656	.1960736	.4029608	0
775.15	0	.4007289	.1963617	.4029094	0
774.15	0	.4005004	.1966404	.4028592	0
773.15	0	.4002795	.1969102	.4028103	0
772.15	0	.4000661	.1971713	.4027626	0
771.15	0	.3998597	.1974244	.4027159	0
770.15	0	.39966	.1976697	.4026704	0
769.15	0	.3994666	.1979076	.4026258	0
768.15	0	.3992794	.1981385	.4025821	0
767.15	0	.399098	.1983626	.4025394	0
766.15	0	.3989222	.1985804	.4024975	0
765.15	0	.3987517	.198792	.4024564	0
764.15	0	.3985862	.1989977	.402416	0
763.15	0	.3984257	.1991979	.4023764	0
762.15	0	.3982698	.1993927	.4023375	0
761.15	0	.3981183	.1995824	.4022993	0
760.15	0	.3979712	.1997672	.4022617	0
759.15	0	.3978281	.1999472	.4022246	0
758.15	0	.397689	.2001228	.4021882	0
757.15	0	.3975537	.200294	.4021523	0
756.15	0	.3974219	.2004612	.4021169	0
755.15	0	.3972937	.2006243	.402082	0
754.15	0	.3971688	.2007836	.4020476	0
753.15	0	.3970471	.2009393	.4020137	0
752.15	0	.3969284	.2010915	.4019801	0
751.15	0	.3968127	.2012403	.401947	0
750.15	0	.3966999	.2013858	.4019143	0
749.15	0	.3965898	.2015283	.4018819	0
748.15	0	.3964824	.2016677	.4018499	0
747.15	0	.3963774	.2018043	.4018183	0
746.15	0	.396275	.2019381	.401787	0
745.15	0	.3961748	.2020692	.4017559	0
744.15	0	.3960769	.2021978	.4017252	0
743.15	0	.3959812	.202324	.4016948	0
742.15	0	.3958876	.2024477	.4016646	0
741.15	0	.395796	.2025692	.4016348	0
740.15	0	.3957064	.2026885	.4016051	0
739.15	0	.3956186	.2028057	.4015757	0
738.15	0	.3955327	.2029208	.4015465	0
737.15	0	.3954485	.203034	.4015176	0
736.15	0	.3953659	.2031453	.4014888	0
735.15	0	.395285	.2032547	.4014602	0
734.15	0	.3952057	.2033625	.4014319	0
733.15	0	.3951278	.2034685	.4014037	0
732.15	0	.3950515	.2035728	.4013757	0
731.15	0	.3949765	.2036757	.4013478	0
730.15	0	.3949029	.203777	.4013201	0
729.15	0	.3948306	.2038768	.4012926	0
728.15	0	.3947596	.2039752	.4012652	0
727.15	0	.3946898	.2040723	.401238	0
726.15	0	.3946212	.204168	.4012108	0
725.15	0	.3945537	.2042625	.4011838	0
724.15	0	.3944873	.2043558	.4011569	0
723.15	0	.394422	.2044478	.4011302	0
722.15	0	.3943577	.2045388	.4011035	0
721.15	0	.3942944	.2046286	.401077	0
720.15	0	.3942321	.2047174	.4010505	0
719.15	0	.3941707	.2048052	.4010241	0
718.15	0	.3941102	.2048919	.4009979	0
717.15	0	.3940506	.2049777	.4009717	0
716.15	0	.3939918	.2050626	.4009456	0
715.15	0	.3939339	.2051466	.4009195	0
714.15	0	.3938767	.2052297	.4008936	0
713.15	0	.3938203	.205312	.4008677	0
712.15	0	.3937646	.2053935	.4008419	0
711.15	0	.3937096	.2054743	.4008161	0
710.15	0	.3936554	.2055543	.4007904	0
709.15	0	.3936018	.2056335	.4007647	0
708.15	0	.3935488	.2057121	.4007391	0
707.15	0	.3934965	.2057899	.4007136	0
706.15	0	.3934448	.2058672	.4006881	0
705.15	0	.3933936	.2059438	.4006626	0
704.15	0	.3933431	.2060198	.4006372	0
703.15	0	.393293	.2060952	.4006118	0
702.15	0	.3932435	.20617	.4005865	0
701.15	0	.3931946	.2062443	.4005611	0
700.15	0	.3931461	.206318	.4005359	0
699.15	0	.3930981	.2063913	.4005106	0
698.15	0	.3930506	.206464	.4004854	0
697.15	0	.3930035	.2065363	.4004602	0
696.15	0	.3929569	.2066081	.400435	0
695.15	0	.3929107	.2066795	.4004099	0
694.15	0	.3928649	.2067504	.4003847	0
693.15	0	.3928195	.2068209	.4003596	0
692.15	0	.3927745	.206891	.4003345	0
691.15	0	.3927299	.2069607	.4003094	0
690.15	0	.3926856	.2070301	.4002843	0
689.15	0	.3926417	.207099	.4002593	0
688.15	0	.3925981	.2071677	.4002342	0
687.15	0	.3925549	.2072359	.4002092	0
686.15	0	.392512	.2073039	.4001841	0
685.15	0	.3924694	.2073715	.4001591	0
684.15	0	.392427	.2074389	.4001341	0
683.15	0	.392385	.2075059	.4001091	0
682.15	0	.3923433	.2075727	.400084	0
681.15	0	.3923019	.2076391	.400059	0
680.15	0	.3922607	.2077053	.400034	0
679.15	0	.3922197	.2077713	.400009	0
678.15	0	.392179	.207837	.399984	0
677.15	0	.3921386	.2079025	.399959	0
676.15	0	.3920984	.2079677	.3999339	0
675.15	0	.3920584	.2080327	.3999089	0
674.15	0	.3920187	.2080975	.3998839	0
673.15	0	.3919791	.208162	.3998588	0
672.15	0	.3919398	.2082264	.3998338	0
671.15	0	.3919007	.2082906	.3998087	0
670.15	0	.3918617	.2083546	.3997837	0
669.15	0	.391823	.2084184	.3997586	0
668.15	0	.3917844	.208482	.3997335	0
667.15	0	.3917461	.2085455	.3997085	0
666.15	0	.3917079	.2086088	.3996834	0
665.15	0	.3916698	.2086719	.3996583	0
664.15	0	.3916319	.2087349	.3996332	0
663.15	0	.3915942	.2087977	.399608	0
662.15	0	.3915567	.2088604	.3995829	0
661.15	0	.3915192	.208923	.3995578	0
660.15	0	.391482	.2089854	.3995326	0
659.15	0	.3914449	.2090477	.3995074	0
658.15	0	.3914079	.2091099	.3994823	0
657.15	0	.391371	.2091719	.3994571	0
656.15	0	.3913343	.2092339	.3994318	0
655.15	0	.3912977	.2092957	.3994066	0
654.15	0	.3912612	.2093574	.3993814	0
653.15	0	.3912248	.2094191	.3993561	0
652.15	0	.3911886	.2094806	.3993309	0
651.15	0	.3911524	.209542	.3993056	0
650.15	0	.3911164	.2096033	.3992803	0
649.15	0	.3910805	.2096646	.399255	0
648.15	0	.3910446	.2097257	.3992297	0
647.15	0	.3910089	.2097868	.3992043	0
646.15	0	.3909733	.2098478	.399179	0
645.15	0	.3909377	.2099087	.3991536	0
644.15	0	.3909023	.2099695	.3991282	0
643.15	0	.3908669	.2100303	.3991028	0
642.15	0	.3908316	.210091	.3990774	0
641.15	0	.3907964	.2101516	.399052	0
640.15	0	.3907613	.2102122	.3990265	0
639.15	0	.3907263	.2102727	.3990011	0
638.15	0	.3906913	.2103331	.3989756	0
637.15	0	.3906564	.2103935	.3989501	0
636.15	0	.3906216	.2104538	.3989246	0
635.15	0	.3905869	.2105141	.3988991	0
634.15	0	.3905522	.2105743	.3988735	0
633.15	0	.3905176	.2106344	.398848	0
632.15	0	.3904831	.2106945	.3988224	0
631.15	0	.3904486	.2107546	.3987968	0
630.15	0	.3904142	.2108146	.3987712	0
629.15	0	.3903798	.2108746	.3987456	0
628.15	0	.3903455	.2109345	.39872	0
627.15	0	.3903113	.2109944	.3986943	0
626.15	0	.3902771	.2110543	.3986687	0
625.15	0	.3902429	.2111141	.398643	0
624.15	0	.3902089	.2111738	.3986173	0
623.15	0	.3901748	.2112336	.3985916	0
622.15	0	.3901408	.2112932	.3985659	0
621.15	0	.3901069	.2113529	.3985402	0
620.15	0	.390073	.2114125	.3985144	0
619.15	0	.3900392	.2114721	.3984887	0
618.15	0	.3900054	.2115317	.3984629	0
617.15	0	.3899716	.2115912	.3984371	0
616.15	0	.3899379	.2116507	.3984113	0
615.15	0	.3899043	.2117102	.3983855	0
614.15	0	.3898706	.2117697	.3983597	0
613.15	0	.3898371	.2118291	.3983339	0
612.15	0	.3898035	.2118885	.3983081	0
611.15	0	.38977	.2119478	.3982822	0
610.15	0	.3897365	.2120071	.3982563	0
609.15	0	.3897031	.2120665	.3982305	0
608.15	0	.3896697	.2121257	.3982046	0
607.15	0	.3896363	.212185	.3981787	0
606.15	0	.389603	.2122442	.3981528	0
605.15	0	.3895697	.2123034	.3981268	0
604.15	0	.3895365	.2123626	.3981009	0
603.15	0	.3895033	.2124218	.398075	0
602.15	0	.3894701	.2124809	.398049	0
601.15	0	.3894369	.21254	.3980231	0
600.15	0	.3894038	.2125991	.3979971	0
599.15	0	.3893707	.2126582	.3979711	0
598.15	0	.3893376	.2127172	.3979452	0
597.15	0	.3893046	.2127763	.3979192	0
596.15	0	.3892716	.2128353	.3978932	0
595.15	0	.3892386	.2128943	.3978672	0
594.15	0	.3892056	.2129532	.3978412	0
593.15	0	.3891727	.2130122	.3978152	0
592.15	0	.3891398	.2130711	.3977891	0
591.15	0	.3891069	.21313	.3977631	0
590.15	0	.3890741	.2131888	.3977371	0
589.15	0	.3890413	.2132477	.397711	0
588.15	0	.3890085	.2133065	.397685	0
587.15	0	.3889757	.2133653	.3976589	0
586.15	0	.388943	.2134241	.3976329	0
585.15	0	.3889103	.2134829	.3976068	0
584.15	0	.3888776	.2135416	.3975808	0
583.15	0	.3888449	.2136003	.3975547	0
582.15	0	.3888123	.213659	.3975287	0
581.15	0	.3887797	.2137177	.3975026	0
580.15	0	.3887471	.2137764	.3974765	0
579.15	0	.3887146	.213835	.3974505	0
578.15	0	.388682	.2138936	.3974244	0
577.15	0	.3886495	.2139522	.3973983	0
576.15	0	.388617	.2140107	.3973723	0
575.15	0	.3885846	.2140693	.3973462	0
574.15	0	.3885521	.2141278	.3973201	0
573.15	0	.3885197	.2141862	.3972941	0
572.15	0	.3884873	.2142447	.397268	0
571.15	0	.388455	.2143031	.3972419	0
570.15	0	.3884226	.2143615	.3972159	0
569.15	0	.3883903	.2144199	.3971898	0
568.15	0	.388358	.2144783	.3971637	0
567.15	0	.3883257	.2145366	.3971377	0
566.15	0	.3882935	.2145949	.3971116	0
565.15	0	.3882612	.2146532	.3970856	0
564.15	0	.388229	.2147114	.3970596	0
563.15	0	.3881969	.2147696	.3970335	0
562.15	0	.3881647	.2148278	.3970075	0
561.15	0	.3881326	.214886	.3969815	0
560.15	0	.3881005	.2149441	.3969555	0
559.15	0	.3880684	.2150022	.3969294	0
558.15	0	.3880363	.2150602	.3969034	0
557.15	0	.3880043	.2151183	.3968774	0
556.15	0	.3879723	.2151763	.3968514	0
555.15	0	.3879403	.2152342	.3968255	0
554.15	0	.3879083	.2152922	.3967995	0
553.15	0	.3878764	.2153501	.3967735	0
552.15	0	.3878445	.215408	.3967476	0
551.15	0	.3878126	.2154658	.3967216	0
550.15	0	.3877807	.2155236	.3966957	0
549.15	0	.3877489	.2155813	.3966698	0
548.15	0	.3877171	.2156391	.3966439	0
547.15	0	.3876853	.2156967	.396618	0
546.15	0	.3876535	.2157544	.3965921	0
545.15	0	.3876218	.215812	.3965662	0
544.15	0	.3875901	.2158696	.3965404	0
543.15	0	.3875584	.2159271	.3965145	0
542.15	0	.3875267	.2159846	.3964887	0
541.15	0	.3874951	.2160421	.3964629	0
540.15	0	.3874634	.2160995	.3964371	0
539.15	0	.3874319	.2161569	.3964113	0
538.15	0	.3874003	.2162142	.3963855	0
537.15	0	.3873688	.2162715	.3963597	0
536.15	0	.3873373	.2163288	.396334	0
535.15	0	.3873058	.216386	.3963083	0
534.15	0	.3872743	.2164431	.3962826	0
533.15	0	.3872429	.2165002	.3962569	0
532.15	0	.3872115	.2165573	.3962312	0
531.15	0	.3871801	.2166143	.3962056	0
530.15	0	.3871488	.2166713	.3961799	0
529.15	0	.3871175	.2167282	.3961543	0
528.15	0	.3870862	.2167851	.3961287	0
527.15	0	.3870549	.2168419	.3961032	0
526.15	0	.3870237	.2168987	.3960776	0
525.15	0	.3869925	.2169554	.3960521	0
524.15	0	.3869613	.2170121	.3960266	0
523.15	0	.3869301	.2170688	.3960011	0
522.15	0	.386899	.2171253	.3959757	0
521.15	0	.3868681	.2171818	.3959501	0
520.15	0	.386837	.2172383	.3959247	0
519.15	0	.386806	.2172947	.3958993	0
518.15	0	.386775	.2173511	.3958739	0
517.15	0	.386744	.2174074	.3958486	0
516.15	0	.3867131	.2174636	.3958233	0
515.15	0	.3866822	.2175198	.395798	0
514.15	0	.3866513	.217576	.3957727	0
513.15	0	.3866205	.2176321	.3957475	0
512.15	0	.3865896	.2176881	.3957223	0
511.15	0	.3865589	.217744	.3956971	0
510.15	0	.3865281	.2177999	.395672	0
509.15	0	.3864974	.2178558	.3956468	0
508.15	0	.3864667	.2179115	.3956217	0
507.15	0	.3864361	.2179673	.3955967	0
506.15	0	.3864055	.2180229	.3955716	0
505.15	0	.3863749	.2180785	.3955466	0
504.15	0	.3863443	.218134	.3955217	0
503.15	0	.3863138	.2181895	.3954967	0
502.15	0	.3862833	.2182449	.3954718	0
501.15	0	.3862529	.2183002	.3954469	0
500.15	0	.3862225	.2183555	.3954221	0
499.15	0	.3861921	.2184106	.3953973	0
498.15	0	.3861617	.2184658	.3953725	0
497.15	0	.3861314	.2185208	.3953478	0
496.15	0	.3861012	.2185758	.3953231	0
495.15	0	.3860709	.2186307	.3952984	0
494.15	0	.3860407	.2186856	.3952737	0
493.15	0	.3860105	.2187403	.3952491	0
492.15	0	.3859804	.218795	.3952246	0
491.15	0	.3859503	.2188497	.3952	0
490.15	0	.3859203	.2189042	.3951755	0
489.15	0	.3858902	.2189587	.3951511	0
488.15	0	.3858603	.2190131	.3951267	0
487.15	0	.3858303	.2190674	.3951023	0
486.15	0	.3858004	.2191217	.3950779	0
485.15	0	.3857705	.2191758	.3950536	0
484.15	0	.3857407	.2192299	.3950294	0
483.15	0	.3857109	.219284	.3950052	0
482.15	0	.3856811	.2193379	.394981	0
481.15	0	.3856514	.2193917	.3949568	0
480.15	0	.3856217	.2194455	.3949327	0
479.15	0	.3855921	.2194992	.3949087	0
478.15	0	.3855625	.2195528	.3948847	0
477.15	0	.3855329	.2196064	.3948607	0
476.15	0	.3855034	.2196598	.3948368	0
475.15	0	.385474	.2197132	.3948129	0
474.15	0	.3854445	.2197665	.394789	0
473.15	0	.3854151	.2198197	.3947652	0
472.15	0	.3853858	.2198728	.3947415	0
471.15	0	.3853564	.2199258	.3947178	0
470.15	0	.3853272	.2199787	.3946941	0
469.15	0	.3852979	.2200316	.3946705	0
468.15	0	.3852687	.2200843	.3946469	0
467.15	0	.3852396	.220137	.3946234	0
466.15	0	.3852105	.2201896	.3946	0
465.15	0	.3851814	.2202421	.3945765	0
464.15	0	.3851524	.2202945	.3945532	0
463.15	0	.3851234	.2203468	.3945298	0
462.15	0	.3850945	.220399	.3945065	0
461.15	0	.3850656	.2204511	.3944833	0
460.15	0	.3850368	.2205031	.3944601	0
459.15	0	.3850079	.2205551	.394437	0
458.15	0	.3849792	.2206069	.3944139	0
457.15	0	.3849505	.2206587	.3943909	0
456.15	0	.3849218	.2207103	.3943679	0
455.15	0	.3848932	.2207619	.394345	0
454.15	0	.3848646	.2208133	.3943221	0
453.15	0	.3848361	.2208647	.3942993	0
452.15	0	.3848076	.2209159	.3942765	0
451.15	0	.3847791	.2209671	.3942538	0
450.15	0	.3847507	.2210181	.3942311	0
449.15	0	.3847224	.2210691	.3942086	0
448.15	0	.3846941	.2211199	.394186	0
447.15	0	.3846659	.2211706	.3941635	0
446.15	0	.3846377	.2212212	.3941411	0
445.15	0	.3846096	.2212717	.3941188	0
444.15	0	.3845815	.221322	.3940964	0
443.15	0	.3845535	.2213723	.3940742	0
442.15	0	.3845256	.2214224	.394052	0
441.15	0	.3844977	.2214724	.3940299	0
440.15	0	.3844699	.2215222	.3940079	0
439.15	0	.3844422	.2215719	.3939859	0
438.15	0	.3844145	.2216215	.393964	0
437.15	0	.3843869	.221671	.3939421	0
436.15	0	.3843594	.2217203	.3939204	0
435.15	0	.3843319	.2217694	.3938987	0
434.15	0	.3843045	.2218184	.3938771	0
433.15	0	.3842772	.2218673	.3938555	0
432.15	0	.38425	.221916	.393834	0
431.15	0	.3842229	.2219645	.3938126	0
430.15	0	.3841958	.2220129	.3937913	0
429.15	0	.3841688	.2220612	.39377	0
428.15	0	.3841419	.2221092	.3937488	0
427.15	0	.3841151	.2221571	.3937278	0
426.15	0	.3840884	.2222049	.3937067	0
425.15	0	.3840617	.2222525	.3936858	0
424.15	0	.3840352	.2222999	.3936649	0
