T	 BPW(LIQUID)	BPW(BCC_A2)	BPW(FCC_A1)	BPW(LAVES_PHASE_C14)	BPW(NI3TI)
1473.15	.2094145	.7905855	0	0	0
1472.15	.2067337	.7932663	0	0	0
1471.15	.2040718	.7959282	0	0	0
1470.15	.2014288	.7985712	0	0	0
1469.15	.1988045	.8011955	0	0	0
1468.15	.1961987	.8038013	0	0	0
1467.15	.1936113	.8063887	0	0	0
1466.15	.1910423	.8089577	0	0	0
1465.15	.1884914	.8115087	0	0	0
1464.15	.1859584	.8140416	0	0	0
1463.15	.1834434	.8165566	0	0	0
1462.15	.1809461	.8190539	0	0	0
1461.15	.1784664	.8215336	0	0	0
1460.15	.1760041	.8239959	0	0	0
1459.15	.1735592	.8264408	0	0	0
1458.15	.1711315	.8288685	0	0	0
1457.15	.1687209	.8312791	0	0	0
1456.15	.1663273	.8336727	0	0	0
1455.15	.1639504	.8360496	0	0	0
1454.15	.1615903	.8384097	0	0	0
1453.15	.1592467	.8407533	0	0	0
1452.15	.1569196	.8430804	0	0	0
1451.15	.1546088	.8453912	0	0	0
1450.15	.1523142	.8476858	0	0	0
1449.15	.1500357	.8499643	0	0	0
1448.15	.1477732	.8522268	0	0	0
1447.15	.1455265	.8544736	0	0	0
1446.15	.1432955	.8567045	0	0	0
1445.15	.1410801	.8589199	0	0	0
1444.15	.1388802	.8611198	0	0	0
1443.15	.1366957	.8633043	0	0	0
1442.15	.1345264	.8654736	0	0	0
1441.15	.1323723	.8676277	0	0	0
1440.15	.1302332	.8697668	0	0	0
1439.15	.128109	.871891	0	0	0
1438.15	.1259996	.8740004	0	0	0
1437.15	.1239049	.876095	0	0	0
1436.15	.1218249	.8781751	0	0	0
1435.15	.1197593	.8802408	0	0	0
1434.15	.117708	.882292	0	0	0
1433.15	.115671	.884329	0	0	0
1432.15	.1136482	.8863518	0	0	0
1431.15	.1116395	.8883606	0	0	0
1430.15	.1096446	.8903554	0	0	0
1429.15	.1076636	.8923364	0	0	0
1428.15	.1056964	.8943036	0	0	0
1427.15	.1037428	.8962572	0	0	0
1426.15	.1018028	.8981972	0	0	0
1425.15	.09987615	.9001238	0	0	0
1424.15	.09796286	.9020371	0	0	0
1423.15	.09606282	.9039372	0	0	0
1422.15	.09417592	.9058241	0	0	0
1421.15	.09230206	.9076979	0	0	0
1420.15	.09044115	.9095589	0	0	0
1419.15	.0885931	.9114069	0	0	0
1418.15	.0867578	.9132422	0	0	0
1417.15	.08493516	.9150648	0	0	0
1416.15	.0831251	.9168749	0	0	0
1415.15	.08132751	.9186725	0	0	0
1414.15	.07954231	.9204577	0	0	0
1413.15	.0777694	.9222306	0	0	0
1412.15	.0760087	.9239913	0	0	0
1411.15	.07426012	.9257399	0	0	0
1410.15	.07252356	.9274764	0	0	0
1409.15	.07079894	.9292011	0	0	0
1408.15	.06908617	.9309138	0	0	0
1407.15	.06738517	.9326148	0	0	0
1406.15	.06569585	.9343041	0	0	0
1405.15	.06401812	.9359819	0	0	0
1404.15	.06235189	.9376481	0	0	0
1403.15	.0606971	.9393029	0	0	0
1402.15	.05905365	.9409463	0	0	0
1401.15	.05742146	.9425785	0	0	0
1400.15	.05580044	.9441996	0	0	0
1399.15	.05419053	.9458095	0	0	0
1398.15	.05259163	.9474084	0	0	0
1397.15	.05100368	.9489963	0	0	0
1396.15	.04942658	.9505734	0	0	0
1395.15	.04786026	.9521397	0	0	0
1394.847	.04738712	.9526129	0	0	0
1394.847	.04738712	.9526129	0	0	0
1394.847	.04738712	.9526129	0	0	0
1394.15	.0456607	.9535627	0	7.765624E-04	0
1393.15	.04320387	.9549111	0	.001885039	0
1392.15	.04077214	.9562417	0	.00298614	0
1391.15	.03836508	.9575549	0	.004079991	0
1390.15	.03598228	.958851	0	.005166711	0
1389.15	.03362336	.9601302	0	.00624642	0
1388.15	.0312879	.9613929	0	.007319232	0
1387.15	.02897553	.9626392	0	.008385261	0
1386.15	.02668586	.9638695	0	.009444617	0
1385.15	.02441854	.965084	0	.01049741	0
1384.15	.0221732	.9662831	0	.01154375	0
1383.15	.01994948	.9674668	0	.01258373	0
1382.15	.01774704	.9686355	0	.01361745	0
1381.15	.01556554	.9697894	0	.01464503	0
1380.15	.01340464	.9709288	0	.01566655	0
1379.15	.01126403	.9720539	0	.01668211	0
1378.15	.009143367	.9731648	0	.0176918	0
1377.15	.007042352	.9742619	0	.01869572	0
1376.15	.004960675	.9753454	0	.01969395	0
1375.15	.002898034	.9764154	0	.02068659	0
1374.15	8.541338E-04	.9774722	0	.02167371	0
1373.729	0	.9779127	0	.02208727	0
1373.729	0	.9779127	0	.02208727	0
1373.15	0	.9775308	0	.02246919	0
1372.15	0	.9768729	0	.02312715	0
1371.15	0	.9762164	0	.02378357	0
1370.15	0	.9755615	0	.02443846	0
1369.15	0	.9749082	0	.02509183	0
1368.15	0	.9742563	0	.02574369	0
1367.15	0	.973606	0	.02639403	0
1366.15	0	.9729571	0	.02704286	0
1365.15	0	.9723098	0	.02769018	0
1364.15	0	.971664	0	.02833601	0
1363.15	0	.9710197	0	.02898034	0
1362.15	0	.9703768	0	.02962318	0
1361.15	0	.9697355	0	.03026454	0
1360.15	0	.9690956	0	.03090441	0
1359.15	0	.9684572	0	.03154282	0
1358.15	0	.9678203	0	.03217975	0
1357.15	0	.9671848	0	.03281521	0
1356.15	0	.9665508	0	.03344921	0
1355.15	0	.9659183	0	.03408175	0
1354.15	0	.9652872	0	.03471284	0
1353.15	0	.9646575	0	.03534248	0
1352.15	0	.9640293	0	.03597068	0
1351.15	0	.9634026	0	.03659743	0
1350.15	0	.9627772	0	.03722276	0
1349.15	0	.9621534	0	.03784665	0
1348.15	0	.9615309	0	.03846911	0
1347.15	0	.9609099	0	.03909016	0
1346.15	0	.9602902	0	.03970978	0
1345.15	0	.959672	0	.04032799	0
1344.15	0	.9590552	0	.04094479	0
1343.15	0	.9584398	0	.04156019	0
1342.15	0	.9578258	0	.04217419	0
1341.15	0	.9572132	0	.04278679	0
1340.15	0	.956602	0	.043398	0
1339.15	0	.9559922	0	.04400782	0
1338.15	0	.9553837	0	.04461626	0
1337.15	0	.9547767	0	.04522332	0
1336.15	0	.954171	0	.045829	0
1335.15	0	.9535667	0	.04643332	0
1334.15	0	.9529637	0	.04703626	0
1333.15	0	.9523622	0	.04763784	0
1332.15	0	.9517619	0	.04823807	0
1331.15	0	.9511631	0	.04883694	0
1330.15	0	.9505655	0	.04943446	0
1329.15	0	.9499694	0	.05003063	0
1328.15	0	.9493745	0	.05062546	0
1327.15	0	.9487811	0	.05121895	0
1326.15	0	.9481889	0	.05181111	0
1325.15	0	.9475981	0	.05240194	0
1324.15	0	.9470086	0	.05299144	0
1323.15	0	.9464204	0	.05357961	0
1322.15	0	.9458335	0	.05416647	0
1321.15	0	.945248	0	.05475202	0
1320.15	0	.9446638	0	.05533625	0
1319.15	0	.9440808	0	.05591917	0
1318.15	0	.9434992	0	.0565008	0
1317.15	0	.9429189	0	.05708112	0
1316.15	0	.9423398	0	.05766015	0
1315.15	0	.9417621	0	.05823788	0
1314.15	0	.9411857	0	.05881433	0
1313.15	0	.9406105	0	.05938949	0
1312.15	0	.9400366	0	.05996337	0
1311.15	0	.939464	0	.06053598	0
1310.15	0	.9388927	0	.06110731	0
1309.15	0	.9383226	0	.06167737	0
1308.15	0	.9377538	0	.06224617	0
1307.15	0	.9371863	0	.0628137	0
1306.15	0	.93662	0	.06337998	0
1305.15	0	.936055	0	.063945	0
1304.15	0	.9354912	0	.06450876	0
1303.15	0	.9349287	0	.06507129	0
1302.15	0	.9343674	0	.06563256	0
1301.15	0	.9338074	0	.0661926	0
1300.15	0	.9332486	0	.0667514	0
1299.15	0	.932691	0	.06730896	0
1298.15	0	.9321347	0	.0678653	0
1297.15	0	.9315796	0	.06842041	0
1296.15	0	.9310257	0	.0689743	0
1295.15	0	.930473	0	.06952696	0
1294.15	0	.9299216	0	.07007841	0
1293.15	0	.9293714	0	.07062865	0
1292.15	0	.9288223	0	.07117768	0
1291.15	0	.9282745	0	.0717255	0
1290.15	0	.9277279	0	.07227212	0
1289.15	0	.9271825	0	.07281754	0
1288.15	0	.9266382	0	.07336176	0
1287.15	0	.9260952	0	.07390479	0
1286.15	0	.9255534	0	.07444664	0
1285.15	0	.9250127	0	.07498729	0
1284.15	0	.9244732	0	.07552677	0
1283.15	0	.9239349	0	.07606506	0
1282.15	0	.9233978	0	.07660218	0
1281.15	0	.9228619	0	.07713813	0
1280.15	0	.9223271	0	.07767291	0
1279.15	0	.9217935	0	.07820652	0
1278.15	0	.921261	0	.07873896	0
1277.15	0	.9207298	0	.07927025	0
1276.15	0	.9201996	0	.07980038	0
1275.15	0	.9196706	0	.08032936	0
1274.15	0	.9191428	0	.08085719	0
1273.15	0	.9186161	0	.08138386	0
1272.15	0	.9180906	0	.0819094	0
1271.15	0	.9175662	0	.08243379	0
1270.15	0	.917043	0	.08295705	0
1269.15	0	.9165208	0	.08347917	0
1268.15	0	.9159998	0	.08400016	0
1267.15	0	.91548	0	.08452002	0
1266.15	0	.9149612	0	.08503876	0
1265.15	0	.9144436	0	.08555637	0
1264.15	0	.9139271	0	.08607286	0
1263.15	0	.9134118	0	.08658824	0
1262.15	0	.9128975	0	.0871025	0
1261.15	0	.9123843	0	.08761566	0
1260.15	0	.9118723	0	.0881277	0
1259.964	0	.9117771	0	.0882229	0
1259.964	0	.9117771	0	.0882229	0
1259.964	0	.9117771	0	.0882229	0
1259.15	0	.9104745	9.050296E-04	.08862043	0
1258.15	0	.9088779	.002014419	.08910768	0
1257.15	0	.9072855	.003120886	.08959361	0
1256.15	0	.9056974	.004224437	.09007821	0
1255.15	0	.9041134	.005325074	.09056149	0
1254.15	0	.9025337	.006422803	.09104346	0
1253.15	0	.9009583	.007517627	.09152412	0
1252.15	0	.899387	.008609551	.09200348	0
1251.15	0	.8978199	.009698578	.09248154	0
1250.15	0	.896257	.01078471	.0929583	0
1249.15	0	.8946983	.01186796	.09343378	0
1248.15	0	.8931437	.01294832	.09390797	0
1247.15	0	.8915933	.0140258	.09438088	0
1246.15	0	.8900471	.01510041	.09485251	0
1245.15	0	.888505	.01617214	.09532287	0
1244.15	0	.886967	.017241	.09579197	0
1243.15	0	.8854332	.01830699	.0962598	0
1242.15	0	.8839035	.01937013	.09672638	0
1241.15	0	.8823779	.0204304	.0971917	0
1240.15	0	.8808564	.02148782	.09765578	0
1239.15	0	.879339	.02254239	.09811861	0
1238.15	0	.8778257	.02359411	.0985802	0
1237.15	0	.8763165	.02464298	.09904055	0
1236.15	0	.8748113	.02568901	.09949968	0
1235.15	0	.8733102	.0267322	.09995758	0
1234.15	0	.8718132	.02777256	.1004142	0
1233.15	0	.8703202	.02881009	.1008697	0
1232.15	0	.8688313	.02984478	.101324	0
1231.15	0	.8673464	.03087665	.101777	0
1230.15	0	.8658655	.0319057	.1022288	0
1229.15	0	.8643886	.03293193	.1026795	0
1228.15	0	.8629158	.03395533	.1031289	0
1227.15	0	.8614469	.03497593	.1035771	0
1226.15	0	.8599821	.03599371	.1040242	0
1225.15	0	.8585213	.03700868	.1044701	0
1224.15	0	.8570644	.03802085	.1049147	0
1223.15	0	.8556115	.03903021	.1053583	0
1222.15	0	.8541626	.04003677	.1058006	0
1221.15	0	.8527177	.04104053	.1062418	0
1220.15	0	.8512767	.0420415	.1066818	0
1219.15	0	.8498397	.04303967	.1071206	0
1218.15	0	.8484067	.04403505	.1075583	0
1217.15	0	.8469775	.04502764	.1079948	0
1216.15	0	.8455523	.04601744	.1084302	0
1215.15	0	.8441311	.04700446	.1088645	0
1214.15	0	.8427137	.0479887	.1092976	0
1213.15	0	.8413003	.04897016	.1097296	0
1212.15	0	.8398908	.04994883	.1101604	0
1211.15	0	.8384852	.05092473	.1105901	0
1210.15	0	.8370835	.05189786	.1110187	0
1209.15	0	.8356856	.05286821	.1114461	0
1208.15	0	.8342917	.0538358	.1118725	0
1207.15	0	.8329017	.05480061	.1122977	0
1206.15	0	.8315155	.05576266	.1127218	0
1205.15	0	.8301332	.05672194	.1131448	0
1204.15	0	.8287548	.05767845	.1135668	0
1203.15	0	.8273802	.05863221	.1139876	0
1202.15	0	.8260095	.0595832	.1144073	0
1201.15	0	.8246427	.06053144	.1148259	0
1200.15	0	.8232797	.06147691	.1152434	0
1199.15	0	.8219205	.06241963	.1156599	0
1198.15	0	.8205652	.0633596	.1160753	0
1197.15	0	.8192137	.06429681	.1164895	0
1196.15	0	.817866	.06523127	.1169027	0
1195.15	0	.8165221	.06616298	.1173149	0
1194.15	0	.8151821	.06709193	.117726	0
1193.15	0	.8138459	.06801814	.118136	0
1192.15	0	.8125135	.0689416	.1185449	0
1191.15	0	.8111849	.06986232	.1189528	0
1190.15	0	.8098601	.07078028	.1193597	0
1189.15	0	.8085391	.07169551	.1197655	0
1188.15	0	.8072218	.07260798	.1201702	0
1187.15	0	.8059084	.07351772	.1205739	0
1186.15	0	.8045988	.07442471	.1209765	0
1185.15	0	.8032929	.07532896	.1213782	0
1184.15	0	.8019908	.07623046	.1217788	0
1183.15	0	.8006925	.07712923	.1221783	0
1182.15	0	.7993979	.07802526	.1225768	0
1181.15	0	.7981071	.07891854	.1229743	0
1180.15	0	.7968201	.07980909	.1233708	0
1179.15	0	.7955368	.0806969	.1237663	0
1178.15	0	.7942573	.08158196	.1241607	0
1177.15	0	.7929816	.08246429	.1245542	0
1176.15	0	.7917095	.08334388	.1249466	0
1175.15	0	.7904413	.08422074	.125338	0
1174.15	0	.7891767	.08509485	.1257284	0
1173.15	0	.7879159	.08596623	.1261178	0
1172.15	0	.7866589	.08683487	.1265063	0
1171.15	0	.7854056	.08770077	.1268937	0
1170.15	0	.784156	.08856393	.1272801	0
1169.15	0	.7829101	.08942436	.1276655	0
1168.15	0	.7816679	.09028205	.12805	0
1167.15	0	.7804295	.09113699	.1284335	0
1166.15	0	.7791948	.0919892	.128816	0
1165.15	0	.7779638	.09283867	.1291975	0
1164.15	0	.7767365	.0936854	.1295781	0
1163.15	0	.7755129	.09452939	.1299577	0
1162.15	0	.7742931	.09537064	.1303363	0
1161.15	0	.7730769	.09620915	.1307139	0
1160.15	0	.7718645	.09704492	.1310906	0
1159.15	0	.7706557	.09787795	.1314663	0
1158.15	0	.7694507	.09870823	.1318411	0
1157.15	0	.7682493	.09953577	.1322149	0
1156.15	0	.7670517	.1003606	.1325878	0
1155.15	0	.7658577	.1011826	.1329597	0
1154.15	0	.7646674	.1020019	.1333307	0
1153.15	0	.7634808	.1028185	.1337007	0
1152.15	0	.7622979	.1036323	.1340698	0
1151.15	0	.7611187	.1044434	.134438	0
1150.15	0	.7599432	.1052517	.1348052	0
1149.15	0	.7587713	.1060572	.1351714	0
1148.15	0	.7576032	.10686	.1355368	0
1147.15	0	.7564387	.1076601	.1359012	0
1146.15	0	.7552779	.1084574	.1362647	0
1145.15	0	.7541208	.1092519	.1366273	0
1144.15	0	.7529674	.1100437	.136989	0
1143.15	0	.7518176	.1108327	.1373497	0
1142.15	0	.7506715	.111619	.1377095	0
1141.15	0	.7495291	.1124025	.1380684	0
1140.15	0	.7483904	.1131832	.1384264	0
1139.15	0	.7472553	.1139612	.1387835	0
1138.15	0	.7461239	.1147364	.1391397	0
1137.15	0	.7449962	.1155088	.139495	0
1136.15	0	.7438721	.1162785	.1398494	0
1135.15	0	.7427518	.1170454	.1402029	0
1134.15	0	.7416351	.1178095	.1405555	0
1133.15	0	.740522	.1185708	.1409072	0
1132.15	0	.7394127	.1193294	.141258	0
1131.15	0	.738307	.1200852	.1416079	0
1130.15	0	.7372049	.1208382	.1419569	0
1129.15	0	.7361066	.1215884	.142305	0
1128.15	0	.7350119	.1223358	.1426523	0
1127.15	0	.7339209	.1230805	.1429987	0
1126.15	0	.7328335	.1238223	.1433442	0
1125.15	0	.7317498	.1245614	.1436888	0
1124.15	0	.7306698	.1252976	.1440326	0
1123.15	0	.7295935	.1260311	.1443754	0
1122.15	0	.7285208	.1267617	.1447174	0
1121.15	0	.7274518	.1274896	.1450586	0
1120.15	0	.7263865	.1282146	.1453989	0
1119.15	0	.7253249	.1289369	.1457383	0
1118.15	0	.7242669	.1296563	.1460768	0
1117.15	0	.7232126	.1303729	.1464145	0
1116.15	0	.7221619	.1310867	.1467514	0
1115.15	0	.721115	.1317977	.1470873	0
1114.15	0	.7200717	.1325058	.1474225	0
1113.15	0	.7190321	.1332112	.1477567	0
1112.15	0	.7179962	.1339137	.1480902	0
1111.15	0	.716964	.1346133	.1484227	0
1110.15	0	.7159354	.1353101	.1487545	0
1109.15	0	.7149105	.1360041	.1490853	0
1108.15	0	.7138893	.1366953	.1494154	0
1107.15	0	.7128718	.1373836	.1497446	0
1106.15	0	.711858	.138069	.1500729	0
1105.15	0	.7108479	.1387517	.1504005	0
1104.15	0	.7098414	.1394314	.1507271	0
1103.15	0	.7088387	.1401083	.151053	0
1102.15	0	.7078397	.1407823	.151378	0
1101.15	0	.7068443	.1414535	.1517022	0
1100.15	0	.7058526	.1421218	.1520256	0
1099.15	0	.7048647	.1427872	.1523481	0
1098.15	0	.7038804	.1434498	.1526698	0
1097.15	0	.7028999	.1441094	.1529907	0
1096.15	0	.701923	.1447662	.1533107	0
1095.15	0	.7009499	.1454201	.15363	0
1094.15	0	.6999804	.1460711	.1539484	0
1093.15	0	.6990147	.1467192	.154266	0
1092.15	0	.6980527	.1473645	.1545828	0
1091.15	0	.6970945	.1480068	.1548988	0
1090.15	0	.6961399	.1486462	.1552139	0
1089.15	0	.6951891	.1492827	.1555283	0
1088.15	0	.6942419	.1499162	.1558418	0
1087.15	0	.6932986	.1505469	.1561545	0
1086.15	0	.6923589	.1511746	.1564665	0
1085.15	0	.691423	.1517994	.1567776	0
1084.15	0	.6904908	.1524213	.1570879	0
1083.15	0	.6895624	.1530402	.1573974	0
1082.15	0	.6886377	.1536562	.1577061	0
1081.15	0	.6877167	.1542693	.158014	0
1080.15	0	.6867995	.1548794	.1583211	0
1079.15	0	.6858861	.1554865	.1586274	0
1078.15	0	.6849764	.1560907	.1589329	0
1077.15	0	.6840705	.1566919	.1592376	0
1076.15	0	.6831683	.1572902	.1595415	0
1075.15	0	.6822699	.1578855	.1598446	0
1074.15	0	.6813753	.1584778	.1601469	0
1073.15	0	.6804845	.1590671	.1604484	0
1072.15	0	.6795974	.1596534	.1607492	0
1071.15	0	.6787141	.1602368	.1610491	0
1070.15	0	.6778346	.1608171	.1613483	0
1069.15	0	.6769589	.1613945	.1616467	0
1068.15	0	.6760869	.1619688	.1619442	0
1067.15	0	.6752188	.1625402	.162241	0
1066.15	0	.6743545	.1631085	.162537	0
1065.15	0	.673494	.1636738	.1628323	0
1064.15	0	.6726373	.164236	.1631267	0
1063.15	0	.6717844	.1647953	.1634203	0
1062.15	0	.6709353	.1653515	.1637132	0
1061.15	0	.67009	.1659046	.1640053	0
1060.15	0	.6692486	.1664547	.1642966	0
1059.15	0	.668411	.1670018	.1645872	0
1058.15	0	.6675773	.1675458	.1648769	0
1057.15	0	.6667473	.1680868	.1651659	0
1056.15	0	.6659213	.1686247	.1654541	0
1055.15	0	.6650991	.1691594	.1657415	0
1054.15	0	.6642807	.1696912	.1660281	0
1053.15	0	.6634662	.1702198	.166314	0
1052.15	0	.6626555	.1707454	.1665991	0
1051.15	0	.6618487	.1712678	.1668834	0
1050.15	0	.6610458	.1717872	.1671669	0
1049.15	0	.6602468	.1723035	.1674497	0
1048.15	0	.6594517	.1728166	.1677317	0
1047.15	0	.6586604	.1733267	.1680129	0
1046.15	0	.6578731	.1738336	.1682934	0
1045.15	0	.6570896	.1743374	.168573	0
1044.15	0	.65631	.1748381	.1688519	0
1043.15	0	.6555344	.1753356	.16913	0
1042.15	0	.6547627	.17583	.1694074	0
1041.15	0	.6539948	.1763212	.169684	0
1040.15	0	.6532309	.1768093	.1699598	0
1039.15	0	.652471	.1772942	.1702348	0
1038.15	0	.651715	.177776	.1705091	0
1037.15	0	.6509629	.1782546	.1707826	0
1036.15	0	.6502147	.17873	.1710553	0
1035.15	0	.6494705	.1792023	.1713272	0
1034.15	0	.6487303	.1796713	.1715984	0
1033.15	0	.647994	.1801372	.1718688	0
1032.15	0	.6472617	.1805999	.1721384	0
1031.15	0	.6465334	.1810593	.1724073	0
1030.15	0	.645809	.1815156	.1726754	0
1029.15	0	.6450886	.1819687	.1729427	0
1028.15	0	.6443723	.1824185	.1732093	0
1027.15	0	.6436599	.1828651	.173475	0
1026.15	0	.6429515	.1833085	.17374	0
1025.15	0	.6422471	.1837487	.1740042	0
1024.15	0	.6415467	.1841856	.1742677	0
1023.15	0	.6408504	.1846193	.1745304	0
1022.15	0	.640158	.1850497	.1747923	0
1021.15	0	.6394697	.1854769	.1750534	0
1020.15	0	.6387855	.1859008	.1753137	0
1019.15	0	.6381052	.1863215	.1755733	0
1018.15	0	.6374291	.1867389	.1758321	0
1017.15	0	.6367569	.187153	.1760901	0
1016.15	0	.6360888	.1875638	.1763473	0
1015.15	0	.6354248	.1879714	.1766038	0
1014.15	0	.6347649	.1883757	.1768595	0
1013.15	0	.634109	.1887767	.1771144	0
1012.15	0	.6334572	.1891744	.1773685	0
1011.15	0	.6328095	.1895688	.1776218	0
1010.15	0	.6321658	.1899598	.1778743	0
1009.15	0	.6315263	.1903476	.1781261	0
1008.15	0	.6308909	.1907321	.1783771	0
1007.15	0	.6302595	.1911132	.1786273	0
1006.15	0	.6296323	.191491	.1788766	0
1005.15	0	.6290092	.1918655	.1791253	0
1004.15	0	.6283902	.1922367	.1793731	0
1003.15	0	.6277753	.1926046	.1796201	0
1002.15	0	.6271646	.1929691	.1798663	0
1001.15	0	.626558	.1933302	.1801118	0
1000.15	0	.6259556	.1936881	.1803564	0
999.15	0	.6253572	.1940425	.1806002	0
998.15	0	.6247631	.1943937	.1808433	0
997.15	0	.6241731	.1947414	.1810855	0
996.15	0	.6235872	.1950859	.1813269	0
995.15	0	.6230055	.1954269	.1815676	0
994.15	0	.622428	.1957646	.1818074	0
993.15	0	.6218547	.1960989	.1820464	0
992.15	0	.6212855	.1964299	.1822846	0
991.15	0	.6207205	.1967575	.182522	0
990.15	0	.6201597	.1970817	.1827586	0
989.15	0	.6196031	.1974026	.1829943	0
988.15	0	.6190507	.1977201	.1832293	0
987.15	0	.6185025	.1980342	.1834634	0
986.15	0	.6179584	.1983449	.1836967	0
985.15	0	.6174186	.1986523	.1839291	0
984.15	0	.616883	.1989563	.1841607	0
983.15	0	.6163516	.1992569	.1843916	0
982.15	0	.6158244	.1995541	.1846215	0
981.15	0	.6153014	.1998479	.1848507	0
980.15	0	.6147827	.2001384	.185079	0
979.15	0	.6142681	.2004255	.1853064	0
978.15	0	.6137578	.2007092	.185533	0
977.15	0	.6132517	.2009895	.1857588	0
976.15	0	.6127499	.2012665	.1859837	0
975.15	0	.6122522	.20154	.1862077	0
974.15	0	.6117588	.2018102	.1864309	0
973.15	0	.6112696	.2020771	.1866533	0
972.15	0	.6107847	.2023406	.1868748	0
971.15	0	.610304	.2026007	.1870954	0
970.15	0	.6098275	.2028574	.1873151	0
969.15	0	.6093553	.2031108	.187534	0
968.15	0	.6088872	.2033608	.1877519	0
967.15	0	.6084235	.2036075	.187969	0
966.15	0	.6079639	.2038508	.1881852	0
965.15	0	.6075086	.2040908	.1884006	0
964.15	0	.6070575	.2043275	.188615	0
963.15	0	.6066107	.2045608	.1888285	0
962.15	0	.6061681	.2047908	.1890412	0
961.15	0	.6057297	.2050175	.1892529	0
960.15	0	.6052955	.2052408	.1894637	0
959.15	0	.6048655	.2054609	.1896736	0
958.15	0	.6044398	.2056776	.1898826	0
957.15	0	.6040183	.2058911	.1900906	0
956.15	0	.6036009	.2061013	.1902977	0
955.15	0	.6031878	.2063083	.1905039	0
954.15	0	.6027789	.2065119	.1907092	0
953.15	0	.6023742	.2067124	.1909135	0
952.15	0	.6019737	.2069095	.1911168	0
951.15	0	.6015773	.2071035	.1913192	0
950.15	0	.6011851	.2072942	.1915206	0
949.15	0	.6007971	.2074818	.1917211	0
948.15	0	.6004133	.2076661	.1919206	0
947.15	0	.6000336	.2078473	.1921191	0
946.15	0	.5996581	.2080253	.1923166	0
945.15	0	.5992866	.2082002	.1925131	0
944.15	0	.5989193	.208372	.1927087	0
943.15	0	.5985562	.2085406	.1929032	0
942.15	0	.5981971	.2087062	.1930967	0
941.15	0	.5978421	.2088687	.1932892	0
940.15	0	.5974912	.2090281	.1934807	0
939.15	0	.5971444	.2091845	.1936711	0
938.15	0	.5968016	.2093379	.1938605	0
937.15	0	.5964629	.2094882	.1940489	0
936.15	0	.5961282	.2096357	.1942362	0
935.15	0	.5957974	.2097801	.1944224	0
934.15	0	.5954707	.2099217	.1946076	0
933.15	0	.595148	.2100603	.1947917	0
932.15	0	.5948292	.2101961	.1949747	0
931.15	0	.5945143	.2103291	.1951566	0
930.15	0	.5942034	.2104592	.1953374	0
929.15	0	.5938963	.2105866	.1955171	0
928.15	0	.5935932	.2107112	.1956956	0
927.15	0	.5932939	.2108331	.1958731	0
926.15	0	.5929984	.2109523	.1960494	0
925.15	0	.5927067	.2110688	.1962245	0
924.15	0	.5924188	.2111827	.1963985	0
923.15	0	.5921346	.2112941	.1965714	0
922.15	0	.5918541	.2114029	.196743	0
921.15	0	.5915774	.2115092	.1969134	0
920.15	0	.5913043	.211613	.1970827	0
919.15	0	.5910349	.2117144	.1972507	0
918.15	0	.590769	.2118135	.1974175	0
917.15	0	.5905067	.2119102	.1975831	0
916.15	0	.5902479	.2120046	.1977475	0
915.15	0	.5899927	.2120968	.1979105	0
914.15	0	.5897409	.2121868	.1980723	0
913.15	0	.5894925	.2122747	.1982329	0
912.15	0	.5892475	.2123605	.1983921	0
911.15	0	.5890058	.2124442	.19855	0
910.15	0	.5887674	.212526	.1987066	0
909.15	0	.5885323	.2126059	.1988618	0
908.15	0	.5883003	.212684	.1990157	0
907.15	0	.5880715	.2127602	.1991683	0
906.15	0	.5878458	.2128348	.1993194	0
905.15	0	.5876232	.2129077	.1994692	0
904.15	0	.5874035	.212979	.1996175	0
903.15	0	.5871869	.2130487	.1997644	0
902.15	0	.586973	.2131171	.1999099	0
901.15	0	.586762	.2131841	.2000539	0
900.15	0	.5865538	.2132498	.2001964	0
899.15	0	.5863483	.2133143	.2003375	0
898.15	0	.5861453	.2133777	.200477	0
897.15	0	.585945	.2134401	.2006149	0
896.15	0	.5857471	.2135015	.2007514	0
895.15	0	.5855517	.2135621	.2008862	0
894.15	0	.5853586	.2136219	.2010195	0
893.15	0	.5851678	.2136811	.2011511	0
892.15	0	.5849791	.2137397	.2012812	0
891.15	0	.5847926	.2137979	.2014095	0
890.15	0	.5846081	.2138558	.2015362	0
889.15	0	.5844255	.2139134	.2016611	0
888.15	0	.5842447	.2139709	.2017844	0
887.15	0	.5840656	.2140285	.2019059	0
886.15	0	.5838882	.2140862	.2020256	0
885.15	0	.5837123	.2141442	.2021435	0
884.15	0	.5835379	.2142026	.2022595	0
883.15	0	.5833647	.2142615	.2023737	0
882.15	0	.5831928	.2143212	.202486	0
881.15	0	.583022	.2143817	.2025964	0
880.15	0	.582852	.2144432	.2027048	0
879.15	0	.582683	.2145058	.2028112	0
878.15	0	.5825146	.2145698	.2029156	0
877.15	0	.5823468	.2146352	.203018	0
876.15	0	.5821793	.2147024	.2031183	0
875.15	0	.5820122	.2147714	.2032164	0
874.15	0	.5818452	.2148425	.2033123	0
873.15	0	.5816781	.2149158	.2034061	0
872.15	0	.5815108	.2149916	.2034976	0
871.15	0	.5813431	.2150702	.2035868	0
870.15	0	.5811748	.2151516	.2036736	0
869.15	0	.5810057	.2152362	.203758	0
868.15	0	.5808357	.2153242	.20384	0
867.15	0	.5806646	.2154159	.2039196	0
866.15	0	.580492	.2155115	.2039965	0
865.15	0	.5803178	.2156114	.2040708	0
864.15	0	.5801418	.2157157	.2041425	0
863.15	0	.5799636	.215825	.2042114	0
862.15	0	.5797831	.2159394	.2042775	0
861.15	0	.5796	.2160593	.2043407	0
860.15	0	.5794139	.216185	.204401	0
859.15	0	.5792246	.2163171	.2044583	0
858.15	0	.5790318	.2164558	.2045124	0
857.15	0	.5788351	.2166017	.2045633	0
856.15	0	.5786341	.216755	.2046109	0
855.15	0	.5784284	.2169164	.2046551	0
854.15	0	.5782178	.2170864	.2046958	0
853.15	0	.5780016	.2172654	.2047329	0
852.15	0	.5777796	.2174542	.2047663	0
851.15	0	.5775511	.2176532	.2047957	0
850.15	0	.5773157	.2178631	.2048212	0
849.15	0	.5770728	.2180848	.2048425	0
848.15	0	.5768218	.2183188	.2048594	0
847.15	0	.5762869	.2188894	.2048238	0
846.15	0	.5756526	.2195818	.2047657	0
845.15	0	.575063	.2202269	.2047102	0
844.15	0	.574515	.2208281	.204657	0
843.15	0	.5740057	.2213884	.2046059	0
842.15	0	.5735327	.2219105	.2045568	0
841.15	0	.5730935	.2223971	.2045095	0
840.15	0	.5726859	.2228503	.2044638	0
839.15	0	.572308	.2232725	.2044196	0
838.15	0	.5719578	.2236655	.2043767	0
837.15	0	.5716338	.2240312	.2043351	0
836.15	0	.5713341	.2243712	.2042946	0
835.15	0	.5710575	.2246873	.2042552	0
834.15	0	.5708024	.2249808	.2042168	0
833.15	0	.5705676	.2252531	.2041792	0
832.15	0	.570352	.2255055	.2041425	0
831.15	0	.5701543	.2257392	.2041065	0
830.15	0	.5699734	.2259554	.2040712	0
829.15	0	.5698085	.226155	.2040365	0
828.15	0	.5696586	.226339	.2040025	0
827.15	0	.5695227	.2265084	.2039689	0
826.15	0	.5694002	.226664	.2039358	0
825.15	0	.5692901	.2268067	.2039032	0
824.15	0	.5691918	.2269371	.203871	0
823.15	0	.5691046	.2270562	.2038392	0
822.15	0	.5690279	.2271644	.2038077	0
821.15	0	.568961	.2272624	.2037766	0
820.15	0	.5689034	.227351	.2037457	0
819.15	0	.5688544	.2274305	.2037151	0
818.15	0	.5688137	.2275016	.2036847	0
817.15	0	.5687806	.2275648	.2036546	0
816.15	0	.5687549	.2276205	.2036246	0
815.15	0	.5687359	.2276692	.2035949	0
814.15	0	.5687233	.2277114	.2035653	0
813.15	0	.5687168	.2277474	.2035358	0
812.15	0	.5687159	.2277776	.2035065	0
811.15	0	.5687203	.2278024	.2034773	0
810.15	0	.5687297	.2278221	.2034482	0
809.15	0	.5687437	.2278371	.2034192	0
808.15	0	.5687621	.2278477	.2033902	0
807.15	0	.5687846	.2278541	.2033614	0
806.15	0	.5688108	.2278566	.2033326	0
805.15	0	.5688407	.2278555	.2033038	0
804.15	0	.5688738	.2278511	.2032751	0
803.15	0	.56891	.2278435	.2032465	0
802.15	0	.5689492	.227833	.2032178	0
801.15	0	.5689909	.2278198	.2031892	0
800.15	0	.5690352	.2278042	.2031606	0
799.15	0	.5690817	.2277862	.2031321	0
798.15	0	.5691304	.2277661	.2031035	0
797.15	0	.5691811	.2277441	.2030749	0
796.15	0	.5692335	.2277202	.2030463	0
795.15	0	.5692876	.2276947	.2030177	0
794.15	0	.5693432	.2276677	.2029891	0
793.15	0	.5694002	.2276394	.2029605	0
792.15	0	.5694584	.2276098	.2029318	0
791.15	0	.5695178	.2275791	.2029031	0
790.15	0	.5695782	.2275474	.2028744	0
789.15	0	.5696395	.2275148	.2028457	0
788.15	0	.5697017	.2274815	.2028169	0
787.15	0	.5697645	.2274474	.2027881	0
786.15	0	.569828	.2274128	.2027592	0
785.15	0	.569892	.2273777	.2027303	0
784.15	0	.5699565	.2273421	.2027014	0
783.15	0	.5700214	.2273062	.2026724	0
782.15	0	.5700866	.2272701	.2026433	0
781.15	0	.570152	.2272337	.2026143	0
780.15	0	.5702176	.2271973	.2025851	0
779.15	0	.5702833	.2271607	.2025559	0
778.15	0	.5703491	.2271242	.2025267	0
777.15	0	.5704149	.2270877	.2024974	0
776.15	0	.5704807	.2270513	.202468	0
775.15	0	.5705464	.227015	.2024386	0
774.15	0	.5706119	.226979	.2024092	0
773.15	0	.5706772	.2269432	.2023796	0
772.15	0	.5707423	.2269076	.20235	0
771.15	0	.5708072	.2268724	.2023204	0
770.15	0	.5708718	.2268375	.2022907	0
769.15	0	.570936	.2268031	.2022609	0
768.15	0	.5709999	.2267691	.2022311	0
767.15	0	.5710634	.2267355	.2022012	0
766.15	0	.5711265	.2267024	.2021712	0
765.15	0	.5711891	.2266698	.2021412	0
764.15	0	.5712512	.2266377	.2021111	0
763.15	0	.5713129	.2266062	.2020809	0
762.15	0	.5713741	.2265753	.2020507	0
761.15	0	.5714347	.2265449	.2020204	0
760.15	0	.5714948	.2265152	.20199	0
759.15	0	.5715543	.2264861	.2019596	0
758.15	0	.5716132	.2264577	.2019291	0
757.15	0	.5716716	.2264299	.2018986	0
756.15	0	.5717293	.2264028	.2018679	0
755.15	0	.5717864	.2263764	.2018372	0
754.15	0	.5718428	.2263507	.2018065	0
753.15	0	.5718987	.2263257	.2017757	0
752.15	0	.5719538	.2263014	.2017448	0
751.15	0	.5720084	.2262779	.2017138	0
750.15	0	.5720622	.226255	.2016828	0
749.15	0	.5721154	.226233	.2016517	0
748.15	0	.5721678	.2262116	.2016205	0
747.15	0	.5722196	.2261911	.2015893	0
746.15	0	.5722707	.2261713	.201558	0
745.15	0	.5723211	.2261522	.2015267	0
744.15	0	.5723708	.2261339	.2014953	0
743.15	0	.5724198	.2261164	.2014638	0
742.15	0	.5724681	.2260997	.2014322	0
741.15	0	.5725157	.2260838	.2014006	0
740.15	0	.5725625	.2260686	.2013689	0
739.15	0	.5726087	.2260542	.2013372	0
738.15	0	.5726541	.2260406	.2013054	0
737.15	0	.5726988	.2260277	.2012735	0
736.15	0	.5727428	.2260156	.2012415	0
735.15	0	.5727861	.2260044	.2012096	0
734.15	0	.5728308	.2259923	.2011769	0
733.15	0	.5728725	.2259827	.2011448	0
732.15	0	.5729135	.2259738	.2011127	0
731.15	0	.5729538	.2259657	.2010805	0
730.15	0	.5729934	.2259584	.2010482	0
729.15	0	.5730323	.2259519	.2010159	0
728.15	0	.5730705	.2259461	.2009835	0
727.15	0	.573108	.225941	.200951	0
726.15	0	.5731448	.2259367	.2009185	0
725.15	0	.573181	.2259332	.2008859	0
724.15	0	.5732164	.2259304	.2008533	0
723.15	0	.5732512	.2259283	.2008205	0
722.15	0	.5732852	.225927	.2007878	0
721.15	0	.5733187	.2259264	.200755	0
720.15	0	.5733514	.2259265	.2007221	0
719.15	0	.5733835	.2259274	.2006892	0
718.15	0	.5734149	.225929	.2006562	0
717.15	0	.5734456	.2259313	.2006231	0
716.15	0	.5734757	.2259343	.20059	0
715.15	0	.5735052	.225938	.2005568	0
714.15	0	.5735339	.2259425	.2005236	0
713.15	0	.5735621	.2259476	.2004903	0
712.15	0	.5735896	.2259534	.200457	0
711.15	0	.5736164	.2259599	.2004236	0
710.15	0	.5736427	.2259671	.2003902	0
709.15	0	.5736683	.225975	.2003567	0
708.15	0	.5736933	.2259836	.2003232	0
707.15	0	.5737176	.2259928	.2002896	0
706.15	0	.5737414	.2260027	.200256	0
705.15	0	.5737645	.2260132	.2002223	0
704.15	0	.5737871	.2260244	.2001885	0
703.15	0	.573809	.2260362	.2001548	0
702.15	0	.5738303	.2260487	.2001209	0
701.15	0	.5738511	.2260619	.2000871	0
700.15	0	.5738713	.2260756	.2000531	0
699.15	0	.5738909	.22609	.2000192	0
698.15	0	.5739099	.226105	.1999852	0
697.15	0	.5739283	.2261206	.1999511	0
696.15	0	.5739462	.2261368	.199917	0
695.15	0	.5739635	.2261536	.1998829	0
694.15	0	.5739803	.226171	.1998487	0
693.15	0	.5739965	.226189	.1998144	0
692.15	0	.5740122	.2262076	.1997802	0
691.15	0	.5740274	.2262268	.1997459	0
690.15	0	.574042	.2262465	.1997115	0
689.15	0	.5740561	.2262668	.1996771	0
688.15	0	.5740696	.2262877	.1996427	0
687.15	0	.5740827	.2263091	.1996082	0
686.15	0	.5740952	.2263311	.1995737	0
685.15	0	.5741072	.2263536	.1995392	0
684.15	0	.5741187	.2263767	.1995046	0
683.15	0	.5741297	.2264003	.19947	0
682.15	0	.5741402	.2264244	.1994354	0
681.15	0	.5741503	.2264491	.1994007	0
680.15	0	.5741598	.2264742	.199366	0
679.15	0	.5741689	.2264999	.1993312	0
678.15	0	.5741775	.2265261	.1992965	0
677.15	0	.5741856	.2265527	.1992617	0
676.15	0	.5741933	.2265799	.1992268	0
675.15	0	.5742005	.2266076	.1991919	0
674.15	0	.5742072	.2266357	.199157	0
673.15	0	.5742135	.2266643	.1991221	0
672.15	0	.5742194	.2266934	.1990872	0
671.15	0	.5742248	.226723	.1990522	0
670.15	0	.5742298	.226753	.1990172	0
669.15	0	.5742344	.2267835	.1989821	0
668.15	0	.5742385	.2268144	.1989471	0
667.15	0	.5742422	.2268458	.198912	0
666.15	0	.5742455	.2268776	.1988769	0
665.15	0	.5742484	.2269099	.1988418	0
664.15	0	.5742508	.2269426	.1988066	0
663.15	0	.5742529	.2269757	.1987714	0
662.15	0	.5742546	.2270092	.1987362	0
661.15	0	.5742559	.2270431	.198701	0
660.15	0	.5742567	.2270775	.1986658	0
659.15	0	.5742572	.2271122	.1986305	0
658.15	0	.5742574	.2271474	.1985953	0
657.15	0	.5742571	.2271829	.19856	0
656.15	0	.5742565	.2272189	.1985247	0
655.15	0	.5742555	.2272552	.1984893	0
654.15	0	.5742541	.2272919	.198454	0
653.15	0	.5742524	.227329	.1984186	0
652.15	0	.5742504	.2273664	.1983833	0
651.15	0	.5742479	.2274042	.1983479	0
650.15	0	.5742452	.2274424	.1983125	0
649.15	0	.5742421	.2274809	.1982771	0
648.15	0	.5742386	.2275198	.1982416	0
647.15	0	.5742348	.227559	.1982062	0
646.15	0	.5742307	.2275985	.1981708	0
645.15	0	.5742263	.2276384	.1981353	0
644.15	0	.5742215	.2276787	.1980998	0
643.15	0	.5742164	.2277192	.1980644	0
642.15	0	.574211	.2277601	.1980289	0
641.15	0	.5742053	.2278013	.1979934	0
640.15	0	.5741993	.2278428	.1979579	0
639.15	0	.574193	.2278846	.1979224	0
638.15	0	.5741864	.2279267	.1978869	0
637.15	0	.5741795	.2279692	.1978514	0
636.15	0	.5741722	.2280119	.1978159	0
635.15	0	.5741648	.2280549	.1977804	0
634.15	0	.574157	.2280982	.1977448	0
633.15	0	.5741489	.2281418	.1977093	0
632.15	0	.5741406	.2281856	.1976738	0
631.15	0	.5741319	.2282298	.1976383	0
630.15	0	.5741231	.2282742	.1976028	0
629.15	0	.5741139	.2283188	.1975673	0
628.15	0	.5741045	.2283638	.1975317	0
627.15	0	.5740948	.228409	.1974962	0
626.15	0	.5740849	.2284544	.1974607	0
625.15	0	.5740747	.2285001	.1974252	0
624.15	0	.5740642	.2285461	.1973897	0
623.15	0	.5740535	.2285922	.1973542	0
622.15	0	.5740426	.2286387	.1973187	0
621.15	0	.5740314	.2286853	.1972832	0
620.15	0	.57402	.2287322	.1972478	0
619.15	0	.5740084	.2287793	.1972123	0
618.15	0	.5739965	.2288267	.1971768	0
617.15	0	.5739844	.2288742	.1971414	0
616.15	0	.573972	.228922	.1971059	0
615.15	0	.5739595	.22897	.1970705	0
614.15	0	.5739467	.2290182	.1970351	0
613.15	0	.5739337	.2290666	.1969997	0
612.15	0	.5739205	.2291152	.1969643	0
611.15	0	.5739071	.229164	.1969289	0
610.15	0	.5738935	.229213	.1968935	0
609.15	0	.5738797	.2292622	.1968582	0
608.15	0	.5738656	.2293115	.1968228	0
607.15	0	.5738514	.2293611	.1967875	0
606.15	0	.573837	.2294108	.1967522	0
605.15	0	.5738224	.2294607	.1967169	0
604.15	0	.5738076	.2295108	.1966817	0
603.15	0	.5737926	.2295611	.1966464	0
602.15	0	.5737774	.2296115	.1966112	0
601.15	0	.573762	.229662	.196576	0
600.15	0	.5737465	.2297128	.1965408	0
599.15	0	.5737308	.2297637	.1965056	0
598.15	0	.5737148	.2298147	.1964704	0
597.15	0	.5736988	.2298659	.1964353	0
596.15	0	.5736826	.2299172	.1964002	0
595.15	0	.5736662	.2299687	.1963651	0
594.15	0	.5736496	.2300203	.1963301	0
593.15	0	.5736329	.2300721	.1962951	0
592.15	0	.573616	.230124	.1962601	0
591.15	0	.5735989	.230176	.1962251	0
590.15	0	.5735817	.2302281	.1961901	0
589.15	0	.5735644	.2302804	.1961552	0
588.15	0	.5735469	.2303328	.1961203	0
587.15	0	.5735292	.2303853	.1960855	0
586.15	0	.5735115	.2304379	.1960507	0
585.15	0	.5734935	.2304906	.1960158	0
584.15	0	.5734754	.2305435	.1959811	0
583.15	0	.5734572	.2305964	.1959464	0
582.15	0	.5734389	.2306495	.1959116	0
581.15	0	.5734204	.2307026	.195877	0
580.15	0	.5734018	.2307559	.1958423	0
579.15	0	.5733831	.2308092	.1958077	0
578.15	0	.5733642	.2308626	.1957732	0
577.15	0	.5733452	.2309162	.1957387	0
576.15	0	.5733261	.2309698	.1957042	0
575.15	0	.5733069	.2310234	.1956697	0
574.15	0	.5732875	.2310772	.1956353	0
573.15	0	.5732681	.2311311	.1956009	0
572.15	0	.5732485	.231185	.1955666	0
571.15	0	.5732288	.231239	.1955323	0
570.15	0	.573209	.231293	.195498	0
569.15	0	.5731891	.2313471	.1954638	0
568.15	0	.5731691	.2314013	.1954296	0
567.15	0	.5731489	.2314556	.1953955	0
566.15	0	.5731287	.2315099	.1953614	0
565.15	0	.5731084	.2315642	.1953274	0
564.15	0	.573088	.2316187	.1952934	0
563.15	0	.5730675	.2316731	.1952594	0
562.15	0	.5730469	.2317276	.1952255	0
561.15	0	.5730262	.2317822	.1951917	0
560.15	0	.5730054	.2318368	.1951578	0
559.15	0	.5729845	.2318914	.1951241	0
558.15	0	.5729635	.2319461	.1950903	0
557.15	0	.5729425	.2320008	.1950567	0
556.15	0	.5729214	.2320556	.1950231	0
555.15	0	.5729002	.2321103	.1949895	0
554.15	0	.5728789	.2321651	.194956	0
553.15	0	.5728575	.23222	.1949225	0
552.15	0	.5728361	.2322748	.1948891	0
551.15	0	.5728146	.2323297	.1948558	0
550.15	0	.572793	.2323846	.1948224	0
549.15	0	.5727713	.2324395	.1947892	0
548.15	0	.5727496	.2324944	.194756	0
547.15	0	.5727278	.2325494	.1947229	0
546.15	0	.5727059	.2326043	.1946898	0
545.15	0	.572684	.2326593	.1946567	0
544.15	0	.572662	.2327142	.1946238	0
543.15	0	.57264	.2327692	.1945909	0
542.15	0	.5726178	.2328241	.194558	0
541.15	0	.5725957	.2328791	.1945252	0
540.15	0	.5725735	.2329341	.1944925	0
539.15	0	.5725512	.232989	.1944598	0
538.15	0	.5725289	.2330439	.1944272	0
537.15	0	.5725065	.2330989	.1943947	0
536.15	0	.5724841	.2331538	.1943622	0
535.15	0	.5724616	.2332087	.1943297	0
534.15	0	.5724391	.2332635	.1942974	0
533.15	0	.5724165	.2333184	.1942651	0
532.15	0	.5723939	.2333733	.1942329	0
531.15	0	.5723712	.2334281	.1942007	0
530.15	0	.5723485	.2334829	.1941686	0
529.15	0	.5723258	.2335376	.1941366	0
528.15	0	.5723031	.2335924	.1941046	0
527.15	0	.5722802	.2336471	.1940727	0
526.15	0	.5722574	.2337017	.1940409	0
525.15	0	.5722345	.2337564	.1940091	0
524.15	0	.5722116	.233811	.1939774	0
523.15	0	.5721887	.2338655	.1939458	0
522.15	0	.5721657	.23392	.1939143	0
521.15	0	.5721427	.2339745	.1938828	0
520.15	0	.5721197	.2340289	.1938514	0
519.15	0	.5720966	.2340833	.19382	0
518.15	0	.5720736	.2341377	.1937888	0
517.15	0	.5720505	.2341919	.1937576	0
516.15	0	.5720274	.2342462	.1937265	0
515.15	0	.5720042	.2343003	.1936955	0
514.15	0	.5719811	.2343545	.1936645	0
513.15	0	.5719579	.2344085	.1936336	0
512.15	0	.5719347	.2344625	.1936028	0
511.15	0	.5719115	.2345164	.1935721	0
510.15	0	.5718883	.2345703	.1935414	0
509.15	0	.571865	.2346241	.1935109	0
508.15	0	.5718418	.2346779	.1934804	0
507.15	0	.5718185	.2347315	.19345	0
506.15	0	.5717952	.2347851	.1934196	0
505.15	0	.571772	.2348387	.1933894	0
504.15	0	.5717487	.2348921	.1933592	0
503.15	0	.5717254	.2349455	.1933291	0
502.15	0	.5717021	.2349988	.1932991	0
501.15	0	.5716788	.235052	.1932692	0
500.15	0	.5716555	.2351052	.1932394	0
499.15	0	.5716322	.2351582	.1932096	0
498.15	0	.5716089	.2352112	.1931799	0
497.15	0	.5715856	.2352641	.1931504	0
496.15	0	.5715623	.2353169	.1931209	0
495.15	0	.571539	.2353696	.1930915	0
494.15	0	.5715157	.2354222	.1930621	0
493.15	0	.5714924	.2354747	.1930329	0
492.15	0	.5714691	.2355272	.1930037	0
491.4572	0	.571453	.2355635	.1929836	0
491.4572	0	.571453	.2355635	.1929836	0
491.4572	0	.571453	.2355635	.1929836	0
491.15	0	.5715286	.2353907	.1928872	1.934628E-04
490.15	0	.5717741	.2348298	.1925738	8.222733E-04
489.15	0	.5720183	.2342708	.1922614	.001449535
488.15	0	.5722611	.2337137	.1919499	.002075299
487.15	0	.5725027	.2331586	.1916392	.002699578
486.15	0	.5727431	.2326052	.1913293	.003322385
485.15	0	.5729823	.2320538	.1910202	.003943733
484.15	0	.5732203	.2315042	.1907119	.004563636
483.15	0	.5734571	.2309564	.1904045	.005182107
482.15	0	.5736927	.2304103	.1900978	.005799158
481.15	0	.5739272	.229866	.189792	.006414803
480.15	0	.5741606	.2293234	.1894869	.007029053
479.15	0	.5743929	.2287826	.1891826	.007641921
478.15	0	.5746241	.2282434	.1888791	.00825342
477.15	0	.5748542	.2277059	.1885763	.008863562
476.15	0	.5750833	.22717	.1882744	.009472358
475.15	0	.5753113	.2266357	.1879732	.01007982
474.15	0	.5755383	.2261031	.1876727	.01068596
473.15	0	.5757642	.225572	.187373	.0112908
472.15	0	.5759892	.2250425	.187074	.01189433
471.15	0	.5762131	.2245145	.1867758	.01249658
470.15	0	.5764361	.223988	.1864783	.01309755
469.15	0	.5766581	.2234631	.1861816	.01369726
468.15	0	.5768792	.2229395	.1858855	.01429572
467.15	0	.5770994	.2224175	.1855902	.01489294
466.15	0	.5773186	.2218969	.1852956	.01548893
465.15	0	.5775369	.2213777	.1850017	.01608369
464.15	0	.5777543	.2208599	.1847085	.01667725
463.15	0	.5779709	.2203435	.184416	.01726961
462.15	0	.5781866	.2198284	.1841242	.01786078
461.15	0	.5784014	.2193147	.1838331	.01845078
460.15	0	.5786154	.2188023	.1835427	.01903961
459.15	0	.5788286	.2182912	.183253	.01962728
458.15	0	.5790409	.2177814	.1829639	.02021381
457.15	0	.5792525	.2172728	.1826755	.0207992
456.15	0	.5794632	.2167655	.1823878	.02138347
455.15	0	.5796732	.2162595	.1821007	.02196662
454.15	0	.5798824	.2157546	.1818143	.02254866
453.15	0	.5800908	.215251	.1815286	.02312961
452.15	0	.5802985	.2147485	.1812435	.02370947
451.15	0	.5805055	.2142472	.180959	.02428826
450.15	0	.5807117	.2137471	.1806752	.02486597
449.15	0	.5809173	.213248	.1803921	.02544265
448.15	0	.5811221	.2127501	.1801095	.02601827
447.15	0	.5813263	.2122532	.1798276	.02659286
446.15	0	.5815299	.2117574	.1795463	.02716642
445.15	0	.5817327	.2112626	.1792657	.02773897
444.15	0	.5819349	.2107689	.1789857	.0283105
443.15	0	.5821365	.2102762	.1787063	.02888105
442.15	0	.5823375	.2097844	.1784275	.0294506
441.15	0	.5825379	.2092936	.1781493	.03001918
440.15	0	.5827377	.2088038	.1778717	.0305868
439.15	0	.5829369	.2083149	.1775948	.03115345
438.15	0	.5831355	.2078269	.1773184	.03171916
437.15	0	.5833336	.2073398	.1770426	.03228392
436.15	0	.5835312	.2068536	.1767675	.03284776
435.15	0	.5837282	.2063682	.1764929	.03341068
434.15	0	.5839247	.2058837	.1762189	.03397269
433.15	0	.5841207	.2054	.1759455	.03453379
432.15	0	.5843162	.2049171	.1756727	.035094
431.15	0	.5845112	.204435	.1754005	.03565332
430.15	0	.5847057	.2039537	.1751289	.03621177
429.15	0	.5848998	.2034731	.1748578	.03676935
428.15	0	.5850934	.2029932	.1745873	.03732606
427.15	0	.5852866	.2025141	.1743174	.03788193
426.15	0	.5854793	.2020357	.174048	.03843695
