T	 BPW(LIQUID)	BPW(BCC_A2)	BPW(FCC_A1)	BPW(LAVES_PHASE_C14)	BPW(NI3TI)
1473.15	.1183749	.8816252	0	0	0
1472.15	.1155869	.8844131	0	0	0
1471.15	.1128211	.8871789	0	0	0
1470.15	.1100773	.8899227	0	0	0
1469.15	.1073552	.8926448	0	0	0
1468.15	.1046547	.8953453	0	0	0
1467.15	.1019756	.8980244	0	0	0
1466.15	.09931771	.9006823	0	0	0
1465.15	.09668088	.9033191	0	0	0
1464.15	.09406494	.9059351	0	0	0
1463.15	.0914697	.9085303	0	0	0
1462.15	.08889499	.911105	0	0	0
1461.15	.08634064	.9136594	0	0	0
1460.15	.08380648	.9161935	0	0	0
1459.15	.08129235	.9187076	0	0	0
1458.15	.07879807	.9212019	0	0	0
1457.15	.07632348	.9236765	0	0	0
1456.15	.07386842	.9261316	0	0	0
1455.15	.07143273	.9285673	0	0	0
1454.15	.06901623	.9309838	0	0	0
1453.15	.06661876	.9333812	0	0	0
1452.15	.06424018	.9357598	0	0	0
1451.15	.06188031	.9381197	0	0	0
1450.15	.05953901	.940461	0	0	0
1449.15	.0572161	.9427839	0	0	0
1448.15	.05491145	.9450886	0	0	0
1447.15	.05262489	.9473751	0	0	0
1446.15	.05035627	.9496437	0	0	0
1445.15	.04810544	.9518946	0	0	0
1444.15	.04587225	.9541278	0	0	0
1443.15	.04365655	.9563434	0	0	0
1442.15	.04145818	.9585418	0	0	0
1441.15	.03927701	.960723	0	0	0
1440.15	.03711288	.9628871	0	0	0
1439.15	.03496566	.9650343	0	0	0
1438.15	.03283519	.9671648	0	0	0
1437.15	.03072133	.9692787	0	0	0
1436.15	.02862395	.971376	0	0	0
1435.15	.0265429	.9734571	0	0	0
1434.15	.02447804	.975522	0	0	0
1433.15	.02242924	.9775708	0	0	0
1432.15	.02039635	.9796037	0	0	0
1431.15	.01837924	.9816208	0	0	0
1430.15	.01637778	.9836222	0	0	0
1429.15	.01439184	.9856082	0	0	0
1428.15	.01242127	.9875787	0	0	0
1427.15	.01046595	.9895341	0	0	0
1426.15	.008525753	.9914743	0	0	0
1425.15	.006600542	.9933995	0	0	0
1424.15	.004690193	.9953098	0	0	0
1423.15	.002794577	.9972054	0	0	0
1422.15	9.135692E-04	.9990864	0	0	0
1421.662	0	1	0	0	0
1421.662	0	1	0	0	0
1421.15	0	1	0	0	0
1420.15	0	1	0	0	0
1419.15	0	1	0	0	0
1418.15	0	1	0	0	0
1417.587	0	1	0	0	0
1417.587	0	1	0	0	0
1417.587	0	1	0	0	0
1417.15	0	.9996647	0	3.353122E-04	0
1416.15	0	.9988989	0	.001101113	0
1415.15	0	.9981349	0	.001865073	0
1414.15	0	.9973728	0	.002627199	0
1413.15	0	.9966125	0	.003387496	0
1412.15	0	.995854	0	.004145971	0
1411.15	0	.9950974	0	.00490263	0
1410.15	0	.9943425	0	.00565748	0
1409.15	0	.9935895	0	.006410527	0
1408.15	0	.9928382	0	.007161776	0
1407.15	0	.9920888	0	.007911235	0
1406.15	0	.9913411	0	.008658908	0
1405.15	0	.9905952	0	.009404803	0
1404.15	0	.9898511	0	.01014892	0
1403.15	0	.9891087	0	.01089128	0
1402.15	0	.9883681	0	.01163187	0
1401.15	0	.9876293	0	.01237071	0
1400.15	0	.9868922	0	.01310781	0
1399.15	0	.9861569	0	.01384315	0
1398.15	0	.9854232	0	.01457676	0
1397.15	0	.9846914	0	.01530864	0
1396.15	0	.9839612	0	.0160388	0
1395.15	0	.9832328	0	.01676723	0
1394.15	0	.9825061	0	.01749395	0
1393.15	0	.981781	0	.01821897	0
1392.15	0	.9810577	0	.01894228	0
1391.15	0	.9803361	0	.01966389	0
1390.15	0	.9796162	0	.02038381	0
1389.15	0	.978898	0	.02110205	0
1388.15	0	.9781814	0	.02181861	0
1387.15	0	.9774665	0	.02253349	0
1386.15	0	.9767533	0	.0232467	0
1385.15	0	.9760417	0	.02395826	0
1384.15	0	.9753319	0	.02466815	0
1383.15	0	.9746236	0	.02537639	0
1382.15	0	.973917	0	.02608299	0
1381.15	0	.9732121	0	.02678794	0
1380.15	0	.9725087	0	.02749126	0
1379.15	0	.9718071	0	.02819295	0
1378.15	0	.971107	0	.02889301	0
1377.15	0	.9704086	0	.02959145	0
1376.15	0	.9697117	0	.03028828	0
1375.15	0	.9690165	0	.0309835	0
1374.15	0	.9683229	0	.03167711	0
1373.15	0	.9676309	0	.03236913	0
1372.15	0	.9669405	0	.03305955	0
1371.15	0	.9662516	0	.03374839	0
1370.15	0	.9655644	0	.03443564	0
1369.15	0	.9648787	0	.03512131	0
1368.15	0	.9641946	0	.03580541	0
1367.15	0	.963512	0	.03648795	0
1366.15	0	.9628311	0	.03716892	0
1365.15	0	.9621517	0	.03784833	0
1364.15	0	.9614738	0	.03852619	0
1363.15	0	.9607975	0	.0392025	0
1362.15	0	.9601227	0	.03987727	0
1361.15	0	.9594495	0	.0405505	0
1360.15	0	.9587778	0	.04122219	0
1359.15	0	.9581076	0	.04189236	0
1358.15	0	.957439	0	.04256101	0
1357.15	0	.9567719	0	.04322814	0
1356.15	0	.9561063	0	.04389375	0
1355.15	0	.9554421	0	.04455786	0
1354.15	0	.9547795	0	.04522046	0
1353.15	0	.9541184	0	.04588156	0
1352.15	0	.9534588	0	.04654117	0
1351.15	0	.9528007	0	.04719929	0
1350.15	0	.9521441	0	.04785593	0
1349.15	0	.9514889	0	.04851108	0
1348.15	0	.9508352	0	.04916476	0
1347.15	0	.950183	0	.04981696	0
1346.15	0	.9495323	0	.05046771	0
1345.15	0	.948883	0	.05111698	0
1344.15	0	.9482352	0	.05176481	0
1343.15	0	.9475888	0	.05241117	0
1342.15	0	.9469439	0	.0530561	0
1341.15	0	.9463004	0	.05369957	0
1340.15	0	.9456584	0	.05434161	0
1339.15	0	.9450178	0	.05498222	0
1338.15	0	.9443786	0	.05562139	0
1337.15	0	.9437409	0	.05625914	0
1336.15	0	.9431045	0	.05689546	0
1335.15	0	.9424696	0	.05753037	0
1334.15	0	.9418361	0	.05816387	0
1333.15	0	.941204	0	.05879596	0
1332.15	0	.9405734	0	.05942664	0
1331.15	0	.9399441	0	.06005593	0
1330.15	0	.9393162	0	.06068382	0
1329.15	0	.9386897	0	.06131031	0
1328.15	0	.9380646	0	.06193543	0
1327.15	0	.9374408	0	.06255916	0
1326.15	0	.9368185	0	.0631815	0
1325.15	0	.9361975	0	.06380248	0
1324.15	0	.9355779	0	.06442209	0
1323.15	0	.9349597	0	.06504033	0
1322.15	0	.9343428	0	.06565721	0
1321.15	0	.9337273	0	.06627273	0
1320.15	0	.9331131	0	.0668869	0
1319.15	0	.9325003	0	.06749972	0
1318.15	0	.9318888	0	.06811119	0
1317.15	0	.9312787	0	.06872132	0
1316.15	0	.9306699	0	.06933011	0
1315.15	0	.9300624	0	.06993758	0
1314.15	0	.9294563	0	.07054371	0
1313.15	0	.9288515	0	.07114851	0
1312.15	0	.928248	0	.071752	0
1311.15	0	.9276458	0	.07235417	0
1310.15	0	.927045	0	.07295502	0
1309.15	0	.9264454	0	.07355457	0
1308.15	0	.9258472	0	.07415281	0
1307.15	0	.9252503	0	.07474974	0
1306.15	0	.9246546	0	.07534538	0
1305.15	0	.9240603	0	.07593973	0
1304.15	0	.9234672	0	.07653278	0
1303.15	0	.9228755	0	.07712455	0
1302.15	0	.922285	0	.07771503	0
1301.15	0	.9216958	0	.07830424	0
1300.15	0	.9211078	0	.07889217	0
1299.15	0	.9205212	0	.07947883	0
1298.15	0	.9199358	0	.08006422	0
1297.15	0	.9193516	0	.08064835	0
1296.15	0	.9187688	0	.08123122	0
1295.15	0	.9181872	0	.08181283	0
1294.15	0	.9176068	0	.08239318	0
1293.15	0	.9170277	0	.08297229	0
1292.15	0	.9164499	0	.08355015	0
1291.15	0	.9158732	0	.08412677	0
1290.15	0	.9152978	0	.08470216	0
1289.15	0	.9147237	0	.0852763	0
1288.15	0	.9141508	0	.08584922	0
1287.15	0	.9135791	0	.0864209	0
1286.15	0	.9130086	0	.08699136	0
1285.15	0	.9124394	0	.0875606	0
1284.15	0	.9118714	0	.08812863	0
1283.15	0	.9113046	0	.08869544	0
1282.15	0	.910739	0	.08926103	0
1281.15	0	.9101746	0	.08982543	0
1280.15	0	.9096114	0	.09038861	0
1279.15	0	.9090494	0	.0909506	0
1278.15	0	.9084886	0	.09151139	0
1277.15	0	.907929	0	.09207099	0
1276.15	0	.9073706	0	.09262939	0
1275.15	0	.9068134	0	.09318661	0
1274.15	0	.9062573	0	.09374265	0
1273.15	0	.9057025	0	.09429751	0
1272.15	0	.9051488	0	.09485119	0
1271.15	0	.9045963	0	.09540369	0
1270.15	0	.904045	0	.09595503	0
1269.15	0	.9034948	0	.0965052	0
1268.15	0	.9029458	0	.0970542	0
1267.15	0	.902398	0	.09760205	0
1266.15	0	.9018513	0	.09814873	0
1265.15	0	.9013057	0	.09869427	0
1264.15	0	.9007614	0	.09923865	0
1263.15	0	.9002181	0	.09978188	0
1262.15	0	.899676	0	.100324	0
1261.15	0	.8991351	0	.1008649	0
1260.15	0	.8985953	0	.1014047	0
1259.15	0	.8980566	0	.1019434	0
1258.15	0	.8975191	0	.102481	0
1257.15	0	.8969826	0	.1030174	0
1256.15	0	.8964474	0	.1035527	0
1255.15	0	.8959132	0	.1040868	0
1254.15	0	.8953801	0	.1046199	0
1253.15	0	.8948482	0	.1051518	0
1252.15	0	.8943174	0	.1056826	0
1251.15	0	.8937877	0	.1062123	0
1250.15	0	.8932591	0	.1067409	0
1249.15	0	.8927316	0	.1072684	0
1248.15	0	.8922052	0	.1077948	0
1247.15	0	.8916799	0	.1083201	0
1246.15	0	.8911557	0	.1088443	0
1245.15	0	.8906326	0	.1093674	0
1244.15	0	.8901106	0	.1098894	0
1243.15	0	.8895897	0	.1104103	0
1242.15	0	.8890698	0	.1109302	0
1241.15	0	.8885511	0	.1114489	0
1240.15	0	.8880334	0	.1119666	0
1239.15	0	.8875168	0	.1124832	0
1238.15	0	.8870013	0	.1129987	0
1237.15	0	.8864868	0	.1135132	0
1236.15	0	.8859734	0	.1140266	0
1235.15	0	.8854611	0	.1145389	0
1234.15	0	.8849498	0	.1150502	0
1233.15	0	.8844396	0	.1155604	0
1232.15	0	.8839304	0	.1160696	0
1231.15	0	.8834223	0	.1165777	0
1230.15	0	.8829153	0	.1170847	0
1229.15	0	.8824093	0	.1175907	0
1228.15	0	.8819043	0	.1180957	0
1227.15	0	.8814004	0	.1185996	0
1226.15	0	.8808975	0	.1191025	0
1225.15	0	.8803957	0	.1196043	0
1224.15	0	.8798949	0	.1201051	0
1223.15	0	.8793951	0	.1206049	0
1222.15	0	.8788963	0	.1211037	0
1221.15	0	.8783986	0	.1216014	0
1220.15	0	.8779019	0	.1220981	0
1219.15	0	.8774062	0	.1225938	0
1218.15	0	.8769116	0	.1230884	0
1217.15	0	.8764179	0	.1235821	0
1216.15	0	.8759253	0	.1240747	0
1215.15	0	.8754337	0	.1245663	0
1214.15	0	.8749431	0	.1250569	0
1213.15	0	.8744535	0	.1255465	0
1212.15	0	.8739649	0	.1260351	0
1211.15	0	.8734773	0	.1265227	0
1210.15	0	.8729907	0	.1270093	0
1209.15	0	.8725051	0	.1274949	0
1208.15	0	.8720204	0	.1279796	0
1207.15	0	.8715368	0	.1284632	0
1206.15	0	.8710542	0	.1289458	0
1205.15	0	.8705725	0	.1294275	0
1204.15	0	.8700919	0	.1299082	0
1203.15	0	.8696122	0	.1303878	0
1202.15	0	.8691335	0	.1308665	0
1201.15	0	.8686557	0	.1313443	0
1200.15	0	.868179	0	.131821	0
1199.15	0	.8677032	0	.1322968	0
1198.15	0	.8672284	0	.1327716	0
1197.15	0	.8667545	0	.1332455	0
1196.15	0	.8662816	0	.1337184	0
1195.15	0	.8658097	0	.1341903	0
1194.15	0	.8653387	0	.1346613	0
1193.15	0	.8648687	0	.1351313	0
1192.15	0	.8643996	0	.1356004	0
1191.15	0	.8639315	0	.1360685	0
1190.15	0	.8634644	0	.1365356	0
1189.15	0	.8629982	0	.1370018	0
1188.15	0	.8625329	0	.1374671	0
1187.15	0	.8620686	0	.1379314	0
1186.15	0	.8616052	0	.1383948	0
1185.15	0	.8611428	0	.1388572	0
1184.15	0	.8606813	0	.1393187	0
1183.15	0	.8602207	0	.1397793	0
1182.15	0	.8597611	0	.1402389	0
1181.15	0	.8593023	0	.1406977	0
1180.15	0	.8588446	0	.1411554	0
1179.15	0	.8583877	0	.1416123	0
1178.15	0	.8579318	0	.1420682	0
1177.15	0	.8574768	0	.1425232	0
1176.15	0	.8570227	0	.1429773	0
1175.15	0	.8565695	0	.1434305	0
1174.15	0	.8561173	0	.1438828	0
1173.15	0	.8556659	0	.1443341	0
1172.15	0	.8552155	0	.1447845	0
1171.15	0	.8547659	0	.1452341	0
1170.15	0	.8543173	0	.1456827	0
1169.15	0	.8538696	0	.1461304	0
1168.15	0	.8534228	0	.1465772	0
1167.15	0	.8529769	0	.1470231	0
1166.15	0	.8525318	0	.1474682	0
1165.15	0	.8520877	0	.1479123	0
1164.15	0	.8516445	0	.1483555	0
1163.15	0	.8512021	0	.1487979	0
1162.15	0	.8507607	0	.1492393	0
1161.15	0	.8503201	0	.1496799	0
1160.15	0	.8498805	0	.1501195	0
1159.15	0	.8494417	0	.1505583	0
1158.15	0	.8490038	0	.1509962	0
1157.15	0	.8485667	0	.1514333	0
1156.15	0	.8481306	0	.1518694	0
1155.15	0	.8476953	0	.1523047	0
1154.15	0	.8472609	0	.1527391	0
1153.15	0	.8468274	0	.1531727	0
1152.15	0	.8463947	0	.1536053	0
1151.15	0	.8459629	0	.1540371	0
1150.15	0	.845532	0	.154468	0
1149.15	0	.8451019	0	.1548981	0
1148.15	0	.8446727	0	.1553273	0
1147.15	0	.8442444	0	.1557556	0
1146.15	0	.8438169	0	.1561831	0
1145.15	0	.8433903	0	.1566097	0
1144.15	0	.8429645	0	.1570355	0
1143.15	0	.8425396	0	.1574604	0
1142.15	0	.8421155	0	.1578845	0
1141.15	0	.8416923	0	.1583077	0
1140.15	0	.8412699	0	.1587301	0
1139.15	0	.8408484	0	.1591516	0
1138.15	0	.8404277	0	.1595723	0
1137.15	0	.8400079	0	.1599921	0
1136.15	0	.8395889	0	.1604111	0
1135.15	0	.8391707	0	.1608293	0
1134.15	0	.8387534	0	.1612466	0
1133.15	0	.8383369	0	.1616631	0
1132.15	0	.8379212	0	.1620788	0
1131.15	0	.8375064	0	.1624936	0
1130.15	0	.8370924	0	.1629076	0
1129.15	0	.8366793	0	.1633208	0
1128.15	0	.8362669	0	.1637331	0
1127.15	0	.8358554	0	.1641446	0
1126.15	0	.8354447	0	.1645553	0
1125.15	0	.8350348	0	.1649652	0
1124.15	0	.8346258	0	.1653743	0
1123.15	0	.8342175	0	.1657825	0
1122.15	0	.8338101	0	.1661899	0
1121.15	0	.8334035	0	.1665965	0
1120.15	0	.8329977	0	.1670023	0
1119.15	0	.8325927	0	.1674073	0
1118.15	0	.8321885	0	.1678115	0
1117.15	0	.8317851	0	.1682149	0
1116.15	0	.8313826	0	.1686174	0
1115.15	0	.8309808	0	.1690192	0
1114.15	0	.8305798	0	.1694202	0
1113.15	0	.8301797	0	.1698203	0
1112.15	0	.8297803	0	.1702197	0
1111.15	0	.8293817	0	.1706183	0
1110.15	0	.828984	0	.171016	0
1109.15	0	.828587	0	.171413	0
1108.15	0	.8281908	0	.1718092	0
1107.15	0	.8277954	0	.1722046	0
1106.15	0	.8274008	0	.1725992	0
1105.15	0	.827007	0	.172993	0
1104.15	0	.826614	0	.173386	0
1103.15	0	.8262217	0	.1737783	0
1102.15	0	.8258303	0	.1741697	0
1101.15	0	.8254396	0	.1745604	0
1100.15	0	.8250497	0	.1749503	0
1099.15	0	.8246606	0	.1753394	0
1098.15	0	.8242722	0	.1757278	0
1097.15	0	.8238847	0	.1761153	0
1096.15	0	.8234979	0	.1765021	0
1095.15	0	.8231118	0	.1768882	0
1094.15	0	.8227266	0	.1772734	0
1093.15	0	.8223421	0	.1776579	0
1092.15	0	.8219584	0	.1780416	0
1091.15	0	.8215754	0	.1784246	0
1090.15	0	.8211933	0	.1788067	0
1089.15	0	.8208119	0	.1791881	0
1088.15	0	.8204312	0	.1795688	0
1087.15	0	.8200513	0	.1799487	0
1086.15	0	.8196722	0	.1803278	0
1085.15	0	.8192938	0	.1807062	0
1084.15	0	.8189162	0	.1810838	0
1083.15	0	.8185393	0	.1814607	0
1082.15	0	.8181632	0	.1818368	0
1081.15	0	.8177879	0	.1822122	0
1080.15	0	.8174132	0	.1825868	0
1079.15	0	.8170394	0	.1829606	0
1078.15	0	.8166663	0	.1833337	0
1077.15	0	.8162939	0	.1837061	0
1076.15	0	.8159223	0	.1840777	0
1075.15	0	.8155514	0	.1844486	0
1074.15	0	.8151813	0	.1848187	0
1073.15	0	.8148119	0	.1851881	0
1072.15	0	.8144433	0	.1855567	0
1071.15	0	.8140754	0	.1859246	0
1070.15	0	.8137082	0	.1862918	0
1069.15	0	.8133418	0	.1866583	0
1068.15	0	.8129761	0	.187024	0
1067.15	0	.8126111	0	.1873889	0
1066.15	0	.8122469	0	.1877532	0
1065.15	0	.8118834	0	.1881166	0
1064.15	0	.8115206	0	.1884794	0
1063.15	0	.8111585	0	.1888415	0
1062.15	0	.8107972	0	.1892028	0
1061.15	0	.8104366	0	.1895634	0
1060.15	0	.8100768	0	.1899232	0
1059.15	0	.8097176	0	.1902824	0
1058.15	0	.8093592	0	.1906408	0
1057.15	0	.8090015	0	.1909985	0
1056.15	0	.8086445	0	.1913555	0
1055.15	0	.8082883	0	.1917117	0
1054.15	0	.8079327	0	.1920673	0
1053.15	0	.8075779	0	.1924221	0
1052.15	0	.8072238	0	.1927762	0
1051.15	0	.8068704	0	.1931296	0
1050.15	0	.8065177	0	.1934823	0
1049.15	0	.8061657	0	.1938343	0
1048.15	0	.8058145	0	.1941855	0
1047.15	0	.8054639	0	.1945361	0
1046.15	0	.8051141	0	.1948859	0
1045.15	0	.8047649	0	.1952351	0
1044.15	0	.8044165	0	.1955835	0
1043.15	0	.8040688	0	.1959312	0
1042.15	0	.8037217	0	.1962783	0
1041.15	0	.8033754	0	.1966246	0
1040.15	0	.8030298	0	.1969702	0
1039.15	0	.8026849	0	.1973151	0
1038.15	0	.8023407	0	.1976594	0
1037.15	0	.8019971	0	.1980029	0
1036.15	0	.8016543	0	.1983457	0
1035.15	0	.8013122	0	.1986878	0
1034.15	0	.8009707	0	.1990293	0
1033.15	0	.80063	0	.19937	0
1032.15	0	.8002899	0	.1997101	0
1031.15	0	.7999506	0	.2000494	0
1030.15	0	.7996119	0	.2003881	0
1029.15	0	.7992739	0	.2007261	0
1028.15	0	.7989366	0	.2010634	0
1027.15	0	.7986	0	.2014	0
1026.15	0	.7982641	0	.2017359	0
1025.15	0	.7979289	0	.2020712	0
1024.15	0	.7975943	0	.2024057	0
1023.15	0	.7972604	0	.2027396	0
1022.15	0	.7969272	0	.2030728	0
1021.15	0	.7965947	0	.2034053	0
1020.15	0	.7962629	0	.2037371	0
1019.15	0	.7959318	0	.2040682	0
1018.15	0	.7956013	0	.2043987	0
1017.15	0	.7952715	0	.2047285	0
1016.15	0	.7949424	0	.2050576	0
1015.15	0	.7946139	0	.2053861	0
1014.15	0	.7942862	0	.2057138	0
1013.15	0	.7939591	0	.2060409	0
1012.15	0	.7936327	0	.2063674	0
1011.15	0	.7933069	0	.2066931	0
1010.15	0	.7929818	0	.2070182	0
1009.15	0	.7926574	0	.2073426	0
1008.15	0	.7923337	0	.2076663	0
1007.15	0	.7920106	0	.2079894	0
1006.15	0	.7916882	0	.2083118	0
1005.15	0	.7913664	0	.2086336	0
1004.15	0	.7910453	0	.2089547	0
1003.15	0	.7907249	0	.2092751	0
1002.15	0	.7904052	0	.2095948	0
1001.15	0	.7900861	0	.2099139	0
1000.15	0	.7897677	0	.2102323	0
999.15	0	.7894499	0	.2105501	0
998.15	0	.7891328	0	.2108672	0
997.15	0	.7888163	0	.2111837	0
996.15	0	.7885005	0	.2114995	0
995.15	0	.7881854	0	.2118146	0
994.15	0	.7878709	0	.2121291	0
993.15	0	.7875571	0	.2124429	0
992.15	0	.7872439	0	.2127561	0
991.15	0	.7869314	0	.2130686	0
990.15	0	.7866195	0	.2133805	0
989.15	0	.7863083	0	.2136917	0
988.15	0	.7859977	0	.2140023	0
987.15	0	.7856878	0	.2143122	0
986.15	0	.7853785	0	.2146215	0
985.15	0	.7850699	0	.2149301	0
984.15	0	.7847619	0	.2152381	0
983.15	0	.7844546	0	.2155454	0
982.15	0	.7841479	0	.2158521	0
982.0417	0	.7841148	0	.2158852	0
982.0417	0	.7841148	0	.2158852	0
982.0417	0	.7841148	0	.2158852	0
981.15	0	.7833409	5.515512E-04	.2161076	0
980.15	0	.7824751	.001168727	.2163562	0
979.15	0	.7816116	.001784472	.216604	0
978.15	0	.7807503	.002398792	.2168509	0
977.15	0	.7798913	.003011691	.217097	0
976.15	0	.7790345	.003623177	.2173423	0
975.15	0	.7781799	.004233255	.2175868	0
974.15	0	.7773276	.00484193	.2178305	0
973.15	0	.7764775	.00544921	.2180733	0
972.15	0	.7756296	.006055101	.2183153	0
971.15	0	.7747839	.006659609	.2185565	0
970.15	0	.7739405	.00726274	.2187968	0
969.15	0	.7730992	.007864502	.2190363	0
968.15	0	.7722601	.008464901	.219275	0
967.15	0	.7714232	.009063945	.2195128	0
966.15	0	.7705885	.009661639	.2197498	0
965.15	0	.769756	.01025799	.219986	0
964.15	0	.7689257	.01085301	.2202213	0
963.15	0	.7680975	.0114467	.2204558	0
962.15	0	.7672715	.01203908	.2206894	0
961.15	0	.7664476	.01263014	.2209222	0
960.15	0	.7656259	.0132199	.2211542	0
959.15	0	.7648064	.01380837	.2213852	0
958.15	0	.763989	.01439555	.2216155	0
957.15	0	.7631737	.01498145	.2218449	0
956.15	0	.7623605	.01556608	.2220734	0
955.15	0	.7615495	.01614946	.2223011	0
954.15	0	.7607405	.01673158	.2225279	0
953.15	0	.7599337	.01731246	.2227539	0
952.15	0	.759129	.01789211	.222979	0
951.15	0	.7583263	.01847053	.2232032	0
950.15	0	.7575257	.01904774	.2234265	0
949.15	0	.7567272	.01962375	.223649	0
948.15	0	.7559308	.02019857	.2238706	0
947.15	0	.7551365	.02077221	.2240913	0
946.15	0	.7543441	.02134467	.2243112	0
945.15	0	.7535539	.02191597	.2245302	0
944.15	0	.7527656	.02248613	.2247482	0
943.15	0	.7519794	.02305514	.2249654	0
942.15	0	.7511952	.02362303	.2251817	0
941.15	0	.750413	.02418981	.2253972	0
940.15	0	.7496328	.02475549	.2256117	0
939.15	0	.7488546	.02532007	.2258253	0
938.15	0	.7480784	.02588358	.226038	0
937.15	0	.7473042	.02644602	.2262498	0
936.15	0	.7465319	.02700741	.2264607	0
935.15	0	.7457615	.02756777	.2266707	0
934.15	0	.7449931	.0281271	.2268798	0
933.15	0	.7442267	.02868543	.2270879	0
932.15	0	.7434621	.02924276	.2272951	0
931.15	0	.7426995	.0297991	.2275014	0
930.15	0	.7419387	.03035449	.2277068	0
929.15	0	.7411798	.03090892	.2279112	0
928.15	0	.7404229	.03146242	.2281147	0
927.15	0	.7396677	.032015	.2283173	0
926.15	0	.7389144	.03256668	.2285189	0
925.15	0	.738163	.03311747	.2287196	0
924.15	0	.7374134	.0336674	.2289193	0
923.15	0	.7366655	.03421647	.229118	0
922.15	0	.7359195	.03476471	.2293158	0
921.15	0	.7351753	.03531214	.2295126	0
920.15	0	.7344328	.03585877	.2297084	0
919.15	0	.7336921	.03640463	.2299033	0
918.15	0	.7329531	.03694973	.2300972	0
917.15	0	.7322158	.03749409	.2302901	0
916.15	0	.7314803	.03803773	.230482	0
915.15	0	.7307464	.03858067	.2306729	0
914.15	0	.7300143	.03912294	.2308628	0
913.15	0	.7292838	.03966456	.2310517	0
912.15	0	.7285549	.04020554	.2312396	0
911.15	0	.7278276	.04074592	.2314265	0
910.15	0	.727102	.0412857	.2316123	0
909.15	0	.726378	.04182493	.2317971	0
908.15	0	.7256555	.04236362	.2319809	0
907.15	0	.7249346	.04290179	.2321636	0
906.15	0	.7242152	.04343947	.2323453	0
905.15	0	.7234973	.04397669	.232526	0
904.15	0	.722781	.04451347	.2327056	0
903.15	0	.7220661	.04504984	.2328841	0
902.15	0	.7213527	.04558583	.2330615	0
901.15	0	.7206407	.04612147	.2332379	0
900.15	0	.7199301	.04665677	.2334132	0
899.15	0	.7192209	.04719178	.2335873	0
898.15	0	.718513	.04772652	.2337604	0
897.15	0	.7178066	.04826103	.2339324	0
896.15	0	.7171014	.04879533	.2341033	0
895.15	0	.7163975	.04932946	.234273	0
894.15	0	.7156949	.04986344	.2344417	0
893.15	0	.7149935	.05039732	.2346091	0
892.15	0	.7142934	.05093113	.2347755	0
891.15	0	.7135945	.05146489	.2349407	0
890.15	0	.7128967	.05199865	.2351047	0
889.15	0	.7122	.05253245	.2352675	0
888.15	0	.7115045	.05306632	.2354292	0
887.15	0	.71081	.0536003	.2355897	0
886.15	0	.7101166	.05413442	.235749	0
885.15	0	.7094242	.05466873	.235907	0
884.15	0	.7087328	.05520328	.2360639	0
883.15	0	.7080424	.05573809	.2362196	0
882.15	0	.7073528	.05627321	.236374	0
881.15	0	.7066642	.0568087	.2365271	0
880.15	0	.7059764	.05734458	.236679	0
879.15	0	.7052894	.05788091	.2368297	0
878.15	0	.7046032	.05841774	.236979	0
877.15	0	.7039178	.05895511	.2371271	0
876.15	0	.7032331	.05949307	.2372739	0
875.15	0	.702549	.06003168	.2374193	0
874.15	0	.7018656	.06057098	.2375635	0
873.15	0	.7011827	.06111103	.2377063	0
872.15	0	.7005004	.06165187	.2378477	0
871.15	0	.6998186	.06219358	.2379878	0
870.15	0	.6991372	.0627362	.2381266	0
869.15	0	.6984563	.06327979	.2382639	0
868.15	0	.6977758	.06382441	.2383998	0
867.15	0	.6970955	.06437013	.2385344	0
866.15	0	.6964155	.06491701	.2386675	0
865.15	0	.6957358	.0654651	.2387991	0
864.15	0	.6950562	.06601449	.2389293	0
863.15	0	.6943768	.06656524	.239058	0
862.15	0	.6936974	.06711741	.2391852	0
861.15	0	.693018	.06767108	.2393109	0
860.15	0	.6923386	.06822632	.2394351	0
859.15	0	.691659	.06878321	.2395578	0
858.15	0	.6909793	.06934183	.2396789	0
857.15	0	.6902994	.06990226	.2397984	0
856.15	0	.6896191	.07046459	.2399163	0
855.15	0	.6889385	.07102888	.2400326	0
854.15	0	.6882575	.07159525	.2401472	0
853.15	0	.687576	.07216377	.2402602	0
852.15	0	.6868939	.07273454	.2403716	0
851.15	0	.6862112	.07330766	.2404812	0
850.15	0	.6855277	.07388322	.2405891	0
849.15	0	.6848435	.07446133	.2406952	0
848.15	0	.6841583	.07504209	.2407996	0
847.15	0	.6834722	.07562562	.2409022	0
846.15	0	.6827851	.07621203	.2410029	0
845.15	0	.6820968	.07680143	.2411018	0
844.15	0	.6814072	.07739394	.2411988	0
843.15	0	.6807164	.0779897	.2412939	0
842.15	0	.6800241	.07858883	.2413871	0
841.15	0	.6793302	.07919147	.2414783	0
840.15	0	.6786348	.07979775	.2415675	0
839.15	0	.6779375	.08040782	.2416547	0
838.15	0	.6772384	.08102184	.2417398	0
837.15	0	.6765373	.08163995	.2418228	0
836.15	0	.6758341	.08226233	.2419036	0
835.15	0	.6751286	.08288914	.2419823	0
834.15	0	.6744208	.08352056	.2420587	0
833.15	0	.6737104	.08415677	.2421329	0
832.15	0	.6729973	.08479797	.2422047	0
831.15	0	.6722814	.08544435	.2422742	0
830.15	0	.6715626	.08609613	.2423413	0
829.15	0	.6708405	.08675353	.2424059	0
828.15	0	.6701152	.08741678	.2424681	0
827.15	0	.6693863	.08808611	.2425276	0
826.15	0	.6686537	.08876178	.2425846	0
825.15	0	.6679171	.08944407	.2426388	0
824.15	0	.6671765	.09013324	.2426903	0
823.15	0	.6664315	.09082959	.242739	0
822.15	0	.6656818	.09153343	.2427847	0
821.15	0	.6649274	.0922451	.2428276	0
820.15	0	.6641678	.09296492	.2428673	0
819.15	0	.6634028	.09369329	.2429039	0
818.15	0	.6626321	.09443057	.2429373	0
817.15	0	.6618554	.09517718	.2429674	0
816.15	0	.6610724	.09593356	.2429941	0
815.15	0	.6602826	.09670017	.2430172	0
814.15	0	.6594858	.09747752	.2430367	0
813.15	0	.6586814	.09826613	.2430524	0
812.15	0	.6578692	.09906657	.2430643	0
811.15	0	.6570485	.09987944	.2430721	0
810.15	0	.6562189	.1007054	.2430757	0
809.15	0	.6553799	.1015452	.2430749	0
808.15	0	.6545309	.1023995	.2430697	0
807.15	0	.6536712	.1032691	.2430597	0
806.15	0	.6528001	.1041551	.2430448	0
805.15	0	.651917	.1050582	.2430248	0
804.15	0	.651021	.1059797	.2429994	0
803.15	0	.6501111	.1069205	.2429683	0
802.15	0	.6491866	.1078821	.2429314	0
801.15	0	.6482461	.1088657	.2428882	0
800.15	0	.6472887	.1098729	.2428383	0
799.15	0	.646313	.1109055	.2427816	0
798.15	0	.6453174	.1119652	.2427173	0
797.15	0	.6443004	.1130543	.2426453	0
796.15	0	.6431199	.1143466	.2425335	0
795.15	0	.6413247	.1163958	.2422795	0
794.15	0	.6396233	.1183369	.2420398	0
793.15	0	.6380068	.12018	.2418132	0
792.15	0	.6364679	.1219337	.2415984	0
791.15	0	.635	.1236055	.2413944	0
790.15	0	.6335974	.1252023	.2412004	0
789.15	0	.632256	.126729	.2410151	0
788.15	0	.630969	.1281925	.2408385	0
787.15	0	.6297337	.1295967	.2406696	0
786.15	0	.6285463	.1309458	.2405079	0
785.15	0	.6274036	.1322435	.2403529	0
784.15	0	.6263028	.1334933	.240204	0
783.15	0	.625241	.1346981	.2400608	0
782.15	0	.6242161	.1358609	.239923	0
781.15	0	.6232256	.1369842	.2397903	0
780.15	0	.6222676	.1380702	.2396622	0
779.15	0	.6213403	.1391212	.2395385	0
778.15	0	.6204419	.1401391	.239419	0
777.15	0	.6195709	.1411257	.2393033	0
776.15	0	.6187259	.1420827	.2391913	0
775.15	0	.6179055	.1430117	.2390828	0
774.15	0	.6171085	.143914	.2389775	0
773.15	0	.6163338	.1447909	.2388753	0
772.15	0	.6155801	.1456438	.238776	0
771.15	0	.6148467	.1464738	.2386795	0
770.15	0	.6141325	.147282	.2385855	0
769.15	0	.6134367	.1480692	.2384941	0
768.15	0	.6127584	.1488366	.238405	0
767.15	0	.612097	.149585	.2383181	0
766.15	0	.6114516	.1503151	.2382333	0
765.15	0	.6108216	.1510278	.2381506	0
764.15	0	.6102064	.1517238	.2380698	0
763.15	0	.6096054	.1524038	.2379908	0
762.15	0	.609018	.1530685	.2379136	0
761.15	0	.6084437	.1537184	.237838	0
760.15	0	.6078819	.1543541	.237764	0
759.15	0	.6073323	.1549762	.2376916	0
758.15	0	.6067943	.1555852	.2376205	0
757.15	0	.6062675	.1561816	.2375509	0
756.15	0	.6057516	.1567658	.2374826	0
755.15	0	.605246	.1573384	.2374156	0
754.15	0	.6047506	.1578996	.2373498	0
753.15	0	.6042649	.15845	.2372851	0
752.15	0	.6037885	.1589899	.2372216	0
751.15	0	.6033213	.1595196	.2371591	0
750.15	0	.6028628	.1600396	.2370976	0
749.15	0	.6024128	.16055	.2370372	0
748.15	0	.601971	.1610514	.2369777	0
747.15	0	.6015371	.1615438	.236919	0
746.15	0	.601111	.1620277	.2368613	0
745.15	0	.6006923	.1625033	.2368044	0
744.15	0	.6002808	.1629709	.2367482	0
743.15	0	.5998764	.1634307	.2366929	0
742.15	0	.5994787	.163883	.2366383	0
741.15	0	.5990877	.1643279	.2365844	0
740.15	0	.598703	.1647658	.2365312	0
739.15	0	.5983246	.1651968	.2364787	0
738.15	0	.5979522	.1656211	.2364267	0
737.15	0	.5975856	.1660389	.2363754	0
736.15	0	.5972248	.1664505	.2363247	0
735.15	0	.5968695	.1668559	.2362746	0
734.15	0	.5965196	.1672554	.236225	0
733.15	0	.596175	.1676492	.2361759	0
732.15	0	.5958354	.1680373	.2361273	0
731.15	0	.5955008	.1684199	.2360792	0
730.15	0	.5951711	.1687973	.2360316	0
729.15	0	.5948461	.1691695	.2359844	0
728.15	0	.5945257	.1695367	.2359377	0
727.15	0	.5942097	.1698989	.2358914	0
726.15	0	.5938981	.1702564	.2358455	0
725.15	0	.5935908	.1706093	.2358	0
724.15	0	.5932876	.1709576	.2357548	0
723.15	0	.5929884	.1713016	.23571	0
722.15	0	.5926932	.1716412	.2356656	0
721.15	0	.5924018	.1719766	.2356215	0
720.15	0	.5921142	.172308	.2355778	0
719.15	0	.5918303	.1726354	.2355343	0
718.15	0	.59155	.1729589	.2354912	0
717.15	0	.5912731	.1732786	.2354483	0
716.15	0	.5909997	.1735945	.2354058	0
715.15	0	.5907296	.1739069	.2353635	0
714.15	0	.5904628	.1742158	.2353215	0
713.15	0	.5901992	.1745212	.2352797	0
712.15	0	.5899387	.1748232	.2352382	0
711.15	0	.5896812	.1751219	.2351969	0
710.15	0	.5894267	.1754174	.2351558	0
709.15	0	.5891752	.1757098	.235115	0
708.15	0	.5889265	.1759991	.2350744	0
707.15	0	.5886806	.1762854	.235034	0
706.15	0	.5884375	.1765687	.2349938	0
705.15	0	.588197	.1768492	.2349537	0
704.15	0	.5879592	.1771269	.2349139	0
703.15	0	.5877239	.1774018	.2348743	0
702.15	0	.5874912	.177674	.2348348	0
701.15	0	.5872609	.1779436	.2347955	0
700.15	0	.5870331	.1782106	.2347563	0
699.15	0	.5868076	.1784751	.2347173	0
698.15	0	.5865844	.1787371	.2346785	0
697.15	0	.5863636	.1789967	.2346398	0
696.15	0	.5861449	.1792539	.2346012	0
695.15	0	.5859285	.1795087	.2345628	0
694.15	0	.5857142	.1797613	.2345245	0
693.15	0	.585502	.1800117	.2344864	0
692.15	0	.5852918	.1802598	.2344483	0
691.15	0	.5850838	.1805058	.2344104	0
690.15	0	.5848777	.1807497	.2343726	0
689.15	0	.5846735	.1809916	.2343349	0
688.15	0	.5844713	.1812314	.2342973	0
687.15	0	.584271	.1814692	.2342599	0
686.15	0	.5840725	.1817051	.2342225	0
685.15	0	.5838758	.181939	.2341852	0
684.15	0	.5836809	.1821711	.234148	0
683.15	0	.5834878	.1824013	.2341109	0
682.15	0	.5832964	.1826297	.2340739	0
681.15	0	.5831067	.1828563	.234037	0
680.15	0	.5829187	.1830812	.2340001	0
679.15	0	.5827323	.1833044	.2339633	0
678.15	0	.5825475	.1835259	.2339266	0
677.15	0	.5823643	.1837457	.23389	0
676.15	0	.5821827	.1839639	.2338535	0
675.15	0	.5820026	.1841805	.233817	0
674.15	0	.5818239	.1843955	.2337805	0
673.15	0	.5816468	.184609	.2337442	0
672.15	0	.5814712	.1848209	.2337079	0
671.15	0	.5812969	.1850314	.2336717	0
670.15	0	.5811241	.1852404	.2336355	0
669.15	0	.5809527	.185448	.2335993	0
668.15	0	.5807826	.1856541	.2335633	0
667.15	0	.5806139	.1858589	.2335272	0
666.15	0	.5804465	.1860622	.2334913	0
665.15	0	.5802804	.1862642	.2334554	0
664.15	0	.5801156	.1864649	.2334195	0
663.15	0	.5799521	.1866643	.2333836	0
662.15	0	.5797898	.1868623	.2333479	0
661.15	0	.5796288	.1870591	.2333121	0
660.15	0	.5794689	.1872547	.2332764	0
659.15	0	.5793103	.187449	.2332407	0
658.15	0	.5791528	.1876421	.2332051	0
657.15	0	.5789965	.187834	.2331695	0
656.15	0	.5788413	.1880248	.2331339	0
655.15	0	.5786873	.1882144	.2330984	0
654.15	0	.5785343	.1884028	.2330629	0
653.15	0	.5783825	.1885901	.2330274	0
652.15	0	.5782317	.1887763	.232992	0
651.15	0	.578082	.1889614	.2329566	0
650.15	0	.5779334	.1891454	.2329212	0
649.15	0	.5777857	.1893284	.2328859	0
648.15	0	.5776391	.1895103	.2328506	0
647.15	0	.5774936	.1896912	.2328153	0
646.15	0	.577349	.1898711	.23278	0
645.15	0	.5772054	.1900499	.2327448	0
644.15	0	.5770627	.1902278	.2327095	0
643.15	0	.576921	.1904047	.2326743	0
642.15	0	.5767803	.1905806	.2326392	0
641.15	0	.5766405	.1907555	.232604	0
640.15	0	.5765016	.1909296	.2325689	0
639.15	0	.5763636	.1911027	.2325337	0
638.15	0	.5762265	.1912748	.2324987	0
637.15	0	.5760903	.1914461	.2324636	0
636.15	0	.575955	.1916165	.2324285	0
635.15	0	.5758205	.191786	.2323935	0
634.15	0	.5756869	.1919547	.2323585	0
633.15	0	.5755541	.1921224	.2323235	0
632.15	0	.5754222	.1922894	.2322885	0
631.15	0	.5752911	.1924554	.2322535	0
630.15	0	.5751608	.1926207	.2322185	0
629.15	0	.5750313	.1927851	.2321836	0
628.15	0	.5749026	.1929488	.2321487	0
627.15	0	.5747746	.1931116	.2321138	0
626.15	0	.5746475	.1932736	.2320789	0
625.15	0	.5745211	.1934349	.232044	0
624.15	0	.5743955	.1935953	.2320092	0
623.15	0	.5742706	.1937551	.2319743	0
622.15	0	.5741465	.193914	.2319395	0
621.15	0	.5740231	.1940722	.2319046	0
620.15	0	.5739005	.1942297	.2318699	0
619.15	0	.5737785	.1943864	.2318351	0
618.15	0	.5736573	.1945424	.2318003	0
617.15	0	.5735368	.1946977	.2317655	0
616.15	0	.5734169	.1948523	.2317308	0
615.15	0	.5732978	.1950062	.231696	0
614.15	0	.5731793	.1951594	.2316613	0
613.15	0	.5730615	.1953119	.2316266	0
612.15	0	.5729444	.1954638	.2315919	0
611.15	0	.5728279	.1956149	.2315572	0
610.15	0	.5727121	.1957654	.2315225	0
609.15	0	.5725969	.1959152	.2314879	0
608.15	0	.5724824	.1960644	.2314532	0
607.15	0	.5723685	.196213	.2314186	0
606.15	0	.5722552	.1963608	.231384	0
605.15	0	.5721425	.1965081	.2313494	0
604.15	0	.5720305	.1966547	.2313148	0
603.15	0	.5719191	.1968007	.2312802	0
602.15	0	.5718083	.1969461	.2312456	0
601.15	0	.571698	.1970909	.2312111	0
600.15	0	.5715884	.1972351	.2311765	0
599.15	0	.5714794	.1973786	.231142	0
598.15	0	.5713709	.1975216	.2311075	0
597.15	0	.571263	.197664	.231073	0
596.15	0	.5711557	.1978058	.2310385	0
595.15	0	.5710489	.197947	.2310041	0
594.15	0	.5709427	.1980876	.2309696	0
593.15	0	.5708371	.1982277	.2309352	0
592.15	0	.570732	.1983672	.2309008	0
591.15	0	.5706275	.1985062	.2308664	0
590.15	0	.5705235	.1986446	.230832	0
589.15	0	.57042	.1987824	.2307976	0
588.15	0	.5703171	.1989197	.2307633	0
587.15	0	.5702147	.1990564	.2307289	0
586.15	0	.5701128	.1991926	.2306946	0
585.15	0	.5700114	.1993283	.2306603	0
584.15	0	.5699106	.1994634	.230626	0
583.15	0	.5698103	.199598	.2305917	0
582.15	0	.5697104	.1997321	.2305575	0
581.15	0	.5696111	.1998657	.2305233	0
580.15	0	.5695123	.1999987	.230489	0
579.15	0	.5694139	.2001312	.2304549	0
578.15	0	.5693161	.2002633	.2304207	0
577.15	0	.5692187	.2003948	.2303865	0
576.15	0	.5691218	.2005258	.2303524	0
575.15	0	.5690255	.2006563	.2303183	0
574.15	0	.5689295	.2007863	.2302842	0
573.15	0	.5688341	.2009158	.2302501	0
572.15	0	.5687391	.2010449	.230216	0
571.15	0	.5686446	.2011734	.230182	0
570.15	0	.5685505	.2013015	.230148	0
569.15	0	.5684569	.2014291	.230114	0
568.15	0	.5683638	.2015562	.2300801	0
567.15	0	.5682711	.2016828	.2300461	0
566.15	0	.5681788	.201809	.2300122	0
565.15	0	.5680871	.2019347	.2299783	0
564.15	0	.5679957	.2020599	.2299444	0
563.15	0	.5679048	.2021846	.2299106	0
562.15	0	.5678143	.2023089	.2298768	0
561.15	0	.5677243	.2024328	.229843	0
560.15	0	.5676346	.2025562	.2298092	0
559.15	0	.5675454	.2026791	.2297755	0
558.15	0	.5674567	.2028016	.2297417	0
557.15	0	.5673683	.2029236	.2297081	0
556.15	0	.5672804	.2030452	.2296744	0
555.15	0	.5671929	.2031663	.2296408	0
554.15	0	.5671058	.203287	.2296072	0
553.15	0	.5670191	.2034073	.2295736	0
552.15	0	.5669329	.2035271	.22954	0
551.15	0	.566847	.2036465	.2295065	0
550.15	0	.5667615	.2037654	.2294731	0
549.15	0	.5666764	.203884	.2294396	0
548.15	0	.5665918	.204002	.2294062	0
547.15	0	.5665075	.2041197	.2293728	0
546.15	0	.5664237	.2042369	.2293394	0
545.15	0	.5663402	.2043537	.2293061	0
544.15	0	.5662571	.2044701	.2292728	0
543.15	0	.5661744	.2045861	.2292396	0
542.15	0	.566092	.2047016	.2292063	0
541.15	0	.5660101	.2048168	.2291731	0
540.15	0	.5659285	.2049315	.22914	0
539.15	0	.5658474	.2050458	.2291069	0
538.15	0	.5657667	.2051597	.2290737	0
537.15	0	.5656862	.2052731	.2290406	0
536.15	0	.5656062	.2053862	.2290076	0
535.15	0	.5655265	.2054989	.2289747	0
534.15	0	.5654472	.2056111	.2289417	0
533.15	0	.5653682	.205723	.2289088	0
532.15	0	.5652896	.2058344	.2288759	0
531.15	0	.5652114	.2059455	.2288431	0
530.15	0	.5651336	.2060561	.2288104	0
529.15	0	.5650561	.2061663	.2287776	0
528.15	0	.5649789	.2062762	.2287449	0
527.15	0	.5649021	.2063856	.2287123	0
526.15	0	.5648257	.2064947	.2286796	0
525.15	0	.5647496	.2066033	.2286471	0
524.15	0	.5646739	.2067116	.2286145	0
523.15	0	.5645985	.2068195	.2285821	0
522.15	0	.5645234	.206927	.2285496	0
521.15	0	.5644487	.207034	.2285172	0
520.15	0	.5643744	.2071408	.2284849	0
519.15	0	.5643004	.2072471	.2284526	0
518.15	0	.5642267	.207353	.2284203	0
517.15	0	.5641534	.2074586	.2283881	0
516.15	0	.5640804	.2075637	.2283559	0
515.15	0	.5640077	.2076685	.2283238	0
514.15	0	.5639354	.2077729	.2282917	0
513.15	0	.5638634	.2078769	.2282597	0
512.15	0	.5637917	.2079805	.2282277	0
511.15	0	.5637204	.2080838	.2281958	0
510.15	0	.5636494	.2081867	.2281639	0
509.15	0	.5635787	.2082892	.2281321	0
508.15	0	.5635084	.2083913	.2281003	0
507.15	0	.5634384	.208493	.2280686	0
506.15	0	.5633687	.2085944	.228037	0
505.15	0	.5632993	.2086954	.2280053	0
504.15	0	.5632302	.208796	.2279738	0
503.15	0	.5631615	.2088962	.2279423	0
502.15	0	.5630931	.2089961	.2279108	0
501.15	0	.563025	.2090956	.2278794	0
500.15	0	.5629572	.2091947	.2278481	0
499.15	0	.5628897	.2092935	.2278168	0
498.15	0	.5628226	.2093919	.2277856	0
497.15	0	.5627557	.2094899	.2277544	0
496.15	0	.5626892	.2095875	.2277233	0
495.15	0	.5626229	.2096848	.2276922	0
494.15	0	.562557	.2097817	.2276612	0
493.15	0	.5624914	.2098783	.2276303	0
492.15	0	.5624261	.2099745	.2275994	0
491.15	0	.5623611	.2100703	.2275686	0
490.15	0	.5622964	.2101657	.2275379	0
489.15	0	.562232	.2102608	.2275072	0
488.15	0	.5621679	.2103556	.2274765	0
487.15	0	.5621041	.2104499	.227446	0
486.15	0	.5620406	.2105439	.2274154	0
485.15	0	.5619774	.2106376	.227385	0
484.15	0	.5619146	.2107308	.2273546	0
483.15	0	.561852	.2108237	.2273243	0
482.15	0	.5617897	.2109163	.227294	0
481.15	0	.5617277	.2110085	.2272639	0
480.15	0	.5616659	.2111003	.2272338	0
479.15	0	.5616045	.2111918	.2272037	0
478.15	0	.5615434	.2112829	.2271737	0
477.15	0	.5614826	.2113736	.2271438	0
476.15	0	.561422	.2114641	.227114	0
475.15	0	.5613617	.2115541	.2270842	0
474.15	0	.5613018	.2116438	.2270545	0
473.15	0	.5612421	.2117331	.2270248	0
472.15	0	.5611827	.2118221	.2269952	0
471.15	0	.5611236	.2119107	.2269657	0
470.15	0	.5610648	.2119989	.2269363	0
469.15	0	.5610062	.2120868	.226907	0
468.15	0	.560948	.2121744	.2268777	0
467.15	0	.56089	.2122616	.2268485	0
466.15	0	.5608323	.2123484	.2268193	0
465.15	0	.5607749	.2124349	.2267903	0
464.15	0	.5607177	.212521	.2267613	0
463.15	0	.5606609	.2126068	.2267324	0
462.15	0	.5606043	.2126922	.2267035	0
461.15	0	.560548	.2127772	.2266748	0
460.15	0	.560492	.2128619	.2266461	0
459.15	0	.5604362	.2129463	.2266175	0
458.15	0	.5603808	.2130303	.2265889	0
457.15	0	.5603256	.213114	.2265605	0
456.15	0	.5602706	.2131973	.2265321	0
455.15	0	.560216	.2132802	.2265038	0
454.15	0	.5601616	.2133628	.2264756	0
453.15	0	.5601075	.213445	.2264475	0
452.15	0	.5600537	.2135269	.2264194	0
451.15	0	.5600001	.2136085	.2263914	0
450.15	0	.5599468	.2136897	.2263635	0
449.15	0	.5598938	.2137705	.2263357	0
448.15	0	.5598411	.2138509	.226308	0
447.15	0	.5597886	.213931	.2262804	0
446.15	0	.5597365	.2140106	.2262529	0
445.15	0	.5596846	.21409	.2262254	0
444.15	0	.559633	.2141689	.2261981	0
443.15	0	.5595817	.2142475	.2261708	0
442.15	0	.5595306	.2143257	.2261437	0
441.15	0	.5594799	.2144035	.2261166	0
440.15	0	.5594294	.2144809	.2260897	0
439.15	0	.5593792	.214558	.2260628	0
438.15	0	.5593294	.2146346	.2260361	0
437.15	0	.5592798	.2147108	.2260094	0
436.15	0	.5592305	.2147866	.2259829	0
435.15	0	.5591815	.214862	.2259564	0
434.15	0	.5591329	.214937	.2259301	0
433.15	0	.5590845	.2150116	.2259039	0
432.15	0	.5590364	.2150858	.2258778	0
431.15	0	.5589886	.2151596	.2258518	0
430.15	0	.5589411	.2152329	.225826	0
429.15	0	.558894	.2153058	.2258002	0
428.15	0	.5588471	.2153783	.2257746	0
427.15	0	.5588006	.2154504	.2257491	0
426.15	0	.5587543	.215522	.2257237	0
425.15	0	.5587084	.2155932	.2256984	0
424.15	0	.5586627	.215664	.2256733	0
423.15	0	.5586174	.2157344	.2256482	0
422.15	0	.5585724	.2158043	.2256233	0
421.15	0	.5585276	.2158738	.2255985	0
420.15	0	.5584832	.2159429	.2255739	0
419.15	0	.5584391	.2160115	.2255493	0
418.15	0	.5583953	.2160798	.2255249	0
417.15	0	.5583518	.2161475	.2255006	0
416.15	0	.5583086	.2162149	.2254765	0
415.15	0	.5582657	.2162818	.2254525	0
414.15	0	.5582231	.2163483	.2254286	0
413.15	0	.5581809	.2164143	.2254048	0
412.15	0	.5581389	.21648	.2253812	0
411.15	0	.5580972	.2165452	.2253576	0
410.15	0	.5580558	.2166099	.2253343	0
409.15	0	.5580147	.2166743	.225311	0
408.15	0	.5579739	.2167382	.2252879	0
407.15	0	.5579334	.2168017	.2252649	0
406.15	0	.5578933	.2168647	.225242	0
405.15	0	.5578534	.2169273	.2252193	0
404.15	0	.5578137	.2169896	.2251967	0
403.15	0	.5577744	.2170513	.2251742	0
402.15	0	.5577354	.2171127	.2251519	0
401.15	0	.5576967	.2171736	.2251297	0
400.15	0	.5576582	.2172342	.2251076	0
399.15	0	.5576201	.2172943	.2250857	0
398.15	0	.5575822	.217354	.2250638	0
397.15	0	.5575446	.2174133	.2250421	0
396.15	0	.5575073	.2174721	.2250206	0
395.15	0	.5574703	.2175306	.2249992	0
394.15	0	.5574335	.2175886	.2249779	0
393.15	0	.557397	.2176463	.2249567	0
392.15	0	.5573608	.2177035	.2249357	0
391.15	0	.5573249	.2177603	.2249147	0
390.15	0	.5572893	.2178168	.224894	0
389.15	0	.5572539	.2178728	.2248733	0
388.15	0	.5572187	.2179285	.2248528	0
387.15	0	.5571839	.2179837	.2248324	0
386.15	0	.5571493	.2180386	.2248121	0
385.15	0	.557115	.218093	.224792	0
384.15	0	.5570809	.2181471	.224772	0
383.15	0	.5570471	.2182008	.2247521	0
382.15	0	.5570136	.2182541	.2247323	0
381.15	0	.5569802	.218307	.2247127	0
380.15	0	.5569472	.2183596	.2246932	0
379.15	0	.5569144	.2184118	.2246738	0
378.15	0	.5568819	.2184636	.2246546	0
377.15	0	.5568496	.218515	.2246355	0
376.15	0	.5568175	.2185661	.2246164	0
375.15	0	.5567857	.2186167	.2245976	0
374.15	0	.5567541	.2186671	.2245788	0
373.15	0	.5567228	.2187171	.2245602	0
372.15	0	.5566917	.2187667	.2245417	0
371.15	0	.5566608	.2188159	.2245233	0
370.15	0	.5566302	.2188648	.224505	0
369.15	0	.5565997	.2189134	.2244869	0
368.15	0	.5565696	.2189616	.2244688	0
367.15	0	.5565396	.2190095	.2244509	0
366.15	0	.5565099	.219057	.2244331	0
365.15	0	.5564804	.2191042	.2244155	0
364.15	0	.5564511	.219151	.2243979	0
363.15	0	.556422	.2191976	.2243805	0
362.15	0	.5563931	.2192437	.2243632	0
361.15	0	.5563645	.2192896	.224346	0
360.15	0	.556336	.2193351	.2243289	0
359.15	0	.5563078	.2193803	.2243119	0
358.15	0	.5562797	.2194252	.2242951	0
357.15	0	.5562519	.2194698	.2242783	0
356.15	0	.5562243	.219514	.2242617	0
355.15	0	.5561968	.219558	.2242452	0
354.15	0	.5561696	.2196016	.2242288	0
353.15	0	.5561426	.2196449	.2242125	0
