T	 BPW(LIQUID)	BPW(BCC_A2)	BPW(FCC_A1)	BPW(LAVES_PHASE_C14)	BPW(NI3TI)
1473.15	.4173257	.5755717	0	.007102609	0
1472.15	.4102537	.5802313	0	.009514984	0
1471.15	.403311	.5848009	0	.01188819	0
1470.15	.3964939	.5892828	0	.0142233	0
1469.15	.3897992	.5936795	0	.01652136	0
1468.15	.3832236	.597993	0	.01878335	0
1467.15	.3767641	.6022257	0	.02101026	0
1466.15	.3704176	.6063794	0	.023203	0
1465.15	.3641813	.6104562	0	.02536249	0
1464.15	.3580522	.6144582	0	.02748959	0
1463.15	.3520278	.618387	0	.02958515	0
1462.15	.3461054	.6222446	0	.03164997	0
1461.15	.3402824	.6260327	0	.03368485	0
1460.15	.3345564	.629753	0	.03569054	0
1459.15	.328925	.6334072	0	.03766779	0
1458.15	.3233859	.6369968	0	.0396173	0
1457.15	.3179368	.6405234	0	.04153976	0
1456.15	.3125757	.6439885	0	.04343584	0
1455.15	.3073003	.6473935	0	.04530619	0
1454.15	.3021087	.6507399	0	.04715143	0
1453.15	.2969988	.654029	0	.04897217	0
1452.15	.2919689	.6572621	0	.050769	0
1451.15	.2870169	.6604406	0	.05254249	0
1450.15	.2821412	.6635656	0	.05429319	0
1449.15	.27734	.6666384	0	.05602164	0
1448.15	.2726115	.6696601	0	.05772835	0
1447.15	.2679542	.672632	0	.05941383	0
1446.15	.2633664	.675555	0	.06107857	0
1445.15	.2588466	.6784303	0	.06272305	0
1444.15	.2543933	.6812589	0	.06434772	0
1443.15	.2500051	.6840419	0	.06595303	0
1442.15	.2456804	.6867802	0	.06753942	0
1441.15	.2414179	.6894748	0	.06910731	0
1440.15	.2372163	.6921266	0	.0706571	0
1439.15	.2330743	.6947365	0	.0721892	0
1438.15	.2289905	.6973055	0	.073704	0
1437.15	.2249638	.6998343	0	.07520186	0
1436.15	.220993	.7023238	0	.07668316	0
1435.15	.2170769	.7047749	0	.07814826	0
1434.15	.2132143	.7071882	0	.07959749	0
1433.15	.2094041	.7095647	0	.08103119	0
1432.15	.2056453	.711905	0	.08244969	0
1431.15	.2019369	.7142098	0	.08385331	0
1430.15	.1982777	.71648	0	.08524236	0
1429.15	.1946668	.7187161	0	.08661714	0
1428.15	.1911032	.7209189	0	.08797795	0
1427.15	.187586	.723089	0	.08932506	0
1426.15	.1841142	.725227	0	.09065876	0
1425.15	.1806871	.7273336	0	.09197932	0
1424.15	.1773036	.7294094	0	.093287	0
1423.15	.1739629	.7314551	0	.09458206	0
1422.15	.1706642	.733471	0	.09586475	0
1421.15	.1674067	.735458	0	.09713532	0
1420.15	.1641896	.7374164	0	.098394	0
1419.15	.1610122	.7393468	0	.09964102	0
1418.15	.1578736	.7412498	0	.1008766	0
1417.15	.1547731	.7431259	0	.102101	0
1416.15	.1517101	.7449755	0	.1033144	0
1415.15	.1486838	.7467992	0	.104517	0
1414.15	.1456935	.7485975	0	.105709	0
1413.15	.1427386	.7503707	0	.1068907	0
1412.15	.1398185	.7521194	0	.1080621	0
1411.15	.1369324	.7538441	0	.1092236	0
1410.15	.1340797	.755545	0	.1103752	0
1409.15	.13126	.7572228	0	.1115172	0
1408.15	.1284725	.7588777	0	.1126498	0
1407.15	.1257167	.7605102	0	.1137731	0
1406.15	.122992	.7621207	0	.1148873	0
1405.15	.1202978	.7637096	0	.1159925	0
1404.15	.1176338	.7652773	0	.117089	0
1403.15	.1149992	.766824	0	.1181768	0
1402.15	.1123936	.7683503	0	.1192561	0
1401.15	.1098165	.7698564	0	.1203271	0
1400.15	.1072673	.7713427	0	.1213899	0
1399.15	.1047457	.7728096	0	.1224447	0
1398.15	.1022511	.7742573	0	.1234916	0
1397.15	.09978307	.7756862	0	.1245308	0
1396.15	.09734117	.7770965	0	.1255623	0
1395.15	.09492494	.7784888	0	.1265863	0
1394.15	.09253396	.7798631	0	.1276029	0
1393.15	.0901678	.7812199	0	.1286123	0
1392.15	.08782605	.7825594	0	.1296146	0
1391.15	.0855083	.7838818	0	.1306099	0
1390.15	.08321416	.7851876	0	.1315983	0
1389.15	.08094324	.7864769	0	.1325799	0
1388.15	.07869515	.78775	0	.1335548	0
1387.15	.07646953	.7890072	0	.1345232	0
1386.15	.07426601	.7902488	0	.1354852	0
1385.15	.07208423	.791475	0	.1364408	0
1384.15	.06992384	.792686	0	.1373902	0
1383.15	.0677845	.7938821	0	.1383335	0
1382.15	.06566588	.7950635	0	.1392707	0
1381.15	.06356763	.7962304	0	.1402019	0
1380.15	.06148946	.7973832	0	.1411274	0
1379.15	.05943103	.7985219	0	.142047	0
1378.15	.05739203	.7996469	0	.142961	0
1377.15	.05537216	.8007584	0	.1438695	0
1376.15	.05337114	.8018564	0	.1447724	0
1375.15	.05138865	.8029414	0	.14567	0
1374.15	.04942442	.8040134	0	.1465622	0
1373.15	.04747817	.8050727	0	.1474492	0
1372.15	.04554961	.8061194	0	.148331	0
1371.15	.04363849	.8071538	0	.1492077	0
1370.15	.04174454	.808176	0	.1500795	0
1369.15	.03986749	.8091862	0	.1509463	0
1368.15	.03800709	.8101847	0	.1518083	0
1367.15	.0361631	.8111715	0	.1526654	0
1366.15	.03433526	.8121468	0	.1535179	0
1365.15	.03252334	.8131109	0	.1543657	0
1364.15	.0307271	.8140639	0	.155209	0
1363.15	.02894631	.815006	0	.1560477	0
1362.15	.02718074	.8159372	0	.156882	0
1361.15	.02543016	.8168579	0	.157712	0
1360.15	.02369437	.817768	0	.1585376	0
1359.15	.02197314	.8186679	0	.1593589	0
1358.15	.02026626	.8195576	0	.1601761	0
1357.15	.01857353	.8204373	0	.1609892	0
1356.15	.01689474	.8213071	0	.1617981	0
1355.15	.01522968	.8221672	0	.1626031	0
1354.15	.01357818	.8230177	0	.1634041	0
1353.15	.01194002	.8238588	0	.1642012	0
1352.15	.01031503	.8246905	0	.1649945	0
1351.15	.008703012	.8255131	0	.1657839	0
1350.15	.007103788	.8263266	0	.1665696	0
1349.15	.005517176	.8271312	0	.1673516	0
1348.15	.003943002	.827927	0	.16813	0
1347.15	.00238109	.8287141	0	.1689048	0
1346.15	8.312702E-04	.8294927	0	.169676	0
1345.61	0	.8299093	0	.1700907	0
1345.61	0	.8299093	0	.1700907	0
1345.15	0	.8296643	0	.1703357	0
1344.15	0	.8291331	0	.1708669	0
1343.15	0	.8286032	0	.1713968	0
1342.15	0	.8280744	0	.1719256	0
1341.15	0	.8275469	0	.1724531	0
1340.15	0	.8270205	0	.1729795	0
1339.15	0	.8264954	0	.1735046	0
1338.15	0	.8259715	0	.1740285	0
1337.15	0	.8254487	0	.1745513	0
1336.15	0	.8249271	0	.1750729	0
1335.15	0	.8244067	0	.1755933	0
1334.15	0	.8238875	0	.1761125	0
1333.15	0	.8233695	0	.1766305	0
1332.15	0	.8228526	0	.1771474	0
1331.15	0	.8223369	0	.1776631	0
1330.15	0	.8218224	0	.1781776	0
1329.15	0	.821309	0	.178691	0
1328.15	0	.8207968	0	.1792032	0
1327.15	0	.8202858	0	.1797142	0
1326.15	0	.8197759	0	.1802241	0
1325.15	0	.8192671	0	.1807329	0
1324.15	0	.8187595	0	.1812405	0
1323.15	0	.818253	0	.181747	0
1322.15	0	.8177477	0	.1822523	0
1321.15	0	.8172435	0	.1827565	0
1320.15	0	.8167404	0	.1832596	0
1319.15	0	.8162385	0	.1837615	0
1318.15	0	.8157377	0	.1842623	0
1317.15	0	.815238	0	.184762	0
1316.15	0	.8147394	0	.1852606	0
1315.15	0	.8142419	0	.1857581	0
1314.15	0	.8137456	0	.1862545	0
1313.15	0	.8132503	0	.1867497	0
1312.15	0	.8127562	0	.1872438	0
1311.15	0	.8122631	0	.1877369	0
1310.15	0	.8117712	0	.1882289	0
1309.15	0	.8112803	0	.1887197	0
1308.15	0	.8107905	0	.1892095	0
1307.15	0	.8103018	0	.1896982	0
1306.229	0	.8098527	0	.1901473	0
1306.229	0	.8098527	0	.1901473	0
1306.229	0	.8098527	0	.1901473	0
1306.15	0	.8097292	8.655803E-05	.1901843	0
1305.15	0	.8081671	.001181169	.1906517	0
1304.15	0	.8066093	.002272949	.1911178	0
1303.15	0	.8050556	.003361904	.1915825	0
1302.15	0	.803506	.004448038	.192046	0
1301.15	0	.8019606	.005531359	.192508	0
1300.15	0	.8004193	.006611871	.1929688	0
1299.15	0	.7988822	.00768958	.1934283	0
1298.15	0	.7973491	.008764492	.1938864	0
1297.15	0	.7958202	.009836611	.1943432	0
1296.15	0	.7942954	.01090594	.1947987	0
1295.15	0	.7927746	.0119725	.1952529	0
1294.15	0	.7912579	.01303627	.1957059	0
1293.15	0	.7897452	.01409727	.1961575	0
1292.15	0	.7882366	.01515551	.1966078	0
1291.15	0	.7867321	.01621099	.1970569	0
1290.15	0	.7852316	.01726371	.1975047	0
1289.15	0	.7837351	.01831368	.1979513	0
1288.15	0	.7822426	.01936091	.1983965	0
1287.15	0	.7807541	.02040539	.1988406	0
1286.15	0	.7792695	.02144714	.1992833	0
1285.15	0	.777789	.02248616	.1997248	0
1284.15	0	.7763125	.02352245	.2001651	0
1283.15	0	.7748398	.02455602	.2006041	0
1282.15	0	.7733712	.02558687	.2010419	0
1281.15	0	.7719065	.02661501	.2014785	0
1280.15	0	.7704457	.02764044	.2019139	0
1279.15	0	.7689888	.02866317	.202348	0
1278.15	0	.7675359	.0296832	.2027809	0
1277.15	0	.7660868	.03070054	.2032126	0
1276.15	0	.7646417	.03171518	.2036432	0
1275.15	0	.7632004	.03272714	.2040725	0
1274.15	0	.761763	.03373642	.2045006	0
1273.15	0	.7603295	.03474302	.2049275	0
1272.15	0	.7588998	.03574695	.2053533	0
1271.15	0	.757474	.03674821	.2057778	0
1270.15	0	.756052	.03774681	.2062012	0
1269.15	0	.7546338	.03874274	.2066234	0
1268.15	0	.7532195	.03973602	.2070445	0
1267.15	0	.751809	.04072664	.2074644	0
1266.15	0	.7504023	.04171462	.2078831	0
1265.15	0	.7489994	.04269995	.2083007	0
1264.15	0	.7476003	.04368264	.2087171	0
1263.15	0	.746205	.04466269	.2091324	0
1262.15	0	.7448134	.04564011	.2095465	0
1261.15	0	.7434256	.0466149	.2099595	0
1260.15	0	.7420416	.04758706	.2103714	0
1259.15	0	.7406613	.0485566	.2107821	0
1258.15	0	.7392847	.04952351	.2111918	0
1257.15	0	.7379119	.05048782	.2116003	0
1256.15	0	.7365429	.05144951	.2120077	0
1255.15	0	.7351775	.05240859	.2124139	0
1254.15	0	.7338158	.05336506	.2128191	0
1253.15	0	.7324579	.05431893	.2132232	0
1252.15	0	.7311036	.05527021	.2136261	0
1251.15	0	.7297531	.05621888	.214028	0
1250.15	0	.7284062	.05716497	.2144288	0
1249.15	0	.727063	.05810846	.2148285	0
1248.15	0	.7257235	.05904937	.2152272	0
1247.15	0	.7243876	.05998769	.2156247	0
1246.15	0	.7230554	.06092343	.2160212	0
1245.15	0	.7217268	.06185659	.2164166	0
1244.15	0	.7204019	.06278718	.216811	0
1243.15	0	.7190806	.0637152	.2172042	0
1242.15	0	.7177629	.06464064	.2175965	0
1241.15	0	.7164489	.06556352	.2179876	0
1240.15	0	.7151384	.06648383	.2183778	0
1239.15	0	.7138316	.06740159	.2187668	0
1238.15	0	.7125284	.06831678	.2191549	0
1237.15	0	.7112287	.06922942	.2195419	0
1236.15	0	.7099327	.0701395	.2199278	0
1235.15	0	.7086402	.07104703	.2203128	0
1234.15	0	.7073513	.07195201	.2206967	0
1233.15	0	.706066	.07285445	.2210796	0
1232.15	0	.7047843	.07375434	.2214614	0
1231.15	0	.7035061	.07465169	.2218423	0
1230.15	0	.7022314	.0755465	.2222221	0
1229.15	0	.7009603	.07643876	.2226009	0
1228.15	0	.6996928	.0773285	.2229788	0
1227.15	0	.6984287	.0782157	.2233556	0
1226.15	0	.6971682	.07910037	.2237314	0
1225.15	0	.6959112	.0799825	.2241063	0
1224.15	0	.6946578	.08086211	.2244801	0
1223.15	0	.6934079	.0817392	.224853	0
1222.15	0	.6921614	.08261376	.2252248	0
1221.15	0	.6909185	.08348579	.2255957	0
1220.15	0	.6896791	.08435531	.2259656	0
1219.15	0	.6884431	.08522231	.2263346	0
1218.15	0	.6872106	.08608679	.2267026	0
1217.15	0	.6859817	.08694875	.2270696	0
1216.15	0	.6847562	.0878082	.2274356	0
1215.15	0	.6835341	.08866514	.2278007	0
1214.15	0	.6823156	.08951956	.2281649	0
1213.15	0	.6811005	.09037148	.228528	0
1212.15	0	.6798888	.09122089	.2288903	0
1211.15	0	.6786806	.09206779	.2292516	0
1210.15	0	.6774759	.09291218	.2296119	0
1209.15	0	.6762746	.09375407	.2299713	0
1208.15	0	.6750767	.09459345	.2303298	0
1207.15	0	.6738823	.09543034	.2306874	0
1206.15	0	.6726913	.09626472	.231044	0
1205.15	0	.6715037	.0970966	.2313997	0
1204.15	0	.6703196	.09792598	.2317544	0
1203.15	0	.6691389	.09875286	.2321083	0
1202.15	0	.6679616	.09957725	.2324612	0
1201.15	0	.6667876	.1003991	.2328132	0
1200.15	0	.6656171	.1012185	.2331643	0
1199.15	0	.66445	.1020354	.2335145	0
1198.15	0	.6632864	.1028498	.2338638	0
1197.15	0	.662126	.1036617	.2342122	0
1196.15	0	.6609691	.1044712	.2345597	0
1195.15	0	.6598156	.1052781	.2349063	0
1194.15	0	.6586655	.1060825	.235252	0
1193.15	0	.6575187	.1068845	.2355968	0
1192.15	0	.6563753	.1076839	.2359408	0
1191.15	0	.6552353	.1084809	.2362838	0
1190.15	0	.6540987	.1092753	.236626	0
1189.15	0	.6529654	.1100673	.2369673	0
1188.15	0	.6518355	.1108568	.2373077	0
1187.15	0	.650709	.1116438	.2376473	0
1186.15	0	.6495858	.1124283	.237986	0
1185.15	0	.6484659	.1132103	.2383238	0
1184.15	0	.6473495	.1139898	.2386607	0
1183.15	0	.6462363	.1147669	.2389968	0
1182.15	0	.6451265	.1155414	.239332	0
1181.15	0	.6440201	.1163135	.2396664	0
1180.15	0	.642917	.117083	.2399999	0
1179.15	0	.6418173	.1178501	.2403326	0
1178.15	0	.6407208	.1186147	.2406645	0
1177.15	0	.6396277	.1193768	.2409954	0
1176.15	0	.638538	.1201364	.2413256	0
1175.15	0	.6374516	.1208935	.2416549	0
1174.15	0	.6363685	.1216481	.2419834	0
1173.15	0	.6352887	.1224003	.242311	0
1172.15	0	.6342123	.1231499	.2426379	0
1171.15	0	.6331391	.1238971	.2429638	0
1170.15	0	.6320693	.1246417	.243289	0
1169.15	0	.6310028	.1253839	.2436133	0
1168.15	0	.6299397	.1261235	.2439369	0
1167.15	0	.6288798	.1268607	.2442595	0
1166.15	0	.6278232	.1275953	.2445814	0
1165.15	0	.62677	.1283275	.2449025	0
1164.15	0	.6257201	.1290572	.2452228	0
1163.15	0	.6246735	.1297843	.2455422	0
1162.15	0	.6236301	.130509	.2458609	0
1161.15	0	.6225901	.1312311	.2461787	0
1160.15	0	.6215534	.1319508	.2464958	0
1159.15	0	.62052	.132668	.246812	0
1158.15	0	.6194899	.1333826	.2471275	0
1157.15	0	.6184631	.1340947	.2474421	0
1156.15	0	.6174396	.1348044	.247756	0
1155.15	0	.6164194	.1355115	.2480691	0
1154.15	0	.6154025	.1362161	.2483814	0
1153.15	0	.6143889	.1369182	.2486929	0
1152.15	0	.6133786	.1376178	.2490037	0
1151.15	0	.6123715	.1383149	.2493136	0
1150.15	0	.6113678	.1390094	.2496228	0
1149.15	0	.6103674	.1397014	.2499312	0
1148.15	0	.6093702	.1403909	.2502388	0
1147.15	0	.6083764	.1410779	.2505457	0
1146.15	0	.6073858	.1417624	.2508518	0
1145.15	0	.6063986	.1424443	.2511571	0
1144.15	0	.6054146	.1431237	.2514617	0
1143.15	0	.6044339	.1438006	.2517655	0
1142.15	0	.6034565	.1444749	.2520685	0
1141.15	0	.6024824	.1451468	.2523708	0
1140.15	0	.6015116	.145816	.2526723	0
1139.15	0	.6005441	.1464828	.2529731	0
1138.15	0	.5995799	.1471469	.2532732	0
1137.15	0	.598619	.1478086	.2535724	0
1136.15	0	.5976613	.1484677	.253871	0
1135.15	0	.596707	.1491243	.2541687	0
1134.15	0	.595756	.1497783	.2544658	0
1133.15	0	.5948082	.1504297	.2547621	0
1132.15	0	.5938637	.1510786	.2550577	0
1131.15	0	.5929226	.151725	.2553525	0
1130.15	0	.5919847	.1523687	.2556466	0
1129.15	0	.5910501	.1530099	.25594	0
1128.15	0	.5901188	.1536486	.2562326	0
1127.15	0	.5891908	.1542847	.2565245	0
1126.15	0	.5882662	.1549182	.2568157	0
1125.15	0	.5873448	.1555491	.2571061	0
1124.15	0	.5864267	.1561774	.2573958	0
1123.15	0	.5855119	.1568032	.2576849	0
1122.15	0	.5846005	.1574264	.2579731	0
1121.15	0	.5836923	.158047	.2582607	0
1120.15	0	.5827874	.158665	.2585476	0
1119.15	0	.5818859	.1592805	.2588337	0
1118.15	0	.5809876	.1598933	.2591191	0
1117.15	0	.5800927	.1605035	.2594038	0
1116.15	0	.5792011	.1611111	.2596878	0
1115.15	0	.5783128	.1617161	.2599711	0
1114.15	0	.5774278	.1623185	.2602537	0
1113.15	0	.5765461	.1629183	.2605356	0
1112.15	0	.5756677	.1635155	.2608168	0
1111.15	0	.5747927	.1641101	.2610973	0
1110.15	0	.573921	.164702	.261377	0
1109.15	0	.5730526	.1652913	.2616561	0
1108.15	0	.5721875	.1658779	.2619345	0
1107.15	0	.5713258	.166462	.2622122	0
1106.15	0	.5704674	.1670434	.2624892	0
1105.15	0	.5696124	.1676221	.2627655	0
1104.15	0	.5687607	.1681982	.2630411	0
1103.15	0	.5679123	.1687717	.2633161	0
1102.15	0	.5670672	.1693425	.2635903	0
1101.15	0	.5662255	.1699106	.2638639	0
1100.15	0	.5653872	.1704761	.2641367	0
1099.15	0	.5645522	.1710389	.2644089	0
1098.15	0	.5637206	.171599	.2646804	0
1097.15	0	.5628923	.1721564	.2649513	0
1096.15	0	.5620674	.1727112	.2652214	0
1095.15	0	.5612458	.1732633	.2654909	0
1094.15	0	.5604277	.1738127	.2657597	0
1093.15	0	.5596128	.1743594	.2660278	0
1092.15	0	.5588014	.1749034	.2662952	0
1091.15	0	.5579933	.1754447	.266562	0
1090.15	0	.5571886	.1759833	.2668281	0
1089.15	0	.5563873	.1765191	.2670935	0
1088.15	0	.5555894	.1770523	.2673583	0
1087.15	0	.5547949	.1775827	.2676224	0
1086.15	0	.5540038	.1781104	.2678858	0
1085.15	0	.553216	.1786354	.2681486	0
1084.15	0	.5524317	.1791576	.2684107	0
1083.15	0	.5516508	.1796771	.2686721	0
1082.15	0	.5508733	.1801939	.2689329	0
1081.15	0	.5500992	.1807079	.269193	0
1080.15	0	.5493285	.1812191	.2694524	0
1079.15	0	.5485612	.1817275	.2697112	0
1078.15	0	.5477974	.1822332	.2699694	0
1077.15	0	.547037	.1827362	.2702268	0
1076.15	0	.54628	.1832363	.2704837	0
1075.15	0	.5455265	.1837337	.2707398	0
1074.15	0	.5447764	.1842282	.2709954	0
1073.15	0	.5440298	.18472	.2712502	0
1072.15	0	.5432866	.185209	.2715044	0
1071.15	0	.5425469	.1856951	.271758	0
1070.15	0	.5418106	.1861785	.2720109	0
1069.15	0	.5410778	.186659	.2722631	0
1068.15	0	.5403485	.1871367	.2725147	0
1067.15	0	.5396227	.1876116	.2727657	0
1066.15	0	.5389003	.1880837	.273016	0
1065.15	0	.5381815	.1885529	.2732657	0
1064.15	0	.5374661	.1890192	.2735147	0
1063.15	0	.5367542	.1894827	.2737631	0
1062.15	0	.5360458	.1899434	.2740108	0
1061.15	0	.535341	.1904012	.2742579	0
1060.15	0	.5346396	.1908561	.2745043	0
1059.15	0	.5339418	.1913081	.2747501	0
1058.15	0	.5332475	.1917572	.2749953	0
1057.15	0	.5325567	.1922035	.2752398	0
1056.15	0	.5318695	.1926469	.2754837	0
1055.15	0	.5311858	.1930873	.2757269	0
1054.15	0	.5305057	.1935249	.2759695	0
1053.15	0	.5298291	.1939595	.2762114	0
1052.15	0	.529156	.1943912	.2764527	0
1051.15	0	.5284866	.19482	.2766934	0
1050.15	0	.5278207	.1952459	.2769335	0
1049.15	0	.5271584	.1956688	.2771728	0
1048.15	0	.5264996	.1960888	.2774116	0
1047.15	0	.5258445	.1965058	.2776497	0
1046.15	0	.525193	.1969199	.2778872	0
1045.15	0	.524545	.197331	.278124	0
1044.15	0	.5239007	.1977391	.2783602	0
1043.15	0	.52326	.1981442	.2785958	0
1042.15	0	.5226229	.1985464	.2788307	0
1041.15	0	.5219894	.1989456	.279065	0
1040.15	0	.5213596	.1993417	.2792987	0
1039.15	0	.5207334	.1997349	.2795317	0
1038.15	0	.5201109	.200125	.2797641	0
1037.15	0	.519492	.2005122	.2799958	0
1036.15	0	.5188768	.2008963	.2802269	0
1035.15	0	.5182652	.2012774	.2804574	0
1034.15	0	.5176573	.2016554	.2806872	0
1033.15	0	.5170531	.2020304	.2809164	0
1032.15	0	.5164526	.2024024	.281145	0
1031.15	0	.5158558	.2027713	.2813729	0
1030.15	0	.5152627	.2031371	.2816002	0
1029.15	0	.5146733	.2034999	.2818268	0
1028.15	0	.5140876	.2038596	.2820529	0
1027.15	0	.5135056	.2042162	.2822782	0
1026.15	0	.5129274	.2045697	.2825029	0
1025.15	0	.5123529	.2049201	.282727	0
1024.15	0	.5117821	.2052674	.2829505	0
1023.15	0	.5112151	.2056116	.2831733	0
1022.15	0	.5106519	.2059526	.2833955	0
1021.15	0	.5100924	.2062906	.283617	0
1020.15	0	.5095367	.2066254	.2838379	0
1019.15	0	.5089848	.2069571	.2840581	0
1018.15	0	.5084366	.2072856	.2842777	0
1017.15	0	.5078923	.207611	.2844967	0
1016.15	0	.5073518	.2079333	.284715	0
1015.15	0	.506815	.2082523	.2849326	0
1014.15	0	.5062821	.2085682	.2851497	0
1013.15	0	.505753	.208881	.285366	0
1012.15	0	.5052277	.2091905	.2855818	0
1011.15	0	.5047063	.2094969	.2857968	0
1010.15	0	.5041887	.2098	.2860112	0
1009.15	0	.503675	.2101	.286225	0
1008.15	0	.5031651	.2103967	.2864381	0
1007.15	0	.5026591	.2106903	.2866506	0
1006.15	0	.502157	.2109806	.2868624	0
1005.15	0	.5016587	.2112677	.2870736	0
1004.15	0	.5011644	.2115516	.2872841	0
1003.15	0	.5006739	.2118322	.2874939	0
1002.15	0	.5001873	.2121096	.2877031	0
1001.15	0	.4997047	.2123837	.2879116	0
1000.15	0	.4992259	.2126546	.2881194	0
999.15	0	.4987511	.2129223	.2883267	0
998.15	0	.4982802	.2131866	.2885332	0
997.15	0	.4978133	.2134477	.288739	0
996.15	0	.4973502	.2137055	.2889442	0
995.15	0	.4968912	.2139601	.2891487	0
994.15	0	.4964361	.2142113	.2893526	0
993.15	0	.4959849	.2144593	.2895558	0
992.15	0	.4955377	.214704	.2897583	0
991.15	0	.4950945	.2149454	.2899601	0
990.15	0	.4946553	.2151834	.2901612	0
989.15	0	.4942201	.2154182	.2903617	0
988.15	0	.4937889	.2156497	.2905614	0
987.15	0	.4933616	.2158778	.2907605	0
986.15	0	.4929384	.2161026	.2909589	0
985.15	0	.4925192	.2163241	.2911567	0
984.15	0	.492104	.2165423	.2913537	0
983.15	0	.4916929	.2167572	.29155	0
982.15	0	.4912857	.2169687	.2917456	0
981.15	0	.4908826	.2171769	.2919405	0
980.15	0	.4904835	.2173817	.2921348	0
979.15	0	.4900885	.2175832	.2923283	0
978.15	0	.4896976	.2177814	.2925211	0
977.15	0	.4893107	.2179762	.2927132	0
976.15	0	.4889278	.2181677	.2929045	0
975.15	0	.488549	.2183558	.2930952	0
974.15	0	.4881743	.2185405	.2932852	0
973.15	0	.4878037	.218722	.2934744	0
972.15	0	.4874371	.2189	.2936629	0
971.15	0	.4870746	.2190748	.2938506	0
970.15	0	.4867162	.2192461	.2940377	0
969.15	0	.4863619	.2194141	.294224	0
968.15	0	.4860117	.2195788	.2944095	0
967.15	0	.4856656	.2197401	.2945943	0
966.15	0	.4853235	.2198981	.2947784	0
965.15	0	.4849856	.2200527	.2949617	0
964.15	0	.4846518	.220204	.2951443	0
963.15	0	.484322	.2203519	.2953261	0
962.15	0	.4839964	.2204965	.2955071	0
961.15	0	.4836749	.2206377	.2956874	0
960.15	0	.4833575	.2207756	.2958669	0
959.15	0	.4830442	.2209102	.2960456	0
958.15	0	.482735	.2210415	.2962236	0
957.15	0	.4824299	.2211694	.2964007	0
956.15	0	.4821289	.221294	.2965771	0
955.15	0	.481832	.2214153	.2967527	0
954.15	0	.4815393	.2215333	.2969275	0
953.15	0	.4812506	.2216479	.2971014	0
952.15	0	.4809661	.2217593	.2972746	0
951.15	0	.4806856	.2218674	.297447	0
950.15	0	.4804092	.2219722	.2976185	0
949.15	0	.480137	.2220738	.2977892	0
948.15	0	.4798688	.2221721	.2979591	0
947.15	0	.4796047	.2222671	.2981282	0
946.15	0	.4793447	.2223589	.2982964	0
945.15	0	.4790888	.2224475	.2984638	0
944.15	0	.4788369	.2225328	.2986303	0
943.15	0	.4785891	.2226149	.2987959	0
942.15	0	.4783454	.2226939	.2989607	0
941.15	0	.4781057	.2227696	.2991246	0
940.15	0	.4778701	.2228422	.2992877	0
939.15	0	.4776385	.2229117	.2994498	0
938.15	0	.4774109	.222978	.2996111	0
937.15	0	.4771874	.2230411	.2997715	0
936.15	0	.4769678	.2231012	.2999309	0
935.15	0	.4767523	.2231582	.3000895	0
934.15	0	.4765407	.2232121	.3002471	0
933.15	0	.4763331	.223263	.3004039	0
932.15	0	.4761295	.2233109	.3005596	0
931.15	0	.4759298	.2233557	.3007145	0
930.15	0	.4757341	.2233976	.3008683	0
929.15	0	.4755422	.2234365	.3010213	0
928.15	0	.4753543	.2234725	.3011732	0
927.15	0	.4751702	.2235056	.3013242	0
926.15	0	.47499	.2235358	.3014742	0
925.15	0	.4748137	.2235632	.3016232	0
924.15	0	.4746412	.2235877	.3017712	0
923.15	0	.4744725	.2236094	.3019182	0
922.15	0	.4743075	.2236284	.3020641	0
921.15	0	.4741464	.2236446	.302209	0
920.15	0	.4739889	.2236582	.3023529	0
919.15	0	.4738352	.223669	.3024958	0
918.15	0	.4736852	.2236773	.3026375	0
917.15	0	.4735388	.223683	.3027782	0
916.15	0	.4733961	.2236861	.3029179	0
915.15	0	.4732569	.2236867	.3030564	0
914.15	0	.4731213	.2236849	.3031938	0
913.15	0	.4729893	.2236806	.3033301	0
912.15	0	.4728608	.223674	.3034653	0
911.15	0	.4727357	.223665	.3035993	0
910.15	0	.4726141	.2236537	.3037322	0
909.15	0	.4724959	.2236403	.3038638	0
908.15	0	.472381	.2236246	.3039944	0
907.15	0	.4722695	.2236068	.3041237	0
906.15	0	.4721612	.223587	.3042518	0
905.15	0	.4720562	.2235651	.3043787	0
904.15	0	.4719543	.2235413	.3045043	0
903.15	0	.4718556	.2235156	.3046288	0
902.15	0	.47176	.2234881	.3047519	0
901.15	0	.4716674	.2234589	.3048737	0
900.15	0	.4715778	.2234279	.3049943	0
899.15	0	.4714912	.2233953	.3051135	0
898.15	0	.4714074	.2233612	.3052314	0
897.15	0	.4713264	.2233256	.305348	0
896.15	0	.4712482	.2232886	.3054631	0
895.15	0	.4711727	.2232503	.3055769	0
894.15	0	.4710998	.2232108	.3056893	0
893.15	0	.4710295	.2231702	.3058003	0
892.15	0	.4709617	.2231285	.3059098	0
891.15	0	.4708963	.2230858	.3060179	0
890.15	0	.4708333	.2230423	.3061244	0
889.15	0	.4707725	.2229981	.3062295	0
888.15	0	.4707139	.2229531	.306333	0
887.15	0	.4706574	.2229077	.306435	0
886.15	0	.4706029	.2228618	.3065353	0
885.15	0	.4705504	.2228155	.3066341	0
884.15	0	.4704996	.2227691	.3067313	0
883.15	0	.4704507	.2227226	.3068268	0
882.15	0	.4704033	.2226761	.3069206	0
881.15	0	.4703575	.2226298	.3070127	0
880.15	0	.4703131	.2225839	.307103	0
879.15	0	.47027	.2225384	.3071916	0
878.15	0	.4702282	.2224935	.3072784	0
877.15	0	.4701873	.2224493	.3073633	0
876.15	0	.4701475	.2224061	.3074464	0
875.15	0	.4701085	.222364	.3075276	0
874.15	0	.4700701	.2223231	.3076068	0
873.15	0	.4700323	.2222837	.3076841	0
872.15	0	.4699949	.2222459	.3077593	0
871.15	0	.4699577	.2222099	.3078325	0
870.15	0	.4699206	.2221759	.3079035	0
869.15	0	.4698834	.2221442	.3079724	0
868.15	0	.4698459	.2221149	.3080391	0
867.15	0	.469808	.2220884	.3081036	0
866.15	0	.4697695	.2220647	.3081658	0
865.15	0	.4697302	.2220443	.3082256	0
864.15	0	.4696897	.2220273	.308283	0
863.15	0	.4696481	.222014	.3083379	0
862.15	0	.4696049	.2220048	.3083903	0
861.15	0	.46956	.222	.3084401	0
860.15	0	.4695131	.2219997	.3084872	0
859.15	0	.4694639	.2220046	.3085315	0
858.15	0	.4694122	.2220147	.3085731	0
857.15	0	.4693576	.2220307	.3086117	0
856.15	0	.4692999	.2220528	.3086473	0
855.15	0	.4692386	.2220816	.3086798	0
854.15	0	.4691735	.2221174	.3087092	0
853.15	0	.4691041	.2221607	.3087352	0
852.15	0	.4690301	.2222122	.3087578	0
851.15	0	.4689509	.2222723	.3087768	0
850.15	0	.4688662	.2223416	.3087922	0
849.15	0	.4687754	.2224209	.3088037	0
848.15	0	.468678	.2225108	.3088112	0
847.15	0	.4683544	.2228756	.30877	0
846.15	0	.4679398	.2233546	.3087057	0
845.15	0	.4675651	.2237903	.3086446	0
844.15	0	.4672272	.2241862	.3085866	0
843.15	0	.4669234	.2245454	.3085312	0
842.15	0	.4666511	.2248706	.3084783	0
841.15	0	.4664081	.2251643	.3084276	0
840.15	0	.4661923	.2254288	.3083789	0
839.15	0	.4660018	.2256662	.308332	0
838.15	0	.4658349	.2258784	.3082867	0
837.15	0	.4656899	.2260671	.308243	0
836.15	0	.4655653	.226234	.3082007	0
835.15	0	.4654599	.2263805	.3081596	0
834.15	0	.4653723	.226508	.3081197	0
833.15	0	.4653014	.2266178	.3080808	0
832.15	0	.465246	.2267111	.3080429	0
831.15	0	.4652052	.2267889	.3080059	0
830.15	0	.465178	.2268524	.3079696	0
829.15	0	.4651635	.2269023	.3079342	0
828.15	0	.4651609	.2269397	.3078994	0
827.15	0	.4651693	.2269654	.3078653	0
826.15	0	.4651882	.2269801	.3078317	0
825.15	0	.4652167	.2269846	.3077987	0
824.15	0	.4652543	.2269795	.3077662	0
823.15	0	.4653004	.2269655	.3077341	0
822.15	0	.4653543	.2269433	.3077024	0
821.15	0	.4654156	.2269133	.3076711	0
820.15	0	.4654837	.2268761	.3076402	0
819.15	0	.4655582	.2268322	.3076096	0
818.15	0	.4656387	.2267821	.3075792	0
817.15	0	.4657247	.2267262	.3075492	0
816.15	0	.4658157	.2266649	.3075194	0
815.15	0	.4659116	.2265987	.3074898	0
814.15	0	.4660118	.2265278	.3074604	0
813.15	0	.4661161	.2264527	.3074312	0
812.15	0	.4662241	.2263737	.3074022	0
811.15	0	.4663355	.2262911	.3073734	0
810.15	0	.4664502	.2262051	.3073447	0
809.15	0	.4665678	.2261161	.3073161	0
808.15	0	.466688	.2260244	.3072877	0
807.15	0	.4668106	.2259301	.3072593	0
806.15	0	.4669354	.2258335	.3072311	0
805.15	0	.4670623	.2257348	.3072029	0
804.15	0	.4671909	.2256343	.3071748	0
803.15	0	.4673211	.2255321	.3071468	0
802.15	0	.4674528	.2254284	.3071189	0
801.15	0	.4675857	.2253234	.307091	0
800.15	0	.4677197	.2252172	.3070631	0
799.15	0	.4678547	.22511	.3070353	0
798.15	0	.4679904	.225002	.3070075	0
797.15	0	.4681269	.2248933	.3069798	0
796.15	0	.4682639	.224784	.3069521	0
795.15	0	.4684014	.2246742	.3069244	0
794.15	0	.4685392	.2245641	.3068967	0
793.15	0	.4686772	.2244538	.306869	0
792.15	0	.4688153	.2243433	.3068413	0
791.15	0	.4689535	.2242328	.3068137	0
790.15	0	.4690916	.2241224	.306786	0
789.15	0	.4692296	.2240121	.3067583	0
788.15	0	.4693674	.223902	.3067307	0
787.15	0	.4695048	.2237922	.306703	0
786.15	0	.4696419	.2236828	.3066753	0
785.15	0	.4697786	.2235738	.3066476	0
784.15	0	.4699149	.2234653	.3066199	0
783.15	0	.4700505	.2233574	.3065921	0
782.15	0	.4701856	.22325	.3065643	0
781.15	0	.4703201	.2231434	.3065365	0
780.15	0	.4704539	.2230374	.3065087	0
779.15	0	.4705869	.2229322	.3064809	0
778.15	0	.4707192	.2228278	.306453	0
777.15	0	.4708507	.2227242	.3064251	0
776.15	0	.4709813	.2226215	.3063972	0
775.15	0	.4711111	.2225197	.3063692	0
774.15	0	.4712399	.2224188	.3063412	0
773.15	0	.4713679	.2223189	.3063132	0
772.15	0	.4714949	.22222	.3062852	0
771.15	0	.4716209	.2221221	.3062571	0
770.15	0	.4717459	.2220252	.3062289	0
769.15	0	.4718698	.2219294	.3062008	0
768.15	0	.4719928	.2218347	.3061725	0
767.15	0	.4721147	.221741	.3061443	0
766.15	0	.4722355	.2216485	.306116	0
765.15	0	.4723552	.2215571	.3060877	0
764.15	0	.4724739	.2214668	.3060593	0
763.15	0	.4725914	.2213777	.3060309	0
762.15	0	.4727078	.2212897	.3060025	0
761.15	0	.4728231	.2212029	.305974	0
760.15	0	.4729373	.2211173	.3059454	0
759.15	0	.4730503	.2210329	.3059168	0
758.15	0	.4731622	.2209496	.3058882	0
757.15	0	.4732729	.2208675	.3058596	0
756.15	0	.4733825	.2207867	.3058308	0
755.15	0	.4734909	.220707	.3058021	0
754.15	0	.4735982	.2206286	.3057733	0
753.15	0	.4737042	.2205513	.3057445	0
752.15	0	.4738092	.2204752	.3057156	0
751.15	0	.473913	.2204004	.3056867	0
750.15	0	.4740156	.2203268	.3056577	0
749.15	0	.474117	.2202543	.3056287	0
748.15	0	.4742173	.2201831	.3055996	0
747.15	0	.4743165	.220113	.3055705	0
746.15	0	.4744145	.2200442	.3055413	0
745.15	0	.4745113	.2199765	.3055121	0
744.15	0	.474607	.2199101	.3054829	0
743.15	0	.4747015	.2198448	.3054536	0
742.15	0	.4747949	.2197808	.3054243	0
741.15	0	.4748872	.2197178	.3053949	0
740.15	0	.4749784	.2196561	.3053655	0
739.15	0	.4750684	.2195956	.3053361	0
738.15	0	.4751573	.2195362	.3053066	0
737.15	0	.4752451	.2194779	.305277	0
736.15	0	.4753318	.2194208	.3052474	0
735.15	0	.4754174	.2193649	.3052178	0
734.15	0	.4755019	.2193101	.3051881	0
733.15	0	.4755853	.2192564	.3051584	0
732.15	0	.4756676	.2192038	.3051286	0
731.15	0	.4757509	.2191509	.3050982	0
730.15	0	.475831	.2191006	.3050684	0
729.15	0	.4759099	.2190515	.3050386	0
728.15	0	.4759878	.2190035	.3050087	0
727.15	0	.4760647	.2189566	.3049787	0
726.15	0	.4761406	.2189107	.3049487	0
725.15	0	.4762154	.2188659	.3049187	0
724.15	0	.4762893	.2188221	.3048886	0
723.15	0	.4763621	.2187794	.3048585	0
722.15	0	.4764339	.2187378	.3048283	0
721.15	0	.4765047	.2186971	.3047981	0
720.15	0	.4765746	.2186575	.3047679	0
719.15	0	.4766435	.2186189	.3047376	0
718.15	0	.4767114	.2185814	.3047073	0
717.15	0	.4767783	.2185448	.3046769	0
716.15	0	.4768443	.2185092	.3046465	0
715.15	0	.4769093	.2184746	.3046161	0
714.15	0	.4769735	.218441	.3045856	0
713.15	0	.4770366	.2184083	.3045551	0
712.15	0	.4770989	.2183766	.3045245	0
711.15	0	.4771603	.2183459	.3044939	0
710.15	0	.4772207	.218316	.3044633	0
709.15	0	.4772802	.2182872	.3044326	0
708.15	0	.4773389	.2182592	.3044019	0
707.15	0	.4773967	.2182322	.3043711	0
706.15	0	.4774536	.2182061	.3043404	0
705.15	0	.4775096	.2181809	.3043095	0
704.15	0	.4775648	.2181565	.3042787	0
703.15	0	.4776191	.2181331	.3042478	0
702.15	0	.4776726	.2181105	.3042169	0
701.15	0	.4777253	.2180888	.3041859	0
700.15	0	.4777771	.218068	.3041549	0
699.15	0	.4778281	.218048	.3041239	0
698.15	0	.4778783	.2180288	.3040928	0
697.15	0	.4779277	.2180105	.3040618	0
696.15	0	.4779763	.217993	.3040306	0
695.15	0	.4780241	.2179764	.3039995	0
694.15	0	.4780712	.2179605	.3039683	0
693.15	0	.4781174	.2179454	.3039371	0
692.15	0	.478163	.2179312	.3039059	0
691.15	0	.4782077	.2179177	.3038746	0
690.15	0	.4782517	.217905	.3038433	0
689.15	0	.4782949	.2178931	.303812	0
688.15	0	.4783375	.2178819	.3037806	0
687.15	0	.4783793	.2178715	.3037493	0
686.15	0	.4784203	.2178618	.3037179	0
685.15	0	.4784607	.2178529	.3036864	0
684.15	0	.4785004	.2178447	.303655	0
683.15	0	.4785393	.2178372	.3036235	0
682.15	0	.4785776	.2178305	.303592	0
681.15	0	.4786151	.2178244	.3035604	0
680.15	0	.478652	.2178191	.3035289	0
679.15	0	.4786883	.2178144	.3034973	0
678.15	0	.4787239	.2178104	.3034657	0
677.15	0	.4787588	.2178072	.3034341	0
676.15	0	.478793	.2178045	.3034024	0
675.15	0	.4788267	.2178026	.3033708	0
674.15	0	.4788596	.2178013	.3033391	0
673.15	0	.478892	.2178006	.3033074	0
672.15	0	.4789237	.2178006	.3032757	0
671.15	0	.4789548	.2178013	.3032439	0
670.15	0	.4789853	.2178025	.3032122	0
669.15	0	.4790152	.2178044	.3031804	0
668.15	0	.4790445	.2178069	.3031486	0
667.15	0	.4790732	.21781	.3031168	0
666.15	0	.4791014	.2178137	.3030849	0
665.15	0	.4791289	.217818	.3030531	0
664.15	0	.4791559	.2178229	.3030212	0
663.15	0	.4791823	.2178284	.3029893	0
662.15	0	.4792081	.2178345	.3029574	0
661.15	0	.4792334	.2178411	.3029255	0
660.15	0	.4792581	.2178483	.3028936	0
659.15	0	.4792823	.217856	.3028617	0
658.15	0	.479306	.2178643	.3028297	0
657.15	0	.4793291	.2178732	.3027978	0
656.15	0	.4793517	.2178825	.3027658	0
655.15	0	.4793738	.2178924	.3027338	0
654.15	0	.4793953	.2179029	.3027018	0
653.15	0	.4794164	.2179138	.3026698	0
652.15	0	.479437	.2179253	.3026378	0
651.15	0	.479457	.2179372	.3026058	0
650.15	0	.4794766	.2179497	.3025737	0
649.15	0	.4794956	.2179627	.3025417	0
648.15	0	.4795142	.2179762	.3025096	0
647.15	0	.4795323	.2179901	.3024776	0
646.15	0	.47955	.2180045	.3024455	0
645.15	0	.4795671	.2180194	.3024135	0
644.15	0	.4795839	.2180348	.3023814	0
643.15	0	.4796001	.2180506	.3023493	0
642.15	0	.4796159	.2180669	.3023172	0
641.15	0	.4796313	.2180836	.3022851	0
640.15	0	.4796462	.2181008	.302253	0
639.15	0	.4796606	.2181184	.302221	0
638.15	0	.4796747	.2181365	.3021889	0
637.15	0	.4796883	.218155	.3021568	0
636.15	0	.4797015	.2181739	.3021247	0
635.15	0	.4797143	.2181932	.3020926	0
634.15	0	.4797266	.2182129	.3020605	0
633.15	0	.4797385	.2182331	.3020284	0
632.15	0	.4797501	.2182536	.3019963	0
631.15	0	.4797612	.2182746	.3019642	0
630.15	0	.479772	.2182959	.3019321	0
629.15	0	.4797823	.2183177	.3019	0
628.15	0	.4797923	.2183398	.3018679	0
627.15	0	.4798019	.2183623	.3018358	0
626.15	0	.4798111	.2183852	.3018038	0
625.15	0	.4798199	.2184084	.3017717	0
624.15	0	.4798284	.218432	.3017396	0
623.15	0	.4798365	.218456	.3017075	0
622.15	0	.4798442	.2184803	.3016755	0
621.15	0	.4798516	.218505	.3016434	0
620.15	0	.4798586	.21853	.3016114	0
619.15	0	.4798653	.2185554	.3015794	0
618.15	0	.4798716	.2185811	.3015473	0
617.15	0	.4798776	.2186071	.3015153	0
616.15	0	.4798832	.2186335	.3014833	0
615.15	0	.4798885	.2186602	.3014513	0
614.15	0	.4798935	.2186872	.3014193	0
613.15	0	.4798981	.2187145	.3013873	0
612.15	0	.4799025	.2187422	.3013554	0
611.15	0	.4799065	.2187701	.3013234	0
610.15	0	.4799102	.2187984	.3012915	0
609.15	0	.4799135	.218827	.3012595	0
608.15	0	.4799166	.2188558	.3012276	0
607.15	0	.4799194	.2188849	.3011957	0
606.15	0	.4799218	.2189144	.3011638	0
605.15	0	.479924	.2189441	.301132	0
604.15	0	.4799258	.2189741	.3011001	0
603.15	0	.4799274	.2190043	.3010683	0
602.15	0	.4799287	.2190349	.3010364	0
601.15	0	.4799297	.2190657	.3010046	0
600.15	0	.4799304	.2190967	.3009728	0
599.15	0	.4799309	.2191281	.3009411	0
598.15	0	.479931	.2191597	.3009093	0
597.15	0	.4799309	.2191915	.3008776	0
596.15	0	.4799305	.2192236	.3008459	0
595.15	0	.4799299	.2192559	.3008142	0
594.15	0	.479929	.2192885	.3007825	0
593.15	0	.4799278	.2193213	.3007509	0
592.15	0	.4799264	.2193543	.3007193	0
591.15	0	.4799247	.2193876	.3006877	0
590.15	0	.4799228	.2194211	.3006561	0
589.15	0	.4799206	.2194548	.3006245	0
588.15	0	.4799182	.2194888	.300593	0
587.15	0	.4799156	.2195229	.3005615	0
586.15	0	.4799127	.2195573	.30053	0
585.15	0	.4799095	.2195919	.3004986	0
584.15	0	.4799061	.2196267	.3004671	0
583.15	0	.4799026	.2196617	.3004357	0
582.15	0	.4798987	.2196969	.3004044	0
581.15	0	.4798947	.2197323	.300373	0
580.15	0	.4798904	.2197679	.3003417	0
579.15	0	.4798859	.2198037	.3003104	0
578.15	0	.4798812	.2198396	.3002792	0
577.15	0	.4798763	.2198758	.300248	0
576.15	0	.4798711	.2199121	.3002168	0
575.15	0	.4798658	.2199486	.3001856	0
574.15	0	.4798603	.2199853	.3001545	0
573.15	0	.4798545	.2200221	.3001234	0
572.15	0	.4798485	.2200592	.3000923	0
571.15	0	.4798424	.2200963	.3000613	0
570.15	0	.479836	.2201337	.3000303	0
569.15	0	.4798295	.2201712	.2999993	0
568.15	0	.4798228	.2202089	.2999684	0
567.15	0	.4798158	.2202467	.2999375	0
566.15	0	.4798087	.2202847	.2999066	0
565.15	0	.4798014	.2203228	.2998758	0
564.15	0	.4797939	.220361	.299845	0
563.15	0	.4797863	.2203994	.2998143	0
562.15	0	.4797784	.220438	.2997836	0
561.15	0	.4797704	.2204766	.2997529	0
560.15	0	.4797623	.2205155	.2997223	0
559.15	0	.4797539	.2205544	.2996917	0
558.15	0	.4797454	.2205935	.2996612	0
557.15	0	.4797367	.2206326	.2996307	0
556.15	0	.4797278	.220672	.2996002	0
555.15	0	.4797188	.2207114	.2995698	0
554.15	0	.4797097	.220751	.2995394	0
553.15	0	.4797003	.2207906	.299509	0
552.15	0	.4796908	.2208304	.2994788	0
551.15	0	.4796812	.2208703	.2994485	0
550.15	0	.4796714	.2209103	.2994183	0
549.15	0	.4796615	.2209504	.2993882	0
548.15	0	.4796514	.2209906	.299358	0
547.15	0	.4796411	.2210309	.299328	0
546.15	0	.4796308	.2210713	.299298	0
545.15	0	.4796202	.2211118	.299268	0
544.15	0	.4796096	.2211524	.2992381	0
543.15	0	.4795988	.2211931	.2992082	0
542.15	0	.4795878	.2212338	.2991784	0
541.15	0	.4795768	.2212747	.2991486	0
540.15	0	.4795656	.2213156	.2991188	0
539.15	0	.4795542	.2213566	.2990892	0
538.15	0	.4795428	.2213977	.2990596	0
537.15	0	.4795312	.2214388	.29903	0
536.15	0	.4795195	.2214801	.2990005	0
535.15	0	.4795077	.2215214	.298971	0
534.15	0	.4794957	.2215627	.2989416	0
533.15	0	.4794836	.2216042	.2989122	0
532.15	0	.4794714	.2216457	.2988829	0
531.15	0	.4794591	.2216872	.2988536	0
530.15	0	.4794467	.2217288	.2988244	0
529.15	0	.4794342	.2217705	.2987953	0
528.15	0	.4794216	.2218122	.2987662	0
527.15	0	.4794088	.221854	.2987372	0
526.15	0	.4793959	.2218959	.2987082	0
525.15	0	.479383	.2219377	.2986793	0
524.15	0	.4793699	.2219797	.2986504	0
523.15	0	.4793567	.2220216	.2986216	0
522.15	0	.4793435	.2220637	.2985929	0
521.15	0	.4793301	.2221057	.2985642	0
520.15	0	.4793166	.2221478	.2985356	0
519.15	0	.4793031	.2221899	.298507	0
518.15	0	.4792894	.2222321	.2984785	0
517.15	0	.4792756	.2222743	.2984501	0
516.15	0	.4792618	.2223165	.2984217	0
515.15	0	.4792478	.2223587	.2983934	0
514.15	0	.4792338	.222401	.2983652	0
513.15	0	.4792197	.2224433	.298337	0
512.15	0	.4792055	.2224857	.2983088	0
511.15	0	.4791912	.222528	.2982808	0
510.15	0	.4791769	.2225704	.2982528	0
509.15	0	.4791624	.2226127	.2982249	0
508.15	0	.4791479	.2226551	.298197	0
507.15	0	.4791333	.2226975	.2981692	0
506.15	0	.4791186	.2227399	.2981415	0
505.7199	0	.4791123	.2227582	.2981296	0
505.7199	0	.4791123	.2227582	.2981296	0
505.7199	0	.4791123	.2227582	.2981296	0
505.15	0	.4792444	.2224638	.2979614	3.30392E-04
504.15	0	.4794752	.2219489	.297667	9.089253E-04
503.15	0	.4797046	.2214361	.2973734	.001485945
502.15	0	.4799326	.2209253	.2970806	.002061465
501.15	0	.4801593	.2204166	.2967887	.002635499
500.15	0	.4803846	.2199099	.2964975	.00320806
499.15	0	.4806085	.2194052	.2962072	.003779163
498.15	0	.4808312	.2189024	.2959176	.004348819
497.15	0	.4810526	.2184016	.2956288	.004917043
496.15	0	.4812727	.2179027	.2953408	.005483847
495.15	0	.4814915	.2174056	.2950536	.006049245
494.15	0	.4817091	.2169105	.2947672	.006613248
493.15	0	.4819255	.2164172	.2944815	.007175871
492.15	0	.4821407	.2159257	.2941965	.007737124
491.15	0	.4823547	.215436	.2939123	.00829702
490.15	0	.4825676	.214948	.2936288	.008855608
489.15	0	.4827793	.2144618	.2933461	.009412828
488.15	0	.4829898	.2139774	.2930641	.009968728
487.15	0	.4831992	.2134946	.2927828	.01052332
486.15	0	.4834075	.2130135	.2925023	.01107662
485.15	0	.4836147	.2125341	.2922225	.01162863
484.15	0	.4838208	.2120564	.2919434	.01217936
483.15	0	.4840259	.2115803	.291665	.01272884
482.15	0	.4842299	.2111057	.2913873	.01327706
481.15	0	.4844329	.2106328	.2911103	.01382405
480.15	0	.4846348	.2101614	.290834	.0143698
479.15	0	.4848358	.2096915	.2905584	.01491434
478.15	0	.4850357	.2092232	.2902834	.01545768
477.15	0	.4852347	.2087563	.2900092	.01599981
476.15	0	.4854327	.208291	.2897356	.01654077
475.15	0	.4856298	.2078271	.2894626	.01708054
474.15	0	.4858259	.2073646	.2891903	.01761916
473.15	0	.4860211	.2069036	.2889187	.01815662
472.15	0	.4862154	.206444	.2886477	.01869293
471.15	0	.4864088	.2059857	.2883774	.01922812
470.15	0	.4866013	.2055289	.2881077	.01976218
469.15	0	.486793	.2050733	.2878386	.02029512
468.15	0	.4869837	.2046191	.2875702	.02082697
467.15	0	.4871736	.2041663	.2873024	.02135772
466.15	0	.4873627	.2037147	.2870352	.02188738
465.15	0	.487551	.2032644	.2867686	.02241597
464.15	0	.4877384	.2028154	.2865027	.0229435
463.15	0	.4879251	.2023676	.2862373	.02346997
462.15	0	.488111	.2019211	.2859726	.02399539
461.15	0	.488296	.2014758	.2857084	.02451978
460.15	0	.4884803	.2010316	.2854449	.02504314
459.15	0	.4886639	.2005887	.2851819	.02556548
458.15	0	.4888467	.2001469	.2849196	.02608682
457.15	0	.4890288	.1997063	.2846578	.02660715
456.15	0	.4892101	.1992668	.2843966	.02712649
455.15	0	.4893908	.1988284	.284136	.02764485
454.15	0	.4895707	.1983912	.2838759	.02816223
453.15	0	.4897499	.197955	.2836164	.02867864
452.15	0	.4899285	.1975199	.2833575	.0291941
451.15	0	.4901064	.1970859	.2830991	.02970861
450.15	0	.4902836	.1966529	.2828413	.03022218
449.15	0	.4904602	.1962209	.2825841	.03073483
448.15	0	.4906362	.1957899	.2823274	.03124655
447.15	0	.4908115	.1953599	.2820713	.03175737
