T	 BPW(LIQUID)	BPW(BCC_A2)	BPW(FCC_A1)	BPW(LAVES_PHASE_C14)	BPW(NI3TI)
1473.15	.2361183	.7638817	0	0	0
1472.15	.2336673	.7663327	0	0	0
1471.15	.231232	.768768	0	0	0
1470.15	.2288124	.7711876	0	0	0
1469.15	.2264082	.7735918	0	0	0
1468.15	.2240194	.7759806	0	0	0
1467.15	.2216457	.7783543	0	0	0
1466.15	.2192871	.7807129	0	0	0
1465.15	.2169434	.7830566	0	0	0
1464.15	.2146145	.7853855	0	0	0
1463.15	.2123003	.7876997	0	0	0
1462.15	.2100007	.7899993	0	0	0
1461.15	.2077154	.7922846	0	0	0
1460.15	.2054445	.7945555	0	0	0
1459.15	.2031877	.7968123	0	0	0
1458.15	.200945	.799055	0	0	0
1457.15	.1987162	.8012838	0	0	0
1456.15	.1965012	.8034988	0	0	0
1455.15	.1942999	.8057001	0	0	0
1454.15	.1921122	.8078878	0	0	0
1453.15	.189938	.810062	0	0	0
1452.15	.1877771	.8122229	0	0	0
1451.15	.1856294	.8143706	0	0	0
1450.15	.1834949	.8165051	0	0	0
1449.15	.1813734	.8186266	0	0	0
1448.15	.1792648	.8207352	0	0	0
1447.15	.177169	.822831	0	0	0
1446.15	.1750859	.8249141	0	0	0
1445.15	.1730155	.8269846	0	0	0
1444.15	.1709575	.8290426	0	0	0
1443.15	.1689118	.8310882	0	0	0
1442.15	.1668785	.8331215	0	0	0
1441.15	.1648574	.8351426	0	0	0
1440.15	.1628483	.8371517	0	0	0
1439.15	.1608513	.8391488	0	0	0
1438.15	.1588661	.8411339	0	0	0
1437.15	.1568927	.8431073	0	0	0
1436.15	.154931	.845069	0	0	0
1435.15	.152981	.847019	0	0	0
1434.15	.1510424	.8489576	0	0	0
1433.15	.1491153	.8508847	0	0	0
1432.15	.1471995	.8528005	0	0	0
1431.15	.1452949	.8547051	0	0	0
1430.15	.1434015	.8565985	0	0	0
1429.15	.1415192	.8584808	0	0	0
1428.15	.1396478	.8603522	0	0	0
1427.15	.1377873	.8622127	0	0	0
1426.15	.1359376	.8640624	0	0	0
1425.15	.1340987	.8659013	0	0	0
1424.15	.1322704	.8677296	0	0	0
1423.15	.1304526	.8695474	0	0	0
1422.15	.1286453	.8713547	0	0	0
1421.15	.1268485	.8731516	0	0	0
1420.15	.1250619	.8749381	0	0	0
1419.15	.1232855	.8767145	0	0	0
1418.15	.1215193	.8784807	0	0	0
1417.15	.1197632	.8802368	0	0	0
1416.15	.1180171	.8819829	0	0	0
1415.15	.116281	.8837191	0	0	0
1414.15	.1145546	.8854454	0	0	0
1413.15	.1128381	.8871619	0	0	0
1412.15	.1111312	.8888688	0	0	0
1411.15	.109434	.890566	0	0	0
1410.15	.1077463	.8922537	0	0	0
1409.15	.1060681	.8939319	0	0	0
1408.15	.1043994	.8956006	0	0	0
1407.15	.10274	.89726	0	0	0
1406.15	.1010898	.8989102	0	0	0
1405.15	.09944889	.9005511	0	0	0
1404.15	.0978171	.9021829	0	0	0
1403.15	.09619439	.9038056	0	0	0
1402.15	.09458069	.9054193	0	0	0
1401.15	.09297593	.9070241	0	0	0
1400.15	.09138004	.90862	0	0	0
1399.15	.08979297	.910207	0	0	0
1398.15	.08821465	.9117854	0	0	0
1397.15	.08664502	.913355	0	0	0
1396.15	.08508401	.914916	0	0	0
1395.15	.08353157	.9164684	0	0	0
1394.15	.08198763	.9180124	0	0	0
1393.15	.08045214	.9195479	0	0	0
1392.15	.07892502	.921075	0	0	0
1391.15	.07740623	.9225938	0	0	0
1390.15	.07589571	.9241043	0	0	0
1389.15	.07439339	.9256066	0	0	0
1388.15	.07289922	.9271008	0	0	0
1387.15	.07141315	.9285868	0	0	0
1386.15	.06993512	.9300649	0	0	0
1385.15	.06846506	.9315349	0	0	0
1384.15	.06700294	.9329971	0	0	0
1383.15	.06554868	.9344513	0	0	0
1382.15	.06410225	.9358978	0	0	0
1381.15	.06266358	.9373364	0	0	0
1380.15	.06123262	.9387674	0	0	0
1379.15	.05980932	.9401907	0	0	0
1378.15	.05839364	.9416064	0	0	0
1377.15	.05698551	.9430145	0	0	0
1376.15	.05558489	.9444151	0	0	0
1375.15	.05419172	.9458083	0	0	0
1374.15	.05280596	.947194	0	0	0
1373.15	.05142757	.9485724	0	0	0
1372.15	.05005648	.9499435	0	0	0
1371.15	.04869265	.9513074	0	0	0
1370.15	.04733603	.952664	0	0	0
1369.15	.04598659	.9540134	0	0	0
1368.15	.04464426	.9553557	0	0	0
1367.15	.04330901	.956691	0	0	0
1366.15	.04198078	.9580192	0	0	0
1365.15	.04065954	.9593405	0	0	0
1364.15	.03934524	.9606548	0	0	0
1363.15	.03803783	.9619622	0	0	0
1362.15	.03673727	.9632627	0	0	0
1361.15	.03544352	.9645565	0	0	0
1360.15	.03415653	.9658435	0	0	0
1359.15	.03287626	.9671237	0	0	0
1358.15	.03160267	.9683973	0	0	0
1357.15	.03033572	.9696643	0	0	0
1356.15	.02907537	.9709246	0	0	0
1355.15	.02782157	.9721784	0	0	0
1354.15	.02657428	.9734257	0	0	0
1353.15	.02533347	.9746665	0	0	0
1352.15	.0240991	.9759009	0	0	0
1351.15	.02287112	.9771289	0	0	0
1350.15	.02164949	.9783505	0	0	0
1349.15	.02043419	.9795658	0	0	0
1348.15	.01922516	.9807748	0	0	0
1347.15	.01802238	.9819776	0	0	0
1346.15	.01682581	.9831742	0	0	0
1345.15	.0156354	.9843646	0	0	0
1344.15	.01445112	.9855489	0	0	0
1343.15	.01327294	.9867271	0	0	0
1342.15	.01210082	.9878992	0	0	0
1341.15	.01093473	.9890653	0	0	0
1340.15	.009774619	.9902254	0	0	0
1339.15	.008620467	.9913795	0	0	0
1338.15	.007472236	.9925278	0	0	0
1337.15	.006329891	.9936701	0	0	0
1336.15	.005193398	.9948066	0	0	0
1335.15	.004062724	.9959373	0	0	0
1334.15	.002937837	.9970622	0	0	0
1333.15	.001818703	.9981813	0	0	0
1332.15	7.052904E-04	.9992947	0	0	0
1331.514	0	1	0	0	0
1331.514	0	1	0	0	0
1331.15	0	1	0	0	0
1330.15	0	1	0	0	0
1329.15	0	1	0	0	0
1328.15	0	1	0	0	0
1327.15	0	1	0	0	0
1326.15	0	1	0	0	0
1325.15	0	1	0	0	0
1324.15	0	1	0	0	0
1323.15	0	1	0	0	0
1322.15	0	1	0	0	0
1321.15	0	1	0	0	0
1320.15	0	1	0	0	0
1319.15	0	1	0	0	0
1318.15	0	1	0	0	0
1317.15	0	1	0	0	0
1316.15	0	1	0	0	0
1315.15	0	1	0	0	0
1314.15	0	1	0	0	0
1313.15	0	1	0	0	0
1312.15	0	1	0	0	0
1311.15	0	1	0	0	0
1310.15	0	1	0	0	0
1309.15	0	1	0	0	0
1308.15	0	1	0	0	0
1307.15	0	1	0	0	0
1306.15	0	1	0	0	0
1305.15	0	1	0	0	0
1304.15	0	1	0	0	0
1303.314	0	1	0	0	0
1303.314	0	1	0	0	0
1303.314	0	1	0	0	0
1303.15	0	.9998031	1.968938E-04	0	0
1302.15	0	.9986001	.001399901	0	0
1301.15	0	.997399	.00260103	0	0
1300.15	0	.9961997	.003800281	0	0
1299.15	0	.9950024	.004997652	0	0
1298.15	0	.9938069	.006193144	0	0
1297.15	0	.9926132	.007386755	0	0
1296.15	0	.9914215	.008578486	0	0
1295.15	0	.9902317	.009768335	0	0
1294.15	0	.9890437	.0109563	0	0
1293.15	0	.9878576	.01214239	0	0
1292.15	0	.9866734	.01332659	0	0
1291.15	0	.9854911	.01450891	0	0
1290.15	0	.9843107	.01568934	0	0
1289.15	0	.9831321	.01686789	0	0
1288.15	0	.9819555	.01804455	0	0
1287.15	0	.9807807	.01921932	0	0
1286.15	0	.9796078	.02039221	0	0
1285.15	0	.9784368	.02156321	0	0
1284.15	0	.9772677	.02273232	0	0
1283.15	0	.9761005	.02389954	0	0
1282.15	0	.9749351	.02506487	0	0
1281.15	0	.9737717	.02622831	0	0
1280.15	0	.9726102	.02738985	0	0
1279.15	0	.9714505	.0285495	0	0
1278.15	0	.9702927	.02970726	0	0
1277.15	0	.9691369	.03086312	0	0
1276.15	0	.9679829	.03201708	0	0
1275.15	0	.9668309	.03316915	0	0
1274.15	0	.9656807	.03431932	0	0
1273.15	0	.9645324	.03546758	0	0
1272.15	0	.9633861	.03661395	0	0
1271.15	0	.9622416	.03775842	0	0
1270.15	0	.961099	.03890098	0	0
1269.15	0	.9599584	.04004164	0	0
1268.15	0	.9588196	.04118039	0	0
1267.15	0	.9576828	.04231724	0	0
1266.15	0	.9565478	.04345218	0	0
1265.15	0	.9554148	.0445852	0	0
1264.15	0	.9542837	.04571632	0	0
1263.15	0	.9531545	.04684553	0	0
1262.15	0	.9520272	.04797283	0	0
1261.15	0	.9509018	.04909821	0	0
1260.15	0	.9497783	.05022167	0	0
1259.15	0	.9486568	.05134322	0	0
1258.15	0	.9475372	.05246285	0	0
1257.15	0	.9464194	.05358056	0	0
1256.15	0	.9453037	.05469634	0	0
1255.15	0	.9441898	.05581021	0	0
1254.15	0	.9430779	.05692215	0	0
1253.15	0	.9419678	.05803216	0	0
1252.15	0	.9408598	.05914025	0	0
1251.15	0	.9397536	.06024641	0	0
1250.15	0	.9386494	.06135063	0	0
1249.15	0	.9375471	.06245292	0	0
1248.15	0	.9364467	.06355328	0	0
1247.15	0	.9353483	.06465171	0	0
1246.15	0	.9342518	.06574819	0	0
1245.15	0	.9331573	.06684274	0	0
1244.15	0	.9320647	.06793534	0	0
1243.15	0	.930974	.06902601	0	0
1242.15	0	.9298853	.07011472	0	0
1241.15	0	.9287985	.07120149	0	0
1240.15	0	.9277137	.07228631	0	0
1239.15	0	.9266308	.07336918	0	0
1238.15	0	.9255499	.0744501	0	0
1237.15	0	.9244709	.07552907	0	0
1236.15	0	.9233939	.07660607	0	0
1235.15	0	.9223189	.07768112	0	0
1234.15	0	.9212458	.07875421	0	0
1233.15	0	.9201747	.07982533	0	0
1232.15	0	.9191055	.08089449	0	0
1231.15	0	.9180383	.08196169	0	0
1230.15	0	.9169731	.08302691	0	0
1229.15	0	.9159098	.08409016	0	0
1228.15	0	.9148486	.08515144	0	0
1227.15	0	.9137893	.08621074	0	0
1226.15	0	.9127319	.08726806	0	0
1225.15	0	.9116766	.08832341	0	0
1224.15	0	.9106232	.08937677	0	0
1223.15	0	.9095719	.09042814	0	0
1222.15	0	.9085225	.09147753	0	0
1221.15	0	.9074751	.09252492	0	0
1220.15	0	.9064297	.09357033	0	0
1219.15	0	.9053863	.09461373	0	0
1218.15	0	.9043449	.09565514	0	0
1217.15	0	.9033055	.09669455	0	0
1216.15	0	.902268	.09773196	0	0
1215.15	0	.9012326	.09876736	0	0
1214.15	0	.9001993	.09980075	0	0
1213.15	0	.8991679	.1008321	0	0
1212.15	0	.8981385	.1018615	0	0
1211.15	0	.8971111	.1028889	0	0
1210.15	0	.8960858	.1039142	0	0
1209.15	0	.8950625	.1049375	0	0
1208.15	0	.8940412	.1059588	0	0
1207.15	0	.893022	.106978	0	0
1206.15	0	.8920048	.1079953	0	0
1205.15	0	.8909896	.1090104	0	0
1204.15	0	.8899764	.1100236	0	0
1203.15	0	.8889653	.1110347	0	0
1202.15	0	.8879562	.1120438	0	0
1201.15	0	.8869492	.1130508	0	0
1200.15	0	.8859442	.1140558	0	0
1199.15	0	.8849413	.1150587	0	0
1198.15	0	.8839404	.1160596	0	0
1197.15	0	.8829416	.1170584	0	0
1196.921	0	.8827129	.1172872	0	0
1196.921	0	.8827129	.1172872	0	0
1196.921	0	.8827129	.1172872	0	0
1196.15	0	.8816865	.1179283	3.851859E-04	0
1195.15	0	.8803582	.1187579	8.839046E-04	0
1194.15	0	.8790338	.1195848	.001381387	0
1193.15	0	.8777134	.120409	.001877638	0
1192.15	0	.8763969	.1212305	.00237266	0
1191.15	0	.8750843	.1220493	.002866458	0
1190.15	0	.8737756	.1228654	.003359035	0
1189.15	0	.8724709	.1236787	.003850395	0
1188.15	0	.87117	.1244894	.004340543	0
1187.15	0	.8698731	.1252974	.004829481	0
1186.15	0	.86858	.1261027	.005317215	0
1185.15	0	.8672909	.1269054	.005803746	0
1184.15	0	.8660056	.1277053	.00628908	0
1183.15	0	.8647242	.1285026	.006773219	0
1182.15	0	.8634466	.1292972	.007256168	0
1181.15	0	.862173	.1300891	.007737929	0
1180.15	0	.8609031	.1308784	.008218508	0
1179.15	0	.8596371	.131665	.008697907	0
1178.15	0	.858375	.1324489	.00917613	0
1177.15	0	.8571167	.1332301	.00965318	0
1176.15	0	.8558622	.1340087	.01012906	0
1175.15	0	.8546116	.1347847	.01060378	0
1174.15	0	.8533647	.1355579	.01107733	0
1173.15	0	.8521217	.1363286	.01154973	0
1172.15	0	.8508825	.1370965	.01202097	0
1171.15	0	.8496471	.1378619	.01249105	0
1170.15	0	.8484155	.1386245	.01295999	0
1169.15	0	.8471877	.1393846	.01342779	0
1168.15	0	.8459636	.1401419	.01389444	0
1167.15	0	.8447434	.1408967	.01435996	0
1166.15	0	.8435269	.1416488	.01482434	0
1165.15	0	.8423142	.1423983	.01528759	0
1164.15	0	.8411052	.1431451	.01574971	0
1163.15	0	.8399	.1438893	.01621071	0
1162.15	0	.8386986	.1446308	.01667058	0
1161.15	0	.8375009	.1453698	.01712934	0
1160.15	0	.8363069	.1461061	.01758698	0
1159.15	0	.8351168	.1468398	.0180435	0
1158.15	0	.8339303	.1475708	.01849892	0
1157.15	0	.8327475	.1482992	.01895323	0
1156.15	0	.8315685	.149025	.01940644	0
1155.15	0	.8303932	.1497482	.01985856	0
1154.15	0	.8292216	.1504688	.02030959	0
1153.15	0	.8280537	.1511868	.02075951	0
1152.15	0	.8268896	.1519021	.02120834	0
1151.15	0	.8257291	.1526148	.02165608	0
1150.15	0	.8245724	.1533249	.02210274	0
1149.15	0	.8234193	.1540324	.02254832	0
1148.15	0	.8222699	.1547373	.02299281	0
1147.15	0	.8211242	.1554395	.02343624	0
1146.15	0	.8199822	.1561392	.02387859	0
1145.15	0	.8188439	.1568363	.02431986	0
1144.15	0	.8177092	.1575307	.02476008	0
1143.15	0	.8165782	.1582225	.02519923	0
1142.15	0	.8154509	.1589118	.02563731	0
1141.15	0	.8143272	.1595984	.02607434	0
1140.15	0	.8132072	.1602825	.02651032	0
1139.15	0	.8120909	.1609639	.02694523	0
1138.15	0	.8109782	.1616427	.02737911	0
1137.15	0	.8098691	.162319	.02781193	0
1136.15	0	.8087637	.1629926	.02824371	0
1135.15	0	.8076619	.1636637	.02867444	0
1134.15	0	.8065638	.1643321	.02910414	0
1133.15	0	.8054693	.164998	.0295328	0
1132.15	0	.8043784	.1656612	.02996042	0
1131.15	0	.8032911	.1663219	.03038702	0
1130.15	0	.8022075	.1669799	.03081258	0
1129.15	0	.8011275	.1676354	.03123712	0
1128.15	0	.8000511	.1682883	.03166064	0
1127.15	0	.7989783	.1689386	.03208313	0
1126.15	0	.7979091	.1695863	.0325046	0
1125.15	0	.7968436	.1702314	.03292506	0
1124.15	0	.7957816	.1708739	.03334451	0
1123.15	0	.7947232	.1715138	.03376294	0
1122.15	0	.7936685	.1721512	.03418037	0
1121.15	0	.7926173	.1727859	.03459678	0
1120.15	0	.7915697	.1734181	.0350122	0
1119.15	0	.7905257	.1740477	.03542661	0
1118.15	0	.7894853	.1746747	.03584002	0
1117.15	0	.7884485	.175299	.03625244	0
1116.15	0	.7874153	.1759209	.03666386	0
1115.15	0	.7863857	.1765401	.03707428	0
1114.15	0	.7853596	.1771567	.03748372	0
1113.15	0	.7843371	.1777708	.03789217	0
1112.15	0	.7833182	.1783822	.03829963	0
1111.15	0	.7823028	.1789911	.03870611	0
1110.15	0	.781291	.1795974	.03911161	0
1109.15	0	.7802828	.1802011	.03951613	0
1108.15	0	.7792782	.1808022	.03991967	0
1107.15	0	.7782771	.1814007	.04032223	0
1106.15	0	.7772796	.1819966	.04072383	0
1105.15	0	.7762856	.18259	.04112445	0
1104.15	0	.7752952	.1831807	.0415241	0
1103.15	0	.7743083	.1837689	.04192278	0
1102.15	0	.773325	.1843545	.0423205	0
1101.15	0	.7723453	.1849374	.04271726	0
1100.15	0	.7713691	.1855178	.04311306	0
1099.15	0	.7703965	.1860957	.04350789	0
1098.15	0	.7694274	.1866709	.04390177	0
1097.15	0	.7684618	.1872435	.04429469	0
1096.15	0	.7674998	.1878135	.04468667	0
1095.15	0	.7665413	.188381	.04507768	0
1094.15	0	.7655864	.1889458	.04546775	0
1093.15	0	.764635	.1895081	.04585687	0
1092.15	0	.7636872	.1900678	.04624505	0
1091.15	0	.7627429	.1906249	.04663228	0
1090.15	0	.7618021	.1911793	.04701856	0
1089.15	0	.7608649	.1917312	.04740391	0
1088.15	0	.7599312	.1922805	.04778831	0
1087.15	0	.759001	.1928272	.04817178	0
1086.15	0	.7580744	.1933713	.04855432	0
1085.15	0	.7571513	.1939128	.04893591	0
1084.15	0	.7562317	.1944517	.04931658	0
1083.15	0	.7553156	.194988	.04969631	0
1082.15	0	.7544031	.1955218	.05007511	0
1081.15	0	.7534941	.1960529	.05045299	0
1080.15	0	.7525887	.1965814	.05082994	0
1079.15	0	.7516868	.1971073	.05120596	0
1078.15	0	.7507884	.1976306	.05158106	0
1077.15	0	.7498935	.1981513	.05195524	0
1076.15	0	.7490021	.1986694	.05232849	0
1075.15	0	.7481143	.1991849	.05270083	0
1074.15	0	.74723	.1996978	.05307225	0
1073.15	0	.7463492	.200208	.05344275	0
1072.15	0	.745472	.2007157	.05381233	0
1071.15	0	.7445982	.2012208	.054181	0
1070.15	0	.743728	.2017232	.05454876	0
1069.15	0	.7428613	.2022231	.0549156	0
1068.15	0	.7419982	.2027203	.05528154	0
1067.15	0	.7411385	.2032149	.05564656	0
1066.15	0	.7402824	.2037069	.05601068	0
1065.15	0	.7394298	.2041963	.05637389	0
1064.15	0	.7385807	.2046831	.05673619	0
1063.15	0	.7377352	.2051672	.05709759	0
1062.15	0	.7368931	.2056488	.05745808	0
1061.15	0	.7360546	.2061277	.05781767	0
1060.15	0	.7352196	.206604	.05817636	0
1059.15	0	.7343882	.2070777	.05853415	0
1058.15	0	.7335602	.2075487	.05889104	0
1057.15	0	.7327358	.2080172	.05924703	0
1056.15	0	.7319149	.208483	.05960212	0
1055.15	0	.7310975	.2089461	.05995631	0
1054.15	0	.7302837	.2094067	.06030961	0
1053.15	0	.7294734	.2098646	.06066201	0
1052.15	0	.7286666	.2103199	.06101351	0
1051.15	0	.7278633	.2107726	.06136412	0
1050.15	0	.7270635	.2112226	.06171384	0
1049.15	0	.7262673	.21167	.06206267	0
1048.15	0	.7254746	.2121148	.0624106	0
1047.15	0	.7246854	.2125569	.06275764	0
1046.15	0	.7238998	.2129965	.06310379	0
1045.15	0	.7231176	.2134333	.06344905	0
1044.15	0	.722339	.2138675	.06379342	0
1043.15	0	.721564	.2142991	.0641369	0
1042.15	0	.7207924	.2147281	.06447949	0
1041.15	0	.7200244	.2151544	.06482119	0
1040.15	0	.7192599	.2155781	.06516201	0
1039.15	0	.718499	.2159991	.06550193	0
1038.15	0	.7177416	.2164175	.06584097	0
1037.15	0	.7169877	.2168332	.06617913	0
1036.15	0	.7162373	.2172463	.06651639	0
1035.15	0	.7154905	.2176567	.06685277	0
1034.15	0	.7147472	.2180645	.06718827	0
1033.15	0	.7140074	.2184697	.06752287	0
1032.15	0	.7132712	.2188722	.0678566	0
1031.15	0	.7125385	.219272	.06818943	0
1030.15	0	.7118094	.2196693	.06852138	0
1029.15	0	.7110838	.2200638	.06885245	0
1028.15	0	.7103617	.2204557	.06918263	0
1027.15	0	.7096431	.2208449	.06951192	0
1026.15	0	.7089281	.2212315	.06984033	0
1025.15	0	.7082167	.2216155	.07016785	0
1024.15	0	.7075088	.2219968	.07049449	0
1023.15	0	.7068044	.2223754	.07082024	0
1022.15	0	.7061035	.2227514	.07114511	0
1021.15	0	.7054062	.2231247	.07146909	0
1020.15	0	.7047125	.2234954	.07179218	0
1019.15	0	.7040223	.2238634	.07211439	0
1018.15	0	.7033356	.2242287	.0724357	0
1017.15	0	.7026525	.2245914	.07275613	0
1016.15	0	.7019729	.2249514	.07307568	0
1015.15	0	.7012968	.2253088	.07339433	0
1014.15	0	.7006244	.2256635	.0737121	0
1013.15	0	.6999554	.2260156	.07402897	0
1012.15	0	.69929	.226365	.07434496	0
1011.15	0	.6986282	.2267118	.07466005	0
1010.15	0	.6979699	.2270559	.07497425	0
1009.15	0	.6973151	.2273973	.07528757	0
1008.15	0	.6966639	.2277361	.07559998	0
1007.15	0	.6960163	.2280722	.07591151	0
1006.15	0	.6953721	.2284057	.07622214	0
1005.15	0	.6947316	.2287366	.07653187	0
1004.15	0	.6940946	.2290647	.07684071	0
1003.15	0	.6934611	.2293902	.07714865	0
1002.15	0	.6928312	.2297131	.0774557	0
1001.15	0	.6922048	.2300333	.07776184	0
1000.15	0	.691582	.2303509	.07806708	0
999.15	0	.6909628	.2306658	.07837142	0
998.15	0	.690347	.2309781	.07867486	0
997.15	0	.6897349	.2312877	.07897739	0
996.15	0	.6891262	.2315947	.07927902	0
995.15	0	.6885212	.2318991	.07957974	0
994.15	0	.6879196	.2322008	.07987956	0
993.15	0	.6873217	.2324999	.08017846	0
992.15	0	.6867272	.2327963	.08047646	0
991.15	0	.6861363	.2330901	.08077353	0
990.15	0	.685549	.2333813	.0810697	0
989.15	0	.6849652	.2336699	.08136495	0
988.15	0	.6843849	.2339558	.08165928	0
987.15	0	.6838082	.2342391	.0819527	0
986.15	0	.683235	.2345198	.08224519	0
985.15	0	.6826654	.2347979	.08253675	0
984.15	0	.6820993	.2350733	.0828274	0
983.15	0	.6815367	.2353462	.08311711	0
982.15	0	.6809776	.2356165	.0834059	0
981.15	0	.6804221	.2358841	.08369375	0
980.15	0	.6798702	.2361492	.08398067	0
979.15	0	.6793217	.2364116	.08426666	0
978.15	0	.6787768	.2366715	.08455171	0
977.15	0	.6782354	.2369288	.08483581	0
976.15	0	.6776975	.2371835	.08511898	0
975.15	0	.6771631	.2374357	.08540119	0
974.15	0	.6766323	.2376853	.08568247	0
973.15	0	.6761049	.2379323	.08596278	0
972.15	0	.6755811	.2381768	.08624215	0
971.15	0	.6750607	.2384187	.08652056	0
970.15	0	.6745439	.2386581	.08679801	0
969.15	0	.6740306	.2388949	.0870745	0
968.15	0	.6735207	.2391293	.08735003	0
967.15	0	.6730143	.2393611	.08762458	0
966.15	0	.6725115	.2395904	.08789817	0
965.15	0	.6720121	.2398172	.08817078	0
964.15	0	.6715161	.2400414	.08844241	0
963.15	0	.6710237	.2402633	.08871307	0
962.15	0	.6705347	.2404826	.08898274	0
961.15	0	.6700492	.2406994	.08925142	0
960.15	0	.6695671	.2409138	.08951911	0
959.15	0	.6690884	.2411258	.0897858	0
958.15	0	.6686132	.2413353	.0900515	0
957.15	0	.6681415	.2415423	.09031619	0
956.15	0	.6676731	.241747	.09057988	0
955.15	0	.6672082	.2419492	.09084255	0
954.15	0	.6667467	.2421491	.09110422	0
953.15	0	.6662886	.2423466	.09136486	0
952.15	0	.6658339	.2425417	.09162448	0
951.15	0	.6653825	.2427344	.09188307	0
950.15	0	.6649346	.2429248	.09214063	0
949.15	0	.66449	.2431128	.09239716	0
948.15	0	.6640488	.2432986	.09265264	0
947.15	0	.6636109	.243482	.09290708	0
946.15	0	.6631764	.2436632	.09316047	0
945.15	0	.6627451	.2438421	.0934128	0
944.15	0	.6623173	.2440187	.09366407	0
943.15	0	.6618927	.2441931	.09391427	0
942.15	0	.6614714	.2443652	.09416341	0
941.15	0	.6610533	.2445352	.09441147	0
940.15	0	.6606386	.244703	.09465844	0
939.15	0	.6602271	.2448686	.09490433	0
938.15	0	.6598189	.245032	.09514913	0
937.15	0	.6594138	.2451933	.09539283	0
936.15	0	.659012	.2453526	.09563542	0
935.15	0	.6586134	.2455097	.0958769	0
934.15	0	.658218	.2456647	.09611727	0
933.15	0	.6578257	.2458178	.09635651	0
932.15	0	.6574366	.2459687	.09659462	0
931.15	0	.6570507	.2461177	.0968316	0
930.15	0	.6566678	.2462648	.09706743	0
929.15	0	.6562881	.2464098	.09730211	0
928.15	0	.6559114	.246553	.09753564	0
927.15	0	.6555378	.2466942	.09776801	0
926.15	0	.6551672	.2468336	.0979992	0
925.15	0	.6547996	.2469712	.09822921	0
924.15	0	.6544351	.2471069	.09845804	0
923.15	0	.6540735	.2472408	.09868568	0
922.15	0	.6537149	.247373	.09891211	0
921.15	0	.6533592	.2475035	.09913734	0
920.15	0	.6530064	.2476323	.09936135	0
919.15	0	.6526565	.2477594	.09958413	0
918.15	0	.6523094	.2478849	.09980568	0
917.15	0	.6519652	.2480088	.100026	0
916.15	0	.6516238	.2481311	.1002451	0
915.15	0	.6512852	.248252	.1004628	0
914.15	0	.6509493	.2483713	.1006794	0
913.15	0	.6506162	.2484892	.1008946	0
912.15	0	.6502857	.2486057	.1011086	0
911.15	0	.6499579	.2487209	.1013212	0
910.15	0	.6496327	.2488347	.1015326	0
909.15	0	.6493102	.2489472	.1017426	0
908.15	0	.6489901	.2490585	.1019513	0
907.15	0	.6486727	.2491686	.1021587	0
906.15	0	.6483577	.2492776	.1023647	0
905.15	0	.6480452	.2493854	.1025694	0
904.15	0	.6477351	.2494923	.1027727	0
903.15	0	.6474273	.2495981	.1029746	0
902.15	0	.647122	.2497029	.1031751	0
901.15	0	.6468189	.2498069	.1033742	0
900.15	0	.6465181	.24991	.1035719	0
899.15	0	.6462195	.2500123	.1037682	0
898.15	0	.6459231	.2501139	.103963	0
897.15	0	.6456288	.2502149	.1041563	0
896.15	0	.6453366	.2503152	.1043482	0
895.15	0	.6450465	.2504149	.1045386	0
894.15	0	.6447583	.2505142	.1047275	0
893.15	0	.6444721	.250613	.1049149	0
892.15	0	.6441877	.2507115	.1051008	0
891.15	0	.6439052	.2508096	.1052851	0
890.15	0	.6436245	.2509076	.1054679	0
889.15	0	.6433455	.2510054	.1056491	0
888.15	0	.6430682	.2511031	.1058287	0
887.15	0	.6427925	.2512008	.1060067	0
886.15	0	.6425184	.2512985	.1061831	0
885.15	0	.6422457	.2513964	.1063579	0
884.15	0	.6419745	.2514945	.106531	0
883.15	0	.6417046	.251593	.1067024	0
882.15	0	.6414361	.2516918	.1068721	0
881.15	0	.6411687	.2517911	.1070402	0
880.15	0	.6409026	.251891	.1072065	0
879.15	0	.6406375	.2519916	.107371	0
878.15	0	.6403734	.2520929	.1075338	0
877.15	0	.6401102	.252195	.1076948	0
876.15	0	.639848	.2522981	.1078539	0
875.15	0	.6395865	.2524023	.1080113	0
874.15	0	.6393256	.2525076	.1081667	0
873.15	0	.6390655	.2526142	.1083203	0
872.15	0	.6388058	.2527222	.108472	0
871.15	0	.6385465	.2528317	.1086218	0
870.15	0	.6382876	.2529428	.1087696	0
869.15	0	.638029	.2530557	.1089154	0
868.15	0	.6377704	.2531704	.1090592	0
867.15	0	.637512	.2532871	.109201	0
866.15	0	.6372534	.2534059	.1093407	0
865.15	0	.6369947	.253527	.1094783	0
864.15	0	.6367357	.2536505	.1096138	0
863.15	0	.6364764	.2537766	.1097471	0
862.15	0	.6362165	.2539053	.1098782	0
861.15	0	.6359559	.254037	.1100071	0
860.15	0	.6356946	.2541717	.1101337	0
859.15	0	.6354324	.2543095	.110258	0
858.15	0	.6351692	.2544507	.11038	0
857.15	0	.6349048	.2545955	.1104996	0
856.15	0	.6346391	.254744	.1106168	0
855.15	0	.634372	.2548965	.1107315	0
854.15	0	.6341032	.2550531	.1108437	0
853.15	0	.6338326	.255214	.1109534	0
852.15	0	.6335601	.2553795	.1110604	0
851.15	0	.6332854	.2555498	.1111648	0
850.15	0	.6330085	.2557251	.1112665	0
849.15	0	.632729	.2559057	.1113654	0
848.15	0	.6324468	.2560918	.1114614	0
847.15	0	.6321617	.2562837	.1115546	0
846.15	0	.6318735	.2564816	.1116448	0
845.15	0	.631582	.256686	.111732	0
844.15	0	.6312868	.256897	.1118162	0
843.15	0	.6309878	.2571151	.1118971	0
842.15	0	.6306847	.2573405	.1119748	0
841.15	0	.6303773	.2575736	.1120492	0
840.15	0	.6300651	.2578148	.1121201	0
839.15	0	.629748	.2580644	.1121875	0
838.15	0	.6294256	.258323	.1122514	0
837.15	0	.6290976	.258591	.1123115	0
836.15	0	.6287635	.2588688	.1123677	0
835.15	0	.6284231	.2591569	.11242	0
834.15	0	.6280758	.2594559	.1124683	0
833.15	0	.6277214	.2597663	.1125123	0
832.15	0	.6273592	.2600889	.112552	0
831.15	0	.6269888	.2604241	.1125871	0
830.15	0	.6266096	.2607728	.1126176	0
829.15	0	.6262212	.2611357	.1126432	0
828.15	0	.6258228	.2615136	.1126637	0
827.15	0	.6254137	.2619074	.1126789	0
826.15	0	.6249933	.262318	.1126887	0
825.15	0	.6245608	.2627466	.1126926	0
824.15	0	.6241152	.2631943	.1126906	0
823.15	0	.6236556	.2636622	.1126822	0
822.15	0	.623181	.2641519	.1126671	0
821.15	0	.6226902	.2646648	.112645	0
820.15	0	.6221819	.2652027	.1126154	0
819.15	0	.6215241	.2659305	.1125454	0
818.15	0	.6203726	.2672802	.1123472	0
817.15	0	.6193058	.2685305	.1121638	0
816.15	0	.6183142	.2696924	.1119934	0
815.15	0	.6173902	.2707753	.1118345	0
814.15	0	.6165272	.271787	.1116859	0
813.15	0	.6157195	.2727342	.1115464	0
812.15	0	.6149621	.2736229	.1114151	0
811.15	0	.6142508	.274458	.1112912	0
810.15	0	.6135818	.2752442	.1111741	0
809.15	0	.6129517	.2759853	.111063	0
808.15	0	.6123575	.2766849	.1109576	0
807.15	0	.6117967	.2773461	.1108573	0
806.15	0	.6112667	.2779717	.1107617	0
805.15	0	.6107654	.2785643	.1106703	0
804.15	0	.6102909	.2791261	.110583	0
803.15	0	.6098413	.2796593	.1104994	0
802.15	0	.6094151	.2801658	.1104191	0
801.15	0	.6090108	.2806472	.1103421	0
800.15	0	.6086269	.2811052	.1102679	0
799.15	0	.6082623	.2815412	.1101965	0
798.15	0	.6079157	.2819566	.1101277	0
797.15	0	.6075862	.2823526	.1100612	0
796.15	0	.6072726	.2827304	.109997	0
795.15	0	.6069742	.2830909	.1099349	0
794.15	0	.60669	.2834353	.1098747	0
793.15	0	.6064193	.2837644	.1098163	0
792.15	0	.6061613	.284079	.1097597	0
791.15	0	.6059153	.28438	.1097047	0
790.15	0	.6056807	.2846682	.1096511	0
789.15	0	.6054569	.2849441	.1095991	0
788.15	0	.6052433	.2852084	.1095483	0
787.15	0	.6050393	.2854618	.1094988	0
786.15	0	.6048446	.2857048	.1094505	0
785.15	0	.6046586	.285938	.1094034	0
784.15	0	.6044808	.2861619	.1093573	0
783.15	0	.6043109	.2863769	.1093122	0
782.15	0	.6041485	.2865834	.1092681	0
781.15	0	.6039932	.286782	.1092248	0
780.15	0	.6038447	.286973	.1091824	0
779.15	0	.6037025	.2871567	.1091408	0
778.15	0	.6035665	.2873336	.1091	0
777.15	0	.6034363	.2875039	.1090598	0
776.15	0	.6033116	.287668	.1090204	0
775.15	0	.6031922	.2878262	.1089816	0
774.15	0	.6030778	.2879788	.1089434	0
773.15	0	.6029682	.288126	.1089058	0
772.15	0	.6028632	.2882681	.1088687	0
771.15	0	.6027626	.2884053	.1088321	0
770.15	0	.602666	.2885379	.108796	0
769.15	0	.6025764	.2886638	.1087597	0
768.15	0	.6024874	.288788	.1087246	0
767.15	0	.6024019	.2889081	.1086899	0
766.15	0	.60232	.2890244	.1086556	0
765.15	0	.6022413	.2891371	.1086217	0
764.15	0	.6021657	.2892462	.1085881	0
763.15	0	.6020931	.2893521	.1085548	0
762.15	0	.6020234	.2894547	.1085219	0
761.15	0	.6019564	.2895544	.1084892	0
760.15	0	.601892	.2896511	.1084569	0
759.15	0	.6018301	.2897452	.1084248	0
758.15	0	.6017705	.2898366	.1083929	0
757.15	0	.6017132	.2899255	.1083613	0
756.15	0	.601658	.290012	.10833	0
755.15	0	.6016049	.2900963	.1082988	0
754.15	0	.6015538	.2901784	.1082678	0
753.15	0	.6015045	.2902585	.1082371	0
752.15	0	.601457	.2903366	.1082065	0
751.15	0	.6014112	.2904128	.108176	0
750.15	0	.6013671	.2904872	.1081457	0
749.15	0	.6013244	.29056	.1081156	0
748.15	0	.6012833	.2906311	.1080856	0
747.15	0	.6012435	.2907007	.1080558	0
746.15	0	.6012052	.2907688	.1080261	0
745.15	0	.601168	.2908355	.1079964	0
744.15	0	.6011321	.2909009	.1079669	0
743.15	0	.6010974	.2909651	.1079375	0
742.15	0	.6010638	.291028	.1079082	0
741.15	0	.6010312	.2910898	.107879	0
740.15	0	.6009996	.2911506	.1078498	0
739.15	0	.600969	.2912103	.1078208	0
738.15	0	.6009393	.291269	.1077918	0
737.15	0	.6009104	.2913268	.1077628	0
736.15	0	.6008824	.2913837	.1077339	0
735.15	0	.6008551	.2914398	.1077051	0
734.15	0	.6008286	.2914951	.1076764	0
733.15	0	.6008028	.2915496	.1076476	0
732.15	0	.6007776	.2916035	.1076189	0
731.15	0	.6007531	.2916567	.1075903	0
730.15	0	.6007292	.2917092	.1075616	0
729.15	0	.6007058	.2917611	.107533	0
728.15	0	.600683	.2918125	.1075045	0
727.15	0	.6006607	.2918634	.1074759	0
726.15	0	.6006389	.2919137	.1074474	0
725.15	0	.6006175	.2919636	.1074188	0
724.15	0	.6005966	.2920131	.1073903	0
723.15	0	.6005761	.2920621	.1073618	0
722.15	0	.6005559	.2921108	.1073333	0
721.15	0	.6005361	.2921591	.1073048	0
720.15	0	.6005167	.292207	.1072763	0
719.15	0	.6004975	.2922547	.1072478	0
718.15	0	.6004787	.292302	.1072193	0
717.15	0	.6004601	.2923491	.1071908	0
716.15	0	.6004418	.2923959	.1071623	0
715.15	0	.6004238	.2924425	.1071337	0
714.15	0	.600406	.2924889	.1071052	0
713.15	0	.6003883	.2925351	.1070766	0
712.15	0	.6003709	.2925811	.107048	0
711.15	0	.6003536	.2926269	.1070194	0
710.15	0	.6003366	.2926726	.1069908	0
709.15	0	.6003196	.2927182	.1069622	0
708.15	0	.6003028	.2927637	.1069335	0
707.15	0	.6002862	.292809	.1069048	0
706.15	0	.6002696	.2928543	.1068761	0
705.15	0	.6002532	.2928995	.1068474	0
704.15	0	.6002368	.2929446	.1068186	0
703.15	0	.6002205	.2929897	.1067898	0
702.15	0	.6002043	.2930347	.106761	0
701.15	0	.6001882	.2930797	.1067321	0
700.15	0	.6001721	.2931246	.1067032	0
699.15	0	.6001561	.2931696	.1066743	0
698.15	0	.6001401	.2932146	.1066453	0
697.15	0	.6001241	.2932595	.1066164	0
696.15	0	.6001082	.2933045	.1065873	0
695.15	0	.6000922	.2933495	.1065583	0
694.15	0	.6000763	.2933945	.1065292	0
693.15	0	.6000604	.2934396	.1065	0
692.15	0	.6000444	.2934847	.1064708	0
691.15	0	.6000285	.2935299	.1064416	0
690.15	0	.6000125	.2935751	.1064124	0
689.15	0	.5999966	.2936204	.1063831	0
688.15	0	.5999805	.2936657	.1063538	0
687.15	0	.5999645	.2937111	.1063244	0
686.15	0	.5999484	.2937566	.106295	0
685.15	0	.5999323	.2938022	.1062655	0
684.15	0	.5999161	.2938479	.106236	0
683.15	0	.5998999	.2938936	.1062065	0
682.15	0	.5998836	.2939395	.1061769	0
681.15	0	.5998672	.2939855	.1061473	0
680.15	0	.5998509	.2940315	.1061176	0
679.15	0	.5998344	.2940777	.1060879	0
678.15	0	.5998178	.294124	.1060582	0
677.15	0	.5998012	.2941703	.1060284	0
676.15	0	.5997846	.2942168	.1059986	0
675.15	0	.5997678	.2942635	.1059687	0
674.15	0	.599751	.2943102	.1059388	0
673.15	0	.5997341	.2943571	.1059089	0
672.15	0	.5997171	.2944041	.1058789	0
671.15	0	.5997	.2944512	.1058488	0
670.15	0	.5996828	.2944984	.1058188	0
669.15	0	.5996655	.2945458	.1057887	0
668.15	0	.5996482	.2945933	.1057585	0
667.15	0	.5996307	.294641	.1057283	0
666.15	0	.5996132	.2946888	.1056981	0
665.15	0	.5995955	.2947367	.1056678	0
664.15	0	.5995778	.2947847	.1056375	0
663.15	0	.59956	.2948329	.1056071	0
662.15	0	.599542	.2948813	.1055767	0
661.15	0	.599524	.2949298	.1055463	0
660.15	0	.5995059	.2949784	.1055158	0
659.15	0	.5994876	.2950271	.1054853	0
658.15	0	.5994693	.295076	.1054547	0
657.15	0	.5994508	.2951251	.1054241	0
656.15	0	.5994323	.2951742	.1053935	0
655.15	0	.5994136	.2952236	.1053628	0
654.15	0	.5993949	.295273	.1053321	0
653.15	0	.599376	.2953227	.1053013	0
652.15	0	.599357	.2953724	.1052706	0
651.15	0	.599338	.2954223	.1052397	0
650.15	0	.5993188	.2954723	.1052089	0
649.15	0	.5992995	.2955225	.105178	0
648.15	0	.5992801	.2955728	.1051471	0
647.15	0	.5992606	.2956233	.1051161	0
646.15	0	.599241	.2956739	.1050851	0
645.15	0	.5992213	.2957246	.1050541	0
644.15	0	.5992015	.2957755	.105023	0
643.15	0	.5991815	.2958266	.1049919	0
642.15	0	.5991615	.2958777	.1049608	0
641.15	0	.5991414	.295929	.1049296	0
640.15	0	.5991212	.2959804	.1048984	0
639.15	0	.5991008	.296032	.1048672	0
638.15	0	.5990804	.2960837	.1048359	0
637.15	0	.5990598	.2961355	.1048047	0
636.15	0	.5990392	.2961875	.1047733	0
635.15	0	.5990184	.2962396	.104742	0
634.15	0	.5989975	.2962918	.1047106	0
633.15	0	.5989766	.2963442	.1046792	0
632.15	0	.5989555	.2963967	.1046478	0
631.15	0	.5989343	.2964493	.1046163	0
630.15	0	.5989131	.2965021	.1045849	0
629.15	0	.5988917	.2965549	.1045533	0
628.15	0	.5988703	.2966079	.1045218	0
627.15	0	.5988487	.296661	.1044903	0
626.15	0	.598827	.2967143	.1044587	0
625.15	0	.5988053	.2967676	.1044271	0
624.15	0	.5987834	.2968211	.1043954	0
623.15	0	.5987615	.2968747	.1043638	0
622.15	0	.5987394	.2969284	.1043321	0
621.15	0	.5987173	.2969823	.1043004	0
620.15	0	.5986951	.2970362	.1042687	0
619.15	0	.5986728	.2970902	.104237	0
618.15	0	.5986504	.2971444	.1042052	0
617.15	0	.5986279	.2971987	.1041735	0
616.15	0	.5986053	.297253	.1041417	0
615.15	0	.5985826	.2973075	.1041099	0
614.15	0	.5985598	.2973621	.104078	0
613.15	0	.598537	.2974168	.1040462	0
612.15	0	.5985141	.2974716	.1040144	0
611.15	0	.5984911	.2975265	.1039825	0
610.15	0	.598468	.2975814	.1039506	0
609.15	0	.5984448	.2976365	.1039187	0
608.15	0	.5984215	.2976917	.1038868	0
607.15	0	.5983982	.297747	.1038549	0
606.15	0	.5983747	.2978023	.103823	0
605.15	0	.5983512	.2978578	.103791	0
604.15	0	.5983276	.2979133	.1037591	0
603.15	0	.598304	.2979689	.1037271	0
602.15	0	.5982803	.2980246	.1036951	0
601.15	0	.5982565	.2980804	.1036631	0
600.15	0	.5982326	.2981362	.1036312	0
599.15	0	.5982086	.2981922	.1035992	0
598.15	0	.5981846	.2982482	.1035672	0
597.15	0	.5981605	.2983043	.1035352	0
596.15	0	.5981364	.2983605	.1035032	0
595.15	0	.5981121	.2984167	.1034712	0
594.15	0	.5980878	.298473	.1034391	0
593.15	0	.5980635	.2985294	.1034071	0
592.15	0	.5980391	.2985858	.1033751	0
591.15	0	.5980146	.2986424	.1033431	0
590.15	0	.59799	.2986989	.1033111	0
589.15	0	.5979654	.2987556	.103279	0
588.15	0	.5979407	.2988122	.103247	0
587.15	0	.597916	.298869	.103215	0
586.15	0	.5978912	.2989258	.103183	0
585.15	0	.5978664	.2989827	.103151	0
584.15	0	.5978415	.2990396	.103119	0
583.15	0	.5978165	.2990965	.103087	0
582.15	0	.5977915	.2991535	.103055	0
581.15	0	.5977665	.2992106	.103023	0
580.15	0	.5977413	.2992677	.102991	0
579.15	0	.5977162	.2993248	.102959	0
578.15	0	.597691	.299382	.102927	0
577.15	0	.5976657	.2994392	.1028951	0
576.15	0	.5976404	.2994965	.1028631	0
575.15	0	.5976151	.2995538	.1028312	0
574.15	0	.5975897	.2996111	.1027992	0
573.15	0	.5975642	.2996685	.1027673	0
572.15	0	.5975387	.2997259	.1027354	0
571.15	0	.5975132	.2997833	.1027035	0
570.15	0	.5974876	.2998407	.1026716	0
569.15	0	.597462	.2998982	.1026398	0
568.15	0	.5974364	.2999557	.1026079	0
567.15	0	.5974107	.3000132	.1025761	0
566.15	0	.597385	.3000707	.1025443	0
565.15	0	.5973593	.3001283	.1025125	0
564.15	0	.5973335	.3001859	.1024807	0
563.15	0	.5973077	.3002434	.1024489	0
562.15	0	.5972818	.300301	.1024172	0
561.15	0	.5972559	.3003586	.1023854	0
560.15	0	.59723	.3004162	.1023537	0
559.15	0	.5972041	.3004739	.1023221	0
558.15	0	.5971781	.3005315	.1022904	0
557.15	0	.5971521	.3005891	.1022588	0
556.15	0	.5971261	.3006467	.1022272	0
555.15	0	.5971001	.3007043	.1021956	0
554.15	0	.597074	.300762	.102164	0
553.15	0	.5970479	.3008196	.1021325	0
552.15	0	.5970218	.3008772	.102101	0
551.15	0	.5969957	.3009348	.1020695	0
550.15	0	.5969696	.3009924	.102038	0
549.15	0	.5969434	.30105	.1020066	0
548.15	0	.5969173	.3011075	.1019752	0
547.15	0	.596891	.3011651	.1019439	0
546.15	0	.5968649	.3012226	.1019125	0
545.15	0	.5968386	.3012802	.1018812	0
544.15	0	.5968124	.3013377	.1018499	0
543.15	0	.5967862	.3013951	.1018187	0
542.15	0	.5967599	.3014526	.1017875	0
541.15	0	.5967336	.30151	.1017564	0
540.15	0	.5967074	.3015674	.1017252	0
539.15	0	.5966811	.3016248	.1016941	0
538.15	0	.5966548	.3016821	.1016631	0
537.15	0	.5966285	.3017394	.1016321	0
536.15	0	.5966022	.3017967	.1016011	0
535.15	0	.5965759	.301854	.1015701	0
534.15	0	.5965496	.3019112	.1015392	0
533.15	0	.5965233	.3019683	.1015084	0
532.15	0	.596497	.3020254	.1014776	0
531.15	0	.5964707	.3020825	.1014468	0
530.15	0	.5964444	.3021396	.1014161	0
529.15	0	.5964181	.3021965	.1013854	0
528.15	0	.5963918	.3022535	.1013547	0
527.15	0	.5963655	.3023104	.1013241	0
526.15	0	.5963392	.3023672	.1012936	0
525.15	0	.596313	.302424	.101263	0
524.15	0	.5962867	.3024807	.1012326	0
523.15	0	.5962604	.3025374	.1012022	0
522.15	0	.5962342	.302594	.1011718	0
521.15	0	.5962079	.3026506	.1011415	0
520.15	0	.5961817	.3027071	.1011112	0
519.15	0	.5961555	.3027635	.101081	0
518.15	0	.5961293	.3028199	.1010508	0
517.15	0	.596103	.3028762	.1010207	0
516.15	0	.5960769	.3029325	.1009907	0
515.15	0	.5960507	.3029886	.1009607	0
514.15	0	.5960246	.3030447	.1009307	0
513.15	0	.5959984	.3031008	.1009008	0
512.15	0	.5959725	.3031567	.1008708	0
511.15	0	.5959464	.3032126	.100841	0
510.15	0	.5959203	.3032684	.1008113	0
509.15	0	.5958943	.3033241	.1007816	0
508.15	0	.5958682	.3033798	.100752	0
507.15	0	.5958422	.3034353	.1007224	0
506.15	0	.5958163	.3034908	.1006929	0
505.15	0	.5957903	.3035462	.1006635	0
504.15	0	.5957644	.3036015	.1006341	0
503.15	0	.5957385	.3036567	.1006048	0
502.15	0	.5957126	.3037119	.1005756	0
501.15	0	.5956867	.3037669	.1005464	0
500.15	0	.5956609	.3038218	.1005172	0
499.15	0	.5956351	.3038767	.1004882	0
498.15	0	.5956094	.3039315	.1004592	0
497.15	0	.5955836	.3039861	.1004303	0
496.15	0	.5955579	.3040407	.1004014	0
495.15	0	.5955323	.3040951	.1003726	0
494.15	0	.5955066	.3041495	.1003439	0
493.15	0	.595481	.3042038	.1003152	0
492.15	0	.5954555	.3042579	.1002866	0
491.15	0	.59543	.304312	.1002581	0
490.15	0	.5954045	.3043659	.1002296	0
489.15	0	.595379	.3044198	.1002013	0
488.15	0	.5953536	.3044735	.1001729	0
487.15	0	.5953282	.3045271	.1001447	0
486.15	0	.5953029	.3045806	.1001165	0
485.15	0	.5952776	.304634	.1000884	0
484.15	0	.5952523	.3046872	.1000604	0
483.15	0	.5952271	.3047404	.1000325	0
482.15	0	.595202	.3047934	.1000046	0
481.15	0	.5951768	.3048463	.09997683	0
480.15	0	.5951518	.3048991	.09994912	0
479.15	0	.5951267	.3049518	.09992148	0
478.15	0	.5951017	.3050043	.09989392	0
477.15	0	.5950768	.3050568	.09986645	0
476.15	0	.5950519	.305109	.09983905	0
475.15	0	.5950271	.3051612	.09981173	0
474.15	0	.5950023	.3052132	.09978449	0
473.15	0	.5949775	.3052652	.09975733	0
472.15	0	.5949528	.3053169	.09973026	0
471.15	0	.5949282	.3053686	.09970326	0
470.15	0	.5949036	.3054201	.09967635	0
469.15	0	.594879	.3054714	.09964953	0
468.15	0	.5948545	.3055227	.09962278	0
467.15	0	.5948301	.3055738	.09959613	0
466.15	0	.5948057	.3056247	.09956955	0
465.15	0	.5947814	.3056755	.09954307	0
464.15	0	.5947571	.3057262	.09951667	0
463.15	0	.5947329	.3057767	.09949036	0
462.15	0	.5947088	.3058271	.09946414	0
461.15	0	.5946847	.3058773	.099438	0
460.15	0	.5946606	.3059274	.09941196	0
459.15	0	.5946366	.3059774	.099386	0
458.15	0	.5946127	.3060271	.09936013	0
457.15	0	.5945889	.3060768	.09933436	0
456.15	0	.5945651	.3061263	.09930868	0
455.15	0	.5945413	.3061756	.09928309	0
454.15	0	.5945177	.3062248	.09925759	0
453.15	0	.594494	.3062738	.09923218	0
452.15	0	.5944705	.3063227	.09920687	0
451.15	0	.594447	.3063714	.09918165	0
450.15	0	.5944236	.3064199	.09915653	0
449.15	0	.5944002	.3064682	.09913152	0
448.15	0	.594377	.3065164	.09910661	0
447.15	0	.5943538	.3065644	.09908179	0
446.15	0	.5943307	.3066122	.09905708	0
445.15	0	.5943077	.3066598	.09903247	0
444.15	0	.5942848	.3067073	.09900797	0
443.15	0	.5942619	.3067545	.09898358	0
442.15	0	.5942392	.3068016	.09895929	0
441.15	0	.5942165	.3068484	.09893512	0
440.15	0	.5941939	.306895	.09891105	0
439.15	0	.5941714	.3069415	.0988871	0
438.15	0	.5941491	.3069877	.09886327	0
437.15	0	.5941268	.3070336	.09883955	0
436.15	0	.5941047	.3070794	.09881595	0
435.15	0	.5940826	.3071249	.09879248	0
434.15	0	.5940607	.3071702	.09876912	0
433.15	0	.5940389	.3072152	.09874589	0
432.15	0	.5940172	.3072601	.09872278	0
431.15	0	.5939956	.3073046	.09869979	0
430.15	0	.5939741	.3073489	.09867693	0
429.15	0	.5939528	.307393	.0986542	0
428.15	0	.5939316	.3074368	.0986316	0
427.15	0	.5939105	.3074804	.09860912	0
426.15	0	.5938895	.3075237	.09858678	0
425.15	0	.5938687	.3075668	.09856457	0
424.15	0	.593848	.3076096	.09854249	0
423.15	0	.5938274	.3076521	.09852054	0
422.15	0	.5938069	.3076943	.09849872	0
421.15	0	.5937866	.3077363	.09847704	0
420.15	0	.5937664	.3077781	.0984555	0
419.15	0	.5937464	.3078195	.09843409	0
418.15	0	.5937265	.3078607	.09841281	0
417.15	0	.5937067	.3079016	.09839168	0
416.15	0	.593687	.3079423	.09837068	0
415.15	0	.5936675	.3079827	.09834982	0
414.15	0	.5936482	.3080228	.09832909	0
413.15	0	.5936289	.3080626	.09830851	0
412.15	0	.5936098	.3081021	.09828806	0
411.15	0	.5935908	.3081414	.09826776	0
410.15	0	.593572	.3081804	.09824759	0
409.15	0	.5935533	.3082191	.09822757	0
408.15	0	.5935347	.3082576	.09820768	0
407.15	0	.5935163	.3082957	.09818793	0
406.15	0	.593498	.3083336	.09816833	0
405.15	0	.5934799	.3083712	.09814886	0
404.15	0	.5934619	.3084086	.09812954	0
403.15	0	.593444	.3084457	.09811036	0
402.15	0	.5934262	.3084825	.09809132	0
401.15	0	.5934086	.308519	.09807242	0
400.15	0	.5933911	.3085552	.09805366	0
399.15	0	.5933738	.3085912	.09803504	0
398.15	0	.5933566	.3086269	.09801656	0
397.15	0	.5933395	.3086623	.09799823	0
396.15	0	.5933225	.3086974	.09798004	0
395.15	0	.5933057	.3087323	.09796198	0
394.15	0	.593289	.3087669	.09794407	0
393.15	0	.5932724	.3088013	.0979263	0
392.15	0	.593256	.3088353	.09790867	0
391.15	0	.5932397	.3088691	.09789118	0
390.15	0	.5932235	.3089027	.09787384	0
389.15	0	.5932074	.308936	.09785663	0
388.15	0	.5931915	.308969	.09783956	0
387.15	0	.5931757	.3090017	.09782263	0
