T	 BPW(LIQUID)	BPW(BCC_A2)	BPW(FCC_A1)	BPW(LAVES_PHASE_C14)	BPW(NI3TI)
1473.15	.3320357	.6679644	0	0	0
1472.15	.3289796	.6710204	0	0	0
1471.15	.3259447	.6740553	0	0	0
1470.15	.3229308	.6770692	0	0	0
1469.15	.3199377	.6800623	0	0	0
1468.15	.3169653	.6830347	0	0	0
1467.15	.3140134	.6859866	0	0	0
1466.15	.3110819	.6889181	0	0	0
1465.15	.3081705	.6918295	0	0	0
1464.15	.3052792	.6947208	0	0	0
1463.15	.3024079	.6975922	0	0	0
1462.15	.2995562	.7004438	0	0	0
1461.15	.2967241	.7032759	0	0	0
1460.15	.2939115	.7060885	0	0	0
1459.15	.2911182	.7088819	0	0	0
1458.15	.288344	.7116561	0	0	0
1457.15	.2855888	.7144112	0	0	0
1456.15	.2828524	.7171476	0	0	0
1455.15	.2801348	.7198652	0	0	0
1454.15	.2774357	.7225643	0	0	0
1453.15	.2747551	.7252449	0	0	0
1452.15	.2720927	.7279073	0	0	0
1451.15	.2694485	.7305515	0	0	0
1450.15	.2668223	.7331777	0	0	0
1449.15	.264214	.735786	0	0	0
1448.15	.2616234	.7383766	0	0	0
1447.15	.2590504	.7409496	0	0	0
1446.15	.2564949	.7435051	0	0	0
1445.15	.2539567	.7460433	0	0	0
1444.15	.2514357	.7485643	0	0	0
1443.15	.2489318	.7510682	0	0	0
1442.15	.2464449	.7535552	0	0	0
1441.15	.2439747	.7560253	0	0	0
1440.15	.2415212	.7584788	0	0	0
1439.15	.2390843	.7609157	0	0	0
1438.15	.2366639	.7633361	0	0	0
1437.15	.2342597	.7657403	0	0	0
1436.15	.2318718	.7681282	0	0	0
1435.15	.2294999	.7705001	0	0	0
1434.15	.2271439	.7728561	0	0	0
1433.15	.2248038	.7751962	0	0	0
1432.15	.2224794	.7775206	0	0	0
1431.15	.2201705	.7798295	0	0	0
1430.15	.2178772	.7821228	0	0	0
1429.15	.2155992	.7844008	0	0	0
1428.15	.2133364	.7866636	0	0	0
1427.15	.2110887	.7889113	0	0	0
1426.15	.2088561	.7911439	0	0	0
1425.15	.2066383	.7933617	0	0	0
1424.15	.2044354	.7955646	0	0	0
1423.15	.2022471	.7977529	0	0	0
1422.15	.2000734	.7999266	0	0	0
1421.15	.1979141	.8020859	0	0	0
1420.15	.1957692	.8042308	0	0	0
1419.15	.1936385	.8063615	0	0	0
1418.15	.1915219	.8084781	0	0	0
1417.15	.1894194	.8105806	0	0	0
1416.15	.1873308	.8126692	0	0	0
1415.15	.185256	.814744	0	0	0
1414.15	.1831949	.8168051	0	0	0
1413.15	.1811474	.8188526	0	0	0
1412.15	.1791135	.8208865	0	0	0
1411.15	.1770929	.8229071	0	0	0
1410.15	.1750857	.8249143	0	0	0
1409.15	.1730916	.8269084	0	0	0
1408.15	.1711107	.8288893	0	0	0
1407.15	.1691428	.8308572	0	0	0
1406.15	.1671878	.8328122	0	0	0
1405.15	.1652457	.8347544	0	0	0
1404.15	.1633162	.8366838	0	0	0
1403.15	.1613994	.8386006	0	0	0
1402.15	.1594952	.8405048	0	0	0
1401.15	.1576034	.8423967	0	0	0
1400.15	.1557239	.8442761	0	0	0
1399.15	.1538567	.8461433	0	0	0
1398.15	.1520017	.8479983	0	0	0
1397.15	.1501588	.8498412	0	0	0
1396.15	.1483278	.8516722	0	0	0
1395.15	.1465088	.8534912	0	0	0
1394.15	.1447016	.8552984	0	0	0
1393.15	.1429061	.8570939	0	0	0
1392.15	.1411223	.8588777	0	0	0
1391.15	.1393501	.8606499	0	0	0
1390.15	.1375893	.8624107	0	0	0
1389.15	.1358399	.8641601	0	0	0
1388.15	.1341019	.8658981	0	0	0
1387.15	.1323751	.8676249	0	0	0
1386.15	.1306594	.8693406	0	0	0
1385.15	.1289548	.8710452	0	0	0
1384.15	.1272612	.8727388	0	0	0
1383.15	.1255785	.8744215	0	0	0
1382.569	.124605	.875395	0	0	0
1382.569	.124605	.875395	0	0	0
1382.569	.124605	.875395	0	0	0
1382.15	.1235547	.8759795	0	4.658319E-04	0
1381.15	.1210623	.8773638	0	.001573858	0
1380.15	.1185939	.8787312	0	.002674904	0
1379.15	.1161491	.8800818	0	.00376908	0
1378.15	.1137275	.881416	0	.004856493	0
1377.15	.1113287	.882734	0	.005937247	0
1376.15	.1089525	.8840361	0	.007011448	0
1375.15	.1065983	.8853225	0	.008079195	0
1374.15	.104266	.8865934	0	.009140587	0
1373.15	.1019552	.8878491	0	.01019572	0
1372.15	.09966547	.8890898	0	.0112447	0
1371.15	.09739658	.8903158	0	.0122876	0
1370.15	.09514818	.8915273	0	.01332452	0
1369.15	.09291997	.8927245	0	.01435556	0
1368.15	.09071164	.8939076	0	.0153808	0
1367.15	.08852289	.8950768	0	.01640032	0
1366.15	.08635344	.8962324	0	.01741421	0
1365.15	.08420298	.8973745	0	.01842255	0
1364.15	.08207125	.8985033	0	.01942542	0
1363.15	.07995795	.8996191	0	.02042291	0
1362.15	.07786283	.9007221	0	.02141509	0
1361.15	.07578561	.9018124	0	.02240203	0
1360.15	.07372604	.9028902	0	.02338382	0
1359.15	.07168384	.9039556	0	.02436052	0
1358.15	.06965878	.905009	0	.0253322	0
1357.15	.06765061	.9060504	0	.02629895	0
1356.15	.06565907	.9070801	0	.02726082	0
1355.15	.06368394	.9080982	0	.02821789	0
1354.15	.06172497	.9091048	0	.02917022	0
1353.15	.05978195	.9101002	0	.03011788	0
1352.15	.05785463	.9110845	0	.03106093	0
1351.15	.0559428	.9120578	0	.03199943	0
1350.15	.05404624	.9130203	0	.03293346	0
1349.15	.05216474	.9139722	0	.03386306	0
1348.15	.05029808	.9149136	0	.03478829	0
1347.15	.04844605	.9158447	0	.03570923	0
1346.15	.04660847	.9167656	0	.03662592	0
1345.15	.04478511	.9176765	0	.03753842	0
1344.15	.0429758	.9185774	0	.03844679	0
1343.15	.04118033	.9194686	0	.03935108	0
1342.15	.03939851	.9203501	0	.04025135	0
1341.15	.03763016	.9212222	0	.04114764	0
1340.15	.03587509	.9220849	0	.04204001	0
1339.15	.03413313	.9229384	0	.04292851	0
1338.15	.0324041	.9237827	0	.0438132	0
1337.15	.03068781	.9246181	0	.04469411	0
1336.15	.02898411	.9254446	0	.0455713	0
1335.15	.02729282	.9262624	0	.04644482	0
1334.15	.02561377	.9270715	0	.0473147	0
1333.15	.02394681	.9278722	0	.04818101	0
1332.15	.02229177	.9286644	0	.04904378	0
1331.15	.0206485	.9294484	0	.04990305	0
1330.15	.01901683	.9302243	0	.05075888	0
1329.15	.01739662	.9309921	0	.0516113	0
1328.15	.01578772	.9317519	0	.05246035	0
1327.15	.01418997	.932504	0	.05330609	0
1326.15	.01260323	.9332482	0	.05414853	0
1325.15	.01102737	.9339849	0	.05498774	0
1324.15	.009462234	.934714	0	.05582375	0
1323.15	.007907687	.9354357	0	.05665659	0
1322.15	.006363593	.9361501	0	.0574863	0
1321.15	.004829817	.9368573	0	.05831293	0
1320.15	.003306227	.9375573	0	.0591365	0
1319.15	.001792693	.9382502	0	.05995706	0
1318.15	2.89086E-04	.9389363	0	.06077464	0
1317.957	0	.9390679	0	.06093211	0
1317.957	0	.9390679	0	.06093211	0
1317.15	0	.9385696	0	.06143037	0
1316.15	0	.9379534	0	.06204661	0
1315.15	0	.9373385	0	.06266151	0
1314.15	0	.9367249	0	.06327508	0
1313.15	0	.9361127	0	.06388732	0
1312.15	0	.9355018	0	.06449824	0
1311.15	0	.9348922	0	.06510784	0
1310.15	0	.9342839	0	.06571612	0
1309.15	0	.9336769	0	.06632309	0
1308.15	0	.9330712	0	.06692876	0
1307.15	0	.9324669	0	.06753313	0
1306.15	0	.9318638	0	.06813619	0
1305.15	0	.931262	0	.06873796	0
1304.15	0	.9306616	0	.06933844	0
1303.15	0	.9300624	0	.06993763	0
1302.15	0	.9294645	0	.07053554	0
1301.15	0	.9288678	0	.07113216	0
1300.15	0	.9282725	0	.07172752	0
1299.15	0	.9276784	0	.07232159	0
1298.15	0	.9270856	0	.0729144	0
1297.15	0	.9264941	0	.07350595	0
1296.15	0	.9259038	0	.07409623	0
1295.15	0	.9253147	0	.07468526	0
1294.15	0	.924727	0	.07527303	0
1293.15	0	.9241405	0	.07585955	0
1292.15	0	.9235552	0	.07644482	0
1291.15	0	.9229712	0	.07702885	0
1290.15	0	.9223884	0	.07761164	0
1289.15	0	.9218068	0	.0781932	0
1288.15	0	.9212265	0	.07877352	0
1287.15	0	.9206474	0	.07935262	0
1286.15	0	.9200695	0	.07993049	0
1285.15	0	.9194929	0	.08050714	0
1284.15	0	.9189174	0	.08108257	0
1283.15	0	.9183432	0	.08165678	0
1282.15	0	.9177702	0	.08222978	0
1281.15	0	.9171984	0	.08280158	0
1280.15	0	.9166278	0	.08337217	0
1279.15	0	.9160584	0	.08394156	0
1278.15	0	.9154902	0	.08450976	0
1277.15	0	.9149232	0	.08507676	0
1276.15	0	.9143574	0	.08564257	0
1275.15	0	.9137928	0	.08620719	0
1274.15	0	.9132294	0	.08677063	0
1273.15	0	.9126671	0	.08733289	0
1272.15	0	.912106	0	.08789397	0
1271.15	0	.9115461	0	.08845387	0
1270.15	0	.9109874	0	.08901261	0
1269.15	0	.9104298	0	.08957018	0
1268.15	0	.9098734	0	.09012658	0
1267.15	0	.9093182	0	.09068183	0
1266.15	0	.9087641	0	.09123591	0
1265.15	0	.9082112	0	.09178885	0
1264.15	0	.9076594	0	.09234063	0
1263.15	0	.9071087	0	.09289126	0
1262.15	0	.9065592	0	.09344075	0
1261.15	0	.9060109	0	.0939891	0
1260.15	0	.9054637	0	.09453631	0
1259.15	0	.9049176	0	.09508238	0
1258.15	0	.9043727	0	.09562732	0
1257.15	0	.9038289	0	.09617114	0
1256.15	0	.9032862	0	.09671382	0
1255.15	0	.9027446	0	.09725539	0
1254.15	0	.9022042	0	.09779583	0
1253.15	0	.9016648	0	.09833516	0
1252.15	0	.9011266	0	.09887338	0
1251.15	0	.9005895	0	.09941048	0
1250.15	0	.9000535	0	.09994648	0
1249.15	0	.8995186	0	.1004814	0
1248.15	0	.8989848	0	.1010152	0
1248.139	0	.8989792	0	.1010208	0
1248.139	0	.8989792	0	.1010208	0
1248.139	0	.8989792	0	.1010208	0
1247.15	0	.8975663	9.177288E-04	.101516	0
1246.15	0	.8961423	.001842649	.1020151	0
1245.15	0	.8947221	.002764983	.1025129	0
1244.15	0	.8933058	.003684734	.1030094	0
1243.15	0	.8918935	.00460191	.1035046	0
1242.15	0	.8904849	.005516513	.1039986	0
1241.15	0	.8890802	.00642855	.1044912	0
1240.15	0	.8876794	.007338025	.1049826	0
1239.15	0	.8862824	.008244943	.1054726	0
1238.15	0	.8848893	.009149309	.1059614	0
1237.15	0	.8834999	.01005113	.106449	0
1236.15	0	.8821144	.0109504	.1069352	0
1235.15	0	.8807327	.01184714	.1074202	0
1234.15	0	.8793547	.01274135	.1079039	0
1233.15	0	.8779805	.01363303	.1083864	0
1232.15	0	.8766101	.01452218	.1088677	0
1231.15	0	.8752435	.01540882	.1093477	0
1230.15	0	.8738807	.01629294	.1098264	0
1229.15	0	.8725215	.01717455	.1103039	0
1228.15	0	.8711661	.01805365	.1107802	0
1227.15	0	.8698145	.01893026	.1112553	0
1226.15	0	.8684665	.01980437	.1117291	0
1225.15	0	.8671223	.02067598	.1122017	0
1224.15	0	.8657818	.02154511	.1126731	0
1223.15	0	.864445	.02241176	.1131433	0
1222.15	0	.8631118	.02327592	.1136123	0
1221.15	0	.8617823	.02413761	.11408	0
1220.15	0	.8604565	.02499683	.1145466	0
1219.15	0	.8591344	.02585359	.115012	0
1218.15	0	.8578159	.02670788	.1154762	0
1217.15	0	.8565011	.02755971	.1159392	0
1216.15	0	.8551899	.02840909	.116401	0
1215.15	0	.8538823	.02925602	.1168617	0
1214.15	0	.8525783	.0301005	.1173212	0
1213.15	0	.851278	.03094254	.1177795	0
1212.15	0	.8499813	.03178214	.1182366	0
1211.15	0	.8486881	.03261931	.1186926	0
1210.15	0	.8473985	.03345405	.1191474	0
1209.15	0	.8461126	.03428636	.1196011	0
1208.15	0	.8448302	.03511624	.1200536	0
1207.15	0	.8435514	.03594371	.1205049	0
1206.15	0	.8422761	.03676876	.1209552	0
1205.15	0	.8410044	.03759141	.1214042	0
1204.15	0	.8397362	.03841164	.1218522	0
1203.15	0	.8384715	.03922947	.122299	0
1202.15	0	.8372104	.04004489	.1227447	0
1201.15	0	.8359528	.04085792	.1231893	0
1200.15	0	.8346987	.04166856	.1236327	0
1199.15	0	.8334482	.0424768	.124075	0
1198.15	0	.8322011	.04328266	.1245162	0
1197.15	0	.8309575	.04408614	.1249564	0
1196.15	0	.8297174	.04488723	.1253953	0
1195.15	0	.8284808	.04568595	.1258332	0
1194.15	0	.8272477	.04648229	.12627	0
1193.15	0	.826018	.04727627	.1267057	0
1192.15	0	.8247918	.04806788	.1271403	0
1191.15	0	.823569	.04885712	.1275739	0
1190.15	0	.8223497	.04964401	.1280063	0
1189.15	0	.8211338	.05042853	.1284376	0
1188.15	0	.8199214	.05121071	.1288679	0
1187.15	0	.8187124	.05199053	.1292971	0
1186.15	0	.8175068	.052768	.1297252	0
1185.15	0	.8163046	.05354313	.1301523	0
1184.15	0	.8151058	.05431592	.1305783	0
1183.15	0	.8139104	.05508636	.1310032	0
1182.15	0	.8127184	.05585448	.1314271	0
1181.15	0	.8115298	.05662026	.1318499	0
1180.15	0	.8103446	.0573837	.1322717	0
1179.15	0	.8091628	.05814483	.1326924	0
1178.15	0	.8079843	.05890362	.1331121	0
1177.15	0	.8068092	.0596601	.1335307	0
1176.15	0	.8056374	.06041425	.1339483	0
1175.15	0	.804469	.06116609	.1343649	0
1174.15	0	.803304	.06191562	.1347804	0
1173.15	0	.8021423	.06266284	.1351949	0
1172.15	0	.8009839	.06340774	.1356084	0
1171.15	0	.7998289	.06415034	.1360208	0
1170.15	0	.7986771	.06489064	.1364322	0
1169.15	0	.7975287	.06562864	.1368426	0
1168.15	0	.7963836	.06636434	.137252	0
1167.15	0	.7952418	.06709775	.1376604	0
1166.15	0	.7941033	.06782886	.1380678	0
1165.15	0	.7929682	.06855768	.1384742	0
1164.15	0	.7918363	.06928421	.1388795	0
1163.15	0	.7907076	.07000846	.1392839	0
1162.15	0	.7895823	.07073042	.1396873	0
1161.15	0	.7884602	.07145011	.1400897	0
1160.15	0	.7873414	.07216751	.1404911	0
1159.15	0	.7862259	.07288264	.1408915	0
1158.15	0	.7851136	.07359549	.1412909	0
1157.15	0	.7840046	.07430607	.1416893	0
1156.15	0	.7828988	.07501438	.1420868	0
1155.15	0	.7817963	.07572042	.1424833	0
1154.15	0	.780697	.07642423	.1428788	0
1153.15	0	.7796009	.07712574	.1432733	0
1152.15	0	.7785081	.07782499	.1436669	0
1151.15	0	.7774185	.07852199	.1440595	0
1150.15	0	.7763321	.07921672	.1444512	0
1149.15	0	.775249	.0799092	.1448418	0
1148.15	0	.774169	.08059943	.1452316	0
1147.15	0	.7730923	.0812874	.1456203	0
1146.15	0	.7720187	.08197313	.1460082	0
1145.15	0	.7709484	.08265661	.146395	0
1144.15	0	.7698812	.08333784	.1467809	0
1143.15	0	.7688173	.08401683	.1471659	0
1142.15	0	.7677565	.08469358	.14755	0
1141.15	0	.7666989	.08536808	.1479331	0
1140.15	0	.7656444	.08604035	.1483152	0
1139.15	0	.7645932	.08671038	.1486965	0
1138.15	0	.7635451	.08737818	.1490768	0
1137.15	0	.7625001	.08804374	.1494561	0
1136.15	0	.7614584	.08870707	.1498346	0
1135.15	0	.7604198	.08936817	.1502121	0
1134.15	0	.7593843	.09002704	.1505887	0
1133.15	0	.758352	.09068369	.1509644	0
1132.15	0	.7573228	.09133811	.1513391	0
1131.15	0	.7562967	.09199031	.151713	0
1130.15	0	.7552738	.09264028	.1520859	0
1129.15	0	.7542541	.09328803	.1524579	0
1128.15	0	.7532374	.09393357	.152829	0
1127.15	0	.7522239	.09457688	.1531992	0
1126.15	0	.7512135	.09521798	.1535685	0
1125.15	0	.7502062	.09585687	.1539369	0
1124.15	0	.749202	.09649354	.1543045	0
1123.15	0	.7482009	.097128	.1546711	0
1122.15	0	.747203	.09776024	.1550368	0
1121.15	0	.7462081	.09839028	.1554016	0
1120.15	0	.7452164	.09901811	.1557655	0
1119.15	0	.7442277	.09964373	.1561286	0
1118.15	0	.7432421	.1002671	.1564908	0
1117.15	0	.7422596	.1008884	.156852	0
1116.15	0	.7412802	.1015074	.1572124	0
1115.15	0	.7403039	.1021242	.157572	0
1114.15	0	.7393306	.1027388	.1579306	0
1113.15	0	.7383605	.1033512	.1582883	0
1112.15	0	.7373934	.1039614	.1586453	0
1111.15	0	.7364293	.1045694	.1590013	0
1110.15	0	.7354684	.1051752	.1593564	0
1109.15	0	.7345105	.1057788	.1597107	0
1108.15	0	.7335557	.1063802	.1600641	0
1107.15	0	.7326039	.1069794	.1604167	0
1106.15	0	.7316552	.1075765	.1607684	0
1105.15	0	.7307095	.1081713	.1611192	0
1104.15	0	.7297669	.108764	.1614692	0
1103.15	0	.7288273	.1093544	.1618183	0
1102.15	0	.7278907	.1099427	.1621666	0
1101.15	0	.7269572	.1105288	.162514	0
1100.15	0	.7260268	.1111127	.1628606	0
1099.15	0	.7250994	.1116944	.1632063	0
1098.15	0	.724175	.1122739	.1635511	0
1097.15	0	.7232536	.1128512	.1638952	0
1096.15	0	.7223353	.1134264	.1642384	0
1095.15	0	.72142	.1139993	.1645807	0
1094.15	0	.7205077	.1145701	.1649222	0
1093.15	0	.7195984	.1151387	.1652628	0
1092.15	0	.7186922	.1157052	.1656027	0
1091.15	0	.717789	.1162694	.1659416	0
1090.15	0	.7168887	.1168315	.1662798	0
1089.15	0	.7159915	.1173914	.1666171	0
1088.15	0	.7150973	.117949	.1669536	0
1087.15	0	.7142061	.1185046	.1672893	0
1086.15	0	.7133179	.1190579	.1676241	0
1085.15	0	.7124328	.1196091	.1679581	0
1084.15	0	.7115506	.1201581	.1682913	0
1083.15	0	.7106714	.1207049	.1686237	0
1082.15	0	.7097952	.1212496	.1689552	0
1081.15	0	.708922	.1217921	.1692859	0
1080.15	0	.7080518	.1223324	.1696158	0
1079.15	0	.7071846	.1228705	.1699449	0
1078.15	0	.7063204	.1234065	.1702732	0
1077.15	0	.7054591	.1239402	.1706006	0
1076.15	0	.7046009	.1244719	.1709273	0
1075.15	0	.7037456	.1250013	.1712531	0
1074.15	0	.7028933	.1255286	.1715781	0
1073.15	0	.702044	.1260537	.1719023	0
1072.15	0	.7011977	.1265766	.1722257	0
1071.15	0	.7003543	.1270974	.1725483	0
1070.15	0	.6995139	.127616	.1728701	0
1069.15	0	.6986765	.1281324	.1731911	0
1068.15	0	.697842	.1286467	.1735113	0
1067.15	0	.6970106	.1291588	.1738306	0
1066.15	0	.6961821	.1296687	.1741492	0
1065.15	0	.6953565	.1301765	.174467	0
1064.15	0	.6945339	.1306821	.174784	0
1063.15	0	.6937143	.1311856	.1751001	0
1062.15	0	.6928977	.1316868	.1754155	0
1061.15	0	.692084	.132186	.1757301	0
1060.15	0	.6912732	.1326829	.1760439	0
1059.15	0	.6904654	.1331777	.1763569	0
1058.15	0	.6896606	.1336704	.1766691	0
1057.15	0	.6888587	.1341608	.1769805	0
1056.15	0	.6880598	.1346491	.1772911	0
1055.15	0	.6872638	.1351353	.1776009	0
1054.15	0	.6864708	.1356193	.1779099	0
1053.15	0	.6856807	.1361011	.1782182	0
1052.15	0	.6848936	.1365808	.1785256	0
1051.15	0	.6841094	.1370583	.1788323	0
1050.15	0	.6833282	.1375337	.1791382	0
1049.15	0	.6825499	.1380069	.1794433	0
1048.15	0	.6817745	.1384779	.1797476	0
1047.15	0	.6810021	.1389468	.1800511	0
1046.15	0	.6802326	.1394135	.1803539	0
1045.15	0	.6794661	.1398781	.1806558	0
1044.15	0	.6787024	.1403405	.180957	0
1043.15	0	.6779418	.1408008	.1812574	0
1042.15	0	.677184	.1412589	.181557	0
1041.15	0	.6764292	.1417149	.1818559	0
1040.15	0	.6756773	.1421688	.1821539	0
1039.15	0	.6749284	.1426204	.1824512	0
1038.15	0	.6741824	.1430699	.1827477	0
1037.15	0	.6734393	.1435173	.1830434	0
1036.15	0	.6726992	.1439625	.1833383	0
1035.15	0	.6719619	.1444056	.1836325	0
1034.15	0	.6712276	.1448466	.1839258	0
1033.15	0	.6704962	.1452854	.1842184	0
1032.15	0	.6697678	.145722	.1845102	0
1031.15	0	.6690422	.1461565	.1848013	0
1030.15	0	.6683196	.1465889	.1850916	0
1029.15	0	.6675999	.1470191	.1853811	0
1028.15	0	.6668831	.1474472	.1856698	0
1027.15	0	.6661692	.1478731	.1859577	0
1026.15	0	.6654582	.1482969	.1862449	0
1025.15	0	.6647502	.1487186	.1865312	0
1024.15	0	.6640451	.1491381	.1868168	0
1023.15	0	.6633428	.1495555	.1871017	0
1022.15	0	.6626435	.1499708	.1873857	0
1021.15	0	.6619471	.1503839	.187669	0
1020.15	0	.6612536	.1507949	.1879515	0
1019.15	0	.660563	.1512038	.1882332	0
1018.15	0	.6598753	.1516106	.1885142	0
1017.15	0	.6591905	.1520152	.1887943	0
1016.15	0	.6585086	.1524177	.1890737	0
1015.15	0	.6578296	.1528181	.1893523	0
1014.15	0	.6571535	.1532163	.1896302	0
1013.15	0	.6564803	.1536124	.1899072	0
1012.15	0	.65581	.1540065	.1901835	0
1011.15	0	.6551426	.1543984	.190459	0
1010.15	0	.6544781	.1547882	.1907337	0
1009.15	0	.6538165	.1551759	.1910077	0
1008.15	0	.6531578	.1555614	.1912808	0
1007.15	0	.6525019	.1559449	.1915532	0
1006.15	0	.6518489	.1563262	.1918248	0
1005.15	0	.6511989	.1567055	.1920956	0
1004.15	0	.6505517	.1570827	.1923657	0
1003.15	0	.6499073	.1574577	.1926349	0
1002.15	0	.6492659	.1578307	.1929034	0
1001.15	0	.6486273	.1582016	.1931711	0
1000.15	0	.6479917	.1585704	.193438	0
999.15	0	.6473588	.1589371	.1937041	0
998.15	0	.6467289	.1593017	.1939694	0
997.15	0	.6461018	.1596642	.194234	0
996.15	0	.6454776	.1600247	.1944977	0
995.15	0	.6448562	.1603831	.1947607	0
994.15	0	.6442377	.1607394	.1950228	0
993.15	0	.6436221	.1610937	.1952842	0
992.15	0	.6430093	.1614459	.1955448	0
991.15	0	.6423994	.161796	.1958046	0
990.15	0	.6417923	.1621441	.1960636	0
989.15	0	.6411881	.1624901	.1963218	0
988.15	0	.6405867	.1628341	.1965792	0
987.15	0	.6399882	.163176	.1968358	0
986.15	0	.6393925	.1635159	.1970916	0
985.15	0	.6387996	.1638537	.1973467	0
984.15	0	.6382096	.1641896	.1976009	0
983.15	0	.6376224	.1645234	.1978543	0
982.15	0	.637038	.1648552	.1981069	0
981.15	0	.6364564	.1651849	.1983586	0
980.15	0	.6358777	.1655127	.1986096	0
979.15	0	.6353018	.1658384	.1988598	0
978.15	0	.6347287	.1661622	.1991092	0
977.15	0	.6341583	.166484	.1993577	0
976.15	0	.6335908	.1668037	.1996054	0
975.15	0	.6330261	.1671215	.1998523	0
974.15	0	.6324642	.1674373	.2000984	0
973.15	0	.6319051	.1677512	.2003437	0
972.15	0	.6313488	.1680631	.2005882	0
971.15	0	.6307952	.168373	.2008318	0
970.15	0	.6302444	.168681	.2010746	0
969.15	0	.6296964	.168987	.2013165	0
968.15	0	.6291512	.1692912	.2015577	0
967.15	0	.6286087	.1695933	.201798	0
966.15	0	.628069	.1698936	.2020374	0
965.15	0	.627532	.170192	.2022761	0
964.15	0	.6269978	.1704884	.2025138	0
963.15	0	.6264663	.170783	.2027508	0
962.15	0	.6259375	.1710757	.2029869	0
961.15	0	.6254114	.1713665	.2032221	0
960.15	0	.6248881	.1716554	.2034565	0
959.15	0	.6243675	.1719425	.20369	0
958.15	0	.6238496	.1722277	.2039227	0
957.15	0	.6233344	.1725111	.2041545	0
956.15	0	.6228218	.1727927	.2043855	0
955.15	0	.622312	.1730724	.2046156	0
954.15	0	.6218048	.1733504	.2048448	0
953.15	0	.6213003	.1736266	.2050732	0
952.15	0	.6207985	.1739009	.2053006	0
951.15	0	.6202992	.1741735	.2055272	0
950.15	0	.6198027	.1744444	.2057529	0
949.15	0	.6193088	.1747135	.2059778	0
948.15	0	.6188174	.1749808	.2062017	0
947.15	0	.6183288	.1752465	.2064248	0
946.15	0	.6178427	.1755104	.2066469	0
945.15	0	.6173592	.1757727	.2068682	0
944.15	0	.6168783	.1760333	.2070885	0
943.15	0	.6163999	.1762922	.2073079	0
942.15	0	.6159241	.1765494	.2075265	0
941.15	0	.6154509	.1768051	.2077441	0
940.15	0	.6149802	.1770591	.2079607	0
939.15	0	.614512	.1773115	.2081765	0
938.15	0	.6140464	.1775623	.2083914	0
937.15	0	.6135832	.1778115	.2086053	0
936.15	0	.6131225	.1780592	.2088182	0
935.15	0	.6126644	.1783054	.2090303	0
934.15	0	.6122086	.1785501	.2092413	0
933.15	0	.6117553	.1787932	.2094515	0
932.15	0	.6113045	.1790349	.2096606	0
931.15	0	.6108561	.1792751	.2098688	0
930.15	0	.61041	.1795139	.2100761	0
929.15	0	.6099664	.1797512	.2102824	0
928.15	0	.6095251	.1799872	.2104877	0
927.15	0	.6090862	.1802218	.210692	0
926.15	0	.6086497	.180455	.2108953	0
925.15	0	.6082154	.1806869	.2110976	0
924.15	0	.6077835	.1809175	.211299	0
923.15	0	.6073538	.1811469	.2114993	0
922.15	0	.6069265	.1813749	.2116986	0
921.15	0	.6065013	.1816017	.2118969	0
920.15	0	.6060784	.1818274	.2120942	0
919.15	0	.6056577	.1820518	.2122905	0
918.15	0	.6052392	.1822751	.2124857	0
917.15	0	.6048229	.1824972	.2126799	0
916.15	0	.6044087	.1827183	.212873	0
915.15	0	.6039967	.1829382	.2130651	0
914.15	0	.6035867	.1831572	.2132561	0
913.15	0	.6031789	.1833751	.213446	0
912.15	0	.6027731	.183592	.2136349	0
911.15	0	.6023693	.183808	.2138227	0
910.15	0	.6019675	.1840231	.2140094	0
909.15	0	.6015677	.1842372	.214195	0
908.15	0	.6011699	.1844506	.2143795	0
907.15	0	.600774	.1846631	.2145629	0
906.15	0	.60038	.1848748	.2147451	0
905.15	0	.5999879	.1850858	.2149263	0
904.15	0	.5995977	.1852961	.2151063	0
903.15	0	.5992092	.1855057	.2152851	0
902.15	0	.5988226	.1857146	.2154628	0
901.15	0	.5984377	.185923	.2156393	0
900.15	0	.5980545	.1861308	.2158147	0
899.15	0	.597673	.1863381	.2159889	0
898.15	0	.5972932	.186545	.2161618	0
897.15	0	.596915	.1867514	.2163336	0
896.15	0	.5965384	.1869574	.2165042	0
895.15	0	.5961634	.1871631	.2166735	0
894.15	0	.5957899	.1873685	.2168416	0
893.15	0	.5954178	.1875737	.2170085	0
892.15	0	.5950472	.1877786	.2171741	0
891.15	0	.5946781	.1879835	.2173385	0
890.15	0	.5943103	.1881882	.2175015	0
889.15	0	.5939438	.1883929	.2176633	0
888.15	0	.5935786	.1885976	.2178238	0
887.15	0	.5932146	.1888024	.217983	0
886.15	0	.5928519	.1890073	.2181409	0
885.15	0	.5924903	.1892123	.2182974	0
884.15	0	.5921298	.1894176	.2184526	0
883.15	0	.5917704	.1896233	.2186064	0
882.15	0	.591412	.1898292	.2187588	0
881.15	0	.5910545	.1900356	.2189099	0
880.15	0	.590698	.1902425	.2190595	0
879.15	0	.5903423	.19045	.2192077	0
878.15	0	.5899875	.190658	.2193545	0
877.15	0	.5896334	.1908668	.2194999	0
876.15	0	.5892799	.1910763	.2196438	0
875.15	0	.5889272	.1912867	.2197862	0
874.15	0	.588575	.1914979	.2199271	0
873.15	0	.5882233	.1917102	.2200664	0
872.15	0	.5878721	.1919235	.2202043	0
871.15	0	.5875213	.192138	.2203406	0
870.15	0	.5871709	.1923537	.2204754	0
869.15	0	.5868207	.1925708	.2206086	0
868.15	0	.5864707	.1927892	.2207401	0
867.15	0	.5861208	.1930091	.2208701	0
866.15	0	.585771	.1932307	.2209983	0
865.15	0	.5854212	.1934539	.221125	0
864.15	0	.5850712	.1936789	.2212499	0
863.15	0	.5847211	.1939058	.2213731	0
862.15	0	.5843708	.1941346	.2214946	0
861.15	0	.5840201	.1943656	.2216144	0
860.15	0	.5836689	.1945988	.2217323	0
859.15	0	.5833173	.1948343	.2218485	0
858.15	0	.582965	.1950722	.2219628	0
857.15	0	.5826121	.1953127	.2220752	0
856.15	0	.5822584	.1955559	.2221858	0
855.15	0	.5819037	.1958019	.2222944	0
854.15	0	.5815481	.1960508	.2224011	0
853.15	0	.5811914	.1963028	.2225058	0
852.15	0	.5808334	.1965581	.2226085	0
851.15	0	.5804741	.1968167	.2227092	0
850.15	0	.5801134	.1970789	.2228077	0
849.15	0	.5797511	.1973448	.2229042	0
848.15	0	.5793871	.1976145	.2229984	0
847.15	0	.5790212	.1978883	.2230905	0
846.15	0	.5786534	.1981662	.2231804	0
845.15	0	.5782835	.1984486	.2232679	0
844.15	0	.5779113	.1987356	.2233532	0
843.15	0	.5775367	.1990273	.223436	0
842.15	0	.5771595	.1993241	.2235164	0
841.15	0	.5767796	.199626	.2235944	0
840.15	0	.5763967	.1999335	.2236698	0
839.15	0	.5760107	.2002466	.2237427	0
838.15	0	.5756214	.2005657	.2238129	0
837.15	0	.5752287	.200891	.2238804	0
836.15	0	.5748322	.2012228	.2239451	0
835.15	0	.5744317	.2015614	.2240069	0
834.15	0	.5740271	.201907	.2240659	0
833.15	0	.5736181	.2022601	.2241218	0
832.15	0	.5732043	.202621	.2241746	0
831.15	0	.5727856	.20299	.2242243	0
830.15	0	.5723617	.2033676	.2242708	0
829.15	0	.5719322	.203754	.2243138	0
828.15	0	.5714967	.2041498	.2243534	0
827.15	0	.5710551	.2045555	.2243895	0
826.15	0	.5706067	.2049715	.2244218	0
825.15	0	.5701514	.2053983	.2244503	0
824.15	0	.5696886	.2058366	.2244749	0
823.15	0	.5692179	.2062869	.2244953	0
822.15	0	.5687387	.2067498	.2245115	0
821.15	0	.5682506	.2072262	.2245232	0
820.15	0	.5677529	.2077168	.2245303	0
819.15	0	.5672451	.2082223	.2245326	0
818.15	0	.5667264	.2087438	.2245298	0
817.15	0	.5661961	.2092821	.2245218	0
816.15	0	.5656534	.2098384	.2245082	0
815.15	0	.5650973	.2104139	.2244888	0
814.15	0	.564527	.2110099	.2244632	0
813.15	0	.5639412	.2116277	.2244311	0
812.15	0	.5633387	.2122691	.2243922	0
811.15	0	.5627182	.2129359	.2243459	0
810.15	0	.5620782	.21363	.2242918	0
809.15	0	.5608976	.2150048	.2240977	0
808.15	0	.5596574	.21646	.2238826	0
807.15	0	.5585018	.2178149	.2236834	0
806.15	0	.5574212	.2190808	.223498	0
805.15	0	.5564077	.2202675	.2233248	0
804.15	0	.5554547	.2213828	.2231625	0
803.15	0	.5545564	.2224337	.2230099	0
802.15	0	.5537078	.2234262	.2228661	0
801.15	0	.5529047	.2243652	.2227301	0
800.15	0	.5521433	.2252554	.2226014	0
799.15	0	.5514202	.2261006	.2224791	0
798.15	0	.5507326	.2269045	.2223629	0
797.15	0	.5500779	.22767	.2222521	0
796.15	0	.5494536	.2284001	.2221464	0
795.15	0	.5488576	.2290971	.2220453	0
794.15	0	.5482882	.2297634	.2219485	0
793.15	0	.5477434	.230401	.2218556	0
792.15	0	.5472218	.2310117	.2217665	0
791.15	0	.5467219	.2315973	.2216808	0
790.15	0	.5462425	.2321593	.2215983	0
789.15	0	.5457822	.2326991	.2215187	0
788.15	0	.54534	.233218	.221442	0
787.15	0	.5449148	.2337173	.2213679	0
786.15	0	.5445058	.234198	.2212962	0
785.15	0	.5441121	.2346611	.2212268	0
784.15	0	.5437327	.2351077	.2211596	0
783.15	0	.543367	.2355386	.2210943	0
782.15	0	.5430143	.2359546	.221031	0
781.15	0	.5426739	.2363565	.2209695	0
780.15	0	.5423453	.2367451	.2209097	0
779.15	0	.54203	.2371191	.2208509	0
778.15	0	.5417228	.2374829	.2207943	0
777.15	0	.5414257	.2378353	.220739	0
776.15	0	.5411383	.2381766	.2206851	0
775.15	0	.54086	.2385075	.2206325	0
774.15	0	.5405904	.2388285	.2205811	0
773.15	0	.5403292	.23914	.2205308	0
772.15	0	.540076	.2394423	.2204816	0
771.15	0	.5398305	.2397361	.2204335	0
770.15	0	.5395922	.2400215	.2203863	0
769.15	0	.5393609	.2402991	.2203401	0
768.15	0	.5391363	.240569	.2202947	0
767.15	0	.5389181	.2408318	.2202502	0
766.15	0	.538706	.2410876	.2202064	0
765.15	0	.5384998	.2413368	.2201635	0
764.15	0	.5382992	.2415796	.2201212	0
763.15	0	.5381041	.2418163	.2200797	0
762.15	0	.5379141	.2420472	.2200388	0
761.15	0	.5377291	.2422724	.2199985	0
760.15	0	.5375489	.2424923	.2199588	0
759.15	0	.5373733	.2427071	.2199197	0
758.15	0	.5372021	.2429168	.2198811	0
757.15	0	.5370352	.2431218	.219843	0
756.15	0	.5368723	.2433223	.2198054	0
755.15	0	.5367134	.2435183	.2197683	0
754.15	0	.5365582	.2437101	.2197316	0
753.15	0	.5364067	.2438979	.2196954	0
752.15	0	.5362587	.2440818	.2196596	0
751.15	0	.5361141	.2442619	.2196241	0
750.15	0	.5359727	.2444383	.219589	0
749.15	0	.5358344	.2446113	.2195543	0
748.15	0	.5356992	.244781	.2195199	0
747.15	0	.5355668	.2449474	.2194858	0
746.15	0	.5354373	.2451107	.219452	0
745.15	0	.5353105	.245271	.2194185	0
744.15	0	.5351862	.2454285	.2193853	0
743.15	0	.5350645	.2455831	.2193524	0
742.15	0	.5349453	.2457351	.2193197	0
741.15	0	.5348284	.2458844	.2192872	0
740.15	0	.5347137	.2460313	.219255	0
739.15	0	.5346012	.2461758	.219223	0
738.15	0	.5344908	.246318	.2191912	0
737.15	0	.5343825	.2464579	.2191596	0
736.15	0	.5342762	.2465957	.2191282	0
735.15	0	.5341717	.2467313	.2190969	0
734.15	0	.5340691	.246865	.2190659	0
733.15	0	.5339683	.2469967	.219035	0
732.15	0	.5338692	.2471266	.2190042	0
731.15	0	.5337717	.2472546	.2189736	0
730.15	0	.5336759	.2473809	.2189432	0
729.15	0	.5335816	.2475055	.2189128	0
728.15	0	.5334889	.2476285	.2188826	0
727.15	0	.5333976	.2477499	.2188526	0
726.15	0	.5333077	.2478697	.2188226	0
725.15	0	.5332191	.2479881	.2187927	0
724.15	0	.5331319	.2481051	.218763	0
723.15	0	.533046	.2482207	.2187333	0
722.15	0	.5329613	.248335	.2187037	0
721.15	0	.5328779	.2484479	.2186742	0
720.15	0	.5327955	.2485596	.2186448	0
719.15	0	.5327143	.2486702	.2186155	0
718.15	0	.5326342	.2487795	.2185862	0
717.15	0	.5325552	.2488878	.218557	0
716.15	0	.5324772	.2489949	.2185279	0
715.15	0	.5324002	.249101	.2184988	0
714.15	0	.5323241	.249206	.2184698	0
713.15	0	.532249	.2493101	.2184409	0
712.15	0	.5321748	.2494132	.2184119	0
711.15	0	.5321015	.2495154	.2183831	0
710.15	0	.532029	.2496167	.2183542	0
709.15	0	.5319574	.2497172	.2183254	0
708.15	0	.5318866	.2498168	.2182967	0
707.15	0	.5318165	.2499155	.218268	0
706.15	0	.5317472	.2500135	.2182393	0
705.15	0	.5316786	.2501108	.2182106	0
704.15	0	.5316108	.2502073	.218182	0
703.15	0	.5315436	.250303	.2181534	0
702.15	0	.5314772	.2503981	.2181248	0
701.15	0	.5314113	.2504925	.2180962	0
700.15	0	.5313461	.2505863	.2180676	0
699.15	0	.5312815	.2506794	.2180391	0
698.15	0	.5312176	.2507719	.2180105	0
697.15	0	.5311542	.2508638	.217982	0
696.15	0	.5310913	.2509552	.2179534	0
695.15	0	.5310291	.251046	.2179249	0
694.15	0	.5309673	.2511363	.2178964	0
693.15	0	.5309061	.251226	.2178679	0
692.15	0	.5308454	.2513152	.2178394	0
691.15	0	.5307852	.2514039	.2178109	0
690.15	0	.5307254	.2514922	.2177824	0
689.15	0	.5306661	.25158	.2177539	0
688.15	0	.5306073	.2516673	.2177254	0
687.15	0	.5305489	.2517543	.2176968	0
686.15	0	.530491	.2518408	.2176683	0
685.15	0	.5304334	.2519268	.2176398	0
684.15	0	.5303763	.2520125	.2176112	0
683.15	0	.5303195	.2520978	.2175827	0
682.15	0	.5302632	.2521827	.2175541	0
681.15	0	.5302072	.2522673	.2175255	0
680.15	0	.5301516	.2523515	.2174969	0
679.15	0	.5300963	.2524354	.2174683	0
678.15	0	.5300414	.2525189	.2174397	0
677.15	0	.5299868	.2526021	.2174111	0
676.15	0	.5299325	.252685	.2173824	0
675.15	0	.5298786	.2527676	.2173538	0
674.15	0	.529825	.2528499	.2173251	0
673.15	0	.5297717	.252932	.2172964	0
672.15	0	.5297187	.2530137	.2172677	0
671.15	0	.5296659	.2530952	.2172389	0
670.15	0	.5296135	.2531764	.2172102	0
669.15	0	.5295613	.2532573	.2171814	0
668.15	0	.5295094	.253338	.2171526	0
667.15	0	.5294577	.2534185	.2171238	0
666.15	0	.5294064	.2534987	.217095	0
665.15	0	.5293552	.2535787	.2170661	0
664.15	0	.5293043	.2536585	.2170372	0
663.15	0	.5292537	.253738	.2170083	0
662.15	0	.5292032	.2538174	.2169794	0
661.15	0	.529153	.2538965	.2169505	0
660.15	0	.5291031	.2539755	.2169215	0
659.15	0	.5290533	.2540542	.2168925	0
658.15	0	.5290037	.2541328	.2168635	0
657.15	0	.5289544	.2542111	.2168345	0
656.15	0	.5289052	.2542894	.2168054	0
655.15	0	.5288563	.2543674	.2167763	0
654.15	0	.5288075	.2544452	.2167472	0
653.15	0	.528759	.2545229	.2167181	0
652.15	0	.5287106	.2546005	.216689	0
651.15	0	.5286624	.2546778	.2166598	0
650.15	0	.5286144	.254755	.2166306	0
649.15	0	.5285665	.2548321	.2166014	0
648.15	0	.5285189	.254909	.2165721	0
647.15	0	.5284713	.2549858	.2165429	0
646.15	0	.528424	.2550624	.2165136	0
645.15	0	.5283768	.2551389	.2164843	0
644.15	0	.5283298	.2552153	.216455	0
643.15	0	.5282829	.2552915	.2164256	0
642.15	0	.5282361	.2553676	.2163962	0
641.15	0	.5281896	.2554436	.2163668	0
640.15	0	.5281431	.2555195	.2163374	0
639.15	0	.5280968	.2555952	.216308	0
638.15	0	.5280506	.2556709	.2162785	0
637.15	0	.5280046	.2557464	.216249	0
636.15	0	.5279587	.2558218	.2162195	0
635.15	0	.527913	.2558971	.21619	0
634.15	0	.5278673	.2559722	.2161604	0
633.15	0	.5278218	.2560473	.2161309	0
632.15	0	.5277765	.2561223	.2161013	0
631.15	0	.5277312	.2561971	.2160716	0
630.15	0	.5276861	.2562719	.216042	0
629.15	0	.5276411	.2563466	.2160124	0
628.15	0	.5275962	.2564212	.2159827	0
627.15	0	.5275514	.2564956	.215953	0
626.15	0	.5275067	.25657	.2159233	0
625.15	0	.5274621	.2566443	.2158936	0
624.15	0	.5274177	.2567185	.2158638	0
623.15	0	.5273733	.2567926	.215834	0
622.15	0	.5273291	.2568667	.2158043	0
621.15	0	.527285	.2569406	.2157745	0
620.15	0	.5272409	.2570144	.2157447	0
619.15	0	.527197	.2570882	.2157148	0
618.15	0	.5271532	.2571619	.215685	0
617.15	0	.5271094	.2572355	.2156551	0
616.15	0	.5270658	.257309	.2156252	0
615.15	0	.5270223	.2573824	.2155953	0
614.15	0	.5269788	.2574558	.2155654	0
613.15	0	.5269355	.257529	.2155355	0
612.15	0	.5268922	.2576022	.2155056	0
611.15	0	.5268491	.2576753	.2154756	0
610.15	0	.526806	.2577484	.2154457	0
609.15	0	.526763	.2578213	.2154157	0
608.15	0	.5267201	.2578942	.2153857	0
607.15	0	.5266773	.257967	.2153557	0
606.15	0	.5266346	.2580397	.2153257	0
605.15	0	.526592	.2581124	.2152957	0
604.15	0	.5265494	.2581849	.2152657	0
603.15	0	.526507	.2582574	.2152356	0
602.15	0	.5264646	.2583299	.2152056	0
601.15	0	.5264223	.2584022	.2151755	0
600.15	0	.5263801	.2584745	.2151454	0
599.15	0	.5263379	.2585467	.2151154	0
598.15	0	.5262959	.2586188	.2150853	0
597.15	0	.5262539	.2586909	.2150552	0
596.15	0	.526212	.2587629	.2150251	0
595.15	0	.5261702	.2588348	.214995	0
594.15	0	.5261285	.2589066	.2149649	0
593.15	0	.5260868	.2589784	.2149348	0
592.15	0	.5260453	.2590501	.2149047	0
591.15	0	.5260038	.2591217	.2148746	0
590.15	0	.5259624	.2591932	.2148444	0
589.15	0	.525921	.2592647	.2148143	0
588.15	0	.5258797	.2593361	.2147842	0
587.15	0	.5258386	.2594074	.2147541	0
586.15	0	.5257974	.2594786	.2147239	0
585.15	0	.5257564	.2595498	.2146938	0
584.15	0	.5257154	.2596209	.2146637	0
583.15	0	.5256745	.2596919	.2146336	0
582.15	0	.5256337	.2597629	.2146034	0
581.15	0	.525593	.2598337	.2145733	0
580.15	0	.5255523	.2599045	.2145432	0
579.15	0	.5255117	.2599752	.2145131	0
578.15	0	.5254712	.2600459	.214483	0
577.15	0	.5254307	.2601164	.2144528	0
576.15	0	.5253903	.2601869	.2144227	0
575.15	0	.52535	.2602574	.2143926	0
574.15	0	.5253098	.2603277	.2143625	0
573.15	0	.5252696	.2603979	.2143324	0
572.15	0	.5252295	.2604681	.2143023	0
571.15	0	.5251895	.2605382	.2142723	0
570.15	0	.5251496	.2606082	.2142422	0
569.15	0	.5251097	.2606782	.2142121	0
568.15	0	.5250699	.2607481	.2141821	0
567.15	0	.5250301	.2608178	.214152	0
566.15	0	.5249905	.2608875	.214122	0
565.15	0	.5249509	.2609571	.214092	0
564.15	0	.5249114	.2610267	.214062	0
563.15	0	.5248719	.2610961	.214032	0
562.15	0	.5248325	.2611655	.214002	0
561.15	0	.5247932	.2612348	.213972	0
560.15	0	.524754	.261304	.213942	0
559.15	0	.5247148	.2613731	.2139121	0
558.15	0	.5246757	.2614421	.2138822	0
557.15	0	.5246367	.261511	.2138523	0
556.15	0	.5245978	.2615799	.2138224	0
555.15	0	.5245589	.2616487	.2137925	0
554.15	0	.5245201	.2617173	.2137626	0
553.15	0	.5244813	.2617859	.2137328	0
552.15	0	.5244427	.2618544	.2137029	0
551.15	0	.5244041	.2619228	.2136731	0
550.15	0	.5243655	.2619911	.2136433	0
549.15	0	.5243271	.2620594	.2136136	0
548.15	0	.5242887	.2621275	.2135838	0
547.15	0	.5242504	.2621955	.2135541	0
546.15	0	.5242122	.2622635	.2135244	0
545.15	0	.524174	.2623313	.2134947	0
544.15	0	.5241359	.2623991	.213465	0
543.15	0	.5240979	.2624667	.2134354	0
542.15	0	.52406	.2625343	.2134058	0
541.15	0	.5240221	.2626017	.2133762	0
540.15	0	.5239843	.2626691	.2133466	0
539.15	0	.5239466	.2627364	.2133171	0
538.15	0	.5239089	.2628035	.2132876	0
537.15	0	.5238713	.2628706	.2132581	0
536.15	0	.5238338	.2629376	.2132286	0
535.15	0	.5237964	.2630044	.2131992	0
534.15	0	.523759	.2630712	.2131698	0
533.15	0	.5237217	.2631378	.2131404	0
532.15	0	.5236845	.2632044	.2131111	0
531.15	0	.5236474	.2632708	.2130818	0
530.15	0	.5236103	.2633371	.2130525	0
529.15	0	.5235734	.2634034	.2130233	0
528.15	0	.5235364	.2634695	.2129941	0
527.15	0	.5234996	.2635355	.2129649	0
526.15	0	.5234629	.2636014	.2129357	0
525.15	0	.5234262	.2636672	.2129066	0
524.15	0	.5233896	.2637329	.2128776	0
523.15	0	.523353	.2637984	.2128485	0
522.15	0	.5233166	.2638639	.2128195	0
521.15	0	.5232803	.2639292	.2127905	0
520.15	0	.523244	.2639944	.2127615	0
519.15	0	.5232078	.2640595	.2127326	0
518.15	0	.5231717	.2641246	.2127038	0
517.15	0	.5231356	.2641894	.212675	0
516.15	0	.5230996	.2642542	.2126462	0
515.15	0	.5230637	.2643188	.2126175	0
514.15	0	.5230279	.2643834	.2125888	0
513.15	0	.5229921	.2644477	.2125601	0
512.15	0	.5229564	.264512	.2125315	0
511.15	0	.5229209	.2645762	.212503	0
510.15	0	.5228853	.2646402	.2124745	0
509.15	0	.5228499	.2647041	.212446	0
508.15	0	.5228145	.2647679	.2124176	0
507.15	0	.5227793	.2648316	.2123892	0
506.15	0	.5227441	.2648951	.2123608	0
505.15	0	.522709	.2649585	.2123326	0
504.15	0	.5226739	.2650218	.2123043	0
503.15	0	.522639	.2650849	.2122761	0
502.15	0	.5226041	.2651479	.212248	0
501.15	0	.5225693	.2652108	.2122199	0
500.15	0	.5225346	.2652736	.2121918	0
499.15	0	.5225	.2653362	.2121638	0
498.15	0	.5224654	.2653987	.2121359	0
497.15	0	.522431	.2654611	.212108	0
496.15	0	.5223966	.2655233	.2120801	0
495.15	0	.5223623	.2655853	.2120524	0
494.15	0	.5223281	.2656473	.2120246	0
493.15	0	.522294	.2657091	.2119969	0
492.15	0	.5222599	.2657708	.2119693	0
491.15	0	.522226	.2658323	.2119417	0
490.15	0	.5221921	.2658937	.2119142	0
489.15	0	.5221583	.2659549	.2118867	0
488.15	0	.5221246	.2660161	.2118593	0
487.15	0	.522091	.266077	.211832	0
486.15	0	.5220575	.2661378	.2118047	0
485.15	0	.522024	.2661985	.2117775	0
484.15	0	.5219907	.266259	.2117503	0
483.15	0	.5219574	.2663194	.2117232	0
482.15	0	.5219242	.2663797	.2116961	0
481.15	0	.5218911	.2664398	.2116691	0
480.15	0	.5218581	.2664997	.2116422	0
479.15	0	.5218252	.2665595	.2116153	0
478.15	0	.5217924	.2666191	.2115885	0
477.15	0	.5217596	.2666786	.2115618	0
476.15	0	.521727	.266738	.2115351	0
475.15	0	.5216944	.2667972	.2115085	0
474.15	0	.5216619	.2668562	.2114819	0
473.15	0	.5216295	.2669151	.2114554	0
472.15	0	.5215972	.2669738	.211429	0
471.15	0	.521565	.2670323	.2114026	0
470.15	0	.5215329	.2670908	.2113764	0
469.15	0	.5215009	.267149	.2113501	0
468.15	0	.5214689	.2672071	.211324	0
467.15	0	.5214371	.267265	.2112979	0
466.15	0	.5214053	.2673228	.2112719	0
465.15	0	.5213737	.2673804	.2112459	0
464.15	0	.5213421	.2674379	.2112201	0
463.15	0	.5213106	.2674952	.2111942	0
462.15	0	.5212792	.2675523	.2111685	0
461.15	0	.5212479	.2676092	.2111428	0
460.15	0	.5212167	.267666	.2111173	0
459.15	0	.5211856	.2677227	.2110917	0
458.15	0	.5211546	.2677791	.2110663	0
457.15	0	.5211237	.2678354	.2110409	0
456.15	0	.5210928	.2678916	.2110156	0
455.15	0	.5210621	.2679475	.2109904	0
454.15	0	.5210315	.2680033	.2109652	0
453.15	0	.5210009	.2680589	.2109402	0
452.15	0	.5209705	.2681144	.2109152	0
451.15	0	.5209401	.2681696	.2108903	0
450.15	0	.5209099	.2682247	.2108654	0
449.15	0	.5208797	.2682796	.2108407	0
448.15	0	.5208497	.2683343	.210816	0
447.15	0	.5208198	.2683888	.2107914	0
446.15	0	.5207899	.2684432	.2107669	0
445.15	0	.5207602	.2684973	.2107425	0
444.15	0	.5207306	.2685512	.2107182	0
443.15	0	.5207011	.268605	.2106939	0
442.15	0	.5206717	.2686585	.2106698	0
441.15	0	.5206425	.2687118	.2106457	0
440.15	0	.5206134	.2687649	.2106217	0
439.15	0	.5205844	.2688178	.2105979	0
438.15	0	.5205555	.2688704	.2105741	0
437.15	0	.5205267	.2689229	.2105504	0
436.15	0	.5204981	.2689751	.2105269	0
435.15	0	.5204696	.269027	.2105034	0
434.15	0	.5204412	.2690788	.21048	0
433.15	0	.520413	.2691303	.2104567	0
432.15	0	.5203849	.2691815	.2104336	0
431.15	0	.520357	.2692325	.2104105	0
430.15	0	.5203292	.2692832	.2103876	0
429.15	0	.5203015	.2693338	.2103647	0
428.15	0	.520274	.269384	.210342	0
427.15	0	.5202467	.269434	.2103193	0
426.15	0	.5202194	.2694838	.2102968	0
425.15	0	.5201923	.2695333	.2102744	0
424.15	0	.5201654	.2695825	.2102521	0
423.15	0	.5201386	.2696314	.2102299	0
422.15	0	.520112	.2696802	.2102079	0
421.15	0	.5200855	.2697286	.2101859	0
420.15	0	.5200592	.2697768	.2101641	0
419.15	0	.520033	.2698247	.2101423	0
418.15	0	.5200069	.2698723	.2101207	0
417.15	0	.519981	.2699197	.2100992	0
416.15	0	.5199553	.2699668	.2100779	0
415.15	0	.5199297	.2700137	.2100566	0
