T	 BPW(LIQUID)	BPW(BCC_A2)	BPW(FCC_A1)	BPW(LAVES_PHASE_C14)	BPW(NI3TI)
1473.15	.3001764	.6998236	0	0	0
1472.15	.2971385	.7028615	0	0	0
1471.15	.2941222	.7058777	0	0	0
1470.15	.2911275	.7088725	0	0	0
1469.15	.288154	.711846	0	0	0
1468.15	.2852016	.7147984	0	0	0
1467.15	.2822701	.7177299	0	0	0
1466.15	.2793594	.7206406	0	0	0
1465.15	.2764692	.7235308	0	0	0
1464.15	.2735995	.7264005	0	0	0
1463.15	.2707501	.7292499	0	0	0
1462.15	.2679207	.7320793	0	0	0
1461.15	.2651113	.7348888	0	0	0
1460.15	.2623216	.7376785	0	0	0
1459.15	.2595514	.7404486	0	0	0
1458.15	.2568008	.7431992	0	0	0
1457.15	.2540694	.7459306	0	0	0
1456.15	.2513571	.7486429	0	0	0
1455.15	.2486638	.7513362	0	0	0
1454.15	.2459893	.7540107	0	0	0
1453.15	.2433334	.7566666	0	0	0
1452.15	.240696	.759304	0	0	0
1451.15	.238077	.761923	0	0	0
1450.15	.2354762	.7645238	0	0	0
1449.15	.2328934	.7671066	0	0	0
1448.15	.2303285	.7696715	0	0	0
1447.15	.2277814	.7722186	0	0	0
1446.15	.2252519	.7747481	0	0	0
1445.15	.2227399	.7772601	0	0	0
1444.15	.2202452	.7797548	0	0	0
1443.15	.2177677	.7822323	0	0	0
1442.15	.2153072	.7846928	0	0	0
1441.15	.2128636	.7871364	0	0	0
1440.15	.2104368	.7895632	0	0	0
1439.15	.2080267	.7919733	0	0	0
1438.15	.205633	.794367	0	0	0
1437.15	.2032557	.7967443	0	0	0
1436.15	.2008946	.7991054	0	0	0
1435.15	.1985496	.8014504	0	0	0
1434.15	.1962206	.8037794	0	0	0
1433.15	.1939074	.8060926	0	0	0
1432.15	.19161	.80839	0	0	0
1431.15	.1893281	.8106719	0	0	0
1430.15	.1870617	.8129383	0	0	0
1429.15	.1848106	.8151894	0	0	0
1428.15	.1825747	.8174253	0	0	0
1427.15	.1803539	.8196461	0	0	0
1426.15	.1781481	.8218519	0	0	0
1425.15	.1759571	.8240429	0	0	0
1424.15	.1737808	.8262192	0	0	0
1423.15	.1716192	.8283808	0	0	0
1422.15	.169472	.830528	0	0	0
1421.15	.1673393	.8326607	0	0	0
1420.15	.1652208	.8347793	0	0	0
1419.15	.1631164	.8368836	0	0	0
1418.15	.161026	.838974	0	0	0
1417.15	.1589496	.8410504	0	0	0
1416.15	.156887	.843113	0	0	0
1415.15	.1548381	.845162	0	0	0
1414.15	.1528027	.8471973	0	0	0
1413.15	.1507809	.8492191	0	0	0
1412.15	.1487724	.8512276	0	0	0
1411.15	.1467772	.8532228	0	0	0
1410.15	.1447951	.8552049	0	0	0
1409.15	.1428261	.8571739	0	0	0
1408.15	.1408701	.8591299	0	0	0
1407.15	.1389269	.8610731	0	0	0
1406.15	.1369965	.8630035	0	0	0
1405.15	.1350787	.8649213	0	0	0
1404.15	.1331735	.8668265	0	0	0
1403.15	.1312807	.8687193	0	0	0
1402.15	.1294003	.8705997	0	0	0
1401.15	.1275321	.8724679	0	0	0
1400.15	.1256761	.8743239	0	0	0
1399.15	.1238322	.8761679	0	0	0
1398.15	.1220002	.8779998	0	0	0
1397.15	.1201801	.8798199	0	0	0
1396.15	.1183718	.8816282	0	0	0
1395.15	.1165752	.8834248	0	0	0
1394.15	.1147902	.8852098	0	0	0
1393.15	.1130167	.8869833	0	0	0
1392.15	.1112546	.8887454	0	0	0
1391.15	.1095039	.8904961	0	0	0
1390.15	.1077644	.8922356	0	0	0
1389.15	.1060361	.8939639	0	0	0
1388.15	.1043188	.8956812	0	0	0
1387.15	.1026126	.8973874	0	0	0
1386.15	.1009173	.8990828	0	0	0
1385.15	.09923273	.9007673	0	0	0
1384.15	.09755895	.9024411	0	0	0
1383.15	.09589583	.9041042	0	0	0
1382.15	.09424329	.9057567	0	0	0
1381.15	.09260124	.9073988	0	0	0
1380.15	.09096962	.9090304	0	0	0
1379.15	.08934833	.9106517	0	0	0
1378.15	.08773731	.9122627	0	0	0
1377.15	.08613647	.9138635	0	0	0
1376.15	.08454574	.9154543	0	0	0
1375.15	.08296504	.917035	0	0	0
1374.15	.0813943	.9186057	0	0	0
1373.15	.07983344	.9201666	0	0	0
1372.15	.07828238	.9217176	0	0	0
1371.15	.07674107	.9232589	0	0	0
1370.15	.07520941	.9247906	0	0	0
1369.15	.07368735	.9263127	0	0	0
1368.15	.07217481	.9278252	0	0	0
1367.15	.07067172	.9293283	0	0	0
1366.15	.06917802	.930822	0	0	0
1365.15	.06769362	.9323064	0	0	0
1364.15	.06621847	.9337815	0	0	0
1363.15	.06475249	.9352475	0	0	0
1362.15	.06329562	.9367044	0	0	0
1361.15	.0618478	.9381522	0	0	0
1360.15	.06040895	.939591	0	0	0
1359.15	.05897902	.941021	0	0	0
1358.15	.05755794	.9424421	0	0	0
1357.15	.05614563	.9438544	0	0	0
1356.15	.05474206	.9452579	0	0	0
1355.15	.05334714	.9466529	0	0	0
1354.921	.05302855	.9469715	0	0	0
1354.921	.05302855	.9469715	0	0	0
1354.921	.05302855	.9469715	0	0	0
1354.15	.05150451	.9477377	0	7.577991E-04	0
1353.15	.04954162	.9487216	0	.001736803	0
1352.15	.04759485	.949694	0	.002711119	0
1351.15	.04566398	.9506552	0	.003680813	0
1350.15	.04374878	.9516053	0	.004645947	0
1349.15	.04184903	.9525444	0	.005606582	0
1348.15	.03996452	.9534727	0	.006562781	0
1347.15	.03809502	.9543904	0	.007514602	0
1346.15	.03624033	.9552976	0	.008462104	0
1345.15	.03440025	.9561944	0	.009405345	0
1344.15	.03257456	.9570811	0	.01034438	0
1343.15	.03076308	.9579577	0	.01127927	0
1342.15	.0289656	.9588244	0	.01221006	0
1341.15	.02718193	.9596813	0	.01313681	0
1340.15	.02541188	.9605286	0	.01405957	0
1339.15	.02365528	.9613663	0	.01497839	0
1338.15	.02191192	.9621947	0	.01589333	0
1337.15	.02018165	.9630139	0	.01680443	0
1336.15	.01846427	.963824	0	.01771174	0
1335.15	.01675961	.9646251	0	.01861531	0
1334.15	.01506751	.9654173	0	.01951519	0
1333.15	.0133878	.9662008	0	.02041142	0
1332.15	.0117203	.9669756	0	.02130405	0
1331.15	.01006487	.967742	0	.02219313	0
1330.15	.008421332	.9685	0	.02307869	0
1329.15	.006789538	.9692497	0	.02396079	0
1328.15	.005169332	.9699912	0	.02483946	0
1327.15	.00356056	.9707247	0	.02571474	0
1326.15	.001963074	.9714502	0	.02658669	0
1325.15	3.76727E-04	.972168	0	.02745533	0
1324.911	0	.972338	0	.02766202	0
1324.911	0	.972338	0	.02766202	0
1324.15	0	.9718248	0	.02817522	0
1323.15	0	.9711521	0	.02884788	0
1322.15	0	.9704809	0	.02951909	0
1321.15	0	.9698111	0	.03018887	0
1320.15	0	.9691428	0	.03085721	0
1319.15	0	.9684759	0	.03152412	0
1318.15	0	.9678104	0	.0321896	0
1317.15	0	.9671463	0	.03285366	0
1316.15	0	.9664837	0	.03351631	0
1315.15	0	.9658225	0	.03417754	0
1314.15	0	.9651626	0	.03483736	0
1313.15	0	.9645042	0	.03549577	0
1312.15	0	.9638472	0	.03615279	0
1311.15	0	.9631916	0	.03680841	0
1310.15	0	.9625374	0	.03746264	0
1309.15	0	.9618845	0	.03811548	0
1308.15	0	.9612331	0	.03876693	0
1307.15	0	.960583	0	.03941701	0
1306.15	0	.9599343	0	.04006571	0
1305.15	0	.959287	0	.04071304	0
1304.15	0	.958641	0	.041359	0
1303.15	0	.9579964	0	.0420036	0
1302.15	0	.9573531	0	.04264685	0
1301.15	0	.9567113	0	.04328873	0
1300.15	0	.9560707	0	.04392927	0
1299.15	0	.9554315	0	.04456846	0
1298.15	0	.9547937	0	.04520631	0
1297.15	0	.9541572	0	.04584282	0
1296.15	0	.953522	0	.04647799	0
1295.15	0	.9528882	0	.04711183	0
1294.15	0	.9522557	0	.04774435	0
1293.15	0	.9516244	0	.04837555	0
1292.15	0	.9509946	0	.04900542	0
1291.15	0	.950366	0	.04963398	0
1290.15	0	.9497388	0	.05026123	0
1289.15	0	.9491128	0	.05088718	0
1288.15	0	.9484882	0	.05151182	0
1287.15	0	.9478648	0	.05213516	0
1286.15	0	.9472428	0	.0527572	0
1285.15	0	.9466221	0	.05337795	0
1284.15	0	.9460026	0	.05399742	0
1283.15	0	.9453844	0	.0546156	0
1282.15	0	.9447675	0	.0552325	0
1281.15	0	.9441519	0	.05584812	0
1280.15	0	.9435375	0	.05646247	0
1279.15	0	.9429245	0	.05707555	0
1278.15	0	.9423126	0	.05768737	0
1277.15	0	.9417021	0	.05829792	0
1276.15	0	.9410928	0	.05890722	0
1275.15	0	.9404847	0	.05951526	0
1274.15	0	.939878	0	.06012205	0
1273.15	0	.9392724	0	.06072759	0
1272.15	0	.9386681	0	.06133189	0
1271.15	0	.9380651	0	.06193494	0
1270.15	0	.9374632	0	.06253676	0
1269.15	0	.9368627	0	.06313735	0
1268.15	0	.9362633	0	.06373671	0
1267.15	0	.9356652	0	.06433484	0
1266.15	0	.9350683	0	.06493175	0
1265.15	0	.9344726	0	.06552744	0
1264.15	0	.9338781	0	.06612191	0
1263.15	0	.9332848	0	.06671517	0
1262.15	0	.9326928	0	.06730722	0
1261.15	0	.9321019	0	.06789807	0
1260.15	0	.9315123	0	.06848772	0
1259.15	0	.9309238	0	.06907616	0
1258.15	0	.9303366	0	.06966341	0
1257.15	0	.9297505	0	.07024947	0
1256.15	0	.9291657	0	.07083434	0
1255.15	0	.928582	0	.07141803	0
1254.15	0	.9279995	0	.07200053	0
1253.15	0	.9274181	0	.07258186	0
1252.15	0	.926838	0	.07316201	0
1251.15	0	.926259	0	.07374098	0
1250.15	0	.9256812	0	.07431879	0
1249.15	0	.9251046	0	.07489543	0
1248.15	0	.9245291	0	.07547091	0
1247.15	0	.9239548	0	.07604523	0
1246.15	0	.9233816	0	.0766184	0
1245.15	0	.9228096	0	.07719041	0
1244.15	0	.9222387	0	.07776128	0
1243.15	0	.921669	0	.07833099	0
1242.15	0	.9211004	0	.07889956	0
1241.15	0	.920533	0	.079467	0
1240.15	0	.9199667	0	.08003329	0
1239.15	0	.9194015	0	.08059845	0
1238.15	0	.9188375	0	.08116249	0
1237.15	0	.9182746	0	.08172539	0
1236.15	0	.9177128	0	.08228717	0
1235.15	0	.9171522	0	.08284783	0
1234.15	0	.9165926	0	.08340736	0
1233.15	0	.9160342	0	.08396579	0
1232.15	0	.9154769	0	.0845231	0
1231.15	0	.9149207	0	.0850793	0
1230.15	0	.9143656	0	.08563439	0
1229.15	0	.9138116	0	.08618839	0
1228.15	0	.9132587	0	.08674128	0
1227.15	0	.9127069	0	.08729307	0
1226.15	0	.9121562	0	.08784377	0
1225.15	0	.9116066	0	.08839337	0
1224.15	0	.9110581	0	.08894189	0
1223.15	0	.9105107	0	.08948932	0
1222.15	0	.9099643	0	.09003567	0
1221.15	0	.9094191	0	.09058094	0
1220.15	0	.9088749	0	.09112513	0
1219.15	0	.9083318	0	.09166824	0
1218.15	0	.9077897	0	.09221028	0
1217.15	0	.9072487	0	.09275126	0
1216.15	0	.9067088	0	.09329117	0
1215.15	0	.90617	0	.09383002	0
1214.15	0	.9056322	0	.0943678	0
1213.15	0	.9050955	0	.09490453	0
1212.15	0	.9045598	0	.0954402	0
1211.15	0	.9040252	0	.09597482	0
1210.15	0	.9034916	0	.09650839	0
1209.15	0	.9029591	0	.09704091	0
1208.15	0	.9024276	0	.09757239	0
1207.15	0	.9018972	0	.09810283	0
1206.15	0	.9013678	0	.09863223	0
1205.15	0	.9008394	0	.0991606	0
1204.15	0	.9003121	0	.09968793	0
1203.15	0	.8997858	0	.1002142	0
1202.15	0	.8992605	0	.1007395	0
1201.15	0	.8987363	0	.1012637	0
1200.15	0	.898213	0	.101787	0
1199.15	0	.8976908	0	.1023092	0
1198.15	0	.8971696	0	.1028304	0
1197.15	0	.8966495	0	.1033505	0
1196.15	0	.8961303	0	.1038697	0
1195.15	0	.8956122	0	.1043878	0
1194.15	0	.895095	0	.104905	0
1193.15	0	.8945789	0	.1054211	0
1192.15	0	.8940637	0	.1059363	0
1191.15	0	.8935496	0	.1064504	0
1190.15	0	.8930365	0	.1069635	0
1189.15	0	.8925243	0	.1074757	0
1188.15	0	.8920132	0	.1079868	0
1187.15	0	.891503	0	.108497	0
1186.15	0	.8909938	0	.1090062	0
1185.15	0	.8904857	0	.1095143	0
1184.15	0	.8899785	0	.1100215	0
1183.15	0	.8894722	0	.1105278	0
1182.15	0	.888967	0	.111033	0
1181.15	0	.8884627	0	.1115373	0
1180.15	0	.8879594	0	.1120406	0
1179.15	0	.8874571	0	.1125429	0
1178.15	0	.8869557	0	.1130443	0
1177.15	0	.8864553	0	.1135447	0
1176.15	0	.8859559	0	.1140441	0
1175.15	0	.8854574	0	.1145426	0
1174.15	0	.8849599	0	.1150401	0
1173.15	0	.8844634	0	.1155367	0
1172.15	0	.8839677	0	.1160323	0
1171.15	0	.8834731	0	.1165269	0
1170.15	0	.8829794	0	.1170206	0
1169.15	0	.8824866	0	.1175134	0
1168.15	0	.8819948	0	.1180052	0
1167.15	0	.8815039	0	.1184961	0
1166.15	0	.881014	0	.118986	0
1165.15	0	.880525	0	.119475	0
1164.15	0	.880037	0	.119963	0
1163.15	0	.8795499	0	.1204501	0
1162.15	0	.8790637	0	.1209363	0
1161.15	0	.8785784	0	.1214216	0
1160.15	0	.8780941	0	.1219059	0
1159.15	0	.8776107	0	.1223893	0
1158.15	0	.8771282	0	.1228718	0
1157.15	0	.8766466	0	.1233534	0
1156.15	0	.876166	0	.123834	0
1155.15	0	.8756862	0	.1243138	0
1154.15	0	.8752074	0	.1247926	0
1153.15	0	.8747295	0	.1252705	0
1152.15	0	.8742525	0	.1257475	0
1151.15	0	.8737764	0	.1262236	0
1150.15	0	.8733012	0	.1266988	0
1149.15	0	.8728269	0	.127173	0
1148.15	0	.8723536	0	.1276464	0
1147.15	0	.8718811	0	.1281189	0
1146.15	0	.8714095	0	.1285905	0
1145.15	0	.8709388	0	.1290612	0
1144.15	0	.870469	0	.129531	0
1143.15	0	.8700001	0	.1299999	0
1142.15	0	.8695321	0	.1304679	0
1141.611	0	.8692802	0	.1307197	0
1141.611	0	.8692802	0	.1307197	0
1141.611	0	.8692802	0	.1307197	0
1141.15	0	.86876	3.261636E-04	.1309138	0
1140.15	0	.8676339	.001032152	.131334	0
1139.15	0	.8665107	.001736158	.1317531	0
1138.15	0	.8653906	.002438185	.1321712	0
1137.15	0	.8642734	.003138236	.1325883	0
1136.15	0	.8631592	.003836316	.1330045	0
1135.15	0	.862048	.004532427	.1334195	0
1134.15	0	.8609398	.005226574	.1338337	0
1133.15	0	.8598345	.005918761	.1342468	0
1132.15	0	.8587321	.006608991	.1346589	0
1131.15	0	.8576327	.007297267	.13507	0
1130.15	0	.8565363	.007983593	.1354801	0
1129.15	0	.8554427	.008667973	.1358893	0
1128.15	0	.8543522	.009350411	.1362974	0
1127.15	0	.8532645	.01003091	.1367046	0
1126.15	0	.8521797	.01070947	.1371108	0
1125.15	0	.8510979	.0113861	.137516	0
1124.15	0	.8500189	.01206081	.1379203	0
1123.15	0	.8489429	.01273359	.1383236	0
1122.15	0	.8478697	.01340444	.1387259	0
1121.15	0	.8467994	.01407338	.1391272	0
1120.15	0	.8457321	.01474041	.1395276	0
1119.15	0	.8446675	.01540552	.1399269	0
1118.15	0	.8436059	.01606873	.1403254	0
1117.15	0	.8425471	.01673003	.1407229	0
1116.15	0	.8414912	.01738943	.1411194	0
1115.15	0	.8404381	.01804693	.141515	0
1114.15	0	.8393879	.01870255	.1419096	0
1113.15	0	.8383405	.01935627	.1423033	0
1112.15	0	.8372959	.0200081	.142696	0
1111.15	0	.8362542	.02065805	.1430878	0
1110.15	0	.8352153	.02130613	.1434786	0
1109.15	0	.8341792	.02195232	.1438685	0
1108.15	0	.8331459	.02259664	.1442575	0
1107.15	0	.8321154	.0232391	.1446455	0
1106.15	0	.8310877	.02387968	.1450326	0
1105.15	0	.8300629	.02451841	.1454187	0
1104.15	0	.8290408	.02515527	.145804	0
1103.15	0	.8280215	.02579028	.1461883	0
1102.15	0	.8270049	.02642343	.1465716	0
1101.15	0	.8259912	.02705474	.1469541	0
1100.15	0	.8249802	.0276842	.1473356	0
1099.15	0	.823972	.02831182	.1477162	0
1098.15	0	.8229665	.02893759	.1480959	0
1097.15	0	.8219638	.02956154	.1484747	0
1096.15	0	.8209638	.03018365	.1488526	0
1095.15	0	.8199666	.03080393	.1492295	0
1094.15	0	.8189721	.03142238	.1496055	0
1093.15	0	.8179803	.03203901	.1499807	0
1092.15	0	.8169913	.03265382	.1503549	0
1091.15	0	.816005	.03326682	.1507282	0
1090.15	0	.8150214	.033878	.1511006	0
1089.15	0	.8140405	.03448738	.1514721	0
1088.15	0	.8130623	.03509494	.1518428	0
1087.15	0	.8120868	.03570071	.1522125	0
1086.15	0	.811114	.03630468	.1525813	0
1085.15	0	.8101439	.03690685	.1529492	0
1084.15	0	.8091765	.03750722	.1533163	0
1083.15	0	.8082118	.03810581	.1536824	0
1082.15	0	.8072497	.03870261	.1540477	0
1081.15	0	.8062903	.03929763	.154412	0
1080.15	0	.8053336	.03989087	.1547755	0
1079.15	0	.8043795	.04048234	.1551381	0
1078.15	0	.8034281	.04107203	.1554998	0
1077.15	0	.8024794	.04165995	.1558607	0
1076.15	0	.8015333	.0422461	.1562206	0
1075.15	0	.8005898	.0428305	.1565797	0
1074.15	0	.7996489	.04341313	.1569379	0
1073.15	0	.7987107	.04399401	.1572953	0
1072.15	0	.7977751	.04457314	.1576517	0
1071.15	0	.7968422	.04515051	.1580073	0
1070.15	0	.7959118	.04572615	.158362	0
1069.15	0	.7949841	.04630004	.1587159	0
1068.15	0	.794059	.04687219	.1590689	0
1067.15	0	.7931364	.0474426	.159421	0
1066.15	0	.7922165	.04801128	.1597722	0
1065.15	0	.7912992	.04857824	.1601226	0
1064.15	0	.7903844	.04914347	.1604721	0
1063.15	0	.7894722	.04970698	.1608208	0
1062.15	0	.7885626	.05026877	.1611686	0
1061.15	0	.7876556	.05082884	.1615156	0
1060.15	0	.7867511	.05138721	.1618617	0
1059.15	0	.7858492	.05194386	.1622069	0
1058.15	0	.7849499	.05249882	.1625513	0
1057.15	0	.7840531	.05305207	.1628948	0
1056.15	0	.7831589	.05360363	.1632375	0
1055.15	0	.7822672	.05415349	.1635793	0
1054.15	0	.781378	.05470166	.1639203	0
1053.15	0	.7804914	.05524815	.1642604	0
1052.15	0	.7796073	.05579295	.1645997	0
1051.15	0	.7787258	.05633607	.1649382	0
1050.15	0	.7778467	.05687753	.1652757	0
1049.15	0	.7769702	.0574173	.1656125	0
1048.15	0	.7760962	.05795541	.1659484	0
1047.15	0	.7752247	.05849186	.1662835	0
1046.15	0	.7743557	.05902665	.1666177	0
1045.15	0	.7734892	.05955978	.1669511	0
1044.15	0	.7726251	.06009126	.1672836	0
1043.15	0	.7717636	.06062108	.1676153	0
1042.15	0	.7709046	.06114927	.1679462	0
1041.15	0	.770048	.06167581	.1682762	0
1040.15	0	.7691939	.06220072	.1686054	0
1039.15	0	.7683423	.06272399	.1689338	0
1038.15	0	.7674931	.06324563	.1692613	0
1037.15	0	.7666464	.06376565	.169588	0
1036.15	0	.7658021	.06428404	.1699138	0
1035.15	0	.7649603	.06480082	.1702389	0
1034.15	0	.764121	.06531599	.1705631	0
1033.15	0	.763284	.06582955	.1708864	0
1032.15	0	.7624495	.0663415	.171209	0
1031.15	0	.7616175	.06685185	.1715307	0
1030.15	0	.7607879	.06736061	.1718516	0
1029.15	0	.7599606	.06786777	.1721716	0
1028.15	0	.7591358	.06837334	.1724908	0
1027.15	0	.7583135	.06887734	.1728092	0
1026.15	0	.7574935	.06937975	.1731268	0
1025.15	0	.7566759	.06988059	.1734435	0
1024.15	0	.7558607	.07037985	.1737594	0
1023.15	0	.7550479	.07087755	.1740745	0
1022.15	0	.7542375	.07137369	.1743888	0
1021.15	0	.7534295	.07186828	.1747023	0
1020.15	0	.7526238	.07236131	.1750149	0
1019.15	0	.7518206	.07285279	.1753267	0
1018.15	0	.7510196	.07334273	.1756376	0
1017.15	0	.7502211	.07383114	.1759478	0
1016.15	0	.7494249	.07431801	.1762571	0
1015.15	0	.748631	.07480335	.1765656	0
1014.15	0	.7478395	.07528717	.1768733	0
1013.15	0	.7470504	.07576947	.1771802	0
1012.15	0	.7462635	.07625025	.1774862	0
1011.15	0	.7454791	.07672953	.1777914	0
1010.15	0	.7446969	.07720731	.1780958	0
1009.15	0	.743917	.07768359	.1783994	0
1008.15	0	.7431395	.07815837	.1787021	0
1007.15	0	.7423643	.07863167	.1790041	0
1006.15	0	.7415913	.07910348	.1793052	0
1005.15	0	.7408207	.07957382	.1796055	0
1004.15	0	.7400524	.08004269	.1799049	0
1003.15	0	.7392863	.08051009	.1802036	0
1002.15	0	.7385225	.08097604	.1805014	0
1001.15	0	.7377611	.08144053	.1807984	0
1000.15	0	.7370018	.08190357	.1810946	0
999.15	0	.7362449	.08236517	.18139	0
998.15	0	.7354902	.08282533	.1816845	0
997.15	0	.7347377	.08328406	.1819782	0
996.15	0	.7339875	.08374136	.1822711	0
995.15	0	.7332396	.08419725	.1825632	0
994.15	0	.7324939	.08465173	.1828544	0
993.15	0	.7317504	.0851048	.1831448	0
992.15	0	.7310091	.08555647	.1834344	0
991.15	0	.7302701	.08600675	.1837232	0
990.15	0	.7295332	.08645564	.1840112	0
989.15	0	.7287986	.08690315	.1842983	0
988.15	0	.7280662	.08734929	.1845846	0
987.15	0	.7273359	.08779406	.18487	0
986.15	0	.7266079	.08823747	.1851547	0
985.15	0	.725882	.08867953	.1854385	0
984.15	0	.7251583	.08912025	.1857215	0
983.15	0	.7244368	.08955963	.1860036	0
982.15	0	.7237174	.08999767	.186285	0
981.15	0	.7230002	.0904344	.1865655	0
980.15	0	.7222851	.0908698	.1868451	0
979.15	0	.7215722	.0913039	.1871239	0
978.15	0	.7208614	.0917367	.1874019	0
977.15	0	.7201527	.09216821	.1876791	0
976.15	0	.7194461	.09259843	.1879554	0
975.15	0	.7187417	.09302737	.1882309	0
974.15	0	.7180394	.09345505	.1885056	0
973.15	0	.7173391	.09388146	.1887794	0
972.15	0	.716641	.09430663	.1890524	0
971.15	0	.7159449	.09473055	.1893245	0
970.15	0	.715251	.09515323	.1895958	0
969.15	0	.714559	.09557469	.1898663	0
968.15	0	.7138692	.09599493	.1901359	0
967.15	0	.7131814	.09641397	.1904046	0
966.15	0	.7124956	.0968318	.1906726	0
965.15	0	.7118119	.09724845	.1909396	0
964.15	0	.7111302	.09766391	.1912059	0
963.15	0	.7104506	.09807821	.1914712	0
962.15	0	.7097729	.09849134	.1917357	0
961.15	0	.7090973	.09890332	.1919994	0
960.15	0	.7084236	.09931416	.1922622	0
959.15	0	.707752	.09972387	.1925242	0
958.15	0	.7070823	.1001325	.1927853	0
957.15	0	.7064146	.1005399	.1930455	0
956.15	0	.7057488	.1009463	.1933049	0
955.15	0	.705085	.1013516	.1935634	0
954.15	0	.7044232	.1017558	.193821	0
953.15	0	.7037632	.1021589	.1940778	0
952.15	0	.7031052	.102561	.1943337	0
951.15	0	.7024492	.1029621	.1945888	0
950.15	0	.701795	.1033621	.1948429	0
949.15	0	.7011427	.1037611	.1950962	0
948.15	0	.7004923	.1041591	.1953487	0
947.15	0	.6998438	.104556	.1956002	0
946.15	0	.6991971	.104952	.1958508	0
945.15	0	.6985523	.105347	.1961006	0
944.15	0	.6979094	.1057411	.1963495	0
943.15	0	.6972683	.1061342	.1965975	0
942.15	0	.696629	.1065264	.1968446	0
941.15	0	.6959915	.1069177	.1970908	0
940.15	0	.6953558	.107308	.1973361	0
939.15	0	.694722	.1076975	.1975805	0
938.15	0	.6940899	.1080861	.1978241	0
937.15	0	.6934595	.1084738	.1980667	0
936.15	0	.692831	.1088607	.1983084	0
935.15	0	.6922041	.1092467	.1985492	0
934.15	0	.691579	.1096319	.1987891	0
933.15	0	.6909557	.1100163	.1990281	0
932.15	0	.690334	.1103999	.1992661	0
931.15	0	.689714	.1107827	.1995033	0
930.15	0	.6890958	.1111648	.1997395	0
929.15	0	.6884792	.1115461	.1999747	0
928.15	0	.6878642	.1119267	.2002091	0
927.15	0	.6872509	.1123066	.2004425	0
926.15	0	.6866392	.1126858	.200675	0
925.15	0	.6860292	.1130643	.2009066	0
924.15	0	.6854207	.1134421	.2011372	0
923.15	0	.6848139	.1138193	.2013668	0
922.15	0	.6842086	.1141959	.2015955	0
921.15	0	.6836049	.1145718	.2018233	0
920.15	0	.6830027	.1149472	.2020501	0
919.15	0	.6824021	.115322	.2022759	0
918.15	0	.681803	.1156963	.2025008	0
917.15	0	.6812054	.11607	.2027247	0
916.15	0	.6806092	.1164432	.2029476	0
915.15	0	.6800146	.1168159	.2031696	0
914.15	0	.6794214	.1171881	.2033905	0
913.15	0	.6788296	.1175599	.2036105	0
912.15	0	.6782393	.1179312	.2038295	0
911.15	0	.6776504	.1183021	.2040475	0
910.15	0	.6770629	.1186726	.2042645	0
909.15	0	.6764767	.1190428	.2044805	0
908.15	0	.6758919	.1194126	.2046955	0
907.15	0	.6753085	.1197821	.2049094	0
906.15	0	.6747263	.1201513	.2051224	0
905.15	0	.6741455	.1205202	.2053343	0
904.15	0	.6735659	.1208888	.2055452	0
903.15	0	.6729877	.1212572	.2057551	0
902.15	0	.6724106	.1216254	.2059639	0
901.15	0	.6718348	.1219935	.2061717	0
900.15	0	.6712602	.1223613	.2063785	0
899.15	0	.6706868	.122729	.2065841	0
898.15	0	.6701146	.1230966	.2067888	0
897.15	0	.6695435	.1234642	.2069923	0
896.15	0	.6689735	.1238317	.2071948	0
895.15	0	.6684047	.1241991	.2073962	0
894.15	0	.6678369	.1245665	.2075966	0
893.15	0	.6672702	.124934	.2077958	0
892.15	0	.6667046	.1253015	.2079939	0
891.15	0	.6661399	.1256691	.208191	0
890.15	0	.6655763	.1260369	.2083869	0
889.15	0	.6650136	.1264047	.2085817	0
888.15	0	.6644519	.1267727	.2087754	0
887.15	0	.6638911	.127141	.208968	0
886.15	0	.6633312	.1275094	.2091594	0
885.15	0	.6627722	.1278782	.2093497	0
884.15	0	.662214	.1282472	.2095388	0
883.15	0	.6616567	.1286166	.2097268	0
882.15	0	.6611001	.1289863	.2099136	0
881.15	0	.6605444	.1293565	.2100992	0
880.15	0	.6599893	.129727	.2102836	0
879.15	0	.6594351	.1300981	.2104669	0
878.15	0	.6588814	.1304696	.210649	0
877.15	0	.6583285	.1308417	.2108298	0
876.15	0	.6577762	.1312144	.2110094	0
875.15	0	.6572245	.1315876	.2111878	0
874.15	0	.6566734	.1319616	.211365	0
873.15	0	.6561229	.1323362	.211541	0
872.15	0	.6555728	.1327116	.2117156	0
871.15	0	.6550233	.1330877	.2118891	0
870.15	0	.6544742	.1334646	.2120612	0
869.15	0	.6539255	.1338425	.2122321	0
868.15	0	.6533772	.1342212	.2124016	0
867.15	0	.6528293	.1346008	.2125699	0
866.15	0	.6522817	.1349815	.2127369	0
865.15	0	.6517343	.1353632	.2129025	0
864.15	0	.6511872	.1357459	.2130668	0
863.15	0	.6506404	.1361298	.2132298	0
862.15	0	.6500937	.1365149	.2133913	0
861.15	0	.6495472	.1369012	.2135516	0
860.15	0	.6490008	.1372888	.2137104	0
859.15	0	.6484544	.1376778	.2138679	0
858.15	0	.647908	.1380681	.2140239	0
857.15	0	.6473617	.1384598	.2141785	0
856.15	0	.6468153	.1388531	.2143317	0
855.15	0	.6462687	.1392479	.2144834	0
854.15	0	.6457221	.1396442	.2146337	0
853.15	0	.6451752	.1400423	.2147825	0
852.15	0	.6446281	.1404421	.2149298	0
851.15	0	.6440808	.1408437	.2150756	0
850.15	0	.6435331	.1412471	.2152198	0
849.15	0	.642985	.1416525	.2153626	0
848.15	0	.6424365	.1420598	.2155037	0
847.15	0	.6418875	.1424692	.2156433	0
846.15	0	.641338	.1428807	.2157813	0
845.15	0	.6407879	.1432944	.2159177	0
844.15	0	.6402372	.1437104	.2160525	0
843.15	0	.6396858	.1441287	.2161856	0
842.15	0	.6391336	.1445494	.216317	0
841.15	0	.6385806	.1449726	.2164468	0
840.15	0	.6380268	.1453984	.2165748	0
839.15	0	.637472	.1458269	.2167012	0
838.15	0	.6369162	.1462581	.2168257	0
837.15	0	.6363593	.1466922	.2169485	0
836.15	0	.6358013	.1471292	.2170695	0
835.15	0	.6352421	.1475692	.2171887	0
834.15	0	.6346817	.1480123	.217306	0
833.15	0	.6341198	.1484587	.2174215	0
832.15	0	.6335566	.1489084	.217535	0
831.15	0	.6329918	.1493616	.2176466	0
830.15	0	.6324255	.1498182	.2177563	0
829.15	0	.6318575	.1502786	.217864	0
828.15	0	.6312877	.1507427	.2179696	0
827.15	0	.630716	.1512108	.2180732	0
826.15	0	.6301424	.1516829	.2181747	0
825.15	0	.6295668	.1521591	.2182741	0
824.15	0	.628989	.1526396	.2183713	0
823.15	0	.628409	.1531246	.2184664	0
822.15	0	.6278266	.1536142	.2185592	0
821.15	0	.6272417	.1541086	.2186497	0
820.15	0	.6266543	.1546078	.2187379	0
819.15	0	.6260641	.1551121	.2188238	0
818.15	0	.6254711	.1556217	.2189072	0
817.15	0	.6248751	.1561367	.2189882	0
816.15	0	.6242759	.1566573	.2190667	0
815.15	0	.6236736	.1571838	.2191427	0
814.15	0	.6230677	.1577163	.219216	0
813.15	0	.6224584	.158255	.2192867	0
812.15	0	.6218452	.1588002	.2193546	0
811.15	0	.6212282	.1593521	.2194197	0
810.15	0	.620607	.159911	.219482	0
809.15	0	.6199815	.1604772	.2195413	0
808.15	0	.6193516	.1610508	.2195976	0
807.15	0	.6187168	.1616323	.2196509	0
806.15	0	.6180772	.1622219	.219701	0
805.15	0	.6174323	.1628199	.2197478	0
804.15	0	.616782	.1634268	.2197912	0
803.15	0	.6161259	.1640428	.2198313	0
802.15	0	.6154655	.1646671	.2198674	0
801.15	0	.614797	.1653028	.2199003	0
800.15	0	.6141218	.1659489	.2199293	0
799.15	0	.6134396	.166606	.2199545	0
798.15	0	.61275	.1672744	.2199756	0
797.15	0	.6120526	.1679549	.2199925	0
796.15	0	.611347	.1686479	.2200051	0
795.15	0	.6106327	.1693541	.2200132	0
794.15	0	.6099092	.1700742	.2200166	0
793.15	0	.6091759	.170809	.2200151	0
792.15	0	.6084323	.1715591	.2200086	0
791.15	0	.6076777	.1723256	.2199967	0
790.15	0	.6069115	.1731093	.2199793	0
789.15	0	.6061328	.1739112	.219956	0
788.15	0	.6053407	.1747326	.2199266	0
787.15	0	.6045345	.1755747	.2198908	0
786.15	0	.603713	.1764389	.2198481	0
785.15	0	.6028751	.1773266	.2197983	0
784.15	0	.6020196	.1782397	.2197408	0
783.15	0	.6011449	.1791799	.2196752	0
782.15	0	.6002496	.1801496	.2196008	0
781.15	0	.5993317	.1811511	.2195172	0
780.15	0	.5983893	.1821871	.2194236	0
779.15	0	.5974199	.183261	.2193191	0
778.15	0	.5964209	.1843763	.2192028	0
777.15	0	.595389	.1855373	.2190738	0
776.15	0	.5939067	.1872826	.2188107	0
775.15	0	.5918574	.189766	.2183767	0
774.15	0	.5899776	.1920382	.2179842	0
773.15	0	.5882402	.1941335	.2176264	0
772.15	0	.5866245	.1960777	.2172978	0
771.15	0	.5851141	.1978914	.2169945	0
770.15	0	.5836961	.199591	.2167129	0
769.15	0	.5823596	.20119	.2164504	0
768.15	0	.581096	.2026992	.2162048	0
767.15	0	.5798977	.204128	.2159743	0
766.15	0	.5787586	.2054842	.2157572	0
765.15	0	.5776731	.2067747	.2155522	0
764.15	0	.5766367	.2080051	.2153582	0
763.15	0	.5756453	.2091805	.2151742	0
762.15	0	.5746954	.2103054	.2149993	0
761.15	0	.5737837	.2113836	.2148327	0
760.15	0	.5729075	.2124187	.2146738	0
759.15	0	.5720644	.2134137	.2145219	0
758.15	0	.5712521	.2143713	.2143766	0
757.15	0	.5704686	.2152941	.2142374	0
756.15	0	.569712	.2161842	.2141038	0
755.15	0	.5689808	.2170438	.2139754	0
754.15	0	.5682734	.2178747	.2138519	0
753.15	0	.5675885	.2186785	.2137329	0
752.15	0	.5669249	.2194569	.2136183	0
751.15	0	.5662812	.2202111	.2135076	0
750.15	0	.5656566	.2209426	.2134008	0
749.15	0	.56505	.2216526	.2132974	0
748.15	0	.5644606	.222342	.2131974	0
747.15	0	.5638874	.2230121	.2131005	0
746.15	0	.5633297	.2236637	.2130066	0
745.15	0	.5627868	.2242977	.2129155	0
744.15	0	.5622579	.224915	.2128271	0
743.15	0	.5617426	.2255163	.2127412	0
742.15	0	.5612401	.2261023	.2126576	0
741.15	0	.5607499	.2266738	.2125763	0
740.15	0	.5602715	.2272313	.2124972	0
739.15	0	.5598044	.2277755	.2124201	0
738.15	0	.5593482	.2283069	.2123449	0
737.15	0	.5589023	.2288261	.2122716	0
736.15	0	.5584665	.2293335	.2122001	0
735.15	0	.5580403	.2298296	.2121302	0
734.15	0	.5576233	.2303148	.2120619	0
733.15	0	.5572152	.2307897	.2119951	0
732.15	0	.5568157	.2312545	.2119298	0
731.15	0	.5564244	.2317097	.2118659	0
730.15	0	.5560411	.2321556	.2118033	0
729.15	0	.5556655	.2325925	.2117419	0
728.15	0	.5552973	.2330208	.2116818	0
727.15	0	.5549363	.2334408	.2116229	0
726.15	0	.5545822	.2338528	.211565	0
725.15	0	.5542348	.234257	.2115082	0
724.15	0	.5538939	.2346537	.2114525	0
723.15	0	.5535592	.2350431	.2113977	0
722.15	0	.5532306	.2354256	.2113439	0
721.15	0	.5529078	.2358013	.2112909	0
720.15	0	.5525908	.2361704	.2112388	0
719.15	0	.5522792	.2365332	.2111876	0
718.15	0	.551973	.2368899	.2111371	0
717.15	0	.551672	.2372406	.2110874	0
716.15	0	.551376	.2375856	.2110385	0
715.15	0	.5510849	.2379249	.2109902	0
714.15	0	.5507985	.2382589	.2109426	0
713.15	0	.5505167	.2385876	.2108957	0
712.15	0	.5502394	.2389112	.2108494	0
711.15	0	.5499665	.2392298	.2108037	0
710.15	0	.5496977	.2395437	.2107585	0
709.15	0	.5494331	.2398529	.210714	0
708.15	0	.5491725	.2401576	.2106699	0
707.15	0	.5489158	.2404578	.2106264	0
706.15	0	.5486628	.2407538	.2105834	0
705.15	0	.5484135	.2410456	.2105409	0
704.15	0	.5481678	.2413334	.2104988	0
703.15	0	.5479257	.2416172	.2104571	0
702.15	0	.5476869	.2418972	.2104159	0
701.15	0	.5474514	.2421735	.2103751	0
700.15	0	.5472192	.2424461	.2103347	0
699.15	0	.5469901	.2427152	.2102947	0
698.15	0	.5467641	.2429809	.210255	0
697.15	0	.5465411	.2432432	.2102157	0
696.15	0	.546321	.2435022	.2101767	0
695.15	0	.5461038	.2437581	.2101381	0
694.15	0	.5458894	.2440108	.2100998	0
693.15	0	.5456777	.2442606	.2100617	0
692.15	0	.5454687	.2445073	.210024	0
691.15	0	.5452622	.2447512	.2099866	0
690.15	0	.5450583	.2449923	.2099494	0
689.15	0	.5448569	.2452306	.2099125	0
688.15	0	.5446579	.2454663	.2098758	0
687.15	0	.5444613	.2456993	.2098394	0
686.15	0	.544267	.2459298	.2098032	0
685.15	0	.5440749	.2461578	.2097673	0
684.15	0	.5438851	.2463834	.2097316	0
683.15	0	.5436974	.2466065	.209696	0
682.15	0	.5435119	.2468274	.2096607	0
681.15	0	.5433284	.247046	.2096256	0
680.15	0	.543147	.2472624	.2095907	0
679.15	0	.5429675	.2474765	.2095559	0
678.15	0	.5427901	.2476886	.2095213	0
677.15	0	.5426145	.2478986	.2094869	0
676.15	0	.5424407	.2481066	.2094527	0
675.15	0	.5422689	.2483125	.2094186	0
674.15	0	.5420988	.2485166	.2093847	0
673.15	0	.5419304	.2487187	.2093509	0
672.15	0	.5417638	.248919	.2093172	0
671.15	0	.5415989	.2491174	.2092837	0
670.15	0	.5414356	.2493141	.2092503	0
669.15	0	.541274	.249509	.209217	0
668.15	0	.5411139	.2497022	.2091839	0
667.15	0	.5409554	.2498937	.2091508	0
666.15	0	.5407985	.2500836	.2091179	0
665.15	0	.540643	.2502719	.2090851	0
664.15	0	.540489	.2504586	.2090524	0
663.15	0	.5403365	.2506437	.2090198	0
662.15	0	.5401854	.2508274	.2089873	0
661.15	0	.5400356	.2510095	.2089548	0
660.15	0	.5398873	.2511902	.2089225	0
659.15	0	.5397403	.2513695	.2088902	0
658.15	0	.5395946	.2515473	.2088581	0
657.15	0	.5394502	.2517238	.208826	0
656.15	0	.5393071	.251899	.208794	0
655.15	0	.5391652	.2520728	.208762	0
654.15	0	.5390246	.2522453	.2087301	0
653.15	0	.5388852	.2524165	.2086983	0
652.15	0	.5387469	.2525865	.2086666	0
651.15	0	.5386099	.2527553	.2086349	0
650.15	0	.5384739	.2529228	.2086032	0
649.15	0	.5383391	.2530892	.2085717	0
648.15	0	.5382054	.2532544	.2085401	0
647.15	0	.5380729	.2534185	.2085087	0
646.15	0	.5379413	.2535814	.2084772	0
645.15	0	.5378109	.2537433	.2084459	0
644.15	0	.5376815	.253904	.2084145	0
643.15	0	.5375531	.2540637	.2083832	0
642.15	0	.5374257	.2542223	.208352	0
641.15	0	.5372993	.25438	.2083208	0
640.15	0	.5371739	.2545366	.2082896	0
639.15	0	.5370494	.2546922	.2082585	0
638.15	0	.5369259	.2548468	.2082274	0
637.15	0	.5368033	.2550004	.2081963	0
636.15	0	.5366816	.2551531	.2081653	0
635.15	0	.5365608	.2553049	.2081342	0
634.15	0	.536441	.2554558	.2081033	0
633.15	0	.5363219	.2556058	.2080723	0
632.15	0	.5362038	.2557548	.2080414	0
631.15	0	.5360865	.255903	.2080105	0
630.15	0	.53597	.2560504	.2079796	0
629.15	0	.5358544	.2561969	.2079487	0
628.15	0	.5357396	.2563425	.2079179	0
627.15	0	.5356256	.2564874	.207887	0
626.15	0	.5355124	.2566314	.2078562	0
625.15	0	.5353999	.2567746	.2078254	0
624.15	0	.5352882	.2569171	.2077947	0
623.15	0	.5351773	.2570588	.2077639	0
622.15	0	.5350672	.2571997	.2077332	0
621.15	0	.5349577	.2573399	.2077024	0
620.15	0	.534849	.2574793	.2076717	0
619.15	0	.534741	.257618	.207641	0
618.15	0	.5346338	.2577559	.2076103	0
617.15	0	.5345272	.2578932	.2075796	0
616.15	0	.5344213	.2580298	.207549	0
615.15	0	.5343161	.2581656	.2075183	0
614.15	0	.5342115	.2583008	.2074876	0
613.15	0	.5341077	.2584354	.207457	0
612.15	0	.5340044	.2585692	.2074263	0
611.15	0	.5339019	.2587024	.2073957	0
610.15	0	.5337999	.258835	.2073651	0
609.15	0	.5336986	.2589669	.2073345	0
608.15	0	.5335979	.2590982	.2073039	0
607.15	0	.5334979	.2592289	.2072732	0
606.15	0	.5333984	.259359	.2072426	0
605.15	0	.5332995	.2594884	.207212	0
604.15	0	.5332013	.2596173	.2071814	0
603.15	0	.5331036	.2597456	.2071509	0
602.15	0	.5330065	.2598733	.2071203	0
601.15	0	.5329099	.2600004	.2070897	0
600.15	0	.532814	.2601269	.2070591	0
599.15	0	.5327186	.2602529	.2070285	0
598.15	0	.5326237	.2603783	.2069979	0
597.15	0	.5325294	.2605032	.2069674	0
596.15	0	.5324356	.2606276	.2069368	0
595.15	0	.5323424	.2607514	.2069062	0
594.15	0	.5322497	.2608746	.2068757	0
593.15	0	.5321575	.2609974	.2068451	0
592.15	0	.5320659	.2611196	.2068145	0
591.15	0	.5319747	.2612413	.2067839	0
590.15	0	.5318841	.2613626	.2067534	0
589.15	0	.5317939	.2614833	.2067228	0
588.15	0	.5317043	.2616035	.2066923	0
587.15	0	.5316151	.2617232	.2066617	0
586.15	0	.5315264	.2618424	.2066311	0
585.15	0	.5314382	.2619612	.2066006	0
584.15	0	.5313505	.2620795	.2065701	0
583.15	0	.5312633	.2621973	.2065395	0
582.15	0	.5311765	.2623146	.2065089	0
581.15	0	.5310901	.2624315	.2064784	0
580.15	0	.5310043	.2625479	.2064478	0
579.15	0	.5309189	.2626638	.2064173	0
578.15	0	.5308339	.2627794	.2063868	0
577.15	0	.5307494	.2628944	.2063562	0
576.15	0	.5306653	.263009	.2063257	0
575.15	0	.5305816	.2631232	.2062951	0
574.15	0	.5304984	.263237	.2062646	0
573.15	0	.5304156	.2633503	.2062341	0
572.15	0	.5303333	.2634632	.2062035	0
571.15	0	.5302513	.2635757	.206173	0
570.15	0	.5301698	.2636877	.2061425	0
569.15	0	.5300887	.2637994	.206112	0
568.15	0	.5300079	.2639106	.2060815	0
567.15	0	.5299276	.2640214	.2060509	0
566.15	0	.5298477	.2641319	.2060204	0
565.15	0	.5297682	.2642419	.2059899	0
564.15	0	.5296891	.2643515	.2059594	0
563.15	0	.5296104	.2644607	.2059289	0
562.15	0	.5295321	.2645695	.2058984	0
561.15	0	.5294541	.264678	.205868	0
560.15	0	.5293765	.264786	.2058375	0
559.15	0	.5292993	.2648937	.205807	0
558.15	0	.5292225	.265001	.2057765	0
557.15	0	.5291461	.2651079	.2057461	0
556.15	0	.52907	.2652144	.2057156	0
555.15	0	.5289943	.2653205	.2056852	0
554.15	0	.528919	.2654263	.2056547	0
553.15	0	.528844	.2655317	.2056243	0
552.15	0	.5287694	.2656368	.2055939	0
551.15	0	.5286951	.2657415	.2055635	0
550.15	0	.5286213	.2658458	.2055329	0
549.15	0	.5285477	.2659497	.2055025	0
548.15	0	.5284745	.2660533	.2054721	0
547.15	0	.5284017	.2661566	.2054418	0
546.15	0	.5283291	.2662595	.2054114	0
545.15	0	.528257	.266362	.205381	0
544.15	0	.5281851	.2664642	.2053507	0
543.15	0	.5281136	.2665661	.2053204	0
542.15	0	.5280424	.2666676	.20529	0
541.15	0	.5279716	.2667687	.2052597	0
540.15	0	.527901	.2668695	.2052294	0
539.15	0	.5278309	.26697	.2051991	0
538.15	0	.527761	.2670702	.2051689	0
537.15	0	.5276915	.2671699	.2051386	0
536.15	0	.5276222	.2672694	.2051084	0
535.15	0	.5275533	.2673685	.2050781	0
534.15	0	.5274847	.2674673	.2050479	0
533.15	0	.5274165	.2675658	.2050177	0
532.15	0	.5273485	.267664	.2049875	0
531.15	0	.5272808	.2677618	.2049574	0
530.15	0	.5272135	.2678593	.2049272	0
529.15	0	.5271465	.2679564	.2048971	0
528.15	0	.5270797	.2680533	.204867	0
527.15	0	.5270133	.2681498	.2048369	0
526.15	0	.5269472	.268246	.2048068	0
525.15	0	.5268814	.2683419	.2047768	0
524.15	0	.5268158	.2684374	.2047467	0
523.15	0	.5267506	.2685327	.2047167	0
522.15	0	.5266857	.2686276	.2046867	0
521.15	0	.526621	.2687222	.2046568	0
520.15	0	.5265567	.2688165	.2046268	0
519.15	0	.5264926	.2689105	.2045969	0
518.15	0	.5264289	.2690042	.204567	0
517.15	0	.5263654	.2690975	.2045371	0
516.15	0	.5263022	.2691906	.2045072	0
515.15	0	.5262393	.2692833	.2044774	0
514.15	0	.5261766	.2693758	.2044476	0
513.15	0	.5261143	.2694679	.2044178	0
512.15	0	.5260522	.2695597	.2043881	0
511.15	0	.5259904	.2696512	.2043583	0
510.15	0	.5259289	.2697425	.2043286	0
509.15	0	.5258677	.2698334	.204299	0
508.15	0	.5258067	.269924	.2042693	0
507.15	0	.525746	.2700143	.2042397	0
506.15	0	.5256856	.2701043	.2042101	0
505.15	0	.5256255	.270194	.2041806	0
504.15	0	.5255656	.2702834	.204151	0
503.15	0	.525506	.2703725	.2041215	0
502.15	0	.5254466	.2704613	.2040921	0
501.15	0	.5253876	.2705498	.2040626	0
500.15	0	.5253288	.270638	.2040332	0
499.15	0	.5252702	.2707259	.2040039	0
498.15	0	.5252119	.2708136	.2039745	0
497.15	0	.5251539	.2709009	.2039452	0
496.15	0	.5250961	.2709879	.2039159	0
495.15	0	.5250387	.2710746	.2038867	0
494.15	0	.5249814	.2711611	.2038575	0
493.15	0	.5249244	.2712472	.2038283	0
492.15	0	.5248677	.2713331	.2037992	0
491.15	0	.5248112	.2714186	.2037701	0
490.15	0	.524755	.2715039	.2037411	0
489.15	0	.5246991	.2715889	.2037121	0
488.15	0	.5246434	.2716735	.2036831	0
487.15	0	.5245879	.2717579	.2036542	0
486.15	0	.5245327	.271842	.2036253	0
485.15	0	.5244777	.2719258	.2035964	0
484.15	0	.524423	.2720093	.2035676	0
483.15	0	.5243686	.2720926	.2035388	0
482.15	0	.5243144	.2721755	.2035101	0
481.15	0	.5242604	.2722582	.2034814	0
480.15	0	.5242067	.2723405	.2034528	0
479.15	0	.5241532	.2724226	.2034242	0
478.15	0	.5241	.2725044	.2033956	0
477.15	0	.524047	.2725859	.2033671	0
476.15	0	.5239943	.2726671	.2033387	0
475.15	0	.5239418	.272748	.2033103	0
474.15	0	.5238895	.2728286	.2032819	0
473.15	0	.5238375	.2729089	.2032536	0
472.15	0	.5237857	.272989	.2032253	0
471.15	0	.5237342	.2730688	.2031971	0
470.15	0	.5236829	.2731483	.2031689	0
469.15	0	.5236318	.2732274	.2031407	0
468.15	0	.523581	.2733063	.2031127	0
467.15	0	.5235304	.273385	.2030847	0
466.15	0	.52348	.2734633	.2030567	0
465.15	0	.5234299	.2735413	.2030288	0
464.15	0	.52338	.2736191	.2030009	0
463.15	0	.5233304	.2736966	.2029731	0
462.15	0	.523281	.2737738	.2029453	0
461.15	0	.5232318	.2738506	.2029176	0
460.15	0	.5231828	.2739273	.2028899	0
459.15	0	.5231341	.2740036	.2028623	0
458.15	0	.5230856	.2740796	.2028348	0
457.15	0	.5230373	.2741554	.2028073	0
456.15	0	.5229893	.2742309	.2027798	0
455.15	0	.5229415	.274306	.2027525	0
454.15	0	.5228939	.2743809	.2027252	0
453.15	0	.5228466	.2744555	.2026979	0
452.15	0	.5227995	.2745299	.2026707	0
451.15	0	.5227525	.2746039	.2026436	0
450.15	0	.5227059	.2746777	.2026165	0
449.15	0	.5226595	.2747511	.2025895	0
448.15	0	.5226133	.2748242	.2025625	0
447.15	0	.5225674	.274897	.2025357	0
446.15	0	.5225217	.2749695	.2025089	0
445.15	0	.5224762	.2750417	.2024821	0
444.15	0	.5224309	.2751136	.2024555	0
443.15	0	.5223859	.2751852	.2024289	0
442.15	0	.5223412	.2752564	.2024024	0
441.15	0	.5222967	.2753274	.2023759	0
440.15	0	.5222524	.275398	.2023496	0
439.15	0	.5222085	.2754682	.2023233	0
438.15	0	.5221647	.2755382	.2022971	0
437.15	0	.5221212	.2756078	.202271	0
436.15	0	.522078	.275677	.202245	0
435.15	0	.522035	.2757459	.2022191	0
434.15	0	.5219923	.2758145	.2021932	0
433.15	0	.5219498	.2758827	.2021675	0
432.15	0	.5219076	.2759505	.2021418	0
431.15	0	.5218657	.276018	.2021163	0
430.15	0	.5218241	.2760851	.2020908	0
429.15	0	.5217827	.2761519	.2020655	0
428.15	0	.5217415	.2762183	.2020402	0
427.15	0	.5217006	.2762843	.202015	0
426.15	0	.5216601	.27635	.20199	0
425.15	0	.5216197	.2764153	.201965	0
424.15	0	.5215797	.2764802	.2019402	0
423.15	0	.5215399	.2765447	.2019154	0
422.15	0	.5215003	.2766089	.2018908	0
421.15	0	.5214611	.2766727	.2018662	0
420.15	0	.5214221	.2767361	.2018418	0
419.15	0	.5213834	.2767992	.2018175	0
418.15	0	.5213449	.2768619	.2017932	0
417.15	0	.5213067	.2769241	.2017691	0
416.15	0	.5212688	.2769861	.2017451	0
415.15	0	.5212312	.2770476	.2017212	0
414.15	0	.5211938	.2771088	.2016975	0
413.15	0	.5211567	.2771695	.2016738	0
412.15	0	.5211198	.2772299	.2016502	0
411.15	0	.5210833	.27729	.2016268	0
410.15	0	.5210469	.2773496	.2016034	0
409.15	0	.5210109	.2774089	.2015802	0
408.15	0	.5209751	.2774678	.2015571	0
407.15	0	.5209396	.2775263	.2015341	0
406.15	0	.5209043	.2775844	.2015112	0
405.15	0	.5208693	.2776422	.2014885	0
404.15	0	.5208346	.2776996	.2014658	0
403.15	0	.5208001	.2777566	.2014433	0
402.15	0	.5207659	.2778133	.2014209	0
401.15	0	.5207319	.2778695	.2013986	0
400.15	0	.5206982	.2779254	.2013764	0
399.15	0	.5206647	.277981	.2013543	0
398.15	0	.5206315	.2780361	.2013323	0
397.15	0	.5205986	.2780909	.2013105	0
396.15	0	.5205659	.2781454	.2012888	0
395.15	0	.5205334	.2781994	.2012672	0
394.15	0	.5205012	.2782531	.2012456	0
393.15	0	.5204692	.2783065	.2012243	0
392.15	0	.5204375	.2783595	.201203	0
391.15	0	.5204061	.2784121	.2011818	0
