T	 BPW(LIQUID)	BPW(BCC_A2)	BPW(FCC_A1)	BPW(LAVES_PHASE_C14)	BPW(NI3TI)
1473.15	0	.9944042	.00559585	0	0
1472.15	0	.9922471	.0077529	0	0
1471.15	0	.990094	.00990598	0	0
1470.15	0	.9879449	.01205509	0	0
1469.15	0	.9857998	.01420025	0	0
1468.15	0	.9836586	.01634144	0	0
1467.15	0	.9815213	.01847868	0	0
1466.15	0	.979388	.02061198	0	0
1465.15	0	.9772587	.02274132	0	0
1464.15	0	.9751333	.02486674	0	0
1463.15	0	.9730118	.02698821	0	0
1462.15	0	.9708942	.02910576	0	0
1461.15	0	.9687806	.03121938	0	0
1460.15	0	.9666709	.03332908	0	0
1459.15	0	.9645651	.03543486	0	0
1458.15	0	.9624633	.03753673	0	0
1457.15	0	.9603653	.03963469	0	0
1456.15	0	.9582713	.04172875	0	0
1455.15	0	.9561811	.0438189	0	0
1454.15	0	.9540948	.04590516	0	0
1453.15	0	.9520125	.04798753	0	0
1452.15	0	.949934	.05006601	0	0
1451.15	0	.9478594	.0521406	0	0
1450.15	0	.9457887	.05421132	0	0
1449.15	0	.9437219	.05627815	0	0
1448.15	0	.9416589	.05834112	0	0
1447.15	0	.9395998	.06040021	0	0
1446.15	0	.9375446	.06245545	0	0
1445.15	0	.9354932	.06450681	0	0
1444.15	0	.9334457	.06655433	0	0
1443.15	0	.931402	.06859799	0	0
1442.15	0	.9293622	.07063779	0	0
1441.15	0	.9273262	.07267376	0	0
1440.15	0	.9252941	.07470587	0	0
1439.15	0	.9232658	.07673415	0	0
1438.15	0	.9212414	.07875859	0	0
1437.15	0	.9192208	.0807792	0	0
1436.15	0	.917204	.08279598	0	0
1435.15	0	.9151911	.08480894	0	0
1434.15	0	.9131819	.08681806	0	0
1433.15	0	.9111766	.08882338	0	0
1432.15	0	.9091751	.09082487	0	0
1431.15	0	.9071775	.09282255	0	0
1430.15	0	.9051836	.09481642	0	0
1429.15	0	.9031935	.09680648	0	0
1428.15	0	.9012073	.09879274	0	0
1427.15	0	.8992248	.1007752	0	0
1426.15	0	.8972461	.1027538	0	0
1425.15	0	.8952713	.1047287	0	0
1424.15	0	.8933002	.1066998	0	0
1423.15	0	.8913329	.1086671	0	0
1422.15	0	.8893695	.1106305	0	0
1421.15	0	.8874097	.1125903	0	0
1420.15	0	.8854538	.1145462	0	0
1419.15	0	.8835017	.1164983	0	0
1418.15	0	.8815533	.1184467	0	0
1417.15	0	.8796087	.1203913	0	0
1416.15	0	.8776679	.1223321	0	0
1415.15	0	.8757309	.1242692	0	0
1414.15	0	.8737976	.1262024	0	0
1413.15	0	.8718681	.1281319	0	0
1412.15	0	.8699423	.1300577	0	0
1411.15	0	.8680203	.1319797	0	0
1410.15	0	.8661021	.1338979	0	0
1409.15	0	.8641876	.1358124	0	0
1408.15	0	.8622769	.1377231	0	0
1407.15	0	.8603699	.1396301	0	0
1406.15	0	.8584667	.1415333	0	0
1405.15	0	.8565672	.1434328	0	0
1404.15	0	.8546715	.1453285	0	0
1403.15	0	.8527795	.1472205	0	0
1402.15	0	.8508913	.1491087	0	0
1401.15	0	.8490068	.1509932	0	0
1400.15	0	.847126	.152874	0	0
1399.15	0	.845249	.154751	0	0
1398.15	0	.8433758	.1566243	0	0
1397.15	0	.8415062	.1584938	0	0
1396.15	0	.8396404	.1603596	0	0
1395.15	0	.8377784	.1622216	0	0
1394.15	0	.83592	.16408	0	0
1393.15	0	.8340654	.1659346	0	0
1392.15	0	.8322145	.1677855	0	0
1391.15	0	.8303674	.1696326	0	0
1390.15	0	.828524	.171476	0	0
1389.15	0	.8266843	.1733157	0	0
1388.15	0	.8248483	.1751517	0	0
1387.15	0	.8230161	.1769839	0	0
1386.15	0	.8211876	.1788124	0	0
1385.15	0	.8193628	.1806372	0	0
1384.15	0	.8175417	.1824583	0	0
1383.15	0	.8157243	.1842757	0	0
1382.15	0	.8139107	.1860893	0	0
1381.15	0	.8121008	.1878992	0	0
1380.15	0	.8102946	.1897054	0	0
1379.15	0	.8084922	.1915078	0	0
1378.15	0	.8066934	.1933066	0	0
1377.15	0	.8048984	.1951016	0	0
1376.15	0	.8031071	.1968929	0	0
1375.15	0	.8013195	.1986805	0	0
1374.15	0	.7995357	.2004643	0	0
1373.15	0	.7977555	.2022445	0	0
1372.15	0	.7959791	.2040209	0	0
1371.15	0	.7942064	.2057936	0	0
1370.15	0	.7924374	.2075626	0	0
1369.15	0	.7906722	.2093278	0	0
1368.15	0	.7889106	.2110894	0	0
1367.15	0	.7871528	.2128472	0	0
1366.15	0	.7853987	.2146013	0	0
1365.15	0	.7836483	.2163517	0	0
1364.15	0	.7819017	.2180983	0	0
1363.15	0	.7801588	.2198412	0	0
1362.15	0	.7784196	.2215805	0	0
1361.15	0	.7766841	.2233159	0	0
1360.15	0	.7749523	.2250477	0	0
1359.15	0	.7732243	.2267757	0	0
1358.15	0	.7715	.2285	0	0
1357.15	0	.7697794	.2302206	0	0
1356.15	0	.7680626	.2319374	0	0
1355.15	0	.7663495	.2336505	0	0
1354.15	0	.7646401	.2353599	0	0
1353.15	0	.7629344	.2370656	0	0
1352.15	0	.7612325	.2387675	0	0
1351.15	0	.7595344	.2404656	0	0
1350.15	0	.7578399	.2421601	0	0
1349.15	0	.7561492	.2438508	0	0
1348.15	0	.7544623	.2455377	0	0
1347.15	0	.7527791	.2472209	0	0
1346.15	0	.7510996	.2489004	0	0
1345.15	0	.7494239	.2505761	0	0
1344.15	0	.7477519	.2522481	0	0
1343.15	0	.7460837	.2539163	0	0
1342.15	0	.7444193	.2555807	0	0
1341.15	0	.7427586	.2572414	0	0
1340.15	0	.7411016	.2588984	0	0
1339.15	0	.7394484	.2605516	0	0
1338.15	0	.737799	.262201	0	0
1337.15	0	.7361533	.2638467	0	0
1336.15	0	.7345115	.2654885	0	0
1335.15	0	.7328733	.2671267	0	0
1334.15	0	.731239	.268761	0	0
1333.15	0	.7296084	.2703916	0	0
1332.15	0	.7279816	.2720184	0	0
1331.15	0	.7263586	.2736414	0	0
1330.15	0	.7247394	.2752606	0	0
1329.15	0	.723124	.276876	0	0
1328.15	0	.7215124	.2784876	0	0
1327.15	0	.7199045	.2800955	0	0
1326.15	0	.7183005	.2816995	0	0
1325.15	0	.7167002	.2832998	0	0
1324.15	0	.7151038	.2848962	0	0
1323.15	0	.7135112	.2864888	0	0
1322.15	0	.7119224	.2880776	0	0
1321.15	0	.7103374	.2896626	0	0
1320.15	0	.7087562	.2912438	0	0
1319.15	0	.7071789	.2928211	0	0
1318.15	0	.7056054	.2943946	0	0
1317.15	0	.7040357	.2959643	0	0
1316.15	0	.7024699	.2975301	0	0
1315.15	0	.7009079	.2990921	0	0
1314.15	0	.6993497	.3006503	0	0
1313.15	0	.6977954	.3022046	0	0
1312.15	0	.696245	.303755	0	0
1311.15	0	.6946984	.3053016	0	0
1310.15	0	.6931557	.3068443	0	0
1309.15	0	.6916169	.3083831	0	0
1308.15	0	.6900819	.3099181	0	0
1307.15	0	.6885508	.3114492	0	0
1306.15	0	.6870236	.3129764	0	0
1305.15	0	.6855003	.3144997	0	0
1304.15	0	.6839809	.3160191	0	0
1303.15	0	.6824654	.3175346	0	0
1302.15	0	.6809539	.3190462	0	0
1301.15	0	.6794462	.3205538	0	0
1300.15	0	.6779424	.3220576	0	0
1299.15	0	.6764426	.3235574	0	0
1298.15	0	.6749467	.3250533	0	0
1297.15	0	.6734547	.3265453	0	0
1296.15	0	.6719667	.3280333	0	0
1295.15	0	.6704827	.3295173	0	0
1294.15	0	.6690026	.3309974	0	0
1293.15	0	.6675264	.3324736	0	0
1292.15	0	.6660543	.3339457	0	0
1291.15	0	.6645861	.3354139	0	0
1290.15	0	.6631219	.3368781	0	0
1289.15	0	.6616617	.3383383	0	0
1288.15	0	.6602055	.3397945	0	0
1287.15	0	.6587533	.3412467	0	0
1286.15	0	.6573051	.3426949	0	0
1285.15	0	.6558609	.3441391	0	0
1284.15	0	.6544208	.3455792	0	0
1283.15	0	.6529847	.3470153	0	0
1282.15	0	.6515526	.3484474	0	0
1281.15	0	.6501246	.3498754	0	0
1280.15	0	.6487006	.3512994	0	0
1279.15	0	.6472808	.3527192	0	0
1278.15	0	.6458649	.3541351	0	0
1277.15	0	.6444532	.3555468	0	0
1276.15	0	.6430456	.3569544	0	0
1275.15	0	.6416421	.3583579	0	0
1274.15	0	.6402426	.3597574	0	0
1273.15	0	.6388473	.3611527	0	0
1272.15	0	.6374562	.3625438	0	0
1271.15	0	.6360691	.3639309	0	0
1270.15	0	.6346862	.3653138	0	0
1269.15	0	.6333075	.3666925	0	0
1268.15	0	.6319329	.3680671	0	0
1267.15	0	.6305625	.3694375	0	0
1266.15	0	.6291963	.3708037	0	0
1265.15	0	.6278343	.3721658	0	0
1264.15	0	.6264764	.3735236	0	0
1263.15	0	.6251228	.3748772	0	0
1262.15	0	.6237734	.3762266	0	0
1261.15	0	.6224283	.3775717	0	0
1260.15	0	.6210874	.3789127	0	0
1259.15	0	.6197507	.3802493	0	0
1258.15	0	.6184183	.3815817	0	0
1257.15	0	.6170902	.3829098	0	0
1256.15	0	.6157663	.3842337	0	0
1255.15	0	.6144468	.3855532	0	0
1254.15	0	.6131316	.3868684	0	0
1253.15	0	.6118207	.3881794	0	0
1252.15	0	.6105141	.3894859	0	0
1251.15	0	.6092118	.3907882	0	0
1250.15	0	.6079139	.3920861	0	0
1249.15	0	.6066204	.3933796	0	0
1248.15	0	.6053313	.3946687	0	0
1247.15	0	.6040465	.3959535	0	0
1246.15	0	.6027662	.3972338	0	0
1245.15	0	.6014902	.3985098	0	0
1244.15	0	.6002187	.3997813	0	0
1243.15	0	.5989516	.4010484	0	0
1242.15	0	.597689	.402311	0	0
1241.15	0	.5964309	.4035691	0	0
1240.15	0	.5951772	.4048228	0	0
1239.15	0	.593928	.406072	0	0
1238.15	0	.5926833	.4073167	0	0
1237.15	0	.5914431	.4085569	0	0
1236.15	0	.5902075	.4097925	0	0
1235.15	0	.5889764	.4110236	0	0
1234.15	0	.5877499	.4122501	0	0
1233.15	0	.5865279	.4134721	0	0
1232.15	0	.5853105	.4146895	0	0
1231.15	0	.5840978	.4159022	0	0
1230.15	0	.5828896	.4171104	0	0
1229.15	0	.5816861	.4183139	0	0
1228.15	0	.5804872	.4195128	0	0
1227.15	0	.579293	.420707	0	0
1226.15	0	.5781034	.4218966	0	0
1225.15	0	.5769186	.4230814	0	0
1224.15	0	.5757385	.4242616	0	0
1223.15	0	.574563	.425437	0	0
1222.15	0	.5733923	.4266077	0	0
1221.15	0	.5722264	.4277736	0	0
1220.15	0	.5710652	.4289348	0	0
1219.15	0	.5699088	.4300912	0	0
1218.15	0	.5687573	.4312427	0	0
1217.15	0	.5676105	.4323895	0	0
1216.15	0	.5664686	.4335314	0	0
1215.15	0	.5653315	.4346685	0	0
1214.15	0	.5641993	.4358007	0	0
1213.15	0	.563072	.436928	0	0
1212.15	0	.5619496	.4380504	0	0
1211.15	0	.5608321	.4391679	0	0
1210.15	0	.5597195	.4402805	0	0
1209.15	0	.5586119	.4413881	0	0
1208.15	0	.5575093	.4424907	0	0
1207.15	0	.5564116	.4435884	0	0
1206.15	0	.555319	.444681	0	0
1205.15	0	.5542314	.4457686	0	0
1204.15	0	.5531489	.4468511	0	0
1203.15	0	.5520714	.4479286	0	0
1202.15	0	.550999	.449001	0	0
1201.15	0	.5499317	.4500683	0	0
1200.15	0	.5488695	.4511305	0	0
1199.15	0	.5478125	.4521875	0	0
1198.15	0	.5467607	.4532393	0	0
1197.15	0	.545714	.454286	0	0
1196.15	0	.5446725	.4553275	0	0
1195.15	0	.5436363	.4563637	0	0
1194.15	0	.5426053	.4573947	0	0
1193.15	0	.5415795	.4584205	0	0
1192.15	0	.5405591	.4594409	0	0
1191.15	0	.5395439	.4604561	0	0
1190.15	0	.5385341	.4614659	0	0
1189.15	0	.5375296	.4624704	0	0
1188.15	0	.5365305	.4634695	0	0
1187.15	0	.5355368	.4644632	0	0
1186.15	0	.5345485	.4654515	0	0
1185.15	0	.5335657	.4664343	0	0
1184.15	0	.5325883	.4674117	0	0
1183.15	0	.5316164	.4683837	0	0
1182.15	0	.5306499	.4693501	0	0
1181.15	0	.529689	.470311	0	0
1180.15	0	.5287337	.4712663	0	0
1179.15	0	.5277839	.4722161	0	0
1178.15	0	.5268398	.4731603	0	0
1177.15	0	.5259012	.4740988	0	0
1176.15	0	.5249683	.4750317	0	0
1175.15	0	.524041	.475959	0	0
1174.15	0	.5231195	.4768805	0	0
1173.15	0	.5222037	.4777964	0	0
1172.15	0	.5212936	.4787065	0	0
1171.15	0	.5203892	.4796108	0	0
1170.15	0	.5194907	.4805093	0	0
1169.15	0	.5185979	.4814021	0	0
1168.15	0	.517711	.482289	0	0
1167.15	0	.51683	.48317	0	0
1166.15	0	.5159549	.4840451	0	0
1165.15	0	.5150856	.4849144	0	0
1164.15	0	.5142224	.4857776	0	0
1163.15	0	.513365	.486635	0	0
1162.15	0	.5125137	.4874863	0	0
1161.15	0	.5116684	.4883316	0	0
1160.15	0	.5108292	.4891708	0	0
1159.15	0	.509996	.490004	0	0
1158.15	0	.5091689	.4908311	0	0
1157.15	0	.508348	.491652	0	0
1156.15	0	.5075332	.4924668	0	0
1155.15	0	.5067246	.4932754	0	0
1154.15	0	.5059222	.4940778	0	0
1153.15	0	.505126	.494874	0	0
1152.15	0	.5043361	.4956639	0	0
1151.15	0	.5035526	.4964474	0	0
1150.15	0	.5027753	.4972247	0	0
1149.15	0	.5020044	.4979956	0	0
1148.15	0	.5012399	.4987601	0	0
1147.15	0	.5004818	.4995182	0	0
1146.15	0	.4997301	.5002699	0	0
1145.15	0	.4989849	.5010151	0	0
1144.15	0	.4982463	.5017538	0	0
1143.15	0	.4975141	.5024859	0	0
1142.15	0	.4967885	.5032115	0	0
1141.15	0	.4960695	.5039305	0	0
1140.15	0	.4953571	.5046429	0	0
1139.15	0	.4946514	.5053486	0	0
1138.15	0	.4939524	.5060477	0	0
1137.15	0	.49326	.50674	0	0
1136.15	0	.4925744	.5074256	0	0
1135.15	0	.4918956	.5081044	0	0
1134.15	0	.4912237	.5087764	0	0
1133.15	0	.4905585	.5094415	0	0
1132.15	0	.4899002	.5100998	0	0
1131.15	0	.4892489	.5107512	0	0
1130.15	0	.4886044	.5113956	0	0
1129.15	0	.487967	.512033	0	0
1128.15	0	.4873365	.5126635	0	0
1127.15	0	.4867131	.5132869	0	0
1126.15	0	.4860967	.5139033	0	0
1125.15	0	.4854875	.5145125	0	0
1124.15	0	.4848853	.5151147	0	0
1123.15	0	.4842904	.5157096	0	0
1122.15	0	.4837027	.5162973	0	0
1121.15	0	.4831222	.5168779	0	0
1120.15	0	.4825489	.5174511	0	0
1119.15	0	.481983	.518017	0	0
1118.15	0	.4814244	.5185756	0	0
1117.15	0	.4808732	.5191268	0	0
1116.15	0	.4803294	.5196706	0	0
1115.15	0	.479793	.520207	0	0
1114.15	0	.4792641	.5207359	0	0
1113.15	0	.4787427	.5212573	0	0
1112.15	0	.4782289	.5217711	0	0
1111.15	0	.4777227	.5222773	0	0
1110.15	0	.4772241	.522776	0	0
1109.15	0	.4767331	.5232669	0	0
1108.15	0	.4762498	.5237502	0	0
1107.15	0	.4757743	.5242257	0	0
1106.15	0	.4753065	.5246935	0	0
1105.15	0	.4748465	.5251535	0	0
1104.15	0	.4743943	.5256057	0	0
1103.15	0	.4739501	.5260499	0	0
1102.15	0	.4735137	.5264863	0	0
1101.15	0	.4730853	.5269147	0	0
1100.15	0	.4726648	.5273352	0	0
1099.15	0	.4722524	.5277476	0	0
1098.15	0	.471848	.528152	0	0
1097.15	0	.4714517	.5285483	0	0
1096.15	0	.4710636	.5289364	0	0
1095.15	0	.4706836	.5293164	0	0
1094.15	0	.4703118	.5296882	0	0
1093.15	0	.4699483	.5300517	0	0
1092.201	0	.4696111	.5303889	0	0
1092.201	0	.4696111	.5303889	0	0
1092.201	0	.4696111	.5303889	0	0
1092.15	0	.4695708	.5304121	1.705266E-05	0
1091.15	0	.4687917	.5308601	3.482889E-04	0
1090.15	0	.4680219	.5312996	6.785693E-04	0
1089.15	0	.4672614	.5317307	.001007895	0
1088.15	0	.4665104	.5321533	.001336267	0
1087.15	0	.4657689	.5325674	.001663687	0
1086.15	0	.4650369	.532973	.001990156	0
1085.15	0	.4643143	.53337	.002315674	0
1084.15	0	.4636014	.5337584	.002640242	0
1083.15	0	.4628981	.5341381	.002963863	0
1082.15	0	.4622044	.5345091	.003286536	0
1081.15	0	.4615204	.5348713	.003608263	0
1080.15	0	.4608461	.5352248	.003929044	0
1079.15	0	.4601816	.5355695	.00424888	0
1078.15	0	.459527	.5359052	.004567773	0
1077.15	0	.4588821	.5362321	.004885723	0
1076.15	0	.4582472	.5365501	.00520273	0
1075.15	0	.4576222	.536859	.005518796	0
1074.15	0	.4570072	.5371589	.005833921	0
1073.15	0	.4564021	.5374498	.006148106	0
1072.15	0	.4558072	.5377315	.006461352	0
1071.15	0	.4552223	.5380041	.006773659	0
1070.15	0	.4546475	.5382675	.007085028	0
1069.15	0	.4540829	.5385216	.007395459	0
1068.15	0	.4535285	.5387665	.007704953	0
1067.15	0	.4529844	.5390021	.008013511	0
1066.15	0	.4524506	.5392283	.008321133	0
1065.15	0	.4519271	.5394451	.008627819	0
1064.15	0	.451414	.5396525	.00893357	0
1063.15	0	.4509112	.5398504	.009238385	0
1062.15	0	.450419	.5400387	.009542267	0
1061.15	0	.4499372	.5402176	.009845214	0
1060.15	0	.449466	.5403868	.01014723	0
1059.15	0	.4490054	.5405463	.01044831	0
1058.15	0	.4485553	.5406962	.01074845	0
1057.15	0	.448116	.5408364	.01104767	0
1056.15	0	.4476873	.5409668	.01134595	0
1055.15	0	.4472693	.5410874	.01164329	0
1054.15	0	.4468622	.5411981	.01193971	0
1053.15	0	.4464658	.541299	.01223519	0
1052.15	0	.4460803	.5413899	.01252974	0
1051.15	0	.4457057	.5414709	.01282335	0
1050.15	0	.4453421	.5415419	.01311603	0
1049.15	0	.4449894	.5416028	.01340778	0
1048.15	0	.4446477	.5416537	.01369859	0
1047.15	0	.4443171	.5416944	.01398848	0
1046.15	0	.4439976	.541725	.01427742	0
1045.15	0	.4436892	.5417454	.01456543	0
1044.15	0	.443392	.5417555	.01485251	0
1043.15	0	.443106	.5417554	.01513866	0
1042.15	0	.4428312	.5417449	.01542386	0
1041.15	0	.4425678	.5417241	.01570813	0
1040.15	0	.4423156	.5416929	.01599147	0
1039.15	0	.4420748	.5416513	.01627387	0
1038.15	0	.4418454	.5415993	.01655533	0
1037.15	0	.4416274	.5415367	.01683585	0
1036.15	0	.4414209	.5414636	.01711543	0
1035.15	0	.4412259	.54138	.01739408	0
1034.15	0	.4410425	.5412857	.01767178	0
1033.15	0	.4408706	.5411809	.01794854	0
1032.15	0	.4407103	.5410653	.01822436	0
1031.15	0	.4405617	.5409391	.01849923	0
1030.15	0	.4404248	.5408021	.01877317	0
1029.15	0	.4402995	.5406543	.01904615	0
1028.15	0	.440186	.5404958	.01931819	0
1027.15	0	.4400843	.5403264	.01958928	0
1026.15	0	.4399944	.5401462	.01985942	0
1025.15	0	.4399164	.539955	.02012861	0
1024.15	0	.4398502	.539753	.02039685	0
1023.15	0	.4397959	.53954	.02066414	0
1022.15	0	.4397535	.539316	.02093047	0
1021.15	0	.4397231	.539081	.02119585	0
1020.15	0	.4397047	.538835	.02146027	0
1019.15	0	.4396983	.538578	.02172372	0
1018.15	0	.439704	.5383098	.02198622	0
1017.15	0	.4397217	.5380305	.02224775	0
1016.15	0	.4397515	.5377401	.02250832	0
1015.15	0	.4397935	.5374386	.02276793	0
1014.15	0	.4398476	.5371259	.02302656	0
1013.15	0	.4399139	.5368019	.02328422	0
1012.15	0	.4399923	.5364668	.02354091	0
1011.15	0	.440083	.5361204	.02379662	0
1010.15	0	.4401859	.5357627	.02405136	0
1009.15	0	.4403011	.5353937	.02430511	0
1008.15	0	.4404286	.5350135	.02455789	0
1007.15	0	.4405684	.5346219	.02480967	0
1006.15	0	.4407205	.5342191	.02506047	0
1005.15	0	.4408849	.5338048	.02531028	0
1004.15	0	.4410617	.5333792	.0255591	0
1003.15	0	.4412508	.5329423	.02580691	0
1002.15	0	.4414524	.5324939	.02605373	0
1001.15	0	.4416663	.5320342	.02629955	0
1000.15	0	.4418926	.531563	.02654436	0
999.15	0	.4421314	.5310805	.02678816	0
998.15	0	.4423826	.5305865	.02703095	0
997.15	0	.4426462	.5300811	.02727272	0
996.15	0	.4429223	.5295643	.02751347	0
995.15	0	.4432108	.529036	.0277532	0
994.15	0	.4435118	.5284963	.0279919	0
993.15	0	.4438252	.5279452	.02822957	0
992.15	0	.4441511	.5273827	.02846621	0
991.15	0	.4444895	.5268087	.0287018	0
990.15	0	.4448404	.5262232	.02893635	0
989.15	0	.4452038	.5256264	.02916986	0
988.15	0	.4455796	.5250181	.0294023	0
987.15	0	.4459678	.5243984	.02963369	0
986.15	0	.4463686	.5237674	.02986402	0
985.15	0	.4467818	.5231249	.03009329	0
984.15	0	.4472075	.522471	.03032147	0
983.15	0	.4476456	.5218058	.03054858	0
982.15	0	.4480961	.5211292	.03077461	0
981.15	0	.4485591	.5204414	.03099955	0
980.15	0	.4490345	.5197421	.03122339	0
979.15	0	.4495223	.5190316	.03144613	0
978.15	0	.4500224	.5183098	.03166777	0
977.15	0	.450535	.5175767	.03188829	0
976.15	0	.4510599	.5168325	.03210769	0
975.15	0	.4515971	.516077	.03232597	0
974.15	0	.4521466	.5153103	.03254311	0
973.15	0	.4527084	.5145325	.03275912	0
972.15	0	.4532824	.5137436	.03297397	0
971.15	0	.4538687	.5129436	.03318768	0
970.15	0	.4544672	.5121326	.03340022	0
969.15	0	.4550778	.5113106	.03361159	0
968.15	0	.4557006	.5104776	.03382178	0
967.15	0	.4563355	.5096337	.03403079	0
966.15	0	.4569825	.5087789	.0342386	0
965.15	0	.4576415	.5079133	.03444521	0
964.15	0	.4583124	.507037	.03465061	0
963.15	0	.4589954	.5061498	.03485479	0
962.15	0	.4596902	.5052521	.03505773	0
961.15	0	.4603969	.5043437	.03525944	0
960.15	0	.4611154	.5034247	.03545989	0
959.15	0	.4618457	.5024952	.03565909	0
958.15	0	.4625877	.5015553	.03585701	0
957.15	0	.4633413	.5006051	.03605365	0
956.15	0	.4641065	.4996445	.036249	0
955.15	0	.4648833	.4986737	.03644304	0
954.15	0	.4656715	.4976927	.03663576	0
953.15	0	.4664712	.4967016	.03682716	0
952.15	0	.4672822	.4957006	.03701721	0
951.15	0	.4681045	.4946896	.03720592	0
950.15	0	.468938	.4936687	.03739325	0
949.15	0	.4697827	.4926381	.0375792	0
948.15	0	.4706384	.4915979	.03776376	0
947.15	0	.4715051	.490548	.0379469	0
946.15	0	.4723827	.4894887	.03812862	0
945.15	0	.4732711	.48842	.0383089	0
944.15	0	.4741702	.4873421	.03848773	0
943.15	0	.47508	.4862549	.03866508	0
942.15	0	.4760003	.4851587	.03884095	0
941.15	0	.4769311	.4840536	.03901531	0
940.15	0	.4778723	.4829396	.03918814	0
939.15	0	.4788237	.4818169	.03935943	0
938.15	0	.4797852	.4806856	.03952917	0
937.15	0	.4807568	.4795459	.03969732	0
936.15	0	.4817383	.4783978	.03986387	0
935.15	0	.4827296	.4772416	.04002879	0
934.15	0	.4837307	.4760773	.04019208	0
933.15	0	.4847412	.4749051	.0403537	0
932.15	0	.4857613	.4737251	.04051363	0
931.15	0	.4867906	.4725375	.04067185	0
930.15	0	.4878291	.4713425	.04082834	0
929.15	0	.4888767	.4701402	.04098307	0
928.15	0	.4899332	.4689308	.04113601	0
927.15	0	.4909984	.4677145	.04128713	0
926.15	0	.4920722	.4664914	.04143642	0
925.15	0	.4931544	.4652618	.04158383	0
924.15	0	.4942449	.4640257	.04172935	0
923.15	0	.4953435	.4627835	.04187293	0
922.15	0	.4964501	.4615353	.04201456	0
921.15	0	.4975644	.4602814	.04215419	0
920.15	0	.4986863	.4590219	.04229179	0
919.15	0	.4998156	.4577571	.04242733	0
918.15	0	.500952	.4564872	.04256077	0
917.15	0	.5020954	.4552125	.04269207	0
916.15	0	.5032456	.4539332	.0428212	0
915.15	0	.5041988	.4528542	.04294705	0
914.15	0	.5051518	.4517786	.04306963	0
913.15	0	.5061435	.4506674	.04318911	0
912.15	0	.507172	.4495224	.04330554	0
911.15	0	.5082357	.4483453	.043419	0
910.15	0	.5093327	.4471379	.04352951	0
909.15	0	.5104613	.4459016	.04363713	0
908.15	0	.5116199	.4446382	.04374191	0
907.15	0	.5128071	.443349	.04384388	0
906.15	0	.5140213	.4420356	.0439431	0
905.15	0	.5152611	.4406994	.04403958	0
904.15	0	.516525	.4393416	.04413339	0
903.15	0	.5178118	.4379637	.04422454	0
902.15	0	.5191201	.4365669	.04431307	0
901.15	0	.5204486	.4351524	.04439903	0
900.15	0	.5217962	.4337213	.04448243	0
899.15	0	.5231617	.432275	.04456331	0
898.15	0	.524544	.4308143	.0446417	0
897.15	0	.5259418	.4293405	.04471762	0
896.15	0	.5273543	.4278546	.04479112	0
895.15	0	.5287802	.4263575	.04486221	0
894.15	0	.5302188	.4248503	.04493092	0
893.15	0	.5316688	.4233339	.04499728	0
892.15	0	.5331295	.4218092	.04506131	0
891.15	0	.5345999	.420277	.04512305	0
890.15	0	.5360792	.4187383	.04518251	0
889.15	0	.5375664	.4171938	.04523972	0
888.15	0	.5390608	.4156445	.04529472	0
887.15	0	.5405616	.4140909	.04534751	0
886.15	0	.5420679	.412534	.04539813	0
885.15	0	.543579	.4109744	.0454466	0
884.15	0	.5450942	.4094128	.04549295	0
883.15	0	.5466129	.40785	.04553719	0
882.15	0	.5481342	.4062865	.04557936	0
881.15	0	.5496576	.404723	.04561948	0
880.15	0	.5511823	.4031601	.04565758	0
879.15	0	.5527079	.4015984	.04569367	0
878.15	0	.5542337	.4000386	.04572778	0
877.15	0	.555759	.3984811	.04575993	0
876.15	0	.5572834	.3969264	.04579016	0
875.15	0	.5588064	.3953752	.04581848	0
874.15	0	.5603273	.3938278	.04584492	0
873.15	0	.5618457	.3922848	.0458695	0
872.15	0	.5633611	.3907467	.04589225	0
871.15	0	.5648731	.3892138	.04591318	0
870.15	0	.5663811	.3876865	.04593234	0
869.15	0	.5678848	.3861654	.04594973	0
868.15	0	.5693838	.3846508	.04596539	0
867.15	0	.5708776	.3831431	.04597934	0
866.15	0	.5723658	.3816426	.0459916	0
865.15	0	.5738482	.3801496	.0460022	0
864.15	0	.5753243	.3786645	.04601117	0
863.15	0	.5767938	.3771877	.04601852	0
862.15	0	.5782564	.3757193	.04602428	0
861.15	0	.5797118	.3742597	.04602848	0
860.15	0	.5811597	.3728092	.04603113	0
859.15	0	.5825998	.3713679	.04603227	0
858.15	0	.5840319	.3699362	.04603192	0
857.15	0	.5854556	.3685143	.04603011	0
856.15	0	.5868709	.3671023	.04602684	0
855.15	0	.5882774	.3657005	.04602216	0
854.15	0	.5896749	.3643091	.04601609	0
853.15	0	.5910632	.3629282	.04600864	0
852.15	0	.5924422	.361558	.04599984	0
851.15	0	.5938117	.3601986	.04598972	0
850.15	0	.5951715	.3588502	.04597829	0
849.15	0	.5965214	.357513	.04596559	0
848.15	0	.5978614	.356187	.04595162	0
847.15	0	.5991913	.3548723	.04593643	0
846.15	0	.600511	.353569	.04592002	0
845.15	0	.6018203	.3522773	.04590243	0
844.15	0	.6031192	.3509971	.04588367	0
843.15	0	.6044076	.3497287	.04586376	0
842.15	0	.6056853	.348472	.04584273	0
841.15	0	.6069524	.347227	.04582059	0
840.15	0	.6082088	.3459938	.04579738	0
839.15	0	.6094544	.3447725	.04577311	0
838.15	0	.6106891	.3435631	.04574779	0
837.15	0	.611913	.3423656	.04572145	0
836.15	0	.6131259	.34118	.04569412	0
835.15	0	.6143279	.3400063	.04566581	0
834.15	0	.615519	.3388445	.04563653	0
833.15	0	.6166991	.3376946	.04560631	0
832.15	0	.6178682	.3365566	.04557518	0
831.15	0	.6190264	.3354305	.04554314	0
830.15	0	.6201736	.3343162	.04551021	0
829.15	0	.6213099	.3332137	.04547642	0
828.15	0	.6224352	.332123	.04544178	0
827.15	0	.6235496	.3310441	.0454063	0
826.15	0	.6246532	.3299768	.04537002	0
825.15	0	.6257459	.3289212	.04533294	0
824.15	0	.6268277	.3278772	.04529507	0
823.15	0	.6278988	.3268447	.04525645	0
822.15	0	.6289592	.3258237	.04521707	0
821.15	0	.6300089	.3248142	.04517697	0
820.15	0	.6310479	.323816	.04513615	0
819.15	0	.6320763	.322829	.04509463	0
818.15	0	.6330943	.3218533	.04505243	0
817.15	0	.6341017	.3208888	.04500956	0
816.15	0	.6350987	.3199352	.04496603	0
815.15	0	.6360854	.3189927	.04492186	0
814.15	0	.6370618	.3180611	.04487707	0
813.15	0	.638028	.3171403	.04483167	0
812.15	0	.6389841	.3162303	.04478567	0
811.15	0	.63993	.3153309	.04473908	0
810.15	0	.640866	.3144421	.04469193	0
809.15	0	.641792	.3135638	.04464422	0
808.15	0	.6427082	.3126959	.04459596	0
807.15	0	.6436146	.3118382	.04454717	0
806.15	0	.6445113	.3109908	.04449787	0
805.15	0	.6453984	.3101536	.04444805	0
804.15	0	.6462759	.3093264	.04439774	0
803.15	0	.647144	.3085091	.04434695	0
802.15	0	.6480027	.3077016	.04429569	0
801.15	0	.6488521	.306904	.04424397	0
800.15	0	.6496922	.306116	.0441918	0
799.15	0	.6505233	.3053375	.0441392	0
798.15	0	.6513452	.3045686	.04408617	0
797.15	0	.6521583	.303809	.04403272	0
796.15	0	.6529624	.3030588	.04397887	0
795.15	0	.6537577	.3023177	.04392463	0
794.15	0	.6545443	.3015857	.04387	0
793.15	0	.6553222	.3008628	.043815	0
792.15	0	.6560916	.3001488	.04375964	0
791.15	0	.6568525	.2994436	.04370392	0
790.15	0	.657605	.2987471	.04364786	0
789.15	0	.6583492	.2980593	.04359147	0
788.15	0	.6590852	.2973801	.04353475	0
787.15	0	.659813	.2967093	.04347771	0
786.15	0	.6605328	.2960469	.04342037	0
785.15	0	.6612445	.2953927	.04336272	0
784.15	0	.6619484	.2947468	.04330479	0
783.15	0	.6626445	.294109	.04324658	0
782.15	0	.6633328	.2934791	.0431881	0
781.15	0	.6640134	.2928573	.04312934	0
780.15	0	.6646865	.2922432	.04307034	0
779.15	0	.665352	.2916369	.04301108	0
778.15	0	.6660101	.2910383	.04295159	0
777.15	0	.6666609	.2904472	.04289186	0
776.15	0	.6673044	.2898637	.0428319	0
775.15	0	.6679407	.2892876	.04277173	0
774.15	0	.6685699	.2887188	.04271135	0
773.15	0	.669192	.2881572	.04265076	0
772.15	0	.6698072	.2876028	.04258997	0
771.15	0	.6704155	.2870555	.042529	0
770.15	0	.6710169	.2865152	.04246784	0
769.15	0	.6716116	.2859819	.0424065	0
768.15	0	.6721997	.2854553	.042345	0
767.15	0	.6727811	.2849356	.04228333	0
766.15	0	.673356	.2844225	.0422215	0
765.15	0	.6739244	.283916	.04215952	0
764.15	0	.6744865	.2834161	.04209739	0
763.15	0	.6750422	.2829226	.04203512	0
762.15	0	.6755917	.2824356	.04197271	0
761.15	0	.676135	.2819548	.04191018	0
760.15	0	.6766722	.2814802	.04184752	0
759.15	0	.6772034	.2810119	.04178475	0
758.15	0	.6777285	.2805496	.04172186	0
757.15	0	.6782478	.2800933	.04165886	0
756.15	0	.6787612	.279643	.04159575	0
755.15	0	.6792689	.2791986	.04153255	0
754.15	0	.6797708	.27876	.04146926	0
753.15	0	.680267	.2783271	.04140587	0
752.15	0	.6807577	.2778999	.0413424	0
751.15	0	.6812429	.2774783	.04127885	0
750.15	0	.6817226	.2770622	.04121522	0
749.15	0	.6821969	.2766516	.04115152	0
748.15	0	.6826658	.2762464	.04108776	0
747.15	0	.6831295	.2758466	.04102392	0
746.15	0	.6835879	.275452	.04096003	0
745.15	0	.6840412	.2750627	.04089608	0
744.15	0	.6844894	.2746785	.04083208	0
743.15	0	.6849326	.2742994	.04076802	0
742.15	0	.6853707	.2739254	.04070392	0
741.15	0	.685804	.2735563	.04063978	0
740.15	0	.6862323	.2731921	.0405756	0
739.15	0	.6866559	.2728328	.04051138	0
738.15	0	.6870747	.2724782	.04044713	0
737.15	0	.6874887	.2721284	.04038285	0
736.15	0	.6878982	.2717833	.04031854	0
735.15	0	.688303	.2714428	.04025421	0
734.15	0	.6887033	.2711069	.04018986	0
733.15	0	.6890991	.2707755	.04012549	0
732.15	0	.6894904	.2704485	.0400611	0
731.15	0	.6898774	.2701259	.03999669	0
730.15	0	.69026	.2698077	.03993228	0
729.15	0	.6906384	.2694938	.03986786	0
728.15	0	.6910125	.2691841	.03980343	0
727.15	0	.6913824	.2688786	.039739	0
726.15	0	.6917482	.2685773	.03967457	0
725.15	0	.6921099	.26828	.03961013	0
724.15	0	.6924675	.2679868	.0395457	0
723.15	0	.6928211	.2676976	.03948127	0
722.15	0	.6931709	.2674123	.03941685	0
721.15	0	.6935167	.2671309	.03935244	0
720.15	0	.6938586	.2668534	.03928804	0
719.15	0	.6941968	.2665796	.03922365	0
718.15	0	.6945311	.2663096	.03915927	0
717.15	0	.6948618	.2660433	.03909491	0
716.15	0	.6951887	.2657807	.03903057	0
715.2142	0	.6954914	.2655382	.03897037	0
715.2142	0	.6954914	.2655382	.03897037	0
715.2142	0	.6954914	.2655382	.03897037	0
715.15	0	.6956053	.2653705	.03891233	1.119571E-04
714.15	0	.6973617	.2627774	.03801313	.001847753
713.15	0	.6990869	.2602218	.03712323	.003568017
712.15	0	.7007816	.2577029	.03624247	.005272971
711.15	0	.7024464	.25522	.03537071	.006962835
710.15	0	.7040819	.2527725	.03450778	.008637825
709.15	0	.7056888	.2503595	.03365355	.01029815
708.15	0	.7072676	.2479805	.03280788	.01194403
707.15	0	.7088188	.2456349	.03197062	.01357567
706.15	0	.7103432	.2433219	.03114163	.01519326
705.15	0	.7118411	.2410411	.03032079	.01679701
704.15	0	.7133132	.2387917	.02950795	.01838712
703.15	0	.71476	.2365732	.02870298	.01996377
702.15	0	.716182	.2343851	.02790576	.02152716
701.15	0	.7175797	.2322266	.02711616	.02307748
700.15	0	.7189537	.2300974	.02633406	.02461491
699.15	0	.7203043	.2279967	.02555933	.02613964
698.15	0	.7216321	.2259242	.02479186	.02765183
697.15	0	.7229376	.2238793	.02403152	.02915168
696.15	0	.7242211	.2218614	.02327821	.03063934
695.15	0	.7254832	.21987	.0225318	.032115
694.15	0	.7267242	.2179048	.02179219	.03357882
693.15	0	.7279446	.2159651	.02105927	.03503097
692.15	0	.7291449	.2140506	.02033293	.0364716
691.15	0	.7303254	.2121607	.01961307	.03790088
690.15	0	.7314864	.210295	.01889959	.03931897
689.15	0	.7326285	.2084531	.01819237	.04072602
688.15	0	.733752	.2066345	.01749133	.04212219
687.15	0	.7348573	.2048388	.01679636	.04350762
686.15	0	.7359446	.2030656	.01610737	.04488246
685.15	0	.7370145	.2013144	.01542427	.04624686
684.15	0	.7380671	.199585	.01474695	.04760096
683.15	0	.739103	.1978768	.01407535	.0489449
682.15	0	.7401223	.1961895	.01340935	.05027883
681.15	0	.7411255	.1945228	.01274888	.05160288
680.15	0	.7421128	.1928762	.01209385	.05291717
679.15	0	.7430846	.1912494	.01144418	.05422186
678.15	0	.7440412	.189642	.01079978	.05551706
677.15	0	.7449828	.1880538	.01016057	.05680291
676.15	0	.7459098	.1864843	.009526471	.05807952
675.15	0	.7468224	.1849332	.00889741	.05934704
674.15	0	.7477209	.1834002	.008273306	.06060557
673.15	0	.7486057	.181885	.007654085	.06185524
672.15	0	.7494769	.1803873	.007039672	.06309617
671.15	0	.7503348	.1789067	.006429996	.06432847
670.15	0	.7511798	.177443	.005824984	.06555226
669.15	0	.752012	.1759958	.005224566	.06676766
668.15	0	.7528317	.1745649	.004628674	.06797477
667.15	0	.753639	.17315	.004037241	.06917371
666.15	0	.7544344	.1717508	.0034502	.07036458
665.15	0	.755218	.1703671	.002867487	.07154749
664.15	0	.7559899	.1689985	.002289036	.07272255
663.15	0	.7567506	.1676448	.001714787	.07388985
662.15	0	.757502	.1663039	.001143779	.07505037
661.15	0	.7582403	.1649795	5.778655E-04	.07620236
660.15	0	.7589679	.1636693	1.595788E-05	.07734691
660.1215	0	.7589885	.1636321	0	.07737942
660.1215	0	.7589885	.1636321	0	.07737942
659.15	0	.759084	.163265	0	.077651
658.15	0	.7591799	.1628924	0	.07792765
657.15	0	.7592734	.1625252	0	.07820141
656.15	0	.7593644	.1621633	0	.0784723
655.15	0	.7594531	.1618065	0	.07874037
654.15	0	.7595395	.1614548	0	.07900565
653.15	0	.7596236	.1611082	0	.07926817
652.15	0	.7597054	.1607666	0	.07952797
651.15	0	.7597851	.1604299	0	.07978508
650.15	0	.7598625	.160098	0	.08003954
649.15	0	.7599378	.1597709	0	.08029139
648.15	0	.7600109	.1594484	0	.08054064
647.15	0	.760082	.1591307	0	.08078734
646.15	0	.760151	.1588175	0	.08103153
645.15	0	.760218	.1585088	0	.08127322
644.15	0	.760283	.1582045	0	.08151246
643.15	0	.7603461	.1579047	0	.08174928
642.15	0	.7604072	.1576091	0	.08198371
641.15	0	.7604664	.1573179	0	.08221578
640.15	0	.7605237	.1570308	0	.08244551
639.15	0	.7605792	.1567479	0	.08267295
638.15	0	.7606329	.156469	0	.08289812
637.15	0	.7606847	.1561942	0	.08312106
636.15	0	.7607349	.1559234	0	.08334178
635.15	0	.7607832	.1556564	0	.08356033
634.15	0	.7608299	.1553934	0	.08377673
633.15	0	.7608749	.1551341	0	.08399101
632.15	0	.7609182	.1548786	0	.08420319
631.15	0	.7609599	.1546268	0	.08441332
630.15	0	.7609999	.1543786	0	.08462141
629.15	0	.7610384	.1541341	0	.08482749
628.15	0	.7610754	.1538931	0	.08503159
627.15	0	.7611107	.1536555	0	.08523374
626.15	0	.7611446	.1534214	0	.08543396
625.15	0	.761177	.1531908	0	.08563229
624.15	0	.7612079	.1529634	0	.08582874
623.15	0	.7612373	.1527394	0	.08602335
622.15	0	.7612653	.1525186	0	.08621614
621.15	0	.7612919	.152301	0	.08640713
620.15	0	.7613171	.1520865	0	.08659636
619.15	0	.761341	.1518752	0	.08678384
618.15	0	.7613635	.1516669	0	.0869696
617.15	0	.7613846	.1514617	0	.08715366
616.15	0	.7614045	.1512595	0	.08733606
615.15	0	.761423	.1510602	0	.0875168
614.15	0	.7614403	.1508637	0	.08769593
613.15	0	.7614564	.1506702	0	.08787345
612.15	0	.7614712	.1504794	0	.0880494
611.15	0	.7614848	.1502914	0	.0882238
610.15	0	.7614972	.1501062	0	.08839666
609.15	0	.7615084	.1499236	0	.08856801
608.15	0	.7615185	.1497437	0	.08873788
607.15	0	.7615274	.1495664	0	.08890628
606.15	0	.7615352	.1493916	0	.08907324
605.15	0	.7615418	.1492194	0	.08923877
604.15	0	.7615474	.1490497	0	.08940291
603.15	0	.7615519	.1488825	0	.08956566
602.15	0	.7615553	.1487176	0	.08972706
601.15	0	.7615577	.1485552	0	.08988711
600.15	0	.761559	.1483951	0	.09004585
599.15	0	.7615593	.1482374	0	.09020328
598.15	0	.7615587	.1480819	0	.09035944
597.15	0	.761557	.1479287	0	.09051433
596.15	0	.7615544	.1477777	0	.09066799
595.15	0	.7615508	.1476288	0	.09082042
594.15	0	.7615462	.1474822	0	.09097164
593.15	0	.7615407	.1473376	0	.09112168
592.15	0	.7615343	.1471951	0	.09127056
591.15	0	.761527	.1470547	0	.09141828
590.15	0	.7615188	.1469163	0	.09156487
589.15	0	.7615098	.1467799	0	.09171034
588.15	0	.7614998	.1466455	0	.09185472
587.15	0	.761489	.1465129	0	.09199802
586.15	0	.7614774	.1463823	0	.09214026
585.15	0	.761465	.1462536	0	.09228144
584.15	0	.7614517	.1461267	0	.0924216
583.15	0	.7614376	.1460016	0	.09256074
582.15	0	.7614228	.1458784	0	.09269888
581.15	0	.7614071	.1457568	0	.09283604
580.15	0	.7613907	.145637	0	.09297224
579.15	0	.7613736	.1455189	0	.09310748
578.15	0	.7613557	.1454025	0	.09324178
577.15	0	.7613371	.1452878	0	.09337516
576.15	0	.7613177	.1451747	0	.09350763
575.15	0	.7612977	.1450631	0	.09363922
574.15	0	.7612769	.1449532	0	.09376992
573.15	0	.7612555	.1448448	0	.09389976
572.15	0	.7612333	.1447379	0	.09402874
571.15	0	.7612105	.1446326	0	.09415689
570.15	0	.7611871	.1445287	0	.09428422
569.15	0	.761163	.1444263	0	.09441074
568.15	0	.7611383	.1443253	0	.09453646
567.15	0	.7611129	.1442257	0	.0946614
566.15	0	.761087	.1441275	0	.09478556
565.15	0	.7610604	.1440306	0	.09490897
564.15	0	.7610332	.1439351	0	.09503163
563.15	0	.7610055	.143841	0	.09515356
562.15	0	.7609772	.1437481	0	.09527477
561.15	0	.7609483	.1436565	0	.09539526
560.15	0	.7609188	.1435661	0	.09551506
559.15	0	.7608888	.143477	0	.09563417
558.15	0	.7608583	.1433891	0	.09575261
557.15	0	.7608272	.1433024	0	.09587039
556.15	0	.7607956	.1432169	0	.09598751
555.15	0	.7607635	.1431325	0	.09610399
554.15	0	.7607309	.1430493	0	.09621984
553.15	0	.7606978	.1429671	0	.09633507
552.15	0	.7606642	.1428861	0	.0964497
551.15	0	.7606301	.1428061	0	.09656372
550.15	0	.7605956	.1427272	0	.09667715
549.15	0	.7605606	.1426494	0	.09679001
548.15	0	.7605251	.1425726	0	.09690229
547.15	0	.7604893	.1424967	0	.09701402
546.15	0	.7604529	.1424219	0	.0971252
545.15	0	.7604161	.142348	0	.09723584
544.15	0	.760379	.1422751	0	.09734595
543.15	0	.7603414	.1422031	0	.09745553
542.15	0	.7603034	.1421321	0	.09756461
541.15	0	.7602649	.1420619	0	.09767318
540.15	0	.7602262	.1419926	0	.09778125
539.15	0	.760187	.1419242	0	.09788884
538.15	0	.7601474	.1418566	0	.09799596
537.15	0	.7601075	.1417899	0	.0981026
536.15	0	.7600672	.141724	0	.09820879
535.15	0	.7600266	.1416589	0	.09831452
534.15	0	.7599856	.1415946	0	.09841981
533.15	0	.7599443	.1415311	0	.09852466
532.15	0	.7599026	.1414683	0	.09862908
531.15	0	.7598606	.1414063	0	.09873308
530.15	0	.7598183	.141345	0	.09883667
529.15	0	.7597757	.1412845	0	.09893986
528.15	0	.7597328	.1412246	0	.09904264
527.15	0	.7596895	.1411654	0	.09914504
526.15	0	.759646	.1411069	0	.09924705
525.15	0	.7596022	.1410491	0	.09934868
524.15	0	.7595582	.1409919	0	.09944994
523.15	0	.7595138	.1409354	0	.09955084
522.15	0	.7594692	.1408794	0	.09965139
521.15	0	.7594243	.1408241	0	.09975158
520.15	0	.7593792	.1407694	0	.09985144
519.15	0	.7593338	.1407153	0	.09995095
518.15	0	.7592882	.1406617	0	.1000501
517.15	0	.7592423	.1406087	0	.100149
516.15	0	.7591963	.1405562	0	.1002475
515.15	0	.7591499	.1405043	0	.1003458
514.15	0	.7591034	.1404529	0	.1004437
513.15	0	.7590567	.140402	0	.1005413
512.15	0	.7590098	.1403516	0	.1006387
511.15	0	.7589626	.1403017	0	.1007357
510.15	0	.7589153	.1402523	0	.1008325
509.15	0	.7588678	.1402033	0	.1009289
508.15	0	.7588201	.1401548	0	.1010252
507.15	0	.7587722	.1401067	0	.1011211
506.15	0	.7587241	.1400591	0	.1012168
505.15	0	.7586759	.1400119	0	.1013122
504.15	0	.7586276	.1399651	0	.1014074
503.15	0	.758579	.1399187	0	.1015023
502.15	0	.7585304	.1398727	0	.101597
501.15	0	.7584815	.139827	0	.1016915
500.15	0	.7584326	.1397818	0	.1017857
499.15	0	.7583835	.1397369	0	.1018797
498.15	0	.7583343	.1396923	0	.1019734
497.15	0	.7582849	.1396481	0	.102067
496.15	0	.7582355	.1396042	0	.1021603
495.15	0	.7581859	.1395606	0	.1022535
494.15	0	.7581362	.1395174	0	.1023464
493.15	0	.7580864	.1394744	0	.1024391
492.15	0	.7580366	.1394318	0	.1025317
491.15	0	.7579866	.1393894	0	.102624
490.15	0	.7579365	.1393473	0	.1027162
489.15	0	.7578864	.1393055	0	.1028081
488.15	0	.7578362	.1392639	0	.1028999
487.15	0	.7577859	.1392226	0	.1029915
486.15	0	.7577355	.1391815	0	.103083
485.15	0	.7576851	.1391406	0	.1031743
484.15	0	.7576346	.1391	0	.1032654
483.15	0	.7575841	.1390596	0	.1033563
482.15	0	.7575335	.1390194	0	.1034471
481.15	0	.7574829	.1389794	0	.1035378
480.15	0	.7574322	.1389395	0	.1036283
479.15	0	.7573815	.1388999	0	.1037186
478.15	0	.7573308	.1388604	0	.1038088
477.15	0	.75728	.1388211	0	.1038989
476.15	0	.7572292	.138782	0	.1039888
475.15	0	.7571784	.138743	0	.1040786
474.15	0	.7571276	.1387041	0	.1041683
473.15	0	.7570768	.1386654	0	.1042578
472.15	0	.757026	.1386268	0	.1043472
471.15	0	.7569751	.1385883	0	.1044365
470.15	0	.7569243	.13855	0	.1045257
469.15	0	.7568735	.1385118	0	.1046148
468.15	0	.7568227	.1384736	0	.1047037
467.15	0	.7567719	.1384356	0	.1047926
466.15	0	.7567211	.1383976	0	.1048813
465.15	0	.7566704	.1383597	0	.1049699
464.15	0	.7566196	.1383219	0	.1050585
463.15	0	.756569	.1382842	0	.1051469
462.15	0	.7565183	.1382465	0	.1052352
461.15	0	.7564677	.1382089	0	.1053235
460.15	0	.7564171	.1381713	0	.1054116
459.15	0	.7563666	.1381337	0	.1054997
458.15	0	.7563161	.1380962	0	.1055876
457.15	0	.7562657	.1380588	0	.1056755
456.15	0	.7562154	.1380213	0	.1057633
455.15	0	.7561651	.1379839	0	.1058511
454.15	0	.7561148	.1379464	0	.1059387
453.15	0	.7560647	.137909	0	.1060263
452.15	0	.7560146	.1378716	0	.1061138
451.15	0	.7559646	.1378341	0	.1062013
450.15	0	.7559147	.1377967	0	.1062886
449.15	0	.7558649	.1377591	0	.106376
448.15	0	.7558152	.1377215	0	.1064632
447.15	0	.7557657	.1376839	0	.1065504
446.15	0	.7557162	.1376462	0	.1066376
445.15	0	.7556669	.1376084	0	.1067247
444.15	0	.7556177	.1375705	0	.1068118
443.15	0	.7555687	.1375325	0	.1068988
442.15	0	.7555198	.1374945	0	.1069857
441.15	0	.7554711	.1374562	0	.1070727
440.15	0	.7554225	.1374179	0	.1071596
439.15	0	.7553742	.1373794	0	.1072465
438.15	0	.755326	.1373407	0	.1073333
437.15	0	.755278	.1373019	0	.1074202
436.15	0	.7552302	.1372629	0	.107507
435.15	0	.7551826	.1372236	0	.1075938
434.15	0	.7551353	.1371842	0	.1076805
433.15	0	.7550881	.1371446	0	.1077673
432.15	0	.7550412	.1371047	0	.107854
431.15	0	.7549946	.1370647	0	.1079408
430.15	0	.7549482	.1370243	0	.1080275
429.15	0	.754902	.1369838	0	.1081142
428.15	0	.7548561	.136943	0	.108201
427.15	0	.7548104	.1369019	0	.1082877
426.15	0	.754765	.1368605	0	.1083744
425.15	0	.7547199	.1368189	0	.1084611
424.15	0	.7546751	.136777	0	.1085479
423.15	0	.7546305	.1367349	0	.1086346
422.15	0	.7545863	.1366924	0	.1087214
421.15	0	.7545423	.1366496	0	.1088081
420.15	0	.7544986	.1366065	0	.1088949
419.15	0	.7544552	.1365631	0	.1089817
418.15	0	.7544121	.1365194	0	.1090685
417.15	0	.7543694	.1364754	0	.1091553
416.15	0	.7543269	.136431	0	.1092421
415.15	0	.7542847	.1363863	0	.1093289
414.15	0	.7542429	.1363414	0	.1094158
413.15	0	.7542014	.136296	0	.1095026
412.15	0	.7541602	.1362503	0	.1095895
411.15	0	.7541193	.1362043	0	.1096764
410.15	0	.7540787	.136158	0	.1097633
409.15	0	.7540385	.1361112	0	.1098503
408.15	0	.7539986	.1360642	0	.1099372
407.15	0	.753959	.1360168	0	.1100242
406.15	0	.7539197	.135969	0	.1101112
405.15	0	.7538808	.1359209	0	.1101983
404.15	0	.7538423	.1358725	0	.1102853
403.15	0	.753804	.1358236	0	.1103724
402.15	0	.7537661	.1357744	0	.1104595
401.15	0	.7537285	.1357249	0	.1105466
400.15	0	.7536913	.135675	0	.1106337
399.15	0	.7536544	.1356247	0	.1107209
398.15	0	.7536179	.1355741	0	.110808
397.15	0	.7535817	.1355231	0	.1108952
396.15	0	.7535458	.1354718	0	.1109824
395.15	0	.7535103	.13542	0	.1110697
