T	 BPW(LIQUID)	BPW(BCC_A2)	BPW(FCC_A1)	BPW(LAVES_PHASE_C14)	BPW(NI3TI)
1473.15	.3393929	.6606071	0	0	0
1472.15	.3358345	.6641655	0	0	0
1471.15	.3323024	.6676976	0	0	0
1470.15	.3287965	.6712035	0	0	0
1469.15	.3253165	.6746835	0	0	0
1468.15	.3218623	.6781377	0	0	0
1467.15	.3184337	.6815663	0	0	0
1466.15	.3150306	.6849695	0	0	0
1465.15	.3116526	.6883474	0	0	0
1464.15	.3082997	.6917003	0	0	0
1463.15	.3049717	.6950283	0	0	0
1462.15	.3016684	.6983316	0	0	0
1461.15	.2983896	.7016104	0	0	0
1460.15	.2951352	.7048648	0	0	0
1459.15	.291905	.708095	0	0	0
1458.15	.2886987	.7113013	0	0	0
1457.15	.2855163	.7144837	0	0	0
1456.15	.2823576	.7176424	0	0	0
1455.15	.2792223	.7207777	0	0	0
1454.15	.2761104	.7238896	0	0	0
1453.15	.2730216	.7269784	0	0	0
1452.15	.2699558	.7300442	0	0	0
1451.15	.2669128	.7330872	0	0	0
1450.15	.2638925	.7361075	0	0	0
1449.15	.2608946	.7391054	0	0	0
1448.15	.2579191	.7420809	0	0	0
1447.15	.2549657	.7450344	0	0	0
1446.15	.2520342	.7479658	0	0	0
1445.549	.2502824	.7497176	0	0	0
1445.549	.2502824	.7497176	0	0	0
1445.549	.2502824	.7497176	0	0	0
1445.15	.2483896	.7509176	0	6.928124E-04	0
1444.15	.2436939	.7538908	0	.002415374	0
1443.15	.2390692	.7568135	0	.004117358	0
1442.15	.2345139	.7596869	0	.005799241	0
1441.15	.2300265	.762512	0	.007461486	0
1440.15	.2256054	.7652901	0	.009104539	0
1439.15	.2212492	.768022	0	.01072884	0
1438.15	.2169565	.7707087	0	.0123348	0
1437.15	.2127258	.7733514	0	.01392285	0
1436.15	.2085558	.7759508	0	.01549337	0
1435.15	.2044453	.778508	0	.01704675	0
1434.15	.2003929	.7810237	0	.01858338	0
1433.15	.1963974	.783499	0	.02010361	0
1432.15	.1924576	.7859346	0	.02160781	0
1431.15	.1885723	.7883314	0	.02309631	0
1430.15	.1847404	.7906901	0	.02456946	0
1429.15	.1809608	.7930116	0	.02602758	0
1428.15	.1772324	.7952967	0	.02747098	0
1427.15	.1735541	.7975459	0	.02889999	0
1426.15	.1699249	.7997602	0	.03031489	0
1425.15	.1663439	.8019402	0	.03171599	0
1424.15	.1628099	.8040865	0	.03310357	0
1423.15	.1593222	.8061999	0	.0344779	0
1422.15	.1558798	.8082809	0	.03583925	0
1421.15	.1524817	.8103304	0	.03718789	0
1420.15	.1491272	.8123487	0	.03852408	0
1419.15	.1458153	.8143367	0	.03984806	0
1418.15	.1425452	.8162947	0	.04116008	0
1417.15	.1393161	.8182235	0	.04246037	0
1416.15	.1361272	.8201236	0	.04374917	0
1415.15	.1329778	.8219956	0	.04502669	0
1414.15	.129867	.8238398	0	.04629316	0
1413.15	.1267942	.825657	0	.0475488	0
1412.15	.1237586	.8274476	0	.0487938	0
1411.15	.1207595	.8292121	0	.05002838	0
1410.15	.1177963	.8309509	0	.05125273	0
1409.15	.1148683	.8326647	0	.05246704	0
1408.15	.1119748	.8343537	0	.05367151	0
1407.15	.1091152	.8360185	0	.05486631	0
1406.15	.1062889	.8376595	0	.05605163	0
1405.15	.1034952	.8392771	0	.05722765	0
1404.15	.1007336	.8408718	0	.05839452	0
1403.15	.09800355	.842444	0	.05955242	0
1402.15	.09530439	.8439941	0	.06070152	0
1401.15	.0926356	.8455224	0	.06184196	0
1400.15	.08999666	.8470294	0	.06297392	0
1399.15	.08738703	.8485155	0	.06409753	0
1398.15	.08480619	.8499809	0	.06521294	0
1397.15	.08225364	.8514261	0	.0663203	0
1396.15	.0797289	.8528513	0	.06741976	0
1395.15	.07723146	.8542571	0	.06851145	0
1394.15	.07476088	.8556436	0	.0695955	0
1393.15	.07231668	.8570113	0	.07067204	0
1392.15	.06989841	.8583604	0	.07174121	0
1391.15	.06750563	.8596912	0	.07280313	0
1390.15	.06513792	.8610042	0	.07385793	0
1389.15	.06279484	.8622994	0	.07490572	0
1388.15	.06047599	.8635774	0	.07594662	0
1387.15	.05818096	.8648383	0	.07698075	0
1386.15	.05590935	.8660824	0	.07800821	0
1385.15	.05366078	.8673101	0	.07902913	0
1384.15	.05143487	.8685215	0	.0800436	0
1383.15	.04923125	.869717	0	.08105173	0
1382.15	.04704955	.8708968	0	.08205363	0
1381.15	.04488942	.8720612	0	.0830494	0
1380.15	.04275051	.8732104	0	.08403913	0
1379.15	.04063248	.8743446	0	.08502292	0
1378.15	.03853499	.8754641	0	.08600086	0
1377.15	.03645771	.8765692	0	.08697306	0
1376.15	.03440032	.8776601	0	.08793959	0
1375.15	.03236252	.8787369	0	.08890055	0
1374.15	.03034399	.8798	0	.08985603	0
1373.15	.02834442	.8808495	0	.0908061	0
1372.15	.02636353	.8818856	0	.09175086	0
1371.15	.02440101	.8829086	0	.09269037	0
1370.15	.0224566	.8839187	0	.09362474	0
1369.15	.02053	.884916	0	.09455402	0
1368.15	.01862095	.8859007	0	.0954783	0
1367.15	.01672918	.8868732	0	.09639766	0
1366.15	.01485441	.8878334	0	.09731216	0
1365.15	.01299641	.8887817	0	.09822189	0
1364.15	.0111549	.8897182	0	.0991269	0
1363.15	.009329647	.8906431	0	.1000273	0
1362.15	.007520405	.8915565	0	.1009231	0
1361.15	.005726934	.8924587	0	.1018144	0
1360.15	.003948999	.8933498	0	.1027012	0
1359.15	.00218637	.8942299	0	.1035837	0
1358.15	4.388222E-04	.8950993	0	.1044618	0
1357.898	0	.8953171	0	.1046829	0
1357.898	0	.8953171	0	.1046829	0
1357.15	0	.8948338	0	.1051662	0
1356.15	0	.8941884	0	.1058116	0
1355.15	0	.8935445	0	.1064555	0
1354.15	0	.8929021	0	.1070979	0
1353.15	0	.892261	0	.107739	0
1352.15	0	.8916214	0	.1083786	0
1351.15	0	.8909832	0	.1090168	0
1350.15	0	.8903464	0	.1096536	0
1349.15	0	.889711	0	.110289	0
1348.15	0	.8890771	0	.1109229	0
1347.15	0	.8884445	0	.1115555	0
1346.15	0	.8878133	0	.1121867	0
1345.15	0	.8871836	0	.1128165	0
1344.15	0	.8865552	0	.1134448	0
1343.15	0	.8859282	0	.1140719	0
1342.15	0	.8853025	0	.1146975	0
1341.15	0	.8846783	0	.1153217	0
1340.15	0	.8840554	0	.1159446	0
1339.15	0	.8834339	0	.1165661	0
1338.15	0	.8828137	0	.1171863	0
1337.15	0	.8821949	0	.1178051	0
1336.15	0	.8815775	0	.1184225	0
1335.15	0	.8809614	0	.1190386	0
1334.15	0	.8803466	0	.1196534	0
1333.15	0	.8797332	0	.1202668	0
1332.15	0	.8791211	0	.1208789	0
1331.15	0	.8785104	0	.1214896	0
1330.15	0	.877901	0	.122099	0
1329.15	0	.8772929	0	.1227071	0
1328.15	0	.8766861	0	.1233139	0
1327.15	0	.8760806	0	.1239194	0
1326.15	0	.8754765	0	.1245235	0
1325.15	0	.8748737	0	.1251263	0
1324.15	0	.8742721	0	.1257279	0
1323.15	0	.8736719	0	.1263281	0
1322.15	0	.8730729	0	.1269271	0
1321.15	0	.8724753	0	.1275247	0
1320.15	0	.8718789	0	.1281211	0
1319.15	0	.8712838	0	.1287162	0
1318.15	0	.87069	0	.12931	0
1317.15	0	.8700975	0	.1299025	0
1316.15	0	.8695062	0	.1304938	0
1315.15	0	.8689162	0	.1310838	0
1314.15	0	.8683275	0	.1316725	0
1313.15	0	.86774	0	.13226	0
1312.15	0	.8671538	0	.1328462	0
1311.15	0	.8665688	0	.1334312	0
1310.15	0	.8659851	0	.1340149	0
1309.15	0	.8654027	0	.1345974	0
1308.15	0	.8648214	0	.1351786	0
1307.15	0	.8642414	0	.1357586	0
1306.15	0	.8636627	0	.1363373	0
1305.15	0	.8630851	0	.1369149	0
1304.15	0	.8625088	0	.1374912	0
1303.15	0	.8619337	0	.1380663	0
1302.15	0	.8613599	0	.1386401	0
1301.15	0	.8607872	0	.1392128	0
1300.15	0	.8602158	0	.1397842	0
1299.15	0	.8596455	0	.1403545	0
1298.15	0	.8590765	0	.1409235	0
1297.15	0	.8585086	0	.1414913	0
1296.15	0	.857942	0	.142058	0
1295.15	0	.8573766	0	.1426234	0
1294.15	0	.8568123	0	.1431877	0
1293.15	0	.8562492	0	.1437508	0
1292.15	0	.8556873	0	.1443127	0
1291.15	0	.8551266	0	.1448734	0
1290.15	0	.8545671	0	.1454329	0
1289.15	0	.8540087	0	.1459913	0
1288.15	0	.8534515	0	.1465485	0
1287.15	0	.8528955	0	.1471045	0
1286.15	0	.8523406	0	.1476594	0
1285.15	0	.8517869	0	.1482131	0
1284.15	0	.8512343	0	.1487657	0
1283.15	0	.8506829	0	.1493171	0
1282.15	0	.8501327	0	.1498673	0
1281.15	0	.8495836	0	.1504165	0
1280.15	0	.8490356	0	.1509644	0
1279.15	0	.8484887	0	.1515113	0
1278.15	0	.847943	0	.152057	0
1277.15	0	.8473985	0	.1526016	0
1276.15	0	.846855	0	.153145	0
1275.15	0	.8463127	0	.1536873	0
1274.15	0	.8457715	0	.1542285	0
1273.15	0	.8452314	0	.1547686	0
1272.15	0	.8446924	0	.1553076	0
1271.15	0	.8441546	0	.1558454	0
1270.15	0	.8436178	0	.1563822	0
1269.15	0	.8430822	0	.1569178	0
1268.15	0	.8425476	0	.1574524	0
1267.15	0	.8420142	0	.1579858	0
1266.15	0	.8414818	0	.1585182	0
1265.15	0	.8409506	0	.1590494	0
1264.15	0	.8404204	0	.1595796	0
1263.15	0	.8398913	0	.1601087	0
1262.15	0	.8393633	0	.1606367	0
1261.15	0	.8388364	0	.1611636	0
1260.15	0	.8383105	0	.1616895	0
1259.15	0	.8377858	0	.1622142	0
1258.15	0	.8372621	0	.1627379	0
1257.15	0	.8367395	0	.1632605	0
1256.15	0	.8362179	0	.1637821	0
1255.15	0	.8356974	0	.1643026	0
1254.15	0	.8351779	0	.1648221	0
1253.15	0	.8346596	0	.1653405	0
1252.15	0	.8341422	0	.1658578	0
1251.15	0	.8336259	0	.1663741	0
1250.15	0	.8331107	0	.1668893	0
1249.15	0	.8325965	0	.1674035	0
1248.15	0	.8320833	0	.1679167	0
1247.15	0	.8315712	0	.1684288	0
1246.15	0	.8310601	0	.1689399	0
1245.15	0	.8305501	0	.1694499	0
1244.15	0	.8300411	0	.1699589	0
1243.15	0	.8295331	0	.1704669	0
1242.15	0	.8290261	0	.1709739	0
1241.15	0	.8285202	0	.1714798	0
1240.15	0	.8280152	0	.1719848	0
1239.15	0	.8275113	0	.1724887	0
1238.15	0	.8270084	0	.1729916	0
1237.15	0	.8265065	0	.1734935	0
1236.15	0	.8260057	0	.1739943	0
1235.15	0	.8255058	0	.1744942	0
1234.15	0	.8250069	0	.1749931	0
1233.15	0	.824509	0	.175491	0
1232.15	0	.8240122	0	.1759879	0
1231.15	0	.8235163	0	.1764837	0
1230.15	0	.8230214	0	.1769786	0
1229.15	0	.8225275	0	.1774725	0
1228.15	0	.8220345	0	.1779655	0
1227.15	0	.8215426	0	.1784574	0
1226.15	0	.8210516	0	.1789484	0
1225.15	0	.8205617	0	.1794383	0
1224.15	0	.8200727	0	.1799273	0
1223.15	0	.8195846	0	.1804154	0
1222.15	0	.8190976	0	.1809024	0
1221.15	0	.8186115	0	.1813885	0
1220.15	0	.8181263	0	.1818737	0
1219.15	0	.8176422	0	.1823578	0
1218.15	0	.817159	0	.182841	0
1217.15	0	.8166767	0	.1833233	0
1216.15	0	.8161954	0	.1838046	0
1215.15	0	.8157151	0	.1842849	0
1214.15	0	.8152357	0	.1847643	0
1213.15	0	.8147572	0	.1852428	0
1212.15	0	.8142797	0	.1857203	0
1211.15	0	.8138032	0	.1861968	0
1210.15	0	.8133275	0	.1866725	0
1209.15	0	.8128529	0	.1871471	0
1208.15	0	.8123791	0	.1876209	0
1207.15	0	.8119063	0	.1880937	0
1206.15	0	.8114344	0	.1885656	0
1205.15	0	.8109635	0	.1890366	0
1204.15	0	.8104934	0	.1895066	0
1203.15	0	.8100243	0	.1899757	0
1202.15	0	.8095561	0	.1904439	0
1201.15	0	.8090888	0	.1909112	0
1200.15	0	.8086225	0	.1913775	0
1199.15	0	.808157	0	.191843	0
1198.15	0	.8076925	0	.1923075	0
1197.15	0	.8072289	0	.1927711	0
1196.15	0	.8067662	0	.1932338	0
1195.15	0	.8063044	0	.1936956	0
1194.15	0	.8058434	0	.1941566	0
1193.15	0	.8053834	0	.1946166	0
1192.15	0	.8049243	0	.1950757	0
1191.15	0	.8044661	0	.1955339	0
1190.15	0	.8040088	0	.1959912	0
1189.15	0	.8035523	0	.1964477	0
1188.15	0	.8030968	0	.1969032	0
1187.15	0	.8026421	0	.1973579	0
1186.15	0	.8021883	0	.1978117	0
1185.15	0	.8017355	0	.1982645	0
1184.15	0	.8012834	0	.1987166	0
1183.15	0	.8008323	0	.1991677	0
1182.15	0	.800382	0	.199618	0
1181.15	0	.7999326	0	.2000674	0
1180.15	0	.7994841	0	.2005159	0
1179.15	0	.7990365	0	.2009635	0
1178.15	0	.7985897	0	.2014103	0
1177.15	0	.7981438	0	.2018562	0
1176.15	0	.7976987	0	.2023013	0
1175.15	0	.7972545	0	.2027455	0
1174.15	0	.7968112	0	.2031888	0
1173.15	0	.7963687	0	.2036313	0
1172.15	0	.7959271	0	.2040729	0
1171.15	0	.7954863	0	.2045137	0
1170.15	0	.7950464	0	.2049536	0
1169.15	0	.7946073	0	.2053927	0
1168.15	0	.794169	0	.205831	0
1167.15	0	.7937316	0	.2062684	0
1166.15	0	.7932951	0	.2067049	0
1165.15	0	.7928594	0	.2071406	0
1164.15	0	.7924245	0	.2075755	0
1163.15	0	.7919905	0	.2080095	0
1162.15	0	.7915573	0	.2084427	0
1161.15	0	.7911249	0	.2088751	0
1160.15	0	.7906934	0	.2093066	0
1159.15	0	.7902626	0	.2097374	0
1158.15	0	.7898328	0	.2101672	0
1157.15	0	.7894037	0	.2105963	0
1156.15	0	.7889755	0	.2110246	0
1155.15	0	.788548	0	.211452	0
1154.15	0	.7881214	0	.2118786	0
1153.15	0	.7876956	0	.2123044	0
1152.15	0	.7872706	0	.2127294	0
1151.15	0	.7868465	0	.2131535	0
1150.15	0	.7864231	0	.2135769	0
1149.15	0	.7860006	0	.2139994	0
1148.15	0	.7855789	0	.2144212	0
1147.15	0	.7851579	0	.2148421	0
1146.15	0	.7847378	0	.2152622	0
1145.15	0	.7843185	0	.2156815	0
1144.15	0	.7838999	0	.2161001	0
1143.15	0	.7834822	0	.2165178	0
1142.15	0	.7830653	0	.2169347	0
1141.15	0	.7826491	0	.2173509	0
1140.15	0	.7822338	0	.2177662	0
1139.15	0	.7818192	0	.2181808	0
1138.15	0	.7814055	0	.2185945	0
1137.15	0	.7809925	0	.2190075	0
1136.15	0	.7805803	0	.2194197	0
1135.15	0	.7801689	0	.2198312	0
1134.15	0	.7797582	0	.2202418	0
1133.15	0	.7793484	0	.2206516	0
1132.15	0	.7789393	0	.2210607	0
1131.15	0	.778531	0	.221469	0
1130.15	0	.7781235	0	.2218766	0
1129.15	0	.7777167	0	.2222833	0
1128.15	0	.7773107	0	.2226893	0
1127.15	0	.7769055	0	.2230945	0
1126.15	0	.7765011	0	.223499	0
1125.15	0	.7760974	0	.2239026	0
1124.15	0	.7756945	0	.2243056	0
1123.15	0	.7752923	0	.2247077	0
1122.15	0	.7748909	0	.2251091	0
1121.15	0	.7744903	0	.2255097	0
1120.15	0	.7740904	0	.2259096	0
1119.15	0	.7736913	0	.2263087	0
1118.15	0	.7732929	0	.2267071	0
1117.15	0	.7728953	0	.2271047	0
1116.15	0	.7724984	0	.2275016	0
1115.15	0	.7721023	0	.2278977	0
1114.15	0	.7717069	0	.2282931	0
1113.15	0	.7713123	0	.2286877	0
1112.15	0	.7709184	0	.2290816	0
1111.15	0	.7705253	0	.2294747	0
1110.15	0	.7701329	0	.2298671	0
1109.15	0	.7697412	0	.2302588	0
1108.15	0	.7693503	0	.2306497	0
1107.15	0	.7689601	0	.2310399	0
1106.15	0	.7685707	0	.2314293	0
1105.15	0	.768182	0	.231818	0
1104.15	0	.767794	0	.232206	0
1103.15	0	.7674068	0	.2325932	0
1102.15	0	.7670202	0	.2329798	0
1101.15	0	.7666344	0	.2333656	0
1100.15	0	.7662494	0	.2337506	0
1099.15	0	.765865	0	.234135	0
1098.15	0	.7654814	0	.2345186	0
1097.15	0	.7650985	0	.2349015	0
1096.15	0	.7647163	0	.2352837	0
1095.15	0	.7643349	0	.2356651	0
1094.15	0	.7639541	0	.2360459	0
1093.15	0	.7635741	0	.2364259	0
1092.15	0	.7631948	0	.2368052	0
1091.15	0	.7628162	0	.2371838	0
1090.15	0	.7624383	0	.2375617	0
1089.15	0	.7620611	0	.2379389	0
1088.15	0	.7616847	0	.2383154	0
1087.15	0	.7613089	0	.2386911	0
1086.15	0	.7609338	0	.2390662	0
1085.15	0	.7605595	0	.2394405	0
1084.15	0	.7601858	0	.2398142	0
1083.15	0	.7598129	0	.2401871	0
1082.15	0	.7594406	0	.2405594	0
1081.15	0	.7590691	0	.2409309	0
1080.15	0	.7586982	0	.2413018	0
1079.15	0	.758328	0	.241672	0
1078.15	0	.7579586	0	.2420414	0
1077.15	0	.7575898	0	.2424102	0
1076.15	0	.7572217	0	.2427783	0
1075.15	0	.7568543	0	.2431457	0
1074.15	0	.7564876	0	.2435124	0
1073.15	0	.7561216	0	.2438784	0
1072.15	0	.7557563	0	.2442437	0
1071.15	0	.7553916	0	.2446084	0
1070.155	0	.7550295	0	.2449705	0
1070.155	0	.7550295	0	.2449705	0
1070.155	0	.7550295	0	.2449705	0
1070.15	0	.755025	2.975449E-06	.2449721	0
1069.15	0	.7541129	6.016023E-04	.2452855	0
1068.15	0	.7532032	.00119864	.2455981	0
1067.15	0	.7522959	.00179409	.24591	0
1066.15	0	.751391	.002387957	.2462211	0
1065.15	0	.7504884	.002980245	.2465314	0
1064.15	0	.7495881	.003570955	.2468409	0
1063.15	0	.7486902	.00416009	.2471497	0
1062.15	0	.7477947	.004747656	.2474577	0
1061.15	0	.7469015	.005333654	.2477649	0
1060.15	0	.7460106	.005918087	.2480713	0
1059.15	0	.7451221	.00650096	.2483769	0
1058.15	0	.7442359	.007082274	.2486818	0
1057.15	0	.743352	.007662034	.2489859	0
1056.15	0	.7424705	.008240242	.2492893	0
1055.15	0	.7415913	.008816902	.2495919	0
1054.15	0	.7407143	.009392018	.2498937	0
1053.15	0	.7398397	.009965591	.2501947	0
1052.15	0	.7389674	.01053763	.250495	0
1051.15	0	.7380974	.01110813	.2507945	0
1050.15	0	.7372297	.0116771	.2510932	0
1049.15	0	.7363642	.01224454	.2513912	0
1048.15	0	.7355011	.01281045	.2516885	0
1047.15	0	.7346402	.01337484	.2519849	0
1046.15	0	.7337817	.01393772	.2522806	0
1045.15	0	.7329254	.01449908	.2525756	0
1044.15	0	.7320713	.01505893	.2528698	0
1043.15	0	.7312196	.01561727	.2531632	0
1042.15	0	.73037	.0161741	.2534559	0
1041.15	0	.7295228	.01672944	.2537478	0
1040.15	0	.7286778	.01728328	.2540389	0
1039.15	0	.727835	.01783562	.2543294	0
1038.15	0	.7269945	.01838647	.254619	0
1037.15	0	.7261562	.01893584	.2549079	0
1036.15	0	.7253202	.01948372	.2551961	0
1035.15	0	.7244864	.02003013	.2554835	0
1034.15	0	.7236548	.02057505	.2557701	0
1033.15	0	.7228254	.02111851	.2560561	0
1032.15	0	.7219983	.02166049	.2563412	0
1031.15	0	.7211734	.02220101	.2566256	0
1030.15	0	.7203506	.02274007	.2569093	0
1029.15	0	.7195301	.02327767	.2571922	0
1028.15	0	.7187118	.02381382	.2574744	0
1027.15	0	.7178957	.02434852	.2577558	0
1026.15	0	.7170818	.02488177	.2580365	0
1025.15	0	.71627	.02541358	.2583164	0
1024.15	0	.7154604	.02594396	.2585956	0
1023.15	0	.7146531	.02647289	.2588741	0
1022.15	0	.7138479	.0270004	.2591518	0
1021.15	0	.7130448	.02752649	.2594287	0
1020.15	0	.7122439	.02805115	.2597049	0
1019.15	0	.7114452	.02857439	.2599804	0
1018.15	0	.7106487	.02909622	.2602551	0
1017.15	0	.7098543	.02961664	.2605291	0
1016.15	0	.709062	.03013565	.2608024	0
1015.15	0	.7082719	.03065326	.2610749	0
1014.15	0	.7074839	.03116948	.2613466	0
1013.15	0	.706698	.0316843	.2616176	0
1012.15	0	.7059143	.03219774	.2618879	0
1011.15	0	.7051327	.03270979	.2621575	0
1010.15	0	.7043533	.03322046	.2624263	0
1009.15	0	.7035759	.03372976	.2626943	0
1008.15	0	.7028006	.03423769	.2629617	0
1007.15	0	.7020275	.03474425	.2632282	0
1006.15	0	.7012565	.03524946	.2634941	0
1005.15	0	.7004875	.0357533	.2637592	0
1004.15	0	.6997207	.0362558	.2640236	0
1003.15	0	.6989559	.03675695	.2642872	0
1002.15	0	.6981932	.03725676	.2645501	0
1001.15	0	.6974326	.03775523	.2648122	0
1000.15	0	.696674	.03825237	.2650736	0
999.15	0	.6959175	.03874819	.2653343	0
998.15	0	.6951631	.03924268	.2655942	0
997.15	0	.6944108	.03973586	.2658534	0
996.15	0	.6936605	.04022773	.2661118	0
995.15	0	.6929122	.04071829	.2663695	0
994.15	0	.692166	.04120756	.2666265	0
993.15	0	.6914218	.04169553	.2668827	0
992.15	0	.6906796	.04218221	.2671382	0
991.15	0	.6899395	.0426676	.2673929	0
990.15	0	.6892014	.04315172	.2676469	0
989.15	0	.6884653	.04363457	.2679001	0
988.15	0	.6877312	.04411615	.2681526	0
987.15	0	.6869992	.04459647	.2684044	0
986.15	0	.6862691	.04507554	.2686554	0
985.15	0	.685541	.04555336	.2689057	0
984.15	0	.6848149	.04602993	.2691552	0
983.15	0	.6840908	.04650527	.269404	0
982.15	0	.6833686	.04697939	.269652	0
981.15	0	.6826484	.04745228	.2698993	0
980.15	0	.6819302	.04792395	.2701458	0
979.15	0	.681214	.04839441	.2703916	0
978.15	0	.6804997	.04886367	.2706366	0
977.15	0	.6797873	.04933173	.2708809	0
976.15	0	.6790769	.0497986	.2711245	0
975.15	0	.6783685	.05026429	.2713673	0
974.15	0	.6776619	.0507288	.2716093	0
973.15	0	.6769573	.05119215	.2718506	0
972.15	0	.6762546	.05165433	.2720911	0
971.15	0	.6755538	.05211536	.2723309	0
970.15	0	.6748549	.05257524	.2725699	0
969.15	0	.6741579	.05303398	.2728081	0
968.15	0	.6734628	.05349159	.2730456	0
967.15	0	.6727695	.05394807	.2732824	0
966.15	0	.6720782	.05440344	.2735184	0
965.15	0	.6713887	.0548577	.2737536	0
964.15	0	.6707011	.05531087	.273988	0
963.15	0	.6700153	.05576293	.2742217	0
962.15	0	.6693314	.05621392	.2744547	0
961.15	0	.6686494	.05666383	.2746868	0
960.15	0	.6679691	.05711267	.2749182	0
959.15	0	.6672907	.05756046	.2751488	0
958.15	0	.6666141	.05800719	.2753787	0
957.15	0	.6659394	.05845289	.2756078	0
956.15	0	.6652664	.05889755	.2758361	0
955.15	0	.6645952	.05934119	.2760636	0
954.15	0	.6639258	.05978383	.2762904	0
953.15	0	.6632582	.06022545	.2765163	0
952.15	0	.6625924	.06066609	.2767415	0
951.15	0	.6619283	.06110573	.276966	0
950.15	0	.661266	.06154441	.2771896	0
949.15	0	.6606054	.06198212	.2774124	0
948.15	0	.6599466	.06241888	.2776345	0
947.15	0	.6592895	.06285469	.2778558	0
946.15	0	.6586342	.06328958	.2780762	0
945.15	0	.6579805	.06372353	.2782959	0
944.15	0	.6573286	.06415658	.2785148	0
943.15	0	.6566783	.06458873	.2787329	0
942.15	0	.6560298	.06501999	.2789502	0
941.15	0	.6553829	.06545037	.2791667	0
940.15	0	.6547377	.06587989	.2793824	0
939.15	0	.6540941	.06630855	.2795973	0
938.15	0	.6534522	.06673637	.2798114	0
937.15	0	.652812	.06716336	.2800247	0
936.15	0	.6521733	.06758953	.2802371	0
935.15	0	.6515363	.06801489	.2804488	0
934.15	0	.6509009	.06843946	.2806596	0
933.15	0	.6502671	.06886325	.2808696	0
932.15	0	.6496349	.06928628	.2810788	0
931.15	0	.6490043	.06970855	.2812872	0
930.15	0	.6483752	.07013007	.2814947	0
929.15	0	.6477477	.07055087	.2817014	0
928.15	0	.6471217	.07097096	.2819073	0
927.15	0	.6464973	.07139035	.2821124	0
926.15	0	.6458744	.07180905	.2823166	0
925.15	0	.645253	.07222709	.2825199	0
924.15	0	.6446331	.07264447	.2827224	0
923.15	0	.6440147	.0730612	.2829241	0
922.15	0	.6433978	.07347731	.2831249	0
921.15	0	.6427823	.07389281	.2833249	0
920.15	0	.6421683	.07430772	.283524	0
919.15	0	.6415557	.07472205	.2837222	0
918.15	0	.6409446	.07513581	.2839196	0
917.15	0	.6403348	.07554903	.2841161	0
916.15	0	.6397265	.07596172	.2843118	0
915.15	0	.6391196	.07637389	.2845066	0
914.15	0	.638514	.07678558	.2847005	0
913.15	0	.6379098	.07719678	.2848935	0
912.15	0	.6373069	.07760752	.2850856	0
911.15	0	.6367054	.07801782	.2852768	0
910.15	0	.6361051	.0784277	.2854672	0
909.15	0	.6355062	.07883717	.2856566	0
908.15	0	.6349086	.07924626	.2858452	0
907.15	0	.6343122	.07965497	.2860328	0
906.15	0	.6337171	.08006334	.2862195	0
905.15	0	.6331233	.08047139	.2864054	0
904.15	0	.6325306	.08087912	.2865902	0
903.15	0	.6319392	.08128657	.2867742	0
902.15	0	.631349	.08169375	.2869573	0
901.15	0	.6307599	.08210069	.2871394	0
900.15	0	.630172	.0825074	.2873206	0
899.15	0	.6295853	.08291391	.2875008	0
898.15	0	.6289997	.08332024	.2876801	0
897.15	0	.6284152	.08372641	.2878584	0
896.15	0	.6278318	.08413245	.2880358	0
895.15	0	.6272494	.08453838	.2882122	0
894.15	0	.6266681	.08494422	.2883877	0
893.15	0	.6260879	.08534999	.2885621	0
892.15	0	.6255086	.08575573	.2887356	0
891.15	0	.6249304	.08616145	.2889082	0
890.15	0	.6243531	.08656719	.2890797	0
889.15	0	.6237768	.08697296	.2892502	0
888.15	0	.6232015	.0873788	.2894197	0
887.15	0	.622627	.08778472	.2895883	0
886.15	0	.6220535	.08819076	.2897558	0
885.15	0	.6214808	.08859695	.2899223	0
884.15	0	.620909	.08900331	.2900877	0
883.15	0	.620338	.08940987	.2902521	0
882.15	0	.6197678	.08981666	.2904155	0
881.15	0	.6191984	.09022371	.2905779	0
880.15	0	.6186298	.09063105	.2907392	0
879.15	0	.6180619	.09103871	.2908994	0
878.15	0	.6174948	.09144672	.2910585	0
877.15	0	.6169283	.09185511	.2912166	0
876.15	0	.6163625	.09226392	.2913736	0
875.15	0	.6157973	.09267317	.2915295	0
874.15	0	.6152328	.09308291	.2916843	0
873.15	0	.6146688	.09349316	.291838	0
872.15	0	.6141054	.09390396	.2919906	0
871.15	0	.6135426	.09431535	.2921421	0
870.15	0	.6129802	.09472736	.2922924	0
869.15	0	.6124184	.09514003	.2924416	0
868.15	0	.611857	.0955534	.2925896	0
867.15	0	.611296	.09596749	.2927365	0
866.15	0	.6107354	.09638236	.2928822	0
865.15	0	.6101752	.09679805	.2930268	0
864.15	0	.6096153	.09721458	.2931701	0
863.15	0	.6090557	.09763201	.2933123	0
862.15	0	.6084964	.09805038	.2934532	0
861.15	0	.6079374	.09846973	.2935929	0
860.15	0	.6073785	.0988901	.2937314	0
859.15	0	.6068198	.09931154	.2938687	0
858.15	0	.6062612	.0997341	.2940047	0
857.15	0	.6057028	.1001578	.2941394	0
856.15	0	.6051444	.1005827	.2942728	0
855.15	0	.604586	.1010089	.294405	0
854.15	0	.6040277	.1014364	.2945359	0
853.15	0	.6034693	.1018653	.2946655	0
852.15	0	.6029108	.1022955	.2947937	0
851.15	0	.6023521	.1027273	.2949206	0
850.15	0	.6017933	.1031605	.2950461	0
849.15	0	.6012343	.1035954	.2951703	0
848.15	0	.6006751	.1040318	.2952931	0
847.15	0	.6001155	.10447	.2954145	0
846.15	0	.5995556	.1049099	.2955345	0
845.15	0	.5989953	.1053516	.2956531	0
844.15	0	.5984346	.1057953	.2957702	0
843.15	0	.5978733	.1062408	.2958859	0
842.15	0	.5973116	.1066884	.296	0
841.15	0	.5967492	.1071381	.2961127	0
840.15	0	.5961862	.1075899	.2962239	0
839.15	0	.5956226	.1080439	.2963335	0
838.15	0	.5950581	.1085003	.2964416	0
837.15	0	.5944929	.108959	.2965482	0
836.15	0	.5939267	.1094202	.2966531	0
835.15	0	.5933597	.1098839	.2967564	0
834.15	0	.5927917	.1103503	.2968581	0
833.15	0	.5922226	.1108193	.2969581	0
832.15	0	.5916524	.1112912	.2970565	0
831.15	0	.5910809	.111766	.2971531	0
830.15	0	.5905083	.1122437	.297248	0
829.15	0	.5899343	.1127245	.2973412	0
828.15	0	.5893588	.1132086	.2974326	0
827.15	0	.5887819	.1136959	.2975222	0
826.15	0	.5882034	.1141867	.2976099	0
825.15	0	.5876233	.114681	.2976958	0
824.15	0	.5870414	.1151789	.2977797	0
823.15	0	.5864576	.1156806	.2978618	0
822.15	0	.585872	.1161862	.2979419	0
821.15	0	.5852843	.1166958	.2980199	0
820.15	0	.5846945	.1172095	.298096	0
819.15	0	.5841024	.1177276	.29817	0
818.15	0	.5835081	.1182501	.2982419	0
817.15	0	.5829112	.1187772	.2983116	0
816.15	0	.5823118	.1193091	.2983791	0
815.15	0	.5817096	.119846	.2984444	0
814.15	0	.5811047	.1203879	.2985074	0
813.15	0	.5804968	.1209352	.2985681	0
812.15	0	.5798857	.1214879	.2986264	0
811.15	0	.5792714	.1220464	.2986822	0
810.15	0	.5786537	.1226107	.2987356	0
809.15	0	.5780324	.1231812	.2987864	0
808.15	0	.5774073	.1237581	.2988346	0
807.15	0	.5767783	.1243416	.2988801	0
806.15	0	.5761452	.1249319	.2989229	0
805.15	0	.5755077	.1255294	.2989629	0
804.15	0	.574867	.1261333	.2989997	0
803.15	0	.5742201	.1267461	.2990338	0
802.15	0	.5735682	.1273669	.2990648	0
801.15	0	.5729111	.1279962	.2990927	0
800.15	0	.5722484	.1286343	.2991174	0
799.15	0	.5715798	.1292815	.2991387	0
798.15	0	.5709051	.1299384	.2991565	0
797.15	0	.570224	.1306053	.2991708	0
796.15	0	.569536	.1312827	.2991813	0
795.15	0	.5688408	.1319712	.2991881	0
794.15	0	.568138	.1326712	.2991908	0
793.15	0	.5674271	.1333834	.2991894	0
792.15	0	.5667078	.1341085	.2991838	0
791.15	0	.5659793	.134847	.2991737	0
790.15	0	.5652414	.1355998	.2991588	0
789.15	0	.5644932	.1363676	.2991392	0
788.15	0	.5637342	.1371514	.2991144	0
787.15	0	.5629636	.1379522	.2990843	0
786.15	0	.5621806	.1387708	.2990486	0
785.15	0	.5613844	.1396087	.2990069	0
784.15	0	.5605741	.140467	.298959	0
783.15	0	.5597485	.1413471	.2989044	0
782.15	0	.5589064	.1422507	.2988429	0
781.15	0	.5580466	.1431796	.2987739	0
780.15	0	.5571675	.1441357	.2986969	0
779.15	0	.5562674	.1451213	.2986113	0
778.15	0	.5553445	.146139	.2985166	0
777.15	0	.5543964	.1471918	.2984118	0
776.15	0	.5534207	.148283	.2982963	0
775.15	0	.5524143	.1494167	.298169	0
774.15	0	.5509291	.1511687	.2979022	0
773.15	0	.5489935	.1535056	.2975008	0
772.15	0	.5472084	.1556561	.2971354	0
771.15	0	.5455511	.1576486	.2968002	0
770.15	0	.544004	.1595051	.2964909	0
769.15	0	.5425528	.1612432	.296204	0
768.15	0	.5411862	.1628772	.2959366	0
767.15	0	.5398949	.1644187	.2956864	0
766.15	0	.5386709	.1658775	.2954515	0
765.15	0	.5375077	.167262	.2952304	0
764.15	0	.5363994	.1685791	.2950215	0
763.15	0	.5353414	.1698349	.2948237	0
762.15	0	.5343293	.1710346	.2946361	0
761.15	0	.5333595	.1721829	.2944576	0
760.15	0	.5324286	.1732838	.2942876	0
759.15	0	.5315339	.1743408	.2941254	0
758.15	0	.5306726	.1753571	.2939703	0
757.15	0	.5298426	.1763356	.2938217	0
756.15	0	.5290418	.1772788	.2936793	0
755.15	0	.5282683	.1781891	.2935426	0
754.15	0	.5275204	.1790684	.2934112	0
753.15	0	.5267966	.1799187	.2932846	0
752.15	0	.5260956	.1807418	.2931627	0
751.15	0	.5254159	.181539	.2930451	0
750.15	0	.5247565	.182312	.2929315	0
749.15	0	.5241162	.1830621	.2928217	0
748.15	0	.5234941	.1837904	.2927155	0
747.15	0	.5228893	.1844981	.2926126	0
746.15	0	.5223009	.1851862	.2925129	0
745.15	0	.5217281	.1858557	.2924162	0
744.15	0	.5211702	.1865074	.2923224	0
743.15	0	.5206265	.1871424	.2922312	0
742.15	0	.5200963	.1877612	.2921425	0
741.15	0	.5195791	.1883646	.2920563	0
740.15	0	.5190743	.1889534	.2919723	0
739.15	0	.5185813	.1895281	.2918905	0
738.15	0	.5180998	.1900894	.2918108	0
737.15	0	.5176292	.1906378	.291733	0
736.15	0	.517169	.1911739	.2916571	0
735.15	0	.5167189	.1916981	.291583	0
734.15	0	.5162786	.1922109	.2915105	0
733.15	0	.5158475	.1927128	.2914397	0
732.15	0	.5154254	.1932042	.2913704	0
731.15	0	.5150119	.1936855	.2913026	0
730.15	0	.5146068	.194157	.2912363	0
729.15	0	.5142097	.1946191	.2911712	0
728.15	0	.5138203	.1950722	.2911075	0
727.15	0	.5134385	.1955166	.291045	0
726.15	0	.5130638	.1959525	.2909836	0
725.15	0	.5126962	.1963804	.2909234	0
724.15	0	.5123353	.1968004	.2908643	0
723.15	0	.511981	.1972128	.2908063	0
722.15	0	.5116329	.1976178	.2907492	0
721.15	0	.5112911	.1980158	.2906931	0
720.15	0	.5109551	.198407	.2906379	0
719.15	0	.5106249	.1987915	.2905836	0
718.15	0	.5103003	.1991695	.2905302	0
717.15	0	.5099811	.1995413	.2904775	0
716.15	0	.5096672	.1999071	.2904257	0
715.15	0	.5093583	.2002671	.2903746	0
714.15	0	.5090544	.2006213	.2903242	0
713.15	0	.5087553	.2009701	.2902746	0
712.15	0	.5084609	.2013135	.2902256	0
711.15	0	.508171	.2016517	.2901772	0
710.15	0	.5078856	.2019849	.2901295	0
709.15	0	.5076044	.2023132	.2900824	0
708.15	0	.5073274	.2026367	.2900358	0
707.15	0	.5070545	.2029556	.2899899	0
706.15	0	.5067855	.20327	.2899444	0
705.15	0	.5065204	.2035801	.2898995	0
704.15	0	.5062591	.2038859	.2898551	0
703.15	0	.5060014	.2041875	.2898111	0
702.15	0	.5057473	.2044851	.2897676	0
701.15	0	.5054966	.2047788	.2897246	0
700.15	0	.5052494	.2050687	.289682	0
699.15	0	.5050054	.2053548	.2896398	0
698.15	0	.5047647	.2056373	.289598	0
697.15	0	.5045271	.2059163	.2895566	0
696.15	0	.5042926	.2061918	.2895156	0
695.15	0	.5040611	.206464	.2894749	0
694.15	0	.5038325	.2067329	.2894346	0
693.15	0	.5036067	.2069986	.2893947	0
692.15	0	.5033838	.2072612	.289355	0
691.15	0	.5031636	.2075207	.2893157	0
690.15	0	.5029461	.2077773	.2892766	0
689.15	0	.5027312	.2080309	.2892379	0
688.15	0	.5025188	.2082818	.2891995	0
687.15	0	.5023089	.2085298	.2891613	0
686.15	0	.5021015	.2087752	.2891234	0
685.15	0	.5018964	.2090179	.2890857	0
684.15	0	.5016937	.209258	.2890483	0
683.15	0	.5014933	.2094956	.2890111	0
682.15	0	.5012951	.2097308	.2889742	0
681.15	0	.501099	.2099635	.2889374	0
680.15	0	.5009052	.2101939	.2889009	0
679.15	0	.5007134	.2104219	.2888646	0
678.15	0	.5005237	.2106477	.2888286	0
677.15	0	.500336	.2108713	.2887926	0
676.15	0	.5001503	.2110927	.2887569	0
675.15	0	.4999665	.2113121	.2887214	0
674.15	0	.4997847	.2115293	.288686	0
673.15	0	.4996046	.2117445	.2886509	0
672.15	0	.4994264	.2119577	.2886158	0
671.15	0	.49925	.212169	.288581	0
670.15	0	.4990754	.2123784	.2885463	0
669.15	0	.4989024	.2125859	.2885117	0
668.15	0	.4987312	.2127915	.2884773	0
667.15	0	.4985616	.2129954	.288443	0
666.15	0	.4983936	.2131975	.2884088	0
665.15	0	.4982273	.2133979	.2883748	0
664.15	0	.4980625	.2135966	.2883409	0
663.15	0	.4978992	.2137936	.2883072	0
662.15	0	.4977375	.2139891	.2882735	0
661.15	0	.4975772	.2141829	.2882399	0
660.15	0	.4974184	.2143751	.2882065	0
659.15	0	.497261	.2145658	.2881732	0
658.15	0	.497105	.214755	.2881399	0
657.15	0	.4969504	.2149428	.2881068	0
656.15	0	.4967972	.215129	.2880738	0
655.15	0	.4966453	.2153139	.2880408	0
654.15	0	.4964947	.2154973	.288008	0
653.15	0	.4963454	.2156794	.2879752	0
652.15	0	.4961974	.2158601	.2879425	0
651.15	0	.4960506	.2160395	.2879099	0
650.15	0	.495905	.2162176	.2878774	0
649.15	0	.4957607	.2163944	.2878449	0
648.15	0	.4956175	.21657	.2878125	0
647.15	0	.4954755	.2167443	.2877802	0
646.15	0	.4953347	.2169174	.2877479	0
645.15	0	.495195	.2170893	.2877158	0
644.15	0	.4950564	.21726	.2876836	0
643.15	0	.4949189	.2174296	.2876516	0
642.15	0	.4947824	.217598	.2876196	0
641.15	0	.4946471	.2177653	.2875876	0
640.15	0	.4945127	.2179316	.2875557	0
639.15	0	.4943794	.2180967	.2875239	0
638.15	0	.4942472	.2182608	.2874921	0
637.15	0	.4941159	.2184238	.2874603	0
636.15	0	.4939856	.2185858	.2874287	0
635.15	0	.4938562	.2187467	.287397	0
634.15	0	.4937279	.2189067	.2873654	0
633.15	0	.4936005	.2190657	.2873338	0
632.15	0	.493474	.2192238	.2873023	0
631.15	0	.4933484	.2193808	.2872708	0
630.15	0	.4932237	.219537	.2872394	0
629.15	0	.4930999	.2196922	.2872079	0
628.15	0	.492977	.2198465	.2871766	0
627.15	0	.4928549	.2199999	.2871452	0
626.15	0	.4927337	.2201524	.2871139	0
625.15	0	.4926133	.2203041	.2870826	0
624.15	0	.4924938	.2204549	.2870514	0
623.15	0	.492375	.2206048	.2870201	0
622.15	0	.4922571	.2207539	.286989	0
621.15	0	.49214	.2209022	.2869578	0
620.15	0	.4920237	.2210497	.2869267	0
619.15	0	.4919081	.2211964	.2868955	0
618.15	0	.4917933	.2213422	.2868644	0
617.15	0	.4916793	.2214873	.2868334	0
616.15	0	.491566	.2216317	.2868023	0
615.15	0	.4914534	.2217753	.2867713	0
614.15	0	.4913416	.2219181	.2867403	0
613.15	0	.4912305	.2220602	.2867093	0
612.15	0	.49112	.2222016	.2866784	0
611.15	0	.4910103	.2223422	.2866474	0
610.15	0	.4909013	.2224822	.2866165	0
609.15	0	.490793	.2226214	.2865856	0
608.15	0	.4906853	.22276	.2865547	0
607.15	0	.4905783	.2228979	.2865239	0
606.15	0	.4904719	.2230351	.286493	0
605.15	0	.4903663	.2231716	.2864622	0
604.15	0	.4902612	.2233075	.2864313	0
603.15	0	.4901568	.2234427	.2864005	0
602.15	0	.490053	.2235773	.2863697	0
601.15	0	.4899498	.2237112	.286339	0
600.15	0	.4898473	.2238446	.2863082	0
599.15	0	.4897453	.2239773	.2862774	0
598.15	0	.4896439	.2241094	.2862467	0
597.15	0	.4895432	.2242409	.286216	0
596.15	0	.489443	.2243718	.2861852	0
595.15	0	.4893434	.2245021	.2861545	0
594.15	0	.4892444	.2246318	.2861239	0
593.15	0	.4891459	.2247609	.2860932	0
592.15	0	.489048	.2248895	.2860625	0
591.15	0	.4889507	.2250175	.2860318	0
590.15	0	.4888539	.2251449	.2860012	0
589.15	0	.4887576	.2252718	.2859706	0
588.15	0	.4886619	.2253982	.2859399	0
587.15	0	.4885667	.225524	.2859093	0
586.15	0	.488472	.2256493	.2858787	0
585.15	0	.4883779	.225774	.2858481	0
584.15	0	.4882843	.2258982	.2858175	0
583.15	0	.4881912	.2260219	.285787	0
582.15	0	.4880986	.2261451	.2857564	0
581.15	0	.4880064	.2262677	.2857258	0
580.15	0	.4879148	.2263899	.2856953	0
579.15	0	.4878237	.2265115	.2856648	0
578.15	0	.4877331	.2266327	.2856342	0
577.15	0	.4876429	.2267534	.2856037	0
576.15	0	.4875532	.2268736	.2855732	0
575.15	0	.487464	.2269933	.2855427	0
574.15	0	.4873753	.2271125	.2855122	0
573.15	0	.487287	.2272313	.2854817	0
572.15	0	.4871992	.2273496	.2854513	0
571.15	0	.4871118	.2274674	.2854208	0
570.15	0	.4870249	.2275847	.2853904	0
569.15	0	.4869384	.2277016	.2853599	0
568.15	0	.4868524	.2278181	.2853295	0
567.15	0	.4867668	.2279341	.2852991	0
566.15	0	.4866817	.2280497	.2852687	0
565.15	0	.4865969	.2281648	.2852383	0
564.15	0	.4865126	.2282795	.2852079	0
563.15	0	.4864288	.2283937	.2851775	0
562.15	0	.4863453	.2285075	.2851472	0
561.15	0	.4862623	.2286209	.2851168	0
560.15	0	.4861797	.2287339	.2850865	0
559.15	0	.4860975	.2288464	.2850561	0
558.15	0	.4860157	.2289585	.2850258	0
557.15	0	.4859343	.2290702	.2849955	0
556.15	0	.4858532	.2291815	.2849652	0
555.15	0	.4857726	.2292924	.2849349	0
554.15	0	.4856924	.2294029	.2849047	0
553.15	0	.4856126	.229513	.2848744	0
552.15	0	.4855333	.2296226	.2848441	0
551.15	0	.4854542	.2297319	.2848139	0
550.15	0	.4853756	.2298408	.2847836	0
549.15	0	.4852973	.2299493	.2847534	0
548.15	0	.4852194	.2300574	.2847233	0
547.15	0	.4851418	.2301651	.2846931	0
546.15	0	.4850646	.2302724	.2846629	0
545.15	0	.4849878	.2303794	.2846328	0
544.15	0	.4849114	.230486	.2846027	0
543.15	0	.4848353	.2305921	.2845725	0
542.15	0	.4847596	.230698	.2845425	0
541.15	0	.4846842	.2308034	.2845124	0
540.15	0	.4846092	.2309085	.2844823	0
539.15	0	.4845346	.2310132	.2844523	0
538.15	0	.4844603	.2311175	.2844222	0
537.15	0	.4843863	.2312215	.2843922	0
536.15	0	.4843127	.2313251	.2843622	0
535.15	0	.4842394	.2314283	.2843323	0
534.15	0	.4841665	.2315312	.2843023	0
533.15	0	.4840939	.2316337	.2842724	0
532.15	0	.4840216	.2317359	.2842424	0
531.15	0	.4839497	.2318378	.2842126	0
530.15	0	.4838781	.2319392	.2841827	0
529.15	0	.4838069	.2320403	.2841528	0
528.15	0	.4837359	.2321411	.284123	0
527.15	0	.4836653	.2322415	.2840932	0
526.15	0	.483595	.2323416	.2840634	0
525.15	0	.4835251	.2324414	.2840336	0
524.15	0	.4834554	.2325408	.2840038	0
523.15	0	.4833861	.2326398	.2839741	0
522.15	0	.4833171	.2327385	.2839444	0
521.15	0	.4832484	.2328369	.2839147	0
520.15	0	.48318	.232935	.2838851	0
519.15	0	.4831119	.2330327	.2838554	0
518.15	0	.4830441	.23313	.2838258	0
517.15	0	.4829767	.2332271	.2837962	0
516.15	0	.4829095	.2333238	.2837667	0
515.15	0	.4828427	.2334202	.2837372	0
514.15	0	.4827761	.2335162	.2837077	0
513.15	0	.4827099	.233612	.2836782	0
512.15	0	.4826439	.2337074	.2836487	0
511.15	0	.4825782	.2338025	.2836193	0
510.15	0	.4825129	.2338972	.2835899	0
509.15	0	.4824478	.2339917	.2835605	0
508.15	0	.482383	.2340858	.2835312	0
507.15	0	.4823186	.2341796	.2835019	0
506.15	0	.4822544	.234273	.2834726	0
505.15	0	.4821905	.2343662	.2834434	0
504.15	0	.4821268	.234459	.2834141	0
503.15	0	.4820635	.2345516	.283385	0
502.15	0	.4820004	.2346438	.2833558	0
501.15	0	.4819377	.2347357	.2833267	0
500.15	0	.4818752	.2348272	.2832976	0
499.15	0	.481813	.2349185	.2832685	0
498.15	0	.481751	.2350095	.2832395	0
497.15	0	.4816894	.2351001	.2832105	0
496.15	0	.481628	.2351904	.2831815	0
495.15	0	.4815669	.2352805	.2831526	0
494.15	0	.4815061	.2353702	.2831237	0
493.15	0	.4814455	.2354596	.2830949	0
492.15	0	.4813852	.2355487	.2830661	0
491.15	0	.4813252	.2356375	.2830373	0
490.15	0	.4812655	.235726	.2830085	0
489.15	0	.481206	.2358142	.2829798	0
488.15	0	.4811468	.2359021	.2829512	0
487.15	0	.4810878	.2359897	.2829225	0
486.15	0	.4810291	.2360769	.282894	0
485.15	0	.4809707	.2361639	.2828654	0
484.15	0	.4809125	.2362506	.2828369	0
483.15	0	.4808546	.236337	.2828084	0
482.15	0	.480797	.236423	.28278	0
481.15	0	.4807396	.2365088	.2827516	0
480.15	0	.4806825	.2365943	.2827233	0
479.15	0	.4806256	.2366794	.282695	0
478.15	0	.480569	.2367643	.2826667	0
477.15	0	.4805126	.2368489	.2826385	0
476.15	0	.4804565	.2369332	.2826103	0
475.15	0	.4804007	.2370171	.2825822	0
474.15	0	.4803451	.2371008	.2825541	0
473.15	0	.4802897	.2371842	.2825261	0
472.15	0	.4802346	.2372673	.2824981	0
471.15	0	.4801798	.2373501	.2824701	0
470.15	0	.4801252	.2374326	.2824422	0
469.15	0	.4800708	.2375148	.2824144	0
468.15	0	.4800167	.2375967	.2823866	0
467.15	0	.4799628	.2376784	.2823588	0
466.15	0	.4799092	.2377597	.2823311	0
465.15	0	.4798559	.2378407	.2823034	0
464.15	0	.4798027	.2379215	.2822758	0
463.15	0	.4797498	.2380019	.2822483	0
462.15	0	.4796972	.2380821	.2822208	0
461.15	0	.4796448	.2381619	.2821933	0
460.15	0	.4795926	.2382415	.2821659	0
459.15	0	.4795407	.2383208	.2821385	0
458.15	0	.479489	.2383998	.2821112	0
457.15	0	.4794376	.2384785	.282084	0
456.15	0	.4793863	.2385569	.2820568	0
455.15	0	.4793354	.238635	.2820296	0
454.15	0	.4792846	.2387129	.2820025	0
453.15	0	.4792341	.2387904	.2819755	0
452.15	0	.4791838	.2388676	.2819485	0
451.15	0	.4791338	.2389446	.2819216	0
450.15	0	.479084	.2390213	.2818947	0
449.15	0	.4790345	.2390976	.2818679	0
448.15	0	.4789852	.2391736	.2818412	0
447.15	0	.4789361	.2392494	.2818145	0
446.15	0	.4788873	.2393248	.2817879	0
445.15	0	.4788387	.2393999	.2817614	0
444.15	0	.4787903	.2394747	.2817349	0
443.15	0	.4787422	.2395493	.2817085	0
442.15	0	.4786944	.2396234	.2816822	0
441.15	0	.4786468	.2396973	.2816559	0
440.15	0	.4785995	.2397708	.2816297	0
439.15	0	.4785524	.239844	.2816036	0
438.15	0	.4785055	.2399169	.2815776	0
437.15	0	.478459	.2399894	.2815516	0
436.15	0	.4784127	.2400616	.2815258	0
435.15	0	.4783666	.2401334	.2815	0
434.15	0	.4783208	.2402049	.2814743	0
433.15	0	.4782753	.2402761	.2814486	0
432.15	0	.47823	.2403469	.2814231	0
431.15	0	.478185	.2404173	.2813977	0
430.15	0	.4781403	.2404874	.2813723	0
429.15	0	.4780958	.2405572	.281347	0
428.15	0	.4780516	.2406266	.2813219	0
427.15	0	.4780076	.2406956	.2812968	0
426.15	0	.477964	.2407643	.2812718	0
425.15	0	.4779205	.2408326	.2812469	0
424.15	0	.4778774	.2409005	.2812221	0
423.15	0	.4778345	.2409681	.2811974	0
422.15	0	.4777919	.2410353	.2811728	0
421.15	0	.4777496	.2411021	.2811483	0
420.15	0	.4777075	.2411686	.2811239	0
419.15	0	.4776657	.2412347	.2810996	0
418.15	0	.4776242	.2413005	.2810754	0
417.15	0	.4775829	.2413658	.2810513	0
416.15	0	.4775419	.2414309	.2810273	0
415.15	0	.4775011	.2414955	.2810034	0
414.15	0	.4774607	.2415598	.2809796	0
413.15	0	.4774205	.2416237	.2809559	0
412.15	0	.4773805	.2416872	.2809323	0
411.15	0	.4773408	.2417504	.2809088	0
410.15	0	.4773014	.2418132	.2808854	0
409.15	0	.4772622	.2418756	.2808621	0
408.15	0	.4772234	.2419377	.2808389	0
407.15	0	.4771847	.2419994	.2808159	0
406.15	0	.4771463	.2420608	.2807929	0
405.15	0	.4771082	.2421218	.28077	0
404.15	0	.4770703	.2421824	.2807473	0
403.15	0	.4770327	.2422427	.2807246	0
402.15	0	.4769954	.2423026	.2807021	0
401.15	0	.4769583	.2423621	.2806796	0
400.15	0	.4769214	.2424213	.2806573	0
399.15	0	.4768848	.2424801	.2806351	0
398.15	0	.4768484	.2425386	.280613	0
397.15	0	.4768123	.2425967	.280591	0
396.15	0	.4767765	.2426545	.280569	0
395.15	0	.4767409	.2427119	.2805472	0
394.15	0	.4767055	.242769	.2805255	0
393.15	0	.4766704	.2428257	.280504	0
392.15	0	.4766355	.242882	.2804825	0
391.15	0	.4766008	.2429381	.2804611	0
390.15	0	.4765664	.2429938	.2804398	0
389.15	0	.4765322	.2430491	.2804187	0
388.15	0	.4764983	.2431041	.2803976	0
