T	 BPW(LIQUID)	BPW(BCC_A2)	BPW(FCC_A1)	BPW(LAVES_PHASE_C14)	BPW(NI3TI)
1473.15	.5181708	.4210553	0	.06077384	0
1472.15	.5106355	.4260943	0	.06327014	0
1471.15	.5032385	.4310367	0	.06572477	0
1470.15	.495976	.4358851	0	.06813888	0
1469.15	.4888445	.4406419	0	.07051356	0
1468.15	.4818405	.4453096	0	.07284989	0
1467.15	.4749607	.4498904	0	.0751489	0
1466.15	.4682019	.4543865	0	.07741158	0
1465.15	.4615609	.4588002	0	.07963889	0
1464.15	.4550348	.4631335	0	.08183176	0
1463.15	.4486206	.4673883	0	.08399108	0
1462.15	.4423156	.4715667	0	.08611773	0
1461.15	.4361169	.4756706	0	.08821255	0
1460.15	.430022	.4797016	0	.09027633	0
1459.15	.4240283	.4836618	0	.09230988	0
1458.15	.4181334	.4875526	0	.09431394	0
1457.15	.4123348	.4913759	0	.09628926	0
1456.15	.4066303	.4951332	0	.09823654	0
1455.15	.4010175	.498826	0	.1001565	0
1454.15	.3954944	.5024559	0	.1020497	0
1453.15	.3900587	.5060244	0	.1039169	0
1452.15	.3847085	.5095328	0	.1057587	0
1451.15	.3794417	.5129825	0	.1075757	0
1450.15	.3742565	.5163749	0	.1093686	0
1449.15	.369151	.5197113	0	.1111377	0
1448.15	.3641233	.522993	0	.1128838	0
1447.15	.3591717	.5262211	0	.1146073	0
1446.15	.3542944	.5293968	0	.1163088	0
1445.15	.3494899	.5325214	0	.1179887	0
1444.15	.3447565	.5355958	0	.1196476	0
1443.15	.3400927	.5386213	0	.121286	0
1442.15	.3354969	.5415989	0	.1229043	0
1441.15	.3309676	.5445296	0	.1245029	0
1440.15	.3265034	.5474144	0	.1260823	0
1439.15	.3221029	.5502542	0	.1276429	0
1438.15	.3177647	.5530501	0	.1291851	0
1437.15	.3134876	.555803	0	.1307094	0
1436.15	.3092702	.5585137	0	.1322161	0
1435.15	.3051113	.5611831	0	.1337056	0
1434.15	.3010097	.5638121	0	.1351782	0
1433.15	.2969641	.5664015	0	.1366344	0
1432.15	.2929735	.5689521	0	.1380744	0
1431.15	.2890367	.5714647	0	.1394986	0
1430.15	.2851526	.5739401	0	.1409074	0
1429.15	.2813201	.5763789	0	.142301	0
1428.15	.2775382	.578782	0	.1436797	0
1427.15	.273806	.5811501	0	.145044	0
1426.15	.2701223	.5834837	0	.146394	0
1425.15	.2664863	.5857836	0	.1477301	0
1424.15	.262897	.5880505	0	.1490525	0
1423.15	.2593535	.590285	0	.1503615	0
1422.15	.2558549	.5924877	0	.1516574	0
1421.15	.2524004	.5946592	0	.1529404	0
1420.15	.2489891	.5968001	0	.1542108	0
1419.15	.2456201	.5989111	0	.1554688	0
1418.15	.2422927	.6009925	0	.1567147	0
1417.15	.2390062	.6030451	0	.1579488	0
1416.15	.2357596	.6050693	0	.1591711	0
1415.15	.2325523	.6070657	0	.160382	0
1414.15	.2293835	.6090348	0	.1615817	0
1413.15	.2262526	.610977	0	.1627704	0
1412.15	.2231588	.6128929	0	.1639483	0
1411.15	.2201015	.614783	0	.1651155	0
1410.15	.2170799	.6166477	0	.1662724	0
1409.15	.2140935	.6184874	0	.1674191	0
1408.15	.2111416	.6203027	0	.1685557	0
1407.15	.2082237	.6220939	0	.1696825	0
1406.15	.205339	.6238615	0	.1707996	0
1405.15	.2024869	.6256058	0	.1719072	0
1404.15	.1996671	.6273274	0	.1730055	0
1403.15	.1968787	.6290266	0	.1740947	0
1402.15	.1941214	.6307037	0	.1751749	0
1401.15	.1913946	.6323592	0	.1762462	0
1400.15	.1886977	.6339935	0	.1773089	0
1399.15	.1860302	.6356068	0	.178363	0
1398.15	.1833917	.6371996	0	.1794088	0
1397.15	.1807815	.6387722	0	.1804463	0
1396.15	.1781994	.6403249	0	.1814757	0
1395.15	.1756447	.6418581	0	.1824972	0
1394.15	.173117	.6433721	0	.1835109	0
1393.15	.1706159	.6448673	0	.1845169	0
1392.15	.1681409	.6463438	0	.1855153	0
1391.15	.1656915	.6478021	0	.1865064	0
1390.15	.1632675	.6492425	0	.1874901	0
1389.15	.1608683	.6506651	0	.1884666	0
1388.15	.1584935	.6520704	0	.1894361	0
1387.15	.1561428	.6534586	0	.1903986	0
1386.15	.1538157	.6548299	0	.1913543	0
1385.15	.151512	.6561848	0	.1923033	0
1384.15	.1492311	.6575233	0	.1932457	0
1383.15	.1469727	.6588458	0	.1941815	0
1382.15	.1447366	.6601525	0	.195111	0
1381.15	.1425222	.6614437	0	.1960342	0
1380.15	.1403293	.6627196	0	.1969511	0
1379.15	.1381576	.6639804	0	.197862	0
1378.15	.1360067	.6652265	0	.1987668	0
1377.15	.1338763	.6664579	0	.1996658	0
1376.15	.1317661	.667675	0	.2005589	0
1375.15	.1296757	.668878	0	.2014463	0
1374.15	.1276049	.6700671	0	.2023281	0
1373.15	.1255533	.6712424	0	.2032043	0
1372.15	.1235207	.6724043	0	.204075	0
1371.15	.1215068	.6735529	0	.2049403	0
1370.15	.1195113	.6746884	0	.2058004	0
1369.15	.1175338	.675811	0	.2066552	0
1368.15	.1155743	.6769208	0	.2075049	0
1367.15	.1136323	.6780182	0	.2083495	0
1366.15	.1117076	.6791033	0	.2091891	0
1365.15	.1098	.6801762	0	.2100238	0
1364.15	.1079092	.6812372	0	.2108536	0
1363.15	.106035	.6822863	0	.2116787	0
1362.15	.104177	.6833239	0	.212499	0
1361.15	.1023352	.68435	0	.2133148	0
1360.15	.1005092	.6853649	0	.2141259	0
1359.15	.09869886	.6863686	0	.2149325	0
1358.15	.09690389	.6873614	0	.2157347	0
1357.15	.09512409	.6883434	0	.2165325	0
1356.15	.09335925	.6893147	0	.217326	0
1355.15	.09160915	.6902756	0	.2181153	0
1354.15	.08987358	.6912261	0	.2189003	0
1353.15	.08815235	.6921665	0	.2196812	0
1352.15	.08644523	.6930967	0	.220458	0
1351.15	.08475205	.6940171	0	.2212308	0
1350.15	.0830726	.6949278	0	.2219997	0
1349.15	.08140669	.6958287	0	.2227646	0
1348.15	.07975414	.6967203	0	.2235256	0
1347.15	.07811475	.6976024	0	.2242829	0
1346.15	.07648835	.6984753	0	.2250364	0
1345.15	.07487476	.6993391	0	.2257861	0
1344.15	.07327381	.7001939	0	.2265322	0
1343.15	.07168531	.7010399	0	.2272748	0
1342.15	.0701091	.7018772	0	.2280137	0
1341.15	.06854502	.7027058	0	.2287492	0
1340.15	.0669929	.703526	0	.2294811	0
1339.15	.06545258	.7043377	0	.2302097	0
1338.15	.0639239	.7051412	0	.2309349	0
1337.15	.0624067	.7059366	0	.2316567	0
1336.15	.06090084	.7067239	0	.2323753	0
1335.15	.05940615	.7075032	0	.2330906	0
1334.15	.0579225	.7082748	0	.2338027	0
1333.15	.05644974	.7090386	0	.2345117	0
1332.15	.05498772	.7097948	0	.2352175	0
1331.15	.05353631	.7105435	0	.2359202	0
1330.15	.05209536	.7112847	0	.2366199	0
1329.15	.05066473	.7120187	0	.2373166	0
1328.15	.0492443	.7127454	0	.2380103	0
1327.15	.04783393	.713465	0	.2387011	0
1326.15	.0464335	.7141775	0	.239389	0
1325.15	.04504286	.7148831	0	.240074	0
1324.15	.0436619	.7155819	0	.2407562	0
1323.15	.0422905	.7162738	0	.2414357	0
1322.15	.04092853	.7169592	0	.2421123	0
1321.15	.03957586	.7176379	0	.2427863	0
1320.15	.03823239	.7183101	0	.2434575	0
1319.15	.036898	.7189759	0	.2441261	0
1318.15	.03557256	.7196354	0	.2447921	0
1317.15	.03425598	.7202886	0	.2454555	0
1316.15	.03294813	.7209356	0	.2461163	0
1315.15	.03164891	.7215765	0	.2467746	0
1314.15	.03035821	.7222115	0	.2474304	0
1313.15	.02907592	.7228404	0	.2480837	0
1312.15	.02780194	.7234635	0	.2487345	0
1311.15	.02653617	.7240808	0	.249383	0
1310.15	.0252785	.7246925	0	.2500291	0
1309.15	.02402883	.7252984	0	.2506728	0
1308.15	.02278708	.7258988	0	.2513142	0
1307.15	.02155312	.7264937	0	.2519532	0
1306.15	.02032689	.7270831	0	.25259	0
1305.15	.01910827	.7276672	0	.2532246	0
1304.646	.01849698	.7279595	0	.2535435	0
1304.646	.01849698	.7279595	0	.2535435	0
1304.646	.01849698	.7279595	0	.2535435	0
1304.15	.01519306	.7266909	.003988625	.2541274	0
1303.15	.008538695	.7241746	.01199069	.255296	0
1302.15	.001892451	.721713	.01994128	.2564533	0
1301.865	0	.7210215	.02219753	.256781	0
1301.865	0	.7210215	.02219753	.256781	0
1301.15	0	.7200541	.02285376	.2570921	0
1300.15	0	.7187045	.02376935	.2575262	0
1299.15	0	.7173586	.02468244	.257959	0
1298.15	0	.7160164	.02559302	.2583906	0
1297.15	0	.714678	.02650111	.2588209	0
1296.15	0	.7133432	.0274067	.2592501	0
1295.15	0	.7120122	.02830981	.259678	0
1294.15	0	.7106848	.02921045	.2601048	0
1293.15	0	.7093611	.0301086	.2605303	0
1292.15	0	.7080411	.03100429	.2609547	0
1291.15	0	.7067247	.03189751	.2613778	0
1290.15	0	.7054119	.03278828	.2617998	0
1289.15	0	.7041028	.03367659	.2622206	0
1288.15	0	.7027974	.03456245	.2626402	0
1287.15	0	.7014955	.03544587	.2630586	0
1286.15	0	.7001972	.03632685	.2634759	0
1285.15	0	.6989026	.03720539	.263892	0
1284.15	0	.6976115	.03808151	.264307	0
1283.15	0	.696324	.03895519	.2647208	0
1282.15	0	.6950401	.03982646	.2651334	0
1281.15	0	.6937597	.04069532	.265545	0
1280.15	0	.6924829	.04156177	.2659553	0
1279.15	0	.6912096	.04242581	.2663646	0
1278.15	0	.6899399	.04328745	.2667727	0
1277.15	0	.6886737	.04414669	.2671797	0
1276.15	0	.6874109	.04500354	.2675855	0
1275.15	0	.6861517	.045858	.2679903	0
1274.15	0	.684896	.04671008	.2683939	0
1273.15	0	.6836438	.04755979	.2687964	0
1272.15	0	.682395	.04840711	.2691979	0
1271.15	0	.6811497	.04925207	.2695982	0
1270.15	0	.6799079	.05009467	.2699974	0
1269.15	0	.6786695	.0509349	.2703956	0
1268.15	0	.6774346	.05177278	.2707926	0
1267.15	0	.6762031	.0526083	.2711886	0
1266.15	0	.674975	.05344147	.2715835	0
1265.15	0	.6737504	.0542723	.2719773	0
1264.15	0	.6725291	.05510079	.2723701	0
1263.15	0	.6713113	.05592695	.2727618	0
1262.15	0	.6700969	.05675077	.2731524	0
1261.15	0	.6688858	.05757226	.2735419	0
1260.15	0	.6676781	.05839143	.2739305	0
1259.15	0	.6664738	.05920828	.2743179	0
1258.15	0	.6652728	.06002282	.2747044	0
1257.15	0	.6640752	.06083504	.2750897	0
1256.15	0	.662881	.06164495	.2754741	0
1255.15	0	.66169	.06245256	.2758574	0
1254.15	0	.6605024	.06325786	.2762397	0
1253.15	0	.6593182	.06406087	.276621	0
1252.15	0	.6581372	.06486158	.2770012	0
1251.15	0	.6569596	.06566001	.2773804	0
1250.15	0	.6557852	.06645614	.2777586	0
1249.15	0	.6546142	.06725	.2781359	0
1248.15	0	.6534464	.06804157	.2785121	0
1247.15	0	.6522819	.06883087	.2788873	0
1246.15	0	.6511207	.06961789	.2792615	0
1245.15	0	.6499627	.07040264	.2796346	0
1244.15	0	.648808	.07118513	.2800069	0
1243.15	0	.6476565	.07196536	.2803781	0
1242.15	0	.6465083	.07274332	.2807483	0
1241.15	0	.6453634	.07351903	.2811176	0
1240.15	0	.6442216	.07429249	.2814859	0
1239.15	0	.6430831	.0750637	.2818532	0
1238.15	0	.6419478	.07583266	.2822196	0
1237.15	0	.6408157	.07659937	.282585	0
1236.15	0	.6396868	.07736385	.2829494	0
1235.15	0	.6385611	.07812609	.2833128	0
1234.15	0	.6374386	.07888609	.2836754	0
1233.15	0	.6363192	.07964386	.2840369	0
1232.15	0	.6352031	.08039941	.2843975	0
1231.15	0	.6340901	.08115272	.2847572	0
1230.15	0	.6329802	.08190382	.2851159	0
1229.15	0	.6318736	.08265269	.2854737	0
1228.15	0	.63077	.08339935	.2858306	0
1227.15	0	.6296697	.08414379	.2861865	0
1226.15	0	.6285724	.08488602	.2865416	0
1225.15	0	.6274783	.08562605	.2868956	0
1224.15	0	.6263873	.08636386	.2872488	0
1223.15	0	.6252995	.08709947	.2876011	0
1222.15	0	.6242147	.08783288	.2879524	0
1221.15	0	.6231331	.08856409	.2883028	0
1220.15	0	.6220546	.08929311	.2886523	0
1219.15	0	.6209791	.09001993	.289001	0
1218.15	0	.6199068	.09074456	.2893487	0
1217.15	0	.6188375	.091467	.2896955	0
1216.15	0	.6177713	.09218725	.2900414	0
1215.15	0	.6167082	.09290532	.2903865	0
1214.15	0	.6156482	.09362121	.2907306	0
1213.15	0	.6145912	.09433492	.2910739	0
1212.15	0	.6135373	.09504645	.2914163	0
1211.15	0	.6124864	.09575581	.2917578	0
1210.15	0	.6114386	.09646299	.2920984	0
1209.15	0	.6103938	.097168	.2924382	0
1208.15	0	.6093521	.09787084	.2927771	0
1207.15	0	.6083134	.09857152	.2931151	0
1206.15	0	.6072777	.09927003	.2934523	0
1205.15	0	.606245	.09996638	.2937886	0
1204.15	0	.6052154	.1006606	.2941241	0
1203.15	0	.6041888	.1013526	.2944586	0
1202.15	0	.6031651	.1020425	.2947924	0
1201.15	0	.6021445	.1027302	.2951253	0
1200.15	0	.6011269	.1034158	.2954574	0
1199.15	0	.6001123	.1040992	.2957886	0
1198.15	0	.5991006	.1047804	.296119	0
1197.15	0	.598092	.1054595	.2964485	0
1196.15	0	.5970863	.1061365	.2967772	0
1195.15	0	.5960836	.1068113	.2971051	0
1194.15	0	.5950838	.107484	.2974322	0
1193.15	0	.5940871	.1081546	.2977584	0
1192.15	0	.5930933	.108823	.2980838	0
1191.15	0	.5921024	.1094892	.2984084	0
1190.15	0	.5911145	.1101533	.2987322	0
1189.15	0	.5901295	.1108153	.2990551	0
1188.15	0	.5891475	.1114752	.2993773	0
1187.15	0	.5881685	.1121329	.2996986	0
1186.15	0	.5871923	.1127885	.3000192	0
1185.15	0	.5862191	.113442	.3003389	0
1184.15	0	.5852489	.1140933	.3006578	0
1183.15	0	.5842815	.1147425	.300976	0
1182.15	0	.5833171	.1153896	.3012933	0
1181.15	0	.5823556	.1160346	.3016099	0
1180.15	0	.581397	.1166774	.3019256	0
1179.15	0	.5804413	.1173181	.3022406	0
1178.15	0	.5794885	.1179567	.3025548	0
1177.15	0	.5785386	.1185932	.3028682	0
1176.15	0	.5775916	.1192275	.3031809	0
1175.15	0	.5766475	.1198598	.3034927	0
1174.15	0	.5757063	.1204899	.3038038	0
1173.15	0	.574768	.1211179	.3041141	0
1172.15	0	.5738326	.1217437	.3044237	0
1171.15	0	.5729	.1223675	.3047325	0
1170.15	0	.5719704	.1229892	.3050405	0
1169.15	0	.5710436	.1236087	.3053477	0
1168.15	0	.5701196	.1242261	.3056542	0
1167.15	0	.5691986	.1248415	.30596	0
1166.15	0	.5682804	.1254547	.3062649	0
1165.15	0	.5673651	.1260658	.3065692	0
1164.15	0	.5664526	.1266748	.3068727	0
1163.15	0	.565543	.1272816	.3071754	0
1162.15	0	.5646362	.1278864	.3074774	0
1161.15	0	.5637323	.1284891	.3077786	0
1160.15	0	.5628312	.1290896	.3080792	0
1159.15	0	.561933	.1296881	.3083789	0
1158.15	0	.5610376	.1302844	.308678	0
1157.15	0	.5601451	.1308787	.3089763	0
1156.15	0	.5592554	.1314708	.3092738	0
1155.15	0	.5583685	.1320608	.3095707	0
1154.15	0	.5574844	.1326488	.3098668	0
1153.15	0	.5566032	.1332346	.3101622	0
1152.15	0	.5557248	.1338183	.3104569	0
1151.15	0	.5548493	.1343999	.3107508	0
1150.15	0	.5539765	.1349794	.3110441	0
1149.15	0	.5531066	.1355568	.3113366	0
1148.15	0	.5522395	.1361321	.3116284	0
1147.15	0	.5513752	.1367053	.3119195	0
1146.15	0	.5505137	.1372764	.3122099	0
1145.15	0	.5496551	.1378454	.3124995	0
1144.15	0	.5487992	.1384123	.3127885	0
1143.15	0	.5479462	.1389771	.3130768	0
1142.15	0	.5470959	.1395398	.3133643	0
1141.15	0	.5462485	.1401004	.3136512	0
1140.15	0	.5454038	.1406588	.3139374	0
1139.15	0	.544562	.1412152	.3142228	0
1138.15	0	.5437229	.1417695	.3145076	0
1137.15	0	.5428867	.1423216	.3147917	0
1136.15	0	.5420532	.1428717	.3150751	0
1135.15	0	.5412225	.1434196	.3153578	0
1134.15	0	.5403946	.1439655	.3156398	0
1133.15	0	.5395696	.1445092	.3159212	0
1132.15	0	.5387473	.1450509	.3162019	0
1131.15	0	.5379277	.1455904	.3164818	0
1130.15	0	.537111	.1461278	.3167612	0
1129.15	0	.5362971	.1466632	.3170398	0
1128.15	0	.5354859	.1471964	.3173177	0
1127.15	0	.5346775	.1477275	.317595	0
1126.15	0	.5338719	.1482565	.3178716	0
1125.15	0	.5330691	.1487834	.3181476	0
1124.15	0	.532269	.1493082	.3184229	0
1123.15	0	.5314717	.1498308	.3186975	0
1122.15	0	.5306772	.1503514	.3189714	0
1121.15	0	.5298855	.1508698	.3192447	0
1120.15	0	.5290965	.1513862	.3195173	0
1119.15	0	.5283103	.1519004	.3197893	0
1118.15	0	.5275269	.1524125	.3200606	0
1117.15	0	.5267463	.1529225	.3203313	0
1116.15	0	.5259684	.1534304	.3206013	0
1115.15	0	.5251933	.1539361	.3208706	0
1114.15	0	.5244209	.1544398	.3211393	0
1113.15	0	.5236514	.1549413	.3214074	0
1112.15	0	.5228846	.1554407	.3216748	0
1111.15	0	.5221205	.155938	.3219415	0
1110.15	0	.5213592	.1564331	.3222076	0
1109.15	0	.5206007	.1569262	.3224731	0
1108.15	0	.519845	.1574171	.322738	0
1107.15	0	.519092	.1579059	.3230021	0
1106.15	0	.5183418	.1583925	.3232657	0
1105.15	0	.5175943	.1588771	.3235286	0
1104.15	0	.5168496	.1593595	.3237909	0
1103.15	0	.5161077	.1598398	.3240525	0
1102.15	0	.5153685	.1603179	.3243136	0
1101.15	0	.5146321	.1607939	.324574	0
1100.15	0	.5138985	.1612678	.3248337	0
1099.15	0	.5131676	.1617395	.3250929	0
1098.15	0	.5124395	.1622091	.3253514	0
1097.15	0	.5117142	.1626766	.3256092	0
1096.15	0	.5109916	.1631419	.3258665	0
1095.15	0	.5102718	.1636051	.3261231	0
1094.15	0	.5095547	.1640662	.3263791	0
1093.15	0	.5088404	.1645251	.3266345	0
1092.15	0	.5081289	.1649818	.3268893	0
1091.15	0	.5074201	.1654364	.3271435	0
1090.15	0	.5067141	.1658889	.327397	0
1089.15	0	.5060109	.1663392	.3276499	0
1088.15	0	.5053104	.1667874	.3279022	0
1087.15	0	.5046127	.1672334	.3281539	0
1086.15	0	.5039178	.1676772	.328405	0
1085.15	0	.5032256	.1681189	.3286555	0
1084.15	0	.5025362	.1685584	.3289054	0
1083.15	0	.5018496	.1689958	.3291546	0
1082.15	0	.5011657	.169431	.3294033	0
1081.15	0	.5004846	.169864	.3296514	0
1080.15	0	.4998063	.1702949	.3298988	0
1079.15	0	.4991307	.1707236	.3301456	0
1078.15	0	.498458	.1711502	.3303919	0
1077.15	0	.497788	.1715745	.3306375	0
1076.15	0	.4971208	.1719967	.3308825	0
1075.15	0	.4964563	.1724167	.331127	0
1074.15	0	.4957947	.1728345	.3313708	0
1073.15	0	.4951358	.1732502	.3316141	0
1072.15	0	.4944796	.1736637	.3318567	0
1071.15	0	.4938263	.1740749	.3320988	0
1070.15	0	.4931758	.174484	.3323402	0
1069.15	0	.492528	.1748909	.3325811	0
1068.15	0	.491883	.1752956	.3328213	0
1067.15	0	.4912408	.1756982	.333061	0
1066.15	0	.4906014	.1760985	.3333001	0
1065.15	0	.4899648	.1764966	.3335386	0
1064.15	0	.489331	.1768925	.3337765	0
1063.15	0	.4887	.1772863	.3340138	0
1062.15	0	.4880717	.1776778	.3342505	0
1061.15	0	.4874463	.1780671	.3344866	0
1060.15	0	.4868236	.1784542	.3347222	0
1059.15	0	.4862038	.1788391	.3349571	0
1058.15	0	.4855867	.1792218	.3351915	0
1057.15	0	.4849725	.1796022	.3354253	0
1056.15	0	.484361	.1799805	.3356585	0
1055.15	0	.4837524	.1803565	.3358911	0
1054.15	0	.4831466	.1807303	.3361232	0
1053.15	0	.4825436	.1811018	.3363546	0
1052.15	0	.4819433	.1814712	.3365855	0
1051.15	0	.4813459	.1818383	.3368158	0
1050.15	0	.4807514	.1822032	.3370455	0
1049.15	0	.4801596	.1825658	.3372746	0
1048.15	0	.4795706	.1829262	.3375032	0
1047.15	0	.4789845	.1832844	.3377311	0
1046.15	0	.4784012	.1836403	.3379585	0
1045.15	0	.4778207	.1839939	.3381853	0
1044.15	0	.4772431	.1843454	.3384116	0
1043.15	0	.4766683	.1846945	.3386372	0
1042.15	0	.4760963	.1850415	.3388623	0
1041.15	0	.4755271	.1853861	.3390868	0
1040.15	0	.4749608	.1857285	.3393107	0
1039.15	0	.4743973	.1860687	.339534	0
1038.15	0	.4738367	.1864066	.3397568	0
1037.15	0	.4732789	.1867422	.339979	0
1036.15	0	.4727239	.1870755	.3402006	0
1035.15	0	.4721718	.1874066	.3404216	0
1034.15	0	.4716226	.1877354	.3406421	0
1033.15	0	.4710761	.1880619	.3408619	0
1032.15	0	.4705326	.1883862	.3410812	0
1031.15	0	.4699919	.1887081	.3413	0
1030.15	0	.4694541	.1890278	.3415181	0
1029.15	0	.4689191	.1893452	.3417357	0
1028.15	0	.468387	.1896603	.3419527	0
1027.15	0	.4678578	.1899732	.3421691	0
1026.15	0	.4673314	.1902837	.3423849	0
1025.15	0	.4668079	.1905919	.3426002	0
1024.15	0	.4662873	.1908979	.3428149	0
1023.15	0	.4657695	.1912015	.343029	0
1022.15	0	.4652547	.1915028	.3432425	0
1021.15	0	.4647427	.1918019	.3434554	0
1020.15	0	.4642336	.1920986	.3436678	0
1019.15	0	.4637274	.192393	.3438796	0
1018.15	0	.4632241	.1926851	.3440908	0
1017.15	0	.4627237	.1929749	.3443015	0
1016.15	0	.4622261	.1932624	.3445115	0
1015.15	0	.4617315	.1935475	.344721	0
1014.15	0	.4612398	.1938303	.3449299	0
1013.15	0	.4607509	.1941109	.3451382	0
1012.15	0	.460265	.194389	.345346	0
1011.15	0	.459782	.1946649	.3455531	0
1010.15	0	.4593019	.1949384	.3457597	0
1009.15	0	.4588247	.1952096	.3459657	0
1008.15	0	.4583504	.1954785	.3461711	0
1007.15	0	.4578791	.195745	.3463759	0
1006.15	0	.4574107	.1960092	.3465801	0
1005.15	0	.4569451	.1962711	.3467838	0
1004.15	0	.4564826	.1965306	.3469868	0
1003.15	0	.4560229	.1967878	.3471893	0
1002.15	0	.4555662	.1970426	.3473912	0
1001.15	0	.4551124	.1972951	.3475925	0
1000.15	0	.4546615	.1975453	.3477932	0
999.15	0	.4542136	.1977931	.3479933	0
998.15	0	.4537686	.1980386	.3481928	0
997.15	0	.4533266	.1982817	.3483918	0
996.15	0	.4528875	.1985224	.3485901	0
995.15	0	.4524513	.1987608	.3487878	0
994.15	0	.4520181	.1989969	.348985	0
993.15	0	.4515879	.1992306	.3491815	0
992.15	0	.4511606	.199462	.3493774	0
991.15	0	.4507363	.199691	.3495728	0
990.15	0	.4503149	.1999176	.3497675	0
989.15	0	.4498964	.2001419	.3499617	0
988.15	0	.449481	.2003638	.3501552	0
987.15	0	.4490685	.2005834	.3503482	0
986.15	0	.4486589	.2008006	.3505405	0
985.15	0	.4482523	.2010155	.3507322	0
984.15	0	.4478487	.201228	.3509233	0
983.15	0	.4474481	.2014381	.3511138	0
982.15	0	.4470504	.2016459	.3513037	0
981.15	0	.4466557	.2018514	.3514929	0
980.15	0	.446264	.2020545	.3516816	0
979.15	0	.4458752	.2022552	.3518696	0
978.15	0	.4454894	.2024536	.352057	0
977.15	0	.4451066	.2026496	.3522438	0
976.15	0	.4447268	.2028433	.3524299	0
975.15	0	.4443499	.2030346	.3526154	0
974.15	0	.4439761	.2032236	.3528003	0
973.15	0	.4436052	.2034102	.3529846	0
972.15	0	.4432372	.2035945	.3531682	0
971.15	0	.4428723	.2037765	.3533512	0
970.15	0	.4425103	.2039561	.3535336	0
969.15	0	.4421513	.2041334	.3537153	0
968.15	0	.4417953	.2043083	.3538964	0
967.15	0	.4414423	.2044809	.3540768	0
966.15	0	.4410922	.2046512	.3542566	0
965.15	0	.4407451	.2048192	.3544357	0
964.15	0	.440401	.2049848	.3546142	0
963.15	0	.4400599	.2051481	.354792	0
962.15	0	.4397217	.2053091	.3549692	0
961.15	0	.4393865	.2054678	.3551457	0
960.15	0	.4390543	.2056242	.3553215	0
959.15	0	.4387251	.2057783	.3554967	0
958.15	0	.4383988	.20593	.3556712	0
957.15	0	.4380754	.2060795	.355845	0
956.15	0	.4377551	.2062268	.3560182	0
955.15	0	.4374377	.2063717	.3561906	0
954.15	0	.4371232	.2065143	.3563624	0
953.15	0	.4368118	.2066547	.3565335	0
952.15	0	.4365032	.2067929	.3567039	0
951.15	0	.4361976	.2069287	.3568736	0
950.15	0	.435895	.2070624	.3570427	0
949.15	0	.4355953	.2071938	.357211	0
948.15	0	.4352985	.2073229	.3573786	0
947.15	0	.4350047	.2074498	.3575455	0
946.15	0	.4347138	.2075746	.3577117	0
945.15	0	.4344258	.2076971	.3578771	0
944.15	0	.4341407	.2078174	.3580419	0
943.15	0	.4338585	.2079356	.3582059	0
942.15	0	.4335793	.2080515	.3583692	0
941.15	0	.4333029	.2081653	.3585318	0
940.15	0	.4330294	.208277	.3586936	0
939.15	0	.4327589	.2083865	.3588547	0
938.15	0	.4324911	.2084939	.359015	0
937.15	0	.4322263	.2085991	.3591746	0
936.15	0	.4319643	.2087023	.3593334	0
935.15	0	.4317052	.2088033	.3594915	0
934.15	0	.4314489	.2089023	.3596488	0
933.15	0	.4311955	.2089993	.3598053	0
932.15	0	.4309448	.2090942	.359961	0
931.15	0	.430697	.209187	.360116	0
930.15	0	.430452	.2092778	.3602702	0
929.15	0	.4302098	.2093667	.3604235	0
928.15	0	.4299704	.2094535	.3605761	0
927.15	0	.4297337	.2095384	.3607279	0
926.15	0	.4294998	.2096213	.3608788	0
925.15	0	.4292687	.2097024	.361029	0
924.15	0	.4290402	.2097815	.3611783	0
923.15	0	.4288145	.2098587	.3613268	0
922.15	0	.4285915	.209934	.3614745	0
921.15	0	.4283712	.2100075	.3616213	0
920.15	0	.4281536	.2100792	.3617672	0
919.15	0	.4279386	.2101491	.3619123	0
918.15	0	.4277262	.2102172	.3620566	0
917.15	0	.4275165	.2102836	.3622	0
916.15	0	.4273094	.2103482	.3623424	0
915.15	0	.4271048	.2104111	.3624841	0
914.15	0	.4269029	.2104724	.3626248	0
913.15	0	.4267034	.210532	.3627646	0
912.15	0	.4265065	.21059	.3629035	0
911.15	0	.4263121	.2106464	.3630415	0
910.15	0	.4261202	.2107012	.3631785	0
909.15	0	.4259308	.2107545	.3633147	0
908.15	0	.4257438	.2108064	.3634499	0
907.15	0	.4255592	.2108567	.3635841	0
906.15	0	.425377	.2109057	.3637174	0
905.15	0	.4251971	.2109532	.3638497	0
904.15	0	.4250196	.2109994	.363981	0
903.15	0	.4248444	.2110442	.3641114	0
902.15	0	.4246714	.2110878	.3642407	0
901.15	0	.4245007	.2111302	.3643691	0
900.15	0	.4243323	.2111713	.3644964	0
899.15	0	.424166	.2112113	.3646227	0
898.15	0	.4240019	.2112501	.364748	0
897.15	0	.4238399	.2112879	.3648722	0
896.15	0	.42368	.2113247	.3649953	0
895.15	0	.4235221	.2113605	.3651174	0
894.15	0	.4233663	.2113953	.3652384	0
893.15	0	.4232124	.2114293	.3653583	0
892.15	0	.4230604	.2114625	.3654771	0
891.15	0	.4229104	.2114948	.3655948	0
890.15	0	.4227622	.2115265	.3657113	0
889.15	0	.4226159	.2115574	.3658267	0
888.15	0	.4224713	.2115878	.365941	0
887.15	0	.4223284	.2116176	.366054	0
886.15	0	.4221872	.2116469	.3661659	0
885.15	0	.4220477	.2116758	.3662766	0
884.15	0	.4219097	.2117043	.366386	0
883.15	0	.4217732	.2117325	.3664943	0
882.15	0	.4216383	.2117605	.3666012	0
881.15	0	.4215047	.2117883	.3667069	0
880.15	0	.4213726	.2118161	.3668114	0
879.15	0	.4212417	.2118438	.3669145	0
878.15	0	.4211121	.2118716	.3670163	0
877.15	0	.4209837	.2118995	.3671168	0
876.15	0	.4208564	.2119277	.3672159	0
875.15	0	.4207302	.2119561	.3673137	0
874.15	0	.420605	.211985	.36741	0
873.15	0	.4204807	.2120144	.367505	0
872.15	0	.4203572	.2120443	.3675985	0
871.15	0	.4202345	.2120749	.3676906	0
870.15	0	.4201126	.2121062	.3677812	0
869.15	0	.4199913	.2121385	.3678702	0
868.15	0	.4198705	.2121717	.3679578	0
867.15	0	.4197501	.2122061	.3680438	0
866.15	0	.4196302	.2122416	.3681282	0
865.15	0	.4195105	.2122784	.3682111	0
864.15	0	.419391	.2123167	.3682923	0
863.15	0	.4192717	.2123565	.3683718	0
862.15	0	.4191523	.2123981	.3684497	0
861.15	0	.4190327	.2124415	.3685258	0
860.15	0	.418913	.2124868	.3686002	0
859.15	0	.418793	.2125343	.3686728	0
858.15	0	.4186725	.212584	.3687436	0
857.15	0	.4185514	.2126361	.3688125	0
856.15	0	.4184296	.2126909	.3688795	0
855.15	0	.418307	.2127484	.3689446	0
854.15	0	.4181834	.2128089	.3690077	0
853.15	0	.4180588	.2128725	.3690688	0
852.15	0	.4179328	.2129394	.3691278	0
851.15	0	.4178055	.2130098	.3691847	0
850.15	0	.4176766	.213084	.3692395	0
849.15	0	.4175459	.2131621	.369292	0
848.15	0	.4174133	.2132445	.3693422	0
847.15	0	.4172786	.2133313	.3693901	0
846.15	0	.4171415	.2134228	.3694357	0
845.15	0	.417002	.2135193	.3694787	0
844.15	0	.4168597	.2136211	.3695192	0
843.15	0	.4167144	.2137285	.3695572	0
842.15	0	.4165659	.2138418	.3695924	0
841.15	0	.4164139	.2139613	.3696248	0
840.15	0	.4162581	.2140875	.3696545	0
839.15	0	.4160982	.2142207	.3696811	0
838.15	0	.415934	.2143613	.3697047	0
837.15	0	.415765	.2145099	.3697251	0
836.15	0	.415591	.2146668	.3697423	0
835.15	0	.4154114	.2148326	.369756	0
834.15	0	.415226	.2150079	.3697662	0
833.15	0	.4150342	.2151932	.3697727	0
832.15	0	.4148355	.2153892	.3697753	0
831.15	0	.4146295	.2155966	.3697739	0
830.15	0	.4144155	.2158163	.3697683	0
829.15	0	.4141929	.2160489	.3697582	0
828.15	0	.4139609	.2162956	.3697435	0
827.15	0	.4137189	.2165572	.3697239	0
826.15	0	.413466	.216835	.369699	0
825.15	0	.4131595	.2171829	.3696576	0
824.15	0	.4124715	.2180171	.3695114	0
823.15	0	.4118441	.2187793	.3693766	0
822.15	0	.4112703	.219478	.3692517	0
821.15	0	.4107442	.2201203	.3691355	0
820.15	0	.4102609	.2207122	.3690269	0
819.15	0	.4098161	.2212588	.3689251	0
818.15	0	.4094064	.2217643	.3688293	0
817.15	0	.4090285	.2222326	.368739	0
816.15	0	.4086796	.2226669	.3686535	0
815.15	0	.4083575	.2230701	.3685724	0
814.15	0	.4080598	.2234448	.3684953	0
813.15	0	.4077848	.2237933	.3684219	0
812.15	0	.4075306	.2241175	.3683519	0
811.15	0	.4072957	.2244194	.3682849	0
810.15	0	.4070788	.2247005	.3682207	0
809.15	0	.4068786	.2249624	.3681591	0
808.15	0	.4066938	.2252064	.3680998	0
807.15	0	.4065234	.2254338	.3680428	0
806.15	0	.4063666	.2256456	.3679878	0
805.15	0	.4062223	.225843	.3679348	0
804.15	0	.4060897	.2260268	.3678835	0
803.15	0	.4059682	.226198	.3678338	0
802.15	0	.4058569	.2263574	.3677857	0
801.15	0	.4057554	.2265057	.367739	0
800.15	0	.4056628	.2266436	.3676936	0
799.15	0	.4055788	.2267717	.3676495	0
798.15	0	.4055027	.2268907	.3676066	0
797.15	0	.4054341	.2270012	.3675647	0
796.15	0	.4053726	.2271036	.3675239	0
795.15	0	.4053176	.2271984	.367484	0
794.15	0	.4052689	.227286	.3674451	0
793.15	0	.405226	.227367	.367407	0
792.15	0	.4051886	.2274417	.3673697	0
791.15	0	.4051564	.2275105	.3673331	0
790.15	0	.405129	.2275736	.3672973	0
789.15	0	.4051063	.2276316	.3672622	0
788.15	0	.4050878	.2276846	.3672276	0
787.15	0	.4050733	.227733	.3671937	0
786.15	0	.4050627	.2277769	.3671604	0
785.15	0	.4050557	.2278168	.3671275	0
784.15	0	.405052	.2278528	.3670952	0
783.15	0	.4050515	.2278852	.3670633	0
782.15	0	.4050539	.2279142	.3670319	0
781.15	0	.4050592	.2279399	.3670009	0
780.15	0	.4050671	.2279626	.3669704	0
779.15	0	.4050774	.2279824	.3669401	0
778.15	0	.4050901	.2279996	.3669103	0
777.15	0	.4051049	.2280143	.3668808	0
776.15	0	.4051218	.2280266	.3668516	0
775.15	0	.4051405	.2280368	.3668227	0
774.15	0	.4051611	.2280448	.3667941	0
773.15	0	.4051833	.2280509	.3667658	0
772.15	0	.405207	.2280552	.3667377	0
771.15	0	.4052323	.2280579	.3667099	0
770.15	0	.4052588	.2280589	.3666823	0
769.15	0	.4052866	.2280584	.3666549	0
768.15	0	.4053156	.2280566	.3666278	0
767.15	0	.4053457	.2280535	.3666008	0
766.15	0	.4053768	.2280492	.366574	0
765.15	0	.4054088	.2280438	.3665474	0
764.15	0	.4054417	.2280374	.3665209	0
763.15	0	.4054753	.2280301	.3664946	0
762.15	0	.4055097	.2280219	.3664684	0
761.15	0	.4055448	.2280128	.3664424	0
760.15	0	.4055804	.2280031	.3664165	0
759.15	0	.4056189	.2279909	.3663902	0
758.15	0	.4056555	.22798	.3663646	0
757.15	0	.4056924	.2279685	.3663391	0
756.15	0	.4057298	.2279565	.3663137	0
755.15	0	.4057676	.2279441	.3662884	0
754.15	0	.4058056	.2279313	.3662631	0
753.15	0	.405844	.227918	.366238	0
752.15	0	.4058826	.2279045	.3662129	0
751.15	0	.4059214	.2278907	.3661879	0
750.15	0	.4059603	.2278767	.366163	0
749.15	0	.4059994	.2278625	.3661381	0
748.15	0	.4060386	.2278481	.3661133	0
747.15	0	.4060779	.2278336	.3660885	0
746.15	0	.4061172	.227819	.3660638	0
745.15	0	.4061565	.2278043	.3660391	0
744.15	0	.4061958	.2277896	.3660145	0
743.15	0	.4062351	.227775	.3659899	0
742.15	0	.4062744	.2277603	.3659654	0
741.15	0	.4063135	.2277457	.3659409	0
740.15	0	.4063526	.2277311	.3659164	0
739.15	0	.4063915	.2277166	.3658919	0
738.15	0	.4064303	.2277023	.3658675	0
737.15	0	.4064689	.2276881	.365843	0
736.15	0	.4065074	.227674	.3658186	0
735.15	0	.4065456	.2276601	.3657942	0
734.15	0	.4065837	.2276464	.3657699	0
733.15	0	.4066216	.2276329	.3657455	0
732.15	0	.4066592	.2276197	.3657211	0
731.15	0	.4066966	.2276066	.3656968	0
730.15	0	.4067337	.2275938	.3656724	0
729.15	0	.4067706	.2275813	.3656481	0
728.15	0	.4068072	.2275691	.3656238	0
727.15	0	.4068435	.2275571	.3655994	0
726.15	0	.4068795	.2275455	.3655751	0
725.15	0	.4069152	.2275341	.3655507	0
724.15	0	.4069506	.2275231	.3655264	0
723.15	0	.4069856	.2275124	.365502	0
722.15	0	.4070204	.227502	.3654776	0
721.15	0	.4070548	.227492	.3654532	0
720.15	0	.4070889	.2274823	.3654289	0
719.15	0	.4071226	.227473	.3654044	0
718.15	0	.4071559	.227464	.36538	0
717.15	0	.407189	.2274555	.3653556	0
716.15	0	.4072216	.2274472	.3653312	0
715.15	0	.4072539	.2274394	.3653067	0
714.15	0	.4072858	.227432	.3652822	0
713.15	0	.4073173	.2274249	.3652577	0
712.15	0	.4073485	.2274183	.3652332	0
711.15	0	.4073793	.227412	.3652087	0
710.15	0	.4074097	.2274062	.3651841	0
709.15	0	.4074397	.2274007	.3651596	0
708.15	0	.4074694	.2273957	.365135	0
707.15	0	.4074986	.227391	.3651104	0
706.15	0	.4075275	.2273868	.3650857	0
705.15	0	.4075559	.227383	.3650611	0
704.15	0	.407584	.2273796	.3650364	0
703.15	0	.4076117	.2273766	.3650117	0
702.15	0	.407639	.2273741	.364987	0
701.15	0	.4076658	.227372	.3649622	0
700.15	0	.4076923	.2273703	.3649374	0
699.15	0	.4077184	.227369	.3649126	0
698.15	0	.4077441	.2273681	.3648878	0
697.15	0	.4077694	.2273677	.3648629	0
696.15	0	.4077943	.2273677	.364838	0
695.15	0	.4078188	.2273681	.3648131	0
694.15	0	.4078429	.2273689	.3647882	0
693.15	0	.4078666	.2273701	.3647632	0
692.15	0	.40789	.2273718	.3647382	0
691.15	0	.4079129	.2273739	.3647132	0
690.15	0	.4079354	.2273764	.3646881	0
689.15	0	.4079576	.2273794	.3646631	0
688.15	0	.4079793	.2273827	.364638	0
687.15	0	.4080007	.2273865	.3646128	0
686.15	0	.4080216	.2273907	.3645877	0
685.15	0	.4080422	.2273953	.3645625	0
684.15	0	.4080624	.2274004	.3645373	0
683.15	0	.4080822	.2274058	.364512	0
682.15	0	.4081016	.2274116	.3644867	0
681.15	0	.4081207	.2274179	.3644614	0
680.15	0	.4081393	.2274246	.3644361	0
679.15	0	.4081576	.2274317	.3644108	0
678.15	0	.4081755	.2274392	.3643854	0
677.15	0	.408193	.2274471	.3643599	0
676.15	0	.4082102	.2274554	.3643345	0
675.15	0	.4082269	.2274641	.364309	0
674.15	0	.4082433	.2274731	.3642835	0
673.15	0	.4082594	.2274826	.364258	0
672.15	0	.408275	.2274925	.3642324	0
671.15	0	.4082903	.2275028	.3642069	0
670.15	0	.4083053	.2275135	.3641812	0
669.15	0	.4083199	.2275245	.3641556	0
668.15	0	.4083341	.227536	.3641299	0
667.15	0	.408348	.2275478	.3641042	0
666.15	0	.4083615	.22756	.3640785	0
665.15	0	.4083747	.2275726	.3640528	0
664.15	0	.4083875	.2275855	.364027	0
663.15	0	.4084	.2275988	.3640012	0
662.15	0	.4084121	.2276125	.3639754	0
661.15	0	.4084239	.2276266	.3639495	0
660.15	0	.4084353	.227641	.3639237	0
659.15	0	.4084464	.2276558	.3638977	0
658.15	0	.4084572	.227671	.3638718	0
657.15	0	.4084676	.2276865	.3638459	0
656.15	0	.4084778	.2277024	.3638199	0
655.15	0	.4084875	.2277186	.3637939	0
654.15	0	.408497	.2277352	.3637679	0
653.15	0	.4085061	.2277521	.3637418	0
652.15	0	.4085149	.2277693	.3637157	0
651.15	0	.4085234	.227787	.3636896	0
650.15	0	.4085316	.2278049	.3636635	0
649.15	0	.4085395	.2278232	.3636374	0
648.15	0	.408547	.2278418	.3636112	0
647.15	0	.4085543	.2278607	.363585	0
646.15	0	.4085612	.22788	.3635588	0
645.15	0	.4085678	.2278996	.3635326	0
644.15	0	.4085741	.2279196	.3635063	0
643.15	0	.4085802	.2279398	.36348	0
642.15	0	.4085859	.2279604	.3634537	0
641.15	0	.4085913	.2279812	.3634274	0
640.15	0	.4085965	.2280024	.3634011	0
639.15	0	.4086013	.2280239	.3633747	0
638.15	0	.4086059	.2280457	.3633484	0
637.15	0	.4086102	.2280679	.363322	0
636.15	0	.4086142	.2280903	.3632956	0
635.15	0	.4086179	.228113	.3632691	0
634.15	0	.4086213	.228136	.3632427	0
633.15	0	.4086245	.2281593	.3632162	0
632.15	0	.4086274	.2281829	.3631897	0
631.15	0	.40863	.2282068	.3631632	0
630.15	0	.4086323	.2282309	.3631367	0
629.15	0	.4086344	.2282554	.3631102	0
628.15	0	.4086362	.2282801	.3630837	0
627.15	0	.4086378	.2283051	.3630571	0
626.15	0	.4086391	.2283304	.3630305	0
625.15	0	.4086401	.228356	.3630039	0
624.15	0	.4086409	.2283818	.3629773	0
623.15	0	.4086414	.2284079	.3629507	0
622.15	0	.4086417	.2284342	.3629241	0
621.15	0	.4086417	.2284608	.3628974	0
620.15	0	.4086415	.2284877	.3628708	0
619.15	0	.4086411	.2285148	.3628441	0
618.15	0	.4086404	.2285422	.3628174	0
617.15	0	.4086394	.2285698	.3627907	0
616.15	0	.4086383	.2285977	.362764	0
615.15	0	.4086368	.2286258	.3627373	0
614.15	0	.4086352	.2286542	.3627106	0
613.15	0	.4086333	.2286828	.3626839	0
612.15	0	.4086312	.2287116	.3626571	0
611.15	0	.4086289	.2287407	.3626304	0
610.15	0	.4086263	.22877	.3626036	0
609.15	0	.4086236	.2287996	.3625769	0
608.15	0	.4086206	.2288294	.3625501	0
607.15	0	.4086173	.2288593	.3625233	0
606.15	0	.4086139	.2288896	.3624966	0
605.15	0	.4086103	.22892	.3624698	0
604.15	0	.4086064	.2289507	.362443	0
603.15	0	.4086023	.2289815	.3624162	0
602.15	0	.408598	.2290126	.3623894	0
601.15	0	.4085936	.2290439	.3623626	0
600.15	0	.4085889	.2290754	.3623358	0
599.15	0	.408584	.2291071	.3623089	0
598.15	0	.4085789	.229139	.3622821	0
597.15	0	.4085736	.2291711	.3622553	0
596.15	0	.4085681	.2292034	.3622285	0
595.15	0	.4085624	.2292359	.3622017	0
594.15	0	.4085566	.2292686	.3621748	0
593.15	0	.4085505	.2293015	.362148	0
592.15	0	.4085443	.2293346	.3621212	0
591.15	0	.4085378	.2293678	.3620944	0
590.15	0	.4085312	.2294013	.3620676	0
589.15	0	.4085244	.2294349	.3620407	0
588.15	0	.4085174	.2294687	.3620139	0
587.15	0	.4085102	.2295027	.3619871	0
586.15	0	.4085029	.2295368	.3619603	0
585.15	0	.4084954	.2295712	.3619335	0
584.15	0	.4084877	.2296056	.3619067	0
583.15	0	.4084798	.2296403	.3618799	0
582.15	0	.4084718	.2296751	.3618531	0
581.15	0	.4084636	.2297101	.3618263	0
580.15	0	.4084552	.2297453	.3617995	0
579.15	0	.4084467	.2297806	.3617727	0
578.15	0	.408438	.2298161	.3617459	0
577.15	0	.4084291	.2298517	.3617192	0
576.15	0	.4084201	.2298875	.3616924	0
575.15	0	.4084109	.2299234	.3616657	0
574.15	0	.4084016	.2299595	.361639	0
573.15	0	.4083921	.2299957	.3616122	0
572.15	0	.4083825	.230032	.3615855	0
571.15	0	.4083727	.2300685	.3615588	0
570.15	0	.4083627	.2301052	.3615321	0
569.15	0	.4083526	.230142	.3615054	0
568.15	0	.4083424	.2301789	.3614787	0
567.15	0	.408332	.2302159	.3614521	0
566.15	0	.4083215	.2302531	.3614254	0
565.15	0	.4083108	.2302904	.3613988	0
564.15	0	.4083	.2303278	.3613721	0
563.15	0	.4082891	.2303654	.3613455	0
562.15	0	.408278	.2304031	.3613189	0
561.15	0	.4082668	.2304409	.3612923	0
560.15	0	.4082554	.2304788	.3612658	0
559.15	0	.4082439	.2305168	.3612392	0
558.15	0	.4082323	.230555	.3612127	0
557.15	0	.4082206	.2305932	.3611862	0
556.15	0	.4082087	.2306316	.3611597	0
555.15	0	.4081967	.2306701	.3611332	0
554.15	0	.4081846	.2307087	.3611067	0
553.15	0	.4081723	.2307474	.3610803	0
552.15	0	.40816	.2307862	.3610539	0
551.15	0	.4081475	.2308251	.3610275	0
550.15	0	.4081349	.2308641	.3610011	0
549.15	0	.4081221	.2309032	.3609747	0
548.15	0	.4081093	.2309424	.3609484	0
547.15	0	.4080963	.2309816	.360922	0
546.15	0	.4080833	.231021	.3608957	0
545.15	0	.4080701	.2310605	.3608695	0
544.15	0	.4080568	.2311	.3608432	0
543.15	0	.4080434	.2311397	.360817	0
542.15	0	.4080298	.2311794	.3607908	0
541.15	0	.4080162	.2312192	.3607646	0
540.15	0	.4080025	.2312591	.3607384	0
539.15	0	.4079887	.2312991	.3607123	0
538.15	0	.4079747	.2313391	.3606862	0
537.15	0	.4079607	.2313792	.3606601	0
536.15	0	.4079465	.2314194	.3606341	0
535.15	0	.4079323	.2314597	.3606081	0
534.15	0	.407918	.2315	.3605821	0
533.15	0	.4079035	.2315404	.3605561	0
532.15	0	.407889	.2315809	.3605302	0
531.15	0	.4078744	.2316214	.3605043	0
530.15	0	.4078596	.231662	.3604784	0
529.15	0	.4078448	.2317026	.3604525	0
528.15	0	.4078299	.2317434	.3604267	0
527.15	0	.4078149	.2317841	.3604009	0
526.15	0	.4077999	.231825	.3603752	0
525.15	0	.4077847	.2318659	.3603495	0
524.15	0	.4077694	.2319068	.3603238	0
523.15	0	.4077541	.2319478	.3602981	0
522.15	0	.4077387	.2319888	.3602725	0
521.15	0	.4077232	.2320299	.3602469	0
520.15	0	.4077076	.232071	.3602214	0
519.15	0	.4076919	.2321122	.3601959	0
518.15	0	.4076762	.2321534	.3601704	0
517.15	0	.4076604	.2321947	.3601449	0
516.15	0	.4076445	.232236	.3601195	0
515.15	0	.4076285	.2322773	.3600942	0
514.15	0	.4076124	.2323187	.3600688	0
513.15	0	.4075963	.2323601	.3600436	0
512.15	0	.4075801	.2324016	.3600183	0
511.15	0	.4075639	.2324431	.3599931	0
510.15	0	.4075475	.2324846	.3599679	0
509.15	0	.4075311	.2325261	.3599428	0
508.15	0	.4075146	.2325677	.3599177	0
507.15	0	.4074981	.2326093	.3598926	0
506.15	0	.4074815	.2326509	.3598676	0
505.15	0	.4074648	.2326925	.3598427	0
504.15	0	.4074481	.2327342	.3598177	0
503.15	0	.4074314	.2327759	.3597927	0
502.15	0	.4074145	.2328176	.3597679	0
501.15	0	.4073976	.2328593	.3597431	0
500.15	0	.4073806	.232901	.3597183	0
499.15	0	.4073636	.2329428	.3596936	0
498.15	0	.4073465	.2329846	.359669	0
497.15	0	.4073293	.2330264	.3596443	0
496.15	0	.4073121	.2330681	.3596198	0
495.15	0	.4072948	.2331099	.3595952	0
494.15	0	.4072775	.2331517	.3595708	0
493.15	0	.4072601	.2331936	.3595463	0
492.15	0	.4072427	.2332354	.3595219	0
491.15	0	.4072252	.2332772	.3594976	0
490.15	0	.4072076	.233319	.3594733	0
489.15	0	.4071901	.2333609	.3594491	0
488.15	0	.4071724	.2334027	.3594249	0
487.15	0	.4071547	.2334445	.3594008	0
486.15	0	.407137	.2334863	.3593767	0
485.15	0	.4071192	.2335281	.3593526	0
484.15	0	.4071014	.2335699	.3593287	0
483.15	0	.4070835	.2336117	.3593047	0
482.15	0	.4070656	.2336535	.3592808	0
481.15	0	.4070477	.2336953	.359257	0
480.15	0	.4070297	.2337371	.3592333	0
479.15	0	.4070116	.2337788	.3592095	0
478.15	0	.4069935	.2338206	.3591859	0
477.15	0	.4069754	.2338623	.3591623	0
476.15	0	.4069572	.2339041	.3591387	0
475.15	0	.4069391	.2339458	.3591152	0
474.15	0	.4069208	.2339874	.3590917	0
473.15	0	.4069025	.2340291	.3590684	0
472.15	0	.4068842	.2340707	.359045	0
471.15	0	.4068659	.2341124	.3590218	0
470.15	0	.4068475	.234154	.3589985	0
469.15	0	.4068291	.2341955	.3589754	0
468.15	0	.4068106	.2342371	.3589523	0
467.15	0	.4067922	.2342786	.3589292	0
466.15	0	.4067737	.2343201	.3589062	0
465.15	0	.4067551	.2343616	.3588833	0
464.15	0	.4067365	.234403	.3588605	0
463.15	0	.4067179	.2344444	.3588377	0
462.15	0	.4066993	.2344858	.3588149	0
461.15	0	.4066807	.2345271	.3587922	0
460.15	0	.406662	.2345684	.3587696	0
459.15	0	.4066433	.2346097	.3587471	0
458.15	0	.4066245	.2346509	.3587246	0
457.15	0	.4066058	.2346921	.3587021	0
456.15	0	.406587	.2347333	.3586798	0
455.15	0	.4065682	.2347744	.3586575	0
454.15	0	.4065493	.2348155	.3586352	0
453.15	0	.4065305	.2348565	.358613	0
452.15	0	.4065116	.2348975	.3585909	0
451.15	0	.4064927	.2349384	.3585689	0
450.15	0	.4064738	.2349793	.3585469	0
449.15	0	.4064549	.2350201	.358525	0
448.15	0	.406436	.2350609	.3585031	0
447.15	0	.406417	.2351016	.3584814	0
446.15	0	.406398	.2351423	.3584597	0
445.15	0	.4063791	.2351829	.358438	0
444.15	0	.4063601	.2352234	.3584165	0
443.15	0	.4063412	.2352638	.358395	0
442.15	0	.4063222	.2353042	.3583736	0
441.15	0	.4063032	.2353445	.3583523	0
440.15	0	.4062842	.2353848	.358331	0
439.15	0	.4062653	.2354249	.3583098	0
438.15	0	.4062463	.235465	.3582887	0
