T	 BPW(LIQUID)	BPW(BCC_A2)	BPW(FCC_A1)	BPW(LAVES_PHASE_C14)	BPW(NI3TI)
1473.15	0	.7237181	.2762819	0	0
1472.15	0	.7213781	.2786219	0	0
1471.15	0	.7190457	.2809543	0	0
1470.15	0	.716721	.283279	0	0
1469.15	0	.7144039	.2855961	0	0
1468.15	0	.7120944	.2879056	0	0
1467.15	0	.7097925	.2902075	0	0
1466.15	0	.7074982	.2925018	0	0
1465.15	0	.7052115	.2947885	0	0
1464.15	0	.7029324	.2970676	0	0
1463.15	0	.7006608	.2993392	0	0
1462.15	0	.6983968	.3016032	0	0
1461.15	0	.6961403	.3038597	0	0
1460.15	0	.6938914	.3061086	0	0
1459.15	0	.6916499	.3083501	0	0
1458.15	0	.689416	.310584	0	0
1457.15	0	.6871896	.3128105	0	0
1456.15	0	.6849706	.3150294	0	0
1455.15	0	.6827591	.3172409	0	0
1454.15	0	.6805551	.3194449	0	0
1453.15	0	.6783586	.3216414	0	0
1452.15	0	.6761695	.3238305	0	0
1451.15	0	.6739878	.3260122	0	0
1450.15	0	.6718136	.3281864	0	0
1449.15	0	.6696467	.3303533	0	0
1448.15	0	.6674873	.3325127	0	0
1447.15	0	.6653353	.3346647	0	0
1446.15	0	.6631907	.3368093	0	0
1445.15	0	.6610534	.3389466	0	0
1444.15	0	.6589235	.3410765	0	0
1443.15	0	.656801	.343199	0	0
1442.15	0	.6546858	.3453142	0	0
1441.15	0	.652578	.347422	0	0
1440.15	0	.6504775	.3495225	0	0
1439.15	0	.6483844	.3516156	0	0
1438.15	0	.6462985	.3537015	0	0
1437.15	0	.64422	.35578	0	0
1436.15	0	.6421488	.3578512	0	0
1435.15	0	.6400848	.3599152	0	0
1434.15	0	.6380282	.3619718	0	0
1433.15	0	.6359788	.3640212	0	0
1432.15	0	.6339367	.3660633	0	0
1431.15	0	.6319019	.3680981	0	0
1430.15	0	.6298743	.3701257	0	0
1429.15	0	.627854	.372146	0	0
1428.15	0	.6258409	.3741591	0	0
1427.15	0	.623835	.376165	0	0
1426.15	0	.6218364	.3781636	0	0
1425.15	0	.619845	.380155	0	0
1424.15	0	.6178608	.3821392	0	0
1423.15	0	.6158838	.3841162	0	0
1422.15	0	.613914	.386086	0	0
1421.15	0	.6119514	.3880486	0	0
1420.15	0	.609996	.390004	0	0
1419.15	0	.6080477	.3919523	0	0
1418.15	0	.6061067	.3938933	0	0
1417.15	0	.6041728	.3958272	0	0
1416.15	0	.6022461	.3977539	0	0
1415.15	0	.6003265	.3996735	0	0
1414.15	0	.5984141	.4015859	0	0
1413.15	0	.5965088	.4034912	0	0
1412.15	0	.5946107	.4053893	0	0
1411.15	0	.5927197	.4072803	0	0
1410.15	0	.5908358	.4091642	0	0
1409.15	0	.5889591	.4110409	0	0
1408.15	0	.5870895	.4129105	0	0
1407.15	0	.585227	.414773	0	0
1406.15	0	.5833716	.4166284	0	0
1405.15	0	.5815233	.4184767	0	0
1404.15	0	.5796821	.4203179	0	0
1403.15	0	.577848	.422152	0	0
1402.15	0	.576021	.423979	0	0
1401.15	0	.574201	.425799	0	0
1400.15	0	.5723882	.4276118	0	0
1399.15	0	.5705825	.4294175	0	0
1398.15	0	.5687838	.4312162	0	0
1397.15	0	.5669922	.4330078	0	0
1396.15	0	.5652076	.4347924	0	0
1395.15	0	.5634302	.4365698	0	0
1394.15	0	.5616598	.4383402	0	0
1393.15	0	.5598964	.4401036	0	0
1392.15	0	.5581401	.4418599	0	0
1391.15	0	.5563909	.4436091	0	0
1390.15	0	.5546487	.4453513	0	0
1389.15	0	.5529135	.4470865	0	0
1388.15	0	.5511855	.4488146	0	0
1387.15	0	.5494644	.4505356	0	0
1386.15	0	.5477504	.4522496	0	0
1385.15	0	.5460434	.4539566	0	0
1384.15	0	.5443434	.4556566	0	0
1383.15	0	.5426505	.4573495	0	0
1382.15	0	.5409646	.4590354	0	0
1381.15	0	.5392858	.4607142	0	0
1380.15	0	.5376139	.4623861	0	0
1379.15	0	.5359491	.4640509	0	0
1378.15	0	.5342913	.4657087	0	0
1377.15	0	.5326406	.4673594	0	0
1376.15	0	.5309968	.4690032	0	0
1375.15	0	.5293601	.4706399	0	0
1374.15	0	.5277304	.4722696	0	0
1373.15	0	.5261077	.4738923	0	0
1372.15	0	.524492	.475508	0	0
1371.15	0	.5228834	.4771166	0	0
1370.15	0	.5212817	.4787183	0	0
1369.15	0	.5196871	.4803129	0	0
1368.15	0	.5180995	.4819005	0	0
1367.15	0	.5165189	.4834811	0	0
1366.15	0	.5149453	.4850547	0	0
1365.15	0	.5133788	.4866212	0	0
1364.15	0	.5118192	.4881808	0	0
1363.15	0	.5102667	.4897333	0	0
1362.15	0	.5087212	.4912788	0	0
1361.15	0	.5071827	.4928173	0	0
1360.15	0	.5056512	.4943488	0	0
1359.15	0	.5041267	.4958733	0	0
1358.15	0	.5026093	.4973907	0	0
1357.15	0	.5010988	.4989012	0	0
1356.15	0	.4995954	.5004046	0	0
1355.15	0	.498099	.501901	0	0
1354.15	0	.4966097	.5033903	0	0
1353.15	0	.4951273	.5048727	0	0
1352.15	0	.493652	.506348	0	0
1351.15	0	.4921837	.5078163	0	0
1350.15	0	.4907224	.5092776	0	0
1349.15	0	.4892682	.5107318	0	0
1348.15	0	.487821	.512179	0	0
1347.15	0	.4863808	.5136192	0	0
1346.15	0	.4849477	.5150523	0	0
1345.15	0	.4835216	.5164784	0	0
1344.15	0	.4821026	.5178974	0	0
1343.15	0	.4806905	.5193095	0	0
1342.15	0	.4792856	.5207144	0	0
1341.15	0	.4778877	.5221123	0	0
1340.15	0	.4764968	.5235032	0	0
1339.15	0	.475113	.524887	0	0
1338.15	0	.4737363	.5262637	0	0
1337.15	0	.4723666	.5276334	0	0
1336.15	0	.471004	.528996	0	0
1335.15	0	.4696485	.5303515	0	0
1334.15	0	.4683	.5317	0	0
1333.15	0	.4669586	.5330414	0	0
1332.15	0	.4656243	.5343757	0	0
1331.15	0	.4642971	.5357029	0	0
1330.15	0	.462977	.537023	0	0
1329.15	0	.461664	.538336	0	0
1328.15	0	.460358	.539642	0	0
1327.15	0	.4590592	.5409408	0	0
1326.15	0	.4577675	.5422325	0	0
1325.15	0	.4564829	.5435171	0	0
1324.355	0	.4554661	.5445339	0	0
1324.355	0	.4554661	.5445339	0	0
1324.355	0	.4554661	.5445339	0	0
1324.15	0	.4548836	.5450083	1.080561E-04	0
1323.15	0	.4520426	.5473223	6.351443E-04	0
1322.15	0	.4492124	.5496273	.001160275	0
1321.15	0	.4463931	.5519234	.001683456	0
1320.15	0	.4435846	.5542107	.002204693	0
1319.15	0	.440787	.556489	.002723992	0
1318.15	0	.4380003	.5587583	.003241362	0
1317.15	0	.4352245	.5610187	.003756807	0
1316.15	0	.4324596	.56327	.004270335	0
1315.15	0	.4297056	.5655124	.004781952	0
1314.15	0	.4269626	.5677458	.005291665	0
1313.15	0	.4242305	.5699701	.00579948	0
1312.15	0	.4215093	.5721853	.006305403	0
1311.15	0	.418799	.5743915	.006809441	0
1310.15	0	.4160998	.5765886	.007311599	0
1309.15	0	.4134115	.5787766	.007811885	0
1308.15	0	.4107343	.5809554	.008310304	0
1307.15	0	.408068	.5831251	.008806863	0
1306.15	0	.4054128	.5852856	.009301567	0
1305.15	0	.4027686	.587437	.009794423	0
1304.15	0	.4001355	.5895791	.01028544	0
1303.15	0	.3975134	.591712	.01077462	0
1302.15	0	.3949025	.5938356	.01126196	0
1301.15	0	.3923026	.5959499	.01174749	0
1300.15	0	.3897138	.598055	.01223119	0
1299.15	0	.3871362	.6001507	.01271308	0
1298.15	0	.3845698	.6022371	.01319317	0
1297.15	0	.3820145	.6043141	.01367145	0
1296.15	0	.3794704	.6063817	.01414794	0
1295.15	0	.3769375	.6084399	.01462264	0
1294.15	0	.3744158	.6104886	.01509556	0
1293.15	0	.3719054	.6125279	.0155667	0
1292.15	0	.3694063	.6145577	.01603607	0
1291.15	0	.3669184	.616578	.01650366	0
1290.15	0	.3644418	.6185887	.0169695	0
1289.15	0	.3619766	.6205898	.01743358	0
1288.15	0	.3595227	.6225814	.01789592	0
1287.15	0	.3570802	.6245633	.0183565	0
1286.15	0	.3546491	.6265356	.01881535	0
1285.15	0	.3522294	.6284981	.01927246	0
1284.15	0	.3498212	.630451	.01972785	0
1283.15	0	.3474244	.6323941	.02018151	0
1282.15	0	.3450391	.6343275	.02063345	0
1281.15	0	.3426653	.6362511	.02108368	0
1280.15	0	.340303	.6381648	.0215322	0
1279.15	0	.3379523	.6400687	.02197902	0
1278.15	0	.3356132	.6419626	.02242414	0
1277.15	0	.3332858	.6438467	.02286757	0
1276.15	0	.3309699	.6457208	.02330931	0
1275.15	0	.3286658	.6475849	.02374937	0
1274.15	0	.3263733	.6494389	.02418775	0
1273.15	0	.3240926	.651283	.02462446	0
1272.15	0	.3218236	.6531169	.02505951	0
1271.15	0	.3195664	.6549407	.02549289	0
1270.15	0	.317321	.6567544	.02592461	0
1269.15	0	.3150875	.6585578	.02635468	0
1268.15	0	.3128658	.6603511	.0267831	0
1267.15	0	.3106561	.662134	.02720988	0
1266.15	0	.3084583	.6639067	.02763503	0
1265.15	0	.3062725	.665669	.02805853	0
1264.15	0	.3040986	.6674209	.02848041	0
1263.15	0	.3019369	.6691625	.02890067	0
1262.15	0	.2997871	.6708936	.02931931	0
1261.15	0	.2976495	.6726141	.02973633	0
1260.15	0	.2955241	.6743242	.03015174	0
1259.15	0	.2934108	.6760237	.03056555	0
1258.15	0	.2913097	.6777125	.03097776	0
1257.15	0	.2892209	.6793908	.03138837	0
1256.15	0	.2871443	.6810583	.03179739	0
1255.15	0	.2850801	.6827151	.03220482	0
1254.15	0	.2830282	.6843611	.03261067	0
1253.15	0	.2809888	.6859963	.03301494	0
1252.15	0	.2789617	.6876206	.03341763	0
1251.15	0	.2769472	.6892341	.03381876	0
1250.15	0	.2749451	.6908366	.03421832	0
1249.15	0	.2729556	.692428	.03461632	0
1248.15	0	.2709787	.6940085	.03501277	0
1247.15	0	.2690145	.6955778	.03540766	0
1246.15	0	.2670629	.6971361	.035801	0
1245.15	0	.2651241	.6986831	.03619281	0
1244.15	0	.263198	.700219	.03658307	0
1243.15	0	.2612847	.7017435	.0369718	0
1242.15	0	.2593842	.7032568	.03735899	0
1241.15	0	.2574967	.7047586	.03774466	0
1240.15	0	.2556221	.7062491	.03812881	0
1239.15	0	.2537605	.7077281	.03851143	0
1238.15	0	.2519119	.7091956	.03889255	0
1237.15	0	.2500764	.7106515	.03927215	0
1236.15	0	.248254	.7120958	.03965025	0
1235.15	0	.2464447	.7135284	.04002684	0
1234.15	0	.2446487	.7149493	.04040194	0
1233.15	0	.242866	.7163585	.04077554	0
1232.15	0	.2410966	.7177558	.04114765	0
1231.15	0	.2393405	.7191412	.04151828	0
1230.15	0	.2375978	.7205148	.04188743	0
1229.15	0	.2358686	.7218763	.04225509	0
1228.15	0	.2341529	.7232258	.04262129	0
1227.15	0	.2324508	.7245632	.04298601	0
1226.15	0	.2307623	.7258884	.04334926	0
1225.15	0	.2290875	.7272015	.04371105	0
1224.15	0	.2274263	.7285023	.04407139	0
1223.15	0	.225779	.7297907	.04443027	0
1222.15	0	.2241455	.7310668	.0447877	0
1221.15	0	.2225258	.7323305	.04514368	0
1220.15	0	.2209201	.7335817	.04549822	0
1219.15	0	.2193284	.7348203	.04585131	0
1218.15	0	.2177507	.7360463	.04620298	0
1217.15	0	.2161872	.7372596	.04655321	0
1216.15	0	.2146377	.7384602	.04690201	0
1215.15	0	.2131026	.7396481	.04724939	0
1214.15	0	.2115816	.740823	.04759535	0
1213.15	0	.210075	.7419851	.04793989	0
1212.15	0	.2085828	.7431342	.04828301	0
1211.15	0	.207105	.7442703	.04862473	0
1210.15	0	.2056417	.7453932	.04896504	0
1209.15	0	.204193	.746503	.04930395	0
1208.15	0	.2027589	.7475996	.04964146	0
1207.15	0	.2013395	.7486829	.04997758	0
1206.15	0	.1999348	.7497529	.05031231	0
1205.15	0	.198545	.7508094	.05064564	0
1204.15	0	.19717	.7518524	.0509776	0
1203.15	0	.1958099	.7528819	.05130817	0
1202.15	0	.1944648	.7538978	.05163737	0
1201.15	0	.1931348	.7549	.05196519	0
1200.15	0	.1918198	.7558885	.05229165	0
1199.15	0	.1905201	.7568632	.05261674	0
1198.15	0	.1892356	.757824	.05294047	0
1197.15	0	.1879664	.7587708	.05326284	0
1196.15	0	.1867125	.7597036	.05358385	0
1195.15	0	.1854741	.7606224	.05390352	0
1194.15	0	.1842512	.761527	.05422184	0
1193.15	0	.1830439	.7624173	.05453881	0
1192.15	0	.1818521	.7632934	.05485444	0
1191.15	0	.1806761	.7641552	.05516874	0
1190.15	0	.1795158	.7650025	.0554817	0
1189.15	0	.1783714	.7658353	.05579334	0
1188.15	0	.1772428	.7666535	.05610364	0
1187.15	0	.1761302	.7674571	.05641263	0
1186.15	0	.1750337	.768246	.0567203	0
1185.15	0	.1739532	.7690202	.05702665	0
1184.15	0	.1728889	.7697795	.05733169	0
1183.15	0	.1718408	.7705238	.05763543	0
1182.15	0	.170809	.7712532	.05793786	0
1181.15	0	.1697935	.7719675	.05823899	0
1180.15	0	.1687945	.7726667	.05853882	0
1179.15	0	.167812	.7733506	.05883736	0
1178.15	0	.1668461	.7740193	.05913461	0
1177.15	0	.1658967	.7746727	.05943057	0
1176.15	0	.1649641	.7753106	.05972526	0
1175.15	0	.1640483	.775933	.06001866	0
1174.15	0	.1631493	.7765399	.06031079	0
1173.15	0	.1622672	.7771311	.06060165	0
1172.15	0	.1614021	.7777067	.06089124	0
1171.15	0	.160554	.7782664	.06117957	0
1170.15	0	.1597231	.7788103	.06146663	0
1169.15	0	.1589093	.7793382	.06175245	0
1168.15	0	.1581128	.7798502	.062037	0
1167.15	0	.1573336	.7803461	.06232031	0
1166.15	0	.1565718	.7808258	.06260238	0
1165.15	0	.1558275	.7812893	.0628832	0
1164.15	0	.1551006	.7817366	.06316279	0
1163.15	0	.1543914	.7821675	.06344114	0
1162.15	0	.1536998	.7825819	.06371827	0
1161.15	0	.153026	.7829798	.06399416	0
1160.15	0	.15237	.7833612	.06426884	0
1159.15	0	.1517318	.7837259	.06454229	0
1158.15	0	.1511115	.7840739	.06481454	0
1157.15	0	.1505093	.7844051	.06508557	0
1156.15	0	.1499251	.7847195	.06535539	0
1155.15	0	.149359	.7850169	.06562402	0
1154.15	0	.1488111	.7852975	.06589145	0
1153.15	0	.1482815	.7855608	.06615768	0
1152.15	0	.1477702	.7858071	.06642271	0
1151.15	0	.1472773	.7860361	.06668657	0
1150.15	0	.1468029	.7862478	.06694923	0
1149.15	0	.146347	.7864423	.06721073	0
1148.15	0	.1459097	.7866193	.06747104	0
1147.15	0	.145491	.7867788	.06773019	0
1146.15	0	.1450911	.7869208	.06798817	0
1145.15	0	.1447099	.7870452	.06824498	0
1144.15	0	.1443475	.7871519	.06850064	0
1143.15	0	.144004	.7872408	.06875514	0
1142.15	0	.1436795	.787312	.0690085	0
1141.15	0	.143374	.7873653	.06926071	0
1140.15	0	.1430875	.7874007	.06951177	0
1139.15	0	.1428202	.7874181	.0697617	0
1138.15	0	.1425721	.7874174	.0700105	0
1137.15	0	.1423432	.7873987	.07025817	0
1136.15	0	.1421336	.7873617	.07050471	0
1135.15	0	.1419433	.7873065	.07075014	0
1134.15	0	.1417725	.7872331	.07099445	0
1133.15	0	.1416211	.7871413	.07123764	0
1132.15	0	.1414892	.7870311	.07147974	0
1131.15	0	.1413769	.7869024	.07172072	0
1130.15	0	.1412841	.7867552	.07196062	0
1129.15	0	.1412111	.7865895	.07219941	0
1128.15	0	.1411577	.7864052	.07243712	0
1127.15	0	.1411241	.7862021	.07267375	0
1126.15	0	.1411103	.7859804	.07290929	0
1125.15	0	.1411163	.7857399	.07314377	0
1124.15	0	.1411422	.7854806	.07337717	0
1123.15	0	.1411881	.7852024	.0736095	0
1122.15	0	.1412539	.7849053	.07384078	0
1121.15	0	.1413397	.7845893	.074071	0
1120.15	0	.1414456	.7842543	.07430016	0
1119.15	0	.1415715	.7839002	.07452828	0
1118.15	0	.1417176	.7835271	.07475536	0
1117.15	0	.1418838	.7831348	.0749814	0
1116.15	0	.1420702	.7827234	.07520641	0
1115.15	0	.1422768	.7822928	.07543039	0
1114.15	0	.1425037	.781843	.07565335	0
1113.15	0	.1427508	.7813739	.0758753	0
1112.15	0	.1430182	.7808855	.07609623	0
1111.15	0	.143306	.7803779	.07631615	0
1110.15	0	.1436141	.7798508	.07653507	0
1109.15	0	.1439426	.7793044	.07675299	0
1108.15	0	.1442914	.7787386	.07696992	0
1107.15	0	.1446607	.7781534	.07718586	0
1106.15	0	.1450504	.7775488	.07740082	0
1105.15	0	.1454605	.7769247	.07761481	0
1104.15	0	.1458911	.7762811	.07782782	0
1103.15	0	.1463422	.775618	.07803986	0
1102.15	0	.1468137	.7749354	.07825095	0
1101.15	0	.1473057	.7742332	.07846107	0
1100.15	0	.1478182	.7735116	.07867025	0
1099.15	0	.1483692	.7727525	.0788783	0
1098.15	0	.1489229	.7719915	.07908559	0
1097.15	0	.1494971	.771211	.07929195	0
1096.15	0	.1500917	.7704109	.07949737	0
1095.15	0	.1507069	.7695913	.07970187	0
1094.15	0	.1513425	.7687521	.07990545	0
1093.15	0	.1519986	.7678933	.08010812	0
1092.15	0	.1526752	.767015	.08030988	0
1091.15	0	.1533722	.7661171	.08051073	0
1090.15	0	.1540896	.7651997	.08071069	0
1089.15	0	.1548274	.7642628	.08090976	0
1088.15	0	.1555857	.7633064	.08110794	0
1087.15	0	.1563643	.7623305	.08130523	0
1086.15	0	.1571632	.7613351	.08150166	0
1085.15	0	.1579825	.7603203	.08169721	0
1084.15	0	.158822	.7592861	.0818919	0
1083.15	0	.1596819	.7582324	.08208573	0
1082.15	0	.1605619	.7571594	.08227871	0
1081.15	0	.1614621	.7560671	.08247083	0
1080.15	0	.1623825	.7549554	.08266212	0
1079.15	0	.163323	.7538245	.08285257	0
1078.15	0	.1642835	.7526743	.08304219	0
1077.15	0	.1652641	.751505	.08323098	0
1076.15	0	.1662646	.7503165	.08341896	0
1075.15	0	.167285	.7491089	.08360611	0
1074.15	0	.1683254	.7478822	.08379246	0
1073.15	0	.1693855	.7466365	.08397801	0
1072.15	0	.1704653	.7453719	.08416276	0
1071.15	0	.1715649	.7440884	.08434672	0
1070.15	0	.1726841	.742786	.08452988	0
1069.15	0	.1738228	.7414649	.08471227	0
1068.15	0	.174981	.7401251	.08489389	0
1067.15	0	.1761587	.7387666	.08507473	0
1066.15	0	.1773557	.7373895	.08525481	0
1065.15	0	.1785719	.7359939	.08543413	0
1064.15	0	.1798074	.7345799	.08561269	0
1063.15	0	.181062	.7331475	.08579051	0
1062.15	0	.1823355	.7316969	.08596759	0
1061.15	0	.1836281	.730228	.08614392	0
1060.15	0	.1849394	.7287411	.08631953	0
1059.15	0	.1862695	.7272361	.08649441	0
1058.15	0	.1876183	.7257131	.08666857	0
1057.15	0	.1889857	.7241723	.08684201	0
1056.15	0	.1903715	.7226138	.08701475	0
1055.15	0	.1917756	.7210376	.08718678	0
1054.15	0	.1931981	.7194438	.0873581	0
1053.15	0	.1946387	.7178326	.08752874	0
1052.15	0	.1960973	.716204	.08769868	0
1051.15	0	.1975738	.7145582	.08786794	0
1050.15	0	.1990682	.7128953	.08803652	0
1049.15	0	.2005803	.7112153	.08820443	0
1048.15	0	.2021099	.7095185	.08837167	0
1047.15	0	.203657	.7078048	.08853824	0
1046.15	0	.2052214	.7060745	.08870416	0
1045.15	0	.206803	.7043276	.08886942	0
1044.15	0	.2084017	.7025643	.08903403	0
1043.15	0	.2100173	.7007847	.089198	0
1042.15	0	.2116498	.6989889	.08936132	0
1041.15	0	.2132989	.6971771	.08952402	0
1040.15	0	.2149646	.6953494	.08968608	0
1039.15	0	.2166466	.6935059	.08984752	0
1038.15	0	.2183449	.6916468	.09000833	0
1037.15	0	.2200593	.6897722	.09016853	0
1036.15	0	.2217896	.6878823	.09032811	0
1035.15	0	.2235358	.6859771	.09048709	0
1034.15	0	.2252976	.684057	.09064547	0
1033.15	0	.2270749	.6821219	.09080324	0
1032.15	0	.2288675	.6801721	.09096042	0
1031.15	0	.2306753	.6782077	.091117	0
1030.15	0	.2324982	.6762288	.091273	0
1029.15	0	.2343359	.6742357	.09142842	0
1028.15	0	.2361883	.6722285	.09158325	0
1027.15	0	.2380552	.6702073	.09173751	0
1026.15	0	.2399365	.6681723	.0918912	0
1025.15	0	.241832	.6661237	.09204431	0
1024.15	0	.2437415	.6640617	.09219686	0
1023.15	0	.2456648	.6619864	.09234885	0
1022.15	0	.2476018	.6598979	.09250028	0
1021.15	0	.2495523	.6577966	.09265115	0
1020.15	0	.2515161	.6556824	.09280147	0
1019.15	0	.253493	.6535557	.09295124	0
1018.15	0	.2554829	.6514166	.09310047	0
1017.15	0	.2574856	.6492653	.09324914	0
1016.15	0	.2595008	.6471019	.09339728	0
1015.15	0	.2615284	.6449267	.09354488	0
1014.15	0	.2635682	.6427399	.09369194	0
1013.15	0	.26562	.6405415	.09383846	0
1012.15	0	.2676837	.6383319	.09398445	0
1011.15	0	.269759	.6361111	.09412992	0
1010.15	0	.2718457	.6338795	.09427485	0
1009.15	0	.2739437	.6316371	.09441926	0
1008.15	0	.2760526	.6293842	.09456314	0
1007.15	0	.2781725	.627121	.09470649	0
1006.15	0	.280303	.6248477	.09484933	0
1005.15	0	.2824439	.6225645	.09499164	0
1004.15	0	.2845951	.6202715	.09513343	0
1003.15	0	.2867563	.617969	.09527471	0
1002.15	0	.2889274	.6156572	.09541546	0
1001.15	0	.2911081	.6133362	.0955557	0
1000.15	0	.2932982	.6110064	.09569542	0
999.15	0	.2954976	.6086678	.09583462	0
998.15	0	.297706	.6063207	.09597331	0
997.15	0	.2999232	.6039654	.09611147	0
996.15	0	.302149	.6016019	.09624912	0
995.15	0	.3043832	.5992306	.09638626	0
994.15	0	.3066256	.5968516	.09652287	0
993.15	0	.3088759	.5944651	.09665897	0
992.15	0	.311134	.5920714	.09679454	0
991.15	0	.3133997	.5896707	.0969296	0
990.15	0	.3156728	.5872631	.09706413	0
989.15	0	.3179529	.5848489	.09719814	0
988.15	0	.32024	.5824284	.09733162	0
987.15	0	.3225338	.5800016	.09746457	0
986.15	0	.3248341	.5775689	.09759699	0
985.15	0	.3271407	.5751304	.09772889	0
984.15	0	.3294533	.5726864	.09786024	0
983.15	0	.3317718	.5702371	.09799106	0
982.15	0	.3340959	.5677827	.09812134	0
981.15	0	.3364255	.5653234	.09825107	0
980.15	0	.3387602	.5628595	.09838026	0
979.15	0	.3411	.5603911	.09850889	0
978.15	0	.3434446	.5579185	.09863697	0
977.15	0	.3457937	.5554419	.09876449	0
976.15	0	.3481471	.5529614	.09889144	0
975.15	0	.3505047	.5504775	.09901782	0
974.15	0	.3528662	.5479902	.09914363	0
973.15	0	.3552231	.5455074	.09926954	0
972.15	0	.3574549	.5431392	.09940593	0
971.15	0	.3597125	.5407469	.09954058	0
970.15	0	.3619944	.5383321	.09967353	0
969.15	0	.3642992	.535896	.09980481	0
968.15	0	.3666255	.5334401	.09993445	0
967.15	0	.3689719	.5309657	.1000625	0
966.15	0	.3713371	.528474	.1001889	0
965.15	0	.3737199	.5259663	.1003138	0
964.15	0	.3761191	.5234438	.1004371	0
963.15	0	.3785335	.5209076	.1005589	0
962.15	0	.3809619	.5183589	.1006792	0
961.15	0	.3834032	.5157988	.100798	0
960.15	0	.3858564	.5132283	.1009153	0
959.15	0	.3883205	.5106484	.1010312	0
958.15	0	.3907944	.50806	.1011456	0
957.15	0	.3932772	.5054642	.1012586	0
956.15	0	.3957679	.5028619	.1013702	0
955.15	0	.3982658	.5002538	.1014804	0
954.15	0	.4007698	.497641	.1015892	0
953.15	0	.4032792	.4950242	.1016966	0
952.15	0	.4057931	.4924042	.1018026	0
951.15	0	.4083109	.4897818	.1019073	0
950.15	0	.4108317	.4871578	.1020106	0
949.15	0	.4133547	.4845327	.1021125	0
948.15	0	.4158794	.4819074	.1022131	0
947.15	0	.418405	.4792826	.1023124	0
946.15	0	.4209309	.4766587	.1024104	0
945.15	0	.4234565	.4740366	.102507	0
944.15	0	.4259811	.4714167	.1026022	0
943.15	0	.4285041	.4687997	.1026962	0
942.15	0	.4310251	.4661861	.1027888	0
941.15	0	.4335434	.4635764	.1028802	0
940.15	0	.4360585	.4609713	.1029702	0
939.15	0	.43857	.4583711	.1030589	0
938.15	0	.4410773	.4557764	.1031463	0
937.15	0	.44358	.4531875	.1032324	0
936.15	0	.4460777	.4506051	.1033172	0
935.15	0	.4485698	.4480294	.1034007	0
934.15	0	.4510561	.445461	.1034829	0
933.15	0	.453536	.4429002	.1035638	0
932.15	0	.4560092	.4403474	.1036434	0
931.15	0	.4584753	.437803	.1037218	0
930.15	0	.460934	.4352672	.1037988	0
929.15	0	.4633849	.4327406	.1038745	0
928.15	0	.4658277	.4302234	.1039489	0
927.15	0	.4682621	.4277159	.1040221	0
926.15	0	.4706877	.4252184	.1040939	0
925.15	0	.4731044	.4227312	.1041644	0
924.15	0	.4755117	.4202547	.1042337	0
923.15	0	.4779094	.417789	.1043016	0
922.15	0	.4802973	.4153344	.1043683	0
921.15	0	.4826752	.4128913	.1044336	0
920.15	0	.4850426	.4104597	.1044976	0
919.15	0	.4873996	.40804	.1045604	0
918.15	0	.4897457	.4056324	.1046219	0
917.15	0	.4920809	.4032372	.104682	0
916.15	0	.4944048	.4008544	.1047408	0
915.15	0	.4967173	.3984843	.1047984	0
914.15	0	.4990183	.3961271	.1048547	0
913.15	0	.5013074	.3937829	.1049096	0
912.15	0	.5035847	.3914521	.1049633	0
911.15	0	.5058498	.3891346	.1050156	0
910.15	0	.5081026	.3868307	.1050667	0
909.15	0	.510343	.3845406	.1051164	0
908.15	0	.5125708	.3822643	.1051649	0
907.15	0	.5147859	.3800021	.105212	0
906.15	0	.5169881	.377754	.1052578	0
905.15	0	.5191773	.3755203	.1053024	0
904.15	0	.5213534	.3733009	.1053456	0
903.15	0	.5235163	.3710961	.1053876	0
902.15	0	.5256658	.368906	.1054282	0
901.15	0	.5278017	.3667307	.1054676	0
900.15	0	.5299241	.3645702	.1055056	0
899.15	0	.5320328	.3624248	.1055424	0
898.15	0	.5341277	.3602944	.1055779	0
897.15	0	.5362087	.3581792	.1056121	0
896.15	0	.5382757	.3560793	.105645	0
895.15	0	.5403286	.3539948	.1056766	0
894.15	0	.5423674	.3519257	.1057069	0
893.15	0	.5443919	.3498721	.105736	0
892.15	0	.546402	.3478342	.1057638	0
891.15	0	.5483978	.345812	.1057903	0
890.15	0	.550379	.3438055	.1058155	0
889.15	0	.5523457	.3418148	.1058395	0
888.15	0	.5542978	.33984	.1058622	0
887.15	0	.5562351	.3378812	.1058837	0
886.15	0	.5581577	.3359384	.1059039	0
885.15	0	.5600655	.3340116	.1059229	0
884.15	0	.5619584	.332101	.1059406	0
883.15	0	.5638363	.3302065	.1059572	0
882.15	0	.5656993	.3283283	.1059724	0
881.15	0	.5675472	.3264663	.1059865	0
880.15	0	.5693801	.3246206	.1059994	0
879.15	0	.5711977	.3227912	.106011	0
878.15	0	.5730003	.3209782	.1060215	0
877.15	0	.5747876	.3191816	.1060308	0
876.15	0	.5765596	.3174015	.1060389	0
875.15	0	.5783164	.3156378	.1060458	0
874.15	0	.5800579	.3138905	.1060516	0
873.15	0	.581784	.3121598	.1060562	0
872.15	0	.5834947	.3104456	.1060597	0
871.15	0	.58519	.3087479	.1060621	0
870.15	0	.5868699	.3070668	.1060633	0
869.15	0	.5885344	.3054022	.1060634	0
868.15	0	.5901835	.3037541	.1060625	0
867.15	0	.591817	.3021226	.1060604	0
866.15	0	.5934352	.3005076	.1060573	0
865.15	0	.5950378	.2989091	.1060531	0
864.15	0	.596625	.2973272	.1060478	0
863.15	0	.5981967	.2957618	.1060415	0
862.15	0	.599753	.2942128	.1060342	0
861.15	0	.6012938	.2926803	.1060259	0
860.15	0	.6028192	.2911643	.1060166	0
859.15	0	.6043292	.2896646	.1060062	0
858.15	0	.6058237	.2881813	.105995	0
857.15	0	.607303	.2867143	.1059827	0
856.15	0	.6087668	.2852637	.1059695	0
855.15	0	.6102154	.2838292	.1059554	0
854.15	0	.6116487	.282411	.1059403	0
853.15	0	.6130668	.2810089	.1059244	0
852.15	0	.6144697	.2796228	.1059075	0
851.15	0	.6158574	.2782528	.1058898	0
850.15	0	.6172301	.2768987	.1058712	0
849.15	0	.6185878	.2755604	.1058518	0
848.15	0	.6199305	.274238	.1058315	0
847.15	0	.6212583	.2729313	.1058104	0
846.15	0	.6225712	.2716402	.1057885	0
845.15	0	.6238695	.2703647	.1057658	0
844.15	0	.625153	.2691047	.1057423	0
843.15	0	.626422	.26786	.1057181	0
842.15	0	.6276764	.2666305	.1056931	0
841.15	0	.6289164	.2654163	.1056674	0
840.15	0	.6301421	.2642171	.1056409	0
839.15	0	.6313535	.2630328	.1056137	0
838.15	0	.6325508	.2618634	.1055858	0
837.15	0	.633734	.2607088	.1055572	0
836.15	0	.6349033	.2595687	.105528	0
835.15	0	.6360588	.2584432	.1054981	0
834.15	0	.6372005	.257332	.1054675	0
833.15	0	.6383286	.2562351	.1054363	0
832.15	0	.6394433	.2551523	.1054045	0
831.3515	0	.6403237	.2542976	.1053786	0
831.3515	0	.6403237	.2542976	.1053786	0
831.3515	0	.6403237	.2542976	.1053786	0
831.15	0	.6421696	.2520411	.104847	9.423099E-04
830.15	0	.6511401	.2410528	.1022458	.005561292
829.15	0	.6598009	.2304078	.09970588	.01008549
828.15	0	.6681648	.2200919	.09722506	.01451822
827.15	0	.6762442	.2100919	.09480129	.01886261
826.15	0	.6840506	.2003952	.0924326	.02312163
825.15	0	.6915949	.1909899	.09011715	.0272981
824.15	0	.6988875	.1818646	.08785318	.03139469
823.15	0	.7059384	.1730087	.085639	.03541393
822.15	0	.7127567	.164412	.08347304	.03935825
821.15	0	.7193514	.1560649	.08135376	.04322994
820.15	0	.7257309	.1479582	.07927974	.04703118
819.15	0	.7319032	.1400832	.07724958	.05076406
818.15	0	.737876	.1324315	.07526198	.05443056
817.15	0	.7436564	.1249954	.07331567	.05803259
816.15	0	.7492514	.1177672	.07140945	.06157194
815.15	0	.7546676	.1107398	.06954217	.06505037
814.15	0	.7599114	.1039064	.06771273	.06846951
813.15	0	.7649886	.09726037	.06592008	.07183096
812.15	0	.7699051	.09079549	.0641632	.07513623
811.15	0	.7746663	.0845058	.06244111	.07838679
810.15	0	.7792775	.07838559	.0607529	.08158402
809.15	0	.7837437	.07242937	.05909765	.08472927
808.15	0	.7880698	.06663191	.05747451	.08782382
807.15	0	.7922602	.0609882	.05588265	.09086891
806.15	0	.7963196	.05549341	.05432127	.09386574
805.15	0	.800252	.05014294	.05278959	.09681544
804.15	0	.8040617	.04493235	.05128689	.09971911
803.15	0	.8077524	.03985738	.04981244	.1025778
802.15	0	.8113279	.03491395	.04836555	.1053926
801.15	0	.8147919	.03009811	.04694555	.1081644
800.15	0	.8181478	.0254061	.0455518	.1108943
799.15	0	.821399	.02083426	.04418368	.113583
798.15	0	.8245487	.01637909	.04284059	.1162316
797.15	0	.8276	.01203722	.04152192	.1188409
796.15	0	.8305559	.007805387	.04022713	.1214116
795.15	0	.8334192	.003680451	.03895567	.1239447
794.2357	0	.8359585	0	.03781312	.1262284
794.2357	0	.8359585	0	.03781312	.1262284
794.15	0	.8359449	0	.03779368	.1262614
793.15	0	.8357871	0	.0375672	.1266457
792.15	0	.8356302	0	.03734142	.1270284
791.15	0	.8354742	0	.03711636	.1274095
790.15	0	.835319	0	.036892	.127789
789.15	0	.8351646	0	.03666835	.128167
788.15	0	.8350112	0	.0364454	.1285435
787.15	0	.8348585	0	.03622316	.1289183
786.15	0	.8347067	0	.03600163	.1292917
785.15	0	.8345558	0	.0357808	.1296634
784.15	0	.8344056	0	.03556067	.1300337
783.15	0	.8342563	0	.03534126	.1304024
782.15	0	.8341078	0	.03512254	.1307697
781.15	0	.8339601	0	.03490453	.1311354
780.15	0	.8338132	0	.03468723	.1314995
779.15	0	.8336671	0	.03447063	.1318622
778.15	0	.8335219	0	.03425473	.1322234
777.15	0	.8333773	0	.03403954	.1325831
776.15	0	.8332336	0	.03382505	.1329413
775.15	0	.8330907	0	.03361126	.1332981
774.15	0	.8329485	0	.03339818	.1336533
773.15	0	.8328071	0	.03318579	.1340071
772.15	0	.8326664	0	.03297411	.1343595
771.15	0	.8325265	0	.03276313	.1347103
770.15	0	.8323874	0	.03255285	.1350598
769.15	0	.832249	0	.03234328	.1354077
768.15	0	.8321113	0	.0321344	.1357543
767.15	0	.8319744	0	.03192623	.1360994
766.15	0	.8318382	0	.03171875	.136443
765.15	0	.8317028	0	.03151197	.1367852
764.15	0	.8315681	0	.0313059	.137126
763.15	0	.831434	0	.03110053	.1374654
762.15	0	.8313007	0	.03089585	.1378034
761.15	0	.8311682	0	.03069187	.13814
760.15	0	.8310363	0	.0304886	.1384751
759.15	0	.8309051	0	.03028602	.1388089
758.15	0	.8307746	0	.03008414	.1391413
757.15	0	.8306448	0	.02988296	.1394722
756.15	0	.8305157	0	.02968247	.1398018
755.15	0	.8303873	0	.02948269	.14013
754.15	0	.8302596	0	.0292836	.1404568
753.15	0	.8301325	0	.02908521	.1407823
752.15	0	.8300061	0	.02888751	.1411064
751.15	0	.8298804	0	.02869051	.1414291
750.15	0	.8297553	0	.02849421	.1417504
749.15	0	.8296309	0	.02829861	.1420704
748.15	0	.8295072	0	.0281037	.1423891
747.15	0	.8293841	0	.02790949	.1427064
746.15	0	.8292617	0	.02771598	.1430223
745.15	0	.82914	0	.02752316	.1433369
744.15	0	.8290188	0	.02733103	.1436502
743.15	0	.8288983	0	.0271396	.1439621
742.15	0	.8287785	0	.02694887	.1442727
741.15	0	.8286592	0	.02675883	.1445819
740.15	0	.8285407	0	.02656948	.1448899
739.15	0	.8284227	0	.02638083	.1451965
738.15	0	.8283053	0	.02619287	.1455018
737.15	0	.8281886	0	.02600561	.1458058
736.15	0	.8280725	0	.02581904	.1461084
735.15	0	.827957	0	.02563316	.1464098
734.15	0	.8278422	0	.02544798	.1467099
733.15	0	.8277279	0	.02526349	.1470086
732.15	0	.8276142	0	.02507969	.1473061
731.15	0	.8275012	0	.02489659	.1476023
730.15	0	.8273887	0	.02471418	.1478971
729.15	0	.8272768	0	.02453246	.1481907
728.15	0	.8271655	0	.02435143	.148483
727.15	0	.8270549	0	.02417109	.1487741
726.15	0	.8269448	0	.02399145	.1490638
725.15	0	.8268352	0	.02381249	.1493523
724.15	0	.8267263	0	.02363423	.1496395
723.15	0	.8266179	0	.02345666	.1499254
722.15	0	.8265102	0	.02327978	.1502101
721.15	0	.8264029	0	.02310358	.1504935
720.15	0	.8262963	0	.02292808	.1507756
719.15	0	.8261902	0	.02275327	.1510565
718.15	0	.8260847	0	.02257915	.1513361
717.15	0	.8259798	0	.02240572	.1516145
716.15	0	.8258754	0	.02223298	.1518916
715.15	0	.8257716	0	.02206092	.1521675
714.15	0	.8256683	0	.02188956	.1524421
713.15	0	.8255656	0	.02171888	.1527155
712.15	0	.8254634	0	.02154889	.1529877
711.15	0	.8253618	0	.02137959	.1532586
710.15	0	.8252607	0	.02121097	.1535283
709.15	0	.8251602	0	.02104305	.1537968
708.15	0	.8250602	0	.02087581	.154064
707.15	0	.8249607	0	.02070926	.15433
706.15	0	.8248618	0	.02054339	.1545948
705.15	0	.8247634	0	.02037821	.1548584
704.15	0	.8246656	0	.02021372	.1551207
703.15	0	.8245682	0	.02004991	.1553819
702.15	0	.8244714	0	.01988679	.1556418
701.15	0	.8243752	0	.01972435	.1559005
700.15	0	.8242794	0	.0195626	.156158
699.15	0	.8241842	0	.01940153	.1564143
698.15	0	.8240895	0	.01924115	.1566694
697.15	0	.8239952	0	.01908145	.1569233
696.15	0	.8239016	0	.01892243	.157176
695.15	0	.8238084	0	.0187641	.1574275
694.15	0	.8237157	0	.01860645	.1576779
693.15	0	.8236235	0	.01844948	.157927
692.15	0	.8235319	0	.0182932	.1581749
691.15	0	.8234407	0	.0181376	.1584217
690.15	0	.8233501	0	.01798268	.1586673
689.15	0	.8232599	0	.01782844	.1589117
688.15	0	.8231703	0	.01767488	.1591549
687.15	0	.8230811	0	.017522	.1593969
686.15	0	.8229924	0	.01736981	.1596378
685.15	0	.8229042	0	.01721829	.1598775
684.15	0	.8228165	0	.01706745	.160116
683.15	0	.8227293	0	.01691729	.1603534
682.15	0	.8226426	0	.01676781	.1605896
681.15	0	.8225564	0	.01661901	.1608246
680.15	0	.8224706	0	.01647089	.1610585
679.15	0	.8223853	0	.01632344	.1612912
678.15	0	.8223005	0	.01617667	.1615228
677.15	0	.8222162	0	.01603058	.1617532
676.15	0	.8221324	0	.01588517	.1619825
675.15	0	.822049	0	.01574043	.1622106
674.15	0	.8219661	0	.01559636	.1624376
673.15	0	.8218837	0	.01545298	.1626634
672.15	0	.8218017	0	.01531026	.1628881
671.15	0	.8217202	0	.01516822	.1631116
670.15	0	.8216391	0	.01502686	.163334
669.15	0	.8215585	0	.01488616	.1635553
668.15	0	.8214784	0	.01474614	.1637754
667.15	0	.8213988	0	.0146068	.1639944
666.15	0	.8213196	0	.01446812	.1642123
665.15	0	.8212408	0	.01433012	.1644291
664.15	0	.8211625	0	.01419278	.1646447
663.15	0	.8210847	0	.01405612	.1648592
662.15	0	.8210073	0	.01392013	.1650726
661.15	0	.8209303	0	.0137848	.1652849
660.15	0	.8208538	0	.01365015	.165496
659.15	0	.8207778	0	.01351616	.1657061
658.15	0	.8207022	0	.01338284	.165915
657.15	0	.820627	0	.01325019	.1661228
656.15	0	.8205523	0	.0131182	.1663295
655.15	0	.820478	0	.01298688	.1665351
654.15	0	.8204041	0	.01285622	.1667397
653.15	0	.8203307	0	.01272623	.1669431
652.15	0	.8202577	0	.01259691	.1671454
651.15	0	.8201852	0	.01246824	.1673466
650.15	0	.820113	0	.01234024	.1675467
649.15	0	.8200414	0	.01221291	.1677457
648.15	0	.8199701	0	.01208623	.1679437
647.15	0	.8198992	0	.01196022	.1681405
646.15	0	.8198288	0	.01183486	.1683363
645.15	0	.8197589	0	.01171016	.168531
644.15	0	.8196893	0	.01158613	.1687246
643.15	0	.8196201	0	.01146275	.1689171
642.15	0	.8195514	0	.01134003	.1691086
641.15	0	.8194831	0	.01121796	.1692989
640.15	0	.8194152	0	.01109656	.1694882
639.15	0	.8193477	0	.0109758	.1696765
638.15	0	.8192807	0	.01085571	.1698636
637.15	0	.819214	0	.01073626	.1700497
636.15	0	.8191477	0	.01061747	.1702348
635.15	0	.8190819	0	.01049933	.1704188
634.15	0	.8190165	0	.01038184	.1706017
633.15	0	.8189515	0	.01026501	.1707835
632.15	0	.8188869	0	.01014882	.1709643
631.15	0	.8188226	0	.01003328	.1711441
630.15	0	.8187588	0	.009918394	.1713228
629.15	0	.8186954	0	.009804153	.1715005
628.15	0	.8186324	0	.009690557	.1716771
627.15	0	.8185698	0	.009577608	.1718526
626.15	0	.8185076	0	.009465303	.1720272
625.15	0	.8184457	0	.009353643	.1722006
624.15	0	.8183843	0	.009242626	.1723731
623.15	0	.8183232	0	.00913225	.1725445
622.15	0	.8182626	0	.009022517	.1727149
621.15	0	.8182023	0	.008913423	.1728842
620.15	0	.8181425	0	.008804969	.1730526
619.15	0	.818083	0	.008697154	.1732199
618.15	0	.8180239	0	.008589975	.1733862
617.15	0	.8179652	0	.008483434	.1735514
616.15	0	.8179068	0	.008377528	.1737157
615.15	0	.8178489	0	.008272257	.1738789
614.15	0	.8177913	0	.008167619	.1740411
613.15	0	.8177341	0	.008063614	.1742023
612.15	0	.8176773	0	.00796024	.1743625
611.15	0	.8176208	0	.007857497	.1745217
610.15	0	.8175648	0	.007755383	.1746799
609.15	0	.817509	0	.007653897	.1748371
608.15	0	.8174537	0	.007553039	.1749932
607.15	0	.8173988	0	.007452807	.1751484
606.15	0	.8173442	0	.0073532	.1753026
605.15	0	.81729	0	.007254217	.1754558
604.15	0	.8172361	0	.007155857	.175608
603.15	0	.8171826	0	.007058119	.1757593
602.15	0	.8171295	0	.006961001	.1759095
601.15	0	.8170768	0	.006864502	.1760588
600.15	0	.8170244	0	.006768622	.176207
599.15	0	.8169723	0	.006673358	.1763543
598.15	0	.8169206	0	.006578711	.1765007
597.15	0	.8168693	0	.006484678	.176646
596.15	0	.8168183	0	.006391258	.1767904
595.15	0	.8167677	0	.006298451	.1769338
594.15	0	.8167175	0	.006206254	.1770763
593.15	0	.8166676	0	.006114667	.1772178
592.15	0	.816618	0	.006023689	.1773583
591.15	0	.8165688	0	.005933317	.1774979
590.15	0	.8165199	0	.005843551	.1776365
589.15	0	.8164714	0	.00575439	.1777742
588.15	0	.8164233	0	.005665831	.1779109
587.15	0	.8163755	0	.005577874	.1780467
586.15	0	.816328	0	.005490518	.1781815
585.15	0	.8162808	0	.005403761	.1783154
584.15	0	.816234	0	.005317601	.1784484
583.15	0	.8161876	0	.005232038	.1785804
582.15	0	.8161415	0	.005147069	.1787115
581.15	0	.8160957	0	.005062694	.1788416
580.15	0	.8160502	0	.004978911	.1789708
579.15	0	.8160051	0	.004895719	.1790991
578.15	0	.8159604	0	.004813115	.1792265
577.15	0	.8159159	0	.004731099	.179353
576.15	0	.8158718	0	.00464967	.1794785
575.15	0	.815828	0	.004568825	.1796032
574.15	0	.8157846	0	.004488563	.1797269
573.15	0	.8157414	0	.004408882	.1798497
572.15	0	.8156986	0	.004329782	.1799716
571.15	0	.8156561	0	.00425126	.1800926
570.15	0	.815614	0	.004173316	.1802127
569.15	0	.8155721	0	.004095946	.1803319
568.15	0	.8155306	0	.004019151	.1804502
567.15	0	.8154894	0	.003942927	.1805677
566.15	0	.8154485	0	.003867274	.1806842
565.15	0	.815408	0	.00379219	.1807998
564.15	0	.8153677	0	.003717674	.1809146
563.15	0	.8153278	0	.003643723	.1810285
562.15	0	.8152882	0	.003570336	.1811415
561.15	0	.8152489	0	.003497512	.1812536
560.15	0	.8152098	0	.003425248	.1813649
559.15	0	.8151711	0	.003353543	.1814753
558.15	0	.8151328	0	.003282395	.1815848
557.15	0	.8150947	0	.003211803	.1816935
556.15	0	.8150569	0	.003141765	.1818013
555.15	0	.8150194	0	.003072279	.1819083
554.15	0	.8149823	0	.003003343	.1820144
553.15	0	.8149454	0	.002934955	.1821197
552.15	0	.8149088	0	.002867114	.1822241
551.15	0	.8148726	0	.002799818	.1823276
550.15	0	.8148366	0	.002733065	.1824304
549.15	0	.8148009	0	.002666854	.1825322
548.15	0	.8147655	0	.002601181	.1826333
547.15	0	.8147304	0	.002536047	.1827335
546.15	0	.8146956	0	.002471448	.1828329
545.15	0	.8146611	0	.002407382	.1829315
544.15	0	.8146269	0	.002343849	.1830292
543.15	0	.814593	0	.002280846	.1831262
542.15	0	.8145593	0	.002218371	.1832223
541.15	0	.814526	0	.002156423	.1833176
540.15	0	.8144929	0	.002094998	.1834121
539.15	0	.8144601	0	.002034096	.1835058
538.15	0	.8144276	0	.001973714	.1835987
537.15	0	.8143954	0	.001913851	.1836908
536.15	0	.8143634	0	.001854504	.1837821
535.15	0	.8143318	0	.001795672	.1838726
534.15	0	.8143004	0	.001737352	.1839623
533.15	0	.8142693	0	.001679542	.1840512
532.15	0	.8142384	0	.001622241	.1841393
531.15	0	.8142078	0	.001565447	.1842267
530.15	0	.8141775	0	.001509156	.1843133
529.15	0	.8141475	0	.001453368	.1843991
528.15	0	.8141177	0	.001398081	.1844842
527.15	0	.8140883	0	.001343291	.1845684
526.15	0	.814059	0	.001288997	.184652
525.15	0	.8140301	0	.001235197	.1847347
524.15	0	.8140014	0	.00118189	.1848167
523.15	0	.8139729	0	.001129072	.184898
522.15	0	.8139448	0	.001076741	.1849785
521.15	0	.8139168	0	.001024896	.1850583
520.15	0	.8138892	0	9.735341E-04	.1851373
519.15	0	.8138618	0	9.226535E-04	.1852156
518.15	0	.8138346	0	8.722518E-04	.1852931
517.15	0	.8138078	0	8.22327E-04	.1853699
516.15	0	.8137811	0	7.728767E-04	.185446
515.15	0	.8137547	0	7.238989E-04	.1855214
514.15	0	.8137286	0	6.753912E-04	.185596
513.15	0	.8137027	0	6.273515E-04	.1856699
512.15	0	.8136771	0	5.797775E-04	.1857432
511.15	0	.8136517	0	5.326671E-04	.1858157
510.15	0	.8136265	0	4.86018E-04	.1858875
509.15	0	.8136016	0	4.398278E-04	.1859585
508.15	0	.813577	0	3.940944E-04	.1860289
507.15	0	.8135526	0	3.488155E-04	.1860986
506.15	0	.8135284	0	3.039888E-04	.1861676
505.15	0	.8135044	0	2.59612E-04	.186236
504.15	0	.8134807	0	2.156828E-04	.1863036
503.15	0	.8134573	0	1.721989E-04	.1863705
502.15	0	.813434	0	1.29158E-04	.1864368
501.15	0	.813411	0	8.655785E-05	.1865024
500.15	0	.8133883	0	4.4396E-05	.1865673
499.15	0	.8133657	0	2.670172E-06	.1866316
499.0857	0	.8133643	0	0	.1866357
499.0857	0	.8133643	0	0	.1866357
498.15	0	.8133466	0	0	.1866534
497.15	0	.8133283	0	0	.1866717
496.15	0	.8133104	0	0	.1866896
495.15	0	.8132932	0	0	.1867068
494.15	0	.8132764	0	0	.1867236
493.15	0	.8132602	0	0	.1867398
492.15	0	.8132445	0	0	.1867555
491.15	0	.8132294	0	0	.1867706
490.15	0	.8132147	0	0	.1867853
489.15	0	.8132006	0	0	.1867995
488.15	0	.8131869	0	0	.1868131
487.15	0	.8131737	0	0	.1868263
486.15	0	.813161	0	0	.186839
485.15	0	.8131488	0	0	.1868512
484.15	0	.813137	0	0	.1868629
483.15	0	.8131257	0	0	.1868743
482.15	0	.8131149	0	0	.1868851
481.15	0	.8131044	0	0	.1868956
480.15	0	.8130944	0	0	.1869056
479.15	0	.8130848	0	0	.1869152
478.15	0	.8130757	0	0	.1869244
477.15	0	.8130669	0	0	.1869331
476.15	0	.8130584	0	0	.1869416
475.15	0	.8130504	0	0	.1869496
474.15	0	.8130427	0	0	.1869573
473.15	0	.8130353	0	0	.1869647
472.15	0	.8130283	0	0	.1869717
471.15	0	.8130217	0	0	.1869783
470.15	0	.8130153	0	0	.1869847
469.15	0	.8130092	0	0	.1869908
468.15	0	.8130035	0	0	.1869965
467.15	0	.812998	0	0	.187002
466.15	0	.8129928	0	0	.1870072
465.15	0	.8129878	0	0	.1870122
464.15	0	.8129831	0	0	.1870169
463.15	0	.8129787	0	0	.1870213
462.15	0	.8129745	0	0	.1870255
461.15	0	.8129705	0	0	.1870295
460.15	0	.8129667	0	0	.1870333
459.15	0	.8129631	0	0	.1870369
458.15	0	.8129597	0	0	.1870403
457.15	0	.8129565	0	0	.1870435
456.15	0	.8129535	0	0	.1870465
455.15	0	.8129506	0	0	.1870494
454.15	0	.8129479	0	0	.1870521
453.15	0	.8129454	0	0	.1870547
452.15	0	.812943	0	0	.1870571
451.15	0	.8129407	0	0	.1870593
450.15	0	.8129386	0	0	.1870614
449.15	0	.8129365	0	0	.1870635
448.15	0	.8129347	0	0	.1870654
447.15	0	.8129329	0	0	.1870671
446.15	0	.8129312	0	0	.1870688
445.15	0	.8129296	0	0	.1870704
444.15	0	.8129282	0	0	.1870718
443.15	0	.8129268	0	0	.1870732
442.15	0	.8129255	0	0	.1870745
441.15	0	.8129243	0	0	.1870757
440.15	0	.8129231	0	0	.1870769
439.15	0	.8129221	0	0	.187078
438.15	0	.812921	0	0	.187079
437.15	0	.8129201	0	0	.1870799
436.15	0	.8129192	0	0	.1870808
435.15	0	.8129184	0	0	.1870816
434.15	0	.8129176	0	0	.1870824
433.15	0	.8129169	0	0	.1870831
432.15	0	.8129162	0	0	.1870838
431.15	0	.8129156	0	0	.1870844
430.15	0	.812915	0	0	.187085
429.15	0	.8129145	0	0	.1870855
428.15	0	.812914	0	0	.187086
