T	 BPW(LIQUID)	BPW(BCC_A2)	BPW(FCC_A1)	BPW(LAVES_PHASE_C14)	BPW(NI3TI)
1473.15	.07564263	.9243574	0	0	0
1472.15	.07363538	.9263646	0	0	0
1471.15	.07164039	.9283596	0	0	0
1470.15	.06965753	.9303425	0	0	0
1469.15	.06768671	.9323133	0	0	0
1468.15	.06572781	.9342722	0	0	0
1467.15	.06378073	.9362193	0	0	0
1466.15	.06184536	.9381546	0	0	0
1465.15	.0599216	.9400784	0	0	0
1464.15	.05800934	.9419907	0	0	0
1463.15	.05610849	.9438915	0	0	0
1462.15	.05421894	.9457811	0	0	0
1461.15	.05234059	.9476594	0	0	0
1460.15	.05047335	.9495267	0	0	0
1459.15	.04861712	.9513829	0	0	0
1458.15	.04677181	.9532282	0	0	0
1457.15	.04493731	.9550627	0	0	0
1456.15	.04311355	.9568865	0	0	0
1455.15	.04130042	.9586996	0	0	0
1454.15	.03949783	.9605022	0	0	0
1453.15	.0377057	.9622943	0	0	0
1452.15	.03592394	.9640761	0	0	0
1451.15	.03415245	.9658475	0	0	0
1450.15	.03239116	.9676088	0	0	0
1449.15	.03063997	.96936	0	0	0
1448.15	.02889881	.9711012	0	0	0
1447.15	.02716759	.9728324	0	0	0
1446.15	.02544622	.9745538	0	0	0
1445.15	.02373463	.9762654	0	0	0
1444.15	.02203273	.9779673	0	0	0
1443.15	.02034045	.9796596	0	0	0
1442.15	.0186577	.9813423	0	0	0
1441.15	.01698442	.9830156	0	0	0
1440.15	.01532052	.9846795	0	0	0
1439.15	.01366592	.9863341	0	0	0
1438.15	.01202056	.9879794	0	0	0
1437.15	.01038436	.9896156	0	0	0
1436.15	.008757237	.9912428	0	0	0
1435.15	.007139131	.9928609	0	0	0
1434.15	.005529965	.99447	0	0	0
1433.15	.003929671	.9960703	0	0	0
1432.15	.002338178	.9976618	0	0	0
1431.15	7.554166E-04	.9992446	0	0	0
1430.671	0	1	0	0	0
1430.671	0	1	0	0	0
1430.15	0	1	0	0	0
1429.15	0	1	0	0	0
1428.15	0	1	0	0	0
1427.15	0	1	0	0	0
1426.15	0	1	0	0	0
1425.15	0	1	0	0	0
1424.15	0	1	0	0	0
1423.15	0	1	0	0	0
1422.15	0	1	0	0	0
1421.15	0	1	0	0	0
1420.15	0	1	0	0	0
1419.15	0	1	0	0	0
1418.15	0	1	0	0	0
1417.15	0	1	0	0	0
1416.15	0	1	0	0	0
1415.15	0	1	0	0	0
1414.15	0	1	0	0	0
1413.15	0	1	0	0	0
1412.15	0	1	0	0	0
1411.15	0	1	0	0	0
1410.15	0	1	0	0	0
1409.15	0	1	0	0	0
1408.15	0	1	0	0	0
1407.15	0	1	0	0	0
1406.15	0	1	0	0	0
1405.15	0	1	0	0	0
1404.15	0	1	0	0	0
1403.15	0	1	0	0	0
1402.15	0	1	0	0	0
1401.15	0	1	0	0	0
1400.15	0	1	0	0	0
1399.15	0	1	0	0	0
1398.15	0	1	0	0	0
1397.15	0	1	0	0	0
1396.15	0	1	0	0	0
1395.15	0	1	0	0	0
1394.15	0	1	0	0	0
1393.15	0	1	0	0	0
1392.15	0	1	0	0	0
1391.15	0	1	0	0	0
1390.15	0	1	0	0	0
1389.15	0	1	0	0	0
1388.15	0	1	0	0	0
1387.15	0	1	0	0	0
1386.15	0	1	0	0	0
1385.15	0	1	0	0	0
1384.15	0	1	0	0	0
1383.15	0	1	0	0	0
1382.15	0	1	0	0	0
1381.15	0	1	0	0	0
1380.15	0	1	0	0	0
1379.15	0	1	0	0	0
1378.15	0	1	0	0	0
1377.15	0	1	0	0	0
1376.15	0	1	0	0	0
1375.15	0	1	0	0	0
1374.15	0	1	0	0	0
1373.15	0	1	0	0	0
1372.15	0	1	0	0	0
1371.15	0	1	0	0	0
1370.15	0	1	0	0	0
1369.15	0	1	0	0	0
1368.15	0	1	0	0	0
1367.15	0	1	0	0	0
1366.15	0	1	0	0	0
1365.15	0	1	0	0	0
1364.15	0	1	0	0	0
1363.15	0	1	0	0	0
1362.15	0	1	0	0	0
1361.15	0	1	0	0	0
1360.15	0	1	0	0	0
1359.15	0	1	0	0	0
1358.15	0	1	0	0	0
1357.15	0	1	0	0	0
1356.15	0	1	0	0	0
1355.15	0	1	0	0	0
1354.15	0	1	0	0	0
1353.15	0	1	0	0	0
1352.15	0	1	0	0	0
1351.15	0	1	0	0	0
1350.15	0	1	0	0	0
1349.15	0	1	0	0	0
1348.15	0	1	0	0	0
1347.15	0	1	0	0	0
1346.15	0	1	0	0	0
1345.15	0	1	0	0	0
1344.15	0	1	0	0	0
1343.15	0	1	0	0	0
1342.15	0	1	0	0	0
1341.15	0	1	0	0	0
1340.15	0	1	0	0	0
1339.15	0	1	0	0	0
1338.15	0	1	0	0	0
1337.15	0	1	0	0	0
1336.15	0	1	0	0	0
1335.15	0	1	0	0	0
1334.15	0	1	0	0	0
1333.15	0	1	0	0	0
1332.15	0	1	0	0	0
1331.15	0	1	0	0	0
1330.15	0	1	0	0	0
1329.15	0	1	0	0	0
1328.15	0	1	0	0	0
1327.15	0	1	0	0	0
1326.15	0	1	0	0	0
1325.15	0	1	0	0	0
1324.15	0	1	0	0	0
1323.15	0	1	0	0	0
1322.15	0	1	0	0	0
1321.15	0	1	0	0	0
1320.15	0	1	0	0	0
1319.15	0	1	0	0	0
1318.15	0	1	0	0	0
1317.15	0	1	0	0	0
1316.15	0	1	0	0	0
1315.15	0	1	0	0	0
1314.15	0	1	0	0	0
1313.15	0	1	0	0	0
1312.15	0	1	0	0	0
1311.15	0	1	0	0	0
1310.15	0	1	0	0	0
1309.15	0	1	0	0	0
1308.15	0	1	0	0	0
1307.15	0	1	0	0	0
1306.15	0	1	0	0	0
1305.15	0	1	0	0	0
1304.15	0	1	0	0	0
1303.15	0	1	0	0	0
1302.15	0	1	0	0	0
1301.15	0	1	0	0	0
1300.15	0	1	0	0	0
1299.15	0	1	0	0	0
1298.15	0	1	0	0	0
1297.15	0	1	0	0	0
1296.15	0	1	0	0	0
1295.15	0	1	0	0	0
1294.15	0	1	0	0	0
1293.15	0	1	0	0	0
1292.15	0	1	0	0	0
1291.15	0	1	0	0	0
1290.15	0	1	0	0	0
1289.15	0	1	0	0	0
1288.15	0	1	0	0	0
1287.15	0	1	0	0	0
1286.15	0	1	0	0	0
1285.15	0	1	0	0	0
1284.15	0	1	0	0	0
1283.15	0	1	0	0	0
1282.15	0	1	0	0	0
1281.15	0	1	0	0	0
1280.15	0	1	0	0	0
1279.15	0	1	0	0	0
1278.15	0	1	0	0	0
1277.15	0	1	0	0	0
1276.15	0	1	0	0	0
1275.15	0	1	0	0	0
1274.15	0	1	0	0	0
1273.15	0	1	0	0	0
1272.15	0	1	0	0	0
1271.986	0	1	0	0	0
1271.986	0	1	0	0	0
1271.986	0	1	0	0	0
1271.15	0	.9989482	.001051826	0	0
1270.15	0	.9976921	.002307922	0	0
1269.15	0	.9964381	.003561894	0	0
1268.15	0	.9951863	.004813742	0	0
1267.15	0	.9939365	.006063464	0	0
1266.15	0	.9926889	.007311059	0	0
1265.15	0	.9914435	.008556526	0	0
1264.15	0	.9902001	.009799862	0	0
1263.15	0	.9889589	.01104107	0	0
1262.15	0	.9877199	.01228014	0	0
1261.15	0	.9864829	.01351708	0	0
1260.15	0	.9852481	.01475188	0	0
1259.15	0	.9840155	.01598454	0	0
1258.15	0	.9827849	.01721507	0	0
1257.15	0	.9815566	.01844346	0	0
1256.15	0	.9803303	.0196697	0	0
1255.15	0	.9791062	.0208938	0	0
1254.15	0	.9778843	.02211575	0	0
1253.15	0	.9766645	.02333555	0	0
1252.15	0	.9754468	.02455321	0	0
1251.15	0	.9742313	.02576871	0	0
1250.15	0	.9730179	.02698206	0	0
1249.15	0	.9718067	.02819326	0	0
1248.15	0	.9705977	.0294023	0	0
1247.15	0	.9693908	.03060918	0	0
1246.15	0	.9681861	.0318139	0	0
1245.15	0	.9669835	.03301646	0	0
1244.15	0	.9657832	.03421685	0	0
1243.15	0	.9645849	.03541507	0	0
1242.15	0	.9633889	.03661113	0	0
1241.15	0	.962195	.03780501	0	0
1240.15	0	.9610033	.03899672	0	0
1239.15	0	.9598137	.04018626	0	0
1238.15	0	.9586264	.04137362	0	0
1237.15	0	.9574412	.04255879	0	0
1236.15	0	.9562582	.04374179	0	0
1235.15	0	.9550774	.0449226	0	0
1234.15	0	.9538988	.04610122	0	0
1233.15	0	.9527224	.04727765	0	0
1232.15	0	.9515481	.04845189	0	0
1231.15	0	.9503761	.04962394	0	0
1230.15	0	.9492062	.05079379	0	0
1229.15	0	.9480386	.05196144	0	0
1228.15	0	.9468731	.05312688	0	0
1227.15	0	.9457099	.05429012	0	0
1226.15	0	.9445488	.05545115	0	0
1225.15	0	.94339	.05660998	0	0
1224.15	0	.9422334	.05776659	0	0
1223.15	0	.941079	.05892098	0	0
1222.15	0	.9399268	.06007315	0	0
1221.15	0	.9387769	.0612231	0	0
1220.15	0	.9376292	.06237083	0	0
1219.15	0	.9364837	.06351633	0	0
1218.15	0	.9353404	.0646596	0	0
1217.15	0	.9341994	.06580063	0	0
1216.15	0	.9330606	.06693943	0	0
1215.15	0	.931924	.06807599	0	0
1214.15	0	.9307897	.0692103	0	0
1213.15	0	.9296576	.07034237	0	0
1212.15	0	.9285278	.07147219	0	0
1211.15	0	.9274002	.07259976	0	0
1210.15	0	.9262749	.07372507	0	0
1209.15	0	.9251519	.07484812	0	0
1208.15	0	.9240311	.07596891	0	0
1207.15	0	.9229126	.07708743	0	0
1206.15	0	.9217963	.07820368	0	0
1205.15	0	.9206823	.07931766	0	0
1204.15	0	.9195706	.08042936	0	0
1203.15	0	.9184612	.08153878	0	0
1202.15	0	.9173541	.08264591	0	0
1201.15	0	.9162492	.08375076	0	0
1200.15	0	.9151467	.08485332	0	0
1199.15	0	.9140464	.08595358	0	0
1198.15	0	.9129485	.08705154	0	0
1197.15	0	.9118528	.0881472	0	0
1196.15	0	.9107595	.08924055	0	0
1195.15	0	.9096684	.09033159	0	0
1194.15	0	.9085797	.09142032	0	0
1193.15	0	.9074933	.09250672	0	0
1192.15	0	.9064092	.09359081	0	0
1191.15	0	.9053274	.09467256	0	0
1190.15	0	.904248	.09575199	0	0
1189.15	0	.9031709	.09682908	0	0
1188.15	0	.9020962	.09790382	0	0
1187.15	0	.9010238	.09897623	0	0
1186.15	0	.8999537	.1000463	0	0
1185.15	0	.898886	.101114	0	0
1184.15	0	.8978207	.1021793	0	0
1183.15	0	.8967577	.1032423	0	0
1182.15	0	.8956971	.1043029	0	0
1181.15	0	.8946388	.1053612	0	0
1180.15	0	.893583	.106417	0	0
1179.15	0	.8925295	.1074705	0	0
1178.15	0	.8914784	.1085216	0	0
1177.15	0	.8904296	.1095703	0	0
1176.15	0	.8893833	.1106167	0	0
1175.15	0	.8883394	.1116606	0	0
1174.15	0	.8872979	.1127021	0	0
1173.15	0	.8862588	.1137412	0	0
1172.15	0	.8852221	.1147779	0	0
1171.15	0	.8841878	.1158122	0	0
1170.15	0	.883156	.116844	0	0
1169.15	0	.8821266	.1178734	0	0
1168.15	0	.8810996	.1189004	0	0
1167.15	0	.8800751	.1199249	0	0
1166.15	0	.879053	.120947	0	0
1165.15	0	.8780333	.1219667	0	0
1164.15	0	.8770162	.1229838	0	0
1163.15	0	.8760014	.1239986	0	0
1162.15	0	.8749892	.1250108	0	0
1161.15	0	.8739794	.1260206	0	0
1160.15	0	.8729721	.1270279	0	0
1159.15	0	.8719673	.1280327	0	0
1158.15	0	.870965	.129035	0	0
1157.15	0	.8699652	.1300348	0	0
1156.15	0	.8689678	.1310322	0	0
1155.15	0	.867973	.132027	0	0
1154.15	0	.8669807	.1330193	0	0
1153.15	0	.8659909	.1340091	0	0
1152.15	0	.8650037	.1349963	0	0
1151.15	0	.864019	.1359811	0	0
1150.15	0	.8630368	.1369632	0	0
1149.15	0	.8620571	.1379429	0	0
1148.15	0	.8610801	.1389199	0	0
1147.15	0	.8601055	.1398945	0	0
1146.15	0	.8591336	.1408664	0	0
1145.15	0	.8581642	.1418358	0	0
1144.15	0	.8571974	.1428026	0	0
1143.15	0	.8562331	.1437669	0	0
1142.15	0	.8552715	.1447285	0	0
1141.15	0	.8543125	.1456875	0	0
1140.15	0	.853356	.146644	0	0
1139.15	0	.8524022	.1475978	0	0
1138.15	0	.851451	.148549	0	0
1137.15	0	.8505024	.1494976	0	0
1136.15	0	.8495565	.1504436	0	0
1135.15	0	.8486131	.1513869	0	0
1134.15	0	.8476725	.1523275	0	0
1133.15	0	.8467345	.1532656	0	0
1132.15	0	.8457991	.1542009	0	0
1131.15	0	.8448664	.1551336	0	0
1130.15	0	.8439364	.1560636	0	0
1129.15	0	.8430091	.1569909	0	0
1128.15	0	.8420844	.1579156	0	0
1127.15	0	.8411625	.1588375	0	0
1126.15	0	.8402432	.1597568	0	0
1125.15	0	.8393267	.1606733	0	0
1124.15	0	.8384129	.1615871	0	0
1123.15	0	.8375018	.1624982	0	0
1122.15	0	.8365935	.1634065	0	0
1121.15	0	.8356879	.1643121	0	0
1120.15	0	.834785	.165215	0	0
1119.15	0	.8338849	.1661151	0	0
1118.15	0	.8329876	.1670124	0	0
1117.15	0	.832093	.167907	0	0
1116.15	0	.8312013	.1687987	0	0
1115.15	0	.8303123	.1696877	0	0
1114.15	0	.8294261	.1705739	0	0
1113.15	0	.8285428	.1714573	0	0
1112.15	0	.8276622	.1723378	0	0
1111.15	0	.8267845	.1732155	0	0
1110.15	0	.8259096	.1740904	0	0
1109.15	0	.8250375	.1749625	0	0
1108.15	0	.8241683	.1758317	0	0
1107.15	0	.823302	.176698	0	0
1106.15	0	.8224385	.1775615	0	0
1105.15	0	.8215779	.1784221	0	0
1104.15	0	.8207202	.1792798	0	0
1103.15	0	.8198654	.1801346	0	0
1102.15	0	.8190135	.1809865	0	0
1101.15	0	.8181645	.1818355	0	0
1100.15	0	.8173184	.1826816	0	0
1099.15	0	.8164753	.1835247	0	0
1098.15	0	.8156351	.1843649	0	0
1097.15	0	.8147979	.1852022	0	0
1096.15	0	.8139636	.1860364	0	0
1095.15	0	.8131322	.1868678	0	0
1094.15	0	.8123039	.1876961	0	0
1093.15	0	.8114785	.1885215	0	0
1092.15	0	.8106562	.1893438	0	0
1091.15	0	.8098368	.1901632	0	0
1090.15	0	.8090205	.1909795	0	0
1089.15	0	.8082072	.1917928	0	0
1088.15	0	.8073969	.1926031	0	0
1087.15	0	.8065897	.1934103	0	0
1086.15	0	.8057855	.1942145	0	0
1085.15	0	.8049844	.1950156	0	0
1084.15	0	.8041864	.1958136	0	0
1083.15	0	.8033915	.1966085	0	0
1082.15	0	.8025996	.1974004	0	0
1081.15	0	.8018109	.1981891	0	0
1080.15	0	.8010253	.1989747	0	0
1079.15	0	.8002428	.1997572	0	0
1078.15	0	.7994634	.2005366	0	0
1077.15	0	.7986872	.2013128	0	0
1076.15	0	.7979142	.2020858	0	0
1075.15	0	.7971443	.2028557	0	0
1074.15	0	.7963776	.2036224	0	0
1073.15	0	.7956141	.2043859	0	0
1072.15	0	.7948538	.2051462	0	0
1071.15	0	.7940967	.2059033	0	0
1070.15	0	.7933428	.2066572	0	0
1069.15	0	.7925922	.2074078	0	0
1068.15	0	.7918448	.2081552	0	0
1067.15	0	.7911007	.2088993	0	0
1066.15	0	.7903598	.2096402	0	0
1065.15	0	.7896222	.2103778	0	0
1064.15	0	.7888879	.2111121	0	0
1063.15	0	.7881569	.2118431	0	0
1062.15	0	.7874292	.2125708	0	0
1061.15	0	.7867048	.2132952	0	0
1060.15	0	.7859838	.2140163	0	0
1059.15	0	.7852661	.214734	0	0
1058.15	0	.7845517	.2154483	0	0
1057.15	0	.7838407	.2161593	0	0
1056.15	0	.7831331	.2168669	0	0
1055.15	0	.7824289	.2175711	0	0
1054.15	0	.7817281	.2182719	0	0
1053.808	0	.7814891	.2185109	0	0
1053.808	0	.7814891	.2185109	0	0
1053.808	0	.7814891	.2185109	0	0
1053.15	0	.7809066	.2188546	2.387632E-04	0
1052.15	0	.7800246	.2193744	6.009424E-04	0
1051.15	0	.7791468	.2198911	9.621639E-04	0
1050.15	0	.7782731	.2204045	.001322428	0
1049.15	0	.7774036	.2209147	.001681736	0
1048.15	0	.7765382	.2214217	.002040089	0
1047.15	0	.775677	.2219255	.002397485	0
1046.15	0	.77482	.2224261	.002753927	0
1045.15	0	.7739672	.2229234	.003109415	0
1044.15	0	.7731185	.2234175	.003463948	0
1043.15	0	.772274	.2239085	.003817528	0
1042.15	0	.7714337	.2243961	.004170154	0
1041.15	0	.7705976	.2248806	.004521827	0
1040.15	0	.7697657	.2253618	.004872548	0
1039.15	0	.768938	.2258397	.005222316	0
1038.15	0	.7681145	.2263144	.005571132	0
1037.15	0	.7672951	.2267859	.005918996	0
1036.15	0	.76648	.2272541	.006265908	0
1035.15	0	.7656691	.227719	.006611868	0
1034.15	0	.7648625	.2281807	.006956876	0
1033.15	0	.76406	.2286391	.007300932	0
1032.15	0	.7632618	.2290942	.007644036	0
1031.15	0	.7624678	.2295461	.007986188	0
1030.15	0	.761678	.2299946	.008327388	0
1029.15	0	.7608925	.2304399	.008667636	0
1028.15	0	.7601112	.2308819	.009006932	0
1027.15	0	.7593341	.2313206	.009345275	0
1026.15	0	.7585613	.231756	.009682665	0
1025.15	0	.7577928	.2321881	.0100191	0
1024.15	0	.7570285	.2326169	.01035459	0
1023.15	0	.7562684	.2330425	.01068911	0
1022.15	0	.7555127	.2334646	.01102269	0
1021.15	0	.7547612	.2338835	.01135531	0
1020.15	0	.754014	.2342991	.01168697	0
1019.15	0	.753271	.2347113	.01201768	0
1018.15	0	.7525323	.2351202	.01234743	0
1017.15	0	.751798	.2355258	.01267623	0
1016.15	0	.7510679	.2359281	.01300406	0
1015.15	0	.7503421	.236327	.01333094	0
1014.15	0	.7496206	.2367226	.01365686	0
1013.15	0	.7489034	.2371148	.01398182	0
1012.15	0	.7481905	.2375037	.01430581	0
1011.15	0	.7474819	.2378892	.01462885	0
1010.15	0	.7467777	.2382714	.01495092	0
1009.15	0	.7460777	.2386503	.01527202	0
1008.15	0	.7453821	.2390258	.01559216	0
1007.15	0	.7446908	.2393979	.01591134	0
1006.15	0	.7440038	.2397667	.01622954	0
1005.15	0	.7433212	.2401321	.01654678	0
1004.15	0	.7426429	.2404941	.01686305	0
1003.15	0	.7419689	.2408528	.01717834	0
1002.15	0	.7412993	.2412081	.01749266	0
1001.15	0	.740634	.24156	.01780601	0
1000.15	0	.7399731	.2419086	.01811838	0
999.15	0	.7393165	.2422537	.01842977	0
998.15	0	.7386643	.2425955	.01874018	0
997.15	0	.7380164	.242934	.01904961	0
996.15	0	.7373729	.243269	.01935806	0
995.15	0	.7367338	.2436007	.01966552	0
994.15	0	.736099	.243929	.019972	0
993.15	0	.7354687	.2442538	.02027748	0
992.15	0	.7348427	.2445754	.02058198	0
991.15	0	.734221	.2448935	.02088548	0
990.15	0	.7336038	.2452082	.02118799	0
989.15	0	.7329909	.2455196	.0214895	0
988.15	0	.7323824	.2458276	.02179001	0
987.15	0	.7317783	.2461322	.02208951	0
986.15	0	.7311786	.2464334	.02238802	0
985.15	0	.7305833	.2467312	.02268551	0
984.15	0	.7299923	.2470257	.022982	0
983.15	0	.7294058	.2473167	.02327747	0
982.15	0	.7288237	.2476044	.02357193	0
981.15	0	.7282459	.2478887	.02386537	0
980.15	0	.7276726	.2481697	.02415779	0
979.15	0	.7271036	.2484472	.02444918	0
978.15	0	.726539	.2487214	.02473955	0
977.15	0	.7259789	.2489922	.02502889	0
976.15	0	.7254231	.2492597	.0253172	0
975.15	0	.7248718	.2495238	.02560446	0
974.15	0	.7243248	.2497845	.02589069	0
973.15	0	.7237823	.2500419	.02617588	0
972.15	0	.7232441	.2502959	.02646002	0
971.15	0	.7227103	.2505466	.0267431	0
970.15	0	.722181	.2507939	.02702514	0
969.15	0	.721656	.2510379	.02730611	0
968.15	0	.7211354	.2512786	.02758603	0
967.15	0	.7206192	.2515159	.02786487	0
966.15	0	.7201074	.25175	.02814265	0
965.15	0	.7196	.2519807	.02841936	0
964.15	0	.7190969	.2522081	.02869498	0
963.15	0	.7185983	.2524322	.02896952	0
962.15	0	.718104	.252653	.02924298	0
961.15	0	.7176141	.2528706	.02951534	0
960.15	0	.7171286	.2530848	.02978661	0
959.15	0	.7166474	.2532958	.03005677	0
958.15	0	.7161706	.2535036	.03032583	0
957.15	0	.7156981	.2537081	.03059378	0
956.15	0	.71523	.2539094	.03086061	0
955.15	0	.7147663	.2541074	.03112631	0
954.15	0	.7143068	.2543023	.0313909	0
953.15	0	.7138517	.2544939	.03165435	0
952.15	0	.7134009	.2546824	.03191666	0
951.15	0	.7129545	.2548677	.03217782	0
950.15	0	.7125123	.2550498	.03243784	0
949.15	0	.7120745	.2552288	.0326967	0
948.15	0	.7116409	.2554047	.0329544	0
947.15	0	.7112116	.2555775	.03321093	0
946.15	0	.7107866	.2557472	.03346629	0
945.15	0	.7103658	.2559138	.03372047	0
944.15	0	.7099493	.2560773	.03397345	0
943.15	0	.709537	.2562378	.03422525	0
942.15	0	.7091289	.2563953	.03447584	0
941.15	0	.708725	.2565498	.03472523	0
940.15	0	.7083253	.2567013	.0349734	0
939.15	0	.7079298	.2568498	.03522035	0
938.15	0	.7075385	.2569954	.03546607	0
937.15	0	.7071513	.2571381	.03571054	0
936.15	0	.7067683	.257278	.03595378	0
935.15	0	.7063893	.2574149	.03619576	0
934.15	0	.7060145	.257549	.03643648	0
933.15	0	.7056437	.2576803	.03667592	0
932.15	0	.705277	.2578089	.03691409	0
931.15	0	.7049144	.2579346	.03715097	0
930.15	0	.7045557	.2580577	.03738656	0
929.15	0	.7042011	.2581781	.03762084	0
928.15	0	.7038504	.2582958	.03785381	0
927.15	0	.7035037	.2584109	.03808545	0
926.15	0	.7031609	.2585234	.03831575	0
925.15	0	.702822	.2586333	.03854472	0
924.15	0	.7024869	.2587408	.03877233	0
923.15	0	.7021557	.2588457	.03899858	0
922.15	0	.7018283	.2589482	.03922345	0
921.15	0	.7015048	.2590483	.03944694	0
920.15	0	.7011849	.2591461	.03966903	0
919.15	0	.7008688	.2592415	.03988972	0
918.15	0	.7005564	.2593346	.04010899	0
917.15	0	.7002476	.2594256	.04032682	0
916.15	0	.6999425	.2595143	.04054322	0
915.15	0	.6996409	.2596009	.04075816	0
914.15	0	.6993429	.2596855	.04097164	0
913.15	0	.6990484	.259768	.04118364	0
912.15	0	.6987574	.2598485	.04139414	0
911.15	0	.6984698	.2599271	.04160314	0
910.15	0	.6981856	.2600038	.04181062	0
909.15	0	.6979047	.2600788	.04201657	0
908.15	0	.6976271	.2601519	.04222097	0
907.15	0	.6973528	.2602234	.04242381	0
906.15	0	.6970816	.2602933	.04262508	0
905.15	0	.6968136	.2603616	.04282475	0
904.15	0	.6965487	.2604285	.04302282	0
903.15	0	.6962869	.2604939	.04321927	0
902.15	0	.696028	.260558	.04341407	0
901.15	0	.695772	.2606208	.04360722	0
900.15	0	.695519	.2606823	.04379871	0
899.15	0	.6952687	.2607428	.0439885	0
898.15	0	.6950212	.2608023	.04417658	0
897.15	0	.6947763	.2608608	.04436294	0
896.15	0	.6945341	.2609184	.04454755	0
895.15	0	.6942944	.2609752	.0447304	0
894.15	0	.6940572	.2610314	.04491147	0
893.15	0	.6938223	.2610869	.04509073	0
892.15	0	.6935898	.261142	.04526817	0
891.15	0	.6933596	.2611966	.04544377	0
890.15	0	.6931315	.261251	.0456175	0
889.15	0	.6929055	.2613052	.04578933	0
888.15	0	.6926815	.2613593	.04595926	0
887.15	0	.6924594	.2614134	.04612725	0
886.15	0	.692239	.2614677	.04629328	0
885.15	0	.6920205	.2615222	.04645732	0
884.15	0	.6918035	.2615771	.04661935	0
883.15	0	.6915881	.2616326	.04677935	0
882.15	0	.6913741	.2616887	.04693728	0
881.15	0	.6911614	.2617455	.04709311	0
880.15	0	.6909498	.2618033	.04724683	0
879.15	0	.6907394	.2618622	.04739839	0
878.15	0	.69053	.2619223	.04754777	0
877.15	0	.6903214	.2619837	.04769493	0
876.15	0	.6901135	.2620467	.04783984	0
875.15	0	.6899062	.2621113	.04798248	0
874.15	0	.6896993	.2621779	.04812279	0
873.15	0	.6894928	.2622465	.04826075	0
872.15	0	.6892864	.2623172	.04839632	0
871.15	0	.6890801	.2623904	.04852946	0
870.15	0	.6888736	.2624663	.04866013	0
869.15	0	.6886668	.2625449	.04878828	0
868.15	0	.6884596	.2626265	.04891388	0
867.15	0	.6882517	.2627114	.04903687	0
866.15	0	.688043	.2627998	.04915721	0
865.15	0	.6878333	.2628919	.04927485	0
864.15	0	.6876224	.2629879	.04938974	0
863.15	0	.6874101	.2630881	.04950182	0
862.15	0	.6871962	.2631928	.04961104	0
861.15	0	.6869804	.2633023	.04971735	0
860.15	0	.6867626	.2634168	.04982067	0
859.15	0	.6865425	.2635366	.04992094	0
858.15	0	.6863198	.2636621	.0500181	0
857.15	0	.6860943	.2637936	.05011208	0
856.15	0	.6858657	.2639315	.0502028	0
855.15	0	.6856337	.2640761	.05029018	0
854.15	0	.6853981	.2642278	.05037414	0
853.15	0	.6851584	.264387	.0504546	0
852.15	0	.6849145	.2645541	.05053146	0
851.15	0	.6846658	.2647296	.05060463	0
850.15	0	.6844121	.2649139	.05067399	0
849.15	0	.6841529	.2651076	.05073946	0
848.15	0	.6838879	.2653112	.0508009	0
847.15	0	.6836165	.2655253	.05085819	0
846.15	0	.6833384	.2657504	.05091121	0
845.15	0	.683053	.2659872	.05095981	0
844.15	0	.6827598	.2662363	.05100384	0
843.15	0	.6824582	.2664986	.05104314	0
842.15	0	.6821477	.2667748	.05107754	0
841.15	0	.6818274	.2670657	.05110685	0
840.15	0	.6814968	.2673723	.05113087	0
839.15	0	.6811551	.2676955	.05114939	0
838.15	0	.6808015	.2680363	.05116215	0
837.15	0	.680435	.2683961	.05116892	0
836.15	0	.6798438	.2690303	.05112586	0
835.15	0	.6789512	.2700339	.0510149	0
834.15	0	.6781203	.2709693	.05091038	0
833.15	0	.6773462	.2718422	.05081167	0
832.15	0	.6766243	.2726575	.05071823	0
831.15	0	.6759506	.2734198	.05062958	0
830.15	0	.6753215	.2741332	.05054529	0
829.15	0	.6747339	.2748011	.05046499	0
828.15	0	.6741847	.275427	.05038832	0
827.15	0	.6736713	.2760137	.050315	0
826.15	0	.6731913	.2765639	.05024476	0
825.15	0	.6727424	.2770802	.05017734	0
824.15	0	.6723226	.2775649	.05011252	0
823.15	0	.6719301	.2780198	.05005012	0
822.15	0	.671563	.2784471	.04998995	0
821.15	0	.6712198	.2788484	.04993183	0
820.15	0	.670899	.2792254	.04987563	0
819.15	0	.6705993	.2795795	.0498212	0
818.15	0	.6703193	.2799123	.04976843	0
817.15	0	.6700579	.2802249	.04971718	0
816.15	0	.669814	.2805186	.04966736	0
815.15	0	.6695866	.2807946	.04961887	0
814.15	0	.6693746	.2810538	.04957162	0
813.15	0	.6691773	.2812972	.04952552	0
812.15	0	.6689937	.2815258	.04948051	0
811.15	0	.668823	.2817405	.0494365	0
810.15	0	.6686646	.281942	.04939342	0
809.15	0	.6685177	.282131	.04935123	0
808.15	0	.6683817	.2823084	.04930986	0
807.15	0	.668256	.2824748	.04926926	0
806.15	0	.6681399	.2826307	.04922938	0
805.15	0	.668033	.2827768	.04919017	0
804.15	0	.6679347	.2829137	.04915159	0
803.15	0	.6678445	.2830419	.0491136	0
802.15	0	.6677621	.2831618	.04907616	0
801.15	0	.6676869	.2832739	.04903924	0
800.15	0	.6676185	.2833787	.0490028	0
799.15	0	.6675566	.2834766	.04896681	0
798.15	0	.6675008	.283568	.04893125	0
797.15	0	.6674507	.2836532	.04889608	0
796.15	0	.6674061	.2837326	.04886128	0
795.15	0	.6673666	.2838066	.04882683	0
794.15	0	.6673319	.2838754	.0487927	0
793.15	0	.6673018	.2839394	.04875887	0
792.15	0	.6672759	.2839988	.04872533	0
791.15	0	.6672541	.2840538	.04869205	0
790.15	0	.6672361	.2841049	.04865901	0
789.15	0	.6672217	.2841521	.0486262	0
788.15	0	.6672107	.2841957	.04859361	0
787.15	0	.6672028	.284236	.04856121	0
786.15	0	.6671979	.2842731	.04852899	0
785.15	0	.6671958	.2843072	.04849695	0
784.15	0	.6671964	.2843386	.04846506	0
783.15	0	.6671994	.2843673	.04843331	0
782.15	0	.6672047	.2843936	.0484017	0
781.15	0	.6672122	.2844176	.04837021	0
780.15	0	.6672217	.2844395	.04833884	0
779.15	0	.6672331	.2844594	.04830757	0
778.15	0	.6672462	.2844774	.04827639	0
777.15	0	.667261	.2844937	.04824529	0
776.15	0	.6672774	.2845084	.04821428	0
775.15	0	.6672951	.2845215	.04818333	0
774.15	0	.6673142	.2845333	.04815244	0
773.15	0	.6673346	.2845438	.04812161	0
772.15	0	.667356	.2845532	.04809082	0
771.15	0	.6673785	.2845614	.04806008	0
770.15	0	.667402	.2845686	.04802937	0
769.15	0	.6674264	.284575	.0479987	0
768.15	0	.6674515	.2845804	.04796804	0
767.15	0	.6674774	.2845852	.04793741	0
766.15	0	.667504	.2845892	.04790679	0
765.15	0	.6675312	.2845926	.04787618	0
764.15	0	.6675589	.2845955	.04784558	0
763.15	0	.6675871	.2845979	.04781498	0
762.15	0	.6676158	.2845999	.04778437	0
761.15	0	.6676448	.2846014	.04775376	0
760.15	0	.6676742	.2846027	.04772313	0
759.15	0	.6677038	.2846037	.0476925	0
758.15	0	.6677337	.2846045	.04766185	0
757.15	0	.6677638	.284605	.04763117	0
756.15	0	.667794	.2846055	.04760048	0
755.15	0	.6678244	.2846059	.04756976	0
754.15	0	.6678548	.2846062	.04753901	0
753.15	0	.6678853	.2846065	.04750823	0
752.15	0	.6679158	.2846068	.04747742	0
751.15	0	.6679463	.2846071	.04744657	0
750.15	0	.6679768	.2846075	.04741569	0
749.15	0	.66801	.2846059	.04738403	0
748.15	0	.6680401	.2846068	.04735312	0
747.15	0	.66807	.2846078	.04732216	0
746.15	0	.6680999	.284609	.04729116	0
745.15	0	.6681295	.2846104	.04726011	0
744.15	0	.668159	.284612	.047229	0
743.15	0	.6681883	.2846138	.04719785	0
742.15	0	.6682174	.2846159	.04716664	0
741.15	0	.6682463	.2846183	.04713538	0
740.15	0	.6682749	.284621	.04710407	0
739.15	0	.6683032	.2846241	.04707269	0
738.15	0	.6683313	.2846274	.04704127	0
737.15	0	.6683591	.2846311	.04700978	0
736.15	0	.6683866	.2846352	.04697824	0
735.15	0	.6684137	.2846397	.04694663	0
734.15	0	.6684405	.2846445	.04691497	0
733.15	0	.668467	.2846497	.04688324	0
732.15	0	.6684931	.2846554	.04685146	0
731.15	0	.6685189	.2846615	.04681961	0
730.15	0	.6685443	.284668	.0467877	0
729.15	0	.6685693	.284675	.04675573	0
728.15	0	.668594	.2846823	.0467237	0
727.15	0	.6686182	.2846902	.0466916	0
726.15	0	.668642	.2846985	.04665944	0
725.15	0	.6686655	.2847073	.04662722	0
724.15	0	.6686885	.2847166	.04659493	0
723.15	0	.6687111	.2847263	.04656258	0
722.15	0	.6687333	.2847365	.04653017	0
721.15	0	.6687551	.2847472	.04649769	0
720.15	0	.6687764	.2847584	.04646515	0
719.15	0	.6687973	.2847701	.04643254	0
718.15	0	.6688178	.2847823	.04639987	0
717.15	0	.6688379	.284795	.04636713	0
716.15	0	.6688574	.2848082	.04633434	0
715.15	0	.6688766	.2848219	.04630147	0
714.15	0	.6688953	.2848361	.04626855	0
713.15	0	.6689136	.2848509	.04623556	0
712.15	0	.6689314	.2848661	.0462025	0
711.15	0	.6689488	.2848819	.04616938	0
710.15	0	.6689657	.2848981	.0461362	0
709.15	0	.6689822	.2849149	.04610296	0
708.15	0	.6689982	.2849321	.04606965	0
707.15	0	.6690138	.2849499	.04603628	0
706.15	0	.6690289	.2849682	.04600285	0
705.15	0	.6690436	.284987	.04596936	0
704.15	0	.6690578	.2850064	.0459358	0
703.15	0	.6690716	.2850262	.04590219	0
702.15	0	.669085	.2850465	.04586851	0
701.15	0	.6690978	.2850674	.04583477	0
700.15	0	.6691103	.2850887	.04580098	0
699.15	0	.6691223	.2851106	.04576712	0
698.15	0	.6691339	.2851329	.0457332	0
697.15	0	.669145	.2851558	.04569923	0
696.15	0	.6691557	.2851791	.04566519	0
695.15	0	.669166	.2852029	.0456311	0
694.15	0	.6691758	.2852273	.04559696	0
693.15	0	.6691852	.2852521	.04556275	0
692.15	0	.6691941	.2852774	.04552849	0
691.15	0	.6692027	.2853032	.04549417	0
690.15	0	.6692108	.2853295	.0454598	0
689.15	0	.6692184	.2853562	.04542537	0
688.15	0	.6692257	.2853834	.04539088	0
687.15	0	.6692326	.2854111	.04535635	0
686.15	0	.669239	.2854393	.04532176	0
685.15	0	.669245	.2854679	.04528712	0
684.15	0	.6692506	.285497	.04525242	0
683.15	0	.6692558	.2855265	.04521768	0
682.15	0	.6692606	.2855565	.04518288	0
681.15	0	.669265	.285587	.04514803	0
680.15	0	.669269	.2856179	.04511313	0
679.15	0	.6692726	.2856493	.04507819	0
678.15	0	.6692758	.285681	.04504319	0
677.15	0	.6692786	.2857133	.04500815	0
676.15	0	.669281	.2857459	.04497306	0
675.15	0	.669283	.285779	.04493792	0
674.15	0	.6692847	.2858126	.04490274	0
673.15	0	.669286	.2858465	.04486752	0
672.15	0	.6692869	.2858809	.04483224	0
671.15	0	.6692874	.2859156	.04479693	0
670.15	0	.6692876	.2859508	.04476157	0
669.15	0	.6692874	.2859864	.04472617	0
668.15	0	.6692868	.2860224	.04469072	0
667.15	0	.6692859	.2860588	.04465524	0
666.15	0	.6692847	.2860956	.04461971	0
665.15	0	.669283	.2861328	.04458415	0
664.15	0	.6692811	.2861704	.04454854	0
663.15	0	.6692787	.2862084	.0445129	0
662.15	0	.6692761	.2862467	.04447722	0
661.15	0	.6692731	.2862854	.04444151	0
660.15	0	.6692697	.2863245	.04440575	0
659.15	0	.6692661	.286364	.04436997	0
658.15	0	.6692621	.2864038	.04433414	0
657.15	0	.6692577	.286444	.04429828	0
656.15	0	.6692531	.2864845	.04426239	0
655.15	0	.6692481	.2865254	.04422647	0
654.15	0	.6692428	.2865667	.04419052	0
653.15	0	.6692372	.2866082	.04415453	0
652.15	0	.6692313	.2866502	.04411852	0
651.15	0	.6692251	.2866924	.04408247	0
650.15	0	.6692186	.286735	.0440464	0
649.15	0	.6692118	.2867779	.0440103	0
648.15	0	.6692047	.2868212	.04397417	0
647.15	0	.6691973	.2868647	.04393801	0
646.15	0	.6691896	.2869086	.04390183	0
645.15	0	.6691816	.2869528	.04386562	0
644.15	0	.6691733	.2869973	.04382939	0
643.15	0	.6691647	.2870421	.04379314	0
642.15	0	.6691559	.2870872	.04375686	0
641.15	0	.6691468	.2871326	.04372057	0
640.15	0	.6691374	.2871783	.04368425	0
639.15	0	.6691278	.2872243	.04364791	0
638.15	0	.6691179	.2872706	.04361155	0
637.15	0	.6691077	.2873171	.04357518	0
636.15	0	.6690973	.2873639	.04353878	0
635.15	0	.6690866	.287411	.04350237	0
634.15	0	.6690757	.2874584	.04346594	0
633.15	0	.6690645	.287506	.0434295	0
632.15	0	.669053	.2875539	.04339304	0
631.15	0	.6690414	.2876021	.04335657	0
630.15	0	.6690294	.2876505	.04332008	0
629.15	0	.6690173	.2876992	.04328359	0
628.15	0	.6690049	.287748	.04324708	0
627.15	0	.6689922	.2877972	.04321056	0
626.15	0	.6689794	.2878466	.04317403	0
625.15	0	.6689663	.2878962	.04313749	0
624.15	0	.668953	.2879461	.04310095	0
623.15	0	.6689395	.2879961	.04306439	0
622.15	0	.6689257	.2880464	.04302783	0
621.15	0	.6689118	.288097	.04299127	0
620.15	0	.6688976	.2881477	.04295469	0
619.15	0	.6688832	.2881987	.04291812	0
618.15	0	.6688686	.2882498	.04288154	0
617.15	0	.6688539	.2883012	.04284496	0
616.15	0	.6688389	.2883528	.04280838	0
615.15	0	.6688237	.2884045	.04277179	0
614.15	0	.6688083	.2884565	.04273521	0
613.15	0	.6687927	.2885087	.04269863	0
612.15	0	.6687769	.288561	.04266204	0
611.15	0	.668761	.2886135	.04262547	0
610.15	0	.6687449	.2886663	.04258889	0
609.15	0	.6687285	.2887192	.04255232	0
608.15	0	.668712	.2887722	.04251575	0
607.15	0	.6686954	.2888254	.04247919	0
606.15	0	.6686785	.2888789	.04244263	0
605.15	0	.6686615	.2889324	.04240609	0
604.15	0	.6686443	.2889862	.04236955	0
603.15	0	.6686269	.2890401	.04233302	0
602.15	0	.6686094	.2890941	.0422965	0
601.15	0	.6685917	.2891483	.04225999	0
600.15	0	.6685739	.2892026	.04222349	0
599.15	0	.6685559	.2892571	.042187	0
598.15	0	.6685377	.2893117	.04215053	0
597.15	0	.6685194	.2893665	.04211407	0
596.15	0	.668501	.2894214	.04207762	0
595.15	0	.6684824	.2894764	.04204119	0
594.15	0	.6684636	.2895316	.04200478	0
593.15	0	.6684447	.2895869	.04196838	0
592.15	0	.6684257	.2896423	.041932	0
591.15	0	.6684065	.2896978	.04189564	0
590.15	0	.6683872	.2897535	.0418593	0
589.15	0	.6683678	.2898092	.04182298	0
588.15	0	.6683482	.2898651	.04178668	0
587.15	0	.6683285	.2899211	.04175041	0
586.15	0	.6683087	.2899771	.04171416	0
585.15	0	.6682888	.2900333	.04167792	0
584.15	0	.6682687	.2900896	.04164172	0
583.15	0	.6682485	.290146	.04160554	0
582.15	0	.6682282	.2902024	.04156939	0
581.15	0	.6682078	.290259	.04153326	0
580.15	0	.6681873	.2903156	.04149716	0
579.15	0	.6681666	.2903723	.04146109	0
578.15	0	.6681459	.2904291	.04142505	0
577.15	0	.668125	.290486	.04138904	0
576.15	0	.668104	.2905429	.04135306	0
575.15	0	.668083	.2905999	.04131711	0
574.15	0	.6680618	.290657	.04128119	0
573.15	0	.6680406	.2907141	.04124531	0
572.15	0	.6680192	.2907713	.04120946	0
571.15	0	.6679977	.2908286	.04117365	0
570.15	0	.6679762	.2908859	.04113787	0
569.15	0	.6679546	.2909433	.04110213	0
568.15	0	.6679328	.2910007	.04106643	0
567.15	0	.667911	.2910582	.04103076	0
566.15	0	.6678891	.2911158	.04099514	0
565.15	0	.6678671	.2911733	.04095955	0
564.15	0	.6678451	.2912309	.04092401	0
563.15	0	.6678229	.2912886	.0408885	0
562.15	0	.6678007	.2913462	.04085304	0
561.15	0	.6677784	.291404	.04081763	0
560.15	0	.6677561	.2914617	.04078225	0
559.15	0	.6677336	.2915195	.04074692	0
558.15	0	.6677111	.2915772	.04071164	0
557.15	0	.6676886	.2916351	.0406764	0
556.15	0	.6676659	.2916929	.04064121	0
555.15	0	.6676432	.2917507	.04060607	0
554.15	0	.6676205	.2918086	.04057097	0
553.15	0	.6675976	.2918665	.04053593	0
552.15	0	.6675747	.2919243	.04050093	0
551.15	0	.6675518	.2919822	.04046599	0
550.15	0	.6675288	.2920401	.0404311	0
549.15	0	.6675058	.292098	.04039626	0
548.15	0	.6674827	.2921559	.04036148	0
547.15	0	.6674595	.2922138	.04032674	0
546.15	0	.6674363	.2922716	.04029207	0
545.15	0	.6674131	.2923295	.04025745	0
544.15	0	.6673898	.2923874	.04022288	0
543.15	0	.6673664	.2924452	.04018838	0
542.15	0	.6673431	.292503	.04015393	0
541.15	0	.6673196	.2925608	.04011954	0
540.15	0	.6672962	.2926186	.04008521	0
539.15	0	.6672727	.2926764	.04005094	0
538.15	0	.6672491	.2927341	.04001673	0
537.15	0	.6672256	.2927918	.03998259	0
536.15	0	.667202	.2928495	.0399485	0
535.15	0	.6671784	.2929072	.03991448	0
534.15	0	.6671547	.2929648	.03988053	0
533.15	0	.667131	.2930223	.03984664	0
532.15	0	.6671073	.2930799	.03981281	0
531.15	0	.6670836	.2931374	.03977906	0
530.15	0	.6670598	.2931948	.03974536	0
529.15	0	.6670361	.2932522	.03971174	0
528.15	0	.6670122	.2933096	.03967819	0
527.15	0	.6669884	.2933669	.0396447	0
526.15	0	.6669646	.2934241	.03961129	0
525.15	0	.6669407	.2934813	.03957794	0
524.15	0	.6669169	.2935385	.03954467	0
523.15	0	.666893	.2935955	.03951148	0
522.15	0	.6668691	.2936526	.03947835	0
521.15	0	.6668452	.2937095	.0394453	0
520.15	0	.6668213	.2937664	.03941232	0
519.15	0	.6667974	.2938232	.03937942	0
518.15	0	.6667734	.29388	.0393466	0
517.15	0	.6667495	.2939366	.03931385	0
516.15	0	.6667256	.2939932	.03928118	0
515.15	0	.6667017	.2940498	.03924859	0
514.15	0	.6666777	.2941062	.03921608	0
513.15	0	.6666538	.2941626	.03918364	0
512.15	0	.6666298	.2942189	.03915129	0
511.15	0	.6666059	.2942751	.03911902	0
510.15	0	.666582	.2943312	.03908683	0
509.15	0	.6665581	.2943872	.03905473	0
508.15	0	.6665342	.2944431	.0390227	0
507.15	0	.6665102	.294499	.03899077	0
506.15	0	.6664864	.2945547	.03895891	0
505.15	0	.6664625	.2946104	.03892715	0
504.15	0	.6664386	.294666	.03889546	0
503.15	0	.6664147	.2947214	.03886387	0
502.15	0	.6663909	.2947768	.03883237	0
501.15	0	.666367	.294832	.03880095	0
500.15	0	.6663432	.2948872	.03876962	0
499.15	0	.6663196	.2949422	.03873823	0
498.15	0	.6662958	.2949971	.03870708	0
497.15	0	.6662721	.2950519	.03867602	0
496.15	0	.6662483	.2951066	.03864505	0
495.15	0	.6662246	.2951612	.03861417	0
494.15	0	.6662009	.2952157	.03858339	0
493.15	0	.6661773	.2952701	.0385527	0
492.15	0	.6661536	.2953243	.03852211	0
491.15	0	.66613	.2953784	.03849161	0
490.15	0	.6661064	.2954324	.0384612	0
489.15	0	.6660829	.2954863	.0384309	0
488.15	0	.6660593	.29554	.03840069	0
487.15	0	.6660358	.2955936	.03837058	0
486.15	0	.6660124	.2956471	.03834057	0
485.15	0	.6659889	.2957004	.03831065	0
484.15	0	.6659655	.2957536	.03828084	0
483.15	0	.6659422	.2958067	.03825113	0
482.15	0	.6659188	.2958597	.03822151	0
481.15	0	.6658955	.2959125	.038192	0
480.15	0	.6658723	.2959651	.0381626	0
479.15	0	.6658491	.2960176	.03813329	0
478.15	0	.6658259	.29607	.03810409	0
477.15	0	.6658028	.2961222	.03807499	0
476.15	0	.6657797	.2961743	.038046	0
475.15	0	.6657566	.2962262	.03801712	0
474.15	0	.6657336	.296278	.03798834	0
473.15	0	.6657107	.2963297	.03795966	0
472.15	0	.6656878	.2963811	.0379311	0
471.15	0	.6656649	.2964325	.03790264	0
470.15	0	.6656421	.2964836	.03787429	0
469.15	0	.6656193	.2965346	.03784605	0
468.15	0	.6655966	.2965855	.03781792	0
467.15	0	.6655739	.2966362	.0377899	0
466.15	0	.6655513	.2966867	.03776199	0
465.15	0	.6655287	.2967371	.0377342	0
464.15	0	.6655062	.2967873	.03770651	0
463.15	0	.6654838	.2968373	.03767894	0
462.15	0	.6654614	.2968872	.03765148	0
461.15	0	.665439	.2969369	.03762414	0
460.15	0	.6654167	.2969864	.0375969	0
459.15	0	.6653945	.2970357	.03756979	0
458.15	0	.6653723	.2970849	.03754279	0
457.15	0	.6653502	.2971339	.03751591	0
456.15	0	.6653281	.2971827	.03748914	0
455.15	0	.6653061	.2972314	.03746249	0
454.15	0	.6652842	.2972799	.03743596	0
453.15	0	.6652623	.2973282	.03740955	0
452.15	0	.6652405	.2973763	.03738325	0
451.15	0	.6652187	.2974242	.03735708	0
450.15	0	.665197	.2974719	.03733103	0
449.15	0	.6651754	.2975194	.03730511	0
448.15	0	.6651539	.2975668	.03727931	0
447.15	0	.6651325	.2976139	.03725365	0
446.15	0	.6651111	.2976608	.0372281	0
445.3236	0	.6650935	.2976994	.03720709	0
445.3236	0	.6650935	.2976994	.03720709	0
445.3236	0	.6650935	.2976994	.03720709	0
445.15	0	.6651397	.2975928	.0371496	1.179947E-04
444.15	0	.6654049	.2969794	.0368189	7.968346E-04
443.15	0	.6656692	.2963675	.03648898	.001474403
442.15	0	.6659326	.2957569	.03615982	.002150711
441.15	0	.6661952	.2951476	.03583141	.002825773
440.15	0	.666457	.2945397	.03550376	.0034996
439.15	0	.6667179	.293933	.03517686	.004172204
438.15	0	.666978	.2933276	.03485071	.004843598
437.15	0	.6672374	.2927235	.0345253	.005513792
436.15	0	.667496	.2921206	.03420063	.006182798
435.15	0	.6677538	.2915189	.03387669	.006850628
434.15	0	.6680109	.2909183	.03355349	.007517292
433.15	0	.6682673	.2903189	.03323101	.008182803
432.15	0	.6685229	.2897207	.03290925	.008847171
431.15	0	.6687779	.2891235	.03258822	.009510407
430.15	0	.6690321	.2885275	.0322679	.01017252
429.15	0	.6692857	.2879325	.03194829	.01083352
428.15	0	.6695386	.2873386	.03162938	.01149343
427.15	0	.6697909	.2867457	.03131119	.01215224
426.15	0	.6700426	.2861538	.03099369	.01280997
425.15	0	.6702936	.2855629	.03067689	.01346664
424.15	0	.670544	.284973	.03036078	.01412224
423.15	0	.6707938	.284384	.03004536	.01477679
422.15	0	.671043	.283796	.02973063	.01543031
421.15	0	.6712917	.2832089	.02941658	.01608279
420.15	0	.6715398	.2826228	.02910321	.01673425
419.15	0	.6717873	.2820375	.02879051	.01738469
418.15	0	.6720343	.2814531	.02847849	.01803414
417.15	0	.6722808	.2808695	.02816713	.01868259
416.15	0	.6725267	.2802868	.02785644	.01933006
415.15	0	.6727721	.2797049	.0275464	.01997655
414.15	0	.673017	.2791239	.02723703	.02062207
413.15	0	.6732615	.2785436	.02692831	.02126663
412.15	0	.6735054	.2779641	.02662024	.02191025
411.15	0	.6737489	.2773854	.02631281	.02255292
410.15	0	.6739919	.2768074	.02600603	.02319466
409.15	0	.6742345	.2762302	.02569989	.02383547
408.15	0	.6744766	.2756537	.02539439	.02447537
407.15	0	.6747182	.2750779	.02508952	.02511436
406.15	0	.6749595	.2745028	.02478528	.02575245
405.15	0	.6752003	.2739284	.02448167	.02638964
404.15	0	.6754407	.2733547	.02417868	.02702595
403.15	0	.6756807	.2727816	.02387632	.02766138
402.15	0	.6759203	.2722092	.02357457	.02829594
401.15	0	.6761595	.2716375	.02327343	.02892964
400.15	0	.6763983	.2710663	.02297291	.02956248
399.15	0	.6766367	.2704958	.02267299	.03019447
398.15	0	.6768748	.2699259	.02237368	.03082562
397.15	0	.6771125	.2693566	.02207497	.03145594
396.15	0	.6773499	.2687878	.02177686	.03208544
395.15	0	.6775869	.2682196	.02147934	.03271411
394.15	0	.6778236	.2676521	.02118241	.03334197
393.15	0	.6780599	.267085	.02088608	.03396902
392.15	0	.6782959	.2665185	.02059033	.03459527
391.15	0	.6785316	.2659525	.02029517	.03522073
390.15	0	.678767	.265387	.02000058	.0358454
389.15	0	.679002	.2648221	.01970657	.0364693
388.15	0	.6792368	.2642577	.01941314	.03709242
387.15	0	.6794713	.2636937	.01912028	.03771477
386.15	0	.6797054	.2631303	.01882798	.03833636
385.15	0	.6799393	.2625673	.01853626	.03895719
384.15	0	.6801729	.2620048	.01824509	.03957728
383.15	0	.6804062	.2614427	.01795449	.04019662
382.15	0	.6806392	.2608811	.01766444	.04081522
381.15	0	.680872	.2603199	.01737494	.0414331
380.15	0	.6811045	.2597592	.017086	.04205024
379.15	0	.6813368	.2591989	.01679761	.04266667
378.15	0	.6815688	.2586391	.01650976	.04328238
377.15	0	.6818006	.2580796	.01622246	.04389739
376.15	0	.6820321	.2575205	.0159357	.04451169
375.15	0	.6822634	.2569619	.01564947	.04512529
374.15	0	.6824944	.2564036	.01536379	.0457382
373.15	0	.6827252	.2558457	.01507863	.04635042
372.15	0	.6829558	.2552882	.014794	.04696196
371.15	0	.6831862	.2547311	.01450991	.04757282
370.15	0	.6834163	.2541743	.01422633	.04818301
369.15	0	.6836462	.2536179	.01394328	.04879253
368.15	0	.683876	.2530619	.01366075	.0494014
367.15	0	.6841055	.2525062	.01337874	.0500096
366.15	0	.6843348	.2519508	.01309724	.05061715
365.15	0	.6845639	.2513958	.01281626	.05122405
364.15	0	.6847928	.2508411	.01253578	.05183031
363.15	0	.6850216	.2502867	.01225582	.05243593
362.15	0	.6852501	.2497326	.01197636	.05304092
361.15	0	.6854785	.2491788	.0116974	.05364528
360.15	0	.6857067	.2486254	.01141894	.05424901
359.15	0	.6859347	.2480722	.01114099	.05485212
358.15	0	.6861625	.2475194	.01086353	.05545462
357.15	0	.6863901	.2469668	.01058656	.05605651
356.15	0	.6866176	.2464145	.01031008	.05665778
355.15	0	.6868449	.2458625	.0100341	.05725845
354.15	0	.6870721	.2453108	.009758596	.05785853
353.15	0	.6872991	.2447594	.009483583	.05845801
352.15	0	.6875259	.2442082	.009209053	.05905689
351.15	0	.6877526	.2436572	.008935003	.05965519
350.15	0	.6879791	.2431066	.008661433	.06025291
349.15	0	.6882055	.2425562	.008388339	.06085004
348.15	0	.6884317	.242006	.008115721	.0614466
347.15	0	.6886578	.2414561	.007843575	.06204259
346.15	0	.6888837	.2409064	.0075719	.06263801
