T	 BPW(LIQUID)	BPW(BCC_A2)	BPW(FCC_A1)	BPW(LAVES_PHASE_C14)	BPW(NI3TI)
1473.15	.6274119	.2606535	0	.1119346	0
1472.15	.619333	.2661327	0	.1145343	0
1471.15	.6114032	.2715075	0	.1170893	0
1470.15	.6036184	.2767806	0	.1196009	0
1469.15	.5959749	.2819548	0	.1220703	0
1468.15	.5884688	.2870325	0	.1244987	0
1467.15	.5810966	.2920163	0	.126887	0
1466.15	.5738549	.2969086	0	.1292365	0
1465.15	.5667403	.3017117	0	.131548	0
1464.15	.5597495	.3064278	0	.1338227	0
1463.15	.5528793	.3110591	0	.1360615	0
1462.15	.5461268	.3156078	0	.1382654	0
1461.15	.5394891	.3200758	0	.1404351	0
1460.15	.5329632	.3244652	0	.1425716	0
1459.15	.5265464	.3287778	0	.1446758	0
1458.15	.5202361	.3330156	0	.1467484	0
1457.15	.5140296	.3371802	0	.1487902	0
1456.15	.5079245	.3412734	0	.1508021	0
1455.15	.5019184	.345297	0	.1527846	0
1454.15	.4960089	.3492525	0	.1547387	0
1453.15	.4901936	.3531415	0	.1566649	0
1452.15	.4844705	.3569656	0	.1585639	0
1451.15	.4788374	.3607263	0	.1604364	0
1450.15	.4732921	.364425	0	.1622829	0
1449.15	.4678327	.368063	0	.1641042	0
1448.15	.4624573	.3716419	0	.1659008	0
1447.15	.4571638	.3751629	0	.1676733	0
1446.15	.4519505	.3786272	0	.1694223	0
1445.15	.4468156	.3820362	0	.1711482	0
1444.15	.4417574	.385391	0	.1728516	0
1443.15	.4367741	.3886928	0	.1745331	0
1442.15	.4318641	.3919428	0	.1761931	0
1441.15	.4270258	.3951421	0	.177832	0
1440.15	.4222577	.3982918	0	.1794505	0
1439.15	.4175583	.4013929	0	.1810489	0
1438.15	.412926	.4044464	0	.1826276	0
1437.15	.4083595	.4074534	0	.1841871	0
1436.15	.4038574	.4104148	0	.1857278	0
1435.15	.3994183	.4133315	0	.1872502	0
1434.15	.3950409	.4162046	0	.1887546	0
1433.15	.3907239	.4190348	0	.1902413	0
1432.15	.3864662	.421823	0	.1917108	0
1431.15	.3822664	.4245701	0	.1931635	0
1430.15	.3781234	.427277	0	.1945996	0
1429.15	.3740361	.4299443	0	.1960196	0
1428.15	.3700033	.432573	0	.1974237	0
1427.15	.3660239	.4351638	0	.1988123	0
1426.15	.362097	.4377173	0	.2001857	0
1425.15	.3582214	.4402344	0	.2015442	0
1424.15	.3543961	.4427158	0	.2028881	0
1423.15	.3506201	.4451621	0	.2042178	0
1422.15	.3468926	.447574	0	.2055334	0
1421.15	.3432125	.4499522	0	.2068353	0
1420.15	.339579	.4522972	0	.2081237	0
1419.15	.3359912	.4546099	0	.209399	0
1418.15	.3324481	.4568907	0	.2106612	0
1417.15	.328949	.4591402	0	.2119108	0
1416.15	.325493	.461359	0	.213148	0
1415.15	.3220793	.4635477	0	.214373	0
1414.15	.3187072	.4657069	0	.2155859	0
1413.15	.3153758	.467837	0	.2167872	0
1412.15	.3120845	.4699387	0	.2179768	0
1411.15	.3088324	.4720124	0	.2191552	0
1410.15	.3056189	.4740586	0	.2203225	0
1409.15	.3024432	.4760778	0	.2214789	0
1408.15	.2993048	.4780706	0	.2226246	0
1407.15	.2962029	.4800373	0	.2237598	0
1406.15	.2931368	.4819784	0	.2248847	0
1405.15	.290106	.4838945	0	.2259995	0
1404.15	.2871098	.4857858	0	.2271044	0
1403.15	.2841476	.4876529	0	.2281995	0
1402.15	.2812189	.4894962	0	.229285	0
1401.15	.2783229	.491316	0	.2303611	0
1400.15	.2754592	.4931129	0	.2314279	0
1399.15	.2726273	.4948871	0	.2324857	0
1398.15	.2698265	.496639	0	.2335345	0
1397.15	.2670563	.4983691	0	.2345745	0
1396.15	.2643163	.5000777	0	.235606	0
1395.15	.2616059	.5017651	0	.2366289	0
1394.15	.2589246	.5034318	0	.2376436	0
1393.15	.256272	.505078	0	.23865	0
1392.15	.2536474	.5067041	0	.2396484	0
1391.15	.2510506	.5083105	0	.2406389	0
1390.15	.248481	.5098973	0	.2416216	0
1389.15	.2459382	.5114651	0	.2425967	0
1388.15	.2434218	.513014	0	.2435642	0
1387.15	.2409313	.5145444	0	.2445244	0
1386.15	.2384662	.5160565	0	.2454772	0
1385.15	.2360263	.5175508	0	.2464229	0
1384.15	.2336111	.5190274	0	.2473616	0
1383.15	.2312201	.5204866	0	.2482933	0
1382.15	.2288531	.5219287	0	.2492182	0
1381.15	.2265096	.523354	0	.2501364	0
1380.15	.2241893	.5247627	0	.251048	0
1379.15	.2218918	.5261551	0	.2519531	0
1378.15	.2196167	.5275315	0	.2528518	0
1377.15	.2173637	.528892	0	.2537442	0
1376.15	.2151325	.5302371	0	.2546305	0
1375.15	.2129227	.5315667	0	.2555106	0
1374.15	.210734	.5328813	0	.2563847	0
1373.15	.2085661	.5341811	0	.2572529	0
1372.15	.2064186	.5354661	0	.2581153	0
1371.15	.2042913	.5367368	0	.2589719	0
1370.15	.2021838	.5379933	0	.2598229	0
1369.15	.2000959	.5392358	0	.2606683	0
1368.15	.1980272	.5404645	0	.2615083	0
1367.15	.1959775	.5416797	0	.2623428	0
1366.15	.1939465	.5428814	0	.2631721	0
1365.15	.1919339	.54407	0	.263996	0
1364.15	.1899395	.5452456	0	.2648149	0
1363.15	.1879629	.5464084	0	.2656286	0
1362.15	.186004	.5475586	0	.2664374	0
1361.15	.1840624	.5486964	0	.2672412	0
1360.15	.1821379	.549822	0	.2680401	0
1359.15	.1802303	.5509354	0	.2688343	0
1358.15	.1783393	.552037	0	.2696237	0
1357.15	.1764647	.5531269	0	.2704084	0
1356.15	.1746063	.5542052	0	.2711886	0
1355.15	.1727638	.555272	0	.2719642	0
1354.15	.170937	.5563277	0	.2727353	0
1353.15	.1691256	.5573723	0	.2735021	0
1352.15	.1673295	.558406	0	.2742645	0
1351.15	.1655485	.5594289	0	.2750226	0
1350.15	.1637823	.5604411	0	.2757765	0
1349.15	.1620308	.5614429	0	.2765263	0
1348.15	.1602937	.5624344	0	.2772719	0
1347.15	.1585708	.5634157	0	.2780135	0
1346.15	.156862	.564387	0	.2787511	0
1345.15	.155167	.5653483	0	.2794847	0
1344.15	.1534857	.5662999	0	.2802144	0
1343.15	.1518178	.5672419	0	.2809403	0
1342.15	.1501632	.5681743	0	.2816625	0
1341.15	.1485218	.5690973	0	.2823808	0
1340.15	.1468933	.5700112	0	.2830955	0
1339.15	.1452776	.5709158	0	.2838066	0
1338.15	.1436745	.5718115	0	.2845141	0
1337.15	.1420838	.5726983	0	.285218	0
1336.15	.1405053	.5735763	0	.2859184	0
1335.15	.138939	.5744457	0	.2866153	0
1334.15	.1373846	.5753065	0	.2873089	0
1333.15	.135842	.5761589	0	.2879991	0
1332.15	.1343111	.577003	0	.2886859	0
1331.15	.1327916	.5778389	0	.2893695	0
1330.15	.1312835	.5786667	0	.2900498	0
1329.15	.1297865	.5794865	0	.290727	0
1328.15	.1283006	.5802984	0	.291401	0
1327.15	.1268256	.5811025	0	.2920718	0
1326.15	.1253614	.581899	0	.2927396	0
1325.15	.1239078	.5826878	0	.2934044	0
1324.15	.1224647	.5834692	0	.2940661	0
1323.15	.121032	.5842432	0	.2947249	0
1322.15	.1196095	.5850099	0	.2953807	0
1321.15	.1181971	.5857693	0	.2960336	0
1320.15	.1167946	.5865217	0	.2966837	0
1319.15	.115402	.587267	0	.2973309	0
1318.15	.1140192	.5880054	0	.2979754	0
1317.15	.1126459	.588737	0	.2986171	0
1316.15	.1112822	.5894618	0	.299256	0
1315.15	.1099278	.5901799	0	.2998923	0
1314.15	.1085827	.5908914	0	.3005259	0
1313.15	.1072467	.5915964	0	.3011569	0
1312.15	.1059197	.592295	0	.3017853	0
1311.15	.1046017	.5929872	0	.3024111	0
1310.15	.1032925	.5936732	0	.3030344	0
1309.15	.101992	.5943529	0	.3036551	0
1308.15	.1007	.5950266	0	.3042734	0
1307.15	.09941663	.5956942	0	.3048892	0
1306.15	.0981416	.5963558	0	.3055026	0
1305.15	.09687487	.5970115	0	.3061136	0
1304.15	.09561633	.5976614	0	.3067222	0
1303.15	.09436588	.5983056	0	.3073285	0
1302.15	.09312344	.5989441	0	.3079325	0
1301.15	.0918889	.5995769	0	.3085342	0
1300.15	.09066218	.6002042	0	.3091336	0
1299.15	.08944053	.6008283	0	.3097312	0
1298.15	.08822916	.6014447	0	.3103261	0
1297.15	.08702533	.6020558	0	.3109189	0
1296.15	.08582895	.6026616	0	.3115095	0
1295.15	.08463993	.6032621	0	.312098	0
1294.15	.08345819	.6038575	0	.3126843	0
1293.15	.08228364	.6044479	0	.3132685	0
1292.15	.0811162	.6050331	0	.3138507	0
1291.15	.07995579	.6056134	0	.3144308	0
1290.15	.07880233	.6061888	0	.3150089	0
1289.15	.07765573	.6067593	0	.3155849	0
1288.15	.07651592	.6073251	0	.316159	0
1287.15	.07538282	.607886	0	.3167311	0
1286.15	.07425635	.6084423	0	.3173013	0
1285.15	.07313643	.608994	0	.3178696	0
1284.15	.072023	.6095411	0	.3184359	0
1283.15	.07091598	.6100836	0	.3190004	0
1282.15	.06981529	.6106217	0	.319563	0
1281.15	.06872086	.6111554	0	.3201238	0
1280.15	.06763263	.6116847	0	.3206827	0
1279.15	.06655052	.6122097	0	.3212398	0
1278.15	.06547447	.6127304	0	.3217952	0
1277.15	.0644044	.6132469	0	.3223488	0
1276.15	.06334025	.6137592	0	.3229006	0
1275.304	.06244497	.6141892	0	.3233658	0
1275.304	.06244497	.6141892	0	.3233658	0
1275.304	.06244497	.6141892	0	.3233658	0
1275.15	.06151553	.6139267	.001050527	.3235073	0
1274.15	.05549687	.6122509	.007833872	.3244184	0
1273.15	.04948014	.610617	.0145816	.3253213	0
1272.15	.04346513	.6090247	.02129418	.326216	0
1271.15	.03745165	.6074735	.0279721	.3271028	0
1270.15	.03143949	.6059632	.03461582	.3279815	0
1269.15	.02542846	.6044933	.0412258	.3288524	0
1268.15	.01941837	.6030636	.04780249	.3297156	0
1267.15	.01340904	.6016736	.05434635	.330571	0
1266.15	.007400281	.6003231	.06085781	.3314188	0
1265.15	.001391928	.5990118	.06733732	.332259	0
1264.918	0	.5987135	.06883392	.3324526	0
1264.918	0	.5987135	.06883392	.3324526	0
1264.15	0	.5978942	.06936556	.3327403	0
1263.15	0	.5968306	.07005566	.3331138	0
1262.15	0	.59577	.07074368	.3334863	0
1261.15	0	.5947126	.07142961	.3338578	0
1260.15	0	.5936581	.07211347	.3342284	0
1259.15	0	.5926068	.07279526	.3345979	0
1258.15	0	.5915585	.07347498	.3349665	0
1257.15	0	.5905132	.07415264	.3353341	0
1256.15	0	.589471	.07482824	.3357008	0
1255.15	0	.5884318	.07550178	.3360664	0
1254.15	0	.5873956	.07617328	.3364311	0
1253.15	0	.5863624	.07684272	.3367949	0
1252.15	0	.5853322	.07751012	.3371576	0
1251.15	0	.584305	.07817549	.3375195	0
1250.15	0	.5832808	.07883882	.3378804	0
1249.15	0	.5822596	.07950011	.3382403	0
1248.15	0	.5812413	.08015938	.3385993	0
1247.15	0	.580226	.08081663	.3389573	0
1246.15	0	.5792137	.08147185	.3393145	0
1245.15	0	.5782043	.08212506	.3396707	0
1244.15	0	.5771978	.08277625	.3400259	0
1243.15	0	.5761943	.08342544	.3403802	0
1242.15	0	.5751937	.08407262	.3407336	0
1241.15	0	.5741961	.08471779	.3410862	0
1240.15	0	.5732013	.08536097	.3414377	0
1239.15	0	.5722095	.08600216	.3417884	0
1238.15	0	.5712205	.08664135	.3421382	0
1237.15	0	.5702344	.08727856	.342487	0
1236.15	0	.5692513	.08791378	.342835	0
1235.15	0	.5682709	.08854702	.343182	0
1234.15	0	.5672935	.08917828	.3435282	0
1233.15	0	.5663189	.08980757	.3438735	0
1232.15	0	.5653472	.09043488	.3442179	0
1231.15	0	.5643784	.09106023	.3445614	0
1230.15	0	.5634124	.09168362	.344904	0
1229.15	0	.5624492	.09230504	.3452458	0
1228.15	0	.5614889	.09292451	.3455866	0
1227.15	0	.5605313	.09354202	.3459266	0
1226.15	0	.5595766	.09415758	.3462658	0
1225.15	0	.5586247	.0947712	.3466041	0
1224.15	0	.5576757	.09538287	.3469415	0
1223.15	0	.5567294	.09599259	.347278	0
1222.15	0	.5557859	.09660038	.3476137	0
1221.15	0	.5548452	.09720624	.3479486	0
1220.15	0	.5539073	.09781016	.3482826	0
1219.15	0	.5529721	.09841215	.3486157	0
1218.15	0	.5520397	.09901221	.3489481	0
1217.15	0	.5511101	.09961035	.3492795	0
1216.15	0	.5501833	.1002066	.3496102	0
1215.15	0	.5492592	.1008009	.34994	0
1214.15	0	.5483378	.1013933	.350269	0
1213.15	0	.5474191	.1019837	.3505971	0
1212.15	0	.5465033	.1025723	.3509244	0
1211.15	0	.5455901	.103159	.3512509	0
1210.15	0	.5446796	.1037437	.3515766	0
1209.15	0	.5437719	.1043266	.3519015	0
1208.15	0	.5428669	.1049076	.3522255	0
1207.15	0	.5419646	.1054866	.3525488	0
1206.15	0	.541065	.1060638	.3528712	0
1205.15	0	.540168	.1066391	.3531929	0
1204.15	0	.5392738	.1072125	.3535137	0
1203.15	0	.5383822	.107784	.3538338	0
1202.15	0	.5374934	.1083536	.354153	0
1201.15	0	.5366072	.1089214	.3544715	0
1200.15	0	.5357236	.1094873	.3547891	0
1199.15	0	.5348427	.1100513	.355106	0
1198.15	0	.5339645	.1106134	.3554221	0
1197.15	0	.5330889	.1111737	.3557374	0
1196.15	0	.532216	.111732	.356052	0
1195.15	0	.5313457	.1122886	.3563657	0
1194.15	0	.530478	.1128433	.3566787	0
1193.15	0	.529613	.1133961	.3569909	0
1192.15	0	.5287506	.113947	.3573024	0
1191.15	0	.5278908	.1144961	.3576131	0
1190.15	0	.5270336	.1150434	.357923	0
1189.15	0	.5261791	.1155888	.3582321	0
1188.15	0	.5253271	.1161323	.3585406	0
1187.15	0	.5244778	.1166741	.3588482	0
1186.15	0	.523631	.1172139	.3591551	0
1185.15	0	.5227868	.1177519	.3594613	0
1184.15	0	.5219452	.1182881	.3597667	0
1183.15	0	.5211062	.1188225	.3600713	0
1182.15	0	.5202698	.119355	.3603752	0
1181.15	0	.5194359	.1198857	.3606784	0
1180.15	0	.5186046	.1204145	.3609809	0
1179.15	0	.5177759	.1209416	.3612826	0
1178.15	0	.5169497	.1214668	.3615835	0
1177.15	0	.5161261	.1219902	.3618838	0
1176.15	0	.515305	.1225117	.3621833	0
1175.15	0	.5144865	.1230315	.3624821	0
1174.15	0	.5136705	.1235494	.3627802	0
1173.15	0	.512857	.1240655	.3630775	0
1172.15	0	.5120461	.1245798	.3633742	0
1171.15	0	.5112376	.1250923	.3636701	0
1170.15	0	.5104318	.1256029	.3639653	0
1169.15	0	.5096284	.1261118	.3642598	0
1168.15	0	.5088275	.1266189	.3645536	0
1167.15	0	.5080292	.1271241	.3648467	0
1166.15	0	.5072334	.1276276	.365139	0
1165.15	0	.50644	.1281293	.3654307	0
1164.15	0	.5056492	.1286291	.3657217	0
1163.15	0	.5048608	.1291272	.366012	0
1162.15	0	.504075	.1296235	.3663016	0
1161.15	0	.5032916	.1301179	.3665905	0
1160.15	0	.5025107	.1306106	.3668787	0
1159.15	0	.5017323	.1311015	.3671662	0
1158.15	0	.5009563	.1315906	.3674531	0
1157.15	0	.5001829	.1320779	.3677392	0
1156.15	0	.4994118	.1325635	.3680247	0
1155.15	0	.4986433	.1330472	.3683095	0
1154.15	0	.4978772	.1335292	.3685936	0
1153.15	0	.4971135	.1340094	.368877	0
1152.15	0	.4963523	.1344879	.3691598	0
1151.15	0	.4955936	.1349645	.3694419	0
1150.15	0	.4948373	.1354394	.3697233	0
1149.15	0	.4940834	.1359125	.3700041	0
1148.15	0	.493332	.1363838	.3702842	0
1147.15	0	.492583	.1368534	.3705636	0
1146.15	0	.4918365	.1373211	.3708424	0
1145.15	0	.4910923	.1377872	.3711205	0
1144.15	0	.4903506	.1382514	.371398	0
1143.15	0	.4896113	.1387139	.3716748	0
1142.15	0	.4888744	.1391746	.3719509	0
1141.15	0	.48814	.1396336	.3722264	0
1140.15	0	.4874079	.1400908	.3725013	0
1139.15	0	.4866783	.1405463	.3727755	0
1138.15	0	.485951	.141	.3730491	0
1137.15	0	.4852261	.1414519	.373322	0
1136.15	0	.4845037	.1419021	.3735943	0
1135.15	0	.4837836	.1423505	.3738659	0
1134.15	0	.4830659	.1427972	.3741369	0
1133.15	0	.4823506	.1432421	.3744073	0
1132.15	0	.4816377	.1436853	.374677	0
1131.15	0	.4809272	.1441267	.3749461	0
1130.15	0	.480219	.1445664	.3752146	0
1129.15	0	.4795132	.1450043	.3754824	0
1128.15	0	.4788098	.1454405	.3757496	0
1127.15	0	.4781088	.145875	.3760162	0
1126.15	0	.4774101	.1463077	.3762822	0
1125.15	0	.4767138	.1467387	.3765476	0
1124.15	0	.4760198	.1471679	.3768123	0
1123.15	0	.4753282	.1475954	.3770764	0
1122.15	0	.474639	.1480211	.3773399	0
1121.15	0	.4739521	.1484452	.3776028	0
1120.15	0	.4732675	.1488675	.377865	0
1119.15	0	.4725853	.149288	.3781267	0
1118.15	0	.4719054	.1497068	.3783878	0
1117.15	0	.4712279	.1501239	.3786482	0
1116.15	0	.4705527	.1505393	.378908	0
1115.15	0	.4698799	.1509529	.3791673	0
1114.15	0	.4692094	.1513648	.3794259	0
1113.15	0	.4685412	.1517749	.3796839	0
1112.15	0	.4678753	.1521834	.3799413	0
1111.15	0	.4672117	.1525901	.3801982	0
1110.15	0	.4665505	.1529951	.3804544	0
1109.15	0	.4658916	.1533984	.38071	0
1108.15	0	.465235	.1537999	.3809651	0
1107.15	0	.4645808	.1541997	.3812195	0
1106.15	0	.4639288	.1545978	.3814734	0
1105.15	0	.4632791	.1549942	.3817267	0
1104.15	0	.4626318	.1553889	.3819793	0
1103.15	0	.4619868	.1557818	.3822314	0
1102.15	0	.461344	.156173	.3824829	0
1101.15	0	.4607036	.1565625	.3827339	0
1100.15	0	.4600655	.1569503	.3829842	0
1099.15	0	.4594296	.1573364	.383234	0
1098.15	0	.4587961	.1577208	.3834832	0
1097.15	0	.4581648	.1581034	.3837318	0
1096.15	0	.4575359	.1584843	.3839798	0
1095.15	0	.4569092	.1588636	.3842273	0
1094.15	0	.4562848	.1592411	.3844742	0
1093.15	0	.4556627	.1596169	.3847205	0
1092.15	0	.4550428	.159991	.3849662	0
1091.15	0	.4544253	.1603634	.3852114	0
1090.15	0	.45381	.160734	.385456	0
1089.15	0	.453197	.161103	.3857	0
1088.15	0	.4525863	.1614703	.3859435	0
1087.15	0	.4519778	.1618358	.3861864	0
1086.15	0	.4513717	.1621997	.3864287	0
1085.15	0	.4507677	.1625618	.3866705	0
1084.15	0	.4501661	.1629222	.3869117	0
1083.15	0	.4495667	.163281	.3871523	0
1082.15	0	.4489696	.163638	.3873924	0
1081.15	0	.4483747	.1639934	.387632	0
1080.15	0	.4477821	.164347	.3878709	0
1079.15	0	.4471917	.1646989	.3881093	0
1078.15	0	.4466036	.1650492	.3883472	0
1077.15	0	.4460178	.1653977	.3885845	0
1076.15	0	.4454342	.1657445	.3888213	0
1075.15	0	.4448529	.1660897	.3890575	0
1074.15	0	.4442738	.1664331	.3892931	0
1073.15	0	.4436969	.1667749	.3895282	0
1072.15	0	.4431223	.1671149	.3897628	0
1071.15	0	.4425499	.1674533	.3899968	0
1070.15	0	.4419798	.1677899	.3902303	0
1069.15	0	.4414119	.1681249	.3904632	0
1068.15	0	.4408463	.1684582	.3906956	0
1067.15	0	.4402829	.1687898	.3909274	0
1066.15	0	.4397217	.1691197	.3911587	0
1065.15	0	.4391627	.1694479	.3913894	0
1064.15	0	.438606	.1697744	.3916196	0
1063.15	0	.4380515	.1700992	.3918493	0
1062.15	0	.4374993	.1704223	.3920784	0
1061.15	0	.4369493	.1707438	.392307	0
1060.15	0	.4364015	.1710635	.392535	0
1059.15	0	.4358559	.1713816	.3927625	0
1058.15	0	.4353125	.171698	.3929895	0
1057.15	0	.4347714	.1720127	.3932159	0
1056.15	0	.4342325	.1723257	.3934418	0
1055.15	0	.4336958	.1726371	.3936672	0
1054.15	0	.4331613	.1729467	.393892	0
1053.15	0	.4326291	.1732547	.3941163	0
1052.15	0	.432099	.173561	.39434	0
1051.15	0	.4315712	.1738656	.3945633	0
1050.15	0	.4310456	.1741685	.394786	0
1049.15	0	.4305222	.1744697	.3950081	0
1048.15	0	.4300009	.1747693	.3952298	0
1047.15	0	.429482	.1750672	.3954509	0
1046.15	0	.4289652	.1753634	.3956715	0
1045.15	0	.4284506	.1756579	.3958915	0
1044.15	0	.4279382	.1759508	.3961111	0
1043.15	0	.427428	.1762419	.39633	0
1042.15	0	.42692	.1765315	.3965485	0
1041.15	0	.4264143	.1768193	.3967665	0
1040.15	0	.4259107	.1771054	.3969839	0
1039.15	0	.4254093	.1773899	.3972008	0
1038.15	0	.4249101	.1776728	.3974171	0
1037.15	0	.4244131	.1779539	.397633	0
1036.15	0	.4239183	.1782334	.3978483	0
1035.15	0	.4234257	.1785112	.3980631	0
1034.15	0	.4229353	.1787873	.3982774	0
1033.15	0	.422447	.1790618	.3984911	0
1032.15	0	.421961	.1793346	.3987044	0
1031.15	0	.4214771	.1796058	.3989171	0
1030.15	0	.4209955	.1798753	.3991293	0
1029.15	0	.420516	.1801431	.3993409	0
1028.15	0	.4200387	.1804093	.3995521	0
1027.15	0	.4195636	.1806738	.3997627	0
1026.15	0	.4190906	.1809366	.3999728	0
1025.15	0	.4186198	.1811978	.4001823	0
1024.15	0	.4181513	.1814573	.4003914	0
1023.15	0	.4176848	.1817152	.4005999	0
1022.15	0	.4172206	.1819715	.400808	0
1021.15	0	.4167585	.182226	.4010154	0
1020.15	0	.4162986	.182479	.4012224	0
1019.15	0	.4158409	.1827302	.4014289	0
1018.15	0	.4153854	.1829798	.4016348	0
1017.15	0	.414932	.1832278	.4018402	0
1016.15	0	.4144808	.1834742	.4020451	0
1015.15	0	.4140317	.1837188	.4022495	0
1014.15	0	.4135848	.1839619	.4024533	0
1013.15	0	.4131401	.1842033	.4026566	0
1012.15	0	.4126975	.1844431	.4028594	0
1011.15	0	.4122571	.1846812	.4030617	0
1010.15	0	.4118188	.1849177	.4032635	0
1009.15	0	.4113827	.1851525	.4034647	0
1008.15	0	.4109488	.1853858	.4036654	0
1007.15	0	.410517	.1856174	.4038656	0
1006.15	0	.4100874	.1858473	.4040653	0
1005.15	0	.4096599	.1860757	.4042645	0
1004.15	0	.4092345	.1863024	.4044631	0
1003.15	0	.4088113	.1865275	.4046612	0
1002.15	0	.4083903	.186751	.4048588	0
1001.15	0	.4079713	.1869728	.4050558	0
1000.15	0	.4075546	.1871931	.4052524	0
999.15	0	.4071399	.1874117	.4054484	0
998.15	0	.4067274	.1876287	.4056438	0
997.15	0	.4063171	.1878441	.4058388	0
996.15	0	.4059088	.1880579	.4060332	0
995.15	0	.4055027	.1882701	.4062271	0
994.15	0	.4050988	.1884807	.4064205	0
993.15	0	.4046969	.1886897	.4066134	0
992.15	0	.4042972	.1888971	.4068057	0
991.15	0	.4038996	.1891029	.4069975	0
990.15	0	.4035041	.1893072	.4071887	0
989.15	0	.4031108	.1895098	.4073795	0
988.15	0	.4027195	.1897108	.4075697	0
987.15	0	.4023304	.1899103	.4077593	0
986.15	0	.4019433	.1901082	.4079484	0
985.15	0	.4015584	.1903045	.408137	0
984.15	0	.4011756	.1904993	.4083251	0
983.15	0	.4007949	.1906925	.4085126	0
982.15	0	.4004163	.1908841	.4086996	0
981.15	0	.4000398	.1910741	.4088861	0
980.15	0	.3996654	.1912626	.409072	0
979.15	0	.3992931	.1914496	.4092573	0
978.15	0	.3989228	.191635	.4094422	0
977.15	0	.3985547	.1918188	.4096265	0
976.15	0	.3981887	.1920012	.4098102	0
975.15	0	.3978247	.1921819	.4099934	0
974.15	0	.3974628	.1923612	.4101761	0
973.15	0	.397103	.1925389	.4103582	0
972.15	0	.3967452	.1927151	.4105397	0
971.15	0	.3963895	.1928898	.4107207	0
970.15	0	.3960359	.1930629	.4109012	0
969.15	0	.3956843	.1932346	.4110811	0
968.15	0	.3953348	.1934048	.4112604	0
967.15	0	.3949874	.1935734	.4114392	0
966.15	0	.394642	.1937406	.4116175	0
965.15	0	.3942986	.1939063	.4117952	0
964.15	0	.3939573	.1940705	.4119723	0
963.15	0	.393618	.1942332	.4121488	0
962.15	0	.3932807	.1943944	.4123248	0
961.15	0	.3929455	.1945542	.4125003	0
960.15	0	.3926123	.1947125	.4126751	0
959.15	0	.3922811	.1948694	.4128494	0
958.15	0	.391952	.1950249	.4130232	0
957.15	0	.3916248	.1951789	.4131963	0
956.15	0	.3912997	.1953314	.4133689	0
955.15	0	.3909765	.1954826	.4135409	0
954.15	0	.3906554	.1956323	.4137123	0
953.15	0	.3903362	.1957806	.4138832	0
952.15	0	.390019	.1959275	.4140534	0
951.15	0	.3897038	.1960731	.4142231	0
950.15	0	.3893906	.1962172	.4143922	0
949.15	0	.3890793	.19636	.4145607	0
948.15	0	.38877	.1965014	.4147286	0
947.15	0	.3884627	.1966414	.4148959	0
946.15	0	.3881573	.1967801	.4150626	0
945.15	0	.3878538	.1969174	.4152288	0
944.15	0	.3875523	.1970534	.4153943	0
943.15	0	.3872527	.1971881	.4155592	0
942.15	0	.3869551	.1973214	.4157235	0
941.15	0	.3866593	.1974535	.4158872	0
940.15	0	.3863655	.1975842	.4160503	0
939.15	0	.3860735	.1977137	.4162128	0
938.15	0	.3857835	.1978419	.4163747	0
937.15	0	.3854953	.1979688	.4165359	0
936.15	0	.385209	.1980944	.4166965	0
935.15	0	.3849246	.1982189	.4168565	0
934.15	0	.3846421	.1983421	.4170159	0
933.15	0	.3843614	.198464	.4171746	0
932.15	0	.3840825	.1985848	.4173327	0
931.15	0	.3838055	.1987044	.4174902	0
930.15	0	.3835303	.1988228	.417647	0
929.15	0	.3832569	.19894	.4178031	0
928.15	0	.3829853	.199056	.4179587	0
927.15	0	.3827156	.1991709	.4181135	0
926.15	0	.3824476	.1992847	.4182677	0
925.15	0	.3821813	.1993974	.4184213	0
924.15	0	.3819169	.1995089	.4185742	0
923.15	0	.3816542	.1996194	.4187264	0
922.15	0	.3813933	.1997288	.4188779	0
921.15	0	.381134	.1998371	.4190288	0
920.15	0	.3808765	.1999444	.419179	0
919.15	0	.3806208	.2000507	.4193285	0
918.15	0	.3803667	.2001559	.4194774	0
917.15	0	.3801143	.2002602	.4196255	0
916.15	0	.3798636	.2003635	.4197729	0
915.15	0	.3796145	.2004658	.4199197	0
914.15	0	.3793671	.2005672	.4200657	0
913.15	0	.3791213	.2006677	.420211	0
912.15	0	.3788771	.2007672	.4203556	0
911.15	0	.3786346	.2008659	.4204995	0
910.15	0	.3783936	.2009637	.4206427	0
909.15	0	.3781542	.2010606	.4207851	0
908.15	0	.3779164	.2011567	.4209268	0
907.15	0	.3776801	.2012521	.4210678	0
906.15	0	.3774454	.2013466	.421208	0
905.15	0	.3772122	.2014403	.4213475	0
904.15	0	.3769804	.2015334	.4214862	0
903.15	0	.3767502	.2016257	.4216241	0
902.15	0	.3765214	.2017173	.4217613	0
901.15	0	.3762941	.2018082	.4218978	0
900.15	0	.3760682	.2018984	.4220334	0
899.15	0	.3758437	.2019881	.4221682	0
898.15	0	.3756206	.2020771	.4223023	0
897.15	0	.3753989	.2021656	.4224356	0
896.15	0	.3751785	.2022535	.422568	0
895.15	0	.3749595	.2023409	.4226997	0
894.15	0	.3747417	.2024278	.4228305	0
893.15	0	.3745253	.2025142	.4229605	0
892.15	0	.3743101	.2026002	.4230897	0
891.15	0	.3740962	.2026858	.423218	0
890.15	0	.3738836	.2027709	.4233455	0
889.15	0	.3736721	.2028558	.4234722	0
888.15	0	.3734618	.2029403	.4235979	0
887.15	0	.3732527	.2030245	.4237228	0
886.15	0	.3730447	.2031085	.4238469	0
885.15	0	.3728378	.2031922	.42397	0
884.15	0	.372632	.2032757	.4240923	0
883.15	0	.3724272	.2033591	.4242137	0
882.15	0	.3722235	.2034424	.4243341	0
881.15	0	.3720208	.2035256	.4244537	0
880.15	0	.3718191	.2036087	.4245723	0
879.15	0	.3716183	.2036918	.4246899	0
878.15	0	.3714184	.203775	.4248067	0
877.15	0	.3712194	.2038582	.4249224	0
876.15	0	.3710213	.2039415	.4250372	0
875.15	0	.370824	.2040249	.4251511	0
874.15	0	.3706275	.2041086	.4252639	0
873.15	0	.3704318	.2041925	.4253757	0
872.15	0	.3702368	.2042766	.4254866	0
871.15	0	.3700425	.2043611	.4255964	0
870.15	0	.3698489	.2044459	.4257052	0
869.15	0	.3696559	.2045312	.4258129	0
868.15	0	.3694635	.2046169	.4259196	0
867.15	0	.3692716	.2047032	.4260252	0
866.15	0	.3690802	.20479	.4261298	0
865.15	0	.3688894	.2048774	.4262332	0
864.15	0	.3686989	.2049655	.4263356	0
863.15	0	.3685089	.2050543	.4264368	0
862.15	0	.3683192	.2051439	.4265369	0
861.15	0	.3681298	.2052344	.4266359	0
860.15	0	.3679407	.2053257	.4267336	0
859.15	0	.3677518	.205418	.4268302	0
858.15	0	.367563	.2055113	.4269257	0
857.15	0	.3673744	.2056058	.4270199	0
856.15	0	.3671859	.2057013	.4271128	0
855.15	0	.3669973	.2057981	.4272045	0
854.15	0	.3668088	.2058962	.427295	0
853.15	0	.3666201	.2059957	.4273842	0
852.15	0	.3664314	.2060966	.4274721	0
851.15	0	.3662424	.206199	.4275586	0
850.15	0	.3660531	.2063031	.4276438	0
849.15	0	.3658636	.2064088	.4277277	0
848.15	0	.3656736	.2065162	.4278102	0
847.15	0	.3654832	.2066256	.4278912	0
846.15	0	.3652923	.2067369	.4279708	0
845.15	0	.3651008	.2068502	.428049	0
844.15	0	.3649087	.2069656	.4281257	0
843.15	0	.3647158	.2070833	.4282009	0
842.15	0	.3645221	.2072034	.4282745	0
841.15	0	.3643275	.2073259	.4283466	0
840.15	0	.364132	.2074509	.4284171	0
839.15	0	.3639353	.2075787	.428486	0
838.15	0	.3637376	.2077093	.4285532	0
837.15	0	.3635386	.2078427	.4286187	0
836.15	0	.3633382	.2079793	.4286825	0
835.15	0	.3631365	.208119	.4287445	0
834.15	0	.3629331	.2082622	.4288047	0
833.15	0	.3627281	.2084088	.4288631	0
832.15	0	.3625214	.208559	.4289196	0
831.15	0	.3623127	.2087132	.4289741	0
830.15	0	.362102	.2088713	.4290267	0
829.15	0	.3618892	.2090336	.4290773	0
828.15	0	.361674	.2092002	.4291258	0
827.15	0	.3614564	.2093715	.4291721	0
826.15	0	.3612362	.2095475	.4292162	0
825.15	0	.3610133	.2097286	.4292581	0
824.15	0	.3607874	.2099149	.4292977	0
823.15	0	.3605583	.2101068	.4293349	0
822.15	0	.3603259	.2103045	.4293696	0
821.15	0	.36009	.2105082	.4294018	0
820.15	0	.3598504	.2107183	.4294313	0
819.15	0	.3596067	.2109352	.4294581	0
818.15	0	.3593587	.2111591	.4294821	0
817.15	0	.3591063	.2113905	.4295032	0
816.15	0	.358849	.2116297	.4295213	0
815.15	0	.3585865	.2118773	.4295362	0
814.15	0	.3583186	.2121336	.4295478	0
813.15	0	.3580448	.2123992	.429556	0
812.15	0	.3577647	.2126746	.4295607	0
811.15	0	.3574779	.2129605	.4295616	0
810.15	0	.3571839	.2132576	.4295585	0
809.15	0	.3568821	.2135665	.4295514	0
808.15	0	.3565721	.213888	.4295399	0
807.15	0	.356253	.2142231	.4295238	0
806.15	0	.3559243	.2145728	.4295029	0
805.15	0	.355585	.2149382	.4294768	0
804.15	0	.3552343	.2153204	.4294452	0
803.15	0	.3548712	.215721	.4294078	0
802.15	0	.3544944	.2161415	.429364	0
801.15	0	.3541027	.2165838	.4293135	0
800.15	0	.3536945	.2170499	.4292556	0
799.15	0	.353268	.2175423	.4291897	0
798.15	0	.3525967	.2183593	.429044	0
797.15	0	.3515726	.2196449	.4287825	0
796.15	0	.3506641	.2207832	.4285526	0
795.15	0	.3498489	.2218034	.4283478	0
794.15	0	.3491106	.2227262	.4281632	0
793.15	0	.3484375	.2235671	.4279954	0
792.15	0	.3478202	.224338	.4278419	0
791.15	0	.3472514	.2250481	.4277005	0
790.15	0	.3467252	.2257052	.4275697	0
789.15	0	.3462368	.2263152	.4274481	0
788.15	0	.3457822	.2268833	.4273345	0
787.15	0	.34536	.2274123	.4272277	0
786.15	0	.344963	.2279091	.4271279	0
785.15	0	.3445909	.2283752	.4270339	0
784.15	0	.3442417	.2288133	.426945	0
783.15	0	.3439133	.2292258	.426861	0
782.15	0	.3436041	.2296148	.4267812	0
781.15	0	.3433126	.2299821	.4267053	0
780.15	0	.3430375	.2303295	.426633	0
779.15	0	.3427776	.2306583	.4265641	0
778.15	0	.3425318	.23097	.4264982	0
777.15	0	.3422992	.2312657	.4264351	0
776.15	0	.3420788	.2315466	.4263746	0
775.15	0	.3418699	.2318135	.4263166	0
774.15	0	.3416718	.2320674	.4262608	0
773.15	0	.3414838	.2323092	.4262071	0
772.15	0	.3413052	.2325395	.4261553	0
771.15	0	.3411355	.2327592	.4261054	0
770.15	0	.3409742	.2329687	.4260571	0
769.15	0	.3408208	.2331688	.4260105	0
768.15	0	.3406748	.2333599	.4259653	0
767.15	0	.3405359	.2335425	.4259216	0
766.15	0	.3404036	.2337172	.4258791	0
765.15	0	.3402776	.2338844	.425838	0
764.15	0	.3401576	.2340445	.4257979	0
763.15	0	.3400432	.2341978	.425759	0
762.15	0	.3399341	.2343447	.4257211	0
761.15	0	.3398302	.2344856	.4256842	0
760.15	0	.339731	.2346208	.4256482	0
759.15	0	.3396364	.2347505	.4256131	0
758.15	0	.3395461	.2348751	.4255788	0
757.15	0	.33946	.2349947	.4255453	0
756.15	0	.3393777	.2351097	.4255126	0
755.15	0	.3392993	.2352202	.4254805	0
754.15	0	.3392243	.2353266	.4254491	0
753.15	0	.3391528	.2354289	.4254183	0
752.15	0	.3390845	.2355274	.4253882	0
751.15	0	.3390192	.2356223	.4253586	0
750.15	0	.3389569	.2357137	.4253295	0
749.15	0	.3388973	.2358018	.4253009	0
748.15	0	.3388404	.2358868	.4252728	0
747.15	0	.3387861	.2359687	.4252452	0
746.15	0	.3387341	.2360479	.425218	0
745.15	0	.3386845	.2361243	.4251912	0
744.15	0	.3386371	.2361981	.4251649	0
743.15	0	.3385918	.2362694	.4251388	0
742.15	0	.3385485	.2363384	.4251132	0
741.15	0	.338507	.2364051	.4250879	0
740.15	0	.3384675	.2364697	.4250629	0
739.15	0	.3384296	.2365322	.4250382	0
738.15	0	.3383935	.2365927	.4250138	0
737.15	0	.3383589	.2366514	.4249897	0
736.15	0	.3383259	.2367084	.4249658	0
735.15	0	.3382943	.2367636	.4249422	0
734.15	0	.3382641	.2368172	.4249188	0
733.15	0	.3382352	.2368692	.4248956	0
732.15	0	.3382075	.2369198	.4248727	0
731.15	0	.3381811	.2369689	.42485	0
730.15	0	.3381559	.2370167	.4248274	0
729.15	0	.3381317	.2370633	.4248051	0
728.15	0	.3381086	.2371086	.4247828	0
727.15	0	.3380865	.2371527	.4247608	0
726.15	0	.3380653	.2371957	.424739	0
725.15	0	.3380451	.2372377	.4247172	0
724.15	0	.3380257	.2372786	.4246956	0
723.15	0	.3380072	.2373186	.4246742	0
722.15	0	.3379895	.2373577	.4246529	0
721.15	0	.3379725	.2373959	.4246317	0
720.15	0	.3379562	.2374332	.4246106	0
719.15	0	.3379406	.2374698	.4245896	0
718.15	0	.3379257	.2375056	.4245687	0
717.15	0	.3379114	.2375407	.4245479	0
716.15	0	.3378977	.2375751	.4245272	0
715.15	0	.3378846	.2376089	.4245066	0
714.15	0	.337872	.237642	.424486	0
713.15	0	.3378599	.2376746	.4244655	0
712.15	0	.3378483	.2377066	.4244451	0
711.15	0	.3378371	.2377381	.4244248	0
710.15	0	.3378264	.2377691	.4244045	0
709.15	0	.3378162	.2377996	.4243843	0
708.15	0	.3378063	.2378297	.4243641	0
707.15	0	.3377967	.2378593	.424344	0
706.15	0	.3377876	.2378886	.4243239	0
705.15	0	.3377787	.2379174	.4243038	0
704.15	0	.3377702	.237946	.4242838	0
703.15	0	.337762	.2379742	.4242639	0
702.15	0	.337754	.238002	.4242439	0
701.15	0	.3377464	.2380296	.424224	0
700.15	0	.3377389	.2380569	.4242042	0
699.15	0	.3377317	.238084	.4241843	0
698.15	0	.3377248	.2381108	.4241644	0
697.15	0	.337718	.2381374	.4241446	0
696.15	0	.3377114	.2381638	.4241248	0
695.15	0	.337705	.2381899	.424105	0
694.15	0	.3376988	.238216	.4240853	0
693.15	0	.3376927	.2382418	.4240655	0
692.15	0	.3376868	.2382675	.4240457	0
691.15	0	.337681	.2382931	.424026	0
690.15	0	.3376753	.2383185	.4240062	0
689.15	0	.3376697	.2383438	.4239865	0
688.15	0	.3376643	.238369	.4239667	0
687.15	0	.3376589	.2383942	.4239469	0
686.15	0	.3376536	.2384192	.4239272	0
685.15	0	.3376484	.2384442	.4239074	0
684.15	0	.3376433	.2384691	.4238876	0
683.15	0	.3376382	.238494	.4238679	0
682.15	0	.3376331	.2385188	.4238481	0
681.15	0	.3376282	.2385436	.4238283	0
680.15	0	.3376232	.2385683	.4238085	0
679.15	0	.3376183	.2385931	.4237887	0
678.15	0	.3376134	.2386178	.4237688	0
677.15	0	.3376085	.2386426	.423749	0
676.15	0	.3376036	.2386673	.4237291	0
675.15	0	.3375987	.2386921	.4237092	0
674.15	0	.3375939	.2387168	.4236893	0
673.15	0	.337589	.2387416	.4236694	0
672.15	0	.3375841	.2387665	.4236494	0
671.15	0	.3375792	.2387913	.4236295	0
670.15	0	.3375743	.2388162	.4236095	0
669.15	0	.3375693	.2388412	.4235895	0
668.15	0	.3375644	.2388662	.4235695	0
667.15	0	.3375594	.2388912	.4235494	0
666.15	0	.3375543	.2389163	.4235293	0
665.15	0	.3375492	.2389415	.4235092	0
664.15	0	.3375441	.2389668	.4234891	0
663.15	0	.3375389	.2389921	.423469	0
662.15	0	.3375337	.2390175	.4234488	0
661.15	0	.3375284	.239043	.4234286	0
660.15	0	.337523	.2390686	.4234084	0
659.15	0	.3375176	.2390943	.4233881	0
658.15	0	.3375121	.23912	.4233678	0
657.15	0	.3375066	.2391459	.4233475	0
656.15	0	.337501	.2391719	.4233272	0
655.15	0	.3374953	.2391979	.4233068	0
654.15	0	.3374895	.2392241	.4232864	0
653.15	0	.3374837	.2392503	.423266	0
652.15	0	.3374778	.2392767	.4232455	0
651.15	0	.3374718	.2393032	.423225	0
650.15	0	.3374657	.2393298	.4232045	0
649.15	0	.3374595	.2393565	.423184	0
648.15	0	.3374533	.2393833	.4231634	0
647.15	0	.337447	.2394103	.4231428	0
646.15	0	.3374405	.2394373	.4231221	0
645.15	0	.337434	.2394645	.4231014	0
644.15	0	.3374274	.2394918	.4230808	0
643.15	0	.3374207	.2395193	.42306	0
642.15	0	.3374139	.2395468	.4230392	0
641.15	0	.337407	.2395745	.4230185	0
640.15	0	.3374	.2396024	.4229976	0
639.15	0	.3373929	.2396303	.4229768	0
638.15	0	.3373857	.2396584	.4229559	0
637.15	0	.3373784	.2396866	.4229349	0
636.15	0	.3373711	.2397149	.422914	0
635.15	0	.3373636	.2397434	.422893	0
634.15	0	.337356	.239772	.422872	0
633.15	0	.3373483	.2398008	.422851	0
632.15	0	.3373405	.2398297	.4228299	0
631.15	0	.3373325	.2398587	.4228088	0
630.15	0	.3373245	.2398879	.4227876	0
629.15	0	.3373164	.2399172	.4227665	0
628.15	0	.3373082	.2399466	.4227453	0
627.15	0	.3372998	.2399762	.422724	0
626.15	0	.3372914	.2400059	.4227028	0
625.15	0	.3372828	.2400357	.4226815	0
624.15	0	.3372742	.2400657	.4226601	0
623.15	0	.3372654	.2400958	.4226388	0
622.15	0	.3372565	.2401261	.4226174	0
621.15	0	.3372475	.2401565	.422596	0
620.15	0	.3372384	.240187	.4225745	0
619.15	0	.3372292	.2402177	.4225531	0
618.15	0	.3372199	.2402485	.4225315	0
617.15	0	.3372105	.2402795	.42251	0
616.15	0	.337201	.2403106	.4224885	0
615.15	0	.3371913	.2403418	.4224669	0
614.15	0	.3371816	.2403732	.4224452	0
613.15	0	.3371717	.2404047	.4224236	0
612.15	0	.3371617	.2404363	.4224019	0
611.15	0	.3371517	.2404681	.4223802	0
610.15	0	.3371415	.2405	.4223585	0
609.15	0	.3371312	.2405321	.4223367	0
608.15	0	.3371208	.2405643	.422315	0
607.15	0	.3371103	.2405966	.4222931	0
606.15	0	.3370996	.2406291	.4222713	0
605.15	0	.3370889	.2406617	.4222494	0
604.15	0	.3370781	.2406944	.4222275	0
603.15	0	.3370671	.2407272	.4222056	0
602.15	0	.3370561	.2407602	.4221837	0
601.15	0	.3370449	.2407934	.4221617	0
600.15	0	.3370337	.2408266	.4221397	0
599.15	0	.3370223	.24086	.4221177	0
598.15	0	.3370108	.2408935	.4220957	0
597.15	0	.3369992	.2409272	.4220736	0
596.15	0	.3369875	.2409609	.4220515	0
595.15	0	.3369758	.2409948	.4220294	0
594.15	0	.3369639	.2410289	.4220073	0
593.15	0	.3369518	.241063	.4219851	0
592.15	0	.3369397	.2410973	.4219629	0
591.15	0	.3369275	.2411317	.4219407	0
590.15	0	.3369152	.2411662	.4219185	0
589.15	0	.3369028	.2412009	.4218963	0
588.15	0	.3368903	.2412357	.421874	0
587.15	0	.3368777	.2412706	.4218517	0
586.15	0	.336865	.2413056	.4218294	0
585.15	0	.3368522	.2413407	.4218071	0
584.15	0	.3368393	.241376	.4217848	0
583.15	0	.3368262	.2414114	.4217624	0
582.15	0	.3368131	.2414469	.42174	0
581.15	0	.3367999	.2414825	.4217176	0
580.15	0	.3367866	.2415182	.4216952	0
579.15	0	.3367732	.241554	.4216728	0
578.15	0	.3367597	.24159	.4216503	0
577.15	0	.3367461	.2416261	.4216278	0
576.15	0	.3367324	.2416622	.4216054	0
575.15	0	.3367186	.2416985	.4215829	0
574.15	0	.3367048	.2417349	.4215603	0
573.15	0	.3366908	.2417714	.4215378	0
572.15	0	.3366767	.241808	.4215153	0
571.15	0	.3366626	.2418447	.4214927	0
570.15	0	.3366483	.2418816	.4214701	0
569.15	0	.336634	.2419185	.4214475	0
568.15	0	.3366195	.2419555	.4214249	0
567.15	0	.336605	.2419927	.4214023	0
566.15	0	.3365904	.2420299	.4213797	0
565.15	0	.3365757	.2420672	.4213571	0
564.15	0	.3365609	.2421047	.4213344	0
563.15	0	.336546	.2421422	.4213118	0
562.15	0	.3365311	.2421798	.4212891	0
561.15	0	.336516	.2422176	.4212664	0
560.15	0	.3365009	.2422554	.4212437	0
559.15	0	.3364857	.2422933	.421221	0
558.15	0	.3364704	.2423313	.4211983	0
557.15	0	.336455	.2423694	.4211756	0
556.15	0	.3364395	.2424076	.4211529	0
555.15	0	.336424	.2424459	.4211301	0
554.15	0	.3364084	.2424843	.4211074	0
553.15	0	.3363926	.2425227	.4210846	0
552.15	0	.3363769	.2425613	.4210619	0
551.15	0	.336361	.2425999	.4210391	0
550.15	0	.336345	.2426386	.4210164	0
549.15	0	.336329	.2426774	.4209936	0
548.15	0	.3363129	.2427163	.4209708	0
547.15	0	.3362967	.2427553	.420948	0
546.15	0	.3362805	.2427943	.4209252	0
545.15	0	.3362641	.2428334	.4209025	0
544.15	0	.3362477	.2428726	.4208797	0
543.15	0	.3362312	.2429119	.4208569	0
542.15	0	.3362147	.2429513	.4208341	0
541.15	0	.336198	.2429907	.4208113	0
540.15	0	.3361813	.2430302	.4207885	0
539.15	0	.3361646	.2430698	.4207657	0
538.15	0	.3361477	.2431094	.4207429	0
537.15	0	.3361308	.2431491	.4207201	0
536.15	0	.3361138	.2431889	.4206973	0
535.15	0	.3360968	.2432288	.4206745	0
534.15	0	.3360796	.2432687	.4206517	0
533.15	0	.3360624	.2433087	.4206289	0
532.15	0	.3360452	.2433487	.4206061	0
531.15	0	.3360279	.2433888	.4205833	0
530.15	0	.3360105	.243429	.4205606	0
529.15	0	.335993	.2434692	.4205378	0
528.15	0	.3359755	.2435095	.420515	0
527.15	0	.3359579	.2435499	.4204922	0
526.15	0	.3359403	.2435903	.4204695	0
525.15	0	.3359226	.2436307	.4204467	0
524.15	0	.3359048	.2436713	.420424	0
523.15	0	.3358871	.2437118	.4204011	0
522.15	0	.3358692	.2437525	.4203784	0
521.15	0	.3358512	.2437931	.4203556	0
520.15	0	.3358332	.2438339	.4203329	0
519.15	0	.3358152	.2438747	.4203102	0
518.15	0	.335797	.2439155	.4202875	0
517.15	0	.3357789	.2439564	.4202648	0
516.15	0	.3357606	.2439973	.4202421	0
515.15	0	.3357423	.2440383	.4202194	0
514.15	0	.335724	.2440793	.4201967	0
513.15	0	.3357056	.2441204	.4201741	0
512.15	0	.3356871	.2441615	.4201514	0
511.15	0	.3356686	.2442026	.4201288	0
510.15	0	.33565	.2442438	.4201062	0
509.15	0	.3356314	.2442851	.4200836	0
508.15	0	.3356127	.2443263	.4200609	0
507.15	0	.335594	.2443676	.4200384	0
506.15	0	.3355752	.244409	.4200158	0
505.15	0	.3355564	.2444503	.4199932	0
504.15	0	.3355375	.2444918	.4199707	0
503.15	0	.3355186	.2445332	.4199482	0
502.15	0	.3354997	.2445747	.4199257	0
501.15	0	.3354806	.2446162	.4199032	0
500.15	0	.3354616	.2446577	.4198807	0
499.15	0	.3354425	.2446993	.4198582	0
498.15	0	.3354233	.2447409	.4198358	0
497.15	0	.3354041	.2447825	.4198134	0
496.15	0	.3353849	.2448241	.419791	0
495.15	0	.3353656	.2448658	.4197686	0
494.15	0	.3353463	.2449075	.4197463	0
493.15	0	.3353269	.2449492	.4197239	0
492.15	0	.3353075	.2449909	.4197016	0
491.15	0	.335288	.2450327	.4196793	0
490.15	0	.3352685	.2450745	.419657	0
489.15	0	.335249	.2451163	.4196347	0
488.15	0	.3352294	.2451581	.4196125	0
487.15	0	.3352098	.2451999	.4195903	0
486.15	0	.3351902	.2452417	.4195681	0
485.15	0	.3351705	.2452836	.4195459	0
484.15	0	.3351507	.2453255	.4195238	0
483.15	0	.335131	.2453673	.4195017	0
482.15	0	.3351112	.2454092	.4194796	0
481.15	0	.3350913	.2454511	.4194575	0
480.15	0	.3350715	.2454931	.4194355	0
479.15	0	.3350516	.245535	.4194135	0
478.15	0	.3350316	.2455769	.4193915	0
477.15	0	.3350116	.2456188	.4193695	0
476.15	0	.3349916	.2456608	.4193476	0
475.15	0	.3349716	.2457027	.4193257	0
474.15	0	.3349515	.2457447	.4193038	0
473.15	0	.3349314	.2457866	.419282	0
472.15	0	.3349113	.2458286	.4192601	0
471.15	0	.3348911	.2458705	.4192384	0
470.15	0	.3348709	.2459125	.4192166	0
469.15	0	.3348507	.2459544	.4191949	0
468.15	0	.3348305	.2459964	.4191732	0
467.15	0	.3348102	.2460383	.4191515	0
466.15	0	.3347899	.2460802	.4191299	0
465.15	0	.3347696	.2461222	.4191083	0
464.15	0	.3347492	.2461641	.4190867	0
463.15	0	.3347288	.246206	.4190652	0
462.15	0	.3347084	.2462479	.4190437	0
461.15	0	.334688	.2462898	.4190222	0
460.15	0	.3346675	.2463317	.4190008	0
459.15	0	.334647	.2463736	.4189794	0
458.15	0	.3346265	.2464155	.418958	0
457.15	0	.334606	.2464573	.4189367	0
456.15	0	.3345855	.2464992	.4189154	0
455.15	0	.3345649	.246541	.4188942	0
454.15	0	.3345443	.2465828	.4188729	0
453.15	0	.3345237	.2466246	.4188517	0
452.15	0	.334503	.2466664	.4188306	0
451.15	0	.3344824	.2467081	.4188095	0
450.15	0	.3344617	.2467499	.4187885	0
449.15	0	.334441	.2467915	.4187674	0
448.15	0	.3344204	.2468332	.4187465	0
447.15	0	.3343996	.2468748	.4187255	0
446.15	0	.3343789	.2469164	.4187046	0
445.15	0	.3343582	.246958	.4186838	0
444.15	0	.3343375	.2469995	.418663	0
443.15	0	.3343167	.247041	.4186422	0
442.15	0	.334296	.2470825	.4186215	0
441.15	0	.3342753	.2471238	.4186009	0
440.15	0	.3342546	.2471652	.4185803	0
439.15	0	.3342338	.2472065	.4185597	0
438.15	0	.3342131	.2472477	.4185392	0
437.15	0	.3341924	.2472889	.4185188	0
