T	 BPW(LIQUID)	BPW(BCC_A2)	BPW(FCC_A1)	BPW(LAVES_PHASE_C14)	BPW(NI3TI)
1473.15	.1704893	.8295107	0	0	0
1472.15	.1673925	.8326075	0	0	0
1471.15	.1643205	.8356795	0	0	0
1470.15	.1612731	.8387269	0	0	0
1469.15	.1582501	.8417499	0	0	0
1468.15	.1552513	.8447487	0	0	0
1467.15	.1522766	.8477234	0	0	0
1466.15	.1493257	.8506743	0	0	0
1465.15	.1463984	.8536016	0	0	0
1464.15	.1434946	.8565054	0	0	0
1463.15	.1406141	.8593859	0	0	0
1462.15	.1377567	.8622433	0	0	0
1461.15	.1349221	.8650779	0	0	0
1460.15	.1321103	.8678897	0	0	0
1459.15	.1293211	.8706789	0	0	0
1458.15	.1265542	.8734458	0	0	0
1457.15	.1238094	.8761906	0	0	0
1456.15	.1210867	.8789133	0	0	0
1455.15	.1183858	.8816142	0	0	0
1454.15	.1157065	.8842935	0	0	0
1453.15	.1130487	.8869513	0	0	0
1452.15	.1104122	.8895878	0	0	0
1451.15	.1077968	.8922032	0	0	0
1450.15	.1052024	.8947976	0	0	0
1449.15	.1026287	.8973713	0	0	0
1448.15	.1000756	.8999244	0	0	0
1447.15	.09754296	.902457	0	0	0
1446.15	.09503058	.9049694	0	0	0
1445.15	.09253829	.9074617	0	0	0
1444.15	.09006592	.9099341	0	0	0
1443.15	.08761332	.9123867	0	0	0
1442.15	.08518031	.9148197	0	0	0
1441.689	.0840664	.9159336	0	0	0
1441.689	.0840664	.9159336	0	0	0
1441.689	.0840664	.9159336	0	0	0
1441.15	.08199419	.9171916	0	8.1421E-04	0
1440.15	.07819697	.9194922	0	.002310796	0
1439.15	.07445572	.921753	0	.003791239	0
1438.15	.07076921	.9239749	0	.00525591	0
1437.15	.06713622	.9261586	0	.006705164	0
1436.15	.06355558	.9283051	0	.00813935	0
1435.15	.06002613	.9304151	0	.009558804	0
1434.15	.05654678	.9324894	0	.01096385	0
1433.15	.05311644	.9345287	0	.01235482	0
1432.15	.04973405	.9365339	0	.01373201	0
1431.15	.0463986	.9385057	0	.01509572	0
1430.15	.04310909	.9404447	0	.01644624	0
1429.15	.03986455	.9423516	0	.01778387	0
1428.15	.03666404	.9442271	0	.01910888	0
1427.15	.03350664	.9460718	0	.02042152	0
1426.15	.03039146	.9478865	0	.02172208	0
1425.15	.02731762	.9496716	0	.02301079	0
1424.15	.02428429	.9514278	0	.02428791	0
1423.15	.02129064	.9531557	0	.02555368	0
1422.15	.01833586	.9548558	0	.02680833	0
1421.15	.01541917	.9565287	0	.0280521	0
1420.15	.01253982	.958175	0	.02928519	0
1419.15	.009697043	.9597951	0	.03050783	0
1418.15	.006890132	.9613896	0	.03172023	0
1417.15	.004118376	.962959	0	.0329226	0
1416.15	.001381086	.9645038	0	.03411513	0
1415.641	0	.9652812	0	.03471877	0
1415.641	0	.9652812	0	.03471877	0
1415.15	0	.9649132	0	.03508677	0
1414.15	0	.9641646	0	.03583539	0
1413.15	0	.9634178	0	.03658222	0
1412.15	0	.9626727	0	.03732727	0
1411.15	0	.9619295	0	.03807054	0
1410.15	0	.961188	0	.03881204	0
1409.15	0	.9604482	0	.03955178	0
1408.15	0	.9597102	0	.04028977	0
1407.15	0	.958974	0	.041026	0
1406.15	0	.9582395	0	.04176048	0
1405.15	0	.9575068	0	.04249323	0
1404.15	0	.9567758	0	.04322424	0
1403.15	0	.9560465	0	.04395353	0
1402.15	0	.9553189	0	.04468109	0
1401.15	0	.9545931	0	.04540694	0
1400.15	0	.9538689	0	.04613108	0
1399.15	0	.9531465	0	.04685352	0
1398.15	0	.9524257	0	.04757426	0
1397.15	0	.9517067	0	.0482933	0
1396.15	0	.9509893	0	.04901066	0
1395.15	0	.9502737	0	.04972634	0
1394.15	0	.9495597	0	.05044034	0
1393.15	0	.9488473	0	.05115267	0
1392.15	0	.9481367	0	.05186334	0
1391.15	0	.9474277	0	.05257235	0
1390.15	0	.9467203	0	.05327971	0
1389.15	0	.9460146	0	.05398542	0
1388.15	0	.9453105	0	.05468949	0
1387.15	0	.9446081	0	.05539192	0
1386.15	0	.9439073	0	.05609272	0
1385.15	0	.9432081	0	.0567919	0
1384.15	0	.9425105	0	.05748946	0
1383.15	0	.9418146	0	.0581854	0
1382.15	0	.9411203	0	.05887973	0
1381.15	0	.9404275	0	.05957246	0
1380.15	0	.9397364	0	.06026359	0
1379.15	0	.9390469	0	.06095313	0
1378.15	0	.9383589	0	.06164108	0
1377.15	0	.9376725	0	.06232745	0
1376.15	0	.9369878	0	.06301224	0
1375.15	0	.9363045	0	.06369546	0
1374.15	0	.9356229	0	.06437711	0
1373.15	0	.9349428	0	.0650572	0
1372.15	0	.9342643	0	.06573574	0
1371.15	0	.9335873	0	.06641272	0
1370.15	0	.9329118	0	.06708815	0
1369.15	0	.932238	0	.06776205	0
1368.15	0	.9315656	0	.06843441	0
1367.15	0	.9308948	0	.06910523	0
1366.15	0	.9302255	0	.06977453	0
1365.15	0	.9295577	0	.07044231	0
1364.15	0	.9288914	0	.07110857	0
1363.15	0	.9282267	0	.07177332	0
1362.15	0	.9275634	0	.07243657	0
1361.15	0	.9269017	0	.07309831	0
1360.15	0	.9262415	0	.07375855	0
1359.15	0	.9255827	0	.07441731	0
1358.15	0	.9249254	0	.07507457	0
1357.15	0	.9242696	0	.07573035	0
1356.15	0	.9236153	0	.07638466	0
1355.15	0	.9229625	0	.07703749	0
1354.15	0	.9223111	0	.07768886	0
1353.15	0	.9216612	0	.07833876	0
1352.15	0	.9210128	0	.0789872	0
1351.15	0	.9203658	0	.07963419	0
1350.15	0	.9197203	0	.08027972	0
1349.15	0	.9190762	0	.08092382	0
1348.15	0	.9184335	0	.08156647	0
1347.15	0	.9177923	0	.08220769	0
1346.15	0	.9171525	0	.08284747	0
1345.15	0	.9165142	0	.08348583	0
1344.15	0	.9158772	0	.08412277	0
1343.15	0	.9152417	0	.08475828	0
1342.15	0	.9146076	0	.08539239	0
1341.15	0	.9139749	0	.08602508	0
1340.15	0	.9133436	0	.08665638	0
1339.15	0	.9127137	0	.08728627	0
1338.15	0	.9120852	0	.08791476	0
1337.15	0	.9114581	0	.08854187	0
1336.15	0	.9108324	0	.08916758	0
1335.15	0	.9102081	0	.08979192	0
1334.15	0	.9095851	0	.09041488	0
1333.15	0	.9089635	0	.09103646	0
1332.15	0	.9083433	0	.09165667	0
1331.15	0	.9077245	0	.09227552	0
1330.15	0	.907107	0	.092893	0
1329.15	0	.9064909	0	.09350913	0
1328.15	0	.9058761	0	.09412391	0
1327.15	0	.9052627	0	.09473734	0
1326.15	0	.9046506	0	.09534942	0
1325.15	0	.9040398	0	.09596016	0
1324.15	0	.9034304	0	.09656957	0
1323.15	0	.9028224	0	.09717764	0
1322.15	0	.9022156	0	.09778439	0
1321.15	0	.9016102	0	.09838981	0
1320.15	0	.9010061	0	.09899391	0
1319.15	0	.9004033	0	.09959669	0
1318.15	0	.8998018	0	.1001982	0
1317.15	0	.8992017	0	.1007983	0
1316.15	0	.8986028	0	.1013972	0
1315.15	0	.8980052	0	.1019948	0
1314.15	0	.897409	0	.102591	0
1313.15	0	.896814	0	.103186	0
1312.15	0	.8962203	0	.1037797	0
1311.15	0	.8956279	0	.1043721	0
1310.15	0	.8950368	0	.1049632	0
1309.15	0	.894447	0	.105553	0
1308.15	0	.8938584	0	.1061416	0
1307.15	0	.8932711	0	.1067289	0
1306.15	0	.8926851	0	.1073149	0
1305.15	0	.8921003	0	.1078997	0
1304.15	0	.8915168	0	.1084832	0
1303.15	0	.8909345	0	.1090655	0
1302.15	0	.8903535	0	.1096465	0
1301.15	0	.8897737	0	.1102263	0
1300.15	0	.8891952	0	.1108048	0
1299.15	0	.8886179	0	.1113821	0
1298.15	0	.8880419	0	.1119581	0
1297.15	0	.8874671	0	.1125329	0
1296.15	0	.8868935	0	.1131065	0
1295.15	0	.8863211	0	.1136789	0
1294.15	0	.88575	0	.11425	0
1293.15	0	.88518	0	.11482	0
1292.15	0	.8846113	0	.1153887	0
1291.15	0	.8840438	0	.1159562	0
1290.15	0	.8834775	0	.1165224	0
1289.15	0	.8829125	0	.1170875	0
1288.15	0	.8823486	0	.1176514	0
1287.15	0	.8817859	0	.1182141	0
1286.15	0	.8812244	0	.1187756	0
1285.15	0	.8806641	0	.1193359	0
1284.15	0	.8801049	0	.1198951	0
1283.15	0	.879547	0	.120453	0
1282.15	0	.8789902	0	.1210098	0
1281.15	0	.8784346	0	.1215654	0
1280.15	0	.8778802	0	.1221198	0
1279.15	0	.877327	0	.122673	0
1278.15	0	.8767749	0	.1232251	0
1277.15	0	.876224	0	.123776	0
1276.15	0	.8756742	0	.1243258	0
1275.15	0	.8751256	0	.1248744	0
1274.15	0	.8745782	0	.1254218	0
1273.15	0	.8740319	0	.1259681	0
1272.15	0	.8734867	0	.1265133	0
1271.15	0	.8729427	0	.1270573	0
1270.15	0	.8723998	0	.1276002	0
1269.15	0	.8718581	0	.1281419	0
1268.15	0	.8713175	0	.1286825	0
1267.15	0	.870778	0	.129222	0
1266.15	0	.8702397	0	.1297603	0
1265.15	0	.8697025	0	.1302976	0
1264.15	0	.8691663	0	.1308337	0
1263.15	0	.8686314	0	.1313686	0
1262.15	0	.8680975	0	.1319025	0
1261.15	0	.8675647	0	.1324353	0
1260.15	0	.8670331	0	.1329669	0
1259.15	0	.8665025	0	.1334975	0
1258.15	0	.8659731	0	.1340269	0
1257.15	0	.8654447	0	.1345553	0
1256.15	0	.8649175	0	.1350825	0
1255.15	0	.8643913	0	.1356087	0
1254.15	0	.8638662	0	.1361338	0
1253.15	0	.8633423	0	.1366577	0
1252.15	0	.8628194	0	.1371806	0
1251.15	0	.8622975	0	.1377025	0
1250.15	0	.8617768	0	.1382232	0
1249.15	0	.8612571	0	.1387429	0
1248.15	0	.8607385	0	.1392615	0
1247.15	0	.860221	0	.139779	0
1246.15	0	.8597045	0	.1402955	0
1245.15	0	.8591891	0	.1408109	0
1244.15	0	.8586748	0	.1413252	0
1243.15	0	.8581615	0	.1418385	0
1242.15	0	.8576493	0	.1423507	0
1241.15	0	.8571381	0	.1428619	0
1240.15	0	.856628	0	.143372	0
1239.15	0	.8561189	0	.1438811	0
1238.15	0	.8556109	0	.1443891	0
1237.15	0	.8551039	0	.1448961	0
1236.15	0	.8545979	0	.1454021	0
1235.15	0	.854093	0	.145907	0
1234.15	0	.8535891	0	.1464109	0
1233.15	0	.8530862	0	.1469138	0
1232.15	0	.8525844	0	.1474156	0
1231.15	0	.8520836	0	.1479164	0
1230.15	0	.8515838	0	.1484162	0
1229.15	0	.851085	0	.148915	0
1228.15	0	.8505872	0	.1494128	0
1227.15	0	.8500905	0	.1499095	0
1226.15	0	.8495948	0	.1504052	0
1225.15	0	.8491	0	.1509	0
1224.15	0	.8486063	0	.1513937	0
1223.15	0	.8481136	0	.1518864	0
1222.15	0	.8476219	0	.1523781	0
1221.15	0	.8471312	0	.1528689	0
1220.15	0	.8466414	0	.1533586	0
1219.15	0	.8461527	0	.1538473	0
1218.15	0	.8456649	0	.1543351	0
1217.15	0	.8451782	0	.1548218	0
1216.15	0	.8446924	0	.1553076	0
1215.15	0	.8442076	0	.1557924	0
1214.15	0	.8437238	0	.1562762	0
1213.15	0	.843241	0	.156759	0
1212.15	0	.8427591	0	.1572409	0
1211.15	0	.8422782	0	.1577218	0
1210.15	0	.8417983	0	.1582017	0
1209.15	0	.8413193	0	.1586807	0
1208.15	0	.8408413	0	.1591587	0
1207.15	0	.8403643	0	.1596357	0
1206.15	0	.8398883	0	.1601117	0
1205.15	0	.8394131	0	.1605869	0
1204.15	0	.838939	0	.161061	0
1203.15	0	.8384658	0	.1615342	0
1202.15	0	.8379935	0	.1620065	0
1201.15	0	.8375222	0	.1624778	0
1200.15	0	.8370518	0	.1629482	0
1199.15	0	.8365824	0	.1634176	0
1198.15	0	.836114	0	.1638861	0
1197.15	0	.8356464	0	.1643536	0
1196.15	0	.8351798	0	.1648202	0
1195.15	0	.8347141	0	.1652859	0
1194.15	0	.8342494	0	.1657506	0
1193.15	0	.8337856	0	.1662144	0
1192.15	0	.8333227	0	.1666773	0
1191.15	0	.8328607	0	.1671393	0
1190.15	0	.8323997	0	.1676003	0
1189.15	0	.8319396	0	.1680604	0
1188.15	0	.8314804	0	.1685196	0
1187.15	0	.8310221	0	.1689779	0
1186.15	0	.8305647	0	.1694353	0
1185.15	0	.8301083	0	.1698917	0
1184.15	0	.8296527	0	.1703473	0
1183.15	0	.8291981	0	.1708019	0
1182.15	0	.8287443	0	.1712557	0
1181.15	0	.8282915	0	.1717085	0
1180.15	0	.8278395	0	.1721605	0
1179.15	0	.8273885	0	.1726115	0
1178.15	0	.8269384	0	.1730617	0
1177.15	0	.8264891	0	.1735109	0
1176.15	0	.8260407	0	.1739593	0
1175.15	0	.8255933	0	.1744067	0
1174.15	0	.8251467	0	.1748533	0
1173.15	0	.824701	0	.175299	0
1172.15	0	.8242562	0	.1757438	0
1171.15	0	.8238122	0	.1761878	0
1170.15	0	.8233692	0	.1766308	0
1169.15	0	.822927	0	.177073	0
1168.15	0	.8224857	0	.1775143	0
1167.15	0	.8220452	0	.1779548	0
1166.15	0	.8216057	0	.1783943	0
1165.15	0	.821167	0	.178833	0
1164.15	0	.8207292	0	.1792709	0
1163.15	0	.8202922	0	.1797078	0
1162.15	0	.8198561	0	.1801439	0
1161.15	0	.8194208	0	.1805792	0
1160.15	0	.8189865	0	.1810135	0
1159.15	0	.8185529	0	.1814471	0
1158.15	0	.8181202	0	.1818798	0
1157.15	0	.8176884	0	.1823116	0
1156.15	0	.8172575	0	.1827425	0
1155.15	0	.8168273	0	.1831727	0
1154.15	0	.816398	0	.183602	0
1153.15	0	.8159696	0	.1840304	0
1152.15	0	.815542	0	.184458	0
1151.15	0	.8151153	0	.1848847	0
1150.15	0	.8146894	0	.1853106	0
1149.15	0	.8142643	0	.1857357	0
1148.15	0	.8138401	0	.1861599	0
1147.15	0	.8134167	0	.1865833	0
1146.15	0	.8129941	0	.1870059	0
1145.15	0	.8125724	0	.1874276	0
1144.15	0	.8121515	0	.1878485	0
1143.15	0	.8117314	0	.1882686	0
1142.15	0	.8113121	0	.1886879	0
1141.15	0	.8108937	0	.1891063	0
1140.15	0	.8104761	0	.1895239	0
1139.15	0	.8100593	0	.1899407	0
1138.15	0	.8096433	0	.1903567	0
1137.15	0	.8092281	0	.1907719	0
1136.15	0	.8088138	0	.1911862	0
1135.15	0	.8084002	0	.1915998	0
1134.15	0	.8079875	0	.1920125	0
1133.15	0	.8075756	0	.1924244	0
1132.15	0	.8071645	0	.1928355	0
1131.15	0	.8067541	0	.1932459	0
1130.15	0	.8063446	0	.1936554	0
1129.15	0	.8059359	0	.1940641	0
1128.15	0	.805528	0	.194472	0
1127.15	0	.8051209	0	.1948791	0
1126.15	0	.8047146	0	.1952854	0
1125.15	0	.8043091	0	.1956909	0
1124.15	0	.8039043	0	.1960957	0
1123.15	0	.8035004	0	.1964996	0
1122.15	0	.8030972	0	.1969028	0
1121.15	0	.8026949	0	.1973051	0
1120.15	0	.8022933	0	.1977067	0
1119.15	0	.8018925	0	.1981075	0
1118.15	0	.8014925	0	.1985075	0
1117.15	0	.8010933	0	.1989067	0
1116.15	0	.8006948	0	.1993052	0
1115.15	0	.8002971	0	.1997029	0
1114.15	0	.7999002	0	.2000998	0
1113.15	0	.7995041	0	.2004959	0
1112.15	0	.7991088	0	.2008912	0
1111.15	0	.7987142	0	.2012858	0
1110.15	0	.7983204	0	.2016796	0
1109.15	0	.7979274	0	.2020726	0
1108.15	0	.7975351	0	.2024649	0
1107.15	0	.7971436	0	.2028564	0
1106.15	0	.7967528	0	.2032472	0
1105.15	0	.7963628	0	.2036372	0
1104.15	0	.7959736	0	.2040264	0
1103.15	0	.7955851	0	.2044149	0
1102.15	0	.7951974	0	.2048026	0
1101.15	0	.7948105	0	.2051895	0
1100.15	0	.7944243	0	.2055757	0
1099.15	0	.7940389	0	.2059612	0
1098.15	0	.7936542	0	.2063458	0
1097.15	0	.7932702	0	.2067298	0
1096.15	0	.792887	0	.207113	0
1095.15	0	.7925046	0	.2074954	0
1094.15	0	.7921229	0	.2078771	0
1093.15	0	.7917419	0	.2082581	0
1092.15	0	.7913617	0	.2086383	0
1091.15	0	.7909822	0	.2090178	0
1090.15	0	.7906035	0	.2093965	0
1089.15	0	.7902255	0	.2097745	0
1088.15	0	.7898482	0	.2101518	0
1087.15	0	.7894717	0	.2105283	0
1086.15	0	.7890959	0	.2109041	0
1085.15	0	.7887208	0	.2112792	0
1084.15	0	.7883465	0	.2116535	0
1083.15	0	.7879729	0	.2120271	0
1082.15	0	.7876	0	.2124	0
1081.15	0	.7872279	0	.2127721	0
1080.15	0	.7868565	0	.2131435	0
1079.15	0	.7864858	0	.2135142	0
1078.15	0	.7861158	0	.2138842	0
1077.15	0	.7857465	0	.2142535	0
1076.15	0	.785378	0	.214622	0
1075.15	0	.7850102	0	.2149898	0
1074.15	0	.7846431	0	.2153569	0
1073.15	0	.7842767	0	.2157233	0
1072.15	0	.783911	0	.216089	0
1071.15	0	.7835461	0	.2164539	0
1070.15	0	.7831819	0	.2168182	0
1069.15	0	.7828183	0	.2171817	0
1068.15	0	.7824555	0	.2175445	0
1067.15	0	.7820934	0	.2179066	0
1066.15	0	.781732	0	.218268	0
1065.15	0	.7813713	0	.2186287	0
1064.15	0	.7810113	0	.2189887	0
1063.15	0	.780652	0	.219348	0
1062.15	0	.7802934	0	.2197066	0
1061.15	0	.7799355	0	.2200645	0
1060.15	0	.7795783	0	.2204216	0
1059.15	0	.7792219	0	.2207781	0
1058.15	0	.7788661	0	.2211339	0
1057.15	0	.778511	0	.221489	0
1056.15	0	.7781566	0	.2218434	0
1055.15	0	.7778029	0	.2221971	0
1054.15	0	.7774498	0	.2225502	0
1053.15	0	.7770975	0	.2229025	0
1052.15	0	.7767459	0	.2232541	0
1051.15	0	.7763949	0	.2236051	0
1050.15	0	.7760447	0	.2239553	0
1049.15	0	.7756951	0	.2243049	0
1048.15	0	.7753462	0	.2246538	0
1047.15	0	.774998	0	.225002	0
1046.15	0	.7746505	0	.2253495	0
1045.15	0	.7743036	0	.2256964	0
1044.15	0	.7739575	0	.2260425	0
1043.15	0	.773612	0	.226388	0
1042.15	0	.7732672	0	.2267328	0
1041.15	0	.7729231	0	.2270769	0
1040.15	0	.7725796	0	.2274204	0
1039.15	0	.7722369	0	.2277631	0
1038.15	0	.7718948	0	.2281052	0
1037.15	0	.7715533	0	.2284467	0
1036.15	0	.7712126	0	.2287874	0
1035.15	0	.7708725	0	.2291275	0
1034.15	0	.7705331	0	.2294669	0
1033.15	0	.7701943	0	.2298057	0
1032.15	0	.7698563	0	.2301437	0
1031.15	0	.7695189	0	.2304812	0
1030.15	0	.7691821	0	.2308179	0
1029.15	0	.768846	0	.231154	0
1028.15	0	.7685106	0	.2314894	0
1027.15	0	.7681758	0	.2318242	0
1026.15	0	.7678417	0	.2321583	0
1025.15	0	.7675083	0	.2324917	0
1024.15	0	.7671755	0	.2328245	0
1023.15	0	.7668434	0	.2331566	0
1022.15	0	.766512	0	.2334881	0
1021.15	0	.7661811	0	.2338189	0
1020.15	0	.765851	0	.234149	0
1019.15	0	.7655215	0	.2344785	0
1018.15	0	.7651927	0	.2348073	0
1017.15	0	.7648645	0	.2351355	0
1016.15	0	.7645369	0	.2354631	0
1015.15	0	.76421	0	.23579	0
1014.15	0	.7638838	0	.2361162	0
1013.15	0	.7635582	0	.2364418	0
1012.15	0	.7632333	0	.2367667	0
1011.15	0	.762909	0	.237091	0
1010.15	0	.7625853	0	.2374147	0
1009.15	0	.7622623	0	.2377377	0
1008.15	0	.76194	0	.23806	0
1007.15	0	.7616182	0	.2383818	0
1006.15	0	.7612972	0	.2387029	0
1005.15	0	.7609767	0	.2390233	0
1004.15	0	.7606569	0	.2393431	0
1003.15	0	.7603378	0	.2396622	0
1002.15	0	.7600192	0	.2399808	0
1001.15	0	.7597014	0	.2402987	0
1000.15	0	.7593841	0	.2406159	0
999.15	0	.7590675	0	.2409325	0
998.15	0	.7587515	0	.2412485	0
997.15	0	.7584362	0	.2415638	0
996.15	0	.7581215	0	.2418785	0
995.15	0	.7578074	0	.2421926	0
994.15	0	.757494	0	.2425061	0
993.15	0	.7571811	0	.2428189	0
992.15	0	.7568689	0	.2431311	0
991.15	0	.7565574	0	.2434426	0
990.15	0	.7562465	0	.2437535	0
989.15	0	.7559362	0	.2440638	0
988.15	0	.7556265	0	.2443735	0
987.15	0	.7553174	0	.2446826	0
986.15	0	.755009	0	.244991	0
985.15	0	.7547012	0	.2452988	0
984.15	0	.754394	0	.245606	0
983.15	0	.7540875	0	.2459125	0
982.15	0	.7537816	0	.2462185	0
981.15	0	.7534762	0	.2465238	0
980.15	0	.7531716	0	.2468285	0
979.15	0	.7528675	0	.2471325	0
978.15	0	.752564	0	.247436	0
977.15	0	.7522612	0	.2477388	0
976.15	0	.751959	0	.248041	0
975.15	0	.7516574	0	.2483426	0
974.15	0	.7513564	0	.2486436	0
973.15	0	.751056	0	.248944	0
972.15	0	.7507563	0	.2492437	0
971.15	0	.7504571	0	.2495429	0
970.15	0	.7501586	0	.2498414	0
969.15	0	.7498607	0	.2501393	0
968.15	0	.7495633	0	.2504367	0
967.15	0	.7492666	0	.2507334	0
966.15	0	.7489706	0	.2510294	0
965.15	0	.7486751	0	.2513249	0
964.15	0	.7483802	0	.2516198	0
963.15	0	.7480859	0	.2519141	0
962.15	0	.7477923	0	.2522077	0
961.15	0	.7474992	0	.2525008	0
960.15	0	.7472068	0	.2527932	0
959.15	0	.746915	0	.253085	0
958.15	0	.7466237	0	.2533763	0
957.15	0	.7463331	0	.2536669	0
956.5922	0	.7461713	0	.2538287	0
956.5922	0	.7461713	0	.2538287	0
956.5922	0	.7461713	0	.2538287	0
956.15	0	.7458146	2.56137E-04	.2539293	0
955.15	0	.7450094	8.345667E-04	.2541561	0
954.15	0	.7442061	.001411907	.254382	0
953.15	0	.7434047	.001988168	.2546071	0
952.15	0	.7426052	.002563356	.2548315	0
951.15	0	.7418076	.003137481	.2550549	0
950.15	0	.7410119	.003710553	.2552776	0
949.15	0	.740218	.004282579	.2554994	0
948.15	0	.739426	.00485357	.2557204	0
947.15	0	.7386359	.005423535	.2559406	0
946.15	0	.7378476	.005992483	.2561599	0
945.15	0	.7370611	.006560425	.2563785	0
944.15	0	.7362765	.007127369	.2565961	0
943.15	0	.7354937	.007693327	.2568129	0
942.15	0	.7347128	.008258309	.2570289	0
941.15	0	.7339336	.008822326	.2572441	0
940.15	0	.7331563	.009385387	.2574584	0
939.15	0	.7323807	.009947504	.2576718	0
938.15	0	.7316069	.01050869	.2578844	0
937.15	0	.7308349	.01106895	.2580961	0
936.15	0	.7300647	.0116283	.258307	0
935.15	0	.7292962	.01218676	.2585171	0
934.15	0	.7285295	.01274433	.2587262	0
933.15	0	.7277645	.01330102	.2589345	0
932.15	0	.7270012	.01385685	.2591419	0
931.15	0	.7262397	.01441183	.2593485	0
930.15	0	.7254799	.01496598	.2595542	0
929.15	0	.7247217	.0155193	.259759	0
928.15	0	.7239653	.01607182	.2599629	0
927.15	0	.7232105	.01662353	.260166	0
926.15	0	.7224574	.01717447	.2603681	0
925.15	0	.721706	.01772463	.2605694	0
924.15	0	.7209562	.01827405	.2607698	0
923.15	0	.720208	.01882272	.2609692	0
922.15	0	.7194615	.01937067	.2611678	0
921.15	0	.7187166	.01991791	.2613655	0
920.15	0	.7179733	.02046445	.2615623	0
919.15	0	.7172316	.02101032	.2617581	0
918.15	0	.7164914	.02155552	.2619531	0
917.15	0	.7157528	.02210008	.2621471	0
916.15	0	.7150158	.02264401	.2623402	0
915.15	0	.7142803	.02318733	.2625324	0
914.15	0	.7135463	.02373006	.2627237	0
913.15	0	.7128138	.0242722	.262914	0
912.15	0	.7120829	.02481379	.2631034	0
911.15	0	.7113534	.02535484	.2632918	0
910.15	0	.7106254	.02589536	.2634793	0
909.15	0	.7098988	.02643539	.2636658	0
908.15	0	.7091737	.02697492	.2638514	0
907.15	0	.70845	.027514	.264036	0
906.15	0	.7077277	.02805263	.2642197	0
905.15	0	.7070068	.02859083	.2644024	0
904.15	0	.7062873	.02912864	.2645841	0
903.15	0	.7055691	.02966606	.2647648	0
902.15	0	.7048523	.03020312	.2649446	0
901.15	0	.7041368	.03073985	.2651233	0
900.15	0	.7034227	.03127626	.2653011	0
899.15	0	.7027098	.03181237	.2654778	0
898.15	0	.7019982	.03234823	.2656536	0
897.15	0	.7012878	.03288383	.2658283	0
896.15	0	.7005787	.03341921	.266002	0
895.15	0	.6998708	.03395441	.2661748	0
894.15	0	.6991642	.03448942	.2663464	0
893.15	0	.6984587	.0350243	.2665171	0
892.15	0	.6977543	.03555906	.2666867	0
891.15	0	.6970511	.03609372	.2668552	0
890.15	0	.696349	.03662832	.2670227	0
889.15	0	.695648	.03716289	.2671891	0
888.15	0	.6949481	.03769745	.2673545	0
887.15	0	.6942492	.03823203	.2675187	0
886.15	0	.6935514	.03876666	.2676819	0
885.15	0	.6928546	.03930137	.2678441	0
884.15	0	.6921587	.03983619	.2680051	0
883.15	0	.6914639	.04037116	.268165	0
882.15	0	.6907699	.0409063	.2683238	0
881.15	0	.6900769	.04144165	.2684815	0
880.15	0	.6893847	.04197725	.268638	0
879.15	0	.6886935	.04251312	.2687934	0
878.15	0	.688003	.0430493	.2689477	0
877.15	0	.6873134	.04358582	.2691008	0
876.15	0	.6866245	.04412273	.2692528	0
875.15	0	.6859364	.04466006	.2694036	0
874.15	0	.685249	.04519785	.2695532	0
873.15	0	.6845623	.04573613	.2697016	0
872.15	0	.6838762	.04627494	.2698488	0
871.15	0	.6831908	.04681434	.2699948	0
870.15	0	.682506	.04735435	.2701396	0
869.15	0	.6818218	.04789502	.2702832	0
868.15	0	.6811381	.04843639	.2704256	0
867.15	0	.6804549	.04897852	.2705666	0
866.15	0	.6797721	.04952143	.2707065	0
865.15	0	.6790898	.05006518	.270845	0
864.15	0	.6784079	.05060981	.2709823	0
863.15	0	.6777263	.05115538	.2711183	0
862.15	0	.6770451	.05170194	.271253	0
861.15	0	.6763641	.05224952	.2713864	0
860.15	0	.6756834	.05279819	.2715184	0
859.15	0	.6750029	.053348	.2716491	0
858.15	0	.6743226	.05389901	.2717784	0
857.15	0	.6736423	.05445126	.2719064	0
856.15	0	.6729622	.05500482	.272033	0
855.15	0	.6722821	.05555974	.2721582	0
854.15	0	.6716019	.05611609	.272282	0
853.15	0	.6709217	.05667392	.2724044	0
852.15	0	.6702414	.0572333	.2725253	0
851.15	0	.6695609	.0577943	.2726448	0
850.15	0	.6688803	.05835698	.2727628	0
849.15	0	.6681993	.0589214	.2728793	0
848.15	0	.6675181	.05948765	.2729943	0
847.15	0	.6668365	.06005579	.2731078	0
846.15	0	.6661544	.0606259	.2732197	0
845.15	0	.6654719	.06119805	.2733301	0
844.15	0	.6647888	.06177232	.2734389	0
843.15	0	.6641051	.06234879	.2735461	0
842.15	0	.6634208	.06292755	.2736517	0
841.15	0	.6627357	.06350869	.2737556	0
840.15	0	.6620499	.06409229	.2738579	0
839.15	0	.6613631	.06467844	.2739585	0
838.15	0	.6606754	.06526723	.2740574	0
837.15	0	.6599867	.06585878	.2741545	0
836.15	0	.6592969	.06645317	.2742499	0
835.15	0	.658606	.06705051	.2743435	0
834.15	0	.6579137	.06765091	.2744354	0
833.15	0	.6572202	.06825448	.2745253	0
832.15	0	.6565252	.06886133	.2746135	0
831.15	0	.6558287	.06947159	.2746997	0
830.15	0	.6551306	.07008538	.274784	0
829.15	0	.6544308	.07070282	.2748663	0
828.15	0	.6537292	.07132406	.2749467	0
827.15	0	.6530257	.07194922	.275025	0
826.15	0	.6523202	.07257846	.2751013	0
825.15	0	.6516126	.07321192	.2751755	0
824.15	0	.6509026	.07384977	.2752476	0
823.15	0	.6501904	.07449215	.2753175	0
822.15	0	.6494756	.07513925	.2753852	0
821.15	0	.6487582	.07579123	.2754506	0
820.15	0	.648038	.07644829	.2755137	0
819.15	0	.6473149	.07711061	.2755745	0
818.15	0	.6465887	.0777784	.2756329	0
817.15	0	.6458593	.07845188	.2756888	0
816.15	0	.6451266	.07913125	.2757422	0
815.15	0	.6443902	.07981675	.2757931	0
814.15	0	.6436501	.08050863	.2758413	0
813.15	0	.642906	.08120715	.2758869	0
812.15	0	.6421578	.08191256	.2759297	0
811.15	0	.6414052	.08262517	.2759696	0
810.15	0	.640648	.08334527	.2760067	0
809.15	0	.639886	.08407317	.2760408	0
808.15	0	.6391189	.08480921	.2760719	0
807.15	0	.6383464	.08555375	.2760998	0
806.15	0	.6375683	.08630716	.2761245	0
805.15	0	.6367843	.08706984	.2761459	0
804.15	0	.635994	.08784223	.2761638	0
803.15	0	.6351971	.08862476	.2761782	0
802.15	0	.6343932	.08941794	.2761889	0
801.15	0	.6335819	.09022227	.2761958	0
800.15	0	.6327629	.0910383	.2761988	0
799.15	0	.6319356	.09186664	.2761977	0
798.15	0	.6310996	.09270792	.2761924	0
797.15	0	.6302544	.09356283	.2761827	0
796.15	0	.6293994	.09443212	.2761685	0
795.15	0	.6285349	.09531582	.2761493	0
794.15	0	.6276583	.09621641	.2761253	0
793.15	0	.6267699	.09713401	.2760961	0
792.15	0	.6258689	.09806965	.2760615	0
791.15	0	.6249545	.09902447	.2760211	0
790.15	0	.6240256	.09999972	.2759747	0
789.15	0	.6230813	.1009968	.2759219	0
788.15	0	.6221204	.1020172	.2758624	0
787.15	0	.6211416	.1030626	.2757958	0
786.15	0	.6201435	.1041349	.2757216	0
785.15	0	.6191244	.1052363	.2756394	0
784.15	0	.6180825	.1063691	.2755484	0
783.15	0	.6170158	.107536	.2754482	0
782.15	0	.6159219	.1087401	.275338	0
781.15	0	.6141525	.1107925	.275055	0
780.15	0	.6122587	.1130072	.2747341	0
779.15	0	.6104742	.1150918	.274434	0
778.15	0	.6087873	.1170603	.2741524	0
777.15	0	.607188	.1189246	.2738874	0
776.15	0	.605668	.1206947	.2736372	0
775.15	0	.60422	.1223794	.2734006	0
774.15	0	.6028376	.1239862	.2731762	0
773.15	0	.6015154	.1255217	.2729629	0
772.15	0	.6002486	.1269915	.2727599	0
771.15	0	.5990329	.1284009	.2725662	0
770.15	0	.5978646	.1297543	.2723811	0
769.15	0	.5967402	.1310558	.272204	0
768.15	0	.5956567	.132309	.2720343	0
767.15	0	.5946115	.1335171	.2718714	0
766.15	0	.5936021	.134683	.2717149	0
765.15	0	.5926263	.1358094	.2715644	0
764.15	0	.591682	.1368987	.2714193	0
763.15	0	.5907674	.1379532	.2712795	0
762.15	0	.5898808	.1389747	.2711445	0
761.15	0	.5890207	.1399652	.2710141	0
760.15	0	.5881857	.1409264	.2708879	0
759.15	0	.5873745	.1418597	.2707658	0
758.15	0	.5865857	.1427668	.2706475	0
757.15	0	.5858184	.1436488	.2705328	0
756.15	0	.5850715	.144507	.2704215	0
755.15	0	.584344	.1453426	.2703134	0
754.15	0	.583635	.1461567	.2702083	0
753.15	0	.5829437	.1469502	.2701061	0
752.15	0	.5822692	.1477241	.2700067	0
751.15	0	.5816109	.1484793	.2699098	0
750.15	0	.5809681	.1492165	.2698154	0
749.15	0	.5803401	.1499365	.2697234	0
748.15	0	.5797263	.1506401	.2696335	0
747.15	0	.5791262	.151328	.2695459	0
746.15	0	.5785391	.1520007	.2694602	0
745.15	0	.5779647	.1526588	.2693765	0
744.15	0	.5774024	.153303	.2692946	0
743.15	0	.5768517	.1539338	.2692145	0
742.15	0	.5763123	.1545516	.2691361	0
741.15	0	.5757837	.155157	.2690593	0
740.15	0	.5752655	.1557504	.2689841	0
739.15	0	.5747574	.1563323	.2689103	0
738.15	0	.5742591	.156903	.2688379	0
737.15	0	.5737701	.157463	.2687669	0
736.15	0	.5732902	.1580125	.2686972	0
735.15	0	.5728191	.1585521	.2686288	0
734.15	0	.5723565	.1590819	.2685615	0
733.15	0	.5719022	.1596024	.2684954	0
732.15	0	.5714558	.1601138	.2684304	0
731.15	0	.5710171	.1606164	.2683665	0
730.15	0	.5705858	.1611106	.2683036	0
729.15	0	.5701619	.1615965	.2682417	0
728.15	0	.5697449	.1620744	.2681807	0
727.15	0	.5693348	.1625446	.2681206	0
726.15	0	.5689314	.1630073	.2680614	0
725.15	0	.5685343	.1634627	.268003	0
724.15	0	.5681435	.163911	.2679455	0
723.15	0	.5677588	.1643525	.2678887	0
722.15	0	.56738	.1647873	.2678327	0
721.15	0	.5670069	.1652157	.2677774	0
720.15	0	.5666394	.1656378	.2677228	0
719.15	0	.5662774	.1660537	.2676689	0
718.15	0	.5659206	.1664638	.2676156	0
717.15	0	.565569	.166868	.267563	0
716.15	0	.5652224	.1672666	.2675109	0
715.15	0	.5648808	.1676598	.2674595	0
714.15	0	.5645438	.1680476	.2674086	0
713.15	0	.5642115	.1684302	.2673582	0
712.15	0	.5638838	.1688078	.2673084	0
711.15	0	.5635605	.1691805	.2672591	0
710.15	0	.5632414	.1695483	.2672103	0
709.15	0	.5629266	.1699114	.2671619	0
708.15	0	.5626159	.1702701	.267114	0
707.15	0	.5623092	.1706242	.2670666	0
706.15	0	.5620064	.170974	.2670196	0
705.15	0	.5617075	.1713196	.266973	0
704.15	0	.5614122	.171661	.2669268	0
703.15	0	.5611207	.1719984	.2668809	0
702.15	0	.5608327	.1723318	.2668355	0
701.15	0	.5605482	.1726614	.2667904	0
700.15	0	.560267	.1729873	.2667457	0
699.15	0	.5599893	.1733094	.2667013	0
698.15	0	.5597148	.173628	.2666572	0
697.15	0	.5594435	.1739431	.2666135	0
696.15	0	.5591753	.1742547	.2665701	0
695.15	0	.5589101	.1745629	.2665269	0
694.15	0	.558648	.1748679	.2664841	0
693.15	0	.5583888	.1751697	.2664415	0
692.15	0	.5581325	.1754683	.2663992	0
691.15	0	.557879	.1757639	.2663571	0
690.15	0	.5576282	.1760564	.2663154	0
689.15	0	.5573802	.176346	.2662738	0
688.15	0	.5571348	.1766327	.2662325	0
687.15	0	.556892	.1769166	.2661914	0
686.15	0	.5566517	.1771977	.2661506	0
685.15	0	.5564139	.1774761	.26611	0
684.15	0	.5561786	.1777519	.2660695	0
683.15	0	.5559457	.178025	.2660293	0
682.15	0	.5557151	.1782956	.2659893	0
681.15	0	.5554869	.1785637	.2659495	0
680.15	0	.5552609	.1788293	.2659098	0
679.15	0	.5550371	.1790925	.2658704	0
678.15	0	.5548156	.1793534	.2658311	0
677.15	0	.5545961	.1796119	.2657919	0
676.15	0	.5543788	.1798682	.265753	0
675.15	0	.5541636	.1801223	.2657142	0
674.15	0	.5539503	.1803742	.2656755	0
673.15	0	.5537391	.1806239	.265637	0
672.15	0	.5535298	.1808715	.2655987	0
671.15	0	.5533225	.1811171	.2655604	0
670.15	0	.5531171	.1813606	.2655224	0
669.15	0	.5529135	.1816021	.2654844	0
668.15	0	.5527118	.1818417	.2654466	0
667.15	0	.5525118	.1820793	.2654089	0
666.15	0	.5523136	.1823151	.2653713	0
665.15	0	.5521172	.182549	.2653339	0
664.15	0	.5519225	.182781	.2652965	0
663.15	0	.5517294	.1830113	.2652593	0
662.15	0	.5515381	.1832398	.2652221	0
661.15	0	.5513483	.1834666	.2651851	0
660.15	0	.5511601	.1836917	.2651482	0
659.15	0	.5509736	.1839151	.2651113	0
658.15	0	.5507886	.1841369	.2650746	0
657.15	0	.5506051	.184357	.265038	0
656.15	0	.5504231	.1845755	.2650014	0
655.15	0	.5502426	.1847925	.2649649	0
654.15	0	.5500635	.1850079	.2649285	0
653.15	0	.549886	.1852218	.2648922	0
652.15	0	.5497098	.1854342	.264856	0
651.15	0	.549535	.1856452	.2648199	0
650.15	0	.5493616	.1858547	.2647838	0
649.15	0	.5491895	.1860627	.2647478	0
648.15	0	.5490188	.1862694	.2647118	0
647.15	0	.5488494	.1864747	.264676	0
646.15	0	.5486813	.1866786	.2646402	0
645.15	0	.5485144	.1868811	.2646044	0
644.15	0	.5483488	.1870824	.2645688	0
643.15	0	.5481845	.1872823	.2645332	0
642.15	0	.5480214	.187481	.2644976	0
641.15	0	.5478595	.1876784	.2644621	0
640.15	0	.5476988	.1878746	.2644267	0
639.15	0	.5475392	.1880695	.2643913	0
638.15	0	.5473809	.1882632	.264356	0
637.15	0	.5472236	.1884557	.2643207	0
636.15	0	.5470675	.188647	.2642854	0
635.15	0	.5469125	.1888372	.2642503	0
634.15	0	.5467586	.1890263	.2642151	0
633.15	0	.5466058	.1892142	.26418	0
632.15	0	.5464541	.1894009	.264145	0
631.15	0	.5463034	.1895866	.26411	0
630.15	0	.5461537	.1897712	.2640751	0
629.15	0	.5460051	.1899548	.2640401	0
628.15	0	.5458575	.1901372	.2640053	0
627.15	0	.5457109	.1903187	.2639704	0
626.15	0	.5455653	.1904991	.2639356	0
625.15	0	.5454206	.1906785	.2639009	0
624.15	0	.545277	.1908569	.2638662	0
623.15	0	.5451343	.1910343	.2638315	0
622.15	0	.5449925	.1912107	.2637968	0
621.15	0	.5448517	.1913861	.2637622	0
620.15	0	.5447118	.1915606	.2637276	0
619.15	0	.5445727	.1917342	.2636931	0
618.15	0	.5444346	.1919068	.2636585	0
617.15	0	.5442974	.1920785	.263624	0
616.15	0	.5441611	.1922493	.2635896	0
615.15	0	.5440256	.1924192	.2635552	0
614.15	0	.543891	.1925883	.2635208	0
613.15	0	.5437572	.1927564	.2634864	0
612.15	0	.5436243	.1929237	.2634521	0
611.15	0	.5434922	.1930901	.2634178	0
610.15	0	.5433609	.1932556	.2633835	0
609.15	0	.5432304	.1934204	.2633492	0
608.15	0	.5431007	.1935843	.263315	0
607.15	0	.5429719	.1937473	.2632808	0
606.15	0	.5428438	.1939096	.2632466	0
605.15	0	.5427165	.1940711	.2632124	0
604.15	0	.5425899	.1942318	.2631783	0
603.15	0	.5424641	.1943917	.2631442	0
602.15	0	.5423391	.1945508	.2631101	0
601.15	0	.5422148	.1947091	.2630761	0
600.15	0	.5420912	.1948667	.2630421	0
599.15	0	.5419684	.1950236	.263008	0
598.15	0	.5418463	.1951797	.2629741	0
597.15	0	.5417249	.195335	.2629401	0
596.15	0	.5416042	.1954896	.2629062	0
595.15	0	.5414842	.1956435	.2628722	0
594.15	0	.5413649	.1957967	.2628383	0
593.15	0	.5412463	.1959492	.2628045	0
592.15	0	.5411284	.196101	.2627706	0
591.15	0	.5410111	.1962521	.2627368	0
590.15	0	.5408945	.1964025	.262703	0
589.15	0	.5407786	.1965522	.2626692	0
588.15	0	.5406633	.1967012	.2626355	0
587.15	0	.5405487	.1968496	.2626017	0
586.15	0	.5404347	.1969973	.262568	0
585.15	0	.5403214	.1971444	.2625343	0
584.15	0	.5402086	.1972908	.2625006	0
583.15	0	.5400965	.1974365	.262467	0
582.15	0	.539985	.1975816	.2624333	0
581.15	0	.5398742	.1977261	.2623997	0
580.15	0	.5397639	.1978699	.2623661	0
579.15	0	.5396543	.1980132	.2623326	0
578.15	0	.5395452	.1981558	.262299	0
577.15	0	.5394367	.1982978	.2622655	0
576.15	0	.5393288	.1984392	.262232	0
575.15	0	.5392215	.19858	.2621985	0
574.15	0	.5391148	.1987201	.2621651	0
573.15	0	.5390086	.1988597	.2621316	0
572.15	0	.538903	.1989988	.2620982	0
571.15	0	.538798	.1991372	.2620648	0
570.15	0	.5386935	.199275	.2620315	0
569.15	0	.5385896	.1994123	.2619981	0
568.15	0	.5384862	.199549	.2619648	0
567.15	0	.5383834	.1996851	.2619315	0
566.15	0	.5382811	.1998207	.2618982	0
565.15	0	.5381793	.1999557	.261865	0
564.15	0	.5380781	.2000901	.2618317	0
563.15	0	.5379774	.200224	.2617986	0
562.15	0	.5378773	.2003574	.2617654	0
561.15	0	.5377776	.2004902	.2617322	0
560.15	0	.5376784	.2006225	.2616991	0
559.15	0	.5375798	.2007542	.261666	0
558.15	0	.5374817	.2008854	.2616329	0
557.15	0	.5373841	.2010161	.2615998	0
556.15	0	.5372869	.2011463	.2615668	0
555.15	0	.5371903	.2012759	.2615338	0
554.15	0	.5370942	.201405	.2615008	0
553.15	0	.5369985	.2015336	.2614679	0
552.15	0	.5369034	.2016617	.2614349	0
551.15	0	.5368087	.2017893	.261402	0
550.15	0	.5367145	.2019164	.2613692	0
549.15	0	.5366208	.2020429	.2613362	0
548.15	0	.5365276	.202169	.2613034	0
547.15	0	.5364348	.2022946	.2612706	0
546.15	0	.5363425	.2024197	.2612379	0
545.15	0	.5362506	.2025443	.2612051	0
544.15	0	.5361592	.2026684	.2611724	0
543.15	0	.5360682	.202792	.2611397	0
542.15	0	.5359777	.2029152	.2611071	0
541.15	0	.5358877	.2030378	.2610745	0
540.15	0	.5357981	.20316	.2610419	0
539.15	0	.5357089	.2032817	.2610093	0
538.15	0	.5356202	.203403	.2609768	0
537.15	0	.5355319	.2035238	.2609443	0
536.15	0	.5354441	.2036441	.2609119	0
535.15	0	.5353567	.2037639	.2608794	0
534.15	0	.5352697	.2038833	.260847	0
533.15	0	.5351832	.2040022	.2608147	0
532.15	0	.535097	.2041207	.2607823	0
531.15	0	.5350113	.2042387	.26075	0
530.15	0	.534926	.2043562	.2607178	0
529.15	0	.5348411	.2044733	.2606855	0
528.15	0	.5347567	.20459	.2606533	0
527.15	0	.5346726	.2047062	.2606212	0
526.15	0	.534589	.204822	.260589	0
525.15	0	.5345058	.2049373	.260557	0
524.15	0	.534423	.2050521	.2605249	0
523.15	0	.5343405	.2051666	.2604929	0
522.15	0	.5342585	.2052806	.2604609	0
521.15	0	.5341769	.2053942	.260429	0
520.15	0	.5340957	.2055073	.2603971	0
519.15	0	.5340148	.20562	.2603652	0
518.15	0	.5339344	.2057322	.2603333	0
517.15	0	.5338544	.2058441	.2603016	0
516.15	0	.5337747	.2059555	.2602698	0
515.15	0	.5336954	.2060665	.2602381	0
514.15	0	.5336165	.2061771	.2602064	0
513.15	0	.533538	.2062872	.2601748	0
512.15	0	.5334599	.2063969	.2601432	0
511.15	0	.5333821	.2065062	.2601117	0
510.15	0	.5333047	.2066151	.2600802	0
509.15	0	.5332277	.2067236	.2600487	0
508.15	0	.5331511	.2068316	.2600173	0
507.15	0	.5330748	.2069393	.2599859	0
506.15	0	.5329989	.2070465	.2599546	0
505.15	0	.5329234	.2071533	.2599233	0
504.15	0	.5328482	.2072597	.2598921	0
503.15	0	.5327734	.2073657	.2598609	0
502.15	0	.532699	.2074713	.2598297	0
501.15	0	.5326249	.2075765	.2597986	0
500.15	0	.5325512	.2076812	.2597676	0
499.15	0	.5324778	.2077856	.2597366	0
498.15	0	.5324048	.2078896	.2597056	0
497.15	0	.5323322	.2079932	.2596747	0
496.15	0	.5322598	.2080964	.2596438	0
495.15	0	.5321879	.2081991	.259613	0
494.15	0	.5321163	.2083015	.2595822	0
493.15	0	.532045	.2084035	.2595515	0
492.15	0	.5319741	.2085051	.2595209	0
491.15	0	.5319035	.2086063	.2594902	0
490.15	0	.5318333	.2087071	.2594597	0
489.15	0	.5317634	.2088075	.2594292	0
488.15	0	.5316938	.2089075	.2593987	0
487.15	0	.5316246	.2090071	.2593683	0
486.15	0	.5315557	.2091063	.259338	0
485.15	0	.5314872	.2092052	.2593077	0
484.15	0	.531419	.2093036	.2592774	0
483.15	0	.5313511	.2094017	.2592472	0
482.15	0	.5312835	.2094994	.2592171	0
481.15	0	.5312163	.2095967	.259187	0
480.15	0	.5311494	.2096936	.259157	0
479.15	0	.5310829	.2097901	.259127	0
478.15	0	.5310166	.2098863	.2590971	0
477.15	0	.5309507	.2099821	.2590672	0
476.15	0	.5308851	.2100774	.2590375	0
475.15	0	.5308198	.2101724	.2590077	0
474.15	0	.5307549	.2102671	.258978	0
473.15	0	.5306903	.2103613	.2589484	0
472.15	0	.530626	.2104552	.2589189	0
471.15	0	.530562	.2105487	.2588894	0
470.15	0	.5304983	.2106418	.2588599	0
469.15	0	.5304349	.2107345	.2588306	0
468.15	0	.5303719	.2108269	.2588013	0
467.15	0	.5303091	.2109189	.258772	0
466.15	0	.5302467	.2110105	.2587428	0
465.15	0	.5301846	.2111017	.2587137	0
464.15	0	.5301228	.2111926	.2586846	0
463.15	0	.5300613	.2112831	.2586556	0
462.15	0	.5300001	.2113732	.2586267	0
461.15	0	.5299392	.2114629	.2585978	0
460.15	0	.5298786	.2115523	.258569	0
459.15	0	.5298184	.2116413	.2585403	0
458.15	0	.5297584	.21173	.2585116	0
457.15	0	.5296987	.2118182	.258483	0
456.15	0	.5296393	.2119061	.2584545	0
455.15	0	.5295803	.2119937	.258426	0
454.15	0	.5295215	.2120808	.2583976	0
453.15	0	.529463	.2121676	.2583693	0
452.15	0	.5294049	.2122541	.2583411	0
451.15	0	.529347	.2123401	.2583129	0
450.15	0	.5292894	.2124258	.2582848	0
449.15	0	.5292321	.2125111	.2582567	0
448.15	0	.5291752	.212596	.2582288	0
447.15	0	.5291185	.2126806	.2582009	0
446.15	0	.5290622	.2127647	.2581731	0
445.15	0	.5290061	.2128485	.2581454	0
444.15	0	.5289504	.2129319	.2581178	0
443.15	0	.528895	.2130148	.2580902	0
442.15	0	.5288398	.2130974	.2580628	0
441.15	0	.528785	.2131796	.2580354	0
440.15	0	.5287305	.2132614	.2580081	0
439.15	0	.5286763	.2133428	.2579809	0
438.15	0	.5286225	.2134237	.2579538	0
437.15	0	.5285689	.2135043	.2579268	0
436.15	0	.5285157	.2135844	.2578999	0
435.15	0	.5284628	.2136641	.2578731	0
434.15	0	.5284102	.2137434	.2578464	0
433.15	0	.528358	.2138223	.2578198	0
432.15	0	.528306	.2139007	.2577932	0
431.15	0	.5282544	.2139787	.2577668	0
430.15	0	.5282032	.2140563	.2577405	0
429.15	0	.5281522	.2141335	.2577144	0
428.15	0	.5281016	.2142102	.2576883	0
427.15	0	.5280513	.2142864	.2576623	0
426.15	0	.5280013	.2143623	.2576364	0
425.15	0	.5279516	.2144377	.2576107	0
424.15	0	.5279023	.2145126	.257585	0
423.15	0	.5278533	.2145872	.2575595	0
422.15	0	.5278047	.2146612	.2575341	0
421.15	0	.5277563	.2147349	.2575088	0
420.15	0	.5277083	.2148081	.2574836	0
419.15	0	.5276606	.2148808	.2574585	0
418.15	0	.5276133	.2149532	.2574336	0
417.15	0	.5275663	.215025	.2574087	0
416.15	0	.5275195	.2150965	.257384	0
415.15	0	.5274732	.2151675	.2573594	0
414.15	0	.5274271	.215238	.2573349	0
413.15	0	.5273814	.2153081	.2573105	0
412.15	0	.5273359	.2153778	.2572863	0
411.15	0	.5272908	.215447	.2572622	0
410.15	0	.5272461	.2155158	.2572382	0
409.15	0	.5272016	.2155841	.2572143	0
408.15	0	.5271575	.215652	.2571905	0
407.15	0	.5271136	.2157195	.2571669	0
406.15	0	.5270701	.2157865	.2571433	0
405.15	0	.5270269	.2158532	.2571199	0
404.15	0	.526984	.2159193	.2570966	0
403.15	0	.5269415	.2159851	.2570735	0
402.15	0	.5268992	.2160504	.2570504	0
401.15	0	.5268572	.2161153	.2570275	0
400.15	0	.5268156	.2161797	.2570047	0
399.15	0	.5267742	.2162437	.2569821	0
398.15	0	.5267332	.2163073	.2569595	0
397.15	0	.5266924	.2163705	.2569371	0
396.15	0	.526652	.2164333	.2569148	0
395.15	0	.5266118	.2164956	.2568926	0
394.15	0	.526572	.2165575	.2568705	0
393.15	0	.5265324	.216619	.2568485	0
392.15	0	.5264932	.2166801	.2568267	0
391.15	0	.5264542	.2167408	.256805	0
390.15	0	.5264155	.2168011	.2567834	0
389.15	0	.5263771	.216861	.256762	0
388.15	0	.526339	.2169204	.2567406	0
387.15	0	.5263011	.2169795	.2567194	0
386.15	0	.5262636	.2170381	.2566983	0
385.15	0	.5262263	.2170964	.2566773	0
384.15	0	.5261893	.2171543	.2566564	0
383.15	0	.5261526	.2172117	.2566357	0
382.15	0	.5261162	.2172688	.256615	0
381.15	0	.52608	.2173255	.2565945	0
380.15	0	.5260441	.2173818	.2565741	0
379.15	0	.5260084	.2174377	.2565538	0
378.15	0	.5259731	.2174933	.2565337	0
377.15	0	.5259379	.2175485	.2565136	0
376.15	0	.5259031	.2176032	.2564937	0
375.15	0	.5258685	.2176577	.2564739	0
374.15	0	.5258342	.2177117	.2564541	0
373.15	0	.5258001	.2177654	.2564346	0
372.15	0	.5257662	.2178187	.2564151	0
371.15	0	.5257326	.2178717	.2563957	0
370.15	0	.5256993	.2179242	.2563765	0
369.15	0	.5256662	.2179765	.2563573	0
368.15	0	.5256333	.2180283	.2563383	0
367.15	0	.5256007	.2180799	.2563194	0
366.15	0	.5255684	.2181311	.2563006	0
365.15	0	.5255362	.2181819	.2562819	0
364.15	0	.5255043	.2182324	.2562633	0
363.15	0	.5254726	.2182825	.2562448	0
362.15	0	.5254412	.2183323	.2562265	0
361.15	0	.52541	.2183818	.2562082	0
360.15	0	.525379	.218431	.2561901	0
359.15	0	.5253482	.2184798	.256172	0
358.15	0	.5253177	.2185283	.2561541	0
357.15	0	.5252873	.2185764	.2561363	0
356.15	0	.5252572	.2186243	.2561185	0
355.15	0	.5252273	.2186718	.2561009	0
354.15	0	.5251976	.218719	.2560834	0
