T	 BPW(LIQUID)	BPW(BCC_A2)	BPW(FCC_A1)	BPW(LAVES_PHASE_C14)	BPW(NI3TI)
1473.15	0	1	0	0	0
1472.15	0	1	0	0	0
1471.15	0	1	0	0	0
1470.15	0	1	0	0	0
1469.15	0	1	0	0	0
1468.15	0	1	0	0	0
1467.15	0	1	0	0	0
1466.15	0	1	0	0	0
1465.15	0	1	0	0	0
1464.15	0	1	0	0	0
1463.15	0	1	0	0	0
1462.15	0	1	0	0	0
1461.15	0	1	0	0	0
1460.15	0	1	0	0	0
1459.15	0	1	0	0	0
1458.15	0	1	0	0	0
1457.15	0	1	0	0	0
1456.15	0	1	0	0	0
1455.15	0	1	0	0	0
1454.15	0	1	0	0	0
1453.15	0	1	0	0	0
1452.15	0	1	0	0	0
1451.15	0	1	0	0	0
1450.15	0	1	0	0	0
1449.15	0	1	0	0	0
1448.15	0	1	0	0	0
1447.15	0	1	0	0	0
1446.15	0	1	0	0	0
1445.15	0	1	0	0	0
1444.15	0	1	0	0	0
1443.15	0	1	0	0	0
1442.15	0	1	0	0	0
1441.15	0	1	0	0	0
1440.15	0	1	0	0	0
1439.15	0	1	0	0	0
1438.15	0	1	0	0	0
1437.15	0	1	0	0	0
1436.15	0	1	0	0	0
1435.15	0	1	0	0	0
1434.15	0	1	0	0	0
1433.15	0	1	0	0	0
1432.15	0	1	0	0	0
1431.15	0	1	0	0	0
1430.15	0	1	0	0	0
1429.15	0	1	0	0	0
1428.15	0	1	0	0	0
1427.15	0	1	0	0	0
1426.15	0	1	0	0	0
1425.15	0	1	0	0	0
1424.15	0	1	0	0	0
1423.15	0	1	0	0	0
1422.15	0	1	0	0	0
1421.15	0	1	0	0	0
1420.15	0	1	0	0	0
1419.15	0	1	0	0	0
1418.15	0	1	0	0	0
1417.15	0	1	0	0	0
1416.15	0	1	0	0	0
1415.15	0	1	0	0	0
1414.15	0	1	0	0	0
1413.15	0	1	0	0	0
1412.15	0	1	0	0	0
1411.15	0	1	0	0	0
1410.15	0	1	0	0	0
1410.146	0	1	0	0	0
1410.146	0	1	0	0	0
1410.146	0	1	0	0	0
1409.15	0	.9993874	0	6.126365E-04	0
1408.15	0	.9987741	0	.001225935	0
1407.15	0	.9981623	0	.001837676	0
1406.15	0	.9975521	0	.002447865	0
1405.15	0	.9969435	0	.003056505	0
1404.15	0	.9963364	0	.003663603	0
1403.15	0	.9957308	0	.004269163	0
1402.15	0	.9951268	0	.004873189	0
1401.15	0	.9945243	0	.005475687	0
1400.15	0	.9939233	0	.006076661	0
1399.15	0	.9933239	0	.006676116	0
1398.15	0	.9927259	0	.007274057	0
1397.15	0	.9921295	0	.007870489	0
1396.15	0	.9915346	0	.008465416	0
1395.15	0	.9909412	0	.009058843	0
1394.15	0	.9903492	0	.009650774	0
1393.15	0	.9897588	0	.01024121	0
1392.15	0	.9891698	0	.01083017	0
1391.15	0	.9885824	0	.01141764	0
1390.15	0	.9879964	0	.01200364	0
1389.15	0	.9874118	0	.01258816	0
1388.15	0	.9868288	0	.01317122	0
1387.15	0	.9862472	0	.01375281	0
1386.15	0	.9856671	0	.01433294	0
1385.15	0	.9850884	0	.01491162	0
1384.15	0	.9845112	0	.01548885	0
1383.15	0	.9839354	0	.01606463	0
1382.15	0	.983361	0	.01663897	0
1381.15	0	.9827881	0	.01721188	0
1380.15	0	.9822167	0	.01778335	0
1379.15	0	.9816466	0	.01835339	0
1378.15	0	.981078	0	.01892201	0
1377.15	0	.9805108	0	.01948921	0
1376.15	0	.979945	0	.020055	0
1375.15	0	.9793806	0	.02061937	0
1374.15	0	.9788177	0	.02118234	0
1373.674	0	.9785503	0	.02144973	0
1373.674	0	.9785503	0	.02144973	0
1373.674	0	.9785503	0	.02144973	0
1373.15	0	.9770234	.001198791	.02177779	0
1372.15	0	.9741165	.003481438	.02240207	0
1371.15	0	.9712175	.005758282	.02302424	0
1370.15	0	.9683264	.008029328	.02364431	0
1369.15	0	.9654431	.01029458	.02426229	0
1368.15	0	.9625678	.01255404	.02487818	0
1367.15	0	.9597003	.01480771	.02549201	0
1366.15	0	.9568406	.0170556	.02610377	0
1365.15	0	.9539888	.01929772	.02671348	0
1364.15	0	.9511448	.02153405	.02732113	0
1363.15	0	.9483086	.02376462	.02792676	0
1362.15	0	.9454802	.02598942	.02853035	0
1361.15	0	.9426596	.02820845	.02913191	0
1360.15	0	.9398468	.03042172	.02973147	0
1359.15	0	.9370418	.03262923	.03032902	0
1358.15	0	.9342444	.03483099	.03092457	0
1357.15	0	.9314549	.03702699	.03151814	0
1356.15	0	.928673	.03921724	.03210972	0
1355.15	0	.9258989	.04140174	.03269933	0
1354.15	0	.9231325	.0435805	.03328698	0
1353.15	0	.9203738	.04575351	.03387267	0
1352.15	0	.9176228	.04792078	.03445641	0
1351.15	0	.9148795	.05008232	.0350382	0
1350.15	0	.9121438	.05223811	.03561807	0
1349.15	0	.9094158	.05438817	.03619601	0
1348.15	0	.9066955	.05653249	.03677204	0
1347.15	0	.9039828	.05867108	.03734615	0
1346.15	0	.9012777	.06080394	.03791836	0
1345.15	0	.8985803	.06293107	.03848868	0
1344.15	0	.8958904	.06505247	.03905711	0
1343.15	0	.8932082	.06716814	.03962366	0
1342.15	0	.8905336	.06927808	.04018834	0
1341.15	0	.8878666	.07138229	.04075115	0
1340.15	0	.8852071	.07348078	.0413121	0
1339.15	0	.8825553	.07557354	.04187121	0
1338.15	0	.879911	.07766057	.04242847	0
1337.15	0	.8772742	.07974188	.0429839	0
1336.15	0	.874645	.08181746	.0435375	0
1335.15	0	.8720234	.08388732	.04408928	0
1334.15	0	.8694093	.08595144	.04463924	0
1333.15	0	.8668028	.08800985	.0451874	0
1332.15	0	.8642037	.09006252	.04573376	0
1331.15	0	.8616122	.09210946	.04627832	0
1330.15	0	.8590282	.09415068	.0468211	0
1329.15	0	.8564517	.09618616	.0473621	0
1328.15	0	.8538828	.09821591	.04790133	0
1327.15	0	.8513213	.1002399	.04843879	0
1326.15	0	.8487673	.1022582	.04897449	0
1325.15	0	.8462208	.1042708	.04950844	0
1324.15	0	.8436818	.1062776	.05004065	0
1323.15	0	.8411502	.1082787	.05057112	0
1322.15	0	.8386262	.110274	.05109985	0
1321.15	0	.8361096	.1122636	.05162687	0
1320.15	0	.8336004	.1142474	.05215216	0
1319.15	0	.8310988	.1162255	.05267574	0
1318.15	0	.8286046	.1181978	.05319761	0
1317.15	0	.8261178	.1201644	.05371779	0
1316.15	0	.8236385	.1221252	.05423627	0
1315.15	0	.8211666	.1240803	.05475307	0
1314.15	0	.8187022	.1260296	.05526819	0
1313.15	0	.8162452	.1279732	.05578163	0
1312.15	0	.8137957	.1299109	.0562934	0
1311.15	0	.8113536	.1318429	.05680352	0
1310.15	0	.8089189	.1337691	.05731198	0
1309.15	0	.8064917	.1356896	.05781879	0
1308.15	0	.8040718	.1376042	.05832395	0
1307.15	0	.8016594	.1395131	.05882749	0
1306.15	0	.7992545	.1414161	.05932939	0
1305.15	0	.7968569	.1433134	.05982966	0
1304.15	0	.7944668	.1452049	.06032832	0
1303.15	0	.7920841	.1470905	.06082536	0
1302.15	0	.7897089	.1489704	.0613208	0
1301.15	0	.787341	.1508444	.06181463	0
1300.15	0	.7849806	.1527126	.06230688	0
1299.15	0	.7826275	.1545749	.06279753	0
1298.15	0	.7802819	.1564315	.0632866	0
1297.15	0	.7779438	.1582822	.06377409	0
1296.15	0	.775613	.160127	.06426	0
1295.15	0	.7732897	.161966	.06474436	0
1294.15	0	.7709737	.1637991	.06522715	0
1293.15	0	.7686652	.1656264	.06570838	0
1292.15	0	.7663642	.1674478	.06618807	0
1291.15	0	.7640705	.1692633	.06666621	0
1290.15	0	.7617843	.1710729	.06714281	0
1289.15	0	.7595055	.1728766	.06761788	0
1288.15	0	.7572341	.1746745	.06809142	0
1287.15	0	.7549702	.1764664	.06856345	0
1286.15	0	.7527136	.1782524	.06903395	0
1285.15	0	.7504646	.1800325	.06950294	0
1284.15	0	.7482229	.1818066	.06997043	0
1283.15	0	.7459887	.1835749	.07043641	0
1282.15	0	.743762	.1853371	.0709009	0
1281.15	0	.7415427	.1870934	.0713639	0
1280.15	0	.7393308	.1888438	.07182541	0
1279.15	0	.7371264	.1905881	.07228545	0
1278.15	0	.7349295	.1923265	.072744	0
1277.15	0	.73274	.1940589	.07320109	0
1276.15	0	.730558	.1957853	.07365672	0
1275.15	0	.7283835	.1975057	.07411088	0
1274.15	0	.7262164	.19922	.07456359	0
1273.15	0	.7240568	.2009284	.07501485	0
1272.15	0	.7219047	.2026307	.07546467	0
1271.15	0	.7197601	.2043269	.07591304	0
1270.15	0	.7176229	.2060171	.07635998	0
1269.15	0	.7154933	.2077012	.07680549	0
1268.15	0	.7133712	.2093792	.07724958	0
1267.15	0	.7112566	.2110511	.07769224	0
1266.15	0	.7091496	.212717	.07813349	0
1265.15	0	.70705	.2143767	.07857333	0
1264.15	0	.704958	.2160302	.07901177	0
1263.15	0	.7028735	.2176777	.0794488	0
1262.15	0	.7007966	.219319	.07988444	0
1261.15	0	.6987272	.2209541	.08031868	0
1260.15	0	.6966654	.2225831	.08075154	0
1259.15	0	.6946112	.2242058	.08118301	0
1258.15	0	.6925645	.2258224	.08161311	0
1257.15	0	.6905254	.2274328	.08204183	0
1256.15	0	.6884939	.2290369	.08246918	0
1255.15	0	.68647	.2306348	.08289517	0
1254.15	0	.6844537	.2322265	.0833198	0
1253.15	0	.6824451	.2338118	.08374307	0
1252.15	0	.6804441	.2353909	.084165	0
1251.15	0	.6784507	.2369638	.08458557	0
1250.15	0	.6764649	.2385303	.08500481	0
1249.15	0	.6744869	.2400905	.0854227	0
1248.15	0	.6725164	.2416443	.08583927	0
1247.15	0	.6705537	.2431918	.0862545	0
1246.15	0	.6685987	.2447329	.08666841	0
1245.15	0	.6666513	.2462677	.08708099	0
1244.15	0	.6647117	.2477961	.08749227	0
1243.15	0	.6627798	.249318	.08790222	0
1242.15	0	.6608556	.2508336	.08831087	0
1241.15	0	.6589391	.2523427	.08871822	0
1240.15	0	.6570304	.2538453	.08912427	0
1239.15	0	.6551295	.2553415	.08952902	0
1238.15	0	.6532364	.2568311	.08993248	0
1237.15	0	.651351	.2583143	.09033465	0
1236.15	0	.6494735	.259791	.09073554	0
1235.15	0	.6476038	.2612611	.09113515	0
1234.15	0	.6457419	.2627246	.09153348	0
1233.15	0	.6438879	.2641816	.09193055	0
1232.15	0	.6420417	.265632	.09232634	0
1231.15	0	.6402033	.2670758	.09272087	0
1230.15	0	.6383729	.268513	.09311415	0
1229.15	0	.6365504	.2699435	.09350616	0
1228.15	0	.6347358	.2713673	.09389693	0
1227.15	0	.6329291	.2727845	.09428645	0
1226.15	0	.6311303	.274195	.09467472	0
1225.15	0	.6293395	.2755987	.09506175	0
1224.15	0	.6275567	.2769958	.09544755	0
1223.15	0	.6257819	.278386	.09583211	0
1222.15	0	.624015	.2797695	.09621544	0
1221.15	0	.6222562	.2811462	.09659755	0
1220.15	0	.6205055	.2825161	.09697844	0
1219.15	0	.6187627	.2838792	.09735811	0
1218.15	0	.6170281	.2852354	.09773657	0
1217.15	0	.6153015	.2865847	.09811381	0
1216.15	0	.613583	.2879271	.09848985	0
1215.15	0	.6118727	.2892626	.09886468	0
1214.15	0	.6101705	.2905912	.09923832	0
1213.15	0	.6084764	.2919128	.09961076	0
1212.15	0	.6067905	.2932275	.099982	0
1211.15	0	.6051128	.2945351	.1003521	0
1210.15	0	.6034433	.2958357	.1007209	0
1209.15	0	.6017821	.2971293	.1010886	0
1208.15	0	.6001291	.2984158	.1014551	0
1207.15	0	.5984843	.2996952	.1018205	0
1206.15	0	.5968478	.3009676	.1021846	0
1205.15	0	.5952196	.3022327	.1025476	0
1204.15	0	.5935998	.3034908	.1029095	0
1203.15	0	.5919882	.3047416	.1032701	0
1202.15	0	.5903851	.3059853	.1036297	0
1201.15	0	.5887903	.3072217	.103988	0
1200.15	0	.5872039	.3084509	.1043452	0
1199.15	0	.585626	.3096728	.1047013	0
1198.15	0	.5840565	.3108874	.1050562	0
1197.15	0	.5824954	.3120947	.10541	0
1196.15	0	.5809428	.3132946	.1057626	0
1195.15	0	.5793988	.3144872	.1061141	0
1194.15	0	.5778632	.3156723	.1064645	0
1193.15	0	.5763362	.3168501	.1068137	0
1192.15	0	.5748178	.3180204	.1071618	0
1191.15	0	.5733079	.3191833	.1075088	0
1190.15	0	.5718067	.3203386	.1078547	0
1189.15	0	.5703141	.3214865	.1081994	0
1188.15	0	.5688302	.3226268	.1085431	0
1187.15	0	.5673549	.3237595	.1088856	0
1186.15	0	.5658883	.3248846	.109227	0
1185.15	0	.5644305	.3260021	.1095674	0
1184.15	0	.5629814	.327112	.1099066	0
1183.15	0	.5615411	.3282142	.1102447	0
1182.15	0	.5601096	.3293087	.1105817	0
1181.15	0	.5586869	.3303954	.1109177	0
1180.15	0	.557273	.3314744	.1112525	0
1179.15	0	.555868	.3325457	.1115863	0
1178.15	0	.5544719	.3336091	.111919	0
1177.15	0	.5530847	.3346647	.1122506	0
1176.15	0	.5517065	.3357124	.1125811	0
1175.15	0	.5503372	.3367522	.1129106	0
1174.15	0	.5489769	.3377841	.113239	0
1173.15	0	.5476256	.3388081	.1135663	0
1172.15	0	.5462834	.339824	.1138926	0
1171.15	0	.5449502	.340832	.1142178	0
1170.15	0	.5436262	.3418319	.1145419	0
1169.15	0	.5423112	.3428238	.114865	0
1168.15	0	.5410054	.3438076	.115187	0
1167.15	0	.5397087	.3447833	.115508	0
1166.15	0	.5384212	.3457508	.1158279	0
1165.15	0	.537143	.3467102	.1161468	0
1164.15	0	.535874	.3476614	.1164646	0
1163.15	0	.5346143	.3486043	.1167815	0
1162.15	0	.5333638	.349539	.1170972	0
1161.15	0	.5321227	.3504653	.117412	0
1160.15	0	.530891	.3513834	.1177257	0
1159.15	0	.5296686	.3522931	.1180383	0
1158.15	0	.5284556	.3531944	.11835	0
1157.15	0	.5272521	.3540873	.1186606	0
1156.15	0	.526058	.3549718	.1189702	0
1155.15	0	.5248734	.3558478	.1192788	0
1154.15	0	.5236983	.3567153	.1195864	0
1153.15	0	.5225327	.3575743	.119893	0
1152.15	0	.5213767	.3584247	.1201985	0
1151.15	0	.5202304	.3592666	.1205031	0
1150.15	0	.5190936	.3600998	.1208066	0
1149.15	0	.5179665	.3609243	.1211092	0
1148.15	0	.5168491	.3617402	.1214107	0
1147.15	0	.5157413	.3625474	.1217113	0
1146.15	0	.5146433	.3633458	.1220108	0
1145.15	0	.5135551	.3641355	.1223094	0
1144.15	0	.5124767	.3649164	.122607	0
1143.15	0	.511408	.3656884	.1229036	0
1142.15	0	.5103492	.3664516	.1231992	0
1141.15	0	.5093003	.3672059	.1234938	0
1140.15	0	.5082613	.3679512	.1237875	0
1139.15	0	.5072322	.3686876	.1240801	0
1138.15	0	.5062131	.3694151	.1243718	0
1137.15	0	.5052039	.3701335	.1246626	0
1136.15	0	.5042048	.3708429	.1249523	0
1135.15	0	.5032157	.3715432	.1252411	0
1134.15	0	.5022366	.3722344	.125529	0
1133.15	0	.5012677	.3729165	.1258159	0
1132.15	0	.5003089	.3735894	.1261018	0
1131.15	0	.4993602	.3742531	.1263867	0
1130.15	0	.4984217	.3749076	.1266708	0
1129.15	0	.4974934	.3755528	.1269538	0
1128.15	0	.4965753	.3761888	.1272359	0
1127.15	0	.4956675	.3768154	.1275171	0
1126.15	0	.4947699	.3774328	.1277973	0
1125.15	0	.4938827	.3780407	.1280766	0
1124.15	0	.4930058	.3786392	.1283549	0
1123.15	0	.4921393	.3792284	.1286324	0
1122.15	0	.4912832	.379808	.1289088	0
1121.15	0	.4904374	.3803782	.1291844	0
1120.15	0	.4896022	.3809388	.129459	0
1119.15	0	.4887774	.38149	.1297327	0
1118.15	0	.4879631	.3820315	.1300054	0
1117.15	0	.4871593	.3825634	.1302773	0
1116.15	0	.486366	.3830858	.1305482	0
1115.15	0	.4855834	.3835984	.1308182	0
1114.15	0	.4848113	.3841014	.1310873	0
1113.15	0	.4840499	.3845947	.1313555	0
1112.15	0	.4832991	.3850782	.1316227	0
1111.15	0	.482559	.3855519	.1318891	0
1110.15	0	.4818296	.3860159	.1321545	0
1109.15	0	.4811109	.3864701	.1324191	0
1108.15	0	.4804029	.3869144	.1326827	0
1107.15	0	.4797057	.3873488	.1329455	0
1106.15	0	.4790193	.3877734	.1332073	0
1105.15	0	.4783438	.388188	.1334683	0
1104.15	0	.477679	.3885927	.1337283	0
1103.15	0	.4770251	.3889874	.1339875	0
1102.15	0	.4763821	.3893721	.1342458	0
1101.15	0	.4757501	.3897468	.1345032	0
1100.15	0	.4751289	.3901114	.1347597	0
1099.15	0	.4745187	.390466	.1350153	0
1098.15	0	.4739194	.3908105	.1352701	0
1097.15	0	.4733311	.3911449	.135524	0
1096.15	0	.4727539	.3914692	.135777	0
1095.15	0	.4721877	.3917833	.1360291	0
1094.15	0	.4716325	.3920872	.1362804	0
1093.15	0	.4710883	.3923809	.1365308	0
1092.15	0	.4705553	.3926644	.1367803	0
1091.15	0	.4700334	.3929377	.1370289	0
1090.15	0	.4695226	.3932007	.1372767	0
1089.15	0	.4690229	.3934535	.1375237	0
1088.15	0	.4685343	.3936959	.1377697	0
1087.15	0	.468057	.3939281	.138015	0
1086.15	0	.4675908	.3941499	.1382594	0
1085.15	0	.4671358	.3943614	.1385029	0
1084.15	0	.466692	.3945625	.1387455	0
1083.15	0	.4662594	.3947532	.1389874	0
1082.15	0	.4658381	.3949335	.1392283	0
1081.15	0	.4654281	.3951035	.1394685	0
1080.15	0	.4650293	.395263	.1397078	0
1079.15	0	.4646417	.3954121	.1399462	0
1078.15	0	.4642655	.3955507	.1401838	0
1077.15	0	.4639005	.3956789	.1404206	0
1076.15	0	.4635469	.3957966	.1406566	0
1075.15	0	.4632045	.3959038	.1408917	0
1074.15	0	.4628735	.3960005	.141126	0
1073.15	0	.4625538	.3960868	.1413594	0
1072.15	0	.4622455	.3961625	.141592	0
1071.15	0	.4619484	.3962277	.1418239	0
1070.15	0	.4616628	.3962824	.1420548	0
1069.15	0	.4613884	.3963266	.142285	0
1068.15	0	.4611255	.3963602	.1425144	0
1067.15	0	.4608739	.3963833	.1427429	0
1066.15	0	.4606336	.3963958	.1429706	0
1065.15	0	.4604047	.3963978	.1431975	0
1064.15	0	.4601872	.3963892	.1434236	0
1063.15	0	.459981	.3963701	.1436489	0
1062.15	0	.4597862	.3963404	.1438734	0
1061.15	0	.4596027	.3963002	.1440971	0
1060.15	0	.4594306	.3962494	.1443199	0
1059.15	0	.4592699	.3961881	.144542	0
1058.15	0	.4591205	.3961163	.1447633	0
1057.15	0	.4589824	.3960338	.1449837	0
1056.15	0	.4588557	.3959409	.1452034	0
1055.15	0	.4587403	.3958374	.1454223	0
1054.15	0	.4586363	.3957234	.1456404	0
1053.15	0	.4585435	.3955988	.1458577	0
1052.15	0	.4584621	.3954638	.1460742	0
1051.15	0	.4583919	.3953182	.1462899	0
1050.15	0	.458333	.3951622	.1465048	0
1049.15	0	.4582854	.3949956	.1467189	0
1048.15	0	.4582491	.3948186	.1469323	0
1047.15	0	.4582239	.3946312	.1471449	0
1046.15	0	.45821	.3944333	.1473567	0
1045.15	0	.4582074	.394225	.1475677	0
1044.15	0	.4582159	.3940062	.1477779	0
1043.15	0	.4582355	.3937771	.1479874	0
1042.15	0	.4582663	.3935376	.1481961	0
1041.15	0	.4583083	.3932877	.148404	0
1040.15	0	.4583614	.3930275	.1486111	0
1039.15	0	.4584255	.392757	.1488175	0
1038.15	0	.4585007	.3924762	.1490231	0
1037.15	0	.4585869	.3921851	.1492279	0
1036.15	0	.4586842	.3918838	.149432	0
1035.15	0	.4587924	.3915723	.1496353	0
1034.15	0	.4589116	.3912506	.1498378	0
1033.15	0	.4590417	.3909187	.1500396	0
1032.15	0	.4591827	.3905767	.1502406	0
1031.15	0	.4593346	.3902246	.1504408	0
1030.15	0	.4594972	.3898625	.1506403	0
1029.15	0	.4596707	.3894902	.150839	0
1028.15	0	.459855	.389108	.151037	0
1027.15	0	.4600499	.3887159	.1512342	0
1026.15	0	.4602556	.3883138	.1514306	0
1025.15	0	.4604719	.3879018	.1516263	0
1024.15	0	.4606987	.38748	.1518213	0
1023.15	0	.4609362	.3870483	.1520154	0
1022.15	0	.4611842	.3866069	.1522089	0
1021.15	0	.4614427	.3861558	.1524015	0
1020.15	0	.4617115	.385695	.1525935	0
1019.15	0	.4619908	.3852245	.1527846	0
1018.15	0	.4622805	.3847445	.152975	0
1017.15	0	.4625804	.3842549	.1531647	0
1016.15	0	.4628905	.3837559	.1533536	0
1015.15	0	.4632109	.3832473	.1535418	0
1014.15	0	.4635414	.3827295	.1537292	0
1013.15	0	.463882	.3822022	.1539158	0
1012.15	0	.4642326	.3816657	.1541017	0
1011.15	0	.4645932	.3811199	.1542869	0
1010.15	0	.4649637	.380565	.1544713	0
1009.15	0	.4653441	.380001	.1546549	0
1008.15	0	.4657342	.3794279	.1548378	0
1007.15	0	.4661342	.3788459	.15502	0
1006.15	0	.4665438	.3782549	.1552014	0
1005.15	0	.466963	.377655	.155382	0
1004.15	0	.4673917	.3770463	.1555619	0
1003.15	0	.46783	.3764289	.1557411	0
1002.15	0	.4682777	.3758028	.1559195	0
1001.15	0	.4687347	.3751682	.1560971	0
1000.15	0	.4692011	.374525	.156274	0
999.15	0	.4696766	.3738733	.1564501	0
998.15	0	.4701613	.3732132	.1566255	0
997.15	0	.4706551	.3725449	.1568001	0
996.15	0	.4711578	.3718682	.1569739	0
995.15	0	.4716695	.3711835	.157147	0
994.15	0	.4721901	.3704906	.1573193	0
993.15	0	.4727194	.3697897	.1574909	0
992.15	0	.4732574	.3690809	.1576617	0
991.15	0	.473804	.3683643	.1578318	0
990.15	0	.4743591	.3676399	.158001	0
989.15	0	.4749227	.3669078	.1581695	0
988.15	0	.4754946	.3661681	.1583372	0
987.15	0	.4760749	.365421	.1585042	0
986.15	0	.4766633	.3646663	.1586704	0
985.15	0	.4772598	.3639044	.1588358	0
984.15	0	.4778644	.3631352	.1590004	0
983.15	0	.4784769	.3623589	.1591642	0
982.15	0	.4790972	.3615755	.1593273	0
981.15	0	.4797252	.3607852	.1594896	0
980.15	0	.480361	.359988	.159651	0
979.15	0	.4810043	.359184	.1598117	0
978.15	0	.481655	.3583734	.1599716	0
977.15	0	.4823131	.3575562	.1601307	0
976.15	0	.4829785	.3567325	.1602889	0
975.15	0	.4836511	.3559025	.1604464	0
974.15	0	.4843308	.3550662	.160603	0
973.15	0	.4850174	.3542238	.1607589	0
972.15	0	.4857109	.3533753	.1609139	0
971.15	0	.4864111	.3525209	.161068	0
970.15	0	.487118	.3516606	.1612214	0
969.15	0	.4878315	.3507946	.1613739	0
968.15	0	.4885514	.3499231	.1615256	0
967.15	0	.4892776	.349046	.1616764	0
966.15	0	.4900101	.3481635	.1618264	0
965.15	0	.4907487	.3472758	.1619755	0
964.15	0	.4914933	.346383	.1621237	0
963.15	0	.4922438	.3454851	.1622711	0
962.15	0	.493	.3445824	.1624176	0
961.15	0	.4937619	.3436749	.1625632	0
960.15	0	.4945294	.3427627	.1627079	0
959.15	0	.4953023	.341846	.1628518	0
958.15	0	.4960805	.3409249	.1629947	0
957.15	0	.4968638	.3399995	.1631367	0
956.15	0	.4976522	.3390701	.1632777	0
955.15	0	.4984456	.3381366	.1634179	0
954.15	0	.4992437	.3371992	.1635571	0
953.15	0	.5000465	.3362582	.1636953	0
952.15	0	.5008539	.3353135	.1638326	0
951.15	0	.5016656	.3343654	.1639689	0
950.15	0	.5024817	.3334141	.1641043	0
949.15	0	.5033019	.3324595	.1642386	0
948.15	0	.5041261	.331502	.1643719	0
947.15	0	.5049542	.3305416	.1645042	0
946.15	0	.505786	.3295785	.1646355	0
945.15	0	.5066214	.3286128	.1647658	0
944.15	0	.5074602	.3276448	.164895	0
943.15	0	.5082227	.3267504	.165027	0
942.15	0	.508834	.3260007	.1651654	0
941.15	0	.5094757	.3252231	.1653012	0
940.15	0	.5101466	.3244188	.1654346	0
939.15	0	.5108455	.323589	.1655655	0
938.15	0	.5115711	.3227348	.165694	0
937.15	0	.5123224	.3218573	.1658202	0
936.15	0	.5130983	.3209576	.1659441	0
935.15	0	.5138976	.3200367	.1660658	0
934.15	0	.5147193	.3190956	.1661852	0
933.15	0	.5155625	.3181352	.1663024	0
932.15	0	.5164261	.3171565	.1664175	0
931.15	0	.5173092	.3161604	.1665304	0
930.15	0	.5182109	.3151478	.1666413	0
929.15	0	.5191304	.3141195	.1667501	0
928.15	0	.5200667	.3130764	.1668568	0
927.15	0	.5210191	.3120193	.1669616	0
926.15	0	.5219867	.3109489	.1670644	0
925.15	0	.5229687	.309866	.1671652	0
924.15	0	.5239645	.3087714	.1672641	0
923.15	0	.5249732	.3076657	.1673611	0
922.15	0	.5259941	.3065496	.1674563	0
921.15	0	.5270266	.3054239	.1675495	0
920.15	0	.52807	.3042891	.1676409	0
919.15	0	.5291236	.3031459	.1677305	0
918.15	0	.5301868	.301995	.1678182	0
917.15	0	.5312591	.3008368	.1679042	0
916.15	0	.5323397	.299672	.1679884	0
915.15	0	.5334281	.2985011	.1680708	0
914.15	0	.5345238	.2973247	.1681515	0
913.15	0	.5356262	.2961434	.1682304	0
912.15	0	.5367348	.2949575	.1683076	0
911.15	0	.5378491	.2937677	.1683832	0
910.15	0	.5389685	.2925744	.168457	0
909.15	0	.5400927	.2913782	.1685292	0
908.15	0	.541221	.2901793	.1685997	0
907.15	0	.5423532	.2889783	.1686685	0
906.15	0	.5434886	.2877757	.1687357	0
905.15	0	.5446269	.2865718	.1688013	0
904.15	0	.5457677	.285367	.1688653	0
903.15	0	.5469105	.2841618	.1689277	0
902.15	0	.548055	.2829565	.1689885	0
901.15	0	.5492008	.2817516	.1690477	0
900.15	0	.5503474	.2805473	.1691053	0
899.15	0	.5514946	.279344	.1691614	0
898.15	0	.5526419	.2781422	.1692159	0
897.15	0	.5537891	.276942	.1692689	0
896.15	0	.5549358	.2757439	.1693204	0
895.15	0	.5560816	.2745481	.1693703	0
894.15	0	.5572263	.2733549	.1694188	0
893.15	0	.5583695	.2721648	.1694658	0
892.15	0	.5595109	.2709778	.1695113	0
891.15	0	.5606503	.2697944	.1695553	0
890.15	0	.5617873	.2686148	.1695978	0
889.15	0	.5629218	.2674393	.1696389	0
888.15	0	.5640533	.2662681	.1696786	0
887.15	0	.5651817	.2651014	.1697169	0
886.15	0	.5663067	.2639396	.1697537	0
885.15	0	.567428	.2627828	.1697891	0
884.15	0	.5685455	.2616313	.1698232	0
883.15	0	.5696589	.2604853	.1698559	0
882.15	0	.5707679	.259345	.1698871	0
881.15	0	.5718723	.2582106	.1699171	0
880.15	0	.572972	.2570823	.1699457	0
879.15	0	.5740668	.2559603	.169973	0
878.15	0	.5751563	.2548448	.1699989	0
877.15	0	.5762405	.2537359	.1700235	0
876.15	0	.5773192	.2526339	.1700469	0
875.15	0	.5783922	.2515389	.1700689	0
874.15	0	.5794593	.250451	.1700897	0
873.15	0	.5805203	.2493704	.1701093	0
872.15	0	.5815752	.2482973	.1701276	0
871.15	0	.5826237	.2472317	.1701446	0
870.15	0	.5836656	.2461739	.1701605	0
869.15	0	.584701	.2451239	.1701751	0
868.15	0	.5857296	.2440819	.1701885	0
867.15	0	.5867513	.2430479	.1702008	0
866.15	0	.5877659	.2420221	.1702119	0
865.15	0	.5887735	.2410046	.1702219	0
864.15	0	.5897738	.2399955	.1702307	0
863.15	0	.5907668	.2389948	.1702384	0
862.15	0	.5917524	.2380027	.170245	0
861.15	0	.5927304	.2370192	.1702504	0
860.15	0	.5937008	.2360443	.1702549	0
859.15	0	.5946635	.2350783	.1702582	0
858.15	0	.5956185	.234121	.1702605	0
857.15	0	.5965657	.2331726	.1702617	0
856.15	0	.597505	.2322331	.1702619	0
855.15	0	.5984363	.2313026	.1702611	0
854.15	0	.5993596	.230381	.1702593	0
853.15	0	.6002749	.2294685	.1702566	0
852.15	0	.6011822	.2285651	.1702528	0
851.15	0	.6020813	.2276707	.1702481	0
850.15	0	.6029722	.2267853	.1702424	0
849.15	0	.603855	.2259091	.1702358	0
848.15	0	.6047296	.225042	.1702283	0
847.15	0	.605596	.224184	.1702199	0
846.15	0	.6064542	.2233352	.1702106	0
845.15	0	.6073042	.2224954	.1702004	0
844.15	0	.6081459	.2216647	.1701894	0
843.15	0	.6089794	.2208431	.1701775	0
842.15	0	.6098047	.2200305	.1701647	0
841.15	0	.6106218	.219227	.1701512	0
840.15	0	.6114307	.2184325	.1701368	0
839.15	0	.6122314	.217647	.1701216	0
838.15	0	.613024	.2168704	.1701056	0
837.15	0	.6138084	.2161027	.1700889	0
836.15	0	.6145847	.2153439	.1700714	0
835.15	0	.615353	.2145939	.1700531	0
834.15	0	.6161132	.2138527	.1700341	0
833.15	0	.6168654	.2131203	.1700143	0
832.15	0	.6176096	.2123965	.1699939	0
831.15	0	.618346	.2116814	.1699727	0
830.15	0	.6190744	.2109748	.1699508	0
829.15	0	.619795	.2102767	.1699283	0
828.15	0	.6205078	.2095871	.169905	0
827.15	0	.6212129	.2089059	.1698811	0
826.15	0	.6219104	.2082331	.1698566	0
825.15	0	.6226002	.2075685	.1698314	0
824.15	0	.6232824	.2069121	.1698055	0
823.15	0	.6239572	.2062638	.1697791	0
822.15	0	.6246245	.2056236	.169752	0
821.15	0	.6252844	.2049914	.1697243	0
820.15	0	.6259369	.2043671	.169696	0
819.15	0	.6265823	.2037506	.1696671	0
818.15	0	.6272204	.203142	.1696377	0
817.15	0	.6278514	.202541	.1696076	0
816.15	0	.6284753	.2019476	.169577	0
815.15	0	.6290923	.2013618	.1695459	0
814.15	0	.6297023	.2007835	.1695142	0
813.15	0	.6303055	.2002126	.1694819	0
812.15	0	.6309018	.199649	.1694492	0
811.15	0	.6314915	.1990926	.1694159	0
810.15	0	.6320745	.1985434	.1693821	0
809.15	0	.6326509	.1980013	.1693478	0
808.15	0	.6332208	.1974662	.169313	0
807.15	0	.6337843	.196938	.1692777	0
806.15	0	.6343413	.1964167	.169242	0
805.15	0	.6348921	.1959022	.1692057	0
804.15	0	.6354367	.1953943	.169169	0
803.15	0	.6359751	.1948931	.1691318	0
802.15	0	.6365074	.1943985	.1690942	0
801.15	0	.6370336	.1939103	.1690561	0
800.15	0	.6375539	.1934285	.1690176	0
799.15	0	.6380684	.192953	.1689786	0
798.15	0	.638577	.1924838	.1689392	0
797.15	0	.6390798	.1920208	.1688994	0
796.15	0	.639577	.1915638	.1688592	0
795.15	0	.6400685	.1911129	.1688186	0
794.15	0	.6405545	.190668	.1687775	0
793.15	0	.641035	.1902289	.1687361	0
792.15	0	.6415101	.1897957	.1686943	0
791.15	0	.6419798	.1893681	.168652	0
790.15	0	.6424442	.1889463	.1686095	0
789.15	0	.6429034	.1885301	.1685665	0
788.15	0	.6433575	.1881194	.1685232	0
787.15	0	.6438064	.1877141	.1684795	0
786.15	0	.6442502	.1873143	.1684355	0
785.15	0	.6446891	.1869198	.1683911	0
784.15	0	.6451231	.1865306	.1683463	0
783.15	0	.6455521	.1861466	.1683013	0
782.15	0	.6459764	.1857678	.1682558	0
781.15	0	.6463959	.185394	.1682101	0
780.15	0	.6468107	.1850252	.1681641	0
779.15	0	.6472209	.1846614	.1681177	0
778.15	0	.6476264	.1843025	.168071	0
777.15	0	.6480275	.1839485	.168024	0
776.15	0	.648424	.1835992	.1679768	0
775.15	0	.6488162	.1832546	.1679292	0
774.15	0	.6492039	.1829148	.1678813	0
773.15	0	.6495874	.1825795	.1678332	0
772.15	0	.6499665	.1822488	.1677847	0
771.15	0	.6503414	.1819225	.167736	0
770.15	0	.6507122	.1816008	.167687	0
769.15	0	.6510788	.1812834	.1676378	0
768.4537	0	.6513317	.1810649	.1676034	0
768.4537	0	.6513317	.1810649	.1676034	0
768.4537	0	.6513317	.1810649	.1676034	0
768.15	0	.6521617	.1799237	.1672529	6.617411E-04
767.15	0	.6548535	.1762132	.1661096	.002823656
766.15	0	.6574839	.1725739	.1649823	.004959931
765.15	0	.6600542	.1690042	.1638706	.007070994
764.15	0	.662566	.1655025	.1627742	.009157269
763.15	0	.6650206	.1620674	.1616929	.01121916
762.15	0	.6674193	.1586972	.1606264	.01325709
761.15	0	.6697636	.1553906	.1595744	.01527143
760.15	0	.6720547	.1521461	.1585366	.01726259
759.15	0	.6742939	.1489624	.1575128	.01923094
758.15	0	.6764824	.145838	.1565027	.02117685
757.15	0	.6786214	.1427718	.1555061	.02310069
756.15	0	.6807121	.1397623	.1545227	.02500282
755.15	0	.6827557	.1368084	.1535523	.02688359
754.15	0	.6847531	.1339089	.1525947	.02874334
753.15	0	.6867056	.1310624	.1516495	.03058242
752.15	0	.6886143	.1282679	.1507166	.03240117
751.15	0	.69048	.1255243	.1497958	.03419989
750.15	0	.6923039	.1228303	.1488868	.03597893
749.15	0	.694087	.120185	.1479895	.03773858
748.15	0	.6958301	.1175872	.1471035	.03947918
747.15	0	.6975343	.1150359	.1462287	.04120101
746.15	0	.6992005	.1125302	.145365	.04290438
745.15	0	.7008295	.1100689	.144512	.04458958
744.15	0	.7024223	.1076512	.1436695	.04625691
743.15	0	.7039797	.1052761	.1428375	.04790664
742.15	0	.7055026	.1029427	.1420157	.04953906
741.15	0	.7069916	.10065	.1412039	.05115445
740.15	0	.7084478	.09839724	.1404019	.05275307
739.15	0	.7098718	.09618348	.1396096	.05433519
738.15	0	.7112643	.09400789	.1388267	.05590106
737.15	0	.7126263	.09186964	.1380531	.05745096
736.15	0	.7139582	.08976793	.1372887	.05898513
735.15	0	.715261	.08770198	.1365332	.06050382
734.15	0	.7165352	.08567101	.1357865	.06200728
733.15	0	.7177816	.08367426	.1350484	.06349574
732.15	0	.7190007	.081711	.1343188	.06496945
731.15	0	.7201933	.0797805	.1335975	.06642863
730.15	0	.72136	.07788207	.1328844	.06787351
729.15	0	.7225014	.07601501	.1321793	.06930433
728.15	0	.723618	.07417865	.131482	.0707213
727.15	0	.7247106	.07237233	.1307925	.07212464
726.15	0	.7257795	.07059541	.1301105	.07351456
725.15	0	.7268255	.06884727	.129436	.07489128
724.15	0	.727849	.06712727	.1287687	.07625499
723.15	0	.7288506	.06543483	.1281086	.07760592
722.15	0	.7298308	.06376936	.1274556	.07894425
721.15	0	.7307901	.06213028	.1268094	.08027018
720.15	0	.731729	.06051704	.1261701	.08158391
719.15	0	.732648	.05892907	.1255373	.08288563
718.15	0	.7335475	.05736585	.1249111	.08417553
717.15	0	.734428	.05582686	.1242914	.08545378
716.15	0	.73529	.05431158	.1236779	.08672057
715.15	0	.7361339	.0528195	.1230706	.08797609
714.15	0	.7369601	.05135015	.1224693	.08922049
713.15	0	.737769	.04990304	.121874	.09045397
712.15	0	.7385611	.0484777	.1212846	.09167668
711.15	0	.7393367	.04707368	.1207009	.09288879
710.15	0	.7400962	.04569054	.1201228	.09409047
709.15	0	.7408401	.04432782	.1195502	.09528187
708.15	0	.7415686	.04298512	.1189831	.09646316
707.15	0	.7422821	.04166201	.1184214	.09763449
706.15	0	.742981	.04035808	.1178649	.09879601
705.15	0	.7436657	.03907293	.1173135	.09994788
704.15	0	.7443364	.03780619	.1167672	.1010902
703.15	0	.7449935	.03655745	.1162258	.1022232
702.15	0	.7456373	.03532636	.1156894	.103347
701.15	0	.7462681	.03411255	.1151577	.1044617
700.15	0	.7468862	.03291567	.1146307	.1055675
699.15	0	.7474919	.03173535	.1141084	.1066644
698.15	0	.7480855	.03057128	.1135906	.1077527
697.15	0	.7486673	.02942311	.1130772	.1088324
696.15	0	.7492375	.02829051	.1125682	.1099038
695.15	0	.7497964	.02717318	.1120636	.1109668
694.15	0	.7503444	.0260708	.1115632	.1120217
693.15	0	.7508815	.02498307	.1110669	.1130685
692.15	0	.7514082	.02390969	.1105747	.1141074
691.15	0	.7519245	.02285037	.1100865	.1151386
690.15	0	.7524308	.02180482	.1096023	.116162
689.15	0	.7529274	.02077278	.109122	.1171779
688.15	0	.7534143	.01975396	.1086455	.1181863
687.15	0	.7538918	.01874811	.1081727	.1191874
686.15	0	.7543602	.01775495	.1077036	.1201812
685.15	0	.7548197	.01677425	.1072381	.1211679
684.15	0	.7552704	.01580575	.1067762	.1221476
683.15	0	.7557126	.0148492	.1063178	.1231204
682.15	0	.7561465	.01390438	.1058629	.1240863
681.15	0	.7565721	.01297105	.1054113	.1250455
680.15	0	.7569899	.01204897	.104963	.1259981
679.15	0	.7573998	.01113793	.1045181	.1269442
678.15	0	.7578021	.01023772	.1040763	.1278838
677.15	0	.758197	.009348109	.1036377	.1288172
676.15	0	.7585846	.008468901	.1032023	.1297442
675.15	0	.7589651	.007599889	.1027699	.1306651
674.15	0	.7593387	.006740873	.1023405	.13158
673.15	0	.7597055	.005891659	.1019141	.1324889
672.15	0	.7600656	.005052055	.1014905	.1333918
671.15	0	.7604192	.004221874	.1010699	.134289
670.15	0	.7607665	.003400934	.1006521	.1351804
669.15	0	.7611076	.002589056	.1002371	.1360662
668.15	0	.7614427	.001786064	.09982478	.1369465
667.15	0	.7617718	9.917867E-04	.09941518	.1378212
666.15	0	.7620952	2.060563E-04	.09900824	.1386906
665.886	0	.7621796	0	.09890123	.1389192
665.886	0	.7621796	0	.09890123	.1389192
665.15	0	.7621016	0	.09876308	.1391353
664.15	0	.7619962	0	.09857592	.1394279
663.15	0	.7618912	0	.09838939	.1397194
662.15	0	.7617867	0	.09820348	.1400098
661.15	0	.7616827	0	.09801821	.1402991
660.15	0	.7615791	0	.09783356	.1405873
659.15	0	.7614761	0	.09764955	.1408744
658.15	0	.7613735	0	.09746616	.1411603
657.15	0	.7612715	0	.09728341	.1414451
656.15	0	.7611699	0	.09710128	.1417288
655.15	0	.7610688	0	.09691978	.1420114
654.15	0	.7609681	0	.09673892	.1422929
653.15	0	.760868	0	.09655869	.1425733
652.15	0	.7607683	0	.09637909	.1428526
651.15	0	.7606691	0	.09620013	.1431308
650.15	0	.7605703	0	.09602179	.1434079
649.15	0	.7604721	0	.09584409	.1436838
648.15	0	.7603743	0	.09566703	.1439587
647.15	0	.7602769	0	.0954906	.1442325
646.15	0	.76018	0	.0953148	.1445051
645.15	0	.7600836	0	.09513964	.1447767
644.15	0	.7599877	0	.09496511	.1450472
643.15	0	.7598922	0	.09479122	.1453166
642.15	0	.7597972	0	.09461797	.1455849
641.15	0	.7597026	0	.09444535	.1458521
640.15	0	.7596085	0	.09427337	.1461182
639.15	0	.7595148	0	.09410202	.1463831
638.15	0	.7594216	0	.09393132	.1466471
637.15	0	.7593289	0	.09376125	.1469099
636.15	0	.7592366	0	.09359182	.1471716
635.15	0	.7591447	0	.09342303	.1474323
634.15	0	.7590533	0	.09325488	.1476918
633.15	0	.7589623	0	.09308737	.1479503
632.15	0	.7588718	0	.09292049	.1482077
631.15	0	.7587818	0	.09275426	.148464
630.15	0	.7586921	0	.09258867	.1487192
629.15	0	.758603	0	.09242372	.1489733
628.15	0	.7585142	0	.09225941	.1492264
627.15	0	.7584259	0	.09209575	.1494784
626.15	0	.758338	0	.09193272	.1497293
625.15	0	.7582506	0	.09177034	.1499791
624.15	0	.7581636	0	.0916086	.1502278
623.15	0	.7580771	0	.0914475	.1504755
622.15	0	.7579909	0	.09128705	.150722
621.15	0	.7579052	0	.09112724	.1509675
620.15	0	.75782	0	.09096808	.151212
619.15	0	.7577351	0	.09080955	.1514553
618.15	0	.7576507	0	.09065168	.1516976
617.15	0	.7575668	0	.09049445	.1519388
616.15	0	.7574832	0	.09033786	.1521789
615.15	0	.7574001	0	.09018192	.152418
614.15	0	.7573174	0	.09002662	.152656
613.15	0	.7572351	0	.08987198	.1528929
612.15	0	.7571532	0	.08971797	.1531288
611.15	0	.7570718	0	.08956462	.1533636
610.15	0	.7569908	0	.08941191	.1535973
609.15	0	.7569102	0	.08925985	.1538299
608.15	0	.75683	0	.08910843	.1540615
607.15	0	.7567503	0	.08895767	.1542921
606.15	0	.7566709	0	.08880755	.1545215
605.15	0	.756592	0	.08865808	.1547499
604.15	0	.7565135	0	.08850926	.1549773
603.15	0	.7564354	0	.08836108	.1552036
602.15	0	.7563577	0	.08821356	.1554288
601.15	0	.7562804	0	.08806668	.1556529
600.15	0	.7562035	0	.08792046	.155876
599.15	0	.7561271	0	.08777488	.1560981
598.15	0	.756051	0	.08762995	.156319
597.15	0	.7559754	0	.08748567	.156539
596.15	0	.7559001	0	.08734205	.1567578
595.15	0	.7558253	0	.08719907	.1569757
594.15	0	.7557508	0	.08705674	.1571924
593.15	0	.7556768	0	.08691506	.1574081
592.15	0	.7556032	0	.08677404	.1576228
591.15	0	.7555299	0	.08663366	.1578364
590.15	0	.7554571	0	.08649393	.158049
589.15	0	.7553847	0	.08635486	.1582605
588.15	0	.7553127	0	.08621643	.1584709
587.15	0	.755241	0	.08607866	.1586803
586.15	0	.7551698	0	.08594153	.1588887
585.15	0	.7550989	0	.08580506	.159096
584.15	0	.7550285	0	.08566924	.1593023
583.15	0	.7549584	0	.08553407	.1595075
582.15	0	.7548888	0	.08539955	.1597117
581.15	0	.7548195	0	.08526568	.1599149
580.15	0	.7547506	0	.08513246	.160117
579.15	0	.7546821	0	.0849999	.160318
578.15	0	.754614	0	.08486798	.160518
577.15	0	.7545463	0	.08473672	.160717
576.15	0	.7544789	0	.0846061	.160915
575.15	0	.754412	0	.08447614	.1611119
574.15	0	.7543454	0	.08434683	.1613077
573.15	0	.7542793	0	.08421816	.1615026
572.15	0	.7542135	0	.08409015	.1616964
571.15	0	.7541481	0	.08396279	.1618892
570.15	0	.754083	0	.08383608	.1620809
569.15	0	.7540184	0	.08371002	.1622716
568.15	0	.7539541	0	.08358461	.1624613
567.15	0	.7538902	0	.08345985	.16265
566.15	0	.7538267	0	.08333574	.1628376
565.15	0	.7537636	0	.08321227	.1630242
564.15	0	.7537008	0	.08308946	.1632098
563.15	0	.7536384	0	.0829673	.1633943
562.15	0	.7535764	0	.08284578	.1635778
561.15	0	.7535148	0	.08272491	.1637603
560.15	0	.7534535	0	.08260469	.1639418
559.15	0	.7533926	0	.08248512	.1641223
558.15	0	.7533321	0	.0823662	.1643017
557.15	0	.7532719	0	.08224792	.1644802
556.15	0	.7532121	0	.08213029	.1646576
555.15	0	.7531527	0	.0820133	.164834
554.15	0	.7530937	0	.08189697	.1650094
553.15	0	.753035	0	.08178128	.1651838
552.15	0	.7529767	0	.08166623	.1653571
551.15	0	.7529187	0	.08155183	.1655295
550.15	0	.7528611	0	.08143807	.1657008
549.15	0	.7528039	0	.08132496	.1658712
548.15	0	.752747	0	.08121249	.1660405
547.15	0	.7526905	0	.08110066	.1662088
546.15	0	.7526344	0	.08098948	.1663762
545.15	0	.7525786	0	.08087893	.1665425
544.15	0	.7525231	0	.08076904	.1667078
543.15	0	.7524681	0	.08065978	.1668722
542.15	0	.7524133	0	.08055116	.1670355
541.15	0	.752359	0	.08044318	.1671978
540.15	0	.752305	0	.08033584	.1673592
539.15	0	.7522513	0	.08022914	.1675195
538.15	0	.752198	0	.08012307	.1676789
537.15	0	.7521451	0	.08001765	.1678373
536.15	0	.7520925	0	.07991286	.1679947
535.15	0	.7520402	0	.0798087	.1681511
534.15	0	.7519883	0	.07970518	.1683065
533.15	0	.7519368	0	.0796023	.1684609
532.15	0	.7518856	0	.07950005	.1686144
531.15	0	.7518347	0	.07939843	.1687669
530.15	0	.7517842	0	.07929745	.1689184
529.15	0	.751734	0	.0791971	.1690689
528.15	0	.7516842	0	.07909737	.1692184
527.15	0	.7516347	0	.07899828	.169367
526.15	0	.7515856	0	.07889981	.1695146
525.15	0	.7515368	0	.07880198	.1696613
524.15	0	.7514883	0	.07870477	.1698069
523.15	0	.7514402	0	.07860819	.1699517
522.15	0	.7513924	0	.07851223	.1700954
521.15	0	.7513449	0	.07841689	.1702382
520.15	0	.7512978	0	.07832218	.17038
519.15	0	.751251	0	.07822809	.1705209
518.15	0	.7512046	0	.07813463	.1706608
517.15	0	.7511585	0	.07804178	.1707998
516.15	0	.7511127	0	.07794955	.1709378
515.15	0	.7510672	0	.07785794	.1710748
514.15	0	.7510221	0	.07776695	.171211
513.15	0	.7509773	0	.07767657	.1713461
512.15	0	.7509328	0	.07758681	.1714804
511.15	0	.7508887	0	.07749766	.1716137
510.15	0	.7508449	0	.07740913	.171746
509.15	0	.7508014	0	.0773212	.1718774
508.15	0	.7507582	0	.07723389	.1720079
507.15	0	.7507154	0	.07714718	.1721375
506.15	0	.7506728	0	.07706108	.1722661
505.15	0	.7506306	0	.07697559	.1723938
504.15	0	.7505888	0	.0768907	.1725205
503.15	0	.7505472	0	.07680641	.1726464
502.15	0	.7505059	0	.07672273	.1727713
501.15	0	.750465	0	.07663965	.1728954
500.15	0	.7504244	0	.07655717	.1730185
499.15	0	.7503841	0	.07647528	.1731407
498.15	0	.7503441	0	.07639399	.1732619
497.15	0	.7503044	0	.0763133	.1733823
496.15	0	.750265	0	.0762332	.1735018
495.15	0	.750226	0	.07615369	.1736203
494.15	0	.7501872	0	.07607478	.173738
493.15	0	.7501488	0	.07599645	.1738548
492.15	0	.7501106	0	.07591871	.1739707
491.15	0	.7500728	0	.07584155	.1740856
490.15	0	.7500353	0	.07576498	.1741997
489.15	0	.7499981	0	.075689	.174313
488.15	0	.7499611	0	.07561359	.1744253
487.15	0	.7499245	0	.07553876	.1745367
486.15	0	.7498882	0	.07546451	.1746473
485.15	0	.7498522	0	.07539084	.174757
484.15	0	.7498164	0	.07531774	.1748658
483.15	0	.749781	0	.07524522	.1749738
482.15	0	.7497459	0	.07517326	.1750809
481.15	0	.749711	0	.07510187	.1751871
480.15	0	.7496765	0	.07503105	.1752925
479.15	0	.7496422	0	.0749608	.175397
478.15	0	.7496082	0	.07489111	.1755007
477.15	0	.7495746	0	.07482198	.1756035
476.15	0	.7495412	0	.07475341	.1757054
475.15	0	.7495081	0	.0746854	.1758065
474.15	0	.7494753	0	.07461794	.1759068
473.15	0	.7494427	0	.07455104	.1760063
472.15	0	.7494105	0	.07448469	.1761049
471.15	0	.7493785	0	.07441889	.1762026
470.15	0	.7493468	0	.07435363	.1762996
469.15	0	.7493154	0	.07428893	.1763957
468.15	0	.7492843	0	.07422476	.176491
467.15	0	.7492534	0	.07416114	.1765855
466.15	0	.7492228	0	.07409806	.1766791
465.15	0	.7491925	0	.07403552	.176772
464.15	0	.7491625	0	.07397351	.176864
463.15	0	.7491327	0	.07391203	.1769552
462.15	0	.7491033	0	.07385109	.1770457
461.15	0	.749074	0	.07379067	.1771353
460.15	0	.7490451	0	.07373078	.1772241
459.15	0	.7490164	0	.07367142	.1773122
458.15	0	.748988	0	.07361257	.1773995
457.15	0	.7489598	0	.07355425	.1774859
456.15	0	.7489319	0	.07349645	.1775716
455.15	0	.7489043	0	.07343916	.1776566
454.15	0	.7488769	0	.07338238	.1777407
453.15	0	.7488498	0	.07332611	.1778241
452.15	0	.748823	0	.07327036	.1779067
451.15	0	.7487964	0	.07321511	.1779885
450.15	0	.74877	0	.07316036	.1780696
449.15	0	.7487439	0	.07310613	.1781499
448.15	0	.7487181	0	.0730524	.1782295
447.15	0	.7486925	0	.07299917	.1783083
446.15	0	.7486672	0	.07294644	.1783864
445.15	0	.7486421	0	.07289421	.1784637
444.15	0	.7486173	0	.07284247	.1785402
443.15	0	.7485927	0	.07279123	.178616
442.15	0	.7485684	0	.07274048	.1786911
441.15	0	.7485443	0	.07269022	.1787655
440.15	0	.7485205	0	.07264046	.1788391
439.15	0	.7484969	0	.07259118	.1789119
438.15	0	.7484736	0	.07254239	.1789841
437.15	0	.7484504	0	.07249409	.1790555
436.15	0	.7484276	0	.07244627	.1791262
435.15	0	.748405	0	.07239893	.1791961
434.15	0	.7483826	0	.07235207	.1792654
433.15	0	.7483604	0	.07230568	.1793339
432.15	0	.7483385	0	.07225978	.1794017
431.15	0	.7483169	0	.07221434	.1794688
