T	 BPW(LIQUID)	BPW(BCC_A2)	BPW(FCC_A1)	BPW(LAVES_PHASE_C14)	BPW(NI3TI)
1473.15	.3164274	.6835726	0	0	0
1472.15	.3134082	.6865918	0	0	0
1471.15	.3104099	.6895901	0	0	0
1470.15	.3074322	.6925678	0	0	0
1469.15	.304475	.695525	0	0	0
1468.15	.3015382	.6984618	0	0	0
1467.15	.2986216	.7013784	0	0	0
1466.15	.2957251	.7042749	0	0	0
1465.15	.2928485	.7071515	0	0	0
1464.15	.2899917	.7100083	0	0	0
1463.15	.2871546	.7128454	0	0	0
1462.15	.284337	.715663	0	0	0
1461.15	.2815387	.7184613	0	0	0
1460.15	.2787596	.7212404	0	0	0
1459.15	.2759997	.7240003	0	0	0
1458.15	.2732587	.7267413	0	0	0
1457.15	.2705365	.7294635	0	0	0
1456.15	.2678331	.7321669	0	0	0
1455.15	.2651481	.7348519	0	0	0
1454.15	.2624816	.7375184	0	0	0
1453.15	.2598334	.7401666	0	0	0
1452.15	.2572033	.7427967	0	0	0
1451.15	.2545913	.7454087	0	0	0
1450.15	.2519972	.7480028	0	0	0
1449.15	.2494208	.7505792	0	0	0
1448.15	.2468621	.7531379	0	0	0
1447.15	.244321	.755679	0	0	0
1446.15	.2417972	.7582028	0	0	0
1445.15	.2392907	.7607093	0	0	0
1444.15	.2368013	.7631987	0	0	0
1443.15	.234329	.765671	0	0	0
1442.15	.2318736	.7681264	0	0	0
1441.15	.2294349	.7705651	0	0	0
1440.15	.2270129	.7729871	0	0	0
1439.15	.2246075	.7753925	0	0	0
1438.15	.2222185	.7777815	0	0	0
1437.15	.2198459	.7801541	0	0	0
1436.15	.2174894	.7825106	0	0	0
1435.15	.215149	.784851	0	0	0
1434.15	.2128245	.7871755	0	0	0
1433.15	.210516	.789484	0	0	0
1432.15	.2082231	.7917769	0	0	0
1431.15	.2059459	.7940541	0	0	0
1430.15	.2036842	.7963158	0	0	0
1429.15	.2014379	.7985621	0	0	0
1428.15	.1992069	.8007931	0	0	0
1427.15	.1969911	.8030089	0	0	0
1426.15	.1947904	.8052096	0	0	0
1425.15	.1926046	.8073954	0	0	0
1424.15	.1904337	.8095663	0	0	0
1423.15	.1882776	.8117224	0	0	0
1422.15	.1861361	.8138639	0	0	0
1421.15	.1840092	.8159908	0	0	0
1420.15	.1818967	.8181033	0	0	0
1419.15	.1797986	.8202015	0	0	0
1418.15	.1777147	.8222854	0	0	0
1417.15	.1756449	.8243551	0	0	0
1416.15	.1735892	.8264108	0	0	0
1415.15	.1715474	.8284526	0	0	0
1414.15	.1695195	.8304806	0	0	0
1413.41	.1680281	.8319719	0	0	0
1413.41	.1680281	.8319719	0	0	0
1413.41	.1680281	.8319719	0	0	0
1413.15	.1671846	.8324735	0	3.419051E-04	0
1412.15	.1639674	.834384	0	.00164861	0
1411.15	.1607876	.8362681	0	.0029443	0
1410.15	.1576446	.8381262	0	.004229179	0
1409.15	.1545376	.8399589	0	.005503444	0
1408.15	.1514661	.8417666	0	.006767291	0
1407.15	.1484293	.8435498	0	.008020908	0
1406.15	.1454268	.8453088	0	.009264482	0
1405.15	.1424578	.8470441	0	.01049819	0
1404.15	.1395217	.8487561	0	.01172221	0
1403.15	.1366181	.8504452	0	.01293672	0
1402.15	.1337462	.8521119	0	.01414189	0
1401.15	.1309057	.8537565	0	.01533787	0
1400.15	.1280958	.8553793	0	.01652482	0
1399.15	.1253162	.8569809	0	.01770292	0
1398.15	.1225662	.8585614	0	.01887231	0
1397.15	.1198455	.8601214	0	.02003313	0
1396.15	.1171534	.8616611	0	.02118554	0
1395.15	.1144895	.8631808	0	.02232969	0
1394.15	.1118533	.864681	0	.0234657	0
1393.15	.1092444	.8661619	0	.02459372	0
1392.15	.1066622	.8676239	0	.02571388	0
1391.15	.1041065	.8690672	0	.02682632	0
1390.15	.1015766	.8704923	0	.02793115	0
1389.15	.09907222	.8718993	0	.02902852	0
1388.15	.09659293	.8732885	0	.03011853	0
1387.15	.0941383	.8746604	0	.03120132	0
1386.15	.09170794	.8760151	0	.03227699	0
1385.15	.08930145	.8773529	0	.03334566	0
1384.15	.08691845	.8786741	0	.03440746	0
1383.15	.08455856	.879979	0	.03546247	0
1382.15	.08222142	.8812678	0	.03651082	0
1381.15	.07990666	.8825407	0	.03755261	0
1380.15	.07761392	.8837981	0	.03858795	0
1379.15	.07534287	.8850402	0	.03961693	0
1378.15	.07309316	.8862672	0	.04063965	0
1377.15	.07086446	.8874793	0	.04165622	0
1376.15	.06865644	.8886768	0	.04266672	0
1375.15	.06646878	.88986	0	.04367126	0
1374.15	.06430116	.8910289	0	.04466991	0
1373.15	.06215329	.8921839	0	.04566278	0
1372.15	.06002485	.8933252	0	.04664995	0
1371.15	.05791555	.894453	0	.0476315	0
1370.15	.0558251	.8955674	0	.04860753	0
1369.15	.05375322	.8966687	0	.0495781	0
1368.15	.05169962	.8977571	0	.05054331	0
1367.15	.04966403	.8988327	0	.05150324	0
1366.15	.04764619	.8998959	0	.05245795	0
1365.15	.04564582	.9009466	0	.05340754	0
1364.15	.04366267	.9019853	0	.05435206	0
1363.15	.04169649	.9030119	0	.05529161	0
1362.15	.03974702	.9040267	0	.05622624	0
1361.15	.03781402	.9050299	0	.05715603	0
1360.15	.03589725	.9060217	0	.05808105	0
1359.15	.03399647	.9070022	0	.05900137	0
1358.15	.03211146	.9079715	0	.05991705	0
1357.15	.03024197	.9089299	0	.06082816	0
1356.15	.0283878	.9098774	0	.06173477	0
1355.15	.02654872	.9108144	0	.06263693	0
1354.15	.02472451	.9117408	0	.06353471	0
1353.15	.02291496	.9126569	0	.06442817	0
1352.15	.02111987	.9135628	0	.06531737	0
1351.15	.01933903	.9144586	0	.06620236	0
1350.15	.01757224	.9153445	0	.06708322	0
1349.15	.0158193	.9162207	0	.06795998	0
1348.15	.01408002	.9170873	0	.06883272	0
1347.15	.0123542	.9179443	0	.06970147	0
1346.15	.01064167	.918792	0	.0705663	0
1345.15	.008942229	.9196305	0	.07142726	0
1344.15	.007255706	.9204599	0	.0722844	0
1343.15	.00558192	.9212803	0	.07313777	0
1342.15	.003920697	.9220919	0	.07398742	0
1341.15	.002271865	.9228947	0	.07483339	0
1340.15	6.352539E-04	.923689	0	.07567575	0
1339.76	0	.9239966	0	.07600343	0
1339.76	0	.9239966	0	.07600343	0
1339.15	0	.9236312	0	.07636878	0
1338.15	0	.9230332	0	.0769668	0
1337.15	0	.9224365	0	.07756346	0
1336.15	0	.9218412	0	.07815879	0
1335.15	0	.9212472	0	.07875279	0
1334.15	0	.9206546	0	.07934545	0
1333.15	0	.9200632	0	.07993678	0
1332.15	0	.9194732	0	.08052679	0
1331.15	0	.9188845	0	.08111548	0
1330.15	0	.9182971	0	.08170286	0
1329.15	0	.9177111	0	.08228892	0
1328.15	0	.9171263	0	.08287368	0
1327.15	0	.9165429	0	.08345713	0
1326.15	0	.9159607	0	.08403928	0
1325.15	0	.9153799	0	.08462014	0
1324.15	0	.9148003	0	.0851997	0
1323.15	0	.914222	0	.08577798	0
1322.15	0	.913645	0	.08635497	0
1321.15	0	.9130693	0	.08693068	0
1320.15	0	.9124949	0	.08750512	0
1319.15	0	.9119217	0	.08807828	0
1318.15	0	.9113498	0	.08865017	0
1317.15	0	.9107792	0	.0892208	0
1316.15	0	.9102098	0	.08979016	0
1315.15	0	.9096417	0	.09035827	0
1314.15	0	.9090749	0	.09092513	0
1313.15	0	.9085093	0	.09149073	0
1312.15	0	.9079449	0	.09205509	0
1311.15	0	.9073818	0	.0926182	0
1310.15	0	.9068199	0	.09318008	0
1309.15	0	.9062593	0	.09374072	0
1308.15	0	.9056999	0	.09430012	0
1307.15	0	.9051417	0	.0948583	0
1306.15	0	.9045848	0	.09541525	0
1305.15	0	.904029	0	.09597098	0
1304.15	0	.9034745	0	.0965255	0
1303.15	0	.9029212	0	.0970788	0
1302.15	0	.9023691	0	.09763089	0
1301.15	0	.9018182	0	.09818177	0
1300.15	0	.9012686	0	.09873145	0
1299.15	0	.9007201	0	.09927992	0
1298.15	0	.9001728	0	.0998272	0
1297.15	0	.8996267	0	.1003733	0
1296.15	0	.8990818	0	.1009182	0
1296.125	0	.8990683	0	.1009317	0
1296.125	0	.8990683	0	.1009317	0
1296.125	0	.8990683	0	.1009317	0
1295.15	0	.8974708	.001087061	.1014422	0
1294.15	0	.8958369	.002198889	.1019642	0
1293.15	0	.8942075	.003307753	.1024848	0
1292.15	0	.8925825	.00441366	.1030039	0
1291.15	0	.8909619	.005516615	.1035215	0
1290.15	0	.8893456	.006616625	.1040377	0
1289.15	0	.8877338	.007713696	.1045525	0
1288.15	0	.8861263	.008807833	.1050658	0
1287.15	0	.8845232	.009899042	.1055778	0
1286.15	0	.8829244	.01098733	.1060882	0
1285.15	0	.88133	.0120727	.1065973	0
1284.15	0	.8797399	.01315516	.1071049	0
1283.15	0	.8781541	.01423472	.1076112	0
1282.15	0	.8765726	.01531138	.108116	0
1281.15	0	.8749954	.01638514	.1086195	0
1280.15	0	.8734225	.01745602	.1091215	0
1279.15	0	.8718538	.01852401	.1096222	0
1278.15	0	.8702894	.01958912	.1101215	0
1277.15	0	.8687292	.02065137	.1106194	0
1276.15	0	.8671733	.02171075	.111116	0
1275.15	0	.8656216	.02276726	.1116111	0
1274.15	0	.8640741	.02382092	.112105	0
1273.15	0	.8625308	.02487173	.1125974	0
1272.15	0	.8609917	.02591969	.1130886	0
1271.15	0	.8594568	.02696481	.1135783	0
1270.15	0	.8579261	.0280071	.1140668	0
1269.15	0	.8563996	.02904656	.1145539	0
1268.15	0	.8548772	.03008319	.1150397	0
1267.15	0	.8533589	.03111699	.1155241	0
1266.15	0	.8518448	.03214799	.1160073	0
1265.15	0	.8503348	.03317617	.1164891	0
1264.15	0	.8488289	.03420154	.1169696	0
1263.15	0	.8473271	.03522411	.1174488	0
1262.15	0	.8458294	.03624388	.1179267	0
1261.15	0	.8443358	.03726086	.1184034	0
1260.15	0	.8428463	.03827506	.1188787	0
1259.15	0	.8413608	.03928646	.1193527	0
1258.15	0	.8398794	.04029509	.1198255	0
1257.15	0	.8384021	.04130094	.120297	0
1256.15	0	.8369288	.04230403	.1207672	0
1255.15	0	.8354595	.04330434	.1212362	0
1254.15	0	.8339942	.04430189	.1217039	0
1253.15	0	.832533	.04529669	.1221703	0
1252.15	0	.8310758	.04628873	.1226355	0
1251.15	0	.8296225	.04727801	.1230995	0
1250.15	0	.8281733	.04826456	.1235622	0
1249.15	0	.826728	.04924836	.1240236	0
1248.15	0	.8252867	.05022942	.1244839	0
1247.15	0	.8238494	.05120775	.1249429	0
1246.15	0	.822416	.05218335	.1254007	0
1245.15	0	.8209866	.05315622	.1258572	0
1244.15	0	.8195611	.05412636	.1263126	0
1243.15	0	.8181395	.05509379	.1267667	0
1242.15	0	.8167219	.05605851	.1272196	0
1241.15	0	.8153081	.05702051	.1276714	0
1240.15	0	.8138983	.0579798	.1281219	0
1239.15	0	.8124924	.05893639	.1285712	0
1238.15	0	.8110903	.05989027	.1290194	0
1237.15	0	.8096922	.06084146	.1294664	0
1236.15	0	.8082979	.06178995	.1299122	0
1235.15	0	.8069075	.06273575	.1303568	0
1234.15	0	.8055209	.06367886	.1308002	0
1233.15	0	.8041382	.06461929	.1312425	0
1232.15	0	.8027594	.06555703	.1316836	0
1231.15	0	.8013844	.0664921	.1321235	0
1230.15	0	.8000132	.06742449	.1325623	0
1229.15	0	.7986458	.06835421	.133	0
1228.15	0	.7972823	.06928126	.1334364	0
1227.15	0	.7959226	.07020564	.1338718	0
1226.15	0	.7945666	.07112736	.134306	0
1225.15	0	.7932145	.07204641	.1347391	0
1224.15	0	.7918662	.07296281	.135171	0
1223.15	0	.7905216	.07387655	.1356018	0
1222.15	0	.7891808	.07478765	.1360315	0
1221.15	0	.7878438	.07569609	.1364601	0
1220.15	0	.7865106	.07660188	.1368876	0
1219.15	0	.7851811	.07750503	.1373139	0
1218.15	0	.7838553	.07840553	.1377392	0
1217.15	0	.7825333	.0793034	.1381633	0
1216.15	0	.7812151	.08019863	.1385863	0
1215.15	0	.7799005	.08109122	.1390083	0
1214.15	0	.7785897	.08198118	.1394291	0
1213.15	0	.7772826	.08286851	.1398489	0
1212.15	0	.7759793	.08375321	.1402675	0
1211.15	0	.7746796	.08463529	.1406851	0
1210.15	0	.7733836	.08551474	.1411016	0
1209.15	0	.7720914	.08639157	.1415171	0
1208.15	0	.7708028	.08726577	.1419314	0
1207.15	0	.7695179	.08813737	.1423447	0
1206.15	0	.7682367	.08900634	.142757	0
1205.15	0	.7669592	.08987271	.1431682	0
1204.15	0	.7656853	.09073646	.1435783	0
1203.15	0	.7644151	.0915976	.1439873	0
1202.15	0	.7631485	.09245613	.1443954	0
1201.15	0	.7618856	.09331205	.1448023	0
1200.15	0	.7606264	.09416537	.1452083	0
1199.15	0	.7593708	.09501609	.1456131	0
1198.15	0	.7581188	.0958642	.146017	0
1197.15	0	.7568705	.09670972	.1464198	0
1196.15	0	.7556258	.09755264	.1468216	0
1195.15	0	.7543847	.09839296	.1472224	0
1194.15	0	.7531472	.09923068	.1476221	0
1193.15	0	.7519133	.1000658	.1480209	0
1192.15	0	.7506831	.1008983	.1484186	0
1191.15	0	.7494565	.1017283	.1488153	0
1190.15	0	.7482334	.1025556	.149211	0
1189.15	0	.747014	.1033804	.1496056	0
1188.15	0	.7457981	.1042026	.1499993	0
1187.15	0	.7445858	.1050222	.150392	0
1186.15	0	.7433771	.1058392	.1507837	0
1185.15	0	.742172	.1066536	.1511744	0
1184.15	0	.7409705	.1074654	.1515641	0
1183.15	0	.7397725	.1082747	.1519528	0
1182.15	0	.7385781	.1090813	.1523405	0
1181.15	0	.7373873	.1098854	.1527273	0
1180.15	0	.7362	.1106869	.1531131	0
1179.15	0	.7350163	.1114858	.1534979	0
1178.15	0	.7338361	.1122822	.1538817	0
1177.15	0	.7326595	.1130759	.1542646	0
1176.15	0	.7314864	.1138671	.1546465	0
1175.15	0	.7303169	.1146557	.1550274	0
1174.15	0	.7291509	.1154418	.1554074	0
1173.15	0	.7279884	.1162252	.1557864	0
1172.15	0	.7268294	.1170061	.1561645	0
1171.15	0	.725674	.1177844	.1565416	0
1170.15	0	.7245221	.1185601	.1569177	0
1169.15	0	.7233737	.1193333	.157293	0
1168.15	0	.7222289	.1201039	.1576673	0
1167.15	0	.7210875	.1208719	.1580406	0
1166.15	0	.7199497	.1216373	.158413	0
1165.15	0	.7188154	.1224001	.1587845	0
1164.15	0	.7176846	.1231604	.159155	0
1163.15	0	.7165573	.1239181	.1595246	0
1162.15	0	.7154335	.1246732	.1598933	0
1161.15	0	.7143131	.1254258	.1602611	0
1160.15	0	.7131963	.1261758	.1606279	0
1159.15	0	.712083	.1269232	.1609939	0
1158.15	0	.7109731	.127668	.1613589	0
1157.15	0	.7098668	.1284102	.161723	0
1156.15	0	.7087639	.1291499	.1620862	0
1155.15	0	.7076646	.129887	.1624485	0
1154.15	0	.7065686	.1306215	.1628099	0
1153.15	0	.7054762	.1313535	.1631704	0
1152.15	0	.7043872	.1320828	.1635299	0
1151.15	0	.7033018	.1328096	.1638886	0
1150.15	0	.7022198	.1335338	.1642464	0
1149.15	0	.7011413	.1342554	.1646033	0
1148.15	0	.7000662	.1349745	.1649593	0
1147.15	0	.6989946	.1356909	.1653145	0
1146.15	0	.6979265	.1364048	.1656687	0
1145.15	0	.6968618	.1371161	.1660221	0
1144.15	0	.6958006	.1378248	.1663746	0
1143.15	0	.6947429	.1385309	.1667262	0
1142.15	0	.6936886	.1392345	.1670769	0
1141.15	0	.6926378	.1399354	.1674268	0
1140.15	0	.6915905	.1406338	.1677757	0
1139.15	0	.6905466	.1413296	.1681239	0
1138.15	0	.6895061	.1420228	.1684711	0
1137.15	0	.6884691	.1427133	.1688175	0
1136.15	0	.6874356	.1434013	.1691631	0
1135.15	0	.6864055	.1440868	.1695078	0
1134.15	0	.6853789	.1447696	.1698516	0
1133.15	0	.6843557	.1454498	.1701945	0
1132.15	0	.683336	.1461274	.1705367	0
1131.15	0	.6823197	.1468024	.1708779	0
1130.15	0	.6813068	.1474748	.1712184	0
1129.15	0	.6802974	.1481446	.1715579	0
1128.15	0	.6792915	.1488118	.1718967	0
1127.15	0	.678289	.1494764	.1722346	0
1126.15	0	.6772899	.1501384	.1725716	0
1125.15	0	.6762943	.1507978	.1729079	0
1124.15	0	.6753022	.1514546	.1732432	0
1123.15	0	.6743135	.1521087	.1735778	0
1122.15	0	.6733282	.1527603	.1739115	0
1121.15	0	.6723464	.1534092	.1742444	0
1120.15	0	.671368	.1540555	.1745765	0
1119.15	0	.6703931	.1546992	.1749077	0
1118.15	0	.6694216	.1553403	.1752382	0
1117.15	0	.6684535	.1559787	.1755678	0
1116.15	0	.6674889	.1566145	.1758966	0
1115.15	0	.6665278	.1572477	.1762245	0
1114.15	0	.6655701	.1578782	.1765517	0
1113.15	0	.6646158	.1585062	.176878	0
1112.15	0	.663665	.1591314	.1772035	0
1111.15	0	.6627177	.1597541	.1775283	0
1110.15	0	.6617738	.1603741	.1778522	0
1109.15	0	.6608333	.1609914	.1781753	0
1108.15	0	.6598963	.1616061	.1784976	0
1107.15	0	.6589627	.1622182	.1788191	0
1106.15	0	.6580326	.1628276	.1791398	0
1105.15	0	.657106	.1634343	.1794597	0
1104.15	0	.6561828	.1640384	.1797788	0
1103.15	0	.655263	.1646398	.1800971	0
1102.15	0	.6543467	.1652386	.1804147	0
1101.15	0	.6534339	.1658347	.1807314	0
1100.15	0	.6525246	.1664281	.1810473	0
1099.15	0	.6516186	.1670189	.1813625	0
1098.15	0	.6507162	.167607	.1816768	0
1097.15	0	.6498172	.1681924	.1819904	0
1096.15	0	.6489217	.1687751	.1823032	0
1095.15	0	.6480296	.1693552	.1826152	0
1094.15	0	.6471411	.1699325	.1829264	0
1093.15	0	.6462559	.1705072	.1832369	0
1092.15	0	.6453743	.1710792	.1835465	0
1091.15	0	.6444961	.1716484	.1838554	0
1090.15	0	.6436214	.172215	.1841636	0
1089.15	0	.6427502	.1727789	.1844709	0
1088.15	0	.6418825	.1733401	.1847775	0
1087.15	0	.6410182	.1738985	.1850833	0
1086.15	0	.6401574	.1744543	.1853883	0
1085.15	0	.6393002	.1750073	.1856926	0
1084.15	0	.6384464	.1755576	.1859961	0
1083.15	0	.637596	.1761052	.1862988	0
1082.15	0	.6367492	.17665	.1866008	0
1081.15	0	.6359059	.1771921	.1869019	0
1080.15	0	.6350661	.1777315	.1872024	0
1079.15	0	.6342298	.1782682	.1875021	0
1078.15	0	.633397	.1788021	.187801	0
1077.15	0	.6325676	.1793332	.1880991	0
1076.15	0	.6317418	.1798616	.1883965	0
1075.15	0	.6309195	.1803873	.1886932	0
1074.15	0	.6301008	.1809102	.1889891	0
1073.15	0	.6292855	.1814303	.1892842	0
1072.15	0	.6284738	.1819477	.1895786	0
1071.15	0	.6276655	.1824623	.1898722	0
1070.15	0	.6268608	.1829741	.1901651	0
1069.15	0	.6260597	.1834831	.1904572	0
1068.15	0	.6252621	.1839894	.1907486	0
1067.15	0	.624468	.1844929	.1910392	0
1066.15	0	.6236774	.1849935	.1913291	0
1065.15	0	.6228904	.1854914	.1916182	0
1064.15	0	.6221069	.1859865	.1919066	0
1063.15	0	.621327	.1864788	.1921942	0
1062.15	0	.6205506	.1869683	.1924811	0
1061.15	0	.6197778	.1874549	.1927673	0
1060.15	0	.6190086	.1879388	.1930527	0
1059.15	0	.6182429	.1884198	.1933373	0
1058.15	0	.6174808	.188898	.1936212	0
1057.15	0	.6167222	.1893733	.1939044	0
1056.15	0	.6159673	.1898459	.1941869	0
1055.15	0	.6152159	.1903156	.1944686	0
1054.15	0	.6144681	.1907824	.1947495	0
1053.15	0	.6137238	.1912464	.1950298	0
1052.15	0	.6129832	.1917076	.1953092	0
1051.15	0	.6122462	.1921658	.195588	0
1050.15	0	.6115127	.1926213	.195866	0
1049.15	0	.6107829	.1930738	.1961433	0
1048.15	0	.6100567	.1935235	.1964198	0
1047.15	0	.6093341	.1939703	.1966956	0
1046.15	0	.6086151	.1944143	.1969707	0
1045.15	0	.6078997	.1948553	.197245	0
1044.15	0	.607188	.1952935	.1975186	0
1043.15	0	.6064798	.1957287	.1977914	0
1042.15	0	.6057754	.1961611	.1980636	0
1041.15	0	.6050745	.1965906	.1983349	0
1040.15	0	.6043773	.1970171	.1986056	0
1039.15	0	.6036837	.1974408	.1988755	0
1038.15	0	.6029938	.1978615	.1991447	0
1037.15	0	.6023076	.1982793	.1994131	0
1036.15	0	.601625	.1986942	.1996809	0
1035.15	0	.6009461	.1991061	.1999478	0
1034.15	0	.6002708	.1995151	.2002141	0
1033.15	0	.5995992	.1999212	.2004796	0
1032.15	0	.5989313	.2003243	.2007444	0
1031.15	0	.5982671	.2007244	.2010084	0
1030.15	0	.5976066	.2011217	.2012717	0
1029.15	0	.5969498	.2015159	.2015343	0
1028.15	0	.5962967	.2019072	.2017962	0
1027.15	0	.5956472	.2022955	.2020573	0
1026.15	0	.5950015	.2026808	.2023177	0
1025.15	0	.5943595	.2030632	.2025773	0
1024.15	0	.5937212	.2034426	.2028362	0
1023.15	0	.5930867	.203819	.2030944	0
1022.15	0	.5924558	.2041924	.2033518	0
1021.15	0	.5918287	.2045628	.2036085	0
1020.15	0	.5912054	.2049302	.2038644	0
1019.15	0	.5905858	.2052946	.2041196	0
1018.15	0	.5899699	.205656	.2043741	0
1017.15	0	.5893578	.2060143	.2046279	0
1016.15	0	.5887494	.2063697	.2048809	0
1015.15	0	.5881449	.206722	.2051331	0
1014.15	0	.587544	.2070713	.2053846	0
1013.15	0	.586947	.2074176	.2056354	0
1012.15	0	.5863537	.2077608	.2058854	0
1011.15	0	.5857642	.208101	.2061347	0
1010.15	0	.5851785	.2084382	.2063833	0
1009.15	0	.5845966	.2087723	.2066311	0
1008.15	0	.5840185	.2091034	.2068781	0
1007.15	0	.5834442	.2094314	.2071244	0
1006.15	0	.5828737	.2097563	.20737	0
1005.15	0	.582307	.2100782	.2076148	0
1004.15	0	.5817442	.210397	.2078588	0
1003.15	0	.5811851	.2107128	.2081021	0
1002.15	0	.5806299	.2110254	.2083447	0
1001.15	0	.5800785	.2113351	.2085865	0
1000.15	0	.5795309	.2116416	.2088275	0
999.15	0	.5789872	.211945	.2090678	0
998.15	0	.5784474	.2122454	.2093073	0
997.15	0	.5779113	.2125426	.209546	0
996.15	0	.5773792	.2128368	.209784	0
995.15	0	.5768509	.2131279	.2100212	0
994.15	0	.5763264	.2134159	.2102577	0
993.15	0	.5758058	.2137008	.2104934	0
992.15	0	.5752891	.2139826	.2107283	0
991.15	0	.5747763	.2142612	.2109625	0
990.15	0	.5742673	.2145368	.2111959	0
989.15	0	.5737622	.2148093	.2114285	0
988.15	0	.573261	.2150787	.2116603	0
987.15	0	.5727637	.2153449	.2118913	0
986.15	0	.5722703	.2156081	.2121216	0
985.15	0	.5717808	.2158681	.2123511	0
984.15	0	.5712952	.2161251	.2125798	0
983.15	0	.5708135	.2163789	.2128077	0
982.15	0	.5703356	.2166296	.2130348	0
981.15	0	.5698617	.2168771	.2132611	0
980.15	0	.5693917	.2171216	.2134867	0
979.15	0	.5689256	.217363	.2137114	0
978.15	0	.5684635	.2176012	.2139353	0
977.15	0	.5680052	.2178363	.2141585	0
976.15	0	.5675509	.2180683	.2143808	0
975.15	0	.5671005	.2182972	.2146023	0
974.15	0	.566654	.218523	.214823	0
973.15	0	.5662114	.2187457	.2150429	0
972.15	0	.5657728	.2189653	.2152619	0
971.15	0	.5653381	.2191818	.2154802	0
970.15	0	.5649073	.2193951	.2156976	0
969.15	0	.5644805	.2196054	.2159142	0
968.15	0	.5640575	.2198125	.2161299	0
967.15	0	.5636385	.2200166	.2163449	0
966.15	0	.5632235	.2202176	.216559	0
965.15	0	.5628123	.2204155	.2167722	0
964.15	0	.5624051	.2206103	.2169846	0
963.15	0	.5620019	.220802	.2171962	0
962.15	0	.5616025	.2209906	.2174068	0
961.15	0	.5612071	.2211762	.2176167	0
960.15	0	.5608156	.2213587	.2178256	0
959.15	0	.560428	.2215382	.2180338	0
958.15	0	.5600444	.2217146	.218241	0
957.15	0	.5596647	.221888	.2184474	0
956.15	0	.5592888	.2220583	.2186529	0
955.15	0	.5589169	.2222256	.2188575	0
954.15	0	.5585489	.2223899	.2190612	0
953.15	0	.5581848	.2225512	.219264	0
952.15	0	.5578247	.2227094	.2194659	0
951.15	0	.5574684	.2228647	.2196669	0
950.15	0	.557116	.223017	.2198671	0
949.15	0	.5567674	.2231663	.2200663	0
948.15	0	.5564228	.2233127	.2202645	0
947.15	0	.556082	.2234561	.2204619	0
946.15	0	.5557451	.2235966	.2206583	0
945.15	0	.5554121	.2237341	.2208538	0
944.15	0	.5550829	.2238687	.2210484	0
943.15	0	.5547576	.2240005	.221242	0
942.15	0	.554436	.2241293	.2214346	0
941.15	0	.5541184	.2242553	.2216263	0
940.15	0	.5538045	.2243785	.221817	0
939.15	0	.5534944	.2244988	.2220068	0
938.15	0	.5531882	.2246163	.2221956	0
937.15	0	.5528857	.224731	.2223834	0
936.15	0	.552587	.2248429	.2225702	0
935.15	0	.552292	.2249521	.222756	0
934.15	0	.5520008	.2250585	.2229408	0
933.15	0	.5517133	.2251622	.2231245	0
932.15	0	.5514295	.2252632	.2233073	0
931.15	0	.5511494	.2253615	.223489	0
930.15	0	.550873	.2254572	.2236697	0
929.15	0	.5506003	.2255503	.2238494	0
928.15	0	.5503312	.2256408	.224028	0
927.15	0	.5500658	.2257287	.2242055	0
926.15	0	.549804	.225814	.224382	0
925.15	0	.5495457	.2258969	.2245574	0
924.15	0	.5492911	.2259773	.2247317	0
923.15	0	.5490399	.2260552	.2249049	0
922.15	0	.5487923	.2261306	.225077	0
921.15	0	.5485482	.2262038	.225248	0
920.15	0	.5483076	.2262745	.2254179	0
919.15	0	.5480704	.2263429	.2255866	0
918.15	0	.5478367	.2264091	.2257542	0
917.15	0	.5476063	.226473	.2259207	0
916.15	0	.5473794	.2265347	.226086	0
915.15	0	.5471557	.2265942	.2262501	0
914.15	0	.5469354	.2266516	.226413	0
913.15	0	.5467184	.2267069	.2265747	0
912.15	0	.5465045	.2267603	.2267352	0
911.15	0	.5462939	.2268116	.2268945	0
910.15	0	.5460865	.2268609	.2270526	0
909.15	0	.5458822	.2269084	.2272094	0
908.15	0	.545681	.226954	.227365	0
907.15	0	.5454829	.2269979	.2275193	0
906.15	0	.5452878	.2270399	.2276723	0
905.15	0	.5450956	.2270804	.227824	0
904.15	0	.5449064	.2271192	.2279744	0
903.15	0	.5447201	.2271564	.2281235	0
902.15	0	.5445366	.2271921	.2282712	0
901.15	0	.5443559	.2272264	.2284176	0
900.15	0	.544178	.2272593	.2285627	0
899.15	0	.5440027	.2272909	.2287063	0
898.15	0	.5438301	.2273213	.2288486	0
897.15	0	.5436601	.2273505	.2289894	0
896.15	0	.5434926	.2273786	.2291288	0
895.15	0	.5433275	.2274057	.2292668	0
894.15	0	.5431649	.2274319	.2294033	0
893.15	0	.5430046	.2274572	.2295383	0
892.15	0	.5428465	.2274817	.2296718	0
891.15	0	.5426907	.2275056	.2298038	0
890.15	0	.542537	.2275288	.2299342	0
889.15	0	.5423854	.2275515	.2300631	0
888.15	0	.5422358	.2275739	.2301904	0
887.15	0	.5420881	.2275959	.2303161	0
886.15	0	.5419422	.2276177	.2304402	0
885.15	0	.5417981	.2276394	.2305626	0
884.15	0	.5416556	.2276611	.2306833	0
883.15	0	.5415147	.2276829	.2308024	0
882.15	0	.5413754	.2277049	.2309198	0
881.15	0	.5412374	.2277273	.2310354	0
880.15	0	.5411007	.2277501	.2311492	0
879.15	0	.5409652	.2277735	.2312613	0
878.15	0	.5408308	.2277977	.2313715	0
877.15	0	.5406974	.2278227	.2314798	0
876.15	0	.5405649	.2278488	.2315863	0
875.15	0	.5404331	.227876	.2316909	0
874.15	0	.540302	.2279045	.2317935	0
873.15	0	.5401714	.2279344	.2318941	0
872.15	0	.5400412	.227966	.2319928	0
871.15	0	.5399113	.2279994	.2320893	0
870.15	0	.5397814	.2280348	.2321838	0
869.15	0	.5396515	.2280723	.2322762	0
868.15	0	.5395215	.2281121	.2323664	0
867.15	0	.5393911	.2281545	.2324544	0
866.15	0	.5392603	.2281996	.2325401	0
865.15	0	.5391287	.2282477	.2326236	0
864.15	0	.5389964	.228299	.2327047	0
863.15	0	.538863	.2283536	.2327834	0
862.15	0	.5387284	.228412	.2328596	0
861.15	0	.5385923	.2284743	.2329334	0
860.15	0	.5384547	.2285407	.2330046	0
859.15	0	.5383152	.2286116	.2330732	0
858.15	0	.5381736	.2286873	.2331391	0
857.15	0	.5380298	.228768	.2332022	0
856.15	0	.5378833	.2288541	.2332625	0
855.15	0	.537734	.228946	.23332	0
854.15	0	.5375816	.2290439	.2333745	0
853.15	0	.5374258	.2291483	.2334259	0
852.15	0	.5372663	.2292596	.2334741	0
851.15	0	.5371027	.2293782	.2335192	0
850.15	0	.5369346	.2295045	.2335609	0
849.15	0	.5367619	.229639	.2335991	0
848.15	0	.5365839	.2297823	.2336338	0
847.15	0	.5364003	.2299348	.2336648	0
846.15	0	.5362107	.2300973	.2336921	0
845.15	0	.5360145	.2302702	.2337153	0
844.15	0	.5358113	.2304542	.2337345	0
843.15	0	.5356004	.2306501	.2337495	0
842.15	0	.5353814	.2308587	.23376	0
841.15	0	.5351534	.2310808	.2337658	0
840.15	0	.5349159	.2313172	.2337669	0
839.15	0	.5344684	.231811	.2337206	0
838.15	0	.5338247	.2325473	.233628	0
837.15	0	.5332305	.2332289	.2335406	0
836.15	0	.5326816	.2338605	.233458	0
835.15	0	.5321744	.234446	.2333796	0
834.15	0	.5317058	.2349891	.2333051	0
833.15	0	.5312728	.2354931	.2332341	0
832.15	0	.5308728	.2359609	.2331663	0
831.15	0	.5305035	.2363952	.2331014	0
830.15	0	.5301626	.2367983	.2330392	0
829.15	0	.5298482	.2371724	.2329794	0
828.15	0	.5295585	.2375195	.2329219	0
827.15	0	.5292919	.2378416	.2328665	0
826.15	0	.5290468	.2381402	.232813	0
825.15	0	.5288219	.2384169	.2327613	0
824.15	0	.5286158	.2386731	.2327112	0
823.15	0	.5284273	.2389101	.2326626	0
822.15	0	.5282554	.2391293	.2326154	0
821.15	0	.5280989	.2393316	.2325695	0
820.15	0	.527957	.2395182	.2325248	0
819.15	0	.5278287	.2396901	.2324812	0
818.15	0	.5277132	.2398481	.2324387	0
817.15	0	.5276097	.2399932	.2323971	0
816.15	0	.5275176	.240126	.2323564	0
815.15	0	.527436	.2402474	.2323166	0
814.15	0	.5273643	.2403581	.2322776	0
813.15	0	.527302	.2404587	.2322393	0
812.15	0	.5272485	.2405498	.2322017	0
811.15	0	.5272033	.240632	.2321647	0
810.15	0	.5271658	.2407059	.2321283	0
809.15	0	.5271356	.2407719	.2320925	0
808.15	0	.5271122	.2408306	.2320572	0
807.15	0	.5270953	.2408823	.2320224	0
806.15	0	.5270844	.2409276	.2319881	0
805.15	0	.5270791	.2409668	.2319541	0
804.15	0	.5270792	.2410002	.2319206	0
803.15	0	.5270842	.2410284	.2318875	0
802.15	0	.5270939	.2410515	.2318546	0
801.15	0	.527108	.2410699	.2318222	0
800.15	0	.5271261	.2410839	.23179	0
799.15	0	.5271481	.2410938	.2317581	0
798.15	0	.5271737	.2410998	.2317265	0
797.15	0	.5272026	.2411023	.2316951	0
796.15	0	.5272347	.2411014	.2316639	0
795.15	0	.5272696	.2410974	.231633	0
794.15	0	.5273073	.2410904	.2316023	0
793.15	0	.5273475	.2410808	.2315717	0
792.15	0	.52739	.2410686	.2315414	0
791.15	0	.5274347	.2410541	.2315112	0
790.15	0	.5274814	.2410374	.2314811	0
789.15	0	.52753	.2410188	.2314512	0
788.15	0	.5275803	.2409982	.2314215	0
787.15	0	.5276322	.240976	.2313918	0
786.15	0	.5276856	.2409522	.2313623	0
785.15	0	.5277402	.240927	.2313328	0
784.15	0	.5277961	.2409004	.2313035	0
783.15	0	.5278531	.2408727	.2312742	0
782.15	0	.5279111	.2408439	.231245	0
781.15	0	.52797	.2408141	.2312159	0
780.15	0	.5280297	.2407834	.2311869	0
779.15	0	.5280902	.2407519	.2311579	0
778.15	0	.5281512	.2407198	.231129	0
777.15	0	.5282129	.240687	.2311001	0
776.15	0	.528275	.2406537	.2310713	0
775.15	0	.5283376	.2406199	.2310425	0
774.15	0	.5284005	.2405858	.2310137	0
773.15	0	.5284637	.2405513	.230985	0
772.15	0	.5285271	.2405166	.2309563	0
771.15	0	.5285907	.2404817	.2309276	0
770.15	0	.5286544	.2404466	.230899	0
769.15	0	.5287182	.2404115	.2308703	0
768.15	0	.528782	.2403764	.2308417	0
767.15	0	.5288457	.2403412	.230813	0
766.15	0	.5289094	.2403062	.2307844	0
765.15	0	.528973	.2402712	.2307558	0
764.15	0	.5290365	.2402364	.2307272	0
763.15	0	.5290997	.2402017	.2306985	0
762.15	0	.5291628	.2401673	.2306699	0
761.15	0	.5292256	.2401332	.2306412	0
760.15	0	.5292882	.2400993	.2306126	0
759.15	0	.5293504	.2400657	.2305839	0
758.15	0	.5294123	.2400325	.2305552	0
757.15	0	.5294738	.2399997	.2305265	0
756.15	0	.529535	.2399672	.2304978	0
755.15	0	.5295958	.2399352	.230469	0
754.15	0	.5296561	.2399036	.2304402	0
753.15	0	.529716	.2398725	.2304114	0
752.15	0	.5297755	.2398419	.2303826	0
751.15	0	.5298345	.2398118	.2303538	0
750.15	0	.529893	.2397822	.2303249	0
749.15	0	.529951	.2397531	.230296	0
748.15	0	.5300084	.2397246	.230267	0
747.15	0	.5300654	.2396966	.230238	0
746.15	0	.5301218	.2396692	.230209	0
745.15	0	.5301776	.2396424	.23018	0
744.15	0	.5302329	.2396162	.2301509	0
743.15	0	.53029	.2395889	.2301212	0
742.15	0	.5303439	.239564	.2300921	0
741.15	0	.5303973	.2395398	.2300629	0
740.15	0	.5304501	.2395162	.2300337	0
739.15	0	.5305023	.2394932	.2300045	0
738.15	0	.5305539	.2394709	.2299752	0
737.15	0	.5306049	.2394492	.2299459	0
736.15	0	.5306554	.2394281	.2299165	0
735.15	0	.5307052	.2394077	.2298871	0
734.15	0	.5307544	.239388	.2298577	0
733.15	0	.5308029	.2393689	.2298282	0
732.15	0	.5308509	.2393505	.2297986	0
731.15	0	.5308982	.2393327	.2297691	0
730.15	0	.5309449	.2393157	.2297394	0
729.15	0	.530991	.2392993	.2297098	0
728.15	0	.5310364	.2392836	.22968	0
727.15	0	.5310812	.2392685	.2296503	0
726.15	0	.5311254	.2392541	.2296205	0
725.15	0	.5311689	.2392404	.2295906	0
724.15	0	.5312119	.2392274	.2295607	0
723.15	0	.5312542	.2392151	.2295308	0
722.15	0	.5312958	.2392034	.2295008	0
721.15	0	.5313369	.2391924	.2294707	0
720.15	0	.5313772	.2391821	.2294407	0
719.15	0	.531417	.2391725	.2294105	0
718.15	0	.5314562	.2391635	.2293804	0
717.15	0	.5314947	.2391552	.2293501	0
716.15	0	.5315326	.2391476	.2293199	0
715.15	0	.5315698	.2391406	.2292896	0
714.15	0	.5316065	.2391343	.2292592	0
713.15	0	.5316425	.2391287	.2292288	0
712.15	0	.531678	.2391237	.2291983	0
711.15	0	.5317128	.2391194	.2291679	0
710.15	0	.531747	.2391157	.2291373	0
709.15	0	.5317806	.2391127	.2291067	0
708.15	0	.5318136	.2391103	.2290761	0
707.15	0	.5318459	.2391086	.2290454	0
706.15	0	.5318777	.2391076	.2290147	0
705.15	0	.5319089	.2391071	.228984	0
704.15	0	.5319395	.2391073	.2289532	0
703.15	0	.5319696	.2391081	.2289223	0
702.15	0	.531999	.2391096	.2288915	0
701.15	0	.5320279	.2391116	.2288605	0
700.15	0	.5320561	.2391143	.2288295	0
699.15	0	.5320839	.2391176	.2287985	0
698.15	0	.532111	.2391215	.2287675	0
697.15	0	.5321376	.239126	.2287364	0
696.15	0	.5321636	.2391311	.2287053	0
695.15	0	.5321891	.2391369	.2286741	0
694.15	0	.532214	.2391432	.2286429	0
693.15	0	.5322383	.2391501	.2286116	0
692.15	0	.5322621	.2391575	.2285803	0
691.15	0	.5322854	.2391656	.228549	0
690.15	0	.5323081	.2391742	.2285176	0
689.15	0	.5323304	.2391834	.2284862	0
688.15	0	.532352	.2391932	.2284548	0
687.15	0	.5323732	.2392035	.2284233	0
686.15	0	.5323938	.2392144	.2283918	0
685.15	0	.532414	.2392258	.2283602	0
684.15	0	.5324336	.2392378	.2283287	0
683.15	0	.5324527	.2392503	.228297	0
682.15	0	.5324713	.2392633	.2282654	0
681.15	0	.5324894	.2392769	.2282337	0
680.15	0	.532507	.239291	.228202	0
679.15	0	.5325241	.2393057	.2281702	0
678.15	0	.5325408	.2393208	.2281384	0
677.15	0	.5325569	.2393365	.2281066	0
676.15	0	.5325726	.2393527	.2280747	0
675.15	0	.5325878	.2393693	.2280428	0
674.15	0	.5326026	.2393865	.2280109	0
673.15	0	.5326169	.2394042	.227979	0
672.15	0	.5326307	.2394224	.227947	0
671.15	0	.532644	.239441	.227915	0
670.15	0	.532657	.2394601	.2278829	0
669.15	0	.5326694	.2394797	.2278509	0
668.15	0	.5326815	.2394998	.2278188	0
667.15	0	.532693	.2395203	.2277867	0
666.15	0	.5327042	.2395413	.2277545	0
665.15	0	.5327149	.2395627	.2277223	0
664.15	0	.5327252	.2395847	.2276901	0
663.15	0	.5327351	.239607	.2276579	0
662.15	0	.5327446	.2396298	.2276257	0
661.15	0	.5327536	.239653	.2275934	0
660.15	0	.5327623	.2396767	.2275611	0
659.15	0	.5327705	.2397007	.2275288	0
658.15	0	.5327783	.2397253	.2274964	0
657.15	0	.5327858	.2397502	.227464	0
656.15	0	.5327928	.2397755	.2274316	0
655.15	0	.5327995	.2398013	.2273992	0
654.15	0	.5328058	.2398274	.2273668	0
653.15	0	.5328117	.239854	.2273344	0
652.15	0	.5328172	.2398809	.2273019	0
651.15	0	.5328223	.2399083	.2272694	0
650.15	0	.5328271	.239936	.2272369	0
649.15	0	.5328315	.2399641	.2272044	0
648.15	0	.5328356	.2399926	.2271718	0
647.15	0	.5328392	.2400215	.2271393	0
646.15	0	.5328426	.2400507	.2271067	0
645.15	0	.5328456	.2400803	.2270741	0
644.15	0	.5328482	.2401103	.2270415	0
643.15	0	.5328505	.2401406	.2270089	0
642.15	0	.5328525	.2401713	.2269763	0
641.15	0	.5328541	.2402023	.2269436	0
640.15	0	.5328554	.2402337	.226911	0
639.15	0	.5328563	.2402654	.2268783	0
638.15	0	.532857	.2402974	.2268456	0
637.15	0	.5328573	.2403298	.2268129	0
636.15	0	.5328573	.2403625	.2267802	0
635.15	0	.532857	.2403955	.2267475	0
634.15	0	.5328564	.2404288	.2267148	0
633.15	0	.5328554	.2404625	.2266821	0
632.15	0	.5328542	.2404965	.2266494	0
631.15	0	.5328527	.2405307	.2266166	0
630.15	0	.5328508	.2405653	.2265839	0
629.15	0	.5328487	.2406002	.2265511	0
628.15	0	.5328463	.2406354	.2265184	0
627.15	0	.5328436	.2406708	.2264856	0
626.15	0	.5328406	.2407066	.2264528	0
625.15	0	.5328373	.2407426	.22642	0
624.15	0	.5328338	.2407789	.2263873	0
623.15	0	.5328299	.2408155	.2263545	0
622.15	0	.5328259	.2408524	.2263217	0
621.15	0	.5328215	.2408896	.226289	0
620.15	0	.5328169	.240927	.2262562	0
619.15	0	.532812	.2409646	.2262234	0
618.15	0	.5328068	.2410025	.2261906	0
617.15	0	.5328014	.2410407	.2261579	0
616.15	0	.5327958	.2410791	.2261251	0
615.15	0	.5327899	.2411178	.2260923	0
614.15	0	.5327837	.2411567	.2260595	0
613.15	0	.5327773	.2411959	.2260268	0
612.15	0	.5327707	.2412353	.225994	0
611.15	0	.5327638	.2412749	.2259613	0
610.15	0	.5327567	.2413148	.2259285	0
609.15	0	.5327494	.2413548	.2258958	0
608.15	0	.5327418	.2413952	.225863	0
607.15	0	.532734	.2414357	.2258303	0
606.15	0	.532726	.2414764	.2257976	0
605.15	0	.5327178	.2415174	.2257649	0
604.15	0	.5327093	.2415585	.2257322	0
603.15	0	.5327006	.2415999	.2256995	0
602.15	0	.5326917	.2416415	.2256668	0
601.15	0	.5326826	.2416832	.2256342	0
600.15	0	.5326733	.2417252	.2256015	0
599.15	0	.5326638	.2417673	.2255689	0
598.15	0	.5326541	.2418097	.2255362	0
597.15	0	.5326442	.2418522	.2255036	0
596.15	0	.5326341	.2418949	.225471	0
595.15	0	.5326238	.2419378	.2254384	0
594.15	0	.5326133	.2419809	.2254059	0
593.15	0	.5326026	.2420241	.2253733	0
592.15	0	.5325917	.2420675	.2253408	0
591.15	0	.5325806	.2421111	.2253083	0
590.15	0	.5325694	.2421549	.2252757	0
589.15	0	.532558	.2421988	.2252433	0
588.15	0	.5325463	.2422429	.2252108	0
587.15	0	.5325346	.2422871	.2251784	0
586.15	0	.5325226	.2423314	.2251459	0
585.15	0	.5325105	.242376	.2251135	0
584.15	0	.5324982	.2424206	.2250812	0
583.15	0	.5324858	.2424654	.2250488	0
582.15	0	.5324731	.2425104	.2250165	0
581.15	0	.5324604	.2425555	.2249842	0
580.15	0	.5324474	.2426007	.2249519	0
579.15	0	.5324343	.2426461	.2249196	0
578.15	0	.5324211	.2426916	.2248874	0
577.15	0	.5324077	.2427372	.2248552	0
576.15	0	.5323941	.2427829	.224823	0
575.15	0	.5323804	.2428288	.2247908	0
574.15	0	.5323665	.2428747	.2247587	0
573.15	0	.5323525	.2429208	.2247266	0
572.15	0	.5323384	.242967	.2246945	0
571.15	0	.5323241	.2430134	.2246625	0
570.15	0	.5323097	.2430598	.2246305	0
569.15	0	.5322952	.2431063	.2245985	0
568.15	0	.5322805	.2431529	.2245666	0
567.15	0	.5322657	.2431997	.2245347	0
566.15	0	.5322507	.2432465	.2245028	0
565.15	0	.5322356	.2432934	.224471	0
564.15	0	.5322204	.2433404	.2244392	0
563.15	0	.5322051	.2433875	.2244074	0
562.15	0	.5321897	.2434347	.2243757	0
561.15	0	.5321741	.243482	.2243439	0
560.15	0	.5321584	.2435293	.2243123	0
559.15	0	.5321426	.2435768	.2242806	0
558.15	0	.5321267	.2436243	.2242491	0
557.15	0	.5321106	.2436719	.2242175	0
556.15	0	.5320945	.2437195	.224186	0
555.15	0	.5320782	.2437672	.2241545	0
554.15	0	.5320619	.243815	.2241231	0
553.15	0	.5320454	.2438629	.2240917	0
552.15	0	.5320288	.2439108	.2240604	0
551.15	0	.5320122	.2439588	.2240291	0
550.15	0	.5319954	.2440068	.2239978	0
549.15	0	.5319785	.2440549	.2239666	0
548.15	0	.5319616	.244103	.2239354	0
547.15	0	.5319445	.2441512	.2239043	0
546.15	0	.5319274	.2441995	.2238732	0
545.15	0	.5319101	.2442477	.2238421	0
544.15	0	.5318928	.2442961	.2238112	0
543.15	0	.5318753	.2443445	.2237802	0
542.15	0	.5318578	.2443929	.2237493	0
541.15	0	.5318402	.2444413	.2237185	0
540.15	0	.5318226	.2444898	.2236877	0
539.15	0	.5318048	.2445383	.2236569	0
538.15	0	.5317869	.2445869	.2236262	0
537.15	0	.531769	.2446354	.2235956	0
536.15	0	.531751	.244684	.223565	0
535.15	0	.5317329	.2447326	.2235344	0
534.15	0	.5317148	.2447813	.2235039	0
533.15	0	.5316966	.24483	.2234735	0
532.15	0	.5316783	.2448786	.2234431	0
531.15	0	.5316599	.2449273	.2234128	0
530.15	0	.5316415	.244976	.2233825	0
529.15	0	.531623	.2450248	.2233523	0
528.15	0	.5316044	.2450735	.2233221	0
527.15	0	.5315858	.2451222	.223292	0
526.15	0	.5315671	.245171	.223262	0
525.15	0	.5315483	.2452197	.223232	0
524.15	0	.5315295	.2452685	.223202	0
523.15	0	.5315106	.2453172	.2231722	0
522.15	0	.5314917	.245366	.2231423	0
521.15	0	.5314727	.2454147	.2231126	0
520.15	0	.5314537	.2454635	.2230829	0
519.15	0	.5314346	.2455122	.2230532	0
518.15	0	.5314154	.2455609	.2230237	0
517.15	0	.5313962	.2456096	.2229942	0
516.15	0	.531377	.2456583	.2229647	0
515.15	0	.5313577	.245707	.2229353	0
514.15	0	.5313384	.2457556	.222906	0
513.15	0	.531319	.2458043	.2228768	0
512.15	0	.5312995	.2458529	.2228476	0
511.15	0	.5312801	.2459015	.2228185	0
510.15	0	.5312606	.24595	.2227894	0
509.15	0	.531241	.2459986	.2227604	0
508.15	0	.5312214	.2460471	.2227315	0
507.15	0	.5312018	.2460956	.2227027	0
506.15	0	.5311821	.246144	.2226739	0
505.15	0	.5311624	.2461924	.2226452	0
504.15	0	.5311427	.2462408	.2226165	0
503.15	0	.5311229	.2462892	.2225879	0
502.15	0	.5311031	.2463375	.2225594	0
501.15	0	.5310833	.2463857	.222531	0
500.15	0	.5310634	.2464339	.2225026	0
499.15	0	.5310435	.2464821	.2224744	0
498.15	0	.5310236	.2465303	.2224461	0
497.15	0	.5310037	.2465783	.222418	0
496.15	0	.5309837	.2466264	.2223899	0
495.15	0	.5309639	.2466743	.2223618	0
494.15	0	.5309438	.2467223	.2223339	0
493.15	0	.5309238	.2467701	.222306	0
492.15	0	.5309038	.246818	.2222783	0
491.15	0	.5308837	.2468657	.2222506	0
490.15	0	.5308636	.2469134	.222223	0
489.15	0	.5308435	.2469611	.2221954	0
488.15	0	.5308234	.2470087	.222168	0
487.15	0	.5308032	.2470562	.2221406	0
486.15	0	.5307831	.2471037	.2221133	0
485.15	0	.5307629	.247151	.2220861	0
484.15	0	.5307427	.2471984	.222059	0
483.15	0	.5307225	.2472456	.2220319	0
482.15	0	.5307023	.2472928	.2220049	0
481.15	0	.5306821	.2473399	.221978	0
480.15	0	.5306618	.2473869	.2219512	0
479.15	0	.5306416	.2474339	.2219245	0
478.15	0	.5306214	.2474808	.2218978	0
477.15	0	.5306011	.2475276	.2218713	0
476.15	0	.5305809	.2475743	.2218448	0
475.15	0	.5305606	.247621	.2218184	0
474.15	0	.5305404	.2476675	.2217921	0
473.15	0	.5305201	.247714	.2217659	0
472.15	0	.5304998	.2477604	.2217397	0
471.15	0	.5304796	.2478067	.2217137	0
470.15	0	.5304593	.2478529	.2216877	0
469.15	0	.5304391	.2478991	.2216619	0
468.3031	0	.5304219	.2479381	.22164	0
468.3031	0	.5304219	.2479381	.22164	0
468.3031	0	.5304219	.2479381	.22164	0
468.15	0	.5304564	.2478587	.2215947	9.027149E-05
467.15	0	.5306807	.2473408	.2212992	6.793026E-04
466.15	0	.5309041	.2468245	.2210043	.001267082
465.15	0	.5311265	.2463097	.2207102	.001853622
464.15	0	.5313479	.2457964	.2204168	.002438932
463.15	0	.5315683	.2452846	.2201241	.003023023
462.15	0	.5317878	.2447743	.219832	.003605907
461.15	0	.5320064	.2442654	.2195407	.004187593
460.15	0	.532224	.2437579	.21925	.004768093
459.15	0	.5324408	.2432519	.21896	.005347416
458.15	0	.5326566	.2427472	.2186707	.005925574
457.15	0	.5328715	.2422439	.218382	.006502576
456.15	0	.5330856	.241742	.218094	.007078432
455.15	0	.5332988	.2412414	.2178067	.007653154
454.15	0	.5335112	.2407421	.21752	.008226749
453.15	0	.5337227	.2402441	.2172339	.008799229
452.15	0	.5339335	.2397474	.2169485	.009370604
451.15	0	.5341434	.239252	.2166638	.009940882
450.15	0	.5343525	.2387578	.2163797	.01051007
449.15	0	.5345608	.2382648	.2160962	.0110782
448.15	0	.5347684	.237773	.2158133	.01164526
447.15	0	.5349752	.2372824	.2155311	.01221127
446.15	0	.5351813	.236793	.2152495	.01277623
445.15	0	.5353866	.2363047	.2149685	.01334016
444.15	0	.5355913	.2358175	.2146882	.01390306
443.15	0	.5357952	.2353314	.2144084	.01446495
442.15	0	.5359985	.2348465	.2141292	.01502583
441.15	0	.536201	.2343626	.2138507	.01558572
440.15	0	.5364029	.2338797	.2135727	.01614462
439.15	0	.5366042	.2333979	.2132954	.01670254
438.15	0	.5368048	.2329171	.2130186	.01725951
437.15	0	.5370048	.2324372	.2127425	.01781551
436.15	0	.5372042	.2319584	.2124669	.01837057
435.15	0	.537403	.2314805	.2121919	.01892468
434.15	0	.5376012	.2310035	.2119175	.01947787
