T	 BPW(LIQUID)	BPW(BCC_A2)	BPW(FCC_A1)	BPW(LAVES_PHASE_C14)	BPW(NI3TI)
1473.15	.388156	.4159968	0	.1958472	0
1472.15	.3818252	.4202372	0	.1979375	0
1471.15	.3756116	.4243956	0	.1999928	0
1470.15	.369512	.4284741	0	.2020139	0
1469.15	.3635233	.4324748	0	.2040019	0
1468.15	.3576427	.4363998	0	.2059576	0
1467.15	.3518672	.440251	0	.2078819	0
1466.15	.3461942	.4440303	0	.2097756	0
1465.15	.3406209	.4477395	0	.2116396	0
1464.15	.3351449	.4513805	0	.2134746	0
1463.15	.3297636	.454955	0	.2152815	0
1462.15	.3244747	.4584645	0	.2170608	0
1461.15	.3192757	.4619108	0	.2188135	0
1460.15	.3141646	.4652953	0	.2205401	0
1459.15	.3091391	.4686196	0	.2222413	0
1458.15	.3041971	.4718852	0	.2239177	0
1457.15	.2993366	.4750934	0	.22557	0
1456.15	.2945556	.4782456	0	.2271988	0
1455.15	.2898522	.4813432	0	.2288046	0
1454.15	.2852245	.4843874	0	.2303881	0
1453.15	.2806708	.4873795	0	.2319497	0
1452.15	.2761892	.4903208	0	.23349	0
1451.15	.2717782	.4932123	0	.2350096	0
1450.15	.2674361	.4960552	0	.2365088	0
1449.15	.2631612	.4988506	0	.2379882	0
1448.15	.2589521	.5015996	0	.2394483	0
1447.15	.2548072	.5043032	0	.2408895	0
1446.15	.2507252	.5069626	0	.2423123	0
1445.15	.2467045	.5095785	0	.2437171	0
1444.15	.2427438	.512152	0	.2451042	0
1443.15	.2388418	.5146841	0	.2464741	0
1442.15	.2349972	.5171755	0	.2478273	0
1441.15	.2312088	.5196273	0	.249164	0
1440.15	.2274752	.5220402	0	.2504846	0
1439.15	.2237954	.5244151	0	.2517895	0
1438.15	.2201681	.5267527	0	.2530791	0
1437.15	.2165923	.529054	0	.2543537	0
1436.15	.2130669	.5313196	0	.2556135	0
1435.15	.2095907	.5335502	0	.256859	0
1434.15	.2061629	.5357467	0	.2580905	0
1433.15	.2027822	.5379096	0	.2593081	0
1432.15	.1994479	.5400398	0	.2605124	0
1431.15	.1961588	.5421378	0	.2617034	0
1430.15	.1929142	.5442043	0	.2628815	0
1429.15	.1897131	.5462399	0	.264047	0
1428.15	.1865546	.5482453	0	.2652001	0
1427.15	.1834378	.5502211	0	.2663411	0
1426.15	.1803619	.5521678	0	.2674703	0
1425.15	.1773262	.554086	0	.2685878	0
1424.15	.1743298	.5559763	0	.2696939	0
1423.15	.1713719	.5578392	0	.2707889	0
1422.15	.1684518	.5596752	0	.271873	0
1421.15	.1655687	.5614849	0	.2729463	0
1420.15	.162722	.5632688	0	.2740092	0
1419.15	.159911	.5650273	0	.2750617	0
1418.15	.1571348	.566761	0	.2761042	0
1417.15	.154393	.5684702	0	.2771368	0
1416.15	.1516848	.5701555	0	.2781596	0
1415.15	.1490097	.5718174	0	.279173	0
1414.15	.1463669	.5734561	0	.280177	0
1413.15	.1437559	.5750722	0	.2811719	0
1412.15	.1411761	.5766661	0	.2821578	0
1411.15	.1386269	.5782382	0	.2831349	0
1410.15	.1361078	.5797888	0	.2841033	0
1409.15	.1336183	.5813185	0	.2850633	0
1408.15	.1311577	.5828274	0	.2860149	0
1407.15	.1287255	.5843161	0	.2869584	0
1406.15	.1263213	.5857848	0	.2878939	0
1405.15	.1239446	.587234	0	.2888215	0
1404.15	.1215948	.5886639	0	.2897413	0
1403.15	.1192715	.590075	0	.2906536	0
1402.15	.1169742	.5914675	0	.2915584	0
1401.15	.1147024	.5928417	0	.2924559	0
1400.15	.1124558	.594198	0	.2933462	0
1399.15	.1102339	.5955367	0	.2942294	0
1398.15	.1080362	.5968581	0	.2951057	0
1397.15	.1058623	.5981625	0	.2959752	0
1396.15	.1037119	.5994501	0	.296838	0
1395.15	.1015845	.6007213	0	.2976942	0
1394.15	.09947981	.6019763	0	.2985439	0
1393.15	.09739732	.6032154	0	.2993873	0
1392.15	.09533673	.6044389	0	.3002244	0
1391.15	.09329765	.605647	0	.3010554	0
1390.15	.09127974	.6068399	0	.3018803	0
1389.15	.08928264	.608018	0	.3026994	0
1388.15	.08730602	.6091815	0	.3035125	0
1387.15	.08534952	.6103305	0	.30432	0
1386.15	.08341284	.6114654	0	.3051218	0
1385.15	.08149564	.6125864	0	.305918	0
1384.15	.07959761	.6136936	0	.3067088	0
1383.15	.07771844	.6147874	0	.3074942	0
1382.15	.07585782	.6158679	0	.3082743	0
1381.15	.07401547	.6169353	0	.3090492	0
1380.15	.07219109	.6179899	0	.309819	0
1379.15	.0703844	.6190318	0	.3105838	0
1378.15	.06859512	.6200613	0	.3113436	0
1377.15	.06682298	.6210785	0	.3120986	0
1376.15	.0650677	.6220836	0	.3128487	0
1375.15	.06332903	.6230768	0	.3135941	0
1374.15	.0616067	.6240584	0	.3143349	0
1373.15	.05990048	.6250284	0	.3150711	0
1372.15	.05821009	.6259871	0	.3158028	0
1371.15	.05653532	.6269346	0	.3165301	0
1370.15	.05487592	.6278711	0	.317253	0
1369.15	.05323165	.6287968	0	.3179715	0
1368.15	.05160228	.6297118	0	.3186859	0
1367.15	.0499876	.6306163	0	.3193961	0
1366.15	.04838738	.6315105	0	.3201021	0
1365.15	.04680141	.6323944	0	.3208042	0
1364.15	.04522947	.6332684	0	.3215022	0
1363.15	.04367136	.6341324	0	.3221963	0
1362.15	.04212687	.6349866	0	.3228865	0
1361.15	.04059579	.6358313	0	.3235729	0
1360.15	.03907795	.6366665	0	.3242556	0
1359.15	.03757313	.6374923	0	.3249345	0
1358.15	.03608116	.638309	0	.3256098	0
1357.15	.03460185	.6391166	0	.3262815	0
1356.15	.033135	.6399153	0	.3269497	0
1355.15	.03168045	.6407052	0	.3276144	0
1354.15	.03023803	.6414864	0	.3282756	0
1353.15	.02880754	.6422591	0	.3289334	0
1352.15	.02738883	.6430233	0	.3295879	0
1351.15	.02598173	.6437792	0	.330239	0
1350.15	.02458607	.644527	0	.330887	0
1349.15	.0232017	.6452666	0	.3315317	0
1348.15	.02182845	.6459984	0	.3321732	0
1347.15	.02046617	.6467222	0	.3328116	0
1346.15	.01911471	.6474383	0	.333447	0
1345.15	.01777392	.6481468	0	.3340793	0
1344.15	.01644364	.6488478	0	.3347086	0
1343.15	.01512374	.6495414	0	.3353349	0
1342.15	.01381407	.6502276	0	.3359583	0
1341.15	.01251449	.6509066	0	.3365789	0
1340.15	.01122487	.6515785	0	.3371966	0
1339.15	.009945067	.6522434	0	.3378115	0
1338.15	.008674948	.6529014	0	.3384237	0
1337.15	.007414384	.6535525	0	.3390331	0
1336.15	.006163246	.6541969	0	.3396399	0
1335.15	.004921407	.6548347	0	.3402439	0
1334.15	.003688744	.6554659	0	.3408454	0
1333.15	.002465133	.6560906	0	.3414443	0
1332.15	.001250454	.6567089	0	.3420406	0
1331.15	4.458886E-05	.657321	0	.3426344	0
1331.113	0	.6573436	0	.3426564	0
1331.113	0	.6573436	0	.3426564	0
1330.15	0	.6569414	0	.3430586	0
1329.15	0	.6565247	0	.3434753	0
1328.15	0	.6561089	0	.3438912	0
1327.15	0	.655694	0	.344306	0
1326.15	0	.65528	0	.34472	0
1325.15	0	.654867	0	.345133	0
1324.15	0	.6544549	0	.3455451	0
1323.15	0	.6540437	0	.3459563	0
1322.15	0	.6536335	0	.3463665	0
1321.15	0	.6532241	0	.3467759	0
1320.15	0	.6528157	0	.3471843	0
1319.15	0	.6524082	0	.3475918	0
1318.15	0	.6520016	0	.3479984	0
1317.15	0	.6515959	0	.3484041	0
1316.15	0	.6511911	0	.3488089	0
1315.15	0	.6507872	0	.3492128	0
1314.15	0	.6503843	0	.3496158	0
1313.15	0	.6499822	0	.3500179	0
1312.15	0	.649581	0	.3504191	0
1311.15	0	.6491806	0	.3508194	0
1310.15	0	.6487812	0	.3512188	0
1309.15	0	.6483827	0	.3516173	0
1308.15	0	.647985	0	.352015	0
1307.15	0	.6475882	0	.3524118	0
1306.15	0	.6471923	0	.3528077	0
1305.15	0	.6467973	0	.3532027	0
1304.15	0	.6464031	0	.3535969	0
1303.15	0	.6460098	0	.3539902	0
1302.15	0	.6456174	0	.3543826	0
1301.15	0	.6452258	0	.3547742	0
1300.15	0	.6448351	0	.3551649	0
1299.15	0	.6444453	0	.3555547	0
1298.15	0	.6440563	0	.3559437	0
1297.15	0	.6436681	0	.3563319	0
1296.15	0	.6432809	0	.3567191	0
1295.15	0	.6428944	0	.3571056	0
1294.15	0	.6425088	0	.3574912	0
1293.15	0	.6421241	0	.3578759	0
1292.15	0	.6417401	0	.3582599	0
1291.15	0	.6413571	0	.3586429	0
1290.15	0	.6409748	0	.3590252	0
1289.15	0	.6405934	0	.3594066	0
1288.15	0	.6402128	0	.3597872	0
1287.15	0	.6398331	0	.3601669	0
1286.15	0	.6394542	0	.3605458	0
1285.15	0	.6390761	0	.3609239	0
1284.15	0	.6386988	0	.3613012	0
1283.15	0	.6383223	0	.3616777	0
1282.15	0	.6379467	0	.3620533	0
1281.15	0	.6375718	0	.3624282	0
1280.15	0	.6371978	0	.3628022	0
1279.15	0	.6368246	0	.3631754	0
1278.15	0	.6364522	0	.3635478	0
1277.15	0	.6360806	0	.3639194	0
1276.15	0	.6357098	0	.3642902	0
1275.15	0	.6353398	0	.3646602	0
1274.15	0	.6349706	0	.3650295	0
1273.15	0	.6346021	0	.3653979	0
1272.15	0	.6342345	0	.3657655	0
1271.15	0	.6338677	0	.3661323	0
1270.15	0	.6335016	0	.3664984	0
1269.26	0	.6331766	0	.3668234	0
1269.26	0	.6331766	0	.3668234	0
1269.26	0	.6331766	0	.3668234	0
1269.15	0	.6330477	9.201501E-05	.3668603	0
1268.15	0	.6318805	9.247336E-04	.3671947	0
1267.15	0	.6307165	.001755299	.3675282	0
1266.15	0	.6295555	.002583714	.3678608	0
1265.15	0	.6283977	.003409983	.3681924	0
1264.15	0	.6272428	.004234109	.3685231	0
1263.15	0	.6260911	.005056095	.3688528	0
1262.15	0	.6249424	.005875946	.3691817	0
1261.15	0	.6237968	.006693665	.3695096	0
1260.15	0	.6226542	.007509254	.3698366	0
1259.15	0	.6215146	.008322718	.3701627	0
1258.15	0	.620378	.00913406	.3704879	0
1257.15	0	.6192445	.009943283	.3708122	0
1256.15	0	.618114	.01075039	.3711356	0
1255.15	0	.6169865	.01155538	.3714581	0
1254.15	0	.615862	.01235827	.3717797	0
1253.15	0	.6147405	.01315905	.3721004	0
1252.15	0	.613622	.01395773	.3724203	0
1251.15	0	.6125065	.0147543	.3727392	0
1250.15	0	.6113939	.01554878	.3730573	0
1249.15	0	.6102843	.01634117	.3733745	0
1248.15	0	.6091777	.01713146	.3736908	0
1247.15	0	.608074	.01791967	.3740063	0
1246.15	0	.6069733	.01870579	.3743209	0
1245.15	0	.6058755	.01948984	.3746346	0
1244.15	0	.6047807	.0202718	.3749475	0
1243.15	0	.6036888	.02105169	.3752595	0
1242.15	0	.6025998	.0218295	.3755707	0
1241.15	0	.6015137	.02260524	.375881	0
1240.15	0	.6004306	.02337892	.3761905	0
1239.15	0	.5993503	.02415052	.3764992	0
1238.15	0	.598273	.02492007	.376807	0
1237.15	0	.5971985	.02568756	.3771139	0
1236.15	0	.596127	.02645299	.3774201	0
1235.15	0	.5950583	.02721637	.3777254	0
1234.15	0	.5939925	.02797769	.3780299	0
1233.15	0	.5929295	.02873696	.3783335	0
1232.15	0	.5918695	.02949419	.3786363	0
1231.15	0	.5908123	.03024938	.3789384	0
1230.15	0	.5897579	.03100252	.3792396	0
1229.15	0	.5887064	.03175362	.37954	0
1228.15	0	.5876577	.03250268	.3798396	0
1227.15	0	.5866119	.03324971	.3801384	0
1226.15	0	.5855689	.03399471	.3804364	0
1225.15	0	.5845288	.03473768	.3807335	0
1224.15	0	.5834915	.03547861	.3810299	0
1223.15	0	.5824569	.03621753	.3813255	0
1222.15	0	.5814252	.03695442	.3816203	0
1221.15	0	.5803963	.03768928	.3819144	0
1220.15	0	.5793703	.03842213	.3822076	0
1219.15	0	.578347	.03915296	.3825001	0
1218.15	0	.5773265	.03988178	.3827918	0
1217.15	0	.5763087	.04060858	.3830827	0
1216.15	0	.5752938	.04133337	.3833728	0
1215.15	0	.5742816	.04205615	.3836622	0
1214.15	0	.5732723	.04277692	.3839508	0
1213.15	0	.5722657	.04349569	.3842386	0
1212.15	0	.5712618	.04421246	.3845257	0
1211.15	0	.5702607	.04492722	.384812	0
1210.15	0	.5692624	.04563998	.3850976	0
1209.15	0	.5682668	.04635074	.3853824	0
1208.15	0	.567274	.04705951	.3856665	0
1207.15	0	.5662839	.04776629	.3859498	0
1206.15	0	.5652966	.04847107	.3862324	0
1205.15	0	.5643119	.04917385	.3865142	0
1204.15	0	.56333	.04987465	.3867953	0
1203.15	0	.5623509	.05057346	.3870757	0
1202.15	0	.5613744	.05127028	.3873553	0
1201.15	0	.5604007	.05196512	.3876342	0
1200.15	0	.5594297	.05265798	.3879124	0
1199.15	0	.5584614	.05334885	.3881898	0
1198.15	0	.5574958	.05403774	.3884665	0
1197.15	0	.5565328	.05472465	.3887425	0
1196.15	0	.5555727	.05540959	.3890178	0
1195.15	0	.5546151	.05609254	.3892923	0
1194.15	0	.5536603	.05677352	.3895662	0
1193.15	0	.5527082	.05745253	.3898393	0
1192.15	0	.5517587	.05812957	.3901117	0
1191.15	0	.5508119	.05880463	.3903835	0
1190.15	0	.5498678	.05947772	.3906545	0
1189.15	0	.5489264	.06014884	.3909248	0
1188.15	0	.5479876	.060818	.3911944	0
1187.15	0	.5470515	.06148519	.3914633	0
1186.15	0	.546118	.06215041	.3917316	0
1185.15	0	.5451872	.06281367	.3919991	0
1184.15	0	.5442591	.06347496	.392266	0
1183.15	0	.5433336	.06413429	.3925321	0
1182.15	0	.5424108	.06479165	.3927976	0
1181.15	0	.5414905	.06544706	.3930624	0
1180.15	0	.540573	.06610051	.3933265	0
1179.15	0	.5396581	.06675199	.39359	0
1178.15	0	.5387458	.06740152	.3938527	0
1177.15	0	.5378361	.06804909	.3941148	0
1176.15	0	.5369291	.0686947	.3943762	0
1175.15	0	.5360247	.06933836	.394637	0
1174.15	0	.5351229	.06998006	.3948971	0
1173.15	0	.5342237	.0706198	.3951565	0
1172.15	0	.5333272	.0712576	.3954153	0
1171.15	0	.5324332	.07189343	.3956734	0
1170.15	0	.5315419	.07252732	.3959308	0
1169.15	0	.5306532	.07315925	.3961876	0
1168.15	0	.529767	.07378923	.3964437	0
1167.15	0	.5288835	.07441726	.3966992	0
1166.15	0	.5280026	.07504333	.3969541	0
1165.15	0	.5271243	.07566746	.3972082	0
1164.15	0	.5262486	.07628963	.3974618	0
1163.15	0	.5253755	.07690986	.3977147	0
1162.15	0	.5245049	.07752813	.397967	0
1161.15	0	.523637	.07814446	.3982186	0
1160.15	0	.5227716	.07875884	.3984696	0
1159.15	0	.5219088	.07937126	.3987199	0
1158.15	0	.5210486	.07998174	.3989696	0
1157.15	0	.520191	.08059027	.3992187	0
1156.15	0	.5193359	.08119686	.3994672	0
1155.15	0	.5184835	.08180149	.399715	0
1154.15	0	.5176335	.0824042	.3999623	0
1153.15	0	.5167862	.08300494	.4002089	0
1152.15	0	.5159415	.08360373	.4004548	0
1151.15	0	.5150993	.08420057	.4007002	0
1150.15	0	.5142596	.08479546	.4009449	0
1149.15	0	.5134226	.08538841	.401189	0
1148.15	0	.5125881	.08597941	.4014325	0
1147.15	0	.5117561	.08656846	.4016754	0
1146.15	0	.5109267	.08715556	.4019177	0
1145.15	0	.5100999	.08774071	.4021594	0
1144.15	0	.5092756	.08832392	.4024005	0
1143.15	0	.5084539	.08890517	.4026409	0
1142.15	0	.5076347	.08948448	.4028808	0
1141.15	0	.5068181	.09006183	.4031201	0
1140.15	0	.506004	.09063724	.4033587	0
1139.15	0	.5051925	.0912107	.4035968	0
1138.15	0	.5043835	.0917822	.4038343	0
1137.15	0	.5035771	.09235176	.4040712	0
1136.15	0	.5027732	.09291936	.4043075	0
1135.15	0	.5019718	.09348501	.4045432	0
1134.15	0	.501173	.09404872	.4047783	0
1133.15	0	.5003767	.09461046	.4050128	0
1132.15	0	.499583	.09517026	.4052468	0
1131.15	0	.4987918	.09572809	.4054801	0
1130.15	0	.4980031	.09628398	.4057129	0
1129.15	0	.497217	.09683791	.4059451	0
1128.15	0	.4964334	.09738988	.4061767	0
1127.15	0	.4956523	.0979399	.4064078	0
1126.15	0	.4948738	.09848796	.4066382	0
1125.15	0	.4940978	.09903406	.4068681	0
1124.15	0	.4933243	.0995782	.4070975	0
1123.15	0	.4925534	.1001204	.4073262	0
1122.15	0	.491785	.1006606	.4075544	0
1121.15	0	.4910191	.1011989	.407782	0
1120.15	0	.4902558	.1017352	.4080091	0
1119.15	0	.4894949	.1022695	.4082356	0
1118.15	0	.4887366	.1028019	.4084615	0
1117.15	0	.4879809	.1033323	.4086869	0
1116.15	0	.4872276	.1038607	.4089117	0
1115.15	0	.4864769	.1043872	.4091359	0
1114.15	0	.4857287	.1049117	.4093596	0
1113.15	0	.484983	.1054342	.4095828	0
1112.15	0	.4842399	.1059548	.4098053	0
1111.15	0	.4834993	.1064734	.4100274	0
1110.15	0	.4827612	.10699	.4102488	0
1109.15	0	.4820256	.1075046	.4104698	0
1108.15	0	.4812926	.1080173	.4106902	0
1107.15	0	.480562	.108528	.41091	0
1106.15	0	.479834	.1090367	.4111293	0
1105.15	0	.4791086	.1095434	.411348	0
1104.15	0	.4783856	.1100482	.4115662	0
1103.15	0	.4776652	.1105509	.4117839	0
1102.15	0	.4769473	.1110517	.412001	0
1101.15	0	.4762319	.1115505	.4122176	0
1100.15	0	.4755191	.1120473	.4124336	0
1099.15	0	.4748088	.1125422	.4126491	0
1098.15	0	.474101	.113035	.4128641	0
1097.15	0	.4733957	.1135258	.4130785	0
1096.15	0	.472693	.1140147	.4132924	0
1095.15	0	.4719927	.1145015	.4135058	0
1094.15	0	.471295	.1149864	.4137186	0
1093.15	0	.4705999	.1154692	.4139309	0
1092.15	0	.4699072	.1159501	.4141427	0
1091.15	0	.4692171	.116429	.4143539	0
1090.15	0	.4685296	.1169058	.4145646	0
1089.15	0	.4678445	.1173807	.4147748	0
1088.15	0	.467162	.1178535	.4149845	0
1087.15	0	.4664821	.1183243	.4151936	0
1086.15	0	.4658046	.1187932	.4154023	0
1085.15	0	.4651297	.11926	.4156104	0
1084.15	0	.4644573	.1197248	.4158179	0
1083.15	0	.4637875	.1201875	.416025	0
1082.15	0	.4631202	.1206483	.4162315	0
1081.15	0	.4624554	.121107	.4164376	0
1080.15	0	.4617932	.1215637	.4166431	0
1079.15	0	.4611335	.1220184	.4168481	0
1078.15	0	.4604764	.1224711	.4170525	0
1077.15	0	.4598218	.1229218	.4172565	0
1076.15	0	.4591697	.1233704	.4174599	0
1075.15	0	.4585202	.1238169	.4176629	0
1074.15	0	.4578732	.1242615	.4178653	0
1073.15	0	.4572288	.124704	.4180672	0
1072.15	0	.4565869	.1251444	.4182686	0
1071.15	0	.4559476	.1255829	.4184695	0
1070.15	0	.4553109	.1260192	.4186699	0
1069.15	0	.4546767	.1264536	.4188698	0
1068.15	0	.454045	.1268858	.4190692	0
1067.15	0	.4534159	.1273161	.419268	0
1066.15	0	.4527894	.1277443	.4194664	0
1065.15	0	.4521654	.1281704	.4196642	0
1064.15	0	.451544	.1285944	.4198616	0
1063.15	0	.4509251	.1290165	.4200584	0
1062.15	0	.4503088	.1294364	.4202548	0
1061.15	0	.4496951	.1298543	.4204506	0
1060.15	0	.4490839	.1302701	.420646	0
1059.15	0	.4484753	.1306838	.4208408	0
1058.15	0	.4478693	.1310955	.4210352	0
1057.15	0	.4472659	.1315051	.421229	0
1056.15	0	.446665	.1319126	.4214224	0
1055.15	0	.4460667	.1323181	.4216152	0
1054.15	0	.445471	.1327214	.4218075	0
1053.15	0	.4448779	.1331227	.4219994	0
1052.15	0	.4442874	.1335219	.4221907	0
1051.15	0	.4436994	.133919	.4223816	0
1050.15	0	.4431141	.134314	.422572	0
1049.15	0	.4425313	.1347069	.4227618	0
1048.15	0	.4419511	.1350977	.4229512	0
1047.15	0	.4413735	.1354864	.4231401	0
1046.15	0	.4407986	.135873	.4233284	0
1045.15	0	.4402262	.1362575	.4235163	0
1044.15	0	.4396564	.1366399	.4237037	0
1043.15	0	.4390892	.1370202	.4238906	0
1042.15	0	.4385246	.1373984	.424077	0
1041.15	0	.4379627	.1377744	.4242629	0
1040.15	0	.4374033	.1381484	.4244483	0
1039.15	0	.4368466	.1385202	.4246332	0
1038.15	0	.4362925	.1388899	.4248176	0
1037.15	0	.435741	.1392575	.4250016	0
1036.15	0	.4351921	.1396229	.425185	0
1035.15	0	.4346459	.1399862	.4253679	0
1034.15	0	.4341022	.1403474	.4255504	0
1033.15	0	.4335612	.1407064	.4257324	0
1032.15	0	.4330229	.1410633	.4259138	0
1031.15	0	.4324871	.1414181	.4260948	0
1030.15	0	.431954	.1417707	.4262753	0
1029.15	0	.4314236	.1421211	.4264553	0
1028.15	0	.4308958	.1424694	.4266348	0
1027.15	0	.4303706	.1428156	.4268138	0
1026.15	0	.4298481	.1431596	.4269923	0
1025.15	0	.4293282	.1435015	.4271703	0
1024.15	0	.428811	.1438411	.4273478	0
1023.15	0	.4282965	.1441787	.4275249	0
1022.15	0	.4277846	.144514	.4277014	0
1021.15	0	.4272753	.1448472	.4278775	0
1020.15	0	.4267688	.1451782	.428053	0
1019.15	0	.4262649	.1455071	.4282281	0
1018.15	0	.4257636	.1458337	.4284026	0
1017.15	0	.4252651	.1461582	.4285767	0
1016.15	0	.4247692	.1464806	.4287503	0
1015.15	0	.424276	.1468007	.4289234	0
1014.15	0	.4237854	.1471186	.4290959	0
1013.15	0	.4232976	.1474344	.429268	0
1012.15	0	.4228124	.147748	.4294396	0
1011.15	0	.42233	.1480593	.4296107	0
1010.15	0	.4218502	.1483685	.4297813	0
1009.15	0	.4213731	.1486755	.4299514	0
1008.15	0	.4208987	.1489803	.430121	0
1007.15	0	.420427	.1492829	.43029	0
1006.15	0	.4199581	.1495833	.4304586	0
1005.15	0	.4194918	.1498815	.4306267	0
1004.15	0	.4190282	.1501775	.4307943	0
1003.15	0	.4185674	.1504712	.4309614	0
1002.15	0	.4181092	.1507628	.431128	0
1001.15	0	.4176538	.1510521	.4312941	0
1000.15	0	.4172011	.1513393	.4314596	0
999.15	0	.4167511	.1516242	.4316247	0
998.15	0	.4163038	.1519069	.4317893	0
997.15	0	.4158593	.1521874	.4319533	0
996.15	0	.4154175	.1524657	.4321168	0
995.15	0	.4149784	.1527417	.4322799	0
994.15	0	.414542	.1530156	.4324424	0
993.15	0	.4141084	.1532872	.4326044	0
992.15	0	.4136775	.1535566	.4327659	0
991.15	0	.4132494	.1538237	.4329269	0
990.15	0	.412824	.1540887	.4330873	0
989.15	0	.4124014	.1543514	.4332473	0
988.15	0	.4119815	.1546118	.4334067	0
987.15	0	.4115643	.1548701	.4335656	0
986.15	0	.4111499	.1551261	.433724	0
985.15	0	.4107383	.1553799	.4338819	0
984.15	0	.4103294	.1556315	.4340392	0
983.15	0	.4099232	.1558808	.434196	0
982.15	0	.4095198	.1561279	.4343523	0
981.15	0	.4091192	.1563728	.4345081	0
980.15	0	.4087213	.1566154	.4346633	0
979.15	0	.4083262	.1568558	.434818	0
978.15	0	.4079339	.157094	.4349721	0
977.15	0	.4075443	.15733	.4351258	0
976.15	0	.4071575	.1575637	.4352788	0
975.15	0	.4067734	.1577952	.4354314	0
974.15	0	.4063922	.1580245	.4355834	0
973.15	0	.4060136	.1582515	.4357349	0
972.15	0	.4056379	.1584763	.4358858	0
971.15	0	.4052649	.1586989	.4360361	0
970.15	0	.4048947	.1589193	.436186	0
969.15	0	.4045273	.1591375	.4363352	0
968.15	0	.4041626	.1593534	.4364839	0
967.15	0	.4038007	.1595672	.4366321	0
966.15	0	.4034416	.1597787	.4367797	0
965.15	0	.4030853	.159988	.4369267	0
964.15	0	.4027317	.1601951	.4370732	0
963.15	0	.4023809	.1604	.4372191	0
962.15	0	.4020328	.1606027	.4373645	0
961.15	0	.4016875	.1608032	.4375092	0
960.15	0	.401345	.1610016	.4376534	0
959.15	0	.4010053	.1611977	.4377971	0
958.15	0	.4006683	.1613916	.4379401	0
957.15	0	.4003341	.1615834	.4380825	0
956.15	0	.4000026	.161773	.4382244	0
955.15	0	.3996739	.1619604	.4383657	0
954.15	0	.399348	.1621456	.4385064	0
953.15	0	.3990248	.1623287	.4386465	0
952.15	0	.3987044	.1625097	.438786	0
951.15	0	.3983867	.1626884	.4389249	0
950.15	0	.3980717	.1628651	.4390632	0
949.15	0	.3977595	.1630396	.4392009	0
948.15	0	.3974501	.163212	.439338	0
947.15	0	.3971433	.1633822	.4394744	0
946.15	0	.3968393	.1635504	.4396103	0
945.15	0	.3965381	.1637164	.4397455	0
944.15	0	.3962395	.1638804	.4398801	0
943.15	0	.3959437	.1640423	.4400141	0
942.15	0	.3956506	.1642021	.4401474	0
941.15	0	.3953602	.1643598	.4402801	0
940.15	0	.3950725	.1645154	.4404121	0
939.15	0	.3947874	.164669	.4405435	0
938.15	0	.3945051	.1648206	.4406743	0
937.15	0	.3942254	.1649702	.4408044	0
936.15	0	.3939485	.1651177	.4409338	0
935.15	0	.3936741	.1652633	.4410626	0
934.15	0	.3934025	.1654068	.4411907	0
933.15	0	.3931335	.1655484	.4413182	0
932.15	0	.3928671	.165688	.4414449	0
931.15	0	.3926034	.1658257	.441571	0
930.15	0	.3923422	.1659614	.4416964	0
929.15	0	.3920837	.1660952	.4418211	0
928.15	0	.3918278	.1662271	.4419451	0
927.15	0	.3915745	.1663571	.4420683	0
926.15	0	.3913238	.1664853	.4421909	0
925.15	0	.3910756	.1666116	.4423128	0
924.15	0	.39083	.1667361	.4424339	0
923.15	0	.3905869	.1668588	.4425544	0
922.15	0	.3903463	.1669796	.442674	0
921.15	0	.3901083	.1670987	.442793	0
920.15	0	.3898728	.1672161	.4429112	0
919.15	0	.3896397	.1673317	.4430286	0
918.15	0	.3894091	.1674456	.4431453	0
917.15	0	.389181	.1675578	.4432613	0
916.15	0	.3889553	.1676683	.4433764	0
915.15	0	.388732	.1677772	.4434908	0
914.15	0	.3885111	.1678845	.4436044	0
913.15	0	.3882926	.1679902	.4437172	0
912.15	0	.3880765	.1680944	.4438292	0
911.15	0	.3878627	.168197	.4439404	0
910.15	0	.3876512	.1682981	.4440507	0
909.15	0	.387442	.1683977	.4441603	0
908.15	0	.3872351	.1684959	.444269	0
907.15	0	.3870304	.1685927	.4443769	0
906.15	0	.386828	.1686881	.4444839	0
905.15	0	.3866278	.1687821	.4445901	0
904.15	0	.3864297	.1688749	.4446954	0
903.15	0	.3862338	.1689663	.4447998	0
902.15	0	.3860401	.1690565	.4449034	0
901.15	0	.3858484	.1691456	.445006	0
900.15	0	.3856588	.1692334	.4451078	0
899.15	0	.3854712	.1693201	.4452087	0
898.15	0	.3852857	.1694057	.4453086	0
897.15	0	.3851021	.1694903	.4454076	0
896.15	0	.3849205	.1695739	.4455056	0
895.15	0	.3847407	.1696566	.4456027	0
894.15	0	.3845629	.1697383	.4456988	0
893.15	0	.3843868	.1698192	.445794	0
892.15	0	.3842126	.1698992	.4458881	0
891.15	0	.3840402	.1699786	.4459813	0
890.15	0	.3838694	.1700572	.4460735	0
889.15	0	.3837003	.1701351	.4461646	0
888.15	0	.3835329	.1702124	.4462547	0
887.15	0	.383367	.1702893	.4463437	0
886.15	0	.3832027	.1703656	.4464317	0
885.15	0	.3830399	.1704415	.4465186	0
884.15	0	.3828786	.170517	.4466044	0
883.15	0	.3827186	.1705923	.4466891	0
882.15	0	.38256	.1706673	.4467727	0
881.15	0	.3824027	.1707422	.4468551	0
880.15	0	.3822467	.170817	.4469364	0
879.15	0	.3820918	.1708918	.4470165	0
878.15	0	.381938	.1709666	.4470954	0
877.15	0	.3817853	.1710416	.4471731	0
876.15	0	.3816336	.1711168	.4472496	0
875.15	0	.3814829	.1711923	.4473249	0
874.15	0	.381333	.1712682	.4473989	0
873.15	0	.3811839	.1713445	.4474716	0
872.15	0	.3810356	.1714215	.447543	0
871.15	0	.3808879	.1714991	.4476131	0
870.15	0	.3807408	.1715775	.4476818	0
869.15	0	.3805942	.1716567	.4477492	0
868.15	0	.380448	.1717369	.4478151	0
867.15	0	.3803021	.1718182	.4478797	0
866.15	0	.3801565	.1719007	.4479428	0
865.15	0	.380011	.1719845	.4480045	0
864.15	0	.3798656	.1720698	.4480646	0
863.15	0	.3797202	.1721566	.4481233	0
862.15	0	.3795746	.1722451	.4481803	0
861.15	0	.3794287	.1723354	.4482358	0
860.15	0	.3792825	.1724277	.4482897	0
859.15	0	.3791359	.1725222	.4483419	0
858.15	0	.3789886	.1726189	.4483925	0
857.15	0	.3788406	.1727181	.4484413	0
856.15	0	.3786917	.1728199	.4484884	0
855.15	0	.3785419	.1729245	.4485336	0
854.15	0	.3783909	.1730321	.448577	0
853.15	0	.3782387	.1731428	.4486185	0
852.15	0	.378085	.1732569	.4486581	0
851.15	0	.3779297	.1733746	.4486957	0
850.15	0	.3777726	.1734962	.4487313	0
849.15	0	.3776135	.1736218	.4487647	0
848.15	0	.3774523	.1737517	.4487961	0
847.15	0	.3772887	.1738862	.4488252	0
846.15	0	.3771225	.1740255	.448852	0
845.15	0	.3769536	.17417	.4488765	0
844.15	0	.3767815	.17432	.4488985	0
843.15	0	.3766062	.1744757	.4489181	0
842.15	0	.3764273	.1746377	.448935	0
841.15	0	.3762445	.1748061	.4489493	0
840.15	0	.3760576	.1749816	.4489609	0
839.15	0	.3758661	.1751644	.4489695	0
838.15	0	.3756697	.1753551	.4489752	0
837.15	0	.3754681	.1755542	.4489778	0
836.15	0	.3752608	.1757622	.4489771	0
835.15	0	.3750473	.1759797	.448973	0
834.15	0	.3748272	.1762073	.4489655	0
833.15	0	.3746	.1764459	.4489542	0
832.15	0	.374365	.176696	.448939	0
831.15	0	.3741216	.1769587	.4489198	0
830.15	0	.3738691	.1772347	.4488962	0
829.15	0	.3734348	.1777393	.448826	0
828.15	0	.3728318	.1784577	.4487106	0
827.15	0	.372276	.1791212	.4486028	0
826.15	0	.3717627	.1797356	.4485017	0
825.15	0	.3712879	.1803055	.4484066	0
824.15	0	.3708479	.1808353	.4483168	0
823.15	0	.3704398	.1813283	.4482318	0
822.15	0	.3700609	.1817879	.4481512	0
821.15	0	.3697087	.1822168	.4480744	0
820.15	0	.3693812	.1826175	.4480013	0
819.15	0	.3690765	.1829921	.4479313	0
818.15	0	.3687929	.1833427	.4478644	0
817.15	0	.3685288	.183671	.4478002	0
816.15	0	.3682828	.1839787	.4477385	0
815.15	0	.3680538	.1842671	.4476791	0
814.15	0	.3678405	.1845376	.4476219	0
813.15	0	.3676418	.1847915	.4475667	0
812.15	0	.3674569	.1850299	.4475133	0
811.15	0	.3672848	.1852536	.4474616	0
810.15	0	.3671247	.1854638	.4474115	0
809.15	0	.3669759	.1856613	.4473628	0
808.15	0	.3668376	.1858468	.4473156	0
807.15	0	.3667093	.1860211	.4472696	0
806.15	0	.3665902	.1861849	.4472249	0
805.15	0	.3664799	.1863388	.4471813	0
804.15	0	.3663778	.1864834	.4471387	0
803.15	0	.3662835	.1866193	.4470972	0
802.15	0	.3661964	.186747	.4470566	0
801.15	0	.3661162	.186867	.4470168	0
800.15	0	.3660424	.1869797	.4469779	0
799.15	0	.3659747	.1870855	.4469398	0
798.15	0	.3659127	.1871849	.4469024	0
797.15	0	.3658561	.1872782	.4468657	0
796.15	0	.3658046	.1873658	.4468296	0
795.15	0	.3657579	.1874479	.4467942	0
794.15	0	.3657158	.1875249	.4467593	0
793.15	0	.3656779	.1875972	.446725	0
792.15	0	.365644	.1876649	.4466912	0
791.15	0	.3656139	.1877283	.4466578	0
790.15	0	.3655874	.1877876	.446625	0
789.15	0	.3655642	.1878432	.4465926	0
788.15	0	.3655443	.1878952	.4465606	0
787.15	0	.3655273	.1879437	.446529	0
786.15	0	.3655131	.1879891	.4464978	0
785.15	0	.3655016	.1880315	.4464669	0
784.15	0	.3654926	.188071	.4464363	0
783.15	0	.365486	.1881079	.4464061	0
782.15	0	.3654816	.1881422	.4463762	0
781.15	0	.3654792	.1881742	.4463466	0
780.15	0	.3654788	.188204	.4463172	0
779.15	0	.3654803	.1882316	.4462881	0
778.15	0	.3654835	.1882573	.4462592	0
777.15	0	.3654883	.1882811	.4462306	0
776.15	0	.3654947	.1883032	.4462022	0
775.15	0	.3655024	.1883236	.446174	0
774.15	0	.3655115	.1883425	.446146	0
773.15	0	.3655219	.18836	.4461181	0
772.15	0	.3655334	.1883761	.4460905	0
771.15	0	.365546	.188391	.446063	0
770.15	0	.3655597	.1884046	.4460357	0
769.15	0	.3655742	.1884172	.4460085	0
768.15	0	.3655897	.1884288	.4459815	0
767.15	0	.365606	.1884394	.4459546	0
766.15	0	.365623	.1884491	.4459279	0
765.15	0	.3656407	.188458	.4459013	0
764.15	0	.3656591	.1884662	.4458747	0
763.15	0	.3656781	.1884736	.4458483	0
762.15	0	.3656976	.1884804	.445822	0
761.15	0	.3657176	.1884866	.4457958	0
760.15	0	.3657381	.1884922	.4457697	0
759.15	0	.3657589	.1884974	.4457437	0
758.15	0	.3657802	.1885021	.4457177	0
757.15	0	.3658018	.1885064	.4456919	0
756.15	0	.3658236	.1885103	.4456661	0
755.15	0	.3658458	.1885139	.4456404	0
754.15	0	.36587	.1885157	.4456142	0
753.15	0	.3658925	.1885189	.4455887	0
752.15	0	.365915	.1885218	.4455632	0
751.15	0	.3659378	.1885245	.4455377	0
750.15	0	.3659606	.1885271	.4455123	0
749.15	0	.3659836	.1885295	.4454869	0
748.15	0	.3660067	.1885317	.4454616	0
747.15	0	.3660297	.1885339	.4454363	0
746.15	0	.3660528	.1885361	.4454111	0
745.15	0	.366076	.1885382	.4453859	0
744.15	0	.3660991	.1885403	.4453607	0
743.15	0	.3661221	.1885423	.4453356	0
742.15	0	.3661451	.1885444	.4453104	0
741.15	0	.3661681	.1885466	.4452853	0
740.15	0	.366191	.1885488	.4452603	0
739.15	0	.3662137	.1885511	.4452352	0
738.15	0	.3662364	.1885535	.4452102	0
737.15	0	.3662589	.1885559	.4451851	0
736.15	0	.3662813	.1885586	.4451601	0
735.15	0	.3663036	.1885613	.4451351	0
734.15	0	.3663256	.1885642	.4451102	0
733.15	0	.3663475	.1885673	.4450852	0
732.15	0	.3663692	.1885705	.4450602	0
731.15	0	.3663908	.188574	.4450353	0
730.15	0	.3664121	.1885776	.4450103	0
729.15	0	.3664332	.1885815	.4449854	0
728.15	0	.3664541	.1885855	.4449604	0
727.15	0	.3664747	.1885898	.4449355	0
726.15	0	.3664952	.1885943	.4449105	0
725.15	0	.3665154	.1885991	.4448856	0
724.15	0	.3665353	.1886041	.4448606	0
723.15	0	.366555	.1886094	.4448357	0
722.15	0	.3665744	.1886149	.4448107	0
721.15	0	.3665935	.1886207	.4447858	0
720.15	0	.3666124	.1886268	.4447608	0
719.15	0	.366631	.1886331	.4447359	0
718.15	0	.3666494	.1886397	.4447109	0
717.15	0	.3666674	.1886467	.4446859	0
716.15	0	.3666852	.1886539	.4446609	0
715.15	0	.3667027	.1886614	.4446359	0
714.15	0	.3667199	.1886693	.4446109	0
713.15	0	.3667368	.1886774	.4445859	0
712.15	0	.3667534	.1886858	.4445608	0
711.15	0	.3667697	.1886946	.4445358	0
710.15	0	.3667857	.1887036	.4445107	0
709.15	0	.3668013	.188713	.4444857	0
708.15	0	.3668167	.1887227	.4444606	0
707.15	0	.3668318	.1887327	.4444355	0
706.15	0	.3668466	.1887431	.4444104	0
705.15	0	.366861	.1887537	.4443853	0
704.15	0	.3668752	.1887647	.4443601	0
703.15	0	.366889	.188776	.444335	0
702.15	0	.3669026	.1887876	.4443098	0
701.15	0	.3669158	.1887996	.4442846	0
700.15	0	.3669287	.1888119	.4442594	0
699.15	0	.3669413	.1888245	.4442342	0
698.15	0	.3669536	.1888375	.444209	0
697.15	0	.3669656	.1888508	.4441837	0
696.15	0	.3669772	.1888644	.4441584	0
695.15	0	.3669886	.1888783	.4441332	0
694.15	0	.3669996	.1888926	.4441079	0
693.15	0	.3670103	.1889072	.4440825	0
692.15	0	.3670207	.1889221	.4440572	0
691.15	0	.3670308	.1889373	.4440319	0
690.15	0	.3670406	.1889529	.4440065	0
689.15	0	.3670501	.1889688	.4439811	0
688.15	0	.3670593	.188985	.4439557	0
687.15	0	.3670681	.1890016	.4439303	0
686.15	0	.3670767	.1890185	.4439048	0
685.15	0	.367085	.1890357	.4438794	0
684.15	0	.3670929	.1890532	.4438539	0
683.15	0	.3671006	.1890711	.4438284	0
682.15	0	.3671079	.1890892	.4438029	0
681.15	0	.367115	.1891077	.4437773	0
680.15	0	.3671217	.1891265	.4437518	0
679.15	0	.3671282	.1891456	.4437262	0
678.15	0	.3671343	.1891651	.4437006	0
677.15	0	.3671402	.1891848	.443675	0
676.15	0	.3671458	.1892048	.4436494	0
675.15	0	.367151	.1892252	.4436238	0
674.15	0	.367156	.1892459	.4435981	0
673.15	0	.3671607	.1892669	.4435724	0
672.15	0	.3671651	.1892881	.4435467	0
671.15	0	.3671693	.1893097	.443521	0
670.15	0	.3671731	.1893316	.4434953	0
669.15	0	.3671767	.1893538	.4434696	0
668.15	0	.36718	.1893763	.4434438	0
667.15	0	.367183	.1893991	.443418	0
666.15	0	.3671857	.1894221	.4433922	0
665.15	0	.3671881	.1894455	.4433664	0
664.15	0	.3671903	.1894691	.4433406	0
663.15	0	.3671922	.1894931	.4433147	0
662.15	0	.3671939	.1895173	.4432889	0
661.15	0	.3671952	.1895418	.443263	0
660.15	0	.3671963	.1895666	.4432371	0
659.15	0	.3671972	.1895917	.4432112	0
658.15	0	.3671978	.189617	.4431852	0
657.15	0	.3671981	.1896426	.4431593	0
656.15	0	.3671982	.1896685	.4431334	0
655.15	0	.3671979	.1896947	.4431074	0
654.15	0	.3671975	.1897211	.4430814	0
653.15	0	.3671968	.1897478	.4430554	0
652.15	0	.3671959	.1897748	.4430294	0
651.15	0	.3671947	.189802	.4430034	0
650.15	0	.3671932	.1898295	.4429773	0
649.15	0	.3671915	.1898572	.4429513	0
648.15	0	.3671896	.1898852	.4429252	0
647.15	0	.3671874	.1899135	.4428991	0
646.15	0	.367185	.189942	.442873	0
645.15	0	.3671824	.1899707	.4428469	0
644.15	0	.3671795	.1899997	.4428208	0
643.15	0	.3671764	.190029	.4427947	0
642.15	0	.367173	.1900585	.4427685	0
641.15	0	.3671695	.1900882	.4427424	0
640.15	0	.3671657	.1901182	.4427162	0
639.15	0	.3671616	.1901484	.44269	0
638.15	0	.3671574	.1901788	.4426638	0
637.15	0	.3671529	.1902095	.4426376	0
636.15	0	.3671482	.1902404	.4426114	0
635.15	0	.3671433	.1902715	.4425852	0
634.15	0	.3671382	.1903029	.442559	0
633.15	0	.3671328	.1903344	.4425327	0
632.15	0	.3671273	.1903662	.4425065	0
631.15	0	.3671215	.1903982	.4424802	0
630.15	0	.3671156	.1904305	.442454	0
629.15	0	.3671094	.1904629	.4424277	0
628.15	0	.367103	.1904956	.4424014	0
627.15	0	.3670964	.1905284	.4423751	0
626.15	0	.3670896	.1905615	.4423489	0
625.15	0	.3670827	.1905948	.4423226	0
624.15	0	.3670755	.1906283	.4422963	0
623.15	0	.3670681	.190662	.44227	0
622.15	0	.3670605	.1906958	.4422436	0
621.15	0	.3670528	.1907299	.4422173	0
620.15	0	.3670448	.1907642	.442191	0
619.15	0	.3670367	.1907987	.4421647	0
618.15	0	.3670284	.1908333	.4421383	0
617.15	0	.3670199	.1908682	.442112	0
616.15	0	.3670112	.1909032	.4420857	0
615.15	0	.3670023	.1909384	.4420593	0
614.15	0	.3669932	.1909738	.442033	0
613.15	0	.366984	.1910094	.4420066	0
612.15	0	.3669746	.1910451	.4419803	0
611.15	0	.366965	.1910811	.4419539	0
610.15	0	.3669553	.1911172	.4419276	0
609.15	0	.3669454	.1911535	.4419012	0
608.15	0	.3669353	.1911899	.4418748	0
607.15	0	.366925	.1912265	.4418485	0
606.15	0	.3669146	.1912633	.4418221	0
605.15	0	.366904	.1913002	.4417958	0
604.15	0	.3668932	.1913373	.4417694	0
603.15	0	.3668823	.1913746	.4417431	0
602.15	0	.3668713	.191412	.4417167	0
601.15	0	.36686	.1914496	.4416904	0
600.15	0	.3668487	.1914873	.441664	0
599.15	0	.3668371	.1915252	.4416377	0
598.15	0	.3668254	.1915633	.4416113	0
597.15	0	.3668136	.1916014	.441585	0
596.15	0	.3668016	.1916398	.4415586	0
595.15	0	.3667895	.1916782	.4415323	0
594.15	0	.3667772	.1917169	.441506	0
593.15	0	.3667647	.1917556	.4414797	0
592.15	0	.3667522	.1917945	.4414533	0
591.15	0	.3667395	.1918335	.441427	0
590.15	0	.3667266	.1918727	.4414007	0
589.15	0	.3667136	.191912	.4413744	0
588.15	0	.3667005	.1919514	.4413481	0
587.15	0	.3666872	.191991	.4413218	0
586.15	0	.3666738	.1920307	.4412956	0
585.15	0	.3666603	.1920705	.4412693	0
584.15	0	.3666466	.1921104	.441243	0
583.15	0	.3666328	.1921504	.4412168	0
582.15	0	.3666189	.1921906	.4411905	0
581.15	0	.3666048	.1922309	.4411643	0
580.15	0	.3665906	.1922713	.4411381	0
579.15	0	.3665763	.1923118	.4411119	0
578.15	0	.3665619	.1923525	.4410857	0
577.15	0	.3665473	.1923932	.4410595	0
576.15	0	.3665327	.192434	.4410333	0
575.15	0	.3665179	.192475	.4410071	0
574.15	0	.366503	.1925161	.440981	0
573.15	0	.366488	.1925572	.4409548	0
572.15	0	.3664728	.1925985	.4409287	0
571.15	0	.3664576	.1926399	.4409026	0
570.15	0	.3664422	.1926813	.4408765	0
569.15	0	.3664267	.1927229	.4408504	0
568.15	0	.3664111	.1927646	.4408243	0
567.15	0	.3663955	.1928063	.4407982	0
566.15	0	.3663797	.1928482	.4407722	0
565.15	0	.3663637	.1928901	.4407462	0
564.15	0	.3663477	.1929321	.4407202	0
563.15	0	.3663316	.1929742	.4406942	0
562.15	0	.3663154	.1930164	.4406682	0
561.15	0	.3662991	.1930587	.4406422	0
560.15	0	.3662827	.193101	.4406163	0
559.15	0	.3662661	.1931435	.4405904	0
558.15	0	.3662495	.193186	.4405645	0
557.15	0	.3662328	.1932286	.4405386	0
556.15	0	.366216	.1932713	.4405127	0
555.15	0	.3661991	.193314	.4404869	0
554.15	0	.3661821	.1933568	.440461	0
553.15	0	.366165	.1933997	.4404352	0
552.15	0	.3661479	.1934427	.4404095	0
551.15	0	.3661306	.1934857	.4403837	0
550.15	0	.3661133	.1935288	.440358	0
549.15	0	.3660958	.193572	.4403322	0
548.15	0	.3660783	.1936152	.4403066	0
547.15	0	.3660607	.1936585	.4402809	0
546.15	0	.366043	.1937018	.4402552	0
545.15	0	.3660252	.1937452	.4402296	0
544.15	0	.3660074	.1937886	.440204	0
543.15	0	.3659894	.1938322	.4401784	0
542.15	0	.3659714	.1938757	.4401529	0
541.15	0	.3659533	.1939193	.4401274	0
540.15	0	.3659351	.193963	.4401019	0
539.15	0	.3659169	.1940067	.4400764	0
538.15	0	.3658986	.1940505	.440051	0
537.15	0	.3658802	.1940943	.4400256	0
536.15	0	.3658617	.1941382	.4400002	0
535.15	0	.3658431	.194182	.4399748	0
534.15	0	.3658245	.194226	.4399495	0
533.15	0	.3658059	.19427	.4399242	0
532.15	0	.3657871	.194314	.4398989	0
531.15	0	.3657683	.1943581	.4398737	0
530.15	0	.3657494	.1944022	.4398485	0
529.15	0	.3657304	.1944463	.4398233	0
528.15	0	.3657114	.1944905	.4397981	0
527.15	0	.3656923	.1945347	.439773	0
526.15	0	.3656732	.1945789	.4397479	0
525.15	0	.365654	.1946232	.4397229	0
524.15	0	.3656347	.1946675	.4396978	0
523.15	0	.3656154	.1947118	.4396729	0
522.15	0	.365596	.1947561	.4396479	0
521.15	0	.3655765	.1948005	.439623	0
520.15	0	.365557	.1948449	.4395981	0
519.15	0	.3655374	.1948893	.4395733	0
518.15	0	.3655178	.1949338	.4395484	0
517.15	0	.3654981	.1949782	.4395237	0
516.15	0	.3654784	.1950227	.4394989	0
515.15	0	.3654586	.1950672	.4394742	0
514.15	0	.3654388	.1951117	.4394495	0
513.15	0	.3654189	.1951562	.4394249	0
512.15	0	.365399	.1952008	.4394003	0
511.15	0	.365379	.1952453	.4393757	0
510.15	0	.3653589	.1952899	.4393512	0
509.15	0	.3653388	.1953344	.4393267	0
508.15	0	.3653187	.195379	.4393023	0
507.15	0	.3652985	.1954236	.4392779	0
506.15	0	.3652783	.1954682	.4392535	0
505.15	0	.365258	.1955128	.4392292	0
504.15	0	.3652377	.1955574	.4392049	0
503.15	0	.3652173	.195602	.4391807	0
502.15	0	.3651969	.1956466	.4391565	0
501.15	0	.3651765	.1956912	.4391323	0
500.15	0	.3651561	.1957358	.4391081	0
499.15	0	.3651356	.1957804	.439084	0
498.15	0	.365115	.195825	.43906	0
497.15	0	.3650944	.1958696	.439036	0
496.15	0	.3650737	.1959142	.4390121	0
495.15	0	.365053	.1959588	.4389882	0
494.15	0	.3650323	.1960034	.4389643	0
493.15	0	.3650116	.1960479	.4389405	0
492.15	0	.3649908	.1960925	.4389168	0
491.15	0	.36497	.196137	.438893	0
490.15	0	.3649491	.1961816	.4388694	0
489.15	0	.3649282	.1962261	.4388457	0
488.15	0	.3649073	.1962706	.4388222	0
487.15	0	.3648863	.1963151	.4387986	0
486.15	0	.3648653	.1963596	.4387751	0
485.15	0	.3648443	.196404	.4387517	0
484.15	0	.3648232	.1964484	.4387283	0
483.15	0	.3648022	.1964929	.438705	0
482.15	0	.3647811	.1965373	.4386817	0
481.15	0	.3647599	.1965816	.4386584	0
480.15	0	.3647388	.196626	.4386352	0
479.15	0	.3647176	.1966703	.4386121	0
478.15	0	.3646964	.1967147	.438589	0
477.15	0	.3646751	.1967589	.438566	0
476.15	0	.3646538	.1968032	.438543	0
475.15	0	.3646326	.1968474	.43852	0
474.15	0	.3646112	.1968916	.4384972	0
473.15	0	.3645899	.1969358	.4384743	0
472.15	0	.3645685	.1969799	.4384515	0
471.15	0	.3645472	.197024	.4384288	0
470.15	0	.3645258	.1970681	.4384061	0
469.15	0	.3645043	.1971122	.4383835	0
468.15	0	.3644829	.1971562	.438361	0
467.15	0	.3644614	.1972001	.4383384	0
466.15	0	.3644399	.1972441	.438316	0
465.15	0	.3644184	.197288	.4382936	0
464.15	0	.3643969	.1973319	.4382712	0
463.15	0	.3643754	.1973757	.4382489	0
462.15	0	.3643538	.1974195	.4382267	0
461.15	0	.3643323	.1974632	.4382045	0
460.15	0	.3643107	.1975069	.4381824	0
459.15	0	.3642891	.1975506	.4381603	0
458.15	0	.3642675	.1975942	.4381383	0
457.15	0	.3642458	.1976378	.4381164	0
456.15	0	.3642242	.1976813	.4380945	0
455.15	0	.3642025	.1977248	.4380727	0
454.15	0	.3641809	.1977682	.4380509	0
453.15	0	.3641592	.1978116	.4380292	0
452.15	0	.3641375	.197855	.4380075	0
451.15	0	.3641158	.1978983	.4379859	0
450.15	0	.3640941	.1979415	.4379644	0
449.15	0	.3640724	.1979847	.4379429	0
448.15	0	.3640507	.1980278	.4379215	0
447.2149	0	.3640304	.1980681	.4379016	0
447.2149	0	.3640304	.1980681	.4379016	0
447.2149	0	.3640304	.1980681	.4379016	0
447.15	0	.3640399	.1980449	.4378865	2.872332E-05
446.15	0	.3641869	.1976881	.4376541	4.708729E-04
445.15	0	.3643332	.1973324	.4374222	9.122331E-04
444.15	0	.3644789	.1969775	.4371908	.001352812
443.15	0	.3646241	.1966235	.4369598	.001792616
442.15	0	.3647686	.1962705	.4367292	.002231655
441.15	0	.3649126	.1959183	.4364991	.002669934
440.15	0	.3650561	.195567	.4362695	.003107461
439.15	0	.365199	.1952166	.4360402	.003544245
438.15	0	.3653413	.194867	.4358114	.003980291
437.15	0	.3654831	.1945182	.4355831	.004415607
436.15	0	.3656245	.1941702	.4353551	.004850199
435.15	0	.3657653	.1938231	.4351276	.005284076
434.15	0	.3659056	.1934767	.4349005	.005717243
433.15	0	.3660454	.1931311	.4346739	.006149708
