T	 BPW(LIQUID)	BPW(BCC_A2)	BPW(FCC_A1)	BPW(LAVES_PHASE_C14)	BPW(NI3TI)
1473.15	.1184738	.8815262	0	0	0
1472.15	.1164678	.8835322	0	0	0
1471.15	.1144738	.8855262	0	0	0
1470.15	.1124917	.8875083	0	0	0
1469.15	.1105214	.8894786	0	0	0
1468.15	.1085628	.8914372	0	0	0
1467.15	.1066158	.8933842	0	0	0
1466.15	.1046803	.8953197	0	0	0
1465.15	.1027562	.8972438	0	0	0
1464.15	.1008433	.8991567	0	0	0
1463.15	.09894168	.9010583	0	0	0
1462.15	.09705111	.9029489	0	0	0
1461.15	.09517155	.9048285	0	0	0
1460.15	.09330288	.9066971	0	0	0
1459.15	.09144502	.908555	0	0	0
1458.15	.08959788	.9104021	0	0	0
1457.15	.08776137	.9122386	0	0	0
1456.15	.08593539	.9140646	0	0	0
1455.15	.08411985	.9158802	0	0	0
1454.15	.08231468	.9176853	0	0	0
1453.15	.08051977	.9194802	0	0	0
1452.15	.07873505	.9212649	0	0	0
1451.15	.07696044	.9230396	0	0	0
1450.15	.07519584	.9248042	0	0	0
1449.15	.07344119	.9265588	0	0	0
1448.15	.07169638	.9283036	0	0	0
1447.15	.06996136	.9300387	0	0	0
1446.15	.06823602	.931764	0	0	0
1445.15	.06652031	.9334797	0	0	0
1444.15	.06481414	.9351859	0	0	0
1443.15	.06311743	.9368826	0	0	0
1442.15	.0614301	.9385699	0	0	0
1441.15	.0597521	.9402479	0	0	0
1440.15	.05808333	.9419167	0	0	0
1439.765	.0574437	.9425563	0	0	0
1439.765	.0574437	.9425563	0	0	0
1439.765	.0574437	.9425563	0	0	0
1439.15	.05450081	.9411717	.004327463	0	0
1438.15	.04971434	.9389367	.01134895	0	0
1437.15	.04492376	.9367208	.01835543	0	0
1436.15	.04012884	.934524	.02534717	0	0
1435.15	.03532933	.9323463	.03232442	0	0
1434.15	.030525	.9301876	.03928742	0	0
1433.15	.0257156	.928048	.04623643	0	0
1432.15	.02090092	.9259274	.05317169	0	0
1431.15	.01608071	.9238259	.06009343	0	0
1430.15	.01125475	.9217434	.0670019	0	0
1429.15	.006422797	.9196799	.07389734	0	0
1428.15	.001584638	.9176354	.08077997	0	0
1427.823	0	.9169705	.08302952	0	0
1427.823	0	.9169705	.08302952	0	0
1427.15	0	.915885	.08411502	0	0
1426.15	0	.9142736	.08572641	0	0
1425.15	0	.9126647	.08733526	0	0
1424.15	0	.9110584	.08894157	0	0
1423.15	0	.9094547	.09054535	0	0
1422.15	0	.9078534	.0921466	0	0
1421.15	0	.9062547	.09374532	0	0
1420.15	0	.9046585	.09534151	0	0
1419.15	0	.9030648	.09693517	0	0
1418.15	0	.9014737	.09852631	0	0
1417.15	0	.8998851	.1001149	0	0
1416.15	0	.898299	.101701	0	0
1415.15	0	.8967154	.1032846	0	0
1414.15	0	.8951343	.1048657	0	0
1413.15	0	.8935558	.1064442	0	0
1412.15	0	.8919798	.1080202	0	0
1411.15	0	.8904063	.1095938	0	0
1410.15	0	.8888352	.1111648	0	0
1409.15	0	.8872667	.1127333	0	0
1408.15	0	.8857007	.1142993	0	0
1407.15	0	.8841373	.1158627	0	0
1406.15	0	.8825763	.1174237	0	0
1405.15	0	.8810178	.1189822	0	0
1404.15	0	.8794618	.1205382	0	0
1403.15	0	.8779083	.1220917	0	0
1402.15	0	.8763573	.1236427	0	0
1401.15	0	.8748088	.1251912	0	0
1400.15	0	.8732629	.1267371	0	0
1399.15	0	.8717194	.1282806	0	0
1398.15	0	.8701783	.1298217	0	0
1397.15	0	.8686398	.1313602	0	0
1396.15	0	.8671038	.1328962	0	0
1395.15	0	.8655703	.1344297	0	0
1394.15	0	.8640392	.1359608	0	0
1393.15	0	.8625106	.1374894	0	0
1392.15	0	.8609846	.1390155	0	0
1391.15	0	.859461	.140539	0	0
1390.15	0	.8579398	.1420602	0	0
1389.15	0	.8564212	.1435788	0	0
1388.15	0	.854905	.145095	0	0
1387.15	0	.8533914	.1466087	0	0
1386.15	0	.8518801	.1481199	0	0
1385.15	0	.8503714	.1496286	0	0
1384.15	0	.8488652	.1511348	0	0
1383.15	0	.8473614	.1526386	0	0
1382.15	0	.8458601	.1541399	0	0
1381.15	0	.8443612	.1556388	0	0
1380.15	0	.8428649	.1571351	0	0
1379.15	0	.841371	.158629	0	0
1378.15	0	.8398796	.1601204	0	0
1377.15	0	.8383906	.1616094	0	0
1376.15	0	.8369041	.1630959	0	0
1375.15	0	.8354201	.1645799	0	0
1374.15	0	.8339386	.1660614	0	0
1373.15	0	.8324595	.1675405	0	0
1372.15	0	.8309829	.1690171	0	0
1371.15	0	.8295087	.1704913	0	0
1370.15	0	.828037	.171963	0	0
1369.15	0	.8265678	.1734322	0	0
1368.15	0	.825101	.174899	0	0
1367.15	0	.8236367	.1763633	0	0
1366.15	0	.8221749	.1778251	0	0
1365.15	0	.8207155	.1792845	0	0
1364.15	0	.8192586	.1807414	0	0
1363.15	0	.8178042	.1821958	0	0
1362.15	0	.8163522	.1836478	0	0
1361.15	0	.8149026	.1850974	0	0
1360.15	0	.8134556	.1865444	0	0
1359.15	0	.812011	.187989	0	0
1358.15	0	.8105688	.1894312	0	0
1357.15	0	.8091291	.1908709	0	0
1356.15	0	.8076919	.1923081	0	0
1355.15	0	.8062571	.1937429	0	0
1354.15	0	.8048248	.1951752	0	0
1353.15	0	.8033949	.1966051	0	0
1352.15	0	.8019675	.1980325	0	0
1351.15	0	.8005426	.1994574	0	0
1350.15	0	.7991201	.2008799	0	0
1349.15	0	.7977001	.2022999	0	0
1348.15	0	.7962825	.2037175	0	0
1347.15	0	.7948674	.2051326	0	0
1346.15	0	.7934548	.2065452	0	0
1345.15	0	.7920446	.2079554	0	0
1344.15	0	.7906369	.2093631	0	0
1343.15	0	.7892316	.2107684	0	0
1342.15	0	.7878288	.2121712	0	0
1341.15	0	.7864285	.2135715	0	0
1340.15	0	.7850306	.2149694	0	0
1339.15	0	.7836352	.2163648	0	0
1338.15	0	.7822423	.2177577	0	0
1337.15	0	.7808518	.2191482	0	0
1336.15	0	.7794637	.2205363	0	0
1335.15	0	.7780782	.2219218	0	0
1334.15	0	.7766951	.2233049	0	0
1333.15	0	.7753145	.2246856	0	0
1332.15	0	.7739363	.2260637	0	0
1331.15	0	.7725606	.2274394	0	0
1330.15	0	.7711874	.2288126	0	0
1329.15	0	.7698166	.2301834	0	0
1328.15	0	.7684483	.2315517	0	0
1327.15	0	.7670825	.2329175	0	0
1326.15	0	.7657192	.2342808	0	0
1325.15	0	.7643583	.2356417	0	0
1324.15	0	.7629999	.2370001	0	0
1323.15	0	.761644	.2383561	0	0
1322.15	0	.7602905	.2397095	0	0
1321.15	0	.7589395	.2410605	0	0
1320.15	0	.757591	.242409	0	0
1319.15	0	.756245	.243755	0	0
1318.15	0	.7549015	.2450985	0	0
1317.15	0	.7535604	.2464396	0	0
1316.15	0	.7522219	.2477781	0	0
1315.15	0	.7508858	.2491142	0	0
1314.15	0	.7495522	.2504478	0	0
1313.15	0	.7482211	.2517789	0	0
1312.15	0	.7468925	.2531075	0	0
1311.15	0	.7455663	.2544337	0	0
1310.15	0	.7442427	.2557573	0	0
1309.15	0	.7429216	.2570784	0	0
1308.15	0	.7416029	.2583971	0	0
1307.15	0	.7402868	.2597132	0	0
1306.15	0	.7389731	.2610269	0	0
1305.15	0	.737662	.262338	0	0
1304.15	0	.7363534	.2636466	0	0
1303.15	0	.7350472	.2649528	0	0
1302.15	0	.7337436	.2662564	0	0
1301.15	0	.7324425	.2675575	0	0
1300.15	0	.7311439	.2688561	0	0
1299.15	0	.7298478	.2701522	0	0
1298.15	0	.7285542	.2714458	0	0
1297.15	0	.7272632	.2727368	0	0
1296.15	0	.7259746	.2740254	0	0
1295.15	0	.7246886	.2753114	0	0
1294.15	0	.7234052	.2765949	0	0
1293.15	0	.7221242	.2778758	0	0
1292.15	0	.7208458	.2791542	0	0
1291.15	0	.7195699	.2804301	0	0
1290.15	0	.7182965	.2817035	0	0
1289.15	0	.7170257	.2829743	0	0
1288.15	0	.7157575	.2842426	0	0
1287.15	0	.7144917	.2855083	0	0
1286.15	0	.7132286	.2867714	0	0
1285.15	0	.7119679	.2880321	0	0
1284.15	0	.7107098	.2892902	0	0
1283.15	0	.7094543	.2905457	0	0
1282.15	0	.7082014	.2917986	0	0
1281.15	0	.706951	.293049	0	0
1280.15	0	.7057031	.2942969	0	0
1279.15	0	.7044579	.2955421	0	0
1278.15	0	.7032152	.2967848	0	0
1277.15	0	.7019751	.2980249	0	0
1276.15	0	.7007375	.2992625	0	0
1275.15	0	.6995026	.3004974	0	0
1274.15	0	.6982702	.3017298	0	0
1273.15	0	.6970404	.3029596	0	0
1272.15	0	.6958132	.3041868	0	0
1271.15	0	.6945887	.3054114	0	0
1270.15	0	.6933667	.3066333	0	0
1269.15	0	.6921473	.3078527	0	0
1268.15	0	.6909305	.3090695	0	0
1267.15	0	.6897163	.3102837	0	0
1266.15	0	.6885048	.3114952	0	0
1265.15	0	.6872959	.3127041	0	0
1264.15	0	.6860896	.3139104	0	0
1263.15	0	.6848859	.3151141	0	0
1262.15	0	.6836849	.3163151	0	0
1261.15	0	.6824865	.3175135	0	0
1260.15	0	.6812907	.3187093	0	0
1259.15	0	.6800976	.3199024	0	0
1258.15	0	.6789071	.3210929	0	0
1257.15	0	.6777193	.3222807	0	0
1256.15	0	.6765342	.3234658	0	0
1255.15	0	.6753517	.3246483	0	0
1254.15	0	.6741719	.3258281	0	0
1253.15	0	.6729947	.3270053	0	0
1252.15	0	.6718203	.3281797	0	0
1251.15	0	.6706485	.3293515	0	0
1250.15	0	.6694794	.3305206	0	0
1249.15	0	.668313	.331687	0	0
1248.15	0	.6671494	.3328507	0	0
1247.15	0	.6659884	.3340116	0	0
1246.15	0	.6648301	.3351699	0	0
1245.15	0	.6636746	.3363255	0	0
1244.15	0	.6625217	.3374783	0	0
1243.15	0	.6613716	.3386284	0	0
1242.15	0	.6602242	.3397758	0	0
1241.15	0	.6590796	.3409204	0	0
1240.15	0	.6579377	.3420623	0	0
1239.15	0	.6567986	.3432014	0	0
1238.15	0	.6556622	.3443378	0	0
1237.15	0	.6545286	.3454714	0	0
1236.15	0	.6533977	.3466023	0	0
1235.15	0	.6522696	.3477304	0	0
1234.15	0	.6511444	.3488557	0	0
1233.15	0	.6500218	.3499782	0	0
1232.15	0	.6489021	.3510979	0	0
1231.15	0	.6477852	.3522148	0	0
1230.15	0	.6466711	.3533289	0	0
1229.15	0	.6455598	.3544402	0	0
1228.15	0	.6444514	.3555487	0	0
1227.15	0	.6433457	.3566543	0	0
1226.15	0	.6422429	.3577571	0	0
1225.15	0	.6411429	.3588571	0	0
1224.15	0	.6400458	.3599542	0	0
1223.15	0	.6389516	.3610485	0	0
1222.15	0	.6378602	.3621398	0	0
1221.15	0	.6367716	.3632284	0	0
1220.15	0	.635686	.364314	0	0
1219.15	0	.6346032	.3653968	0	0
1218.15	0	.6335233	.3664767	0	0
1217.15	0	.6324464	.3675536	0	0
1216.15	0	.6313723	.3686277	0	0
1215.15	0	.6303012	.3696988	0	0
1214.15	0	.629233	.370767	0	0
1213.15	0	.6281677	.3718323	0	0
1212.15	0	.6271053	.3728947	0	0
1211.15	0	.6260459	.3739541	0	0
1210.15	0	.6249895	.3750105	0	0
1209.15	0	.623936	.376064	0	0
1208.15	0	.6228855	.3771145	0	0
1207.15	0	.621838	.378162	0	0
1206.15	0	.6207935	.3792065	0	0
1205.15	0	.619752	.380248	0	0
1204.15	0	.6187135	.3812865	0	0
1203.15	0	.617678	.382322	0	0
1202.15	0	.6166455	.3833545	0	0
1201.15	0	.6156161	.3843839	0	0
1200.15	0	.6145898	.3854102	0	0
1199.15	0	.6135665	.3864335	0	0
1198.15	0	.6125462	.3874538	0	0
1197.15	0	.6115291	.388471	0	0
1196.15	0	.610515	.389485	0	0
1195.15	0	.609504	.390496	0	0
1194.15	0	.6084961	.3915039	0	0
1193.15	0	.6074913	.3925087	0	0
1192.15	0	.6064897	.3935103	0	0
1191.15	0	.6054912	.3945088	0	0
1190.15	0	.6044959	.3955041	0	0
1189.15	0	.6035037	.3964963	0	0
1188.15	0	.6025147	.3974853	0	0
1187.15	0	.6015288	.3984712	0	0
1186.15	0	.6005462	.3994538	0	0
1185.15	0	.5995667	.4004333	0	0
1184.15	0	.5985905	.4014095	0	0
1183.15	0	.5976175	.4023825	0	0
1182.15	0	.5966477	.4033523	0	0
1181.15	0	.5956812	.4043188	0	0
1180.15	0	.5947179	.4052821	0	0
1179.15	0	.5937579	.4062421	0	0
1178.15	0	.5928012	.4071988	0	0
1177.15	0	.5918478	.4081522	0	0
1176.15	0	.5908977	.4091023	0	0
1175.15	0	.5899509	.4100491	0	0
1174.15	0	.5890075	.4109925	0	0
1173.15	0	.5880674	.4119326	0	0
1172.15	0	.5871307	.4128694	0	0
1171.15	0	.5861973	.4138027	0	0
1170.15	0	.5852673	.4147327	0	0
1169.15	0	.5843407	.4156593	0	0
1168.15	0	.5834175	.4165825	0	0
1167.15	0	.5824977	.4175023	0	0
1166.15	0	.5815814	.4184186	0	0
1165.15	0	.5806685	.4193315	0	0
1164.15	0	.5797591	.4202409	0	0
1163.15	0	.5788532	.4211468	0	0
1162.15	0	.5779508	.4220492	0	0
1161.15	0	.5770518	.4229482	0	0
1160.15	0	.5761564	.4238436	0	0
1159.15	0	.5752645	.4247355	0	0
1158.15	0	.5743762	.4256238	0	0
1157.15	0	.5734915	.4265085	0	0
1156.15	0	.5726103	.4273897	0	0
1155.15	0	.5717327	.4282673	0	0
1154.15	0	.5708587	.4291413	0	0
1153.15	0	.5699883	.4300117	0	0
1152.15	0	.5691216	.4308784	0	0
1151.15	0	.5682586	.4317414	0	0
1150.15	0	.5673992	.4326008	0	0
1149.15	0	.5665435	.4334565	0	0
1148.15	0	.5656915	.4343085	0	0
1147.15	0	.5648433	.4351567	0	0
1146.15	0	.5639987	.4360013	0	0
1145.15	0	.563158	.436842	0	0
1144.15	0	.562321	.437679	0	0
1143.15	0	.5614878	.4385122	0	0
1142.15	0	.5606583	.4393417	0	0
1141.15	0	.5598327	.4401673	0	0
1140.15	0	.559011	.440989	0	0
1139.15	0	.5581931	.4418069	0	0
1138.15	0	.5573791	.4426209	0	0
1137.15	0	.556569	.443431	0	0
1136.15	0	.5557628	.4442372	0	0
1135.15	0	.5549605	.4450395	0	0
1134.15	0	.5541621	.4458379	0	0
1133.15	0	.5533678	.4466322	0	0
1132.15	0	.5525774	.4474226	0	0
1131.15	0	.551791	.448209	0	0
1130.15	0	.5510086	.4489914	0	0
1129.15	0	.5502303	.4497697	0	0
1128.15	0	.5494561	.4505439	0	0
1127.15	0	.5486859	.4513141	0	0
1126.15	0	.5479198	.4520802	0	0
1125.15	0	.5471579	.4528421	0	0
1124.15	0	.5464001	.4535999	0	0
1123.15	0	.5456464	.4543536	0	0
1122.15	0	.544897	.455103	0	0
1121.15	0	.5441517	.4558483	0	0
1120.15	0	.5434107	.4565893	0	0
1119.15	0	.5426739	.4573261	0	0
1118.15	0	.5419414	.4580586	0	0
1117.15	0	.5412131	.4587869	0	0
1116.15	0	.5404892	.4595108	0	0
1115.15	0	.5397696	.4602304	0	0
1114.15	0	.5390544	.4609456	0	0
1113.15	0	.5383435	.4616565	0	0
1112.15	0	.537637	.462363	0	0
1111.15	0	.536935	.463065	0	0
1110.15	0	.5362374	.4637626	0	0
1109.15	0	.5355443	.4644557	0	0
1108.15	0	.5348556	.4651444	0	0
1107.15	0	.5341715	.4658285	0	0
1106.15	0	.5334919	.4665081	0	0
1105.15	0	.5328169	.4671831	0	0
1104.15	0	.5321465	.4678536	0	0
1103.15	0	.5314806	.4685194	0	0
1102.15	0	.5308194	.4691806	0	0
1101.15	0	.5301629	.4698371	0	0
1100.15	0	.529511	.470489	0	0
1099.15	0	.5288639	.4711361	0	0
1098.15	0	.5282215	.4717785	0	0
1097.15	0	.5275838	.4724162	0	0
1096.15	0	.526951	.473049	0	0
1095.15	0	.5263229	.4736771	0	0
1094.15	0	.5256997	.4743003	0	0
1093.15	0	.5250814	.4749186	0	0
1092.15	0	.5244679	.4755321	0	0
1091.15	0	.5238594	.4761406	0	0
1090.15	0	.5232558	.4767442	0	0
1089.15	0	.5226572	.4773428	0	0
1088.15	0	.5220636	.4779364	0	0
1087.15	0	.521475	.478525	0	0
1086.15	0	.5208915	.4791085	0	0
1085.15	0	.520313	.479687	0	0
1084.15	0	.5197397	.4802603	0	0
1083.15	0	.5191715	.4808285	0	0
1082.15	0	.5186084	.4813916	0	0
1081.15	0	.5180506	.4819494	0	0
1080.15	0	.517498	.482502	0	0
1079.15	0	.5169507	.4830493	0	0
1078.15	0	.5164086	.4835914	0	0
1077.15	0	.5158719	.4841281	0	0
1076.15	0	.5153405	.4846595	0	0
1075.15	0	.5148145	.4851855	0	0
1074.15	0	.5142939	.4857061	0	0
1073.15	0	.5137787	.4862213	0	0
1072.15	0	.513269	.486731	0	0
1071.15	0	.5127649	.4872352	0	0
1070.15	0	.5122662	.4877338	0	0
1069.15	0	.5117731	.4882269	0	0
1068.15	0	.5112856	.4887144	0	0
1067.15	0	.5108037	.4891963	0	0
1066.15	0	.5103275	.4896725	0	0
1065.15	0	.509857	.490143	0	0
1064.15	0	.5093922	.4906078	0	0
1063.15	0	.5089332	.4910668	0	0
1062.15	0	.5084799	.4915201	0	0
1061.15	0	.5080325	.4919675	0	0
1060.15	0	.507591	.492409	0	0
1059.15	0	.5071553	.4928447	0	0
1058.15	0	.5067256	.4932744	0	0
1057.15	0	.5063018	.4936982	0	0
1056.15	0	.505884	.494116	0	0
1055.15	0	.5054723	.4945277	0	0
1054.15	0	.5050666	.4949334	0	0
1053.15	0	.504667	.495333	0	0
1052.15	0	.5042736	.4957264	0	0
1051.15	0	.5038863	.4961137	0	0
1050.15	0	.5035053	.4964947	0	0
1049.15	0	.5031305	.4968695	0	0
1048.15	0	.5027619	.4972381	0	0
1047.15	0	.5023997	.4976003	0	0
1046.15	0	.5020438	.4979562	0	0
1045.15	0	.5016943	.4983057	0	0
1044.15	0	.5013513	.4986487	0	0
1043.15	0	.5010147	.4989853	0	0
1042.15	0	.5006846	.4993154	0	0
1041.15	0	.5003611	.4996389	0	0
1040.15	0	.5000441	.4999559	0	0
1039.15	0	.4997337	.5002663	0	0
1038.15	0	.49943	.50057	0	0
1037.15	0	.499133	.500867	0	0
1036.15	0	.4988427	.5011573	0	0
1035.15	0	.4985592	.5014408	0	0
1034.15	0	.4982824	.5017176	0	0
1033.15	0	.4980125	.5019875	0	0
1032.15	0	.4977495	.5022505	0	0
1031.15	0	.4974935	.5025065	0	0
1030.15	0	.4972444	.5027556	0	0
1029.15	0	.4970022	.5029978	0	0
1028.15	0	.4967671	.5032329	0	0
1027.15	0	.4965391	.5034609	0	0
1026.15	0	.4963183	.5036817	0	0
1025.15	0	.4961045	.5038955	0	0
1024.15	0	.495898	.504102	0	0
1023.15	0	.4956987	.5043013	0	0
1022.15	0	.4955067	.5044933	0	0
1021.15	0	.495322	.504678	0	0
1020.15	0	.4951446	.5048554	0	0
1019.15	0	.4949747	.5050253	0	0
1018.15	0	.4948122	.5051878	0	0
1017.15	0	.4946571	.5053429	0	0
1016.15	0	.4945096	.5054904	0	0
1015.15	0	.4943696	.5056304	0	0
1014.15	0	.4942373	.5057627	0	0
1013.15	0	.4941125	.5058875	0	0
1012.15	0	.4939955	.5060045	0	0
1011.15	0	.4938861	.5061139	0	0
1010.15	0	.4937846	.5062154	0	0
1009.15	0	.4936908	.5063092	0	0
1008.15	0	.4936048	.5063952	0	0
1007.15	0	.4935268	.5064732	0	0
1006.15	0	.4934566	.5065434	0	0
1005.15	0	.4933944	.5066056	0	0
1004.15	0	.4933402	.5066598	0	0
1003.15	0	.4932941	.5067059	0	0
1002.15	0	.493256	.506744	0	0
1001.15	0	.493226	.506774	0	0
1000.15	0	.4932042	.5067958	0	0
999.15	0	.4931906	.5068094	0	0
998.15	0	.4931852	.5068148	0	0
997.15	0	.4931881	.5068119	0	0
996.15	0	.4931993	.5068007	0	0
995.15	0	.4932188	.5067812	0	0
994.15	0	.4932467	.5067533	0	0
993.15	0	.4932831	.5067169	0	0
992.15	0	.4933279	.5066721	0	0
991.15	0	.4933812	.5066189	0	0
990.15	0	.493443	.506557	0	0
989.15	0	.4935134	.5064867	0	0
988.15	0	.4935923	.5064077	0	0
987.15	0	.49368	.50632	0	0
986.15	0	.4937763	.5062237	0	0
985.15	0	.4938813	.5061187	0	0
984.15	0	.493995	.506005	0	0
983.15	0	.4941175	.5058825	0	0
982.15	0	.4942488	.5057512	0	0
981.15	0	.494389	.505611	0	0
980.15	0	.494538	.505462	0	0
979.15	0	.4946959	.5053041	0	0
978.15	0	.4948628	.5051372	0	0
977.15	0	.4950386	.5049614	0	0
976.15	0	.4952234	.5047766	0	0
975.15	0	.4954172	.5045828	0	0
974.15	0	.49562	.50438	0	0
973.15	0	.495832	.504168	0	0
972.15	0	.496053	.503947	0	0
971.15	0	.4962831	.5037169	0	0
970.15	0	.4965224	.5034776	0	0
969.15	0	.4967708	.5032292	0	0
968.15	0	.4970284	.5029716	0	0
967.15	0	.4972952	.5027048	0	0
966.15	0	.4975713	.5024287	0	0
965.15	0	.4978566	.5021434	0	0
964.15	0	.4981511	.5018489	0	0
963.15	0	.498455	.5015451	0	0
962.258	0	.4987338	.5012662	0	0
962.258	0	.4987338	.5012662	0	0
962.258	0	.4987338	.5012662	0	0
962.15	0	.498744	.501228	2.800297E-05	0
961.15	0	.4988437	.5008697	2.866576E-04	0
960.15	0	.4989526	.5005033	5.440976E-04	0
959.15	0	.4990709	.5001288	8.003139E-04	0
958.15	0	.4991984	.4997463	.001055297	0
957.15	0	.4993352	.4993557	.001309037	0
956.15	0	.4994814	.4989571	.001561525	0
955.15	0	.4996369	.4985503	.00181275	0
954.15	0	.4998018	.4981355	.002062701	0
953.15	0	.4999761	.4977125	.002311369	0
952.15	0	.5001598	.4972815	.002558743	0
951.15	0	.5003529	.4968423	.002804811	0
950.15	0	.5005554	.4963951	.003049562	0
949.15	0	.5007673	.4959397	.003292985	0
948.15	0	.5009887	.4954763	.003535067	0
947.15	0	.5012195	.4950047	.003775797	0
946.15	0	.5014598	.4945251	.004015163	0
945.15	0	.5017095	.4940373	.004253151	0
944.15	0	.5019687	.4935415	.004489748	0
943.15	0	.5022374	.4930376	.004724942	0
942.15	0	.5025156	.4925257	.00495872	0
941.15	0	.5028032	.4920058	.005191065	0
940.15	0	.5031003	.4914778	.005421966	0
939.15	0	.5034068	.4909418	.005651407	0
938.15	0	.5037229	.4903978	.005879373	0
937.15	0	.5040483	.4898458	.00610585	0
936.15	0	.5043833	.4892859	.006330821	0
935.15	0	.5047276	.4887181	.006554271	0
934.15	0	.5050814	.4881424	.006776183	0
933.15	0	.5054447	.4875588	.006996541	0
932.15	0	.5058173	.4869674	.007215328	0
931.15	0	.5061993	.4863682	.007432525	0
930.15	0	.5065907	.4857612	.007648116	0
929.15	0	.5069914	.4851465	.007862082	0
928.15	0	.5074014	.4845242	.008074404	0
927.15	0	.5078208	.4838942	.008285062	0
926.15	0	.5082494	.4832566	.008494038	0
925.15	0	.5086872	.4826115	.00870131	0
924.15	0	.5091343	.4819589	.008906859	0
923.15	0	.5095905	.4812989	.009110663	0
922.15	0	.5100558	.4806315	.0093127	0
921.15	0	.5105303	.4799568	.009512948	0
920.15	0	.5110138	.4792748	.009711384	0
919.15	0	.5115063	.4785857	.009907984	0
918.15	0	.5120077	.4778896	.01010273	0
917.15	0	.5125181	.4771864	.01029558	0
916.15	0	.5130372	.4764762	.01048653	0
915.15	0	.5135652	.4757593	.01067554	0
914.15	0	.5141019	.4750355	.01086259	0
913.15	0	.5146472	.4743051	.01104765	0
912.15	0	.5152012	.4735681	.0112307	0
911.15	0	.5157636	.4728247	.01141169	0
910.15	0	.5163345	.4720749	.01159061	0
909.15	0	.5169137	.4713189	.01176742	0
908.15	0	.5175012	.4705568	.0119421	0
907.15	0	.5180968	.4697886	.0121146	0
906.15	0	.5187005	.4690146	.0122849	0
905.15	0	.5193122	.4682348	.01245296	0
904.15	0	.5199318	.4674494	.01261875	0
903.15	0	.5205591	.4666586	.01278222	0
902.15	0	.5211941	.4658625	.01294335	0
901.15	0	.5218367	.4650613	.01310209	0
900.15	0	.5224866	.464255	.0132584	0
899.15	0	.5231438	.463444	.01341225	0
898.15	0	.5238081	.4626283	.01356358	0
897.15	0	.5244794	.4618082	.01371236	0
896.15	0	.5251576	.4609839	.01385853	0
895.15	0	.5258424	.4601555	.01400206	0
894.15	0	.5265338	.4593234	.01414289	0
893.15	0	.5272315	.4584876	.01428097	0
892.15	0	.5279353	.4576484	.01441625	0
891.15	0	.5286452	.4568062	.01454867	0
890.15	0	.5293608	.455961	.01467818	0
889.15	0	.530082	.4551132	.01480472	0
888.15	0	.5308086	.4542632	.01492822	0
887.15	0	.5315403	.453411	.01504863	0
886.15	0	.532277	.4525572	.01516587	0
885.15	0	.5330183	.4517019	.01527987	0
884.15	0	.533764	.4508455	.01539057	0
883.15	0	.5345138	.4499883	.01549788	0
882.15	0	.5352675	.4491308	.01560172	0
881.15	0	.5360248	.4482732	.01570202	0
880.15	0	.5367853	.447416	.01579868	0
879.15	0	.5375488	.4465596	.01589161	0
878.15	0	.5383148	.4457045	.01598072	0
877.15	0	.5390831	.444851	.0160659	0
876.15	0	.5398533	.4439997	.01614703	0
875.15	0	.5406249	.4431511	.01622402	0
874.15	0	.5413975	.4423057	.01629673	0
873.15	0	.5419282	.4417511	.01632071	0
872.15	0	.5424729	.4411878	.01633934	0
871.15	0	.5430582	.4405841	.01635769	0
870.15	0	.5436814	.439943	.01637562	0
869.15	0	.5443397	.4392673	.01639302	0
868.15	0	.5450307	.4385595	.01640978	0
867.15	0	.5457522	.437822	.01642582	0
866.15	0	.5465019	.437057	.01644107	0
865.15	0	.5472779	.4362667	.01645546	0
864.15	0	.5480781	.4354529	.01646894	0
863.15	0	.5489009	.4346176	.01648146	0
862.15	0	.5497446	.4337624	.01649299	0
861.15	0	.5506075	.432889	.01650349	0
860.15	0	.5514881	.431999	.01651294	0
859.15	0	.5523849	.4310937	.01652132	0
858.15	0	.5532968	.4301746	.01652862	0
857.15	0	.5542222	.429243	.01653481	0
856.15	0	.5551601	.4283001	.01653989	0
855.15	0	.5561092	.427347	.01654385	0
854.15	0	.5570685	.4263848	.0165467	0
853.15	0	.5580369	.4254147	.01654843	0
852.15	0	.5590134	.4244376	.01654904	0
851.15	0	.5599971	.4234544	.01654853	0
850.15	0	.560987	.422466	.01654691	0
849.15	0	.5619824	.4214734	.0165442	0
848.15	0	.5629825	.4204771	.01654039	0
847.15	0	.5639863	.4194782	.0165355	0
846.15	0	.5649934	.4184771	.01652953	0
845.15	0	.5660028	.4174747	.0165225	0
844.15	0	.567014	.4164716	.01651443	0
843.15	0	.5680264	.4154683	.01650533	0
842.15	0	.5690393	.4144655	.0164952	0
841.15	0	.5700522	.4134637	.01648408	0
840.15	0	.5710646	.4124634	.01647196	0
839.15	0	.572076	.4114652	.01645887	0
838.15	0	.5730858	.4104694	.01644483	0
837.15	0	.5740937	.4094765	.01642985	0
836.15	0	.5750992	.4084869	.01641395	0
835.15	0	.5761019	.407501	.01639714	0
834.15	0	.5771014	.4065192	.01637944	0
833.15	0	.5780973	.4055418	.01636088	0
832.15	0	.5790894	.4045691	.01634147	0
831.15	0	.5800774	.4036014	.01632122	0
830.15	0	.5810608	.4026391	.01630016	0
829.15	0	.5820394	.4016823	.0162783	0
828.15	0	.583013	.4007313	.01625566	0
827.15	0	.5839813	.3997864	.01623226	0
826.15	0	.5849441	.3988478	.01620811	0
825.15	0	.5859012	.3979156	.01618323	0
824.15	0	.5868523	.39699	.01615765	0
823.15	0	.5877973	.3960713	.01613137	0
822.15	0	.588736	.3951595	.01610442	0
821.15	0	.5896683	.3942549	.01607681	0
820.15	0	.5905939	.3933575	.01604856	0
819.15	0	.5915128	.3924675	.01601968	0
818.15	0	.5924249	.391585	.01599019	0
817.15	0	.5933299	.39071	.01596011	0
816.15	0	.5942278	.3898427	.01592945	0
815.15	0	.5951186	.3889832	.01589823	0
814.15	0	.596002	.3881315	.01586646	0
813.15	0	.5968781	.3872877	.01583416	0
812.15	0	.5977468	.3864519	.01580134	0
811.15	0	.598608	.385624	.01576802	0
810.15	0	.5994616	.3848042	.01573421	0
809.15	0	.6003077	.3839924	.01569992	0
808.15	0	.6011461	.3831887	.01566517	0
807.15	0	.6019768	.3823932	.01562998	0
806.15	0	.6027999	.3816057	.01559435	0
805.15	0	.6036153	.3808264	.0155583	0
804.15	0	.6044229	.3800553	.01552183	0
803.15	0	.6052228	.3792922	.01548497	0
802.15	0	.6060149	.3785373	.01544773	0
801.15	0	.6067993	.3777906	.01541011	0
800.15	0	.607576	.3770519	.01537212	0
799.15	0	.6083449	.3763213	.01533379	0
798.15	0	.6091061	.3755987	.01529511	0
797.15	0	.6098597	.3748842	.01525611	0
796.15	0	.6106055	.3741777	.01521678	0
795.15	0	.6113437	.3734792	.01517714	0
794.15	0	.6120742	.3727886	.0151372	0
793.15	0	.6127972	.3721059	.01509697	0
792.15	0	.6135125	.371431	.01505646	0
791.15	0	.6142204	.370764	.01501568	0
790.15	0	.6149207	.3701047	.01497463	0
789.15	0	.6156136	.3694531	.01493332	0
788.15	0	.6162991	.3688092	.01489177	0
787.15	0	.6169772	.3681728	.01484997	0
786.15	0	.617648	.3675441	.01480795	0
785.15	0	.6183115	.3669228	.0147657	0
784.15	0	.6189678	.366309	.01472323	0
783.15	0	.6196169	.3657026	.01468056	0
782.15	0	.6202589	.3651035	.01463768	0
781.15	0	.6208938	.3645116	.0145946	0
780.15	0	.6215217	.363927	.01455134	0
779.15	0	.6221426	.3633495	.01450788	0
778.15	0	.6227567	.3627791	.01446426	0
777.15	0	.6233639	.3622157	.01442046	0
776.15	0	.6239643	.3616592	.01437649	0
775.15	0	.624558	.3611096	.01433236	0
774.15	0	.625145	.3605669	.01428808	0
773.15	0	.6257255	.3600309	.01424365	0
772.15	0	.6262994	.3595016	.01419907	0
771.15	0	.6268668	.3589789	.01415436	0
770.15	0	.6274278	.3584627	.01410951	0
769.15	0	.6279824	.3579531	.01406452	0
768.15	0	.6285308	.3574498	.01401941	0
767.15	0	.6290729	.356953	.01397418	0
766.15	0	.6296088	.3564624	.01392883	0
765.15	0	.6301387	.355978	.01388337	0
764.15	0	.6306624	.3554998	.01383779	0
763.15	0	.6311803	.3550276	.01379211	0
762.15	0	.6316922	.3545615	.01374633	0
761.15	0	.6321982	.3541013	.01370045	0
760.15	0	.6326985	.3536471	.01365447	0
759.15	0	.633193	.3531986	.01360839	0
758.15	0	.6336819	.3527559	.01356223	0
757.15	0	.6341651	.3523189	.01351598	0
756.15	0	.6346429	.3518875	.01346965	0
755.15	0	.6351151	.3514617	.01342324	0
754.15	0	.6355819	.3510414	.01337675	0
753.15	0	.6360434	.3506265	.01333018	0
752.15	0	.6364995	.3502169	.01328355	0
751.15	0	.6369505	.3498127	.01323684	0
750.15	0	.6373962	.3494137	.01319006	0
749.15	0	.6378368	.34902	.01314322	0
748.15	0	.6382724	.3486313	.01309632	0
747.15	0	.638703	.3482477	.01304935	0
746.15	0	.6391286	.3478691	.01300232	0
745.15	0	.6395493	.3474954	.01295524	0
744.15	0	.6399652	.3471267	.01290811	0
743.15	0	.6403764	.3467627	.01286092	0
742.15	0	.6407828	.3464035	.01281368	0
741.15	0	.6411845	.3460491	.01276639	0
740.15	0	.6415817	.3456993	.01271906	0
739.15	0	.6419743	.345354	.01267168	0
738.15	0	.6423624	.3450133	.01262425	0
737.15	0	.6427461	.3446771	.01257679	0
736.15	0	.6431254	.3443454	.01252928	0
735.15	0	.6435003	.344018	.01248173	0
734.15	0	.6438709	.3436949	.01243415	0
733.15	0	.6442374	.3433761	.01238653	0
732.15	0	.6445996	.3430616	.01233887	0
731.15	0	.6449577	.3427511	.01229118	0
730.15	0	.6453117	.3424448	.01224346	0
729.15	0	.6456617	.3421426	.01219571	0
728.15	0	.6460077	.3418444	.01214793	0
727.15	0	.6463497	.3415502	.01210012	0
726.15	0	.6466879	.3412598	.01205228	0
725.15	0	.6470222	.3409734	.01200442	0
724.15	0	.6473527	.3406907	.01195653	0
723.15	0	.6476795	.3404119	.01190862	0
722.15	0	.6480026	.3401367	.01186069	0
721.15	0	.648322	.3398653	.01181274	0
720.15	0	.6486378	.3395975	.01176476	0
719.15	0	.64895	.3393333	.01171677	0
718.15	0	.6492586	.3390726	.01166875	0
717.15	0	.6495638	.3388154	.01162073	0
716.15	0	.6498656	.3385617	.01157268	0
715.15	0	.6501639	.3383115	.01152462	0
714.15	0	.6504589	.3380646	.01147654	0
713.15	0	.6507506	.337821	.01142845	0
712.15	0	.6510389	.3375807	.01138035	0
711.15	0	.651324	.3373437	.01133224	0
710.15	0	.6516059	.3371099	.01128412	0
709.15	0	.6518847	.3368793	.01123598	0
708.15	0	.6521603	.3366518	.01118784	0
707.15	0	.6524329	.3364275	.01113969	0
706.15	0	.6527023	.3362061	.01109153	0
705.15	0	.6529688	.3359878	.01104337	0
704.15	0	.6532323	.3357725	.0109952	0
703.15	0	.6534928	.3355602	.01094702	0
702.15	0	.6537504	.3353507	.01089884	0
701.15	0	.6540052	.3351442	.01085066	0
700.15	0	.6542571	.3349405	.01080248	0
699.15	0	.6545061	.3347396	.01075429	0
698.15	0	.6547525	.3345414	.0107061	0
697.15	0	.654996	.3343461	.01065791	0
696.15	0	.6552369	.3341534	.01060973	0
695.15	0	.6554751	.3339634	.01056154	0
694.15	0	.6557106	.333776	.01051336	0
693.15	0	.6559435	.3335913	.01046518	0
692.15	0	.6561739	.3334092	.010417	0
691.15	0	.6564016	.3332295	.01036883	0
690.15	0	.6566269	.3330525	.01032066	0
689.15	0	.6568525	.3328759	.01027156	0
688.15	0	.6570726	.332704	.01022348	0
687.15	0	.6572902	.3325344	.0101754	0
686.15	0	.6575054	.3323672	.01012733	0
685.15	0	.6577183	.3322024	.01007926	0
684.15	0	.6579288	.33204	.0100312	0
683.15	0	.6581371	.3318798	.009983139	0
682.15	0	.658343	.3317219	.00993509	0
681.15	0	.6585467	.3315663	.009887049	0
680.15	0	.6587481	.3314129	.009839017	0
679.15	0	.6589473	.3312617	.009790995	0
678.15	0	.6591443	.3311127	.009742985	0
677.15	0	.6593392	.3309658	.009694986	0
676.15	0	.6595319	.3308211	.009647	0
675.15	0	.6597226	.3306784	.009599028	0
674.15	0	.6599111	.3305378	.00955107	0
673.15	0	.6600976	.3303993	.009503128	0
672.15	0	.660282	.3302628	.009455202	0
671.15	0	.6604644	.3301283	.009407293	0
670.15	0	.6606448	.3299958	.009359401	0
669.15	0	.6608232	.3298653	.009311528	0
668.15	0	.6609997	.3297366	.009263675	0
667.15	0	.6611742	.3296099	.009215842	0
666.15	0	.6613469	.3294851	.009168031	0
665.15	0	.6615176	.3293621	.009120241	0
664.15	0	.6616865	.329241	.009072474	0
663.15	0	.6618535	.3291218	.009024731	0
662.15	0	.6620187	.3290043	.008977012	0
661.15	0	.6621821	.3288886	.008929318	0
660.15	0	.6623437	.3287746	.00888165	0
659.15	0	.6625036	.3286624	.008834009	0
658.15	0	.6626616	.328552	.008786396	0
657.15	0	.662818	.3284432	.00873881	0
656.15	0	.6629727	.3283361	.008691255	0
655.15	0	.6631256	.3282307	.008643728	0
654.15	0	.6632769	.3281269	.008596233	0
653.15	0	.6634265	.3280247	.008548769	0
652.15	0	.6635745	.3279241	.008501338	0
651.15	0	.6637209	.3278252	.008453939	0
650.15	0	.6638657	.3277278	.008406574	0
649.15	0	.6640089	.3276319	.008359244	0
648.15	0	.6641505	.3275376	.008311949	0
647.15	0	.6642906	.3274448	.008264691	0
646.15	0	.6644291	.3273534	.008217469	0
645.15	0	.6645661	.3272636	.008170284	0
644.15	0	.6647016	.3271752	.008123139	0
643.15	0	.6648357	.3270883	.008076032	0
642.15	0	.6649682	.3270028	.008028965	0
641.15	0	.6650994	.3269187	.007981939	0
640.15	0	.665229	.326836	.007934954	0
639.15	0	.6653573	.3267547	.007888011	0
638.15	0	.6654842	.3266747	.007841112	0
637.15	0	.6656096	.3265961	.007794256	0
636.15	0	.6657337	.3265189	.007747444	0
635.15	0	.6658564	.3264429	.007700677	0
634.15	0	.6659778	.3263682	.007653956	0
633.15	0	.6660979	.3262949	.007607282	0
632.15	0	.6662166	.3262228	.007560656	0
631.15	0	.666334	.3261519	.007514077	0
630.15	0	.6664501	.3260823	.007467547	0
629.15	0	.666565	.3260139	.007421067	0
628.15	0	.6666786	.3259468	.007374637	0
627.15	0	.6667909	.3258808	.007328258	0
626.15	0	.666902	.325816	.007281931	0
625.15	0	.6670119	.3257524	.007235656	0
624.15	0	.6671206	.32569	.007189435	0
623.15	0	.6672281	.3256287	.007143268	0
622.15	0	.6673344	.3255685	.007097155	0
621.15	0	.6674395	.3255094	.007051097	0
620.15	0	.6675435	.3254515	.007005096	0
619.15	0	.6676463	.3253946	.006959152	0
618.15	0	.6677479	.3253388	.006913266	0
617.15	0	.6678485	.3252841	.006867437	0
616.15	0	.6679479	.3252304	.006821668	0
615.15	0	.6680463	.3251778	.006775959	0
614.15	0	.6681435	.3251262	.00673031	0
613.15	0	.6682397	.3250756	.006684722	0
612.15	0	.6683348	.325026	.006639196	0
611.15	0	.6684288	.3249774	.006593733	0
610.15	0	.6685218	.3249298	.006548334	0
609.15	0	.6686138	.3248832	.006502998	0
608.5496	0	.6686685	.3248557	.006475812	0
608.5496	0	.6686685	.3248557	.006475812	0
608.5496	0	.6686685	.3248557	.006475812	0
608.15	0	.6689404	.3243711	.006262339	4.261958E-04
607.15	0	.6696155	.3231654	.005730243	.001488854
606.15	0	.6702834	.3219694	.005201064	.002546155
605.15	0	.670944	.3207831	.004674767	.003598159
604.15	0	.6715977	.3196061	.004151318	.004644926
603.15	0	.6722443	.3184385	.003630684	.005686513
602.15	0	.6728842	.31728	.00311283	.006722978
601.15	0	.6735173	.3161306	.002597725	.007754378
600.15	0	.6741439	.31499	.002085335	.008780769
599.15	0	.6747639	.3138583	.001575628	.009802206
598.15	0	.6753775	.3127352	.001068574	.01081874
597.15	0	.6759847	.3116207	5.641418E-04	.01183044
596.15	0	.6765858	.3105146	6.230037E-05	.01283734
596.0255	0	.6766602	.3103774	0	.01296236
596.0255	0	.6766602	.3103774	0	.01296236
595.15	0	.6767835	.3099306	0	.01328584
594.15	0	.6769225	.3094242	0	.01365337
593.15	0	.6770593	.3089218	0	.01401884
592.15	0	.6771942	.3084236	0	.01438227
591.15	0	.677327	.3079293	0	.01474368
590.15	0	.6774579	.3074391	0	.01510309
589.15	0	.6775868	.3069527	0	.01546052
588.15	0	.6777137	.3064703	0	.01581598
587.15	0	.6778388	.3059917	0	.0161695
586.15	0	.677962	.3055169	0	.0165211
585.15	0	.6780833	.3050459	0	.01687079
584.15	0	.6782028	.3045786	0	.0172186
583.15	0	.6783205	.304115	0	.01756453
582.15	0	.6784364	.303655	0	.01790862
581.15	0	.6785505	.3031987	0	.01825087
580.15	0	.6786628	.3027459	0	.0185913
579.15	0	.6787735	.3022966	0	.01892994
578.15	0	.6788824	.3018508	0	.01926679
577.15	0	.6789896	.3014085	0	.01960189
576.15	0	.6790952	.3009696	0	.01993524
575.15	0	.6791991	.300534	0	.02026686
574.15	0	.6793014	.3001018	0	.02059677
573.15	0	.6794021	.2996729	0	.02092498
572.15	0	.6795012	.2992473	0	.02125151
571.15	0	.6795988	.2988248	0	.02157639
570.15	0	.6796948	.2984056	0	.02189962
569.15	0	.6797892	.2979895	0	.02222121
568.15	0	.6798822	.2975766	0	.0225412
567.15	0	.6799736	.2971668	0	.02285959
566.15	0	.6800636	.29676	0	.02317639
565.15	0	.6801522	.2963562	0	.02349163
564.15	0	.6802392	.2959555	0	.02380532
563.15	0	.6803249	.2955576	0	.02411748
562.15	0	.6804092	.2951627	0	.02442811
561.15	0	.680492	.2947708	0	.02473724
560.15	0	.6805735	.2943816	0	.02504488
559.15	0	.6806536	.2939953	0	.02535104
558.15	0	.6807324	.2936118	0	.02565574
557.15	0	.6808099	.2932311	0	.025959
556.15	0	.6808861	.2928531	0	.02626082
555.15	0	.680961	.2924778	0	.02656123
554.15	0	.6810346	.2921052	0	.02686024
553.15	0	.6811069	.2917353	0	.02715785
552.15	0	.681178	.2913679	0	.02745409
551.15	0	.6812478	.2910032	0	.02774897
550.15	0	.6813165	.290641	0	.0280425
549.15	0	.6813839	.2902814	0	.0283347
548.15	0	.6814502	.2899242	0	.02862558
547.15	0	.6815153	.2895696	0	.02891514
546.15	0	.6815792	.2892174	0	.02920342
545.15	0	.681642	.2888676	0	.02949041
544.15	0	.6817036	.2885203	0	.02977613
543.15	0	.6817641	.2881753	0	.0300606
542.15	0	.6818236	.2878326	0	.03034383
541.15	0	.6818819	.2874923	0	.03062582
540.15	0	.6819391	.2871543	0	.0309066
539.15	0	.6819953	.2868185	0	.03118617
538.15	0	.6820505	.286485	0	.03146455
537.15	0	.6821046	.2861537	0	.03174175
536.15	0	.6821577	.2858246	0	.03201777
535.15	0	.6822097	.2854977	0	.03229265
534.15	0	.6822608	.2851729	0	.03256637
533.15	0	.6823108	.2848502	0	.03283896
532.15	0	.6823599	.2845296	0	.03311043
531.15	0	.6824081	.2842111	0	.03338079
530.15	0	.6824553	.2838947	0	.03365005
529.15	0	.6825015	.2835803	0	.03391822
528.15	0	.6825468	.2832679	0	.03418531
527.15	0	.6825912	.2829575	0	.03445134
526.15	0	.6826347	.282649	0	.03471631
525.15	0	.6826772	.2823425	0	.03498023
524.15	0	.682719	.2820379	0	.03524313
523.15	0	.6827598	.2817352	0	.035505
522.15	0	.6827997	.2814344	0	.03576586
521.15	0	.6828388	.2811354	0	.03602571
520.15	0	.6828771	.2808383	0	.03628458
519.15	0	.6829146	.280543	0	.03654246
518.15	0	.6829512	.2802494	0	.03679937
517.15	0	.682987	.2799577	0	.03705533
516.15	0	.683022	.2796677	0	.03731032
515.15	0	.6830562	.2793794	0	.03756438
514.15	0	.6830897	.2790928	0	.03781751
513.15	0	.6831224	.2788079	0	.03806971
512.15	0	.6831543	.2785247	0	.038321
511.15	0	.6831854	.2782432	0	.03857139
510.15	0	.6832159	.2779632	0	.03882089
509.15	0	.6832456	.2776849	0	.0390695
508.15	0	.6832745	.2774082	0	.03931723
507.15	0	.6833028	.2771331	0	.0395641
506.15	0	.6833304	.2768595	0	.03981011
505.15	0	.6833572	.2765875	0	.04005528
504.15	0	.6833834	.276317	0	.0402996
503.15	0	.6834089	.276048	0	.0405431
502.15	0	.6834338	.2757805	0	.04078577
501.15	0	.683458	.2755144	0	.04102763
500.15	0	.6834815	.2752498	0	.04126868
499.15	0	.6835044	.2749867	0	.04150894
498.15	0	.6835267	.2747249	0	.04174841
497.15	0	.6835483	.2744646	0	.0419871
496.15	0	.6835693	.2742056	0	.04222502
495.15	0	.6835898	.273948	0	.04246218
494.15	0	.6836096	.2736918	0	.04269857
493.15	0	.6836289	.2734369	0	.04293423
492.15	0	.6836475	.2731833	0	.04316914
491.15	0	.6836656	.2729311	0	.04340332
490.15	0	.6836831	.2726801	0	.04363678
489.15	0	.6837001	.2724304	0	.04386952
488.15	0	.6837165	.2721819	0	.04410155
487.15	0	.6837324	.2719347	0	.04433288
486.15	0	.6837478	.2716887	0	.04456351
485.15	0	.6837626	.271444	0	.04479346
484.15	0	.6837769	.2712004	0	.04502273
483.15	0	.6837907	.270958	0	.04525133
482.15	0	.683804	.2707168	0	.04547926
481.15	0	.6838168	.2704767	0	.04570653
480.15	0	.6838291	.2702377	0	.04593315
479.15	0	.6838409	.2699999	0	.04615913
478.15	0	.6838523	.2697632	0	.04638447
477.15	0	.6838632	.2695276	0	.04660918
476.15	0	.6838736	.2692931	0	.04683326
475.15	0	.6838836	.2690596	0	.04705673
474.15	0	.6838932	.2688273	0	.04727959
473.15	0	.6839023	.2685959	0	.04750184
472.15	0	.6839109	.2683656	0	.04772349
471.15	0	.6839192	.2681363	0	.04794455
470.15	0	.683927	.267908	0	.04816503
469.15	0	.6839344	.2676806	0	.04838493
468.15	0	.6839415	.2674543	0	.04860425
467.15	0	.6839481	.2672289	0	.04882301
466.15	0	.6839543	.2670045	0	.0490412
465.15	0	.6839602	.266781	0	.04925884
464.15	0	.6839656	.2665584	0	.04947593
463.15	0	.6839707	.2663368	0	.04969248
462.15	0	.6839755	.266116	0	.04990849
461.15	0	.6839799	.2658962	0	.05012397
460.15	0	.6839839	.2656772	0	.05033893
459.15	0	.6839876	.2654591	0	.05055336
458.15	0	.6839909	.2652418	0	.05076728
457.15	0	.6839939	.2650254	0	.05098068
456.15	0	.6839966	.2648098	0	.05119359
455.15	0	.6839989	.2645951	0	.05140599
454.15	0	.684001	.2643811	0	.0516179
453.15	0	.6840027	.2641679	0	.05182933
452.15	0	.6840042	.2639556	0	.05204027
451.15	0	.6840053	.263744	0	.05225073
450.15	0	.6840061	.2635332	0	.05246072
449.15	0	.6840067	.263323	0	.05267027
448.15	0	.6840071	.2631136	0	.05287936
447.15	0	.6840072	.2629048	0	.053088
446.15	0	.684007	.2626968	0	.05329619
445.15	0	.6840066	.2624895	0	.05350394
444.15	0	.6840059	.2622828	0	.05371126
443.15	0	.6840051	.2620768	0	.05391816
442.15	0	.684004	.2618714	0	.05412463
441.15	0	.6840027	.2616665	0	.0543307
440.15	0	.6840013	.2614623	0	.05453636
439.15	0	.6839997	.2612587	0	.05474162
438.15	0	.6839979	.2610557	0	.05494648
437.15	0	.6839959	.2608531	0	.05515096
436.15	0	.6839938	.2606511	0	.05535506
435.15	0	.6839915	.2604497	0	.05555879
434.15	0	.6839891	.2602487	0	.05576214
433.15	0	.6839866	.2600482	0	.05596513
432.15	0	.683984	.2598482	0	.05616776
431.15	0	.6839813	.2596487	0	.05637004
430.15	0	.6839784	.2594496	0	.05657196
429.15	0	.6839755	.259251	0	.05677355
428.15	0	.6839725	.2590527	0	.05697479
427.15	0	.6839694	.2588549	0	.0571757
426.15	0	.6839662	.2586575	0	.05737628
425.15	0	.683963	.2584605	0	.05757654
424.15	0	.6839597	.2582639	0	.05777648
423.15	0	.6839563	.2580676	0	.0579761
422.15	0	.6839529	.2578717	0	.0581754
421.15	0	.6839495	.2576761	0	.0583744
420.15	0	.6839461	.2574809	0	.0585731
419.15	0	.6839426	.2572859	0	.05877149
418.15	0	.683939	.2570914	0	.05896959
417.15	0	.6839355	.2568971	0	.0591674
416.15	0	.683932	.2567031	0	.05936492
415.15	0	.6839284	.2565094	0	.05956215
414.15	0	.6839249	.2563161	0	.0597591
413.15	0	.6839213	.2561229	0	.05995577
412.15	0	.6839177	.2559301	0	.06015217
411.15	0	.6839142	.2557375	0	.06034829
410.15	0	.6839107	.2555452	0	.06054415
409.15	0	.6839072	.2553531	0	.06073974
408.15	0	.6839037	.2551612	0	.06093506
407.15	0	.6839003	.2549696	0	.06113013
406.15	0	.6838968	.2547782	0	.06132493
405.15	0	.6838934	.2545871	0	.06151949
404.15	0	.6838901	.2543961	0	.06171379
403.15	0	.6838868	.2542054	0	.06190784
402.15	0	.6838835	.2540148	0	.06210164
401.15	0	.6838803	.2538245	0	.0622952
400.15	0	.6838771	.2536344	0	.06248852
399.15	0	.683874	.2534444	0	.0626816
398.15	0	.683871	.2532546	0	.06287444
397.15	0	.6838679	.253065	0	.06306704
396.15	0	.683865	.2528756	0	.06325941
395.15	0	.6838621	.2526863	0	.06345155
394.15	0	.6838593	.2524972	0	.06364345
393.15	0	.6838566	.2523083	0	.06383514
392.15	0	.6838539	.2521195	0	.06402659
391.15	0	.6838513	.2519309	0	.06421782
390.15	0	.6838487	.2517424	0	.06440883
389.15	0	.6838463	.2515541	0	.06459962
388.15	0	.6838439	.2513659	0	.06479019
387.15	0	.6838416	.2511779	0	.06498054
386.15	0	.6838393	.25099	0	.06517068
385.15	0	.6838372	.2508022	0	.0653606
384.15	0	.6838351	.2506146	0	.06555031
383.15	0	.6838331	.2504271	0	.06573981
382.15	0	.6838312	.2502397	0	.0659291
381.15	0	.6838294	.2500524	0	.06611818
380.15	0	.6838277	.2498653	0	.06630705
379.15	0	.6838261	.2496782	0	.06649572
378.15	0	.6838245	.2494913	0	.06668418
377.15	0	.6838231	.2493045	0	.06687244
376.15	0	.6838217	.2491178	0	.06706049
375.15	0	.6838204	.2489312	0	.06724835
374.15	0	.6838192	.2487448	0	.067436
373.15	0	.6838181	.2485584	0	.06762346
372.15	0	.6838171	.2483722	0	.06781072
