T	 BPW(LIQUID)	BPW(BCC_A2)	BPW(FCC_A1)	BPW(LAVES_PHASE_C14)	BPW(NI3TI)
1473.15	0	1	0	0	0
1472.15	0	1	0	0	0
1471.15	0	1	0	0	0
1470.15	0	1	0	0	0
1469.15	0	1	0	0	0
1468.15	0	1	0	0	0
1467.15	0	1	0	0	0
1466.15	0	1	0	0	0
1465.15	0	1	0	0	0
1464.15	0	1	0	0	0
1463.15	0	1	0	0	0
1462.15	0	1	0	0	0
1461.15	0	1	0	0	0
1460.15	0	1	0	0	0
1459.15	0	1	0	0	0
1458.15	0	1	0	0	0
1457.15	0	1	0	0	0
1456.15	0	1	0	0	0
1455.15	0	1	0	0	0
1454.15	0	1	0	0	0
1453.15	0	1	0	0	0
1452.15	0	1	0	0	0
1451.15	0	1	0	0	0
1450.15	0	1	0	0	0
1449.15	0	1	0	0	0
1448.15	0	1	0	0	0
1447.15	0	1	0	0	0
1446.15	0	1	0	0	0
1445.15	0	1	0	0	0
1444.15	0	1	0	0	0
1443.15	0	1	0	0	0
1442.15	0	1	0	0	0
1441.15	0	1	0	0	0
1440.15	0	1	0	0	0
1439.15	0	1	0	0	0
1438.15	0	1	0	0	0
1437.15	0	1	0	0	0
1436.15	0	1	0	0	0
1435.15	0	1	0	0	0
1434.15	0	1	0	0	0
1433.15	0	1	0	0	0
1432.15	0	1	0	0	0
1431.15	0	1	0	0	0
1430.15	0	1	0	0	0
1429.15	0	1	0	0	0
1428.15	0	1	0	0	0
1427.15	0	1	0	0	0
1426.15	0	1	0	0	0
1425.15	0	1	0	0	0
1424.15	0	1	0	0	0
1423.15	0	1	0	0	0
1422.15	0	1	0	0	0
1421.15	0	1	0	0	0
1420.15	0	1	0	0	0
1419.15	0	1	0	0	0
1418.15	0	1	0	0	0
1417.15	0	1	0	0	0
1416.913	0	1	0	0	0
1416.913	0	1	0	0	0
1416.913	0	1	0	0	0
1416.15	0	.9994468	0	5.532468E-04	0
1415.15	0	.9987235	0	.001276459	0
1414.15	0	.9980021	0	.001997896	0
1413.15	0	.9972824	0	.002717565	0
1412.15	0	.9965645	0	.003435471	0
1411.15	0	.9958484	0	.004151621	0
1410.15	0	.995134	0	.004866019	0
1409.15	0	.9944213	0	.005578673	0
1408.15	0	.9937104	0	.006289587	0
1407.15	0	.9930012	0	.006998768	0
1406.15	0	.9922938	0	.007706222	0
1405.15	0	.9915881	0	.008411954	0
1404.15	0	.990884	0	.00911597	0
1403.15	0	.9901817	0	.009818276	0
1402.15	0	.9894811	0	.01051888	0
1401.15	0	.9887822	0	.01121778	0
1400.15	0	.988085	0	.01191499	0
1399.15	0	.9873895	0	.01261051	0
1398.15	0	.9866957	0	.01330435	0
1397.15	0	.9860035	0	.01399651	0
1396.15	0	.985313	0	.014687	0
1395.15	0	.9846242	0	.01537583	0
1394.15	0	.983937	0	.016063	0
1393.15	0	.9832515	0	.01674851	0
1392.15	0	.9825676	0	.01743237	0
1391.15	0	.9818854	0	.01811459	0
1390.15	0	.9812048	0	.01879517	0
1389.15	0	.9805259	0	.01947411	0
1388.15	0	.9798486	0	.02015143	0
1387.15	0	.9791729	0	.02082713	0
1386.15	0	.9784988	0	.02150121	0
1385.15	0	.9778263	0	.02217367	0
1384.15	0	.9771555	0	.02284453	0
1383.15	0	.9764862	0	.02351379	0
1382.15	0	.9758185	0	.02418146	0
1381.15	0	.9751525	0	.02484753	0
1380.15	0	.974488	0	.02551201	0
1379.15	0	.9738251	0	.02617492	0
1378.15	0	.9731638	0	.02683624	0
1377.15	0	.972504	0	.027496	0
1376.15	0	.9718458	0	.02815419	0
1375.15	0	.9711892	0	.02881082	0
1374.15	0	.9705341	0	.0294659	0
1373.15	0	.9698806	0	.03011942	0
1372.15	0	.9692286	0	.0307714	0
1371.15	0	.9685782	0	.03142183	0
1370.15	0	.9679293	0	.03207074	0
1369.15	0	.9672819	0	.0327181	0
1368.15	0	.966636	0	.03336395	0
1367.15	0	.9659917	0	.03400827	0
1366.15	0	.9653489	0	.03465107	0
1365.15	0	.9647076	0	.03529236	0
1364.15	0	.9640679	0	.03593215	0
1363.15	0	.9634296	0	.03657043	0
1362.15	0	.9627928	0	.03720721	0
1361.15	0	.9621575	0	.0378425	0
1360.15	0	.9615237	0	.03847631	0
1359.15	0	.9608914	0	.03910862	0
1358.15	0	.9602605	0	.03973946	0
1357.15	0	.9596312	0	.04036883	0
1356.15	0	.9590033	0	.04099672	0
1355.15	0	.9583769	0	.04162315	0
1354.15	0	.9577519	0	.04224812	0
1353.15	0	.9571284	0	.04287163	0
1352.15	0	.9565063	0	.04349369	0
1351.15	0	.9558857	0	.0441143	0
1350.15	0	.9552665	0	.04473347	0
1349.15	0	.9546488	0	.0453512	0
1348.15	0	.9540325	0	.04596749	0
1347.15	0	.9534176	0	.04658236	0
1346.15	0	.9528042	0	.0471958	0
1345.15	0	.9521922	0	.04780782	0
1344.15	0	.9515816	0	.04841842	0
1343.15	0	.9509724	0	.04902762	0
1342.15	0	.9503646	0	.0496354	0
1341.15	0	.9497582	0	.05024178	0
1340.15	0	.9491533	0	.05084676	0
1339.15	0	.9485497	0	.05145034	0
1338.15	0	.9479475	0	.05205253	0
1337.15	0	.9473467	0	.05265334	0
1336.15	0	.9467472	0	.05325276	0
1335.15	0	.9461492	0	.0538508	0
1334.15	0	.9455525	0	.05444747	0
1333.15	0	.9449572	0	.05504277	0
1332.15	0	.9443633	0	.05563671	0
1331.15	0	.9437707	0	.05622928	0
1330.15	0	.9431795	0	.05682049	0
1329.15	0	.9425897	0	.05741035	0
1328.15	0	.9420011	0	.05799886	0
1327.15	0	.941414	0	.05858602	0
1326.15	0	.9408282	0	.05917184	0
1325.15	0	.9402437	0	.05975633	0
1324.15	0	.9396605	0	.06033948	0
1323.15	0	.9390787	0	.0609213	0
1322.15	0	.9384982	0	.06150179	0
1321.15	0	.937919	0	.06208096	0
1320.15	0	.9373412	0	.06265881	0
1319.15	0	.9367646	0	.06323535	0
1318.15	0	.9361894	0	.06381057	0
1317.15	0	.9356155	0	.0643845	0
1316.15	0	.9350429	0	.06495711	0
1315.15	0	.9344716	0	.06552843	0
1314.15	0	.9339016	0	.06609845	0
1313.15	0	.9333328	0	.06666719	0
1312.15	0	.9327654	0	.06723463	0
1311.15	0	.9321992	0	.06780079	0
1310.15	0	.9316343	0	.06836567	0
1309.15	0	.9310707	0	.06892927	0
1308.15	0	.9305084	0	.0694916	0
1307.15	0	.9299473	0	.07005265	0
1306.15	0	.9293876	0	.07061245	0
1305.15	0	.928829	0	.07117098	0
1304.15	0	.9282718	0	.07172825	0
1303.15	0	.9277157	0	.07228427	0
1302.15	0	.927161	0	.07283904	0
1301.15	0	.9266075	0	.07339255	0
1300.15	0	.9260552	0	.07394483	0
1299.15	0	.9255041	0	.07449586	0
1298.15	0	.9249543	0	.07504566	0
1297.15	0	.9244058	0	.07559422	0
1296.15	0	.9238584	0	.07614156	0
1295.15	0	.9233123	0	.07668766	0
1294.15	0	.9227674	0	.07723254	0
1293.15	0	.9222238	0	.07777621	0
1292.15	0	.9216813	0	.07831866	0
1291.15	0	.9211401	0	.07885989	0
1290.15	0	.9206001	0	.07939991	0
1289.15	0	.9200613	0	.07993873	0
1288.15	0	.9195237	0	.08047635	0
1287.15	0	.9189872	0	.08101276	0
1286.15	0	.918452	0	.08154798	0
1285.15	0	.917918	0	.08208201	0
1284.15	0	.9173851	0	.08261485	0
1283.15	0	.9168535	0	.0831465	0
1282.15	0	.916323	0	.08367697	0
1281.15	0	.9157937	0	.08420626	0
1280.15	0	.9152656	0	.08473437	0
1279.15	0	.9147387	0	.08526131	0
1278.15	0	.9142129	0	.08578708	0
1277.15	0	.9136883	0	.08631168	0
1276.15	0	.9131649	0	.08683512	0
1275.15	0	.9126426	0	.0873574	0
1274.15	0	.9121215	0	.08787852	0
1273.15	0	.9116015	0	.08839849	0
1272.15	0	.9110827	0	.0889173	0
1271.15	0	.910565	0	.08943497	0
1270.15	0	.9100485	0	.0899515	0
1269.15	0	.9095331	0	.09046688	0
1268.15	0	.9090189	0	.09098112	0
1267.15	0	.9085058	0	.09149423	0
1266.15	0	.9079938	0	.0920062	0
1265.15	0	.907483	0	.09251705	0
1264.15	0	.9069732	0	.09302677	0
1263.15	0	.9064646	0	.09353537	0
1262.15	0	.9059572	0	.09404284	0
1261.15	0	.9054508	0	.0945492	0
1260.15	0	.9049456	0	.09505445	0
1259.15	0	.9044414	0	.09555858	0
1258.15	0	.9039384	0	.09606161	0
1257.15	0	.9034365	0	.09656353	0
1256.15	0	.9029357	0	.09706434	0
1255.15	0	.9024359	0	.09756406	0
1254.15	0	.9019373	0	.09806268	0
1253.15	0	.9014398	0	.09856021	0
1252.15	0	.9009434	0	.09905664	0
1251.15	0	.900448	0	.09955199	0
1250.15	0	.8999538	0	.1000463	0
1249.15	0	.8994606	0	.1005394	0
1248.15	0	.8989685	0	.1010315	0
1247.15	0	.8984775	0	.1015225	0
1246.15	0	.8979875	0	.1020125	0
1245.15	0	.8974986	0	.1025014	0
1244.15	0	.8970108	0	.1029892	0
1243.15	0	.8965241	0	.1034759	0
1242.15	0	.8960384	0	.1039616	0
1241.15	0	.8955538	0	.1044462	0
1240.15	0	.8950702	0	.1049298	0
1239.15	0	.8945877	0	.1054123	0
1238.15	0	.8941063	0	.1058937	0
1237.15	0	.8936258	0	.1063742	0
1236.15	0	.8931465	0	.1068535	0
1235.15	0	.8926682	0	.1073318	0
1234.15	0	.8921909	0	.1078091	0
1233.15	0	.8917147	0	.1082853	0
1232.15	0	.8912395	0	.1087605	0
1231.15	0	.8907653	0	.1092347	0
1230.15	0	.8902922	0	.1097078	0
1229.15	0	.8898201	0	.1101799	0
1228.15	0	.889349	0	.110651	0
1227.15	0	.888879	0	.1111211	0
1226.15	0	.8884099	0	.1115901	0
1225.15	0	.8879419	0	.1120581	0
1224.15	0	.8874749	0	.1125251	0
1223.15	0	.8870089	0	.1129911	0
1222.15	0	.886544	0	.1134561	0
1221.15	0	.88608	0	.11392	0
1220.15	0	.885617	0	.114383	0
1219.15	0	.8851551	0	.1148449	0
1218.15	0	.8846941	0	.1153059	0
1217.15	0	.8842342	0	.1157659	0
1216.15	0	.8837752	0	.1162248	0
1215.15	0	.8833172	0	.1166828	0
1214.15	0	.8828602	0	.1171398	0
1213.15	0	.8824043	0	.1175957	0
1212.15	0	.8819492	0	.1180508	0
1211.15	0	.8814952	0	.1185048	0
1210.15	0	.8810422	0	.1189578	0
1209.15	0	.8805901	0	.1194099	0
1208.15	0	.8801391	0	.1198609	0
1207.15	0	.8796889	0	.1203111	0
1206.15	0	.8792398	0	.1207602	0
1205.15	0	.8787916	0	.1212084	0
1204.15	0	.8783444	0	.1216556	0
1203.15	0	.8778982	0	.1221018	0
1202.15	0	.8774529	0	.1225471	0
1201.15	0	.8770086	0	.1229914	0
1200.15	0	.8765653	0	.1234347	0
1199.15	0	.8761229	0	.1238771	0
1198.15	0	.8756814	0	.1243186	0
1197.15	0	.875241	0	.1247591	0
1196.15	0	.8748014	0	.1251986	0
1195.15	0	.8743628	0	.1256372	0
1194.15	0	.8739252	0	.1260748	0
1193.15	0	.8734885	0	.1265115	0
1192.15	0	.8730527	0	.1269473	0
1191.15	0	.8726179	0	.1273821	0
1190.15	0	.872184	0	.127816	0
1189.15	0	.871751	0	.128249	0
1188.15	0	.871319	0	.128681	0
1187.15	0	.8708879	0	.1291121	0
1186.15	0	.8704577	0	.1295423	0
1185.15	0	.8700285	0	.1299715	0
1184.15	0	.8696002	0	.1303999	0
1183.15	0	.8691728	0	.1308273	0
1182.15	0	.8687463	0	.1312537	0
1181.15	0	.8683207	0	.1316793	0
1180.15	0	.8678961	0	.1321039	0
1179.15	0	.8674723	0	.1325277	0
1178.15	0	.8670495	0	.1329505	0
1177.15	0	.8666276	0	.1333724	0
1176.15	0	.8662066	0	.1337934	0
1175.15	0	.8657865	0	.1342135	0
1174.15	0	.8653673	0	.1346327	0
1173.15	0	.864949	0	.135051	0
1172.15	0	.8645316	0	.1354685	0
1171.15	0	.8641151	0	.135885	0
1170.15	0	.8636994	0	.1363006	0
1169.15	0	.8632847	0	.1367153	0
1168.15	0	.8628709	0	.1371291	0
1167.15	0	.8624579	0	.1375421	0
1166.15	0	.8620459	0	.1379541	0
1165.15	0	.8616347	0	.1383653	0
1164.15	0	.8612244	0	.1387756	0
1163.15	0	.860815	0	.139185	0
1162.15	0	.8604065	0	.1395935	0
1161.15	0	.8599989	0	.1400011	0
1160.15	0	.8595921	0	.1404079	0
1159.15	0	.8591862	0	.1408138	0
1158.15	0	.8587811	0	.1412189	0
1157.15	0	.858377	0	.141623	0
1156.15	0	.8579737	0	.1420263	0
1155.15	0	.8575713	0	.1424287	0
1154.15	0	.8571697	0	.1428303	0
1153.15	0	.856769	0	.143231	0
1152.15	0	.8563691	0	.1436309	0
1151.15	0	.8559701	0	.1440298	0
1150.15	0	.855572	0	.144428	0
1149.15	0	.8551747	0	.1448252	0
1148.15	0	.8547783	0	.1452217	0
1147.15	0	.8543828	0	.1456172	0
1146.15	0	.8539881	0	.146012	0
1145.15	0	.8535942	0	.1464058	0
1144.15	0	.8532011	0	.1467989	0
1143.15	0	.852809	0	.147191	0
1142.15	0	.8524176	0	.1475824	0
1141.15	0	.8520271	0	.1479729	0
1140.15	0	.8516375	0	.1483625	0
1139.15	0	.8512487	0	.1487514	0
1138.15	0	.8508607	0	.1491393	0
1137.15	0	.8504735	0	.1495265	0
1136.15	0	.8500872	0	.1499128	0
1135.15	0	.8497017	0	.1502983	0
1134.15	0	.849317	0	.150683	0
1133.15	0	.8489332	0	.1510668	0
1132.15	0	.8485502	0	.1514498	0
1131.15	0	.848168	0	.151832	0
1130.15	0	.8477866	0	.1522134	0
1129.15	0	.8474061	0	.1525939	0
1128.15	0	.8470264	0	.1529737	0
1127.15	0	.8466474	0	.1533526	0
1126.15	0	.8462693	0	.1537307	0
1125.15	0	.8458921	0	.1541079	0
1124.15	0	.8455156	0	.1544844	0
1123.15	0	.8451399	0	.1548601	0
1122.15	0	.8447651	0	.1552349	0
1121.15	0	.844391	0	.155609	0
1120.15	0	.8440178	0	.1559822	0
1119.15	0	.8436454	0	.1563547	0
1118.15	0	.8432737	0	.1567263	0
1117.15	0	.8429029	0	.1570971	0
1116.15	0	.8425328	0	.1574672	0
1115.15	0	.8421636	0	.1578364	0
1114.15	0	.8417952	0	.1582048	0
1113.15	0	.8414275	0	.1585725	0
1112.15	0	.8410607	0	.1589393	0
1111.15	0	.8406946	0	.1593054	0
1110.15	0	.8403293	0	.1596707	0
1109.15	0	.8399648	0	.1600352	0
1108.15	0	.8396011	0	.1603989	0
1107.15	0	.8392382	0	.1607618	0
1106.15	0	.8388761	0	.1611239	0
1105.15	0	.8385148	0	.1614852	0
1104.15	0	.8381542	0	.1618458	0
1103.15	0	.8377944	0	.1622056	0
1102.15	0	.8374354	0	.1625646	0
1101.15	0	.8370772	0	.1629228	0
1100.15	0	.8367197	0	.1632803	0
1099.15	0	.836363	0	.163637	0
1098.15	0	.8360071	0	.1639929	0
1097.15	0	.835652	0	.164348	0
1096.15	0	.8352976	0	.1647024	0
1095.15	0	.834944	0	.165056	0
1094.15	0	.8345912	0	.1654088	0
1093.15	0	.8342391	0	.1657609	0
1092.15	0	.8338878	0	.1661122	0
1091.15	0	.8335372	0	.1664628	0
1090.15	0	.8331875	0	.1668126	0
1089.15	0	.8328384	0	.1671616	0
1088.15	0	.8324902	0	.1675098	0
1087.15	0	.8321426	0	.1678574	0
1086.15	0	.8317959	0	.1682041	0
1085.15	0	.8314499	0	.1685501	0
1084.15	0	.8311046	0	.1688954	0
1083.15	0	.8307601	0	.1692399	0
1082.15	0	.8304164	0	.1695836	0
1081.15	0	.8300734	0	.1699266	0
1080.15	0	.8297311	0	.1702689	0
1079.15	0	.8293896	0	.1706104	0
1078.15	0	.8290489	0	.1709511	0
1077.15	0	.8287089	0	.1712911	0
1076.15	0	.8283696	0	.1716304	0
1075.15	0	.8280311	0	.171969	0
1074.15	0	.8276933	0	.1723068	0
1073.15	0	.8273562	0	.1726438	0
1072.15	0	.8270199	0	.1729801	0
1071.15	0	.8266843	0	.1733157	0
1070.15	0	.8263494	0	.1736506	0
1069.15	0	.8260153	0	.1739847	0
1068.15	0	.8256819	0	.1743181	0
1067.15	0	.8253493	0	.1746507	0
1066.15	0	.8250174	0	.1749826	0
1065.15	0	.8246862	0	.1753138	0
1064.15	0	.8243557	0	.1756443	0
1063.15	0	.824026	0	.175974	0
1062.15	0	.8236969	0	.1763031	0
1061.15	0	.8233686	0	.1766314	0
1060.15	0	.8230411	0	.1769589	0
1059.15	0	.8227142	0	.1772858	0
1058.15	0	.8223881	0	.1776119	0
1057.15	0	.8220627	0	.1779374	0
1056.15	0	.821738	0	.178262	0
1055.15	0	.821414	0	.178586	0
1054.15	0	.8210907	0	.1789093	0
1053.15	0	.8207682	0	.1792318	0
1052.15	0	.8204463	0	.1795537	0
1051.15	0	.8201252	0	.1798748	0
1050.15	0	.8198048	0	.1801952	0
1049.15	0	.8194851	0	.1805149	0
1048.15	0	.8191661	0	.1808339	0
1047.15	0	.8188478	0	.1811522	0
1046.15	0	.8185302	0	.1814698	0
1045.15	0	.8182133	0	.1817867	0
1044.15	0	.8178971	0	.1821029	0
1043.15	0	.8175816	0	.1824184	0
1042.15	0	.8172669	0	.1827331	0
1041.15	0	.8169528	0	.1830472	0
1040.15	0	.8166394	0	.1833606	0
1039.15	0	.8163267	0	.1836733	0
1038.15	0	.8160148	0	.1839853	0
1037.15	0	.8157035	0	.1842965	0
1036.15	0	.8153929	0	.1846071	0
1035.15	0	.815083	0	.184917	0
1034.15	0	.8147738	0	.1852262	0
1033.15	0	.8144653	0	.1855347	0
1032.15	0	.8141574	0	.1858426	0
1031.15	0	.8138503	0	.1861497	0
1030.15	0	.8135439	0	.1864561	0
1029.15	0	.8132381	0	.1867619	0
1028.15	0	.812933	0	.187067	0
1027.15	0	.8126287	0	.1873713	0
1026.15	0	.812325	0	.187675	0
1025.15	0	.8120219	0	.1879781	0
1024.15	0	.8117196	0	.1882804	0
1023.15	0	.811418	0	.188582	0
1022.15	0	.811117	0	.188883	0
1021.15	0	.8108167	0	.1891833	0
1020.15	0	.8105171	0	.1894829	0
1019.15	0	.8102181	0	.1897819	0
1018.15	0	.8099199	0	.1900801	0
1017.15	0	.8096223	0	.1903777	0
1016.15	0	.8093254	0	.1906746	0
1015.15	0	.8090291	0	.1909709	0
1014.15	0	.8087336	0	.1912664	0
1013.15	0	.8084387	0	.1915613	0
1012.15	0	.8081445	0	.1918555	0
1011.15	0	.8078509	0	.1921491	0
1010.15	0	.807558	0	.192442	0
1009.15	0	.8072658	0	.1927342	0
1008.15	0	.8069743	0	.1930257	0
1007.15	0	.8066834	0	.1933166	0
1006.15	0	.8063932	0	.1936068	0
1005.15	0	.8061036	0	.1938964	0
1004.15	0	.8058147	0	.1941853	0
1003.15	0	.8055265	0	.1944735	0
1002.15	0	.8052389	0	.1947611	0
1001.15	0	.804952	0	.195048	0
1000.15	0	.8046658	0	.1953342	0
999.15	0	.8043802	0	.1956198	0
998.15	0	.8040953	0	.1959047	0
997.15	0	.803811	0	.196189	0
996.15	0	.8035274	0	.1964726	0
995.15	0	.8032444	0	.1967556	0
994.15	0	.8029621	0	.1970379	0
993.15	0	.8026805	0	.1973196	0
992.15	0	.8023995	0	.1976005	0
991.8741	0	.802322	0	.197678	0
991.8741	0	.802322	0	.197678	0
991.8741	0	.802322	0	.197678	0
991.15	0	.801636	5.148317E-04	.1978492	0
990.15	0	.800691	.001224101	.1980849	0
989.15	0	.7997488	.001931324	.1983198	0
988.15	0	.7988095	.002636506	.198554	0
987.15	0	.7978731	.003339648	.1987873	0
986.15	0	.7969395	.004040756	.1990197	0
985.15	0	.7960087	.004739831	.1992514	0
984.15	0	.7950808	.005436879	.1994823	0
983.15	0	.7941558	.006131902	.1997123	0
982.15	0	.7932336	.006824905	.1999415	0
981.15	0	.7923142	.007515893	.2001699	0
980.15	0	.7913976	.008204868	.2003975	0
979.15	0	.7904839	.008891836	.2006242	0
978.15	0	.789573	.009576802	.2008502	0
977.15	0	.788665	.01025977	.2010752	0
976.15	0	.7877598	.01094074	.2012995	0
975.15	0	.7868574	.01161973	.2015229	0
974.15	0	.7859578	.01229673	.2017455	0
973.15	0	.785061	.01297176	.2019672	0
972.15	0	.784167	.01364481	.2021882	0
971.15	0	.7832759	.0143159	.2024082	0
970.15	0	.7823875	.01498503	.2026274	0
969.15	0	.781502	.0156522	.2028458	0
968.15	0	.7806192	.01631743	.2030633	0
967.15	0	.7797393	.01698071	.20328	0
966.15	0	.7788621	.01764206	.2034958	0
965.15	0	.7779877	.01830148	.2037108	0
964.15	0	.7771161	.01895899	.2039249	0
963.15	0	.7762473	.01961458	.2041382	0
962.15	0	.7753812	.02026826	.2043505	0
961.15	0	.7745179	.02092005	.204562	0
960.15	0	.7736574	.02156995	.2047727	0
959.15	0	.7727996	.02221797	.2049824	0
958.15	0	.7719446	.02286412	.2051913	0
957.15	0	.7710923	.02350841	.2053993	0
956.15	0	.7702427	.02415085	.2056065	0
955.15	0	.7693959	.02479144	.2058127	0
954.15	0	.7685518	.0254302	.206018	0
953.15	0	.7677104	.02606713	.2062225	0
952.15	0	.7668717	.02670226	.206426	0
951.15	0	.7660357	.02733558	.2066287	0
950.15	0	.7652025	.02796711	.2068304	0
949.15	0	.7643719	.02859687	.2070313	0
948.15	0	.763544	.02922486	.2072312	0
947.15	0	.7627187	.0298511	.2074302	0
946.15	0	.7618962	.03047559	.2076283	0
945.15	0	.7610762	.03109836	.2078254	0
944.15	0	.7602589	.03171942	.2080216	0
943.15	0	.7594443	.03233877	.2082169	0
942.15	0	.7586323	.03295645	.2084113	0
941.15	0	.7578229	.03357245	.2086047	0
940.15	0	.7570161	.0341868	.2087971	0
939.15	0	.7562119	.03479951	.2089886	0
938.15	0	.7554103	.0354106	.2091791	0
937.15	0	.7546112	.03602008	.2093687	0
936.15	0	.7538147	.03662798	.2095573	0
935.15	0	.7530207	.03723431	.209745	0
934.15	0	.7522293	.03783909	.2099316	0
933.15	0	.7514404	.03844234	.2101172	0
932.15	0	.750654	.03904408	.2103019	0
931.15	0	.7498701	.03964433	.2104856	0
930.15	0	.7490887	.04024311	.2106682	0
929.15	0	.7483097	.04084044	.2108499	0
928.15	0	.7475332	.04143634	.2110305	0
927.15	0	.7467591	.04203085	.2112101	0
926.15	0	.7459874	.04262398	.2113887	0
925.15	0	.7452181	.04321576	.2115662	0
924.15	0	.7444511	.04380621	.2117427	0
923.15	0	.7436866	.04439535	.2119181	0
922.15	0	.7429243	.04498323	.2120925	0
921.15	0	.7421644	.04556985	.2122658	0
920.15	0	.7414068	.04615527	.212438	0
919.15	0	.7406514	.04673949	.2126091	0
918.15	0	.7398983	.04732256	.2127792	0
917.15	0	.7391474	.0479045	.2129481	0
916.15	0	.7383987	.04848534	.2131159	0
915.15	0	.7376522	.04906513	.2132827	0
914.15	0	.7369079	.0496439	.2134483	0
913.15	0	.7361656	.05022167	.2136127	0
912.15	0	.7354255	.0507985	.213776	0
911.15	0	.7346874	.05137441	.2139382	0
910.15	0	.7339514	.05194944	.2140992	0
909.15	0	.7332174	.05252364	.214259	0
908.15	0	.7324853	.05309704	.2144176	0
907.15	0	.7317552	.0536697	.2145751	0
906.15	0	.7310271	.05424165	.2147313	0
905.15	0	.7303008	.05481294	.2148863	0
904.15	0	.7295763	.05538361	.2150401	0
903.15	0	.7288537	.05595373	.2151926	0
902.15	0	.7281328	.05652332	.2153439	0
901.15	0	.7274136	.05709246	.2154939	0
900.15	0	.7266961	.05766119	.2156427	0
899.15	0	.7259803	.05822956	.2157902	0
898.15	0	.7252661	.05879763	.2159363	0
897.15	0	.7245534	.05936547	.2160811	0
896.15	0	.7238422	.05993313	.2162247	0
895.15	0	.7231325	.06050067	.2163668	0
894.15	0	.7224242	.06106816	.2165076	0
893.15	0	.7217173	.06163567	.2166471	0
892.15	0	.7210116	.06220327	.2167851	0
891.15	0	.7203072	.06277102	.2169217	0
890.15	0	.719604	.063339	.217057	0
889.15	0	.718902	.06390729	.2171907	0
888.15	0	.718201	.06447596	.2173231	0
887.15	0	.717501	.0650451	.2174539	0
886.15	0	.716802	.06561479	.2175833	0
885.15	0	.7161038	.06618511	.2177111	0
884.15	0	.7154064	.06675617	.2178374	0
883.15	0	.7147098	.06732804	.2179622	0
882.15	0	.7140138	.06790083	.2180854	0
881.15	0	.7133184	.06847463	.218207	0
880.15	0	.7126234	.06904955	.218327	0
879.15	0	.7119289	.06962571	.2184454	0
878.15	0	.7112347	.07020319	.2185621	0
877.15	0	.7105408	.07078213	.2186771	0
876.15	0	.709847	.07136264	.2187904	0
875.15	0	.7091532	.07194485	.218902	0
874.15	0	.7084593	.07252887	.2190118	0
873.15	0	.7077653	.07311486	.2191198	0
872.15	0	.707071	.07370293	.2192261	0
871.15	0	.7063763	.07429325	.2193305	0
870.15	0	.7056811	.07488595	.2194329	0
869.15	0	.7049853	.0754812	.2195336	0
868.15	0	.7042886	.07607914	.2196322	0
867.15	0	.7035911	.07667997	.2197289	0
866.15	0	.7028926	.07728383	.2198236	0
865.15	0	.7021928	.07789093	.2199162	0
864.15	0	.7014918	.07850145	.2200068	0
863.15	0	.7007892	.07911559	.2200952	0
862.15	0	.7000849	.07973355	.2201815	0
861.15	0	.6993789	.08035556	.2202656	0
860.15	0	.6986708	.08098184	.2203474	0
859.15	0	.6979605	.08161263	.2204269	0
858.15	0	.6972477	.08224817	.2205041	0
857.15	0	.6965324	.08288873	.2205789	0
856.15	0	.6958142	.08353459	.2206512	0
855.15	0	.695093	.08418602	.220721	0
854.15	0	.6943684	.08484333	.2207883	0
853.15	0	.6936403	.08550683	.2208529	0
852.15	0	.6929084	.08617687	.2209148	0
851.15	0	.6921723	.08685379	.2209739	0
850.15	0	.6914318	.08753797	.2210303	0
849.15	0	.6906866	.0882298	.2210837	0
848.15	0	.6899363	.0889297	.221134	0
847.15	0	.6891805	.0896381	.2211814	0
846.15	0	.688419	.09035548	.2212255	0
845.15	0	.6876513	.09108233	.2212664	0
844.15	0	.6868769	.09181918	.2213039	0
843.15	0	.6860955	.0925666	.2213379	0
842.15	0	.6853065	.09332519	.2213683	0
841.15	0	.6845094	.09409559	.221395	0
840.15	0	.6837037	.09487848	.2214179	0
839.15	0	.6828887	.09567463	.2214367	0
838.15	0	.6820639	.09648481	.2214513	0
837.15	0	.6812284	.09730988	.2214617	0
836.15	0	.6799089	.09868557	.2214056	0
835.15	0	.678593	.1000624	.2213445	0
834.15	0	.6773267	.1013885	.2212848	0
833.15	0	.6761073	.1026664	.2212263	0
832.15	0	.6749324	.1038987	.221169	0
831.15	0	.6737996	.1050876	.2211128	0
830.15	0	.6727068	.1062354	.2210578	0
829.15	0	.6716521	.1073441	.2210038	0
828.15	0	.6706335	.1084156	.2209509	0
827.15	0	.6696494	.1094517	.2208989	0
826.15	0	.6686979	.1104542	.2208479	0
825.15	0	.6677776	.1114246	.2207978	0
824.15	0	.666887	.1123645	.2207485	0
823.15	0	.6660247	.1132753	.2207001	0
822.15	0	.6651894	.1141582	.2206524	0
821.15	0	.6643799	.1150146	.2206055	0
820.15	0	.663595	.1158457	.2205593	0
819.15	0	.6628336	.1166527	.2205138	0
818.15	0	.6620947	.1174364	.2204689	0
817.15	0	.6613773	.1181981	.2204246	0
816.15	0	.6606806	.1189385	.2203809	0
815.15	0	.6600035	.1196587	.2203378	0
814.15	0	.6593453	.1203596	.2202952	0
813.15	0	.6587052	.1210418	.2202531	0
812.15	0	.6580824	.1217061	.2202115	0
811.15	0	.6574763	.1223534	.2201703	0
810.15	0	.6568861	.1229843	.2201296	0
809.15	0	.6563113	.1235995	.2200893	0
808.15	0	.6557511	.1241996	.2200493	0
807.15	0	.6552051	.1247851	.2200098	0
806.15	0	.6546727	.1253567	.2199705	0
805.15	0	.6541534	.1259149	.2199317	0
804.15	0	.6536466	.1264603	.2198931	0
803.15	0	.653152	.1269932	.2198548	0
802.15	0	.6526689	.1275142	.2198169	0
801.15	0	.6521971	.1280238	.2197792	0
800.15	0	.651736	.1285223	.2197417	0
799.15	0	.6512854	.1290102	.2197045	0
798.15	0	.6508447	.1294878	.2196675	0
797.15	0	.6504138	.1299555	.2196307	0
796.15	0	.6499921	.1304137	.2195941	0
795.15	0	.6495795	.1308628	.2195578	0
794.15	0	.6491755	.131303	.2195216	0
793.15	0	.6487799	.1317346	.2194855	0
792.15	0	.6483923	.132158	.2194497	0
791.15	0	.6480126	.1325735	.2194139	0
790.15	0	.6476405	.1329812	.2193784	0
789.15	0	.6472756	.1333815	.2193429	0
788.15	0	.6469178	.1337746	.2193076	0
787.15	0	.6465667	.1341609	.2192724	0
786.15	0	.6462223	.1345404	.2192373	0
785.15	0	.6458843	.1349134	.2192023	0
784.15	0	.6455525	.1352801	.2191674	0
783.15	0	.6452266	.1356408	.2191326	0
782.15	0	.6449065	.1359956	.2190979	0
781.15	0	.644592	.1363448	.2190632	0
780.15	0	.644283	.1366884	.2190287	0
779.15	0	.6439792	.1370267	.2189941	0
778.15	0	.6436805	.1373598	.2189597	0
777.15	0	.6433868	.137688	.2189253	0
776.15	0	.6430978	.1380113	.2188909	0
775.15	0	.6428136	.1383298	.2188566	0
774.15	0	.6425338	.1386439	.2188223	0
773.15	0	.6422584	.1389535	.2187881	0
772.15	0	.6419873	.1392588	.2187539	0
771.15	0	.6417203	.13956	.2187197	0
770.15	0	.6414573	.1398571	.2186856	0
769.15	0	.6411982	.1401503	.2186515	0
768.15	0	.640943	.1404397	.2186173	0
767.15	0	.6406913	.1407254	.2185833	0
766.15	0	.6404433	.1410075	.2185492	0
765.15	0	.6401988	.1412862	.2185151	0
764.15	0	.6399576	.1415614	.218481	0
763.15	0	.6397197	.1418333	.2184469	0
762.15	0	.639485	.1421021	.2184129	0
761.15	0	.6392535	.1423677	.2183788	0
760.15	0	.639025	.1426303	.2183447	0
759.15	0	.6387994	.14289	.2183106	0
758.15	0	.6385767	.1431467	.2182766	0
757.15	0	.6383568	.1434007	.2182424	0
756.15	0	.6381397	.143652	.2182083	0
755.15	0	.6379266	.1438996	.2181738	0
754.15	0	.6377146	.1441457	.2181397	0
753.15	0	.6375051	.1443893	.2181056	0
752.15	0	.6372981	.1446305	.2180714	0
751.15	0	.6370935	.1448693	.2180372	0
750.15	0	.6368912	.1451058	.218003	0
749.15	0	.6366913	.1453399	.2179688	0
748.15	0	.6364936	.1455719	.2179345	0
747.15	0	.636298	.1458018	.2179002	0
746.15	0	.6361047	.1460295	.2178659	0
745.15	0	.6359133	.1462551	.2178315	0
744.15	0	.6357241	.1464788	.2177971	0
743.15	0	.6355368	.1467005	.2177627	0
742.15	0	.6353514	.1469203	.2177283	0
741.15	0	.635168	.1471382	.2176938	0
740.15	0	.6349864	.1473544	.2176593	0
739.15	0	.6348066	.1475687	.2176247	0
738.15	0	.6346286	.1477813	.2175901	0
737.15	0	.6344523	.1479922	.2175555	0
736.15	0	.6342777	.1482015	.2175208	0
735.15	0	.6341047	.1484091	.2174861	0
734.15	0	.6339334	.1486152	.2174514	0
733.15	0	.6337637	.1488197	.2174166	0
732.15	0	.6335955	.1490227	.2173818	0
731.15	0	.6334289	.1492242	.2173469	0
730.15	0	.6332637	.1494243	.217312	0
729.15	0	.6331	.1496229	.2172771	0
728.15	0	.6329377	.1498202	.2172421	0
727.15	0	.6327768	.1500161	.2172071	0
726.15	0	.6326173	.1502107	.217172	0
725.15	0	.6324591	.150404	.2171369	0
724.15	0	.6323022	.150596	.2171018	0
723.15	0	.6321467	.1507867	.2170666	0
722.15	0	.6319924	.1509763	.2170314	0
721.15	0	.6318393	.1511646	.2169961	0
720.15	0	.6316875	.1513517	.2169608	0
719.15	0	.6315368	.1515377	.2169254	0
718.15	0	.6313873	.1517226	.2168901	0
717.15	0	.631239	.1519064	.2168546	0
716.15	0	.6310918	.1520891	.2168191	0
715.15	0	.6309457	.1522707	.2167836	0
714.15	0	.6308007	.1524513	.2167481	0
713.15	0	.6306567	.1526308	.2167125	0
712.15	0	.6305139	.1528093	.2166768	0
711.15	0	.630372	.1529869	.2166411	0
710.15	0	.6302311	.1531635	.2166054	0
709.15	0	.6300913	.1533391	.2165696	0
708.15	0	.6299524	.1535138	.2165338	0
707.15	0	.6298145	.1536875	.216498	0
706.15	0	.6296775	.1538604	.2164621	0
705.15	0	.6295415	.1540324	.2164262	0
704.15	0	.6294063	.1542035	.2163902	0
703.15	0	.6292721	.1543737	.2163542	0
702.15	0	.6291387	.1545431	.2163181	0
701.15	0	.6290063	.1547117	.2162821	0
700.15	0	.6288746	.1548795	.2162459	0
699.15	0	.6287438	.1550464	.2162098	0
698.15	0	.6286139	.1552126	.2161735	0
697.15	0	.6284847	.155378	.2161373	0
696.15	0	.6283564	.1555426	.216101	0
695.15	0	.6282288	.1557065	.2160647	0
694.15	0	.6281021	.1558696	.2160284	0
693.15	0	.627976	.156032	.215992	0
692.15	0	.6278508	.1561936	.2159556	0
691.15	0	.6277263	.1563546	.2159191	0
690.15	0	.6276025	.1565149	.2158826	0
689.15	0	.6274795	.1566745	.2158461	0
688.15	0	.6273571	.1568334	.2158095	0
687.15	0	.6272355	.1569916	.2157729	0
686.15	0	.6271145	.1571492	.2157363	0
685.15	0	.6269943	.1573061	.2156996	0
684.15	0	.6268747	.1574624	.2156629	0
683.15	0	.6267558	.1576181	.2156262	0
682.15	0	.6266375	.1577731	.2155894	0
681.15	0	.6265199	.1579275	.2155526	0
680.15	0	.6264029	.1580813	.2155158	0
679.15	0	.6262865	.1582345	.215479	0
678.15	0	.6261708	.1583871	.2154421	0
677.15	0	.6260557	.1585392	.2154052	0
676.15	0	.6259412	.1586906	.2153682	0
675.15	0	.6258272	.1588415	.2153312	0
674.15	0	.6257139	.1589918	.2152943	0
673.15	0	.6256012	.1591416	.2152572	0
672.15	0	.625489	.1592908	.2152202	0
671.15	0	.6253774	.1594395	.2151831	0
670.15	0	.6252664	.1595876	.215146	0
669.15	0	.6251559	.1597352	.2151089	0
668.15	0	.625046	.1598823	.2150717	0
667.15	0	.6249366	.1600289	.2150345	0
666.15	0	.6248277	.160175	.2149973	0
665.15	0	.6247194	.1603205	.2149601	0
664.15	0	.6246116	.1604655	.2149229	0
663.15	0	.6245043	.1606101	.2148856	0
662.15	0	.6243976	.1607541	.2148483	0
661.15	0	.6242913	.1608977	.214811	0
660.15	0	.6241855	.1610408	.2147737	0
659.15	0	.6240803	.1611834	.2147363	0
658.15	0	.6239755	.1613255	.214699	0
657.15	0	.6238712	.1614672	.2146616	0
656.15	0	.6237674	.1616084	.2146242	0
655.15	0	.6236641	.1617492	.2145867	0
654.15	0	.6235613	.1618894	.2145493	0
653.15	0	.6234589	.1620293	.2145119	0
652.15	0	.6233569	.1621687	.2144744	0
651.15	0	.6232555	.1623076	.2144369	0
650.15	0	.6231545	.1624461	.2143994	0
649.15	0	.6230539	.1625842	.2143619	0
648.15	0	.6229538	.1627219	.2143244	0
647.15	0	.6228541	.1628591	.2142868	0
646.15	0	.6227548	.1629959	.2142493	0
645.15	0	.622656	.1631323	.2142117	0
644.15	0	.6225576	.1632682	.2141742	0
643.15	0	.6224597	.1634038	.2141366	0
642.15	0	.6223621	.1635389	.214099	0
641.15	0	.622265	.1636736	.2140614	0
640.15	0	.6221683	.1638079	.2140238	0
639.15	0	.622072	.1639418	.2139862	0
638.15	0	.6219761	.1640753	.2139486	0
637.15	0	.6218806	.1642085	.213911	0
636.15	0	.6217855	.1643412	.2138733	0
635.15	0	.6216908	.1644735	.2138357	0
634.15	0	.6215965	.1646055	.2137981	0
633.15	0	.6215026	.164737	.2137604	0
632.15	0	.621409	.1648682	.2137228	0
631.15	0	.6213159	.164999	.2136851	0
630.15	0	.6212231	.1651294	.2136475	0
629.15	0	.6211307	.1652594	.2136099	0
628.15	0	.6210387	.1653891	.2135722	0
627.15	0	.6209471	.1655184	.2135346	0
626.15	0	.6208558	.1656473	.2134969	0
625.15	0	.6207649	.1657758	.2134593	0
624.15	0	.6206744	.165904	.2134216	0
623.15	0	.6205842	.1660318	.213384	0
622.15	0	.6204943	.1661593	.2133464	0
621.15	0	.6204049	.1662864	.2133087	0
620.15	0	.6203158	.1664131	.2132711	0
619.15	0	.620227	.1665395	.2132335	0
618.15	0	.6201386	.1666655	.2131959	0
617.15	0	.6200505	.1667912	.2131583	0
616.15	0	.6199628	.1669165	.2131207	0
615.15	0	.6198754	.1670415	.2130831	0
614.15	0	.6197884	.1671661	.2130455	0
613.15	0	.6197017	.1672904	.213008	0
612.15	0	.6196153	.1674143	.2129704	0
611.15	0	.6195293	.1675379	.2129329	0
610.15	0	.6194436	.1676611	.2128953	0
609.15	0	.6193582	.167784	.2128578	0
608.15	0	.6192731	.1679066	.2128203	0
607.15	0	.6191884	.1680288	.2127828	0
606.15	0	.619104	.1681507	.2127453	0
605.15	0	.61902	.1682722	.2127079	0
604.15	0	.6189362	.1683934	.2126704	0
603.15	0	.6188528	.1685143	.212633	0
602.15	0	.6187696	.1686348	.2125956	0
601.15	0	.6186868	.168755	.2125582	0
600.15	0	.6186043	.1688749	.2125208	0
599.15	0	.6185221	.1689944	.2124834	0
598.15	0	.6184403	.1691136	.2124461	0
597.15	0	.6183587	.1692325	.2124088	0
596.15	0	.6182775	.1693511	.2123715	0
595.15	0	.6181965	.1694693	.2123342	0
594.15	0	.6181158	.1695872	.2122969	0
593.15	0	.6180355	.1697048	.2122597	0
592.15	0	.6179554	.1698221	.2122225	0
591.15	0	.6178757	.169939	.2121853	0
590.15	0	.6177962	.1700556	.2121482	0
589.15	0	.6177171	.1701719	.212111	0
588.15	0	.6176382	.1702879	.2120739	0
587.15	0	.6175597	.1704035	.2120369	0
586.15	0	.6174814	.1705188	.2119998	0
585.15	0	.6174034	.1706338	.2119628	0
584.15	0	.6173257	.1707485	.2119258	0
583.15	0	.6172483	.1708629	.2118888	0
582.15	0	.6171712	.1709769	.2118519	0
581.15	0	.6170943	.1710907	.211815	0
580.15	0	.6170178	.1712041	.2117781	0
579.15	0	.6169415	.1713172	.2117413	0
578.15	0	.6168655	.17143	.2117045	0
577.15	0	.6167898	.1715425	.2116678	0
576.15	0	.6167144	.1716546	.211631	0
575.15	0	.6166392	.1717665	.2115943	0
574.15	0	.6165643	.171878	.2115577	0
573.15	0	.6164898	.1719892	.211521	0
572.15	0	.6164154	.1721001	.2114845	0
571.15	0	.6163414	.1722107	.2114479	0
570.15	0	.6162676	.172321	.2114114	0
569.15	0	.6161941	.1724309	.2113749	0
568.15	0	.6161209	.1725406	.2113385	0
567.15	0	.616048	.1726499	.2113021	0
566.15	0	.6159753	.172759	.2112658	0
565.15	0	.6159029	.1728677	.2112295	0
564.15	0	.6158307	.1729761	.2111932	0
563.15	0	.6157588	.1730842	.211157	0
562.15	0	.6156872	.173192	.2111208	0
561.15	0	.6156159	.1732995	.2110847	0
560.15	0	.6155448	.1734066	.2110486	0
559.15	0	.6154739	.1735135	.2110126	0
558.15	0	.6154034	.1736201	.2109766	0
557.15	0	.6153331	.1737263	.2109406	0
556.15	0	.615263	.1738323	.2109047	0
555.15	0	.6151933	.1739379	.2108689	0
554.15	0	.6151237	.1740432	.2108331	0
553.15	0	.6150545	.1741482	.2107973	0
552.15	0	.6149855	.1742529	.2107616	0
551.15	0	.6149167	.1743573	.210726	0
550.15	0	.6148483	.1744614	.2106904	0
549.15	0	.61478	.1745652	.2106548	0
548.15	0	.614712	.1746686	.2106193	0
547.15	0	.6146443	.1747718	.2105839	0
546.15	0	.6145768	.1748746	.2105485	0
545.15	0	.6145096	.1749772	.2105132	0
544.15	0	.6144427	.1750794	.2104779	0
543.15	0	.614376	.1751813	.2104427	0
542.15	0	.6143095	.175283	.2104076	0
541.15	0	.6142433	.1753843	.2103725	0
540.15	0	.6141773	.1754853	.2103374	0
539.15	0	.6141116	.175586	.2103024	0
538.15	0	.6140462	.1756863	.2102675	0
537.15	0	.6139809	.1757864	.2102327	0
536.15	0	.613916	.1758862	.2101979	0
535.15	0	.6138512	.1759857	.2101631	0
534.15	0	.6137868	.1760848	.2101284	0
533.15	0	.6137225	.1761836	.2100938	0
532.15	0	.6136586	.1762822	.2100593	0
531.15	0	.6135948	.1763804	.2100248	0
530.15	0	.6135313	.1764783	.2099903	0
529.15	0	.6134681	.1765759	.209956	0
528.15	0	.6134051	.1766732	.2099217	0
527.15	0	.6133423	.1767702	.2098875	0
526.15	0	.6132798	.1768669	.2098533	0
525.15	0	.6132175	.1769633	.2098192	0
524.15	0	.6131555	.1770593	.2097852	0
523.15	0	.6130937	.1771551	.2097513	0
522.15	0	.6130321	.1772505	.2097174	0
521.15	0	.6129708	.1773457	.2096836	0
520.15	0	.6129097	.1774405	.2096498	0
519.15	0	.6128489	.177535	.2096162	0
518.15	0	.6127883	.1776292	.2095826	0
517.15	0	.6127279	.1777231	.209549	0
516.15	0	.6126678	.1778167	.2095156	0
515.15	0	.6126079	.1779099	.2094822	0
514.15	0	.6125482	.1780029	.2094489	0
513.15	0	.6124888	.1780956	.2094157	0
512.15	0	.6124296	.1781879	.2093825	0
511.15	0	.6123707	.1782799	.2093494	0
510.15	0	.612312	.1783716	.2093164	0
509.15	0	.6122535	.178463	.2092835	0
508.15	0	.6121952	.1785541	.2092507	0
507.15	0	.6121372	.1786449	.2092179	0
506.15	0	.6120795	.1787354	.2091851	0
505.15	0	.612022	.1788255	.2091525	0
504.15	0	.6119647	.1789153	.20912	0
503.15	0	.6119076	.1790049	.2090875	0
502.15	0	.6118508	.1790941	.2090552	0
501.15	0	.6117942	.179183	.2090229	0
500.15	0	.6117378	.1792716	.2089907	0
499.15	0	.6116816	.1793598	.2089586	0
498.15	0	.6116257	.1794478	.2089265	0
497.15	0	.61157	.1795354	.2088946	0
496.15	0	.6115145	.1796228	.2088627	0
495.15	0	.6114593	.1797098	.2088309	0
494.15	0	.6114043	.1797965	.2087992	0
493.15	0	.6113495	.1798828	.2087676	0
492.15	0	.611295	.1799689	.2087361	0
491.15	0	.6112407	.1800547	.2087047	0
490.15	0	.6111866	.1801401	.2086733	0
489.15	0	.6111327	.1802252	.2086421	0
488.15	0	.6110791	.18031	.2086109	0
487.15	0	.6110257	.1803945	.2085798	0
486.15	0	.6109725	.1804787	.2085489	0
485.15	0	.6109195	.1805625	.208518	0
484.15	0	.6108668	.1806461	.2084872	0
483.15	0	.6108143	.1807293	.2084565	0
482.15	0	.610762	.1808122	.2084258	0
481.15	0	.6107099	.1808948	.2083953	0
480.15	0	.6106581	.180977	.2083649	0
479.15	0	.6106065	.181059	.2083345	0
478.15	0	.6105551	.1811406	.2083043	0
477.15	0	.6105039	.1812219	.2082741	0
476.15	0	.610453	.1813029	.2082441	0
475.15	0	.6104023	.1813836	.2082141	0
474.15	0	.6103518	.1814639	.2081843	0
473.15	0	.6103015	.181544	.2081545	0
472.15	0	.6102515	.1816237	.2081249	0
471.15	0	.6102017	.1817031	.2080953	0
470.15	0	.610152	.1817821	.2080658	0
469.15	0	.6101027	.1818609	.2080365	0
468.15	0	.6100535	.1819393	.2080072	0
467.15	0	.6100046	.1820174	.207978	0
466.15	0	.6099558	.1820952	.207949	0
465.15	0	.6099073	.1821727	.20792	0
464.15	0	.609859	.1822498	.2078911	0
463.15	0	.609811	.1823267	.2078624	0
462.15	0	.6097631	.1824032	.2078337	0
461.15	0	.6097155	.1824794	.2078051	0
460.15	0	.6096681	.1825552	.2077767	0
459.15	0	.6096209	.1826308	.2077483	0
458.15	0	.6095739	.182706	.2077201	0
457.15	0	.6095272	.1827809	.2076919	0
456.15	0	.6094806	.1828555	.2076639	0
455.15	0	.6094343	.1829297	.207636	0
454.15	0	.6093882	.1830036	.2076082	0
453.15	0	.6093423	.1830772	.2075804	0
452.15	0	.6092967	.1831505	.2075528	0
451.15	0	.6092512	.1832235	.2075253	0
450.15	0	.609206	.1832961	.2074979	0
449.15	0	.609161	.1833684	.2074707	0
448.15	0	.6091162	.1834403	.2074435	0
447.15	0	.6090717	.1835119	.2074165	0
446.15	0	.6090273	.1835831	.2073895	0
445.15	0	.6089832	.1836541	.2073627	0
444.15	0	.6089394	.1837246	.207336	0
443.15	0	.6088957	.1837948	.2073095	0
442.15	0	.6088523	.1838647	.207283	0
441.15	0	.6088092	.1839342	.2072567	0
440.15	0	.6087662	.1840033	.2072304	0
439.15	0	.6087235	.1840721	.2072044	0
438.15	0	.6086811	.1841405	.2071784	0
437.15	0	.6086389	.1842085	.2071526	0
436.15	0	.608597	.1842762	.2071269	0
435.15	0	.6085552	.1843435	.2071013	0
434.15	0	.6085138	.1844104	.2070759	0
433.15	0	.6084726	.1844769	.2070506	0
432.15	0	.6084316	.184543	.2070254	0
431.15	0	.6083909	.1846087	.2070004	0
430.15	0	.6083505	.1846741	.2069755	0
429.15	0	.6083103	.184739	.2069507	0
428.15	0	.6082703	.1848036	.2069261	0
427.15	0	.6082307	.1848677	.2069016	0
426.15	0	.6081912	.1849315	.2068773	0
425.15	0	.6081521	.1849949	.2068531	0
424.15	0	.6081132	.1850578	.206829	0
423.15	0	.6080745	.1851204	.2068051	0
422.15	0	.6080361	.1851826	.2067813	0
421.15	0	.607998	.1852444	.2067577	0
420.15	0	.6079601	.1853057	.2067342	0
419.15	0	.6079225	.1853667	.2067109	0
418.15	0	.6078851	.1854273	.2066877	0
417.15	0	.607848	.1854874	.2066646	0
416.15	0	.6078111	.1855472	.2066417	0
415.15	0	.6077745	.1856065	.2066189	0
414.7127	0	.6077586	.1856324	.206609	0
414.7127	0	.6077586	.1856324	.206609	0
414.7127	0	.6077586	.1856324	.206609	0
414.15	0	.6078633	.1853657	.2064589	3.120829E-04
413.15	0	.608049	.1848923	.2061926	8.660724E-04
412.15	0	.6082344	.1844194	.2059269	.001419328
411.15	0	.6084196	.1839469	.2056617	.001971855
410.15	0	.6086045	.1834749	.205397	.002523661
409.15	0	.608789	.1830034	.2051328	.003074752
408.15	0	.6089734	.1825323	.2048692	.003625135
407.15	0	.6091574	.1820617	.2046061	.004174816
406.15	0	.6093413	.1815915	.2043435	.004723801
405.15	0	.6095248	.1811217	.2040814	.005272096
404.15	0	.6097081	.1806524	.2038198	.005819707
403.15	0	.6098912	.1801834	.2035588	.00636664
402.15	0	.6100741	.1797148	.2032982	.006912902
401.15	0	.6102567	.1792467	.2030382	.007458497
400.15	0	.6104391	.1787789	.2027786	.008003431
399.15	0	.6106213	.1783114	.2025196	.008547711
398.15	0	.6108033	.1778443	.2022611	.009091341
397.15	0	.610985	.1773776	.202003	.009634328
396.15	0	.6111666	.1769112	.2017455	.01017668
395.15	0	.611348	.1764452	.2014884	.01071839
394.15	0	.6115291	.1759795	.2012319	.01125948
393.15	0	.6117101	.1755141	.2009758	.01179995
392.15	0	.611891	.175049	.2007202	.01233979
391.15	0	.6120716	.1745843	.2004651	.01287903
390.15	0	.612252	.1741198	.2002105	.01341766
389.15	0	.6124323	.1736556	.1999563	.01395568
388.15	0	.6126125	.1731918	.1997027	.01449311
387.15	0	.6127924	.1727282	.1994495	.01502995
386.15	0	.6129722	.1722649	.1991968	.0155662
385.15	0	.6131519	.1718018	.1989445	.01610187
384.15	0	.6133313	.171339	.1986927	.01663696
383.15	0	.6135107	.1708765	.1984414	.01717147
382.15	0	.6136899	.1704142	.1981905	.01770541
381.15	0	.6138689	.1699521	.1979401	.0182388
380.15	0	.6140479	.1694904	.1976902	.01877162
379.15	0	.6142266	.1690288	.1974407	.01930388
378.15	0	.6144053	.1685675	.1971916	.0198356
377.15	0	.6145838	.1681063	.1969431	.02036676
376.15	0	.6147622	.1676455	.1966949	.02089738
375.15	0	.6149405	.1671848	.1964472	.02142747
374.15	0	.6151187	.1667243	.1962	.02195702
373.15	0	.6152967	.166264	.1959532	.02248603
372.15	0	.6154746	.165804	.1957069	.02301453
371.15	0	.6156525	.1653441	.195461	.02354249
370.15	0	.6158302	.1648844	.1952155	.02406994
369.15	0	.6160078	.1644249	.1949704	.02459688
368.15	0	.6161852	.1639656	.1947258	.0251233
367.15	0	.6163626	.1635065	.1944816	.02564921
366.15	0	.6165399	.1630476	.1942379	.02617462
365.15	0	.6167171	.1625888	.1939946	.02669953
364.15	0	.6168942	.1621302	.1937517	.02722394
363.15	0	.6170712	.1616717	.1935092	.02774786
362.15	0	.6172481	.1612134	.1932672	.02827129
361.15	0	.617425	.1607553	.1930255	.02879424
360.15	0	.6176017	.1602973	.1927843	.0293167
359.15	0	.6177783	.1598395	.1925435	.02983867
358.15	0	.6179549	.1593818	.1923031	.03036018
357.15	0	.6181314	.1589242	.1920632	.03088121
356.15	0	.6183078	.1584668	.1918236	.03140177
355.15	0	.6184841	.1580096	.1915845	.03192186
354.15	0	.6186604	.1575524	.1913457	.03244149
353.15	0	.6188365	.1570954	.1911074	.03296065
352.15	0	.6190126	.1566386	.1908694	.03347936
351.15	0	.6191887	.1561818	.1906319	.03399762
350.15	0	.6193646	.1557252	.1903948	.03451542
349.15	0	.6195405	.1552687	.1901581	.03503278
