T	 BPW(LIQUID)	BPW(BCC_A2)	BPW(FCC_A1)	BPW(LAVES_PHASE_C14)	BPW(NI3TI)
1473.15	0	.592598	.407402	0	0
1472.15	0	.5903662	.4096338	0	0
1471.15	0	.5881415	.4118585	0	0
1470.15	0	.5859241	.4140759	0	0
1469.15	0	.5837138	.4162862	0	0
1468.15	0	.5815108	.4184892	0	0
1467.15	0	.5793149	.4206851	0	0
1466.15	0	.5771262	.4228738	0	0
1465.15	0	.5749447	.4250553	0	0
1464.15	0	.5727703	.4272297	0	0
1463.15	0	.5706031	.4293969	0	0
1462.15	0	.568443	.431557	0	0
1461.15	0	.56629	.43371	0	0
1460.15	0	.5641442	.4358558	0	0
1459.15	0	.5620054	.4379946	0	0
1458.15	0	.5598738	.4401262	0	0
1457.15	0	.5577493	.4422507	0	0
1456.15	0	.5556318	.4443682	0	0
1455.15	0	.5535214	.4464786	0	0
1454.15	0	.5514181	.4485819	0	0
1453.15	0	.5493218	.4506782	0	0
1452.15	0	.5472326	.4527674	0	0
1451.15	0	.5451504	.4548496	0	0
1450.15	0	.5430753	.4569247	0	0
1449.15	0	.5410072	.4589928	0	0
1448.15	0	.5389461	.4610539	0	0
1447.15	0	.536892	.463108	0	0
1446.15	0	.5348449	.4651551	0	0
1445.15	0	.5328048	.4671952	0	0
1444.15	0	.5307717	.4692283	0	0
1443.15	0	.5287455	.4712545	0	0
1442.15	0	.5267264	.4732736	0	0
1441.15	0	.5247142	.4752858	0	0
1440.15	0	.522709	.4772911	0	0
1439.15	0	.5207107	.4792893	0	0
1438.15	0	.5187193	.4812807	0	0
1437.15	0	.5167349	.4832651	0	0
1436.15	0	.5147575	.4852425	0	0
1435.15	0	.5127869	.4872131	0	0
1434.15	0	.5108233	.4891767	0	0
1433.15	0	.5088666	.4911334	0	0
1432.15	0	.5069168	.4930832	0	0
1431.15	0	.5049739	.4950261	0	0
1430.15	0	.5030379	.4969621	0	0
1429.15	0	.5011088	.4988912	0	0
1428.15	0	.4991866	.5008134	0	0
1427.15	0	.4972713	.5027288	0	0
1426.15	0	.4953628	.5046372	0	0
1425.15	0	.4934612	.5065388	0	0
1424.15	0	.4915665	.5084335	0	0
1423.15	0	.4896786	.5103214	0	0
1422.15	0	.4877976	.5122024	0	0
1421.15	0	.4859234	.5140766	0	0
1420.15	0	.4840561	.5159439	0	0
1419.15	0	.4821956	.5178044	0	0
1418.15	0	.480342	.519658	0	0
1417.15	0	.4784951	.5215049	0	0
1416.15	0	.4766552	.5233448	0	0
1415.15	0	.474822	.525178	0	0
1414.15	0	.4729957	.5270044	0	0
1413.15	0	.4711761	.5288239	0	0
1412.15	0	.4693634	.5306366	0	0
1411.15	0	.4675575	.5324425	0	0
1410.15	0	.4657584	.5342416	0	0
1409.15	0	.4639662	.5360339	0	0
1408.15	0	.4621807	.5378193	0	0
1407.15	0	.460402	.539598	0	0
1406.15	0	.4586301	.5413699	0	0
1405.15	0	.456865	.543135	0	0
1404.15	0	.4551066	.5448934	0	0
1403.15	0	.4533551	.5466449	0	0
1402.15	0	.4516104	.5483896	0	0
1401.15	0	.4498724	.5501276	0	0
1400.15	0	.4481412	.5518588	0	0
1399.15	0	.4464168	.5535832	0	0
1398.15	0	.4446992	.5553008	0	0
1397.15	0	.4429883	.5570117	0	0
1396.15	0	.4412842	.5587158	0	0
1395.15	0	.4395869	.5604131	0	0
1394.15	0	.4378963	.5621037	0	0
1393.15	0	.4362126	.5637874	0	0
1392.15	0	.4345355	.5654645	0	0
1391.15	0	.4328653	.5671347	0	0
1390.15	0	.4312018	.5687982	0	0
1389.15	0	.4295451	.5704549	0	0
1388.15	0	.4278951	.5721049	0	0
1387.15	0	.4262519	.5737481	0	0
1386.15	0	.4246155	.5753845	0	0
1385.15	0	.4229858	.5770142	0	0
1384.15	0	.4213629	.5786371	0	0
1383.15	0	.4197467	.5802533	0	0
1382.15	0	.4181373	.5818627	0	0
1381.15	0	.4165347	.5834653	0	0
1380.15	0	.4149388	.5850612	0	0
1379.15	0	.4133497	.5866503	0	0
1378.15	0	.4117673	.5882327	0	0
1377.15	0	.4101917	.5898083	0	0
1376.15	0	.4086229	.5913771	0	0
1375.15	0	.4070608	.5929392	0	0
1374.15	0	.4055055	.5944945	0	0
1373.15	0	.403957	.596043	0	0
1372.15	0	.4024152	.5975848	0	0
1371.15	0	.4008802	.5991198	0	0
1370.15	0	.399352	.600648	0	0
1369.15	0	.3978305	.6021695	0	0
1368.15	0	.3963158	.6036842	0	0
1367.15	0	.3948079	.6051921	0	0
1366.15	0	.3933068	.6066932	0	0
1365.15	0	.3918124	.6081876	0	0
1364.15	0	.3903249	.6096752	0	0
1363.15	0	.3888441	.6111559	0	0
1362.15	0	.3873701	.6126299	0	0
1361.15	0	.3859028	.6140972	0	0
1360.15	0	.3844424	.6155576	0	0
1359.15	0	.3829888	.6170112	0	0
1358.15	0	.381542	.618458	0	0
1357.15	0	.3801019	.6198981	0	0
1356.15	0	.3786687	.6213313	0	0
1355.15	0	.3772423	.6227577	0	0
1354.15	0	.3758227	.6241773	0	0
1353.15	0	.3744099	.6255901	0	0
1352.15	0	.3730039	.6269961	0	0
1351.15	0	.3716048	.6283952	0	0
1350.15	0	.3702124	.6297876	0	0
1349.15	0	.3688269	.6311731	0	0
1348.15	0	.3674483	.6325517	0	0
1347.15	0	.3660764	.6339236	0	0
1346.15	0	.3647115	.6352885	0	0
1345.15	0	.3633533	.6366467	0	0
1344.15	0	.3620021	.637998	0	0
1343.15	0	.3606576	.6393424	0	0
1342.15	0	.3593201	.6406799	0	0
1341.15	0	.3579894	.6420106	0	0
1340.15	0	.3566656	.6433344	0	0
1339.15	0	.3553486	.6446514	0	0
1338.15	0	.3540386	.6459614	0	0
1337.15	0	.3527354	.6472646	0	0
1336.15	0	.3514391	.6485609	0	0
1335.15	0	.3501498	.6498502	0	0
1334.15	0	.3488673	.6511327	0	0
1333.15	0	.3475918	.6524082	0	0
1332.15	0	.3463231	.6536769	0	0
1331.15	0	.3450614	.6549386	0	0
1330.15	0	.3438067	.6561933	0	0
1329.15	0	.3425589	.6574412	0	0
1328.15	0	.341318	.658682	0	0
1327.15	0	.3400841	.6599159	0	0
1326.15	0	.3388571	.6611429	0	0
1326.003	0	.3386771	.661323	0	0
1326.003	0	.3386771	.661323	0	0
1326.003	0	.3386771	.661323	0	0
1325.15	0	.3362839	.6632716	4.444584E-04	0
1324.15	0	.3334873	.6655488	9.638741E-04	0
1323.15	0	.3307012	.6678174	.00148138	0
1322.15	0	.3279255	.6700775	.001996984	0
1321.15	0	.3251603	.6723291	.002510691	0
1320.15	0	.3224055	.674572	.003022509	0
1319.15	0	.3196612	.6768064	.003532444	0
1318.15	0	.3169274	.6790321	.004040501	0
1317.15	0	.3142041	.6812492	.004546688	0
1316.15	0	.3114913	.6834577	.005051012	0
1315.15	0	.308789	.6856575	.005553477	0
1314.15	0	.3060973	.6878486	.006054091	0
1313.15	0	.3034161	.6900311	.006552859	0
1312.15	0	.3007454	.6922048	.007049788	0
1311.15	0	.2980853	.6943698	.007544884	0
1310.15	0	.2954358	.6965261	.008038153	0
1309.15	0	.2927969	.6986735	.008529601	0
1308.15	0	.2901685	.7008123	.009019234	0
1307.15	0	.2875508	.7029422	.009507059	0
1306.15	0	.2849437	.7050632	.00999308	0
1305.15	0	.2823473	.7071755	.0104773	0
1304.15	0	.2797615	.7092788	.01095974	0
1303.15	0	.2771863	.7113733	.01144038	0
1302.15	0	.2746219	.7134588	.01191925	0
1301.15	0	.2720682	.7155355	.01239634	0
1300.15	0	.2695252	.7176032	.01287167	0
1299.15	0	.2669929	.7196619	.01334523	0
1298.15	0	.2644714	.7217116	.01381704	0
1297.15	0	.2619607	.7237522	.01428709	0
1296.15	0	.2594607	.7257839	.0147554	0
1295.15	0	.2569716	.7278064	.01522196	0
1294.15	0	.2544933	.7298199	.01568679	0
1293.15	0	.2520259	.7318242	.0161499	0
1292.15	0	.2495693	.7338194	.01661127	0
1291.15	0	.2471236	.7358054	.01707093	0
1290.15	0	.2446889	.7377823	.01752888	0
1289.15	0	.242265	.7397498	.01798511	0
1288.15	0	.2398522	.7417082	.01843965	0
1287.15	0	.2374503	.7436572	.01889248	0
1286.15	0	.2350594	.7455969	.01934363	0
1285.15	0	.2326796	.7475273	.01979308	0
1284.15	0	.2303108	.7494483	.02024085	0
1283.15	0	.2279531	.7513599	.02068695	0
1282.15	0	.2256065	.7532621	.02113137	0
1281.15	0	.223271	.7551548	.02157413	0
1280.15	0	.2209467	.7570381	.02201522	0
1279.15	0	.2186336	.7589117	.02245465	0
1278.15	0	.2163317	.7607759	.02289243	0
1277.15	0	.214041	.7626304	.02332857	0
1276.15	0	.2117616	.7644753	.02376306	0
1275.15	0	.2094935	.7663106	.02419591	0
1274.15	0	.2072368	.7681361	.02462713	0
1273.15	0	.2049914	.7699519	.02505672	0
1272.15	0	.2027573	.771758	.02548469	0
1271.15	0	.2005347	.7735542	.02591103	0
1270.15	0	.1983236	.7753407	.02633577	0
1269.15	0	.1961239	.7771172	.02675889	0
1268.15	0	.1939358	.7788838	.0271804	0
1267.15	0	.1917592	.7806405	.02760032	0
1266.15	0	.1895942	.7823872	.02801864	0
1265.15	0	.1874408	.7841239	.02843536	0
1264.15	0	.185299	.7858505	.0288505	0
1263.15	0	.183169	.787567	.02926405	0
1262.15	0	.1810507	.7892733	.02967603	0
1261.15	0	.1789441	.7909695	.03008643	0
1260.15	0	.1768494	.7926554	.03049526	0
1259.15	0	.1747665	.794331	.03090252	0
1258.15	0	.1726954	.7959964	.03130823	0
1257.15	0	.1706363	.7976513	.03171237	0
1256.15	0	.1685891	.7992959	.03211496	0
1255.15	0	.166554	.80093	.032516	0
1254.15	0	.1645309	.8025536	.0329155	0
1253.15	0	.1625198	.8041667	.03331346	0
1252.15	0	.1605209	.8057692	.03370988	0
1251.15	0	.1585342	.8073611	.03410477	0
1250.15	0	.1565596	.8089423	.03449812	0
1249.15	0	.1545973	.8105127	.03488996	0
1248.15	0	.1526473	.8120724	.03528027	0
1247.15	0	.1507097	.8136213	.03566907	0
1246.15	0	.1487844	.8151593	.03605635	0
1245.15	0	.1468716	.8166863	.03644212	0
1244.15	0	.1449712	.8182024	.03682639	0
1243.15	0	.1430834	.8197075	.03720916	0
1242.15	0	.1412081	.8212014	.03759043	0
1241.15	0	.1393455	.8226843	.03797021	0
1240.15	0	.1374956	.8241559	.0383485	0
1239.15	0	.1356584	.8256163	.0387253	0
1238.15	0	.1338339	.8270655	.03910062	0
1237.15	0	.1320223	.8285033	.03947446	0
1236.15	0	.1302235	.8299296	.03984683	0
1235.15	0	.1284377	.8313446	.04021773	0
1234.15	0	.1266649	.832748	.04058715	0
1233.15	0	.1249051	.8341398	.04095512	0
1232.15	0	.1231584	.83552	.04132162	0
1231.15	0	.1214249	.8368885	.04168667	0
1230.15	0	.1197045	.8382452	.04205027	0
1229.15	0	.1179974	.8395902	.04241241	0
1228.15	0	.1163036	.8409233	.04277311	0
1227.15	0	.1146232	.8422444	.04313237	0
1226.15	0	.1129563	.8435536	.04349019	0
1225.15	0	.1113028	.8448507	.04384657	0
1224.15	0	.1096628	.8461356	.04420152	0
1223.15	0	.1080365	.8474084	.04455505	0
1222.15	0	.1064239	.848669	.04490715	0
1221.15	0	.1048249	.8499173	.04525782	0
1220.15	0	.1032398	.8511531	.04560708	0
1219.15	0	.1016685	.8523766	.04595492	0
1218.15	0	.1001111	.8535875	.04630136	0
1217.15	0	.09856777	.8547859	.04664638	0
1216.15	0	.09703843	.8559716	.04699	0
1215.15	0	.0955232	.8571446	.04733222	0
1214.15	0	.09402215	.8583048	.04767304	0
1213.15	0	.09253534	.8594522	.04801246	0
1212.15	0	.09106284	.8605867	.0483505	0
1211.15	0	.08960472	.8617082	.04868714	0
1210.15	0	.08816103	.8628166	.0490224	0
1209.15	0	.08673186	.8639119	.04935628	0
1208.15	0	.08531727	.864994	.04968878	0
1207.15	0	.08391733	.8660628	.0500199	0
1206.15	0	.0825321	.8671182	.05034966	0
1205.15	0	.08116167	.8681603	.05067804	0
1204.15	0	.07980611	.8691888	.05100506	0
1203.15	0	.07846547	.8702038	.05133071	0
1202.15	0	.07713984	.8712051	.05165501	0
1201.15	0	.0758293	.8721928	.05197795	0
1200.15	0	.0745339	.8731666	.05229953	0
1199.15	0	.07325373	.8741265	.05261977	0
1198.15	0	.07198887	.8750725	.05293866	0
1197.15	0	.07073938	.8760044	.05325621	0
1196.15	0	.06950534	.8769223	.05357241	0
1195.15	0	.06828683	.8778259	.05388728	0
1194.15	0	.06708393	.8787153	.05420081	0
1193.15	0	.0658967	.8795903	.05451302	0
1192.15	0	.06472524	.8804509	.05482389	0
1191.15	0	.06356962	.8812969	.05513344	0
1190.15	0	.06242991	.8821284	.05544167	0
1189.15	0	.0613062	.8829452	.05574858	0
1188.15	0	.06019857	.8837473	.05605418	0
1187.15	0	.05910709	.8845344	.05635846	0
1186.15	0	.05803184	.8853067	.05666143	0
1185.15	0	.05697292	.886064	.0569631	0
1184.15	0	.05593038	.8868061	.05726346	0
1183.15	0	.05490433	.8875331	.05756253	0
1182.15	0	.05389484	.8882449	.05786029	0
1181.15	0	.052902	.8889412	.05815677	0
1180.15	0	.05192588	.8896222	.05845195	0
1179.15	0	.05096657	.8902876	.05874584	0
1178.15	0	.05002415	.8909374	.05903845	0
1177.15	0	.04909871	.8915715	.05932978	0
1176.15	0	.04819033	.8921898	.05961983	0
1175.15	0	.04729909	.8927923	.05990861	0
1174.15	0	.04642509	.8933788	.06019611	0
1173.15	0	.0455684	.8939493	.06048235	0
1172.15	0	.04472911	.8945036	.06076732	0
1171.15	0	.0439073	.8950417	.06105103	0
1170.15	0	.04310307	.8955635	.06133348	0
1169.15	0	.04231649	.8960688	.06161467	0
1168.15	0	.04154765	.8965577	.06189461	0
1167.15	0	.04079664	.8970301	.0621733	0
1166.15	0	.04006355	.8974857	.06245075	0
1165.15	0	.03934845	.8979246	.06272695	0
1164.15	0	.03865145	.8983466	.06300191	0
1163.15	0	.03797261	.8987517	.06327563	0
1162.15	0	.03731204	.8991398	.06354813	0
1161.15	0	.03666981	.8995108	.06381939	0
1160.15	0	.03604602	.8998646	.06408943	0
1159.15	0	.03544075	.900201	.06435824	0
1158.15	0	.03485408	.9005201	.06462583	0
1157.15	0	.03428611	.9008217	.06489221	0
1156.15	0	.03373691	.9011057	.06515737	0
1155.15	0	.03320658	.9013721	.06542132	0
1154.15	0	.0326951	.9016208	.06568408	0
1153.15	0	.03220276	.9018516	.06594562	0
1152.15	0	.03172954	.9020645	.06620596	0
1151.15	0	.03127553	.9022594	.06646511	0
1150.15	0	.03084081	.9024361	.06672307	0
1149.15	0	.03042547	.9025947	.06697984	0
1148.15	0	.0300296	.902735	.06723542	0
1147.15	0	.02965327	.9028569	.06748982	0
1146.15	0	.02929657	.9029604	.06774304	0
1145.15	0	.02895959	.9030453	.06799509	0
1144.15	0	.0286424	.9031116	.06824596	0
1143.15	0	.0283451	.9031592	.06849567	0
1142.15	0	.02806776	.903188	.06874422	0
1141.15	0	.02781046	.9031979	.0689916	0
1140.15	0	.02757329	.9031889	.06923783	0
1139.15	0	.02735633	.9031608	.06948291	0
1138.15	0	.02715965	.9031135	.06972684	0
1137.15	0	.02698334	.903047	.06996963	0
1136.15	0	.02682748	.9029613	.07021127	0
1135.15	0	.02669213	.9028561	.07045178	0
1134.15	0	.02657739	.9027315	.07069115	0
1133.15	0	.02648332	.9025873	.0709294	0
1132.15	0	.02641001	.9024235	.07116652	0
1131.15	0	.02635752	.90224	.07140251	0
1130.15	0	.02632593	.9020367	.0716374	0
1129.15	0	.02631531	.9018135	.07187117	0
1128.15	0	.02632574	.9015704	.07210383	0
1127.15	0	.02635729	.9013073	.07233538	0
1126.15	0	.02641002	.9010241	.07256584	0
1125.15	0	.02648401	.9007208	.0727952	0
1124.15	0	.02657932	.9003972	.07302347	0
1123.15	0	.02669602	.9000533	.07325065	0
1122.15	0	.02683418	.8996891	.07347675	0
1121.15	0	.02699385	.8993044	.07370177	0
1120.15	0	.02717511	.8988992	.07392571	0
1119.15	0	.02737801	.8984734	.07414858	0
1118.15	0	.02760261	.898027	.07437039	0
1117.15	0	.02784897	.8975599	.07459114	0
1116.15	0	.02811716	.897072	.07481083	0
1115.15	0	.02840722	.8965633	.07502947	0
1114.15	0	.02871921	.8960337	.07524706	0
1113.15	0	.02905318	.8954832	.07546361	0
1112.15	0	.02940919	.8949117	.07567912	0
1111.15	0	.02978728	.8943191	.0758936	0
1110.15	0	.0301875	.8937055	.07610705	0
1109.15	0	.0306099	.8930706	.07631947	0
1108.15	0	.0310748	.8923945	.0765307	0
1107.15	0	.03154191	.891717	.07674109	0
1106.15	0	.03203132	.8910182	.07695047	0
1105.15	0	.03254308	.8902981	.07715885	0
1104.15	0	.03307723	.8895566	.07736623	0
1103.15	0	.0336338	.8887936	.07757261	0
1102.15	0	.03421282	.8880092	.077778	0
1101.15	0	.03481433	.8872033	.07798241	0
1100.15	0	.03543835	.8863758	.07818584	0
1099.15	0	.03608491	.8855268	.0783883	0
1098.15	0	.03675403	.8846562	.07858979	0
1097.15	0	.03744575	.8837639	.07879031	0
1096.15	0	.03816007	.8828501	.07898988	0
1095.15	0	.03889702	.8819145	.07918849	0
1094.15	0	.03965662	.8809572	.07938616	0
1093.15	0	.04043886	.8799783	.07958288	0
1092.15	0	.04124378	.8789776	.07977867	0
1091.15	0	.04207136	.8779551	.07997352	0
1090.15	0	.04292163	.8769109	.08016745	0
1089.15	0	.04379459	.875845	.08036045	0
1088.15	0	.04469022	.8747572	.08055255	0
1087.15	0	.04560855	.8736477	.08074373	0
1086.15	0	.04654955	.8725164	.08093401	0
1085.15	0	.04751322	.8713634	.08112338	0
1084.15	0	.04849956	.8701886	.08131187	0
1083.15	0	.04950855	.868992	.08149947	0
1082.15	0	.05054018	.8677736	.08168618	0
1081.15	0	.05159443	.8665335	.08187202	0
1080.15	0	.05267128	.8652717	.08205699	0
1079.15	0	.0537707	.8639882	.08224109	0
1078.15	0	.05489267	.862683	.08242433	0
1077.15	0	.05603717	.8613561	.08260672	0
1076.15	0	.05720415	.8600076	.08278826	0
1075.15	0	.05839359	.8586374	.08296896	0
1074.15	0	.05960545	.8572457	.08314883	0
1073.15	0	.06083969	.8558324	.08332786	0
1072.15	0	.06209626	.8543977	.08350607	0
1071.15	0	.06337513	.8529414	.08368346	0
1070.15	0	.06467623	.8514637	.08386003	0
1069.15	0	.06599951	.8499647	.0840358	0
1068.15	0	.06734493	.8484443	.08421076	0
1067.15	0	.06871243	.8469026	.08438493	0
1066.15	0	.07010194	.8453398	.08455831	0
1065.15	0	.07151339	.8437557	.0847309	0
1064.15	0	.07294673	.8421506	.08490272	0
1063.15	0	.07440187	.8405244	.08507376	0
1062.15	0	.07587876	.8388772	.08524403	0
1061.15	0	.0773773	.8372092	.08541355	0
1060.15	0	.07889742	.8355203	.08558231	0
1059.15	0	.08043905	.8338106	.08575031	0
1058.15	0	.08200208	.8320803	.08591758	0
1057.15	0	.08358644	.8303295	.0860841	0
1056.15	0	.08519202	.8285581	.0862499	0
1055.15	0	.08681874	.8267663	.08641496	0
1054.15	0	.0884665	.8249542	.0865793	0
1053.15	0	.0901352	.8231219	.08674293	0
1052.15	0	.09182473	.8212694	.08690585	0
1051.15	0	.09353498	.819397	.08706806	0
1050.15	0	.09526584	.8175046	.08722958	0
1049.15	0	.09701721	.8155924	.0873904	0
1048.15	0	.09878895	.8136605	.08755053	0
1047.15	0	.100581	.8117091	.08770997	0
1046.15	0	.1023931	.8097381	.08786875	0
1045.15	0	.1042253	.8077479	.08802685	0
1044.15	0	.1060773	.8057384	.08818428	0
1043.15	0	.1079491	.8037098	.08834105	0
1042.15	0	.1098406	.8016623	.08849716	0
1041.15	0	.1117515	.7995959	.08865263	0
1040.15	0	.1136817	.7975108	.08880744	0
1039.15	0	.1156312	.7954072	.08896162	0
1038.15	0	.1175997	.7932852	.08911516	0
1037.15	0	.1195871	.7911449	.08926807	0
1036.15	0	.1215932	.7889864	.08942035	0
1035.15	0	.123618	.78681	.08957201	0
1034.15	0	.1256612	.7846158	.08972306	0
1033.15	0	.1277227	.7824039	.08987349	0
1032.15	0	.1298023	.7801744	.09002331	0
1031.15	0	.1318998	.7779277	.09017254	0
1030.15	0	.1340151	.7756637	.09032116	0
1029.15	0	.1361481	.7733827	.09046919	0
1028.15	0	.1382985	.7710849	.09061663	0
1027.15	0	.1404661	.7687704	.09076348	0
1026.15	0	.1426509	.7664394	.09090975	0
1025.15	0	.1448525	.7640921	.09105544	0
1024.15	0	.1470709	.7617286	.09120056	0
1023.15	0	.1493058	.7593491	.09134511	0
1022.15	0	.1515571	.7569538	.0914891	0
1021.15	0	.1538245	.754543	.09163252	0
1020.15	0	.1561079	.7521167	.09177538	0
1019.15	0	.1584071	.7496752	.09191768	0
1018.15	0	.1607218	.7472187	.09205944	0
1017.15	0	.163052	.7447474	.09220064	0
1016.15	0	.1653973	.7422614	.0923413	0
1015.15	0	.1677576	.7397609	.09248141	0
1014.15	0	.1701327	.7372463	.09262098	0
1013.15	0	.1725224	.7347176	.09276002	0
1012.15	0	.1749264	.7321751	.09289851	0
1011.15	0	.1773446	.7296189	.09303648	0
1010.15	0	.1797768	.7270493	.09317391	0
1009.15	0	.1822226	.7244666	.09331082	0
1008.15	0	.184682	.7218708	.09344719	0
1007.15	0	.1871547	.7192623	.09358305	0
1006.15	0	.1896405	.7166412	.09371838	0
1005.15	0	.1921391	.7140077	.09385318	0
1004.15	0	.1946504	.7113622	.09398747	0
1003.15	0	.1971741	.7087047	.09412124	0
1002.15	0	.19971	.7060356	.09425448	0
1001.15	0	.2022578	.7033549	.09438722	0
1000.15	0	.2048175	.7006631	.09451943	0
999.15	0	.2073886	.6979602	.09465113	0
998.15	0	.2099711	.6952466	.09478231	0
997.15	0	.2125646	.6925224	.09491297	0
996.15	0	.215169	.6897879	.09504312	0
995.15	0	.2177839	.6870433	.09517275	0
994.15	0	.2204093	.6842889	.09530187	0
993.15	0	.2230447	.6815248	.09543047	0
992.15	0	.2256901	.6787513	.09555855	0
991.15	0	.2283452	.6759687	.09568611	0
990.15	0	.2310097	.6731771	.09581315	0
989.15	0	.2336834	.6703769	.09593967	0
988.15	0	.2363661	.6675682	.09606566	0
987.15	0	.2390575	.6647513	.09619113	0
986.15	0	.2417574	.6619265	.09631606	0
985.15	0	.2444656	.6590939	.09644047	0
984.15	0	.2471818	.6562539	.09656435	0
983.15	0	.2499058	.6534066	.09668768	0
982.15	0	.2526373	.6505522	.09681048	0
981.15	0	.2553761	.6476912	.09693274	0
980.15	0	.258122	.6448236	.09705444	0
979.15	0	.2608747	.6419497	.0971756	0
978.15	0	.263634	.6390698	.0972962	0
977.15	0	.2663996	.6361842	.09741624	0
976.15	0	.2691713	.633293	.09753571	0
975.15	0	.2719489	.6303965	.09765462	0
974.15	0	.2747321	.6274949	.09777295	0
973.15	0	.2774769	.6246286	.09789448	0
972.15	0	.2801769	.6218027	.09802041	0
971.15	0	.282903	.6189522	.09814481	0
970.15	0	.2856536	.6160788	.09826771	0
969.15	0	.2884271	.6131838	.09838913	0
968.15	0	.291222	.6102689	.09850909	0
967.15	0	.2940369	.6073355	.09862762	0
966.15	0	.2968703	.604385	.09874473	0
965.15	0	.2997209	.6014187	.09886044	0
964.15	0	.3025874	.5984378	.09897477	0
963.15	0	.3054685	.5954438	.09908773	0
962.15	0	.3083629	.5924378	.09919933	0
961.15	0	.3112696	.5894208	.09930958	0
960.15	0	.3141872	.5863943	.09941851	0
959.15	0	.3171148	.5833591	.09952611	0
958.15	0	.3200513	.5803163	.09963239	0
957.15	0	.3229956	.577267	.09973738	0
956.15	0	.3259467	.5742122	.09984106	0
955.15	0	.3289037	.5711529	.09994346	0
954.15	0	.3318656	.5680899	.1000446	0
953.15	0	.3348315	.5650241	.1001444	0
952.15	0	.3378007	.5619564	.100243	0
951.15	0	.3407721	.5588876	.1003403	0
950.15	0	.3437451	.5558186	.1004363	0
949.15	0	.3467189	.5527501	.100531	0
948.15	0	.3496927	.5496828	.1006245	0
947.15	0	.3526658	.5466175	.1007168	0
946.15	0	.3556374	.5435549	.1008077	0
945.15	0	.358607	.5404955	.1008975	0
944.15	0	.3615739	.5374402	.1009859	0
943.15	0	.3645374	.5343895	.1010731	0
942.15	0	.367497	.5313439	.1011591	0
941.15	0	.370452	.5283042	.1012438	0
940.15	0	.373402	.5252707	.1013273	0
939.15	0	.3763464	.5222442	.1014095	0
938.15	0	.3792846	.519225	.1014904	0
937.15	0	.3822163	.5162137	.1015701	0
936.15	0	.3851408	.5132107	.1016485	0
935.15	0	.3880578	.5102166	.1017257	0
934.15	0	.3909667	.5072317	.1018016	0
933.15	0	.3938673	.5042565	.1018762	0
932.15	0	.396759	.5012914	.1019496	0
931.15	0	.3996415	.4983368	.1020217	0
930.15	0	.4025144	.4953931	.1020925	0
929.15	0	.4053774	.4924606	.1021621	0
928.15	0	.40823	.4895397	.1022304	0
927.15	0	.411072	.4866307	.1022974	0
926.15	0	.413903	.4837339	.1023631	0
925.15	0	.4167228	.4808497	.1024275	0
924.15	0	.419531	.4779783	.1024907	0
923.15	0	.4223273	.4751201	.1025526	0
922.15	0	.4251115	.4722753	.1026132	0
921.15	0	.4278833	.4694442	.1026725	0
920.15	0	.4306425	.466627	.1027305	0
919.15	0	.4333888	.463824	.1027872	0
918.15	0	.436122	.4610354	.1028426	0
917.15	0	.4388419	.4582614	.1028967	0
916.15	0	.4415482	.4555023	.1029495	0
915.15	0	.4442407	.4527583	.103001	0
914.15	0	.4469193	.4500295	.1030512	0
913.15	0	.4495838	.4473162	.1031	0
912.15	0	.4522339	.4446185	.1031476	0
911.15	0	.4548696	.4419366	.1031938	0
910.15	0	.4574905	.4392707	.1032388	0
909.15	0	.4600967	.4366209	.1032824	0
908.15	0	.4626879	.4339874	.1033247	0
907.15	0	.4652639	.4313704	.1033656	0
906.15	0	.4678247	.42877	.1034053	0
905.15	0	.4703701	.4261863	.1034436	0
904.15	0	.4729	.4236194	.1034806	0
903.15	0	.4754141	.4210696	.1035163	0
902.15	0	.4779125	.4185368	.1035507	0
901.15	0	.480395	.4160213	.1035837	0
900.15	0	.4828615	.413523	.1036154	0
899.15	0	.4853119	.4110423	.1036458	0
898.15	0	.487746	.408579	.1036749	0
897.15	0	.4901639	.4061335	.1037027	0
896.15	0	.4925653	.4037056	.1037291	0
895.15	0	.4949502	.4012956	.1037542	0
894.15	0	.4973185	.3989035	.103778	0
893.15	0	.4996701	.3965294	.1038005	0
892.15	0	.5020049	.3941734	.1038217	0
891.15	0	.5043229	.3918355	.1038416	0
890.15	0	.506624	.3895158	.1038601	0
889.15	0	.5089081	.3872145	.1038774	0
888.15	0	.5111751	.3849315	.1038934	0
887.15	0	.513425	.3826669	.1039081	0
886.15	0	.5156577	.3804208	.1039215	0
885.15	0	.5178731	.3781932	.1039337	0
884.15	0	.5200712	.3759843	.1039445	0
883.15	0	.522252	.3737939	.1039541	0
882.15	0	.5244153	.3716223	.1039624	0
881.15	0	.5265612	.3694693	.1039695	0
880.15	0	.5286895	.3673352	.1039753	0
879.15	0	.5308002	.3652198	.1039799	0
878.15	0	.5328934	.3631233	.1039833	0
877.15	0	.5349689	.3610457	.1039854	0
876.15	0	.5370267	.358987	.1039863	0
875.15	0	.5390668	.3569471	.103986	0
874.15	0	.5410892	.3549263	.1039846	0
873.15	0	.5430938	.3529244	.1039819	0
872.15	0	.5450805	.3509414	.1039781	0
871.15	0	.5470495	.3489775	.103973	0
870.15	0	.5490006	.3470325	.1039669	0
869.15	0	.5509339	.3451066	.1039596	0
868.15	0	.5528492	.3431996	.1039511	0
867.15	0	.5547468	.3413116	.1039416	0
866.15	0	.5566264	.3394427	.1039309	0
865.15	0	.5584882	.3375926	.1039192	0
864.15	0	.560332	.3357616	.1039064	0
863.15	0	.5621581	.3339494	.1038925	0
862.15	0	.5639662	.3321562	.1038775	0
861.15	0	.5657566	.3303819	.1038615	0
860.15	0	.567529	.3286264	.1038445	0
859.15	0	.5692837	.3268897	.1038265	0
858.15	0	.5710207	.3251718	.1038075	0
857.15	0	.5727398	.3234727	.1037875	0
856.15	0	.5744413	.3217922	.1037665	0
855.15	0	.5761251	.3201303	.1037446	0
854.15	0	.5777913	.318487	.1037218	0
853.15	0	.5794399	.3168621	.103698	0
852.15	0	.5810709	.3152557	.1036733	0
851.15	0	.5826846	.3136677	.1036478	0
850.15	0	.5842808	.3120979	.1036213	0
849.15	0	.5858597	.3105463	.103594	0
848.15	0	.5874213	.3090129	.1035659	0
847.15	0	.5889657	.3074975	.1035369	0
846.15	0	.590493	.3059999	.1035071	0
845.15	0	.5920033	.3045203	.1034765	0
844.15	0	.5934966	.3030583	.1034451	0
843.15	0	.5949731	.301614	.1034129	0
842.15	0	.5964328	.3001871	.10338	0
841.15	0	.5978759	.2987777	.1033464	0
840.15	0	.5993025	.2973855	.103312	0
839.15	0	.6007126	.2960105	.1032769	0
838.15	0	.6021064	.2946525	.1032412	0
837.15	0	.603484	.2933114	.1032047	0
836.15	0	.6048455	.291987	.1031676	0
835.15	0	.606191	.2906793	.1031298	0
834.15	0	.6075207	.289388	.1030913	0
833.8328	0	.6079391	.2889818	.103079	0
833.8328	0	.6079391	.2889818	.103079	0
833.8328	0	.6079391	.2889818	.103079	0
833.15	0	.6147422	.280734	.1011756	.003348168
832.15	0	.6244094	.2689821	.09844543	.008163086
831.15	0	.6337381	.2576046	.0957812	.01287605
830.15	0	.6427429	.2465858	.0931805	.01749076
829.15	0	.6514375	.2359107	.09064105	.02201073
828.15	0	.6598349	.2255652	.08816067	.02643926
827.15	0	.6679472	.215536	.0857373	.0307795
826.15	0	.6757862	.2058104	.08336898	.03503442
825.15	0	.6833628	.1963765	.08105388	.03920682
824.15	0	.6906874	.187223	.07879022	.04329939
823.15	0	.6977697	.1783393	.07657633	.04731467
822.15	0	.7046192	.1697151	.07441062	.05125506
821.15	0	.7112447	.1613408	.07229158	.05512287
820.15	0	.7176548	.1532072	.07021775	.05892028
819.15	0	.7238572	.1453056	.06818776	.06264939
818.15	0	.7298598	.1376277	.0662003	.06631216
817.15	0	.7356699	.1301656	.06425409	.06991051
816.15	0	.7412941	.1229116	.06234795	.07344624
815.15	0	.7467394	.1158588	.06048072	.07692109
814.15	0	.7520118	.1090002	.0586513	.08033671
813.15	0	.7571175	.1023292	.05685863	.08369469
812.15	0	.7620621	.09583962	.05510171	.08699655
811.15	0	.7668512	.08952547	.05337955	.09024374
810.15	0	.7714901	.08338102	.05169123	.09343766
809.15	0	.7759837	.0774008	.05003585	.09657965
808.15	0	.7803369	.07157956	.04841256	.099671
807.15	0	.7845543	.06591229	.0468205	.1027129
806.15	0	.7886403	.06039415	.04525891	.1057067
805.15	0	.7925992	.05502054	.04372699	.1086533
804.15	0	.796435	.04978701	.04222401	.111554
803.15	0	.8001517	.04468931	.04074926	.1144098
802.15	0	.803753	.03972334	.03930205	.1172217
801.15	0	.8072425	.03488516	.0378817	.1199906
800.15	0	.8106237	.03017099	.03648758	.1227177
799.15	0	.8139	.02557719	.03511906	.1254037
798.15	0	.8170746	.02110024	.03377553	.1280496
797.15	0	.8201506	.01673676	.03245642	.1306562
796.15	0	.8231309	.0124835	.03116116	.1332244
795.15	0	.8260185	.008337317	.0298892	.135755
794.15	0	.8288162	.004295176	.02864	.1382487
793.15	0	.8315265	3.541527E-04	.02741306	.1407063
793.0589	0	.8317692	0	.02730236	.1409284
793.0589	0	.8317692	0	.02730236	.1409284
792.15	0	.8316267	0	.02709889	.1412744
791.15	0	.8314707	0	.02687569	.1416536
790.15	0	.8313156	0	.02665319	.1420312
789.15	0	.8311613	0	.02643138	.1424073
788.15	0	.8310079	0	.02621027	.1427818
787.15	0	.8308554	0	.02598986	.1431548
786.15	0	.8307037	0	.02577014	.1435262
785.15	0	.8305528	0	.02555113	.1438961
784.15	0	.8304027	0	.0253328	.1442645
783.15	0	.8302535	0	.02511517	.1446313
782.15	0	.8301051	0	.02489824	.1449967
781.15	0	.8299575	0	.024682	.1453605
780.15	0	.8298107	0	.02446646	.1457228
779.15	0	.8296647	0	.02425162	.1460837
778.15	0	.8295195	0	.02403746	.146443
777.15	0	.8293751	0	.023824	.1468009
776.15	0	.8292315	0	.02361124	.1471573
775.15	0	.8290886	0	.02339917	.1475122
774.15	0	.8289466	0	.02318779	.1478657
773.15	0	.8288053	0	.02297711	.1482176
772.15	0	.8286647	0	.02276712	.1485682
771.15	0	.8285249	0	.02255782	.1489172
770.15	0	.8283859	0	.02234921	.1492649
769.15	0	.8282476	0	.0221413	.1496111
768.15	0	.8281101	0	.02193408	.1499558
767.15	0	.8279733	0	.02172755	.1502991
766.15	0	.8278373	0	.02152171	.150641
765.15	0	.8277019	0	.02131657	.1509815
764.15	0	.8275673	0	.02111211	.1513206
763.15	0	.8274334	0	.02090835	.1516582
762.15	0	.8273003	0	.02070528	.1519945
761.15	0	.8271678	0	.0205029	.1523293
760.15	0	.8270361	0	.02030121	.1526627
759.15	0	.826905	0	.02010021	.1529948
758.15	0	.8267747	0	.0198999	.1533254
757.15	0	.826645	0	.01970028	.1536547
756.15	0	.8265161	0	.01950135	.1539826
755.15	0	.8263878	0	.01930311	.1543091
754.15	0	.8262602	0	.01910556	.1546342
753.15	0	.8261333	0	.0189087	.154958
752.15	0	.8260071	0	.01871253	.1552804
751.15	0	.8258815	0	.01851705	.1556014
750.15	0	.8257566	0	.01832225	.1559211
749.15	0	.8256324	0	.01812815	.1562395
748.15	0	.8255088	0	.01793473	.1565565
747.15	0	.8253859	0	.017742	.1568721
746.15	0	.8252636	0	.01754996	.1571864
745.15	0	.825142	0	.01735861	.1574994
744.15	0	.8250211	0	.01716795	.157811
743.15	0	.8249007	0	.01697797	.1581213
742.15	0	.824781	0	.01678868	.1584303
741.15	0	.824662	0	.01660008	.1587379
740.15	0	.8245436	0	.01641217	.1590443
739.15	0	.8244258	0	.01622494	.1593493
738.15	0	.8243086	0	.0160384	.159653
737.15	0	.824192	0	.01585254	.1599554
736.15	0	.8240761	0	.01566738	.1602565
735.15	0	.8239608	0	.01548289	.1605563
734.15	0	.8238461	0	.0152991	.1608548
733.15	0	.823732	0	.01511599	.161152
732.15	0	.8236185	0	.01493357	.1614479
731.15	0	.8235056	0	.01475183	.1617425
730.15	0	.8233933	0	.01457078	.1620359
729.15	0	.8232817	0	.01439041	.1623279
728.15	0	.8231706	0	.01421073	.1626187
727.15	0	.8230601	0	.01403173	.1629082
726.15	0	.8229502	0	.01385342	.1631964
725.15	0	.8228408	0	.01367579	.1634834
724.15	0	.8227321	0	.01349884	.1637691
723.15	0	.8226239	0	.01332258	.1640535
722.15	0	.8225163	0	.01314701	.1643367
721.15	0	.8224093	0	.01297212	.1646186
720.15	0	.8223029	0	.01279791	.1648992
719.15	0	.822197	0	.01262438	.1651787
718.15	0	.8220917	0	.01245154	.1654568
717.15	0	.8219869	0	.01227938	.1657337
716.15	0	.8218827	0	.01210791	.1660094
715.15	0	.8217791	0	.01193711	.1662838
714.15	0	.821676	0	.011767	.166557
713.15	0	.8215735	0	.01159758	.1668289
712.15	0	.8214715	0	.01142883	.1670996
711.15	0	.8213701	0	.01126076	.1673691
710.15	0	.8212692	0	.01109338	.1676374
709.15	0	.8211689	0	.01092668	.1679044
708.15	0	.8210691	0	.01076066	.1681702
707.15	0	.8209699	0	.01059532	.1684348
706.15	0	.8208711	0	.01043066	.1686982
705.15	0	.8207729	0	.01026668	.1689604
704.15	0	.8206753	0	.01010339	.1692213
703.15	0	.8205782	0	.009940768	.1694811
702.15	0	.8204816	0	.00977883	.1697396
701.15	0	.8203855	0	.009617572	.1699969
700.15	0	.82029	0	.009456993	.170253
699.15	0	.8201949	0	.009297092	.170508
698.15	0	.8201004	0	.009137871	.1707617
697.15	0	.8200064	0	.008979328	.1710142
696.15	0	.8199129	0	.008821463	.1712656
695.15	0	.81982	0	.008664277	.1715157
694.15	0	.8197275	0	.008507768	.1717647
693.15	0	.8196356	0	.008351937	.1720125
692.15	0	.8195441	0	.008196782	.1722591
691.15	0	.8194532	0	.008042305	.1725045
690.15	0	.8193627	0	.007888504	.1727488
689.15	0	.8192728	0	.00773538	.1729918
688.15	0	.8191833	0	.007582931	.1732337
687.15	0	.8190944	0	.007431158	.1734744
686.15	0	.8190059	0	.007280061	.173714
685.15	0	.818918	0	.007129638	.1739524
684.15	0	.8188305	0	.00697989	.1741896
683.15	0	.8187435	0	.006830817	.1744257
682.15	0	.818657	0	.006682417	.1746606
681.15	0	.818571	0	.006534691	.1748943
680.15	0	.8184855	0	.006387639	.1751269
679.15	0	.8184004	0	.006241259	.1753583
678.15	0	.8183158	0	.006095553	.1755886
677.15	0	.8182317	0	.005950518	.1758178
676.15	0	.8181481	0	.005806155	.1760458
675.15	0	.8180649	0	.005662464	.1762726
674.15	0	.8179822	0	.005519443	.1764983
673.15	0	.8179	0	.005377094	.1767229
672.15	0	.8178183	0	.005235414	.1769463
671.15	0	.817737	0	.005094405	.1771686
670.15	0	.8176562	0	.004954065	.1773898
669.15	0	.8175758	0	.004814394	.1776098
668.15	0	.8174959	0	.004675391	.1778287
667.15	0	.8174165	0	.004537057	.1780465
666.15	0	.8173375	0	.004399391	.1782631
665.15	0	.817259	0	.004262391	.1784786
664.15	0	.8171809	0	.004126058	.178693
663.15	0	.8171033	0	.003990392	.1789063
662.15	0	.8170261	0	.003855392	.1791185
661.15	0	.8169494	0	.003721057	.1793296
660.15	0	.8168731	0	.003587386	.1795395
659.15	0	.8167973	0	.00345438	.1797483
658.15	0	.8167219	0	.003322038	.1799561
657.15	0	.8166469	0	.003190359	.1801627
656.15	0	.8165724	0	.003059343	.1803682
655.15	0	.8164984	0	.002928989	.1805726
654.15	0	.8164248	0	.002799296	.180776
653.15	0	.8163516	0	.002670265	.1809782
652.15	0	.8162788	0	.002541894	.1811793
651.15	0	.8162065	0	.002414184	.1813793
650.15	0	.8161346	0	.002287132	.1815783
649.15	0	.8160631	0	.00216074	.1817762
648.15	0	.8159921	0	.002035005	.1819729
647.15	0	.8159215	0	.001909928	.1821686
646.15	0	.8158513	0	.001785509	.1823632
645.15	0	.8157815	0	.001661745	.1825567
644.15	0	.8157122	0	.001538637	.1827492
643.15	0	.8156433	0	.001416184	.1829406
642.15	0	.8155748	0	.001294386	.1831309
641.15	0	.8155067	0	.00117324	.1833201
640.15	0	.815439	0	.001052749	.1835082
639.15	0	.8153718	0	9.329089E-04	.1836953
638.15	0	.8153049	0	8.137209E-04	.1838814
637.15	0	.8152385	0	6.951837E-04	.1840663
636.15	0	.8151725	0	5.772967E-04	.1842502
635.15	0	.8151069	0	4.600591E-04	.1844331
634.15	0	.8150417	0	3.434702E-04	.1846149
633.15	0	.8149769	0	2.275291E-04	.1847956
632.15	0	.8149125	0	1.122353E-04	.1849753
631.1711	0	.8148499	0	0	.1851502
631.1711	0	.8148499	0	0	.1851502
631.15	0	.8148487	0	0	.1851513
630.15	0	.8147955	0	0	.1852045
629.15	0	.8147432	0	0	.1852568
628.15	0	.814692	0	0	.185308
627.15	0	.8146419	0	0	.1853581
626.15	0	.8145927	0	0	.1854073
625.15	0	.8145445	0	0	.1854555
624.15	0	.8144973	0	0	.1855027
623.15	0	.8144512	0	0	.1855488
622.15	0	.8144059	0	0	.1855941
621.15	0	.8143617	0	0	.1856383
620.15	0	.8143184	0	0	.1856816
619.15	0	.8142761	0	0	.1857239
618.15	0	.8142348	0	0	.1857652
617.15	0	.8141943	0	0	.1858057
616.15	0	.8141548	0	0	.1858452
615.15	0	.8141163	0	0	.1858837
614.15	0	.8140786	0	0	.1859214
613.15	0	.8140418	0	0	.1859582
612.15	0	.8140059	0	0	.1859941
611.15	0	.8139709	0	0	.1860291
610.15	0	.8139368	0	0	.1860632
609.15	0	.8139035	0	0	.1860965
608.15	0	.8138711	0	0	.1861289
607.15	0	.8138395	0	0	.1861605
606.15	0	.8138087	0	0	.1861913
605.15	0	.8137787	0	0	.1862213
604.15	0	.8137495	0	0	.1862505
603.15	0	.8137211	0	0	.1862789
602.15	0	.8136935	0	0	.1863065
601.15	0	.8136666	0	0	.1863334
600.15	0	.8136405	0	0	.1863595
599.15	0	.8136151	0	0	.1863849
598.15	0	.8135905	0	0	.1864095
597.15	0	.8135665	0	0	.1864335
596.15	0	.8135433	0	0	.1864568
595.15	0	.8135207	0	0	.1864793
594.15	0	.8134987	0	0	.1865013
593.15	0	.8134775	0	0	.1865225
592.15	0	.8134569	0	0	.1865432
591.15	0	.8134369	0	0	.1865631
590.15	0	.8134175	0	0	.1865825
589.15	0	.8133987	0	0	.1866013
588.15	0	.8133805	0	0	.1866195
587.15	0	.8133629	0	0	.1866371
586.15	0	.8133458	0	0	.1866542
585.15	0	.8133293	0	0	.1866707
584.15	0	.8133133	0	0	.1866867
583.15	0	.8132978	0	0	.1867022
582.15	0	.8132829	0	0	.1867171
581.15	0	.8132684	0	0	.1867316
580.15	0	.8132545	0	0	.1867455
579.15	0	.813241	0	0	.186759
578.15	0	.8132279	0	0	.1867721
577.15	0	.8132153	0	0	.1867847
576.15	0	.8132032	0	0	.1867969
575.15	0	.8131914	0	0	.1868086
574.15	0	.8131801	0	0	.1868199
573.15	0	.8131691	0	0	.1868309
572.15	0	.8131586	0	0	.1868414
571.15	0	.8131484	0	0	.1868516
570.15	0	.8131386	0	0	.1868614
569.15	0	.8131292	0	0	.1868708
568.15	0	.8131201	0	0	.1868799
567.15	0	.8131113	0	0	.1868887
566.15	0	.8131028	0	0	.1868972
565.15	0	.8130947	0	0	.1869053
564.15	0	.8130869	0	0	.1869131
563.15	0	.8130793	0	0	.1869207
562.15	0	.8130721	0	0	.1869279
561.15	0	.8130651	0	0	.1869349
560.15	0	.8130584	0	0	.1869416
559.15	0	.8130519	0	0	.1869481
558.15	0	.8130457	0	0	.1869543
557.15	0	.8130398	0	0	.1869603
556.15	0	.813034	0	0	.186966
555.15	0	.8130285	0	0	.1869715
554.15	0	.8130232	0	0	.1869768
553.15	0	.8130181	0	0	.1869819
552.15	0	.8130133	0	0	.1869867
551.15	0	.8130086	0	0	.1869914
550.15	0	.8130041	0	0	.1869959
549.15	0	.8129998	0	0	.1870002
548.15	0	.8129956	0	0	.1870044
547.15	0	.8129917	0	0	.1870083
546.15	0	.8129879	0	0	.1870121
545.15	0	.8129842	0	0	.1870158
544.15	0	.8129807	0	0	.1870193
543.15	0	.8129774	0	0	.1870226
542.15	0	.8129742	0	0	.1870258
541.15	0	.8129711	0	0	.1870289
540.15	0	.8129682	0	0	.1870318
539.15	0	.8129653	0	0	.1870347
538.15	0	.8129626	0	0	.1870374
537.15	0	.8129601	0	0	.18704
536.15	0	.8129576	0	0	.1870424
535.15	0	.8129552	0	0	.1870448
534.15	0	.812953	0	0	.1870471
533.15	0	.8129508	0	0	.1870492
532.15	0	.8129487	0	0	.1870513
531.15	0	.8129467	0	0	.1870533
530.15	0	.8129448	0	0	.1870552
529.15	0	.812943	0	0	.187057
528.15	0	.8129413	0	0	.1870587
527.15	0	.8129397	0	0	.1870603
526.15	0	.8129381	0	0	.1870619
525.15	0	.8129366	0	0	.1870634
524.15	0	.8129351	0	0	.1870649
523.15	0	.8129338	0	0	.1870662
522.15	0	.8129325	0	0	.1870675
521.15	0	.8129312	0	0	.1870688
520.15	0	.81293	0	0	.18707
519.15	0	.8129289	0	0	.1870711
518.15	0	.8129278	0	0	.1870722
517.15	0	.8129268	0	0	.1870732
516.15	0	.8129258	0	0	.1870742
515.15	0	.8129248	0	0	.1870752
514.15	0	.812924	0	0	.1870761
513.15	0	.8129231	0	0	.1870769
512.15	0	.8129223	0	0	.1870777
511.15	0	.8129215	0	0	.1870785
510.15	0	.8129208	0	0	.1870792
509.15	0	.8129201	0	0	.1870799
508.15	0	.8129194	0	0	.1870806
507.15	0	.8129188	0	0	.1870812
506.15	0	.8129182	0	0	.1870818
505.15	0	.8129176	0	0	.1870824
504.15	0	.8129171	0	0	.187083
503.15	0	.8129165	0	0	.1870835
502.15	0	.812916	0	0	.187084
501.15	0	.8129156	0	0	.1870844
500.15	0	.8129151	0	0	.1870849
499.15	0	.8129147	0	0	.1870853
498.15	0	.8129143	0	0	.1870857
497.15	0	.8129139	0	0	.1870861
496.15	0	.8129136	0	0	.1870864
495.15	0	.8129132	0	0	.1870868
494.15	0	.8129129	0	0	.1870871
493.15	0	.8129126	0	0	.1870874
492.15	0	.8129123	0	0	.1870877
491.15	0	.812912	0	0	.187088
490.15	0	.8129117	0	0	.1870883
489.15	0	.8129115	0	0	.1870885
488.15	0	.8129113	0	0	.1870887
487.15	0	.812911	0	0	.187089
486.15	0	.8129108	0	0	.1870892
485.15	0	.8129106	0	0	.1870894
484.15	0	.8129104	0	0	.1870896
483.15	0	.8129102	0	0	.1870898
482.15	0	.8129101	0	0	.1870899
481.15	0	.8129099	0	0	.1870901
480.15	0	.8129098	0	0	.1870902
479.15	0	.8129096	0	0	.1870904
478.15	0	.8129095	0	0	.1870905
477.15	0	.8129093	0	0	.1870907
476.15	0	.8129092	0	0	.1870908
475.15	0	.8129091	0	0	.1870909
474.15	0	.812909	0	0	.187091
473.15	0	.8129089	0	0	.1870911
472.15	0	.8129088	0	0	.1870912
471.15	0	.8129087	0	0	.1870913
470.15	0	.8129086	0	0	.1870914
469.6438	0	.8129086	0	0	.1870914
469.6438	0	.8129086	0	0	.1870914
469.6438	0	.8129086	0	0	.1870914
469.15	0	.8128417	7.493999E-05	0	.1870834
468.15	0	.8127067	2.260587E-04	0	.1870672
467.15	0	.8125724	3.763364E-04	0	.1870512
466.15	0	.8124388	5.257737E-04	0	.1870354
465.15	0	.8123058	6.743711E-04	0	.1870198
464.15	0	.8121735	8.221292E-04	0	.1870044
463.15	0	.8120419	9.690485E-04	0	.1869891
462.15	0	.8119109	.00111513	0	.186974
461.15	0	.8117806	.001260373	0	.1869591
460.15	0	.8116509	.001404779	0	.1869443
459.15	0	.8115219	.001548349	0	.1869297
458.15	0	.8113936	.001691083	0	.1869153
457.15	0	.8112659	.001832982	0	.1869011
456.15	0	.8111389	.001974045	0	.1868871
455.15	0	.8110126	.002114275	0	.1868732
454.15	0	.8108869	.002253671	0	.1868595
453.15	0	.8107618	.002392233	0	.1868459
452.15	0	.8106375	.002529964	0	.1868326
451.15	0	.8105138	.002666862	0	.1868194
450.15	0	.8103907	.00280293	0	.1868063
449.15	0	.8102685	.002938078	0	.1867935
448.15	0	.8101468	.003072374	0	.1867808
447.15	0	.8100259	.003205826	0	.1867683
446.15	0	.8099056	.003338425	0	.1867559
445.15	0	.8097861	.003470164	0	.1867437
444.15	0	.8096672	.003601035	0	.1867318
443.15	0	.8095491	.003731031	0	.1867199
442.15	0	.8094316	.003860147	0	.1867082
441.15	0	.8093149	.003988375	0	.1866967
440.15	0	.8091989	.004115711	0	.1866854
439.15	0	.8090836	.004242148	0	.1866743
438.15	0	.8089691	.004367682	0	.1866633
437.15	0	.8088553	.004492307	0	.1866524
436.15	0	.8087422	.00461602	0	.1866418
435.15	0	.8086299	.004738815	0	.1866313
434.15	0	.8085183	.00486069	0	.186621
433.15	0	.8084075	.00498164	0	.1866108
432.15	0	.8082975	.005101663	0	.1866008
431.15	0	.8081882	.005220755	0	.186591
430.15	0	.8080797	.005338914	0	.1865814
429.15	0	.807972	.005456137	0	.1865719
428.15	0	.807865	.005572422	0	.1865626
427.15	0	.8077588	.005687768	0	.1865534
426.15	0	.8076534	.005802172	0	.1865445
425.15	0	.8075487	.005915634	0	.1865356
424.15	0	.8074449	.006028152	0	.186527
423.15	0	.8073418	.006139726	0	.1865185
422.15	0	.8072395	.006250355	0	.1865102
421.15	0	.807138	.006360038	0	.186502
420.15	0	.8070372	.006468775	0	.186494
419.15	0	.8069373	.006576567	0	.1864862
418.15	0	.8068381	.006683414	0	.1864785
