T	 BPW(LIQUID)	BPW(BCC_A2)	BPW(FCC_A1)	BPW(LAVES_PHASE_C14)	BPW(NI3TI)
1473.15	.2761019	.7238981	0	0	0
1472.15	.2733165	.7266835	0	0	0
1471.15	.2705501	.7294498	0	0	0
1470.15	.2678028	.7321972	0	0	0
1469.15	.2650742	.7349258	0	0	0
1468.15	.2623643	.7376357	0	0	0
1467.15	.2596729	.7403271	0	0	0
1466.15	.2569999	.7430001	0	0	0
1465.15	.254345	.745655	0	0	0
1464.15	.2517083	.7482917	0	0	0
1463.15	.2490895	.7509105	0	0	0
1462.15	.2464885	.7535116	0	0	0
1461.15	.2439051	.7560949	0	0	0
1460.15	.2413392	.7586608	0	0	0
1459.15	.2387907	.7612093	0	0	0
1458.15	.2362594	.7637406	0	0	0
1457.15	.2337452	.7662548	0	0	0
1456.15	.231248	.768752	0	0	0
1455.15	.2287676	.7712324	0	0	0
1454.15	.2263039	.7736961	0	0	0
1453.15	.2238567	.7761433	0	0	0
1452.15	.221426	.778574	0	0	0
1451.15	.2190116	.7809884	0	0	0
1450.15	.2166134	.7833866	0	0	0
1449.15	.2142312	.7857688	0	0	0
1448.15	.211865	.788135	0	0	0
1447.15	.2095145	.7904855	0	0	0
1446.15	.2071798	.7928203	0	0	0
1445.15	.2048605	.7951395	0	0	0
1444.15	.2025568	.7974433	0	0	0
1443.15	.2002683	.7997317	0	0	0
1442.15	.197995	.802005	0	0	0
1441.15	.1957368	.8042632	0	0	0
1440.15	.1934936	.8065064	0	0	0
1439.15	.1912652	.8087348	0	0	0
1438.15	.1890516	.8109484	0	0	0
1437.15	.1868525	.8131475	0	0	0
1436.15	.184668	.815332	0	0	0
1435.15	.1824979	.8175021	0	0	0
1434.15	.180342	.819658	0	0	0
1433.15	.1782003	.8217997	0	0	0
1432.15	.1760727	.8239273	0	0	0
1431.15	.1739591	.8260409	0	0	0
1430.15	.1718593	.8281407	0	0	0
1429.15	.1697732	.8302268	0	0	0
1428.15	.1677008	.8322992	0	0	0
1427.15	.1656419	.8343581	0	0	0
1426.15	.1635964	.8364036	0	0	0
1425.15	.1615643	.8384357	0	0	0
1424.15	.1595454	.8404546	0	0	0
1423.15	.1575397	.8424603	0	0	0
1422.15	.1555469	.8444531	0	0	0
1421.15	.1535671	.8464329	0	0	0
1420.15	.1516002	.8483998	0	0	0
1419.15	.1496459	.8503541	0	0	0
1418.15	.1477044	.8522956	0	0	0
1417.15	.1457753	.8542247	0	0	0
1416.15	.1438587	.8561413	0	0	0
1415.15	.1419545	.8580455	0	0	0
1414.15	.1400625	.8599375	0	0	0
1413.15	.1381827	.8618173	0	0	0
1412.15	.136315	.863685	0	0	0
1411.15	.1344593	.8655407	0	0	0
1410.15	.1326155	.8673845	0	0	0
1409.15	.1307835	.8692165	0	0	0
1408.15	.1289633	.8710367	0	0	0
1407.15	.1271546	.8728454	0	0	0
1406.15	.1253576	.8746424	0	0	0
1405.15	.123572	.876428	0	0	0
1404.15	.1217978	.8782022	0	0	0
1403.15	.1200349	.8799651	0	0	0
1402.15	.1182832	.8817168	0	0	0
1401.15	.1165426	.8834574	0	0	0
1400.15	.1148131	.8851869	0	0	0
1399.15	.1130946	.8869054	0	0	0
1398.15	.1113869	.8886131	0	0	0
1397.15	.1096901	.8903099	0	0	0
1396.15	.108004	.891996	0	0	0
1395.15	.1063286	.8936714	0	0	0
1394.15	.1046638	.8953362	0	0	0
1393.15	.1030094	.8969906	0	0	0
1392.15	.1013655	.8986345	0	0	0
1391.15	.09973194	.9002681	0	0	0
1390.15	.09810866	.9018914	0	0	0
1389.15	.09649558	.9035044	0	0	0
1388.15	.09489263	.9051074	0	0	0
1387.15	.09329974	.9067003	0	0	0
1386.15	.09171683	.9082832	0	0	0
1385.15	.09014385	.9098562	0	0	0
1384.15	.08858071	.9114193	0	0	0
1383.15	.08702734	.9129727	0	0	0
1382.15	.08548368	.9145163	0	0	0
1381.15	.08394966	.9160503	0	0	0
1380.15	.08242521	.9175748	0	0	0
1379.15	.08091026	.9190897	0	0	0
1378.15	.07940474	.9205953	0	0	0
1377.15	.0779086	.9220914	0	0	0
1376.15	.07642176	.9235782	0	0	0
1375.15	.07494416	.9250558	0	0	0
1374.15	.07347573	.9265243	0	0	0
1373.15	.07201642	.9279836	0	0	0
1372.15	.07056615	.9294339	0	0	0
1371.15	.06912487	.9308751	0	0	0
1370.15	.06769251	.9323075	0	0	0
1369.15	.06626902	.933731	0	0	0
1368.15	.06485432	.9351457	0	0	0
1367.15	.06344837	.9365516	0	0	0
1366.15	.0620511	.9379489	0	0	0
1365.15	.06066245	.9393375	0	0	0
1364.15	.05928237	.9407176	0	0	0
1363.15	.05791079	.9420892	0	0	0
1362.15	.05654766	.9434523	0	0	0
1361.15	.05519292	.9448071	0	0	0
1360.15	.05384651	.9461535	0	0	0
1359.15	.05250839	.9474916	0	0	0
1358.15	.05117848	.9488215	0	0	0
1357.15	.04985675	.9501432	0	0	0
1356.15	.04854313	.9514569	0	0	0
1355.15	.04723757	.9527624	0	0	0
1354.15	.04594002	.95406	0	0	0
1353.15	.04465042	.9553496	0	0	0
1352.15	.04336873	.9566313	0	0	0
1351.15	.04209488	.9579051	0	0	0
1350.901	.04177884	.9582212	0	0	0
1350.901	.04177884	.9582212	0	0	0
1350.901	.04177884	.9582212	0	0	0
1350.15	.0403427	.9589408	0	7.164652E-04	0
1349.15	.03844343	.9598899	0	.001666658	0
1348.15	.036559	.9608285	0	.002612461	0
1347.15	.0346892	.9617569	0	.003553933	0
1346.15	.03283383	.962675	0	.004491132	0
1345.15	.0309927	.9635832	0	.005424116	0
1344.15	.02916559	.9644815	0	.006352939	0
1343.15	.02735234	.96537	0	.007277658	0
1342.15	.02555273	.9662489	0	.008198326	0
1341.15	.02376658	.9671184	0	.009114996	0
1340.15	.02199372	.9679786	0	.01002772	0
1339.15	.02023396	.9688295	0	.01093655	0
1338.15	.01848713	.9696713	0	.01184153	0
1337.15	.01675304	.9705042	0	.01274272	0
1336.15	.01503153	.9713283	0	.01364017	0
1335.15	.01332242	.9721437	0	.01453391	0
1334.15	.01162556	.9729504	0	.015424	0
1333.15	.00994078	.9737487	0	.01631049	0
1332.15	.008267916	.9745387	0	.01719342	0
1331.15	.006606814	.9753204	0	.01807283	0
1330.15	.004957316	.9760939	0	.01894877	0
1329.15	.003319271	.9768595	0	.01982128	0
1328.15	.001692527	.9776171	0	.0206904	0
1327.15	7.693581E-05	.9783669	0	.02155618	0
1327.102	0	.9784025	0	.02159748	0
1327.102	0	.9784025	0	.02159748	0
1326.15	0	.9777916	0	.02220845	0
1325.15	0	.9771513	0	.02284871	0
1324.15	0	.9765124	0	.02348756	0
1323.15	0	.975875	0	.02412501	0
1322.15	0	.9752389	0	.02476107	0
1321.15	0	.9746043	0	.02539573	0
1320.15	0	.973971	0	.026029	0
1319.15	0	.9733391	0	.02666089	0
1318.15	0	.9727086	0	.0272914	0
1317.15	0	.9720795	0	.02792053	0
1316.15	0	.9714517	0	.02854829	0
1315.15	0	.9708253	0	.02917468	0
1314.15	0	.9702003	0	.02979971	0
1313.15	0	.9695766	0	.03042337	0
1312.15	0	.9689543	0	.03104568	0
1311.15	0	.9683334	0	.03166664	0
1310.15	0	.9677138	0	.03228625	0
1309.15	0	.9670955	0	.03290452	0
1308.15	0	.9664786	0	.03352145	0
1307.15	0	.965863	0	.03413704	0
1306.15	0	.9652487	0	.0347513	0
1305.15	0	.9646358	0	.03536423	0
1304.15	0	.9640242	0	.03597584	0
1303.15	0	.9634139	0	.03658612	0
1302.15	0	.9628049	0	.03719509	0
1301.15	0	.9621973	0	.03780275	0
1300.15	0	.9615909	0	.0384091	0
1299.15	0	.9609859	0	.03901414	0
1298.15	0	.9603821	0	.03961788	0
1297.15	0	.9597797	0	.04022032	0
1296.15	0	.9591785	0	.04082147	0
1295.15	0	.9585787	0	.04142133	0
1294.15	0	.9579801	0	.04201991	0
1293.15	0	.9573828	0	.0426172	0
1292.15	0	.9567868	0	.04321321	0
1291.15	0	.9561921	0	.04380794	0
1290.15	0	.9555986	0	.04440141	0
1289.15	0	.9550064	0	.0449936	0
1288.15	0	.9544155	0	.04558454	0
1287.15	0	.9538258	0	.04617421	0
1286.15	0	.9532374	0	.04676262	0
1285.15	0	.9526502	0	.04734979	0
1284.15	0	.9520643	0	.0479357	0
1283.15	0	.9514796	0	.04852036	0
1282.15	0	.9508962	0	.04910378	0
1281.15	0	.950314	0	.04968596	0
1280.15	0	.9497331	0	.05026691	0
1279.15	0	.9491534	0	.05084662	0
1278.15	0	.9485749	0	.05142511	0
1277.15	0	.9479976	0	.05200237	0
1276.15	0	.9474216	0	.05257841	0
1275.15	0	.9468468	0	.05315322	0
1274.15	0	.9462732	0	.05372683	0
1273.15	0	.9457008	0	.05429922	0
1272.15	0	.9451296	0	.0548704	0
1271.15	0	.9445596	0	.05544038	0
1270.15	0	.9439909	0	.05600915	0
1269.15	0	.9434233	0	.05657673	0
1268.15	0	.9428569	0	.05714311	0
1267.985	0	.9427633	0	.05723671	0
1267.985	0	.9427633	0	.05723671	0
1267.985	0	.9427633	0	.05723671	0
1267.15	0	.9414563	8.582966E-04	.05768544	0
1266.15	0	.939894	.001884152	.05822181	0
1265.15	0	.9383361	.002907173	.05875674	0
1264.15	0	.9367824	.003927366	.05929023	0
1263.15	0	.935233	.004944735	.0598223	0
1262.15	0	.9336878	.005959288	.06035294	0
1261.15	0	.9321468	.006971029	.06088217	0
1260.15	0	.93061	.007979964	.06140998	0
1259.15	0	.9290775	.008986098	.06193639	0
1258.15	0	.9275492	.009989437	.06246139	0
1257.15	0	.926025	.01098999	.062985	0
1256.15	0	.924505	.01198775	.06350722	0
1255.15	0	.9229892	.01298274	.06402805	0
1254.15	0	.9214776	.01397495	.06454749	0
1253.15	0	.91997	.0149644	.06506556	0
1252.15	0	.9184667	.01595108	.06558226	0
1251.15	0	.9169674	.016935	.06609759	0
1250.15	0	.9154723	.01791618	.06661156	0
1249.15	0	.9139812	.0188946	.06712417	0
1248.15	0	.9124943	.01987028	.06763543	0
1247.15	0	.9110114	.02084322	.06814534	0
1246.15	0	.9095327	.02181343	.06865392	0
1245.15	0	.9080579	.02278091	.06916115	0
1244.15	0	.9065873	.02374568	.06966705	0
1243.15	0	.9051207	.02470772	.07017162	0
1242.15	0	.9036581	.02566704	.07067487	0
1241.15	0	.9021995	.02662366	.0711768	0
1240.15	0	.900745	.02757758	.07167742	0
1239.15	0	.8992945	.0285288	.07217672	0
1238.15	0	.897848	.02947732	.07267473	0
1237.15	0	.8964054	.03042315	.07317143	0
1236.15	0	.8949669	.03136629	.07366683	0
1235.15	0	.8935323	.03230676	.07416095	0
1234.15	0	.8921017	.03324455	.07465378	0
1233.15	0	.890675	.03417966	.07514533	0
1232.15	0	.8892523	.03511211	.0756356	0
1231.15	0	.8878335	.03604189	.0761246	0
1230.15	0	.8864187	.03696902	.07661233	0
1229.15	0	.8850077	.03789348	.07709879	0
1228.15	0	.8836007	.0388153	.077584	0
1227.15	0	.8821976	.03973447	.07806795	0
1226.15	0	.8807984	.040651	.07855065	0
1225.15	0	.879403	.04156489	.0790321	0
1224.15	0	.8780115	.04247615	.07951231	0
1223.15	0	.8766239	.04338477	.07999128	0
1222.15	0	.8752402	.04429077	.08046902	0
1221.15	0	.8738603	.04519414	.08094553	0
1220.15	0	.8724843	.0460949	.08142081	0
1219.15	0	.8711121	.04699304	.08189487	0
1218.15	0	.8697437	.04788857	.08236772	0
1217.15	0	.8683792	.04878149	.08283935	0
1216.15	0	.8670184	.04967181	.08330977	0
1215.15	0	.8656615	.05055952	.08377899	0
1214.15	0	.8643083	.05144464	.084247	0
1213.15	0	.862959	.05232717	.08471382	0
1212.15	0	.8616134	.05320711	.08517945	0
1211.15	0	.8602717	.05408446	.08564389	0
1210.15	0	.8589336	.05495923	.08610714	0
1209.15	0	.8575994	.05583142	.08656921	0
1208.15	0	.8562689	.05670103	.08703011	0
1207.15	0	.8549421	.05756807	.08748983	0
1206.15	0	.8536191	.05843254	.08794838	0
1205.15	0	.8522998	.05929445	.08840577	0
1204.15	0	.8509842	.06015379	.088862	0
1203.15	0	.8496724	.06101057	.08931707	0
1202.15	0	.8483642	.0618648	.08977098	0
1201.15	0	.8470598	.06271647	.09022374	0
1200.15	0	.845759	.06356559	.09067536	0
1199.15	0	.844462	.06441217	.09112584	0
1198.15	0	.8431686	.0652562	.09157517	0
1197.15	0	.8418789	.06609769	.09202337	0
1196.15	0	.8405929	.06693664	.09247044	0
1195.15	0	.8393106	.06777306	.09291638	0
1194.15	0	.8380319	.06860694	.0933612	0
1193.15	0	.8367568	.06943829	.0938049	0
1192.15	0	.8354854	.07026712	.09424748	0
1191.15	0	.8342176	.07109342	.09468894	0
1190.15	0	.8329535	.0719172	.0951293	0
1189.15	0	.831693	.07273846	.09556854	0
1188.15	0	.8304361	.0735572	.09600669	0
1187.15	0	.8291828	.07437343	.09644373	0
1186.15	0	.8279332	.07518714	.09687968	0
1185.15	0	.8266871	.07599835	.09731454	0
1184.15	0	.8254446	.07680705	.0977483	0
1183.15	0	.8242058	.07761325	.09818098	0
1182.15	0	.8229705	.07841695	.09861258	0
1181.15	0	.8217388	.07921814	.0990431	0
1180.15	0	.8205106	.08001684	.09947254	0
1179.15	0	.819286	.08081305	.09990091	0
1178.15	0	.818065	.08160676	.1003282	0
1177.15	0	.8168476	.08239798	.1007545	0
1176.15	0	.8156337	.08318671	.1011796	0
1175.15	0	.8144233	.08397295	.1016037	0
1174.15	0	.8132165	.08475672	.1020268	0
1173.15	0	.8120132	.085538	.1024488	0
1172.15	0	.8108135	.0863168	.1028697	0
1171.15	0	.8096172	.08709312	.1032896	0
1170.15	0	.8084245	.08786696	.1037085	0
1169.15	0	.8072353	.08863833	.1041263	0
1168.15	0	.8060497	.08940723	.1045431	0
1167.15	0	.8048675	.09017366	.1049589	0
1166.15	0	.8036888	.09093761	.1053736	0
1165.15	0	.8025136	.09169911	.1057873	0
1164.15	0	.8013419	.09245813	.1061999	0
1163.15	0	.8001738	.09321469	.1066116	0
1162.15	0	.799009	.09396879	.1070222	0
1161.15	0	.7978478	.09472043	.1074318	0
1160.15	0	.79669	.09546961	.1078404	0
1159.15	0	.7955357	.09621633	.108248	0
1158.15	0	.7943849	.0969606	.1086545	0
1157.15	0	.7932375	.09770241	.1090601	0
1156.15	0	.7920936	.09844177	.1094647	0
1155.15	0	.7909531	.09917868	.1098682	0
1154.15	0	.789816	.09991316	.1102708	0
1153.15	0	.7886824	.1006452	.1106724	0
1152.15	0	.7875523	.1013747	.111073	0
1151.15	0	.7864256	.1021019	.1114726	0
1150.15	0	.7853023	.1028265	.1118712	0
1149.15	0	.7841825	.1035487	.1122688	0
1148.15	0	.783066	.1042685	.1126655	0
1147.15	0	.781953	.1049859	.1130611	0
1146.15	0	.7808434	.1057008	.1134558	0
1145.15	0	.7797372	.1064132	.1138495	0
1144.15	0	.7786345	.1071233	.1142423	0
1143.15	0	.7775351	.1078308	.1146341	0
1142.15	0	.7764391	.108536	.1150249	0
1141.15	0	.7753465	.1092387	.1154148	0
1140.15	0	.7742574	.109939	.1158037	0
1139.15	0	.7731716	.1106368	.1161916	0
1138.15	0	.7720892	.1113322	.1165786	0
1137.15	0	.7710101	.1120252	.1169647	0
1136.15	0	.7699345	.1127158	.1173498	0
1135.15	0	.7688622	.1134039	.1177339	0
1134.15	0	.7677933	.1140896	.1181171	0
1133.15	0	.7667278	.1147728	.1184994	0
1132.15	0	.7656657	.1154537	.1188807	0
1131.15	0	.7646069	.1161321	.1192611	0
1130.15	0	.7635514	.116808	.1196405	0
1129.15	0	.7624994	.1174816	.120019	0
1128.15	0	.7614507	.1181527	.1203966	0
1127.15	0	.7604053	.1188214	.1207733	0
1126.15	0	.7593633	.1194877	.121149	0
1125.15	0	.7583246	.1201515	.1215238	0
1124.15	0	.7572893	.1208129	.1218977	0
1123.15	0	.7562574	.1214719	.1222707	0
1122.15	0	.7552287	.1221285	.1226428	0
1121.15	0	.7542034	.1227826	.1230139	0
1120.15	0	.7531815	.1234344	.1233842	0
1119.15	0	.7521629	.1240837	.1237535	0
1118.15	0	.7511476	.1247305	.1241219	0
1117.15	0	.7501356	.125375	.1244894	0
1116.15	0	.749127	.126017	.124856	0
1115.15	0	.7481217	.1266566	.1252217	0
1114.15	0	.7471197	.1272938	.1255865	0
1113.15	0	.746121	.1279286	.1259505	0
1112.15	0	.7451256	.1285609	.1263135	0
1111.15	0	.7441336	.1291908	.1266756	0
1110.15	0	.7431449	.1298183	.1270368	0
1109.15	0	.7421595	.1304434	.1273972	0
1108.15	0	.7411774	.131066	.1277566	0
1107.15	0	.7401986	.1316862	.1281152	0
1106.15	0	.7392231	.132304	.1284729	0
1105.15	0	.7382509	.1329194	.1288297	0
1104.15	0	.737282	.1335323	.1291856	0
1103.15	0	.7363164	.1341429	.1295407	0
1102.15	0	.7353542	.134751	.1298949	0
1101.15	0	.7343952	.1353566	.1302482	0
1100.15	0	.7334395	.1359599	.1306006	0
1099.15	0	.7324871	.1365607	.1309522	0
1098.15	0	.7315381	.1371591	.1313028	0
1097.15	0	.7305923	.1377551	.1316527	0
1096.15	0	.7296498	.1383486	.1320016	0
1095.15	0	.7287105	.1389398	.1323497	0
1094.15	0	.7277746	.1395284	.132697	0
1093.15	0	.726842	.1401147	.1330433	0
1092.15	0	.7259126	.1406985	.1333888	0
1091.15	0	.7249866	.1412799	.1337335	0
1090.15	0	.7240638	.1418589	.1340773	0
1089.15	0	.7231443	.1424354	.1344202	0
1088.15	0	.7222281	.1430095	.1347623	0
1087.15	0	.7213152	.1435812	.1351036	0
1086.15	0	.7204056	.1441505	.135444	0
1085.15	0	.7194992	.1447173	.1357835	0
1084.15	0	.7185961	.1452817	.1361222	0
1083.15	0	.7176963	.1458436	.1364601	0
1082.15	0	.7167998	.1464031	.1367971	0
1081.15	0	.7159066	.1469602	.1371333	0
1080.15	0	.7150166	.1475148	.1374686	0
1079.15	0	.7141299	.148067	.1378031	0
1078.15	0	.7132465	.1486167	.1381368	0
1077.15	0	.7123664	.149164	.1384696	0
1076.15	0	.7114895	.1497089	.1388016	0
1075.15	0	.710616	.1502514	.1391327	0
1074.15	0	.7097457	.1507913	.139463	0
1073.15	0	.7088786	.1513289	.1397925	0
1072.15	0	.7080149	.151864	.1401212	0
1071.15	0	.7071544	.1523966	.140449	0
1070.15	0	.7062972	.1529268	.140776	0
1069.15	0	.7054433	.1534546	.1411022	0
1068.15	0	.7045926	.1539799	.1414275	0
1067.15	0	.7037452	.1545028	.141752	0
1066.15	0	.7029011	.1550232	.1420757	0
1065.15	0	.7020603	.1555411	.1423986	0
1064.15	0	.7012227	.1560566	.1427206	0
1063.15	0	.7003885	.1565697	.1430419	0
1062.15	0	.6995574	.1570803	.1433623	0
1061.15	0	.6987297	.1575884	.1436819	0
1060.15	0	.6979053	.1580941	.1440006	0
1059.15	0	.6970841	.1585973	.1443186	0
1058.15	0	.6962662	.1590981	.1446357	0
1057.15	0	.6954515	.1595964	.1449521	0
1056.15	0	.6946402	.1600923	.1452676	0
1055.15	0	.6938321	.1605857	.1455823	0
1054.15	0	.6930273	.1610766	.1458962	0
1053.15	0	.6922258	.161565	.1462092	0
1052.15	0	.6914275	.162051	.1465215	0
1051.15	0	.6906325	.1625345	.1468329	0
1050.15	0	.6898408	.1630156	.1471436	0
1049.15	0	.6890524	.1634942	.1474534	0
1048.15	0	.6882673	.1639703	.1477624	0
1047.15	0	.6874854	.1644439	.1480706	0
1046.15	0	.6867069	.1649151	.1483781	0
1045.15	0	.6859316	.1653838	.1486847	0
1044.15	0	.6851596	.16585	.1489904	0
1043.15	0	.6843908	.1663138	.1492954	0
1042.15	0	.6836254	.166775	.1495996	0
1041.15	0	.6828632	.1672338	.149903	0
1040.15	0	.6821043	.1676901	.1502056	0
1039.15	0	.6813487	.168144	.1505073	0
1038.15	0	.6805964	.1685953	.1508083	0
1037.15	0	.6798474	.1690442	.1511084	0
1036.15	0	.6791016	.1694906	.1514078	0
1035.15	0	.6783592	.1699345	.1517063	0
1034.15	0	.67762	.1703759	.1520041	0
1033.15	0	.6768841	.1708148	.152301	0
1032.15	0	.6761516	.1712513	.1525972	0
1031.15	0	.6754223	.1716852	.1528925	0
1030.15	0	.6746963	.1721167	.1531871	0
1029.15	0	.6739735	.1725457	.1534808	0
1028.15	0	.6732541	.1729722	.1537737	0
1027.15	0	.672538	.1733962	.1540658	0
1026.15	0	.6718252	.1738177	.1543572	0
1025.15	0	.6711156	.1742367	.1546477	0
1024.15	0	.6704094	.1746532	.1549374	0
1023.15	0	.6697064	.1750672	.1552263	0
1022.15	0	.6690068	.1754788	.1555144	0
1021.15	0	.6683104	.1758878	.1558018	0
1020.15	0	.6676174	.1762944	.1560883	0
1019.15	0	.6669276	.1766984	.156374	0
1018.15	0	.6662412	.1771	.1566589	0
1017.15	0	.665558	.177499	.156943	0
1016.15	0	.6648782	.1778956	.1572262	0
1015.15	0	.6642016	.1782897	.1575087	0
1014.15	0	.6635283	.1786813	.1577904	0
1013.15	0	.6628584	.1790703	.1580713	0
1012.15	0	.6621918	.1794569	.1583513	0
1011.15	0	.6615284	.179841	.1586306	0
1010.15	0	.6608684	.1802226	.158909	0
1009.15	0	.6602117	.1806017	.1591867	0
1008.15	0	.6595582	.1809783	.1594635	0
1007.15	0	.6589081	.1813524	.1597395	0
1006.15	0	.6582613	.181724	.1600147	0
1005.15	0	.6576178	.1820931	.1602891	0
1004.15	0	.6569776	.1824597	.1605627	0
1003.15	0	.6563407	.1828238	.1608355	0
1002.15	0	.6557071	.1831854	.1611075	0
1001.15	0	.6550768	.1835446	.1613786	0
1000.15	0	.6544498	.1839012	.1616489	0
999.15	0	.6538262	.1842554	.1619184	0
998.15	0	.6532058	.1846071	.1621871	0
997.15	0	.6525888	.1849563	.162455	0
996.15	0	.651975	.1853029	.162722	0
995.15	0	.6513646	.1856472	.1629883	0
994.15	0	.6507574	.1859889	.1632537	0
993.15	0	.6501536	.1863281	.1635182	0
992.15	0	.6495531	.1866649	.163782	0
991.15	0	.6489559	.1869992	.1640449	0
990.15	0	.648362	.187331	.164307	0
989.15	0	.6477714	.1876604	.1645683	0
988.15	0	.647184	.1879872	.1648287	0
987.15	0	.6466	.1883117	.1650883	0
986.15	0	.6460193	.1886336	.1653471	0
985.15	0	.6454419	.1889531	.165605	0
984.15	0	.6448678	.1892701	.1658621	0
983.15	0	.644297	.1895847	.1661183	0
982.15	0	.6437295	.1898968	.1663737	0
981.15	0	.6431653	.1902065	.1666283	0
980.15	0	.6426043	.1905137	.166882	0
979.15	0	.6420467	.1908185	.1671348	0
978.15	0	.6414923	.1911208	.1673868	0
977.15	0	.6409413	.1914207	.167638	0
976.15	0	.6403935	.1917182	.1678883	0
975.15	0	.639849	.1920133	.1681377	0
974.15	0	.6393077	.1923059	.1683863	0
973.15	0	.6387698	.1925962	.168634	0
972.15	0	.6382351	.192884	.1688809	0
971.15	0	.6377037	.1931694	.1691269	0
970.15	0	.6371756	.1934524	.169372	0
969.15	0	.6366507	.1937331	.1696162	0
968.15	0	.6361291	.1940113	.1698596	0
967.15	0	.6356107	.1942872	.1701021	0
966.15	0	.6350956	.1945607	.1703437	0
965.15	0	.6345837	.1948319	.1705844	0
964.15	0	.6340751	.1951007	.1708242	0
963.15	0	.6335697	.1953671	.1710632	0
962.15	0	.6330676	.1956312	.1713012	0
961.15	0	.6325687	.195893	.1715384	0
960.15	0	.632073	.1961524	.1717746	0
959.15	0	.6315805	.1964096	.1720099	0
958.15	0	.6310912	.1966644	.1722444	0
957.15	0	.6306051	.1969169	.1724779	0
956.15	0	.6301223	.1971672	.1727105	0
955.15	0	.6296426	.1974152	.1729422	0
954.15	0	.6291661	.1976609	.173173	0
953.15	0	.6286928	.1979044	.1734028	0
952.15	0	.6282227	.1981456	.1736317	0
951.15	0	.6277557	.1983846	.1738597	0
950.15	0	.6272919	.1986214	.1740868	0
949.15	0	.6268312	.1988559	.1743129	0
948.15	0	.6263737	.1990883	.174538	0
947.15	0	.6259193	.1993185	.1747622	0
946.15	0	.625468	.1995465	.1749855	0
945.15	0	.6250198	.1997724	.1752077	0
944.15	0	.6245747	.1999962	.1754291	0
943.15	0	.6241328	.2002178	.1756494	0
942.15	0	.6236938	.2004374	.1758688	0
941.15	0	.623258	.2006548	.1760872	0
940.15	0	.6228252	.2008702	.1763046	0
939.15	0	.6223955	.2010835	.176521	0
938.15	0	.6219688	.2012948	.1767365	0
937.15	0	.6215451	.2015041	.1769509	0
936.15	0	.6211244	.2017113	.1771643	0
935.15	0	.6207067	.2019166	.1773767	0
934.15	0	.6202919	.2021199	.1775881	0
933.15	0	.6198802	.2023214	.1777985	0
932.15	0	.6194714	.2025208	.1780078	0
931.15	0	.6190655	.2027184	.1782161	0
930.15	0	.6186625	.2029141	.1784234	0
929.15	0	.6182624	.203108	.1786296	0
928.15	0	.6178652	.2033	.1788347	0
927.15	0	.6174709	.2034903	.1790388	0
926.15	0	.6170794	.2036787	.1792419	0
925.15	0	.6166907	.2038655	.1794438	0
924.15	0	.6163049	.2040504	.1796447	0
923.15	0	.6159218	.2042337	.1798445	0
922.15	0	.6155415	.2044154	.1800432	0
921.15	0	.6151639	.2045954	.1802408	0
920.15	0	.614789	.2047738	.1804372	0
919.15	0	.6144169	.2049506	.1806326	0
918.15	0	.6140474	.2051258	.1808268	0
917.15	0	.6136805	.2052996	.1810199	0
916.15	0	.6133163	.2054718	.1812119	0
915.15	0	.6129547	.2056427	.1814026	0
914.15	0	.6125956	.2058121	.1815923	0
913.15	0	.6122391	.2059801	.1817808	0
912.15	0	.6118851	.2061468	.1819681	0
911.15	0	.6115336	.2063122	.1821542	0
910.15	0	.6111846	.2064764	.1823391	0
909.15	0	.610838	.2066393	.1825228	0
908.15	0	.6104937	.206801	.1827053	0
907.15	0	.6101519	.2069616	.1828865	0
906.15	0	.6098123	.2071211	.1830665	0
905.15	0	.6094751	.2072796	.1832453	0
904.15	0	.6091401	.207437	.1834229	0
903.15	0	.6088074	.2075935	.1835991	0
902.15	0	.6084768	.2077491	.1837741	0
901.15	0	.6081484	.2079038	.1839478	0
900.15	0	.6078221	.2080578	.1841202	0
899.15	0	.6074978	.2082109	.1842913	0
898.15	0	.6071756	.2083634	.184461	0
897.15	0	.6068554	.2085152	.1846294	0
896.15	0	.6065371	.2086664	.1847965	0
895.15	0	.6062207	.2088171	.1849622	0
894.15	0	.6059062	.2089673	.1851265	0
893.15	0	.6055934	.2091171	.1852895	0
892.15	0	.6052824	.2092666	.185451	0
891.15	0	.6049732	.2094157	.1856111	0
890.15	0	.6046655	.2095647	.1857698	0
889.15	0	.6043595	.2097134	.1859271	0
888.15	0	.604055	.2098621	.1860829	0
887.15	0	.603752	.2100108	.1862372	0
886.15	0	.6034504	.2101596	.18639	0
885.15	0	.6031502	.2103085	.1865413	0
884.15	0	.6028514	.2104576	.1866911	0
883.15	0	.6025537	.2106069	.1868393	0
882.15	0	.6022573	.2107567	.186986	0
881.15	0	.6019619	.2109069	.1871311	0
880.15	0	.6016677	.2110577	.1872746	0
879.15	0	.6013744	.2112091	.1874165	0
878.15	0	.601082	.2113612	.1875568	0
877.15	0	.6007904	.2115142	.1876954	0
876.15	0	.6004996	.211668	.1878323	0
875.15	0	.6002095	.2118229	.1879676	0
874.15	0	.59992	.2119789	.1881011	0
873.15	0	.5996311	.2121361	.1882329	0
872.15	0	.5993425	.2122946	.1883629	0
871.15	0	.5990543	.2124546	.1884911	0
870.15	0	.5987663	.2126162	.1886175	0
869.15	0	.5984786	.2127794	.1887421	0
868.15	0	.5981908	.2129444	.1888648	0
867.15	0	.5979031	.2131113	.1889856	0
866.15	0	.5976152	.2132803	.1891045	0
865.15	0	.597327	.2134515	.1892214	0
864.15	0	.5970386	.2136251	.1893364	0
863.15	0	.5967496	.2138011	.1894493	0
862.15	0	.5964601	.2139797	.1895602	0
861.15	0	.5961698	.2141611	.1896691	0
860.15	0	.5958788	.2143454	.1897758	0
859.15	0	.5955868	.2145329	.1898804	0
858.15	0	.5952937	.2147236	.1899828	0
857.15	0	.5949993	.2149178	.1900829	0
856.15	0	.5947036	.2151156	.1901808	0
855.15	0	.5944064	.2153172	.1902764	0
854.15	0	.5941074	.2155229	.1903697	0
853.15	0	.5938067	.2157328	.1904605	0
852.15	0	.5935039	.2159472	.1905489	0
851.15	0	.5931989	.2161663	.1906348	0
850.15	0	.5928916	.2163903	.1907181	0
849.15	0	.5925816	.2166195	.1907989	0
848.15	0	.592269	.2168541	.190877	0
847.15	0	.5919533	.2170943	.1909523	0
846.15	0	.5916345	.2173406	.1910249	0
845.15	0	.5913122	.2175932	.1910946	0
844.15	0	.5909863	.2178523	.1911614	0
843.15	0	.5906564	.2181184	.1912252	0
842.15	0	.5903223	.2183918	.1912859	0
841.15	0	.5899838	.2186728	.1913434	0
840.15	0	.5896405	.2189618	.1913977	0
839.15	0	.5892921	.2192593	.1914487	0
838.15	0	.5889383	.2195656	.1914962	0
837.15	0	.5885787	.2198812	.1915401	0
836.15	0	.5882129	.2202067	.1915804	0
835.15	0	.5878406	.2205426	.1916169	0
834.15	0	.5874612	.2208893	.1916494	0
833.15	0	.5870745	.2212476	.1916779	0
832.15	0	.5866798	.221618	.1917022	0
831.15	0	.5862766	.2220013	.1917222	0
830.15	0	.5858643	.2223981	.1917376	0
829.15	0	.5854424	.2228094	.1917482	0
828.15	0	.5850102	.2232359	.191754	0
827.15	0	.5845669	.2236786	.1917545	0
826.15	0	.5841117	.2241386	.1917497	0
825.15	0	.5836438	.2246169	.1917392	0
824.15	0	.5831623	.2251149	.1917228	0
823.15	0	.582666	.2256339	.1917001	0
822.15	0	.5821539	.2261754	.1916707	0
821.15	0	.5812259	.2272338	.1915403	0
820.15	0	.5801786	.2284451	.1913763	0
819.15	0	.5792008	.2295762	.1912231	0
818.15	0	.5782855	.230635	.1910795	0
817.15	0	.5774271	.2316285	.1909444	0
816.15	0	.5766204	.2325625	.1908171	0
815.15	0	.575861	.2334421	.1906969	0
814.15	0	.5751452	.2342719	.1905829	0
813.15	0	.5744694	.2350558	.1904747	0
812.15	0	.5738307	.2357975	.1903718	0
811.15	0	.5732262	.2365	.1902738	0
810.15	0	.5726535	.2371663	.1901801	0
809.15	0	.5721104	.237799	.1900906	0
808.15	0	.5715949	.2384002	.1900049	0
807.15	0	.5711052	.2389722	.1899226	0
806.15	0	.5706395	.2395169	.1898436	0
805.15	0	.5701964	.240036	.1897675	0
804.15	0	.5697745	.2405312	.1896943	0
803.15	0	.5693725	.2410039	.1896236	0
802.15	0	.5689892	.2414554	.1895554	0
801.15	0	.5686234	.2418871	.1894895	0
800.15	0	.5682743	.2423001	.1894257	0
799.15	0	.5679408	.2426954	.1893638	0
798.15	0	.5676221	.2430741	.1893038	0
797.15	0	.5673173	.2434371	.1892456	0
796.15	0	.5670258	.2437853	.189189	0
795.15	0	.5667467	.2441194	.1891339	0
794.15	0	.5664795	.2444402	.1890803	0
793.15	0	.5662235	.2447484	.189028	0
792.15	0	.5659782	.2450447	.1889771	0
791.15	0	.565743	.2453297	.1889273	0
790.15	0	.5655173	.245604	.1888787	0
789.15	0	.5653008	.2458681	.1888312	0
788.15	0	.5650929	.2461225	.1887846	0
787.15	0	.5648932	.2463677	.1887391	0
786.15	0	.5647014	.2466041	.1886945	0
785.15	0	.5645171	.2468323	.1886507	0
784.15	0	.5643398	.2470525	.1886077	0
783.15	0	.5641693	.2472652	.1885655	0
782.15	0	.5640052	.2474708	.188524	0
781.15	0	.5638473	.2476695	.1884832	0
780.15	0	.5636952	.2478617	.1884431	0
779.15	0	.5635487	.2480476	.1884036	0
778.15	0	.5634076	.2482277	.1883647	0
777.15	0	.5632715	.2484022	.1883264	0
776.15	0	.5631402	.2485712	.1882885	0
775.15	0	.5630136	.2487351	.1882512	0
774.15	0	.5628915	.2488942	.1882144	0
773.15	0	.5627735	.2490485	.188178	0
772.15	0	.5626596	.2491984	.188142	0
771.15	0	.5625495	.249344	.1881065	0
770.15	0	.5624431	.2494856	.1880713	0
769.15	0	.5623403	.2496232	.1880365	0
768.15	0	.5622408	.2497572	.1880021	0
767.15	0	.5621445	.2498876	.1879679	0
766.15	0	.5620538	.2500127	.1879335	0
765.15	0	.5619633	.2501366	.1879001	0
764.15	0	.5618757	.2502574	.1878669	0
763.15	0	.5617908	.2503753	.187834	0
762.15	0	.5617085	.2504903	.1878013	0
761.15	0	.5616286	.2506025	.1877688	0
760.15	0	.5615512	.2507122	.1877366	0
759.15	0	.561476	.2508194	.1877046	0
758.15	0	.561403	.2509242	.1876728	0
757.15	0	.561332	.2510268	.1876412	0
756.15	0	.5612631	.2511272	.1876098	0
755.15	0	.561196	.2512255	.1875785	0
754.15	0	.5611308	.2513218	.1875474	0
753.15	0	.5610673	.2514162	.1875165	0
752.15	0	.5610055	.2515088	.1874857	0
751.15	0	.5609453	.2515997	.187455	0
750.15	0	.5608866	.2516889	.1874245	0
749.15	0	.5608294	.2517766	.1873941	0
748.15	0	.5607736	.2518627	.1873638	0
747.15	0	.5607191	.2519474	.1873336	0
746.15	0	.5606659	.2520306	.1873035	0
745.15	0	.5606139	.2521126	.1872735	0
744.15	0	.5605632	.2521933	.1872436	0
743.15	0	.5605135	.2522728	.1872137	0
742.15	0	.5604649	.2523511	.187184	0
741.15	0	.5604174	.2524284	.1871543	0
740.15	0	.5603708	.2525046	.1871246	0
739.15	0	.5603252	.2525797	.1870951	0
738.15	0	.5602805	.252654	.1870656	0
737.15	0	.5602366	.2527273	.1870361	0
736.15	0	.5601936	.2527997	.1870067	0
735.15	0	.5601513	.2528713	.1869774	0
734.15	0	.5601099	.2529421	.186948	0
733.15	0	.5600691	.2530122	.1869188	0
732.15	0	.560029	.2530815	.1868895	0
731.15	0	.5599896	.2531501	.1868603	0
730.15	0	.5599508	.2532181	.1868311	0
729.15	0	.5599126	.2532855	.1868019	0
728.15	0	.559875	.2533523	.1867728	0
727.15	0	.5598379	.2534185	.1867436	0
726.15	0	.5598014	.2534841	.1867145	0
725.15	0	.5597653	.2535493	.1866854	0
724.15	0	.5597297	.253614	.1866563	0
723.15	0	.5596946	.2536782	.1866272	0
722.15	0	.5596599	.253742	.1865981	0
721.15	0	.5596256	.2538053	.186569	0
720.15	0	.5595918	.2538683	.18654	0
719.15	0	.5595582	.2539309	.1865109	0
718.15	0	.5595251	.2539932	.1864818	0
717.15	0	.5594923	.2540551	.1864527	0
716.15	0	.5594598	.2541167	.1864236	0
715.15	0	.5594275	.254178	.1863945	0
714.15	0	.5593956	.254239	.1863654	0
713.15	0	.559364	.2542998	.1863362	0
712.15	0	.5593326	.2543603	.1863071	0
711.15	0	.5593015	.2544206	.1862779	0
710.15	0	.5592706	.2544807	.1862488	0
709.15	0	.5592399	.2545405	.1862196	0
708.15	0	.5592094	.2546002	.1861904	0
707.15	0	.5591792	.2546597	.1861611	0
706.15	0	.5591491	.254719	.1861319	0
705.15	0	.5591192	.2547782	.1861026	0
704.15	0	.5590894	.2548373	.1860733	0
703.15	0	.5590598	.2548962	.186044	0
702.15	0	.5590304	.2549549	.1860147	0
701.15	0	.5590011	.2550136	.1859853	0
700.15	0	.5589719	.2550722	.1859559	0
699.15	0	.5589428	.2551307	.1859265	0
698.15	0	.5589139	.255189	.1858971	0
697.15	0	.558885	.2552474	.1858676	0
696.15	0	.5588563	.2553056	.1858381	0
695.15	0	.5588276	.2553638	.1858086	0
694.15	0	.558799	.2554219	.1857791	0
693.15	0	.5587705	.25548	.1857495	0
692.15	0	.5587421	.255538	.1857199	0
691.15	0	.5587137	.255596	.1856902	0
690.15	0	.5586854	.255654	.1856606	0
689.15	0	.5586572	.255712	.1856309	0
688.15	0	.558629	.2557699	.1856011	0
687.15	0	.5586008	.2558279	.1855714	0
686.15	0	.5585727	.2558858	.1855416	0
685.15	0	.5585446	.2559437	.1855117	0
684.15	0	.5585165	.2560016	.1854819	0
683.15	0	.5584885	.2560595	.185452	0
682.15	0	.5584604	.2561175	.1854221	0
681.15	0	.5584324	.2561755	.1853921	0
680.15	0	.5584045	.2562334	.1853621	0
679.15	0	.5583765	.2562914	.1853321	0
678.15	0	.5583485	.2563495	.185302	0
677.15	0	.5583205	.2564075	.1852719	0
676.15	0	.5582925	.2564656	.1852418	0
675.15	0	.5582646	.2565238	.1852117	0
674.15	0	.5582366	.2565819	.1851815	0
673.15	0	.5582086	.2566401	.1851513	0
672.15	0	.5581806	.2566984	.185121	0
671.15	0	.5581526	.2567567	.1850907	0
670.15	0	.5581246	.256815	.1850604	0
669.15	0	.5580965	.2568734	.1850301	0
668.15	0	.5580685	.2569319	.1849997	0
667.15	0	.5580404	.2569904	.1849693	0
666.15	0	.5580123	.2570489	.1849388	0
665.15	0	.5579841	.2571075	.1849083	0
664.15	0	.557956	.2571662	.1848778	0
663.15	0	.5579278	.2572249	.1848473	0
662.15	0	.5578996	.2572837	.1848167	0
661.15	0	.5578713	.2573426	.1847861	0
660.15	0	.5578431	.2574015	.1847555	0
659.15	0	.5578147	.2574604	.1847248	0
658.15	0	.5577864	.2575195	.1846941	0
657.15	0	.557758	.2575786	.1846634	0
656.15	0	.5577296	.2576377	.1846327	0
655.15	0	.5577012	.257697	.1846019	0
654.15	0	.5576727	.2577563	.1845711	0
653.15	0	.5576441	.2578157	.1845402	0
652.15	0	.5576156	.2578751	.1845094	0
651.15	0	.557587	.2579346	.1844785	0
650.15	0	.5575583	.2579942	.1844475	0
649.15	0	.5575296	.2580538	.1844166	0
648.15	0	.5575009	.2581135	.1843856	0
647.15	0	.5574721	.2581733	.1843546	0
646.15	0	.5574433	.2582331	.1843236	0
645.15	0	.5574144	.258293	.1842925	0
644.15	0	.5573855	.258353	.1842615	0
643.15	0	.5573566	.2584131	.1842303	0
642.15	0	.5573276	.2584732	.1841992	0
641.15	0	.5572985	.2585334	.1841681	0
640.15	0	.5572695	.2585936	.1841369	0
639.15	0	.5572404	.2586539	.1841057	0
638.15	0	.5572112	.2587143	.1840745	0
637.15	0	.557182	.2587748	.1840432	0
636.15	0	.5571527	.2588353	.184012	0
635.15	0	.5571234	.2588959	.1839807	0
634.15	0	.5570941	.2589565	.1839494	0
633.15	0	.5570647	.2590172	.183918	0
632.15	0	.5570353	.259078	.1838867	0
631.15	0	.5570058	.2591388	.1838553	0
630.15	0	.5569763	.2591997	.1838239	0
629.15	0	.5569468	.2592607	.1837925	0
628.15	0	.5569172	.2593217	.1837611	0
627.15	0	.5568875	.2593828	.1837297	0
626.15	0	.5568578	.2594439	.1836982	0
625.15	0	.5568281	.2595051	.1836667	0
624.15	0	.5567984	.2595664	.1836353	0
623.15	0	.5567686	.2596277	.1836038	0
622.15	0	.5567387	.259689	.1835723	0
621.15	0	.5567089	.2597504	.1835407	0
620.15	0	.5566789	.2598119	.1835092	0
619.15	0	.556649	.2598734	.1834776	0
618.15	0	.556619	.259935	.1834461	0
617.15	0	.5565889	.2599966	.1834145	0
616.15	0	.5565589	.2600583	.1833829	0
615.15	0	.5565287	.26012	.1833513	0
614.15	0	.5564986	.2601817	.1833197	0
613.15	0	.5564684	.2602435	.183288	0
612.15	0	.5564382	.2603054	.1832564	0
611.15	0	.5564079	.2603673	.1832248	0
610.15	0	.5563777	.2604292	.1831931	0
609.15	0	.5563473	.2604912	.1831615	0
608.15	0	.556317	.2605532	.1831298	0
607.15	0	.5562866	.2606153	.1830981	0
606.15	0	.5562562	.2606774	.1830665	0
605.15	0	.5562257	.2607395	.1830348	0
604.15	0	.5561952	.2608016	.1830031	0
603.15	0	.5561647	.2608639	.1829714	0
602.15	0	.5561342	.2609261	.1829397	0
601.15	0	.5561036	.2609883	.182908	0
600.15	0	.556073	.2610506	.1828764	0
599.15	0	.5560424	.2611129	.1828447	0
598.15	0	.5560118	.2611753	.182813	0
597.15	0	.5559811	.2612376	.1827813	0
596.15	0	.5559504	.2613	.1827496	0
595.15	0	.5559197	.2613625	.1827179	0
594.15	0	.5558889	.2614249	.1826862	0
593.15	0	.5558582	.2614873	.1826545	0
592.15	0	.5558274	.2615498	.1826228	0
591.15	0	.5557966	.2616123	.1825911	0
590.15	0	.5557657	.2616748	.1825595	0
589.15	0	.5557349	.2617374	.1825278	0
588.15	0	.555704	.2617999	.1824961	0
587.15	0	.5556731	.2618624	.1824645	0
586.15	0	.5556422	.261925	.1824328	0
585.15	0	.5556113	.2619876	.1824012	0
584.15	0	.5555803	.2620502	.1823695	0
583.15	0	.5555494	.2621127	.1823379	0
582.15	0	.5555184	.2621753	.1823063	0
581.15	0	.5554874	.2622379	.1822747	0
580.15	0	.5554564	.2623005	.1822431	0
579.15	0	.5554254	.2623631	.1822115	0
578.15	0	.5553944	.2624257	.1821799	0
577.15	0	.5553634	.2624883	.1821483	0
576.15	0	.5553323	.2625509	.1821168	0
575.15	0	.5553013	.2626135	.1820853	0
574.15	0	.5552702	.262676	.1820537	0
573.15	0	.5552392	.2627386	.1820222	0
572.15	0	.5552081	.2628012	.1819907	0
571.15	0	.555177	.2628637	.1819593	0
570.15	0	.5551459	.2629263	.1819278	0
569.15	0	.5551148	.2629888	.1818964	0
568.15	0	.5550837	.2630513	.181865	0
567.15	0	.5550526	.2631138	.1818335	0
566.15	0	.5550215	.2631763	.1818022	0
565.15	0	.5549905	.2632388	.1817708	0
564.15	0	.5549594	.2633012	.1817395	0
563.15	0	.5549283	.2633636	.1817081	0
562.15	0	.5548972	.263426	.1816768	0
561.15	0	.5548661	.2634884	.1816456	0
560.15	0	.554835	.2635507	.1816143	0
559.15	0	.5548039	.263613	.1815831	0
558.15	0	.5547728	.2636753	.1815519	0
557.15	0	.5547417	.2637376	.1815207	0
556.15	0	.5547106	.2637998	.1814896	0
555.15	0	.5546796	.263862	.1814584	0
554.15	0	.5546485	.2639241	.1814274	0
553.15	0	.5546175	.2639863	.1813963	0
552.15	0	.5545864	.2640483	.1813652	0
551.15	0	.5545554	.2641104	.1813342	0
550.15	0	.5545244	.2641724	.1813033	0
549.15	0	.5544934	.2642343	.1812723	0
548.15	0	.5544624	.2642963	.1812414	0
547.15	0	.5544314	.2643581	.1812105	0
546.15	0	.5544004	.2644199	.1811797	0
545.15	0	.5543695	.2644817	.1811488	0
544.15	0	.5543385	.2645434	.1811181	0
543.15	0	.5543076	.2646051	.1810873	0
542.15	0	.5542767	.2646667	.1810566	0
541.15	0	.5542458	.2647283	.1810259	0
540.15	0	.5542149	.2647898	.1809953	0
539.15	0	.5541841	.2648513	.1809647	0
538.15	0	.5541532	.2649127	.1809341	0
537.15	0	.5541224	.264974	.1809036	0
536.15	0	.5540916	.2650353	.1808731	0
535.15	0	.5540608	.2650965	.1808426	0
534.15	0	.5540301	.2651577	.1808122	0
533.15	0	.5539994	.2652188	.1807819	0
532.15	0	.5539687	.2652798	.1807515	0
531.15	0	.553938	.2653408	.1807212	0
530.15	0	.5539073	.2654017	.180691	0
529.15	0	.5538767	.2654625	.1806608	0
528.15	0	.5538461	.2655233	.1806307	0
527.15	0	.5538155	.2655839	.1806005	0
526.15	0	.553785	.2656446	.1805705	0
525.15	0	.5537545	.2657051	.1805405	0
524.15	0	.553724	.2657655	.1805105	0
523.15	0	.5536935	.2658259	.1804806	0
522.15	0	.5536631	.2658862	.1804507	0
521.15	0	.5536327	.2659464	.1804209	0
520.15	0	.5536024	.2660066	.1803911	0
519.15	0	.553572	.2660666	.1803614	0
518.15	0	.5535417	.2661266	.1803317	0
517.15	0	.5535115	.2661864	.1803021	0
516.15	0	.5534813	.2662462	.1802725	0
515.15	0	.5534511	.2663059	.180243	0
514.15	0	.5534209	.2663656	.1802135	0
513.15	0	.5533908	.2664251	.1801841	0
512.15	0	.5533608	.2664845	.1801548	0
511.15	0	.5533309	.2665438	.1801253	0
510.15	0	.5533009	.2666031	.1800961	0
509.15	0	.5532709	.2666622	.1800669	0
508.15	0	.553241	.2667213	.1800377	0
507.15	0	.5532111	.2667802	.1800086	0
506.15	0	.5531813	.2668391	.1799796	0
505.15	0	.5531515	.2668978	.1799507	0
504.15	0	.5531218	.2669564	.1799218	0
503.15	0	.5530921	.267015	.1798929	0
502.15	0	.5530624	.2670734	.1798641	0
501.15	0	.5530328	.2671317	.1798354	0
500.15	0	.5530033	.26719	.1798068	0
499.15	0	.5529738	.2672481	.1797782	0
498.15	0	.5529443	.2673061	.1797496	0
497.15	0	.5529149	.267364	.1797212	0
496.15	0	.5528855	.2674217	.1796928	0
495.15	0	.5528562	.2674794	.1796644	0
494.15	0	.5528269	.2675369	.1796361	0
493.15	0	.5527977	.2675944	.1796079	0
492.15	0	.5527685	.2676517	.1795798	0
491.15	0	.5527394	.2677089	.1795517	0
490.15	0	.5527103	.267766	.1795237	0
489.15	0	.5526813	.2678229	.1794958	0
488.15	0	.5526524	.2678797	.1794679	0
487.15	0	.5526235	.2679365	.1794401	0
486.15	0	.5525946	.267993	.1794124	0
485.15	0	.5525658	.2680495	.1793847	0
484.15	0	.5525371	.2681058	.1793571	0
483.15	0	.5525084	.268162	.1793296	0
482.15	0	.5524798	.2682181	.1793022	0
481.15	0	.5524512	.268274	.1792748	0
480.15	0	.5524227	.2683299	.1792475	0
479.15	0	.5523942	.2683855	.1792203	0
478.15	0	.5523658	.2684411	.1791931	0
477.15	0	.5523375	.2684965	.179166	0
476.15	0	.5523092	.2685518	.179139	0
475.15	0	.552281	.2686069	.1791121	0
474.15	0	.5522528	.2686619	.1790853	0
473.15	0	.5522248	.2687168	.1790585	0
472.15	0	.5521967	.2687715	.1790318	0
471.15	0	.5521687	.2688261	.1790052	0
470.15	0	.5521409	.2688805	.1789787	0
469.15	0	.552113	.2689348	.1789522	0
468.15	0	.5520852	.2689889	.1789258	0
467.15	0	.5520575	.2690429	.1788995	0
466.15	0	.5520299	.2690968	.1788733	0
465.15	0	.5520023	.2691505	.1788472	0
464.15	0	.5519748	.2692041	.1788212	0
463.15	0	.5519473	.2692575	.1787952	0
462.15	0	.55192	.2693107	.1787693	0
461.15	0	.5518926	.2693638	.1787435	0
460.15	0	.5518654	.2694168	.1787178	0
459.15	0	.5518382	.2694696	.1786922	0
458.15	0	.5518111	.2695222	.1786666	0
457.15	0	.5517841	.2695747	.1786412	0
456.15	0	.5517571	.2696271	.1786158	0
455.15	0	.5517302	.2696792	.1785905	0
454.15	0	.5517034	.2697312	.1785654	0
453.15	0	.5516766	.2697831	.1785403	0
452.15	0	.55165	.2698348	.1785152	0
451.15	0	.5516234	.2698863	.1784903	0
450.15	0	.5515968	.2699377	.1784655	0
449.15	0	.5515704	.2699889	.1784407	0
448.15	0	.551544	.2700399	.1784161	0
447.15	0	.5515178	.2700907	.1783916	0
446.15	0	.5514916	.2701413	.1783671	0
445.15	0	.5514655	.2701918	.1783428	0
444.15	0	.5514395	.270242	.1783185	0
443.15	0	.5514136	.2702921	.1782943	0
442.15	0	.5513877	.270342	.1782703	0
441.15	0	.551362	.2703916	.1782463	0
440.15	0	.5513364	.2704411	.1782225	0
439.15	0	.5513109	.2704903	.1781988	0
438.15	0	.5512855	.2705394	.1781752	0
437.15	0	.5512602	.2705882	.1781516	0
436.15	0	.551235	.2706368	.1781282	0
435.15	0	.5512099	.2706852	.1781049	0
434.15	0	.5511849	.2707333	.1780818	0
433.15	0	.5511601	.2707812	.1780587	0
432.15	0	.5511354	.2708289	.1780358	0
431.15	0	.5511108	.2708763	.1780129	0
430.15	0	.5510863	.2709235	.1779902	0
429.15	0	.5510619	.2709705	.1779676	0
428.15	0	.5510377	.2710172	.1779451	0
427.15	0	.5510136	.2710636	.1779228	0
426.15	0	.5509896	.2711098	.1779006	0
425.15	0	.5509657	.2711558	.1778785	0
424.15	0	.550942	.2712015	.1778565	0
423.15	0	.5509184	.271247	.1778346	0
422.15	0	.550895	.2712922	.1778129	0
421.15	0	.5508716	.2713371	.1777913	0
420.15	0	.5508484	.2713818	.1777698	0
419.15	0	.5508254	.2714262	.1777484	0
418.15	0	.5508024	.2714704	.1777272	0
417.15	0	.5507796	.2715143	.1777061	0
416.15	0	.550757	.2715579	.1776851	0
415.15	0	.5507344	.2716013	.1776643	0
414.15	0	.5507121	.2716444	.1776435	0
413.15	0	.5506898	.2716872	.177623	0
412.15	0	.5506677	.2717298	.1776025	0
411.15	0	.5506457	.2717722	.1775822	0
