T	 BPW(LIQUID)	BPW(BCC_A2)	BPW(FCC_A1)	BPW(LAVES_PHASE_C14)	BPW(NI3TI)
1473.15	.3822304	.6177696	0	0	0
1472.15	.3786373	.6213628	0	0	0
1471.15	.3750693	.6249307	0	0	0
1470.15	.3715263	.6284737	0	0	0
1469.15	.3680082	.6319918	0	0	0
1468.15	.3645148	.6354852	0	0	0
1467.15	.361046	.638954	0	0	0
1466.15	.3576015	.6423985	0	0	0
1465.15	.3541813	.6458187	0	0	0
1464.15	.3507852	.6492148	0	0	0
1463.328	.3480119	.6519881	0	0	0
1463.328	.3480119	.6519881	0	0	0
1463.328	.3480119	.6519881	0	0	0
1463.15	.3469189	.6527006	0	3.804964E-04	0
1462.15	.3408444	.6566572	0	.002498377	0
1461.15	.3348736	.660541	0	.004585397	0
1460.15	.3290039	.6643537	0	.006642352	0
1459.15	.3232329	.6680971	0	.008670012	0
1458.15	.3175579	.671773	0	.01066912	0
1457.15	.3119768	.6753828	0	.0126404	0
1456.15	.3064872	.6789283	0	.01458455	0
1455.15	.3010868	.682411	0	.01650225	0
1454.15	.2957736	.6858323	0	.01839414	0
1453.15	.2905455	.6891937	0	.02026086	0
1452.15	.2854004	.6924966	0	.02210302	0
1451.15	.2803363	.6957424	0	.02392123	0
1450.15	.2753515	.6989324	0	.02571604	0
1449.15	.270444	.7020679	0	.02748803	0
1448.15	.2656121	.7051501	0	.02923774	0
1447.15	.2608541	.7081803	0	.03096568	0
1446.15	.2561681	.7111595	0	.03267236	0
1445.15	.2515527	.714089	0	.03435829	0
1444.15	.2470063	.7169698	0	.03602394	0
1443.15	.2425272	.719803	0	.03766977	0
1442.15	.238114	.7225898	0	.03929624	0
1441.15	.2337653	.725331	0	.04090379	0
1440.15	.2294796	.7280276	0	.04249283	0
1439.15	.2252555	.7306807	0	.04406379	0
1438.15	.2210918	.7332912	0	.04561706	0
1437.15	.2169871	.7358599	0	.04715303	0
1436.15	.2129402	.7383877	0	.04867209	0
1435.15	.2089498	.7408756	0	.0501746	0
1434.15	.2050148	.7433243	0	.05166092	0
1433.15	.2011339	.7457347	0	.05313139	0
1432.15	.1973061	.7481075	0	.05458636	0
1431.15	.1935303	.7504436	0	.05602616	0
1430.15	.1898053	.7527436	0	.05745111	0
1429.15	.1861302	.7550083	0	.05886151	0
1428.15	.1825039	.7572384	0	.06025767	0
1427.15	.1789254	.7594347	0	.06163989	0
1426.15	.1753938	.7615977	0	.06300845	0
1425.15	.1719082	.7637282	0	.06436363	0
1424.15	.1684676	.7658267	0	.06570571	0
1423.15	.1650711	.767894	0	.06703495	0
1422.15	.1617178	.7699306	0	.0683516	0
1421.15	.158407	.7719371	0	.06965593	0
1420.15	.1551377	.7739141	0	.07094817	0
1419.15	.1519093	.7758622	0	.07222856	0
1418.15	.1487208	.7777819	0	.07349734	0
1417.15	.1455716	.7796737	0	.07475473	0
1416.15	.1424608	.7815382	0	.07600096	0
1415.15	.1393878	.7833759	0	.07723623	0
1414.15	.1363519	.7851874	0	.07846077	0
1413.15	.1333523	.786973	0	.07967477	0
1412.15	.1303883	.7887332	0	.08087843	0
1411.15	.1274594	.7904687	0	.08207196	0
1410.15	.1245648	.7921796	0	.08325553	0
1409.15	.121704	.7938667	0	.08442934	0
1408.15	.1188763	.7955302	0	.08559357	0
1407.15	.1160811	.7971705	0	.08674839	0
1406.15	.1133178	.7987882	0	.08789398	0
1405.15	.1105859	.8003836	0	.0890305	0
1404.15	.1078847	.8019572	0	.09015812	0
1403.15	.1052138	.8035092	0	.091277	0
1402.15	.1025727	.8050401	0	.09238729	0
1401.15	.09996066	.8065502	0	.09348916	0
1400.15	.09737733	.8080399	0	.09458274	0
1399.15	.09482217	.8095096	0	.0956682	0
1398.15	.0922947	.8109597	0	.09674565	0
1397.15	.08979442	.8123903	0	.09781526	0
1396.15	.08732088	.813802	0	.09887715	0
1395.15	.08487362	.8151949	0	.09993146	0
1394.15	.08245219	.8165695	0	.1009783	0
1393.15	.08005614	.817926	0	.1020179	0
1392.15	.07768506	.8192648	0	.1030502	0
1391.15	.07533852	.8205861	0	.1040754	0
1390.15	.07301611	.8218902	0	.1050937	0
1389.15	.07071744	.8231774	0	.1061052	0
1388.15	.06844209	.824448	0	.1071099	0
1387.15	.0661897	.8257023	0	.108108	0
1386.15	.06395989	.8269405	0	.1090996	0
1385.15	.06175228	.8281629	0	.1100848	0
1384.15	.05956651	.8293698	0	.1110637	0
1383.15	.05740223	.8305614	0	.1120364	0
1382.15	.05525909	.8317379	0	.113003	0
1381.15	.05313676	.8328996	0	.1139636	0
1380.15	.05103489	.8340468	0	.1149183	0
1379.15	.04895317	.8351796	0	.1158672	0
1378.15	.04689128	.8362983	0	.1168104	0
1377.15	.04484889	.8374032	0	.1177479	0
1376.15	.04282571	.8384943	0	.11868	0
1375.15	.04082143	.839572	0	.1196065	0
1374.15	.03883576	.8406365	0	.1205277	0
1373.15	.03686841	.841688	0	.1214436	0
1372.15	.03491909	.8427266	0	.1223544	0
1371.15	.03298754	.8437525	0	.1232599	0
1370.15	.03107346	.8447661	0	.1241605	0
1369.15	.02917661	.8457674	0	.125056	0
1368.15	.02729671	.8467566	0	.1259467	0
1367.15	.02543352	.8477339	0	.1268326	0
1366.15	.02358676	.8486996	0	.1277137	0
1365.15	.02175621	.8496537	0	.1285901	0
1364.15	.01994162	.8505965	0	.1294619	0
1363.15	.01814274	.8515281	0	.1303292	0
1362.15	.01635935	.8524487	0	.1311919	0
1361.15	.01459122	.8533585	0	.1320503	0
1360.15	.01283811	.8542576	0	.1329043	0
1359.15	.01109982	.8551461	0	.1337541	0
1358.15	.009376114	.8560243	0	.1345996	0
1357.15	.007666792	.8568923	0	.135441	0
1356.15	.005971641	.8577502	0	.1362782	0
1355.15	.004290455	.8585982	0	.1371114	0
1354.15	.002623034	.8594364	0	.1379406	0
1353.15	9.691785E-04	.860265	0	.1387659	0
1352.56	0	.8607492	0	.1392508	0
1352.56	0	.8607492	0	.1392508	0
1352.15	0	.8605079	0	.1394921	0
1351.15	0	.8599207	0	.1400793	0
1350.15	0	.8593348	0	.1406651	0
1349.15	0	.8587503	0	.1412497	0
1348.15	0	.858167	0	.141833	0
1347.15	0	.8575851	0	.1424149	0
1346.15	0	.8570045	0	.1429955	0
1345.15	0	.8564251	0	.1435749	0
1344.15	0	.8558471	0	.1441529	0
1343.15	0	.8552704	0	.1447296	0
1342.15	0	.8546949	0	.1453051	0
1341.15	0	.8541208	0	.1458792	0
1340.15	0	.8535479	0	.1464521	0
1339.15	0	.8529763	0	.1470237	0
1338.15	0	.852406	0	.147594	0
1337.15	0	.851837	0	.1481631	0
1336.15	0	.8512692	0	.1487308	0
1335.15	0	.8507027	0	.1492973	0
1334.15	0	.8501374	0	.1498626	0
1333.15	0	.8495734	0	.1504266	0
1332.15	0	.8490106	0	.1509894	0
1331.15	0	.8484491	0	.1515509	0
1330.15	0	.8478889	0	.1521111	0
1329.15	0	.8473298	0	.1526702	0
1328.15	0	.8467721	0	.1532279	0
1327.15	0	.8462155	0	.1537845	0
1326.15	0	.8456602	0	.1543398	0
1325.15	0	.8451061	0	.1548939	0
1324.15	0	.8445532	0	.1554468	0
1323.15	0	.8440015	0	.1559985	0
1322.15	0	.8434511	0	.1565489	0
1321.15	0	.8429018	0	.1570982	0
1320.15	0	.8423538	0	.1576462	0
1319.15	0	.841807	0	.158193	0
1318.15	0	.8412613	0	.1587387	0
1317.15	0	.8407169	0	.1592831	0
1316.15	0	.8401736	0	.1598264	0
1315.15	0	.8396316	0	.1603684	0
1314.15	0	.8390907	0	.1609093	0
1313.15	0	.838551	0	.161449	0
1312.15	0	.8380125	0	.1619875	0
1311.15	0	.8374751	0	.1625249	0
1310.15	0	.836939	0	.163061	0
1309.15	0	.836404	0	.163596	0
1308.15	0	.8358701	0	.1641299	0
1307.15	0	.8353374	0	.1646626	0
1306.15	0	.8348059	0	.1651941	0
1305.15	0	.8342755	0	.1657245	0
1304.15	0	.8337463	0	.1662537	0
1303.15	0	.8332182	0	.1667818	0
1302.15	0	.8326912	0	.1673088	0
1301.15	0	.8321654	0	.1678346	0
1300.15	0	.8316408	0	.1683592	0
1299.15	0	.8311172	0	.1688828	0
1298.15	0	.8305948	0	.1694052	0
1297.15	0	.8300736	0	.1699265	0
1296.15	0	.8295534	0	.1704466	0
1295.15	0	.8290344	0	.1709656	0
1294.15	0	.8285164	0	.1714836	0
1293.15	0	.8279996	0	.1720004	0
1292.15	0	.8274839	0	.1725161	0
1291.15	0	.8269693	0	.1730307	0
1290.15	0	.8264558	0	.1735442	0
1289.15	0	.8259434	0	.1740566	0
1288.15	0	.8254321	0	.1745679	0
1287.15	0	.8249219	0	.1750781	0
1286.15	0	.8244128	0	.1755872	0
1285.15	0	.8239048	0	.1760952	0
1284.15	0	.8233978	0	.1766022	0
1283.15	0	.822892	0	.177108	0
1282.15	0	.8223872	0	.1776128	0
1281.15	0	.8218835	0	.1781165	0
1280.15	0	.8213808	0	.1786192	0
1279.15	0	.8208792	0	.1791208	0
1278.15	0	.8203787	0	.1796213	0
1277.15	0	.8198793	0	.1801207	0
1276.15	0	.8193809	0	.1806191	0
1275.15	0	.8188836	0	.1811164	0
1274.15	0	.8183873	0	.1816127	0
1273.15	0	.8178921	0	.1821079	0
1272.15	0	.8173979	0	.1826021	0
1271.15	0	.8169047	0	.1830953	0
1270.15	0	.8164127	0	.1835874	0
1269.15	0	.8159216	0	.1840784	0
1268.15	0	.8154316	0	.1845684	0
1267.15	0	.8149426	0	.1850574	0
1266.15	0	.8144546	0	.1855454	0
1265.15	0	.8139677	0	.1860323	0
1264.15	0	.8134818	0	.1865182	0
1263.15	0	.8129969	0	.1870031	0
1262.15	0	.812513	0	.187487	0
1261.15	0	.8120302	0	.1879698	0
1260.15	0	.8115483	0	.1884517	0
1259.15	0	.8110675	0	.1889325	0
1258.15	0	.8105877	0	.1894124	0
1257.15	0	.8101088	0	.1898912	0
1256.15	0	.809631	0	.190369	0
1255.15	0	.8091542	0	.1908458	0
1254.15	0	.8086784	0	.1913216	0
1253.15	0	.8082035	0	.1917965	0
1252.15	0	.8077297	0	.1922703	0
1251.15	0	.8072568	0	.1927432	0
1250.15	0	.8067849	0	.1932151	0
1249.15	0	.8063141	0	.1936859	0
1248.15	0	.8058442	0	.1941559	0
1247.15	0	.8053752	0	.1946248	0
1246.15	0	.8049073	0	.1950927	0
1245.15	0	.8044403	0	.1955597	0
1244.15	0	.8039743	0	.1960257	0
1243.15	0	.8035092	0	.1964908	0
1242.15	0	.8030451	0	.1969549	0
1241.15	0	.802582	0	.197418	0
1240.15	0	.8021198	0	.1978802	0
1239.15	0	.8016586	0	.1983414	0
1238.15	0	.8011983	0	.1988017	0
1237.15	0	.800739	0	.199261	0
1236.15	0	.8002807	0	.1997193	0
1235.15	0	.7998233	0	.2001767	0
1234.15	0	.7993668	0	.2006332	0
1233.15	0	.7989113	0	.2010887	0
1232.15	0	.7984567	0	.2015433	0
1231.15	0	.798003	0	.201997	0
1230.15	0	.7975503	0	.2024497	0
1229.15	0	.7970985	0	.2029015	0
1228.15	0	.7966476	0	.2033524	0
1227.15	0	.7961977	0	.2038023	0
1226.15	0	.7957487	0	.2042513	0
1225.15	0	.7953006	0	.2046994	0
1224.15	0	.7948534	0	.2051466	0
1223.15	0	.7944072	0	.2055928	0
1222.15	0	.7939618	0	.2060382	0
1221.15	0	.7935174	0	.2064826	0
1220.15	0	.7930739	0	.2069261	0
1219.15	0	.7926313	0	.2073688	0
1218.15	0	.7921895	0	.2078105	0
1217.15	0	.7917487	0	.2082513	0
1216.15	0	.7913088	0	.2086912	0
1215.15	0	.7908698	0	.2091302	0
1214.15	0	.7904317	0	.2095683	0
1213.15	0	.7899945	0	.2100055	0
1212.15	0	.7895581	0	.2104419	0
1211.15	0	.7891227	0	.2108773	0
1210.15	0	.7886881	0	.2113119	0
1209.15	0	.7882545	0	.2117455	0
1208.15	0	.7878217	0	.2121783	0
1207.15	0	.7873898	0	.2126102	0
1206.15	0	.7869587	0	.2130413	0
1205.15	0	.7865286	0	.2134714	0
1204.15	0	.7860993	0	.2139007	0
1203.15	0	.7856709	0	.2143291	0
1202.15	0	.7852433	0	.2147567	0
1201.15	0	.7848166	0	.2151834	0
1200.15	0	.7843908	0	.2156092	0
1199.15	0	.7839659	0	.2160341	0
1198.15	0	.7835418	0	.2164582	0
1197.15	0	.7831185	0	.2168815	0
1196.15	0	.7826962	0	.2173039	0
1195.15	0	.7822746	0	.2177254	0
1194.15	0	.781854	0	.2181461	0
1193.15	0	.7814341	0	.2185659	0
1192.15	0	.7810151	0	.2189849	0
1191.15	0	.780597	0	.219403	0
1190.15	0	.7801797	0	.2198203	0
1189.15	0	.7797633	0	.2202367	0
1188.224	0	.7793785	0	.2206215	0
1188.224	0	.7793785	0	.2206215	0
1188.224	0	.7793785	0	.2206215	0
1188.15	0	.7792918	5.866163E-05	.2206496	0
1187.15	0	.7781259	8.473793E-04	.2210267	0
1186.15	0	.7769632	.001633929	.2214029	0
1185.15	0	.7758035	.002418313	.2217781	0
1184.15	0	.774647	.003200535	.2221524	0
1183.15	0	.7734937	.003980597	.2225258	0
1182.15	0	.7723434	.004758502	.2228981	0
1181.15	0	.7711962	.005534253	.2232696	0
1180.15	0	.7700521	.006307852	.22364	0
1179.15	0	.7689111	.007079303	.2240096	0
1178.15	0	.7677732	.007848607	.2243782	0
1177.15	0	.7666384	.008615767	.2247459	0
1176.15	0	.7655066	.009380786	.2251126	0
1175.15	0	.7643779	.01014367	.2254784	0
1174.15	0	.7632523	.01090441	.2258433	0
1173.15	0	.7621297	.01166302	.2262073	0
1172.15	0	.7610102	.0124195	.2265703	0
1171.15	0	.7598937	.01317385	.2269324	0
1170.15	0	.7587803	.01392607	.2272936	0
1169.15	0	.7576699	.01467617	.2276539	0
1168.15	0	.7565625	.01542415	.2280133	0
1167.15	0	.7554582	.01617001	.2283718	0
1166.15	0	.7543569	.01691375	.2287294	0
1165.15	0	.7532585	.01765538	.2290861	0
1164.15	0	.7521633	.0183949	.2294418	0
1163.15	0	.751071	.0191323	.2297967	0
1162.15	0	.7499817	.0198676	.2301507	0
1161.15	0	.7488954	.02060079	.2305038	0
1160.15	0	.7478121	.02133187	.230856	0
1159.15	0	.7467318	.02206086	.2312074	0
1158.15	0	.7456545	.02278774	.2315578	0
1157.15	0	.7445801	.02351253	.2319074	0
1156.15	0	.7435087	.02423522	.232256	0
1155.15	0	.7424403	.02495582	.2326038	0
1154.15	0	.7413749	.02567435	.2329508	0
1153.15	0	.7403124	.02639077	.2332969	0
1152.15	0	.7392528	.0271051	.2336421	0
1151.15	0	.7381963	.02781734	.2339864	0
1150.15	0	.7371426	.02852751	.2343299	0
1149.15	0	.7360919	.02923558	.2346725	0
1148.15	0	.7350442	.02994158	.2350142	0
1147.15	0	.7339994	.0306455	.2353551	0
1146.15	0	.7329575	.03134735	.2356952	0
1145.15	0	.7319185	.03204712	.2360344	0
1144.15	0	.7308825	.03274481	.2363727	0
1143.15	0	.7298494	.03344044	.2367102	0
1142.15	0	.7288191	.03413399	.2370469	0
1141.15	0	.7277918	.03482548	.2373827	0
1140.15	0	.7267674	.0355149	.2377177	0
1139.15	0	.7257459	.03620226	.2380518	0
1138.15	0	.7247273	.03688755	.2383851	0
1137.15	0	.7237116	.03757079	.2387176	0
1136.15	0	.7226988	.03825196	.2390492	0
1135.15	0	.7216889	.03893108	.23938	0
1134.15	0	.7206818	.03960813	.23971	0
1133.15	0	.7196777	.04028314	.2400392	0
1132.15	0	.7186764	.04095609	.2403675	0
1131.15	0	.7176779	.04162699	.2406951	0
1130.15	0	.7166824	.04229583	.2410218	0
1129.15	0	.7156897	.04296263	.2413477	0
1128.15	0	.7146999	.04362738	.2416728	0
1127.15	0	.7137129	.04429008	.241997	0
1126.15	0	.7127288	.04495074	.2423205	0
1125.15	0	.7117475	.04560935	.2426432	0
1124.15	0	.7107691	.04626592	.242965	0
1123.15	0	.7097935	.04692044	.2432861	0
1122.15	0	.7088208	.04757293	.2436063	0
1121.15	0	.7078509	.04822338	.2439258	0
1120.15	0	.7068838	.04887179	.2442444	0
1119.15	0	.7059196	.04951817	.2445623	0
1118.15	0	.7049582	.05016251	.2448793	0
1117.15	0	.7039996	.05080481	.2451956	0
1116.15	0	.7030438	.05144508	.2455111	0
1115.15	0	.7020909	.05208332	.2458258	0
1114.15	0	.7011408	.05271953	.2461397	0
1113.15	0	.7001935	.0533537	.2464528	0
1112.15	0	.699249	.05398585	.2467652	0
1111.15	0	.6983073	.05461597	.2470768	0
1110.15	0	.6973684	.05524407	.2473875	0
1109.15	0	.6964323	.05587013	.2476976	0
1108.15	0	.695499	.05649418	.2480068	0
1107.15	0	.6945685	.0571162	.2483153	0
1106.15	0	.6936408	.05773619	.248623	0
1105.15	0	.6927159	.05835416	.2489299	0
1104.15	0	.6917938	.05897011	.2492361	0
1103.15	0	.6908745	.05958405	.2495415	0
1102.15	0	.689958	.06019596	.2498461	0
1101.15	0	.6890442	.06080585	.25015	0
1100.15	0	.6881332	.06141373	.2504531	0
1099.15	0	.687225	.06201959	.2507554	0
1098.15	0	.6863196	.06262343	.251057	0
1097.15	0	.6854169	.06322526	.2513578	0
1096.15	0	.684517	.06382507	.2516579	0
1095.15	0	.6836199	.06442286	.2519572	0
1094.15	0	.6827255	.06501865	.2522558	0
1093.15	0	.6818339	.06561242	.2525537	0
1092.15	0	.6809451	.06620418	.2528507	0
1091.15	0	.680059	.06679393	.2531471	0
1090.15	0	.6791757	.06738167	.2534426	0
1089.15	0	.6782951	.0679674	.2537375	0
1088.15	0	.6774173	.06855112	.2540316	0
1087.15	0	.6765422	.06913283	.2543249	0
1086.15	0	.6756699	.06971254	.2546176	0
1085.15	0	.6748003	.07029023	.2549094	0
1084.15	0	.6739335	.07086592	.2552006	0
1083.15	0	.6730694	.07143961	.255491	0
1082.15	0	.672208	.07201129	.2557807	0
1081.15	0	.6713494	.07258096	.2560696	0
1080.15	0	.6704936	.07314863	.2563578	0
1079.15	0	.6696404	.0737143	.2566453	0
1078.15	0	.66879	.07427796	.256932	0
1077.15	0	.6679423	.07483962	.2572181	0
1076.15	0	.6670974	.07539928	.2575034	0
1075.15	0	.6662552	.07595693	.2577879	0
1074.15	0	.6654157	.07651259	.2580718	0
1073.15	0	.6645789	.07706624	.2583549	0
1072.15	0	.6637448	.0776179	.2586373	0
1071.15	0	.6629135	.07816755	.2589189	0
1070.15	0	.6620849	.07871521	.2591999	0
1069.15	0	.661259	.07926087	.2594801	0
1068.15	0	.6604358	.07980453	.2597597	0
1067.15	0	.6596154	.08034619	.2600385	0
1066.15	0	.6587976	.08088586	.2603165	0
1065.15	0	.6579826	.08142352	.2605939	0
1064.15	0	.6571703	.0819592	.2608706	0
1063.15	0	.6563606	.08249287	.2611465	0
1062.15	0	.6555537	.08302455	.2614217	0
1061.15	0	.6547495	.08355424	.2616962	0
1060.15	0	.653948	.08408193	.2619701	0
1059.15	0	.6531492	.08460763	.2622432	0
1058.15	0	.6523531	.08513134	.2625155	0
1057.15	0	.6515597	.08565305	.2627872	0
1056.15	0	.650769	.08617277	.2630582	0
1055.15	0	.6499811	.08669049	.2633285	0
1054.15	0	.6491958	.08720623	.263598	0
1053.15	0	.6484131	.08771998	.2638669	0
1052.15	0	.6476332	.08823173	.264135	0
1051.15	0	.646856	.0887415	.2644025	0
1050.15	0	.6460815	.08924927	.2646692	0
1049.15	0	.6453097	.08975506	.2649353	0
1048.15	0	.6445405	.09025886	.2652006	0
1047.15	0	.6437741	.09076067	.2654653	0
1046.15	0	.6430103	.09126049	.2657292	0
1045.15	0	.6422492	.09175833	.2659924	0
1044.15	0	.6414908	.09225418	.266255	0
1043.15	0	.6407351	.09274804	.2665168	0
1042.15	0	.6399821	.09323992	.266778	0
1041.15	0	.6392317	.09372982	.2670384	0
1040.15	0	.6384841	.09421773	.2672982	0
1039.15	0	.6377391	.09470366	.2675573	0
1038.15	0	.6369968	.0951876	.2678156	0
1037.15	0	.6362572	.09566957	.2680733	0
1036.15	0	.6355202	.09614955	.2683302	0
1035.15	0	.6347859	.09662755	.2685865	0
1034.15	0	.6340543	.09710358	.2688421	0
1033.15	0	.6333254	.09757762	.269097	0
1032.15	0	.6325991	.09804969	.2693512	0
1031.15	0	.6318756	.09851978	.2696047	0
1030.15	0	.6311546	.09898789	.2698575	0
1029.15	0	.6304364	.09945403	.2701096	0
1028.15	0	.6297208	.09991819	.270361	0
1027.15	0	.6290079	.1003804	.2706117	0
1026.15	0	.6282976	.1008406	.2708618	0
1025.15	0	.6275901	.1012989	.2711111	0
1024.15	0	.6268851	.1017551	.2713597	0
1023.15	0	.6261829	.1022094	.2716077	0
1022.15	0	.6254833	.1026618	.2718549	0
1021.15	0	.6247864	.1031121	.2721015	0
1020.15	0	.6240921	.1035606	.2723474	0
1019.15	0	.6234005	.104007	.2725925	0
1018.15	0	.6227115	.1044515	.272837	0
1017.15	0	.6220252	.104894	.2730808	0
1016.15	0	.6213415	.1053345	.2733239	0
1015.15	0	.6206605	.1057731	.2735663	0
1014.15	0	.6199822	.1062098	.273808	0
1013.15	0	.6193065	.1066445	.2740491	0
1012.15	0	.6186335	.1070772	.2742894	0
1011.15	0	.6179631	.107508	.274529	0
1010.15	0	.6172953	.1079368	.2747679	0
1009.15	0	.6166302	.1083637	.2750062	0
1008.15	0	.6159677	.1087886	.2752437	0
1007.15	0	.6153079	.1092116	.2754805	0
1006.15	0	.6146507	.1096326	.2757167	0
1005.15	0	.6139962	.1100517	.2759521	0
1004.15	0	.6133443	.1104689	.2761869	0
1003.15	0	.612695	.1108841	.2764209	0
1002.15	0	.6120484	.1112974	.2766543	0
1001.15	0	.6114044	.1117087	.2768869	0
1000.15	0	.610763	.1121181	.2771189	0
999.15	0	.6101242	.1125256	.2773501	0
998.15	0	.6094881	.1129312	.2775807	0
997.15	0	.6088546	.1133349	.2778105	0
996.15	0	.6082238	.1137366	.2780397	0
995.15	0	.6075955	.1141364	.2782681	0
994.15	0	.6069699	.1145343	.2784958	0
993.15	0	.6063469	.1149303	.2787229	0
992.15	0	.6057265	.1153244	.2789492	0
991.15	0	.6051087	.1157165	.2791748	0
990.15	0	.6044935	.1161068	.2793997	0
989.15	0	.603881	.1164952	.2796239	0
988.15	0	.603271	.1168817	.2798473	0
987.15	0	.6026636	.1172662	.2800701	0
986.15	0	.6020589	.1176489	.2802922	0
985.15	0	.6014567	.1180298	.2805135	0
984.15	0	.6008572	.1184087	.2807341	0
983.15	0	.6002602	.1187858	.280954	0
982.15	0	.5996658	.119161	.2811732	0
981.15	0	.599074	.1195343	.2813917	0
980.15	0	.5984848	.1199058	.2816094	0
979.15	0	.5978982	.1202754	.2818265	0
978.15	0	.5973141	.1206431	.2820427	0
977.15	0	.5967326	.1210091	.2822583	0
976.15	0	.5961537	.1213731	.2824732	0
975.15	0	.5955774	.1217354	.2826873	0
974.15	0	.5950036	.1220958	.2829006	0
973.15	0	.5944323	.1224544	.2831133	0
972.15	0	.5938637	.1228112	.2833252	0
971.15	0	.5932975	.1231661	.2835364	0
970.15	0	.592734	.1235192	.2837468	0
969.15	0	.5921729	.1238706	.2839565	0
968.15	0	.5916144	.1242202	.2841654	0
967.15	0	.5910584	.1245679	.2843737	0
966.15	0	.590505	.1249139	.2845811	0
965.15	0	.5899541	.1252581	.2847878	0
964.15	0	.5894057	.1256006	.2849938	0
963.15	0	.5888598	.1259413	.285199	0
962.15	0	.5883164	.1262802	.2854034	0
961.15	0	.5877755	.1266174	.2856071	0
960.15	0	.5872371	.1269529	.2858101	0
959.15	0	.5867012	.1272866	.2860122	0
958.15	0	.5861677	.1276186	.2862136	0
957.15	0	.5856368	.1279489	.2864143	0
956.15	0	.5851083	.1282776	.2866141	0
955.15	0	.5845823	.1286045	.2868132	0
954.15	0	.5840587	.1289297	.2870115	0
953.15	0	.5835376	.1292533	.2872091	0
952.15	0	.583019	.1295752	.2874058	0
951.15	0	.5825027	.1298955	.2876018	0
950.15	0	.5819889	.1302141	.287797	0
949.15	0	.5814775	.1305311	.2879913	0
948.15	0	.5809685	.1308465	.2881849	0
947.15	0	.580462	.1311603	.2883777	0
946.15	0	.5799578	.1314725	.2885697	0
945.15	0	.579456	.1317831	.2887609	0
944.15	0	.5789565	.1320922	.2889513	0
943.15	0	.5784595	.1323997	.2891409	0
942.15	0	.5779648	.1327056	.2893296	0
941.15	0	.5774724	.13301	.2895175	0
940.15	0	.5769824	.133313	.2897047	0
939.15	0	.5764947	.1336144	.2898909	0
938.15	0	.5760093	.1339143	.2900764	0
937.15	0	.5755262	.1342128	.290261	0
936.15	0	.5750454	.1345098	.2904448	0
935.15	0	.5745669	.1348054	.2906277	0
934.15	0	.5740907	.1350995	.2908098	0
933.15	0	.5736167	.1353923	.290991	0
932.15	0	.5731449	.1356837	.2911714	0
931.15	0	.5726754	.1359737	.2913509	0
930.15	0	.5722081	.1362623	.2915296	0
929.15	0	.571743	.1365496	.2917074	0
928.15	0	.5712801	.1368356	.2918843	0
927.15	0	.5708193	.1371203	.2920603	0
926.15	0	.5703607	.1374038	.2922355	0
925.15	0	.5699043	.1376859	.2924098	0
924.15	0	.56945	.1379669	.2925831	0
923.15	0	.5689978	.1382466	.2927556	0
922.15	0	.5685477	.1385252	.2929272	0
921.15	0	.5680996	.1388026	.2930978	0
920.15	0	.5676537	.1390788	.2932675	0
919.15	0	.5672097	.1393539	.2934364	0
918.15	0	.5667678	.1396279	.2936042	0
917.15	0	.5663279	.1399009	.2937712	0
916.15	0	.56589	.1401728	.2939372	0
915.15	0	.565454	.1404437	.2941023	0
914.15	0	.56502	.1407136	.2942664	0
913.15	0	.564588	.1409825	.2944295	0
912.15	0	.5641578	.1412505	.2945917	0
911.15	0	.5637295	.1415176	.294753	0
910.15	0	.563303	.1417838	.2949132	0
909.15	0	.5628784	.1420491	.2950724	0
908.15	0	.5624556	.1423137	.2952307	0
907.15	0	.5620346	.1425774	.295388	0
906.15	0	.5616154	.1428404	.2955442	0
905.15	0	.5611979	.1431027	.2956995	0
904.15	0	.5607821	.1433643	.2958537	0
903.15	0	.560368	.1436252	.2960069	0
902.15	0	.5599555	.1438855	.296159	0
901.15	0	.5595447	.1441452	.2963101	0
900.15	0	.5591354	.1444044	.2964602	0
899.15	0	.5587278	.1446631	.2966091	0
898.15	0	.5583217	.1449213	.2967571	0
897.15	0	.5579171	.145179	.2969039	0
896.15	0	.557514	.1454364	.2970496	0
895.15	0	.5571123	.1456935	.2971943	0
894.15	0	.556712	.1459502	.2973378	0
893.15	0	.5563131	.1462067	.2974802	0
892.15	0	.5559156	.146463	.2976215	0
891.15	0	.5555193	.1467191	.2977616	0
890.15	0	.5551244	.146975	.2979006	0
889.15	0	.5547306	.1472309	.2980385	0
888.15	0	.5543381	.1474868	.2981751	0
887.15	0	.5539467	.1477427	.2983106	0
886.15	0	.5535564	.1479987	.2984449	0
885.15	0	.5531672	.1482548	.298578	0
884.15	0	.5527791	.1485111	.2987098	0
883.15	0	.5523919	.1487676	.2988405	0
882.15	0	.5520057	.1490245	.2989699	0
881.15	0	.5516203	.1492817	.299098	0
880.15	0	.5512358	.1495393	.2992249	0
879.15	0	.5508521	.1497974	.2993505	0
878.15	0	.5504692	.150056	.2994748	0
877.15	0	.550087	.1503153	.2995977	0
876.15	0	.5497054	.1505752	.2997194	0
875.15	0	.5493244	.1508359	.2998397	0
874.15	0	.5489439	.1510974	.2999587	0
873.15	0	.548564	.1513597	.3000763	0
872.15	0	.5481844	.151623	.3001925	0
871.15	0	.5478053	.1518874	.3003073	0
870.15	0	.5474264	.1521529	.3004207	0
869.15	0	.5470478	.1524195	.3005327	0
868.15	0	.5466693	.1526875	.3006432	0
867.15	0	.546291	.1529568	.3007522	0
866.15	0	.5459127	.1532275	.3008598	0
865.15	0	.5455344	.1534998	.3009658	0
864.15	0	.545156	.1537738	.3010703	0
863.15	0	.5447774	.1540494	.3011732	0
862.15	0	.5443985	.1543269	.3012746	0
861.15	0	.5440194	.1546064	.3013743	0
860.15	0	.5436398	.1548878	.3014724	0
859.15	0	.5432597	.1551714	.3015689	0
858.15	0	.542879	.1554572	.3016638	0
857.15	0	.5424977	.1557455	.3017569	0
856.15	0	.5421156	.1560362	.3018483	0
855.15	0	.5417326	.1563295	.3019379	0
854.15	0	.5413487	.1566256	.3020258	0
853.15	0	.5409637	.1569245	.3021118	0
852.15	0	.5405775	.1572264	.3021961	0
851.15	0	.5401901	.1575315	.3022784	0
850.15	0	.5398012	.15784	.3023588	0
849.15	0	.5394109	.1581518	.3024373	0
848.15	0	.5390189	.1584673	.3025139	0
847.15	0	.5386251	.1587865	.3025884	0
846.15	0	.5382295	.1591097	.3026608	0
845.15	0	.5378318	.1594371	.3027312	0
844.15	0	.5374319	.1597687	.3027994	0
843.15	0	.5370297	.1601049	.3028654	0
842.15	0	.536625	.1604458	.3029292	0
841.15	0	.5362176	.1607916	.3029908	0
840.15	0	.5358074	.1611426	.30305	0
839.15	0	.5353942	.161499	.3031068	0
838.15	0	.5349778	.1618611	.3031611	0
837.15	0	.534558	.162229	.303213	0
836.15	0	.5341345	.1626032	.3032623	0
835.15	0	.5337073	.1629838	.303309	0
834.15	0	.533276	.1633711	.3033529	0
833.15	0	.5328403	.1637656	.3033941	0
832.15	0	.5324001	.1641675	.3034324	0
831.15	0	.5319551	.1645771	.3034678	0
830.15	0	.5315049	.164995	.3035001	0
829.15	0	.5310492	.1654214	.3035293	0
828.15	0	.5305878	.1658569	.3035553	0
827.15	0	.5301202	.1663018	.303578	0
826.15	0	.5296461	.1667567	.3035972	0
825.15	0	.5291651	.1672221	.3036128	0
824.15	0	.5286767	.1676986	.3036246	0
823.15	0	.5281805	.1681868	.3036327	0
822.15	0	.527676	.1686873	.3036367	0
821.15	0	.5271626	.1692009	.3036365	0
820.15	0	.5266397	.1697283	.303632	0
819.15	0	.5261067	.1702704	.3036229	0
818.15	0	.5255629	.1708282	.303609	0
817.15	0	.5250074	.1714025	.3035901	0
816.15	0	.5244396	.1719946	.3035659	0
815.15	0	.5238583	.1726056	.3035361	0
814.15	0	.5232627	.1732369	.3035005	0
813.15	0	.5226514	.17389	.3034586	0
812.15	0	.5220234	.1745666	.3034101	0
811.15	0	.5210114	.1757214	.3032672	0
810.15	0	.5198247	.1770978	.3030775	0
809.15	0	.5187123	.1783873	.3029004	0
808.15	0	.5176666	.1795989	.3027345	0
807.15	0	.5166811	.1807404	.3025785	0
806.15	0	.5157501	.1818185	.3024315	0
805.15	0	.5148687	.1828388	.3022925	0
804.15	0	.5140329	.1838063	.3021608	0
803.15	0	.5132388	.1847254	.3020358	0
802.15	0	.5124832	.1855999	.3019169	0
801.15	0	.5117632	.1864333	.3018035	0
800.15	0	.5110761	.1872286	.3016953	0
799.15	0	.5104198	.1879885	.3015917	0
798.15	0	.5097919	.1887156	.3014925	0
797.15	0	.5091908	.1894119	.3013973	0
796.15	0	.5086145	.1900796	.3013059	0
795.15	0	.5080617	.1907204	.3012179	0
794.15	0	.5075307	.1913361	.3011332	0
793.15	0	.5070204	.1919281	.3010515	0
792.15	0	.5065296	.1924979	.3009725	0
791.15	0	.506057	.1930467	.3008963	0
790.15	0	.5056017	.1935758	.3008225	0
789.15	0	.5051628	.1940862	.300751	0
788.15	0	.5047394	.1945789	.3006817	0
787.15	0	.5043306	.195055	.3006144	0
786.15	0	.5039357	.1955152	.3005491	0
785.15	0	.503554	.1959604	.3004855	0
784.15	0	.5031849	.1963914	.3004237	0
783.15	0	.5028277	.1968088	.3003635	0
782.15	0	.5024818	.1972133	.3003049	0
781.15	0	.5021468	.1976056	.3002477	0
780.15	0	.5018221	.1979861	.3001918	0
779.15	0	.5015072	.1983556	.3001372	0
778.15	0	.5012036	.1987129	.3000835	0
777.15	0	.5009069	.1990618	.3000313	0
776.15	0	.5006188	.1994009	.2999803	0
775.15	0	.5003388	.1997309	.2999303	0
774.15	0	.5000667	.2000519	.2998813	0
773.15	0	.4998022	.2003646	.2998333	0
772.15	0	.4995448	.2006691	.2997862	0
771.15	0	.4992943	.2009658	.2997399	0
770.15	0	.4990504	.2012552	.2996944	0
769.15	0	.4988129	.2015374	.2996497	0
768.15	0	.4985815	.2018128	.2996057	0
767.15	0	.4983559	.2020816	.2995625	0
766.15	0	.498136	.2023442	.2995199	0
765.15	0	.4979214	.2026007	.2994779	0
764.15	0	.497712	.2028514	.2994366	0
763.15	0	.4975076	.2030965	.2993958	0
762.15	0	.497308	.2033363	.2993556	0
761.15	0	.4971131	.203571	.299316	0
760.15	0	.4969225	.2038007	.2992768	0
759.15	0	.4967363	.2040256	.2992381	0
758.15	0	.4965542	.2042459	.2991999	0
757.15	0	.496376	.2044619	.2991621	0
756.15	0	.4962017	.2046735	.2991248	0
755.15	0	.4960311	.2048811	.2990878	0
754.15	0	.495864	.2050847	.2990512	0
753.15	0	.4957004	.2052845	.299015	0
752.15	0	.4955401	.2054807	.2989792	0
751.15	0	.495383	.2056733	.2989437	0
750.15	0	.495229	.2058625	.2989085	0
749.15	0	.495078	.2060484	.2988736	0
748.15	0	.4949299	.2062311	.298839	0
747.15	0	.4947845	.2064108	.2988047	0
746.15	0	.4946419	.2065875	.2987706	0
745.15	0	.4945018	.2067613	.2987369	0
744.15	0	.4943643	.2069324	.2987033	0
743.15	0	.4942292	.2071008	.29867	0
742.15	0	.4940965	.2072666	.2986369	0
741.15	0	.493966	.2074299	.2986041	0
740.15	0	.4938378	.2075908	.2985714	0
739.15	0	.4937117	.2077494	.2985389	0
738.15	0	.4935877	.2079057	.2985067	0
737.15	0	.4934657	.2080598	.2984746	0
736.15	0	.4933456	.2082118	.2984426	0
735.15	0	.4932274	.2083618	.2984109	0
734.15	0	.493111	.2085097	.2983792	0
733.15	0	.4929964	.2086558	.2983478	0
732.15	0	.4928836	.2088	.2983165	0
731.15	0	.4927723	.2089424	.2982853	0
730.15	0	.4926627	.2090831	.2982542	0
729.15	0	.4925547	.209222	.2982233	0
728.15	0	.4924482	.2093594	.2981925	0
727.15	0	.4923431	.2094951	.2981618	0
726.15	0	.4922395	.2096293	.2981312	0
725.15	0	.4921373	.2097621	.2981007	0
724.15	0	.4920364	.2098933	.2980703	0
723.15	0	.4919368	.2100232	.29804	0
722.15	0	.4918385	.2101517	.2980098	0
721.15	0	.4917414	.210279	.2979796	0
720.15	0	.4916456	.2104049	.2979496	0
719.15	0	.4915509	.2105296	.2979196	0
718.15	0	.4914573	.210653	.2978897	0
717.15	0	.4913649	.2107753	.2978598	0
716.15	0	.4912735	.2108965	.29783	0
715.15	0	.4911831	.2110166	.2978003	0
714.15	0	.4910938	.2111356	.2977706	0
713.15	0	.4910055	.2112535	.297741	0
712.15	0	.4909181	.2113705	.2977115	0
711.15	0	.4908316	.2114864	.2976819	0
710.15	0	.4907461	.2116014	.2976525	0
709.15	0	.4906614	.2117155	.297623	0
708.15	0	.4905776	.2118287	.2975936	0
707.15	0	.4904947	.211941	.2975643	0
706.15	0	.4904126	.2120525	.297535	0
705.15	0	.4903312	.2121631	.2975057	0
704.15	0	.4902507	.2122729	.2974764	0
703.15	0	.4901708	.212382	.2974472	0
702.15	0	.4900918	.2124902	.297418	0
701.15	0	.4900134	.2125978	.2973888	0
700.15	0	.4899358	.2127046	.2973597	0
699.15	0	.4898588	.2128107	.2973305	0
698.15	0	.4897825	.2129161	.2973014	0
697.15	0	.4897068	.2130209	.2972723	0
696.15	0	.4896318	.213125	.2972432	0
695.15	0	.4895574	.2132285	.2972141	0
694.15	0	.4894836	.2133314	.2971851	0
693.15	0	.4894103	.2134336	.297156	0
692.15	0	.4893377	.2135353	.297127	0
691.15	0	.4892656	.2136364	.2970979	0
690.15	0	.4891941	.213737	.2970689	0
689.15	0	.4891231	.213837	.2970399	0
688.15	0	.4890526	.2139365	.2970109	0
687.15	0	.4889826	.2140355	.2969818	0
686.15	0	.4889131	.214134	.2969528	0
685.15	0	.4888442	.214232	.2969238	0
684.15	0	.4887756	.2143296	.2968948	0
683.15	0	.4887076	.2144266	.2968658	0
682.15	0	.48864	.2145233	.2968368	0
681.15	0	.4885728	.2146194	.2968077	0
680.15	0	.4885061	.2147152	.2967787	0
679.15	0	.4884398	.2148105	.2967497	0
678.15	0	.488374	.2149054	.2967206	0
677.15	0	.4883085	.2149999	.2966916	0
676.15	0	.4882434	.215094	.2966626	0
675.15	0	.4881787	.2151878	.2966335	0
674.15	0	.4881144	.2152811	.2966044	0
673.15	0	.4880505	.2153742	.2965754	0
672.15	0	.4879869	.2154668	.2965463	0
671.15	0	.4879237	.2155591	.2965172	0
670.15	0	.4878609	.2156511	.2964881	0
669.15	0	.4877983	.2157427	.296459	0
668.15	0	.4877362	.215834	.2964299	0
667.15	0	.4876743	.215925	.2964008	0
666.15	0	.4876128	.2160156	.2963716	0
665.15	0	.4875516	.216106	.2963425	0
664.15	0	.4874907	.2161961	.2963133	0
663.15	0	.4874301	.2162858	.2962841	0
662.15	0	.4873698	.2163753	.2962549	0
661.15	0	.4873098	.2164645	.2962257	0
660.15	0	.48725	.2165535	.2961965	0
659.15	0	.4871906	.2166421	.2961673	0
658.15	0	.4871314	.2167305	.296138	0
657.15	0	.4870725	.2168187	.2961088	0
656.15	0	.4870139	.2169066	.2960795	0
655.15	0	.4869555	.2169942	.2960503	0
654.15	0	.4868974	.2170816	.296021	0
653.15	0	.4868396	.2171688	.2959916	0
652.15	0	.486782	.2172557	.2959623	0
651.15	0	.4867246	.2173424	.295933	0
650.15	0	.4866675	.2174289	.2959036	0
649.15	0	.4866106	.2175152	.2958743	0
648.15	0	.4865539	.2176012	.2958449	0
647.15	0	.4864975	.217687	.2958155	0
646.15	0	.4864413	.2177726	.2957861	0
645.15	0	.4863853	.217858	.2957567	0
644.15	0	.4863295	.2179432	.2957272	0
643.15	0	.486274	.2180283	.2956978	0
642.15	0	.4862186	.2181131	.2956683	0
641.15	0	.4861635	.2181977	.2956389	0
640.15	0	.4861085	.2182821	.2956094	0
639.15	0	.4860538	.2183664	.2955799	0
638.15	0	.4859992	.2184504	.2955504	0
637.15	0	.4859449	.2185343	.2955208	0
636.15	0	.4858907	.218618	.2954913	0
635.15	0	.4858367	.2187015	.2954617	0
634.15	0	.485783	.2187849	.2954322	0
633.15	0	.4857294	.2188681	.2954026	0
632.15	0	.4856759	.2189511	.295373	0
631.15	0	.4856227	.2190339	.2953434	0
630.15	0	.4855696	.2191166	.2953138	0
629.15	0	.4855167	.2191991	.2952842	0
628.15	0	.485464	.2192815	.2952545	0
627.15	0	.4854114	.2193637	.2952249	0
626.15	0	.485359	.2194458	.2951952	0
625.15	0	.4853068	.2195277	.2951655	0
624.15	0	.4852547	.2196094	.2951359	0
623.15	0	.4852028	.219691	.2951062	0
622.15	0	.4851511	.2197725	.2950764	0
621.15	0	.4850995	.2198538	.2950467	0
620.15	0	.4850481	.2199349	.295017	0
619.15	0	.4849968	.2200159	.2949873	0
618.15	0	.4849456	.2200968	.2949576	0
617.15	0	.4848946	.2201776	.2949278	0
616.15	0	.4848438	.2202581	.2948981	0
615.15	0	.4847931	.2203386	.2948683	0
614.15	0	.4847425	.2204189	.2948385	0
613.15	0	.4846921	.2204991	.2948088	0
612.15	0	.4846419	.2205792	.294779	0
611.15	0	.4845917	.2206591	.2947492	0
610.15	0	.4845418	.2207389	.2947194	0
609.15	0	.4844919	.2208185	.2946896	0
608.15	0	.4844422	.220898	.2946598	0
607.15	0	.4843926	.2209774	.29463	0
606.15	0	.4843432	.2210567	.2946002	0
605.15	0	.4842939	.2211358	.2945703	0
604.15	0	.4842447	.2212148	.2945405	0
603.15	0	.4841956	.2212937	.2945107	0
602.15	0	.4841467	.2213725	.2944809	0
601.15	0	.4840979	.2214511	.294451	0
600.15	0	.4840492	.2215296	.2944212	0
599.15	0	.4840007	.221608	.2943914	0
598.15	0	.4839522	.2216862	.2943615	0
597.15	0	.4839039	.2217644	.2943317	0
596.15	0	.4838558	.2218424	.2943019	0
595.15	0	.4838077	.2219203	.294272	0
594.15	0	.4837598	.2219981	.2942422	0
593.15	0	.4837119	.2220757	.2942123	0
592.15	0	.4836642	.2221533	.2941825	0
591.15	0	.4836167	.2222307	.2941527	0
590.15	0	.4835692	.222308	.2941228	0
589.15	0	.4835219	.2223851	.294093	0
588.15	0	.4834746	.2224622	.2940632	0
587.15	0	.4834275	.2225391	.2940334	0
586.15	0	.4833805	.222616	.2940036	0
585.15	0	.4833336	.2226927	.2939737	0
584.15	0	.4832868	.2227693	.2939439	0
583.15	0	.4832402	.2228457	.2939141	0
582.15	0	.4831936	.2229221	.2938843	0
581.15	0	.4831472	.2229983	.2938545	0
580.15	0	.4831008	.2230744	.2938248	0
579.15	0	.4830546	.2231504	.293795	0
578.15	0	.4830085	.2232263	.2937652	0
577.15	0	.4829625	.2233021	.2937354	0
576.15	0	.4829166	.2233777	.2937057	0
575.15	0	.4828708	.2234532	.293676	0
574.15	0	.4828251	.2235287	.2936462	0
573.15	0	.4827796	.2236039	.2936165	0
572.15	0	.4827341	.2236791	.2935868	0
571.15	0	.4826887	.2237542	.2935571	0
570.15	0	.4826435	.2238291	.2935274	0
569.15	0	.4825983	.223904	.2934977	0
568.15	0	.4825533	.2239787	.293468	0
567.15	0	.4825083	.2240533	.2934384	0
566.15	0	.4824635	.2241277	.2934088	0
565.15	0	.4824188	.2242021	.2933791	0
564.15	0	.4823741	.2242763	.2933495	0
563.15	0	.4823296	.2243505	.2933199	0
562.15	0	.4822852	.2244245	.2932904	0
561.15	0	.4822409	.2244984	.2932608	0
560.15	0	.4821966	.2245721	.2932312	0
559.15	0	.4821525	.2246458	.2932017	0
558.15	0	.4821085	.2247193	.2931722	0
557.15	0	.4820646	.2247927	.2931427	0
556.15	0	.4820208	.224866	.2931132	0
555.15	0	.4819771	.2249391	.2930838	0
554.15	0	.4819335	.2250122	.2930544	0
553.15	0	.4818899	.2250851	.2930249	0
552.15	0	.4818465	.2251579	.2929956	0
551.15	0	.4818032	.2252306	.2929662	0
550.15	0	.48176	.2253032	.2929368	0
549.15	0	.4817169	.2253756	.2929075	0
548.15	0	.4816739	.2254479	.2928782	0
547.15	0	.481631	.2255201	.2928489	0
546.15	0	.4815882	.2255922	.2928197	0
545.15	0	.4815454	.2256641	.2927904	0
544.15	0	.4815028	.225736	.2927612	0
543.15	0	.4814603	.2258077	.292732	0
542.15	0	.4814179	.2258792	.2927029	0
541.15	0	.4813756	.2259507	.2926738	0
540.15	0	.4813334	.226022	.2926447	0
539.15	0	.4812912	.2260932	.2926156	0
538.15	0	.4812492	.2261643	.2925865	0
537.15	0	.4812073	.2262352	.2925575	0
536.15	0	.4811655	.226306	.2925285	0
535.15	0	.4811237	.2263767	.2924996	0
534.15	0	.4810821	.2264473	.2924706	0
533.15	0	.4810406	.2265177	.2924417	0
532.15	0	.4809991	.226588	.2924129	0
531.15	0	.4809578	.2266582	.292384	0
530.15	0	.4809166	.2267282	.2923552	0
529.15	0	.4808754	.2267981	.2923265	0
528.15	0	.4808344	.2268679	.2922977	0
527.15	0	.4807934	.2269375	.292269	0
526.15	0	.4807526	.2270071	.2922404	0
525.15	0	.4807118	.2270764	.2922117	0
524.15	0	.4806712	.2271457	.2921831	0
523.15	0	.4806306	.2272148	.2921546	0
522.15	0	.4805902	.2272838	.292126	0
521.15	0	.4805498	.2273526	.2920976	0
520.15	0	.4805097	.2274213	.292069	0
519.15	0	.4804695	.2274899	.2920406	0
518.15	0	.4804295	.2275583	.2920122	0
517.15	0	.4803895	.2276266	.2919839	0
516.15	0	.4803496	.2276948	.2919556	0
515.15	0	.4803099	.2277628	.2919273	0
514.15	0	.4802702	.2278307	.2918991	0
513.15	0	.4802306	.2278984	.2918709	0
512.15	0	.4801911	.227966	.2918428	0
511.15	0	.4801518	.2280335	.2918147	0
510.15	0	.4801125	.2281008	.2917867	0
509.15	0	.4800733	.228168	.2917587	0
508.15	0	.4800342	.2282351	.2917307	0
507.15	0	.4799952	.228302	.2917028	0
506.15	0	.4799563	.2283687	.2916749	0
505.15	0	.4799176	.2284353	.2916471	0
504.15	0	.4798789	.2285018	.2916193	0
503.15	0	.4798403	.2285681	.2915916	0
502.15	0	.4798018	.2286343	.2915639	0
501.15	0	.4797634	.2287003	.2915363	0
500.15	0	.4797251	.2287662	.2915087	0
499.15	0	.4796869	.2288319	.2914812	0
498.15	0	.4796488	.2288975	.2914537	0
497.15	0	.4796108	.2289629	.2914262	0
496.15	0	.4795729	.2290282	.2913989	0
495.15	0	.4795351	.2290934	.2913715	0
494.15	0	.4794974	.2291583	.2913442	0
493.15	0	.4794598	.2292232	.291317	0
492.15	0	.4794223	.2292879	.2912898	0
491.15	0	.4793849	.2293524	.2912627	0
490.15	0	.4793476	.2294168	.2912356	0
489.15	0	.4793104	.229481	.2912086	0
488.15	0	.4792733	.2295451	.2911816	0
487.15	0	.4792363	.229609	.2911547	0
486.15	0	.4791994	.2296728	.2911279	0
485.15	0	.4791626	.2297364	.2911011	0
484.15	0	.4791259	.2297998	.2910743	0
483.15	0	.4790893	.2298631	.2910476	0
482.15	0	.4790527	.2299263	.291021	0
481.15	0	.4790164	.2299892	.2909944	0
480.15	0	.47898	.2300521	.2909679	0
479.15	0	.4789438	.2301147	.2909414	0
478.15	0	.4789077	.2301772	.2909151	0
477.15	0	.4788717	.2302395	.2908887	0
476.15	0	.4788358	.2303017	.2908625	0
475.15	0	.4788	.2303637	.2908362	0
474.15	0	.4787643	.2304256	.2908101	0
473.15	0	.4787287	.2304873	.290784	0
472.15	0	.4786932	.2305488	.2907579	0
471.15	0	.4786578	.2306102	.290732	0
470.15	0	.4786225	.2306714	.2907061	0
469.15	0	.4785873	.2307324	.2906802	0
468.15	0	.4785522	.2307933	.2906545	0
467.15	0	.4785173	.230854	.2906288	0
466.15	0	.4784824	.2309145	.2906031	0
465.15	0	.4784476	.2309749	.2905775	0
464.15	0	.4784129	.2310351	.290552	0
463.15	0	.4783783	.2310951	.2905266	0
462.15	0	.4783438	.231155	.2905012	0
461.15	0	.4783094	.2312147	.2904759	0
460.15	0	.4782751	.2312742	.2904506	0
459.15	0	.478241	.2313336	.2904255	0
458.15	0	.4782069	.2313928	.2904004	0
457.15	0	.4781729	.2314518	.2903753	0
456.15	0	.4781391	.2315106	.2903503	0
455.15	0	.4781053	.2315693	.2903254	0
454.15	0	.4780716	.2316278	.2903006	0
453.15	0	.4780381	.2316861	.2902759	0
452.15	0	.4780046	.2317442	.2902512	0
451.15	0	.4779713	.2318022	.2902266	0
450.15	0	.477938	.23186	.290202	0
449.15	0	.4779049	.2319176	.2901776	0
448.15	0	.4778719	.2319749	.2901532	0
447.15	0	.477839	.2320321	.2901289	0
446.15	0	.4778062	.2320892	.2901047	0
445.15	0	.4777735	.232146	.2900805	0
444.15	0	.4777409	.2322026	.2900565	0
443.15	0	.4777085	.232259	.2900325	0
442.15	0	.4776762	.2323152	.2900086	0
441.15	0	.477644	.2323712	.2899848	0
440.15	0	.4776119	.232427	.2899611	0
439.15	0	.47758	.2324826	.2899374	0
438.15	0	.4775482	.232538	.2899139	0
437.15	0	.4775165	.2325931	.2898904	0
436.15	0	.4774849	.232648	.2898671	0
435.15	0	.4774535	.2327027	.2898438	0
434.15	0	.4774223	.2327571	.2898206	0
433.15	0	.4773911	.2328113	.2897976	0
432.15	0	.4773601	.2328653	.2897746	0
431.15	0	.4773293	.232919	.2897517	0
430.15	0	.4772986	.2329725	.2897289	0
429.15	0	.477268	.2330258	.2897062	0
428.15	0	.4772376	.2330788	.2896837	0
427.15	0	.4772073	.2331315	.2896612	0
426.15	0	.4771771	.2331841	.2896388	0
425.15	0	.4771472	.2332363	.2896165	0
424.15	0	.4771173	.2332883	.2895944	0
423.15	0	.4770876	.2333401	.2895723	0
422.15	0	.4770581	.2333916	.2895503	0
421.15	0	.4770287	.2334429	.2895285	0
420.15	0	.4769995	.2334938	.2895067	0
419.15	0	.4769704	.2335446	.2894851	0
418.15	0	.4769414	.2335951	.2894635	0
417.15	0	.4769126	.2336453	.2894421	0
416.15	0	.476884	.2336953	.2894208	0
415.15	0	.4768555	.233745	.2893996	0
414.15	0	.4768271	.2337944	.2893785	0
413.15	0	.4767989	.2338436	.2893575	0
412.15	0	.4767709	.2338926	.2893366	0
411.15	0	.476743	.2339412	.2893158	0
