T	 BPW(LIQUID)	BPW(BCC_A2)	BPW(FCC_A1)	BPW(LAVES_PHASE_C14)	BPW(NI3TI)
1473.15	0	1	0	0	0
1472.15	0	1	0	0	0
1471.15	0	1	0	0	0
1470.15	0	1	0	0	0
1469.15	0	1	0	0	0
1468.15	0	1	0	0	0
1467.15	0	1	0	0	0
1466.15	0	1	0	0	0
1465.15	0	1	0	0	0
1464.15	0	1	0	0	0
1463.15	0	1	0	0	0
1462.15	0	1	0	0	0
1461.15	0	1	0	0	0
1460.15	0	1	0	0	0
1459.15	0	1	0	0	0
1458.15	0	1	0	0	0
1457.15	0	1	0	0	0
1456.15	0	1	0	0	0
1455.15	0	1	0	0	0
1454.15	0	1	0	0	0
1453.15	0	1	0	0	0
1452.15	0	1	0	0	0
1451.15	0	1	0	0	0
1450.15	0	1	0	0	0
1449.15	0	1	0	0	0
1448.15	0	1	0	0	0
1447.15	0	1	0	0	0
1446.15	0	1	0	0	0
1445.15	0	1	0	0	0
1444.15	0	1	0	0	0
1443.15	0	1	0	0	0
1442.15	0	1	0	0	0
1441.15	0	1	0	0	0
1440.15	0	1	0	0	0
1439.15	0	1	0	0	0
1438.15	0	1	0	0	0
1437.15	0	1	0	0	0
1436.15	0	1	0	0	0
1435.15	0	1	0	0	0
1434.15	0	1	0	0	0
1433.15	0	1	0	0	0
1432.15	0	1	0	0	0
1431.15	0	1	0	0	0
1430.15	0	1	0	0	0
1429.15	0	1	0	0	0
1428.15	0	1	0	0	0
1427.15	0	1	0	0	0
1426.15	0	1	0	0	0
1425.15	0	1	0	0	0
1424.15	0	1	0	0	0
1423.15	0	1	0	0	0
1422.15	0	1	0	0	0
1421.15	0	1	0	0	0
1420.15	0	1	0	0	0
1419.15	0	1	0	0	0
1418.15	0	1	0	0	0
1417.15	0	1	0	0	0
1416.15	0	1	0	0	0
1415.15	0	1	0	0	0
1414.15	0	1	0	0	0
1413.15	0	1	0	0	0
1412.15	0	1	0	0	0
1411.15	0	1	0	0	0
1410.15	0	1	0	0	0
1409.15	0	1	0	0	0
1408.15	0	1	0	0	0
1407.15	0	1	0	0	0
1406.15	0	1	0	0	0
1405.15	0	1	0	0	0
1404.15	0	1	0	0	0
1403.15	0	1	0	0	0
1402.15	0	1	0	0	0
1401.15	0	1	0	0	0
1400.15	0	1	0	0	0
1399.15	0	1	0	0	0
1398.15	0	1	0	0	0
1397.15	0	1	0	0	0
1396.15	0	1	0	0	0
1395.15	0	1	0	0	0
1394.15	0	1	0	0	0
1393.15	0	1	0	0	0
1392.15	0	1	0	0	0
1391.15	0	1	0	0	0
1390.15	0	1	0	0	0
1389.15	0	1	0	0	0
1388.15	0	1	0	0	0
1387.15	0	1	0	0	0
1386.15	0	1	0	0	0
1385.15	0	1	0	0	0
1384.15	0	1	0	0	0
1383.15	0	1	0	0	0
1382.15	0	1	0	0	0
1381.15	0	1	0	0	0
1380.15	0	1	0	0	0
1379.15	0	1	0	0	0
1378.15	0	1	0	0	0
1377.15	0	1	0	0	0
1376.15	0	1	0	0	0
1375.15	0	1	0	0	0
1374.15	0	1	0	0	0
1373.15	0	1	0	0	0
1372.15	0	1	0	0	0
1371.15	0	1	0	0	0
1370.15	0	1	0	0	0
1369.15	0	1	0	0	0
1368.15	0	1	0	0	0
1367.15	0	1	0	0	0
1366.15	0	1	0	0	0
1365.15	0	1	0	0	0
1364.15	0	1	0	0	0
1363.15	0	1	0	0	0
1362.15	0	1	0	0	0
1361.15	0	1	0	0	0
1360.15	0	1	0	0	0
1359.15	0	1	0	0	0
1358.15	0	1	0	0	0
1357.15	0	1	0	0	0
1356.15	0	1	0	0	0
1355.15	0	1	0	0	0
1354.15	0	1	0	0	0
1353.15	0	1	0	0	0
1352.15	0	1	0	0	0
1351.15	0	1	0	0	0
1350.15	0	1	0	0	0
1349.15	0	1	0	0	0
1348.15	0	1	0	0	0
1347.15	0	1	0	0	0
1346.15	0	1	0	0	0
1345.15	0	1	0	0	0
1344.15	0	1	0	0	0
1343.15	0	1	0	0	0
1342.15	0	1	0	0	0
1341.15	0	1	0	0	0
1340.15	0	1	0	0	0
1339.15	0	1	0	0	0
1338.15	0	1	0	0	0
1337.15	0	1	0	0	0
1336.15	0	1	0	0	0
1335.15	0	1	0	0	0
1334.15	0	1	0	0	0
1333.15	0	1	0	0	0
1332.15	0	1	0	0	0
1331.15	0	1	0	0	0
1330.15	0	1	0	0	0
1329.15	0	1	0	0	0
1328.15	0	1	0	0	0
1327.15	0	1	0	0	0
1326.15	0	1	0	0	0
1325.15	0	1	0	0	0
1324.15	0	1	0	0	0
1323.15	0	1	0	0	0
1322.15	0	1	0	0	0
1321.15	0	1	0	0	0
1320.15	0	1	0	0	0
1319.15	0	1	0	0	0
1318.15	0	1	0	0	0
1317.15	0	1	0	0	0
1316.15	0	1	0	0	0
1315.15	0	1	0	0	0
1314.15	0	1	0	0	0
1313.15	0	1	0	0	0
1312.15	0	1	0	0	0
1311.15	0	1	0	0	0
1310.15	0	1	0	0	0
1309.15	0	1	0	0	0
1308.15	0	1	0	0	0
1307.15	0	1	0	0	0
1306.15	0	1	0	0	0
1305.15	0	1	0	0	0
1304.15	0	1	0	0	0
1303.15	0	1	0	0	0
1302.15	0	1	0	0	0
1301.15	0	1	0	0	0
1300.15	0	1	0	0	0
1299.15	0	1	0	0	0
1298.15	0	1	0	0	0
1297.15	0	1	0	0	0
1296.15	0	1	0	0	0
1295.15	0	1	0	0	0
1294.15	0	1	0	0	0
1293.15	0	1	0	0	0
1292.15	0	1	0	0	0
1291.15	0	1	0	0	0
1290.15	0	1	0	0	0
1289.15	0	1	0	0	0
1288.15	0	1	0	0	0
1287.15	0	1	0	0	0
1286.15	0	1	0	0	0
1285.15	0	1	0	0	0
1284.15	0	1	0	0	0
1283.15	0	1	0	0	0
1282.15	0	1	0	0	0
1281.15	0	1	0	0	0
1280.15	0	1	0	0	0
1279.15	0	1	0	0	0
1278.15	0	1	0	0	0
1277.15	0	1	0	0	0
1276.15	0	1	0	0	0
1275.15	0	1	0	0	0
1274.15	0	1	0	0	0
1273.15	0	1	0	0	0
1272.15	0	1	0	0	0
1271.15	0	1	0	0	0
1270.15	0	1	0	0	0
1269.15	0	1	0	0	0
1268.15	0	1	0	0	0
1267.15	0	1	0	0	0
1266.15	0	1	0	0	0
1265.15	0	1	0	0	0
1264.15	0	1	0	0	0
1263.15	0	1	0	0	0
1262.15	0	1	0	0	0
1261.15	0	1	0	0	0
1260.15	0	1	0	0	0
1259.15	0	1	0	0	0
1258.15	0	1	0	0	0
1257.15	0	1	0	0	0
1256.15	0	1	0	0	0
1255.15	0	1	0	0	0
1254.15	0	1	0	0	0
1253.15	0	1	0	0	0
1252.15	0	1	0	0	0
1251.15	0	1	0	0	0
1250.15	0	1	0	0	0
1249.15	0	1	0	0	0
1248.15	0	1	0	0	0
1247.15	0	1	0	0	0
1246.15	0	1	0	0	0
1245.15	0	1	0	0	0
1244.15	0	1	0	0	0
1243.15	0	1	0	0	0
1242.15	0	1	0	0	0
1241.15	0	1	0	0	0
1240.15	0	1	0	0	0
1239.15	0	1	0	0	0
1238.15	0	1	0	0	0
1237.15	0	1	0	0	0
1236.15	0	1	0	0	0
1235.15	0	1	0	0	0
1234.15	0	1	0	0	0
1233.15	0	1	0	0	0
1232.15	0	1	0	0	0
1231.15	0	1	0	0	0
1230.15	0	1	0	0	0
1229.15	0	1	0	0	0
1228.15	0	1	0	0	0
1227.15	0	1	0	0	0
1226.15	0	1	0	0	0
1225.15	0	1	0	0	0
1224.395	0	1	0	0	0
1224.395	0	1	0	0	0
1224.395	0	1	0	0	0
1224.15	0	.9998614	0	1.386409E-04	0
1223.15	0	.9992971	0	7.028912E-04	0
1222.15	0	.998734	0	.001265969	0
1221.15	0	.9981721	0	.001827876	0
1220.15	0	.9976114	0	.002388616	0
1219.15	0	.9970518	0	.002948191	0
1218.15	0	.9964934	0	.003506606	0
1217.15	0	.9959361	0	.004063861	0
1216.15	0	.99538	0	.004619962	0
1215.15	0	.9948251	0	.005174909	0
1214.15	0	.9942713	0	.005728707	0
1213.15	0	.9937186	0	.006281358	0
1212.15	0	.9931671	0	.006832865	0
1211.15	0	.9926168	0	.00738323	0
1210.15	0	.9920675	0	.007932457	0
1209.15	0	.9915195	0	.008480548	0
1208.15	0	.9909725	0	.009027507	0
1207.15	0	.9904267	0	.009573335	0
1206.15	0	.989882	0	.01011804	0
1205.15	0	.9893384	0	.01066161	0
1204.15	0	.9887959	0	.01120407	0
1203.15	0	.9882546	0	.0117454	0
1202.15	0	.9877144	0	.01228562	0
1201.15	0	.9871753	0	.01282472	0
1200.15	0	.9866373	0	.01336272	0
1199.15	0	.9861004	0	.0138996	0
1198.15	0	.9855646	0	.01443538	0
1197.15	0	.9850299	0	.01497006	0
1196.15	0	.9844964	0	.01550364	0
1195.15	0	.9839639	0	.01603612	0
1194.15	0	.9834325	0	.0165675	0
1193.15	0	.9829022	0	.01709779	0
1192.15	0	.982373	0	.01762699	0
1191.15	0	.9818449	0	.0181551	0
1190.15	0	.9813179	0	.01868213	0
1189.15	0	.9807919	0	.01920808	0
1188.15	0	.9802671	0	.01973294	0
1187.15	0	.9797433	0	.02025673	0
1186.15	0	.9792205	0	.02077945	0
1185.15	0	.9786989	0	.02130109	0
1184.15	0	.9781783	0	.02182167	0
1183.15	0	.9776588	0	.02234117	0
1182.15	0	.9771404	0	.02285961	0
1181.15	0	.976623	0	.02337699	0
1180.15	0	.9761067	0	.02389331	0
1179.15	0	.9755914	0	.02440857	0
1178.15	0	.9750772	0	.02492278	0
1177.15	0	.9745641	0	.02543593	0
1176.15	0	.974052	0	.02594804	0
1175.15	0	.9735409	0	.0264591	0
1174.15	0	.9730309	0	.02696911	0
1173.15	0	.9725219	0	.02747808	0
1172.15	0	.972014	0	.02798601	0
1171.15	0	.9715071	0	.0284929	0
1170.15	0	.9710013	0	.02899875	0
1169.15	0	.9704964	0	.02950357	0
1168.15	0	.9699926	0	.03000736	0
1167.15	0	.9694899	0	.03051012	0
1166.15	0	.9689881	0	.03101186	0
1165.15	0	.9684874	0	.03151257	0
1164.15	0	.9679877	0	.03201226	0
1163.15	0	.9674891	0	.03251093	0
1162.15	0	.9669914	0	.03300858	0
1161.15	0	.9664948	0	.03350522	0
1160.15	0	.9659992	0	.03400084	0
1159.15	0	.9655045	0	.03449546	0
1158.15	0	.9650109	0	.03498906	0
1157.15	0	.9645183	0	.03548166	0
1156.15	0	.9640268	0	.03597326	0
1155.15	0	.9635362	0	.03646385	0
1154.15	0	.9630465	0	.03695346	0
1153.15	0	.9625579	0	.03744206	0
1152.15	0	.9620703	0	.03792966	0
1151.15	0	.9615837	0	.03841627	0
1150.15	0	.9610981	0	.03890189	0
1149.15	0	.9606135	0	.03938652	0
1148.15	0	.9601298	0	.03987016	0
1147.15	0	.9596472	0	.04035282	0
1146.15	0	.9591655	0	.04083449	0
1145.15	0	.9586848	0	.04131519	0
1144.15	0	.9582051	0	.04179491	0
1143.15	0	.9577264	0	.04227365	0
1142.15	0	.9572486	0	.04275141	0
1141.15	0	.9567718	0	.04322821	0
1140.15	0	.956296	0	.04370404	0
1139.15	0	.9558211	0	.04417889	0
1138.15	0	.9553472	0	.04465279	0
1137.15	0	.9548743	0	.04512571	0
1136.15	0	.9544023	0	.04559768	0
1135.15	0	.9539313	0	.04606869	0
1134.15	0	.9534613	0	.04653874	0
1133.15	0	.9529922	0	.04700783	0
1132.15	0	.952524	0	.04747597	0
1131.15	0	.9520568	0	.04794316	0
1130.15	0	.9515906	0	.0484094	0
1129.15	0	.9511253	0	.04887469	0
1128.15	0	.950661	0	.04933904	0
1127.15	0	.9501976	0	.04980244	0
1126.15	0	.9497351	0	.0502649	0
1125.15	0	.9492736	0	.05072642	0
1124.15	0	.948813	0	.05118701	0
1123.15	0	.9483534	0	.05164665	0
1122.15	0	.9478946	0	.05210536	0
1121.15	0	.9474369	0	.05256314	0
1120.15	0	.94698	0	.05301999	0
1119.15	0	.9465241	0	.05347591	0
1118.15	0	.9460691	0	.05393091	0
1117.15	0	.945615	0	.05438498	0
1116.15	0	.9451619	0	.05483812	0
1115.15	0	.9447097	0	.05529035	0
1114.15	0	.9442584	0	.05574166	0
1113.15	0	.943808	0	.05619204	0
1112.15	0	.9433585	0	.05664152	0
1111.15	0	.9429099	0	.05709008	0
1110.15	0	.9424623	0	.05753772	0
1109.15	0	.9420155	0	.05798446	0
1108.15	0	.9415697	0	.05843028	0
1107.15	0	.9411248	0	.05887521	0
1106.15	0	.9406808	0	.05931922	0
1105.15	0	.9402377	0	.05976233	0
1104.15	0	.9397955	0	.06020455	0
1103.15	0	.9393541	0	.06064586	0
1102.15	0	.9389137	0	.06108627	0
1101.15	0	.9384742	0	.06152579	0
1100.15	0	.9380356	0	.06196441	0
1099.15	0	.9375979	0	.06240214	0
1098.15	0	.937161	0	.06283898	0
1097.15	0	.9367251	0	.06327493	0
1096.15	0	.93629	0	.06370999	0
1095.15	0	.9358558	0	.06414417	0
1094.15	0	.9354225	0	.06457745	0
1093.15	0	.9349901	0	.06500986	0
1092.15	0	.9345586	0	.06544139	0
1091.15	0	.934128	0	.06587204	0
1090.15	0	.9336982	0	.06630181	0
1089.15	0	.9332693	0	.0667307	0
1088.15	0	.9328413	0	.06715872	0
1087.15	0	.9324141	0	.06758586	0
1086.15	0	.9319879	0	.06801213	0
1085.15	0	.9315625	0	.06843754	0
1084.15	0	.9311379	0	.06886207	0
1083.15	0	.9307143	0	.06928574	0
1082.15	0	.9302915	0	.06970854	0
1081.15	0	.9298695	0	.07013048	0
1080.15	0	.9294484	0	.07055156	0
1079.15	0	.9290282	0	.07097178	0
1078.15	0	.9286089	0	.07139114	0
1077.15	0	.9281904	0	.07180964	0
1076.15	0	.9277727	0	.07222728	0
1075.15	0	.9273559	0	.07264407	0
1074.15	0	.92694	0	.07306001	0
1073.15	0	.9265249	0	.0734751	0
1072.15	0	.9261107	0	.07388933	0
1071.15	0	.9256973	0	.07430272	0
1070.15	0	.9252847	0	.07471526	0
1069.15	0	.924873	0	.07512696	0
1068.15	0	.9244622	0	.07553781	0
1067.15	0	.9240522	0	.07594782	0
1066.15	0	.923643	0	.07635698	0
1065.15	0	.9232347	0	.07676531	0
1064.15	0	.9228272	0	.0771728	0
1063.15	0	.9224205	0	.07757946	0
1062.15	0	.9220147	0	.07798527	0
1061.15	0	.9216097	0	.07839026	0
1060.15	0	.9212056	0	.07879441	0
1059.15	0	.9208023	0	.07919773	0
1058.15	0	.9203998	0	.07960022	0
1057.15	0	.9199981	0	.08000188	0
1056.15	0	.9195973	0	.08040271	0
1055.15	0	.9191973	0	.08080272	0
1054.15	0	.9187981	0	.08120191	0
1053.15	0	.9183997	0	.08160027	0
1052.15	0	.9180022	0	.08199781	0
1051.15	0	.9176055	0	.08239453	0
1050.15	0	.9172096	0	.08279043	0
1049.15	0	.9168145	0	.08318552	0
1048.15	0	.9164202	0	.08357978	0
1047.15	0	.9160268	0	.08397324	0
1046.15	0	.9156341	0	.08436587	0
1045.15	0	.9152423	0	.0847577	0
1044.15	0	.9148513	0	.08514872	0
1043.15	0	.9144611	0	.08553892	0
1042.15	0	.9140717	0	.08592832	0
1041.15	0	.9136831	0	.08631691	0
1040.15	0	.9132953	0	.08670469	0
1039.15	0	.9129083	0	.08709167	0
1038.15	0	.9125222	0	.08747785	0
1037.15	0	.9121368	0	.08786322	0
1036.15	0	.9117522	0	.08824779	0
1035.15	0	.9113684	0	.08863157	0
1034.15	0	.9109855	0	.08901454	0
1033.15	0	.9106033	0	.08939672	0
1032.15	0	.9102219	0	.0897781	0
1031.15	0	.9098413	0	.09015869	0
1030.15	0	.9094615	0	.09053848	0
1029.15	0	.9090825	0	.09091748	0
1028.15	0	.9087043	0	.09129569	0
1027.15	0	.9083269	0	.0916731	0
1026.15	0	.9079503	0	.09204973	0
1025.15	0	.9075744	0	.09242558	0
1024.15	0	.9071994	0	.09280063	0
1023.15	0	.9068251	0	.0931749	0
1022.15	0	.9064516	0	.09354838	0
1021.15	0	.9060789	0	.09392109	0
1020.15	0	.905707	0	.09429301	0
1019.15	0	.9053359	0	.09466415	0
1018.15	0	.9049655	0	.0950345	0
1017.15	0	.9045959	0	.09540409	0
1016.15	0	.9042271	0	.09577289	0
1015.15	0	.9038591	0	.09614092	0
1014.15	0	.9034918	0	.09650817	0
1013.15	0	.9031254	0	.09687464	0
1012.15	0	.9027597	0	.09724035	0
1011.15	0	.9023947	0	.09760528	0
1010.15	0	.9020306	0	.09796944	0
1009.15	0	.9016672	0	.09833283	0
1008.15	0	.9013046	0	.09869545	0
1007.15	0	.9009427	0	.0990573	0
1006.15	0	.9005816	0	.09941839	0
1005.15	0	.9002213	0	.09977871	0
1004.15	0	.8998617	0	.1001383	0
1003.15	0	.8995029	0	.1004971	0
1002.15	0	.8991449	0	.1008551	0
1001.15	0	.8987876	0	.1012124	0
1000.15	0	.8984311	0	.1015689	0
999.15	0	.8980754	0	.1019246	0
998.15	0	.8977204	0	.1022796	0
997.15	0	.8973662	0	.1026338	0
996.15	0	.8970127	0	.1029873	0
995.15	0	.89666	0	.10334	0
994.15	0	.896308	0	.103692	0
993.15	0	.8959568	0	.1040432	0
992.15	0	.8956063	0	.1043937	0
991.15	0	.8952566	0	.1047434	0
990.15	0	.8949077	0	.1050923	0
989.15	0	.8945595	0	.1054405	0
988.15	0	.894212	0	.105788	0
987.15	0	.8938653	0	.1061347	0
986.15	0	.8935194	0	.1064806	0
985.15	0	.8931741	0	.1068259	0
984.15	0	.8928297	0	.1071703	0
983.15	0	.892486	0	.1075141	0
982.15	0	.892143	0	.107857	0
981.15	0	.8918007	0	.1081993	0
980.15	0	.8914592	0	.1085408	0
979.15	0	.8911185	0	.1088815	0
978.15	0	.8907785	0	.1092215	0
977.15	0	.8904392	0	.1095608	0
976.15	0	.8901006	0	.1098994	0
975.15	0	.8897628	0	.1102372	0
974.15	0	.8894258	0	.1105742	0
973.15	0	.8890895	0	.1109106	0
972.15	0	.8887539	0	.1112461	0
971.15	0	.888419	0	.111581	0
970.15	0	.8880849	0	.1119151	0
969.15	0	.8877515	0	.1122485	0
968.15	0	.8874188	0	.1125812	0
967.15	0	.8870869	0	.1129131	0
966.15	0	.8867557	0	.1132443	0
965.15	0	.8864252	0	.1135748	0
964.15	0	.8860955	0	.1139045	0
963.15	0	.8857664	0	.1142336	0
962.15	0	.8854382	0	.1145619	0
961.15	0	.8851106	0	.1148894	0
960.15	0	.8847837	0	.1152163	0
959.15	0	.8844576	0	.1155424	0
958.15	0	.8841322	0	.1158678	0
957.15	0	.8838076	0	.1161925	0
956.15	0	.8834836	0	.1165164	0
955.3234	0	.8832164	0	.1167836	0
955.3234	0	.8832164	0	.1167836	0
955.3234	0	.8832164	0	.1167836	0
955.15	0	.8830527	1.18739E-04	.1168285	0
954.15	0	.8821104	8.025704E-04	.117087	0
953.15	0	.8811705	.00148506	.1173445	0
952.15	0	.8802329	.002166217	.1176009	0
951.15	0	.8792975	.002846052	.1178564	0
950.15	0	.8783646	.003524577	.1181109	0
949.15	0	.8774339	.0042018	.1183643	0
948.15	0	.8765055	.004877734	.1186168	0
947.15	0	.8755794	.005552389	.1188682	0
946.15	0	.8746555	.006225777	.1191187	0
945.15	0	.873734	.00689791	.1193681	0
944.15	0	.8728147	.0075688	.1196165	0
943.15	0	.8718977	.008238458	.1198639	0
942.15	0	.8709829	.008906898	.1201102	0
941.15	0	.8700703	.009574133	.1203555	0
940.15	0	.86916	.01024017	.1205998	0
939.15	0	.8682519	.01090504	.120843	0
938.15	0	.867346	.01156873	.1210852	0
937.15	0	.8664423	.01223128	.1213264	0
936.15	0	.8655408	.01289269	.1215665	0
935.15	0	.8646415	.01355298	.1218056	0
934.15	0	.8637443	.01421216	.1220436	0
933.15	0	.8628493	.01487024	.1222805	0
932.15	0	.8619564	.01552726	.1225164	0
931.15	0	.8610656	.01618321	.1227512	0
930.15	0	.860177	.01683812	.1229849	0
929.15	0	.8592904	.017492	.1232176	0
928.15	0	.858406	.01814487	.1234491	0
927.15	0	.8575236	.01879676	.1236796	0
926.15	0	.8566433	.01944766	.123909	0
925.15	0	.8557651	.02009762	.1241373	0
924.15	0	.8548889	.02074664	.1243645	0
923.15	0	.8540147	.02139474	.1245906	0
922.15	0	.8531425	.02204195	.1248155	0
921.15	0	.8522724	.02268827	.1250394	0
920.15	0	.8514042	.02333375	.1252621	0
919.15	0	.8505379	.02397839	.1254837	0
918.15	0	.8496736	.02462222	.1257041	0
917.15	0	.8488113	.02526526	.1259235	0
916.15	0	.8479508	.02590753	.1261416	0
915.15	0	.8470923	.02654906	.1263587	0
914.15	0	.8462356	.02718987	.1265745	0
913.15	0	.8453808	.02782998	.1267892	0
912.15	0	.8445278	.02846942	.1270028	0
911.15	0	.8436767	.02910822	.1272151	0
910.15	0	.8428273	.02974641	.1274263	0
909.15	0	.8419797	.030384	.1276363	0
908.15	0	.8411339	.03102103	.127845	0
907.15	0	.8402899	.03165752	.1280526	0
906.15	0	.8394475	.03229351	.128259	0
905.15	0	.8386069	.03292901	.1284641	0
904.15	0	.8377679	.03356408	.128668	0
903.15	0	.8369306	.03419873	.1288707	0
902.15	0	.8360949	.03483299	.1290722	0
901.15	0	.8352608	.03546691	.1292723	0
900.15	0	.8344282	.0361005	.1294713	0
899.15	0	.8335973	.03673381	.1296689	0
898.15	0	.8327678	.03736688	.1298653	0
897.15	0	.8319399	.03799973	.1300604	0
896.15	0	.8311134	.03863241	.1302542	0
895.15	0	.8302883	.03926494	.1304467	0
894.15	0	.8294647	.03989738	.1306379	0
893.15	0	.8286425	.04052976	.1308278	0
892.15	0	.8278216	.04116211	.1310163	0
891.15	0	.827002	.04179449	.1312035	0
890.15	0	.8261837	.04242693	.1313894	0
889.15	0	.8253666	.04305948	.1315739	0
888.15	0	.8245508	.04369218	.131757	0
887.15	0	.8237362	.04432507	.1319387	0
886.15	0	.8229227	.04495821	.1321191	0
885.15	0	.8221103	.04559165	.132298	0
884.15	0	.821299	.04622542	.1324756	0
883.15	0	.8204888	.04685958	.1326517	0
882.15	0	.8196795	.04749418	.1328263	0
881.15	0	.8188712	.04812929	.1329995	0
880.15	0	.8180638	.04876494	.1331713	0
879.15	0	.8172573	.04940119	.1333415	0
878.15	0	.8164516	.05003811	.1335103	0
877.15	0	.8156467	.05067575	.1336776	0
876.15	0	.8148425	.05131417	.1338433	0
875.15	0	.814039	.05195344	.1340076	0
874.15	0	.8132361	.05259361	.1341703	0
873.15	0	.8124339	.05323475	.1343314	0
872.15	0	.8116322	.05387693	.1344909	0
871.15	0	.8108309	.05452022	.1346489	0
870.15	0	.8100301	.05516469	.1348052	0
869.15	0	.8092297	.0558104	.1349599	0
868.15	0	.8084296	.05645744	.135113	0
867.15	0	.8076297	.05710589	.1352644	0
866.15	0	.8068301	.05775581	.1354141	0
865.15	0	.8060306	.05840729	.1355622	0
864.15	0	.8052311	.05906042	.1357085	0
863.15	0	.8044317	.05971527	.1358531	0
862.15	0	.8036321	.06037195	.1359959	0
861.15	0	.8028325	.06103054	.136137	0
860.15	0	.8020326	.06169112	.1362762	0
859.15	0	.8012325	.06235381	.1364137	0
858.15	0	.800432	.0630187	.1365493	0
857.15	0	.7996311	.06368589	.1366831	0
856.15	0	.7988296	.06435548	.1368149	0
855.15	0	.7980275	.0650276	.1369449	0
854.15	0	.7972248	.06570234	.1370729	0
853.15	0	.7964212	.06637983	.1371989	0
852.15	0	.7956168	.06706018	.137323	0
851.15	0	.7948114	.06774353	.1374451	0
850.15	0	.794005	.06843	.1375651	0
849.15	0	.7931973	.06911971	.137683	0
848.15	0	.7923884	.06981282	.1377988	0
847.15	0	.791578	.07050947	.1379125	0
846.15	0	.7907662	.07120979	.138024	0
845.15	0	.7899527	.07191395	.1381333	0
844.15	0	.7891375	.07262211	.1382404	0
843.15	0	.7883204	.07333443	.1383452	0
842.15	0	.7875013	.07405107	.1384476	0
841.15	0	.78668	.07477223	.1385477	0
840.15	0	.7858565	.07549809	.1386455	0
839.15	0	.7850305	.07622883	.1387407	0
838.15	0	.7842018	.07696467	.1388335	0
837.15	0	.7833704	.07770581	.1389238	0
836.15	0	.7825361	.07845247	.1390114	0
835.15	0	.7816987	.07920488	.1390965	0
834.15	0	.7808579	.07996329	.1391788	0
833.15	0	.7800137	.08072793	.1392584	0
832.15	0	.7791657	.08149908	.1393352	0
831.15	0	.7783139	.08227701	.1394091	0
830.15	0	.7774579	.083062	.1394801	0
829.15	0	.7765975	.08385436	.1395482	0
828.15	0	.7757325	.08465442	.1396131	0
827.15	0	.7748626	.08546249	.1396749	0
826.15	0	.7739876	.08627895	.1397335	0
825.15	0	.7731071	.08710415	.1397887	0
824.15	0	.7722209	.0879385	.1398406	0
823.15	0	.7713286	.08878241	.139889	0
822.15	0	.7704298	.08963632	.1399339	0
821.15	0	.7695243	.0905007	.139975	0
820.15	0	.7686116	.09137604	.1400123	0
819.15	0	.7676914	.09226288	.1400457	0
818.15	0	.7667631	.09316178	.1400751	0
817.15	0	.7658263	.09407333	.1401003	0
816.15	0	.7648806	.09499819	.1401212	0
815.15	0	.7639253	.09593703	.1401376	0
814.15	0	.76296	.0968906	.1401494	0
813.15	0	.7619839	.09785969	.1401564	0
812.15	0	.7609965	.09884515	.1401584	0
811.15	0	.7599969	.09984792	.1401552	0
810.15	0	.7589845	.100869	.1401465	0
809.15	0	.7579584	.1019094	.1401322	0
808.15	0	.7569176	.1029705	.140112	0
807.15	0	.7558611	.1040533	.1400855	0
806.15	0	.7547879	.1051595	.1400526	0
805.15	0	.7536968	.1062905	.1400128	0
804.15	0	.7525863	.107448	.1399657	0
803.15	0	.751455	.108634	.139911	0
802.15	0	.7503013	.1098505	.1398482	0
801.15	0	.7484774	.1118775	.1396451	0
800.15	0	.7465869	.1139916	.1394214	0
799.15	0	.7447821	.1160095	.1392084	0
798.15	0	.7430563	.1179385	.1390052	0
797.15	0	.7414036	.1197853	.1388111	0
796.15	0	.7398189	.1215557	.1386254	0
795.15	0	.7382972	.1232552	.1384476	0
794.15	0	.7368344	.1248885	.1382771	0
793.15	0	.7354266	.1264601	.1381133	0
792.15	0	.7340702	.1279738	.137956	0
791.15	0	.7327621	.1294334	.1378045	0
790.15	0	.7314993	.1308422	.1376586	0
789.15	0	.7302791	.132203	.1375179	0
788.15	0	.7290991	.1335188	.1373821	0
787.15	0	.7279583	.1347911	.1372506	0
786.15	0	.7268521	.1360242	.1371237	0
785.15	0	.7257797	.1372193	.137001	0
784.15	0	.7247396	.1383784	.136882	0
783.15	0	.72373	.1395033	.1367667	0
782.15	0	.7227495	.1405957	.1366548	0
781.15	0	.7217965	.1416573	.1365462	0
780.15	0	.7208698	.1426896	.1364406	0
779.15	0	.7199682	.1436939	.136338	0
778.15	0	.7190905	.1446715	.1362381	0
777.15	0	.7182356	.1456237	.1361408	0
776.15	0	.7174025	.1465516	.136046	0
775.15	0	.7165902	.1474562	.1359536	0
774.15	0	.715798	.1483386	.1358634	0
773.15	0	.7150248	.1491998	.1357753	0
772.15	0	.7142701	.1500406	.1356893	0
771.15	0	.7135329	.1508618	.1356053	0
770.15	0	.7128126	.1516643	.1355231	0
769.15	0	.7121086	.1524487	.1354426	0
768.15	0	.7114202	.1532159	.1353639	0
767.15	0	.7107469	.1539664	.1352867	0
766.15	0	.7100879	.1547009	.1352112	0
765.15	0	.7094429	.15542	.135137	0
764.15	0	.7088114	.1561243	.1350643	0
763.15	0	.7081928	.1568143	.1349929	0
762.15	0	.7075866	.1574905	.1349228	0
761.15	0	.7069925	.1581535	.134854	0
760.15	0	.7064101	.1588036	.1347863	0
759.15	0	.7058389	.1594413	.1347198	0
758.15	0	.7052786	.1600671	.1346543	0
757.15	0	.7047288	.1606813	.1345899	0
756.15	0	.7041891	.1612844	.1345265	0
755.15	0	.7036593	.1618766	.134464	0
754.15	0	.7031391	.1624584	.1344025	0
753.15	0	.702628	.1630301	.1343418	0
752.15	0	.702126	.163592	.134282	0
751.15	0	.7016325	.1641444	.134223	0
750.15	0	.7011475	.1646876	.1341648	0
749.15	0	.7006707	.1652219	.1341074	0
748.15	0	.7002018	.1657476	.1340506	0
747.15	0	.6997406	.1662648	.1339946	0
746.15	0	.6992868	.166774	.1339392	0
745.15	0	.6988403	.1672752	.1338845	0
744.15	0	.6984008	.1677688	.1338304	0
743.15	0	.6979682	.1682549	.1337769	0
742.15	0	.6975423	.1687338	.1337239	0
741.15	0	.6971228	.1692057	.1336715	0
740.15	0	.6967097	.1696707	.1336197	0
739.15	0	.6963026	.1701291	.1335683	0
738.15	0	.6959016	.170581	.1335175	0
737.15	0	.6955064	.1710266	.1334671	0
736.15	0	.6951168	.1714661	.1334171	0
735.15	0	.6947328	.1718996	.1333677	0
734.15	0	.6943541	.1723273	.1333186	0
733.15	0	.6939807	.1727494	.1332699	0
732.15	0	.6936124	.173166	.1332217	0
731.15	0	.6932491	.1735772	.1331738	0
730.15	0	.6928906	.1739831	.1331263	0
729.15	0	.6925369	.174384	.1330791	0
728.15	0	.6921879	.1747799	.1330322	0
727.15	0	.6918433	.175171	.1329857	0
726.15	0	.6915032	.1755573	.1329395	0
725.15	0	.6911674	.175939	.1328937	0
724.15	0	.6908358	.1763161	.1328481	0
723.15	0	.6905083	.1766889	.1328028	0
722.15	0	.6901849	.1770574	.1327577	0
721.15	0	.6898653	.1774217	.132713	0
720.15	0	.6895497	.1777819	.1326684	0
719.15	0	.6892378	.1781381	.1326242	0
718.15	0	.6889295	.1784904	.1325801	0
717.15	0	.6886249	.1788388	.1325363	0
716.15	0	.6883238	.1791835	.1324927	0
715.15	0	.6880261	.1795246	.1324493	0
714.15	0	.6877318	.179862	.1324061	0
713.15	0	.6874408	.180196	.1323632	0
712.15	0	.6871531	.1805266	.1323204	0
711.15	0	.6868685	.1808538	.1322777	0
710.15	0	.686587	.1811777	.1322353	0
709.15	0	.6863085	.1814984	.1321931	0
708.15	0	.6860331	.181816	.1321509	0
707.15	0	.6857605	.1821305	.132109	0
706.15	0	.6854908	.182442	.1320672	0
705.15	0	.6852239	.1827505	.1320256	0
704.15	0	.6849598	.1830561	.1319841	0
703.15	0	.6846983	.183359	.1319427	0
702.15	0	.6844395	.183659	.1319015	0
701.15	0	.6841833	.1839563	.1318604	0
700.15	0	.6839297	.1842509	.1318194	0
699.15	0	.6836785	.184543	.1317785	0
698.15	0	.6834298	.1848324	.1317378	0
697.15	0	.6831835	.1851194	.1316971	0
696.15	0	.6829396	.1854039	.1316566	0
695.15	0	.6826979	.1856859	.1316162	0
694.15	0	.6824586	.1859656	.1315758	0
693.15	0	.6822215	.1862429	.1315356	0
692.15	0	.6819866	.186518	.1314954	0
691.15	0	.6817538	.1867908	.1314554	0
690.15	0	.6815232	.1870614	.1314154	0
689.15	0	.6812947	.1873298	.1313755	0
688.15	0	.6810682	.1875961	.1313357	0
687.15	0	.6808437	.1878604	.1312959	0
686.15	0	.6806212	.1881225	.1312563	0
685.15	0	.6804007	.1883827	.1312167	0
684.15	0	.680182	.1886408	.1311771	0
683.15	0	.6799653	.1888971	.1311377	0
682.15	0	.6797504	.1891513	.1310983	0
681.15	0	.6795373	.1894038	.1310589	0
680.15	0	.679326	.1896543	.1310196	0
679.15	0	.6791165	.1899031	.1309804	0
678.15	0	.6789087	.19015	.1309412	0
677.15	0	.6787027	.1903952	.1309021	0
676.15	0	.6784983	.1906387	.130863	0
675.15	0	.6782956	.1908805	.130824	0
674.15	0	.6780945	.1911206	.130785	0
673.15	0	.6778949	.191359	.1307461	0
672.15	0	.677697	.1915958	.1307072	0
671.15	0	.6775007	.191831	.1306683	0
670.15	0	.6773059	.1920646	.1306295	0
669.15	0	.6771126	.1922967	.1305907	0
668.15	0	.6769207	.1925273	.130552	0
667.15	0	.6767304	.1927563	.1305133	0
666.15	0	.6765415	.1929839	.1304746	0
665.15	0	.676354	.19321	.130436	0
664.15	0	.6761679	.1934347	.1303974	0
663.15	0	.6759832	.193658	.1303588	0
662.15	0	.6757999	.1938799	.1303202	0
661.15	0	.6756179	.1941004	.1302817	0
660.15	0	.6754372	.1943195	.1302432	0
659.15	0	.6752579	.1945373	.1302048	0
658.15	0	.6750799	.1947538	.1301663	0
657.15	0	.6749031	.194969	.1301279	0
656.15	0	.6747276	.1951829	.1300895	0
655.15	0	.6745533	.1953956	.1300511	0
654.15	0	.6743802	.195607	.1300128	0
653.15	0	.6742084	.1958172	.1299745	0
652.15	0	.6740377	.1960261	.1299362	0
651.15	0	.6738682	.1962339	.1298979	0
650.15	0	.6736999	.1964405	.1298596	0
649.15	0	.6735327	.1966459	.1298214	0
648.15	0	.6733667	.1968502	.1297831	0
647.15	0	.6732018	.1970533	.1297449	0
646.15	0	.673038	.1972554	.1297067	0
645.15	0	.6728752	.1974563	.1296685	0
644.15	0	.6727136	.1976561	.1296304	0
643.15	0	.672553	.1978548	.1295922	0
642.15	0	.6723935	.1980525	.1295541	0
641.15	0	.6722349	.1982491	.1295159	0
640.15	0	.6720775	.1984447	.1294778	0
639.15	0	.671921	.1986393	.1294397	0
638.15	0	.6717656	.1988328	.1294017	0
637.15	0	.6716111	.1990253	.1293636	0
636.15	0	.6714576	.1992169	.1293255	0
635.15	0	.6713051	.1994075	.1292875	0
634.15	0	.6711535	.1995971	.1292495	0
633.15	0	.6710029	.1997857	.1292114	0
632.15	0	.6708532	.1999734	.1291734	0
631.15	0	.6707044	.2001602	.1291354	0
630.15	0	.6705566	.200346	.1290975	0
629.15	0	.6704096	.2005309	.1290595	0
628.15	0	.6702636	.2007149	.1290215	0
627.15	0	.6701184	.200898	.1289836	0
626.15	0	.6699741	.2010803	.1289457	0
625.15	0	.6698307	.2012616	.1289077	0
624.15	0	.6696881	.2014421	.1288698	0
623.15	0	.6695464	.2016217	.1288319	0
622.15	0	.6694055	.2018005	.128794	0
621.15	0	.6692654	.2019784	.1287562	0
620.15	0	.6691262	.2021555	.1287183	0
619.15	0	.6689878	.2023318	.1286805	0
618.15	0	.6688502	.2025072	.1286426	0
617.15	0	.6687133	.2026819	.1286048	0
616.15	0	.6685773	.2028557	.128567	0
615.15	0	.6684421	.2030288	.1285292	0
614.15	0	.6683076	.203201	.1284914	0
613.15	0	.6681739	.2033725	.1284536	0
612.15	0	.6680409	.2035432	.1284158	0
611.15	0	.6679087	.2037132	.1283781	0
610.15	0	.6677772	.2038824	.1283404	0
609.15	0	.6676465	.2040508	.1283026	0
608.15	0	.6675165	.2042185	.1282649	0
607.15	0	.6673873	.2043855	.1282272	0
606.15	0	.6672587	.2045517	.1281896	0
605.15	0	.6671309	.2047172	.1281519	0
604.15	0	.6670038	.204882	.1281142	0
603.15	0	.6668773	.2050461	.1280766	0
602.15	0	.6667516	.2052095	.128039	0
601.15	0	.6666265	.2053721	.1280014	0
600.15	0	.6665021	.2055341	.1279638	0
599.15	0	.6663784	.2056954	.1279262	0
598.15	0	.6662554	.205856	.1278886	0
597.15	0	.666133	.2060159	.1278511	0
596.15	0	.6660113	.2061752	.1278136	0
595.15	0	.6658902	.2063337	.1277761	0
594.15	0	.6657698	.2064916	.1277386	0
593.15	0	.66565	.2066489	.1277011	0
592.15	0	.6655308	.2068055	.1276636	0
591.15	0	.6654123	.2069615	.1276262	0
590.15	0	.6652944	.2071168	.1275888	0
589.15	0	.6651771	.2072715	.1275514	0
588.15	0	.6650605	.2074255	.127514	0
587.15	0	.6649444	.2075789	.1274767	0
586.15	0	.664829	.2077317	.1274393	0
585.15	0	.6647141	.2078839	.127402	0
584.15	0	.6645999	.2080354	.1273647	0
583.15	0	.6644862	.2081863	.1273275	0
582.15	0	.6643731	.2083367	.1272902	0
581.15	0	.6642606	.2084864	.127253	0
580.15	0	.6641487	.2086355	.1272158	0
579.15	0	.6640374	.208784	.1271786	0
578.15	0	.6639266	.2089319	.1271415	0
577.15	0	.6638164	.2090793	.1271043	0
576.15	0	.6637067	.209226	.1270672	0
575.15	0	.6635977	.2093722	.1270302	0
574.15	0	.6634891	.2095178	.1269931	0
573.15	0	.6633811	.2096628	.1269561	0
572.15	0	.6632737	.2098072	.1269191	0
571.15	0	.6631668	.2099511	.1268821	0
570.15	0	.6630604	.2100944	.1268452	0
569.15	0	.6629546	.2102371	.1268083	0
568.15	0	.6628493	.2103793	.1267714	0
567.15	0	.6627446	.2105209	.1267346	0
566.15	0	.6626403	.210662	.1266977	0
565.15	0	.6625366	.2108025	.1266609	0
564.15	0	.6624334	.2109425	.1266242	0
563.15	0	.6623307	.2110819	.1265875	0
562.15	0	.6622285	.2112207	.1265508	0
561.15	0	.6621268	.2113591	.1265141	0
560.15	0	.6620257	.2114969	.1264775	0
559.15	0	.661925	.2116341	.1264409	0
558.15	0	.6618248	.2117709	.1264043	0
557.15	0	.6617252	.2119071	.1263678	0
556.15	0	.661626	.2120428	.1263313	0
555.15	0	.6615273	.2121779	.1262948	0
554.15	0	.6614291	.2123125	.1262584	0
553.15	0	.6613313	.2124466	.126222	0
552.15	0	.6612341	.2125802	.1261857	0
551.15	0	.6611373	.2127133	.1261494	0
550.15	0	.661041	.2128458	.1261131	0
549.15	0	.6609452	.2129779	.1260769	0
548.15	0	.6608499	.2131094	.1260407	0
547.15	0	.660755	.2132404	.1260046	0
546.15	0	.6606606	.213371	.1259685	0
545.15	0	.6605666	.213501	.1259324	0
544.15	0	.6604731	.2136305	.1258964	0
543.15	0	.6603801	.2137595	.1258604	0
542.15	0	.6602875	.213888	.1258245	0
541.15	0	.6601954	.214016	.1257886	0
540.15	0	.6601037	.2141436	.1257528	0
539.15	0	.6600124	.2142706	.125717	0
538.15	0	.6599217	.2143971	.1256812	0
537.15	0	.6598313	.2145232	.1256455	0
536.15	0	.6597414	.2146487	.1256099	0
535.15	0	.659652	.2147738	.1255742	0
534.15	0	.659563	.2148984	.1255386	0
533.15	0	.6594744	.2150225	.1255031	0
532.15	0	.6593862	.2151461	.1254676	0
531.15	0	.6592985	.2152693	.1254322	0
530.15	0	.6592112	.215392	.1253968	0
529.15	0	.6591243	.2155142	.1253615	0
528.15	0	.6590379	.2156359	.1253263	0
527.15	0	.6589518	.2157571	.1252911	0
526.15	0	.6588662	.2158779	.1252559	0
525.15	0	.658781	.2159982	.1252208	0
524.15	0	.6586962	.216118	.1251858	0
523.15	0	.6586119	.2162374	.1251508	0
522.15	0	.6585279	.2163562	.1251159	0
521.15	0	.6584444	.2164747	.125081	0
520.15	0	.6583612	.2165926	.1250462	0
519.15	0	.6582785	.2167101	.1250114	0
518.15	0	.6581962	.2168271	.1249767	0
517.15	0	.6581143	.2169437	.1249421	0
516.15	0	.6580327	.2170598	.1249075	0
515.15	0	.6579516	.2171754	.1248729	0
514.15	0	.6578709	.2172906	.1248385	0
513.15	0	.6577906	.2174053	.1248041	0
512.15	0	.6577107	.2175196	.1247697	0
511.15	0	.6576311	.2176334	.1247354	0
510.15	0	.657552	.2177468	.1247012	0
509.15	0	.6574732	.2178597	.1246671	0
508.15	0	.6573949	.2179721	.124633	0
507.15	0	.6573169	.2180841	.124599	0
506.15	0	.6572393	.2181957	.124565	0
505.15	0	.6571621	.2183067	.1245311	0
504.15	0	.6570853	.2184174	.1244973	0
503.15	0	.6570089	.2185276	.1244636	0
502.15	0	.6569328	.2186373	.1244299	0
501.15	0	.6568571	.2187466	.1243962	0
500.15	0	.6567818	.2188555	.1243627	0
499.15	0	.6567069	.2189639	.1243292	0
498.15	0	.6566324	.2190718	.1242958	0
497.15	0	.6565582	.2191794	.1242625	0
496.15	0	.6564844	.2192864	.1242292	0
495.15	0	.656411	.2193931	.124196	0
494.15	0	.6563379	.2194992	.1241629	0
493.15	0	.6562652	.219605	.1241298	0
492.15	0	.6561929	.2197103	.1240969	0
491.15	0	.6561209	.2198151	.124064	0
490.15	0	.6560493	.2199195	.1240312	0
489.15	0	.6559781	.2200235	.1239984	0
488.15	0	.6559072	.2201271	.1239657	0
487.15	0	.6558367	.2202302	.1239331	0
486.15	0	.6557666	.2203328	.1239006	0
485.15	0	.6556968	.220435	.1238682	0
484.15	0	.6556273	.2205368	.1238358	0
483.15	0	.6555583	.2206382	.1238036	0
482.15	0	.6554895	.2207391	.1237714	0
481.15	0	.6554212	.2208396	.1237392	0
480.15	0	.6553531	.2209396	.1237072	0
479.15	0	.6552855	.2210393	.1236753	0
478.15	0	.6552182	.2211384	.1236434	0
477.15	0	.6551512	.2212372	.1236116	0
476.15	0	.6550846	.2213355	.1235799	0
475.15	0	.6550183	.2214334	.1235483	0
474.15	0	.6549524	.2215308	.1235168	0
473.15	0	.6548868	.2216278	.1234853	0
472.15	0	.6548216	.2217244	.123454	0
471.15	0	.6547567	.2218206	.1234227	0
470.15	0	.6546922	.2219163	.1233915	0
469.15	0	.654628	.2220116	.1233604	0
468.15	0	.6545641	.2221064	.1233294	0
467.15	0	.6545006	.2222009	.1232985	0
466.15	0	.6544374	.2222949	.1232677	0
465.15	0	.6543746	.2223885	.1232369	0
464.15	0	.6543121	.2224816	.1232063	0
463.15	0	.6542499	.2225743	.1231757	0
462.15	0	.6541881	.2226666	.1231453	0
461.15	0	.6541266	.2227585	.1231149	0
460.15	0	.6540654	.2228499	.1230846	0
459.15	0	.6540046	.222941	.1230544	0
458.15	0	.6539441	.2230315	.1230244	0
457.15	0	.6538839	.2231217	.1229944	0
456.15	0	.6538241	.2232114	.1229645	0
455.15	0	.6537646	.2233007	.1229347	0
454.15	0	.6537054	.2233896	.122905	0
453.15	0	.6536466	.2234781	.1228754	0
452.15	0	.653588	.2235661	.1228459	0
451.15	0	.6535298	.2236537	.1228165	0
450.15	0	.6534719	.2237409	.1227871	0
449.15	0	.6534144	.2238276	.122758	0
448.15	0	.6533572	.2239139	.1227289	0
447.15	0	.6533004	.2239997	.1226999	0
446.15	0	.6532439	.2240851	.122671	0
445.15	0	.6531877	.2241701	.1226423	0
444.15	0	.6531319	.2242545	.1226136	0
443.15	0	.6530764	.2243386	.1225851	0
442.15	0	.6530212	.2244222	.1225567	0
441.15	0	.6529664	.2245053	.1225283	0
440.15	0	.6529119	.2245879	.1225002	0
439.15	0	.6528578	.2246701	.1224721	0
438.15	0	.6528041	.2247518	.1224442	0
437.15	0	.6527507	.224833	.1224164	0
436.15	0	.6526976	.2249137	.1223887	0
435.15	0	.652645	.2249939	.1223611	0
434.15	0	.6525926	.2250737	.1223337	0
433.15	0	.6525407	.2251529	.1223064	0
432.15	0	.6524891	.2252317	.1222793	0
431.15	0	.6524378	.2253099	.1222523	0
430.15	0	.652387	.2253877	.1222254	0
429.15	0	.6523364	.2254649	.1221987	0
428.15	0	.6522863	.2255417	.1221721	0
427.15	0	.6522365	.2256179	.1221456	0
426.15	0	.6521871	.2256936	.1221193	0
425.15	0	.6521381	.2257688	.1220931	0
424.15	0	.6520894	.2258435	.1220671	0
423.15	0	.6520411	.2259177	.1220412	0
422.15	0	.6519931	.2259914	.1220155	0
421.15	0	.6519456	.2260646	.1219899	0
420.15	0	.6518984	.2261372	.1219644	0
419.15	0	.6518515	.2262093	.1219391	0
418.15	0	.651805	.226281	.121914	0
417.15	0	.6517589	.2263521	.121889	0
416.15	0	.6517132	.2264227	.1218642	0
415.15	0	.6516678	.2264927	.1218395	0
414.15	0	.6516228	.2265623	.121815	0
413.15	0	.6515781	.2266313	.1217906	0
412.15	0	.6515338	.2266999	.1217663	0
411.15	0	.6514899	.2267679	.1217423	0
410.15	0	.6514463	.2268354	.1217183	0
409.15	0	.6514031	.2269024	.1216945	0
408.15	0	.6513602	.2269689	.1216709	0
407.15	0	.6513177	.2270348	.1216475	0
406.15	0	.6512756	.2271003	.1216241	0
405.15	0	.6512338	.2271653	.121601	0
404.15	0	.6511923	.2272297	.121578	0
403.15	0	.6511512	.2272937	.1215551	0
402.15	0	.6511105	.2273571	.1215324	0
401.15	0	.6510701	.22742	.1215099	0
400.15	0	.65103	.2274825	.1214875	0
399.15	0	.6509903	.2275444	.1214653	0
398.15	0	.6509509	.2276059	.1214432	0
397.15	0	.6509119	.2276668	.1214213	0
396.15	0	.6508732	.2277273	.1213995	0
395.15	0	.6508349	.2277873	.1213779	0
394.15	0	.6507969	.2278467	.1213564	0
393.15	0	.6507592	.2279057	.1213351	0
392.15	0	.6507218	.2279643	.1213139	0
391.15	0	.6506848	.2280223	.1212929	0
390.15	0	.6506481	.2280799	.1212721	0
389.15	0	.6506117	.2281369	.1212514	0
388.15	0	.6505756	.2281935	.1212308	0
387.15	0	.6505399	.2282497	.1212104	0
386.15	0	.6505045	.2283053	.1211902	0
385.15	0	.6504694	.2283605	.1211701	0
384.15	0	.6504346	.2284153	.1211502	0
383.15	0	.6504001	.2284695	.1211304	0
382.15	0	.6503659	.2285234	.1211107	0
381.15	0	.6503321	.2285767	.1210912	0
380.15	0	.6502985	.2286296	.1210719	0
379.15	0	.6502653	.2286821	.1210527	0
378.15	0	.6502323	.2287341	.1210336	0
377.15	0	.6501996	.2287857	.1210147	0
376.15	0	.6501672	.2288368	.1209959	0
375.15	0	.6501352	.2288875	.1209773	0
374.15	0	.6501034	.2289378	.1209588	0
373.15	0	.6500719	.2289876	.1209405	0
372.15	0	.6500407	.229037	.1209223	0
371.15	0	.6500097	.229086	.1209043	0
370.15	0	.6499791	.2291345	.1208864	0
369.15	0	.6499487	.2291827	.1208687	0
368.15	0	.6499186	.2292304	.120851	0
367.15	0	.6498888	.2292777	.1208336	0
366.15	0	.6498592	.2293246	.1208162	0
365.15	0	.6498299	.2293711	.1207991	0
364.15	0	.6498009	.2294171	.120782	0
363.15	0	.6497721	.2294628	.1207651	0
362.15	0	.6497436	.2295081	.1207483	0
361.15	0	.6497154	.229553	.1207317	0
360.15	0	.6496874	.2295975	.1207152	0
359.15	0	.6496596	.2296416	.1206988	0
358.15	0	.6496321	.2296853	.1206826	0
357.15	0	.6496049	.2297287	.1206665	0
356.15	0	.6495779	.2297716	.1206505	0
355.15	0	.6495511	.2298142	.1206347	0
354.15	0	.6495246	.2298564	.120619	0
353.15	0	.6494983	.2298983	.1206034	0
352.15	0	.6494722	.2299397	.120588	0
351.15	0	.6494464	.2299809	.1205727	0
350.15	0	.6494208	.2300216	.1205575	0
349.15	0	.6493955	.230062	.1205425	0
348.15	0	.6493703	.2301021	.1205276	0
347.15	0	.6493454	.2301418	.1205128	0
346.15	0	.6493207	.2301811	.1204981	0
345.15	0	.6492963	.2302201	.1204836	0
344.15	0	.649272	.2302588	.1204692	0
343.15	0	.649248	.2302971	.1204549	0
342.15	0	.6492241	.2303351	.1204408	0
341.15	0	.6492005	.2303728	.1204267	0
340.15	0	.6491771	.2304101	.1204128	0
339.15	0	.6491538	.2304471	.120399	0
338.15	0	.6491308	.2304838	.1203854	0
337.15	0	.649108	.2305202	.1203718	0
336.15	0	.6490854	.2305562	.1203584	0
335.15	0	.649063	.2305919	.1203451	0
334.15	0	.6490407	.2306274	.1203319	0
333.15	0	.6490187	.2306625	.1203189	0
332.15	0	.6489968	.2306973	.1203059	0
331.15	0	.6489751	.2307318	.1202931	0
330.15	0	.6489536	.230766	.1202804	0
329.15	0	.6489323	.2307999	.1202678	0
328.15	0	.6489112	.2308335	.1202553	0
327.15	0	.6488902	.2308668	.120243	0
326.15	0	.6488694	.2308999	.1202307	0
325.15	0	.6488488	.2309326	.1202186	0
324.15	0	.6488284	.2309651	.1202066	0
323.15	0	.6488081	.2309972	.1201947	0
322.15	0	.648788	.2310291	.1201829	0
321.15	0	.648768	.2310608	.1201712	0
320.15	0	.6487482	.2310921	.1201597	0
319.15	0	.6487286	.2311232	.1201482	0
318.15	0	.6487091	.231154	.1201369	0
317.15	0	.6486898	.2311846	.1201256	0
316.15	0	.6486706	.2312149	.1201145	0
315.15	0	.6486516	.2312449	.1201035	0
314.15	0	.6486327	.2312747	.1200926	0
313.15	0	.648614	.2313042	.1200818	0
312.15	0	.6485954	.2313335	.1200711	0
311.15	0	.648577	.2313625	.1200605	0
310.15	0	.6485587	.2313912	.1200501	0
309.15	0	.6485405	.2314198	.1200397	0
308.15	0	.6485225	.2314481	.1200294	0
307.15	0	.6485046	.2314761	.1200193	0
306.15	0	.6484869	.2315039	.1200092	0
305.15	0	.6484693	.2315315	.1199993	0
304.15	0	.6484518	.2315588	.1199894	0
303.15	0	.6484344	.2315859	.1199797	0
302.15	0	.6484172	.2316128	.1199701	0
301.15	0	.6484	.2316394	.1199606	0
300.15	0	.6483831	.2316658	.1199511	0
299.15	0	.6483662	.231692	.1199418	0
298.15	0	.6483494	.231718	.1199326	0
