T	 BPW(LIQUID)	BPW(BCC_A2)	BPW(FCC_A1)	BPW(LAVES_PHASE_C14)	BPW(NI3TI)
1473.15	.06159852	.9384015	0	0	0
1472.15	.05889111	.9411089	0	0	0
1471.15	.05620619	.9437938	0	0	0
1470.15	.05354356	.9464564	0	0	0
1469.15	.05090304	.949097	0	0	0
1468.15	.04828444	.9517156	0	0	0
1467.15	.04568756	.9543124	0	0	0
1466.15	.04311223	.9568878	0	0	0
1465.15	.04055825	.9594418	0	0	0
1464.15	.03802545	.9619746	0	0	0
1463.15	.03551365	.9644864	0	0	0
1462.15	.03302265	.9669774	0	0	0
1461.15	.03055228	.9694477	0	0	0
1460.15	.02810237	.9718976	0	0	0
1459.15	.02567272	.9743273	0	0	0
1458.15	.02326318	.9767368	0	0	0
1457.15	.02087356	.9791264	0	0	0
1456.15	.01850368	.9814963	0	0	0
1455.15	.01615338	.9838466	0	0	0
1454.15	.01382249	.9861775	0	0	0
1453.15	.01151082	.9884892	0	0	0
1452.15	.009218227	.9907818	0	0	0
1451.15	.006944528	.9930555	0	0	0
1450.15	.004689559	.9953104	0	0	0
1449.15	.002453156	.9975468	0	0	0
1448.15	2.351551E-04	.9997648	0	0	0
1448.043	0	1	0	0	0
1448.043	0	1	0	0	0
1447.15	0	1	0	0	0
1446.15	0	1	0	0	0
1445.15	0	1	0	0	0
1444.15	0	1	0	0	0
1443.15	0	1	0	0	0
1442.15	0	1	0	0	0
1441.15	0	1	0	0	0
1440.15	0	1	0	0	0
1439.15	0	1	0	0	0
1438.15	0	1	0	0	0
1437.15	0	1	0	0	0
1436.15	0	1	0	0	0
1435.15	0	1	0	0	0
1434.15	0	1	0	0	0
1433.15	0	1	0	0	0
1432.15	0	1	0	0	0
1431.15	0	1	0	0	0
1430.15	0	1	0	0	0
1429.15	0	1	0	0	0
1428.15	0	1	0	0	0
1427.15	0	1	0	0	0
1426.15	0	1	0	0	0
1425.15	0	1	0	0	0
1424.15	0	1	0	0	0
1423.15	0	1	0	0	0
1422.15	0	1	0	0	0
1421.15	0	1	0	0	0
1420.15	0	1	0	0	0
1419.15	0	1	0	0	0
1418.654	0	1	0	0	0
1418.654	0	1	0	0	0
1418.654	0	1	0	0	0
1418.15	0	.9996124	0	3.876266E-04	0
1417.15	0	.9988445	0	.001155468	0
1416.15	0	.9980785	0	.001921459	0
1415.15	0	.9973144	0	.002685606	0
1414.15	0	.9965521	0	.003447914	0
1413.15	0	.9957916	0	.00420839	0
1412.15	0	.995033	0	.00496704	0
1411.15	0	.9942761	0	.005723871	0
1410.15	0	.9935211	0	.006478889	0
1409.15	0	.9927679	0	.0072321	0
1408.15	0	.9920165	0	.00798351	0
1407.15	0	.9912669	0	.008733126	0
1406.15	0	.9905191	0	.009480953	0
1405.15	0	.989773	0	.010227	0
1404.15	0	.9890287	0	.01097127	0
1403.15	0	.9882862	0	.01171376	0
1402.15	0	.9875455	0	.0124545	0
1401.15	0	.9868065	0	.01319347	0
1400.15	0	.9860693	0	.0139307	0
1399.15	0	.9853338	0	.01466617	0
1398.15	0	.9846001	0	.01539991	0
1397.15	0	.9838681	0	.01613191	0
1396.15	0	.9831378	0	.01686218	0
1395.15	0	.9824093	0	.01759073	0
1394.15	0	.9816824	0	.01831757	0
1393.15	0	.9809573	0	.01904269	0
1392.15	0	.9802339	0	.0197661	0
1391.15	0	.9795122	0	.02048781	0
1390.15	0	.9787922	0	.02120784	0
1389.15	0	.9780738	0	.02192617	0
1388.15	0	.9773572	0	.02264282	0
1387.15	0	.9766422	0	.02335778	0
1386.15	0	.9759289	0	.02407108	0
1385.15	0	.9752173	0	.02478272	0
1384.15	0	.9745073	0	.02549269	0
1383.15	0	.973799	0	.026201	0
1382.15	0	.9730923	0	.02690767	0
1381.15	0	.9723873	0	.02761269	0
1380.15	0	.9716839	0	.02831607	0
1379.15	0	.9709822	0	.02901782	0
1378.15	0	.9702821	0	.02971794	0
1377.15	0	.9695836	0	.03041644	0
1376.15	0	.9688867	0	.03111331	0
1375.15	0	.9681914	0	.03180858	0
1374.15	0	.9674978	0	.03250224	0
1373.15	0	.9668057	0	.0331943	0
1372.15	0	.9661152	0	.03388476	0
1371.15	0	.9654264	0	.03457362	0
1370.15	0	.9647391	0	.03526091	0
1369.15	0	.9640534	0	.03594661	0
1368.15	0	.9633693	0	.03663073	0
1367.15	0	.9626867	0	.03731329	0
1366.15	0	.9620057	0	.03799427	0
1365.15	0	.9613263	0	.0386737	0
1364.15	0	.9606484	0	.03935157	0
1363.15	0	.9599721	0	.04002789	0
1362.15	0	.9592973	0	.04070266	0
1361.15	0	.9586241	0	.04137589	0
1360.15	0	.9579524	0	.04204759	0
1359.15	0	.9572822	0	.04271776	0
1358.15	0	.9566136	0	.0433864	0
1357.15	0	.9559465	0	.04405351	0
1356.15	0	.9552809	0	.04471911	0
1355.15	0	.9546168	0	.0453832	0
1354.15	0	.9539542	0	.04604578	0
1353.15	0	.9532931	0	.04670686	0
1352.15	0	.9526336	0	.04736644	0
1351.15	0	.9519755	0	.04802453	0
1350.15	0	.9513189	0	.04868114	0
1349.15	0	.9506638	0	.04933625	0
1348.15	0	.9500101	0	.04998989	0
1347.15	0	.9493579	0	.05064206	0
1346.15	0	.9487073	0	.05129275	0
1345.15	0	.948058	0	.05194198	0
1344.15	0	.9474103	0	.05258975	0
1343.15	0	.9467639	0	.05323607	0
1342.15	0	.9461191	0	.05388093	0
1341.15	0	.9454757	0	.05452435	0
1340.15	0	.9448337	0	.05516632	0
1339.15	0	.9441931	0	.05580686	0
1338.15	0	.943554	0	.05644596	0
1337.15	0	.9429164	0	.05708364	0
1336.15	0	.9422801	0	.05771989	0
1335.15	0	.9416453	0	.05835472	0
1334.15	0	.9410119	0	.05898813	0
1333.15	0	.9403799	0	.05962014	0
1332.15	0	.9397493	0	.06025073	0
1331.15	0	.9391201	0	.06087993	0
1330.15	0	.9384923	0	.06150772	0
1329.15	0	.9378659	0	.06213412	0
1328.15	0	.9372409	0	.06275914	0
1327.15	0	.9366172	0	.06338276	0
1326.15	0	.935995	0	.06400501	0
1325.15	0	.9353741	0	.06462587	0
1324.15	0	.9347546	0	.06524537	0
1323.15	0	.9341365	0	.0658635	0
1322.15	0	.9335197	0	.06648026	0
1321.15	0	.9329043	0	.06709566	0
1320.15	0	.9322903	0	.0677097	0
1319.15	0	.9316776	0	.0683224	0
1318.15	0	.9310663	0	.06893374	0
1317.15	0	.9304563	0	.06954374	0
1316.15	0	.9298476	0	.0701524	0
1315.15	0	.9292403	0	.07075972	0
1314.15	0	.9286343	0	.07136571	0
1313.15	0	.9280296	0	.07197038	0
1312.15	0	.9274263	0	.07257372	0
1311.15	0	.9268243	0	.07317574	0
1310.15	0	.9262236	0	.07377644	0
1309.15	0	.9256242	0	.07437583	0
1308.15	0	.9250261	0	.07497391	0
1307.15	0	.9244293	0	.07557068	0
1306.15	0	.9238338	0	.07616616	0
1305.15	0	.9232397	0	.07676034	0
1304.15	0	.9226468	0	.07735322	0
1303.15	0	.9220552	0	.07794482	0
1302.15	0	.9214649	0	.07853513	0
1301.15	0	.9208758	0	.07912416	0
1300.15	0	.9202881	0	.07971191	0
1299.15	0	.9197016	0	.08029839	0
1298.15	0	.9191164	0	.08088359	0
1297.15	0	.9185325	0	.08146753	0
1296.15	0	.9179498	0	.08205021	0
1295.15	0	.9173684	0	.08263163	0
1294.15	0	.9167882	0	.08321179	0
1293.15	0	.9162093	0	.08379069	0
1292.15	0	.9156317	0	.08436835	0
1291.15	0	.9150552	0	.08494477	0
1290.15	0	.9144801	0	.08551994	0
1289.15	0	.9139061	0	.08609388	0
1288.15	0	.9133334	0	.08666658	0
1287.15	0	.912762	0	.08723805	0
1286.15	0	.9121917	0	.08780829	0
1285.15	0	.9116227	0	.08837731	0
1284.15	0	.9110549	0	.08894511	0
1283.15	0	.9104883	0	.08951169	0
1282.15	0	.9099229	0	.09007706	0
1281.15	0	.9093588	0	.09064122	0
1280.15	0	.9087958	0	.09120417	0
1279.15	0	.9082341	0	.09176592	0
1278.15	0	.9076735	0	.09232647	0
1277.15	0	.9071142	0	.09288583	0
1276.15	0	.906556	0	.09344399	0
1275.15	0	.905999	0	.09400096	0
1274.15	0	.9054433	0	.09455674	0
1273.15	0	.9048887	0	.09511135	0
1272.15	0	.9043352	0	.09566477	0
1271.15	0	.903783	0	.09621702	0
1270.15	0	.9032319	0	.09676809	0
1269.15	0	.902682	0	.09731799	0
1268.15	0	.9021333	0	.09786673	0
1267.15	0	.9015857	0	.09841431	0
1266.15	0	.9010393	0	.09896072	0
1265.15	0	.900494	0	.09950598	0
1264.15	0	.8999499	0	.1000501	0
1263.15	0	.899407	0	.100593	0
1262.15	0	.8988652	0	.1011348	0
1261.15	0	.8983245	0	.1016755	0
1260.15	0	.897785	0	.102215	0
1259.15	0	.8972466	0	.1027534	0
1258.15	0	.8967093	0	.1032907	0
1257.15	0	.8961732	0	.1038268	0
1256.15	0	.8956382	0	.1043618	0
1255.15	0	.8951044	0	.1048956	0
1254.15	0	.8945716	0	.1054284	0
1253.15	0	.89404	0	.10596	0
1252.15	0	.8935095	0	.1064905	0
1251.15	0	.8929801	0	.1070199	0
1250.15	0	.8924518	0	.1075482	0
1249.15	0	.8919246	0	.1080754	0
1248.15	0	.8913986	0	.1086014	0
1247.15	0	.8908736	0	.1091264	0
1246.15	0	.8903497	0	.1096503	0
1245.15	0	.8898269	0	.1101731	0
1244.15	0	.8893053	0	.1106947	0
1243.15	0	.8887847	0	.1112153	0
1242.15	0	.8882652	0	.1117348	0
1241.15	0	.8877467	0	.1122533	0
1240.15	0	.8872294	0	.1127706	0
1239.15	0	.8867131	0	.1132869	0
1238.15	0	.8861979	0	.1138021	0
1237.15	0	.8856838	0	.1143162	0
1236.15	0	.8851708	0	.1148292	0
1235.15	0	.8846588	0	.1153412	0
1234.15	0	.8841479	0	.1158521	0
1233.15	0	.883638	0	.116362	0
1232.15	0	.8831292	0	.1168708	0
1231.15	0	.8826215	0	.1173785	0
1230.15	0	.8821148	0	.1178852	0
1229.15	0	.8816091	0	.1183909	0
1228.15	0	.8811046	0	.1188954	0
1227.15	0	.880601	0	.119399	0
1226.15	0	.8800985	0	.1199015	0
1225.15	0	.879597	0	.120403	0
1224.15	0	.8790966	0	.1209034	0
1223.15	0	.8785972	0	.1214028	0
1222.15	0	.8780988	0	.1219012	0
1221.15	0	.8776015	0	.1223985	0
1220.15	0	.8771052	0	.1228948	0
1219.15	0	.8766099	0	.1233901	0
1218.15	0	.8761156	0	.1238844	0
1217.15	0	.8756224	0	.1243776	0
1216.15	0	.8751302	0	.1248698	0
1215.15	0	.8746389	0	.1253611	0
1214.15	0	.8741487	0	.1258513	0
1213.15	0	.8736595	0	.1263405	0
1212.15	0	.8731713	0	.1268287	0
1211.15	0	.8726842	0	.1273159	0
1210.15	0	.872198	0	.127802	0
1209.15	0	.8717128	0	.1282872	0
1208.15	0	.8712286	0	.1287714	0
1207.15	0	.8707454	0	.1292546	0
1206.15	0	.8702631	0	.1297369	0
1205.15	0	.8697819	0	.1302181	0
1204.15	0	.8693017	0	.1306983	0
1203.15	0	.8688224	0	.1311776	0
1202.15	0	.8683441	0	.1316559	0
1201.15	0	.8678668	0	.1321332	0
1200.15	0	.8673905	0	.1326095	0
1199.15	0	.8669152	0	.1330848	0
1198.15	0	.8664408	0	.1335592	0
1197.15	0	.8659674	0	.1340326	0
1196.15	0	.8654949	0	.1345051	0
1195.15	0	.8650234	0	.1349766	0
1194.15	0	.8645529	0	.1354471	0
1193.15	0	.8640834	0	.1359166	0
1192.15	0	.8636148	0	.1363852	0
1191.15	0	.8631471	0	.1368529	0
1190.15	0	.8626804	0	.1373196	0
1189.15	0	.8622147	0	.1377853	0
1188.15	0	.8617499	0	.1382501	0
1187.15	0	.861286	0	.138714	0
1186.15	0	.8608231	0	.1391769	0
1185.15	0	.8603611	0	.1396389	0
1184.15	0	.8599001	0	.1400999	0
1183.15	0	.85944	0	.14056	0
1182.15	0	.8589809	0	.1410191	0
1181.15	0	.8585226	0	.1414774	0
1180.15	0	.8580653	0	.1419347	0
1179.15	0	.857609	0	.142391	0
1178.15	0	.8571535	0	.1428465	0
1177.15	0	.856699	0	.143301	0
1176.15	0	.8562454	0	.1437546	0
1175.15	0	.8557927	0	.1442073	0
1174.15	0	.855341	0	.144659	0
1173.15	0	.8548901	0	.1451099	0
1172.15	0	.8544402	0	.1455598	0
1171.15	0	.8539912	0	.1460088	0
1170.15	0	.853543	0	.146457	0
1169.15	0	.8530958	0	.1469042	0
1168.15	0	.8526495	0	.1473505	0
1167.15	0	.8522041	0	.1477959	0
1166.15	0	.8517596	0	.1482404	0
1165.15	0	.851316	0	.148684	0
1164.15	0	.8508733	0	.1491267	0
1163.15	0	.8504315	0	.1495685	0
1162.15	0	.8499906	0	.1500094	0
1161.15	0	.8495505	0	.1504495	0
1160.15	0	.8491114	0	.1508886	0
1159.15	0	.8486731	0	.1513269	0
1158.15	0	.8482357	0	.1517643	0
1157.15	0	.8477992	0	.1522008	0
1156.15	0	.8473636	0	.1526364	0
1155.15	0	.8469289	0	.1530711	0
1154.15	0	.846495	0	.153505	0
1153.15	0	.846062	0	.153938	0
1152.15	0	.8456299	0	.1543701	0
1151.15	0	.8451987	0	.1548013	0
1150.15	0	.8447683	0	.1552317	0
1149.15	0	.8443388	0	.1556612	0
1148.15	0	.8439101	0	.1560899	0
1147.15	0	.8434824	0	.1565177	0
1146.15	0	.8430554	0	.1569446	0
1145.15	0	.8426294	0	.1573706	0
1144.15	0	.8422042	0	.1577958	0
1143.15	0	.8417798	0	.1582202	0
1142.15	0	.8413563	0	.1586437	0
1141.15	0	.8409337	0	.1590663	0
1140.15	0	.8405119	0	.1594881	0
1139.15	0	.8400909	0	.1599091	0
1138.15	0	.8396708	0	.1603292	0
1137.15	0	.8392516	0	.1607485	0
1136.15	0	.8388331	0	.1611669	0
1135.15	0	.8384156	0	.1615844	0
1134.15	0	.8379988	0	.1620012	0
1133.15	0	.8375829	0	.1624171	0
1132.15	0	.8371679	0	.1628322	0
1131.15	0	.8367536	0	.1632464	0
1130.15	0	.8363402	0	.1636598	0
1129.15	0	.8359276	0	.1640724	0
1128.15	0	.8355159	0	.1644841	0
1127.15	0	.835105	0	.164895	0
1126.15	0	.8346949	0	.1653051	0
1125.15	0	.8342856	0	.1657144	0
1124.15	0	.8338772	0	.1661228	0
1123.15	0	.8334695	0	.1665305	0
1122.15	0	.8330627	0	.1669373	0
1121.15	0	.8326567	0	.1673433	0
1120.15	0	.8322515	0	.1677485	0
1119.15	0	.8318472	0	.1681528	0
1118.15	0	.8314436	0	.1685564	0
1117.15	0	.8310408	0	.1689592	0
1116.15	0	.8306389	0	.1693611	0
1115.15	0	.8302378	0	.1697622	0
1114.15	0	.8298374	0	.1701626	0
1113.15	0	.8294379	0	.1705621	0
1112.15	0	.8290392	0	.1709608	0
1111.15	0	.8286413	0	.1713588	0
1110.15	0	.8282441	0	.1717559	0
1109.15	0	.8278478	0	.1721522	0
1108.15	0	.8274523	0	.1725477	0
1107.15	0	.8270575	0	.1729425	0
1106.15	0	.8266635	0	.1733365	0
1105.15	0	.8262704	0	.1737296	0
1104.15	0	.825878	0	.174122	0
1103.15	0	.8254864	0	.1745136	0
1102.15	0	.8250956	0	.1749044	0
1101.15	0	.8247056	0	.1752944	0
1100.15	0	.8243163	0	.1756837	0
1099.15	0	.8239279	0	.1760721	0
1098.15	0	.8235402	0	.1764598	0
1097.15	0	.8231533	0	.1768467	0
1096.15	0	.8227672	0	.1772328	0
1095.15	0	.8223818	0	.1776182	0
1094.15	0	.8219973	0	.1780028	0
1093.15	0	.8216134	0	.1783866	0
1092.15	0	.8212304	0	.1787696	0
1091.15	0	.8208481	0	.1791519	0
1090.15	0	.8204666	0	.1795334	0
1089.15	0	.8200859	0	.1799141	0
1088.15	0	.8197059	0	.1802941	0
1087.15	0	.8193267	0	.1806733	0
1086.15	0	.8189483	0	.1810517	0
1085.15	0	.8185706	0	.1814294	0
1084.15	0	.8181937	0	.1818063	0
1083.15	0	.8178175	0	.1821825	0
1082.15	0	.8174421	0	.1825579	0
1081.15	0	.8170674	0	.1829326	0
1080.15	0	.8166935	0	.1833065	0
1079.15	0	.8163204	0	.1836796	0
1078.15	0	.815948	0	.184052	0
1077.15	0	.8155763	0	.1844237	0
1076.15	0	.8152054	0	.1847946	0
1075.15	0	.8148353	0	.1851647	0
1074.15	0	.8144658	0	.1855342	0
1073.15	0	.8140972	0	.1859028	0
1072.15	0	.8137292	0	.1862708	0
1071.15	0	.813362	0	.1866379	0
1070.15	0	.8129956	0	.1870044	0
1069.15	0	.8126299	0	.1873701	0
1068.15	0	.8122649	0	.1877351	0
1067.15	0	.8119007	0	.1880993	0
1066.15	0	.8115372	0	.1884628	0
1065.15	0	.8111744	0	.1888256	0
1064.15	0	.8108124	0	.1891876	0
1063.15	0	.8104511	0	.1895489	0
1062.15	0	.8100905	0	.1899095	0
1061.15	0	.8097306	0	.1902694	0
1060.15	0	.8093715	0	.1906285	0
1059.15	0	.8090131	0	.1909869	0
1058.15	0	.8086555	0	.1913446	0
1057.15	0	.8082985	0	.1917015	0
1056.15	0	.8079423	0	.1920577	0
1055.15	0	.8075868	0	.1924132	0
1054.15	0	.807232	0	.192768	0
1053.15	0	.8068779	0	.1931221	0
1052.15	0	.8065246	0	.1934754	0
1051.15	0	.8061719	0	.1938281	0
1050.15	0	.80582	0	.19418	0
1049.15	0	.8054688	0	.1945312	0
1048.15	0	.8051183	0	.1948817	0
1047.15	0	.8047685	0	.1952315	0
1046.15	0	.8044194	0	.1955806	0
1045.15	0	.8040711	0	.1959289	0
1044.15	0	.8037234	0	.1962766	0
1043.15	0	.8033765	0	.1966236	0
1042.15	0	.8030302	0	.1969698	0
1041.15	0	.8026847	0	.1973153	0
1040.15	0	.8023398	0	.1976602	0
1039.15	0	.8019957	0	.1980043	0
1038.15	0	.8016523	0	.1983478	0
1037.15	0	.8013095	0	.1986905	0
1036.15	0	.8009675	0	.1990325	0
1035.15	0	.8006261	0	.1993739	0
1034.15	0	.8002855	0	.1997145	0
1033.15	0	.7999455	0	.2000545	0
1032.15	0	.7996063	0	.2003937	0
1031.15	0	.7992677	0	.2007323	0
1030.15	0	.7989299	0	.2010702	0
1029.15	0	.7985927	0	.2014073	0
1028.15	0	.7982562	0	.2017438	0
1027.15	0	.7979204	0	.2020796	0
1026.15	0	.7975853	0	.2024147	0
1025.15	0	.7972509	0	.2027492	0
1024.15	0	.7969171	0	.2030829	0
1023.15	0	.7965841	0	.2034159	0
1022.15	0	.7962517	0	.2037483	0
1021.15	0	.79592	0	.20408	0
1020.15	0	.795589	0	.204411	0
1019.15	0	.7952587	0	.2047413	0
1018.15	0	.794929	0	.205071	0
1017.15	0	.7946001	0	.2053999	0
1016.15	0	.7942718	0	.2057282	0
1015.15	0	.7939442	0	.2060558	0
1014.15	0	.7936172	0	.2063828	0
1013.15	0	.793291	0	.206709	0
1012.15	0	.7929654	0	.2070346	0
1011.15	0	.7926405	0	.2073595	0
1010.15	0	.7923162	0	.2076838	0
1009.15	0	.7919927	0	.2080073	0
1008.15	0	.7916698	0	.2083302	0
1007.15	0	.7913475	0	.2086525	0
1006.15	0	.791026	0	.208974	0
1005.15	0	.7907051	0	.2092949	0
1004.15	0	.7903848	0	.2096152	0
1003.15	0	.7900653	0	.2099347	0
1002.15	0	.7897464	0	.2102536	0
1001.15	0	.7894281	0	.2105719	0
1000.15	0	.7891106	0	.2108894	0
999.15	0	.7887937	0	.2112063	0
998.15	0	.7884774	0	.2115226	0
997.15	0	.7881618	0	.2118382	0
996.15	0	.7878469	0	.2121531	0
995.15	0	.7875326	0	.2124674	0
994.15	0	.787219	0	.212781	0
993.15	0	.7869061	0	.2130939	0
992.15	0	.7865938	0	.2134062	0
991.15	0	.7862821	0	.2137179	0
990.15	0	.7859711	0	.2140289	0
989.15	0	.7856608	0	.2143392	0
988.15	0	.7853511	0	.2146489	0
987.15	0	.7850421	0	.2149579	0
986.15	0	.7847337	0	.2152663	0
985.15	0	.7844259	0	.2155741	0
984.15	0	.7841189	0	.2158811	0
983.15	0	.7838124	0	.2161876	0
982.15	0	.7835066	0	.2164934	0
981.15	0	.7832015	0	.2167985	0
980.15	0	.782897	0	.217103	0
979.15	0	.7825932	0	.2174069	0
978.15	0	.7822899	0	.2177101	0
977.15	0	.7819874	0	.2180126	0
976.15	0	.7816855	0	.2183145	0
975.15	0	.7813842	0	.2186158	0
974.15	0	.7810835	0	.2189165	0
973.15	0	.7807836	0	.2192164	0
972.15	0	.7804842	0	.2195158	0
971.15	0	.7801855	0	.2198145	0
970.15	0	.7798874	0	.2201126	0
969.15	0	.77959	0	.22041	0
968.15	0	.7792932	0	.2207068	0
967.15	0	.778997	0	.221003	0
966.15	0	.7787015	0	.2212985	0
965.15	0	.7784066	0	.2215934	0
964.15	0	.7781123	0	.2218877	0
963.15	0	.7778187	0	.2221813	0
962.15	0	.7775257	0	.2224743	0
961.15	0	.7772333	0	.2227667	0
960.15	0	.7769416	0	.2230584	0
959.15	0	.7766505	0	.2233495	0
958.15	0	.77636	0	.22364	0
957.15	0	.7760702	0	.2239298	0
956.15	0	.775781	0	.2242191	0
955.15	0	.7754924	0	.2245076	0
954.15	0	.7752044	0	.2247956	0
953.15	0	.7749171	0	.2250829	0
952.15	0	.7746304	0	.2253696	0
951.15	0	.7743443	0	.2256557	0
950.15	0	.7740588	0	.2259412	0
949.15	0	.773774	0	.226226	0
948.15	0	.7734898	0	.2265102	0
947.15	0	.7732062	0	.2267938	0
946.15	0	.7729232	0	.2270768	0
945.15	0	.7726409	0	.2273591	0
944.15	0	.7723592	0	.2276408	0
943.15	0	.7720781	0	.2279219	0
942.15	0	.7717976	0	.2282024	0
941.15	0	.7715177	0	.2284823	0
940.15	0	.7712385	0	.2287615	0
939.15	0	.7709598	0	.2290402	0
938.15	0	.7706818	0	.2293182	0
937.15	0	.7704044	0	.2295956	0
936.15	0	.7701277	0	.2298724	0
935.15	0	.7698515	0	.2301485	0
934.15	0	.7695759	0	.2304241	0
933.15	0	.769301	0	.230699	0
932.15	0	.7690267	0	.2309733	0
931.15	0	.768753	0	.231247	0
930.15	0	.7684799	0	.2315201	0
929.15	0	.7682074	0	.2317926	0
928.15	0	.7679355	0	.2320645	0
927.15	0	.7676643	0	.2323357	0
926.15	0	.7673936	0	.2326064	0
925.15	0	.7671236	0	.2328764	0
924.15	0	.7668542	0	.2331459	0
923.15	0	.7665853	0	.2334147	0
922.15	0	.7663171	0	.2336829	0
921.15	0	.7660495	0	.2339505	0
920.3087	0	.7658248	0	.2341752	0
920.3087	0	.7658248	0	.2341752	0
920.3087	0	.7658248	0	.2341752	0
920.15	0	.7656943	9.942396E-05	.2342062	0
919.15	0	.7648729	7.255949E-04	.2344015	0
918.15	0	.7640532	.001351003	.2345958	0
917.15	0	.7632352	.001975665	.2347891	0
916.15	0	.7624189	.002599598	.2349815	0
915.15	0	.7616044	.003222821	.2351728	0
914.15	0	.7607915	.003845352	.2353632	0
913.15	0	.7599802	.004467211	.2355526	0
912.15	0	.7591706	.005088415	.235741	0
911.15	0	.7583627	.005708986	.2359283	0
910.15	0	.7575564	.006328942	.2361147	0
909.15	0	.7567516	.006948306	.2363001	0
908.15	0	.7559485	.007567097	.2364844	0
907.15	0	.7551469	.008185338	.2366677	0
906.15	0	.754347	.00880305	.23685	0
905.15	0	.7535485	.009420256	.2370312	0
904.15	0	.7527516	.01003698	.2372114	0
903.15	0	.7519562	.01065324	.2373906	0
902.15	0	.7511622	.01126907	.2375687	0
901.15	0	.7503698	.01188449	.2377458	0
900.15	0	.7495787	.01249952	.2379217	0
899.15	0	.7487892	.01311419	.2380967	0
898.15	0	.748001	.01372853	.2382705	0
897.15	0	.7472142	.01434257	.2384432	0
896.15	0	.7464288	.01495632	.2386149	0
895.15	0	.7456447	.01556983	.2387854	0
894.15	0	.744862	.01618312	.2389549	0
893.15	0	.7440806	.01679621	.2391232	0
892.15	0	.7433005	.01740914	.2392904	0
891.15	0	.7425216	.01802195	.2394565	0
890.15	0	.7417439	.01863465	.2396214	0
889.15	0	.7409675	.01924729	.2397852	0
888.15	0	.7401922	.01985989	.2399479	0
887.15	0	.7394182	.0204725	.2401093	0
886.15	0	.7386452	.02108514	.2402697	0
885.15	0	.7378734	.02169786	.2404288	0
884.15	0	.7371026	.02231068	.2405867	0
883.15	0	.7363329	.02292365	.2407435	0
882.15	0	.7355642	.0235368	.240899	0
881.15	0	.7347965	.02415018	.2410534	0
880.15	0	.7340297	.02476382	.2412065	0
879.15	0	.7332639	.02537776	.2413583	0
878.15	0	.732499	.02599205	.241509	0
877.15	0	.731735	.02660673	.2416583	0
876.15	0	.7309717	.02722184	.2418064	0
875.15	0	.7302093	.02783743	.2419533	0
874.15	0	.7294477	.02845355	.2420988	0
873.15	0	.7286867	.02907024	.242243	0
872.15	0	.7279265	.02968755	.242386	0
871.15	0	.7271669	.03030553	.2425276	0
870.15	0	.7264079	.03092423	.2426678	0
869.15	0	.7256495	.03154371	.2428068	0
868.15	0	.7248916	.03216402	.2429443	0
867.15	0	.7241343	.03278522	.2430805	0
866.15	0	.7233773	.03340735	.2432154	0
865.15	0	.7226208	.03403049	.2433488	0
864.15	0	.7218646	.03465468	.2434808	0
863.15	0	.7211087	.03528	.2436113	0
862.15	0	.720353	.0359065	.2437405	0
861.15	0	.7195976	.03653425	.2438681	0
860.15	0	.7188424	.03716332	.2439943	0
859.15	0	.7180872	.03779376	.244119	0
858.15	0	.7173321	.03842567	.2442422	0
857.15	0	.716577	.0390591	.2443639	0
856.15	0	.7158218	.03969413	.2444841	0
855.15	0	.7150665	.04033085	.2446026	0
854.15	0	.714311	.04096932	.2447197	0
853.15	0	.7135553	.04160963	.2448351	0
852.15	0	.7127993	.04225186	.2449489	0
851.15	0	.7120429	.0428961	.245061	0
850.15	0	.711286	.04354244	.2451715	0
849.15	0	.7105287	.04419097	.2452804	0
848.15	0	.7097707	.04484179	.2453875	0
847.15	0	.7090121	.04549499	.2454929	0
846.15	0	.7082528	.04615067	.2455966	0
845.15	0	.7074926	.04680895	.2456985	0
844.15	0	.7067315	.04746992	.2457986	0
843.15	0	.7059695	.0481337	.2458968	0
842.15	0	.7052063	.0488004	.2459933	0
841.15	0	.704442	.04947015	.2460878	0
840.15	0	.7036765	.05014306	.2461805	0
839.15	0	.7029095	.05081927	.2462712	0
838.15	0	.7021411	.05149891	.24636	0
837.15	0	.7013712	.05218212	.2464467	0
836.15	0	.7005995	.05286904	.2465314	0
835.15	0	.699826	.05355982	.2466141	0
834.15	0	.6990507	.05425462	.2466947	0
833.15	0	.6982733	.05495359	.2467731	0
832.15	0	.6974937	.05565691	.2468494	0
831.15	0	.6967118	.05636475	.2469234	0
830.15	0	.6959275	.05707729	.2469952	0
829.15	0	.6951406	.05779473	.2470647	0
828.15	0	.6943509	.05851725	.2471318	0
827.15	0	.6935584	.05924508	.2471966	0
826.15	0	.6927627	.05997842	.2472588	0
825.15	0	.6919639	.06071751	.2473186	0
824.15	0	.6911616	.06146258	.2473759	0
823.15	0	.6903556	.06221389	.2474305	0
822.15	0	.6895459	.06297169	.2474824	0
821.15	0	.6887321	.06373627	.2475316	0
820.15	0	.6879141	.06450791	.247578	0
819.15	0	.6870915	.06528692	.2476216	0
818.15	0	.6862642	.06607362	.2476622	0
817.15	0	.6854319	.06686836	.2476997	0
816.15	0	.6845943	.0676715	.2477342	0
815.15	0	.6837512	.06848341	.2477654	0
814.15	0	.6829021	.06930451	.2477934	0
813.15	0	.6820469	.07013523	.2478179	0
812.15	0	.681185	.07097601	.247839	0
811.15	0	.6803162	.07182736	.2478565	0
810.15	0	.67944	.07268979	.2478702	0
809.15	0	.6785561	.07356385	.2478801	0
808.15	0	.6776639	.07445015	.2478859	0
807.15	0	.676763	.07534932	.2478877	0
806.15	0	.6758528	.07626204	.2478852	0
805.15	0	.6749328	.07718906	.2478781	0
804.15	0	.6740023	.07813118	.2478665	0
803.15	0	.6730607	.07908926	.24785	0
802.15	0	.6721073	.08006423	.2478285	0
801.15	0	.6711413	.08105711	.2478016	0
800.15	0	.6701617	.08206903	.2477692	0
799.15	0	.6691677	.08310119	.2477311	0
798.15	0	.6681583	.08415492	.2476868	0
797.15	0	.6671323	.08523172	.247636	0
796.15	0	.6660883	.08633319	.2475785	0
795.15	0	.6650251	.08746114	.2475137	0
794.15	0	.6639411	.0886176	.2474413	0
793.15	0	.6628346	.08980481	.2473606	0
792.15	0	.6612872	.09153275	.24718	0
791.15	0	.659424	.09365201	.246924	0
790.15	0	.6576519	.09566712	.246681	0
789.15	0	.6559614	.09758814	.2464504	0
788.15	0	.6543468	.09942218	.246231	0
787.15	0	.652802	.1011762	.2460219	0
786.15	0	.6513217	.1028562	.2458222	0
785.15	0	.6499011	.1044677	.2456312	0
784.15	0	.648536	.1060156	.2454484	0
783.15	0	.6472226	.1075044	.2452731	0
782.15	0	.6459574	.1089379	.2451047	0
781.15	0	.6447373	.1103198	.2449429	0
780.15	0	.6435595	.1116533	.2447872	0
779.15	0	.6424214	.1129414	.2446372	0
778.15	0	.6413206	.1141869	.2444925	0
777.15	0	.640255	.1153921	.2443529	0
776.15	0	.6392227	.1165595	.2442179	0
775.15	0	.6382217	.117691	.2440873	0
774.15	0	.6372504	.1187886	.243961	0
773.15	0	.6363074	.1198541	.2438385	0
772.15	0	.635391	.1208892	.2437198	0
771.15	0	.6345001	.1218953	.2436046	0
770.15	0	.6336334	.122874	.2434927	0
769.15	0	.6327897	.1238264	.2433839	0
768.15	0	.6319679	.124754	.2432781	0
767.15	0	.6311671	.1256577	.2431752	0
766.15	0	.6303864	.1265387	.2430749	0
765.15	0	.6296248	.1273981	.2429772	0
764.15	0	.6288815	.1282366	.2428819	0
763.15	0	.6281558	.1290553	.2427889	0
762.15	0	.6274469	.129855	.2426981	0
761.15	0	.6267542	.1306364	.2426094	0
760.15	0	.626077	.1314003	.2425228	0
759.15	0	.6254146	.1321474	.242438	0
758.15	0	.6247666	.1328784	.242355	0
757.15	0	.6241324	.1335938	.2422738	0
756.15	0	.6235115	.1342943	.2421943	0
755.15	0	.6229033	.1349804	.2421163	0
754.15	0	.6223075	.1356526	.2420399	0
753.15	0	.6217236	.1363115	.2419649	0
752.15	0	.6211511	.1369576	.2418914	0
751.15	0	.6205897	.1375912	.2418191	0
750.15	0	.620039	.1382128	.2417482	0
749.15	0	.6194986	.1388229	.2416785	0
748.15	0	.6189683	.1394218	.2416099	0
747.15	0	.6184476	.1400099	.2415425	0
746.15	0	.6179363	.1405875	.2414762	0
745.15	0	.617434	.141155	.241411	0
744.15	0	.6169405	.1417127	.2413467	0
743.15	0	.6164556	.142261	.2412835	0
742.15	0	.6159789	.1428	.2412211	0
741.15	0	.6155102	.1433302	.2411597	0
740.15	0	.6150492	.1438517	.2410991	0
739.15	0	.6145958	.1443649	.2410393	0
738.15	0	.6141498	.1448699	.2409803	0
737.15	0	.6137108	.1453671	.2409221	0
736.15	0	.6132787	.1458566	.2408647	0
735.15	0	.6128534	.1463387	.2408079	0
734.15	0	.6124346	.1468136	.2407519	0
733.15	0	.6120221	.1472814	.2406965	0
732.15	0	.6116158	.1477424	.2406417	0
731.15	0	.6112156	.1481968	.2405876	0
730.15	0	.6108212	.1486448	.240534	0
729.15	0	.6104325	.1490865	.2404811	0
728.15	0	.6100493	.149522	.2404287	0
727.15	0	.6096716	.1499516	.2403768	0
726.15	0	.6092991	.1503755	.2403254	0
725.15	0	.6089318	.1507937	.2402746	0
724.15	0	.6085695	.1512064	.2402242	0
723.15	0	.6082121	.1516137	.2401743	0
722.15	0	.6078594	.1520158	.2401248	0
721.15	0	.6075114	.1524129	.2400757	0
720.15	0	.607168	.1528049	.2400271	0
719.15	0	.606829	.1531921	.2399789	0
718.15	0	.6064943	.1535746	.2399311	0
717.15	0	.6061639	.1539525	.2398836	0
716.15	0	.6058376	.1543259	.2398366	0
715.15	0	.6055153	.1546948	.2397898	0
714.15	0	.605197	.1550595	.2397434	0
713.15	0	.6048826	.15542	.2396974	0
712.15	0	.604572	.1557764	.2396517	0
711.15	0	.604265	.1561288	.2396062	0
710.15	0	.6039617	.1564772	.2395611	0
709.15	0	.6036619	.1568219	.2395163	0
708.15	0	.6033655	.1571628	.2394717	0
707.15	0	.6030726	.1575	.2394274	0
706.15	0	.6027829	.1578337	.2393834	0
705.15	0	.6024965	.1581638	.2393396	0
704.15	0	.6022133	.1584906	.2392961	0
703.15	0	.6019333	.1588139	.2392528	0
702.15	0	.6016562	.159134	.2392098	0
701.15	0	.6013822	.1594509	.2391669	0
700.15	0	.6011111	.1597646	.2391243	0
699.15	0	.6008429	.1600752	.2390819	0
698.15	0	.6005774	.1603828	.2390397	0
697.15	0	.6003148	.1606875	.2389977	0
696.15	0	.6000549	.1609892	.2389559	0
695.15	0	.5997976	.1612881	.2389143	0
694.15	0	.5995429	.1615842	.2388728	0
693.15	0	.5992908	.1618776	.2388316	0
692.15	0	.5990412	.1621683	.2387904	0
691.15	0	.5987941	.1624564	.2387495	0
690.15	0	.5985494	.1627419	.2387087	0
689.15	0	.5983071	.1630249	.2386681	0
688.15	0	.5980671	.1633054	.2386276	0
687.15	0	.5978294	.1635834	.2385872	0
686.15	0	.5975939	.1638591	.238547	0
685.15	0	.5973607	.1641324	.2385069	0
684.15	0	.5971296	.1644034	.238467	0
683.15	0	.5969007	.1646721	.2384272	0
682.15	0	.5966739	.1649386	.2383875	0
681.15	0	.5964491	.165203	.2383479	0
680.15	0	.5962264	.1654652	.2383084	0
679.15	0	.5960056	.1657253	.2382691	0
678.15	0	.5957869	.1659833	.2382298	0
677.15	0	.59557	.1662393	.2381907	0
676.15	0	.5953551	.1664933	.2381516	0
675.15	0	.595142	.1667453	.2381127	0
674.15	0	.5949307	.1669954	.2380739	0
673.15	0	.5947212	.1672436	.2380351	0
672.15	0	.5945136	.16749	.2379964	0
671.15	0	.5943077	.1677345	.2379579	0
670.15	0	.5941034	.1679772	.2379194	0
669.15	0	.5939009	.1682181	.237881	0
668.15	0	.5937001	.1684573	.2378426	0
667.15	0	.5935009	.1686947	.2378044	0
666.15	0	.5933033	.1689305	.2377662	0
665.15	0	.5931073	.1691645	.2377281	0
664.15	0	.5929129	.169397	.2376901	0
663.15	0	.5927201	.1696278	.2376521	0
662.15	0	.5925287	.1698571	.2376142	0
661.15	0	.5923389	.1700848	.2375764	0
660.15	0	.5921505	.1703109	.2375386	0
659.15	0	.5919636	.1705355	.2375009	0
658.15	0	.5917781	.1707587	.2374632	0
657.15	0	.591594	.1709803	.2374257	0
656.15	0	.5914114	.1712005	.2373881	0
655.15	0	.5912301	.1714193	.2373506	0
654.15	0	.5910502	.1716366	.2373132	0
653.15	0	.5908716	.1718526	.2372758	0
652.15	0	.5906943	.1720672	.2372385	0
651.15	0	.5905183	.1722805	.2372012	0
650.15	0	.5903436	.1724924	.237164	0
649.15	0	.5901702	.172703	.2371268	0
648.15	0	.5899981	.1729123	.2370897	0
647.15	0	.5898271	.1731203	.2370526	0
646.15	0	.5896574	.1733271	.2370155	0
645.15	0	.5894889	.1735326	.2369785	0
644.15	0	.5893215	.173737	.2369415	0
643.15	0	.5891554	.1739401	.2369046	0
642.15	0	.5889904	.174142	.2368677	0
641.15	0	.5888265	.1743427	.2368308	0
640.15	0	.5886638	.1745423	.236794	0
639.15	0	.5885021	.1747407	.2367572	0
638.15	0	.5883416	.174938	.2367205	0
637.15	0	.5881821	.1751341	.2366837	0
636.15	0	.5880237	.1753292	.2366471	0
635.15	0	.5878664	.1755232	.2366104	0
634.15	0	.5877102	.1757161	.2365738	0
633.15	0	.5875549	.1759079	.2365372	0
632.15	0	.5874007	.1760987	.2365006	0
631.15	0	.5872475	.1762884	.2364641	0
630.15	0	.5870952	.1764772	.2364276	0
629.15	0	.586944	.1766649	.2363911	0
628.15	0	.5867937	.1768516	.2363547	0
627.15	0	.5866444	.1770373	.2363183	0
626.15	0	.5864961	.177222	.2362819	0
625.15	0	.5863487	.1774058	.2362455	0
624.15	0	.5862022	.1775886	.2362092	0
623.15	0	.5860566	.1777705	.2361729	0
622.15	0	.585912	.1779514	.2361366	0
621.15	0	.5857682	.1781314	.2361003	0
620.15	0	.5856254	.1783105	.2360641	0
619.15	0	.5854834	.1784887	.2360279	0
618.15	0	.5853423	.178666	.2359917	0
617.15	0	.585202	.1788425	.2359556	0
616.15	0	.5850626	.179018	.2359194	0
615.15	0	.584924	.1791927	.2358833	0
614.15	0	.5847863	.1793665	.2358472	0
613.15	0	.5846494	.1795395	.2358111	0
612.15	0	.5845133	.1797116	.2357751	0
611.15	0	.584378	.1798829	.2357391	0
610.15	0	.5842436	.1800534	.2357031	0
609.15	0	.5841099	.180223	.2356671	0
608.15	0	.583977	.1803919	.2356312	0
607.15	0	.5838448	.18056	.2355952	0
606.15	0	.5837135	.1807272	.2355593	0
605.15	0	.5835829	.1808937	.2355234	0
604.15	0	.583453	.1810594	.2354876	0
603.15	0	.5833239	.1812244	.2354517	0
602.15	0	.5831956	.1813886	.2354159	0
601.15	0	.5830679	.181552	.2353801	0
600.15	0	.582941	.1817147	.2353443	0
599.15	0	.5828148	.1818766	.2353086	0
598.15	0	.5826893	.1820378	.2352728	0
597.15	0	.5825646	.1821983	.2352371	0
596.15	0	.5824405	.1823581	.2352014	0
595.15	0	.5823171	.1825171	.2351658	0
594.15	0	.5821944	.1826754	.2351301	0
593.15	0	.5820724	.1828331	.2350945	0
592.15	0	.5819511	.18299	.2350589	0
591.15	0	.5818304	.1831463	.2350233	0
590.15	0	.5817104	.1833019	.2349878	0
589.15	0	.581591	.1834568	.2349523	0
588.15	0	.5814723	.183611	.2349168	0
587.15	0	.5813542	.1837645	.2348813	0
586.15	0	.5812368	.1839174	.2348458	0
585.15	0	.58112	.1840697	.2348104	0
584.15	0	.5810038	.1842212	.234775	0
583.15	0	.5808883	.1843722	.2347396	0
582.15	0	.5807734	.1845225	.2347042	0
581.15	0	.580659	.1846721	.2346689	0
580.15	0	.5805453	.1848211	.2346335	0
579.15	0	.5804322	.1849695	.2345983	0
578.15	0	.5803197	.1851173	.234563	0
577.15	0	.5802078	.1852645	.2345277	0
576.15	0	.5800965	.185411	.2344925	0
575.15	0	.5799857	.1855569	.2344573	0
574.15	0	.5798756	.1857023	.2344222	0
573.15	0	.579766	.185847	.234387	0
572.15	0	.579657	.1859911	.2343519	0
571.15	0	.5795485	.1861347	.2343168	0
570.15	0	.5794406	.1862776	.2342818	0
569.15	0	.5793333	.18642	.2342468	0
568.15	0	.5792265	.1865617	.2342118	0
567.15	0	.5791203	.186703	.2341768	0
566.15	0	.5790146	.1868436	.2341418	0
565.15	0	.5789095	.1869836	.2341069	0
564.15	0	.5788048	.1871231	.234072	0
563.15	0	.5787008	.1872621	.2340372	0
562.15	0	.5785972	.1874004	.2340023	0
561.15	0	.5784942	.1875383	.2339675	0
560.15	0	.5783917	.1876755	.2339328	0
559.15	0	.5782897	.1878122	.233898	0
558.15	0	.5781883	.1879484	.2338633	0
557.15	0	.5780873	.188084	.2338286	0
556.15	0	.5779869	.1882191	.233794	0
555.15	0	.5778869	.1883537	.2337594	0
554.15	0	.5777875	.1884877	.2337248	0
553.15	0	.5776886	.1886212	.2336903	0
552.15	0	.5775901	.1887541	.2336557	0
551.15	0	.5774922	.1888866	.2336213	0
550.15	0	.5773947	.1890185	.2335868	0
549.15	0	.5772977	.1891499	.2335524	0
548.15	0	.5772012	.1892807	.233518	0
547.15	0	.5771052	.1894111	.2334837	0
546.15	0	.5770097	.1895409	.2334494	0
545.15	0	.5769146	.1896703	.2334151	0
544.15	0	.57682	.1897991	.2333809	0
543.15	0	.5767259	.1899274	.2333467	0
542.15	0	.5766323	.1900552	.2333124	0
541.15	0	.5765391	.1901826	.2332783	0
540.15	0	.5764464	.1903094	.2332442	0
539.15	0	.5763541	.1904357	.2332102	0
538.15	0	.5762622	.1905616	.2331762	0
537.15	0	.5761709	.1906869	.2331422	0
536.15	0	.5760799	.1908118	.2331083	0
535.15	0	.5759894	.1909362	.2330744	0
534.15	0	.5758994	.19106	.2330406	0
533.15	0	.5758098	.1911834	.2330068	0
532.15	0	.5757206	.1913064	.232973	0
531.15	0	.5756319	.1914288	.2329393	0
530.15	0	.5755436	.1915508	.2329056	0
529.15	0	.5754557	.1916723	.232872	0
528.15	0	.5753683	.1917933	.2328384	0
527.15	0	.5752813	.1919139	.2328049	0
526.15	0	.5751947	.192034	.2327713	0
525.15	0	.5751085	.1921536	.2327379	0
524.15	0	.5750228	.1922727	.2327045	0
523.15	0	.5749375	.1923914	.2326711	0
522.15	0	.5748526	.1925096	.2326378	0
521.15	0	.574768	.1926274	.2326045	0
520.15	0	.574684	.1927447	.2325713	0
519.15	0	.5746003	.1928616	.2325381	0
518.15	0	.574517	.192978	.232505	0
517.15	0	.5744342	.1930939	.232472	0
516.15	0	.5743517	.1932094	.2324389	0
515.15	0	.5742696	.1933244	.2324059	0
514.15	0	.574188	.193439	.232373	0
513.15	0	.5741067	.1935532	.2323401	0
512.15	0	.5740258	.1936668	.2323073	0
511.15	0	.5739454	.1937801	.2322745	0
510.15	0	.5738653	.1938929	.2322418	0
509.15	0	.5737856	.1940052	.2322092	0
508.15	0	.5737063	.1941172	.2321766	0
507.15	0	.5736274	.1942286	.232144	0
506.15	0	.5735488	.1943397	.2321115	0
505.15	0	.5734707	.1944503	.232079	0
504.15	0	.5733929	.1945604	.2320466	0
503.15	0	.5733155	.1946702	.2320143	0
502.15	0	.5732385	.1947795	.231982	0
501.15	0	.5731619	.1948883	.2319498	0
500.15	0	.5730856	.1949967	.2319176	0
499.15	0	.5730097	.1951047	.2318855	0
498.15	0	.5729342	.1952123	.2318535	0
497.15	0	.5728591	.1953194	.2318215	0
496.15	0	.5727843	.1954261	.2317896	0
495.15	0	.5727099	.1955324	.2317577	0
494.15	0	.5726359	.1956383	.2317259	0
493.15	0	.5725622	.1957437	.2316941	0
492.15	0	.5724889	.1958487	.2316624	0
491.15	0	.5724159	.1959533	.2316308	0
490.15	0	.5723433	.1960575	.2315992	0
489.15	0	.5722711	.1961612	.2315677	0
488.15	0	.5721992	.1962645	.2315363	0
487.15	0	.5721276	.1963674	.2315049	0
486.15	0	.5720565	.1964699	.2314736	0
485.15	0	.5719857	.196572	.2314424	0
484.15	0	.5719152	.1966736	.2314112	0
483.15	0	.5718451	.1967749	.2313801	0
482.15	0	.5717753	.1968757	.231349	0
481.15	0	.5717059	.1969761	.2313181	0
480.15	0	.5716368	.1970761	.2312871	0
479.15	0	.5715681	.1971756	.2312563	0
478.15	0	.5714997	.1972748	.2312255	0
477.15	0	.5714316	.1973736	.2311948	0
476.15	0	.5713639	.1974719	.2311642	0
475.15	0	.5712965	.1975698	.2311336	0
474.15	0	.5712295	.1976674	.2311031	0
473.15	0	.5711628	.1977645	.2310727	0
472.15	0	.5710965	.1978612	.2310424	0
471.15	0	.5710304	.1979575	.2310121	0
470.15	0	.5709648	.1980534	.2309819	0
469.15	0	.5708994	.1981489	.2309518	0
468.15	0	.5708344	.1982439	.2309217	0
467.15	0	.5707697	.1983386	.2308917	0
466.15	0	.5707053	.1984329	.2308618	0
465.15	0	.5706413	.1985267	.230832	0
464.15	0	.5705776	.1986202	.2308022	0
463.15	0	.5705142	.1987133	.2307725	0
462.15	0	.5704512	.1988059	.2307429	0
461.15	0	.5703884	.1988982	.2307134	0
460.15	0	.570326	.1989901	.2306839	0
459.15	0	.5702639	.1990815	.2306546	0
458.15	0	.5702022	.1991726	.2306253	0
457.15	0	.5701407	.1992632	.230596	0
456.15	0	.5700796	.1993535	.2305669	0
455.15	0	.5700188	.1994434	.2305379	0
454.15	0	.5699583	.1995328	.2305089	0
453.15	0	.5698981	.1996219	.23048	0
452.15	0	.5698383	.1997106	.2304512	0
451.15	0	.5697787	.1997988	.2304225	0
450.15	0	.5697195	.1998867	.2303938	0
449.15	0	.5696606	.1999741	.2303653	0
448.15	0	.569602	.2000612	.2303368	0
447.15	0	.5695438	.2001478	.2303084	0
446.15	0	.5694859	.200234	.2302802	0
445.15	0	.5694282	.2003198	.230252	0
444.15	0	.569371	.2004052	.2302239	0
443.15	0	.569314	.2004901	.2301959	0
442.15	0	.5692574	.2005746	.230168	0
441.15	0	.5692011	.2006587	.2301402	0
440.15	0	.5691451	.2007424	.2301125	0
439.15	0	.5690895	.2008256	.2300849	0
438.15	0	.5690342	.2009084	.2300574	0
437.15	0	.5689793	.2009907	.23003	0
436.15	0	.5689247	.2010726	.2300028	0
435.15	0	.5688704	.201154	.2299756	0
434.15	0	.5688165	.201235	.2299486	0
433.15	0	.5687629	.2013155	.2299216	0
432.15	0	.5687096	.2013955	.2298948	0
431.15	0	.5686567	.2014752	.2298681	0
430.15	0	.5686042	.2015543	.2298415	0
429.15	0	.568552	.201633	.2298151	0
428.15	0	.5685001	.2017112	.2297887	0
427.15	0	.5684486	.2017889	.2297625	0
426.15	0	.5683974	.2018662	.2297364	0
425.15	0	.5683466	.201943	.2297104	0
424.15	0	.5682961	.2020193	.2296846	0
423.15	0	.568246	.2020952	.2296588	0
422.15	0	.5681962	.2021705	.2296332	0
421.15	0	.5681468	.2022454	.2296078	0
420.15	0	.5680977	.2023199	.2295824	0
419.15	0	.5680489	.2023939	.2295572	0
418.15	0	.5680005	.2024674	.2295321	0
417.15	0	.5679525	.2025404	.2295072	0
416.15	0	.5679048	.2026129	.2294823	0
415.15	0	.5678574	.202685	.2294576	0
414.15	0	.5678104	.2027566	.229433	0
413.15	0	.5677637	.2028277	.2294086	0
412.15	0	.5677173	.2028984	.2293843	0
411.15	0	.5676713	.2029686	.2293601	0
410.15	0	.5676256	.2030383	.2293361	0
409.15	0	.5675803	.2031075	.2293121	0
408.15	0	.5675353	.2031763	.2292884	0
407.15	0	.5674906	.2032446	.2292647	0
406.15	0	.5674463	.2033125	.2292412	0
405.15	0	.5674023	.2033799	.2292178	0
404.15	0	.5673586	.2034468	.2291946	0
403.15	0	.5673153	.2035133	.2291715	0
402.15	0	.5672723	.2035792	.2291485	0
401.15	0	.5672296	.2036448	.2291256	0
400.15	0	.5671872	.2037099	.2291029	0
399.15	0	.5671452	.2037745	.2290803	0
398.15	0	.5671034	.2038387	.2290579	0
397.15	0	.567062	.2039024	.2290356	0
396.15	0	.5670209	.2039657	.2290134	0
395.15	0	.5669802	.2040285	.2289913	0
394.15	0	.5669397	.2040909	.2289694	0
393.15	0	.5668996	.2041528	.2289476	0
392.15	0	.5668597	.2042143	.228926	0
391.15	0	.5668202	.2042754	.2289045	0
390.15	0	.566781	.204336	.2288831	0
389.15	0	.566742	.2043962	.2288618	0
388.15	0	.5667034	.2044559	.2288407	0
387.15	0	.5666651	.2045152	.2288197	0
386.15	0	.5666271	.2045741	.2287988	0
385.15	0	.5665893	.2046326	.2287781	0
384.15	0	.5665519	.2046906	.2287575	0
383.15	0	.5665147	.2047483	.228737	0
382.15	0	.5664779	.2048055	.2287166	0
381.15	0	.5664413	.2048623	.2286964	0
380.15	0	.566405	.2049186	.2286763	0
379.15	0	.566369	.2049746	.2286564	0
378.15	0	.5663333	.2050302	.2286365	0
377.15	0	.5662978	.2050854	.2286168	0
376.15	0	.5662627	.2051401	.2285972	0
375.15	0	.5662278	.2051945	.2285778	0
374.15	0	.5661931	.2052484	.2285584	0
373.15	0	.5661588	.205302	.2285392	0
372.15	0	.5661247	.2053552	.2285201	0
371.15	0	.5660908	.205408	.2285012	0
370.15	0	.5660573	.2054604	.2284823	0
369.15	0	.5660239	.2055124	.2284636	0
368.15	0	.5659909	.2055641	.228445	0
367.15	0	.5659581	.2056154	.2284265	0
366.15	0	.5659255	.2056663	.2284082	0
365.15	0	.5658932	.2057168	.22839	0
364.15	0	.5658612	.205767	.2283719	0
363.15	0	.5658294	.2058168	.2283539	0
362.15	0	.5657978	.2058662	.228336	0
361.15	0	.5657665	.2059153	.2283182	0
360.15	0	.5657354	.205964	.2283006	0
359.15	0	.5657045	.2060124	.2282831	0
358.15	0	.5656739	.2060604	.2282656	0
357.15	0	.5656435	.2061081	.2282484	0
356.15	0	.5656134	.2061555	.2282312	0
355.15	0	.5655834	.2062025	.2282141	0
354.15	0	.5655537	.2062491	.2281972	0
353.15	0	.5655242	.2062955	.2281803	0
352.15	0	.565495	.2063414	.2281636	0
351.15	0	.5654659	.2063871	.228147	0
350.15	0	.565437	.2064324	.2281305	0
349.15	0	.5654084	.2064775	.2281141	0
348.15	0	.56538	.2065222	.2280978	0
347.15	0	.5653518	.2065665	.2280817	0
346.15	0	.5653238	.2066106	.2280656	0
345.15	0	.565296	.2066543	.2280497	0
344.15	0	.5652684	.2066978	.2280338	0
343.15	0	.565241	.2067409	.2280181	0
342.15	0	.5652138	.2067838	.2280025	0
341.15	0	.5651867	.2068263	.227987	0
340.15	0	.5651599	.2068685	.2279715	0
339.15	0	.5651333	.2069105	.2279562	0
338.15	0	.5651069	.2069521	.227941	0
337.15	0	.5650806	.2069935	.2279259	0
336.15	0	.5650545	.2070346	.2279109	0
335.15	0	.5650286	.2070754	.227896	0
334.15	0	.5650029	.2071159	.2278812	0
333.15	0	.5649773	.2071561	.2278665	0
332.15	0	.564952	.2071961	.2278519	0
331.15	0	.5649268	.2072358	.2278375	0
330.15	0	.5649018	.2072752	.2278231	0
