T	 BPW(LIQUID)	BPW(BCC_A2)	BPW(FCC_A1)	BPW(LAVES_PHASE_C14)	BPW(NI3TI)
1473.15	0	1	0	0	0
1472.15	0	1	0	0	0
1471.15	0	1	0	0	0
1470.15	0	1	0	0	0
1469.15	0	1	0	0	0
1468.15	0	1	0	0	0
1467.15	0	1	0	0	0
1466.15	0	1	0	0	0
1465.15	0	1	0	0	0
1464.15	0	1	0	0	0
1463.15	0	1	0	0	0
1462.15	0	1	0	0	0
1461.15	0	1	0	0	0
1460.15	0	1	0	0	0
1459.15	0	1	0	0	0
1458.15	0	1	0	0	0
1457.15	0	1	0	0	0
1456.15	0	1	0	0	0
1455.15	0	1	0	0	0
1454.15	0	1	0	0	0
1453.15	0	1	0	0	0
1452.15	0	1	0	0	0
1451.15	0	1	0	0	0
1450.15	0	1	0	0	0
1449.15	0	1	0	0	0
1448.15	0	1	0	0	0
1447.15	0	1	0	0	0
1446.15	0	1	0	0	0
1445.15	0	1	0	0	0
1444.15	0	1	0	0	0
1443.15	0	1	0	0	0
1442.15	0	1	0	0	0
1441.15	0	1	0	0	0
1440.15	0	1	0	0	0
1439.15	0	1	0	0	0
1438.15	0	1	0	0	0
1437.15	0	1	0	0	0
1436.15	0	1	0	0	0
1435.15	0	1	0	0	0
1434.15	0	1	0	0	0
1433.15	0	1	0	0	0
1432.15	0	1	0	0	0
1431.15	0	1	0	0	0
1430.15	0	1	0	0	0
1429.15	0	1	0	0	0
1428.15	0	1	0	0	0
1427.15	0	1	0	0	0
1426.15	0	1	0	0	0
1425.15	0	1	0	0	0
1424.15	0	1	0	0	0
1423.15	0	1	0	0	0
1422.15	0	1	0	0	0
1421.15	0	1	0	0	0
1420.15	0	1	0	0	0
1419.15	0	1	0	0	0
1418.15	0	1	0	0	0
1417.15	0	1	0	0	0
1416.15	0	1	0	0	0
1415.15	0	1	0	0	0
1414.15	0	1	0	0	0
1413.15	0	1	0	0	0
1412.15	0	1	0	0	0
1411.15	0	1	0	0	0
1410.15	0	1	0	0	0
1409.15	0	1	0	0	0
1408.15	0	1	0	0	0
1407.15	0	1	0	0	0
1406.15	0	1	0	0	0
1405.15	0	1	0	0	0
1404.15	0	1	0	0	0
1403.15	0	1	0	0	0
1402.15	0	1	0	0	0
1401.15	0	1	0	0	0
1400.15	0	1	0	0	0
1399.15	0	1	0	0	0
1398.15	0	1	0	0	0
1397.15	0	1	0	0	0
1396.15	0	1	0	0	0
1395.15	0	1	0	0	0
1394.15	0	1	0	0	0
1393.15	0	1	0	0	0
1392.15	0	1	0	0	0
1391.15	0	1	0	0	0
1390.15	0	1	0	0	0
1389.15	0	1	0	0	0
1388.15	0	1	0	0	0
1387.15	0	1	0	0	0
1386.15	0	1	0	0	0
1385.15	0	1	0	0	0
1384.15	0	1	0	0	0
1383.15	0	1	0	0	0
1382.15	0	1	0	0	0
1381.15	0	1	0	0	0
1380.15	0	1	0	0	0
1379.15	0	1	0	0	0
1378.15	0	1	0	0	0
1377.15	0	1	0	0	0
1376.15	0	1	0	0	0
1375.15	0	1	0	0	0
1374.15	0	1	0	0	0
1373.15	0	1	0	0	0
1372.15	0	1	0	0	0
1371.15	0	1	0	0	0
1370.15	0	1	0	0	0
1369.15	0	1	0	0	0
1368.15	0	1	0	0	0
1367.15	0	1	0	0	0
1366.15	0	1	0	0	0
1365.15	0	1	0	0	0
1364.15	0	1	0	0	0
1363.15	0	1	0	0	0
1362.15	0	1	0	0	0
1361.15	0	1	0	0	0
1360.15	0	1	0	0	0
1359.15	0	1	0	0	0
1358.15	0	1	0	0	0
1357.15	0	1	0	0	0
1356.15	0	1	0	0	0
1355.15	0	1	0	0	0
1354.15	0	1	0	0	0
1353.15	0	1	0	0	0
1352.15	0	1	0	0	0
1351.15	0	1	0	0	0
1350.15	0	1	0	0	0
1349.15	0	1	0	0	0
1348.15	0	1	0	0	0
1347.15	0	1	0	0	0
1346.15	0	1	0	0	0
1345.15	0	1	0	0	0
1344.15	0	1	0	0	0
1343.15	0	1	0	0	0
1342.15	0	1	0	0	0
1341.15	0	1	0	0	0
1340.15	0	1	0	0	0
1339.15	0	1	0	0	0
1338.15	0	1	0	0	0
1337.15	0	1	0	0	0
1336.15	0	1	0	0	0
1335.15	0	1	0	0	0
1334.15	0	1	0	0	0
1333.15	0	1	0	0	0
1332.15	0	1	0	0	0
1331.15	0	1	0	0	0
1330.15	0	1	0	0	0
1329.15	0	1	0	0	0
1328.15	0	1	0	0	0
1327.15	0	1	0	0	0
1326.15	0	1	0	0	0
1325.15	0	1	0	0	0
1324.15	0	1	0	0	0
1323.15	0	1	0	0	0
1322.15	0	1	0	0	0
1321.15	0	1	0	0	0
1320.15	0	1	0	0	0
1319.15	0	1	0	0	0
1318.15	0	1	0	0	0
1317.15	0	1	0	0	0
1316.15	0	1	0	0	0
1315.15	0	1	0	0	0
1314.15	0	1	0	0	0
1313.15	0	1	0	0	0
1312.15	0	1	0	0	0
1311.15	0	1	0	0	0
1310.15	0	1	0	0	0
1309.15	0	1	0	0	0
1308.15	0	1	0	0	0
1307.15	0	1	0	0	0
1306.15	0	1	0	0	0
1305.15	0	1	0	0	0
1304.15	0	1	0	0	0
1303.15	0	1	0	0	0
1302.15	0	1	0	0	0
1301.15	0	1	0	0	0
1300.15	0	1	0	0	0
1299.15	0	1	0	0	0
1298.15	0	1	0	0	0
1297.15	0	1	0	0	0
1296.15	0	1	0	0	0
1295.15	0	1	0	0	0
1294.15	0	1	0	0	0
1293.15	0	1	0	0	0
1292.15	0	1	0	0	0
1291.15	0	1	0	0	0
1290.15	0	1	0	0	0
1289.15	0	1	0	0	0
1288.15	0	1	0	0	0
1287.15	0	1	0	0	0
1286.15	0	1	0	0	0
1285.15	0	1	0	0	0
1284.15	0	1	0	0	0
1283.15	0	1	0	0	0
1282.15	0	1	0	0	0
1281.15	0	1	0	0	0
1280.15	0	1	0	0	0
1279.15	0	1	0	0	0
1278.15	0	1	0	0	0
1277.15	0	1	0	0	0
1276.15	0	1	0	0	0
1275.15	0	1	0	0	0
1274.15	0	1	0	0	0
1273.15	0	1	0	0	0
1272.15	0	1	0	0	0
1271.15	0	1	0	0	0
1270.15	0	1	0	0	0
1269.15	0	1	0	0	0
1268.15	0	1	0	0	0
1267.15	0	1	0	0	0
1266.15	0	1	0	0	0
1265.15	0	1	0	0	0
1264.15	0	1	0	0	0
1263.15	0	1	0	0	0
1262.15	0	1	0	0	0
1261.15	0	1	0	0	0
1260.15	0	1	0	0	0
1259.15	0	1	0	0	0
1258.15	0	1	0	0	0
1257.15	0	1	0	0	0
1256.15	0	1	0	0	0
1255.15	0	1	0	0	0
1254.15	0	1	0	0	0
1253.15	0	1	0	0	0
1252.15	0	1	0	0	0
1251.15	0	1	0	0	0
1250.15	0	1	0	0	0
1249.15	0	1	0	0	0
1248.15	0	1	0	0	0
1247.15	0	1	0	0	0
1246.15	0	1	0	0	0
1245.15	0	1	0	0	0
1244.15	0	1	0	0	0
1243.15	0	1	0	0	0
1242.15	0	1	0	0	0
1241.15	0	1	0	0	0
1240.15	0	1	0	0	0
1239.15	0	1	0	0	0
1238.15	0	1	0	0	0
1237.15	0	1	0	0	0
1236.15	0	1	0	0	0
1235.15	0	1	0	0	0
1234.15	0	1	0	0	0
1233.15	0	1	0	0	0
1232.15	0	1	0	0	0
1231.15	0	1	0	0	0
1230.15	0	1	0	0	0
1229.15	0	1	0	0	0
1228.15	0	1	0	0	0
1227.15	0	1	0	0	0
1226.15	0	1	0	0	0
1225.15	0	1	0	0	0
1224.15	0	1	0	0	0
1223.15	0	1	0	0	0
1222.15	0	1	0	0	0
1221.15	0	1	0	0	0
1220.15	0	1	0	0	0
1219.15	0	1	0	0	0
1218.15	0	1	0	0	0
1217.15	0	1	0	0	0
1216.15	0	1	0	0	0
1215.15	0	1	0	0	0
1214.15	0	1	0	0	0
1213.15	0	1	0	0	0
1212.15	0	1	0	0	0
1211.15	0	1	0	0	0
1210.15	0	1	0	0	0
1209.15	0	1	0	0	0
1208.15	0	1	0	0	0
1207.15	0	1	0	0	0
1206.15	0	1	0	0	0
1205.15	0	1	0	0	0
1204.15	0	1	0	0	0
1203.15	0	1	0	0	0
1202.15	0	1	0	0	0
1201.15	0	1	0	0	0
1200.15	0	1	0	0	0
1199.15	0	1	0	0	0
1198.15	0	1	0	0	0
1197.15	0	1	0	0	0
1196.15	0	1	0	0	0
1195.15	0	1	0	0	0
1194.15	0	1	0	0	0
1193.15	0	1	0	0	0
1192.15	0	1	0	0	0
1191.15	0	1	0	0	0
1190.15	0	1	0	0	0
1189.15	0	1	0	0	0
1188.15	0	1	0	0	0
1187.15	0	1	0	0	0
1186.15	0	1	0	0	0
1185.15	0	1	0	0	0
1184.15	0	1	0	0	0
1183.15	0	1	0	0	0
1182.15	0	1	0	0	0
1181.15	0	1	0	0	0
1180.15	0	1	0	0	0
1179.15	0	1	0	0	0
1178.15	0	1	0	0	0
1177.15	0	1	0	0	0
1176.15	0	1	0	0	0
1175.15	0	1	0	0	0
1174.15	0	1	0	0	0
1173.15	0	1	0	0	0
1172.15	0	1	0	0	0
1171.15	0	1	0	0	0
1170.15	0	1	0	0	0
1169.15	0	1	0	0	0
1168.15	0	1	0	0	0
1167.15	0	1	0	0	0
1166.15	0	1	0	0	0
1165.15	0	1	0	0	0
1164.15	0	1	0	0	0
1163.15	0	1	0	0	0
1162.15	0	1	0	0	0
1161.15	0	1	0	0	0
1160.15	0	1	0	0	0
1159.15	0	1	0	0	0
1158.15	0	1	0	0	0
1157.15	0	1	0	0	0
1156.15	0	1	0	0	0
1155.15	0	1	0	0	0
1154.15	0	1	0	0	0
1153.15	0	1	0	0	0
1152.15	0	1	0	0	0
1151.15	0	1	0	0	0
1150.15	0	1	0	0	0
1149.15	0	1	0	0	0
1148.15	0	1	0	0	0
1147.15	0	1	0	0	0
1146.15	0	1	0	0	0
1145.15	0	1	0	0	0
1144.15	0	1	0	0	0
1143.15	0	1	0	0	0
1142.15	0	1	0	0	0
1141.15	0	1	0	0	0
1140.15	0	1	0	0	0
1139.15	0	1	0	0	0
1138.15	0	1	0	0	0
1137.15	0	1	0	0	0
1136.15	0	1	0	0	0
1135.15	0	1	0	0	0
1134.15	0	1	0	0	0
1133.15	0	1	0	0	0
1132.15	0	1	0	0	0
1131.15	0	1	0	0	0
1130.15	0	1	0	0	0
1129.15	0	1	0	0	0
1128.15	0	1	0	0	0
1127.15	0	1	0	0	0
1126.15	0	1	0	0	0
1125.15	0	1	0	0	0
1124.15	0	1	0	0	0
1123.15	0	1	0	0	0
1122.15	0	1	0	0	0
1121.15	0	1	0	0	0
1120.15	0	1	0	0	0
1119.15	0	1	0	0	0
1118.15	0	1	0	0	0
1117.15	0	1	0	0	0
1116.15	0	1	0	0	0
1115.15	0	1	0	0	0
1114.15	0	1	0	0	0
1113.15	0	1	0	0	0
1112.15	0	1	0	0	0
1111.15	0	1	0	0	0
1110.15	0	1	0	0	0
1109.15	0	1	0	0	0
1108.15	0	1	0	0	0
1107.15	0	1	0	0	0
1106.15	0	1	0	0	0
1105.15	0	1	0	0	0
1104.15	0	1	0	0	0
1103.15	0	1	0	0	0
1102.15	0	1	0	0	0
1101.15	0	1	0	0	0
1100.15	0	1	0	0	0
1099.15	0	1	0	0	0
1098.15	0	1	0	0	0
1097.15	0	1	0	0	0
1096.15	0	1	0	0	0
1095.15	0	1	0	0	0
1094.15	0	1	0	0	0
1093.15	0	1	0	0	0
1092.15	0	1	0	0	0
1091.15	0	1	0	0	0
1090.15	0	1	0	0	0
1089.15	0	1	0	0	0
1088.15	0	1	0	0	0
1087.15	0	1	0	0	0
1086.15	0	1	0	0	0
1085.15	0	1	0	0	0
1084.15	0	1	0	0	0
1083.15	0	1	0	0	0
1082.15	0	1	0	0	0
1082.006	0	1	0	0	0
1082.006	0	1	0	0	0
1082.006	0	1	0	0	0
1081.15	0	.9990242	9.758441E-04	0	0
1080.15	0	.9978878	.002112218	0	0
1079.15	0	.9967547	.003245286	0	0
1078.15	0	.995625	.004375042	0	0
1077.15	0	.9944985	.005501479	0	0
1076.15	0	.9933754	.006624588	0	0
1075.15	0	.9922556	.007744365	0	0
1074.15	0	.9911392	.008860801	0	0
1073.15	0	.9900261	.009973889	0	0
1072.15	0	.9889164	.01108362	0	0
1071.15	0	.98781	.01219	0	0
1070.15	0	.986707	.013293	0	0
1069.15	0	.9856074	.01439262	0	0
1068.15	0	.9845111	.01548887	0	0
1067.15	0	.9834183	.01658172	0	0
1066.15	0	.9823288	.01767118	0	0
1065.15	0	.9812428	.01875722	0	0
1064.15	0	.9801601	.01983986	0	0
1063.15	0	.9790809	.02091908	0	0
1062.15	0	.9780051	.02199487	0	0
1061.15	0	.9769328	.02306723	0	0
1060.15	0	.9758639	.02413614	0	0
1059.15	0	.9747984	.02520161	0	0
1058.15	0	.9737364	.02626362	0	0
1057.15	0	.9726778	.02732217	0	0
1056.15	0	.9716228	.02837724	0	0
1055.15	0	.9705712	.02942884	0	0
1054.15	0	.969523	.03047695	0	0
1053.15	0	.9684784	.03152157	0	0
1053.038	0	.9683621	.03163788	0	0
1053.038	0	.9683621	.03163788	0	0
1053.038	0	.9683621	.03163788	0	0
1052.15	0	.9672826	.03241136	3.060263E-04	0
1051.15	0	.9660715	.03327893	6.495392E-04	0
1050.15	0	.9648646	.03414329	9.920594E-04	0
1049.15	0	.963662	.03500445	.001333588	0
1048.15	0	.9624635	.03586239	.001674125	0
1047.15	0	.9612692	.03671713	.002013672	0
1046.15	0	.9600791	.03756864	.002352229	0
1045.15	0	.9588933	.03841695	.002689798	0
1044.15	0	.9577116	.03926204	.003026378	0
1043.15	0	.9565341	.04010391	.003361971	0
1042.15	0	.9553609	.04094256	.003696576	0
1041.15	0	.9541918	.041778	.004030195	0
1040.15	0	.953027	.04261021	.004362829	0
1039.15	0	.9518663	.04343919	.004694476	0
1038.15	0	.9507099	.04426496	.005025139	0
1037.15	0	.9495577	.04508749	.005354817	0
1036.15	0	.9484097	.0459068	.005683512	0
1035.15	0	.9472659	.04672288	.006011222	0
1034.15	0	.9461263	.04753574	.006337949	0
1033.15	0	.944991	.04834536	.006663692	0
1032.15	0	.9438598	.04915175	.006988453	0
1031.15	0	.9427329	.04995491	.00731223	0
1030.15	0	.9416102	.05075483	.007635026	0
1029.15	0	.9404916	.05155152	.007956838	0
1028.15	0	.9393774	.05234497	.008277668	0
1027.15	0	.9382673	.05313519	.008597516	0
1026.15	0	.9371614	.05392218	.008916382	0
1025.15	0	.9360598	.05470592	.009234265	0
1024.15	0	.9349624	.05548643	.009551166	0
1023.15	0	.9338692	.0562637	.009867084	0
1022.15	0	.9327803	.05703773	.01018202	0
1021.15	0	.9316955	.05780853	.01049597	0
1020.15	0	.930615	.05857608	.01080894	0
1019.15	0	.9295387	.0593404	.01112093	0
1018.15	0	.9284666	.06010147	.01143193	0
1017.15	0	.9273987	.06085931	.01174195	0
1016.15	0	.9263351	.06161391	.01205098	0
1015.15	0	.9252757	.06236527	.01235903	0
1014.15	0	.9242205	.06311339	.01266609	0
1013.15	0	.9231696	.06385827	.01297217	0
1012.15	0	.9221228	.06459992	.01327726	0
1011.15	0	.9210803	.06533833	.01358137	0
1010.15	0	.920042	.06607351	.01388448	0
1009.15	0	.919008	.06680545	.01418661	0
1008.15	0	.9179781	.06753415	.01448774	0
1007.15	0	.9169525	.06825963	.01478789	0
1006.15	0	.9159311	.06898187	.01508704	0
1005.15	0	.9149139	.06970088	.01538521	0
1004.15	0	.913901	.07041666	.01568237	0
1003.15	0	.9128922	.07112922	.01597855	0
1002.15	0	.9118877	.07183855	.01627373	0
1001.15	0	.9108874	.07254466	.01656791	0
1000.15	0	.9098914	.07324755	.01686109	0
999.15	0	.9088995	.07394722	.01715328	0
998.15	0	.9079119	.07464368	.01744446	0
997.15	0	.9069284	.07533692	.01773465	0
996.15	0	.9059492	.07602695	.01802382	0
995.15	0	.9049742	.07671378	.018312	0
994.15	0	.9040034	.0773974	.01859916	0
993.15	0	.9030369	.07807782	.01888532	0
992.15	0	.9020745	.07875504	.01917047	0
991.15	0	.9011163	.07942907	.0194546	0
990.15	0	.9001624	.08009991	.01973773	0
989.15	0	.8992126	.08076757	.02001983	0
988.15	0	.898267	.08143204	.02030092	0
987.15	0	.8973257	.08209334	.02058099	0
986.15	0	.8963885	.08275147	.02086004	0
985.15	0	.8954555	.08340644	.02113806	0
984.15	0	.8945267	.08405824	.02141506	0
983.15	0	.8936021	.08470689	.02169102	0
982.15	0	.8926816	.08535239	.02196596	0
981.15	0	.8917654	.08599475	.02223986	0
980.15	0	.8908533	.08663397	.02251272	0
979.15	0	.8899454	.08727007	.02278455	0
978.15	0	.8890416	.08790304	.02305533	0
977.15	0	.888142	.0885329	.02332507	0
976.15	0	.8872466	.08915965	.02359376	0
975.15	0	.8863553	.0897833	.0238614	0
974.15	0	.8854682	.09040387	.02412798	0
973.15	0	.8845851	.09102135	.02439351	0
972.15	0	.8837063	.09163576	.02465798	0
971.15	0	.8828315	.09224711	.02492138	0
970.15	0	.8819609	.0928554	.02518372	0
969.15	0	.8810944	.09346066	.02544498	0
968.15	0	.8802319	.09406288	.02570517	0
967.15	0	.8793736	.09466208	.02596428	0
966.15	0	.8785194	.09525827	.02622231	0
965.15	0	.8776693	.09585146	.02647925	0
964.15	0	.8768232	.09644167	.0267351	0
963.15	0	.8759812	.09702891	.02698985	0
962.15	0	.8751433	.09761318	.02724351	0
961.15	0	.8743094	.09819452	.02749606	0
960.15	0	.8734796	.09877292	.0277475	0
959.15	0	.8726538	.09934841	.02799783	0
958.15	0	.871832	.09992099	.02824704	0
957.15	0	.8710142	.1004907	.02849512	0
956.15	0	.8702004	.1010575	.02874208	0
955.15	0	.8693906	.1016215	.02898791	0
954.15	0	.8685847	.1021827	.02923259	0
953.15	0	.8677829	.102741	.02947614	0
952.15	0	.8669849	.1032965	.02971853	0
951.15	0	.8661909	.1038493	.02995976	0
950.15	0	.8654008	.1043993	.03019984	0
949.15	0	.8646147	.1049466	.03043874	0
948.15	0	.8638324	.1054911	.03067647	0
947.15	0	.863054	.106033	.03091302	0
946.15	0	.8622794	.1065722	.03114839	0
945.15	0	.8615087	.1071088	.03138255	0
944.15	0	.8607418	.1076427	.03161552	0
943.15	0	.8599787	.1081741	.03184728	0
942.15	0	.8592193	.1087029	.03207783	0
941.15	0	.8584638	.1092291	.03230715	0
940.15	0	.8577119	.1097528	.03253524	0
939.15	0	.8569638	.1102741	.0327621	0
938.15	0	.8562194	.1107929	.0329877	0
937.15	0	.8554787	.1113093	.03321206	0
936.15	0	.8547416	.1118233	.03343515	0
935.15	0	.8540081	.1123349	.03365697	0
934.15	0	.8532783	.1128442	.03387751	0
933.15	0	.852552	.1133513	.03409675	0
932.15	0	.8518292	.1138561	.03431471	0
931.15	0	.85111	.1143587	.03453135	0
930.15	0	.8503942	.1148591	.03474667	0
929.15	0	.849682	.1153574	.03496067	0
928.15	0	.8489731	.1158536	.03517333	0
927.15	0	.8482676	.1163478	.03538464	0
926.15	0	.8475655	.1168399	.03559459	0
925.15	0	.8468667	.1173301	.03580317	0
924.15	0	.8461712	.1178185	.03601037	0
923.15	0	.8454789	.1183049	.03621618	0
922.15	0	.8447898	.1187896	.03642058	0
921.15	0	.844104	.1192725	.03662356	0
920.15	0	.8434212	.1197537	.03682512	0
919.15	0	.8427415	.1202333	.03702523	0
918.15	0	.8420648	.1207113	.03722388	0
917.15	0	.8413912	.1211878	.03742106	0
916.15	0	.8407205	.1216628	.03761677	0
915.15	0	.8400526	.1221364	.03781097	0
914.15	0	.8393876	.1226087	.03800366	0
913.15	0	.8387254	.1230797	.03819482	0
912.15	0	.838066	.1235496	.03838444	0
911.15	0	.8374092	.1240183	.0385725	0
910.15	0	.836755	.124486	.03875899	0
909.15	0	.8361033	.1249528	.03894388	0
908.15	0	.8354542	.1254186	.03912717	0
907.15	0	.8348075	.1258837	.03930882	0
906.15	0	.8341631	.1263481	.03948884	0
905.15	0	.833521	.1268118	.03966719	0
904.15	0	.8328811	.127275	.03984385	0
903.15	0	.8322434	.1277378	.04001882	0
902.15	0	.8316077	.1282003	.04019206	0
901.15	0	.8309739	.1286625	.04036355	0
900.15	0	.8303421	.1291246	.04053328	0
899.15	0	.829712	.1295867	.04070123	0
898.15	0	.8290837	.1300489	.04086736	0
897.15	0	.828457	.1305114	.04103165	0
896.15	0	.8278318	.1309741	.04119409	0
895.15	0	.827208	.1314374	.04135464	0
894.15	0	.8265855	.1319012	.04151329	0
893.15	0	.8259642	.1323658	.04166999	0
892.15	0	.825344	.1328313	.04182473	0
891.15	0	.8247247	.1332978	.04197748	0
890.15	0	.8241063	.1337655	.0421282	0
889.15	0	.8234887	.1342345	.04227687	0
888.15	0	.8228716	.134705	.04242346	0
887.15	0	.8222549	.1351772	.04256792	0
886.15	0	.8216385	.1356512	.04271024	0
885.15	0	.8210223	.1361273	.04285036	0
884.15	0	.8204061	.1366056	.04298827	0
883.15	0	.8197897	.1370864	.04312391	0
882.15	0	.819173	.1375697	.04325725	0
881.15	0	.8185558	.138056	.04338824	0
880.15	0	.8179379	.1385453	.04351686	0
879.15	0	.8173191	.1390379	.04364304	0
878.15	0	.8166992	.139534	.04376675	0
877.15	0	.816078	.140034	.04388794	0
876.15	0	.8154554	.1405381	.04400655	0
875.15	0	.8148309	.1410465	.04412254	0
874.15	0	.8142045	.1415596	.04423585	0
873.15	0	.8135759	.1420777	.04434642	0
872.15	0	.8129448	.142601	.0444542	0
871.15	0	.812311	.1431299	.04455912	0
870.15	0	.811674	.1436649	.04466112	0
869.15	0	.8110338	.1442061	.04476012	0
868.15	0	.8103898	.1447541	.04485605	0
867.15	0	.8097419	.1453093	.04494885	0
866.15	0	.8090896	.145872	.04503843	0
865.15	0	.8084326	.1464428	.0451247	0
864.15	0	.8077704	.147022	.04520759	0
863.15	0	.8071027	.1476103	.04528698	0
862.15	0	.806429	.1482082	.04536279	0
861.15	0	.8057489	.1488162	.0454349	0
860.15	0	.8050618	.149435	.04550322	0
859.15	0	.8041187	.1503349	.04554638	0
858.15	0	.8029384	.1514975	.04556417	0
857.15	0	.8018072	.1526122	.04558065	0
856.15	0	.8007229	.1536812	.04559588	0
855.15	0	.7996833	.1547068	.04560989	0
854.15	0	.7986864	.1556908	.04562275	0
853.15	0	.7977303	.1566352	.04563449	0
852.15	0	.796813	.1575419	.04564515	0
851.15	0	.7959328	.1584124	.04565476	0
850.15	0	.795088	.1592486	.04566337	0
849.15	0	.7942771	.1600519	.045671	0
848.15	0	.7934985	.1608239	.04567768	0
847.15	0	.7927507	.1615659	.04568343	0
846.15	0	.7920325	.1622793	.04568828	0
845.15	0	.7913424	.1629654	.04569225	0
844.15	0	.7906793	.1636254	.04569536	0
843.15	0	.7900419	.1642605	.04569764	0
842.15	0	.7894291	.1648718	.0456991	0
841.15	0	.7888399	.1654603	.04569976	0
840.15	0	.7882732	.1660271	.04569964	0
839.15	0	.787728	.1665732	.04569876	0
838.15	0	.7872034	.1670994	.04569712	0
837.15	0	.7866985	.1676067	.04569476	0
836.15	0	.7862125	.1680959	.04569167	0
835.15	0	.7857444	.1685677	.04568788	0
834.15	0	.7852936	.169023	.0456834	0
833.15	0	.7848592	.1694625	.04567825	0
832.15	0	.7844407	.1698869	.04567243	0
831.15	0	.7840372	.1702968	.04566595	0
830.15	0	.7836482	.170693	.04565884	0
829.15	0	.783273	.1710759	.04565111	0
828.15	0	.782911	.1714462	.04564275	0
827.15	0	.7825617	.1718045	.04563379	0
826.15	0	.7822245	.1721513	.04562424	0
825.15	0	.7818988	.1724871	.04561411	0
824.15	0	.7815843	.1728123	.0456034	0
823.15	0	.7812804	.1731275	.04559214	0
822.15	0	.7809866	.1734331	.04558032	0
821.15	0	.7807025	.1737295	.04556796	0
820.15	0	.7804278	.1740171	.04555507	0
819.15	0	.7801619	.1742964	.04554166	0
818.15	0	.7799046	.1745677	.04552774	0
817.15	0	.7796554	.1748313	.04551331	0
816.15	0	.779414	.1750876	.04549839	0
815.15	0	.7791801	.1753369	.04548298	0
814.15	0	.7789533	.1755796	.04546709	0
813.15	0	.7787333	.1758159	.04545073	0
812.15	0	.7785199	.1760462	.04543392	0
811.15	0	.7783128	.1762706	.04541665	0
810.15	0	.7781116	.1764895	.04539894	0
809.15	0	.7779162	.1767031	.04538079	0
808.15	0	.7777262	.1769116	.04536221	0
807.15	0	.7775415	.1771153	.04534321	0
806.15	0	.7773618	.1773144	.04532379	0
805.15	0	.7771869	.1775092	.04530397	0
804.15	0	.7770166	.1776997	.04528374	0
803.15	0	.7768507	.1778862	.04526312	0
802.15	0	.776689	.1780689	.04524212	0
801.15	0	.7765313	.178248	.04522073	0
800.15	0	.7763774	.1784236	.04519897	0
799.15	0	.7762273	.1785959	.04517685	0
798.15	0	.7760807	.178765	.04515436	0
797.15	0	.7759374	.1789311	.04513151	0
796.15	0	.7757973	.1790943	.04510831	0
795.15	0	.7756604	.1792548	.04508477	0
794.15	0	.7755264	.1794127	.04506089	0
793.15	0	.7753952	.1795681	.04503668	0
792.15	0	.7752667	.1797212	.04501214	0
791.15	0	.7751408	.1798719	.04498728	0
790.15	0	.7750173	.1800206	.0449621	0
789.15	0	.7748963	.1801671	.04493661	0
788.15	0	.7747774	.1803117	.04491081	0
787.15	0	.7746608	.1804545	.04488471	0
786.15	0	.7745462	.1805955	.04485831	0
785.15	0	.7744336	.1807348	.04483162	0
784.15	0	.7743228	.1808725	.04480464	0
783.15	0	.7742139	.1810087	.04477738	0
782.15	0	.7741067	.1811435	.04474984	0
781.15	0	.7740011	.1812769	.04472201	0
780.15	0	.7738972	.1814089	.04469392	0
779.15	0	.7737947	.1815397	.04466557	0
778.15	0	.7736937	.1816694	.04463694	0
777.15	0	.7735941	.1817979	.04460806	0
776.15	0	.7734958	.1819253	.04457893	0
775.15	0	.7733987	.1820518	.04454954	0
774.15	0	.7733029	.1821772	.0445199	0
773.15	0	.7732082	.1823018	.04449002	0
772.15	0	.7731146	.1824255	.0444599	0
771.15	0	.7730221	.1825484	.04442954	0
770.15	0	.7729305	.1826705	.04439895	0
769.15	0	.77284	.1827919	.04436813	0
768.15	0	.7727504	.1829126	.04433708	0
767.15	0	.7726616	.1830326	.0443058	0
766.15	0	.7725737	.183152	.04427431	0
765.15	0	.7724866	.1832708	.04424259	0
764.15	0	.7724003	.183389	.04421067	0
763.15	0	.7723147	.1835068	.04417853	0
762.15	0	.7722298	.183624	.04414618	0
761.15	0	.7721456	.1837408	.04411362	0
760.15	0	.772062	.1838571	.04408086	0
759.15	0	.7719791	.183973	.04404791	0
758.15	0	.7718967	.1840885	.04401475	0
757.15	0	.7718149	.1842037	.0439814	0
756.15	0	.7717337	.1843185	.04394786	0
755.15	0	.7716529	.184433	.04391412	0
754.15	0	.7715727	.1845471	.0438802	0
753.15	0	.7714929	.184661	.0438461	0
752.15	0	.7714135	.1847747	.04381181	0
751.15	0	.7713346	.184888	.04377735	0
750.15	0	.7712562	.1850012	.0437427	0
749.15	0	.7711781	.1851141	.04370789	0
748.15	0	.7711003	.1852268	.0436729	0
747.15	0	.771023	.1853393	.04363774	0
746.15	0	.7709459	.1854516	.04360241	0
745.15	0	.7708693	.1855638	.04356692	0
744.15	0	.7707929	.1856759	.04353126	0
743.15	0	.7707168	.1857878	.04349544	0
742.15	0	.770641	.1858995	.04345947	0
741.15	0	.7705655	.1860112	.04342333	0
740.15	0	.7704903	.1861227	.04338704	0
739.15	0	.7704153	.1862341	.0433506	0
738.15	0	.7703405	.1863455	.04331401	0
737.15	0	.770266	.1864567	.04327727	0
736.15	0	.7701917	.1865679	.04324039	0
735.15	0	.7701176	.186679	.04320336	0
734.15	0	.7700438	.1867901	.04316618	0
733.15	0	.7699701	.186901	.04312887	0
732.15	0	.7698966	.187012	.04309142	0
731.15	0	.7698233	.1871229	.04305383	0
730.15	0	.7697501	.1872338	.04301611	0
729.15	0	.7696772	.1873446	.04297825	0
728.15	0	.7696044	.1874554	.04294026	0
727.15	0	.7695335	.1875649	.04290162	0
726.15	0	.7694608	.1876757	.04286342	0
725.15	0	.7693883	.1877866	.04282509	0
724.15	0	.769316	.1878974	.04278663	0
723.15	0	.7692437	.1880082	.04274805	0
722.15	0	.7691716	.188119	.04270934	0
721.15	0	.7690997	.1882298	.04267051	0
720.15	0	.7690278	.1883406	.04263157	0
719.15	0	.7689561	.1884514	.04259251	0
718.15	0	.7688845	.1885622	.04255333	0
717.15	0	.768813	.188673	.04251404	0
716.15	0	.7687416	.1887838	.04247464	0
715.15	0	.7686703	.1888946	.04243512	0
714.15	0	.7685991	.1890054	.0423955	0
713.15	0	.7685281	.1891162	.04235577	0
712.15	0	.768457	.189227	.04231594	0
711.15	0	.7683861	.1893379	.042276	0
710.15	0	.7683153	.1894487	.04223596	0
709.15	0	.7682446	.1895596	.04219582	0
708.15	0	.768174	.1896705	.04215559	0
707.15	0	.7681034	.1897814	.04211525	0
706.15	0	.7680329	.1898923	.04207483	0
705.15	0	.7679625	.1900032	.0420343	0
704.15	0	.7678922	.1901142	.04199369	0
703.15	0	.7678219	.1902251	.04195298	0
702.15	0	.7677517	.1903361	.04191219	0
701.15	0	.7676816	.1904471	.04187131	0
700.15	0	.7676115	.1905581	.04183034	0
699.15	0	.7675416	.1906692	.04178929	0
698.15	0	.7674716	.1907802	.04174815	0
697.15	0	.7674018	.1908913	.04170694	0
696.15	0	.767332	.1910024	.04166564	0
695.15	0	.7672623	.1911135	.04162426	0
694.15	0	.7671926	.1912246	.04158281	0
693.15	0	.767123	.1913357	.04154129	0
692.15	0	.7670535	.1914469	.04149968	0
691.15	0	.766984	.191558	.04145801	0
690.15	0	.7669146	.1916692	.04141627	0
689.15	0	.7668452	.1917804	.04137445	0
688.15	0	.7667759	.1918916	.04133257	0
687.15	0	.7667066	.1920027	.04129061	0
686.15	0	.7666375	.192114	.0412486	0
685.15	0	.7665683	.1922252	.04120652	0
684.15	0	.7664993	.1923364	.04116437	0
683.15	0	.7664302	.1924476	.04112217	0
682.15	0	.7663613	.1925588	.0410799	0
681.15	0	.7662924	.19267	.04103758	0
680.15	0	.7662235	.1927813	.04099519	0
679.15	0	.7661548	.1928925	.04095276	0
678.15	0	.766086	.1930037	.04091026	0
677.15	0	.7660174	.1931149	.04086771	0
676.15	0	.7659488	.1932261	.04082512	0
675.15	0	.7658802	.1933373	.04078246	0
674.15	0	.7658117	.1934485	.04073976	0
673.15	0	.7657433	.1935597	.04069702	0
672.15	0	.7656749	.1936709	.04065422	0
671.15	0	.7656066	.193782	.04061138	0
670.15	0	.7655384	.1938932	.04056849	0
669.15	0	.7654702	.1940043	.04052556	0
668.15	0	.765402	.1941154	.04048259	0
667.15	0	.765334	.1942264	.04043958	0
666.15	0	.765266	.1943375	.04039653	0
665.15	0	.765198	.1944485	.04035344	0
664.15	0	.7651302	.1945595	.04031031	0
663.15	0	.7650623	.1946705	.04026714	0
662.15	0	.7649946	.1947815	.04022395	0
661.15	0	.7649269	.1948924	.04018071	0
660.15	0	.7648593	.1950033	.04013745	0
659.15	0	.7647917	.1951141	.04009416	0
658.15	0	.7647243	.1952249	.04005083	0
657.15	0	.7646569	.1953357	.04000748	0
656.15	0	.7645895	.1954464	.03996409	0
655.15	0	.7645222	.1955571	.03992069	0
654.15	0	.764455	.1956677	.03987725	0
653.15	0	.7643879	.1957783	.0398338	0
652.15	0	.7643208	.1958889	.03979032	0
651.15	0	.7642538	.1959994	.03974682	0
650.15	0	.7641869	.1961098	.03970329	0
649.15	0	.7641201	.1962202	.03965975	0
648.15	0	.7640533	.1963305	.03961619	0
647.15	0	.7639866	.1964408	.03957262	0
646.15	0	.76392	.196551	.03952903	0
645.15	0	.7638535	.1966611	.03948542	0
644.15	0	.763787	.1967712	.0394418	0
643.15	0	.7637206	.1968812	.03939816	0
642.15	0	.7636543	.1969912	.03935452	0
641.15	0	.7635881	.1971011	.03931086	0
640.15	0	.7635219	.1972109	.0392672	0
639.15	0	.7634559	.1973206	.03922353	0
638.15	0	.7633899	.1974303	.03917985	0
637.15	0	.763324	.1975398	.03913616	0
636.15	0	.7632582	.1976493	.03909247	0
635.15	0	.7631925	.1977587	.03904878	0
634.15	0	.7631268	.1978681	.03900509	0
633.15	0	.7630613	.1979773	.03896139	0
632.15	0	.7629958	.1980865	.03891769	0
631.15	0	.7629305	.1981955	.03887399	0
630.15	0	.7628652	.1983045	.0388303	0
629.15	0	.7628	.1984134	.03878661	0
628.15	0	.7627349	.1985222	.03874292	0
627.15	0	.7626699	.1986309	.03869923	0
626.15	0	.762605	.1987395	.03865556	0
625.15	0	.7625402	.1988479	.03861188	0
624.15	0	.7624754	.1989563	.03856822	0
623.15	0	.7624108	.1990646	.03852457	0
622.15	0	.7623463	.1991728	.03848093	0
621.15	0	.7622819	.1992809	.0384373	0
620.15	0	.7622175	.1993888	.03839368	0
619.15	0	.7621533	.1994966	.03835007	0
618.15	0	.7620891	.1996044	.03830648	0
617.15	0	.7620251	.199712	.0382629	0
616.15	0	.7619612	.1998195	.03821934	0
615.15	0	.7618974	.1999268	.0381758	0
614.15	0	.7618336	.2000341	.03813228	0
613.15	0	.76177	.2001412	.03808877	0
612.15	0	.7617065	.2002482	.03804529	0
611.15	0	.7616431	.2003551	.03800183	0
610.15	0	.7615798	.2004618	.03795839	0
609.15	0	.7615166	.2005684	.03791498	0
608.15	0	.7614535	.2006749	.03787158	0
607.15	0	.7613906	.2007812	.03782822	0
606.15	0	.7613277	.2008874	.03778488	0
605.15	0	.761265	.2009935	.03774157	0
604.15	0	.7612023	.2010994	.03769829	0
603.15	0	.7611398	.2012052	.03765504	0
602.15	0	.7610774	.2013108	.03761181	0
601.15	0	.7610151	.2014163	.03756863	0
600.15	0	.7609529	.2015216	.03752547	0
599.15	0	.7608909	.2016268	.03748234	0
598.15	0	.7608289	.2017318	.03743925	0
597.15	0	.7607671	.2018367	.0373962	0
596.15	0	.7607054	.2019414	.03735318	0
595.15	0	.7606438	.202046	.0373102	0
594.15	0	.7605823	.2021504	.03726726	0
593.15	0	.760521	.2022546	.03722436	0
592.15	0	.7604598	.2023587	.0371815	0
591.15	0	.7603987	.2024626	.03713868	0
590.15	0	.7603377	.2025664	.0370959	0
589.15	0	.7602769	.20267	.03705316	0
588.15	0	.7602162	.2027734	.03701047	0
587.15	0	.7601556	.2028766	.03696783	0
586.15	0	.7600951	.2029797	.03692523	0
585.15	0	.7600347	.2030826	.03688267	0
584.15	0	.7599745	.2031853	.03684017	0
583.15	0	.7599145	.2032878	.03679771	0
582.15	0	.7598545	.2033902	.03675531	0
581.15	0	.7597947	.2034924	.03671295	0
580.15	0	.759735	.2035944	.03667065	0
579.15	0	.7596755	.2036961	.0366284	0
578.15	0	.759616	.2037978	.0365862	0
577.15	0	.7595567	.2038992	.03654406	0
576.15	0	.7594976	.2040004	.03650197	0
575.15	0	.7594386	.2041015	.03645994	0
574.15	0	.7593797	.2042023	.03641797	0
573.15	0	.759321	.204303	.03637605	0
572.15	0	.7592624	.2044035	.0363342	0
571.15	0	.7592039	.2045037	.0362924	0
570.15	0	.7591456	.2046038	.03625066	0
569.15	0	.7590874	.2047036	.03620899	0
568.15	0	.7590293	.2048033	.03616738	0
567.15	0	.7589714	.2049028	.03612583	0
566.15	0	.7589137	.205002	.03608435	0
565.15	0	.758856	.205101	.03604293	0
564.15	0	.7587986	.2051998	.03600158	0
563.15	0	.7587412	.2052985	.0359603	0
562.15	0	.7586841	.2053969	.03591908	0
561.15	0	.758627	.2054951	.03587793	0
560.15	0	.7585701	.205593	.03583685	0
559.15	0	.7585134	.2056908	.03579585	0
558.15	0	.7584568	.2057883	.03575491	0
557.15	0	.7584003	.2058856	.03571405	0
556.15	0	.758344	.2059827	.03567326	0
555.15	0	.7582879	.2060796	.03563254	0
554.15	0	.7582319	.2061762	.0355919	0
553.15	0	.758176	.2062726	.03555134	0
552.15	0	.7581203	.2063688	.03551085	0
551.15	0	.7580648	.2064648	.03547044	0
550.15	0	.7580094	.2065605	.0354301	0
549.15	0	.7579542	.206656	.03538985	0
548.15	0	.7578991	.2067512	.03534968	0
547.15	0	.7578442	.2068462	.03530959	0
546.15	0	.7577894	.206941	.03526957	0
545.15	0	.7577348	.2070355	.03522965	0
544.15	0	.7576803	.2071299	.0351898	0
543.15	0	.757626	.2072239	.03515004	0
542.15	0	.7575719	.2073177	.03511037	0
541.15	0	.7575179	.2074113	.03507078	0
540.15	0	.7574641	.2075046	.03503128	0
539.15	0	.7574104	.2075977	.03499186	0
538.15	0	.7573569	.2076905	.03495253	0
537.15	0	.7573036	.2077831	.0349133	0
536.15	0	.7572504	.2078754	.03487415	0
535.15	0	.7571974	.2079675	.03483509	0
534.15	0	.7571446	.2080593	.03479613	0
533.15	0	.7570919	.2081509	.03475726	0
532.15	0	.7570393	.2082422	.03471848	0
531.15	0	.756987	.2083332	.03467979	0
530.15	0	.7569348	.208424	.0346412	0
529.15	0	.7568828	.2085145	.03460271	0
528.15	0	.7568309	.2086048	.03456431	0
527.15	0	.7567792	.2086948	.03452601	0
526.15	0	.7567277	.2087845	.0344878	0
525.15	0	.7566763	.208874	.0344497	0
524.15	0	.7566252	.2089632	.03441169	0
523.15	0	.7565741	.2090521	.03437379	0
522.15	0	.7565233	.2091407	.03433598	0
521.15	0	.7564726	.2092291	.03429828	0
520.15	0	.7564221	.2093172	.03426068	0
519.15	0	.7563718	.2094051	.03422319	0
518.15	0	.7563216	.2094926	.03418579	0
517.15	0	.7562716	.2095799	.03414851	0
516.15	0	.7562218	.2096669	.03411132	0
515.15	0	.7561721	.2097536	.03407425	0
514.15	0	.7561227	.2098401	.03403728	0
513.15	0	.7560733	.2099262	.03400042	0
512.15	0	.7560242	.2100121	.03396367	0
511.15	0	.7559753	.2100977	.03392702	0
510.15	0	.7559265	.210183	.03389049	0
509.15	0	.7558779	.210268	.03385407	0
508.15	0	.7558295	.2103528	.03381775	0
507.15	0	.7557812	.2104372	.03378155	0
506.15	0	.7557332	.2105214	.03374547	0
505.15	0	.7556853	.2106052	.03370949	0
504.15	0	.7556376	.2106888	.03367364	0
503.2223	0	.7555935	.2107661	.03364047	0
503.2223	0	.7555935	.2107661	.03364047	0
503.2223	0	.7555935	.2107661	.03364047	0
503.15	0	.7556138	.2107181	.03361471	5.341034E-05
502.15	0	.7558936	.2100565	.03325913	7.907468E-04
501.15	0	.7561721	.2093971	.03290458	.001526253
500.15	0	.7564491	.2087399	.03255106	.002259946
499.15	0	.7567248	.2080848	.03219856	.002991843
498.15	0	.756999	.2074319	.03184706	.003721959
497.15	0	.757272	.2067811	.03149658	.004450311
496.15	0	.7575436	.2061324	.03114709	.005176916
495.15	0	.7578139	.2054857	.03079859	.005901788
494.15	0	.7580829	.2048411	.03045107	.006624945
493.15	0	.7583507	.2041984	.03010452	.007346401
492.15	0	.7586172	.2035577	.02975895	.008066173
491.15	0	.7588825	.2029189	.02941433	.008784275
490.15	0	.7591467	.202282	.02907056	.009500742
489.15	0	.7594095	.2016471	.02872784	.01021555
488.15	0	.7596713	.2010139	.02838607	.01092873
487.15	0	.7599318	.2003826	.02804523	.01164031
486.15	0	.7601913	.1997531	.02770532	.01235029
485.15	0	.7604496	.1991254	.02736633	.01305868
484.15	0	.7607068	.1984994	.02702825	.01376551
483.15	0	.7609629	.1978752	.02669109	.01447079
482.15	0	.761218	.1972527	.02635482	.01517453
481.15	0	.761472	.1966318	.02601946	.01587675
480.15	0	.761725	.1960126	.02568498	.01657745
479.15	0	.7619769	.195395	.02535139	.01727666
478.15	0	.7622279	.194779	.02501867	.01797439
477.15	0	.7624779	.1941646	.02468683	.01867064
476.15	0	.7627269	.1935518	.02435586	.01936544
475.15	0	.762975	.1929405	.02402574	.02005879
474.15	0	.7632221	.1923307	.02369648	.02075071
473.15	0	.7634683	.1917225	.02336807	.02144121
472.15	0	.7637136	.1911156	.02304051	.02213031
471.15	0	.7639579	.1905103	.02271379	.02281801
470.15	0	.7642015	.1899063	.0223879	.02350434
469.15	0	.7644441	.1893038	.02206283	.02418929
468.15	0	.7646859	.1887026	.02173859	.02487289
467.15	0	.7649269	.1881028	.02141517	.02555515
466.15	0	.765167	.1875044	.02109256	.02623607
465.15	0	.7654063	.1869072	.02077076	.02691568
464.15	0	.7656449	.1863114	.02044976	.02759397
463.15	0	.7658826	.1857169	.02012956	.02827097
462.15	0	.7661196	.1851236	.01981015	.02894668
461.15	0	.7663558	.1845315	.01949153	.02962112
460.15	0	.7665913	.1839407	.0191737	.0302943
459.15	0	.766826	.1833511	.01885664	.03096623
458.15	0	.76706	.1827627	.01854035	.03163691
457.15	0	.7672934	.1821754	.01822484	.03230637
456.15	0	.767526	.1815893	.01791008	.03297461
455.15	0	.7677579	.1810043	.01759609	.03364164
454.15	0	.7679892	.1804205	.01728286	.03430747
453.15	0	.7682198	.1798377	.01697037	.03497212
452.15	0	.7684498	.179256	.01665864	.0356356
451.15	0	.7686791	.1786753	.01634764	.0362979
450.15	0	.7689078	.1780957	.01603739	.03695906
449.15	0	.769136	.1775171	.01572788	.03761908
448.15	0	.7693635	.1769394	.0154191	.03827798
447.15	0	.7695905	.1763627	.01511105	.03893575
446.15	0	.7698169	.1757869	.01480372	.03959242
445.15	0	.7700428	.1752121	.01449712	.04024798
444.15	0	.7702681	.1746382	.01419124	.04090246
443.15	0	.7704929	.1740652	.01388607	.04155586
442.15	0	.7707172	.173493	.01358161	.0422082
441.15	0	.7709409	.1729217	.01327787	.04285949
440.15	0	.7711643	.1723512	.01297484	.04350973
439.15	0	.7713871	.1717815	.0126725	.04415894
438.15	0	.7716095	.1712125	.01237087	.04480712
437.15	0	.7718315	.1706443	.01206994	.0454543
436.15	0	.772053	.1700769	.01176971	.04610047
435.15	0	.7722741	.1695101	.01147017	.04674565
434.15	0	.7724948	.1689441	.01117132	.04738984
433.15	0	.7727151	.1683787	.01087316	.04803307
432.15	0	.772935	.167814	.01057568	.04867533
431.15	0	.7731546	.1672499	.01027888	.04931664
430.15	0	.7733738	.1666865	.00998277	.04995701
429.15	0	.7735926	.1661236	.009687331	.05059644
428.15	0	.7738111	.1655614	.009392567	.05123494
427.15	0	.7740293	.1649997	.009098473	.05187253
426.15	0	.7742472	.1644386	.008805048	.05250921
425.15	0	.7744647	.163878	.008512288	.053145
424.15	0	.774682	.1633179	.008220191	.05377989
423.15	0	.774899	.1627584	.007928755	.05441389
422.15	0	.7751157	.1621993	.007637976	.05504703
421.15	0	.7753321	.1616408	.007347851	.0556793
420.15	0	.7755482	.1610827	.007058379	.05631071
419.15	0	.7757641	.1605251	.006769556	.05694127
418.15	0	.7759798	.1599679	.006481379	.05757099
417.15	0	.7761952	.1594111	.006193847	.05819988
416.15	0	.7764104	.1588547	.005906955	.05882794
415.15	0	.7766254	.1582988	.005620703	.05945519
414.15	0	.7768401	.1577432	.005335086	.06008162
413.15	0	.7770547	.157188	.005050102	.06070725
412.15	0	.777269	.1566332	.004765748	.06133208
411.15	0	.7774831	.1560787	.004482023	.06195613
410.15	0	.7776971	.1555246	.004198923	.06257939
409.15	0	.7779109	.1549708	.003916446	.06320188
408.15	0	.7781245	.1544173	.003634588	.06382359
407.15	0	.7783379	.1538642	.003353348	.06444455
406.15	0	.7785512	.1533113	.003072723	.06506476
405.15	0	.7787643	.1527588	.00279271	.06568421
404.15	0	.7789773	.1522065	.002513307	.06630292
403.15	0	.7791901	.1516545	.00223451	.0669209
402.15	0	.7794028	.1511027	.001956319	.06753815
401.15	0	.7796154	.1505512	.001678729	.06815468
400.15	0	.7798278	.15	.001401738	.06877049
399.15	0	.7800401	.149449	.001125345	.0693856
398.15	0	.7802523	.1488982	8.495453E-04	.06999999
397.15	0	.7804643	.1483476	5.743378E-04	.07061369
396.15	0	.7806763	.1477973	2.997196E-04	.0712267
395.15	0	.7808881	.1472471	2.568825E-05	.07183902
395.0561	0	.780908	.1471955	0	.07189645
395.0561	0	.780908	.1471955	0	.07189645
394.15	0	.7808986	.1470241	0	.07207731
393.15	0	.7808884	.1468352	0	.07227633
392.15	0	.7808784	.1466468	0	.07247475
391.15	0	.7808686	.1464588	0	.07267259
390.15	0	.7808589	.1462713	0	.07286985
389.15	0	.7808493	.1460841	0	.07306654
388.15	0	.78084	.1458973	0	.07326267
387.15	0	.7808308	.145711	0	.07345823
386.15	0	.7808218	.145525	0	.07365323
385.15	0	.7808129	.1453394	0	.07384769
384.15	0	.7808042	.1451542	0	.0740416
383.15	0	.7807957	.1449693	0	.07423497
382.15	0	.7807874	.1447848	0	.07442781
381.15	0	.7807792	.1446007	0	.07462013
380.15	0	.7807712	.1444169	0	.07481192
379.15	0	.7807633	.1442335	0	.07500319
378.15	0	.7807557	.1440504	0	.07519395
377.15	0	.7807482	.1438676	0	.07538421
376.15	0	.7807409	.1436852	0	.07557396
375.15	0	.7807337	.1435031	0	.07576322
374.15	0	.7807267	.1433213	0	.07595198
373.15	0	.7807199	.1431399	0	.07614025
372.15	0	.7807132	.1429587	0	.07632804
371.15	0	.7807068	.1427779	0	.07651536
370.15	0	.7807004	.1425974	0	.07670219
369.15	0	.7806943	.1424171	0	.07688856
368.15	0	.7806883	.1422372	0	.07707446
367.15	0	.7806825	.1420576	0	.0772599
366.15	0	.7806769	.1418782	0	.07744488
365.15	0	.7806714	.1416992	0	.0776294
364.15	0	.7806661	.1415204	0	.07781348
363.15	0	.780661	.1413419	0	.0779971
362.15	0	.780656	.1411637	0	.07818029
361.15	0	.7806512	.1409857	0	.07836304
360.15	0	.7806466	.140808	0	.07854535
359.15	0	.7806421	.1406306	0	.07872723
358.15	0	.7806378	.1404535	0	.07890868
357.15	0	.7806337	.1402766	0	.0790897
356.15	0	.7806297	.1401	0	.0792703
355.15	0	.7806259	.1399236	0	.07945049
354.15	0	.7806222	.1397475	0	.07963025
353.15	0	.7806187	.1395717	0	.07980961
352.15	0	.7806154	.139396	0	.07998855
351.15	0	.7806122	.1392207	0	.08016709
350.15	0	.7806092	.1390456	0	.08034523
349.15	0	.7806063	.1388707	0	.08052296
348.15	0	.7806036	.1386961	0	.0807003
347.15	0	.7806011	.1385217	0	.08087723
346.15	0	.7805987	.1383475	0	.08105378
345.15	0	.7805964	.1381736	0	.08122994
344.15	0	.7805944	.1379999	0	.0814057
343.15	0	.7805924	.1378265	0	.08158109
342.15	0	.7805906	.1376533	0	.08175608
341.15	0	.780589	.1374803	0	.0819307
340.15	0	.7805875	.1373075	0	.08210494
339.15	0	.7805862	.137135	0	.0822788
338.15	0	.780585	.1369627	0	.08245229
337.15	0	.7805839	.1367907	0	.08262541
336.15	0	.780583	.1366188	0	.08279816
335.15	0	.7805823	.1364472	0	.08297053
334.15	0	.7805817	.1362758	0	.08314255
333.15	0	.7805812	.1361046	0	.08331419
332.15	0	.7805809	.1359336	0	.08348548
331.15	0	.7805807	.1357629	0	.08365641
330.15	0	.7805806	.1355924	0	.08382697
329.15	0	.7805807	.1354221	0	.08399718
328.15	0	.780581	.135252	0	.08416703
327.15	0	.7805813	.1350821	0	.08433653
326.15	0	.7805818	.1349125	0	.08450568
325.15	0	.7805825	.1347431	0	.08467448
324.15	0	.7805832	.1345739	0	.08484293
323.15	0	.7805841	.1344049	0	.08501103
322.15	0	.7805851	.1342361	0	.08517878
321.15	0	.7805863	.1340675	0	.08534619
320.15	0	.7805876	.1338992	0	.08551326
319.15	0	.780589	.133731	0	.08567998
318.15	0	.7805905	.1335631	0	.08584636
317.15	0	.7805922	.1333954	0	.08601241
316.15	0	.780594	.1332279	0	.08617811
315.15	0	.7805959	.1330607	0	.08634348
314.15	0	.7805979	.1328936	0	.08650851
313.15	0	.7806	.1327268	0	.08667321
312.15	0	.7806023	.1325601	0	.08683757
311.15	0	.7806047	.1323937	0	.0870016
310.15	0	.7806072	.1322275	0	.0871653
309.15	0	.7806098	.1320615	0	.08732866
308.15	0	.7806125	.1318958	0	.0874917
307.15	0	.7806154	.1317302	0	.08765441
306.15	0	.7806184	.1315649	0	.08781679
305.15	0	.7806214	.1313998	0	.08797884
304.15	0	.7806246	.1312348	0	.08814056
303.15	0	.7806279	.1310701	0	.08830196
302.15	0	.7806313	.1309057	0	.08846304
301.15	0	.7806348	.1307414	0	.08862379
300.15	0	.7806384	.1305774	0	.08878422
299.15	0	.7806421	.1304136	0	.08894433
298.15	0	.7806459	.13025	0	.08910411
