T	 BPW(LIQUID)	BPW(BCC_A2)	BPW(FCC_A1)	BPW(LAVES_PHASE_C14)	BPW(NI3TI)
1473.15	.03883589	.9611641	0	0	0
1472.15	.03653845	.9634616	0	0	0
1471.15	.03425813	.9657419	0	0	0
1470.15	.03199477	.9680052	0	0	0
1469.15	.02974822	.9702518	0	0	0
1468.15	.02751832	.9724817	0	0	0
1467.15	.02530492	.9746951	0	0	0
1466.15	.02310787	.9768921	0	0	0
1465.15	.02092703	.979073	0	0	0
1464.15	.01876223	.9812378	0	0	0
1463.15	.01661335	.9833866	0	0	0
1462.15	.01448022	.9855198	0	0	0
1461.15	.01236271	.9876373	0	0	0
1460.15	.01026069	.9897393	0	0	0
1459.15	.008173992	.991826	0	0	0
1458.15	.006102496	.9938975	0	0	0
1457.15	.004046059	.9959539	0	0	0
1456.15	.002004545	.9979955	0	0	0
1455.161	0	1	0	0	0
1455.161	0	1	0	0	0
1455.15	0	1	0	0	0
1454.15	0	1	0	0	0
1453.15	0	1	0	0	0
1452.15	0	1	0	0	0
1451.15	0	1	0	0	0
1450.15	0	1	0	0	0
1449.15	0	1	0	0	0
1448.15	0	1	0	0	0
1447.15	0	1	0	0	0
1446.15	0	1	0	0	0
1445.15	0	1	0	0	0
1444.15	0	1	0	0	0
1443.15	0	1	0	0	0
1442.15	0	1	0	0	0
1441.15	0	1	0	0	0
1440.15	0	1	0	0	0
1439.15	0	1	0	0	0
1438.15	0	1	0	0	0
1437.15	0	1	0	0	0
1436.15	0	1	0	0	0
1435.15	0	1	0	0	0
1434.15	0	1	0	0	0
1433.15	0	1	0	0	0
1432.15	0	1	0	0	0
1431.15	0	1	0	0	0
1430.15	0	1	0	0	0
1429.15	0	1	0	0	0
1428.15	0	1	0	0	0
1427.15	0	1	0	0	0
1426.15	0	1	0	0	0
1425.15	0	1	0	0	0
1424.15	0	1	0	0	0
1423.15	0	1	0	0	0
1422.15	0	1	0	0	0
1421.15	0	1	0	0	0
1420.15	0	1	0	0	0
1419.15	0	1	0	0	0
1418.15	0	1	0	0	0
1417.15	0	1	0	0	0
1416.15	0	1	0	0	0
1415.15	0	1	0	0	0
1414.15	0	1	0	0	0
1413.15	0	1	0	0	0
1412.15	0	1	0	0	0
1411.15	0	1	0	0	0
1410.15	0	1	0	0	0
1409.15	0	1	0	0	0
1408.15	0	1	0	0	0
1407.15	0	1	0	0	0
1406.15	0	1	0	0	0
1405.15	0	1	0	0	0
1404.15	0	1	0	0	0
1403.15	0	1	0	0	0
1402.15	0	1	0	0	0
1401.15	0	1	0	0	0
1400.15	0	1	0	0	0
1399.15	0	1	0	0	0
1398.15	0	1	0	0	0
1397.15	0	1	0	0	0
1396.15	0	1	0	0	0
1395.15	0	1	0	0	0
1394.15	0	1	0	0	0
1393.15	0	1	0	0	0
1392.15	0	1	0	0	0
1391.15	0	1	0	0	0
1390.15	0	1	0	0	0
1389.15	0	1	0	0	0
1388.15	0	1	0	0	0
1387.15	0	1	0	0	0
1386.15	0	1	0	0	0
1385.15	0	1	0	0	0
1384.15	0	1	0	0	0
1383.15	0	1	0	0	0
1382.15	0	1	0	0	0
1381.15	0	1	0	0	0
1380.15	0	1	0	0	0
1379.15	0	1	0	0	0
1378.15	0	1	0	0	0
1377.15	0	1	0	0	0
1376.15	0	1	0	0	0
1375.15	0	1	0	0	0
1374.15	0	1	0	0	0
1373.15	0	1	0	0	0
1372.15	0	1	0	0	0
1371.15	0	1	0	0	0
1370.15	0	1	0	0	0
1369.15	0	1	0	0	0
1368.15	0	1	0	0	0
1367.15	0	1	0	0	0
1366.15	0	1	0	0	0
1365.15	0	1	0	0	0
1364.15	0	1	0	0	0
1363.15	0	1	0	0	0
1362.15	0	1	0	0	0
1361.15	0	1	0	0	0
1360.15	0	1	0	0	0
1359.15	0	1	0	0	0
1358.15	0	1	0	0	0
1357.15	0	1	0	0	0
1356.15	0	1	0	0	0
1355.15	0	1	0	0	0
1354.15	0	1	0	0	0
1353.15	0	1	0	0	0
1352.15	0	1	0	0	0
1351.15	0	1	0	0	0
1350.15	0	1	0	0	0
1349.15	0	1	0	0	0
1348.15	0	1	0	0	0
1347.15	0	1	0	0	0
1346.15	0	1	0	0	0
1345.15	0	1	0	0	0
1344.15	0	1	0	0	0
1343.15	0	1	0	0	0
1342.15	0	1	0	0	0
1341.15	0	1	0	0	0
1340.15	0	1	0	0	0
1339.15	0	1	0	0	0
1338.15	0	1	0	0	0
1337.15	0	1	0	0	0
1336.15	0	1	0	0	0
1335.15	0	1	0	0	0
1334.15	0	1	0	0	0
1333.15	0	1	0	0	0
1332.15	0	1	0	0	0
1331.15	0	1	0	0	0
1330.15	0	1	0	0	0
1329.15	0	1	0	0	0
1328.15	0	1	0	0	0
1327.15	0	1	0	0	0
1326.15	0	1	0	0	0
1325.15	0	1	0	0	0
1324.15	0	1	0	0	0
1323.15	0	1	0	0	0
1322.15	0	1	0	0	0
1321.15	0	1	0	0	0
1320.15	0	1	0	0	0
1319.15	0	1	0	0	0
1318.15	0	1	0	0	0
1317.15	0	1	0	0	0
1316.15	0	1	0	0	0
1315.15	0	1	0	0	0
1314.15	0	1	0	0	0
1313.15	0	1	0	0	0
1312.15	0	1	0	0	0
1311.15	0	1	0	0	0
1310.15	0	1	0	0	0
1309.15	0	1	0	0	0
1308.15	0	1	0	0	0
1307.15	0	1	0	0	0
1306.15	0	1	0	0	0
1305.15	0	1	0	0	0
1304.15	0	1	0	0	0
1303.15	0	1	0	0	0
1302.15	0	1	0	0	0
1301.15	0	1	0	0	0
1300.15	0	1	0	0	0
1299.15	0	1	0	0	0
1298.15	0	1	0	0	0
1297.15	0	1	0	0	0
1296.15	0	1	0	0	0
1295.15	0	1	0	0	0
1294.15	0	1	0	0	0
1293.15	0	1	0	0	0
1292.15	0	1	0	0	0
1291.15	0	1	0	0	0
1290.15	0	1	0	0	0
1289.15	0	1	0	0	0
1288.15	0	1	0	0	0
1287.15	0	1	0	0	0
1286.15	0	1	0	0	0
1285.15	0	1	0	0	0
1284.15	0	1	0	0	0
1283.15	0	1	0	0	0
1282.15	0	1	0	0	0
1281.15	0	1	0	0	0
1280.15	0	1	0	0	0
1279.15	0	1	0	0	0
1278.15	0	1	0	0	0
1277.15	0	1	0	0	0
1276.694	0	1	0	0	0
1276.694	0	1	0	0	0
1276.694	0	1	0	0	0
1276.15	0	.9996617	0	3.383407E-04	0
1275.15	0	.9990407	0	9.592828E-04	0
1274.15	0	.9984211	0	.001578913	0
1273.15	0	.9978028	0	.002197235	0
1272.15	0	.9971858	0	.002814252	0
1271.15	0	.99657	0	.003429969	0
1270.15	0	.9959556	0	.004044388	0
1269.15	0	.9953425	0	.004657514	0
1268.15	0	.9947307	0	.005269349	0
1267.15	0	.9941201	0	.005879898	0
1266.15	0	.9935108	0	.006489164	0
1265.15	0	.9929029	0	.00709715	0
1264.15	0	.9922961	0	.007703861	0
1263.15	0	.9916907	0	.008309299	0
1262.15	0	.9910865	0	.008913468	0
1261.15	0	.9904836	0	.009516372	0
1260.15	0	.989882	0	.01011801	0
1259.15	0	.9892816	0	.0107184	0
1258.15	0	.9886825	0	.01131753	0
1257.15	0	.9880846	0	.0119154	0
1256.15	0	.987488	0	.01251203	0
1255.15	0	.9868926	0	.01310741	0
1254.15	0	.9862984	0	.01370156	0
1253.15	0	.9857055	0	.01429446	0
1252.15	0	.9851139	0	.01488613	0
1251.15	0	.9845234	0	.01547656	0
1250.15	0	.9839342	0	.01606578	0
1249.15	0	.9833462	0	.01665376	0
1248.15	0	.9827595	0	.01724052	0
1247.15	0	.9821739	0	.01782607	0
1246.15	0	.9815896	0	.01841039	0
1245.15	0	.9810065	0	.01899351	0
1244.15	0	.9804246	0	.01957542	0
1243.15	0	.9798439	0	.02015613	0
1242.15	0	.9792644	0	.02073563	0
1241.15	0	.9786861	0	.02131393	0
1240.15	0	.978109	0	.02189104	0
1239.15	0	.9775331	0	.02246695	0
1238.15	0	.9769583	0	.02304167	0
1237.15	0	.9763848	0	.02361521	0
1236.15	0	.9758124	0	.02418757	0
1235.15	0	.9752413	0	.02475874	0
1234.15	0	.9746713	0	.02532874	0
1233.15	0	.9741024	0	.02589756	0
1232.15	0	.9735348	0	.02646521	0
1231.15	0	.9729683	0	.0270317	0
1230.15	0	.972403	0	.02759702	0
1229.15	0	.9718388	0	.02816118	0
1228.15	0	.9712758	0	.02872417	0
1227.15	0	.970714	0	.02928602	0
1226.15	0	.9701533	0	.02984671	0
1225.15	0	.9695938	0	.03040625	0
1224.15	0	.9690354	0	.03096464	0
1223.15	0	.9684781	0	.03152189	0
1222.15	0	.967922	0	.032078	0
1221.15	0	.967367	0	.03263296	0
1220.15	0	.9668132	0	.0331868	0
1219.15	0	.9662605	0	.0337395	0
1218.15	0	.9657089	0	.03429107	0
1217.15	0	.9651585	0	.03484152	0
1216.15	0	.9646092	0	.03539084	0
1215.15	0	.964061	0	.03593904	0
1214.15	0	.9635139	0	.03648613	0
1213.15	0	.9629679	0	.03703209	0
1212.15	0	.962423	0	.03757695	0
1211.15	0	.9618793	0	.03812069	0
1210.15	0	.9613367	0	.03866333	0
1209.15	0	.9607951	0	.03920486	0
1208.15	0	.9602547	0	.0397453	0
1207.15	0	.9597154	0	.04028463	0
1206.15	0	.9591771	0	.04082287	0
1205.15	0	.95864	0	.04136001	0
1204.15	0	.9581039	0	.04189607	0
1203.15	0	.957569	0	.04243103	0
1202.15	0	.9570351	0	.04296491	0
1201.15	0	.9565023	0	.04349771	0
1200.15	0	.9559706	0	.04402943	0
1199.15	0	.9554399	0	.04456007	0
1198.15	0	.9549104	0	.04508964	0
1197.15	0	.9543819	0	.04561813	0
1196.15	0	.9538544	0	.04614556	0
1195.15	0	.9533281	0	.04667191	0
1194.15	0	.9528028	0	.04719721	0
1193.15	0	.9522786	0	.04772144	0
1192.15	0	.9517554	0	.04824461	0
1191.15	0	.9512333	0	.04876673	0
1190.15	0	.9507122	0	.04928779	0
1189.15	0	.9501922	0	.0498078	0
1188.15	0	.9496732	0	.05032677	0
1187.15	0	.9491553	0	.05084468	0
1186.15	0	.9486385	0	.05136156	0
1185.15	0	.9481226	0	.05187738	0
1184.15	0	.9476078	0	.05239218	0
1183.15	0	.9470941	0	.05290593	0
1182.15	0	.9465813	0	.05341865	0
1181.15	0	.9460697	0	.05393034	0
1180.15	0	.945559	0	.054441	0
1179.15	0	.9450494	0	.05495063	0
1178.15	0	.9445408	0	.05545924	0
1177.15	0	.9440332	0	.05596683	0
1176.15	0	.9435266	0	.0564734	0
1175.15	0	.9430211	0	.05697895	0
1174.15	0	.9425165	0	.05748348	0
1173.15	0	.942013	0	.05798701	0
1172.15	0	.9415105	0	.05848952	0
1171.15	0	.941009	0	.05899102	0
1170.15	0	.9405085	0	.05949152	0
1169.15	0	.940009	0	.05999102	0
1168.15	0	.9395105	0	.06048951	0
1167.15	0	.939013	0	.06098701	0
1166.15	0	.9385165	0	.06148351	0
1165.15	0	.938021	0	.06197901	0
1164.15	0	.9375265	0	.06247353	0
1163.15	0	.937033	0	.06296705	0
1162.15	0	.9365404	0	.06345959	0
1161.15	0	.9360489	0	.06395114	0
1160.15	0	.9355583	0	.06444171	0
1159.15	0	.9350687	0	.0649313	0
1158.15	0	.9345801	0	.06541991	0
1157.15	0	.9340925	0	.06590754	0
1156.15	0	.9336058	0	.0663942	0
1155.15	0	.9331201	0	.06687989	0
1154.15	0	.9326354	0	.06736463	0
1153.15	0	.9321516	0	.06784838	0
1152.15	0	.9316688	0	.06833116	0
1151.15	0	.931187	0	.06881298	0
1150.15	0	.9307062	0	.06929384	0
1149.15	0	.9302263	0	.06977374	0
1148.15	0	.9297473	0	.07025269	0
1147.15	0	.9292693	0	.07073068	0
1146.15	0	.9287923	0	.07120771	0
1145.15	0	.9283162	0	.0716838	0
1144.15	0	.9278411	0	.07215894	0
1143.15	0	.9273669	0	.07263313	0
1142.15	0	.9268936	0	.07310637	0
1141.15	0	.9264213	0	.07357868	0
1140.15	0	.92595	0	.07405004	0
1139.15	0	.9254795	0	.07452046	0
1138.15	0	.9250101	0	.07498995	0
1137.15	0	.9245415	0	.07545851	0
1136.15	0	.9240739	0	.07592613	0
1135.15	0	.9236072	0	.07639282	0
1134.15	0	.9231414	0	.07685858	0
1133.15	0	.9226766	0	.07732342	0
1132.15	0	.9222127	0	.07778733	0
1131.15	0	.9217497	0	.07825032	0
1130.15	0	.9212876	0	.07871239	0
1129.15	0	.9208265	0	.07917354	0
1128.15	0	.9203662	0	.07963378	0
1127.15	0	.9199069	0	.0800931	0
1126.15	0	.9194485	0	.0805515	0
1125.15	0	.918991	0	.081009	0
1124.15	0	.9185344	0	.08146559	0
1123.15	0	.9180787	0	.08192127	0
1122.15	0	.917624	0	.08237604	0
1121.15	0	.9171701	0	.08282991	0
1120.15	0	.9167171	0	.08328288	0
1119.15	0	.9162651	0	.08373495	0
1118.15	0	.9158139	0	.08418613	0
1117.15	0	.9153636	0	.0846364	0
1116.15	0	.9149142	0	.08508579	0
1115.15	0	.9144657	0	.08553427	0
1114.15	0	.9140181	0	.08598187	0
1113.15	0	.9135714	0	.08642858	0
1112.15	0	.9131256	0	.08687441	0
1111.15	0	.9126807	0	.08731935	0
1110.15	0	.9122366	0	.0877634	0
1109.15	0	.9117934	0	.08820657	0
1108.15	0	.9113511	0	.08864887	0
1107.15	0	.9109097	0	.08909028	0
1106.15	0	.9104692	0	.08953082	0
1105.15	0	.9100295	0	.08997049	0
1104.15	0	.9095907	0	.09040928	0
1103.15	0	.9091528	0	.0908472	0
1102.15	0	.9087158	0	.09128425	0
1101.15	0	.9082796	0	.09172043	0
1100.15	0	.9078443	0	.09215575	0
1099.15	0	.9074098	0	.0925902	0
1098.15	0	.9069762	0	.09302379	0
1097.15	0	.9065435	0	.09345652	0
1096.15	0	.9061116	0	.09388839	0
1095.15	0	.9056806	0	.0943194	0
1094.15	0	.9052505	0	.09474955	0
1093.15	0	.9048212	0	.09517885	0
1092.15	0	.9043927	0	.0956073	0
1091.15	0	.9039651	0	.0960349	0
1090.15	0	.9035384	0	.09646164	0
1089.15	0	.9031125	0	.09688754	0
1088.15	0	.9026874	0	.0973126	0
1087.15	0	.9022632	0	.0977368	0
1086.15	0	.9018398	0	.09816017	0
1085.15	0	.9014173	0	.09858269	0
1084.15	0	.9009956	0	.09900437	0
1083.15	0	.9005748	0	.09942521	0
1082.15	0	.9001548	0	.09984522	0
1081.15	0	.8997356	0	.1002644	0
1080.15	0	.8993173	0	.1006827	0
1079.15	0	.8988998	0	.1011002	0
1078.15	0	.8984831	0	.1015169	0
1077.15	0	.8980673	0	.1019328	0
1076.15	0	.8976522	0	.1023478	0
1075.15	0	.897238	0	.102762	0
1074.15	0	.8968247	0	.1031753	0
1073.15	0	.8964121	0	.1035879	0
1072.15	0	.8960004	0	.1039996	0
1071.15	0	.8955895	0	.1044105	0
1070.15	0	.8951794	0	.1048206	0
1069.15	0	.8947702	0	.1052298	0
1068.15	0	.8943617	0	.1056383	0
1067.15	0	.8939541	0	.1060459	0
1066.15	0	.8935473	0	.1064527	0
1065.15	0	.8931413	0	.1068587	0
1064.15	0	.8927361	0	.1072639	0
1063.15	0	.8923317	0	.1076683	0
1062.15	0	.8919281	0	.1080719	0
1061.15	0	.8915253	0	.1084747	0
1060.15	0	.8911234	0	.1088766	0
1059.15	0	.8907222	0	.1092778	0
1058.15	0	.8903218	0	.1096782	0
1057.15	0	.8899223	0	.1100777	0
1056.15	0	.8895235	0	.1104765	0
1055.15	0	.8891256	0	.1108744	0
1054.15	0	.8887284	0	.1112716	0
1053.15	0	.888332	0	.111668	0
1052.15	0	.8879364	0	.1120636	0
1051.15	0	.8875417	0	.1124583	0
1050.15	0	.8871477	0	.1128523	0
1049.15	0	.8867545	0	.1132455	0
1048.15	0	.886362	0	.113638	0
1047.15	0	.8859704	0	.1140296	0
1046.15	0	.8855796	0	.1144204	0
1045.15	0	.8851895	0	.1148105	0
1044.15	0	.8848002	0	.1151998	0
1043.15	0	.8844117	0	.1155883	0
1042.15	0	.884024	0	.115976	0
1041.15	0	.8836371	0	.1163629	0
1040.15	0	.883251	0	.116749	0
1039.15	0	.8828656	0	.1171344	0
1038.15	0	.882481	0	.117519	0
1037.15	0	.8820972	0	.1179028	0
1036.15	0	.8817141	0	.1182859	0
1035.15	0	.8813319	0	.1186682	0
1034.15	0	.8809503	0	.1190497	0
1033.15	0	.8805696	0	.1194304	0
1032.15	0	.8801897	0	.1198104	0
1031.15	0	.8798105	0	.1201896	0
1030.15	0	.879432	0	.120568	0
1029.15	0	.8790544	0	.1209457	0
1028.15	0	.8786775	0	.1213226	0
1027.15	0	.8783013	0	.1216987	0
1026.15	0	.8779259	0	.1220741	0
1025.15	0	.8775513	0	.1224487	0
1024.15	0	.8771775	0	.1228225	0
1023.15	0	.8768044	0	.1231956	0
1022.15	0	.876432	0	.123568	0
1021.15	0	.8760604	0	.1239396	0
1020.15	0	.8756896	0	.1243104	0
1019.15	0	.8753195	0	.1246805	0
1018.15	0	.8749502	0	.1250498	0
1017.15	0	.8745817	0	.1254183	0
1016.15	0	.8742138	0	.1257862	0
1015.15	0	.8738468	0	.1261532	0
1014.15	0	.8734804	0	.1265196	0
1013.15	0	.8731149	0	.1268851	0
1012.15	0	.87275	0	.12725	0
1011.15	0	.872386	0	.127614	0
1010.15	0	.8720226	0	.1279774	0
1009.15	0	.87166	0	.12834	0
1008.15	0	.8712982	0	.1287018	0
1007.15	0	.8709371	0	.1290629	0
1006.15	0	.8705767	0	.1294233	0
1005.15	0	.8702171	0	.1297829	0
1004.15	0	.8698582	0	.1301418	0
1003.15	0	.8695	0	.1305	0
1002.15	0	.8691426	0	.1308574	0
1001.15	0	.8687859	0	.1312141	0
1000.15	0	.86843	0	.13157	0
999.15	0	.8680747	0	.1319253	0
998.15	0	.8677203	0	.1322797	0
997.15	0	.8673665	0	.1326335	0
996.15	0	.8670135	0	.1329865	0
995.15	0	.8666612	0	.1333388	0
994.15	0	.8663096	0	.1336904	0
993.15	0	.8659588	0	.1340412	0
992.15	0	.8656087	0	.1343913	0
991.15	0	.8652593	0	.1347407	0
991.0122	0	.8652112	0	.1347888	0
991.0122	0	.8652112	0	.1347888	0
991.0122	0	.8652112	0	.1347888	0
990.15	0	.8643991	5.620627E-04	.1350388	0
989.15	0	.8634594	.001212563	.135328	0
988.15	0	.8625222	.001861549	.1356163	0
987.15	0	.8615874	.002509027	.1359036	0
986.15	0	.8606549	.003155002	.1361901	0
985.15	0	.8597249	.003799479	.1364756	0
984.15	0	.8587973	.004442466	.1367603	0
983.15	0	.857872	.005083967	.137044	0
982.15	0	.8569492	.005723989	.1373268	0
981.15	0	.8560287	.006362538	.1376087	0
980.15	0	.8551106	.006999621	.1378898	0
979.15	0	.8541949	.007635243	.1381699	0
978.15	0	.8532816	.008269411	.138449	0
977.15	0	.8523706	.008902132	.1387273	0
976.15	0	.8514619	.009533413	.1390047	0
975.15	0	.8505556	.01016326	.1392811	0
974.15	0	.8496517	.01079168	.1395567	0
973.15	0	.8487501	.01141868	.1398313	0
972.15	0	.8478508	.01204427	.140105	0
971.15	0	.8469538	.01266845	.1403777	0
970.15	0	.8460592	.01329124	.1406496	0
969.15	0	.8451669	.01391264	.1409205	0
968.15	0	.8442768	.01453265	.1411905	0
967.15	0	.8433891	.01515129	.1414596	0
966.15	0	.8425037	.01576856	.1417277	0
965.15	0	.8416206	.01638448	.141995	0
964.15	0	.8407397	.01699905	.1422612	0
963.15	0	.8398611	.01761227	.1425266	0
962.15	0	.8389848	.01822417	.142791	0
961.15	0	.8381108	.01883474	.1430545	0
960.15	0	.837239	.01944399	.143317	0
959.15	0	.8363694	.02005194	.1435786	0
958.15	0	.8355021	.0206586	.1438393	0
957.15	0	.834637	.02126397	.144099	0
956.15	0	.8337742	.02186806	.1443578	0
955.15	0	.8329135	.02247088	.1446156	0
954.15	0	.8320551	.02307245	.1448725	0
953.15	0	.8311989	.02367278	.1451284	0
952.15	0	.8303448	.02427186	.1453833	0
951.15	0	.829493	.02486973	.1456373	0
950.15	0	.8286433	.02546637	.1458904	0
949.15	0	.8277958	.02606182	.1461424	0
948.15	0	.8269504	.02665607	.1463935	0
947.15	0	.8261072	.02724915	.1466437	0
946.15	0	.8252661	.02784105	.1468928	0
945.15	0	.8244272	.0284318	.147141	0
944.15	0	.8235904	.02902141	.1473882	0
943.15	0	.8227557	.02960989	.1476345	0
942.15	0	.8219231	.03019724	.1478797	0
941.15	0	.8210926	.0307835	.148124	0
940.15	0	.8202641	.03136866	.1483672	0
939.15	0	.8194378	.03195274	.1486095	0
938.15	0	.8186135	.03253576	.1488508	0
937.15	0	.8177912	.03311772	.1490911	0
936.15	0	.816971	.03369866	.1493303	0
935.15	0	.8161528	.03427856	.1495686	0
934.15	0	.8153367	.03485747	.1498059	0
933.15	0	.8145225	.03543538	.1500421	0
932.15	0	.8137103	.03601232	.1502774	0
931.15	0	.8129001	.0365883	.1505116	0
930.15	0	.8120919	.03716334	.1507447	0
929.15	0	.8112857	.03773745	.1509769	0
928.15	0	.8104813	.03831065	.151208	0
927.15	0	.8096789	.03888295	.1514381	0
926.15	0	.8088785	.03945439	.1516672	0
925.15	0	.8080799	.04002497	.1518951	0
924.15	0	.8072832	.04059471	.1521221	0
923.15	0	.8064884	.04116363	.152348	0
922.15	0	.8056954	.04173175	.1525728	0
921.15	0	.8049043	.04229909	.1527966	0
920.15	0	.804115	.04286566	.1530193	0
919.15	0	.8033276	.0434315	.1532409	0
918.15	0	.8025419	.04399662	.1534615	0
917.15	0	.801758	.04456104	.153681	0
916.15	0	.8009759	.04512478	.1538993	0
915.15	0	.8001955	.04568787	.1541166	0
914.15	0	.7994169	.04625032	.1543328	0
913.15	0	.7986399	.04681217	.1545479	0
912.15	0	.7978647	.04737343	.1547619	0
911.15	0	.7970911	.04793413	.1549747	0
910.15	0	.7963192	.04849429	.1551865	0
909.15	0	.795549	.04905394	.1553971	0
908.15	0	.7947803	.0496131	.1556066	0
907.15	0	.7940133	.0501718	.1558149	0
906.15	0	.7932478	.05073006	.1560221	0
905.15	0	.7924839	.05128792	.1562282	0
904.15	0	.7917216	.05184539	.156433	0
903.15	0	.7909607	.05240251	.1566368	0
902.15	0	.7902014	.05295931	.1568393	0
901.15	0	.7894435	.05351582	.1570407	0
900.15	0	.7886871	.05407206	.1572409	0
899.15	0	.7879321	.05462807	.1574399	0
898.15	0	.7871785	.05518388	.1576377	0
897.15	0	.7864262	.05573951	.1578343	0
896.15	0	.7856754	.05629502	.1580296	0
895.15	0	.7849258	.05685041	.1582238	0
894.15	0	.7841776	.05740574	.1584167	0
893.15	0	.7834306	.05796103	.1586084	0
892.15	0	.7826849	.05851632	.1587988	0
891.15	0	.7819404	.05907165	.158988	0
890.15	0	.781197	.05962705	.1591759	0
889.15	0	.7804549	.06018256	.1593626	0
888.15	0	.7797139	.06073822	.1595479	0
887.15	0	.7789739	.06129407	.159732	0
886.15	0	.7782351	.06185015	.1599148	0
885.15	0	.7774973	.0624065	.1600962	0
884.15	0	.7767605	.06296317	.1602764	0
883.15	0	.7760246	.06352019	.1604552	0
882.15	0	.7752897	.06407761	.1606327	0
881.15	0	.7745557	.06463547	.1608088	0
880.15	0	.7738226	.06519383	.1609836	0
879.15	0	.7730903	.06575273	.161157	0
878.15	0	.7723588	.06631221	.161329	0
877.15	0	.7716281	.06687233	.1614996	0
876.15	0	.7708981	.06743313	.1616688	0
875.15	0	.7701687	.06799467	.1618366	0
874.15	0	.76944	.068557	.162003	0
873.15	0	.7687119	.06912018	.1621679	0
872.15	0	.7679844	.06968425	.1623314	0
871.15	0	.7672573	.07024928	.1624934	0
870.15	0	.7665308	.07081533	.1626539	0
869.15	0	.7658046	.07138244	.1628129	0
868.15	0	.7650788	.0719507	.1629705	0
867.15	0	.7643534	.07252015	.1631265	0
866.15	0	.7636282	.07309086	.1632809	0
865.15	0	.7629033	.07366289	.1634338	0
864.15	0	.7621785	.07423632	.1635852	0
863.15	0	.7614539	.07481121	.1637349	0
862.15	0	.7607293	.07538764	.1638831	0
861.15	0	.7600047	.07596567	.1640296	0
860.15	0	.7592801	.07654537	.1641745	0
859.15	0	.7585554	.07712684	.1643178	0
858.15	0	.7578305	.07771014	.1644594	0
857.15	0	.7571054	.07829536	.1645993	0
856.15	0	.75638	.07888257	.1647375	0
855.15	0	.7556542	.07947187	.1648739	0
854.15	0	.7549281	.08006334	.1650086	0
853.15	0	.7542014	.08065707	.1651416	0
852.15	0	.7534741	.08125316	.1652727	0
851.15	0	.7527463	.08185169	.165402	0
850.15	0	.7520177	.08245278	.1655295	0
849.15	0	.7512883	.08305652	.1656552	0
848.15	0	.750558	.08366301	.1657789	0
847.15	0	.7498269	.08427237	.1659008	0
846.15	0	.7490946	.0848847	.1660207	0
845.15	0	.7483612	.08550012	.1661386	0
844.15	0	.7476266	.08611876	.1662546	0
843.15	0	.7468907	.08674072	.1663686	0
842.15	0	.7461534	.08736615	.1664804	0
841.15	0	.7454146	.08799517	.1665903	0
840.15	0	.7446741	.08862791	.166698	0
839.15	0	.743932	.08926453	.1668035	0
838.15	0	.7431879	.08990516	.1669069	0
837.15	0	.742442	.09054996	.1670081	0
836.15	0	.7416939	.09119909	.167107	0
835.15	0	.7409437	.0918527	.1672036	0
834.15	0	.7401911	.09251098	.1672979	0
833.15	0	.7394361	.09317409	.1673898	0
832.15	0	.7386785	.09384223	.1674793	0
831.15	0	.7379181	.09451558	.1675664	0
830.15	0	.7371548	.09519434	.1676509	0
829.15	0	.7363884	.09587873	.1677329	0
828.15	0	.7356188	.09656896	.1678123	0
827.15	0	.7348458	.09726526	.167889	0
826.15	0	.7340691	.09796787	.167963	0
825.15	0	.7332888	.09867704	.1680342	0
824.15	0	.7325044	.09939303	.1681026	0
823.15	0	.7317158	.1001161	.1681681	0
822.15	0	.7309228	.1008466	.1682306	0
821.15	0	.7301252	.1015848	.16829	0
820.15	0	.7293227	.102331	.1683464	0
819.15	0	.728515	.1030855	.1683995	0
818.15	0	.7277019	.1038487	.1684494	0
817.15	0	.7268831	.1046211	.1684959	0
816.15	0	.7260582	.1054029	.1685389	0
815.15	0	.7252271	.1061946	.1685783	0
814.15	0	.7243892	.1069967	.1686141	0
813.15	0	.7235443	.1078096	.1686462	0
812.15	0	.7226919	.1086338	.1686743	0
811.15	0	.7218317	.1094699	.1686983	0
810.15	0	.7209632	.1103185	.1687182	0
809.15	0	.720086	.1111802	.1687338	0
808.15	0	.7191994	.1120556	.168745	0
807.15	0	.718303	.1129455	.1687515	0
806.15	0	.7173962	.1138506	.1687532	0
805.15	0	.7164784	.1147718	.1687498	0
804.15	0	.7155488	.1157099	.1687413	0
803.15	0	.7146068	.1166659	.1687273	0
802.15	0	.7136514	.117641	.1687077	0
801.15	0	.7126818	.1186361	.1686821	0
800.15	0	.7116972	.1196527	.1686502	0
799.15	0	.7106962	.120692	.1686118	0
798.15	0	.709678	.1217556	.1685664	0
797.15	0	.708641	.1228453	.1685137	0
796.15	0	.7075839	.1239628	.1684533	0
795.15	0	.7065051	.1251102	.1683847	0
794.15	0	.7054028	.1262899	.1683073	0
793.15	0	.7042749	.1275045	.1682206	0
792.15	0	.7025689	.1294343	.1679968	0
791.15	0	.7006279	.1316603	.1677118	0
790.15	0	.6987907	.1337661	.1674432	0
789.15	0	.6970452	.1357648	.1671901	0
788.15	0	.6953842	.1376651	.1669506	0
787.15	0	.6938005	.1394758	.1667237	0
786.15	0	.6922877	.1412043	.1665081	0
785.15	0	.6908401	.1428571	.1663029	0
784.15	0	.6894527	.1444401	.1661072	0
783.15	0	.6881211	.1459584	.1659204	0
782.15	0	.6868414	.1474168	.1657418	0
781.15	0	.6856099	.1488194	.1655707	0
780.15	0	.6844235	.1501699	.1654066	0
779.15	0	.6832793	.1514717	.1652491	0
778.15	0	.6821746	.1527278	.1650976	0
777.15	0	.6811071	.1539412	.1649518	0
776.15	0	.6800745	.1551143	.1648113	0
775.15	0	.6790749	.1562494	.1646757	0
774.15	0	.6781064	.1573488	.1645449	0
773.15	0	.6771673	.1584143	.1644184	0
772.15	0	.6762561	.1594478	.1642961	0
771.15	0	.6753714	.160451	.1641776	0
770.15	0	.6745118	.1614254	.1640628	0
769.15	0	.673676	.1623725	.1639515	0
768.15	0	.672863	.1632936	.1638434	0
767.15	0	.6720716	.16419	.1637384	0
766.15	0	.6713008	.1650628	.1636364	0
765.15	0	.6705498	.1659131	.1635372	0
764.15	0	.6698176	.1667418	.1634405	0
763.15	0	.6691035	.1675501	.1633464	0
762.15	0	.6684066	.1683387	.1632547	0
761.15	0	.6677262	.1691086	.1631652	0
760.15	0	.6670617	.1698604	.1630779	0
759.15	0	.6664124	.1705949	.1629927	0
758.15	0	.6657777	.1713129	.1629094	0
757.15	0	.6651571	.172015	.1628279	0
756.15	0	.6645499	.1727018	.1627483	0
755.15	0	.6639558	.1733739	.1626703	0
754.15	0	.6633742	.1740318	.162594	0
753.15	0	.6628046	.1746762	.1625192	0
752.15	0	.6622466	.1753075	.1624459	0
751.15	0	.6616999	.1759261	.162374	0
750.15	0	.661164	.1765325	.1623035	0
749.15	0	.6606385	.1771272	.1622343	0
748.15	0	.6601231	.1777106	.1621663	0
747.15	0	.6596174	.178283	.1620995	0
746.15	0	.6591212	.1788449	.1620339	0
745.15	0	.6586341	.1793965	.1619694	0
744.15	0	.6581558	.1799383	.1619059	0
743.15	0	.6576861	.1804705	.1618434	0
742.15	0	.6572247	.1809934	.1617819	0
741.15	0	.6567713	.1815074	.1617213	0
740.15	0	.6563256	.1820127	.1616617	0
739.15	0	.6558876	.1825096	.1616028	0
738.15	0	.6554568	.1829984	.1615448	0
737.15	0	.6550331	.1834792	.1614877	0
736.15	0	.6546164	.1839524	.1614312	0
735.15	0	.6542063	.1844182	.1613755	0
734.15	0	.6538027	.1848768	.1613205	0
733.15	0	.6534055	.1853283	.1612662	0
732.15	0	.6530144	.185773	.1612126	0
731.15	0	.6526293	.1862112	.1611596	0
730.15	0	.65225	.1866429	.1611071	0
729.15	0	.6518763	.1870684	.1610553	0
728.15	0	.6515082	.1874878	.1610041	0
727.15	0	.6511454	.1879012	.1609533	0
726.15	0	.6507879	.188309	.1609031	0
725.15	0	.6504354	.1887111	.1608534	0
724.15	0	.6500879	.1891078	.1608042	0
723.15	0	.6497453	.1894992	.1607555	0
722.15	0	.6494073	.1898855	.1607072	0
721.15	0	.6490739	.1902667	.1606594	0
720.15	0	.6487451	.190643	.1606119	0
719.15	0	.6484205	.1910145	.1605649	0
718.15	0	.6481003	.1913814	.1605183	0
717.15	0	.6477842	.1917437	.160472	0
716.15	0	.6474722	.1921016	.1604261	0
715.15	0	.6471642	.1924552	.1603806	0
714.15	0	.64686	.1928046	.1603354	0
713.15	0	.6465597	.1931498	.1602905	0
712.15	0	.646263	.193491	.160246	0
711.15	0	.64597	.1938283	.1602017	0
710.15	0	.6456804	.1941618	.1601578	0
709.15	0	.6453944	.1944915	.1601141	0
708.15	0	.6451117	.1948176	.1600707	0
707.15	0	.6448324	.19514	.1600276	0
706.15	0	.6445563	.195459	.1599847	0
705.15	0	.6442833	.1957746	.1599421	0
704.15	0	.6440135	.1960868	.1598997	0
703.15	0	.6437467	.1963958	.1598575	0
702.15	0	.6434829	.1967016	.1598156	0
701.15	0	.643222	.1970042	.1597738	0
700.15	0	.6429639	.1973038	.1597323	0
699.15	0	.6427086	.1976004	.159691	0
698.15	0	.6424561	.197894	.1596499	0
697.15	0	.6422062	.1981848	.159609	0
696.15	0	.641959	.1984728	.1595682	0
695.15	0	.6417144	.198758	.1595276	0
694.15	0	.6414723	.1990405	.1594872	0
693.15	0	.6412326	.1993204	.159447	0
692.15	0	.6409954	.1995977	.1594069	0
691.15	0	.6407606	.1998725	.1593669	0
690.15	0	.6405281	.2001447	.1593272	0
689.15	0	.640298	.2004145	.1592875	0
688.15	0	.64007	.200682	.159248	0
687.15	0	.6398443	.2009471	.1592086	0
686.15	0	.6396208	.2012099	.1591693	0
685.15	0	.6393994	.2014704	.1591302	0
684.15	0	.63918	.2017288	.1590912	0
683.15	0	.6389628	.2019849	.1590523	0
682.15	0	.6387475	.202239	.1590135	0
681.15	0	.6385343	.2024909	.1589748	0
680.15	0	.638323	.2027408	.1589363	0
679.15	0	.6381136	.2029887	.1588978	0
678.15	0	.637906	.2032346	.1588594	0
677.15	0	.6377004	.2034785	.1588211	0
676.15	0	.6374965	.2037206	.1587829	0
675.15	0	.6372945	.2039607	.1587448	0
674.15	0	.6370942	.2041991	.1587068	0
673.15	0	.6368956	.2044356	.1586688	0
672.15	0	.6366988	.2046703	.158631	0
671.15	0	.6365036	.2049033	.1585932	0
670.15	0	.63631	.2051346	.1585554	0
669.15	0	.6361181	.2053641	.1585178	0
668.15	0	.6359278	.2055921	.1584802	0
667.15	0	.635739	.2058183	.1584427	0
666.15	0	.6355518	.206043	.1584052	0
665.15	0	.6353661	.2062661	.1583678	0
664.15	0	.6351819	.2064876	.1583305	0
663.15	0	.6349991	.2067076	.1582932	0
662.15	0	.6348179	.2069262	.158256	0
661.15	0	.634638	.2071432	.1582188	0
660.15	0	.6344596	.2073587	.1581817	0
659.15	0	.6342825	.2075729	.1581446	0
658.15	0	.6341068	.2077856	.1581076	0
657.15	0	.6339325	.2079969	.1580706	0
656.15	0	.6337595	.2082068	.1580337	0
655.15	0	.6335878	.2084154	.1579968	0
654.15	0	.6334174	.2086227	.15796	0
653.15	0	.6332482	.2088286	.1579232	0
652.15	0	.6330803	.2090333	.1578864	0
651.15	0	.6329137	.2092367	.1578497	0
650.15	0	.6327482	.2094388	.157813	0
649.15	0	.632584	.2096397	.1577763	0
648.15	0	.6324209	.2098394	.1577397	0
647.15	0	.632259	.2100379	.1577031	0
646.15	0	.6320983	.2102352	.1576665	0
645.15	0	.6319387	.2104313	.15763	0
644.15	0	.6317802	.2106263	.1575935	0
643.15	0	.6316229	.2108202	.157557	0
642.15	0	.6314666	.2110129	.1575205	0
641.15	0	.6313114	.2112045	.1574841	0
640.15	0	.6311572	.2113951	.1574477	0
639.15	0	.6310041	.2115845	.1574113	0
638.15	0	.6308521	.2117729	.157375	0
637.15	0	.6307011	.2119603	.1573387	0
636.15	0	.6305511	.2121466	.1573024	0
635.15	0	.6304021	.2123319	.1572661	0
634.15	0	.630254	.2125161	.1572298	0
633.15	0	.630107	.2126994	.1571936	0
632.15	0	.6299609	.2128817	.1571574	0
631.15	0	.6298157	.2130631	.1571212	0
630.15	0	.6296715	.2132435	.157085	0
629.15	0	.6295283	.2134229	.1570489	0
628.15	0	.6293859	.2136014	.1570127	0
627.15	0	.6292445	.213779	.1569766	0
626.15	0	.6291039	.2139556	.1569405	0
625.15	0	.6289642	.2141314	.1569044	0
624.15	0	.6288254	.2143062	.1568683	0
623.15	0	.6286875	.2144802	.1568323	0
622.15	0	.6285504	.2146533	.1567962	0
621.15	0	.6284142	.2148256	.1567602	0
620.15	0	.6282788	.214997	.1567242	0
619.15	0	.6281443	.2151675	.1566882	0
618.15	0	.6280105	.2153373	.1566522	0
617.15	0	.6278776	.2155062	.1566163	0
616.15	0	.6277454	.2156742	.1565803	0
615.15	0	.6276141	.2158415	.1565444	0
614.15	0	.6274835	.216008	.1565085	0
613.15	0	.6273537	.2161737	.1564726	0
612.15	0	.6272247	.2163386	.1564367	0
611.15	0	.6270965	.2165027	.1564008	0
610.15	0	.626969	.2166661	.156365	0
609.15	0	.6268422	.2168287	.1563291	0
608.15	0	.6267162	.2169905	.1562933	0
607.15	0	.6265909	.2171517	.1562575	0
606.15	0	.6264663	.217312	.1562217	0
605.15	0	.6263424	.2174717	.1561859	0
604.15	0	.6262193	.2176306	.1561501	0
603.15	0	.6260968	.2177888	.1561144	0
602.15	0	.6259751	.2179463	.1560786	0
601.15	0	.625854	.2181031	.1560429	0
600.15	0	.6257336	.2182593	.1560072	0
599.15	0	.6256139	.2184147	.1559715	0
598.15	0	.6254948	.2185694	.1559358	0
597.15	0	.6253764	.2187235	.1559001	0
596.15	0	.6252587	.2188769	.1558645	0
595.15	0	.6251416	.2190296	.1558288	0
594.15	0	.6250251	.2191817	.1557932	0
593.15	0	.6249093	.2193331	.1557576	0
592.15	0	.6247942	.2194839	.155722	0
591.15	0	.6246796	.219634	.1556864	0
590.15	0	.6245657	.2197835	.1556509	0
589.15	0	.6244524	.2199323	.1556153	0
588.15	0	.6243397	.2200806	.1555798	0
587.15	0	.6242276	.2202282	.1555443	0
586.15	0	.6241161	.2203752	.1555088	0
585.15	0	.6240052	.2205216	.1554733	0
584.15	0	.6238948	.2206673	.1554378	0
583.15	0	.6237851	.2208125	.1554024	0
582.15	0	.623676	.2209571	.155367	0
581.15	0	.6235674	.2211011	.1553316	0
580.15	0	.6234594	.2212445	.1552962	0
579.15	0	.6233519	.2213873	.1552608	0
578.15	0	.6232451	.2215295	.1552254	0
577.15	0	.6231387	.2216712	.1551901	0
576.15	0	.623033	.2218122	.1551548	0
575.15	0	.6229278	.2219527	.1551195	0
574.15	0	.6228231	.2220927	.1550842	0
573.15	0	.6227189	.2222321	.155049	0
572.15	0	.6226153	.2223709	.1550138	0
571.15	0	.6225123	.2225092	.1549786	0
570.15	0	.6224097	.2226469	.1549434	0
569.15	0	.6223077	.2227841	.1549082	0
568.15	0	.6222062	.2229207	.1548731	0
567.15	0	.6221052	.2230568	.154838	0
566.15	0	.6220048	.2231923	.1548029	0
565.15	0	.6219048	.2233274	.1547678	0
564.15	0	.6218054	.2234619	.1547328	0
563.15	0	.6217064	.2235958	.1546978	0
562.15	0	.621608	.2237293	.1546628	0
561.15	0	.62151	.2238622	.1546278	0
560.15	0	.6214125	.2239946	.1545929	0
559.15	0	.6213156	.2241265	.154558	0
558.15	0	.6212191	.2242579	.1545231	0
557.15	0	.621123	.2243887	.1544882	0
556.15	0	.6210275	.2245191	.1544534	0
555.15	0	.6209325	.224649	.1544186	0
554.15	0	.6208379	.2247783	.1543838	0
553.15	0	.6207438	.2249072	.1543491	0
552.15	0	.6206501	.2250355	.1543144	0
551.15	0	.6205569	.2251634	.1542797	0
550.15	0	.6204642	.2252908	.154245	0
549.15	0	.6203719	.2254177	.1542104	0
548.15	0	.6202801	.2255441	.1541758	0
547.15	0	.6201887	.22567	.1541413	0
546.15	0	.6200978	.2257954	.1541068	0
545.15	0	.6200074	.2259204	.1540723	0
544.15	0	.6199173	.2260448	.1540378	0
543.15	0	.6198278	.2261688	.1540034	0
542.15	0	.6197386	.2262924	.153969	0
541.15	0	.61965	.2264154	.1539346	0
540.15	0	.6195618	.226538	.1539003	0
539.15	0	.6194739	.2266601	.153866	0
538.15	0	.6193865	.2267818	.1538317	0
537.15	0	.6192995	.2269029	.1537975	0
536.15	0	.619213	.2270237	.1537634	0
535.15	0	.6191268	.2271439	.1537292	0
534.15	0	.6190411	.2272637	.1536951	0
533.15	0	.6189558	.2273831	.1536611	0
532.15	0	.6188709	.227502	.1536271	0
531.15	0	.6187865	.2276204	.1535931	0
530.15	0	.6187024	.2277384	.1535592	0
529.15	0	.6186188	.2278559	.1535253	0
528.15	0	.6185355	.227973	.1534915	0
527.15	0	.6184527	.2280897	.1534577	0
526.15	0	.6183702	.2282058	.1534239	0
525.15	0	.6182882	.2283216	.1533902	0
524.15	0	.6182066	.2284369	.1533565	0
523.15	0	.6181253	.2285518	.1533229	0
522.15	0	.6180445	.2286662	.1532893	0
521.15	0	.617964	.2287802	.1532558	0
520.15	0	.617884	.2288937	.1532223	0
519.15	0	.6178043	.2290068	.1531889	0
518.15	0	.617725	.2291195	.1531555	0
517.15	0	.6176461	.2292317	.1531222	0
516.15	0	.6175676	.2293435	.1530889	0
515.15	0	.6174894	.2294549	.1530556	0
514.15	0	.6174117	.2295659	.1530225	0
513.15	0	.6173343	.2296764	.1529893	0
512.15	0	.6172573	.2297865	.1529562	0
511.15	0	.6171807	.2298961	.1529232	0
510.15	0	.6171045	.2300053	.1528902	0
509.15	0	.6170286	.2301142	.1528573	0
508.15	0	.6169531	.2302225	.1528244	0
507.15	0	.6168779	.2303305	.1527916	0
506.15	0	.6168032	.230438	.1527588	0
505.15	0	.6167288	.2305452	.1527261	0
504.15	0	.6166547	.2306518	.1526934	0
503.15	0	.6165811	.2307581	.1526608	0
502.15	0	.6165077	.230864	.1526283	0
501.15	0	.6164348	.2309694	.1525958	0
500.15	0	.6163622	.2310744	.1525634	0
499.15	0	.6162899	.231179	.152531	0
498.15	0	.6162181	.2312832	.1524987	0
497.15	0	.6161465	.231387	.1524665	0
496.15	0	.6160754	.2314904	.1524343	0
495.15	0	.6160045	.2315933	.1524022	0
494.15	0	.6159341	.2316959	.1523701	0
493.15	0	.615864	.231798	.1523381	0
492.15	0	.6157942	.2318997	.1523062	0
491.15	0	.6157248	.232001	.1522743	0
490.15	0	.6156557	.2321019	.1522425	0
489.15	0	.6155869	.2322024	.1522107	0
488.15	0	.6155185	.2323024	.152179	0
487.15	0	.6154505	.2324021	.1521474	0
486.15	0	.6153828	.2325014	.1521159	0
485.15	0	.6153154	.2326002	.1520844	0
484.15	0	.6152484	.2326987	.152053	0
483.15	0	.6151817	.2327967	.1520216	0
482.15	0	.6151153	.2328943	.1519904	0
481.15	0	.6150493	.2329916	.1519592	0
480.15	0	.6149836	.2330884	.151928	0
479.15	0	.6149182	.2331848	.151897	0
478.15	0	.6148532	.2332808	.151866	0
477.15	0	.6147885	.2333765	.151835	0
476.15	0	.6147242	.2334717	.1518042	0
475.15	0	.6146601	.2335665	.1517734	0
474.15	0	.6145964	.2336609	.1517427	0
473.15	0	.614533	.2337549	.1517121	0
472.15	0	.61447	.2338485	.1516815	0
471.15	0	.6144072	.2339417	.151651	0
470.15	0	.6143448	.2340346	.1516206	0
469.15	0	.6142827	.234127	.1515903	0
468.15	0	.614221	.234219	.1515601	0
467.15	0	.6141595	.2343106	.1515299	0
466.15	0	.6140984	.2344018	.1514998	0
465.15	0	.6140376	.2344927	.1514698	0
464.15	0	.6139771	.2345831	.1514398	0
463.15	0	.6139169	.2346731	.15141	0
462.15	0	.6138571	.2347627	.1513802	0
461.15	0	.6137975	.234852	.1513505	0
460.15	0	.6137383	.2349408	.1513209	0
459.15	0	.6136794	.2350293	.1512913	0
458.15	0	.6136208	.2351173	.1512619	0
457.15	0	.6135625	.235205	.1512325	0
456.15	0	.6135045	.2352922	.1512032	0
455.15	0	.6134469	.2353791	.151174	0
454.15	0	.6133895	.2354656	.1511449	0
453.15	0	.6133325	.2355517	.1511159	0
452.15	0	.6132757	.2356373	.151087	0
451.15	0	.6132193	.2357226	.1510581	0
450.15	0	.6131631	.2358075	.1510293	0
449.15	0	.6131074	.235892	.1510007	0
448.15	0	.6130519	.235976	.1509721	0
447.15	0	.6129967	.2360596	.1509436	0
446.15	0	.6129419	.2361429	.1509152	0
445.15	0	.6128874	.2362257	.150887	0
444.15	0	.6128331	.2363081	.1508588	0
443.15	0	.6127793	.2363901	.1508307	0
442.15	0	.6127257	.2364716	.1508027	0
441.15	0	.6126725	.2365527	.1507748	0
440.15	0	.6126196	.2366334	.1507471	0
439.15	0	.612567	.2367136	.1507194	0
438.15	0	.6125147	.2367934	.1506919	0
437.15	0	.6124628	.2368727	.1506645	0
436.15	0	.6124113	.2369516	.1506371	0
435.15	0	.61236	.23703	.15061	0
434.15	0	.6123092	.237108	.1505829	0
433.15	0	.6122586	.2371855	.1505559	0
432.15	0	.6122084	.2372625	.1505291	0
431.15	0	.6121585	.2373391	.1505024	0
430.15	0	.612109	.2374152	.1504758	0
429.15	0	.6120598	.2374908	.1504494	0
428.15	0	.612011	.237566	.150423	0
427.15	0	.6119625	.2376407	.1503968	0
426.15	0	.6119144	.2377149	.1503708	0
425.15	0	.6118666	.2377886	.1503448	0
424.15	0	.6118192	.2378618	.150319	0
423.15	0	.6117721	.2379346	.1502934	0
422.15	0	.6117253	.2380069	.1502678	0
421.15	0	.6116789	.2380787	.1502424	0
420.15	0	.6116329	.23815	.1502171	0
419.15	0	.6115872	.2382209	.150192	0
418.15	0	.6115418	.2382912	.150167	0
417.15	0	.6114968	.2383611	.1501422	0
416.15	0	.6114521	.2384305	.1501174	0
415.15	0	.6114078	.2384994	.1500929	0
414.15	0	.6113638	.2385678	.1500684	0
413.15	0	.6113202	.2386357	.1500441	0
412.15	0	.6112768	.2387032	.15002	0
411.15	0	.6112339	.2387702	.1499959	0
410.15	0	.6111913	.2388367	.1499721	0
409.15	0	.611149	.2389027	.1499483	0
408.15	0	.6111071	.2389682	.1499247	0
407.15	0	.6110655	.2390333	.1499013	0
406.15	0	.6110242	.2390978	.149878	0
405.15	0	.6109833	.2391619	.1498548	0
404.15	0	.6109427	.2392256	.1498318	0
403.15	0	.6109024	.2392887	.1498089	0
402.15	0	.6108625	.2393514	.1497862	0
401.15	0	.6108229	.2394136	.1497636	0
400.15	0	.6107836	.2394753	.1497411	0
399.15	0	.6107446	.2395366	.1497188	0
398.15	0	.610706	.2395974	.1496966	0
397.15	0	.6106677	.2396577	.1496746	0
396.15	0	.6106297	.2397176	.1496527	0
395.15	0	.610592	.239777	.149631	0
394.15	0	.6105547	.239836	.1496094	0
393.15	0	.6105176	.2398944	.1495879	0
392.15	0	.6104809	.2399525	.1495666	0
391.15	0	.6104445	.2400101	.1495454	0
390.15	0	.6104084	.2400672	.1495244	0
389.15	0	.6103726	.2401239	.1495035	0
388.15	0	.6103371	.2401802	.1494828	0
387.15	0	.6103019	.240236	.1494622	0
386.15	0	.610267	.2402913	.1494417	0
385.15	0	.6102324	.2403462	.1494214	0
384.15	0	.6101981	.2404007	.1494012	0
383.15	0	.6101641	.2404548	.1493811	0
382.15	0	.6101304	.2405084	.1493612	0
381.15	0	.610097	.2405616	.1493414	0
380.15	0	.6100638	.2406144	.1493218	0
379.15	0	.610031	.2406667	.1493023	0
378.15	0	.6099984	.2407186	.1492829	0
377.15	0	.6099661	.2407701	.1492637	0
376.15	0	.6099341	.2408212	.1492446	0
375.15	0	.6099024	.2408719	.1492257	0
374.15	0	.609871	.2409222	.1492069	0
373.15	0	.6098398	.2409721	.1491882	0
372.15	0	.6098089	.2410215	.1491696	0
371.15	0	.6097782	.2410706	.1491512	0
370.15	0	.6097478	.2411192	.1491329	0
369.15	0	.6097177	.2411675	.1491148	0
368.15	0	.6096879	.2412154	.1490968	0
367.15	0	.6096583	.2412629	.1490789	0
366.15	0	.6096289	.24131	.1490611	0
365.15	0	.6095998	.2413567	.1490435	0
364.15	0	.609571	.241403	.149026	0
363.15	0	.6095424	.241449	.1490086	0
362.15	0	.6095141	.2414946	.1489914	0
361.15	0	.609486	.2415398	.1489743	0
360.15	0	.6094581	.2415846	.1489573	0
359.15	0	.6094305	.2416291	.1489405	0
358.15	0	.6094031	.2416732	.1489237	0
357.15	0	.6093759	.241717	.1489071	0
356.15	0	.609349	.2417604	.1488906	0
355.15	0	.6093223	.2418034	.1488743	0
354.15	0	.6092959	.2418461	.148858	0
353.15	0	.6092696	.2418885	.1488419	0
352.15	0	.6092436	.2419305	.148826	0
351.15	0	.6092178	.2419721	.1488101	0
350.15	0	.6091922	.2420134	.1487944	0
349.15	0	.6091669	.2420544	.1487787	0
348.15	0	.6091417	.2420951	.1487632	0
347.15	0	.6091168	.2421354	.1487478	0
346.15	0	.609092	.2421754	.1487326	0
345.15	0	.6090675	.2422151	.1487175	0
344.15	0	.6090432	.2422544	.1487024	0
343.15	0	.6090191	.2422934	.1486875	0
342.15	0	.6089951	.2423322	.1486727	0
341.15	0	.6089714	.2423706	.1486581	0
340.15	0	.6089479	.2424086	.1486435	0
339.15	0	.6089245	.2424464	.1486291	0
338.15	0	.6089014	.2424839	.1486147	0
337.15	0	.6088784	.2425211	.1486005	0
336.15	0	.6088556	.242558	.1485864	0
335.15	0	.608833	.2425945	.1485724	0
334.15	0	.6088106	.2426308	.1485585	0
333.15	0	.6087884	.2426668	.1485448	0
332.15	0	.6087664	.2427025	.1485311	0
331.15	0	.6087445	.2427379	.1485176	0
330.15	0	.6087228	.2427731	.1485042	0
329.15	0	.6087012	.2428079	.1484908	0
328.15	0	.6086799	.2428425	.1484776	0
327.15	0	.6086587	.2428768	.1484645	0
326.15	0	.6086376	.2429109	.1484515	0
325.15	0	.6086167	.2429447	.1484386	0
324.15	0	.608596	.2429781	.1484258	0
323.15	0	.6085755	.2430114	.1484132	0
322.15	0	.6085551	.2430444	.1484006	0
321.15	0	.6085348	.2430771	.1483881	0
320.15	0	.6085147	.2431095	.1483758	0
319.15	0	.6084948	.2431417	.1483635	0
318.15	0	.608475	.2431737	.1483514	0
317.15	0	.6084553	.2432054	.1483393	0
316.15	0	.6084358	.2432368	.1483274	0
315.15	0	.6084164	.243268	.1483156	0
314.15	0	.6083972	.243299	.1483038	0
313.15	0	.6083781	.2433297	.1482922	0
312.15	0	.6083592	.2433602	.1482807	0
311.15	0	.6083403	.2433904	.1482692	0
310.15	0	.6083217	.2434204	.1482579	0
309.15	0	.6083031	.2434502	.1482467	0
308.15	0	.6082847	.2434798	.1482356	0
307.15	0	.6082664	.2435091	.1482245	0
306.15	0	.6082482	.2435382	.1482136	0
305.15	0	.6082302	.2435671	.1482028	0
304.15	0	.6082122	.2435957	.1481921	0
303.15	0	.6081944	.2436241	.1481814	0
302.15	0	.6081767	.2436524	.1481709	0
301.15	0	.6081592	.2436804	.1481605	0
300.15	0	.6081417	.2437082	.1481502	0
299.15	0	.6081244	.2437357	.1481399	0
298.15	0	.6081071	.2437631	.1481298	0
