T	 BPW(LIQUID)	BPW(BCC_A2)	BPW(FCC_A1)	BPW(LAVES_PHASE_C14)	BPW(NI3TI)
1473.15	.3741568	.6258432	0	0	0
1472.15	.3712472	.6287528	0	0	0
1471.15	.3683568	.6316432	0	0	0
1470.15	.3654853	.6345147	0	0	0
1469.15	.3626327	.6373673	0	0	0
1468.15	.3597987	.6402013	0	0	0
1467.15	.3569833	.6430167	0	0	0
1466.15	.3541863	.6458137	0	0	0
1465.15	.3514075	.6485925	0	0	0
1464.15	.3486469	.6513531	0	0	0
1463.15	.3459041	.6540959	0	0	0
1462.15	.3431792	.6568208	0	0	0
1461.15	.340472	.659528	0	0	0
1460.15	.3377823	.6622177	0	0	0
1459.15	.33511	.66489	0	0	0
1458.15	.332455	.667545	0	0	0
1457.15	.3298171	.670183	0	0	0
1456.15	.3271961	.6728039	0	0	0
1455.15	.3245921	.6754079	0	0	0
1454.15	.3220047	.6779953	0	0	0
1453.15	.319434	.680566	0	0	0
1452.15	.3168797	.6831203	0	0	0
1451.15	.3143418	.6856582	0	0	0
1450.15	.3118201	.6881799	0	0	0
1449.15	.3093145	.6906855	0	0	0
1448.15	.3068248	.6931752	0	0	0
1447.15	.304351	.695649	0	0	0
1446.15	.3018929	.6981071	0	0	0
1445.15	.2994504	.7005496	0	0	0
1444.15	.2970234	.7029766	0	0	0
1443.15	.2946118	.7053882	0	0	0
1442.15	.2922154	.7077846	0	0	0
1441.15	.2898342	.7101658	0	0	0
1440.15	.2874679	.7125321	0	0	0
1439.15	.2851166	.7148834	0	0	0
1438.15	.2827801	.7172199	0	0	0
1437.15	.2804582	.7195418	0	0	0
1436.15	.2781509	.7218491	0	0	0
1435.15	.2758581	.7241419	0	0	0
1434.15	.2735796	.7264204	0	0	0
1433.15	.2713154	.7286847	0	0	0
1432.15	.2690653	.7309348	0	0	0
1431.15	.2668292	.7331708	0	0	0
1430.15	.264607	.735393	0	0	0
1429.15	.2623987	.7376013	0	0	0
1428.15	.2602041	.7397959	0	0	0
1427.15	.2580231	.7419769	0	0	0
1426.15	.2558556	.7441444	0	0	0
1425.15	.2537016	.7462984	0	0	0
1424.15	.2515608	.7484392	0	0	0
1423.15	.2494333	.7505667	0	0	0
1422.15	.2473189	.7526811	0	0	0
1421.15	.2452176	.7547824	0	0	0
1420.15	.2431291	.7568709	0	0	0
1419.15	.2410535	.7589465	0	0	0
1418.15	.2389906	.7610094	0	0	0
1417.15	.2369404	.7630596	0	0	0
1416.15	.2349027	.7650973	0	0	0
1415.15	.2328775	.7671225	0	0	0
1414.15	.2308647	.7691353	0	0	0
1413.15	.2288642	.7711358	0	0	0
1412.15	.2268758	.7731242	0	0	0
1411.15	.2248996	.7751004	0	0	0
1410.15	.2229354	.7770646	0	0	0
1409.15	.2209831	.7790169	0	0	0
1408.15	.2190427	.7809573	0	0	0
1407.15	.217114	.782886	0	0	0
1406.15	.215197	.784803	0	0	0
1405.15	.2132916	.7867084	0	0	0
1404.15	.2113977	.7886023	0	0	0
1403.15	.2095153	.7904847	0	0	0
1402.15	.2076442	.7923558	0	0	0
1401.15	.2057843	.7942157	0	0	0
1400.15	.2039357	.7960643	0	0	0
1399.15	.2020982	.7979019	0	0	0
1398.15	.2002716	.7997284	0	0	0
1397.15	.1984561	.8015439	0	0	0
1396.15	.1966514	.8033486	0	0	0
1395.15	.1948576	.8051424	0	0	0
1394.15	.1930744	.8069256	0	0	0
1393.15	.1913019	.8086981	0	0	0
1392.15	.18954	.81046	0	0	0
1391.15	.1877886	.8122114	0	0	0
1390.15	.1860476	.8139524	0	0	0
1389.15	.184317	.815683	0	0	0
1388.15	.1825966	.8174034	0	0	0
1387.15	.1808865	.8191135	0	0	0
1386.15	.1791865	.8208135	0	0	0
1385.15	.1774966	.8225034	0	0	0
1384.15	.1758167	.8241833	0	0	0
1383.15	.1741467	.8258533	0	0	0
1382.15	.1724867	.8275134	0	0	0
1381.15	.1708363	.8291636	0	0	0
1380.15	.1691958	.8308042	0	0	0
1379.15	.1675649	.8324351	0	0	0
1378.15	.1659436	.8340564	0	0	0
1377.15	.1643319	.8356681	0	0	0
1376.15	.1627296	.8372704	0	0	0
1375.15	.1611368	.8388632	0	0	0
1374.15	.1595533	.8404467	0	0	0
1373.15	.1579791	.842021	0	0	0
1372.15	.1564141	.843586	0	0	0
1371.15	.1548582	.8451418	0	0	0
1370.15	.1533115	.8466885	0	0	0
1369.15	.1517738	.8482262	0	0	0
1368.15	.1502451	.8497549	0	0	0
1367.15	.1487253	.8512747	0	0	0
1366.15	.1472144	.8527856	0	0	0
1365.15	.1457123	.8542877	0	0	0
1364.15	.1442189	.8557811	0	0	0
1363.15	.1427342	.8572658	0	0	0
1362.15	.1412582	.8587418	0	0	0
1361.15	.1397907	.8602093	0	0	0
1360.15	.1383318	.8616682	0	0	0
1359.15	.1368813	.8631187	0	0	0
1358.15	.1354392	.8645608	0	0	0
1357.15	.1340055	.8659945	0	0	0
1356.15	.1325801	.8674199	0	0	0
1355.15	.131163	.868837	0	0	0
1354.15	.129754	.870246	0	0	0
1353.15	.1283532	.8716468	0	0	0
1352.15	.1269605	.8730395	0	0	0
1351.15	.1255758	.8744242	0	0	0
1350.15	.1241992	.8758008	0	0	0
1349.15	.1228304	.8771696	0	0	0
1348.15	.1214696	.8785304	0	0	0
1347.15	.1201166	.8798834	0	0	0
1346.15	.1187714	.8812286	0	0	0
1345.15	.117434	.882566	0	0	0
1344.15	.1161042	.8838958	0	0	0
1343.15	.1147821	.8852179	0	0	0
1342.15	.1134676	.8865324	0	0	0
1341.15	.1121607	.8878393	0	0	0
1340.15	.1108612	.8891388	0	0	0
1339.15	.1095693	.8904307	0	0	0
1338.15	.1082847	.8917153	0	0	0
1337.15	.1070075	.8929925	0	0	0
1336.15	.1057377	.8942623	0	0	0
1335.15	.1044751	.8955249	0	0	0
1334.15	.1032198	.8967802	0	0	0
1333.15	.1019717	.8980283	0	0	0
1332.15	.1007307	.8992693	0	0	0
1331.15	.09949685	.9005032	0	0	0
1330.358	.09852414	.9014759	0	0	0
1330.358	.09852414	.9014759	0	0	0
1330.358	.09852414	.9014759	0	0	0
1330.15	.0981418	.9016683	0	1.89853E-04	0
1329.15	.09630779	.9025901	0	.001102096	0
1328.15	.09448664	.9035029	0	.002010493	0
1327.15	.09267819	.9044067	0	.00291509	0
1326.15	.09088227	.9053018	0	.003815935	0
1325.15	.08909874	.9061882	0	.004713073	0
1324.15	.08732742	.907066	0	.005606549	0
1323.15	.08556816	.9079354	0	.006496407	0
1322.15	.08382082	.9087965	0	.007382691	0
1321.15	.08208523	.9096493	0	.008265443	0
1320.15	.08036124	.9104941	0	.009144707	0
1319.15	.07864873	.9113307	0	.01002052	0
1318.15	.07694753	.9121595	0	.01089293	0
1317.15	.07525751	.9129805	0	.01176197	0
1316.15	.07357852	.9137938	0	.01262769	0
1315.15	.07191044	.9145995	0	.01349011	0
1314.15	.07025311	.9153976	0	.01434929	0
1313.15	.06860642	.9161883	0	.01520525	0
1312.455	.06746871	.9167333	0	.01579799	0
1312.455	.06746871	.9167333	0	.01579799	0
1312.455	.06746871	.9167333	0	.01579799	0
1312.15	.06478647	.9156532	.003247231	.01631311	0
1311.15	.05601187	.9121651	.01383377	.01798924	0
1310.15	.04725203	.908752	.02434708	.01964885	0
1309.15	.03850643	.9054132	.03478823	.02129214	0
1308.15	.02977452	.9021479	.04515828	.02291934	0
1307.15	.02105577	.8989553	.05545825	.02453067	0
1306.15	.01234968	.8958348	.06568918	.02612633	0
1305.15	.003655744	.8927857	.07585206	.02770654	0
1304.729	0	.8915235	.08010948	.02836707	0
1304.729	0	.8915235	.08010948	.02836707	0
1304.15	0	.8905728	.08071939	.02870777	0
1303.15	0	.8889351	.08177014	.0292948	0
1302.15	0	.887302	.08281779	.02988021	0
1301.15	0	.8856737	.08386234	.03046401	0
1300.15	0	.88405	.08490381	.03104621	0
1299.15	0	.882431	.0859422	.0316268	0
1298.15	0	.8808167	.08697752	.03220581	0
1297.15	0	.879207	.08800977	.03278322	0
1296.15	0	.877602	.08903897	.03335906	0
1295.15	0	.8760016	.09006511	.03393332	0
1294.15	0	.8744058	.09108821	.03450601	0
1293.15	0	.8728146	.09210827	.03507714	0
1292.15	0	.871228	.0931253	.03564672	0
1291.15	0	.869646	.09413931	.03621474	0
1290.15	0	.8680685	.0951503	.03678123	0
1289.15	0	.8664956	.09615827	.03734617	0
1288.15	0	.8649272	.09716324	.03790959	0
1287.15	0	.8633633	.09816522	.03847147	0
1286.15	0	.861804	.0991642	.03903184	0
1285.15	0	.8602491	.1001602	.0395907	0
1284.15	0	.8586987	.1011532	.04014804	0
1283.15	0	.8571529	.1021432	.04070389	0
1282.15	0	.8556115	.1031303	.04125824	0
1281.15	0	.8540745	.1041144	.04181109	0
1280.15	0	.8525419	.1050956	.04236247	0
1279.15	0	.8510139	.1060738	.04291236	0
1278.15	0	.8494902	.107049	.04346078	0
1277.15	0	.8479709	.1080214	.04400774	0
1276.15	0	.846456	.1089908	.04455323	0
1275.15	0	.8449455	.1099572	.04509727	0
1274.15	0	.8434394	.1109208	.04563985	0
1273.15	0	.8419376	.1118814	.04618099	0
1272.15	0	.8404402	.1128391	.04672069	0
1271.15	0	.8389471	.1137939	.04725895	0
1270.15	0	.8374584	.1147458	.04779579	0
1269.15	0	.8359739	.1156949	.0483312	0
1268.15	0	.8344938	.116641	.0488652	0
1267.15	0	.833018	.1175843	.04939778	0
1266.15	0	.8315464	.1185246	.04992896	0
1265.15	0	.8300791	.1194621	.05045873	0
1264.15	0	.8286161	.1203968	.05098711	0
1263.15	0	.8271574	.1213286	.05151409	0
1262.15	0	.8257029	.1222575	.05203969	0
1261.15	0	.8242526	.1231835	.05256391	0
1260.15	0	.8228065	.1241068	.05308675	0
1259.15	0	.8213647	.1250271	.05360822	0
1258.15	0	.819927	.1259447	.05412832	0
1257.15	0	.8184935	.1268594	.05464706	0
1256.15	0	.8170643	.1277713	.05516445	0
1255.15	0	.8156392	.1286803	.05568049	0
1254.15	0	.8142182	.1295866	.05619518	0
1253.15	0	.8128014	.13049	.05670853	0
1252.15	0	.8113888	.1313906	.05722055	0
1251.15	0	.8099803	.1322885	.05773123	0
1250.15	0	.8085759	.1331835	.05824059	0
1249.15	0	.8071756	.1340757	.05874863	0
1248.15	0	.8057795	.1349652	.05925535	0
1247.15	0	.8043874	.1358518	.05976076	0
1246.15	0	.8029994	.1367357	.06026486	0
1245.15	0	.8016155	.1376168	.06076766	0
1244.15	0	.8002357	.1384951	.06126917	0
1243.15	0	.79886	.1393707	.06176938	0
1242.15	0	.7974882	.1402435	.0622683	0
1241.15	0	.7961206	.1411135	.06276594	0
1240.15	0	.7947569	.1419808	.06326231	0
1239.15	0	.7933973	.1428453	.06375739	0
1238.15	0	.7920417	.1437071	.06425121	0
1237.15	0	.7906901	.1445661	.06474377	0
1236.15	0	.7893426	.1454224	.06523506	0
1235.15	0	.787999	.1462759	.0657251	0
1234.15	0	.7866594	.1471268	.06621388	0
1233.15	0	.7853237	.1479748	.06670142	0
1232.15	0	.7839921	.1488202	.06718772	0
1231.15	0	.7826644	.1496628	.06767278	0
1230.15	0	.7813406	.1505028	.0681566	0
1229.15	0	.7800208	.15134	.0686392	0
1228.15	0	.7787049	.1521745	.06912057	0
1227.15	0	.777393	.1530063	.06960072	0
1226.15	0	.776085	.1538354	.07007966	0
1225.15	0	.7747809	.1546618	.07055738	0
1224.15	0	.7734807	.1554854	.07103389	0
1223.15	0	.7721844	.1563064	.0715092	0
1222.15	0	.770892	.1571247	.07198331	0
1221.15	0	.7696034	.1579404	.07245623	0
1220.15	0	.7683188	.1587533	.07292795	0
1219.15	0	.767038	.1595635	.07339849	0
1218.15	0	.765761	.1603711	.07386785	0
1217.15	0	.764488	.161176	.07433602	0
1216.15	0	.7632188	.1619782	.07480302	0
1215.15	0	.7619534	.1627778	.07526885	0
1214.15	0	.7606918	.1635747	.07573351	0
1213.15	0	.7594341	.1643689	.07619701	0
1212.15	0	.7581802	.1651605	.07665936	0
1211.15	0	.7569301	.1659494	.07712054	0
1210.15	0	.7556838	.1667356	.07758058	0
1209.15	0	.7544413	.1675192	.07803947	0
1208.15	0	.7532026	.1683002	.07849721	0
1207.15	0	.7519677	.1690784	.07895382	0
1206.15	0	.7507366	.1698541	.07940929	0
1205.15	0	.7495093	.1706271	.07986363	0
1204.15	0	.7482857	.1713975	.08031684	0
1203.15	0	.7470659	.1721652	.08076892	0
1202.15	0	.7458498	.1729303	.08121989	0
1201.15	0	.7446375	.1736928	.08166974	0
1200.15	0	.7434289	.1744526	.08211847	0
1199.15	0	.7422241	.1752098	.0825661	0
1198.15	0	.741023	.1759644	.08301262	0
1197.15	0	.7398256	.1767163	.08345804	0
1196.15	0	.738632	.1774657	.08390236	0
1195.15	0	.737442	.1782124	.08434559	0
1194.15	0	.7362558	.1789565	.08478772	0
1193.15	0	.7350733	.1796979	.08522877	0
1192.15	0	.7338945	.1804368	.08566873	0
1191.15	0	.7327193	.181173	.08610762	0
1190.15	0	.7315479	.1819067	.08654542	0
1189.15	0	.7303802	.1826377	.08698215	0
1188.15	0	.7292161	.1833661	.08741781	0
1187.15	0	.7280557	.1840919	.08785241	0
1186.15	0	.7268989	.1848151	.08828594	0
1185.15	0	.7257458	.1855357	.08871841	0
1184.15	0	.7245964	.1862537	.08914982	0
1183.15	0	.7234507	.1869692	.08958018	0
1182.15	0	.7223085	.187682	.0900095	0
1181.15	0	.7211701	.1883922	.09043776	0
1180.15	0	.7200352	.1890998	.09086498	0
1179.15	0	.718904	.1898048	.09129116	0
1178.15	0	.7177764	.1905073	.0917163	0
1177.15	0	.7166525	.1912071	.09214042	0
1176.15	0	.7155322	.1919043	.0925635	0
1175.15	0	.7144155	.192599	.09298555	0
1174.15	0	.7133024	.1932911	.09340658	0
1173.15	0	.7121929	.1939806	.09382658	0
1172.15	0	.711087	.1946675	.09424557	0
1171.15	0	.7099847	.1953518	.09466355	0
1170.15	0	.708886	.1960335	.09508051	0
1169.15	0	.7077909	.1967127	.09549647	0
1168.15	0	.7066994	.1973892	.09591142	0
1167.15	0	.7056114	.1980632	.09632536	0
1166.15	0	.7045271	.1987346	.09673831	0
1165.15	0	.7034463	.1994035	.09715026	0
1164.15	0	.7023691	.2000697	.09756122	0
1163.15	0	.7012954	.2007334	.09797119	0
1162.15	0	.7002254	.2013945	.09838017	0
1161.15	0	.6991588	.202053	.09878816	0
1160.15	0	.6980959	.2027089	.09919517	0
1159.15	0	.6970365	.2033623	.09960121	0
1158.15	0	.6959806	.2040131	.1000063	0
1157.15	0	.6949283	.2046613	.1004104	0
1156.15	0	.6938796	.2053069	.1008135	0
1155.15	0	.6928344	.20595	.1012156	0
1154.15	0	.6917927	.2065905	.1016168	0
1153.15	0	.6907545	.2072285	.102017	0
1152.15	0	.6897199	.2078638	.1024163	0
1151.15	0	.6886888	.2084966	.1028146	0
1150.15	0	.6876613	.2091268	.103212	0
1149.15	0	.6866373	.2097544	.1036084	0
1148.15	0	.6856167	.2103794	.1040038	0
1147.15	0	.6845998	.2110019	.1043983	0
1146.15	0	.6835863	.2116218	.1047919	0
1145.15	0	.6825764	.2122392	.1051845	0
1144.15	0	.6815699	.2128539	.1055762	0
1143.15	0	.680567	.2134661	.1059669	0
1142.15	0	.6795676	.2140757	.1063567	0
1141.15	0	.6785716	.2146828	.1067456	0
1140.15	0	.6775792	.2152872	.1071336	0
1139.15	0	.6765903	.2158891	.1075206	0
1138.15	0	.6756049	.2164884	.1079067	0
1137.15	0	.6746229	.2170852	.1082919	0
1136.15	0	.6736445	.2176793	.1086762	0
1135.15	0	.6726696	.2182709	.1090595	0
1134.15	0	.6716981	.2188599	.109442	0
1133.15	0	.6707302	.2194463	.1098235	0
1132.15	0	.6697657	.2200302	.1102041	0
1131.15	0	.6688047	.2206115	.1105839	0
1130.15	0	.6678472	.2211902	.1109627	0
1129.15	0	.6668932	.2217663	.1113406	0
1128.15	0	.6659426	.2223398	.1117176	0
1127.15	0	.6649955	.2229107	.1120937	0
1126.15	0	.664052	.2234791	.1124689	0
1125.15	0	.6631119	.2240449	.1128433	0
1124.15	0	.6621752	.2246081	.1132167	0
1123.15	0	.6612421	.2251687	.1135893	0
1122.15	0	.6603124	.2257267	.1139609	0
1121.15	0	.6593861	.2262821	.1143317	0
1120.15	0	.6584634	.226835	.1147016	0
1119.15	0	.6575441	.2273852	.1150707	0
1118.15	0	.6566283	.2279329	.1154388	0
1117.15	0	.655716	.228478	.1158061	0
1116.15	0	.6548071	.2290204	.1161725	0
1115.15	0	.6539017	.2295603	.116538	0
1114.15	0	.6529998	.2300976	.1169027	0
1113.15	0	.6521013	.2306323	.1172665	0
1112.15	0	.6512063	.2311644	.1176294	0
1111.15	0	.6503147	.2316938	.1179914	0
1110.15	0	.6494266	.2322207	.1183527	0
1109.15	0	.648542	.232745	.118713	0
1108.15	0	.6476609	.2332667	.1190725	0
1107.15	0	.6467832	.2337857	.1194311	0
1106.15	0	.645909	.2343021	.1197889	0
1105.15	0	.6450382	.234816	.1201458	0
1104.15	0	.6441709	.2353272	.1205019	0
1103.15	0	.643307	.2358358	.1208571	0
1102.15	0	.6424467	.2363418	.1212115	0
1101.15	0	.6415898	.2368452	.1215651	0
1100.15	0	.6407363	.2373459	.1219178	0
1099.15	0	.6398863	.2378441	.1222696	0
1098.15	0	.6390398	.2383395	.1226206	0
1097.15	0	.6381968	.2388324	.1229708	0
1096.15	0	.6373572	.2393227	.1233202	0
1095.15	0	.636521	.2398103	.1236687	0
1094.15	0	.6356884	.2402953	.1240164	0
1093.15	0	.6348592	.2407776	.1243632	0
1092.15	0	.6340335	.2412573	.1247092	0
1091.15	0	.6332112	.2417344	.1250544	0
1090.15	0	.6323924	.2422088	.1253988	0
1089.15	0	.6315771	.2426806	.1257423	0
1088.15	0	.6307653	.2431497	.126085	0
1087.15	0	.6299569	.2436162	.1264269	0
1086.15	0	.629152	.24408	.126768	0
1085.15	0	.6283506	.2445412	.1271083	0
1084.15	0	.6275526	.2449997	.1274477	0
1083.15	0	.6267581	.2454556	.1277863	0
1082.15	0	.6259671	.2459088	.1281241	0
1081.15	0	.6251796	.2463593	.1284611	0
1080.15	0	.6243956	.2468071	.1287973	0
1079.15	0	.623615	.2472523	.1291327	0
1078.15	0	.6228379	.2476949	.1294672	0
1077.15	0	.6220643	.2481347	.129801	0
1076.15	0	.6212942	.2485719	.1301339	0
1075.15	0	.6205276	.2490063	.1304661	0
1074.15	0	.6197645	.2494381	.1307974	0
1073.15	0	.6190048	.2498673	.1311279	0
1072.15	0	.6182487	.2502937	.1314577	0
1071.15	0	.617496	.2507174	.1317866	0
1070.15	0	.6167469	.2511384	.1321147	0
1069.15	0	.6160012	.2515567	.132442	0
1068.15	0	.6152591	.2519724	.1327686	0
1067.15	0	.6145204	.2523853	.1330943	0
1066.15	0	.6137853	.2527955	.1334192	0
1065.15	0	.6130536	.253203	.1337434	0
1064.15	0	.6123255	.2536078	.1340667	0
1063.15	0	.6116009	.2540099	.1343893	0
1062.15	0	.6108798	.2544092	.134711	0
1061.15	0	.6101622	.2548058	.135032	0
1060.15	0	.6094481	.2551997	.1353522	0
1059.15	0	.6087376	.2555909	.1356716	0
1058.15	0	.6080305	.2559793	.1359902	0
1057.15	0	.607327	.256365	.136308	0
1056.15	0	.6066271	.256748	.136625	0
1055.15	0	.6059306	.2571282	.1369412	0
1054.15	0	.6052377	.2575056	.1372567	0
1053.15	0	.6045483	.2578803	.1375714	0
1052.15	0	.6038625	.2582523	.1378852	0
1051.15	0	.6031802	.2586215	.1381983	0
1050.15	0	.6025015	.2589879	.1385106	0
1049.15	0	.6018263	.2593516	.1388222	0
1048.15	0	.6011546	.2597125	.1391329	0
1047.15	0	.6004865	.2600706	.1394429	0
1046.15	0	.599822	.260426	.139752	0
1045.15	0	.599161	.2607785	.1400604	0
1044.15	0	.5985036	.2611283	.1403681	0
1043.15	0	.5978497	.2614754	.1406749	0
1042.15	0	.5971995	.2618196	.1409809	0
1041.15	0	.5965528	.262161	.1412862	0
1040.15	0	.5959096	.2624996	.1415907	0
1039.15	0	.5952701	.2628355	.1418944	0
1038.15	0	.5946341	.2631685	.1421974	0
1037.15	0	.5940017	.2634987	.1424995	0
1036.15	0	.5933729	.2638262	.1428009	0
1035.15	0	.5927477	.2641507	.1431015	0
1034.15	0	.5921261	.2644725	.1434013	0
1033.15	0	.5915081	.2647915	.1437004	0
1032.15	0	.5908937	.2651076	.1439986	0
1031.15	0	.5902829	.265421	.1442961	0
1030.15	0	.5896757	.2657315	.1445928	0
1029.15	0	.5890722	.2660391	.1448888	0
1028.15	0	.5884722	.2663439	.1451839	0
1027.15	0	.5878758	.2666459	.1454783	0
1026.15	0	.5872831	.266945	.1457719	0
1025.15	0	.5866941	.2672413	.1460646	0
1024.15	0	.5861086	.2675347	.1463567	0
1023.15	0	.5855268	.2678253	.1466479	0
1022.15	0	.5849486	.268113	.1469384	0
1021.15	0	.584374	.2683979	.1472281	0
1020.15	0	.5838031	.2686799	.147517	0
1019.15	0	.5832359	.268959	.1478051	0
1018.15	0	.5826723	.2692353	.1480924	0
1017.15	0	.5821124	.2695086	.148379	0
1016.15	0	.5815561	.2697791	.1486648	0
1015.15	0	.5810035	.2700468	.1489498	0
1014.15	0	.5804545	.2703115	.149234	0
1013.15	0	.5799093	.2705734	.1495174	0
1012.15	0	.5793676	.2708323	.1498	0
1011.15	0	.5788297	.2710884	.1500819	0
1010.15	0	.5782955	.2713416	.1503629	0
1009.15	0	.5777649	.2715919	.1506432	0
1008.15	0	.577238	.2718393	.1509227	0
1007.15	0	.5767149	.2720838	.1512014	0
1006.15	0	.5761954	.2723254	.1514792	0
1005.15	0	.5756796	.272564	.1517564	0
1004.15	0	.5751675	.2727998	.1520327	0
1003.15	0	.5746592	.2730327	.1523082	0
1002.15	0	.5741545	.2732626	.1525829	0
1001.15	0	.5736536	.2734896	.1528568	0
1000.15	0	.5731563	.2737137	.1531299	0
999.15	0	.5726628	.2739349	.1534023	0
998.15	0	.572173	.2741532	.1536738	0
997.15	0	.571687	.2743685	.1539445	0
996.15	0	.5712046	.2745809	.1542144	0
995.15	0	.570726	.2747904	.1544835	0
994.15	0	.5702512	.274997	.1547518	0
993.15	0	.56978	.2752006	.1550193	0
992.15	0	.5693127	.2754014	.155286	0
991.15	0	.568849	.2755991	.1555519	0
990.15	0	.5683891	.275794	.1558169	0
989.15	0	.567933	.2759859	.1560812	0
988.15	0	.5674806	.2761748	.1563446	0
987.15	0	.5670319	.2763609	.1566072	0
986.15	0	.5665871	.276544	.156869	0
985.15	0	.5661459	.2767242	.1571299	0
984.15	0	.5657086	.2769014	.15739	0
983.15	0	.565275	.2770757	.1576493	0
982.15	0	.5648451	.2772471	.1579078	0
981.15	0	.5644191	.2774155	.1581655	0
980.15	0	.5639968	.277581	.1584223	0
979.15	0	.5635782	.2777436	.1586782	0
978.15	0	.5631635	.2779032	.1589333	0
977.15	0	.5627525	.2780599	.1591876	0
976.15	0	.5623453	.2782137	.1594411	0
975.15	0	.5619419	.2783645	.1596936	0
974.15	0	.5615422	.2785124	.1599454	0
973.15	0	.5611463	.2786574	.1601963	0
972.15	0	.5607542	.2787995	.1604463	0
971.15	0	.5603659	.2789387	.1606954	0
970.15	0	.5599813	.2790749	.1609437	0
969.15	0	.5596006	.2792083	.1611912	0
968.15	0	.5592236	.2793387	.1614377	0
967.15	0	.5588504	.2794662	.1616834	0
966.15	0	.5584809	.2795908	.1619282	0
965.15	0	.5581153	.2797125	.1621722	0
964.15	0	.5577534	.2798314	.1624152	0
963.15	0	.5573953	.2799473	.1626574	0
962.15	0	.5570409	.2800604	.1628987	0
961.15	0	.5566904	.2801706	.1631391	0
960.15	0	.5563436	.2802779	.1633785	0
959.15	0	.5560006	.2803823	.1636171	0
958.15	0	.5556613	.2804839	.1638548	0
957.15	0	.5553258	.2805827	.1640916	0
956.15	0	.554994	.2806786	.1643274	0
955.15	0	.5546661	.2807716	.1645623	0
954.15	0	.5543418	.2808618	.1647964	0
953.15	0	.5540213	.2809493	.1650294	0
952.15	0	.5537046	.2810338	.1652616	0
951.15	0	.5533916	.2811156	.1654928	0
950.15	0	.5530823	.2811946	.1657231	0
949.15	0	.5527767	.2812709	.1659524	0
948.15	0	.5524749	.2813443	.1661808	0
947.15	0	.5521768	.281415	.1664082	0
946.15	0	.5518824	.281483	.1666346	0
945.15	0	.5515917	.2815482	.1668601	0
944.15	0	.5513047	.2816107	.1670846	0
943.15	0	.5510214	.2816704	.1673081	0
942.15	0	.5507418	.2817275	.1675307	0
941.15	0	.5504659	.2817819	.1677522	0
940.15	0	.5501936	.2818336	.1679728	0
939.15	0	.5499249	.2818827	.1681924	0
938.15	0	.54966	.2819292	.1684109	0
937.15	0	.5493986	.281973	.1686284	0
936.15	0	.5491409	.2820142	.168845	0
935.15	0	.5488867	.2820528	.1690605	0
934.15	0	.5486362	.2820889	.1692749	0
933.15	0	.5483893	.2821224	.1694883	0
932.15	0	.5481459	.2821534	.1697007	0
931.15	0	.5479061	.2821819	.169912	0
930.15	0	.5476699	.2822079	.1701222	0
929.15	0	.5474371	.2822314	.1703314	0
928.15	0	.5472079	.2822525	.1705395	0
927.15	0	.5469822	.2822712	.1707465	0
926.15	0	.54676	.2822875	.1709525	0
925.15	0	.5465413	.2823015	.1711573	0
924.15	0	.5463259	.2823131	.171361	0
923.15	0	.5461141	.2823223	.1715636	0
922.15	0	.5459056	.2823293	.1717651	0
921.15	0	.5457005	.2823341	.1719654	0
920.15	0	.5454988	.2823366	.1721646	0
919.15	0	.5453004	.2823369	.1723627	0
918.15	0	.5451054	.2823351	.1725595	0
917.15	0	.5449136	.2823311	.1727553	0
916.15	0	.5447251	.2823251	.1729498	0
915.15	0	.5445399	.282317	.1731431	0
914.15	0	.5443579	.2823068	.1733353	0
913.15	0	.5441791	.2822947	.1735262	0
912.15	0	.5440035	.2822806	.1737159	0
911.15	0	.543831	.2822646	.1739044	0
910.15	0	.5436616	.2822467	.1740917	0
909.15	0	.5434953	.282227	.1742776	0
908.15	0	.5433321	.2822056	.1744624	0
907.15	0	.5431718	.2821824	.1746458	0
906.15	0	.5430146	.2821575	.174828	0
905.15	0	.5428602	.2821309	.1750088	0
904.15	0	.5427088	.2821028	.1751884	0
903.15	0	.5425603	.2820731	.1753666	0
902.15	0	.5424146	.2820419	.1755435	0
901.15	0	.5422717	.2820093	.1757191	0
900.15	0	.5421315	.2819752	.1758932	0
899.15	0	.5419941	.2819399	.176066	0
898.15	0	.5418593	.2819033	.1762374	0
897.15	0	.5417271	.2818654	.1764074	0
896.15	0	.5415975	.2818264	.176576	0
895.15	0	.5414705	.2817864	.1767432	0
894.15	0	.5413459	.2817453	.1769089	0
893.15	0	.5412237	.2817032	.1770731	0
892.15	0	.5411039	.2816603	.1772358	0
891.15	0	.5409865	.2816165	.1773971	0
890.15	0	.5408712	.281572	.1775568	0
889.15	0	.5407582	.2815268	.177715	0
888.15	0	.5406473	.281481	.1778717	0
887.15	0	.5405386	.2814347	.1780267	0
886.15	0	.5404318	.281388	.1781802	0
885.15	0	.540327	.2813409	.1783321	0
884.15	0	.5402241	.2812936	.1784823	0
883.15	0	.540123	.2812461	.1786309	0
882.15	0	.5400236	.2811985	.1787779	0
881.15	0	.5399259	.281151	.1789231	0
880.15	0	.5398298	.2811035	.1790667	0
879.15	0	.5397353	.2810563	.1792085	0
878.15	0	.5396422	.2810093	.1793485	0
877.15	0	.5395504	.2809629	.1794868	0
876.15	0	.5394599	.2809169	.1796232	0
875.15	0	.5393706	.2808716	.1797578	0
874.15	0	.5392824	.280827	.1798906	0
873.15	0	.5391952	.2807834	.1800215	0
872.15	0	.5391088	.2807407	.1801504	0
871.15	0	.5390233	.2806992	.1802775	0
870.15	0	.5389385	.280659	.1804025	0
869.15	0	.5388543	.2806202	.1805255	0
868.15	0	.5387705	.2805829	.1806465	0
867.15	0	.5386871	.2805474	.1807655	0
866.15	0	.538604	.2805137	.1808823	0
865.15	0	.538521	.280482	.180997	0
864.15	0	.538438	.2804525	.1811096	0
863.15	0	.5383548	.2804253	.1812199	0
862.15	0	.5382714	.2804007	.1813279	0
861.15	0	.5381875	.2803788	.1814337	0
860.15	0	.5381031	.2803598	.1815371	0
859.15	0	.538018	.2803438	.1816381	0
858.15	0	.5379321	.2803312	.1817368	0
857.15	0	.537845	.2803221	.1818329	0
856.15	0	.5377568	.2803167	.1819265	0
855.15	0	.5376672	.2803153	.1820175	0
854.15	0	.537576	.2803181	.1821059	0
853.15	0	.5374831	.2803254	.1821915	0
852.15	0	.5373881	.2803374	.1822744	0
851.15	0	.537291	.2803545	.1823545	0
850.15	0	.5371915	.2803768	.1824317	0
849.15	0	.5370893	.2804048	.1825059	0
848.15	0	.5369842	.2804387	.1825771	0
847.15	0	.536876	.2804789	.1826451	0
846.15	0	.5367643	.2805257	.18271	0
845.15	0	.5366489	.2805796	.1827715	0
844.15	0	.5365295	.2806408	.1828296	0
843.15	0	.5364058	.2807099	.1828843	0
842.15	0	.5362773	.2807873	.1829353	0
841.15	0	.5361439	.2808735	.1829826	0
840.15	0	.5360049	.280969	.1830261	0
839.15	0	.5358601	.2810743	.1830656	0
838.15	0	.535709	.28119	.183101	0
837.15	0	.5355511	.2813168	.183132	0
836.15	0	.535386	.2814553	.1831587	0
835.15	0	.535213	.2816063	.1831807	0
834.15	0	.5350316	.2817705	.183198	0
833.15	0	.534841	.2819488	.1832102	0
832.15	0	.5346408	.2821421	.1832171	0
831.15	0	.5344299	.2823514	.1832186	0
830.15	0	.5342077	.2825779	.1832143	0
829.15	0	.5339732	.2828228	.183204	0
828.15	0	.5337254	.2830874	.1831872	0
827.15	0	.5333141	.2835616	.1831243	0
826.15	0	.532566	.2844666	.1829674	0
825.15	0	.5318861	.2852911	.1828229	0
824.15	0	.5312667	.2860442	.182689	0
823.15	0	.5307017	.2867337	.1825646	0
822.15	0	.5301856	.2873659	.1824486	0
821.15	0	.5297137	.2879465	.1823399	0
820.15	0	.5292821	.2884802	.1822378	0
819.15	0	.5288871	.2889713	.1821416	0
818.15	0	.5285258	.2894234	.1820508	0
817.15	0	.5281953	.2898398	.1819649	0
816.15	0	.5278933	.2902234	.1818833	0
815.15	0	.5276174	.2905768	.1818058	0
814.15	0	.5273658	.2909023	.1817319	0
813.15	0	.5271366	.2912021	.1816614	0
812.15	0	.5269282	.2914779	.181594	0
811.15	0	.5267391	.2917315	.1815294	0
810.15	0	.5265681	.2919646	.1814674	0
809.15	0	.5264137	.2921784	.1814078	0
808.15	0	.526275	.2923745	.1813505	0
807.15	0	.5261509	.2925539	.1812953	0
806.15	0	.5260403	.2927177	.1812419	0
805.15	0	.5259425	.2928671	.1811904	0
804.15	0	.5258565	.2930029	.1811406	0
803.15	0	.5257817	.2931261	.1810922	0
802.15	0	.5257173	.2932374	.1810454	0
801.15	0	.5256626	.2933376	.1809998	0
800.15	0	.525617	.2934274	.1809556	0
799.15	0	.52558	.2935075	.1809125	0
798.15	0	.525551	.2935785	.1808705	0
797.15	0	.5255295	.2936409	.1808296	0
796.15	0	.5255151	.2936953	.1807896	0
795.15	0	.5255072	.2937423	.1807505	0
794.15	0	.5255056	.2937821	.1807123	0
793.15	0	.5255097	.2938154	.1806749	0
792.15	0	.5255193	.2938425	.1806382	0
791.15	0	.5255339	.2938638	.1806022	0
790.15	0	.5255534	.2938797	.1805669	0
789.15	0	.5255772	.2938905	.1805323	0
788.15	0	.5256053	.2938965	.1804982	0
787.15	0	.5256373	.2938981	.1804646	0
786.15	0	.5256729	.2938955	.1804316	0
785.15	0	.525712	.293889	.1803991	0
784.15	0	.5257542	.2938789	.180367	0
783.15	0	.5257994	.2938653	.1803353	0
782.15	0	.5258474	.2938486	.1803041	0
781.15	0	.5258979	.2938289	.1802732	0
780.15	0	.5259509	.2938064	.1802427	0
779.15	0	.5260061	.2937814	.1802125	0
778.15	0	.5260633	.293754	.1801827	0
777.15	0	.5261225	.2937244	.1801531	0
776.15	0	.5261835	.2936927	.1801239	0
775.15	0	.5262461	.2936591	.1800949	0
774.15	0	.5263102	.2936237	.1800661	0
773.15	0	.5263757	.2935868	.1800376	0
772.15	0	.5264425	.2935483	.1800093	0
771.15	0	.5265104	.2935085	.1799811	0
770.15	0	.5265794	.2934674	.1799532	0
769.15	0	.5266493	.2934252	.1799255	0
768.15	0	.5267201	.2933819	.1798979	0
767.15	0	.5267918	.2933377	.1798705	0
766.15	0	.5268641	.2932927	.1798432	0
765.15	0	.526937	.2932469	.1798161	0
764.15	0	.5270105	.2932005	.1797891	0
763.15	0	.5270844	.2931534	.1797622	0
762.15	0	.5271587	.2931058	.1797354	0
761.15	0	.5272334	.2930578	.1797087	0
760.15	0	.5273084	.2930094	.1796822	0
759.15	0	.5273836	.2929607	.1796557	0
758.15	0	.527459	.2929118	.1796292	0
757.15	0	.5275375	.2928604	.1796022	0
756.15	0	.5276128	.2928113	.1795759	0
755.15	0	.5276882	.2927621	.1795498	0
754.15	0	.5277635	.2927128	.1795236	0
753.15	0	.5278389	.2926636	.1794976	0
752.15	0	.5279141	.2926144	.1794715	0
751.15	0	.5279893	.2925652	.1794455	0
750.15	0	.5280642	.2925162	.1794196	0
749.15	0	.528139	.2924674	.1793936	0
748.15	0	.5282136	.2924187	.1793677	0
747.15	0	.5282879	.2923703	.1793418	0
746.15	0	.528362	.2923221	.1793159	0
745.15	0	.5284357	.2922742	.17929	0
744.15	0	.5285091	.2922267	.1792642	0
743.15	0	.5285822	.2921795	.1792383	0
742.15	0	.5286549	.2921326	.1792124	0
741.15	0	.5287272	.2920862	.1791866	0
740.15	0	.5287991	.2920402	.1791607	0
739.15	0	.5288706	.2919946	.1791349	0
738.15	0	.5289416	.2919494	.179109	0
737.15	0	.5290121	.2919048	.1790831	0
736.15	0	.5290822	.2918606	.1790572	0
735.15	0	.5291518	.291817	.1790313	0
734.15	0	.5292209	.2917738	.1790053	0
733.15	0	.5292894	.2917312	.1789794	0
732.15	0	.5293574	.2916892	.1789534	0
731.15	0	.5294249	.2916477	.1789274	0
730.15	0	.5294918	.2916068	.1789014	0
729.15	0	.5295582	.2915665	.1788753	0
728.15	0	.529624	.2915268	.1788492	0
727.15	0	.5296892	.2914877	.1788231	0
726.15	0	.5297539	.2914492	.178797	0
725.15	0	.5298179	.2914113	.1787708	0
724.15	0	.5298814	.291374	.1787446	0
723.15	0	.5299443	.2913374	.1787183	0
722.15	0	.5300065	.2913015	.178692	0
721.15	0	.5300682	.2912661	.1786657	0
720.15	0	.5301292	.2912315	.1786393	0
719.15	0	.5301896	.2911975	.1786129	0
718.15	0	.5302494	.2911641	.1785865	0
717.15	0	.5303086	.2911314	.17856	0
716.15	0	.5303671	.2910994	.1785335	0
715.15	0	.530425	.291068	.1785069	0
714.15	0	.5304823	.2910374	.1784803	0
713.15	0	.530539	.2910074	.1784537	0
712.15	0	.530595	.290978	.178427	0
711.15	0	.5306504	.2909494	.1784003	0
710.15	0	.5307051	.2909214	.1783735	0
709.15	0	.5307592	.2908941	.1783466	0
708.15	0	.5308127	.2908675	.1783198	0
707.15	0	.5308656	.2908416	.1782929	0
706.15	0	.5309178	.2908163	.1782659	0
705.15	0	.5309694	.2907917	.1782389	0
704.15	0	.5310204	.2907678	.1782118	0
703.15	0	.5310707	.2907446	.1781847	0
702.15	0	.5311204	.2907221	.1781576	0
701.15	0	.5311695	.2907002	.1781304	0
700.15	0	.5312179	.290679	.1781031	0
699.15	0	.5312657	.2906584	.1780758	0
698.15	0	.531313	.2906386	.1780485	0
697.15	0	.5313595	.2906194	.1780211	0
696.15	0	.5314055	.2906009	.1779936	0
695.15	0	.5314509	.290583	.1779662	0
694.15	0	.5314956	.2905658	.1779386	0
693.15	0	.5315397	.2905492	.177911	0
692.15	0	.5315833	.2905333	.1778834	0
691.15	0	.5316262	.2905181	.1778557	0
690.15	0	.5316685	.2905035	.177828	0
689.15	0	.5317103	.2904895	.1778002	0
688.15	0	.5317514	.2904762	.1777724	0
687.15	0	.531792	.2904635	.1777445	0
686.15	0	.5318319	.2904515	.1777166	0
685.15	0	.5318713	.2904401	.1776886	0
684.15	0	.5319101	.2904293	.1776606	0
683.15	0	.5319483	.2904192	.1776326	0
682.15	0	.5319859	.2904096	.1776045	0
681.15	0	.532023	.2904007	.1775763	0
680.15	0	.5320595	.2903924	.1775481	0
679.15	0	.5320954	.2903847	.1775199	0
678.15	0	.5321308	.2903776	.1774916	0
677.15	0	.5321656	.2903711	.1774632	0
676.15	0	.5321999	.2903652	.1774349	0
675.15	0	.5322336	.2903599	.1774064	0
674.15	0	.5322668	.2903553	.177378	0
673.15	0	.5322994	.2903511	.1773495	0
672.15	0	.5323315	.2903476	.1773209	0
671.15	0	.5323631	.2903446	.1772923	0
670.15	0	.5323941	.2903422	.1772636	0
669.15	0	.5324246	.2903404	.177235	0
668.15	0	.5324546	.2903391	.1772062	0
667.15	0	.5324841	.2903384	.1771775	0
666.15	0	.532513	.2903383	.1771487	0
665.15	0	.5325415	.2903387	.1771198	0
664.15	0	.5325694	.2903397	.1770909	0
663.15	0	.5325969	.2903411	.177062	0
662.15	0	.5326238	.2903432	.177033	0
661.15	0	.5326503	.2903457	.177004	0
660.15	0	.5326762	.2903488	.176975	0
659.15	0	.5327017	.2903524	.1769459	0
658.15	0	.5327267	.2903566	.1769167	0
657.15	0	.5327512	.2903612	.1768876	0
656.15	0	.5327752	.2903664	.1768584	0
655.15	0	.5327988	.290372	.1768292	0
654.15	0	.5328219	.2903782	.1767999	0
653.15	0	.5328445	.2903849	.1767706	0
652.15	0	.5328667	.2903921	.1767412	0
651.15	0	.5328885	.2903997	.1767119	0
650.15	0	.5329097	.2904078	.1766824	0
649.15	0	.5329306	.2904165	.176653	0
648.15	0	.5329509	.2904255	.1766235	0
647.15	0	.5329709	.2904351	.176594	0
646.15	0	.5329904	.2904451	.1765645	0
645.15	0	.5330095	.2904556	.1765349	0
644.15	0	.5330281	.2904666	.1765053	0
643.15	0	.5330464	.290478	.1764757	0
642.15	0	.5330642	.2904898	.176446	0
641.15	0	.5330816	.2905021	.1764163	0
640.15	0	.5330986	.2905149	.1763866	0
639.15	0	.5331151	.290528	.1763568	0
638.15	0	.5331313	.2905416	.1763271	0
637.15	0	.5331471	.2905557	.1762973	0
636.15	0	.5331624	.2905701	.1762674	0
635.15	0	.5331774	.290585	.1762376	0
634.15	0	.533192	.2906003	.1762077	0
633.15	0	.5332062	.290616	.1761778	0
632.15	0	.53322	.2906321	.1761479	0
631.15	0	.5332335	.2906486	.1761179	0
630.15	0	.5332465	.2906655	.176088	0
629.15	0	.5332592	.2906828	.176058	0
628.15	0	.5332715	.2907005	.176028	0
627.15	0	.5332835	.2907186	.1759979	0
626.15	0	.5332951	.2907371	.1759679	0
625.15	0	.5333063	.2907559	.1759378	0
624.15	0	.5333172	.2907751	.1759077	0
623.15	0	.5333277	.2907947	.1758776	0
622.15	0	.5333379	.2908146	.1758475	0
621.15	0	.5333478	.2908349	.1758173	0
620.15	0	.5333572	.2908556	.1757871	0
619.15	0	.5333664	.2908766	.175757	0
618.15	0	.5333752	.290898	.1757268	0
617.15	0	.5333837	.2909197	.1756966	0
616.15	0	.5333919	.2909418	.1756663	0
615.15	0	.5333997	.2909642	.1756361	0
614.15	0	.5334072	.2909869	.1756059	0
613.15	0	.5334144	.29101	.1755756	0
612.15	0	.5334213	.2910334	.1755453	0
611.15	0	.5334279	.2910571	.175515	0
610.15	0	.5334342	.2910811	.1754847	0
609.15	0	.5334401	.2911055	.1754544	0
608.15	0	.5334458	.2911301	.1754241	0
607.15	0	.5334511	.2911551	.1753938	0
606.15	0	.5334562	.2911803	.1753635	0
605.15	0	.533461	.2912059	.1753331	0
604.15	0	.5334654	.2912318	.1753028	0
603.15	0	.5334696	.2912579	.1752725	0
602.15	0	.5334735	.2912844	.1752421	0
601.15	0	.5334772	.2913111	.1752117	0
600.15	0	.5334805	.2913381	.1751814	0
599.15	0	.5334836	.2913654	.175151	0
598.15	0	.5334864	.291393	.1751207	0
597.15	0	.5334889	.2914208	.1750903	0
596.15	0	.5334911	.2914489	.1750599	0
595.15	0	.5334931	.2914773	.1750296	0
594.15	0	.5334949	.2915059	.1749992	0
593.15	0	.5334963	.2915348	.1749688	0
592.15	0	.5334976	.291564	.1749385	0
591.15	0	.5334985	.2915934	.1749081	0
590.15	0	.5334992	.291623	.1748777	0
589.15	0	.5334997	.2916529	.1748474	0
588.15	0	.5334999	.291683	.174817	0
587.15	0	.5334999	.2917134	.1747867	0
586.15	0	.5334996	.291744	.1747563	0
585.15	0	.5334992	.2917748	.174726	0
584.15	0	.5334984	.2918059	.1746957	0
583.15	0	.5334975	.2918372	.1746654	0
582.15	0	.5334963	.2918687	.1746351	0
581.15	0	.5334948	.2919004	.1746048	0
580.15	0	.5334932	.2919324	.1745745	0
579.15	0	.5334913	.2919645	.1745442	0
578.15	0	.5334893	.2919969	.1745139	0
577.15	0	.533487	.2920294	.1744836	0
576.15	0	.5334844	.2920622	.1744534	0
575.15	0	.5334817	.2920951	.1744232	0
574.15	0	.5334788	.2921283	.1743929	0
573.15	0	.5334756	.2921616	.1743627	0
572.15	0	.5334723	.2921952	.1743325	0
571.15	0	.5334687	.2922289	.1743024	0
570.15	0	.533465	.2922628	.1742722	0
569.15	0	.533461	.2922969	.1742421	0
568.15	0	.5334569	.2923312	.1742119	0
567.15	0	.5334525	.2923656	.1741818	0
566.15	0	.533448	.2924002	.1741517	0
565.15	0	.5334433	.292435	.1741217	0
564.15	0	.5334384	.29247	.1740916	0
563.15	0	.5334333	.2925051	.1740616	0
562.15	0	.533428	.2925404	.1740316	0
561.15	0	.5334226	.2925758	.1740016	0
560.15	0	.533417	.2926114	.1739717	0
559.15	0	.5334111	.2926471	.1739417	0
558.15	0	.5334052	.292683	.1739118	0
557.15	0	.533399	.2927191	.1738819	0
556.15	0	.5333927	.2927552	.1738521	0
555.15	0	.5333862	.2927915	.1738222	0
554.15	0	.5333796	.292828	.1737924	0
553.15	0	.5333728	.2928646	.1737626	0
552.15	0	.5333658	.2929013	.1737329	0
551.15	0	.5333587	.2929382	.1737032	0
550.15	0	.5333514	.2929751	.1736735	0
549.15	0	.533344	.2930122	.1736438	0
548.15	0	.5333364	.2930495	.1736142	0
547.15	0	.5333286	.2930868	.1735846	0
546.15	0	.5333207	.2931243	.173555	0
545.15	0	.5333127	.2931618	.1735255	0
544.15	0	.5333045	.2931995	.173496	0
543.15	0	.5332962	.2932373	.1734665	0
542.15	0	.5332877	.2932752	.1734371	0
541.15	0	.5332791	.2933132	.1734077	0
540.15	0	.5332704	.2933513	.1733783	0
539.15	0	.5332615	.2933895	.173349	0
538.15	0	.5332525	.2934278	.1733197	0
537.15	0	.5332433	.2934662	.1732905	0
536.15	0	.5332341	.2935047	.1732613	0
535.15	0	.5332247	.2935433	.1732321	0
534.15	0	.5332151	.2935819	.1732029	0
533.15	0	.5332055	.2936207	.1731739	0
532.15	0	.5331957	.2936595	.1731448	0
531.15	0	.5331858	.2936984	.1731158	0
530.15	0	.5331758	.2937374	.1730869	0
529.15	0	.5331657	.2937764	.1730579	0
528.15	0	.5331554	.2938155	.1730291	0
527.15	0	.533145	.2938547	.1730002	0
526.15	0	.5331346	.293894	.1729715	0
525.15	0	.533124	.2939333	.1729427	0
524.15	0	.5331133	.2939727	.172914	0
523.15	0	.5331025	.2940122	.1728854	0
522.15	0	.5330916	.2940517	.1728568	0
521.15	0	.5330805	.2940912	.1728282	0
520.15	0	.5330694	.2941308	.1727997	0
519.15	0	.5330582	.2941705	.1727713	0
518.15	0	.5330469	.2942102	.1727429	0
517.15	0	.5330355	.29425	.1727146	0
516.15	0	.533024	.2942898	.1726863	0
515.15	0	.5330124	.2943296	.172658	0
514.15	0	.5330007	.2943695	.1726298	0
513.15	0	.5329889	.2944095	.1726017	0
512.15	0	.532977	.2944494	.1725736	0
511.15	0	.532965	.2944894	.1725456	0
510.15	0	.5329529	.2945294	.1725176	0
509.15	0	.5329408	.2945695	.1724897	0
508.15	0	.5329286	.2946096	.1724618	0
507.15	0	.5329163	.2946497	.172434	0
506.15	0	.5329039	.2946898	.1724063	0
505.15	0	.5328914	.29473	.1723786	0
504.15	0	.5328789	.2947702	.172351	0
503.15	0	.5328664	.2948103	.1723233	0
502.15	0	.5328537	.2948505	.1722958	0
501.15	0	.5328409	.2948908	.1722683	0
500.15	0	.5328281	.294931	.1722409	0
499.15	0	.5328151	.2949713	.1722136	0
498.15	0	.5328022	.2950115	.1721864	0
497.15	0	.5327891	.2950518	.1721592	0
496.15	0	.532776	.295092	.172132	0
495.15	0	.5327628	.2951323	.172105	0
494.15	0	.5327495	.2951725	.172078	0
493.15	0	.5327362	.2952128	.172051	0
492.15	0	.5327228	.2952531	.1720242	0
491.15	0	.5327094	.2952933	.1719974	0
490.15	0	.5326958	.2953335	.1719706	0
489.15	0	.5326823	.2953738	.171944	0
488.15	0	.5326687	.295414	.1719174	0
487.15	0	.532655	.2954542	.1718908	0
486.15	0	.5326413	.2954944	.1718644	0
485.15	0	.5326275	.2955346	.171838	0
484.15	0	.5326136	.2955747	.1718117	0
483.15	0	.5325997	.2956148	.1717854	0
482.15	0	.5325858	.295655	.1717592	0
481.15	0	.5325718	.2956951	.1717331	0
480.15	0	.5325578	.2957351	.1717071	0
479.15	0	.5325437	.2957752	.1716812	0
478.15	0	.5325296	.2958152	.1716553	0
477.15	0	.5325154	.2958551	.1716295	0
476.15	0	.5325012	.2958951	.1716038	0
475.15	0	.5324869	.295935	.1715781	0
474.15	0	.5324726	.2959749	.1715525	0
473.15	0	.5324583	.2960147	.171527	0
472.15	0	.5324439	.2960545	.1715016	0
471.15	0	.5324295	.2960942	.1714763	0
470.15	0	.5324151	.296134	.171451	0
469.15	0	.5324006	.2961736	.1714258	0
468.15	0	.5323861	.2962132	.1714007	0
467.15	0	.5323715	.2962528	.1713757	0
466.15	0	.5323569	.2962923	.1713507	0
465.15	0	.5323423	.2963318	.1713259	0
464.15	0	.5323277	.2963712	.1713011	0
463.15	0	.532313	.2964106	.1712764	0
462.15	0	.5322983	.2964499	.1712518	0
461.15	0	.5322836	.2964892	.1712273	0
460.15	0	.5322688	.2965284	.1712028	0
459.15	0	.532254	.2965675	.1711785	0
458.15	0	.5322392	.2966066	.1711542	0
457.15	0	.5322244	.2966456	.17113	0
456.15	0	.5322096	.2966845	.1711059	0
455.15	0	.5321947	.2967234	.1710819	0
454.15	0	.5321798	.2967622	.171058	0
453.15	0	.5321649	.296801	.1710341	0
452.15	0	.53215	.2968397	.1710104	0
451.15	0	.532135	.2968783	.1709867	0
450.15	0	.5321201	.2969168	.1709631	0
449.15	0	.5321051	.2969552	.1709397	0
448.15	0	.5320902	.2969935	.1709163	0
447.15	0	.5320752	.2970318	.170893	0
446.15	0	.5320602	.29707	.1708698	0
445.15	0	.5320453	.297108	.1708467	0
444.15	0	.5320303	.297146	.1708237	0
443.15	0	.5320153	.2971838	.1708008	0
442.15	0	.5320004	.2972216	.170778	0
441.15	0	.5319855	.2972592	.1707553	0
440.15	0	.5319705	.2972967	.1707328	0
439.15	0	.5319556	.2973341	.1707103	0
438.15	0	.5319408	.2973713	.1706879	0
437.15	0	.5319259	.2974085	.1706656	0
436.15	0	.5319111	.2974455	.1706435	0
435.15	0	.5318963	.2974823	.1706214	0
434.15	0	.5318815	.297519	.1705995	0
433.15	0	.5318668	.2975556	.1705777	0
432.15	0	.5318521	.297592	.170556	0
431.15	0	.5318374	.2976282	.1705344	0
430.15	0	.5318228	.2976643	.1705129	0
429.7102	0	.5318164	.2976802	.1705035	0
429.7102	0	.5318164	.2976802	.1705035	0
429.7102	0	.5318164	.2976802	.1705035	0
429.15	0	.5319433	.2973882	.1703378	3.306006E-04
428.15	0	.5321695	.2968679	.1700427	9.199235E-04
427.15	0	.5323949	.2963487	.1697481	.00150824
426.15	0	.5326197	.2958306	.1694542	.002095559
425.15	0	.5328438	.2953135	.1691609	.002681891
424.15	0	.5330672	.2947974	.1688681	.003267243
423.15	0	.53329	.2942824	.168576	.003851626
422.15	0	.5335122	.2937683	.1682845	.004435047
