T	 BPW(LIQUID)	BPW(BCC_A2)	BPW(FCC_A1)	BPW(LAVES_PHASE_C14)	BPW(NI3TI)
1473.15	0	1	0	0	0
1472.15	0	1	0	0	0
1471.15	0	1	0	0	0
1470.15	0	1	0	0	0
1469.15	0	1	0	0	0
1468.15	0	1	0	0	0
1467.15	0	1	0	0	0
1466.15	0	1	0	0	0
1465.15	0	1	0	0	0
1464.15	0	1	0	0	0
1463.15	0	1	0	0	0
1462.15	0	1	0	0	0
1461.15	0	1	0	0	0
1460.15	0	1	0	0	0
1459.15	0	1	0	0	0
1458.15	0	1	0	0	0
1457.15	0	1	0	0	0
1456.15	0	1	0	0	0
1455.15	0	1	0	0	0
1454.15	0	1	0	0	0
1453.15	0	1	0	0	0
1452.15	0	1	0	0	0
1451.15	0	1	0	0	0
1450.15	0	1	0	0	0
1449.15	0	1	0	0	0
1448.15	0	1	0	0	0
1447.15	0	1	0	0	0
1446.15	0	1	0	0	0
1445.15	0	1	0	0	0
1444.15	0	1	0	0	0
1443.15	0	1	0	0	0
1442.15	0	1	0	0	0
1441.15	0	1	0	0	0
1440.15	0	1	0	0	0
1439.15	0	1	0	0	0
1438.15	0	1	0	0	0
1437.15	0	1	0	0	0
1436.15	0	1	0	0	0
1435.15	0	1	0	0	0
1434.15	0	1	0	0	0
1433.15	0	1	0	0	0
1432.15	0	1	0	0	0
1431.15	0	1	0	0	0
1430.15	0	1	0	0	0
1429.15	0	1	0	0	0
1428.15	0	1	0	0	0
1427.15	0	1	0	0	0
1426.15	0	1	0	0	0
1425.15	0	1	0	0	0
1424.15	0	1	0	0	0
1423.15	0	1	0	0	0
1422.15	0	1	0	0	0
1421.15	0	1	0	0	0
1420.15	0	1	0	0	0
1419.15	0	1	0	0	0
1418.15	0	1	0	0	0
1417.15	0	1	0	0	0
1416.15	0	1	0	0	0
1415.15	0	1	0	0	0
1414.15	0	1	0	0	0
1413.15	0	1	0	0	0
1412.15	0	1	0	0	0
1411.15	0	1	0	0	0
1410.15	0	1	0	0	0
1409.15	0	1	0	0	0
1408.15	0	1	0	0	0
1407.15	0	1	0	0	0
1406.15	0	1	0	0	0
1405.15	0	1	0	0	0
1404.15	0	1	0	0	0
1403.15	0	1	0	0	0
1402.15	0	1	0	0	0
1401.15	0	1	0	0	0
1400.15	0	1	0	0	0
1399.15	0	1	0	0	0
1398.15	0	1	0	0	0
1397.15	0	1	0	0	0
1396.15	0	1	0	0	0
1395.15	0	1	0	0	0
1394.15	0	1	0	0	0
1393.15	0	1	0	0	0
1392.15	0	1	0	0	0
1391.15	0	1	0	0	0
1390.15	0	1	0	0	0
1389.15	0	1	0	0	0
1388.15	0	1	0	0	0
1387.15	0	1	0	0	0
1386.15	0	1	0	0	0
1385.15	0	1	0	0	0
1384.15	0	1	0	0	0
1383.15	0	1	0	0	0
1382.15	0	1	0	0	0
1381.15	0	1	0	0	0
1380.15	0	1	0	0	0
1379.15	0	1	0	0	0
1378.15	0	1	0	0	0
1377.15	0	1	0	0	0
1376.15	0	1	0	0	0
1375.15	0	1	0	0	0
1374.15	0	1	0	0	0
1373.15	0	1	0	0	0
1372.15	0	1	0	0	0
1371.15	0	1	0	0	0
1370.15	0	1	0	0	0
1369.15	0	1	0	0	0
1368.15	0	1	0	0	0
1367.15	0	1	0	0	0
1366.15	0	1	0	0	0
1365.15	0	1	0	0	0
1364.15	0	1	0	0	0
1363.15	0	1	0	0	0
1362.15	0	1	0	0	0
1361.15	0	1	0	0	0
1360.15	0	1	0	0	0
1359.15	0	1	0	0	0
1358.15	0	1	0	0	0
1357.15	0	1	0	0	0
1356.15	0	1	0	0	0
1355.15	0	1	0	0	0
1354.15	0	1	0	0	0
1353.15	0	1	0	0	0
1352.15	0	1	0	0	0
1351.15	0	1	0	0	0
1350.15	0	1	0	0	0
1349.15	0	1	0	0	0
1348.15	0	1	0	0	0
1347.15	0	1	0	0	0
1346.15	0	1	0	0	0
1345.15	0	1	0	0	0
1344.15	0	1	0	0	0
1343.15	0	1	0	0	0
1342.15	0	1	0	0	0
1341.15	0	1	0	0	0
1340.15	0	1	0	0	0
1339.15	0	1	0	0	0
1338.15	0	1	0	0	0
1337.15	0	1	0	0	0
1336.15	0	1	0	0	0
1335.15	0	1	0	0	0
1334.15	0	1	0	0	0
1333.15	0	1	0	0	0
1332.15	0	1	0	0	0
1331.15	0	1	0	0	0
1330.15	0	1	0	0	0
1329.15	0	1	0	0	0
1328.15	0	1	0	0	0
1327.15	0	1	0	0	0
1326.15	0	1	0	0	0
1325.15	0	1	0	0	0
1324.15	0	1	0	0	0
1323.15	0	1	0	0	0
1322.15	0	1	0	0	0
1321.15	0	1	0	0	0
1320.15	0	1	0	0	0
1319.15	0	1	0	0	0
1318.15	0	1	0	0	0
1317.15	0	1	0	0	0
1316.15	0	1	0	0	0
1315.15	0	1	0	0	0
1314.15	0	1	0	0	0
1313.15	0	1	0	0	0
1312.15	0	1	0	0	0
1311.15	0	1	0	0	0
1310.15	0	1	0	0	0
1309.15	0	1	0	0	0
1308.15	0	1	0	0	0
1307.15	0	1	0	0	0
1306.15	0	1	0	0	0
1305.15	0	1	0	0	0
1304.15	0	1	0	0	0
1303.15	0	1	0	0	0
1302.15	0	1	0	0	0
1301.15	0	1	0	0	0
1300.15	0	1	0	0	0
1299.15	0	1	0	0	0
1298.15	0	1	0	0	0
1297.15	0	1	0	0	0
1296.15	0	1	0	0	0
1295.15	0	1	0	0	0
1294.15	0	1	0	0	0
1293.15	0	1	0	0	0
1292.15	0	1	0	0	0
1291.15	0	1	0	0	0
1290.15	0	1	0	0	0
1289.15	0	1	0	0	0
1288.15	0	1	0	0	0
1287.15	0	1	0	0	0
1286.15	0	1	0	0	0
1285.15	0	1	0	0	0
1284.15	0	1	0	0	0
1283.15	0	1	0	0	0
1282.15	0	1	0	0	0
1281.15	0	1	0	0	0
1280.15	0	1	0	0	0
1279.15	0	1	0	0	0
1278.15	0	1	0	0	0
1277.15	0	1	0	0	0
1276.15	0	1	0	0	0
1275.15	0	1	0	0	0
1274.15	0	1	0	0	0
1273.15	0	1	0	0	0
1272.15	0	1	0	0	0
1271.15	0	1	0	0	0
1270.15	0	1	0	0	0
1269.15	0	1	0	0	0
1268.15	0	1	0	0	0
1267.15	0	1	0	0	0
1266.15	0	1	0	0	0
1265.15	0	1	0	0	0
1264.15	0	1	0	0	0
1263.15	0	1	0	0	0
1262.15	0	1	0	0	0
1261.15	0	1	0	0	0
1260.15	0	1	0	0	0
1259.15	0	1	0	0	0
1258.15	0	1	0	0	0
1257.15	0	1	0	0	0
1256.15	0	1	0	0	0
1255.15	0	1	0	0	0
1254.15	0	1	0	0	0
1253.15	0	1	0	0	0
1252.15	0	1	0	0	0
1251.15	0	1	0	0	0
1250.15	0	1	0	0	0
1249.15	0	1	0	0	0
1248.15	0	1	0	0	0
1247.15	0	1	0	0	0
1246.15	0	1	0	0	0
1245.15	0	1	0	0	0
1244.15	0	1	0	0	0
1243.15	0	1	0	0	0
1242.15	0	1	0	0	0
1241.15	0	1	0	0	0
1240.15	0	1	0	0	0
1239.15	0	1	0	0	0
1238.15	0	1	0	0	0
1237.15	0	1	0	0	0
1236.15	0	1	0	0	0
1235.15	0	1	0	0	0
1234.15	0	1	0	0	0
1233.15	0	1	0	0	0
1232.15	0	1	0	0	0
1231.15	0	1	0	0	0
1230.15	0	1	0	0	0
1229.15	0	1	0	0	0
1228.15	0	1	0	0	0
1227.15	0	1	0	0	0
1226.15	0	1	0	0	0
1225.15	0	1	0	0	0
1224.15	0	1	0	0	0
1223.15	0	1	0	0	0
1222.416	0	1	0	0	0
1222.416	0	1	0	0	0
1222.416	0	1	0	0	0
1222.15	0	.9998503	0	1.497003E-04	0
1221.15	0	.9992875	0	7.125268E-04	0
1220.15	0	.9987258	0	.001274188	0
1219.15	0	.9981653	0	.001834687	0
1218.15	0	.997606	0	.002394027	0
1217.15	0	.9970478	0	.00295221	0
1216.15	0	.9964908	0	.003509241	0
1215.15	0	.9959349	0	.00406512	0
1214.15	0	.9953802	0	.004619851	0
1213.15	0	.9948266	0	.005173438	0
1212.15	0	.9942741	0	.005725883	0
1211.15	0	.9937228	0	.006277188	0
1210.15	0	.9931726	0	.006827357	0
1209.15	0	.9926236	0	.007376392	0
1208.15	0	.9920757	0	.007924296	0
1207.15	0	.9915289	0	.008471072	0
1206.15	0	.9909833	0	.009016723	0
1205.15	0	.9904388	0	.009561252	0
1204.15	0	.9898953	0	.01010466	0
1203.15	0	.9893531	0	.01064695	0
1202.15	0	.9888119	0	.01118813	0
1201.15	0	.9882718	0	.01172819	0
1200.15	0	.9877329	0	.01226715	0
1199.15	0	.987195	0	.012805	0
1198.15	0	.9866583	0	.01334175	0
1197.15	0	.9861226	0	.01387739	0
1196.15	0	.9855881	0	.01441194	0
1195.15	0	.9850546	0	.01494539	0
1194.15	0	.9845223	0	.01547775	0
1193.15	0	.983991	0	.01600901	0
1192.15	0	.9834608	0	.01653919	0
1191.15	0	.9829317	0	.01706828	0
1190.15	0	.9824037	0	.0175963	0
1189.15	0	.9818768	0	.01812323	0
1188.15	0	.9813509	0	.01864908	0
1187.15	0	.9808261	0	.01917386	0
1186.15	0	.9803024	0	.01969756	0
1185.15	0	.9797798	0	.0202202	0
1184.15	0	.9792582	0	.02074176	0
1183.15	0	.9787377	0	.02126227	0
1182.15	0	.9782183	0	.02178171	0
1181.15	0	.9776999	0	.02230008	0
1180.15	0	.9771826	0	.02281741	0
1179.15	0	.9766663	0	.02333367	0
1178.15	0	.9761511	0	.02384889	0
1177.15	0	.975637	0	.02436305	0
1176.15	0	.9751238	0	.02487616	0
1175.15	0	.9746118	0	.02538823	0
1174.15	0	.9741007	0	.02589926	0
1173.15	0	.9735908	0	.02640924	0
1172.15	0	.9730818	0	.02691819	0
1171.15	0	.9725739	0	.0274261	0
1170.15	0	.972067	0	.02793297	0
1169.15	0	.9715612	0	.02843882	0
1168.15	0	.9710564	0	.02894363	0
1167.15	0	.9705526	0	.02944742	0
1166.15	0	.9700498	0	.02995019	0
1165.15	0	.9695481	0	.03045193	0
1164.15	0	.9690473	0	.03095265	0
1163.15	0	.9685476	0	.03145236	0
1162.15	0	.968049	0	.03195105	0
1161.15	0	.9675513	0	.03244872	0
1160.15	0	.9670546	0	.03294539	0
1159.15	0	.966559	0	.03344104	0
1158.15	0	.9660643	0	.03393569	0
1157.15	0	.9655707	0	.03442934	0
1156.15	0	.965078	0	.03492198	0
1155.15	0	.9645864	0	.03541363	0
1154.15	0	.9640957	0	.0359043	0
1153.15	0	.963606	0	.03639395	0
1152.15	0	.9631174	0	.03688261	0
1151.15	0	.9626297	0	.03737027	0
1150.15	0	.9621431	0	.03785695	0
1149.15	0	.9616574	0	.03834264	0
1148.15	0	.9611727	0	.03882734	0
1147.15	0	.9606889	0	.03931107	0
1146.15	0	.9602062	0	.03979381	0
1145.15	0	.9597244	0	.04027558	0
1144.15	0	.9592436	0	.04075637	0
1143.15	0	.9587638	0	.04123618	0
1142.15	0	.958285	0	.04171502	0
1141.15	0	.9578071	0	.04219289	0
1140.15	0	.9573302	0	.0426698	0
1139.15	0	.9568543	0	.04314574	0
1138.15	0	.9563793	0	.04362071	0
1137.15	0	.9559053	0	.04409472	0
1136.15	0	.9554322	0	.04456778	0
1135.15	0	.9549601	0	.04503987	0
1134.15	0	.954489	0	.04551101	0
1133.15	0	.9540188	0	.0459812	0
1132.15	0	.9535496	0	.04645043	0
1131.15	0	.9530813	0	.04691872	0
1130.15	0	.9526139	0	.04738606	0
1129.15	0	.9521475	0	.04785245	0
1128.15	0	.9516821	0	.04831789	0
1127.15	0	.9512176	0	.0487824	0
1126.15	0	.950754	0	.04924597	0
1125.15	0	.9502914	0	.04970859	0
1124.15	0	.9498297	0	.05017028	0
1123.15	0	.949369	0	.05063104	0
1122.15	0	.9489091	0	.05109086	0
1121.15	0	.9484502	0	.05154976	0
1120.15	0	.9479923	0	.05200772	0
1119.15	0	.9475352	0	.05246476	0
1118.15	0	.9470791	0	.05292088	0
1117.15	0	.9466239	0	.05337607	0
1116.15	0	.9461697	0	.05383034	0
1115.15	0	.9457163	0	.05428369	0
1114.15	0	.9452639	0	.05473612	0
1113.15	0	.9448124	0	.05518764	0
1112.15	0	.9443618	0	.05563824	0
1111.15	0	.9439121	0	.05608793	0
1110.15	0	.9434633	0	.05653671	0
1109.15	0	.9430154	0	.05698458	0
1108.15	0	.9425685	0	.05743155	0
1107.15	0	.9421224	0	.05787761	0
1106.15	0	.9416772	0	.05832276	0
1105.15	0	.941233	0	.05876702	0
1104.15	0	.9407896	0	.05921038	0
1103.15	0	.9403472	0	.05965284	0
1102.15	0	.9399056	0	.0600944	0
1101.15	0	.9394649	0	.06053506	0
1100.15	0	.9390252	0	.06097484	0
1099.15	0	.9385863	0	.06141372	0
1098.15	0	.9381483	0	.06185172	0
1097.15	0	.9377112	0	.06228882	0
1096.15	0	.937275	0	.06272504	0
1095.15	0	.9368396	0	.06316038	0
1094.15	0	.9364052	0	.06359483	0
1093.15	0	.9359716	0	.0640284	0
1092.15	0	.9355389	0	.0644611	0
1091.15	0	.9351071	0	.06489291	0
1090.15	0	.9346762	0	.06532385	0
1089.15	0	.9342461	0	.06575391	0
1088.15	0	.9338169	0	.0661831	0
1087.15	0	.9333886	0	.06661142	0
1086.15	0	.9329611	0	.06703887	0
1085.15	0	.9325345	0	.06746545	0
1084.15	0	.9321088	0	.06789117	0
1083.15	0	.931684	0	.06831602	0
1082.15	0	.93126	0	.06874001	0
1081.15	0	.9308369	0	.06916313	0
1080.15	0	.9304146	0	.0695854	0
1079.15	0	.9299932	0	.0700068	0
1078.15	0	.9295727	0	.07042735	0
1077.15	0	.929153	0	.07084704	0
1076.15	0	.9287341	0	.07126588	0
1075.15	0	.9283161	0	.07168387	0
1074.15	0	.927899	0	.072101	0
1073.15	0	.9274827	0	.07251729	0
1072.15	0	.9270673	0	.07293273	0
1071.15	0	.9266527	0	.07334732	0
1070.15	0	.9262389	0	.07376106	0
1069.15	0	.925826	0	.07417396	0
1068.15	0	.925414	0	.07458602	0
1067.15	0	.9250028	0	.07499724	0
1066.15	0	.9245924	0	.07540762	0
1065.15	0	.9241828	0	.07581716	0
1064.15	0	.9237741	0	.07622586	0
1063.15	0	.9233663	0	.07663373	0
1062.15	0	.9229592	0	.07704077	0
1061.15	0	.922553	0	.07744697	0
1060.15	0	.9221477	0	.07785234	0
1059.15	0	.9217431	0	.07825689	0
1058.15	0	.9213394	0	.0786606	0
1057.15	0	.9209365	0	.07906349	0
1056.15	0	.9205345	0	.07946555	0
1055.15	0	.9201332	0	.07986679	0
1054.15	0	.9197328	0	.0802672	0
1053.15	0	.9193332	0	.0806668	0
1052.15	0	.9189344	0	.08106557	0
1051.15	0	.9185365	0	.08146353	0
1050.15	0	.9181393	0	.08186067	0
1049.15	0	.917743	0	.08225699	0
1048.15	0	.9173475	0	.0826525	0
1047.15	0	.9169528	0	.08304719	0
1046.15	0	.9165589	0	.08344108	0
1045.15	0	.9161659	0	.08383415	0
1044.15	0	.9157736	0	.08422641	0
1043.15	0	.9153821	0	.08461787	0
1042.15	0	.9149915	0	.08500851	0
1041.15	0	.9146016	0	.08539836	0
1040.15	0	.9142126	0	.08578739	0
1039.15	0	.9138244	0	.08617563	0
1038.15	0	.9134369	0	.08656306	0
1037.15	0	.9130503	0	.08694969	0
1036.15	0	.9126645	0	.08733553	0
1035.15	0	.9122794	0	.08772056	0
1034.15	0	.9118952	0	.0881048	0
1033.15	0	.9115118	0	.08848824	0
1032.15	0	.9111291	0	.08887089	0
1031.15	0	.9107473	0	.08925274	0
1030.15	0	.9103662	0	.0896338	0
1029.15	0	.9099859	0	.09001407	0
1028.15	0	.9096064	0	.09039356	0
1027.15	0	.9092278	0	.09077225	0
1026.15	0	.9088499	0	.09115015	0
1025.15	0	.9084727	0	.09152727	0
1024.15	0	.9080964	0	.09190361	0
1023.15	0	.9077208	0	.09227916	0
1022.15	0	.9073461	0	.09265392	0
1021.15	0	.9069721	0	.09302791	0
1020.15	0	.9065989	0	.09340112	0
1019.15	0	.9062265	0	.09377354	0
1018.15	0	.9058548	0	.09414519	0
1017.15	0	.9054839	0	.09451606	0
1016.439	0	.9052207	0	.09477934	0
1016.439	0	.9052207	0	.09477934	0
1016.439	0	.9052207	0	.09477934	0
1016.15	0	.9049261	2.030936E-04	.09487077	0
1015.15	0	.9039082	9.050984E-04	.09518673	0
1014.15	0	.902893	.001605272	.09550178	0
1013.15	0	.9018805	.002303617	.0958159	0
1012.15	0	.9008708	.003000138	.09612909	0
1011.15	0	.8998638	.003694838	.09644137	0
1010.15	0	.8988596	.004387721	.09675272	0
1009.15	0	.8978581	.00507879	.09706315	0
1008.15	0	.8968593	.005768049	.09737265	0
1007.15	0	.8958633	.006455502	.09768123	0
1006.15	0	.89487	.007141152	.09798889	0
1005.15	0	.8938794	.007825004	.09829562	0
1004.15	0	.8928915	.008507062	.09860143	0
1003.15	0	.8919064	.009187329	.09890632	0
1002.15	0	.8909239	.009865809	.09921028	0
1001.15	0	.8899442	.01054251	.09951331	0
1000.15	0	.8889672	.01121743	.09981542	0
999.15	0	.8879928	.01189057	.1001166	0
998.15	0	.8870212	.01256195	.1004169	0
997.15	0	.8860523	.01323156	.1007162	0
996.15	0	.885086	.01389941	.1010146	0
995.15	0	.8841224	.01456551	.1013121	0
994.15	0	.8831616	.01522985	.1016086	0
993.15	0	.8822033	.01589245	.1019042	0
992.15	0	.8812478	.01655331	.1021989	0
991.15	0	.8802949	.01721243	.1024926	0
990.15	0	.8793447	.01786982	.1027855	0
989.15	0	.8783972	.01852548	.1030773	0
988.15	0	.8774523	.01917942	.1033683	0
987.15	0	.87651	.01983165	.1036583	0
986.15	0	.8755705	.02048217	.1039474	0
985.15	0	.8746335	.02113098	.1042355	0
984.15	0	.8736992	.02177809	.1045227	0
983.15	0	.8727675	.02242351	.104809	0
982.15	0	.8718385	.02306725	.1050943	0
981.15	0	.870912	.0237093	.1053787	0
980.15	0	.8699882	.02434968	.1056621	0
979.15	0	.869067	.02498839	.1059446	0
978.15	0	.8681485	.02562544	.1062261	0
977.15	0	.8672325	.02626083	.1065067	0
976.15	0	.8663191	.02689457	.1067864	0
975.15	0	.8654083	.02752668	.107065	0
974.15	0	.8645001	.02815714	.1073428	0
973.15	0	.8635945	.02878598	.1076196	0
972.15	0	.8626914	.0294132	.1078954	0
971.15	0	.8617909	.03003881	.1081703	0
970.15	0	.860893	.03066281	.1084442	0
969.15	0	.8599977	.03128522	.1087171	0
968.15	0	.8591049	.03190603	.1089891	0
967.15	0	.8582146	.03252527	.1092601	0
966.15	0	.8573269	.03314293	.1095302	0
965.15	0	.8564417	.03375903	.1097993	0
964.15	0	.855559	.03437357	.1100674	0
963.15	0	.8546789	.03498657	.1103345	0
962.15	0	.8538013	.03559803	.1106007	0
961.15	0	.8529262	.03620796	.1108659	0
960.15	0	.8520536	.03681637	.1111301	0
959.15	0	.8511834	.03742327	.1113933	0
958.15	0	.8503158	.03802868	.1116555	0
957.15	0	.8494506	.03863259	.1119168	0
956.15	0	.8485879	.03923503	.112177	0
955.15	0	.8477277	.03983601	.1124363	0
954.15	0	.8468699	.04043552	.1126946	0
953.15	0	.8460146	.04103359	.1129518	0
952.15	0	.8451617	.04163022	.1132081	0
951.15	0	.8443112	.04222544	.1134633	0
950.15	0	.8434632	.04281924	.1137176	0
949.15	0	.8426175	.04341164	.1139708	0
948.15	0	.8417743	.04400266	.114223	0
947.15	0	.8409334	.04459231	.1144742	0
946.15	0	.840095	.04518059	.1147244	0
945.15	0	.8392589	.04576753	.1149736	0
944.15	0	.8384251	.04635314	.1152217	0
943.15	0	.8375937	.04693743	.1154688	0
942.15	0	.8367647	.04752041	.1157149	0
941.15	0	.835938	.04810211	.1159599	0
940.15	0	.8351136	.04868252	.1162039	0
939.15	0	.8342915	.04926168	.1164468	0
938.15	0	.8334717	.0498396	.1166887	0
937.15	0	.8326542	.05041629	.1169296	0
936.15	0	.8318389	.05099176	.1171693	0
935.15	0	.8310259	.05156604	.117408	0
934.15	0	.8302152	.05213915	.1176457	0
933.15	0	.8294067	.05271109	.1178822	0
932.15	0	.8286004	.05328189	.1181177	0
931.15	0	.8277963	.05385157	.1183521	0
930.15	0	.8269944	.05442014	.1185855	0
929.15	0	.8261947	.05498763	.1188177	0
928.15	0	.8253971	.05555405	.1190488	0
927.15	0	.8246017	.05611943	.1192789	0
926.15	0	.8238084	.05668378	.1195078	0
925.15	0	.8230173	.05724712	.1197356	0
924.15	0	.8222282	.05780949	.1199623	0
923.15	0	.8214412	.05837089	.1201879	0
922.15	0	.8206563	.05893135	.1204124	0
921.15	0	.8198734	.0594909	.1206357	0
920.15	0	.8190926	.06004956	.1208579	0
919.15	0	.8183138	.06060735	.1210789	0
918.15	0	.8175369	.0611643	.1212988	0
917.15	0	.8167621	.06172043	.1215175	0
916.15	0	.8159892	.06227577	.1217351	0
915.15	0	.8152182	.06283034	.1219515	0
914.15	0	.8144491	.06338418	.1221667	0
913.15	0	.8136819	.0639373	.1223807	0
912.15	0	.8129167	.06448975	.1225936	0
911.15	0	.8121532	.06504153	.1228053	0
910.15	0	.8113916	.0655927	.1230157	0
909.15	0	.8106318	.06614328	.1232249	0
908.15	0	.8098737	.06669329	.123433	0
907.15	0	.8091175	.06724277	.1236398	0
906.15	0	.8083629	.06779175	.1238453	0
905.15	0	.8076101	.06834027	.1240496	0
904.15	0	.8068589	.06888836	.1242527	0
903.15	0	.8061094	.06943605	.1244546	0
902.15	0	.8053615	.06998338	.1246551	0
901.15	0	.8046152	.07053039	.1248544	0
900.15	0	.8038705	.07107711	.1250524	0
899.15	0	.8031273	.07162358	.1252491	0
898.15	0	.8023857	.07216984	.1254445	0
897.15	0	.8016455	.07271594	.1256386	0
896.15	0	.8009067	.0732619	.1258313	0
895.15	0	.8001694	.07380778	.1260228	0
894.15	0	.7994335	.07435362	.1262129	0
893.15	0	.7986989	.07489946	.1264017	0
892.15	0	.7979656	.07544534	.1265891	0
891.15	0	.7972336	.07599131	.1267751	0
890.15	0	.7965028	.07653742	.1269598	0
889.15	0	.7957733	.07708372	.127143	0
888.15	0	.7950449	.07763026	.1273249	0
887.15	0	.7943176	.07817708	.1275053	0
886.15	0	.7935914	.07872424	.1276843	0
885.15	0	.7928663	.07927179	.1278619	0
884.15	0	.7921422	.07981979	.128038	0
883.15	0	.791419	.08036829	.1282127	0
882.15	0	.7906967	.08091735	.1283859	0
881.15	0	.7899754	.08146703	.1285576	0
880.15	0	.7892548	.08201739	.1287278	0
879.15	0	.788535	.08256849	.1288965	0
878.15	0	.7878159	.08312039	.1290637	0
877.15	0	.7870976	.08367315	.1292293	0
876.15	0	.7863798	.08422686	.1293934	0
875.15	0	.7856626	.08478156	.1295558	0
874.15	0	.7849459	.08533734	.1297167	0
873.15	0	.7842297	.08589426	.129876	0
872.15	0	.7835139	.0864524	.1300337	0
871.15	0	.7827985	.08701184	.1301897	0
870.15	0	.7820833	.08757264	.1303441	0
869.15	0	.7813683	.0881349	.1304968	0
868.15	0	.7806535	.0886987	.1306478	0
867.15	0	.7799388	.08926411	.1307971	0
866.15	0	.7792241	.08983123	.1309446	0
865.15	0	.7785094	.09040014	.1310904	0
864.15	0	.7777946	.09097094	.1312345	0
863.15	0	.7770795	.09154372	.1313767	0
862.15	0	.7763642	.09211859	.1315172	0
861.15	0	.7756486	.09269563	.1316558	0
860.15	0	.7749325	.09327495	.1317925	0
859.15	0	.7742159	.09385666	.1319274	0
858.15	0	.7734988	.09444088	.1320604	0
857.15	0	.7727809	.09502771	.1321914	0
856.15	0	.7720623	.09561726	.1323204	0
855.15	0	.7713428	.09620967	.1324475	0
854.15	0	.7706224	.09680506	.1325726	0
853.15	0	.7699008	.09740354	.1326956	0
852.15	0	.7691781	.09800527	.1328166	0
851.15	0	.7684542	.09861038	.1329355	0
850.15	0	.7677288	.099219	.1330522	0
849.15	0	.767002	.09983129	.1331668	0
848.15	0	.7662735	.1004474	.1332791	0
847.15	0	.7655433	.1010675	.1333892	0
846.15	0	.7648112	.1016917	.1334971	0
845.15	0	.7640771	.1023203	.1336027	0
844.15	0	.7633408	.1029533	.1337059	0
843.15	0	.7626023	.103591	.1338067	0
842.15	0	.7618613	.1042336	.133905	0
841.15	0	.7611178	.1048813	.134001	0
840.15	0	.7603714	.1055342	.1340943	0
839.15	0	.7596222	.1061927	.1341851	0
838.15	0	.7588698	.1068568	.1342733	0
837.15	0	.7581142	.107527	.1343588	0
836.15	0	.7573551	.1082033	.1344416	0
835.15	0	.7565923	.1088861	.1345216	0
834.15	0	.7558256	.1095757	.1345987	0
833.15	0	.7550549	.1102723	.1346729	0
832.15	0	.7542797	.1109762	.1347441	0
831.15	0	.7535	.1116877	.1348123	0
830.15	0	.7527154	.1124073	.1348773	0
829.15	0	.7519257	.1131351	.1349392	0
828.15	0	.7511306	.1138716	.1349977	0
827.15	0	.7503298	.1146173	.1350529	0
826.15	0	.749523	.1153724	.1351046	0
825.15	0	.7487098	.1161374	.1351528	0
824.15	0	.7478899	.1169129	.1351972	0
823.15	0	.7470629	.1176992	.1352379	0
822.15	0	.7462284	.1184969	.1352747	0
821.15	0	.745386	.1193065	.1353075	0
820.15	0	.7445352	.1201287	.1353361	0
819.15	0	.7436755	.1209641	.1353604	0
818.15	0	.7428063	.1218133	.1353803	0
817.15	0	.7419273	.1226772	.1353956	0
816.15	0	.7410376	.1235564	.1354061	0
815.15	0	.7401367	.1244518	.1354116	0
814.15	0	.7392238	.1253643	.1354119	0
813.15	0	.7382982	.1262949	.1354069	0
812.15	0	.7373591	.1272447	.1353962	0
811.15	0	.7364055	.1282149	.1353796	0
810.15	0	.7354365	.1292067	.1353568	0
809.15	0	.7344509	.1302215	.1353276	0
808.15	0	.7334477	.1312609	.1352915	0
807.15	0	.7324253	.1323265	.1352482	0
806.15	0	.7313825	.1334203	.1351972	0
805.15	0	.7303175	.1345442	.1351382	0
804.15	0	.7285287	.136547	.1349244	0
803.15	0	.7267585	.1385341	.1347074	0
802.15	0	.725073	.1404256	.1345014	0
801.15	0	.7234651	.1422292	.1343057	0
800.15	0	.7219289	.1439519	.1341192	0
799.15	0	.7204589	.1455997	.1339413	0
798.15	0	.7190504	.1471782	.1337714	0
797.15	0	.7176989	.1486923	.1336088	0
796.15	0	.7164006	.1501463	.1334531	0
795.15	0	.715152	.1515444	.1333036	0
794.15	0	.7139498	.1528901	.1331601	0
793.15	0	.7127912	.1541867	.1330221	0
792.15	0	.7116734	.1554373	.1328893	0
791.15	0	.7105942	.1566446	.1327612	0
790.15	0	.7095512	.1578111	.1326377	0
789.15	0	.7085425	.1589391	.1325184	0
788.15	0	.707566	.1600309	.1324031	0
787.15	0	.7066202	.1610882	.1322915	0
786.15	0	.7057034	.1621131	.1321835	0
785.15	0	.7048157	.1631059	.1320784	0
784.15	0	.7039524	.1640708	.1319769	0
783.15	0	.703114	.1650078	.1318783	0
782.15	0	.7022992	.1659183	.1317825	0
781.15	0	.701507	.1668036	.1316894	0
780.15	0	.7007363	.1676649	.1315987	0
779.15	0	.6999862	.1685033	.1315105	0
778.15	0	.6992557	.1693198	.1314245	0
777.15	0	.6985439	.1701154	.1313407	0
776.15	0	.6978501	.170891	.1312589	0
775.15	0	.6971735	.1716475	.1311791	0
774.15	0	.6965133	.1723856	.131101	0
773.15	0	.695869	.1731062	.1310248	0
772.15	0	.6952398	.17381	.1309502	0
771.15	0	.6946253	.1744976	.1308772	0
770.15	0	.6940247	.1751697	.1308057	0
769.15	0	.6934375	.1758268	.1307357	0
768.15	0	.6928634	.1764696	.130667	0
767.15	0	.6923017	.1770987	.1305997	0
766.15	0	.691752	.1777144	.1305336	0
765.15	0	.6912139	.1783174	.1304687	0
764.15	0	.6906869	.1789081	.130405	0
763.15	0	.6901707	.1794869	.1303424	0
762.15	0	.6896649	.1800543	.1302809	0
761.15	0	.6891691	.1806106	.1302203	0
760.15	0	.6886831	.1811562	.1301607	0
759.15	0	.6882064	.1816916	.130102	0
758.15	0	.6877387	.182217	.1300443	0
757.15	0	.6872798	.1827328	.1299874	0
756.15	0	.6868294	.1832394	.1299312	0
755.15	0	.6863872	.1837369	.1298759	0
754.15	0	.685953	.1842257	.1298213	0
753.15	0	.6855264	.1847062	.1297675	0
752.15	0	.6851073	.1851784	.1297143	0
751.15	0	.6846954	.1856428	.1296617	0
750.15	0	.6842906	.1860996	.1296099	0
749.15	0	.6838925	.1865489	.1295586	0
748.15	0	.6835011	.186991	.1295079	0
747.15	0	.6831161	.1874262	.1294578	0
746.15	0	.6827373	.1878546	.1294082	0
745.15	0	.6823645	.1882764	.1293591	0
744.15	0	.6819976	.1886918	.1293105	0
743.15	0	.6816365	.1891011	.1292624	0
742.15	0	.6812808	.1895044	.1292148	0
741.15	0	.6809306	.1899018	.1291676	0
740.15	0	.6805857	.1902935	.1291208	0
739.15	0	.6802458	.1906797	.1290745	0
738.15	0	.6799109	.1910606	.1290285	0
737.15	0	.6795809	.1914362	.1289829	0
736.15	0	.6792556	.1918067	.1289377	0
735.15	0	.6789349	.1921723	.1288928	0
734.15	0	.6786186	.1925331	.1288482	0
733.15	0	.6783067	.1928892	.128804	0
732.15	0	.6779991	.1932408	.1287601	0
731.15	0	.6776956	.1935879	.1287165	0
730.15	0	.6773962	.1939306	.1286732	0
729.15	0	.6771007	.1942692	.1286301	0
728.15	0	.6768091	.1946036	.1285873	0
727.15	0	.6765212	.194934	.1285448	0
726.15	0	.676237	.1952606	.1285025	0
725.15	0	.6759563	.1955832	.1284605	0
724.15	0	.6756792	.1959022	.1284186	0
723.15	0	.6754054	.1962175	.128377	0
722.15	0	.675135	.1965293	.1283356	0
721.15	0	.6748679	.1968377	.1282944	0
720.15	0	.6746039	.1971426	.1282534	0
719.15	0	.6743431	.1974443	.1282126	0
718.15	0	.6740853	.1977427	.128172	0
717.15	0	.6738305	.198038	.1281315	0
716.15	0	.6735786	.1983302	.1280912	0
715.15	0	.6733295	.1986194	.1280511	0
714.15	0	.6730833	.1989056	.1280111	0
713.15	0	.6728397	.199189	.1279713	0
712.15	0	.6725989	.1994696	.1279316	0
711.15	0	.6723606	.1997474	.127892	0
710.15	0	.6721249	.2000225	.1278526	0
709.15	0	.6718917	.200295	.1278133	0
708.15	0	.671661	.2005649	.1277741	0
707.15	0	.6714327	.2008323	.127735	0
706.15	0	.6712067	.2010972	.1276961	0
705.15	0	.670983	.2013597	.1276572	0
704.15	0	.6707616	.2016199	.1276185	0
703.15	0	.6705425	.2018777	.1275798	0
702.15	0	.6703255	.2021333	.1275413	0
701.15	0	.6701106	.2023866	.1275028	0
700.15	0	.6698978	.2026378	.1274644	0
699.15	0	.6696871	.2028868	.1274261	0
698.15	0	.6694784	.2031337	.1273879	0
697.15	0	.6692717	.2033786	.1273498	0
696.15	0	.6690669	.2036214	.1273117	0
695.15	0	.668864	.2038623	.1272737	0
694.15	0	.668663	.2041013	.1272357	0
693.15	0	.6684638	.2043383	.1271979	0
692.15	0	.6682664	.2045735	.1271601	0
691.15	0	.6680708	.2048069	.1271223	0
690.15	0	.6678769	.2050385	.1270846	0
689.15	0	.6676848	.2052683	.127047	0
688.15	0	.6674943	.2054963	.1270094	0
687.15	0	.6673055	.2057227	.1269718	0
686.15	0	.6671182	.2059475	.1269343	0
685.15	0	.6669326	.2061705	.1268969	0
684.15	0	.6667485	.206392	.1268595	0
683.15	0	.666566	.2066119	.1268221	0
682.15	0	.666385	.2068302	.1267848	0
681.15	0	.6662055	.2070471	.1267475	0
680.15	0	.6660275	.2072624	.1267102	0
679.15	0	.6658508	.2074762	.126673	0
678.15	0	.6656756	.2076886	.1266358	0
677.15	0	.6655018	.2078996	.1265986	0
676.15	0	.6653294	.2081092	.1265614	0
675.15	0	.6651583	.2083174	.1265243	0
674.15	0	.6649886	.2085242	.1264872	0
673.15	0	.6648201	.2087297	.1264502	0
672.15	0	.664653	.2089339	.1264131	0
671.15	0	.6644871	.2091368	.1263761	0
670.15	0	.6643225	.2093385	.1263391	0
669.15	0	.664159	.2095388	.1263021	0
668.15	0	.6639969	.209738	.1262651	0
667.15	0	.6638359	.209936	.1262282	0
666.15	0	.663676	.2101327	.1261913	0
665.15	0	.6635174	.2103283	.1261543	0
664.15	0	.6633598	.2105227	.1261174	0
663.15	0	.6632034	.210716	.1260806	0
662.15	0	.6630482	.2109082	.1260437	0
661.15	0	.662894	.2110992	.1260068	0
660.15	0	.6627409	.2112892	.12597	0
659.15	0	.6625888	.2114781	.1259331	0
658.15	0	.6624378	.2116659	.1258963	0
657.15	0	.6622878	.2118527	.1258595	0
656.15	0	.6621389	.2120385	.1258226	0
655.15	0	.6619909	.2122232	.1257858	0
654.15	0	.661844	.212407	.125749	0
653.15	0	.661698	.2125897	.1257122	0
652.15	0	.661553	.2127715	.1256754	0
651.15	0	.661409	.2129524	.1256387	0
650.15	0	.6612659	.2131322	.1256019	0
649.15	0	.6611237	.2133112	.1255651	0
648.15	0	.6609824	.2134892	.1255284	0
647.15	0	.6608421	.2136663	.1254916	0
646.15	0	.6607026	.2138425	.1254549	0
645.15	0	.6605641	.2140178	.1254181	0
644.15	0	.6604264	.2141923	.1253814	0
643.15	0	.6602895	.2143659	.1253446	0
642.15	0	.6601535	.2145386	.1253079	0
641.15	0	.6600184	.2147105	.1252711	0
640.15	0	.6598841	.2148815	.1252344	0
639.15	0	.6597506	.2150517	.1251977	0
638.15	0	.6596179	.2152212	.1251609	0
637.15	0	.659486	.2153898	.1251242	0
636.15	0	.6593549	.2155576	.1250875	0
635.15	0	.6592246	.2157246	.1250508	0
634.15	0	.6590951	.2158908	.1250141	0
633.15	0	.6589663	.2160563	.1249773	0
632.15	0	.6588383	.2162211	.1249406	0
631.15	0	.6587111	.216385	.1249039	0
630.15	0	.6585845	.2165482	.1248672	0
629.15	0	.6584587	.2167107	.1248305	0
628.15	0	.6583337	.2168725	.1247938	0
627.15	0	.6582093	.2170335	.1247571	0
626.15	0	.6580857	.2171939	.1247204	0
625.15	0	.6579628	.2173535	.1246837	0
624.15	0	.6578405	.2175124	.1246471	0
623.15	0	.657719	.2176707	.1246104	0
622.15	0	.6575981	.2178282	.1245737	0
621.15	0	.6574779	.2179851	.124537	0
620.15	0	.6573583	.2181413	.1245003	0
619.15	0	.6572395	.2182969	.1244637	0
618.15	0	.6571212	.2184518	.124427	0
617.15	0	.6570036	.218606	.1243903	0
616.15	0	.6568867	.2187596	.1243537	0
615.15	0	.6567704	.2189126	.124317	0
614.15	0	.6566547	.2190649	.1242804	0
613.15	0	.6565396	.2192166	.1242438	0
612.15	0	.6564252	.2193677	.1242071	0
611.15	0	.6563113	.2195182	.1241705	0
610.15	0	.6561981	.219668	.1241339	0
609.15	0	.6560855	.2198173	.1240973	0
608.15	0	.6559734	.2199659	.1240607	0
607.15	0	.655862	.220114	.1240241	0
606.15	0	.6557511	.2202614	.1239875	0
605.15	0	.6556408	.2204083	.1239509	0
604.15	0	.6555311	.2205546	.1239143	0
603.15	0	.6554219	.2207003	.1238778	0
602.15	0	.6553133	.2208455	.1238412	0
601.15	0	.6552052	.2209901	.1238047	0
600.15	0	.6550977	.2211341	.1237681	0
599.15	0	.6549908	.2212776	.1237316	0
598.15	0	.6548844	.2214205	.1236951	0
597.15	0	.6547785	.2215629	.1236586	0
596.15	0	.6546732	.2217047	.1236221	0
595.15	0	.6545684	.221846	.1235856	0
594.15	0	.6544641	.2219867	.1235491	0
593.15	0	.6543604	.222127	.1235127	0
592.15	0	.6542571	.2222666	.1234763	0
591.15	0	.6541544	.2224058	.1234398	0
590.15	0	.6540522	.2225444	.1234034	0
589.15	0	.6539504	.2226825	.123367	0
588.15	0	.6538492	.2228201	.1233306	0
587.15	0	.6537485	.2229572	.1232943	0
586.15	0	.6536483	.2230938	.1232579	0
585.15	0	.6535486	.2232299	.1232216	0
584.15	0	.6534493	.2233654	.1231853	0
583.15	0	.6533505	.2235005	.123149	0
582.15	0	.6532522	.2236351	.1231127	0
581.15	0	.6531544	.2237691	.1230765	0
580.15	0	.6530571	.2239027	.1230402	0
579.15	0	.6529602	.2240358	.123004	0
578.15	0	.6528638	.2241684	.1229678	0
577.15	0	.6527679	.2243005	.1229316	0
576.15	0	.6526724	.2244322	.1228954	0
575.15	0	.6525773	.2245633	.1228593	0
574.15	0	.6524828	.224694	.1228232	0
573.15	0	.6523886	.2248243	.1227871	0
572.15	0	.652295	.224954	.122751	0
571.15	0	.6522017	.2250833	.122715	0
570.15	0	.6521089	.2252121	.122679	0
569.15	0	.6520166	.2253405	.122643	0
568.15	0	.6519246	.2254684	.122607	0
567.15	0	.6518331	.2255958	.1225711	0
566.15	0	.6517421	.2257228	.1225351	0
565.15	0	.6516515	.2258493	.1224993	0
564.15	0	.6515612	.2259754	.1224634	0
563.15	0	.6514715	.226101	.1224276	0
562.15	0	.6513821	.2262262	.1223918	0
561.15	0	.6512931	.2263509	.122356	0
560.15	0	.6512046	.2264752	.1223203	0
559.15	0	.6511165	.226599	.1222846	0
558.15	0	.6510288	.2267224	.1222489	0
557.15	0	.6509415	.2268453	.1222132	0
556.15	0	.6508546	.2269678	.1221776	0
555.15	0	.6507681	.2270899	.122142	0
554.15	0	.650682	.2272116	.1221065	0
553.15	0	.6505963	.2273328	.122071	0
552.15	0	.650511	.2274536	.1220355	0
551.15	0	.6504261	.2275739	.1220001	0
550.15	0	.6503415	.2276938	.1219646	0
549.15	0	.6502574	.2278133	.1219293	0
548.15	0	.6501737	.2279324	.1218939	0
547.15	0	.6500903	.228051	.1218587	0
546.15	0	.6500074	.2281693	.1218234	0
545.15	0	.6499248	.2282871	.1217882	0
544.15	0	.6498426	.2284044	.121753	0
543.15	0	.6497607	.2285214	.1217179	0
542.15	0	.6496793	.2286379	.1216828	0
541.15	0	.6495982	.2287541	.1216477	0
540.15	0	.6495175	.2288698	.1216127	0
539.15	0	.6494372	.2289851	.1215778	0
538.15	0	.6493572	.2290999	.1215428	0
537.15	0	.6492776	.2292144	.121508	0
536.15	0	.6491984	.2293285	.1214731	0
535.15	0	.6491195	.2294421	.1214384	0
534.15	0	.6490411	.2295553	.1214036	0
533.15	0	.6489629	.2296682	.1213689	0
532.15	0	.6488853	.2297806	.1213342	0
531.15	0	.6488078	.2298926	.1212996	0
530.15	0	.6487308	.2300042	.121265	0
529.15	0	.6486541	.2301154	.1212305	0
528.15	0	.6485777	.2302262	.1211961	0
527.15	0	.6485017	.2303366	.1211617	0
526.15	0	.6484261	.2304466	.1211273	0
525.15	0	.6483508	.2305562	.121093	0
524.15	0	.6482758	.2306654	.1210588	0
523.15	0	.6482012	.2307742	.1210246	0
522.15	0	.648127	.2308826	.1209905	0
521.15	0	.648053	.2309906	.1209564	0
520.15	0	.6479795	.2310982	.1209224	0
519.15	0	.6479062	.2312054	.1208884	0
518.15	0	.6478333	.2313122	.1208545	0
517.15	0	.6477608	.2314186	.1208206	0
516.15	0	.6476886	.2315246	.1207868	0
515.15	0	.6476167	.2316302	.1207531	0
514.15	0	.6475452	.2317355	.1207194	0
513.15	0	.6474739	.2318403	.1206858	0
512.15	0	.6474031	.2319447	.1206522	0
511.15	0	.6473325	.2320488	.1206187	0
510.15	0	.6472623	.2321524	.1205853	0
509.15	0	.6471924	.2322557	.1205519	0
508.15	0	.6471228	.2323586	.1205186	0
507.15	0	.6470536	.2324611	.1204853	0
506.15	0	.6469847	.2325632	.1204521	0
505.15	0	.6469161	.2326649	.120419	0
504.15	0	.6468479	.2327662	.120386	0
503.15	0	.6467799	.2328671	.120353	0
502.15	0	.6467123	.2329676	.1203201	0
501.15	0	.646645	.2330678	.1202872	0
500.15	0	.646578	.2331676	.1202544	0
499.15	0	.6465114	.2332669	.1202217	0
498.15	0	.646445	.2333659	.1201891	0
497.15	0	.646379	.2334645	.1201565	0
496.15	0	.6463133	.2335627	.120124	0
495.15	0	.6462479	.2336606	.1200915	0
494.15	0	.6461828	.233758	.1200592	0
493.15	0	.6461181	.2338551	.1200269	0
492.15	0	.6460536	.2339517	.1199947	0
491.15	0	.6459895	.234048	.1199625	0
490.15	0	.6459256	.2341439	.1199304	0
489.15	0	.6458621	.2342395	.1198984	0
488.15	0	.6457989	.2343346	.1198665	0
487.15	0	.645736	.2344294	.1198347	0
486.15	0	.6456734	.2345237	.1198029	0
485.15	0	.6456111	.2346177	.1197712	0
484.15	0	.6455491	.2347113	.1197396	0
483.15	0	.6454874	.2348045	.1197081	0
482.15	0	.645426	.2348974	.1196766	0
481.15	0	.645365	.2349898	.1196452	0
480.15	0	.6453042	.2350819	.1196139	0
479.15	0	.6452437	.2351736	.1195827	0
478.15	0	.6451835	.2352649	.1195516	0
477.15	0	.6451236	.2353558	.1195205	0
476.15	0	.6450641	.2354464	.1194896	0
475.15	0	.6450048	.2355365	.1194587	0
474.15	0	.6449458	.2356263	.1194279	0
473.15	0	.6448871	.2357157	.1193972	0
472.15	0	.6448287	.2358047	.1193666	0
471.15	0	.6447706	.2358934	.119336	0
470.15	0	.6447128	.2359816	.1193056	0
469.15	0	.6446553	.2360695	.1192752	0
468.15	0	.6445981	.236157	.1192449	0
467.15	0	.6445412	.2362441	.1192147	0
466.15	0	.6444845	.2363309	.1191846	0
465.15	0	.6444282	.2364172	.1191546	0
464.15	0	.6443721	.2365032	.1191247	0
463.15	0	.6443164	.2365888	.1190949	0
462.15	0	.6442609	.236674	.1190651	0
461.15	0	.6442057	.2367588	.1190355	0
460.15	0	.6441508	.2368433	.1190059	0
459.15	0	.6440962	.2369273	.1189764	0
458.15	0	.6440419	.237011	.1189471	0
457.15	0	.6439879	.2370943	.1189178	0
456.15	0	.6439341	.2371773	.1188886	0
455.15	0	.6438807	.2372598	.1188595	0
454.15	0	.6438275	.237342	.1188305	0
453.15	0	.6437746	.2374238	.1188016	0
452.15	0	.643722	.2375052	.1187728	0
451.15	0	.6436696	.2375862	.1187442	0
450.15	0	.6436176	.2376669	.1187156	0
449.15	0	.6435658	.2377471	.1186871	0
448.15	0	.6435144	.2378269	.1186587	0
447.15	0	.6434632	.2379063	.1186304	0
446.15	0	.6434124	.2379854	.1186023	0
445.15	0	.6433618	.238064	.1185742	0
444.15	0	.6433115	.2381422	.1185462	0
443.15	0	.6432616	.23822	.1185184	0
442.15	0	.6432119	.2382974	.1184907	0
441.15	0	.6431625	.2383744	.1184631	0
440.15	0	.6431135	.2384509	.1184356	0
439.15	0	.6430647	.2385271	.1184082	0
438.15	0	.6430163	.2386027	.118381	0
437.15	0	.6429682	.238678	.1183539	0
436.15	0	.6429203	.2387528	.1183269	0
435.15	0	.6428728	.2388271	.1183	0
434.15	0	.6428257	.238901	.1182733	0
433.15	0	.6427788	.2389745	.1182467	0
432.15	0	.6427323	.2390475	.1182202	0
431.15	0	.6426861	.2391201	.1181939	0
430.15	0	.6426402	.2391921	.1181677	0
429.15	0	.6425946	.2392638	.1181416	0
428.15	0	.6425494	.2393349	.1181157	0
427.15	0	.6425045	.2394056	.1180899	0
426.15	0	.6424599	.2394759	.1180643	0
425.15	0	.6424156	.2395456	.1180388	0
424.15	0	.6423717	.2396149	.1180134	0
423.15	0	.6423281	.2396837	.1179882	0
422.15	0	.6422848	.2397521	.1179631	0
421.15	0	.6422419	.23982	.1179382	0
420.15	0	.6421992	.2398874	.1179134	0
419.15	0	.6421569	.2399543	.1178887	0
418.15	0	.642115	.2400208	.1178643	0
417.15	0	.6420733	.2400868	.1178399	0
416.15	0	.642032	.2401523	.1178157	0
415.15	0	.641991	.2402173	.1177917	0
414.15	0	.6419504	.2402819	.1177678	0
413.15	0	.64191	.240346	.117744	0
412.15	0	.64187	.2404096	.1177204	0
411.15	0	.6418303	.2404727	.117697	0
410.15	0	.6417909	.2405354	.1176737	0
409.15	0	.6417519	.2405976	.1176505	0
408.15	0	.6417132	.2406593	.1176275	0
407.15	0	.6416747	.2407206	.1176047	0
406.15	0	.6416367	.2407814	.117582	0
405.15	0	.6415989	.2408417	.1175594	0
404.15	0	.6415614	.2409015	.117537	0
403.15	0	.6415243	.2409609	.1175148	0
402.15	0	.6414875	.2410198	.1174927	0
401.15	0	.6414509	.2410783	.1174708	0
400.15	0	.6414147	.2411363	.117449	0
399.15	0	.6413788	.2411938	.1174274	0
398.15	0	.6413432	.2412509	.1174059	0
397.15	0	.6413079	.2413075	.1173846	0
396.15	0	.6412729	.2413637	.1173634	0
395.15	0	.6412383	.2414194	.1173423	0
394.15	0	.6412039	.2414747	.1173215	0
393.15	0	.6411698	.2415295	.1173008	0
392.15	0	.641136	.2415838	.1172802	0
391.15	0	.6411025	.2416377	.1172598	0
390.15	0	.6410693	.2416912	.1172395	0
389.15	0	.6410364	.2417443	.1172194	0
388.15	0	.6410037	.2417969	.1171994	0
387.15	0	.6409714	.241849	.1171796	0
386.15	0	.6409394	.2419008	.1171599	0
385.15	0	.6409076	.2419521	.1171404	0
384.15	0	.6408761	.2420029	.117121	0
383.15	0	.6408449	.2420534	.1171018	0
382.15	0	.640814	.2421034	.1170827	0
381.15	0	.6407833	.242153	.1170637	0
380.15	0	.6407529	.2422021	.1170449	0
379.15	0	.6407228	.2422509	.1170263	0
378.15	0	.6406929	.2422992	.1170078	0
377.15	0	.6406634	.2423472	.1169895	0
376.15	0	.640634	.2423947	.1169712	0
375.15	0	.640605	.2424418	.1169532	0
374.15	0	.6405762	.2424886	.1169353	0
373.15	0	.6405476	.2425349	.1169175	0
372.15	0	.6405194	.2425808	.1168999	0
371.15	0	.6404913	.2426263	.1168824	0
370.15	0	.6404635	.2426715	.116865	0
369.15	0	.640436	.2427162	.1168478	0
368.15	0	.6404087	.2427606	.1168307	0
367.15	0	.6403817	.2428046	.1168138	0
366.15	0	.6403548	.2428482	.116797	0
365.15	0	.6403283	.2428914	.1167803	0
364.15	0	.6403019	.2429343	.1167638	0
363.15	0	.6402758	.2429767	.1167474	0
362.15	0	.64025	.2430188	.1167312	0
361.15	0	.6402243	.2430606	.1167151	0
360.15	0	.6401989	.243102	.1166991	0
359.15	0	.6401737	.243143	.1166833	0
358.15	0	.6401488	.2431837	.1166676	0
357.15	0	.640124	.243224	.116652	0
356.15	0	.6400995	.2432639	.1166366	0
355.15	0	.6400752	.2433036	.1166213	0
354.15	0	.6400511	.2433428	.1166061	0
353.15	0	.6400272	.2433818	.1165911	0
352.15	0	.6400035	.2434203	.1165761	0
351.15	0	.6399801	.2434586	.1165614	0
350.15	0	.6399568	.2434965	.1165467	0
349.15	0	.6399337	.2435341	.1165322	0
348.15	0	.6399109	.2435714	.1165178	0
347.15	0	.6398882	.2436083	.1165035	0
346.15	0	.6398657	.2436449	.1164894	0
345.15	0	.6398434	.2436812	.1164754	0
344.15	0	.6398213	.2437172	.1164615	0
343.15	0	.6397994	.2437529	.1164477	0
342.15	0	.6397777	.2437882	.1164341	0
341.15	0	.6397562	.2438233	.1164205	0
340.15	0	.6397348	.243858	.1164071	0
339.15	0	.6397137	.2438925	.1163939	0
338.15	0	.6396927	.2439266	.1163807	0
337.15	0	.6396719	.2439605	.1163677	0
336.15	0	.6396512	.243994	.1163548	0
335.15	0	.6396307	.2440273	.116342	0
334.15	0	.6396104	.2440602	.1163293	0
333.15	0	.6395903	.2440929	.1163168	0
332.15	0	.6395703	.2441253	.1163043	0
331.15	0	.6395505	.2441575	.116292	0
330.15	0	.6395309	.2441893	.1162798	0
329.15	0	.6395114	.2442209	.1162678	0
328.15	0	.639492	.2442522	.1162558	0
327.15	0	.6394729	.2442832	.1162439	0
326.15	0	.6394538	.244314	.1162322	0
325.15	0	.639435	.2443445	.1162206	0
324.15	0	.6394162	.2443747	.1162091	0
323.15	0	.6393977	.2444047	.1161977	0
322.15	0	.6393792	.2444344	.1161864	0
321.15	0	.6393609	.2444638	.1161752	0
320.15	0	.6393428	.244493	.1161642	0
319.15	0	.6393248	.244522	.1161532	0
318.15	0	.6393069	.2445507	.1161424	0
317.15	0	.6392891	.2445792	.1161317	0
316.15	0	.6392715	.2446074	.1161211	0
315.15	0	.639254	.2446354	.1161106	0
314.15	0	.6392367	.2446631	.1161002	0
313.15	0	.6392195	.2446906	.1160899	0
312.15	0	.6392024	.2447179	.1160797	0
311.15	0	.6391854	.2447449	.1160697	0
310.15	0	.6391686	.2447717	.1160597	0
309.15	0	.6391518	.2447983	.1160499	0
308.15	0	.6391352	.2448247	.1160401	0
307.15	0	.6391187	.2448508	.1160305	0
306.15	0	.6391024	.2448767	.1160209	0
305.15	0	.6390861	.2449024	.1160115	0
304.15	0	.6390699	.2449279	.1160022	0
303.15	0	.6390539	.2449531	.115993	0
302.15	0	.639038	.2449782	.1159839	0
301.15	0	.6390221	.245003	.1159749	0
300.15	0	.6390064	.2450276	.115966	0
299.15	0	.6389908	.245052	.1159572	0
298.15	0	.6389753	.2450763	.1159485	0
