T	 BPW(LIQUID)	BPW(BCC_A2)	BPW(FCC_A1)	BPW(LAVES_PHASE_C14)	BPW(NI3TI)
1473.15	0	.5978211	.4021789	0	0
1472.15	0	.5955123	.4044877	0	0
1471.15	0	.5932094	.4067906	0	0
1470.15	0	.5909123	.4090877	0	0
1469.15	0	.5886211	.4113789	0	0
1468.15	0	.5863357	.4136643	0	0
1467.15	0	.5840562	.4159438	0	0
1466.15	0	.5817825	.4182175	0	0
1465.15	0	.5795146	.4204854	0	0
1464.15	0	.5772525	.4227475	0	0
1463.15	0	.5749962	.4250038	0	0
1462.15	0	.5727457	.4272543	0	0
1461.15	0	.570501	.429499	0	0
1460.15	0	.568262	.431738	0	0
1459.15	0	.5660289	.4339711	0	0
1458.15	0	.5638015	.4361985	0	0
1457.15	0	.5615799	.4384201	0	0
1456.15	0	.559364	.440636	0	0
1455.15	0	.5571539	.4428461	0	0
1454.15	0	.5549496	.4450504	0	0
1453.15	0	.552751	.447249	0	0
1452.15	0	.5505581	.4494419	0	0
1451.15	0	.548371	.4516291	0	0
1450.15	0	.5461895	.4538105	0	0
1449.15	0	.5440138	.4559862	0	0
1448.15	0	.5418438	.4581562	0	0
1447.15	0	.5396796	.4603204	0	0
1446.15	0	.537521	.462479	0	0
1445.15	0	.5353681	.4646319	0	0
1444.15	0	.5332209	.4667791	0	0
1443.15	0	.5310795	.4689205	0	0
1442.15	0	.5289437	.4710563	0	0
1441.15	0	.5268135	.4731865	0	0
1440.15	0	.5246891	.4753109	0	0
1439.15	0	.5225703	.4774297	0	0
1438.15	0	.5204573	.4795428	0	0
1437.15	0	.5183498	.4816502	0	0
1436.15	0	.5162481	.483752	0	0
1435.15	0	.5141519	.4858481	0	0
1434.15	0	.5120615	.4879385	0	0
1433.15	0	.5099767	.4900233	0	0
1432.15	0	.5078975	.4921025	0	0
1431.15	0	.505824	.494176	0	0
1430.15	0	.5037561	.4962439	0	0
1429.15	0	.5016939	.4983061	0	0
1428.15	0	.4996373	.5003627	0	0
1427.15	0	.4975864	.5024136	0	0
1426.15	0	.495541	.504459	0	0
1425.15	0	.4935013	.5064987	0	0
1424.15	0	.4914673	.5085327	0	0
1423.15	0	.4894388	.5105612	0	0
1422.15	0	.487416	.512584	0	0
1421.15	0	.4853987	.5146013	0	0
1420.15	0	.4833871	.5166129	0	0
1419.15	0	.4813812	.5186188	0	0
1418.15	0	.4793808	.5206192	0	0
1417.15	0	.477386	.522614	0	0
1416.15	0	.4753969	.5246031	0	0
1415.15	0	.4734134	.5265866	0	0
1414.15	0	.4714354	.5285646	0	0
1413.15	0	.4694631	.5305369	0	0
1412.15	0	.4674964	.5325036	0	0
1411.15	0	.4655353	.5344647	0	0
1410.15	0	.4635798	.5364202	0	0
1409.15	0	.4616299	.5383701	0	0
1408.15	0	.4596856	.5403144	0	0
1407.15	0	.4577469	.5422531	0	0
1406.15	0	.4558138	.5441862	0	0
1405.15	0	.4538863	.5461137	0	0
1404.15	0	.4519644	.5480356	0	0
1403.15	0	.4500481	.5499519	0	0
1402.15	0	.4481374	.5518626	0	0
1401.15	0	.4462323	.5537677	0	0
1400.15	0	.4443329	.5556671	0	0
1399.15	0	.442439	.557561	0	0
1398.15	0	.4405507	.5594493	0	0
1397.15	0	.4386681	.5613319	0	0
1396.15	0	.436791	.563209	0	0
1395.15	0	.4349196	.5650804	0	0
1394.15	0	.4330537	.5669463	0	0
1393.15	0	.4311935	.5688065	0	0
1392.15	0	.4293389	.5706611	0	0
1391.15	0	.4274899	.5725101	0	0
1390.15	0	.4256465	.5743535	0	0
1389.15	0	.4238088	.5761912	0	0
1388.15	0	.4219766	.5780234	0	0
1387.15	0	.4201501	.5798499	0	0
1386.15	0	.4183292	.5816708	0	0
1385.15	0	.416514	.583486	0	0
1384.15	0	.4147043	.5852957	0	0
1383.15	0	.4129004	.5870996	0	0
1382.15	0	.411102	.588898	0	0
1381.15	0	.4093093	.5906907	0	0
1380.15	0	.4075222	.5924778	0	0
1379.15	0	.4057408	.5942592	0	0
1378.15	0	.403965	.596035	0	0
1377.15	0	.4021949	.5978051	0	0
1376.15	0	.4004304	.5995696	0	0
1375.15	0	.3986716	.6013284	0	0
1374.15	0	.3969185	.6030815	0	0
1373.15	0	.395171	.604829	0	0
1372.15	0	.3934292	.6065708	0	0
1371.15	0	.3916931	.6083069	0	0
1370.15	0	.3899627	.6100373	0	0
1369.15	0	.3882379	.6117621	0	0
1368.15	0	.3865189	.6134811	0	0
1367.15	0	.3848055	.6151945	0	0
1366.15	0	.3830979	.6169021	0	0
1365.15	0	.3813959	.6186041	0	0
1364.15	0	.3796997	.6203003	0	0
1363.15	0	.3780092	.6219908	0	0
1362.15	0	.3763244	.6236756	0	0
1361.15	0	.3746454	.6253546	0	0
1360.15	0	.3729721	.6270279	0	0
1359.15	0	.3713045	.6286955	0	0
1358.15	0	.3696427	.6303573	0	0
1357.15	0	.3679866	.6320134	0	0
1356.15	0	.3663364	.6336637	0	0
1355.15	0	.3646918	.6353082	0	0
1354.15	0	.3630531	.6369469	0	0
1353.15	0	.3614202	.6385799	0	0
1352.15	0	.359793	.640207	0	0
1351.15	0	.3581716	.6418284	0	0
1350.15	0	.3565561	.6434439	0	0
1349.15	0	.3549464	.6450536	0	0
1348.15	0	.3533424	.6466576	0	0
1347.15	0	.3517444	.6482556	0	0
1346.15	0	.3501521	.6498479	0	0
1345.15	0	.3485658	.6514342	0	0
1344.15	0	.3469853	.6530148	0	0
1343.15	0	.3454106	.6545894	0	0
1342.15	0	.3438418	.6561582	0	0
1341.15	0	.3422789	.6577211	0	0
1340.15	0	.3407219	.6592781	0	0
1339.15	0	.3391709	.6608292	0	0
1338.15	0	.3376257	.6623743	0	0
1337.15	0	.3360864	.6639136	0	0
1336.15	0	.3345531	.6654469	0	0
1335.15	0	.3330257	.6669743	0	0
1334.15	0	.3315043	.6684957	0	0
1333.15	0	.3299889	.6700111	0	0
1332.15	0	.3284794	.6715206	0	0
1331.15	0	.3269759	.6730241	0	0
1330.15	0	.3254784	.6745216	0	0
1329.15	0	.3239869	.6760131	0	0
1328.15	0	.3225015	.6774985	0	0
1327.15	0	.3210221	.6789779	0	0
1326.15	0	.3195487	.6804513	0	0
1325.15	0	.3180814	.6819186	0	0
1324.15	0	.3166201	.6833799	0	0
1323.15	0	.3151649	.6848351	0	0
1322.15	0	.3137159	.6862841	0	0
1321.15	0	.3122729	.6877271	0	0
1320.15	0	.310836	.689164	0	0
1319.15	0	.3094053	.6905947	0	0
1318.15	0	.3079807	.6920193	0	0
1317.15	0	.3065623	.6934377	0	0
1316.15	0	.3051501	.6948499	0	0
1315.15	0	.303744	.696256	0	0
1314.15	0	.3023442	.6976558	0	0
1313.15	0	.3009505	.6990495	0	0
1312.15	0	.2995631	.7004369	0	0
1311.15	0	.2981819	.7018181	0	0
1310.15	0	.296807	.703193	0	0
1309.15	0	.2954384	.7045616	0	0
1308.15	0	.294076	.705924	0	0
1307.15	0	.29272	.70728	0	0
1306.15	0	.2913702	.7086298	0	0
1305.15	0	.2900269	.7099731	0	0
1304.15	0	.2886898	.7113102	0	0
1303.15	0	.2873591	.7126409	0	0
1302.15	0	.2860348	.7139652	0	0
1301.15	0	.2847169	.7152831	0	0
1300.15	0	.2834055	.7165945	0	0
1299.15	0	.2821004	.7178996	0	0
1298.15	0	.2808018	.7191982	0	0
1297.15	0	.2795097	.7204903	0	0
1296.15	0	.2782241	.721776	0	0
1295.15	0	.2769449	.7230551	0	0
1294.15	0	.2756723	.7243277	0	0
1293.15	0	.2744062	.7255938	0	0
1292.15	0	.2731467	.7268533	0	0
1291.15	0	.2718937	.7281063	0	0
1290.15	0	.2706474	.7293526	0	0
1289.15	0	.2694076	.7305924	0	0
1288.15	0	.2681745	.7318255	0	0
1287.15	0	.266948	.733052	0	0
1286.15	0	.2657282	.7342718	0	0
1285.15	0	.2645151	.7354849	0	0
1284.15	0	.2633087	.7366913	0	0
1283.15	0	.2621091	.7378909	0	0
1282.15	0	.2609162	.7390838	0	0
1281.15	0	.25973	.74027	0	0
1280.15	0	.2585507	.7414493	0	0
1279.15	0	.2573781	.7426219	0	0
1278.15	0	.2562124	.7437876	0	0
1277.15	0	.2550536	.7449464	0	0
1276.15	0	.2539016	.7460984	0	0
1275.15	0	.2527565	.7472435	0	0
1274.15	0	.2516184	.7483816	0	0
1273.15	0	.2504872	.7495128	0	0
1272.15	0	.2493629	.7506371	0	0
1271.15	0	.2482457	.7517543	0	0
1270.15	0	.2471355	.7528645	0	0
1269.15	0	.2460323	.7539678	0	0
1268.15	0	.2449361	.7550639	0	0
1267.15	0	.243847	.756153	0	0
1266.15	0	.2427651	.7572349	0	0
1265.15	0	.2416902	.7583098	0	0
1264.15	0	.2406226	.7593774	0	0
1263.15	0	.2395621	.7604379	0	0
1262.15	0	.2385088	.7614912	0	0
1261.15	0	.2374627	.7625373	0	0
1260.15	0	.2364239	.7635761	0	0
1259.15	0	.2353924	.7646077	0	0
1258.15	0	.2343681	.7656319	0	0
1257.15	0	.2333512	.7666488	0	0
1256.15	0	.2323417	.7676583	0	0
1255.15	0	.2313395	.7686605	0	0
1254.15	0	.2303447	.7696553	0	0
1253.15	0	.2293574	.7706426	0	0
1252.15	0	.2283776	.7716224	0	0
1251.15	0	.2274052	.7725948	0	0
1250.15	0	.2264404	.7735596	0	0
1249.15	0	.2254831	.774517	0	0
1248.15	0	.2245333	.7754667	0	0
1247.15	0	.2235912	.7764088	0	0
1246.15	0	.2226567	.7773433	0	0
1245.15	0	.2217298	.7782702	0	0
1244.15	0	.2208107	.7791893	0	0
1243.15	0	.2198993	.7801008	0	0
1242.15	0	.2189956	.7810045	0	0
1241.15	0	.2180996	.7819004	0	0
1240.15	0	.2172115	.7827885	0	0
1239.15	0	.2163312	.7836688	0	0
1238.15	0	.2154588	.7845412	0	0
1237.15	0	.2145943	.7854057	0	0
1236.15	0	.2137377	.7862623	0	0
1235.15	0	.212889	.787111	0	0
1234.15	0	.2120484	.7879516	0	0
1233.15	0	.2112158	.7887842	0	0
1232.15	0	.2103912	.7896088	0	0
1231.15	0	.2095747	.7904253	0	0
1230.15	0	.2087663	.7912337	0	0
1229.15	0	.2079661	.7920339	0	0
1228.15	0	.207174	.792826	0	0
1227.15	0	.2063902	.7936098	0	0
1226.15	0	.2056146	.7943854	0	0
1225.15	0	.2048473	.7951528	0	0
1224.15	0	.2040882	.7959118	0	0
1223.15	0	.2033376	.7966624	0	0
1222.15	0	.2025953	.7974047	0	0
1221.15	0	.2018614	.7981386	0	0
1220.15	0	.201136	.798864	0	0
1219.15	0	.2004191	.7995809	0	0
1218.15	0	.1997107	.8002893	0	0
1217.15	0	.1990108	.8009892	0	0
1216.15	0	.1983196	.8016804	0	0
1215.15	0	.1976369	.8023631	0	0
1214.15	0	.1969629	.8030371	0	0
1213.15	0	.1962976	.8037024	0	0
1212.15	0	.1956411	.8043589	0	0
1211.15	0	.1949933	.8050067	0	0
1210.15	0	.1943543	.8056457	0	0
1209.15	0	.1937242	.8062758	0	0
1208.15	0	.1931029	.8068971	0	0
1207.15	0	.1924906	.8075094	0	0
1206.15	0	.1918872	.8081128	0	0
1205.15	0	.1912928	.8087072	0	0
1204.15	0	.1907074	.8092926	0	0
1203.15	0	.1901311	.8098689	0	0
1202.15	0	.1895639	.8104361	0	0
1201.15	0	.1890059	.8109941	0	0
1200.15	0	.188457	.811543	0	0
1199.15	0	.1879174	.8120826	0	0
1198.15	0	.187387	.812613	0	0
1197.15	0	.186866	.813134	0	0
1196.15	0	.1863542	.8136458	0	0
1195.15	0	.1858519	.8141481	0	0
1194.15	0	.185359	.814641	0	0
1193.15	0	.1848755	.8151245	0	0
1192.15	0	.1844016	.8155984	0	0
1191.962	0	.1843134	.8156866	0	0
1191.962	0	.1843134	.8156866	0	0
1191.962	0	.1843134	.8156866	0	0
1191.15	0	.1831704	.8165324	2.971967E-04	0
1190.15	0	.181773	.8175648	6.622003E-04	0
1189.15	0	.1803878	.8185862	.001025939	0
1188.15	0	.1790148	.8195968	.001388415	0
1187.15	0	.177654	.8205964	.001749632	0
1186.15	0	.1763055	.8215849	.002109592	0
1185.15	0	.1749694	.8225623	.002468297	0
1184.15	0	.1736456	.8235286	.002825751	0
1183.15	0	.1723344	.8244837	.003181956	0
1182.15	0	.1710357	.8254274	.003536915	0
1181.15	0	.1697496	.8263598	.003890631	0
1180.15	0	.1684762	.8272807	.004243105	0
1179.15	0	.1672155	.8281902	.004594341	0
1178.15	0	.1659676	.8290881	.004944341	0
1177.15	0	.1647325	.8299744	.005293107	0
1176.15	0	.1635104	.8308489	.005640643	0
1175.15	0	.1623013	.8317117	.00598695	0
1174.15	0	.1611053	.8325627	.006332032	0
1173.15	0	.1599224	.8334018	.006675891	0
1172.15	0	.1587527	.8342288	.007018528	0
1171.15	0	.1575962	.8350438	.007359948	0
1170.15	0	.1564531	.8358467	.007700151	0
1169.15	0	.1553234	.8366375	.008039141	0
1168.15	0	.1542072	.8374159	.00837692	0
1167.15	0	.1531045	.838182	.008713491	0
1166.15	0	.1520154	.8389357	.009048855	0
1165.15	0	.1509401	.8396769	.009383016	0
1164.15	0	.1498785	.8404055	.009715975	0
1163.15	0	.1488307	.8411215	.01004774	0
1162.15	0	.1477969	.8418248	.0103783	0
1161.15	0	.146777	.8425153	.01070767	0
1160.15	0	.1457712	.843193	.01103585	0
1159.15	0	.1447795	.8438576	.01136283	0
1158.15	0	.1438021	.8445093	.01168863	0
1157.15	0	.1428389	.8451479	.01201325	0
1156.15	0	.1418901	.8457733	.01233668	0
1155.15	0	.1409557	.8463854	.01265893	0
1154.15	0	.1400357	.8469843	.01298001	0
1153.15	0	.1391304	.8475697	.01329991	0
1152.15	0	.1382398	.8481415	.01361864	0
1151.15	0	.137364	.8486999	.01393619	0
1150.15	0	.1365029	.8492445	.01425258	0
1149.15	0	.1356568	.8497754	.01456779	0
1148.15	0	.1348256	.8502925	.01488185	0
1147.15	0	.1340096	.8507957	.01519474	0
1146.15	0	.1332086	.8512849	.01550647	0
1145.15	0	.1324229	.85176	.01581704	0
1144.15	0	.1316525	.852221	.01612646	0
1143.15	0	.1308975	.8526678	.01643473	0
1142.15	0	.1301579	.8531002	.01674184	0
1141.15	0	.1294339	.8535183	.0170478	0
1140.15	0	.1287256	.8539218	.01735262	0
1139.15	0	.1280329	.8543108	.0176563	0
1138.15	0	.127356	.8546851	.01795883	0
1137.15	0	.1266951	.8550447	.01826022	0
1136.15	0	.12605	.8553895	.01856047	0
1135.15	0	.1254211	.8557193	.01885959	0
1134.15	0	.1248082	.8560342	.01915758	0
1133.15	0	.1242116	.856334	.01945443	0
1132.15	0	.1236312	.8566186	.01975016	0
1131.15	0	.1230673	.856888	.02004476	0
1130.15	0	.1225198	.857142	.02033823	0
1129.15	0	.1219888	.8573806	.02063058	0
1128.15	0	.1214745	.8576037	.02092182	0
1127.15	0	.1209769	.8578112	.02121193	0
1126.15	0	.1204961	.858003	.02150093	0
1125.15	0	.1200321	.8581791	.02178882	0
1124.15	0	.1195852	.8583392	.02207559	0
1123.15	0	.1191552	.8584835	.02236126	0
1122.15	0	.1187425	.8586117	.02264582	0
1121.15	0	.1183469	.8587239	.02292928	0
1120.15	0	.1179686	.8588198	.02321163	0
1119.15	0	.1176077	.8588994	.02349289	0
1118.15	0	.1172643	.8589627	.02377305	0
1117.15	0	.1169384	.8590095	.02405211	0
1116.15	0	.1166302	.8590398	.02433008	0
1115.15	0	.1163396	.8590534	.02460696	0
1114.15	0	.1160669	.8590504	.02488275	0
1113.15	0	.115812	.8590305	.02515745	0
1112.15	0	.1155751	.8589938	.02543108	0
1111.15	0	.1153563	.8589401	.02570362	0
1110.15	0	.1151555	.8588694	.02597508	0
1109.15	0	.114973	.8587815	.02624546	0
1108.15	0	.1148088	.8586765	.02651477	0
1107.15	0	.1146629	.8585541	.02678301	0
1106.15	0	.1145354	.8584144	.02705018	0
1105.15	0	.1144265	.8582572	.02731629	0
1104.15	0	.1143361	.8580825	.02758133	0
1103.15	0	.1142645	.8578902	.0278453	0
1102.15	0	.1142116	.8576802	.02810822	0
1101.15	0	.1141775	.8574524	.02837008	0
1100.15	0	.1141623	.8572068	.02863088	0
1099.15	0	.1141661	.8569433	.02889064	0
1098.15	0	.1141889	.8566617	.02914934	0
1097.15	0	.1142309	.8563621	.029407	0
1096.15	0	.114292	.8560444	.02966361	0
1095.15	0	.1143724	.8557084	.02991918	0
1094.15	0	.1144722	.8553541	.03017371	0
1093.15	0	.1145913	.8549815	.0304272	0
1092.15	0	.11473	.8545904	.03067965	0
1091.15	0	.1148881	.8541808	.03093108	0
1090.15	0	.1150659	.8537526	.03118148	0
1089.15	0	.1152633	.8533058	.03143084	0
1088.15	0	.1154805	.8528403	.03167919	0
1087.15	0	.1157174	.852356	.03192651	0
1086.15	0	.1159743	.8518529	.03217282	0
1085.15	0	.116251	.8513309	.03241811	0
1084.15	0	.1165477	.8507899	.03266238	0
1083.15	0	.1168644	.8502299	.03290565	0
1082.15	0	.1172013	.8496508	.0331479	0
1081.15	0	.1175582	.8490526	.03338916	0
1080.15	0	.1179354	.8484352	.0336294	0
1079.15	0	.1183328	.8477985	.03386865	0
1078.15	0	.1187505	.8471426	.0341069	0
1077.15	0	.1191886	.8464673	.03434416	0
1076.15	0	.119647	.8457726	.03458043	0
1075.15	0	.1201259	.8450584	.03481571	0
1074.15	0	.1206252	.8443248	.03505	0
1073.15	0	.1211451	.8435716	.03528331	0
1072.15	0	.1216856	.8427988	.03551563	0
1071.15	0	.1222466	.8420064	.03574699	0
1070.15	0	.1228283	.8411944	.03597736	0
1069.15	0	.1234306	.8403626	.03620677	0
1068.15	0	.1240537	.8395111	.03643521	0
1067.15	0	.1246974	.8386399	.03666268	0
1066.15	0	.125362	.8377489	.03688919	0
1065.15	0	.1260473	.836838	.03711474	0
1064.15	0	.1267534	.8359073	.03733933	0
1063.15	0	.1274803	.8349567	.03756297	0
1062.15	0	.1282282	.8339862	.03778566	0
1061.15	0	.1289968	.8329958	.03800739	0
1060.15	0	.1297864	.8319854	.03822819	0
1059.15	0	.1305968	.8309551	.03844804	0
1058.15	0	.1314282	.8299049	.03866696	0
1057.15	0	.1322804	.8288346	.03888493	0
1056.15	0	.1331536	.8277444	.03910198	0
1055.15	0	.1340477	.8266342	.03931809	0
1054.15	0	.1349628	.8255039	.03953328	0
1053.15	0	.1358987	.8243537	.03974754	0
1052.15	0	.1368556	.8231835	.03996089	0
1051.15	0	.1378334	.8219933	.04017331	0
1050.15	0	.1388321	.8207831	.04038482	0
1049.15	0	.1398517	.8195529	.04059541	0
1048.15	0	.1408921	.8183028	.0408051	0
1047.15	0	.1419534	.8170327	.04101388	0
1046.15	0	.1430356	.8157427	.04122176	0
1045.15	0	.1441385	.8144327	.04142874	0
1044.15	0	.1452623	.8131029	.04163482	0
1043.15	0	.1464068	.8117532	.04184	0
1042.15	0	.1475721	.8103837	.04204429	0
1041.15	0	.148758	.8089943	.0422477	0
1040.15	0	.1499646	.8075852	.04245022	0
1039.15	0	.1511918	.8061563	.04265185	0
1038.15	0	.1524396	.8047078	.04285261	0
1037.15	0	.153708	.8032396	.04305248	0
1036.15	0	.1549968	.8017517	.04325149	0
1035.15	0	.1563061	.8002443	.04344962	0
1034.15	0	.1576357	.7987174	.04364688	0
1033.15	0	.1589857	.7971711	.04384327	0
1032.15	0	.1603559	.7956053	.0440388	0
1031.15	0	.1617463	.7940202	.04423347	0
1030.15	0	.1631569	.7924159	.04442728	0
1029.15	0	.1645875	.7907923	.04462023	0
1028.15	0	.1660381	.7891495	.04481233	0
1027.15	0	.1675087	.7874878	.04500358	0
1026.15	0	.1689991	.785807	.04519398	0
1025.15	0	.1705092	.7841073	.04538353	0
1024.15	0	.1720391	.7823887	.04557224	0
1023.15	0	.1735885	.7806514	.0457601	0
1022.15	0	.1751574	.7788955	.04594712	0
1021.15	0	.1767458	.7771209	.04613331	0
1020.15	0	.1783534	.7753279	.04631866	0
1019.15	0	.1799803	.7735165	.04650318	0
1018.15	0	.1816263	.7716869	.04668686	0
1017.15	0	.1832913	.769839	.04686972	0
1016.15	0	.1849752	.7679731	.04705174	0
1015.15	0	.1866779	.7660892	.04723294	0
1014.15	0	.1883993	.7641874	.04741331	0
1013.15	0	.1901392	.7622679	.04759286	0
1012.15	0	.1918976	.7603308	.04777158	0
1011.15	0	.1936743	.7583762	.04794949	0
1010.15	0	.1954693	.7564042	.04812658	0
1009.15	0	.1972823	.7544149	.04830284	0
1008.15	0	.1991132	.7524085	.04847829	0
1007.15	0	.200962	.7503851	.04865292	0
1006.15	0	.2028284	.7483449	.04882674	0
1005.15	0	.2047124	.7462879	.04899974	0
1004.15	0	.2066137	.7442144	.04917192	0
1003.15	0	.2085324	.7421244	.04934329	0
1002.15	0	.2104681	.7400181	.04951385	0
1001.15	0	.2124208	.7378956	.04968359	0
1000.15	0	.2143903	.7357572	.04985252	0
999.15	0	.2163764	.7336029	.05002064	0
998.15	0	.2183791	.731433	.05018794	0
997.15	0	.2203981	.7292475	.05035442	0
996.15	0	.2224332	.7270467	.05052009	0
995.15	0	.2244844	.7248306	.05068495	0
994.15	0	.2265514	.7225996	.05084899	0
993.15	0	.2286341	.7203536	.05101221	0
992.15	0	.2307324	.718093	.05117461	0
991.15	0	.2328459	.7158179	.05133619	0
990.15	0	.2349746	.7135284	.05149695	0
989.15	0	.2371183	.7112248	.05165689	0
988.15	0	.2392768	.7089072	.051816	0
987.15	0	.24145	.7065758	.05197428	0
986.15	0	.2436375	.7042307	.05213174	0
985.15	0	.2458394	.7018723	.05228836	0
984.15	0	.2480552	.6995006	.05244414	0
983.15	0	.250285	.6971159	.05259909	0
982.15	0	.2525284	.6947184	.05275319	0
981.15	0	.2547854	.6923082	.05290645	0
980.15	0	.2570556	.6898856	.05305886	0
979.15	0	.2593389	.6874507	.05321041	0
978.15	0	.2616351	.6850037	.05336111	0
977.15	0	.2639441	.682545	.05351095	0
976.15	0	.2662655	.6800746	.05365992	0
975.15	0	.2685992	.6775928	.05380802	0
974.15	0	.270945	.6750998	.05395524	0
973.15	0	.2733027	.6725958	.05410157	0
972.15	0	.275672	.670081	.05424702	0
971.15	0	.2780528	.6675556	.05439157	0
970.15	0	.2804449	.6650199	.05453522	0
969.15	0	.282848	.6624741	.05467796	0
968.15	0	.2852619	.6599184	.05481978	0
967.15	0	.2876864	.657353	.05496067	0
966.15	0	.2901213	.6547781	.05510064	0
965.15	0	.2925663	.652194	.05523966	0
964.15	0	.2950213	.6496009	.05537773	0
963.15	0	.2974861	.6469991	.05551484	0
962.15	0	.2999603	.6443888	.05565098	0
961.15	0	.3024438	.6417701	.05578614	0
960.15	0	.3049363	.6391434	.0559203	0
959.15	0	.3074377	.6365088	.05605346	0
958.15	0	.3098803	.6339294	.05619028	0
957.15	0	.3122866	.6313838	.05632961	0
956.15	0	.3147251	.6288081	.05646677	0
955.15	0	.3171939	.6262043	.0566018	0
954.15	0	.3196914	.6235739	.05673474	0
953.15	0	.3222158	.6209186	.05686562	0
952.15	0	.3247656	.6182399	.05699447	0
951.15	0	.3273392	.6155395	.05712132	0
950.15	0	.3299352	.6128186	.05724619	0
949.15	0	.3325521	.6100788	.05736911	0
948.15	0	.3351885	.6073214	.0574901	0
947.15	0	.3378431	.6045478	.05760919	0
946.15	0	.3405145	.6017591	.05772639	0
945.15	0	.3432016	.5989567	.05784172	0
944.15	0	.3459031	.5961417	.05795519	0
943.15	0	.3486178	.5933153	.05806683	0
942.15	0	.3513447	.5904786	.05817665	0
941.15	0	.3540827	.5876327	.05828466	0
940.15	0	.3568306	.5847786	.05839087	0
939.15	0	.3595875	.5819172	.05849529	0
938.15	0	.3623524	.5790497	.05859794	0
937.15	0	.3651243	.5761769	.05869883	0
936.15	0	.3679024	.5732997	.05879796	0
935.15	0	.3706857	.5704189	.05889535	0
934.15	0	.3734735	.5675356	.05899099	0
933.15	0	.3762648	.5646503	.05908491	0
932.15	0	.3790588	.5617641	.0591771	0
931.15	0	.3818549	.5588775	.05926757	0
930.15	0	.3846523	.5559914	.05935632	0
929.15	0	.3874502	.5531065	.05944338	0
928.15	0	.3902479	.5502234	.05952872	0
927.15	0	.3930448	.5473428	.05961237	0
926.15	0	.3958403	.5444654	.05969433	0
925.15	0	.3986337	.5415917	.05977459	0
924.15	0	.4014243	.5387225	.05985317	0
923.15	0	.4042117	.5358582	.05993007	0
922.15	0	.4069953	.5329995	.06000528	0
921.15	0	.4097744	.5301468	.06007882	0
920.15	0	.4125486	.5273007	.06015069	0
919.15	0	.4153173	.5244618	.06022088	0
918.15	0	.4180802	.5216304	.0602894	0
917.15	0	.4208366	.5188072	.06035626	0
916.15	0	.4235861	.5159924	.06042145	0
915.15	0	.4263283	.5131867	.06048499	0
914.15	0	.4290628	.5103904	.06054686	0
913.15	0	.431789	.5076039	.06060707	0
912.15	0	.4345067	.5048277	.06066564	0
911.15	0	.4372154	.502062	.06072254	0
910.15	0	.4399148	.4993074	.06077781	0
909.15	0	.4426044	.4965642	.06083142	0
908.15	0	.4452839	.4938327	.06088339	0
907.15	0	.447953	.4911132	.06093372	0
906.15	0	.4506114	.4884062	.06098241	0
905.15	0	.4532586	.4857119	.06102946	0
904.15	0	.4558945	.4830306	.06107488	0
903.15	0	.4585186	.4803627	.06111868	0
902.15	0	.4611308	.4777084	.06116085	0
901.15	0	.4637306	.475068	.0612014	0
900.15	0	.4663179	.4724418	.06124033	0
899.15	0	.4688924	.46983	.06127766	0
898.15	0	.4714537	.4672329	.06131337	0
897.15	0	.4740017	.4646508	.06134748	0
896.15	0	.4765362	.4620838	.06138	0
895.15	0	.4790567	.4595323	.06141092	0
894.15	0	.4815633	.4569965	.06144025	0
893.15	0	.4840555	.4544765	.06146801	0
892.15	0	.4865333	.4519725	.0614942	0
891.15	0	.4889963	.4494849	.06151881	0
890.15	0	.4914445	.4470137	.06154187	0
889.15	0	.4938775	.4445591	.06156338	0
888.15	0	.4962952	.4421214	.06158335	0
887.15	0	.4986975	.4397007	.06160178	0
886.15	0	.5010841	.4372972	.06161868	0
885.15	0	.5034549	.434911	.06163407	0
884.15	0	.5058097	.4325424	.06164794	0
883.15	0	.5081484	.4301913	.06166032	0
882.15	0	.5104707	.4278581	.06167122	0
881.15	0	.5127766	.4255427	.06168063	0
880.15	0	.515066	.4232454	.06168858	0
879.15	0	.5173386	.4209663	.06169507	0
878.15	0	.5195944	.4187055	.06170013	0
877.15	0	.5218332	.4164631	.06170375	0
876.15	0	.5240549	.4142392	.06170595	0
875.15	0	.5262594	.4120338	.06170675	0
874.15	0	.5284467	.4098472	.06170615	0
873.15	0	.5306165	.4076793	.06170418	0
872.15	0	.5327688	.4055304	.06170084	0
871.15	0	.5349036	.4034003	.06169615	0
870.15	0	.5370206	.4012892	.06169012	0
869.15	0	.53912	.3991972	.06168278	0
868.15	0	.5412016	.3971243	.06167413	0
867.15	0	.5432653	.3950706	.06166419	0
866.15	0	.545311	.393036	.06165297	0
865.15	0	.5473388	.3910207	.0616405	0
864.15	0	.5493486	.3890246	.06162678	0
863.15	0	.5513403	.3870479	.06161184	0
862.15	0	.553314	.3850904	.06159568	0
861.15	0	.5552695	.3831522	.06157834	0
860.15	0	.5572069	.3812333	.06155982	0
859.15	0	.5591261	.3793337	.06154014	0
858.15	0	.5610272	.3774535	.06151932	0
857.15	0	.5629102	.3755924	.06149738	0
856.15	0	.564775	.3737507	.06147433	0
855.15	0	.5666217	.3719282	.06145019	0
854.15	0	.5684502	.3701248	.06142497	0
853.15	0	.5702607	.3683406	.06139871	0
852.15	0	.5720531	.3665755	.0613714	0
851.15	0	.5738275	.3648294	.06134308	0
850.15	0	.575584	.3631023	.06131376	0
849.15	0	.5773224	.3613941	.06128345	0
848.15	0	.5790431	.3597048	.06125217	0
847.15	0	.5807459	.3580342	.06121994	0
846.15	0	.5824309	.3563823	.06118678	0
845.15	0	.5840983	.354749	.06115271	0
844.15	0	.5857481	.3531342	.06111773	0
843.15	0	.5873803	.3515378	.06108187	0
842.15	0	.5889951	.3499597	.06104515	0
841.15	0	.5905926	.3483998	.06100757	0
840.15	0	.5921729	.346858	.06096916	0
839.15	0	.5937359	.3453341	.06092994	0
838.15	0	.595282	.3438281	.06088991	0
837.15	0	.5968111	.3423398	.06084909	0
836.15	0	.5983234	.3408691	.06080751	0
835.15	0	.599819	.3394158	.06076516	0
834.15	0	.6012981	.3379799	.06072207	0
833.15	0	.6027607	.3365611	.06067826	0
832.15	0	.6042069	.3351593	.06063373	0
831.15	0	.605637	.3337745	.0605885	0
830.15	0	.6070511	.3324064	.06054259	0
829.15	0	.6084492	.3310548	.060496	0
828.15	0	.6098315	.3297197	.06044875	0
827.15	0	.6111983	.3284009	.06040085	0
826.15	0	.6125495	.3270982	.06035232	0
825.15	0	.6138854	.3258114	.06030316	0
824.15	0	.6152061	.3245405	.0602534	0
823.15	0	.6165118	.3232851	.06020303	0
822.15	0	.6178027	.3220453	.06015207	0
821.15	0	.6190788	.3208207	.06010054	0
820.15	0	.6203403	.3196113	.06004844	0
819.15	0	.6215874	.3184168	.05999578	0
818.15	0	.6228203	.3172371	.05994257	0
817.15	0	.6240391	.3160721	.05988883	0
816.15	0	.625244	.3149215	.05983456	0
815.15	0	.6264351	.3137852	.05977977	0
814.15	0	.6276125	.312663	.05972448	0
813.15	0	.6287766	.3115547	.05966868	0
812.15	0	.6299273	.3104603	.05961239	0
811.15	0	.631065	.3093794	.05955561	0
810.15	0	.6321896	.308312	.05949836	0
809.15	0	.6333015	.3072579	.05944064	0
808.15	0	.6344007	.3062168	.05938246	0
807.7567	0	.6348296	.305811	.05935946	0
807.7567	0	.6348296	.305811	.05935946	0
807.7567	0	.6348296	.305811	.05935946	0
807.15	0	.6387478	.3008916	.05810836	.002252231
806.15	0	.6450651	.2929409	.05607631	.005917638
805.15	0	.6512123	.2851808	.05408077	.009526191
804.15	0	.6571945	.2776054	.05212081	.01307926
803.15	0	.663017	.2702093	.05019556	.01657818
802.15	0	.6686845	.2629871	.04830415	.02002422
801.15	0	.6742018	.2559339	.04644578	.0234186
800.15	0	.6795733	.2490446	.04461963	.02676251
799.15	0	.6848034	.2423146	.04282496	.03005709
798.15	0	.6898962	.2357393	.04106102	.03330344
797.15	0	.6948559	.2293144	.0393271	.03650262
796.15	0	.6996861	.2230357	.0376225	.03965565
795.15	0	.7043907	.2168992	.03594656	.04276354
794.15	0	.7089733	.2109008	.03429864	.04582724
793.15	0	.7134373	.2050369	.0326781	.04884767
792.15	0	.7177861	.1993039	.03108434	.05182573
791.15	0	.7220228	.1936982	.02951677	.0547623
790.15	0	.7261506	.1882164	.02797483	.05765822
789.15	0	.7301725	.1828552	.02645796	.0605143
788.15	0	.7340914	.1776116	.02496562	.06333134
787.15	0	.7379102	.1724825	.02349729	.0661101
786.15	0	.7416314	.1674648	.02205247	.06885134
785.15	0	.7452579	.1625557	.02063066	.07155577
784.15	0	.748792	.1577525	.01923138	.0742241
783.15	0	.7522364	.1530524	.01785416	.07685702
782.15	0	.7555933	.148453	.01649856	.0794552
781.15	0	.7588651	.1439515	.01516413	.08201928
780.15	0	.762054	.1395457	.01385044	.08454989
779.15	0	.7651622	.1352331	.01255707	.08704765
778.15	0	.7681918	.1310114	.01128361	.08951316
777.15	0	.7711449	.1268785	.01002966	.09194701
776.15	0	.7740234	.122832	.008794832	.09434976
775.15	0	.7768293	.11887	.007578741	.09672197
774.15	0	.7795645	.1149903	.006381018	.09906418
773.15	0	.7822307	.111191	.005201299	.1013769
772.15	0	.7848298	.1074702	.00403923	.1036607
771.15	0	.7873635	.103826	.002894462	.1059161
770.15	0	.7898334	.1002565	.001766655	.1081435
769.15	0	.7922411	.09675992	6.554786E-04	.1103435
768.5531	0	.7936494	.09470686	0	.1116438
768.5531	0	.7936494	.09470686	0	.1116438
768.15	0	.7937554	.09447365	0	.1117709
767.15	0	.7940129	.09390481	0	.1120823
766.15	0	.7942626	.0933496	0	.1123878
765.15	0	.7945048	.09280774	0	.1126875
764.15	0	.7947395	.09227892	0	.1129816
763.15	0	.7949671	.09176287	0	.11327
762.15	0	.7951876	.09125932	0	.1135531
761.15	0	.7954012	.09076799	0	.1138308
760.15	0	.7956081	.09028863	0	.1141033
759.15	0	.7958084	.08982098	0	.1143706
758.15	0	.7960024	.08936478	0	.1146329
757.15	0	.79619	.08891979	0	.1148902
756.15	0	.7963716	.08848578	0	.1151426
755.15	0	.7965472	.0880625	0	.1153903
754.15	0	.796717	.08764973	0	.1156333
753.15	0	.7968811	.08724724	0	.1158716
752.15	0	.7970396	.08685482	0	.1161055
751.15	0	.7971928	.08647225	0	.116335
750.15	0	.7973406	.08609931	0	.1165601
749.15	0	.7974832	.08573581	0	.116781
748.15	0	.7976208	.08538155	0	.1169977
747.15	0	.7977534	.08503632	0	.1172103
746.15	0	.7978812	.08469994	0	.1174188
745.15	0	.7980043	.08437222	0	.1176235
744.15	0	.7981228	.08405297	0	.1178243
743.15	0	.7982367	.08374202	0	.1180213
742.15	0	.7983463	.08343918	0	.1182145
741.15	0	.7984515	.08314429	0	.1184042
740.15	0	.7985526	.08285719	0	.1185902
739.15	0	.7986495	.08257769	0	.1187728
738.15	0	.7987425	.08230566	0	.1189519
737.15	0	.7988314	.08204091	0	.1191277
736.15	0	.7989166	.08178332	0	.1193001
735.15	0	.798998	.08153271	0	.1194693
734.15	0	.7990757	.08128895	0	.1196353
733.15	0	.7991499	.08105189	0	.1197982
732.15	0	.7992205	.08082139	0	.1199581
731.15	0	.7992877	.08059731	0	.120115
730.15	0	.7993516	.08037952	0	.1202689
729.15	0	.7994121	.08016789	0	.12042
728.15	0	.7994695	.07996228	0	.1205682
727.15	0	.7995237	.07976257	0	.1207137
726.15	0	.7995749	.07956864	0	.1208565
725.15	0	.7996231	.07938037	0	.1209966
724.15	0	.7996683	.07919763	0	.1211341
723.15	0	.7997107	.07902031	0	.121269
722.15	0	.7997502	.07884831	0	.1214015
721.15	0	.799787	.0786815	0	.1215315
720.15	0	.7998211	.07851977	0	.1216591
719.15	0	.7998526	.07836303	0	.1217843
718.15	0	.7998816	.07821117	0	.1219073
717.15	0	.799908	.07806409	0	.1220279
716.15	0	.7999319	.07792169	0	.1221464
715.15	0	.7999535	.07778386	0	.1222627
714.15	0	.7999727	.07765052	0	.1223768
713.15	0	.7999896	.07752158	0	.1224889
712.15	0	.8000042	.07739693	0	.1225989
711.15	0	.8000166	.0772765	0	.1227069
710.15	0	.8000269	.07716018	0	.122813
709.15	0	.800035	.07704791	0	.1229171
708.15	0	.8000411	.07693959	0	.1230193
707.15	0	.8000452	.07683515	0	.1231197
706.15	0	.8000472	.07673449	0	.1232183
705.15	0	.8000474	.07663756	0	.1233151
704.15	0	.8000456	.07654425	0	.1234101
703.15	0	.800042	.07645451	0	.1235035
702.15	0	.8000365	.07636826	0	.1235952
701.15	0	.8000293	.07628543	0	.1236853
700.15	0	.8000204	.07620594	0	.1237737
699.15	0	.8000097	.07612972	0	.1238606
698.15	0	.7999974	.07605671	0	.1239459
697.15	0	.7999834	.07598685	0	.1240298
696.15	0	.7999678	.07592007	0	.1241121
695.15	0	.7999507	.07585629	0	.1241931
694.15	0	.799932	.07579547	0	.1242725
693.15	0	.7999118	.07573754	0	.1243507
692.15	0	.7998902	.07568244	0	.1244274
691.15	0	.7998671	.07563011	0	.1245028
690.15	0	.7998426	.0755805	0	.1245769
689.15	0	.7998167	.07553355	0	.1246498
688.15	0	.7997895	.0754892	0	.1247213
687.15	0	.7997609	.0754474	0	.1247917
686.15	0	.7997311	.0754081	0	.1248608
685.15	0	.7997	.07537125	0	.1249288
684.15	0	.7996676	.07533679	0	.1249956
683.15	0	.799634	.07530468	0	.1250613
682.15	0	.7995993	.07527486	0	.1251259
681.15	0	.7995634	.0752473	0	.1251894
680.15	0	.7995263	.07522194	0	.1252518
679.15	0	.7994881	.07519873	0	.1253132
678.15	0	.7994488	.07517764	0	.1253735
677.15	0	.7994085	.07515862	0	.1254329
676.15	0	.7993671	.07514163	0	.1254913
675.15	0	.7993246	.07512662	0	.1255488
674.15	0	.7992812	.07511356	0	.1256053
673.15	0	.7992368	.0751024	0	.1256608
672.15	0	.7991914	.0750931	0	.1257155
671.15	0	.7991451	.07508562	0	.1257693
670.15	0	.7990978	.07507994	0	.1258222
669.15	0	.7990497	.075076	0	.1258743
668.15	0	.7990006	.07507378	0	.1259256
667.15	0	.7989507	.07507323	0	.1259761
666.15	0	.7989	.07507432	0	.1260257
665.15	0	.7988484	.07507703	0	.1260746
664.15	0	.798796	.0750813	0	.1261227
663.15	0	.7987428	.07508712	0	.1261701
662.15	0	.7986888	.07509445	0	.1262168
661.15	0	.798634	.07510325	0	.1262627
660.15	0	.7985786	.0751135	0	.1263079
659.15	0	.7985224	.07512517	0	.1263525
658.15	0	.7984654	.07513821	0	.1263964
657.15	0	.7984078	.07515262	0	.1264396
656.15	0	.7983495	.07516835	0	.1264822
655.15	0	.7982905	.07518538	0	.1265241
654.15	0	.7982309	.07520368	0	.1265655
653.15	0	.7981706	.07522322	0	.1266062
652.15	0	.7981097	.07524399	0	.1266463
651.15	0	.7980482	.07526594	0	.1266859
650.15	0	.7979861	.07528906	0	.1267249
649.15	0	.7979234	.07531331	0	.1267633
648.15	0	.7978601	.07533869	0	.1268012
647.15	0	.7977963	.07536515	0	.1268386
646.15	0	.7977319	.07539268	0	.1268755
645.15	0	.7976669	.07542125	0	.1269118
644.15	0	.7976015	.07545085	0	.1269477
643.15	0	.7975356	.07548144	0	.126983
642.15	0	.7974691	.07551301	0	.1270179
641.15	0	.7974022	.07554553	0	.1270523
640.15	0	.7973347	.07557899	0	.1270863
639.15	0	.7972669	.07561336	0	.1271198
638.15	0	.7971985	.07564862	0	.1271529
637.15	0	.7971297	.07568475	0	.1271855
636.15	0	.7970605	.07572173	0	.1272178
635.15	0	.7969909	.07575955	0	.1272496
634.15	0	.7969208	.07579817	0	.127281
633.15	0	.7968503	.0758376	0	.1273121
632.15	0	.7967795	.0758778	0	.1273427
631.15	0	.7967082	.07591876	0	.127373
630.15	0	.7966366	.07596045	0	.1274029
629.15	0	.7965646	.07600287	0	.1274325
628.15	0	.7964923	.076046	0	.1274617
627.15	0	.7964196	.07608981	0	.1274906
626.15	0	.7963466	.0761343	0	.1275191
625.15	0	.7962732	.07617945	0	.1275473
624.15	0	.7961995	.07622523	0	.1275752
623.15	0	.7961256	.07627164	0	.1276028
622.15	0	.7960513	.07631865	0	.1276301
621.15	0	.7959767	.07636627	0	.1276571
620.15	0	.7959018	.07641445	0	.1276838
619.15	0	.7958266	.07646321	0	.1277102
618.15	0	.7957512	.07651251	0	.1277363
617.15	0	.7956755	.07656235	0	.1277622
616.15	0	.7955995	.07661271	0	.1277878
615.15	0	.7955233	.07666358	0	.1278131
614.15	0	.7954469	.07671494	0	.1278382
613.15	0	.7953702	.07676679	0	.127863
612.15	0	.7952933	.0768191	0	.1278876
611.15	0	.7952161	.07687187	0	.127912
610.15	0	.7951388	.07692508	0	.1279361
609.15	0	.7950612	.07697872	0	.12796
608.15	0	.7949835	.07703278	0	.1279837
607.15	0	.7949055	.07708725	0	.1280072
606.15	0	.7948274	.07714211	0	.1280305
605.15	0	.7947491	.07719736	0	.1280536
604.15	0	.7946706	.07725297	0	.1280765
603.15	0	.7945919	.07730895	0	.1280992
602.15	0	.7945131	.07736527	0	.1281217
601.15	0	.7944341	.07742193	0	.128144
600.15	0	.7943549	.07747893	0	.1281662
599.15	0	.7942756	.07753623	0	.1281881
598.15	0	.7941962	.07759385	0	.1282099
597.15	0	.7941166	.07765176	0	.1282316
596.15	0	.794037	.07770995	0	.1282531
595.15	0	.7939572	.07776843	0	.1282744
594.15	0	.7938772	.07782716	0	.1282956
593.15	0	.7937972	.07788616	0	.1283167
592.15	0	.793717	.0779454	0	.1283375
591.15	0	.7936368	.07800488	0	.1283583
590.15	0	.7935565	.07806459	0	.1283789
589.15	0	.793476	.07812452	0	.1283995
588.15	0	.7933955	.07818466	0	.1284198
587.15	0	.7933149	.07824501	0	.1284401
586.15	0	.7932342	.07830554	0	.1284602
585.15	0	.7931535	.07836626	0	.1284803
584.15	0	.7930727	.07842716	0	.1285002
583.15	0	.7929918	.07848822	0	.12852
582.15	0	.7929109	.07854944	0	.1285397
581.15	0	.7928299	.07861082	0	.1285593
580.15	0	.7927488	.07867234	0	.1285788
579.15	0	.7926678	.07873399	0	.1285982
578.15	0	.7925866	.07879577	0	.1286176
577.15	0	.7925055	.07885768	0	.1286368
576.15	0	.7924243	.07891969	0	.128656
575.15	0	.7923431	.07898181	0	.1286751
574.15	0	.7922619	.07904403	0	.1286941
573.15	0	.7921806	.07910634	0	.128713
572.15	0	.7920994	.07916874	0	.1287319
571.15	0	.7920181	.07923121	0	.1287507
570.15	0	.7919368	.07929375	0	.1287694
569.15	0	.7918556	.07935635	0	.1287881
568.15	0	.7917743	.07941901	0	.1288067
567.15	0	.791693	.07948171	0	.1288253
566.15	0	.7916118	.07954446	0	.1288438
565.15	0	.7915305	.07960725	0	.1288622
564.15	0	.7914493	.07967006	0	.1288806
563.15	0	.7913681	.0797329	0	.128899
562.15	0	.7912869	.07979576	0	.1289173
561.15	0	.7912058	.07985863	0	.1289356
560.15	0	.7911247	.0799215	0	.1289538
559.15	0	.7910436	.07998437	0	.128972
558.15	0	.7909626	.08004723	0	.1289902
557.15	0	.7908816	.08011008	0	.1290083
556.15	0	.7908006	.08017291	0	.1290265
555.15	0	.7907197	.08023572	0	.1290446
554.15	0	.7906389	.08029849	0	.1290626
553.15	0	.7905581	.08036123	0	.1290807
552.15	0	.7904774	.08042393	0	.1290987
551.15	0	.7903967	.08048658	0	.1291167
550.15	0	.7903161	.08054918	0	.1291347
549.15	0	.7902356	.08061172	0	.1291527
548.15	0	.7901551	.08067419	0	.1291707
547.15	0	.7900748	.0807366	0	.1291886
546.15	0	.7899945	.08079893	0	.1292066
545.15	0	.7899143	.08086119	0	.1292246
544.15	0	.7898341	.08092336	0	.1292425
543.15	0	.7897541	.08098544	0	.1292605
542.15	0	.7896741	.08104743	0	.1292784
541.15	0	.7895943	.08110932	0	.1292964
540.15	0	.7895145	.0811711	0	.1293144
539.15	0	.7894349	.08123278	0	.1293323
538.15	0	.7893553	.08129434	0	.1293503
537.15	0	.7892759	.08135579	0	.1293683
536.15	0	.7891966	.08141711	0	.1293863
535.15	0	.7891173	.08147831	0	.1294044
534.15	0	.7890382	.08153937	0	.1294224
533.15	0	.7889592	.0816003	0	.1294405
532.15	0	.7888804	.08166109	0	.1294585
531.15	0	.7888016	.08172173	0	.1294766
530.15	0	.788723	.08178222	0	.1294948
529.15	0	.7886445	.08184256	0	.1295129
528.15	0	.7885662	.08190274	0	.1295311
527.15	0	.7884879	.08196276	0	.1295493
526.15	0	.7884099	.08202261	0	.1295675
525.15	0	.7883319	.08208229	0	.1295858
524.15	0	.7882541	.0821418	0	.1296041
523.15	0	.7881764	.08220113	0	.1296224
522.15	0	.7880989	.08226028	0	.1296408
521.15	0	.7880216	.08231923	0	.1296592
520.15	0	.7879443	.082378	0	.1296777
519.15	0	.7878673	.08243657	0	.1296961
518.15	0	.7877904	.08249495	0	.1297147
517.15	0	.7877137	.08255312	0	.1297332
516.15	0	.7876371	.08261109	0	.1297518
515.15	0	.7875607	.08266885	0	.1297705
514.15	0	.7874844	.08272639	0	.1297892
513.15	0	.7874083	.08278372	0	.129808
512.15	0	.7873324	.08284082	0	.1298268
511.15	0	.7872567	.0828977	0	.1298456
510.15	0	.7871811	.08295436	0	.1298645
509.15	0	.7871058	.08301078	0	.1298835
508.15	0	.7870306	.08306696	0	.1299025
507.15	0	.7869556	.08312291	0	.1299215
506.15	0	.7868807	.08317862	0	.1299407
505.15	0	.7868061	.08323408	0	.1299598
504.15	0	.7867316	.08328929	0	.1299791
503.15	0	.7866574	.08334426	0	.1299984
502.15	0	.7865833	.08339896	0	.1300177
501.15	0	.7865095	.08345341	0	.1300371
500.15	0	.7864358	.08350759	0	.1300566
499.15	0	.7863623	.08356151	0	.1300762
498.15	0	.7862891	.08361517	0	.1300958
497.15	0	.786216	.08366855	0	.1301155
496.15	0	.7861432	.08372165	0	.1301352
495.15	0	.7860705	.08377448	0	.130155
494.15	0	.7859981	.08382703	0	.1301749
493.15	0	.7859259	.0838793	0	.1301948
492.15	0	.7858539	.08393127	0	.1302149
491.15	0	.7857821	.08398296	0	.130235
490.15	0	.7857105	.08403436	0	.1302551
489.15	0	.7856392	.08408546	0	.1302754
488.15	0	.7855681	.08413626	0	.1302957
487.15	0	.7854972	.08418676	0	.130316
486.15	0	.7854265	.08423696	0	.1303365
485.15	0	.7853561	.08428686	0	.130357
484.15	0	.7852859	.08433644	0	.1303777
483.15	0	.7852159	.08438571	0	.1303983
482.15	0	.7851462	.08443466	0	.1304191
481.15	0	.7850767	.0844833	0	.13044
480.15	0	.7850075	.08453162	0	.1304609
479.15	0	.7849385	.08457961	0	.1304819
478.15	0	.7848697	.08462728	0	.130503
477.15	0	.7848012	.08467462	0	.1305242
476.15	0	.7847329	.08472164	0	.1305455
475.15	0	.7846649	.08476831	0	.1305668
474.15	0	.7845971	.08481466	0	.1305882
473.15	0	.7845296	.08486066	0	.1306097
472.15	0	.7844623	.08490633	0	.1306314
471.15	0	.7843953	.08495165	0	.130653
470.15	0	.7843286	.08499662	0	.1306748
469.15	0	.7842621	.08504125	0	.1306967
468.15	0	.7841958	.08508553	0	.1307186
467.15	0	.7841299	.08512946	0	.1307407
466.15	0	.7840642	.08517303	0	.1307628
465.15	0	.7839987	.08521625	0	.130785
464.15	0	.7839336	.08525911	0	.1308073
463.15	0	.7838687	.0853016	0	.1308297
462.15	0	.7838041	.08534374	0	.1308522
461.15	0	.7837397	.08538551	0	.1308748
460.15	0	.7836756	.08542691	0	.1308975
459.15	0	.7836118	.08546794	0	.1309202
458.15	0	.7835483	.0855086	0	.1309431
457.15	0	.7834851	.08554888	0	.130966
456.15	0	.7834221	.08558879	0	.1309891
455.15	0	.7833595	.08562833	0	.1310122
454.15	0	.7832971	.08566748	0	.1310355
453.15	0	.783235	.08570625	0	.1310588
452.15	0	.7831731	.08574464	0	.1310822
451.15	0	.7831116	.08578265	0	.1311057
450.15	0	.7830504	.08582026	0	.1311294
449.15	0	.7829895	.0858574	0	.1311531
448.15	0	.782929	.08589413	0	.1311769
447.15	0	.7828687	.08593046	0	.1312008
446.15	0	.7828088	.08596636	0	.1312249
445.15	0	.7827492	.08600184	0	.131249
444.15	0	.7826899	.08603687	0	.1312732
443.15	0	.782631	.08607147	0	.1312975
442.15	0	.7825724	.08610561	0	.1313219
441.15	0	.7825142	.08613928	0	.1313465
440.15	0	.7824564	.08617249	0	.1313711
439.15	0	.7823989	.08620522	0	.1313959
438.15	0	.7823418	.08623746	0	.1314207
437.15	0	.7822851	.08626921	0	.1314457
436.15	0	.7822288	.08630046	0	.1314707
435.15	0	.7821729	.08633121	0	.1314959
434.15	0	.7821174	.08636144	0	.1315212
433.15	0	.7820623	.08639115	0	.1315466
432.15	0	.7820075	.08642035	0	.1315721
431.15	0	.7819533	.08644902	0	.1315977
430.15	0	.7818994	.08647715	0	.1316234
429.15	0	.781846	.08650475	0	.1316493
428.15	0	.781793	.08653181	0	.1316752
427.15	0	.7817404	.08655832	0	.1317013
426.15	0	.7816883	.08658429	0	.1317274
425.15	0	.7816366	.0866097	0	.1317537
424.15	0	.7815853	.08663456	0	.1317801
423.15	0	.7815345	.08665886	0	.1318066
422.15	0	.7814842	.08668261	0	.1318332
421.15	0	.7814343	.08670579	0	.13186
420.15	0	.7813848	.0867284	0	.1318868
419.15	0	.7813358	.08675045	0	.1319138
418.15	0	.7812873	.08677194	0	.1319408
417.15	0	.7812392	.08679285	0	.131968
416.15	0	.7811915	.08681319	0	.1319953
415.15	0	.7811444	.08683296	0	.1320227
414.15	0	.7810977	.08685216	0	.1320502
