T	 BPW(LIQUID)	BPW(BCC_A2)	BPW(FCC_A1)	BPW(LAVES_PHASE_C14)	BPW(NI3TI)
1473.15	0	1	0	0	0
1472.15	0	1	0	0	0
1471.15	0	1	0	0	0
1470.15	0	1	0	0	0
1469.15	0	1	0	0	0
1468.15	0	1	0	0	0
1467.15	0	1	0	0	0
1466.15	0	1	0	0	0
1465.15	0	1	0	0	0
1464.15	0	1	0	0	0
1463.15	0	1	0	0	0
1462.15	0	1	0	0	0
1461.15	0	1	0	0	0
1460.15	0	1	0	0	0
1459.15	0	1	0	0	0
1458.15	0	1	0	0	0
1457.15	0	1	0	0	0
1456.15	0	1	0	0	0
1455.15	0	1	0	0	0
1454.15	0	1	0	0	0
1453.15	0	1	0	0	0
1452.15	0	1	0	0	0
1451.15	0	1	0	0	0
1450.15	0	1	0	0	0
1449.15	0	1	0	0	0
1448.15	0	1	0	0	0
1447.15	0	1	0	0	0
1446.15	0	1	0	0	0
1445.15	0	1	0	0	0
1444.15	0	1	0	0	0
1443.15	0	1	0	0	0
1442.15	0	1	0	0	0
1441.15	0	1	0	0	0
1440.15	0	1	0	0	0
1439.15	0	1	0	0	0
1438.15	0	1	0	0	0
1437.15	0	1	0	0	0
1436.15	0	1	0	0	0
1435.15	0	1	0	0	0
1434.15	0	1	0	0	0
1433.15	0	1	0	0	0
1432.15	0	1	0	0	0
1431.15	0	1	0	0	0
1430.15	0	1	0	0	0
1429.15	0	1	0	0	0
1428.15	0	1	0	0	0
1427.15	0	1	0	0	0
1426.15	0	1	0	0	0
1425.15	0	1	0	0	0
1424.15	0	1	0	0	0
1423.15	0	1	0	0	0
1422.15	0	1	0	0	0
1421.15	0	1	0	0	0
1420.15	0	1	0	0	0
1419.15	0	1	0	0	0
1418.15	0	1	0	0	0
1417.15	0	1	0	0	0
1416.15	0	1	0	0	0
1415.15	0	1	0	0	0
1414.15	0	1	0	0	0
1413.15	0	1	0	0	0
1412.15	0	1	0	0	0
1411.15	0	1	0	0	0
1410.15	0	1	0	0	0
1409.15	0	1	0	0	0
1408.15	0	1	0	0	0
1407.15	0	1	0	0	0
1406.15	0	1	0	0	0
1405.15	0	1	0	0	0
1404.15	0	1	0	0	0
1403.15	0	1	0	0	0
1402.15	0	1	0	0	0
1401.15	0	1	0	0	0
1400.15	0	1	0	0	0
1399.15	0	1	0	0	0
1398.15	0	1	0	0	0
1397.15	0	1	0	0	0
1396.15	0	1	0	0	0
1395.15	0	1	0	0	0
1394.15	0	1	0	0	0
1393.15	0	1	0	0	0
1392.15	0	1	0	0	0
1391.15	0	1	0	0	0
1390.15	0	1	0	0	0
1389.15	0	1	0	0	0
1388.15	0	1	0	0	0
1387.15	0	1	0	0	0
1386.15	0	1	0	0	0
1385.15	0	1	0	0	0
1384.15	0	1	0	0	0
1383.15	0	1	0	0	0
1382.15	0	1	0	0	0
1381.15	0	1	0	0	0
1380.15	0	1	0	0	0
1379.15	0	1	0	0	0
1378.15	0	1	0	0	0
1377.15	0	1	0	0	0
1376.15	0	1	0	0	0
1375.15	0	1	0	0	0
1374.15	0	1	0	0	0
1373.15	0	1	0	0	0
1372.15	0	1	0	0	0
1371.15	0	1	0	0	0
1370.15	0	1	0	0	0
1369.15	0	1	0	0	0
1368.15	0	1	0	0	0
1367.15	0	1	0	0	0
1366.15	0	1	0	0	0
1365.15	0	1	0	0	0
1364.15	0	1	0	0	0
1363.15	0	1	0	0	0
1362.15	0	1	0	0	0
1361.15	0	1	0	0	0
1360.15	0	1	0	0	0
1359.15	0	1	0	0	0
1358.15	0	1	0	0	0
1357.15	0	1	0	0	0
1356.15	0	1	0	0	0
1355.15	0	1	0	0	0
1354.15	0	1	0	0	0
1353.15	0	1	0	0	0
1352.15	0	1	0	0	0
1351.15	0	1	0	0	0
1350.15	0	1	0	0	0
1349.15	0	1	0	0	0
1348.15	0	1	0	0	0
1347.15	0	1	0	0	0
1346.15	0	1	0	0	0
1345.15	0	1	0	0	0
1344.15	0	1	0	0	0
1343.15	0	1	0	0	0
1342.15	0	1	0	0	0
1341.15	0	1	0	0	0
1340.15	0	1	0	0	0
1339.15	0	1	0	0	0
1338.15	0	1	0	0	0
1337.15	0	1	0	0	0
1336.15	0	1	0	0	0
1335.15	0	1	0	0	0
1334.15	0	1	0	0	0
1333.15	0	1	0	0	0
1332.15	0	1	0	0	0
1331.15	0	1	0	0	0
1330.15	0	1	0	0	0
1329.15	0	1	0	0	0
1328.15	0	1	0	0	0
1327.15	0	1	0	0	0
1326.15	0	1	0	0	0
1325.15	0	1	0	0	0
1324.15	0	1	0	0	0
1323.15	0	1	0	0	0
1322.15	0	1	0	0	0
1321.15	0	1	0	0	0
1320.15	0	1	0	0	0
1319.15	0	1	0	0	0
1318.15	0	1	0	0	0
1317.15	0	1	0	0	0
1316.15	0	1	0	0	0
1315.15	0	1	0	0	0
1314.15	0	1	0	0	0
1313.15	0	1	0	0	0
1312.15	0	1	0	0	0
1311.15	0	1	0	0	0
1310.15	0	1	0	0	0
1309.15	0	1	0	0	0
1308.15	0	1	0	0	0
1307.15	0	1	0	0	0
1306.15	0	1	0	0	0
1305.15	0	1	0	0	0
1304.15	0	1	0	0	0
1303.15	0	1	0	0	0
1302.15	0	1	0	0	0
1301.15	0	1	0	0	0
1300.15	0	1	0	0	0
1299.15	0	1	0	0	0
1298.15	0	1	0	0	0
1297.15	0	1	0	0	0
1296.15	0	1	0	0	0
1295.15	0	1	0	0	0
1294.15	0	1	0	0	0
1293.15	0	1	0	0	0
1292.15	0	1	0	0	0
1291.15	0	1	0	0	0
1290.15	0	1	0	0	0
1289.15	0	1	0	0	0
1288.15	0	1	0	0	0
1287.15	0	1	0	0	0
1286.15	0	1	0	0	0
1285.15	0	1	0	0	0
1284.15	0	1	0	0	0
1283.15	0	1	0	0	0
1282.15	0	1	0	0	0
1281.15	0	1	0	0	0
1280.15	0	1	0	0	0
1279.15	0	1	0	0	0
1278.15	0	1	0	0	0
1277.15	0	1	0	0	0
1276.15	0	1	0	0	0
1275.15	0	1	0	0	0
1274.15	0	1	0	0	0
1273.15	0	1	0	0	0
1272.15	0	1	0	0	0
1271.15	0	1	0	0	0
1270.15	0	1	0	0	0
1269.15	0	1	0	0	0
1268.15	0	1	0	0	0
1267.15	0	1	0	0	0
1266.15	0	1	0	0	0
1265.15	0	1	0	0	0
1264.15	0	1	0	0	0
1263.15	0	1	0	0	0
1262.15	0	1	0	0	0
1261.15	0	1	0	0	0
1260.15	0	1	0	0	0
1259.15	0	1	0	0	0
1258.15	0	1	0	0	0
1257.15	0	1	0	0	0
1256.15	0	1	0	0	0
1255.15	0	1	0	0	0
1254.15	0	1	0	0	0
1253.15	0	1	0	0	0
1252.15	0	1	0	0	0
1251.15	0	1	0	0	0
1250.15	0	1	0	0	0
1249.15	0	1	0	0	0
1248.15	0	1	0	0	0
1247.15	0	1	0	0	0
1246.15	0	1	0	0	0
1245.15	0	1	0	0	0
1244.15	0	1	0	0	0
1243.15	0	1	0	0	0
1242.15	0	1	0	0	0
1241.15	0	1	0	0	0
1240.15	0	1	0	0	0
1239.15	0	1	0	0	0
1238.15	0	1	0	0	0
1237.15	0	1	0	0	0
1236.15	0	1	0	0	0
1235.15	0	1	0	0	0
1234.15	0	1	0	0	0
1233.15	0	1	0	0	0
1232.15	0	1	0	0	0
1231.15	0	1	0	0	0
1230.15	0	1	0	0	0
1229.15	0	1	0	0	0
1228.15	0	1	0	0	0
1227.15	0	1	0	0	0
1226.15	0	1	0	0	0
1225.15	0	1	0	0	0
1224.15	0	1	0	0	0
1223.15	0	1	0	0	0
1222.15	0	1	0	0	0
1221.15	0	1	0	0	0
1220.15	0	1	0	0	0
1219.15	0	1	0	0	0
1218.15	0	1	0	0	0
1217.15	0	1	0	0	0
1216.15	0	1	0	0	0
1215.15	0	1	0	0	0
1214.15	0	1	0	0	0
1213.15	0	1	0	0	0
1212.15	0	1	0	0	0
1211.15	0	1	0	0	0
1210.15	0	1	0	0	0
1209.15	0	1	0	0	0
1208.15	0	1	0	0	0
1207.15	0	1	0	0	0
1206.15	0	1	0	0	0
1205.15	0	1	0	0	0
1204.15	0	1	0	0	0
1203.15	0	1	0	0	0
1202.15	0	1	0	0	0
1201.15	0	1	0	0	0
1200.15	0	1	0	0	0
1199.15	0	1	0	0	0
1198.15	0	1	0	0	0
1197.15	0	1	0	0	0
1196.15	0	1	0	0	0
1195.15	0	1	0	0	0
1194.15	0	1	0	0	0
1193.15	0	1	0	0	0
1192.15	0	1	0	0	0
1191.15	0	1	0	0	0
1190.15	0	1	0	0	0
1189.15	0	1	0	0	0
1188.15	0	1	0	0	0
1187.15	0	1	0	0	0
1186.15	0	1	0	0	0
1185.15	0	1	0	0	0
1184.15	0	1	0	0	0
1183.15	0	1	0	0	0
1182.15	0	1	0	0	0
1181.15	0	1	0	0	0
1180.15	0	1	0	0	0
1179.15	0	1	0	0	0
1178.15	0	1	0	0	0
1177.15	0	1	0	0	0
1176.15	0	1	0	0	0
1175.15	0	1	0	0	0
1174.15	0	1	0	0	0
1173.15	0	1	0	0	0
1172.15	0	1	0	0	0
1171.15	0	1	0	0	0
1170.15	0	1	0	0	0
1169.15	0	1	0	0	0
1168.15	0	1	0	0	0
1167.15	0	1	0	0	0
1166.15	0	1	0	0	0
1165.15	0	1	0	0	0
1164.15	0	1	0	0	0
1163.15	0	1	0	0	0
1162.15	0	1	0	0	0
1161.76	0	1	0	0	0
1161.76	0	1	0	0	0
1161.76	0	1	0	0	0
1161.15	0	.9991718	8.281972E-04	0	0
1160.15	0	.9978178	.002182235	0	0
1159.15	0	.9964679	.003532088	0	0
1158.15	0	.9951223	.004877751	0	0
1157.15	0	.9937808	.006219215	0	0
1156.15	0	.9924435	.007556476	0	0
1155.15	0	.9911105	.008889525	0	0
1154.15	0	.9897816	.01021839	0	0
1153.15	0	.988457	.01154299	0	0
1152.15	0	.9871366	.01286337	0	0
1151.15	0	.9858205	.0141795	0	0
1150.15	0	.9845086	.0154914	0	0
1149.15	0	.983201	.01679904	0	0
1148.15	0	.9818976	.01810242	0	0
1147.15	0	.9805985	.01940153	0	0
1146.15	0	.9793036	.02069637	0	0
1145.15	0	.9780131	.02198693	0	0
1144.15	0	.9767268	.0232732	0	0
1143.15	0	.9754448	.02455517	0	0
1142.15	0	.9741672	.02583285	0	0
1141.15	0	.9728938	.02710621	0	0
1140.15	0	.9716248	.02837525	0	0
1139.15	0	.97036	.02963997	0	0
1138.15	0	.9690996	.03090036	0	0
1137.15	0	.9678436	.03215641	0	0
1136.15	0	.9665919	.03340811	0	0
1135.15	0	.9653446	.03465545	0	0
1134.15	0	.9641016	.03589843	0	0
1133.15	0	.962863	.03713705	0	0
1132.15	0	.9616287	.03837128	0	0
1131.15	0	.9603989	.03960113	0	0
1130.15	0	.9591734	.04082658	0	0
1129.15	0	.9579524	.04204764	0	0
1128.15	0	.9567357	.04326428	0	0
1127.15	0	.9555235	.0444765	0	0
1126.15	0	.9543157	.04568431	0	0
1125.15	0	.9531123	.04688767	0	0
1124.15	0	.9519134	.0480866	0	0
1123.15	0	.9507189	.04928108	0	0
1122.15	0	.9495289	.0504711	0	0
1121.15	0	.9483433	.05165666	0	0
1120.15	0	.9471623	.05283774	0	0
1119.15	0	.9459857	.05401434	0	0
1118.15	0	.9448136	.05518645	0	0
1117.15	0	.9436459	.05635407	0	0
1116.15	0	.9424828	.05751718	0	0
1115.15	0	.9413242	.05867577	0	0
1114.15	0	.9401702	.05982984	0	0
1113.15	0	.9390206	.06097938	0	0
1112.15	0	.9378756	.06212439	0	0
1111.15	0	.9367352	.06326484	0	0
1110.15	0	.9355993	.06440074	0	0
1109.15	0	.9344679	.06553207	0	0
1108.15	0	.9333412	.06665884	0	0
1107.15	0	.932219	.06778102	0	0
1106.15	0	.9311014	.06889862	0	0
1105.15	0	.9299884	.07001161	0	0
1104.15	0	.92888	.07112	0	0
1103.15	0	.9277762	.07222378	0	0
1102.15	0	.9266771	.07332293	0	0
1101.15	0	.9255826	.07441745	0	0
1100.15	0	.9244927	.07550733	0	0
1099.15	0	.9234074	.07659256	0	0
1098.15	0	.9223269	.07767314	0	0
1097.15	0	.921251	.07874905	0	0
1096.15	0	.9201797	.07982029	0	0
1095.15	0	.9191132	.08088684	0	0
1094.15	0	.9180513	.0819487	0	0
1093.15	0	.9169941	.08300587	0	0
1092.15	0	.9159417	.08405832	0	0
1091.15	0	.9148939	.08510606	0	0
1090.15	0	.9138509	.08614907	0	0
1089.15	0	.9128127	.08718735	0	0
1088.15	0	.9117791	.08822089	0	0
1087.15	0	.9107503	.08924968	0	0
1086.15	0	.9097263	.09027371	0	0
1085.15	0	.908707	.09129297	0	0
1084.15	0	.9076926	.09230745	0	0
1083.15	0	.9066829	.09331715	0	0
1082.15	0	.9056779	.09432206	0	0
1081.15	0	.9046778	.09532216	0	0
1080.15	0	.9036826	.09631745	0	0
1079.15	0	.9026921	.09730793	0	0
1078.15	0	.9017064	.09829358	0	0
1077.15	0	.9007256	.09927439	0	0
1076.15	0	.8997496	.1002504	0	0
1075.15	0	.8987785	.1012215	0	0
1074.15	0	.8978123	.1021877	0	0
1073.15	0	.8968509	.1031491	0	0
1072.15	0	.8958944	.1041056	0	0
1071.15	0	.8949427	.1050573	0	0
1070.15	0	.893996	.106004	0	0
1069.15	0	.8930542	.1069458	0	0
1068.15	0	.8921173	.1078828	0	0
1067.15	0	.8911852	.1088148	0	0
1066.15	0	.8902582	.1097418	0	0
1065.15	0	.889336	.110664	0	0
1064.15	0	.8884188	.1115812	0	0
1063.15	0	.8875066	.1124934	0	0
1062.15	0	.8865993	.1134007	0	0
1061.15	0	.8856969	.1143031	0	0
1060.15	0	.8847996	.1152004	0	0
1059.15	0	.8839072	.1160928	0	0
1058.15	0	.8830198	.1169802	0	0
1057.15	0	.8821374	.1178626	0	0
1056.15	0	.88126	.11874	0	0
1055.15	0	.8803876	.1196124	0	0
1054.15	0	.8795203	.1204797	0	0
1053.15	0	.878658	.1213421	0	0
1052.15	0	.8778006	.1221994	0	0
1051.15	0	.8769484	.1230516	0	0
1050.15	0	.8761012	.1238988	0	0
1049.15	0	.875259	.124741	0	0
1048.15	0	.8744219	.1255781	0	0
1047.15	0	.8735899	.1264101	0	0
1046.15	0	.8727629	.1272371	0	0
1045.15	0	.8719411	.128059	0	0
1044.15	0	.8711243	.1288757	0	0
1043.15	0	.8703126	.1296874	0	0
1042.15	0	.869506	.130494	0	0
1041.15	0	.8687045	.1312955	0	0
1040.15	0	.8679081	.1320919	0	0
1039.15	0	.8671169	.1328831	0	0
1038.15	0	.8663308	.1336693	0	0
1037.15	0	.8655498	.1344502	0	0
1036.15	0	.8647739	.1352261	0	0
1035.15	0	.8640032	.1359968	0	0
1034.15	0	.8632376	.1367624	0	0
1033.15	0	.8624772	.1375228	0	0
1032.15	0	.861722	.138278	0	0
1031.15	0	.8609719	.1390281	0	0
1030.15	0	.860227	.1397731	0	0
1029.15	0	.8594872	.1405128	0	0
1028.15	0	.8587526	.1412474	0	0
1027.15	0	.8580233	.1419768	0	0
1026.15	0	.857299	.142701	0	0
1025.15	0	.85658	.14342	0	0
1024.15	0	.8558662	.1441338	0	0
1023.15	0	.8551576	.1448424	0	0
1022.15	0	.8544542	.1455458	0	0
1021.15	0	.853756	.146244	0	0
1020.15	0	.853063	.146937	0	0
1019.15	0	.8523752	.1476248	0	0
1018.15	0	.8516926	.1483074	0	0
1017.15	0	.8510153	.1489847	0	0
1016.15	0	.8503432	.1496568	0	0
1015.15	0	.8496762	.1503238	0	0
1014.15	0	.8490146	.1509854	0	0
1013.15	0	.8483581	.1516419	0	0
1012.15	0	.8477069	.1522931	0	0
1011.15	0	.8470609	.1529391	0	0
1010.15	0	.8464201	.1535799	0	0
1009.15	0	.8457846	.1542154	0	0
1008.15	0	.8451543	.1548458	0	0
1007.15	0	.8445292	.1554708	0	0
1006.15	0	.8439093	.1560907	0	0
1005.15	0	.8432947	.1567053	0	0
1004.15	0	.8426853	.1573147	0	0
1003.15	0	.8420812	.1579188	0	0
1002.15	0	.8414823	.1585177	0	0
1001.15	0	.8408886	.1591114	0	0
1000.15	0	.8403001	.1596999	0	0
999.15	0	.8397168	.1602832	0	0
998.15	0	.8391388	.1608612	0	0
997.15	0	.838566	.161434	0	0
996.15	0	.8379984	.1620016	0	0
995.15	0	.837436	.162564	0	0
994.15	0	.8368789	.1631211	0	0
993.15	0	.8363269	.1636731	0	0
992.15	0	.8357801	.1642199	0	0
991.15	0	.8352385	.1647615	0	0
990.15	0	.8347021	.1652979	0	0
989.15	0	.8341709	.1658291	0	0
988.15	0	.8336449	.1663551	0	0
987.15	0	.833124	.166876	0	0
986.15	0	.8326083	.1673917	0	0
985.15	0	.8320977	.1679023	0	0
984.15	0	.8315923	.1684077	0	0
983.15	0	.8310921	.168908	0	0
982.15	0	.8305969	.1694031	0	0
981.15	0	.8301068	.1698932	0	0
980.15	0	.8296219	.1703781	0	0
979.15	0	.8291421	.1708579	0	0
978.4143	0	.8287923	.1712077	0	0
978.4143	0	.8287923	.1712077	0	0
978.4143	0	.8287923	.1712077	0	0
978.15	0	.8286197	.1713131	6.720315E-05	0
977.15	0	.8279703	.171709	3.207764E-04	0
976.15	0	.8273266	.1721002	5.732702E-04	0
975.15	0	.8266885	.1724868	8.246809E-04	0
974.15	0	.8260561	.1728689	.001075004	0
973.15	0	.8254294	.1732463	.001324237	0
972.15	0	.8248083	.1736193	.001572374	0
971.15	0	.8241929	.1739877	.001819411	0
970.15	0	.823583	.1743517	.002065344	0
969.15	0	.8229787	.1747112	.002310168	0
968.15	0	.8223799	.1750662	.002553878	0
967.15	0	.8217866	.1754169	.00279647	0
966.15	0	.8211989	.1757631	.003037939	0
965.15	0	.8206167	.1761051	.003278279	0
964.15	0	.8200399	.1764426	.003517485	0
963.15	0	.8194685	.1767759	.003755552	0
962.15	0	.8189026	.1771049	.003992473	0
961.15	0	.8183421	.1774297	.004228244	0
960.15	0	.8177869	.1777503	.004462858	0
959.15	0	.817237	.1780667	.004696308	0
958.15	0	.8166924	.178379	.004928589	0
957.15	0	.8161532	.1786872	.005159694	0
956.15	0	.8156191	.1789913	.005389617	0
955.15	0	.8150903	.1792914	.00561835	0
954.15	0	.8145666	.1795875	.005845886	0
953.15	0	.8140481	.1798797	.006072219	0
952.15	0	.8135348	.1801679	.006297339	0
951.15	0	.8130264	.1804523	.006521241	0
950.15	0	.8125232	.1807329	.006743915	0
949.15	0	.8120249	.1810097	.006965354	0
948.15	0	.8115316	.1812828	.007185548	0
947.15	0	.8110433	.1815523	.007404491	0
946.15	0	.8105598	.181818	.007622171	0
945.15	0	.8100812	.1820803	.007838581	0
944.15	0	.8096073	.182339	.008053711	0
943.15	0	.8091383	.1825942	.008267551	0
942.15	0	.8086739	.182846	.008480091	0
941.15	0	.8082142	.1830945	.008691321	0
940.15	0	.8077591	.1833397	.00890123	0
939.15	0	.8073086	.1835816	.009109808	0
938.15	0	.8068626	.1838204	.009317042	0
937.15	0	.8064211	.184056	.009522922	0
936.15	0	.8059839	.1842886	.009727435	0
935.15	0	.8055511	.1845183	.00993057	0
934.15	0	.8051226	.184745	.01013231	0
933.15	0	.8046984	.184969	.01033265	0
932.15	0	.8042782	.1851902	.01053157	0
931.15	0	.8038622	.1854087	.01072906	0
930.15	0	.8034503	.1856246	.01092511	0
929.15	0	.8030423	.1858381	.01111969	0
928.15	0	.8026381	.1860491	.0113128	0
927.15	0	.8022378	.1862577	.01150442	0
926.15	0	.8018413	.1864642	.01169453	0
925.15	0	.8014484	.1866685	.01188312	0
924.15	0	.8010591	.1868708	.01207016	0
923.15	0	.8006733	.1870711	.01225565	0
922.15	0	.8002909	.1872696	.01243956	0
921.15	0	.7999118	.1874663	.01262188	0
920.15	0	.799536	.1876614	.01280258	0
919.15	0	.7991633	.1878551	.01298165	0
918.15	0	.7987936	.1880473	.01315907	0
917.15	0	.7984269	.1882383	.01333481	0
916.15	0	.7980629	.1884282	.01350885	0
915.15	0	.7977017	.1886171	.01368117	0
914.15	0	.7973431	.1888051	.01385174	0
913.15	0	.796987	.1889925	.01402055	0
912.15	0	.7966332	.1891792	.01418756	0
911.15	0	.7962817	.1893656	.01435276	0
910.15	0	.7959322	.1895517	.0145161	0
909.15	0	.7955847	.1897377	.01467758	0
908.15	0	.7952391	.1899238	.01483715	0
907.15	0	.7948951	.1901101	.01499479	0
906.15	0	.7945526	.190297	.01515046	0
905.15	0	.7942114	.1904844	.01530414	0
904.15	0	.7938715	.1906727	.01545579	0
903.15	0	.7935325	.1908621	.01560538	0
902.15	0	.7931944	.1910527	.01575286	0
901.15	0	.792857	.1912448	.01589821	0
900.15	0	.79252	.1914387	.01604138	0
899.15	0	.7921832	.1916345	.01618234	0
898.15	0	.7918465	.1918325	.01632104	0
897.15	0	.7915095	.192033	.01645743	0
896.15	0	.7911722	.1922363	.01659148	0
895.15	0	.7908342	.1924427	.01672313	0
894.15	0	.7904953	.1926524	.01685233	0
893.15	0	.7901552	.1928658	.01697904	0
892.15	0	.7896948	.193204	.01710123	0
891.15	0	.7889312	.1938539	.01721493	0
890.15	0	.7882114	.1944632	.0173254	0
889.15	0	.7875336	.1950337	.01743273	0
888.15	0	.7868963	.1955667	.017537	0
887.15	0	.7862979	.1960638	.0176383	0
886.15	0	.7857369	.1965264	.01773669	0
885.15	0	.7852119	.1969559	.01783224	0
884.15	0	.7847214	.1973536	.01792502	0
883.15	0	.7842642	.1977207	.01801509	0
882.15	0	.7838388	.1980587	.01810252	0
881.15	0	.7834441	.1983685	.01818736	0
880.15	0	.7830788	.1986515	.01826967	0
879.15	0	.7827418	.1989087	.01834949	0
878.15	0	.782432	.1991412	.01842688	0
877.15	0	.7821481	.19935	.01850189	0
876.15	0	.7818893	.1995362	.01857457	0
875.15	0	.7816544	.1997007	.01864496	0
874.15	0	.7814424	.1998445	.0187131	0
873.15	0	.7812525	.1999684	.01877903	0
872.15	0	.7810837	.2000735	.01884281	0
871.15	0	.7809351	.2001605	.01890446	0
870.15	0	.7808058	.2002302	.01896402	0
869.15	0	.780695	.2002834	.01902154	0
868.15	0	.7806019	.200321	.01907705	0
867.15	0	.7805258	.2003436	.01913058	0
866.15	0	.7804658	.200352	.01918217	0
865.15	0	.7804213	.2003469	.01923186	0
864.15	0	.7803914	.2003289	.01927967	0
863.15	0	.7803757	.2002987	.01932564	0
862.15	0	.7803733	.2002569	.0193698	0
861.15	0	.7803838	.2002041	.01941218	0
860.15	0	.7804063	.2001409	.01945281	0
859.15	0	.7804405	.2000678	.01949172	0
858.15	0	.7804856	.1999855	.01952894	0
857.15	0	.7805412	.1998943	.0195645	0
856.15	0	.7806067	.1997949	.01959842	0
855.15	0	.7806816	.1996877	.01963074	0
854.15	0	.7807654	.1995732	.01966149	0
853.15	0	.7808576	.1994518	.01969068	0
852.15	0	.7809577	.1993239	.01971835	0
851.15	0	.7810654	.1991901	.01974452	0
850.15	0	.7811802	.1990506	.01976921	0
849.15	0	.7813017	.1989059	.01979246	0
848.15	0	.7814294	.1987563	.01981428	0
847.15	0	.7815631	.1986022	.01983471	0
846.15	0	.7817022	.198444	.01985376	0
845.15	0	.7818466	.198282	.01987146	0
844.15	0	.7819958	.1981164	.01988784	0
843.15	0	.7821495	.1979476	.01990291	0
842.15	0	.7823073	.197776	.0199167	0
841.15	0	.7824691	.1976017	.01992923	0
840.15	0	.7826344	.197425	.01994052	0
839.15	0	.7828031	.1972463	.0199506	0
838.15	0	.7829748	.1970657	.01995949	0
837.15	0	.7831493	.1968835	.01996721	0
836.15	0	.7833264	.1966999	.01997377	0
835.15	0	.7835057	.1965151	.01997921	0
834.15	0	.7836872	.1963293	.01998354	0
833.15	0	.7838704	.1961428	.01998678	0
832.15	0	.7840554	.1959557	.01998895	0
831.15	0	.7842418	.1957682	.01999007	0
830.15	0	.7844294	.1955804	.01999016	0
829.15	0	.7846181	.1953926	.01998924	0
828.15	0	.7848077	.1952049	.01998733	0
827.15	0	.7849981	.1950175	.01998444	0
826.15	0	.785189	.1948304	.0199806	0
825.15	0	.7853804	.1946438	.01997582	0
824.15	0	.785572	.1944579	.01997012	0
823.15	0	.7857637	.1942728	.01996352	0
822.15	0	.7859555	.1940885	.01995603	0
821.15	0	.7861471	.1939052	.01994768	0
820.15	0	.7863385	.193723	.01993847	0
819.15	0	.7865296	.193542	.01992843	0
818.15	0	.7867201	.1933623	.01991756	0
817.15	0	.7869102	.193184	.0199059	0
816.15	0	.7870995	.1930071	.01989344	0
815.15	0	.7872881	.1928317	.01988022	0
814.15	0	.7874759	.1926579	.01986623	0
813.15	0	.7876627	.1924858	.0198515	0
812.15	0	.7878485	.1923155	.01983605	0
811.15	0	.7880332	.1921469	.01981988	0
810.15	0	.7882168	.1919802	.01980301	0
809.15	0	.7883992	.1918153	.01978545	0
808.15	0	.7885803	.1916525	.01976722	0
807.15	0	.7887601	.1914916	.01974833	0
806.15	0	.7889384	.1913328	.0197288	0
805.15	0	.7891154	.191176	.01970863	0
804.15	0	.7892908	.1910214	.01968784	0
803.15	0	.7894647	.1908688	.01966645	0
802.15	0	.7896371	.1907185	.01964445	0
801.15	0	.7898078	.1905703	.01962188	0
800.15	0	.7899768	.1904244	.01959873	0
799.15	0	.7901442	.1902808	.01957502	0
798.15	0	.7903099	.1901394	.01955076	0
797.15	0	.7904738	.1900002	.01952596	0
796.15	0	.790636	.1898634	.01950063	0
795.15	0	.7907964	.1897289	.01947479	0
794.15	0	.7909549	.1895967	.01944844	0
793.15	0	.7911116	.1894668	.01942159	0
792.15	0	.7912665	.1893393	.01939425	0
791.15	0	.7914195	.1892141	.01936644	0
790.15	0	.7915706	.1890912	.01933817	0
789.15	0	.7917199	.1889707	.01930943	0
788.15	0	.7918672	.1888526	.01928024	0
787.15	0	.7920126	.1887368	.01925062	0
786.15	0	.7921561	.1886233	.01922056	0
785.15	0	.7922977	.1885122	.01919009	0
784.15	0	.7924374	.1884035	.0191592	0
783.15	0	.7925751	.188297	.0191279	0
782.15	0	.7927109	.1881929	.0190962	0
781.15	0	.7928447	.1880911	.01906412	0
780.15	0	.7929767	.1879917	.01903166	0
779.15	0	.7931067	.1878945	.01899881	0
778.15	0	.7932348	.1877996	.01896561	0
777.15	0	.7933609	.187707	.01893204	0
776.15	0	.7934852	.1876167	.01889813	0
775.15	0	.7936075	.1875287	.01886386	0
774.15	0	.7937279	.1874428	.01882926	0
773.15	0	.7938464	.1873593	.01879433	0
772.15	0	.7939631	.1872779	.01875907	0
771.15	0	.7940778	.1871987	.01872349	0
770.15	0	.7941907	.1871217	.0186876	0
769.15	0	.7943017	.1870469	.0186514	0
768.15	0	.7944109	.1869743	.0186149	0
767.15	0	.7945182	.1869037	.01857811	0
766.15	0	.7946237	.1868353	.01854102	0
765.15	0	.7947273	.186769	.01850366	0
764.15	0	.7948292	.1867048	.01846601	0
763.15	0	.7949293	.1866427	.01842809	0
762.15	0	.7950275	.1865826	.01838991	0
761.15	0	.7951241	.1865245	.01835146	0
760.15	0	.7952188	.1864684	.01831275	0
759.15	0	.7953119	.1864144	.0182738	0
758.15	0	.7954032	.1863623	.01823459	0
757.15	0	.7954928	.1863121	.01819514	0
756.15	0	.7955807	.1862639	.01815545	0
755.15	0	.7956669	.1862176	.01811553	0
754.15	0	.7957515	.1861732	.01807538	0
753.15	0	.7958344	.1861306	.018035	0
752.15	0	.7959156	.18609	.0179944	0
751.15	0	.7959953	.1860511	.01795359	0
750.15	0	.7960734	.1860141	.01791256	0
749.15	0	.7961498	.1859789	.01787132	0
748.15	0	.7962247	.1859454	.01782988	0
747.15	0	.7962981	.1859137	.01778823	0
746.15	0	.7963699	.1858837	.01774639	0
745.15	0	.7964402	.1858554	.01770436	0
744.15	0	.796509	.1858289	.01766213	0
743.15	0	.7965763	.185804	.01761972	0
742.15	0	.7966421	.1857807	.01757712	0
741.15	0	.7967065	.1857591	.01753434	0
740.15	0	.7967695	.1857392	.01749139	0
739.15	0	.796831	.1857208	.01744826	0
738.15	0	.7968911	.185704	.01740496	0
737.15	0	.7969498	.1856887	.0173615	0
736.15	0	.7970072	.185675	.01731787	0
735.15	0	.7970632	.1856628	.01727408	0
734.15	0	.7971178	.1856521	.01723013	0
733.15	0	.7971711	.1856429	.01718603	0
732.15	0	.7972231	.1856351	.01714177	0
731.15	0	.7972739	.1856288	.01709736	0
730.15	0	.7973233	.1856239	.01705281	0
729.15	0	.7973715	.1856204	.01700812	0
728.15	0	.7974184	.1856183	.01696328	0
727.15	0	.7974641	.1856176	.0169183	0
726.15	0	.7975086	.1856182	.01687319	0
725.15	0	.7975519	.1856202	.01682794	0
724.15	0	.7975939	.1856235	.01678257	0
723.15	0	.7976349	.1856281	.01673706	0
722.15	0	.7976747	.1856339	.01669143	0
721.15	0	.7977133	.1856411	.01664568	0
720.15	0	.7977508	.1856494	.0165998	0
719.15	0	.7977872	.185659	.0165538	0
718.15	0	.7978224	.1856699	.01650769	0
717.15	0	.7978567	.1856819	.01646147	0
716.15	0	.7978898	.1856951	.01641513	0
715.15	0	.7979219	.1857095	.01636868	0
714.15	0	.7979529	.185725	.01632212	0
713.15	0	.7979829	.1857416	.01627546	0
712.15	0	.7980119	.1857594	.0162287	0
711.15	0	.7980399	.1857783	.01618183	0
710.15	0	.7980669	.1857982	.01613487	0
709.15	0	.798093	.1858192	.0160878	0
708.15	0	.798118	.1858413	.01604065	0
707.15	0	.7981421	.1858645	.0159934	0
706.15	0	.7981653	.1858886	.01594606	0
705.15	0	.7981876	.1859138	.01589862	0
704.15	0	.798209	.1859399	.01585111	0
703.15	0	.7982294	.1859671	.0158035	0
702.15	0	.798249	.1859952	.01575581	0
701.15	0	.7982677	.1860243	.01570805	0
700.15	0	.7982855	.1860543	.0156602	0
699.15	0	.7983025	.1860853	.01561227	0
698.15	0	.7983186	.1861171	.01556427	0
697.15	0	.7983339	.1861499	.0155162	0
696.15	0	.7983484	.1861835	.01546805	0
695.15	0	.7983621	.1862181	.01541983	0
694.15	0	.798375	.1862534	.01537154	0
693.15	0	.7983871	.1862897	.01532319	0
692.15	0	.7983985	.1863268	.01527477	0
691.15	0	.7984091	.1863647	.01522628	0
690.15	0	.7984189	.1864034	.01517774	0
689.15	0	.798428	.1864429	.01512913	0
688.15	0	.7984364	.1864832	.01508047	0
687.15	0	.798444	.1865243	.01503175	0
686.15	0	.7984509	.1865661	.01498297	0
685.15	0	.7984572	.1866087	.01493414	0
684.15	0	.7984627	.186652	.01488526	0
683.15	0	.7984676	.1866961	.01483633	0
682.15	0	.7984718	.1867409	.01478735	0
681.15	0	.7984769	.1867853	.01473776	0
680.15	0	.7984797	.1868316	.01468873	0
679.15	0	.7984818	.1868786	.01463966	0
678.15	0	.7984833	.1869262	.01459054	0
677.15	0	.7984841	.1869745	.01454137	0
676.15	0	.7984844	.1870234	.01449217	0
675.15	0	.7984841	.187073	.01444292	0
674.15	0	.7984832	.1871232	.01439363	0
673.15	0	.7984817	.187174	.01434431	0
672.15	0	.7984796	.1872255	.01429495	0
671.15	0	.7984769	.1872775	.01424556	0
670.15	0	.7984737	.1873301	.01419614	0
669.15	0	.79847	.1873834	.01414668	0
668.15	0	.7984657	.1874371	.0140972	0
667.15	0	.7984608	.1874915	.01404769	0
666.15	0	.7984555	.1875464	.01399815	0
665.15	0	.7984496	.1876018	.01394859	0
664.15	0	.7984432	.1876578	.01389901	0
663.15	0	.7984363	.1877143	.0138494	0
662.15	0	.7984289	.1877713	.01379978	0
661.15	0	.798421	.1878288	.01375013	0
660.15	0	.7984127	.1878868	.01370047	0
659.15	0	.7984039	.1879454	.0136508	0
658.15	0	.7983945	.1880044	.01360111	0
657.15	0	.7983848	.1880638	.0135514	0
656.15	0	.7983745	.1881238	.01350169	0
655.15	0	.7983639	.1881842	.01345196	0
654.15	0	.7983527	.188245	.01340223	0
653.15	0	.7983412	.1883063	.01335249	0
652.15	0	.7983292	.1883681	.01330275	0
651.15	0	.7983168	.1884302	.013253	0
650.15	0	.798304	.1884928	.01320324	0
649.15	0	.7982907	.1885558	.01315349	0
648.15	0	.7982771	.1886192	.01310374	0
647.15	0	.7982631	.188683	.01305398	0
646.15	0	.7982486	.1887471	.01300423	0
645.15	0	.7982338	.1888117	.01295449	0
644.15	0	.7982186	.1888766	.01290475	0
643.15	0	.7982031	.1889419	.01285501	0
642.15	0	.7981871	.1890076	.01280529	0
641.15	0	.7981708	.1890736	.01275557	0
640.15	0	.7981542	.18914	.01270587	0
639.15	0	.7981372	.1892067	.01265617	0
638.15	0	.7981198	.1892737	.01260649	0
637.15	0	.7981022	.189341	.01255682	0
636.15	0	.7980841	.1894087	.01250717	0
635.15	0	.7980658	.1894767	.01245754	0
634.15	0	.7980471	.189545	.01240792	0
633.15	0	.7980281	.1896136	.01235832	0
632.15	0	.7980088	.1896824	.01230875	0
631.15	0	.7979892	.1897516	.01225919	0
630.15	0	.7979693	.1898211	.01220966	0
629.15	0	.7979491	.1898908	.01216015	0
628.15	0	.7979286	.1899608	.01211067	0
627.15	0	.7979078	.190031	.01206122	0
626.15	0	.7978867	.1901015	.01201179	0
625.15	0	.7978654	.1901722	.01196239	0
624.15	0	.7978437	.1902432	.01191303	0
623.15	0	.7978219	.1903145	.01186369	0
622.2459	0	.7978018	.190379	.01181911	0
622.2459	0	.7978018	.190379	.01181911	0
622.2459	0	.7978018	.190379	.01181911	0
622.15	0	.7978558	.190274	.01177011	1.00127E-04
621.15	0	.7984143	.1891838	.01126068	.00114123
620.15	0	.7989663	.1881026	.01075404	.002177048
619.15	0	.7995119	.1870303	.01025017	.003207643
618.15	0	.8000512	.1859667	.009749021	.004233078
617.15	0	.8005843	.1849117	.009250569	.005253413
616.15	0	.8011113	.1838652	.008754779	.006268706
615.15	0	.8016323	.1828271	.008261618	.007279018
614.15	0	.8021474	.1817972	.007771053	.008284406
613.15	0	.8026566	.1807754	.007283054	.009284927
612.15	0	.8031603	.1797615	.006797588	.01028064
611.15	0	.8036583	.1787555	.006314626	.0112716
610.15	0	.8041508	.1777573	.005834137	.01225785
609.15	0	.8046378	.1767666	.005356093	.01323946
608.15	0	.8051196	.1757834	.004880463	.01421648
607.15	0	.8055962	.1748077	.004407219	.01518896
606.15	0	.8060676	.1738392	.003936334	.01615695
605.15	0	.8065339	.1728778	.003467779	.01712051
604.15	0	.8069953	.1719235	.003001527	.01807968
603.15	0	.8074518	.1709761	.002537552	.01903451
602.15	0	.8079035	.1700357	.002075827	.01998506
601.15	0	.8083504	.1691019	.001616326	.02093136
600.15	0	.8087927	.1681747	.001159023	.02187348
599.15	0	.8092305	.1672541	7.03894E-04	.02281145
598.15	0	.8096638	.16634	2.509135E-04	.02374533
597.5941	0	.8099027	.1658345	0	.02426276
597.5941	0	.8099027	.1658345	0	.02426276
597.15	0	.8099078	.1657202	0	.02437196
596.15	0	.8099185	.1654651	0	.02461638
595.15	0	.8099281	.1652132	0	.02485876
594.15	0	.8099365	.1649643	0	.02509913
593.15	0	.8099439	.1647186	0	.0253375
592.15	0	.8099502	.1644759	0	.0255739
591.15	0	.8099554	.1642362	0	.02580835
590.15	0	.8099596	.1639995	0	.02604088
589.15	0	.8099627	.1637658	0	.02627151
588.15	0	.8099649	.1635349	0	.02650025
587.15	0	.809966	.1633069	0	.02672714
586.15	0	.8099661	.1630817	0	.02695219
585.15	0	.8099653	.1628593	0	.02717543
584.15	0	.8099635	.1626396	0	.02739688
583.15	0	.8099607	.1624227	0	.02761656
582.15	0	.8099571	.1622085	0	.02783449
581.15	0	.8099525	.1619969	0	.02805069
580.15	0	.809947	.1617879	0	.02826519
579.15	0	.8099405	.1615814	0	.02847801
578.15	0	.8099333	.1613776	0	.02868916
577.15	0	.8099251	.1611762	0	.02889867
576.15	0	.8099161	.1609773	0	.02910656
575.15	0	.8099063	.1607809	0	.02931284
574.15	0	.8098956	.1605869	0	.02951755
573.15	0	.8098841	.1603952	0	.0297207
572.15	0	.8098718	.160206	0	.0299223
571.15	0	.8098586	.160019	0	.03012239
570.15	0	.8098448	.1598343	0	.03032097
569.15	0	.8098301	.1596519	0	.03051807
568.15	0	.8098147	.1594716	0	.03071371
567.15	0	.8097985	.1592936	0	.0309079
566.15	0	.8097815	.1591178	0	.03110068
565.15	0	.8097639	.1589441	0	.03129204
564.15	0	.8097455	.1587724	0	.03148202
563.15	0	.8097265	.1586029	0	.03167063
562.15	0	.8097067	.1584354	0	.03185789
561.15	0	.8096862	.1582699	0	.03204382
560.15	0	.8096651	.1581065	0	.03222844
559.15	0	.8096433	.1579449	0	.03241176
558.15	0	.8096208	.1577854	0	.0325938
557.15	0	.8095977	.1576277	0	.03277458
556.15	0	.809574	.1574719	0	.03295411
555.15	0	.8095496	.157318	0	.03313242
554.15	0	.8095247	.1571658	0	.03330952
553.15	0	.8094991	.1570155	0	.03348543
552.15	0	.8094729	.156867	0	.03366016
551.15	0	.8094461	.1567202	0	.03383373
550.15	0	.8094187	.1565751	0	.03400615
549.15	0	.8093908	.1564317	0	.03417745
548.15	0	.8093623	.15629	0	.03434764
547.15	0	.8093333	.15615	0	.03451673
546.15	0	.8093037	.1560116	0	.03468474
545.15	0	.8092736	.1558747	0	.03485169
544.15	0	.8092429	.1557395	0	.03501759
543.15	0	.8092118	.1556058	0	.03518245
542.15	0	.8091801	.1554736	0	.03534629
541.15	0	.8091479	.1553429	0	.03550913
540.15	0	.8091153	.1552137	0	.03567098
539.15	0	.8090821	.155086	0	.03583186
538.15	0	.8090485	.1549597	0	.03599177
537.15	0	.8090144	.1548348	0	.03615074
536.15	0	.8089799	.1547114	0	.03630877
535.15	0	.8089449	.1545893	0	.03646588
534.15	0	.8089094	.1544685	0	.03662209
533.15	0	.8088736	.154349	0	.0367774
532.15	0	.8088372	.1542309	0	.03693184
531.15	0	.8088005	.1541141	0	.03708541
530.15	0	.8087634	.1539985	0	.03723813
529.15	0	.8087258	.1538842	0	.03739001
528.15	0	.8086879	.1537711	0	.03754106
527.15	0	.8086496	.1536591	0	.0376913
526.15	0	.8086108	.1535484	0	.03784073
525.15	0	.8085718	.1534389	0	.03798938
524.15	0	.8085323	.1533305	0	.03813725
523.15	0	.8084925	.1532232	0	.03828435
522.15	0	.8084523	.153117	0	.0384307
521.15	0	.8084118	.1530119	0	.0385763
520.15	0	.8083709	.1529079	0	.03872118
519.15	0	.8083298	.1528049	0	.03886534
518.15	0	.8082882	.152703	0	.03900879
517.15	0	.8082464	.1526021	0	.03915154
516.15	0	.8082042	.1525022	0	.03929361
515.15	0	.8081618	.1524032	0	.039435
514.15	0	.808119	.1523052	0	.03957572
513.15	0	.808076	.1522082	0	.0397158
512.15	0	.8080327	.1521121	0	.03985523
511.15	0	.807989	.1520169	0	.03999402
510.15	0	.8079452	.1519226	0	.0401322
509.15	0	.807901	.1518292	0	.04026976
508.15	0	.8078566	.1517367	0	.04040672
507.15	0	.807812	.151645	0	.04054308
506.15	0	.807767	.1515541	0	.04067886
505.15	0	.8077219	.1514641	0	.04081407
504.15	0	.8076765	.1513748	0	.04094871
503.15	0	.8076309	.1512863	0	.04108279
502.15	0	.8075851	.1511986	0	.04121633
501.15	0	.807539	.1511117	0	.04134934
500.15	0	.8074927	.1510255	0	.04148181
499.15	0	.8074462	.15094	0	.04161377
498.15	0	.8073996	.1508552	0	.04174521
497.15	0	.8073527	.1507711	0	.04187615
496.15	0	.8073057	.1506877	0	.04200659
495.15	0	.8072584	.150605	0	.04213655
494.15	0	.807211	.1505229	0	.04226603
493.15	0	.8071634	.1504415	0	.04239504
492.15	0	.8071157	.1503607	0	.04252359
491.15	0	.8070678	.1502805	0	.04265169
490.15	0	.8070197	.1502009	0	.04277934
489.15	0	.8069715	.1501219	0	.04290655
488.15	0	.8069232	.1500435	0	.04303333
487.15	0	.8068747	.1499656	0	.04315969
486.15	0	.8068261	.1498883	0	.04328563
485.15	0	.8067773	.1498115	0	.04341115
484.15	0	.8067285	.1497352	0	.04353628
483.15	0	.8066795	.1496595	0	.04366102
482.15	0	.8066304	.1495842	0	.04378536
481.15	0	.8065812	.1495095	0	.04390932
480.15	0	.8065319	.1494352	0	.04403291
479.15	0	.8064825	.1493614	0	.04415613
478.15	0	.806433	.149288	0	.04427898
477.15	0	.8063835	.1492151	0	.04440148
476.15	0	.8063338	.1491426	0	.04452364
475.15	0	.8062841	.1490705	0	.04464544
474.15	0	.8062343	.1489988	0	.04476692
473.15	0	.8061844	.1489275	0	.04488806
472.15	0	.8061345	.1488566	0	.04500888
471.15	0	.8060845	.1487861	0	.04512937
470.15	0	.8060345	.1487159	0	.04524956
469.15	0	.8059844	.1486461	0	.04536943
468.15	0	.8059343	.1485767	0	.04548901
467.15	0	.8058842	.1485076	0	.04560828
466.15	0	.805834	.1484388	0	.04572727
465.15	0	.8057838	.1483703	0	.04584597
464.15	0	.8057335	.1483021	0	.04596439
463.15	0	.8056833	.1482342	0	.04608254
462.15	0	.805633	.1481666	0	.04620041
461.15	0	.8055827	.1480992	0	.04631802
460.15	0	.8055325	.1480322	0	.04643537
459.15	0	.8054822	.1479654	0	.04655246
458.15	0	.8054319	.1478988	0	.0466693
457.15	0	.8053816	.1478325	0	.0467859
456.15	0	.8053314	.1477664	0	.04690225
455.15	0	.8052811	.1477005	0	.04701837
454.15	0	.8052309	.1476348	0	.04713426
453.15	0	.8051807	.1475694	0	.04724992
452.15	0	.8051306	.1475041	0	.04736535
451.15	0	.8050804	.147439	0	.04748056
450.15	0	.8050303	.1473741	0	.04759557
449.15	0	.8049804	.1473093	0	.04771038
448.15	0	.8049305	.1472446	0	.047825
447.15	0	.8048806	.14718	0	.04793942
446.15	0	.8048308	.1471155	0	.04805365
445.15	0	.8047811	.1470512	0	.0481677
444.15	0	.8047315	.1469869	0	.04828157
443.15	0	.8046821	.1469227	0	.04839526
442.15	0	.8046327	.1468585	0	.04850879
441.15	0	.8045834	.1467944	0	.04862216
440.15	0	.8045343	.1467303	0	.04873538
439.15	0	.8044854	.1466662	0	.04884844
438.15	0	.8044365	.1466021	0	.04896137
437.15	0	.8043879	.146538	0	.04907415
436.15	0	.8043394	.1464738	0	.0491868
435.15	0	.8042911	.1464096	0	.04929933
434.15	0	.804243	.1463453	0	.04941173
433.15	0	.8041951	.1462809	0	.04952401
432.15	0	.8041473	.1462165	0	.04963617
431.15	0	.8040998	.1461519	0	.04974823
430.15	0	.8040525	.1460873	0	.04986018
429.15	0	.8040055	.1460225	0	.04997202
428.15	0	.8039586	.1459576	0	.05008377
427.15	0	.803912	.1458926	0	.05019542
426.15	0	.8038656	.1458274	0	.05030698
425.15	0	.8038195	.145762	0	.05041845
424.15	0	.8037736	.1456965	0	.05052984
423.15	0	.803728	.1456308	0	.05064114
422.15	0	.8036827	.145565	0	.05075237
421.15	0	.8036376	.1454989	0	.05086352
420.15	0	.8035928	.1454326	0	.0509746
419.15	0	.8035482	.1453662	0	.0510856
418.15	0	.803504	.1452995	0	.05119654
417.15	0	.80346	.1452326	0	.05130741
416.15	0	.8034163	.1451654	0	.05141822
415.15	0	.803373	.1450981	0	.05152896
414.15	0	.8033299	.1450305	0	.05163965
413.15	0	.8032871	.1449626	0	.05175028
412.15	0	.8032446	.1448946	0	.05186086
411.15	0	.8032024	.1448262	0	.05197138
410.15	0	.8031605	.1447576	0	.05208185
409.15	0	.803119	.1446887	0	.05219227
408.15	0	.8030777	.1446196	0	.05230265
407.15	0	.8030368	.1445502	0	.05241297
406.15	0	.8029962	.1444805	0	.05252325
405.15	0	.8029559	.1444106	0	.05263349
404.15	0	.802916	.1443404	0	.05274368
403.15	0	.8028763	.1442699	0	.05285383
402.15	0	.802837	.144199	0	.05296394
401.15	0	.802798	.144128	0	.05307401
400.15	0	.8027594	.1440566	0	.05318405
399.15	0	.8027211	.1439849	0	.05329404
398.15	0	.8026831	.1439129	0	.053404
397.15	0	.8026454	.1438407	0	.05351392
396.15	0	.8026081	.1437681	0	.0536238
395.15	0	.8025711	.1436952	0	.05373365
394.15	0	.8025345	.1436221	0	.05384347
393.15	0	.8024981	.1435486	0	.05395325
392.15	0	.8024622	.1434748	0	.054063
391.15	0	.8024265	.1434008	0	.05417272
390.15	0	.8023912	.1433264	0	.0542824
389.15	0	.8023563	.1432517	0	.05439205
388.15	0	.8023216	.1431767	0	.05450167
387.15	0	.8022873	.1431014	0	.05461125
386.15	0	.8022534	.1430258	0	.05472081
385.15	0	.8022198	.1429499	0	.05483033
384.15	0	.8021865	.1428737	0	.05493982
383.15	0	.8021536	.1427972	0	.05504928
382.15	0	.802121	.1427203	0	.0551587
381.15	0	.8020887	.1426432	0	.0552681
380.15	0	.8020568	.1425658	0	.05537746
379.15	0	.8020252	.142488	0	.0554868
378.15	0	.8019939	.14241	0	.05559609
377.15	0	.801963	.1423316	0	.05570536
376.15	0	.8019324	.142253	0	.0558146
375.15	0	.8019021	.1421741	0	.0559238
374.15	0	.8018722	.1420948	0	.05603297
373.15	0	.8018426	.1420153	0	.05614211
372.15	0	.8018133	.1419355	0	.05625121
371.15	0	.8017844	.1418554	0	.05636028
370.15	0	.8017558	.1417749	0	.05646931
369.15	0	.8017275	.1416942	0	.05657831
368.15	0	.8016995	.1416132	0	.05668727
367.15	0	.8016718	.141532	0	.0567962
366.15	0	.8016445	.1414504	0	.0569051
365.15	0	.8016175	.1413686	0	.05701395
364.15	0	.8015908	.1412865	0	.05712277
363.15	0	.8015644	.1412041	0	.05723155
362.15	0	.8015383	.1411214	0	.05734029
361.15	0	.8015126	.1410385	0	.057449
360.15	0	.8014871	.1409552	0	.05755766
359.15	0	.801462	.1408717	0	.05766629
358.15	0	.8014371	.140788	0	.05777487
357.15	0	.8014126	.140704	0	.05788342
356.15	0	.8013884	.1406197	0	.05799192
355.15	0	.8013645	.1405352	0	.05810038
354.15	0	.8013409	.1404504	0	.05820879
353.15	0	.8013175	.1403653	0	.05831717
352.15	0	.8012945	.14028	0	.05842549
351.15	0	.8012718	.1401945	0	.05853378
350.15	0	.8012493	.1401087	0	.05864202
349.15	0	.8012272	.1400226	0	.05875021
348.15	0	.8012053	.1399363	0	.05885835
347.15	0	.8011837	.1398498	0	.05896645
346.15	0	.8011624	.1397631	0	.0590745
345.15	0	.8011414	.1396761	0	.0591825
344.15	0	.8011207	.1395889	0	.05929045
343.15	0	.8011002	.1395014	0	.05939834
342.15	0	.8010801	.1394138	0	.05950619
341.15	0	.8010601	.1393259	0	.05961399
340.15	0	.8010405	.1392378	0	.05972173
339.15	0	.8010211	.1391495	0	.05982942
338.15	0	.801002	.1390609	0	.05993705
337.15	0	.8009832	.1389722	0	.06004463
336.15	0	.8009646	.1388832	0	.06015216
335.15	0	.8009463	.1387941	0	.06025963
334.15	0	.8009283	.1387047	0	.06036703
333.15	0	.8009104	.1386152	0	.06047439
332.15	0	.8008929	.1385254	0	.06058168
331.15	0	.8008756	.1384355	0	.06068892
330.15	0	.8008586	.1383454	0	.06079609
329.15	0	.8008418	.138255	0	.0609032
328.15	0	.8008252	.1381645	0	.06101025
327.15	0	.8008089	.1380739	0	.06111724
326.15	0	.8007928	.137983	0	.06122417
325.15	0	.800777	.137892	0	.06133103
324.15	0	.8007614	.1378008	0	.06143783
323.15	0	.800746	.1377094	0	.06154456
322.15	0	.8007309	.1376179	0	.06165123
321.15	0	.800716	.1375262	0	.06175783
320.15	0	.8007013	.1374343	0	.06186436
319.15	0	.8006869	.1373423	0	.06197083
318.15	0	.8006727	.1372501	0	.06207722
317.15	0	.8006587	.1371578	0	.06218355
316.15	0	.8006449	.1370653	0	.0622898
315.15	0	.8006313	.1369727	0	.06239599
314.15	0	.800618	.1368799	0	.0625021
313.15	0	.8006048	.136787	0	.06260814
312.15	0	.8005919	.136694	0	.06271411
311.15	0	.8005792	.1366008	0	.06282
310.15	0	.8005667	.1365075	0	.06292583
309.15	0	.8005543	.1364141	0	.06303157
308.15	0	.8005422	.1363205	0	.06313724
307.15	0	.8005303	.1362268	0	.06324284
306.15	0	.8005186	.136133	0	.06334835
305.15	0	.8005071	.1360391	0	.06345379
304.15	0	.8004958	.1359451	0	.06355916
303.15	0	.8004846	.1358509	0	.06366444
302.15	0	.8004737	.1357567	0	.06376964
301.15	0	.800463	.1356623	0	.06387477
300.15	0	.8004524	.1355678	0	.06397981
299.15	0	.800442	.1354732	0	.06408477
298.15	0	.8004318	.1353785	0	.06418965
