T	 BPW(LIQUID)	BPW(BCC_A2)	BPW(FCC_A1)	BPW(LAVES_PHASE_C14)	BPW(NI3TI)
1473.15	.5678357	.4321644	0	0	0
1472.15	.5646337	.4353663	0	0	0
1471.15	.5614512	.4385488	0	0	0
1470.15	.558288	.441712	0	0	0
1469.15	.5551438	.4448562	0	0	0
1468.15	.5520187	.4479813	0	0	0
1467.15	.5489124	.4510876	0	0	0
1466.15	.5458249	.4541752	0	0	0
1465.15	.5427559	.4572441	0	0	0
1464.15	.5397055	.4602945	0	0	0
1463.15	.5366733	.4633266	0	0	0
1462.15	.5336595	.4663405	0	0	0
1461.15	.5306637	.4693363	0	0	0
1460.15	.5276859	.472314	0	0	0
1459.15	.5247261	.4752739	0	0	0
1458.15	.5217839	.4782161	0	0	0
1457.15	.5188594	.4811406	0	0	0
1456.15	.5159525	.4840476	0	0	0
1455.15	.5130629	.4869371	0	0	0
1454.15	.5101906	.4898094	0	0	0
1453.15	.5073355	.4926645	0	0	0
1452.15	.5044975	.4955025	0	0	0
1451.15	.5016765	.4983235	0	0	0
1450.15	.4988723	.5011277	0	0	0
1449.15	.4960849	.5039151	0	0	0
1448.15	.4933141	.5066859	0	0	0
1448.146	.4933023	.5066977	0	0	0
1448.146	.4933023	.5066977	0	0	0
1448.146	.4933023	.5066977	0	0	0
1447.15	.4888078	.5050114	.006180729	0	0
1446.15	.4843007	.5033279	.01237137	0	0
1445.15	.4797999	.5016545	.01854556	0	0
1444.15	.4753054	.4999911	.02470348	0	0
1443.15	.470817	.4983377	.0308453	0	0
1442.15	.4663344	.4966944	.0369712	0	0
1441.15	.4618576	.4950611	.04308134	0	0
1440.15	.4573863	.4934378	.04917589	0	0
1439.15	.4529205	.4918245	.05525502	0	0
1438.15	.4484599	.4902212	.06131889	0	0
1437.15	.4440045	.4886278	.06736766	0	0
1436.15	.439554	.4870445	.07340149	0	0
1435.15	.4351084	.4854711	.07942053	0	0
1434.15	.4306675	.4839076	.08542494	0	0
1433.15	.426231	.4823541	.09141487	0	0
1432.15	.421799	.4808105	.09739046	0	0
1431.15	.4173713	.4792769	.1033519	0	0
1430.15	.4129476	.4777531	.1092992	0	0
1429.15	.408528	.4762393	.1152327	0	0
1428.15	.4041122	.4747354	.1211524	0	0
1427.427	.4009206	.4736538	.1254256	0	0
1427.427	.4009206	.4736538	.1254256	0	0
1427.427	.4009206	.4736538	.1254256	0	0
1427.15	.3966904	.4707811	.1312379	.001290538	0
1426.15	.3815346	.4605734	.1519984	.005893573	0
1425.15	.3665812	.4506327	.172383	.01040317	0
1424.15	.3518239	.4409517	.1924024	.01482197	0
1423.15	.3372569	.4315236	.2120669	.01915256	0
1422.15	.3228746	.4223416	.2313865	.0233974	0
1421.15	.3086714	.4133992	.2503706	.02755886	0
1420.15	.294642	.4046902	.2690285	.03163926	0
1419.15	.2807813	.3962087	.2873692	.0356408	0
1418.15	.2670844	.3879488	.3054012	.03956562	0
1417.15	.2535465	.379905	.3231327	.04341579	0
1416.15	.240163	.3720719	.3405718	.0471933	0
1415.15	.2269294	.3644443	.3577262	.05090009	0
1414.15	.2138414	.3570172	.3746034	.054538	0
1413.15	.2008948	.3497859	.3912105	.05810884	0
1412.15	.1880855	.3427456	.4075546	.06161435	0
1411.15	.1754097	.3358918	.4236423	.06505621	0
1410.15	.1628636	.3292202	.4394802	.06843604	0
1409.15	.1504434	.3227266	.4550746	.07175542	0
1408.15	.1381457	.3164069	.4704315	.07501588	0
1407.15	.125967	.3102572	.4855569	.07821887	0
1406.15	.1139039	.3042737	.5004565	.08136584	0
1405.15	.1019532	.2984528	.5151358	.08445817	0
1404.15	.09011182	.2927908	.5296002	.08749719	0
1403.15	.07837661	.2872844	.5438548	.09048419	0
1402.15	.06674467	.2819301	.5579047	.09342045	0
1401.15	.05521311	.2767249	.5717548	.09630716	0
1400.15	.04377915	.2716655	.5854098	.09914552	0
1399.15	.0324401	.266749	.5988742	.1019367	0
1398.15	.02119332	.2619724	.6121525	.1046817	0
1397.15	.01003626	.2573329	.6252491	.1073818	0
1396.244	0	.2532442	.636965	.1097908	0
1396.244	0	.2532442	.636965	.1097908	0
1396.15	0	.2530429	.6371169	.1098401	0
1395.15	0	.2508984	.6387359	.1103657	0
1394.15	0	.2487596	.6403508	.1108896	0
1393.15	0	.2466264	.6419617	.1114118	0
1392.15	0	.244499	.6435686	.1119324	0
1391.15	0	.2423771	.6451716	.1124513	0
1390.15	0	.2402609	.6467705	.1129686	0
1389.15	0	.2381503	.6483654	.1134843	0
1388.15	0	.2360452	.6499564	.1139983	0
1387.15	0	.2339458	.6515435	.1145108	0
1386.15	0	.2318519	.6531266	.1150216	0
1385.15	0	.2297635	.6547057	.1155308	0
1384.15	0	.2276806	.656281	.1160384	0
1383.15	0	.2256032	.6578523	.1165445	0
1382.15	0	.2235313	.6594198	.1170489	0
1381.15	0	.2214649	.6609833	.1175518	0
1380.15	0	.2194039	.662543	.1180532	0
1379.15	0	.2173483	.6640988	.1185529	0
1378.15	0	.2152981	.6656507	.1190512	0
1377.15	0	.2132534	.6671988	.1195479	0
1376.15	0	.211214	.668743	.1200431	0
1375.15	0	.2091799	.6702834	.1205367	0
1374.15	0	.2071512	.67182	.1210288	0
1373.15	0	.2051278	.6733527	.1215195	0
1372.15	0	.2031098	.6748817	.1220086	0
1371.15	0	.201097	.6764068	.1224962	0
1370.15	0	.1990895	.6779282	.1229823	0
1369.15	0	.1970873	.6794458	.123467	0
1368.15	0	.1950903	.6809596	.1239502	0
1367.15	0	.1930985	.6824696	.1244319	0
1366.15	0	.191112	.6839759	.1249122	0
1365.15	0	.1891306	.6854784	.125391	0
1364.15	0	.1871544	.6869772	.1258683	0
1363.15	0	.1851834	.6884723	.1263443	0
1362.15	0	.1832176	.6899637	.1268188	0
1361.15	0	.1812569	.6914513	.1272918	0
1360.15	0	.1793013	.6929352	.1277635	0
1359.15	0	.1773509	.6944154	.1282337	0
1358.15	0	.1754055	.6958919	.1287025	0
1357.15	0	.1734652	.6973648	.12917	0
1356.15	0	.17153	.698834	.129636	0
1355.15	0	.1695999	.7002994	.1301007	0
1354.15	0	.1676747	.7017613	.130564	0
1353.15	0	.1657547	.7032194	.1310259	0
1352.15	0	.1638396	.7046739	.1314865	0
1351.15	0	.1619295	.7061248	.1319456	0
1350.15	0	.1600245	.7075721	.1324035	0
1349.15	0	.1581244	.7090156	.13286	0
1348.15	0	.1562292	.7104556	.1333151	0
1347.15	0	.1543391	.711892	.1337689	0
1346.15	0	.1524538	.7133247	.1342214	0
1345.15	0	.1505735	.7147539	.1346726	0
1344.15	0	.1486981	.7161794	.1351225	0
1343.15	0	.1468276	.7176014	.135571	0
1342.15	0	.144962	.7190197	.1360183	0
1341.15	0	.1431013	.7204345	.1364642	0
1340.15	0	.1412454	.7218457	.1369089	0
1339.15	0	.1393944	.7232533	.1373523	0
1338.15	0	.1375483	.7246574	.1377944	0
1337.15	0	.135707	.7260578	.1382352	0
1336.15	0	.1338705	.7274548	.1386748	0
1335.15	0	.1320388	.7288482	.139113	0
1334.15	0	.1302119	.730238	.1395501	0
1333.15	0	.1283898	.7316243	.1399859	0
1332.15	0	.1265726	.733007	.1404204	0
1331.15	0	.12476	.7343862	.1408537	0
1330.15	0	.1229523	.7357619	.1412858	0
1329.15	0	.1211492	.7371341	.1417167	0
1328.15	0	.119351	.7385027	.1421463	0
1327.15	0	.1175574	.7398678	.1425747	0
1326.15	0	.1157686	.7412295	.143002	0
1325.15	0	.1139845	.7425876	.143428	0
1324.15	0	.1122051	.7439421	.1438528	0
1323.15	0	.1104304	.7452932	.1442764	0
1322.15	0	.1086604	.7466408	.1446988	0
1321.15	0	.106895	.7479849	.1451201	0
1320.15	0	.1051344	.7493255	.1455401	0
1319.15	0	.1033784	.7506626	.145959	0
1318.15	0	.101627	.7519963	.1463767	0
1317.15	0	.09988029	.7533264	.1467933	0
1316.15	0	.09813821	.7546531	.1472087	0
1315.15	0	.09640077	.7559762	.147623	0
1314.15	0	.09466794	.7572959	.1480361	0
1313.15	0	.09293973	.7586122	.1484481	0
1312.15	0	.09121613	.7599249	.148859	0
1311.15	0	.08949713	.7612342	.1492687	0
1310.15	0	.08778272	.76254	.1496773	0
1309.15	0	.08607289	.7638424	.1500847	0
1308.15	0	.08436765	.7651413	.1504911	0
1307.15	0	.08266697	.7664367	.1508963	0
1306.15	0	.08097086	.7677287	.1513005	0
1305.15	0	.07927932	.7690172	.1517035	0
1304.15	0	.07759232	.7703022	.1521055	0
1303.15	0	.07590988	.7715838	.1525063	0
1302.15	0	.07423197	.7728619	.1529061	0
1301.15	0	.0725586	.7741366	.1533048	0
1300.15	0	.07088977	.7754078	.1537024	0
1299.15	0	.06922545	.7766756	.154099	0
1298.15	0	.06756566	.7779399	.1544945	0
1297.15	0	.06591039	.7792007	.1548889	0
1296.15	0	.06425962	.7804581	.1552823	0
1295.15	0	.06261337	.781712	.1556746	0
1294.15	0	.06097161	.7829625	.1560659	0
1293.15	0	.05933435	.7842096	.1564561	0
1292.15	0	.05770158	.7854531	.1568453	0
1291.15	0	.05607331	.7866933	.1572334	0
1290.15	0	.05444952	.7879299	.1576206	0
1289.15	0	.05283021	.7891631	.1580067	0
1288.15	0	.05121538	.7903929	.1583918	0
1287.15	0	.04960502	.7916192	.1587758	0
1286.15	0	.04799913	.792842	.1591589	0
1285.15	0	.04639772	.7940613	.1595409	0
1284.15	0	.04480077	.7952772	.159922	0
1283.15	0	.04320829	.7964897	.1603021	0
1282.15	0	.04162026	.7976986	.1606811	0
1281.15	0	.0400367	.7989041	.1610592	0
1280.15	0	.03845759	.8001061	.1614363	0
1279.15	0	.03688294	.8013047	.1618124	0
1278.15	0	.03531274	.8024997	.1621875	0
1277.15	0	.03374699	.8036913	.1625617	0
1276.15	0	.03218569	.8048794	.1629349	0
1275.15	0	.03062884	.806064	.1633071	0
1274.15	0	.02907644	.8072452	.1636784	0
1273.15	0	.02752849	.8084228	.1640487	0
1272.15	0	.02598498	.8095969	.1644181	0
1271.15	0	.02444592	.8107676	.1647865	0
1270.15	0	.0229113	.8119347	.165154	0
1269.15	0	.02138114	.8130983	.1655205	0
1268.15	0	.01985541	.8142584	.1658862	0
1267.15	0	.01833414	.815415	.1662508	0
1266.15	0	.01681731	.8165681	.1666146	0
1265.15	0	.01530493	.8177177	.1669774	0
1264.15	0	.013797	.8188637	.1673393	0
1263.15	0	.01229351	.8200062	.1677003	0
1262.15	0	.01079448	.8211451	.1680604	0
1261.15	0	.009299902	.8222805	.1684196	0
1260.15	0	.007809778	.8234124	.1687779	0
1259.15	0	.006324109	.8245406	.1691353	0
1258.15	0	.004842899	.8256654	.1694917	0
1257.15	0	.00336615	.8267865	.1698473	0
1256.15	0	.001893863	.8279041	.170202	0
1255.15	0	4.260432E-04	.8290181	.1705559	0
1254.859	0	0	.8293414	.1706586	0
1254.859	0	0	.8293414	.1706586	0
1254.15	0	0	.8291274	.1708726	0
1253.15	0	0	.8288261	.1711739	0
1252.15	0	0	.8285252	.1714748	0
1251.15	0	0	.8282248	.1717752	0
1250.15	0	0	.8279249	.1720751	0
1249.15	0	0	.8276254	.1723746	0
1248.15	0	0	.8273263	.1726737	0
1247.15	0	0	.8270277	.1729723	0
1246.15	0	0	.8267296	.1732704	0
1245.15	0	0	.8264319	.1735681	0
1244.15	0	0	.8261346	.1738654	0
1243.15	0	0	.8258378	.1741622	0
1242.15	0	0	.8255415	.1744585	0
1241.15	0	0	.8252456	.1747544	0
1240.15	0	0	.8249501	.1750499	0
1239.15	0	0	.8246552	.1753448	0
1238.15	0	0	.8243606	.1756394	0
1237.15	0	0	.8240665	.1759335	0
1236.15	0	0	.8237728	.1762272	0
1235.15	0	0	.8234796	.1765204	0
1234.15	0	0	.8231868	.1768132	0
1233.15	0	0	.8228945	.1771055	0
1232.15	0	0	.8226026	.1773975	0
1231.15	0	0	.8223111	.1776889	0
1230.15	0	0	.8220201	.1779799	0
1229.15	0	0	.8217295	.1782705	0
1228.15	0	0	.8214393	.1785607	0
1227.15	0	0	.8211496	.1788504	0
1226.15	0	0	.8208603	.1791397	0
1225.15	0	0	.8205715	.1794285	0
1224.15	0	0	.8202831	.1797169	0
1223.15	0	0	.8199951	.1800049	0
1222.15	0	0	.8197075	.1802925	0
1221.15	0	0	.8194204	.1805796	0
1220.15	0	0	.8191337	.1808663	0
1219.15	0	0	.8188475	.1811526	0
1218.15	0	0	.8185616	.1814384	0
1217.15	0	0	.8182762	.1817238	0
1216.15	0	0	.8179912	.1820088	0
1215.15	0	0	.8177067	.1822933	0
1214.15	0	0	.8174225	.1825775	0
1213.15	0	0	.8171388	.1828612	0
1212.15	0	0	.8168556	.1831444	0
1211.15	0	0	.8165727	.1834273	0
1210.15	0	0	.8162903	.1837097	0
1209.15	0	0	.8160082	.1839918	0
1208.15	0	0	.8157267	.1842734	0
1207.15	0	0	.8154455	.1845545	0
1206.15	0	0	.8151647	.1848353	0
1205.15	0	0	.8148844	.1851156	0
1204.15	0	0	.8146044	.1853956	0
1203.15	0	0	.8143249	.1856751	0
1202.15	0	0	.8140458	.1859542	0
1201.15	0	0	.8137672	.1862328	0
1200.15	0	0	.8134889	.1865111	0
1199.15	0	0	.8132111	.186789	0
1198.15	0	0	.8129336	.1870664	0
1197.15	0	0	.8126566	.1873434	0
1196.15	0	0	.81238	.18762	0
1195.15	0	0	.8121038	.1878963	0
1194.15	0	0	.811828	.1881721	0
1193.15	0	0	.8115526	.1884474	0
1192.15	0	0	.8112776	.1887224	0
1191.15	0	0	.811003	.188997	0
1190.15	0	0	.8107288	.1892712	0
1189.15	0	0	.8104551	.1895449	0
1188.15	0	0	.8101817	.1898183	0
1187.15	0	0	.8099088	.1900912	0
1186.15	0	0	.8096362	.1903638	0
1185.15	0	0	.8093641	.1906359	0
1184.15	0	0	.8090923	.1909077	0
1183.15	0	0	.808821	.191179	0
1182.15	0	0	.80855	.19145	0
1181.15	0	0	.8082795	.1917205	0
1180.15	0	0	.8080093	.1919907	0
1179.15	0	0	.8077396	.1922604	0
1178.15	0	0	.8074702	.1925298	0
1177.15	0	0	.8072013	.1927987	0
1176.15	0	0	.8069327	.1930673	0
1175.15	0	0	.8066645	.1933355	0
1174.15	0	0	.8063968	.1936032	0
1173.15	0	0	.8061294	.1938706	0
1172.15	0	0	.8058624	.1941376	0
1171.15	0	0	.8055958	.1944042	0
1170.15	0	0	.8053296	.1946704	0
1169.15	0	0	.8050638	.1949362	0
1168.15	0	0	.8047984	.1952016	0
1167.15	0	0	.8045334	.1954666	0
1166.15	0	0	.8042687	.1957313	0
1165.15	0	0	.8040045	.1959955	0
1164.15	0	0	.8037406	.1962594	0
1163.15	0	0	.8034772	.1965228	0
1162.15	0	0	.8032141	.1967859	0
1161.15	0	0	.8029514	.1970486	0
1160.15	0	0	.8026891	.197311	0
1159.15	0	0	.8024271	.1975729	0
1158.15	0	0	.8021656	.1978344	0
1157.15	0	0	.8019044	.1980956	0
1156.15	0	0	.8016436	.1983564	0
1155.15	0	0	.8013832	.1986168	0
1154.15	0	0	.8011232	.1988768	0
1153.15	0	0	.8008636	.1991365	0
1152.15	0	0	.8006043	.1993957	0
1151.15	0	0	.8003454	.1996546	0
1150.15	0	0	.8000869	.1999131	0
1149.15	0	0	.7998288	.2001712	0
1148.15	0	0	.799571	.200429	0
1147.15	0	0	.7993137	.2006863	0
1146.15	0	0	.7990567	.2009433	0
1145.15	0	0	.7988001	.2012	0
1144.15	0	0	.7985438	.2014562	0
1143.15	0	0	.7982879	.2017121	0
1142.15	0	0	.7980324	.2019676	0
1141.15	0	0	.7977773	.2022227	0
1140.15	0	0	.7975226	.2024774	0
1139.15	0	0	.7972682	.2027318	0
1138.15	0	0	.7970142	.2029858	0
1137.15	0	0	.7967605	.2032395	0
1136.15	0	0	.7965073	.2034927	0
1135.15	0	0	.7962544	.2037456	0
1134.15	0	0	.7960018	.2039982	0
1133.15	0	0	.7957497	.2042503	0
1132.15	0	0	.7954979	.2045021	0
1131.15	0	0	.7952465	.2047536	0
1130.15	0	0	.7949954	.2050046	0
1129.15	0	0	.7947447	.2052553	0
1128.15	0	0	.7944944	.2055056	0
1127.15	0	0	.7942444	.2057556	0
1126.15	0	0	.7939948	.2060052	0
1125.15	0	0	.7937456	.2062545	0
1124.15	0	0	.7934967	.2065033	0
1123.15	0	0	.7932482	.2067518	0
1122.15	0	0	.793	.207	0
1121.15	0	0	.7927522	.2072478	0
1120.15	0	0	.7925048	.2074952	0
1119.15	0	0	.7922577	.2077423	0
1118.15	0	0	.792011	.207989	0
1117.15	0	0	.7917647	.2082354	0
1116.15	0	0	.7915187	.2084813	0
1115.15	0	0	.791273	.208727	0
1114.15	0	0	.7910277	.2089723	0
1113.15	0	0	.7907828	.2092172	0
1112.15	0	0	.7905382	.2094618	0
1111.15	0	0	.790294	.209706	0
1110.15	0	0	.7900502	.2099498	0
1109.15	0	0	.7898067	.2101933	0
1108.15	0	0	.7895635	.2104365	0
1107.15	0	0	.7893207	.2106793	0
1106.15	0	0	.7890783	.2109217	0
1105.15	0	0	.7888362	.2111638	0
1104.15	0	0	.7885945	.2114055	0
1103.15	0	0	.7883531	.2116469	0
1102.15	0	0	.7881121	.2118879	0
1101.15	0	0	.7878714	.2121286	0
1100.15	0	0	.787631	.212369	0
1099.15	0	0	.7873911	.212609	0
1098.15	0	0	.7871514	.2128486	0
1097.15	0	0	.7869121	.2130879	0
1096.15	0	0	.7866732	.2133268	0
1095.15	0	0	.7864346	.2135654	0
1094.15	0	0	.7861963	.2138037	0
1093.15	0	0	.7859585	.2140416	0
1092.15	0	0	.7857209	.2142791	0
1091.15	0	0	.7854837	.2145163	0
1090.15	0	0	.7852468	.2147532	0
1089.15	0	0	.7850103	.2149897	0
1088.15	0	0	.7847741	.2152259	0
1087.15	0	0	.7845383	.2154617	0
1086.15	0	0	.7843028	.2156972	0
1085.15	0	0	.7840677	.2159324	0
1084.15	0	0	.7838329	.2161672	0
1083.15	0	0	.7835984	.2164016	0
1082.15	0	0	.7833643	.2166357	0
1081.15	0	0	.7831305	.2168695	0
1080.15	0	0	.782897	.217103	0
1079.15	0	0	.7826639	.2173361	0
1078.15	0	0	.7824312	.2175688	0
1077.15	0	0	.7821987	.2178013	0
1076.15	0	0	.7819667	.2180333	0
1075.15	0	0	.7817349	.2182651	0
1074.15	0	0	.7815035	.2184965	0
1073.15	0	0	.7812724	.2187276	0
1072.15	0	0	.7810417	.2189583	0
1071.15	0	0	.7808113	.2191887	0
1070.15	0	0	.7805812	.2194188	0
1069.15	0	0	.7803515	.2196485	0
1068.15	0	0	.7801221	.2198779	0
1067.15	0	0	.779893	.220107	0
1066.15	0	0	.7796643	.2203357	0
1065.15	0	0	.7794359	.2205641	0
1064.15	0	0	.7792078	.2207922	0
1063.15	0	0	.7789801	.2210199	0
1062.15	0	0	.7787527	.2212473	0
1061.15	0	0	.7785256	.2214744	0
1060.15	0	0	.7782989	.2217011	0
1059.15	0	0	.7780725	.2219275	0
1058.15	0	0	.7778464	.2221536	0
1057.15	0	0	.7776207	.2223793	0
1056.15	0	0	.7773953	.2226047	0
1055.15	0	0	.7771702	.2228298	0
1054.15	0	0	.7769454	.2230546	0
1053.15	0	0	.776721	.223279	0
1052.15	0	0	.7764969	.2235031	0
1051.15	0	0	.7762731	.2237269	0
1050.15	0	0	.7760497	.2239503	0
1049.15	0	0	.7758266	.2241735	0
1048.15	0	0	.7756038	.2243962	0
1047.15	0	0	.7753813	.2246187	0
1046.15	0	0	.7751592	.2248408	0
1045.15	0	0	.7749373	.2250627	0
1044.15	0	0	.7747159	.2252842	0
1043.15	0	0	.7744947	.2255053	0
1042.15	0	0	.7742738	.2257262	0
1041.15	0	0	.7740533	.2259467	0
1040.15	0	0	.7738331	.2261669	0
1039.15	0	0	.7736133	.2263867	0
1038.15	0	0	.7733937	.2266063	0
1037.15	0	0	.7731745	.2268255	0
1036.15	0	0	.7729556	.2270444	0
1035.15	0	0	.772737	.227263	0
1034.15	0	0	.7725187	.2274813	0
1033.15	0	0	.7723008	.2276992	0
1032.15	0	0	.7720832	.2279168	0
1031.15	0	0	.7718659	.2281341	0
1030.15	0	0	.7716489	.2283511	0
1029.15	0	0	.7714323	.2285677	0
1028.15	0	0	.7712159	.2287841	0
1027.15	0	0	.7709999	.2290001	0
1026.15	0	0	.7707842	.2292158	0
1025.15	0	0	.7705688	.2294312	0
1024.15	0	0	.7703537	.2296463	0
1023.15	0	0	.770139	.229861	0
1022.15	0	0	.7699246	.2300754	0
1021.15	0	0	.7697105	.2302896	0
1020.15	0	0	.7694967	.2305033	0
1019.15	0	0	.7692832	.2307168	0
1018.15	0	0	.76907	.23093	0
1017.15	0	0	.7688572	.2311429	0
1016.15	0	0	.7686446	.2313554	0
1015.15	0	0	.7684324	.2315676	0
1014.15	0	0	.7682205	.2317795	0
1013.15	0	0	.7680089	.2319911	0
1012.15	0	0	.7677976	.2322024	0
1011.15	0	0	.7675867	.2324133	0
1010.15	0	0	.767376	.232624	0
1009.15	0	0	.7671657	.2328343	0
1008.15	0	0	.7669557	.2330443	0
1007.15	0	0	.766746	.233254	0
1006.15	0	0	.7665366	.2334634	0
1005.15	0	0	.7663275	.2336725	0
1004.15	0	0	.7661187	.2338813	0
1003.15	0	0	.7659103	.2340898	0
1002.15	0	0	.7657021	.2342979	0
1001.15	0	0	.7654943	.2345057	0
1000.15	0	0	.7652867	.2347133	0
999.15	0	0	.7650795	.2349205	0
998.15	0	0	.7648726	.2351274	0
997.15	0	0	.764666	.235334	0
996.15	0	0	.7644597	.2355403	0
995.15	0	0	.7642538	.2357462	0
994.15	0	0	.7640481	.2359519	0
993.15	0	0	.7638427	.2361573	0
992.15	0	0	.7636377	.2363623	0
991.15	0	0	.7634329	.2365671	0
990.15	0	0	.7632285	.2367715	0
989.15	0	0	.7630244	.2369756	0
988.15	0	0	.7628206	.2371794	0
987.15	0	0	.7626171	.2373829	0
986.15	0	0	.7624139	.2375861	0
985.15	0	0	.762211	.237789	0
984.15	0	0	.7620084	.2379916	0
983.15	0	0	.7618061	.2381939	0
982.15	0	0	.7616041	.2383959	0
981.15	0	0	.7614025	.2385975	0
980.15	0	0	.7612011	.2387989	0
979.15	0	0	.761	.239	0
978.15	0	0	.7607993	.2392007	0
977.15	0	0	.7605988	.2394012	0
976.15	0	0	.7603987	.2396013	0
975.15	0	0	.7601989	.2398011	0
974.15	0	0	.7599993	.2400007	0
973.15	0	0	.7598001	.2401999	0
972.15	0	0	.7596012	.2403988	0
971.15	0	0	.7594026	.2405974	0
970.15	0	0	.7592043	.2407958	0
969.15	0	0	.7590062	.2409938	0
968.15	0	0	.7588085	.2411915	0
967.15	0	0	.7586111	.2413889	0
966.15	0	0	.758414	.241586	0
965.15	0	0	.7582172	.2417828	0
964.15	0	0	.7580208	.2419792	0
963.15	0	0	.7578246	.2421754	0
962.15	0	0	.7576287	.2423713	0
961.15	0	0	.7574331	.2425669	0
960.15	0	0	.7572378	.2427622	0
959.15	0	0	.7570428	.2429572	0
958.15	0	0	.7568481	.2431519	0
957.15	0	0	.7566538	.2433462	0
956.15	0	0	.7564597	.2435403	0
955.15	0	0	.7562659	.2437341	0
954.15	0	0	.7560724	.2439276	0
953.15	0	0	.7558793	.2441207	0
952.15	0	0	.7556864	.2443136	0
951.15	0	0	.7554938	.2445062	0
950.15	0	0	.7553015	.2446985	0
949.15	0	0	.7551096	.2448904	0
948.15	0	0	.7549179	.2450821	0
947.15	0	0	.7547265	.2452735	0
946.15	0	0	.7545355	.2454645	0
945.15	0	0	.7543447	.2456553	0
944.15	0	0	.7541542	.2458458	0
943.15	0	0	.7539641	.2460359	0
942.15	0	0	.7537742	.2462258	0
941.15	0	0	.7535846	.2464154	0
940.15	0	0	.7533954	.2466046	0
939.15	0	0	.7532064	.2467936	0
938.15	0	0	.7530177	.2469823	0
937.15	0	0	.7528294	.2471706	0
936.15	0	0	.7526413	.2473587	0
935.15	0	0	.7524535	.2475465	0
934.15	0	0	.752266	.247734	0
933.15	0	0	.7520789	.2479212	0
932.1916	0	0	.7518998	.2481002	0
932.1916	0	0	.7518998	.2481002	0
932.1916	0	0	.7518998	.2481002	0
932.15	0	1.28581E-04	.7517674	.248104	0
931.15	0	.003237345	.7485705	.2481922	0
930.15	0	.006382628	.7453396	.2482778	0
929.15	0	.009561757	.7420774	.2483608	0
928.15	0	.0127722	.7387864	.2484414	0
927.15	0	.01601154	.735469	.2485195	0
926.15	0	.01927751	.7321273	.2485952	0
925.15	0	.02256792	.7287637	.2486684	0
924.15	0	.02588071	.72538	.2487392	0
923.15	0	.0292139	.7219784	.2488077	0
922.15	0	.03256561	.7185605	.2488739	0
921.15	0	.03593403	.7151283	.2489377	0
920.15	0	.03931746	.7116833	.2489992	0
919.15	0	.04271423	.7082273	.2490585	0
918.15	0	.04612279	.7047617	.2491155	0
917.15	0	.04954162	.7012881	.2491702	0
916.15	0	.05296929	.697808	.2492227	0
915.15	0	.05640439	.6943225	.2492731	0
914.15	0	.05984562	.6908332	.2493212	0
913.15	0	.06329169	.6873412	.2493671	0
912.15	0	.06674138	.6838477	.2494109	0
911.15	0	.07019351	.680354	.2494525	0
910.15	0	.07364695	.676861	.249492	0
909.15	0	.07710063	.67337	.2495294	0
908.15	0	.08055348	.6698819	.2495646	0
907.15	0	.08400451	.6663977	.2495978	0
906.15	0	.08745275	.6629184	.2496288	0
905.15	0	.09089727	.6594449	.2496578	0
904.15	0	.09433717	.6559781	.2496848	0
903.15	0	.09777158	.6525188	.2497097	0
902.15	0	.1011997	.6490678	.2497325	0
901.15	0	.1046206	.645626	.2497533	0
900.15	0	.1080337	.6421941	.2497721	0
899.15	0	.1114381	.6387729	.249789	0
898.15	0	.1148332	.635363	.2498038	0
897.15	0	.1182182	.6319651	.2498167	0
896.15	0	.1215925	.6285799	.2498276	0
895.15	0	.1249554	.625208	.2498365	0
894.15	0	.1283064	.6218501	.2498436	0
893.15	0	.1316447	.6185066	.2498487	0
892.15	0	.1349699	.6151782	.2498519	0
891.15	0	.1382813	.6118655	.2498532	0
890.15	0	.1415784	.6085689	.2498527	0
889.15	0	.1448608	.6052889	.2498503	0
888.15	0	.1481279	.6020261	.2498461	0
887.15	0	.1513792	.5987808	.24984	0
886.15	0	.1546142	.5955537	.2498321	0
885.15	0	.1578326	.5923449	.2498225	0
884.15	0	.1610339	.5891551	.249811	0
883.15	0	.1642176	.5859846	.2497978	0
882.15	0	.1673834	.5828337	.2497829	0
881.15	0	.1705309	.5797028	.2497663	0
880.15	0	.1736597	.5765923	.2497479	0
879.15	0	.1767695	.5735026	.2497279	0
878.15	0	.17986	.5704338	.2497062	0
877.15	0	.1829308	.5673863	.2496829	0
876.15	0	.1859816	.5643605	.2496579	0
875.15	0	.1890121	.5613565	.2496314	0
874.15	0	.1920221	.5583747	.2496032	0
873.15	0	.1950113	.5554152	.2495735	0
872.15	0	.1979794	.5524784	.2495423	0
871.15	0	.2009262	.5495643	.2495095	0
870.15	0	.2038514	.5466732	.2494753	0
869.15	0	.206755	.5438054	.2494396	0
868.15	0	.2096366	.5409609	.2494024	0
867.15	0	.2124961	.53814	.2493638	0
866.15	0	.2153334	.5353428	.2493239	0
865.15	0	.2181482	.5325693	.2492825	0
864.15	0	.2209404	.5298198	.2492398	0
863.15	0	.2237099	.5270943	.2491957	0
862.15	0	.2264566	.524393	.2491504	0
861.15	0	.2291803	.521716	.2491037	0
860.15	0	.231881	.5190632	.2490558	0
859.15	0	.2345586	.5164347	.2490067	0
858.15	0	.237213	.5138307	.2489564	0
857.15	0	.2398441	.5112511	.2489048	0
856.15	0	.2424519	.508696	.2488521	0
855.15	0	.2450364	.5061654	.2487983	0
854.15	0	.2475974	.5036592	.2487433	0
853.15	0	.2501351	.5011776	.2486873	0
852.15	0	.2526494	.4987204	.2486302	0
851.15	0	.2551404	.4962876	.248572	0
850.15	0	.2576079	.4938793	.2485129	0
849.15	0	.260052	.4914953	.2484527	0
848.15	0	.2624729	.4891356	.2483915	0
847.15	0	.2648704	.4868001	.2483294	0
846.15	0	.2672448	.4844888	.2482664	0
845.15	0	.2695959	.4822016	.2482025	0
844.15	0	.271924	.4799383	.2481377	0
843.15	0	.274229	.477699	.248072	0
842.15	0	.2765111	.4754834	.2480055	0
841.15	0	.2787704	.4732915	.2479382	0
840.15	0	.2810068	.4711231	.24787	0
839.15	0	.2832207	.4689782	.2478011	0
838.15	0	.285412	.4668565	.2477315	0
837.15	0	.287581	.4647579	.2476611	0
836.15	0	.2897276	.4626824	.24759	0
835.15	0	.2918522	.4606297	.2475182	0
834.15	0	.2939547	.4585996	.2474457	0
833.15	0	.2960353	.4565921	.2473726	0
832.15	0	.2980943	.4546069	.2472988	0
831.15	0	.3001317	.4526439	.2472244	0
830.15	0	.3021477	.4507029	.2471494	0
829.15	0	.3041425	.4487837	.2470738	0
828.15	0	.3061162	.4468862	.2469976	0
827.15	0	.3080691	.44501	.2469209	0
826.15	0	.3100012	.4431552	.2468436	0
825.15	0	.3119128	.4413213	.2467658	0
824.15	0	.3138041	.4395084	.2466876	0
823.15	0	.3156751	.4377161	.2466088	0
822.15	0	.3175262	.4359442	.2465295	0
821.15	0	.3193576	.4341926	.2464498	0
820.15	0	.3211693	.4324611	.2463696	0
819.15	0	.3229616	.4307494	.246289	0
818.15	0	.3247347	.4290574	.246208	0
817.15	0	.3264887	.4273847	.2461265	0
816.15	0	.328224	.4257313	.2460447	0
815.15	0	.3299406	.4240969	.2459625	0
814.15	0	.3316388	.4224813	.2458799	0
813.15	0	.3333188	.4208843	.2457969	0
812.15	0	.3349808	.4193057	.2457136	0
811.15	0	.3366249	.4177452	.2456299	0
810.15	0	.3382514	.4162027	.2455459	0
809.15	0	.3398605	.4146779	.2454616	0
808.15	0	.3414524	.4131707	.245377	0
807.15	0	.3430272	.4116808	.2452921	0
806.15	0	.3445852	.410208	.2452069	0
805.15	0	.3461265	.4087521	.2451214	0
804.15	0	.3476515	.407313	.2450356	0
803.15	0	.3491601	.4058903	.2449496	0
802.15	0	.3506528	.404484	.2448633	0
801.15	0	.3521295	.4030937	.2447767	0
800.15	0	.3535906	.4017194	.24469	0
799.15	0	.3550363	.4003607	.244603	0
798.15	0	.3564666	.3990176	.2445158	0
797.15	0	.3578819	.3976898	.2444283	0
796.15	0	.3592822	.3963771	.2443407	0
795.15	0	.3606679	.3950793	.2442528	0
794.15	0	.3620389	.3937963	.2441648	0
793.15	0	.3633957	.3925278	.2440766	0
792.15	0	.3647382	.3912737	.2439881	0
791.15	0	.3660667	.3900337	.2438996	0
790.15	0	.3673814	.3888078	.2438108	0
789.15	0	.3686824	.3875957	.2437219	0
788.15	0	.36997	.3863972	.2436328	0
787.15	0	.3712442	.3852122	.2435436	0
786.15	0	.3725053	.3840404	.2434543	0
785.15	0	.3737534	.3828818	.2433648	0
784.15	0	.3749887	.3817362	.2432752	0
783.15	0	.3762113	.3806033	.2431854	0
782.15	0	.3774214	.3794831	.2430956	0
781.15	0	.3786191	.3783753	.2430056	0
780.8955	0	.378922	.3780953	.2429827	0
780.8955	0	.378922	.3780953	.2429827	0
780.8955	0	.378922	.3780953	.2429827	0
780.15	0	.3821639	.3740575	.2418989	.001879747
779.15	0	.3864329	.3687301	.2404629	.004374073
778.15	0	.3906128	.3635025	.2390469	.006837805
777.15	0	.3947056	.3583723	.2376506	.009271492
776.15	0	.3987134	.3533373	.2362737	.01167567
775.15	0	.4026381	.3483954	.2349157	.01405085
774.15	0	.4064816	.3435445	.2335763	.01639755
773.15	0	.4102459	.3387826	.2322552	.01871626
772.15	0	.4139327	.3341077	.2309521	.02100746
771.15	0	.4175439	.3295179	.2296666	.02327161
770.15	0	.421081	.3250113	.2283985	.02550918
769.15	0	.4245459	.3205861	.2271474	.02772061
768.15	0	.42794	.3162406	.225913	.02990633
767.15	0	.4312651	.3119731	.2246951	.03206677
766.15	0	.4345226	.3077818	.2234933	.03420234
765.15	0	.437714	.3036652	.2223074	.03631345
764.15	0	.4408407	.2996217	.2211371	.0384005
763.15	0	.4439043	.2956497	.2199821	.04046387
762.15	0	.4469061	.2917478	.2188422	.04250394
761.15	0	.4498474	.2879144	.2177171	.04452108
760.15	0	.4527296	.2841481	.2166066	.04651566
759.15	0	.455554	.2804476	.2155105	.04848804
758.15	0	.4583217	.2768114	.2144284	.05043855
757.15	0	.461034	.2732383	.2133601	.05236755
756.15	0	.4636922	.2697269	.2123055	.05427537
755.15	0	.4662974	.2662761	.2112642	.05616233
754.15	0	.4688507	.2628844	.2102361	.05802876
753.15	0	.4713533	.2595508	.209221	.05987497
752.15	0	.4738062	.256274	.2082185	.06170128
751.15	0	.4762105	.2530529	.2072286	.06350799
750.15	0	.4785673	.2498864	.206251	.0652954
749.15	0	.4808775	.2467733	.2052855	.06706381
748.15	0	.4831421	.2437126	.2043318	.06881349
747.15	0	.4853622	.2407031	.2033899	.07054474
746.15	0	.4875387	.237744	.2024595	.07225783
745.15	0	.4896725	.2348341	.2015403	.07395304
744.15	0	.4917645	.2319725	.2006323	.07563064
743.15	0	.4938157	.2291582	.1997353	.07729089
742.15	0	.4958268	.2263902	.1988489	.07893405
741.15	0	.4977988	.2236677	.1979732	.08056038
740.15	0	.4997324	.2209896	.1971078	.08217014
739.15	0	.5016285	.2183552	.1962527	.08376356
738.15	0	.503488	.2157636	.1954076	.08534089
737.15	0	.5053114	.2132138	.1945724	.08690238
736.15	0	.5070998	.2107051	.1937469	.08844826
735.15	0	.5088537	.2082366	.192931	.08997875
734.15	0	.5105739	.2058076	.1921244	.0914941
733.15	0	.5122612	.2034172	.1913271	.09299452
732.15	0	.5139162	.2010647	.1905388	.09448024
731.15	0	.5155397	.1987494	.1897595	.09595147
730.15	0	.5171322	.1964704	.188989	.09740844
729.15	0	.5186945	.1942271	.1882271	.09885134
728.15	0	.5202272	.1920188	.1874736	.1002804
727.15	0	.5217309	.1898448	.1867285	.1016958
726.15	0	.5232063	.1877044	.1859916	.1030978
725.15	0	.5246539	.1855969	.1852628	.1044865
724.15	0	.5260743	.1835217	.1845418	.1058621
723.15	0	.5274682	.1814782	.1838287	.1072249
722.15	0	.5288361	.1794657	.1831232	.1085751
721.15	0	.5301785	.1774836	.1824253	.1099127
720.15	0	.5314959	.1755313	.1817347	.1112381
719.15	0	.532789	.1736083	.1810514	.1125513
718.15	0	.5340582	.1717139	.1803753	.1138526
717.15	0	.535304	.1698476	.1797062	.1151421
716.15	0	.536527	.1680089	.1790441	.11642
715.15	0	.5377275	.1661973	.1783887	.1176865
714.15	0	.5389062	.1644121	.17774	.1189418
713.15	0	.5400634	.1626529	.1770979	.1201859
712.15	0	.5411995	.1609191	.1764622	.1214191
711.15	0	.5423152	.1592104	.1758329	.1226415
710.15	0	.5434107	.1575261	.1752099	.1238534
709.15	0	.5444864	.1558659	.1745929	.1250547
708.15	0	.545543	.1542292	.173982	.1262458
707.15	0	.5465806	.1526157	.1733771	.1274266
706.15	0	.5475997	.1510248	.172778	.1285975
705.15	0	.5486007	.1494561	.1721847	.1297585
704.15	0	.549584	.1479092	.1715969	.1309098
703.15	0	.55055	.1463838	.1710148	.1320514
702.15	0	.551499	.1448793	.1704381	.1331837
701.15	0	.5524313	.1433954	.1698668	.1343065
700.15	0	.5533474	.1419316	.1693007	.1354203
699.15	0	.5542475	.1404877	.1687399	.1365249
698.15	0	.555132	.1390632	.1681842	.1376207
697.15	0	.5560012	.1376578	.1676334	.1387076
696.15	0	.5568554	.136271	.1670877	.1397859
695.15	0	.5576949	.1349026	.1665468	.1408556
694.15	0	.5585201	.1335523	.1660107	.141917
693.15	0	.5593312	.1322196	.1654793	.14297
692.15	0	.5601285	.1309042	.1649525	.1440148
691.15	0	.5609124	.1296059	.1644303	.1450515
690.15	0	.561683	.1283242	.1639125	.1460803
689.15	0	.5624406	.127059	.1633992	.1471012
688.15	0	.5631856	.1258098	.1628902	.1481144
687.15	0	.5639182	.1245764	.1623855	.14912
686.15	0	.5646385	.1233585	.1618849	.150118
685.15	0	.565347	.1221559	.1613885	.1511086
684.15	0	.5660437	.1209681	.1608962	.1520919
683.15	0	.5667291	.1197951	.1604079	.153068
682.15	0	.5674031	.1186364	.1599235	.154037
681.15	0	.5680662	.1174918	.1594431	.1549989
680.15	0	.5687186	.1163611	.1589664	.1559539
679.15	0	.5693604	.1152441	.1584935	.1569021
678.15	0	.5699918	.1141404	.1580242	.1578436
677.15	0	.5706131	.1130498	.1575587	.1587785
676.15	0	.5712244	.1119721	.1570967	.1597068
675.15	0	.5718261	.1109071	.1566382	.1606286
674.15	0	.5724182	.1098545	.1561832	.1615441
673.15	0	.5730009	.1088142	.1557317	.1624532
672.15	0	.5735745	.1077858	.1552835	.1633562
671.15	0	.5741391	.1067692	.1548386	.1642531
670.15	0	.5746949	.1057642	.154397	.1651439
669.15	0	.575242	.1047705	.1539587	.1660288
668.15	0	.5757807	.103788	.1535234	.1669079
667.15	0	.5763111	.1028165	.1530914	.1677811
666.15	0	.5768333	.1018557	.1526623	.1686486
665.15	0	.5773476	.1009056	.1522364	.1695105
664.15	0	.5778541	.09996577	.1518134	.1703668
663.15	0	.5783529	.0990362	.1513933	.1712176
662.15	0	.5788453	.09811551	.1509756	.1720636
661.15	0	.5793291	.09720599	.1505614	.1729036
660.15	0	.5798056	.09630615	.15015	.1737383
659.15	0	.5802751	.09541581	.1497413	.1745678
658.15	0	.5807376	.0945348	.1493353	.1753923
657.15	0	.5811933	.09366298	.1489321	.1762116
656.15	0	.5816424	.09280018	.1485315	.177026
655.15	0	.5820849	.09194624	.1481335	.1778354
654.15	0	.582521	.09110102	.147738	.17864
653.15	0	.5829508	.09026437	.1473452	.1794397
652.15	0	.5833744	.08943614	.1469548	.1802347
651.15	0	.5837919	.08861619	.1465668	.1810251
650.15	0	.5842035	.08780437	.1461813	.1818108
649.15	0	.5846093	.08700055	.1457982	.182592
648.15	0	.5850093	.0862046	.1454175	.1833686
647.15	0	.5854037	.08541638	.1450391	.1841408
646.15	0	.5857926	.08463576	.144663	.1849086
645.15	0	.5861762	.08386262	.1442891	.1856721
644.15	0	.5865544	.08309682	.1439175	.1864313
643.15	0	.5869273	.08233824	.1435481	.1871863
642.15	0	.5872952	.08158677	.1431808	.1879371
641.15	0	.5876581	.08084228	.1428158	.1886839
640.15	0	.5880161	.08010466	.1424528	.1894265
639.15	0	.5883692	.07937379	.1420919	.1901651
638.15	0	.5887176	.07864957	.1417331	.1908998
637.15	0	.5890613	.07793187	.1413763	.1916305
636.15	0	.5894005	.07722059	.1410215	.1923574
635.15	0	.5897352	.07651563	.1406686	.1930805
634.15	0	.5900655	.07581689	.1403178	.1937998
633.15	0	.5903915	.07512425	.1399688	.1945154
632.15	0	.5907133	.07443761	.1396218	.1952273
631.15	0	.5910309	.07375689	.1392766	.1959356
630.15	0	.5913445	.07308198	.1389333	.1966403
629.15	0	.591654	.07241278	.1385918	.1973414
628.15	0	.5919596	.07174921	.1382521	.198039
627.15	0	.5922614	.07109117	.1379142	.1987332
626.15	0	.5925594	.07043857	.1375781	.199424
625.15	0	.5928536	.06979132	.1372437	.2001114
624.15	0	.5931442	.06914934	.136911	.2007955
623.15	0	.5934312	.06851253	.1365799	.2014763
622.15	0	.5937148	.06788082	.1362506	.2021538
621.15	0	.5939948	.06725412	.1359229	.2028282
620.15	0	.5942715	.06663235	.1355968	.2034993
619.15	0	.5945448	.06601544	.1352724	.2041673
618.15	0	.5948149	.0654033	.1349495	.2048323
617.15	0	.5950818	.06479585	.1346282	.2054941
616.15	0	.5953455	.06419303	.1343085	.206153
615.15	0	.5956062	.06359475	.1339903	.2068088
614.15	0	.5958638	.06300094	.1336735	.2074617
613.15	0	.5961184	.06241154	.1333583	.2081117
612.15	0	.5963701	.06182647	.1330446	.2087588
611.15	0	.596619	.06124566	.1327323	.2094031
610.15	0	.596865	.06066904	.1324215	.2100445
609.15	0	.5971082	.06009656	.1321121	.2106832
608.15	0	.5973487	.05952813	.1318041	.2113191
607.15	0	.5975866	.0589637	.1314974	.2119523
606.15	0	.5978218	.0584032	.1311922	.2125828
605.15	0	.5980545	.05784658	.1308883	.2132107
604.15	0	.5982846	.05729376	.1305858	.2138359
603.15	0	.5985122	.05674469	.1302846	.2144585
602.15	0	.5987375	.05619931	.1299846	.2150786
601.15	0	.5989603	.05565757	.129686	.2156961
600.15	0	.5991807	.0551194	.1293887	.2163112
599.15	0	.5993989	.05458474	.1290927	.2169237
598.15	0	.5996148	.05405355	.1287979	.2175338
597.15	0	.5998284	.05352577	.1285043	.2181415
596.15	0	.6000399	.05300134	.128212	.2187468
595.15	0	.6002492	.05248021	.1279209	.2193497
594.15	0	.6004564	.05196233	.1276309	.2199503
593.15	0	.6006615	.05144765	.1273422	.2205486
592.15	0	.6008647	.05093611	.1270546	.2211446
591.15	0	.6010658	.05042768	.1267682	.2217383
590.15	0	.6012649	.0499223	.126483	.2223298
589.15	0	.6014621	.04941992	.1261989	.2229191
588.15	0	.6016574	.04892049	.1259159	.2235062
587.15	0	.6018509	.04842398	.125634	.2240911
586.15	0	.6020425	.04793033	.1253532	.2246739
585.15	0	.6022323	.0474395	.1250736	.2252546
584.15	0	.6024204	.04695144	.124795	.2258332
583.15	0	.6026068	.04646611	.1245174	.2264097
582.15	0	.6027914	.04598348	.1242409	.2269842
581.15	0	.6029744	.04550349	.1239655	.2275566
580.15	0	.6031557	.0450261	.1236911	.228127
579.15	0	.6033355	.04455128	.1234177	.2286955
578.15	0	.6035136	.04407899	.1231454	.229262
577.15	0	.6036902	.04360918	.122874	.2298266
576.15	0	.6038653	.04314182	.1226037	.2303892
575.15	0	.6040389	.04267687	.1223343	.23095
574.15	0	.604211	.04221429	.1220659	.2315089
573.15	0	.6043816	.04175404	.1217984	.2320659
572.15	0	.6045509	.04129609	.121532	.2326211
571.15	0	.6047187	.04084041	.1212664	.2331745
570.15	0	.6048852	.04038694	.1210018	.233726
569.15	0	.6050503	.03993567	.1207382	.2342758
568.15	0	.6052141	.03948656	.1204754	.2348239
567.15	0	.6053767	.03903957	.1202136	.2353702
566.15	0	.6055379	.03859467	.1199527	.2359148
565.15	0	.6056979	.03815183	.1196927	.2364576
564.15	0	.6058567	.03771102	.1194335	.2369988
563.15	0	.6060142	.03727219	.1191752	.2375383
562.15	0	.6061706	.03683533	.1189178	.2380762
561.15	0	.6063259	.0364004	.1186613	.2386124
560.15	0	.6064799	.03596737	.1184057	.239147
559.15	0	.6066329	.03553622	.1181508	.2396801
558.15	0	.6067848	.0351069	.1178968	.2402115
557.15	0	.6069356	.0346794	.1176437	.2407414
556.15	0	.6070853	.03425368	.1173914	.2412697
555.15	0	.607234	.03382971	.1171399	.2417964
554.15	0	.6073817	.03340747	.1168892	.2423217
553.15	0	.6075283	.03298694	.1166393	.2428455
552.15	0	.607674	.03256807	.1163902	.2433677
551.15	0	.6078188	.03215086	.1161419	.2438885
550.15	0	.6079625	.03173526	.1158944	.2444078
549.15	0	.6081054	.03132126	.1156476	.2449257
548.15	0	.6082473	.03090882	.1154017	.2454422
547.15	0	.6083884	.03049793	.1151565	.2459572
546.15	0	.6085285	.03008856	.114912	.2464709
545.15	0	.6086678	.02968069	.1146684	.2469832
544.15	0	.6088063	.02927428	.1144254	.247494
543.15	0	.6089439	.02886932	.1141832	.2480036
542.15	0	.6090807	.02846578	.1139418	.2485118
541.15	0	.6092167	.02806364	.113701	.2490186
540.15	0	.609352	.02766288	.113461	.2495241
539.15	0	.6094864	.02726348	.1132217	.2500284
538.15	0	.6096201	.02686541	.1129831	.2505313
537.15	0	.6097531	.02646864	.1127453	.251033
536.15	0	.6098854	.02607317	.1125081	.2515334
535.15	0	.6100169	.02567896	.1122716	.2520325
534.15	0	.6101477	.025286	.1120359	.2525304
533.15	0	.6102779	.02489427	.1118008	.2530271
532.15	0	.6104074	.02450374	.1115663	.2535225
531.15	0	.6105362	.0241144	.1113326	.2540168
530.15	0	.6106644	.02372622	.1110995	.2545098
529.15	0	.610792	.02333919	.1108671	.2550017
528.15	0	.6109189	.02295328	.1106354	.2554924
527.15	0	.6110453	.02256848	.1104043	.2559819
526.15	0	.611171	.02218477	.1101739	.2564703
525.15	0	.6112962	.02180213	.1099441	.2569576
524.15	0	.6114208	.02142054	.109715	.2574437
523.15	0	.6115448	.02103999	.1094864	.2579287
522.15	0	.6116683	.02066044	.1092586	.2584126
521.15	0	.6117913	.0202819	.1090313	.2588954
520.15	0	.6119138	.01990434	.1088047	.2593772
519.15	0	.6120357	.01952774	.1085787	.2598579
518.15	0	.6121571	.01915208	.1083534	.2603375
517.15	0	.612278	.01877735	.1081286	.260816
516.15	0	.6123985	.01840354	.1079044	.2612935
515.15	0	.6125185	.01803062	.1076809	.26177
514.15	0	.612638	.01765858	.1074579	.2622455
513.15	0	.6127571	.01728741	.1072356	.2627199
512.15	0	.6128758	.01691708	.1070138	.2631934
511.15	0	.612994	.01654759	.1067927	.2636658
510.15	0	.6131118	.01617891	.1065721	.2641373
509.15	0	.6132291	.01581104	.1063521	.2646078
508.15	0	.6133461	.01544395	.1061326	.2650773
507.15	0	.6134627	.01507764	.1059138	.2655459
506.15	0	.6135789	.01471208	.1056955	.2660135
505.15	0	.6136948	.01434726	.1054778	.2664802
504.15	0	.6138102	.01398318	.1052606	.266946
503.15	0	.6139254	.01361981	.105044	.2674108
502.15	0	.6140401	.01325714	.104828	.2678747
501.15	0	.6141546	.01289516	.1046125	.2683378
500.15	0	.6142687	.01253385	.1043976	.2687999
499.15	0	.6143824	.0121732	.1041832	.2692612
498.15	0	.6144959	.0118132	.1039694	.2697215
497.15	0	.6146091	.01145383	.1037561	.270181
496.15	0	.6147219	.01109508	.1035433	.2706397
495.15	0	.6148345	.01073694	.1033311	.2710975
494.15	0	.6149468	.0103794	.1031194	.2715544
493.15	0	.6150588	.01002244	.1029082	.2720105
492.15	0	.6151705	.009666051	.1026976	.2724658
491.15	0	.615282	.00931022	.1024875	.2729203
490.15	0	.6153933	.008954964	.1022779	.2733739
489.15	0	.6155042	.008600215	.1020688	.2738267
488.15	0	.615615	.008245989	.1018603	.2742788
487.15	0	.6157255	.007892274	.1016522	.27473
486.15	0	.6158358	.007539059	.1014447	.2751805
485.15	0	.6159459	.007186332	.1012376	.2756302
484.15	0	.6160557	.006834082	.1010311	.2760791
483.15	0	.6161654	.006482299	.1008251	.2765273
482.15	0	.6162748	.006130971	.1006195	.2769747
481.15	0	.6163841	.005780087	.1004145	.2774213
480.15	0	.6164932	.005429636	.1002099	.2778672
479.15	0	.6166021	.005079609	.1000059	.2783124
478.15	0	.6167108	.004729994	.09980234	.2787569
477.15	0	.6168194	.004380782	.09959926	.2792006
476.15	0	.6169277	.004031962	.09939666	.2796436
475.15	0	.617036	.003683523	.09919455	.280086
474.15	0	.6171441	.003335457	.09899291	.2805276
473.15	0	.617252	.002987753	.09879175	.2809685
472.15	0	.6173598	.002640401	.09859107	.2814087
471.15	0	.6174675	.002293392	.09839086	.2818483
470.15	0	.617575	.001946717	.09819111	.2822871
469.15	0	.6176825	.001600365	.09799184	.2827253
468.15	0	.6177898	.001254328	.09779303	.2831629
467.15	0	.617897	9.085956E-04	.09759468	.2835998
466.15	0	.6180041	5.631599E-04	.0973968	.284036
465.15	0	.618111	2.180115E-04	.09719937	.2844716
464.5179	0	.6181786	0	.09707482	.2847466
464.5179	0	.6181786	0	.09707482	.2847466
464.15	0	.6181631	0	.09704229	.2847946
463.15	0	.6181212	0	.09695427	.2849245
462.15	0	.6180796	0	.09686683	.2850536
461.15	0	.6180383	0	.09677996	.2851818
460.15	0	.6179972	0	.09669367	.2853091
459.15	0	.6179565	0	.09660795	.2854355
458.15	0	.6179161	0	.0965228	.2855611
457.15	0	.617876	0	.09643823	.2856858
