T	 BPW(LIQUID)	BPW(BCC_A2)	BPW(FCC_A1)	BPW(LAVES_PHASE_C14)	BPW(NI3TI)
1473.15	0	1	0	0	0
1472.15	0	1	0	0	0
1471.15	0	1	0	0	0
1470.15	0	1	0	0	0
1469.15	0	1	0	0	0
1468.15	0	1	0	0	0
1467.15	0	1	0	0	0
1466.15	0	1	0	0	0
1465.15	0	1	0	0	0
1464.15	0	1	0	0	0
1463.15	0	1	0	0	0
1462.15	0	1	0	0	0
1461.15	0	1	0	0	0
1460.15	0	1	0	0	0
1459.15	0	1	0	0	0
1458.15	0	1	0	0	0
1457.15	0	1	0	0	0
1456.15	0	1	0	0	0
1455.15	0	1	0	0	0
1454.15	0	1	0	0	0
1453.15	0	1	0	0	0
1452.15	0	1	0	0	0
1451.15	0	1	0	0	0
1450.15	0	1	0	0	0
1449.15	0	1	0	0	0
1448.15	0	1	0	0	0
1447.15	0	1	0	0	0
1446.15	0	1	0	0	0
1445.15	0	1	0	0	0
1444.15	0	1	0	0	0
1443.15	0	1	0	0	0
1442.15	0	1	0	0	0
1441.15	0	1	0	0	0
1440.15	0	1	0	0	0
1439.15	0	1	0	0	0
1438.15	0	1	0	0	0
1437.15	0	1	0	0	0
1436.15	0	1	0	0	0
1435.15	0	1	0	0	0
1434.15	0	1	0	0	0
1433.15	0	1	0	0	0
1432.15	0	1	0	0	0
1431.15	0	1	0	0	0
1430.15	0	1	0	0	0
1429.15	0	1	0	0	0
1428.15	0	1	0	0	0
1427.15	0	1	0	0	0
1426.15	0	1	0	0	0
1425.15	0	1	0	0	0
1424.15	0	1	0	0	0
1423.15	0	1	0	0	0
1422.15	0	1	0	0	0
1421.15	0	1	0	0	0
1420.15	0	1	0	0	0
1419.15	0	1	0	0	0
1418.15	0	1	0	0	0
1417.15	0	1	0	0	0
1416.15	0	1	0	0	0
1415.15	0	1	0	0	0
1414.15	0	1	0	0	0
1413.15	0	1	0	0	0
1412.15	0	1	0	0	0
1411.15	0	1	0	0	0
1410.15	0	1	0	0	0
1409.15	0	1	0	0	0
1408.15	0	1	0	0	0
1407.15	0	1	0	0	0
1406.15	0	1	0	0	0
1405.15	0	1	0	0	0
1404.15	0	1	0	0	0
1403.15	0	1	0	0	0
1402.15	0	1	0	0	0
1401.15	0	1	0	0	0
1400.15	0	1	0	0	0
1399.15	0	1	0	0	0
1398.15	0	1	0	0	0
1397.15	0	1	0	0	0
1396.15	0	1	0	0	0
1395.15	0	1	0	0	0
1394.15	0	1	0	0	0
1393.15	0	1	0	0	0
1392.15	0	1	0	0	0
1391.15	0	1	0	0	0
1390.15	0	1	0	0	0
1389.15	0	1	0	0	0
1388.15	0	1	0	0	0
1387.15	0	1	0	0	0
1386.15	0	1	0	0	0
1385.15	0	1	0	0	0
1384.15	0	1	0	0	0
1383.15	0	1	0	0	0
1382.15	0	1	0	0	0
1381.15	0	1	0	0	0
1380.15	0	1	0	0	0
1379.15	0	1	0	0	0
1378.15	0	1	0	0	0
1377.15	0	1	0	0	0
1376.15	0	1	0	0	0
1375.15	0	1	0	0	0
1374.15	0	1	0	0	0
1373.15	0	1	0	0	0
1372.15	0	1	0	0	0
1371.15	0	1	0	0	0
1370.15	0	1	0	0	0
1369.15	0	1	0	0	0
1368.15	0	1	0	0	0
1367.15	0	1	0	0	0
1366.15	0	1	0	0	0
1365.15	0	1	0	0	0
1364.15	0	1	0	0	0
1363.15	0	1	0	0	0
1362.15	0	1	0	0	0
1361.15	0	1	0	0	0
1360.15	0	1	0	0	0
1359.15	0	1	0	0	0
1358.15	0	1	0	0	0
1357.15	0	1	0	0	0
1356.15	0	1	0	0	0
1355.15	0	1	0	0	0
1354.15	0	1	0	0	0
1353.15	0	1	0	0	0
1352.15	0	1	0	0	0
1351.15	0	1	0	0	0
1350.15	0	1	0	0	0
1349.15	0	1	0	0	0
1348.15	0	1	0	0	0
1347.15	0	1	0	0	0
1346.15	0	1	0	0	0
1345.15	0	1	0	0	0
1344.15	0	1	0	0	0
1343.15	0	1	0	0	0
1342.15	0	1	0	0	0
1341.557	0	1	0	0	0
1341.557	0	1	0	0	0
1341.557	0	1	0	0	0
1341.15	0	.9993725	6.275294E-04	0	0
1340.15	0	.9978323	.002167694	0	0
1339.15	0	.9962948	.003705253	0	0
1338.15	0	.9947598	.005240208	0	0
1337.15	0	.9932274	.006772558	0	0
1336.15	0	.9916977	.008302303	0	0
1335.15	0	.9901706	.009829443	0	0
1334.15	0	.988646	.01135398	0	0
1333.15	0	.9871241	.01287591	0	0
1332.15	0	.9856048	.01439523	0	0
1331.15	0	.9840881	.01591195	0	0
1330.15	0	.9825739	.01742606	0	0
1329.15	0	.9810624	.01893757	0	0
1328.15	0	.9795535	.02044647	0	0
1327.15	0	.9780472	.02195276	0	0
1326.15	0	.9765436	.02345645	0	0
1325.15	0	.9750425	.02495753	0	0
1324.15	0	.973544	.026456	0	0
1323.15	0	.9720481	.02795186	0	0
1322.15	0	.9705549	.02944511	0	0
1321.15	0	.9690642	.03093575	0	0
1320.15	0	.9675762	.03242378	0	0
1319.15	0	.9660908	.0339092	0	0
1318.15	0	.964608	.03539201	0	0
1317.15	0	.9631278	.03687221	0	0
1316.15	0	.9616502	.03834979	0	0
1315.15	0	.9601752	.03982476	0	0
1314.15	0	.9587029	.04129711	0	0
1313.15	0	.9572332	.04276685	0	0
1312.15	0	.955766	.04423397	0	0
1311.15	0	.9543015	.04569847	0	0
1310.15	0	.9528396	.04716036	0	0
1309.15	0	.9513804	.04861962	0	0
1308.15	0	.9499237	.05007627	0	0
1307.15	0	.9484697	.05153029	0	0
1306.15	0	.9470183	.05298169	0	0
1305.15	0	.9455695	.05443046	0	0
1304.15	0	.9441234	.05587661	0	0
1303.15	0	.9426799	.05732013	0	0
1302.15	0	.941239	.05876103	0	0
1301.15	0	.9398007	.06019929	0	0
1300.15	0	.9383651	.06163493	0	0
1299.15	0	.9369321	.06306793	0	0
1298.15	0	.9355017	.06449829	0	0
1297.15	0	.934074	.06592603	0	0
1296.15	0	.9326489	.06735112	0	0
1295.15	0	.9312264	.06877358	0	0
1294.15	0	.9298066	.0701934	0	0
1293.15	0	.9283894	.07161057	0	0
1292.15	0	.9269749	.07302511	0	0
1291.15	0	.925563	.07443699	0	0
1290.15	0	.9241538	.07584623	0	0
1289.15	0	.9227472	.07725282	0	0
1288.15	0	.9213432	.07865676	0	0
1287.15	0	.919942	.08005805	0	0
1286.15	0	.9185433	.08145668	0	0
1285.15	0	.9171473	.08285266	0	0
1284.15	0	.915754	.08424597	0	0
1283.15	0	.9143634	.08563663	0	0
1282.15	0	.9129754	.08702462	0	0
1281.15	0	.9115901	.08840995	0	0
1280.15	0	.9102074	.08979261	0	0
1279.15	0	.9088274	.09117259	0	0
1278.15	0	.9074501	.09254991	0	0
1277.15	0	.9060755	.09392455	0	0
1276.15	0	.9047035	.09529652	0	0
1275.15	0	.9033342	.0966658	0	0
1274.15	0	.9019676	.0980324	0	0
1273.15	0	.9006037	.09939632	0	0
1272.15	0	.8992425	.1007576	0	0
1271.15	0	.8978839	.1021161	0	0
1270.15	0	.8965281	.1034719	0	0
1269.15	0	.8951749	.1048251	0	0
1268.15	0	.8938245	.1061755	0	0
1267.15	0	.8924767	.1075233	0	0
1266.15	0	.8911317	.1088683	0	0
1265.15	0	.8897893	.1102107	0	0
1264.15	0	.8884497	.1115503	0	0
1263.15	0	.8871128	.1128872	0	0
1262.15	0	.8857786	.1142214	0	0
1261.15	0	.8844471	.1155529	0	0
1260.15	0	.8831184	.1168816	0	0
1259.15	0	.8817924	.1182076	0	0
1258.15	0	.8804691	.1195309	0	0
1257.15	0	.8791485	.1208515	0	0
1256.15	0	.8778307	.1221693	0	0
1255.15	0	.8765156	.1234844	0	0
1254.15	0	.8752033	.1247968	0	0
1253.15	0	.8738937	.1261063	0	0
1252.15	0	.8725868	.1274132	0	0
1251.15	0	.8712827	.1287173	0	0
1250.15	0	.8699814	.1300186	0	0
1249.15	0	.8686829	.1313171	0	0
1248.15	0	.8673871	.1326129	0	0
1247.15	0	.866094	.133906	0	0
1246.15	0	.8648038	.1351962	0	0
1245.15	0	.8635163	.1364837	0	0
1244.15	0	.8622316	.1377684	0	0
1243.15	0	.8609497	.1390503	0	0
1242.15	0	.8596706	.1403294	0	0
1241.15	0	.8583943	.1416057	0	0
1240.15	0	.8571208	.1428792	0	0
1239.15	0	.8558501	.1441499	0	0
1238.15	0	.8545822	.1454178	0	0
1237.15	0	.8533172	.1466829	0	0
1236.15	0	.8520549	.1479451	0	0
1235.15	0	.8507955	.1492046	0	0
1234.15	0	.8495388	.1504612	0	0
1233.15	0	.8482851	.1517149	0	0
1232.15	0	.8470341	.1529659	0	0
1231.15	0	.845786	.154214	0	0
1230.15	0	.8445408	.1554592	0	0
1229.15	0	.8432984	.1567016	0	0
1228.15	0	.8420589	.1579411	0	0
1227.15	0	.8408222	.1591778	0	0
1226.15	0	.8395884	.1604116	0	0
1225.15	0	.8383575	.1616425	0	0
1224.15	0	.8371294	.1628706	0	0
1223.15	0	.8359043	.1640957	0	0
1222.15	0	.834682	.165318	0	0
1221.15	0	.8334627	.1665374	0	0
1220.15	0	.8322462	.1677538	0	0
1219.15	0	.8310326	.1689674	0	0
1218.15	0	.829822	.170178	0	0
1217.15	0	.8286143	.1713858	0	0
1216.15	0	.8274095	.1725906	0	0
1215.15	0	.8262076	.1737924	0	0
1214.15	0	.8250087	.1749913	0	0
1213.15	0	.8238127	.1761873	0	0
1212.15	0	.8226196	.1773804	0	0
1211.15	0	.8214296	.1785705	0	0
1210.15	0	.8202424	.1797576	0	0
1209.15	0	.8190583	.1809417	0	0
1208.15	0	.8178771	.1821229	0	0
1207.15	0	.8166989	.1833011	0	0
1206.15	0	.8155237	.1844763	0	0
1205.15	0	.8143515	.1856485	0	0
1204.15	0	.8131823	.1868177	0	0
1203.15	0	.8120162	.1879838	0	0
1202.15	0	.810853	.189147	0	0
1201.15	0	.8096929	.1903072	0	0
1200.15	0	.8085357	.1914643	0	0
1199.15	0	.8073817	.1926183	0	0
1198.15	0	.8062306	.1937694	0	0
1197.15	0	.8050827	.1949173	0	0
1196.15	0	.8039378	.1960622	0	0
1195.15	0	.8027959	.1972041	0	0
1194.15	0	.8016572	.1983428	0	0
1193.15	0	.8005215	.1994785	0	0
1192.15	0	.7993889	.2006111	0	0
1191.15	0	.7982594	.2017406	0	0
1190.15	0	.797133	.202867	0	0
1189.15	0	.7960098	.2039903	0	0
1188.15	0	.7948896	.2051104	0	0
1187.15	0	.7937726	.2062274	0	0
1186.15	0	.7926587	.2073413	0	0
1185.15	0	.791548	.208452	0	0
1184.15	0	.7904405	.2095595	0	0
1183.15	0	.7893361	.2106639	0	0
1182.15	0	.7882349	.2117652	0	0
1181.15	0	.7871368	.2128632	0	0
1180.15	0	.786042	.213958	0	0
1179.15	0	.7849503	.2150497	0	0
1178.15	0	.7838619	.2161381	0	0
1177.15	0	.7827767	.2172233	0	0
1176.15	0	.7816947	.2183053	0	0
1175.15	0	.780616	.219384	0	0
1174.15	0	.7795405	.2204595	0	0
1173.15	0	.7784682	.2215318	0	0
1172.15	0	.7773993	.2226007	0	0
1171.15	0	.7763336	.2236664	0	0
1170.15	0	.7752712	.2247288	0	0
1169.15	0	.774212	.225788	0	0
1168.15	0	.7731562	.2268438	0	0
1167.15	0	.7721037	.2278963	0	0
1166.15	0	.7710546	.2289454	0	0
1165.15	0	.7700087	.2299913	0	0
1164.15	0	.7689663	.2310337	0	0
1163.15	0	.7679271	.2320729	0	0
1162.15	0	.7668914	.2331086	0	0
1161.15	0	.765859	.234141	0	0
1160.15	0	.76483	.23517	0	0
1159.15	0	.7638044	.2361956	0	0
1158.15	0	.7627822	.2372178	0	0
1157.15	0	.7617635	.2382365	0	0
1156.15	0	.7607481	.2392519	0	0
1155.15	0	.7597363	.2402637	0	0
1154.15	0	.7587278	.2412722	0	0
1153.15	0	.7577228	.2422772	0	0
1152.15	0	.7567214	.2432787	0	0
1151.15	0	.7557234	.2442766	0	0
1150.15	0	.7547289	.2452711	0	0
1149.15	0	.7537379	.2462621	0	0
1148.15	0	.7527504	.2472496	0	0
1147.15	0	.7517665	.2482335	0	0
1146.15	0	.7507861	.2492139	0	0
1145.15	0	.7498093	.2501907	0	0
1144.15	0	.7488361	.2511639	0	0
1143.15	0	.7478665	.2521336	0	0
1142.15	0	.7469004	.2530996	0	0
1141.15	0	.745938	.254062	0	0
1140.15	0	.7449791	.2550209	0	0
1139.15	0	.744024	.255976	0	0
1138.15	0	.7430724	.2569276	0	0
1137.15	0	.7421246	.2578754	0	0
1136.15	0	.7411804	.2588196	0	0
1135.15	0	.7402399	.2597601	0	0
1134.15	0	.7393031	.2606969	0	0
1133.15	0	.73837	.26163	0	0
1132.15	0	.7374407	.2625593	0	0
1131.15	0	.7365151	.2634849	0	0
1130.15	0	.7355932	.2644068	0	0
1129.15	0	.7346751	.2653249	0	0
1128.15	0	.7337608	.2662392	0	0
1127.15	0	.7328504	.2671497	0	0
1126.15	0	.7319437	.2680563	0	0
1125.15	0	.7310408	.2689592	0	0
1124.15	0	.7301418	.2698582	0	0
1123.15	0	.7292467	.2707533	0	0
1122.15	0	.7283554	.2716446	0	0
1121.15	0	.727468	.272532	0	0
1120.15	0	.7265845	.2734155	0	0
1119.15	0	.725705	.274295	0	0
1118.15	0	.7248293	.2751707	0	0
1117.15	0	.7239576	.2760424	0	0
1116.15	0	.7230899	.2769101	0	0
1115.15	0	.7222262	.2777738	0	0
1114.15	0	.7213664	.2786336	0	0
1113.15	0	.7205107	.2794893	0	0
1112.15	0	.719659	.280341	0	0
1111.15	0	.7188113	.2811887	0	0
1110.15	0	.7179677	.2820323	0	0
1109.15	0	.7171282	.2828718	0	0
1108.15	0	.7162927	.2837073	0	0
1107.15	0	.7154614	.2845386	0	0
1106.15	0	.7146342	.2853658	0	0
1105.15	0	.7138111	.2861889	0	0
1104.15	0	.7129922	.2870078	0	0
1103.15	0	.7121775	.2878225	0	0
1102.15	0	.7113669	.2886331	0	0
1101.15	0	.7105606	.2894394	0	0
1100.15	0	.7097585	.2902415	0	0
1099.15	0	.7089606	.2910394	0	0
1098.15	0	.708167	.291833	0	0
1097.15	0	.7073777	.2926223	0	0
1096.15	0	.7065927	.2934073	0	0
1095.15	0	.705812	.294188	0	0
1094.15	0	.7050356	.2949644	0	0
1093.15	0	.7042636	.2957364	0	0
1092.15	0	.7034959	.2965041	0	0
1091.15	0	.7027327	.2972673	0	0
1090.15	0	.7019738	.2980262	0	0
1089.15	0	.7012194	.2987806	0	0
1088.15	0	.7004694	.2995306	0	0
1087.15	0	.6997239	.3002761	0	0
1086.15	0	.6989828	.3010172	0	0
1085.15	0	.6982463	.3017537	0	0
1084.15	0	.6975143	.3024857	0	0
1083.15	0	.6967868	.3032132	0	0
1082.15	0	.6960639	.3039362	0	0
1081.15	0	.6953455	.3046545	0	0
1080.15	0	.6946318	.3053682	0	0
1079.15	0	.6939226	.3060774	0	0
1078.15	0	.6932181	.3067819	0	0
1077.15	0	.6925183	.3074817	0	0
1076.15	0	.6918232	.3081768	0	0
1075.15	0	.6911327	.3088673	0	0
1074.15	0	.690447	.309553	0	0
1073.15	0	.689766	.310234	0	0
1072.15	0	.6890897	.3109103	0	0
1071.15	0	.6884183	.3115817	0	0
1070.15	0	.6877516	.3122484	0	0
1069.15	0	.6870898	.3129102	0	0
1068.15	0	.6864328	.3135672	0	0
1067.15	0	.6857806	.3142194	0	0
1066.15	0	.6851334	.3148666	0	0
1065.15	0	.6844911	.3155089	0	0
1064.15	0	.6838536	.3161464	0	0
1063.15	0	.6832212	.3167788	0	0
1062.15	0	.6825937	.3174063	0	0
1061.15	0	.6819712	.3180288	0	0
1060.15	0	.6813537	.3186463	0	0
1059.15	0	.6807412	.3192588	0	0
1058.15	0	.6801338	.3198662	0	0
1057.15	0	.6795315	.3204685	0	0
1056.15	0	.6789343	.3210657	0	0
1055.15	0	.6783422	.3216578	0	0
1054.15	0	.6777552	.3222448	0	0
1053.15	0	.6771734	.3228266	0	0
1052.15	0	.6765968	.3234032	0	0
1051.15	0	.6760254	.3239746	0	0
1050.15	0	.6754593	.3245407	0	0
1049.15	0	.6748984	.3251016	0	0
1048.15	0	.6743428	.3256572	0	0
1047.15	0	.6737925	.3262076	0	0
1046.15	0	.6732475	.3267526	0	0
1045.15	0	.6727078	.3272922	0	0
1044.15	0	.6721735	.3278265	0	0
1043.15	0	.6716446	.3283554	0	0
1042.15	0	.6711212	.3288788	0	0
1041.15	0	.6706031	.3293969	0	0
1040.15	0	.6700905	.3299095	0	0
1039.15	0	.6695835	.3304166	0	0
1038.15	0	.6690819	.3309181	0	0
1037.15	0	.6685858	.3314142	0	0
1036.15	0	.6680953	.3319047	0	0
1035.15	0	.6676104	.3323896	0	0
1034.15	0	.667131	.332869	0	0
1033.15	0	.6666573	.3333427	0	0
1032.15	0	.6661892	.3338108	0	0
1031.15	0	.6657268	.3342732	0	0
1030.15	0	.6652701	.3347299	0	0
1029.15	0	.6648191	.3351809	0	0
1028.15	0	.6643738	.3356262	0	0
1027.15	0	.6639343	.3360657	0	0
1026.15	0	.6635006	.3364994	0	0
1025.15	0	.6630727	.3369273	0	0
1024.15	0	.6626506	.3373494	0	0
1023.15	0	.6622343	.3377657	0	0
1022.15	0	.6618239	.3381761	0	0
1021.15	0	.6614195	.3385806	0	0
1020.15	0	.6610209	.3389791	0	0
1019.15	0	.6606282	.3393718	0	0
1018.15	0	.6602416	.3397584	0	0
1017.15	0	.6598609	.3401391	0	0
1016.15	0	.6594862	.3405138	0	0
1015.15	0	.6591175	.3408825	0	0
1014.15	0	.6587549	.3412451	0	0
1013.15	0	.6583984	.3416016	0	0
1012.15	0	.6580479	.3419521	0	0
1011.15	0	.6577036	.3422964	0	0
1010.15	0	.6573654	.3426346	0	0
1009.15	0	.6570333	.3429667	0	0
1008.15	0	.6567075	.3432926	0	0
1007.15	0	.6563878	.3436122	0	0
1006.15	0	.6560743	.3439257	0	0
1005.15	0	.6557671	.3442329	0	0
1004.15	0	.6554661	.3445339	0	0
1003.15	0	.6551714	.3448286	0	0
1002.15	0	.654883	.345117	0	0
1001.15	0	.6546009	.3453991	0	0
1000.15	0	.6543252	.3456748	0	0
999.15	0	.6540558	.3459442	0	0
999.1017	0	.6540429	.3459571	0	0
999.1017	0	.6540429	.3459571	0	0
999.1017	0	.6540429	.3459571	0	0
998.15	0	.653596	.3461256	2.784852E-04	0
997.15	0	.6531328	.3462971	5.701247E-04	0
996.15	0	.6526763	.346463	8.607529E-04	0
995.15	0	.6522264	.3466232	.001150367	0
994.15	0	.6517832	.3467778	.001438964	0
993.15	0	.6513468	.3469267	.00172654	0
992.15	0	.650917	.3470699	.002013094	0
991.15	0	.650494	.3472074	.00229862	0
990.15	0	.6500777	.3473392	.002583116	0
989.15	0	.6496681	.3474653	.002866578	0
988.15	0	.6492653	.3475857	.003149003	0
987.15	0	.6488693	.3477003	.003430387	0
986.15	0	.6484801	.3478092	.003710726	0
985.15	0	.6480977	.3479123	.003990016	0
984.15	0	.647722	.3480097	.004268254	0
983.15	0	.6473533	.3481013	.004545434	0
982.15	0	.6469913	.3481872	.004821554	0
981.15	0	.6466362	.3482672	.005096609	0
980.15	0	.6462879	.3483415	.005370593	0
979.15	0	.6459465	.34841	.005643503	0
978.15	0	.645612	.3484726	.005915335	0
977.15	0	.6452844	.3485295	.006186082	0
976.15	0	.6449637	.3485806	.006455741	0
975.15	0	.6446498	.3486258	.006724306	0
974.15	0	.6443429	.3486653	.006991772	0
973.15	0	.6440429	.3486989	.007258135	0
972.15	0	.6437499	.3487267	.007523387	0
971.15	0	.6434638	.3487487	.007787525	0
970.15	0	.6431846	.3487649	.008050541	0
969.15	0	.6429123	.3487753	.008312432	0
968.15	0	.642647	.3487798	.008573189	0
967.15	0	.6423887	.3487785	.008832809	0
966.15	0	.6421373	.3487714	.009091283	0
965.15	0	.6418929	.3487585	.009348606	0
964.15	0	.6416555	.3487397	.009604771	0
963.15	0	.6414251	.3487152	.009859772	0
962.15	0	.6412016	.3486848	.0101136	0
961.15	0	.6409851	.3486487	.01036625	0
960.15	0	.6407756	.3486067	.01061772	0
959.15	0	.640573	.348559	.01086799	0
958.15	0	.6403775	.3485055	.01111706	0
957.15	0	.6401889	.3484462	.01136493	0
956.15	0	.6400073	.3483812	.01161158	0
955.15	0	.6398326	.3483104	.011857	0
954.15	0	.639665	.3482339	.01210119	0
953.15	0	.6395043	.3481516	.01234415	0
952.15	0	.6393505	.3480636	.01258585	0
951.15	0	.6392037	.34797	.01282629	0
950.15	0	.6390639	.3478707	.01306547	0
949.15	0	.638931	.3477657	.01330337	0
948.15	0	.638805	.347655	.01353998	0
947.15	0	.6386859	.3475388	.0137753	0
946.15	0	.6385738	.3474169	.01400931	0
945.15	0	.6384685	.3472894	.01424201	0
944.15	0	.6383702	.3471564	.01447338	0
943.15	0	.6382787	.3470179	.01470342	0
942.15	0	.638194	.3468739	.01493211	0
941.15	0	.6381162	.3467243	.01515944	0
940.15	0	.6380452	.3465694	.01538539	0
939.15	0	.6379811	.346409	.01560997	0
938.15	0	.6379236	.3462432	.01583316	0
937.15	0	.637873	.3460721	.01605494	0
936.15	0	.6378291	.3458956	.0162753	0
935.15	0	.6377919	.3457139	.01649423	0
934.15	0	.6377613	.345527	.01671171	0
933.15	0	.6377375	.3453348	.01692774	0
932.15	0	.6377202	.3451375	.0171423	0
931.15	0	.6377096	.3449351	.01735537	0
930.15	0	.6377055	.3447276	.01756694	0
929.15	0	.6377079	.3445151	.017777	0
928.15	0	.6377168	.3442976	.01798553	0
927.15	0	.6377322	.3440753	.01819252	0
926.15	0	.637754	.3438481	.01839794	0
925.15	0	.6377822	.3436161	.01860179	0
924.15	0	.6378166	.3433793	.01880405	0
923.15	0	.6378574	.3431379	.01900469	0
922.15	0	.6379044	.3428919	.01920371	0
921.15	0	.6379576	.3426414	.01940108	0
920.15	0	.6380169	.3423864	.01959679	0
919.15	0	.6380822	.342127	.01979082	0
918.15	0	.6381536	.3418633	.01998314	0
917.15	0	.6382309	.3415953	.02017375	0
916.15	0	.6383142	.3413232	.02036261	0
915.15	0	.6384032	.3410471	.02054971	0
914.15	0	.638498	.340767	.02073502	0
913.15	0	.6385985	.340483	.02091854	0
912.15	0	.6387046	.3401952	.02110022	0
911.15	0	.6388162	.3399038	.02128005	0
910.15	0	.6389332	.3396088	.02145801	0
909.15	0	.6390557	.3393103	.02163406	0
908.15	0	.6391834	.3390085	.0218082	0
907.15	0	.6393163	.3387034	.02198038	0
906.15	0	.6394542	.3383952	.02215058	0
905.15	0	.6395972	.338084	.02231879	0
904.15	0	.6397451	.33777	.02248496	0
903.15	0	.6398977	.3374532	.02264906	0
902.15	0	.640055	.3371339	.02281108	0
901.15	0	.6402169	.3368122	.02297098	0
900.15	0	.6403832	.3364881	.02312872	0
899.15	0	.6405538	.3361619	.02328427	0
898.15	0	.6407286	.3358338	.02343761	0
897.15	0	.6409074	.3355039	.02358869	0
896.15	0	.6410902	.3351724	.02373748	0
895.15	0	.6412767	.3348394	.02388394	0
894.15	0	.6414668	.3345052	.02402803	0
893.15	0	.6416604	.3341699	.02416972	0
892.15	0	.6418572	.3338338	.02430896	0
891.15	0	.6420572	.3334971	.0244457	0
890.15	0	.6422601	.3331599	.02457992	0
889.15	0	.6424658	.3328226	.02471155	0
888.15	0	.6426741	.3324854	.02484055	0
887.15	0	.6428847	.3321485	.02496687	0
886.15	0	.6430974	.3318121	.02509046	0
885.15	0	.6433121	.3314766	.02521126	0
884.15	0	.6435285	.3311422	.02532923	0
883.15	0	.6437464	.3308093	.02544429	0
882.15	0	.6439656	.330478	.0255564	0
881.15	0	.6441857	.3301489	.02566548	0
880.15	0	.6444065	.3298221	.02577147	0
879.15	0	.6446277	.329498	.0258743	0
878.15	0	.6448491	.3291771	.02597389	0
877.15	0	.6450702	.3288596	.02607018	0
876.15	0	.6452909	.328546	.02616307	0
875.15	0	.6455108	.3282368	.02625249	0
874.15	0	.6457294	.3279323	.02633834	0
873.15	0	.6459465	.327633	.02642053	0
872.15	0	.6461616	.3273395	.02649896	0
871.15	0	.6463743	.3270522	.02657353	0
870.15	0	.6465842	.3267717	.02664413	0
869.15	0	.6467909	.3264985	.02671063	0
868.15	0	.6466826	.3265867	.02673074	0
867.15	0	.6465635	.3266934	.02674309	0
866.15	0	.6464872	.3267578	.02675501	0
865.15	0	.6464509	.3267827	.02676645	0
864.15	0	.6464522	.3267704	.02677735	0
863.15	0	.6464889	.3267234	.02678767	0
862.15	0	.6465588	.3266438	.02679736	0
861.15	0	.6466599	.3265337	.02680639	0
860.15	0	.6467903	.326395	.02681472	0
859.15	0	.6469481	.3262296	.02682233	0
858.15	0	.6471318	.326039	.02682919	0
857.15	0	.6473397	.3258251	.02683529	0
856.15	0	.6475702	.3255892	.02684061	0
855.15	0	.6478221	.3253328	.02684513	0
854.15	0	.6480939	.3250572	.02684885	0
853.15	0	.6483844	.3247639	.02685175	0
852.15	0	.6486922	.3244539	.02685383	0
851.15	0	.6490164	.3241285	.02685509	0
850.15	0	.6493558	.3237887	.02685551	0
849.15	0	.6497093	.3234356	.02685511	0
848.15	0	.6500759	.3230702	.02685387	0
847.15	0	.6504549	.3226933	.02685181	0
846.15	0	.6508451	.322306	.02684893	0
845.15	0	.6512458	.3219089	.02684522	0
844.15	0	.6516563	.321503	.0268407	0
843.15	0	.6520756	.321089	.02683537	0
842.15	0	.6525032	.3206676	.02682923	0
841.15	0	.6529382	.3202395	.0268223	0
840.15	0	.6533801	.3198053	.02681458	0
839.15	0	.6538282	.3193658	.02680609	0
838.15	0	.6542819	.3189213	.02679683	0
837.15	0	.6547406	.3184726	.0267868	0
836.15	0	.6552039	.3180201	.02677603	0
835.15	0	.6556712	.3175643	.02676452	0
834.15	0	.656142	.3171057	.02675228	0
833.15	0	.6566158	.3166448	.02673933	0
832.15	0	.6570923	.316182	.02672567	0
831.15	0	.657571	.3157177	.02671132	0
830.15	0	.6580514	.3152523	.02669629	0
829.15	0	.6585333	.3147861	.02668059	0
828.15	0	.6590163	.3143195	.02666423	0
827.15	0	.6594999	.3138528	.02664723	0
826.15	0	.6599841	.3133864	.02662959	0
825.15	0	.6604683	.3129204	.02661134	0
824.15	0	.6609523	.3124552	.02659247	0
823.15	0	.6614359	.3119911	.02657301	0
822.15	0	.6619188	.3115282	.02655296	0
821.15	0	.6624008	.3110669	.02653234	0
820.15	0	.6628815	.3106073	.02651117	0
819.15	0	.6633609	.3101496	.02648944	0
818.15	0	.6638388	.3096941	.02646717	0
817.15	0	.6643148	.3092408	.02644438	0
816.15	0	.6647889	.3087901	.02642107	0
815.15	0	.6652608	.3083419	.02639727	0
814.15	0	.6657305	.3078965	.02637297	0
813.15	0	.6661978	.3074541	.02634818	0
812.15	0	.6666624	.3070146	.02632293	0
811.15	0	.6671244	.3065784	.02629722	0
810.15	0	.6675836	.3061454	.02627107	0
809.15	0	.6680398	.3057157	.02624447	0
808.15	0	.668493	.3052895	.02621745	0
807.15	0	.6689431	.3048669	.02619001	0
806.15	0	.6693899	.3044479	.02616216	0
805.15	0	.6698335	.3040326	.02613391	0
804.15	0	.6702736	.3036211	.02610527	0
803.15	0	.6707104	.3032134	.02607626	0
802.15	0	.6711436	.3028096	.02604687	0
801.15	0	.6715732	.3024097	.02601712	0
800.15	0	.6719992	.3020138	.02598701	0
799.15	0	.6724216	.3016219	.02595657	0
798.15	0	.6728402	.301234	.02592578	0
797.15	0	.6732551	.3008503	.02589467	0
796.15	0	.6736662	.3004706	.02586323	0
795.15	0	.6740735	.3000951	.02583148	0
794.15	0	.6744769	.2997237	.02579943	0
793.15	0	.6748765	.2993564	.02576708	0
792.15	0	.6752722	.2989934	.02573443	0
791.15	0	.675664	.2986345	.02570151	0
790.15	0	.6760519	.2982798	.0256683	0
789.15	0	.6764359	.2979293	.02563483	0
788.15	0	.6768159	.297583	.02560109	0
787.15	0	.6771921	.2972409	.02556709	0
786.15	0	.6775643	.2969029	.02553284	0
785.15	0	.6779326	.2965691	.02549835	0
784.15	0	.6782969	.2962395	.02546361	0
783.15	0	.6786574	.295914	.02542864	0
782.15	0	.6790139	.2955926	.02539344	0
781.15	0	.6793666	.2952754	.02535801	0
780.15	0	.6797154	.2949622	.02532237	0
779.15	0	.6800603	.2946532	.02528652	0
778.15	0	.6804014	.2943482	.02525045	0
777.15	0	.6807386	.2940472	.02521418	0
776.15	0	.681072	.2937503	.02517771	0
775.15	0	.6814016	.2934573	.02514105	0
774.15	0	.6817275	.2931683	.0251042	0
773.15	0	.6820496	.2928833	.02506716	0
772.15	0	.6823679	.2926021	.02502993	0
771.15	0	.6826826	.2923249	.02499253	0
770.15	0	.6829936	.2920515	.02495496	0
769.15	0	.6833009	.2917819	.02491722	0
768.15	0	.6836046	.2915162	.0248793	0
767.15	0	.6839046	.2912542	.02484123	0
766.15	0	.6842011	.2909959	.02480299	0
765.15	0	.6844941	.2907413	.0247646	0
764.15	0	.6847835	.2904904	.02472606	0
763.15	0	.6850695	.2902432	.02468737	0
762.15	0	.685352	.2899995	.02464853	0
761.15	0	.685631	.2897594	.02460955	0
760.15	0	.6859067	.2895229	.02457042	0
759.15	0	.686179	.2892899	.02453116	0
758.15	0	.6864479	.2890603	.02449177	0
757.15	0	.6867136	.2888342	.02445224	0
756.15	0	.6869759	.2886115	.02441258	0
755.15	0	.6872351	.2883921	.0243728	0
754.15	0	.687491	.2881761	.02433289	0
753.15	0	.6877437	.2879634	.02429286	0
752.15	0	.6879933	.287754	.02425271	0
751.15	0	.6882398	.2875478	.02421244	0
750.15	0	.6884832	.2873448	.02417206	0
749.15	0	.6887235	.2871449	.02413157	0
748.15	0	.6889608	.2869482	.02409096	0
747.15	0	.6891951	.2867546	.02405025	0
746.15	0	.6894265	.2865641	.02400943	0
745.15	0	.6896549	.2863766	.02396851	0
744.15	0	.6898805	.2861921	.02392749	0
743.15	0	.6901031	.2860105	.02388636	0
742.15	0	.690323	.2858319	.02384514	0
741.15	0	.69054	.2856561	.02380382	0
740.15	0	.6907543	.2854833	.02376241	0
739.15	0	.6909658	.2853133	.0237209	0
738.15	0	.6911747	.285146	.02367931	0
737.15	0	.6913808	.2849816	.02363762	0
736.15	0	.6915843	.2848198	.02359585	0
735.15	0	.6917852	.2846608	.02355399	0
734.15	0	.6919835	.2845045	.02351204	0
733.15	0	.6921793	.2843507	.02347002	0
732.15	0	.6923725	.2841996	.02342791	0
731.15	0	.6925632	.2840511	.02338572	0
730.15	0	.6927514	.2839051	.02334346	0
729.15	0	.6929372	.2837617	.02330111	0
728.15	0	.6931206	.2836207	.0232587	0
727.15	0	.6933016	.2834822	.02321621	0
726.15	0	.6934802	.2833461	.02317364	0
725.15	0	.6936565	.2832125	.02313101	0
724.15	0	.6938305	.2830812	.02308831	0
723.15	0	.6940023	.2829522	.02304553	0
722.15	0	.6941717	.2828256	.0230027	0
721.15	0	.694339	.2827012	.02295979	0
720.15	0	.694504	.2825791	.02291682	0
719.15	0	.6946669	.2824593	.02287379	0
718.15	0	.6948277	.2823416	.0228307	0
717.15	0	.6949863	.2822262	.02278755	0
716.15	0	.6951428	.2821128	.02274434	0
715.15	0	.6952973	.2820016	.02270107	0
714.15	0	.6954497	.2818926	.02265774	0
713.15	0	.6956001	.2817855	.02261436	0
712.15	0	.6957485	.2816806	.02257092	0
711.15	0	.6958949	.2815776	.02252744	0
710.15	0	.6960394	.2814767	.02248389	0
709.15	0	.696182	.2813777	.0224403	0
708.15	0	.6963226	.2812807	.02239666	0
707.15	0	.6964614	.2811857	.02235297	0
706.15	0	.6965983	.2810925	.02230923	0
705.15	0	.6967334	.2810012	.02226545	0
704.15	0	.6968666	.2809117	.02222162	0
703.15	0	.6970006	.2808225	.02217698	0
702.15	0	.6971301	.2807368	.02213313	0
701.15	0	.6972578	.280653	.02208922	0
700.15	0	.6973839	.2805708	.02204528	0
699.15	0	.6975082	.2804905	.02200129	0
698.15	0	.6976309	.2804118	.02195726	0
697.15	0	.6977519	.2803349	.02191319	0
696.15	0	.6978713	.2802596	.02186908	0
695.15	0	.6979891	.280186	.02182493	0
694.15	0	.6981053	.280114	.02178074	0
693.15	0	.6982199	.2800436	.02173652	0
692.15	0	.6983329	.2799748	.02169227	0
691.15	0	.6984444	.2799076	.02164798	0
690.15	0	.6985544	.279842	.02160365	0
689.15	0	.6986628	.2797779	.0215593	0
688.15	0	.6987698	.2797153	.02151492	0
687.15	0	.6988753	.2796542	.02147051	0
686.15	0	.6989793	.2795946	.02142606	0
685.15	0	.6990819	.2795365	.0213816	0
684.15	0	.6991831	.2794798	.0213371	0
683.15	0	.6992829	.2794245	.02129259	0
682.15	0	.6993813	.2793707	.02124805	0
681.15	0	.6994783	.2793182	.02120348	0
680.15	0	.699574	.2792671	.0211589	0
679.15	0	.6996683	.2792174	.02111429	0
678.15	0	.6997613	.279169	.02106967	0
677.15	0	.699853	.279122	.02102502	0
676.15	0	.6999434	.2790763	.02098036	0
675.15	0	.7000325	.2790318	.02093569	0
674.15	0	.7001204	.2789887	.020891	0
673.15	0	.700207	.2789467	.02084629	0
672.15	0	.7002923	.2789061	.02080157	0
671.15	0	.7003765	.2788667	.02075684	0
670.15	0	.7004594	.2788285	.0207121	0
669.15	0	.7005412	.2787914	.02066735	0
668.15	0	.7006218	.2787556	.02062259	0
667.15	0	.7007012	.278721	.02057782	0
666.15	0	.7007795	.2786875	.02053304	0
665.15	0	.7008566	.2786551	.02048826	0
664.15	0	.7009326	.2786239	.02044348	0
663.15	0	.7010075	.2785938	.02039868	0
662.15	0	.7010813	.2785648	.02035389	0
661.15	0	.701154	.2785369	.02030909	0
660.15	0	.7012257	.27851	.0202643	0
659.15	0	.7012963	.2784843	.0202195	0
658.15	0	.7013658	.2784595	.0201747	0
657.15	0	.7014343	.2784358	.02012991	0
656.15	0	.7015018	.2784131	.02008512	0
655.15	0	.7015682	.2783914	.02004033	0
654.15	0	.7016337	.2783708	.01999554	0
653.15	0	.7016982	.278351	.01995076	0
652.15	0	.7017617	.2783323	.01990599	0
651.15	0	.7018243	.2783145	.01986122	0
650.15	0	.7018858	.2782977	.01981647	0
649.15	0	.7019465	.2782818	.01977172	0
648.15	0	.7020062	.2782668	.01972698	0
647.15	0	.702065	.2782527	.01968226	0
646.15	0	.7021229	.2782396	.01963754	0
645.15	0	.7021799	.2782273	.01959284	0
644.15	0	.702236	.2782158	.01954815	0
643.15	0	.7022912	.2782053	.01950348	0
642.15	0	.7023456	.2781956	.01945882	0
641.15	0	.7023991	.2781867	.01941418	0
640.15	0	.7024517	.2781787	.01936956	0
639.15	0	.7025036	.2781715	.01932496	0
638.15	0	.7025545	.2781651	.01928037	0
637.15	0	.7026047	.2781595	.01923581	0
636.15	0	.7026541	.2781547	.01919126	0
635.15	0	.7027026	.2781506	.01914674	0
634.15	0	.7027504	.2781473	.01910224	0
633.15	0	.7027974	.2781448	.01905777	0
632.15	0	.7028436	.2781431	.01901331	0
631.15	0	.7028891	.278142	.01896889	0
630.15	0	.7029338	.2781417	.01892449	0
629.15	0	.7029778	.2781421	.01888012	0
628.15	0	.703021	.2781432	.01883577	0
627.15	0	.7030635	.278145	.01879146	0
626.15	0	.7031053	.2781476	.01874718	0
625.15	0	.7031464	.2781507	.01870292	0
624.15	0	.7031867	.2781546	.0186587	0
623.15	0	.7032264	.2781591	.01861451	0
622.15	0	.7032654	.2781643	.01857036	0
621.15	0	.7033037	.2781701	.01852623	0
620.15	0	.7033413	.2781765	.01848215	0
619.15	0	.7033783	.2781836	.0184381	0
618.15	0	.7034147	.2781913	.01839408	0
617.15	0	.7034503	.2781996	.01835011	0
616.15	0	.7034854	.2782084	.01830617	0
615.15	0	.7035198	.2782179	.01826227	0
614.15	0	.7035536	.278228	.01821841	0
613.15	0	.7035868	.2782386	.0181746	0
612.15	0	.7036193	.2782499	.01813082	0
611.15	0	.7036513	.2782616	.01808709	0
610.15	0	.7036827	.2782739	.0180434	0
609.15	0	.7037134	.2782868	.01799976	0
608.15	0	.7037437	.2783002	.01795616	0
607.15	0	.7037733	.2783141	.01791261	0
606.15	0	.7038023	.2783286	.0178691	0
605.15	0	.7038309	.2783435	.01782565	0
604.15	0	.7038588	.278359	.01778224	0
603.15	0	.7038862	.2783749	.01773888	0
602.15	0	.7039131	.2783914	.01769557	0
601.15	0	.7039394	.2784083	.01765232	0
600.15	0	.7039652	.2784257	.01760911	0
599.15	0	.7039905	.2784436	.01756596	0
598.15	0	.7040152	.2784619	.01752286	0
597.15	0	.7040395	.2784807	.01747982	0
596.15	0	.7040633	.2784999	.01743683	0
595.15	0	.7040865	.2785196	.0173939	0
594.15	0	.7041093	.2785397	.01735103	0
593.15	0	.7041316	.2785602	.01730821	0
592.15	0	.7041534	.2785811	.01726545	0
591.15	0	.7041747	.2786025	.01722275	0
590.15	0	.7041956	.2786243	.01718011	0
589.15	0	.704216	.2786465	.01713754	0
588.15	0	.704236	.278669	.01709502	0
587.15	0	.7042555	.278692	.01705257	0
586.15	0	.7042745	.2787153	.01701018	0
585.15	0	.7042932	.278739	.01696786	0
584.15	0	.7043113	.2787631	.0169256	0
583.15	0	.7043291	.2787875	.01688341	0
582.15	0	.7043464	.2788123	.01684128	0
581.15	0	.7043634	.2788374	.01679922	0
580.15	0	.7043799	.2788629	.01675723	0
579.15	0	.704396	.2788887	.01671531	0
578.15	0	.7044117	.2789149	.01667346	0
577.15	0	.704427	.2789414	.01663168	0
576.15	0	.7044419	.2789682	.01658997	0
575.15	0	.7044564	.2789953	.01654834	0
574.15	0	.7044705	.2790227	.01650678	0
573.4091	0	.7044808	.2790432	.01647603	0
573.4091	0	.7044808	.2790432	.01647603	0
573.4091	0	.7044808	.2790432	.01647603	0
573.15	0	.7046032	.278801	.01635899	2.368207E-04
572.15	0	.705073	.27787	.01590856	.001148453
571.15	0	.7055387	.2769448	.01546007	.002056434
570.15	0	.7060002	.2760255	.01501352	.002960802
569.15	0	.7064577	.2751118	.01456888	.003861595
568.15	0	.7069112	.2742038	.01412613	.004758848
567.15	0	.7073608	.2733013	.01368526	.005652599
566.15	0	.7078065	.2724044	.01324623	.006542883
565.15	0	.7082484	.2715128	.01280905	.007429736
564.15	0	.7086866	.2706266	.01237368	.008313194
563.15	0	.709121	.2697456	.01194011	.00919329
562.15	0	.7095518	.2688699	.01150831	.01007006
561.15	0	.709979	.2679992	.01107828	.01094354
560.15	0	.7104026	.2671336	.01064999	.01181375
559.15	0	.7108228	.266273	.01022343	.01268074
558.15	0	.7112395	.2654173	.009798581	.01354453
557.15	0	.7116529	.2645665	.009375423	.01440517
556.15	0	.7120629	.2637205	.00895394	.01526267
555.15	0	.7124696	.2628792	.008534116	.01611708
554.15	0	.7128731	.2620425	.008115936	.01696841
553.15	0	.7132734	.2612105	.007699383	.01781671
552.15	0	.7136706	.260383	.007284442	.018662
551.15	0	.7140646	.25956	.006871097	.01950432
550.15	0	.7144556	.2587414	.006459333	.02034368
549.15	0	.7148436	.2579271	.006049135	.02118013
548.15	0	.7152287	.2571172	.005640487	.0220137
547.15	0	.7156108	.2563115	.005233375	.02284439
546.15	0	.71599	.25551	.004827786	.02367226
545.15	0	.7163664	.2547126	.004423703	.02449733
544.15	0	.71674	.2539193	.004021115	.02531961
543.15	0	.7171108	.25313	.003620005	.02613915
542.15	0	.717479	.2523447	.003220362	.02695596
541.15	0	.7178444	.2515633	.002822171	.02777007
540.15	0	.7182072	.2507858	.002425419	.02858152
539.15	0	.7185675	.2500121	.002030093	.02939032
538.15	0	.7189251	.2492422	.00163618	.03019651
537.15	0	.7192803	.248476	.001243667	.0310001
536.15	0	.7196329	.2477134	8.525417E-04	.03180112
535.15	0	.7199831	.2469545	4.627919E-04	.0325996
534.15	0	.7203309	.2461991	7.4405E-05	.03339556
533.958	0	.7203974	.2460545	0	.03354808
533.958	0	.7203974	.2460545	0	.03354808
533.15	0	.7204191	.2458028	0	.03377803
532.15	0	.7204454	.2454932	0	.03406141
531.15	0	.7204708	.2451857	0	.03434347
530.15	0	.7204955	.2448803	0	.03462421
529.15	0	.7205195	.2445769	0	.03490366
528.15	0	.7205427	.2442755	0	.03518182
527.15	0	.7205652	.2439761	0	.03545871
526.15	0	.720587	.2436787	0	.03573433
525.15	0	.720608	.2433833	0	.03600871
524.15	0	.7206284	.2430898	0	.03628185
523.15	0	.7206481	.2427982	0	.03655376
522.15	0	.7206671	.2425085	0	.03682446
521.15	0	.7206854	.2422206	0	.03709395
520.15	0	.7207031	.2419346	0	.03736226
519.15	0	.7207201	.2416505	0	.03762939
518.15	0	.7207365	.2413681	0	.03789536
517.15	0	.7207522	.2410876	0	.03816017
516.15	0	.7207674	.2408088	0	.03842383
515.15	0	.7207819	.2405318	0	.03868636
514.15	0	.7207958	.2402565	0	.03894778
513.15	0	.720809	.2399829	0	.03920808
512.15	0	.7208217	.239711	0	.03946728
511.15	0	.7208338	.2394407	0	.0397254
510.15	0	.7208454	.2391722	0	.03998244
509.15	0	.7208564	.2389052	0	.04023841
508.15	0	.7208668	.2386399	0	.04049333
507.15	0	.7208766	.2383762	0	.0407472
506.15	0	.7208859	.238114	0	.04100004
505.15	0	.7208947	.2378534	0	.04125186
504.15	0	.7209029	.2375944	0	.04150267
503.15	0	.7209107	.2373369	0	.04175247
502.15	0	.7209179	.2370809	0	.04200128
501.15	0	.7209246	.2368263	0	.04224911
500.15	0	.7209308	.2365733	0	.04249596
499.15	0	.7209365	.2363217	0	.04274186
498.15	0	.7209417	.2360715	0	.0429868
497.15	0	.7209464	.2358228	0	.0432308
496.15	0	.7209507	.2355754	0	.04347387
495.15	0	.7209545	.2353295	0	.04371601
494.15	0	.7209579	.2350849	0	.04395724
493.15	0	.7209608	.2348417	0	.04419757
492.15	0	.7209632	.2345998	0	.04443701
491.15	0	.7209652	.2343592	0	.04467556
490.15	0	.7209668	.2341199	0	.04491323
489.15	0	.720968	.233882	0	.04515004
488.15	0	.7209688	.2336453	0	.045386
487.15	0	.7209691	.2334098	0	.0456211
486.15	0	.720969	.2331756	0	.04585537
485.15	0	.7209686	.2329426	0	.0460888
484.15	0	.7209677	.2327108	0	.04632142
483.15	0	.7209665	.2324803	0	.04655322
482.15	0	.7209649	.2322509	0	.04678422
481.15	0	.7209629	.2320226	0	.04701442
480.15	0	.7209606	.2317956	0	.04724384
479.15	0	.7209579	.2315696	0	.04747248
478.15	0	.7209548	.2313448	0	.04770035
477.15	0	.7209514	.2311211	0	.04792746
476.15	0	.7209477	.2308985	0	.04815382
475.15	0	.7209436	.2306769	0	.04837943
474.15	0	.7209392	.2304565	0	.04860431
473.15	0	.7209345	.230237	0	.04882845
472.15	0	.7209295	.2300187	0	.04905188
471.15	0	.7209241	.2298013	0	.04927459
470.15	0	.7209184	.229585	0	.0494966
469.15	0	.7209125	.2293696	0	.0497179
468.15	0	.7209062	.2291552	0	.04993852
467.15	0	.7208997	.2289418	0	.05015846
466.15	0	.7208929	.2287294	0	.05037772
465.15	0	.7208858	.2285179	0	.05059632
464.15	0	.7208784	.2283073	0	.05081425
463.15	0	.7208708	.2280977	0	.05103154
462.15	0	.7208629	.227889	0	.05124817
461.15	0	.7208547	.2276811	0	.05146417
460.15	0	.7208463	.2274742	0	.05167954
459.15	0	.7208377	.227268	0	.05189428
458.15	0	.7208288	.2270628	0	.0521084
457.15	0	.7208197	.2268584	0	.05232192
456.15	0	.7208103	.2266549	0	.05253483
455.15	0	.7208007	.2264521	0	.05274714
454.15	0	.720791	.2262502	0	.05295887
453.15	0	.7207809	.2260491	0	.05317
452.15	0	.7207707	.2258487	0	.05338057
451.15	0	.7207603	.2256491	0	.05359056
450.15	0	.7207497	.2254503	0	.05379998
449.15	0	.7207389	.2252522	0	.05400888
448.15	0	.720728	.2250547	0	.05421723
447.15	0	.7207169	.224858	0	.05442505
446.15	0	.7207057	.224662	0	.05463233
445.15	0	.7206943	.2244667	0	.05483909
444.15	0	.7206827	.224272	0	.05504533
443.15	0	.720671	.2240779	0	.05525107
442.15	0	.7206592	.2238845	0	.05545631
441.15	0	.7206473	.2236916	0	.05566106
440.15	0	.7206353	.2234994	0	.05586533
439.15	0	.7206232	.2233077	0	.05606913
438.15	0	.720611	.2231165	0	.05627246
437.15	0	.7205987	.2229259	0	.05647533
436.15	0	.7205864	.2227358	0	.05667775
435.15	0	.720574	.2225463	0	.05687973
434.15	0	.7205616	.2223572	0	.05708126
433.15	0	.7205491	.2221686	0	.05728237
432.15	0	.7205365	.2219804	0	.05748306
431.15	0	.720524	.2217927	0	.05768333
430.15	0	.7205114	.2216054	0	.05788318
429.15	0	.7204988	.2214185	0	.05808264
428.15	0	.7204862	.2212321	0	.05828169
427.15	0	.7204737	.221046	0	.05848035
426.15	0	.7204611	.2208603	0	.05867863
425.15	0	.7204485	.220675	0	.05887652
424.15	0	.7204359	.2204902	0	.05907389
423.15	0	.7204234	.2203056	0	.05927104
422.15	0	.7204109	.2201213	0	.05946782
421.15	0	.7203985	.2199373	0	.05966424
420.15	0	.720386	.2197537	0	.05986031
419.15	0	.7203736	.2195703	0	.06005603
418.15	0	.7203613	.2193873	0	.0602514
417.15	0	.7203491	.2192045	0	.06044643
416.15	0	.7203368	.219022	0	.06064113
415.15	0	.7203247	.2188398	0	.0608355
414.15	0	.7203126	.2186578	0	.06102954
413.15	0	.7203006	.2184761	0	.06122325
412.15	0	.7202887	.2182946	0	.06141665
411.15	0	.7202769	.2181134	0	.06160974
410.15	0	.7202651	.2179324	0	.06180251
409.15	0	.7202535	.2177516	0	.06199498
408.15	0	.7202419	.217571	0	.06218714
407.15	0	.7202304	.2173906	0	.06237901
406.15	0	.7202191	.2172104	0	.06257058
405.15	0	.7202078	.2170304	0	.06276185
404.15	0	.7201966	.2168505	0	.06295284
403.15	0	.7201856	.2166709	0	.06314354
402.15	0	.7201746	.2164914	0	.06333396
401.15	0	.7201638	.2163121	0	.0635241
400.15	0	.7201531	.2161329	0	.06371397
399.15	0	.7201425	.2159539	0	.06390356
398.15	0	.7201321	.2157751	0	.06409287
397.15	0	.7201217	.2155963	0	.06428193
396.15	0	.7201115	.2154178	0	.06447071
395.15	0	.7201014	.2152393	0	.06465923
394.15	0	.7200915	.215061	0	.0648475
393.15	0	.7200817	.2148828	0	.0650355
392.15	0	.720072	.2147048	0	.06522325
391.15	0	.7200624	.2145268	0	.06541074
390.15	0	.720053	.214349	0	.06559799
389.15	0	.7200437	.2141713	0	.06578498
388.15	0	.7200346	.2139937	0	.06597173
387.15	0	.7200256	.2138161	0	.06615824
386.15	0	.7200168	.2136387	0	.0663445
385.15	0	.7200081	.2134614	0	.06653052
384.15	0	.7199995	.2132842	0	.0667163
383.15	0	.7199911	.2131071	0	.06690185
382.15	0	.7199828	.21293	0	.06708716
381.15	0	.7199747	.2127531	0	.06727223
380.15	0	.7199667	.2125762	0	.06745708
379.15	0	.7199589	.2123994	0	.06764169
378.15	0	.7199513	.2122227	0	.06782607
377.15	0	.7199437	.212046	0	.06801023
376.15	0	.7199364	.2118695	0	.06819416
375.15	0	.7199291	.211693	0	.06837787
374.15	0	.7199221	.2115166	0	.06856135
373.15	0	.7199152	.2113402	0	.06874461
372.15	0	.7199084	.211164	0	.06892765
371.15	0	.7199018	.2109878	0	.06911047
370.15	0	.7198953	.2108116	0	.06929307
369.15	0	.719889	.2106355	0	.06947546
368.15	0	.7198829	.2104595	0	.06965762
367.15	0	.7198769	.2102836	0	.06983958
366.15	0	.719871	.2101077	0	.07002132
365.15	0	.7198653	.2099318	0	.07020284
364.15	0	.7198598	.2097561	0	.07038415
363.15	0	.7198544	.2095804	0	.07056526
362.15	0	.7198492	.2094047	0	.07074614
361.15	0	.7198441	.2092291	0	.07092683
360.15	0	.7198391	.2090536	0	.0711073
359.15	0	.7198344	.2088781	0	.07128756
358.15	0	.7198297	.2087026	0	.07146762
357.15	0	.7198252	.2085273	0	.07164747
356.15	0	.7198209	.208352	0	.07182711
355.15	0	.7198167	.2081767	0	.07200655
354.15	0	.7198127	.2080015	0	.07218578
353.15	0	.7198088	.2078264	0	.07236481
352.15	0	.7198051	.2076513	0	.07254364
351.15	0	.7198015	.2074762	0	.07272226
350.15	0	.7197981	.2073013	0	.07290068
349.15	0	.7197948	.2071263	0	.07307889
348.15	0	.7197916	.2069515	0	.07325691
347.15	0	.7197886	.2067767	0	.07343472
346.15	0	.7197858	.2066019	0	.07361234
345.15	0	.7197831	.2064272	0	.07378975
344.15	0	.7197805	.2062526	0	.07396696
343.15	0	.7197781	.206078	0	.07414398
342.15	0	.7197758	.2059035	0	.07432079
341.15	0	.7197736	.205729	0	.07449741
340.15	0	.7197716	.2055546	0	.07467382
339.15	0	.7197697	.2053802	0	.07485004
338.15	0	.719768	.2052059	0	.07502606
337.15	0	.7197664	.2050317	0	.07520188
336.15	0	.719765	.2048575	0	.07537751
335.15	0	.7197636	.2046834	0	.07555294
334.15	0	.7197625	.2045094	0	.07572817
333.15	0	.7197614	.2043354	0	.0759032
332.15	0	.7197605	.2041615	0	.07607804
