T	 BPW(LIQUID)	BPW(BCC_A2)	BPW(FCC_A1)	BPW(LAVES_PHASE_C14)	BPW(NI3TI)
1473.15	.1400871	.8599129	0	0	0
1472.15	.1377806	.8622194	0	0	0
1471.15	.1354894	.8645106	0	0	0
1470.15	.1332134	.8667866	0	0	0
1469.15	.1309524	.8690476	0	0	0
1468.15	.1287064	.8712936	0	0	0
1467.15	.1264752	.8735248	0	0	0
1466.15	.1242587	.8757413	0	0	0
1465.15	.1220567	.8779433	0	0	0
1464.15	.1198691	.8801309	0	0	0
1463.15	.1176958	.8823042	0	0	0
1462.15	.1155366	.8844634	0	0	0
1461.15	.1133915	.8866085	0	0	0
1460.15	.1112603	.8887397	0	0	0
1459.15	.109143	.8908571	0	0	0
1458.15	.1070392	.8929608	0	0	0
1457.15	.1049491	.8950509	0	0	0
1456.15	.1028724	.8971276	0	0	0
1455.15	.100809	.899191	0	0	0
1454.15	.09875883	.9012412	0	0	0
1453.15	.09672177	.9032782	0	0	0
1452.15	.0946977	.9053023	0	0	0
1451.15	.0926865	.9073135	0	0	0
1450.15	.09068808	.9093119	0	0	0
1449.15	.08870232	.9112977	0	0	0
1448.15	.08672912	.9132709	0	0	0
1447.15	.08476836	.9152316	0	0	0
1446.15	.08281996	.91718	0	0	0
1445.15	.08088379	.9191162	0	0	0
1444.15	.07895977	.9210402	0	0	0
1443.15	.07704779	.9229522	0	0	0
1442.15	.07514774	.9248523	0	0	0
1441.15	.07325954	.9267405	0	0	0
1440.15	.07138308	.9286169	0	0	0
1439.15	.06951827	.9304817	0	0	0
1438.15	.067665	.932335	0	0	0
1437.15	.06582319	.9341768	0	0	0
1436.15	.06399275	.9360072	0	0	0
1435.15	.06217357	.9378264	0	0	0
1434.15	.06036557	.9396344	0	0	0
1433.15	.05856866	.9414313	0	0	0
1432.15	.05678274	.9432173	0	0	0
1431.15	.05500773	.9449923	0	0	0
1430.15	.05324355	.9467565	0	0	0
1429.15	.05149009	.9485099	0	0	0
1428.15	.04974729	.9502527	0	0	0
1427.15	.04801504	.951985	0	0	0
1426.15	.04629328	.9537067	0	0	0
1425.15	.0445819	.9554181	0	0	0
1424.15	.04288084	.9571192	0	0	0
1423.15	.04119002	.95881	0	0	0
1422.15	.03950934	.9604907	0	0	0
1421.15	.03783873	.9621613	0	0	0
1420.15	.03617811	.9638219	0	0	0
1419.15	.03452741	.9654726	0	0	0
1418.15	.03288654	.9671135	0	0	0
1417.15	.03125543	.9687446	0	0	0
1416.15	.029634	.970366	0	0	0
1415.15	.02802219	.9719778	0	0	0
1414.15	.02641991	.9735801	0	0	0
1413.15	.02482709	.9751729	0	0	0
1412.15	.02324365	.9767564	0	0	0
1411.15	.02166954	.9783305	0	0	0
1410.15	.02010467	.9798953	0	0	0
1409.15	.01854897	.981451	0	0	0
1408.15	.01700239	.9829976	0	0	0
1407.15	.01546484	.9845352	0	0	0
1406.15	.01393626	.9860637	0	0	0
1405.15	.01241658	.9875834	0	0	0
1404.15	.01090573	.9890943	0	0	0
1403.15	.009403656	.9905963	0	0	0
1402.15	.007910285	.9920897	0	0	0
1401.15	.006425552	.9935745	0	0	0
1400.15	.004949395	.9950506	0	0	0
1399.15	.003481749	.9965183	0	0	0
1398.15	.002022553	.9979775	0	0	0
1397.15	5.71744E-04	.9994283	0	0	0
1396.754	0	1	0	0	0
1396.754	0	1	0	0	0
1396.15	0	1	0	0	0
1395.15	0	1	0	0	0
1394.15	0	1	0	0	0
1393.15	0	1	0	0	0
1392.15	0	1	0	0	0
1391.15	0	1	0	0	0
1390.15	0	1	0	0	0
1389.15	0	1	0	0	0
1388.15	0	1	0	0	0
1387.15	0	1	0	0	0
1386.15	0	1	0	0	0
1385.15	0	1	0	0	0
1384.15	0	1	0	0	0
1383.15	0	1	0	0	0
1382.15	0	1	0	0	0
1381.15	0	1	0	0	0
1380.15	0	1	0	0	0
1379.15	0	1	0	0	0
1378.15	0	1	0	0	0
1377.15	0	1	0	0	0
1376.15	0	1	0	0	0
1375.15	0	1	0	0	0
1374.15	0	1	0	0	0
1373.15	0	1	0	0	0
1372.15	0	1	0	0	0
1371.15	0	1	0	0	0
1370.15	0	1	0	0	0
1369.15	0	1	0	0	0
1368.15	0	1	0	0	0
1367.15	0	1	0	0	0
1366.15	0	1	0	0	0
1365.15	0	1	0	0	0
1364.15	0	1	0	0	0
1363.15	0	1	0	0	0
1362.15	0	1	0	0	0
1361.15	0	1	0	0	0
1360.15	0	1	0	0	0
1359.15	0	1	0	0	0
1358.15	0	1	0	0	0
1357.15	0	1	0	0	0
1356.15	0	1	0	0	0
1355.15	0	1	0	0	0
1354.15	0	1	0	0	0
1353.15	0	1	0	0	0
1352.15	0	1	0	0	0
1351.15	0	1	0	0	0
1350.15	0	1	0	0	0
1349.15	0	1	0	0	0
1348.15	0	1	0	0	0
1347.15	0	1	0	0	0
1346.15	0	1	0	0	0
1345.15	0	1	0	0	0
1344.15	0	1	0	0	0
1343.15	0	1	0	0	0
1342.15	0	1	0	0	0
1341.15	0	1	0	0	0
1340.15	0	1	0	0	0
1339.15	0	1	0	0	0
1338.15	0	1	0	0	0
1337.15	0	1	0	0	0
1336.15	0	1	0	0	0
1335.15	0	1	0	0	0
1334.15	0	1	0	0	0
1333.15	0	1	0	0	0
1332.15	0	1	0	0	0
1331.15	0	1	0	0	0
1330.15	0	1	0	0	0
1329.15	0	1	0	0	0
1328.15	0	1	0	0	0
1327.15	0	1	0	0	0
1326.15	0	1	0	0	0
1325.15	0	1	0	0	0
1324.15	0	1	0	0	0
1323.15	0	1	0	0	0
1322.15	0	1	0	0	0
1321.15	0	1	0	0	0
1320.15	0	1	0	0	0
1319.15	0	1	0	0	0
1318.15	0	1	0	0	0
1317.15	0	1	0	0	0
1316.15	0	1	0	0	0
1315.15	0	1	0	0	0
1314.15	0	1	0	0	0
1313.15	0	1	0	0	0
1312.15	0	1	0	0	0
1311.15	0	1	0	0	0
1310.15	0	1	0	0	0
1309.15	0	1	0	0	0
1308.15	0	1	0	0	0
1307.15	0	1	0	0	0
1306.15	0	1	0	0	0
1305.15	0	1	0	0	0
1304.15	0	1	0	0	0
1303.15	0	1	0	0	0
1302.15	0	1	0	0	0
1301.15	0	1	0	0	0
1300.15	0	1	0	0	0
1299.15	0	1	0	0	0
1298.15	0	1	0	0	0
1297.15	0	1	0	0	0
1296.15	0	1	0	0	0
1295.15	0	1	0	0	0
1294.15	0	1	0	0	0
1293.15	0	1	0	0	0
1292.15	0	1	0	0	0
1291.15	0	1	0	0	0
1290.15	0	1	0	0	0
1289.15	0	1	0	0	0
1288.15	0	1	0	0	0
1287.15	0	1	0	0	0
1286.15	0	1	0	0	0
1285.15	0	1	0	0	0
1284.15	0	1	0	0	0
1283.15	0	1	0	0	0
1282.15	0	1	0	0	0
1281.15	0	1	0	0	0
1280.15	0	1	0	0	0
1279.15	0	1	0	0	0
1278.15	0	1	0	0	0
1277.15	0	1	0	0	0
1276.15	0	1	0	0	0
1275.15	0	1	0	0	0
1274.15	0	1	0	0	0
1273.15	0	1	0	0	0
1272.15	0	1	0	0	0
1271.15	0	1	0	0	0
1270.15	0	1	0	0	0
1269.15	0	1	0	0	0
1268.15	0	1	0	0	0
1267.15	0	1	0	0	0
1266.15	0	1	0	0	0
1265.15	0	1	0	0	0
1264.15	0	1	0	0	0
1263.15	0	1	0	0	0
1262.15	0	1	0	0	0
1261.15	0	1	0	0	0
1260.15	0	1	0	0	0
1259.15	0	1	0	0	0
1258.15	0	1	0	0	0
1257.15	0	1	0	0	0
1256.15	0	1	0	0	0
1255.15	0	1	0	0	0
1254.15	0	1	0	0	0
1253.15	0	1	0	0	0
1252.15	0	1	0	0	0
1251.15	0	1	0	0	0
1250.15	0	1	0	0	0
1249.15	0	1	0	0	0
1248.15	0	1	0	0	0
1247.15	0	1	0	0	0
1246.15	0	1	0	0	0
1245.15	0	1	0	0	0
1244.15	0	1	0	0	0
1243.15	0	1	0	0	0
1242.15	0	1	0	0	0
1241.15	0	1	0	0	0
1240.15	0	1	0	0	0
1239.15	0	1	0	0	0
1238.15	0	1	0	0	0
1237.15	0	1	0	0	0
1236.15	0	1	0	0	0
1235.15	0	1	0	0	0
1234.15	0	1	0	0	0
1233.15	0	1	0	0	0
1232.15	0	1	0	0	0
1231.15	0	1	0	0	0
1230.15	0	1	0	0	0
1229.15	0	1	0	0	0
1228.15	0	1	0	0	0
1227.15	0	1	0	0	0
1226.15	0	1	0	0	0
1225.15	0	1	0	0	0
1224.15	0	1	0	0	0
1223.15	0	1	0	0	0
1222.15	0	1	0	0	0
1221.15	0	1	0	0	0
1220.15	0	1	0	0	0
1219.15	0	1	0	0	0
1218.15	0	1	0	0	0
1217.15	0	1	0	0	0
1216.15	0	1	0	0	0
1215.15	0	1	0	0	0
1214.15	0	1	0	0	0
1213.15	0	1	0	0	0
1213.113	0	1	0	0	0
1213.113	0	1	0	0	0
1213.113	0	1	0	0	0
1212.15	0	.999462	0	5.380397E-04	0
1211.15	0	.9989045	0	.001095485	0
1210.15	0	.9983482	0	.001651795	0
1209.15	0	.997793	0	.002206973	0
1208.15	0	.997239	0	.002761022	0
1207.15	0	.9966861	0	.003313944	0
1206.15	0	.9961343	0	.003865743	0
1205.15	0	.9955836	0	.00441642	0
1204.927	0	.995461	0	.004538983	0
1204.927	0	.995461	0	.004538983	0
1204.927	0	.995461	0	.004538983	0
1204.15	0	.9943263	7.359053E-04	.004937809	0
1203.15	0	.9928697	.001680473	.005449837	0
1202.15	0	.991417	.002622395	.005960564	0
1201.15	0	.9899683	.003561676	.006469994	0
1200.15	0	.9885236	.00449832	.006978133	0
1199.15	0	.9870827	.005432332	.007484983	0
1198.15	0	.9856457	.006363715	.007990549	0
1197.15	0	.9842127	.007292474	.008494835	0
1196.15	0	.9827835	.008218612	.008997846	0
1195.15	0	.9813583	.009142133	.009499584	0
1194.15	0	.9799369	.01006304	.01000005	0
1193.15	0	.9785194	.01098134	.01049926	0
1192.15	0	.9771058	.01189704	.01099721	0
1191.15	0	.975696	.01281013	.0114939	0
1190.15	0	.97429	.01372062	.01198934	0
1189.15	0	.972888	.01462852	.01248352	0
1188.15	0	.9714897	.01553384	.01297647	0
1187.15	0	.9700953	.01643656	.01346817	0
1186.15	0	.9687046	.01733671	.01395864	0
1185.15	0	.9673179	.01823427	.01444787	0
1184.15	0	.9659349	.01912926	.01493588	0
1183.15	0	.9645557	.02002167	.01542266	0
1182.15	0	.9631803	.02091152	.01590822	0
1181.15	0	.9618087	.0217988	.01639256	0
1180.15	0	.9604408	.02268352	.01687568	0
1179.15	0	.9590767	.02356568	.0173576	0
1178.15	0	.9577164	.02444528	.0178383	0
1177.15	0	.9563599	.02532234	.01831781	0
1176.15	0	.9550071	.02619684	.01879611	0
1175.15	0	.953658	.0270688	.01927322	0
1174.15	0	.9523127	.02793822	.01974913	0
1173.15	0	.9509711	.0288051	.02022385	0
1172.15	0	.9496332	.02966944	.02069739	0
1171.15	0	.948299	.03053125	.02116975	0
1170.15	0	.9469686	.03139053	.02164093	0
1169.15	0	.9456418	.03224728	.02211093	0
1168.15	0	.9443187	.03310151	.02257976	0
1167.15	0	.9429994	.03395322	.02304742	0
1166.15	0	.9416837	.03480241	.02351391	0
1165.15	0	.9403717	.03564908	.02397925	0
1164.15	0	.9390633	.03649325	.02444342	0
1163.15	0	.9377587	.0373349	.02490644	0
1162.15	0	.9364577	.03817405	.0253683	0
1161.15	0	.9351603	.03901069	.02582902	0
1160.15	0	.9338666	.03984483	.02628859	0
1159.15	0	.9325765	.04067648	.02674703	0
1158.15	0	.9312901	.04150563	.02720432	0
1157.15	0	.9300073	.04233228	.02766047	0
1156.15	0	.9287281	.04315645	.02811549	0
1155.15	0	.9274525	.04397812	.02856939	0
1154.15	0	.9261805	.04479734	.02902217	0
1153.15	0	.9249121	.04561405	.02947381	0
1152.15	0	.9236474	.04642828	.02992434	0
1151.15	0	.9223862	.04724003	.03037374	0
1150.15	0	.9211287	.04804931	.03082203	0
1149.15	0	.9198747	.04885611	.03126921	0
1148.15	0	.9186243	.04966044	.03171528	0
1147.15	0	.9173775	.05046231	.03216025	0
1146.15	0	.9161342	.0512617	.03260411	0
1145.15	0	.9148945	.05205864	.03304687	0
1144.15	0	.9136584	.05285311	.03348854	0
1143.15	0	.9124258	.05364513	.03392911	0
1142.15	0	.9111967	.05443468	.0343686	0
1141.15	0	.9099712	.05522179	.03480699	0
1140.15	0	.9087493	.05600644	.0352443	0
1139.15	0	.9075308	.05678863	.03568053	0
1138.15	0	.9063159	.05756838	.03611568	0
1137.15	0	.9051046	.05834569	.03654975	0
1136.15	0	.9038967	.05912055	.03698275	0
1135.15	0	.9026924	.05989296	.03741468	0
1134.15	0	.9014915	.06066294	.03784553	0
1133.15	0	.9002942	.06143047	.03827533	0
1132.15	0	.8991004	.06219557	.03870406	0
1131.15	0	.89791	.06295824	.03913173	0
1130.15	0	.8967232	.06371847	.03955834	0
1129.15	0	.8955398	.06447627	.0399839	0
1128.15	0	.89436	.06523165	.0404084	0
1127.15	0	.8931836	.06598459	.04083186	0
1126.15	0	.8920106	.06673511	.04125427	0
1125.15	0	.8908412	.0674832	.04167563	0
1124.15	0	.8896752	.06822887	.04209595	0
1123.15	0	.8885127	.06897212	.04251523	0
1122.15	0	.8873536	.06971295	.04293347	0
1121.15	0	.886198	.07045136	.04335068	0
1120.15	0	.8850458	.07118736	.04376686	0
1119.15	0	.8838971	.07192094	.044182	0
1118.15	0	.8827518	.07265211	.04459612	0
1117.15	0	.8816099	.07338086	.04500922	0
1116.15	0	.8804715	.07410721	.04542129	0
1115.15	0	.8793365	.07483114	.04583233	0
1114.15	0	.878205	.07555267	.04624237	0
1113.15	0	.8770768	.0762718	.04665138	0
1112.15	0	.8759521	.07698852	.04705938	0
1111.15	0	.8748308	.07770283	.04746637	0
1110.15	0	.8737129	.07841474	.04787235	0
1109.15	0	.8725984	.07912426	.04827732	0
1108.15	0	.8714873	.07983137	.04868129	0
1107.15	0	.8703797	.08053608	.04908426	0
1106.15	0	.8692754	.0812384	.04948623	0
1105.15	0	.8681745	.08193832	.04988719	0
1104.15	0	.867077	.08263585	.05028716	0
1103.15	0	.8659829	.08333099	.05068614	0
1102.15	0	.8648922	.08402373	.05108412	0
1101.15	0	.8638048	.08471408	.05148112	0
1100.15	0	.8627208	.08540204	.05187712	0
1099.15	0	.8616402	.08608761	.05227214	0
1098.15	0	.860563	.08677079	.05266617	0
1097.15	0	.8594892	.08745159	.05305923	0
1096.15	0	.8584187	.08813	.0534513	0
1095.15	0	.8573516	.08880603	.05384239	0
1094.15	0	.8562878	.08947967	.05423251	0
1093.15	0	.8552274	.09015093	.05462165	0
1092.15	0	.8541704	.09081981	.05500982	0
1091.15	0	.8531167	.0914863	.05539702	0
1090.15	0	.8520663	.09215042	.05578325	0
1089.15	0	.8510193	.09281216	.05616851	0
1088.15	0	.8499757	.09347152	.05655281	0
1087.15	0	.8489354	.0941285	.05693614	0
1086.15	0	.8478984	.0947831	.05731851	0
1085.15	0	.8468647	.09543533	.05769992	0
1084.15	0	.8458345	.09608518	.05808037	0
1083.15	0	.8448075	.09673266	.05845986	0
1082.15	0	.8437838	.09737777	.0588384	0
1081.15	0	.8427635	.0980205	.05921598	0
1080.15	0	.8417465	.09866087	.05959262	0
1079.15	0	.8407329	.09929886	.0599683	0
1078.15	0	.8397225	.09993448	.06034303	0
1077.15	0	.8387155	.1005677	.06071681	0
1076.15	0	.8377117	.1011986	.06108965	0
1075.15	0	.8367113	.1018271	.06146154	0
1074.15	0	.8357142	.1024533	.06183249	0
1073.15	0	.8347205	.1030771	.06220249	0
1072.15	0	.83373	.1036985	.06257156	0
1071.15	0	.8327428	.1043175	.06293968	0
1070.15	0	.8317589	.1049342	.06330687	0
1069.15	0	.8307783	.1055485	.06367312	0
1068.15	0	.8298011	.1061605	.06403844	0
1067.15	0	.8288271	.1067701	.06440282	0
1066.15	0	.8278564	.1073773	.06476627	0
1065.15	0	.826889	.1079822	.06512879	0
1064.15	0	.8259249	.1085847	.06549038	0
1063.15	0	.8249641	.1091848	.06585103	0
1062.15	0	.8240066	.1097826	.06621076	0
1061.15	0	.8230524	.1103781	.06656957	0
1060.15	0	.8221014	.1109712	.06692744	0
1059.15	0	.8211537	.1115619	.0672844	0
1058.15	0	.8202093	.1121502	.06764042	0
1057.15	0	.8192682	.1127362	.06799553	0
1056.15	0	.8183304	.1133199	.06834971	0
1055.15	0	.8173958	.1139012	.06870298	0
1054.15	0	.8164646	.1144801	.06905532	0
1053.15	0	.8155365	.1150567	.06940675	0
1052.15	0	.8146118	.115631	.06975725	0
1051.15	0	.8136903	.1162028	.07010684	0
1050.15	0	.8127721	.1167724	.07045551	0
1049.15	0	.8118572	.1173396	.07080327	0
1048.15	0	.8109455	.1179044	.07115011	0
1047.15	0	.8100371	.1184669	.07149604	0
1046.15	0	.8091319	.119027	.07184106	0
1045.15	0	.80823	.1195848	.07218516	0
1044.15	0	.8073314	.1201403	.07252835	0
1043.15	0	.806436	.1206934	.07287063	0
1042.15	0	.8055439	.1212441	.073212	0
1041.15	0	.804655	.1217925	.07355246	0
1040.15	0	.8037694	.1223386	.07389201	0
1039.15	0	.802887	.1228823	.07423065	0
1038.15	0	.8020079	.1234237	.07456839	0
1037.15	0	.801132	.1239628	.07490521	0
1036.15	0	.8002594	.1244995	.07524113	0
1035.15	0	.79939	.1250338	.07557614	0
1034.15	0	.7985239	.1255659	.07591024	0
1033.15	0	.797661	.1260956	.07624344	0
1032.15	0	.7968014	.1266229	.07657573	0
1031.15	0	.7959449	.1271479	.07690711	0
1030.15	0	.7950918	.1276706	.07723759	0
1029.15	0	.7942418	.128191	.07756716	0
1028.15	0	.7933951	.128709	.07789583	0
1027.15	0	.7925517	.1292247	.0782236	0
1026.15	0	.7917114	.1297381	.07855046	0
1025.15	0	.7908744	.1302492	.07887641	0
1024.15	0	.7900407	.1307579	.07920146	0
1023.15	0	.7892101	.1312643	.0795256	0
1022.15	0	.7883828	.1317684	.07984884	0
1021.15	0	.7875587	.1322701	.08017118	0
1020.15	0	.7867378	.1327696	.08049261	0
1019.15	0	.7859202	.1332667	.08081313	0
1018.15	0	.7851057	.1337615	.08113275	0
1017.15	0	.7842945	.134254	.08145147	0
1016.15	0	.7834865	.1347442	.08176928	0
1015.15	0	.7826817	.1352321	.08208618	0
1014.15	0	.7818802	.1357176	.08240218	0
1013.15	0	.7810818	.1362009	.08271727	0
1012.15	0	.7802867	.1366819	.08303145	0
1011.15	0	.7794947	.1371605	.08334473	0
1010.15	0	.778706	.1376369	.0836571	0
1009.15	0	.7779205	.138111	.08396856	0
1008.15	0	.7771381	.1385828	.08427911	0
1007.15	0	.776359	.1390522	.08458876	0
1006.15	0	.7755831	.1395194	.08489749	0
1005.15	0	.7748104	.1399843	.08520531	0
1004.15	0	.7740408	.140447	.08551222	0
1003.15	0	.7732745	.1409073	.08581822	0
1002.15	0	.7725113	.1413654	.08612331	0
1001.15	0	.7717514	.1418212	.08642748	0
1000.15	0	.7709946	.1422747	.08673074	0
999.15	0	.770241	.1427259	.08703309	0
998.15	0	.7694906	.1431749	.08733452	0
997.15	0	.7687433	.1436217	.08763503	0
996.15	0	.7679993	.1440661	.08793462	0
995.15	0	.7672584	.1445084	.08823329	0
994.15	0	.7665206	.1449483	.08853105	0
993.15	0	.7657861	.145386	.08882788	0
992.15	0	.7650547	.1458215	.08912379	0
991.15	0	.7643264	.1462548	.08941877	0
990.15	0	.7636014	.1466858	.08971283	0
989.15	0	.7628795	.1471146	.09000596	0
988.15	0	.7621607	.1475411	.09029817	0
987.15	0	.7614451	.1479655	.09058944	0
986.15	0	.7607326	.1483876	.09087979	0
985.15	0	.7600233	.1488075	.0911692	0
984.15	0	.7593171	.1492253	.09145767	0
983.15	0	.758614	.1496408	.09174522	0
982.15	0	.7579141	.1500541	.09203182	0
981.15	0	.7572173	.1504653	.09231748	0
980.15	0	.7565236	.1508742	.0926022	0
979.15	0	.755833	.151281	.09288598	0
978.15	0	.7551456	.1516856	.09316882	0
977.15	0	.7544612	.1520881	.09345071	0
976.15	0	.75378	.1524884	.09373164	0
975.15	0	.7531018	.1528866	.09401163	0
974.15	0	.7524268	.1532826	.09429066	0
973.15	0	.7517548	.1536765	.09456874	0
972.15	0	.7510859	.1540682	.09484586	0
971.15	0	.7504201	.1544579	.09512202	0
970.15	0	.7497573	.1548454	.09539722	0
969.15	0	.7490977	.1552309	.09567145	0
968.15	0	.7484411	.1556142	.09594472	0
967.15	0	.7477875	.1559955	.09621701	0
966.15	0	.747137	.1563747	.09648833	0
965.15	0	.7464895	.1567518	.09675868	0
964.15	0	.7458451	.1571268	.09702804	0
963.15	0	.7452037	.1574999	.09729643	0
962.15	0	.7445653	.1578709	.09756383	0
961.15	0	.7439299	.1582398	.09783025	0
960.15	0	.7432976	.1586068	.09809567	0
959.15	0	.7426682	.1589717	.0983601	0
958.15	0	.7420418	.1593347	.09862353	0
957.15	0	.7414184	.1596956	.09888597	0
956.15	0	.740798	.1600546	.0991474	0
955.15	0	.7401805	.1604117	.09940782	0
954.15	0	.739566	.1607668	.09966724	0
953.15	0	.7389544	.1611199	.09992563	0
952.15	0	.7383458	.1614712	.100183	0
951.15	0	.7377401	.1618205	.1004394	0
950.15	0	.7371373	.162168	.1006947	0
949.15	0	.7365374	.1625136	.100949	0
948.15	0	.7359404	.1628573	.1012023	0
947.15	0	.7353463	.1631992	.1014545	0
946.15	0	.7347551	.1635392	.1017057	0
945.15	0	.7341667	.1638775	.1019559	0
944.15	0	.7335812	.1642139	.102205	0
943.15	0	.7329985	.1645485	.102453	0
942.15	0	.7324186	.1648814	.1027	0
941.15	0	.7318415	.1652126	.1029459	0
940.15	0	.7312672	.165542	.1031908	0
939.15	0	.7306958	.1658697	.1034346	0
938.15	0	.730127	.1661957	.1036773	0
937.15	0	.7295611	.1665201	.1039189	0
936.15	0	.7289978	.1668428	.1041594	0
935.15	0	.7284373	.1671638	.1043988	0
934.15	0	.7278795	.1674833	.1046372	0
933.15	0	.7273244	.1678012	.1048744	0
932.15	0	.726772	.1681175	.1051105	0
931.15	0	.7262222	.1684323	.1053455	0
930.15	0	.7256751	.1687455	.1055794	0
929.15	0	.7251306	.1690573	.1058122	0
928.15	0	.7245887	.1693676	.1060438	0
927.15	0	.7240493	.1696764	.1062743	0
926.15	0	.7235126	.1699838	.1065036	0
925.15	0	.7229783	.1702898	.1067318	0
924.15	0	.7224467	.1705945	.1069588	0
923.15	0	.7219175	.1708979	.1071847	0
922.15	0	.7213908	.1711999	.1074094	0
921.15	0	.7208665	.1715006	.1076329	0
920.15	0	.7203447	.1718001	.1078552	0
919.15	0	.7198253	.1720984	.1080764	0
918.15	0	.7193083	.1723955	.1082963	0
917.15	0	.7187936	.1726914	.108515	0
916.15	0	.7182813	.1729862	.1087325	0
915.15	0	.7177713	.1732799	.1089488	0
914.15	0	.7172636	.1735726	.1091638	0
913.15	0	.7167581	.1738643	.1093776	0
912.15	0	.7162549	.1741549	.1095902	0
911.15	0	.7157538	.1744446	.1098015	0
910.15	0	.715255	.1747335	.1100116	0
909.15	0	.7147583	.1750214	.1102203	0
908.15	0	.7142637	.1753085	.1104278	0
907.15	0	.7137712	.1755948	.110634	0
906.15	0	.7132807	.1758804	.1108389	0
905.15	0	.7127923	.1761653	.1110425	0
904.15	0	.7123058	.1764495	.1112447	0
903.15	0	.7118213	.1767331	.1114457	0
902.15	0	.7113386	.1770161	.1116453	0
901.15	0	.7108579	.1772986	.1118435	0
900.15	0	.710379	.1775807	.1120404	0
899.15	0	.7099019	.1778623	.1122359	0
898.15	0	.7094265	.1781435	.11243	0
897.15	0	.7089529	.1784244	.1126227	0
896.15	0	.7084809	.178705	.112814	0
895.15	0	.7080106	.1789854	.1130039	0
894.15	0	.7075419	.1792657	.1131924	0
893.15	0	.7070747	.1795459	.1133794	0
892.15	0	.706609	.179826	.113565	0
891.15	0	.7061448	.1801061	.1137491	0
890.15	0	.705682	.1803863	.1139317	0
889.15	0	.7052205	.1806666	.1141129	0
888.15	0	.7047604	.1809472	.1142925	0
887.15	0	.7043014	.181228	.1144706	0
886.15	0	.7038437	.1815091	.1146472	0
885.15	0	.7033872	.1817906	.1148222	0
884.15	0	.7029317	.1820726	.1149956	0
883.15	0	.7024773	.1823552	.1151675	0
882.15	0	.7020239	.1826384	.1153378	0
881.15	0	.7015713	.1829223	.1155064	0
880.15	0	.7011197	.1832069	.1156734	0
879.15	0	.7006688	.1834924	.1158388	0
878.15	0	.7002186	.1837789	.1160025	0
877.15	0	.6997691	.1840663	.1161646	0
876.15	0	.6993202	.1843549	.1163249	0
875.15	0	.6988719	.1846447	.1164835	0
874.15	0	.6984239	.1849357	.1166404	0
873.15	0	.6979764	.1852282	.1167955	0
872.15	0	.6975291	.1855221	.1169488	0
871.15	0	.6970821	.1858176	.1171003	0
870.15	0	.6966352	.1861148	.11725	0
869.15	0	.6961884	.1864137	.1173979	0
868.15	0	.6957416	.1867146	.1175438	0
867.15	0	.6952946	.1870174	.1176879	0
866.15	0	.6948475	.1873224	.1178301	0
865.15	0	.6944	.1876296	.1179703	0
864.15	0	.6939522	.1879392	.1181086	0
863.15	0	.6935039	.1882513	.1182449	0
862.15	0	.693055	.1885659	.1183791	0
861.15	0	.6926054	.1888833	.1185113	0
860.15	0	.692155	.1892036	.1186414	0
859.15	0	.6917037	.1895269	.1187694	0
858.15	0	.6912514	.1898534	.1188952	0
857.15	0	.6907979	.1901832	.1190189	0
856.15	0	.6903432	.1905165	.1191403	0
855.15	0	.6898871	.1908534	.1192595	0
854.15	0	.6894294	.1911941	.1193764	0
853.15	0	.6889702	.1915388	.1194911	0
852.15	0	.6885091	.1918876	.1196033	0
851.15	0	.688046	.1922409	.1197131	0
850.15	0	.6875809	.1925986	.1198205	0
849.15	0	.6871135	.1929611	.1199254	0
848.15	0	.6866437	.1933285	.1200277	0
847.15	0	.6861714	.1937011	.1201275	0
846.15	0	.6856962	.1940791	.1202246	0
845.15	0	.6852182	.1944628	.1203191	0
844.15	0	.6847369	.1948523	.1204108	0
843.15	0	.6842524	.195248	.1204996	0
842.15	0	.6837643	.1956501	.1205856	0
841.15	0	.6832724	.1960589	.1206687	0
840.15	0	.6827765	.1964747	.1207488	0
839.15	0	.6822764	.1968978	.1208258	0
838.15	0	.6817718	.1973285	.1208997	0
837.15	0	.6812624	.1977673	.1209703	0
836.15	0	.680748	.1982144	.1210376	0
835.15	0	.6802282	.1986702	.1211016	0
834.15	0	.6797028	.1991352	.121162	0
833.15	0	.6791714	.1996097	.1212189	0
832.15	0	.6786337	.2000942	.1212721	0
831.15	0	.6780893	.2005893	.1213214	0
830.15	0	.6775377	.2010954	.1213669	0
829.15	0	.6769787	.2016131	.1214083	0
828.15	0	.6764116	.2021429	.1214455	0
827.15	0	.6758361	.2026856	.1214784	0
826.15	0	.6752516	.2032416	.1215067	0
825.15	0	.6746576	.2038119	.1215305	0
824.15	0	.6740535	.2043971	.1215494	0
823.15	0	.6734386	.2049981	.1215633	0
822.15	0	.6728123	.2056158	.121572	0
821.15	0	.6721737	.2062511	.1215752	0
820.15	0	.6715221	.2069052	.1215727	0
819.15	0	.6708566	.2075792	.1215642	0
818.15	0	.6701762	.2082744	.1215494	0
817.15	0	.6694797	.2089922	.121528	0
816.15	0	.6687661	.2097341	.1214997	0
815.15	0	.6680341	.2105019	.1214641	0
814.15	0	.667282	.2112974	.1214206	0
813.15	0	.6660023	.212745	.1212526	0
812.15	0	.6646	.2143497	.1210502	0
811.15	0	.6632808	.2158586	.1208607	0
810.15	0	.6620367	.2172807	.1206826	0
809.15	0	.6608609	.2186243	.1205149	0
808.15	0	.6597473	.2198962	.1203565	0
807.15	0	.6586909	.2211025	.1202066	0
806.15	0	.6576871	.2222485	.1200644	0
805.15	0	.6567317	.223339	.1199293	0
804.15	0	.6558211	.2243782	.1198007	0
803.15	0	.6549522	.2253699	.119678	0
802.15	0	.6541219	.2263173	.1195608	0
801.15	0	.6533277	.2272237	.1194486	0
800.15	0	.6525672	.2280916	.1193412	0
799.15	0	.6518382	.2289237	.1192381	0
798.15	0	.6511388	.2297221	.1191391	0
797.15	0	.6504672	.230489	.1190438	0
796.15	0	.6498217	.2312263	.118952	0
795.15	0	.6492008	.2319356	.1188636	0
794.15	0	.6486031	.2326188	.1187782	0
793.15	0	.6480273	.2332771	.1186956	0
792.15	0	.6474722	.233912	.1186158	0
791.15	0	.6469368	.2345247	.1185385	0
790.15	0	.6464199	.2351165	.1184636	0
789.15	0	.6459207	.2356884	.1183909	0
788.15	0	.6454382	.2362415	.1183204	0
787.15	0	.6449716	.2367766	.1182518	0
786.15	0	.6445201	.2372948	.1181851	0
785.15	0	.6440831	.2377968	.1181201	0
784.15	0	.6436597	.2382834	.1180569	0
783.15	0	.6432494	.2387554	.1179952	0
782.15	0	.6428516	.2392133	.117935	0
781.15	0	.6424658	.239658	.1178763	0
780.15	0	.6420912	.2400899	.1178189	0
779.15	0	.6417276	.2405097	.1177627	0
778.15	0	.6413743	.2409179	.1177078	0
777.15	0	.641031	.241315	.117654	0
776.15	0	.6406996	.2416997	.1176007	0
775.15	0	.6403747	.2420762	.1175491	0
774.15	0	.6400586	.2424429	.1174985	0
773.15	0	.6397509	.2428003	.1174488	0
772.15	0	.6394513	.2431488	.1173999	0
771.15	0	.6391594	.2434887	.1173519	0
770.15	0	.6388749	.2438204	.1173048	0
769.15	0	.6385975	.2441442	.1172583	0
768.15	0	.638327	.2444604	.1172126	0
767.15	0	.638063	.2447693	.1171676	0
766.15	0	.6378055	.2450713	.1171233	0
765.15	0	.6375539	.2453665	.1170796	0
764.15	0	.6373083	.2456553	.1170364	0
763.15	0	.6370683	.2459379	.1169939	0
762.15	0	.6368337	.2462145	.1169519	0
761.15	0	.6366044	.2464853	.1169104	0
760.15	0	.6363801	.2467506	.1168694	0
759.15	0	.6361606	.2470105	.1168288	0
758.15	0	.6359459	.2472654	.1167888	0
757.15	0	.6357356	.2475153	.1167491	0
756.15	0	.6355298	.2477604	.1167099	0
755.15	0	.6353281	.2480009	.116671	0
754.15	0	.6351305	.248237	.1166325	0
753.15	0	.6349369	.2484687	.1165944	0
752.15	0	.634747	.2486964	.1165566	0
751.15	0	.6345608	.2489201	.1165191	0
750.15	0	.6343781	.2491399	.116482	0
749.15	0	.6341989	.249356	.1164451	0
748.15	0	.634023	.2495686	.1164085	0
747.15	0	.6338502	.2497776	.1163722	0
746.15	0	.6336806	.2499834	.1163361	0
745.15	0	.6335139	.2501858	.1163002	0
744.15	0	.6333502	.2503852	.1162646	0
743.15	0	.6331892	.2505815	.1162292	0
742.15	0	.633031	.2507749	.1161941	0
741.15	0	.6328754	.2509655	.1161591	0
740.15	0	.6327224	.2511533	.1161243	0
739.15	0	.6325718	.2513385	.1160897	0
738.15	0	.6324236	.2515211	.1160552	0
737.15	0	.6322778	.2517013	.1160209	0
736.15	0	.6321342	.251879	.1159868	0
735.15	0	.6319928	.2520544	.1159528	0
734.15	0	.6318534	.2522276	.115919	0
733.15	0	.6317162	.2523986	.1158853	0
732.15	0	.6315809	.2525674	.1158517	0
731.15	0	.6314476	.2527342	.1158182	0
730.15	0	.6313161	.2528991	.1157848	0
729.15	0	.6311865	.2530619	.1157516	0
728.15	0	.6310586	.253223	.1157184	0
727.15	0	.6309325	.2533822	.1156854	0
726.15	0	.630808	.2535396	.1156524	0
725.15	0	.6306851	.2536954	.1156195	0
724.15	0	.6305638	.2538495	.1155867	0
723.15	0	.6304441	.254002	.1155539	0
722.15	0	.6303258	.2541529	.1155213	0
721.15	0	.630209	.2543023	.1154887	0
720.15	0	.6300936	.2544503	.1154561	0
719.15	0	.6299796	.2545968	.1154236	0
718.15	0	.6298669	.2547419	.1153912	0
717.15	0	.6297555	.2548857	.1153588	0
716.15	0	.6296453	.2550282	.1153265	0
715.15	0	.6295364	.2551695	.1152942	0
714.15	0	.6294287	.2553094	.1152619	0
713.15	0	.6293221	.2554482	.1152297	0
712.15	0	.6292167	.2555858	.1151975	0
711.15	0	.6291124	.2557223	.1151653	0
710.15	0	.6290091	.2558577	.1151332	0
709.15	0	.6289069	.255992	.115101	0
708.15	0	.6288058	.2561253	.115069	0
707.15	0	.6287056	.2562576	.1150369	0
706.15	0	.6286064	.2563888	.1150048	0
705.15	0	.6285081	.2565191	.1149728	0
704.15	0	.6284108	.2566485	.1149407	0
703.15	0	.6283143	.256777	.1149087	0
702.15	0	.6282188	.2569045	.1148767	0
701.15	0	.6281241	.2570312	.1148447	0
700.15	0	.6280302	.2571571	.1148127	0
699.15	0	.6279371	.2572822	.1147807	0
698.15	0	.6278449	.2574064	.1147487	0
697.15	0	.6277534	.2575299	.1147167	0
696.15	0	.6276627	.2576526	.1146847	0
695.15	0	.6275727	.2577746	.1146527	0
694.15	0	.6274835	.2578959	.1146207	0
693.15	0	.6273949	.2580164	.1145887	0
692.15	0	.6273071	.2581363	.1145567	0
691.15	0	.6272199	.2582555	.1145246	0
690.15	0	.6271334	.2583741	.1144926	0
689.15	0	.6270475	.258492	.1144605	0
688.15	0	.6269623	.2586093	.1144285	0
687.15	0	.6268776	.258726	.1143964	0
686.15	0	.6267936	.2588421	.1143643	0
685.15	0	.6267102	.2589576	.1143322	0
684.15	0	.6266274	.2590726	.1143001	0
683.15	0	.6265451	.259187	.1142679	0
682.15	0	.6264634	.2593008	.1142358	0
681.15	0	.6263822	.2594142	.1142036	0
680.15	0	.6263015	.259527	.1141714	0
679.15	0	.6262214	.2596394	.1141392	0
678.15	0	.6261418	.2597512	.114107	0
677.15	0	.6260627	.2598626	.1140747	0
676.15	0	.6259841	.2599735	.1140425	0
675.15	0	.6259059	.2600839	.1140102	0
674.15	0	.6258282	.2601939	.1139779	0
673.15	0	.625751	.2603035	.1139455	0
672.15	0	.6256742	.2604126	.1139132	0
671.15	0	.6255979	.2605213	.1138808	0
670.15	0	.625522	.2606296	.1138484	0
669.15	0	.6254466	.2607375	.113816	0
668.15	0	.6253715	.260845	.1137835	0
667.15	0	.6252969	.2609521	.113751	0
666.15	0	.6252227	.2610588	.1137185	0
665.15	0	.6251488	.2611652	.113686	0
664.15	0	.6250754	.2612711	.1136535	0
663.15	0	.6250023	.2613768	.1136209	0
662.15	0	.6249296	.2614821	.1135883	0
661.15	0	.6248573	.261587	.1135557	0
660.15	0	.6247854	.2616916	.1135231	0
659.15	0	.6247138	.2617958	.1134904	0
658.15	0	.6246425	.2618998	.1134577	0
657.15	0	.6245716	.2620034	.113425	0
656.15	0	.624501	.2621067	.1133922	0
655.15	0	.6244308	.2622097	.1133595	0
654.15	0	.6243609	.2623124	.1133267	0
653.15	0	.6242913	.2624148	.1132939	0
652.15	0	.624222	.2625169	.113261	0
651.15	0	.6241531	.2626188	.1132282	0
650.15	0	.6240844	.2627203	.1131953	0
649.15	0	.6240161	.2628216	.1131624	0
648.15	0	.623948	.2629225	.1131295	0
647.15	0	.6238803	.2630232	.1130965	0
646.15	0	.6238128	.2631237	.1130635	0
645.15	0	.6237456	.2632239	.1130305	0
644.15	0	.6236787	.2633238	.1129975	0
643.15	0	.6236121	.2634235	.1129645	0
642.15	0	.6235457	.2635229	.1129314	0
641.15	0	.6234796	.2636221	.1128983	0
640.15	0	.6234138	.263721	.1128652	0
639.15	0	.6233482	.2638197	.1128321	0
638.15	0	.6232829	.2639182	.1127989	0
637.15	0	.6232179	.2640164	.1127657	0
636.15	0	.6231531	.2641144	.1127326	0
635.15	0	.6230885	.2642122	.1126993	0
634.15	0	.6230242	.2643097	.1126661	0
633.15	0	.6229601	.264407	.1126329	0
632.15	0	.6228963	.2645041	.1125996	0
631.15	0	.6228327	.264601	.1125663	0
630.15	0	.6227693	.2646977	.112533	0
629.15	0	.6227062	.2647941	.1124997	0
628.15	0	.6226433	.2648904	.1124663	0
627.15	0	.6225807	.2649864	.112433	0
626.15	0	.6225182	.2650822	.1123996	0
625.15	0	.622456	.2651778	.1123662	0
624.15	0	.6223939	.2652733	.1123328	0
623.15	0	.6223321	.2653685	.1122994	0
622.15	0	.6222706	.2654635	.1122659	0
621.15	0	.6222092	.2655583	.1122325	0
620.15	0	.622148	.265653	.112199	0
619.15	0	.6220871	.2657474	.1121656	0
618.15	0	.6220263	.2658416	.1121321	0
617.15	0	.6219657	.2659357	.1120986	0
616.15	0	.6219054	.2660296	.1120651	0
615.15	0	.6218452	.2661232	.1120315	0
614.15	0	.6217853	.2662167	.111998	0
613.15	0	.6217255	.26631	.1119645	0
612.15	0	.6216659	.2664032	.1119309	0
611.15	0	.6216066	.2664961	.1118974	0
610.15	0	.6215474	.2665888	.1118638	0
609.15	0	.6214884	.2666814	.1118302	0
608.15	0	.6214296	.2667738	.1117966	0
607.15	0	.6213709	.266866	.111763	0
606.15	0	.6213125	.2669581	.1117294	0
605.15	0	.6212542	.2670499	.1116958	0
604.15	0	.6211961	.2671416	.1116622	0
603.15	0	.6211382	.2672331	.1116286	0
602.15	0	.6210805	.2673245	.111595	0
601.15	0	.621023	.2674156	.1115614	0
600.15	0	.6209656	.2675066	.1115278	0
599.15	0	.6209084	.2675974	.1114942	0
598.15	0	.6208514	.2676881	.1114605	0
597.15	0	.6207945	.2677786	.1114269	0
596.15	0	.6207379	.2678689	.1113933	0
595.15	0	.6206814	.267959	.1113597	0
594.15	0	.620625	.2680489	.111326	0
593.15	0	.6205689	.2681387	.1112924	0
592.15	0	.6205129	.2682284	.1112588	0
591.15	0	.620457	.2683178	.1112252	0
590.15	0	.6204014	.2684071	.1111916	0
589.15	0	.6203459	.2684962	.111158	0
588.15	0	.6202905	.2685851	.1111244	0
587.15	0	.6202353	.2686739	.1110908	0
586.15	0	.6201803	.2687625	.1110572	0
585.15	0	.6201255	.2688509	.1110236	0
584.15	0	.6200708	.2689392	.11099	0
583.15	0	.6200162	.2690273	.1109564	0
582.15	0	.6199619	.2691152	.1109229	0
581.15	0	.6199077	.269203	.1108893	0
580.15	0	.6198536	.2692906	.1108558	0
579.15	0	.6197997	.269378	.1108223	0
578.15	0	.619746	.2694653	.1107887	0
577.15	0	.6196924	.2695524	.1107552	0
576.15	0	.6196389	.2696393	.1107217	0
575.15	0	.6195857	.2697261	.1106883	0
574.15	0	.6195325	.2698127	.1106548	0
573.15	0	.6194796	.2698991	.1106213	0
572.15	0	.6194268	.2699853	.1105879	0
571.15	0	.6193741	.2700714	.1105545	0
570.15	0	.6193216	.2701573	.1105211	0
569.15	0	.6192692	.2702431	.1104877	0
568.15	0	.619217	.2703287	.1104543	0
567.15	0	.619165	.2704141	.110421	0
566.15	0	.6191131	.2704993	.1103877	0
565.15	0	.6190613	.2705843	.1103543	0
564.15	0	.6190097	.2706692	.1103211	0
563.15	0	.6189583	.270754	.1102878	0
562.15	0	.618907	.2708385	.1102545	0
561.15	0	.6188558	.2709229	.1102213	0
560.15	0	.6188048	.2710071	.1101881	0
559.15	0	.6187539	.2710911	.1101549	0
558.15	0	.6187032	.271175	.1101218	0
557.15	0	.6186527	.2712587	.1100887	0
556.15	0	.6186022	.2713422	.1100556	0
555.15	0	.618552	.2714255	.1100225	0
554.15	0	.6185019	.2715087	.1099895	0
553.15	0	.6184519	.2715917	.1099564	0
552.15	0	.618402	.2716745	.1099235	0
551.15	0	.6183524	.2717572	.1098905	0
550.15	0	.6183028	.2718396	.1098576	0
549.15	0	.6182534	.2719219	.1098247	0
548.15	0	.6182042	.272004	.1097918	0
547.15	0	.6181551	.2720859	.109759	0
546.15	0	.6181061	.2721677	.1097262	0
545.15	0	.6180573	.2722493	.1096934	0
544.15	0	.6180087	.2723307	.1096607	0
543.15	0	.6179602	.2724119	.109628	0
542.15	0	.6179118	.2724929	.1095953	0
541.15	0	.6178636	.2725737	.1095627	0
540.15	0	.6178155	.2726544	.1095301	0
539.15	0	.6177675	.2727349	.1094976	0
538.15	0	.6177197	.2728152	.1094651	0
537.15	0	.6176721	.2728953	.1094326	0
536.15	0	.6176246	.2729753	.1094002	0
535.15	0	.6175772	.273055	.1093678	0
534.15	0	.61753	.2731345	.1093355	0
533.15	0	.6174829	.2732139	.1093031	0
532.15	0	.617436	.2732931	.1092709	0
531.15	0	.6173892	.2733721	.1092387	0
530.15	0	.6173426	.2734509	.1092065	0
529.15	0	.6172961	.2735296	.1091744	0
528.15	0	.6172497	.273608	.1091423	0
527.15	0	.6172035	.2736862	.1091103	0
526.15	0	.6171575	.2737643	.1090783	0
525.15	0	.6171115	.2738421	.1090463	0
524.15	0	.6170658	.2739198	.1090144	0
523.15	0	.6170201	.2739973	.1089826	0
522.15	0	.6169746	.2740746	.1089508	0
521.15	0	.6169293	.2741516	.1089191	0
520.15	0	.6168843	.2742285	.1088872	0
519.15	0	.6168392	.2743052	.1088556	0
518.15	0	.6167943	.2743817	.108824	0
517.15	0	.6167495	.274458	.1087925	0
516.15	0	.6167049	.2745341	.108761	0
515.15	0	.6166604	.27461	.1087296	0
514.15	0	.6166161	.2746857	.1086982	0
513.15	0	.6165719	.2747612	.1086669	0
512.15	0	.6165279	.2748365	.1086356	0
511.15	0	.616484	.2749116	.1086044	0
510.15	0	.6164402	.2749865	.1085733	0
509.15	0	.6163966	.2750612	.1085422	0
508.15	0	.6163532	.2751357	.1085112	0
507.15	0	.6163099	.2752099	.1084802	0
506.15	0	.6162667	.275284	.1084493	0
505.15	0	.6162237	.2753579	.1084185	0
504.15	0	.6161808	.2754316	.1083877	0
503.15	0	.616138	.275505	.108357	0
502.15	0	.6160955	.2755782	.1083263	0
501.15	0	.616053	.2756513	.1082957	0
500.15	0	.6160107	.2757241	.1082652	0
499.15	0	.6159686	.2757967	.1082347	0
498.15	0	.6159266	.2758691	.1082043	0
497.15	0	.6158847	.2759413	.108174	0
496.15	0	.615843	.2760133	.1081437	0
495.15	0	.6158014	.276085	.1081136	0
494.15	0	.61576	.2761566	.1080834	0
493.15	0	.6157187	.2762279	.1080534	0
492.15	0	.6156776	.276299	.1080234	0
491.15	0	.6156366	.2763699	.1079935	0
490.15	0	.6155958	.2764406	.1079636	0
489.15	0	.6155551	.276511	.1079339	0
488.15	0	.6155146	.2765813	.1079042	0
487.15	0	.6154742	.2766513	.1078745	0
486.15	0	.6154339	.2767211	.107845	0
485.15	0	.6153938	.2767907	.1078155	0
484.15	0	.6153539	.27686	.1077861	0
483.15	0	.6153141	.2769291	.1077568	0
482.15	0	.6152744	.276998	.1077276	0
481.15	0	.6152349	.2770667	.1076984	0
480.15	0	.6151956	.2771351	.1076693	0
479.15	0	.6151563	.2772034	.1076403	0
478.15	0	.6151173	.2772714	.1076113	0
477.15	0	.6150784	.2773391	.1075825	0
476.15	0	.6150396	.2774067	.1075537	0
475.15	0	.615001	.277474	.107525	0
474.15	0	.6149625	.2775411	.1074964	0
473.15	0	.6149242	.2776079	.1074679	0
472.15	0	.614886	.2776745	.1074394	0
471.15	0	.614848	.2777409	.1074111	0
470.15	0	.6148101	.2778071	.1073828	0
469.15	0	.6147724	.277873	.1073546	0
468.15	0	.6147348	.2779387	.1073265	0
467.15	0	.6146974	.2780041	.1072985	0
466.15	0	.6146602	.2780693	.1072706	0
465.15	0	.614623	.2781343	.1072427	0
464.15	0	.6145861	.278199	.1072149	0
463.15	0	.6145492	.2782635	.1071873	0
462.15	0	.6145126	.2783278	.1071597	0
461.15	0	.6144761	.2783918	.1071322	0
460.15	0	.6144397	.2784555	.1071048	0
459.15	0	.6144035	.2785191	.1070775	0
458.15	0	.6143674	.2785824	.1070502	0
457.15	0	.6143315	.2786454	.1070231	0
456.15	0	.6142957	.2787082	.1069961	0
455.15	0	.6142601	.2787708	.1069691	0
454.15	0	.6142246	.2788331	.1069423	0
453.15	0	.6141893	.2788951	.1069155	0
452.15	0	.6141542	.278957	.1068889	0
451.15	0	.6141192	.2790185	.1068623	0
450.15	0	.6140843	.2790799	.1068358	0
449.15	0	.6140496	.2791409	.1068095	0
448.15	0	.6140151	.2792016	.1067832	0
447.15	0	.6139808	.2792622	.1067571	0
446.15	0	.6139466	.2793224	.106731	0
445.15	0	.6139126	.2793824	.1067051	0
444.15	0	.6138787	.279442	.1066792	0
443.15	0	.6138451	.2795014	.1066535	0
442.15	0	.6138116	.2795606	.1066279	0
441.15	0	.6137783	.2796194	.1066024	0
440.15	0	.6137451	.2796779	.106577	0
439.15	0	.6137122	.2797362	.1065517	0
438.15	0	.6136794	.2797941	.1065265	0
437.15	0	.6136468	.2798517	.1065015	0
436.15	0	.6136144	.279909	.1064766	0
435.15	0	.6135822	.279966	.1064518	0
434.15	0	.6135502	.2800227	.1064271	0
433.15	0	.6135184	.280079	.1064026	0
432.15	0	.6134868	.280135	.1063782	0
431.15	0	.6134554	.2801907	.1063539	0
430.15	0	.6134242	.2802461	.1063297	0
429.15	0	.6133932	.2803011	.1063057	0
428.15	0	.6133624	.2803558	.1062818	0
427.15	0	.6133318	.2804102	.106258	0
426.15	0	.6133014	.2804642	.1062344	0
425.15	0	.6132713	.2805179	.1062109	0
424.15	0	.6132413	.2805712	.1061875	0
423.15	0	.6132115	.2806242	.1061643	0
422.15	0	.613182	.2806768	.1061412	0
421.15	0	.6131527	.2807291	.1061182	0
420.15	0	.6131235	.280781	.1060954	0
419.15	0	.6130946	.2808326	.1060728	0
418.15	0	.6130659	.2808839	.1060502	0
417.15	0	.6130374	.2809347	.1060278	0
416.15	0	.6130092	.2809853	.1060056	0
415.15	0	.6129811	.2810355	.1059835	0
414.15	0	.6129532	.2810853	.1059615	0
413.15	0	.6129256	.2811347	.1059397	0
412.15	0	.6128982	.2811839	.105918	0
411.15	0	.6128709	.2812326	.1058965	0
410.15	0	.6128439	.281281	.1058751	0
409.15	0	.6128171	.2813291	.1058538	0
408.15	0	.6127905	.2813768	.1058327	0
407.15	0	.6127641	.2814241	.1058118	0
406.15	0	.612738	.2814711	.1057909	0
405.15	0	.612712	.2815177	.1057703	0
404.15	0	.6126862	.281564	.1057497	0
403.15	0	.6126607	.2816099	.1057294	0
402.15	0	.6126354	.2816555	.1057091	0
401.15	0	.6126102	.2817008	.105689	0
400.15	0	.6125853	.2817457	.1056691	0
399.15	0	.6125605	.2817902	.1056493	0
398.15	0	.612536	.2818344	.1056296	0
397.15	0	.6125117	.2818782	.1056101	0
396.15	0	.6124876	.2819217	.1055907	0
395.15	0	.6124636	.2819649	.1055715	0
394.15	0	.6124399	.2820077	.1055524	0
393.15	0	.6124164	.2820501	.1055335	0
392.15	0	.612393	.2820923	.1055147	0
391.15	0	.6123699	.2821341	.1054961	0
390.15	0	.6123469	.2821755	.1054776	0
389.15	0	.6123242	.2822166	.1054592	0
388.15	0	.6123016	.2822574	.105441	0
387.15	0	.6122792	.2822979	.1054229	0
386.15	0	.612257	.282338	.105405	0
385.15	0	.612235	.2823778	.1053872	0
384.15	0	.6122132	.2824173	.1053695	0
383.15	0	.6121916	.2824564	.105352	0
382.15	0	.6121701	.2824952	.1053347	0
381.15	0	.6121488	.2825337	.1053175	0
380.15	0	.6121277	.2825719	.1053004	0
379.15	0	.6121068	.2826098	.1052835	0
378.15	0	.612086	.2826473	.1052667	0
377.15	0	.6120655	.2826846	.10525	0
376.15	0	.612045	.2827215	.1052335	0
375.15	0	.6120248	.2827581	.1052171	0
374.15	0	.6120047	.2827944	.1052008	0
373.15	0	.6119848	.2828304	.1051848	0
372.15	0	.6119651	.2828661	.1051688	0
371.15	0	.6119455	.2829015	.105153	0
370.15	0	.6119261	.2829366	.1051373	0
369.15	0	.6119069	.2829714	.1051217	0
368.15	0	.6118878	.2830059	.1051063	0
367.15	0	.6118689	.2830401	.105091	0
366.15	0	.6118501	.2830741	.1050759	0
365.15	0	.6118315	.2831077	.1050609	0
364.15	0	.611813	.2831411	.105046	0
363.15	0	.6117947	.2831741	.1050312	0
362.15	0	.6117765	.2832069	.1050166	0
361.15	0	.6117585	.2832394	.1050021	0
360.15	0	.6117406	.2832717	.1049878	0
359.15	0	.6117228	.2833036	.1049735	0
358.15	0	.6117052	.2833353	.1049595	0
357.15	0	.6116878	.2833667	.1049455	0
356.15	0	.6116704	.2833979	.1049317	0
355.15	0	.6116533	.2834288	.104918	0
354.15	0	.6116362	.2834594	.1049044	0
353.15	0	.6116193	.2834898	.104891	0
352.15	0	.6116025	.2835199	.1048777	0
351.15	0	.6115858	.2835497	.1048645	0
350.15	0	.6115693	.2835793	.1048514	0
349.15	0	.6115529	.2836086	.1048385	0
348.15	0	.6115366	.2836377	.1048256	0
347.15	0	.6115205	.2836666	.104813	0
346.15	0	.6115044	.2836952	.1048004	0
345.15	0	.6114885	.2837235	.104788	0
344.3009	0	.6114751	.2837474	.1047775	0
344.3009	0	.6114751	.2837474	.1047775	0
344.3009	0	.6114751	.2837474	.1047775	0
344.15	0	.6115081	.2836684	.1047357	8.774918E-05
343.15	0	.6117268	.2831452	.1044592	6.688214E-04
342.15	0	.6119452	.2826224	.1041831	.00124933
341.15	0	.6121635	.2820998	.1039074	.001829278
340.15	0	.6123816	.2815776	.1036321	.002408671
339.15	0	.6125995	.2810557	.1033573	.00298751
338.15	0	.6128172	.280534	.1030829	.003565799
337.15	0	.6130348	.2800127	.1028089	.004143543
336.15	0	.6132522	.2794917	.1025354	.004720745
335.15	0	.6134694	.278971	.1022622	.005297407
