T	 BPW(LIQUID)	BPW(BCC_A2)	BPW(FCC_A1)	BPW(LAVES_PHASE_C14)	BPW(NI3TI)
1473.15	0	1	0	0	0
1472.15	0	1	0	0	0
1471.15	0	1	0	0	0
1470.15	0	1	0	0	0
1469.15	0	1	0	0	0
1468.15	0	1	0	0	0
1467.15	0	1	0	0	0
1466.15	0	1	0	0	0
1465.15	0	1	0	0	0
1464.15	0	1	0	0	0
1463.15	0	1	0	0	0
1462.15	0	1	0	0	0
1461.15	0	1	0	0	0
1460.15	0	1	0	0	0
1459.15	0	1	0	0	0
1458.15	0	1	0	0	0
1457.15	0	1	0	0	0
1456.15	0	1	0	0	0
1455.15	0	1	0	0	0
1454.15	0	1	0	0	0
1453.15	0	1	0	0	0
1452.15	0	1	0	0	0
1451.15	0	1	0	0	0
1450.15	0	1	0	0	0
1449.15	0	1	0	0	0
1448.15	0	1	0	0	0
1447.15	0	1	0	0	0
1446.15	0	1	0	0	0
1445.15	0	1	0	0	0
1444.15	0	1	0	0	0
1443.15	0	1	0	0	0
1442.15	0	1	0	0	0
1441.15	0	1	0	0	0
1440.15	0	1	0	0	0
1439.15	0	1	0	0	0
1438.15	0	1	0	0	0
1437.15	0	1	0	0	0
1436.15	0	1	0	0	0
1435.15	0	1	0	0	0
1434.15	0	1	0	0	0
1433.15	0	1	0	0	0
1432.15	0	1	0	0	0
1431.15	0	1	0	0	0
1430.15	0	1	0	0	0
1429.15	0	1	0	0	0
1428.15	0	1	0	0	0
1427.15	0	1	0	0	0
1426.15	0	1	0	0	0
1425.15	0	1	0	0	0
1424.15	0	1	0	0	0
1423.15	0	1	0	0	0
1422.15	0	1	0	0	0
1421.15	0	1	0	0	0
1420.15	0	1	0	0	0
1419.15	0	1	0	0	0
1418.15	0	1	0	0	0
1417.15	0	1	0	0	0
1416.15	0	1	0	0	0
1415.15	0	1	0	0	0
1414.15	0	1	0	0	0
1413.15	0	1	0	0	0
1412.15	0	1	0	0	0
1411.15	0	1	0	0	0
1410.15	0	1	0	0	0
1409.15	0	1	0	0	0
1408.15	0	1	0	0	0
1407.231	0	1	0	0	0
1407.231	0	1	0	0	0
1407.231	0	1	0	0	0
1407.15	0	.9998535	1.465405E-04	0	0
1406.15	0	.9980375	.001962491	0	0
1405.15	0	.9962247	.003775304	0	0
1404.15	0	.994415	.005584981	0	0
1403.15	0	.9926085	.007391525	0	0
1402.15	0	.9908051	.009194937	0	0
1401.15	0	.9890048	.01099522	0	0
1400.15	0	.9872076	.01279237	0	0
1399.15	0	.9854136	.0145864	0	0
1398.15	0	.9836227	.0163773	0	0
1397.15	0	.9818349	.01816508	0	0
1396.15	0	.9800503	.01994974	0	0
1395.15	0	.9782687	.02173128	0	0
1394.15	0	.9764903	.02350969	0	0
1393.15	0	.974715	.02528499	0	0
1392.15	0	.9729428	.02705718	0	0
1391.15	0	.9711738	.02882625	0	0
1390.15	0	.9694078	.03059221	0	0
1389.15	0	.967645	.03235506	0	0
1388.15	0	.9658852	.03411479	0	0
1387.15	0	.9641286	.03587142	0	0
1386.15	0	.9623751	.03762494	0	0
1385.15	0	.9606246	.03937535	0	0
1384.15	0	.9588773	.04112266	0	0
1383.15	0	.9571331	.04286686	0	0
1382.15	0	.955392	.04460796	0	0
1381.15	0	.953654	.04634595	0	0
1380.15	0	.9519192	.04808085	0	0
1379.15	0	.9501874	.04981265	0	0
1378.15	0	.9484587	.05154134	0	0
1377.15	0	.9467331	.05326694	0	0
1376.15	0	.9450106	.05498944	0	0
1375.15	0	.9432912	.05670884	0	0
1374.15	0	.9415748	.05842515	0	0
1373.15	0	.9398616	.06013836	0	0
1372.15	0	.9381515	.06184848	0	0
1371.15	0	.9364445	.0635555	0	0
1370.15	0	.9347406	.06525943	0	0
1369.15	0	.9330397	.06696027	0	0
1368.15	0	.931342	.06865801	0	0
1367.15	0	.9296473	.07035266	0	0
1366.15	0	.9279558	.07204422	0	0
1365.15	0	.9262673	.07373269	0	0
1364.15	0	.9245819	.07541807	0	0
1363.15	0	.9228996	.07710036	0	0
1362.15	0	.9212204	.07877956	0	0
1361.15	0	.9195443	.08045566	0	0
1360.15	0	.9178713	.08212868	0	0
1359.15	0	.9162014	.08379861	0	0
1358.15	0	.9145345	.08546545	0	0
1357.15	0	.9128708	.0871292	0	0
1356.15	0	.9112101	.08878986	0	0
1355.15	0	.9095526	.09044743	0	0
1354.15	0	.9078981	.09210191	0	0
1353.15	0	.9062467	.0937533	0	0
1352.15	0	.9045984	.0954016	0	0
1351.15	0	.9029532	.09704681	0	0
1350.15	0	.9013111	.09868893	0	0
1349.15	0	.899672	.100328	0	0
1348.15	0	.8980361	.1019639	0	0
1347.15	0	.8964033	.1035967	0	0
1346.15	0	.8947735	.1052265	0	0
1345.15	0	.8931468	.1068532	0	0
1344.15	0	.8915233	.1084767	0	0
1343.15	0	.8899028	.1100972	0	0
1342.15	0	.8882854	.1117146	0	0
1341.15	0	.8866711	.1133289	0	0
1340.15	0	.88506	.1149401	0	0
1339.15	0	.8834519	.1165482	0	0
1338.15	0	.8818469	.1181531	0	0
1337.15	0	.880245	.119755	0	0
1336.15	0	.8786462	.1213538	0	0
1335.15	0	.8770505	.1229495	0	0
1334.15	0	.8754579	.1245421	0	0
1333.15	0	.8738684	.1261316	0	0
1332.15	0	.872282	.127718	0	0
1331.15	0	.8706987	.1293013	0	0
1330.15	0	.8691185	.1308815	0	0
1329.15	0	.8675415	.1324585	0	0
1328.15	0	.8659675	.1340325	0	0
1327.15	0	.8643967	.1356033	0	0
1326.15	0	.8628289	.1371711	0	0
1325.15	0	.8612643	.1387357	0	0
1324.15	0	.8597028	.1402972	0	0
1323.15	0	.8581444	.1418556	0	0
1322.15	0	.8565891	.1434109	0	0
1321.15	0	.855037	.144963	0	0
1320.15	0	.853488	.1465121	0	0
1319.15	0	.851942	.148058	0	0
1318.15	0	.8503993	.1496007	0	0
1317.15	0	.8488596	.1511404	0	0
1316.15	0	.8473231	.1526769	0	0
1315.15	0	.8457897	.1542103	0	0
1314.15	0	.8442594	.1557406	0	0
1313.15	0	.8427323	.1572677	0	0
1312.15	0	.8412083	.1587917	0	0
1311.15	0	.8396875	.1603125	0	0
1310.15	0	.8381698	.1618302	0	0
1309.15	0	.8366552	.1633448	0	0
1308.15	0	.8351438	.1648562	0	0
1307.15	0	.8336356	.1663644	0	0
1306.15	0	.8321305	.1678695	0	0
1305.15	0	.8306286	.1693715	0	0
1304.15	0	.8291298	.1708702	0	0
1303.15	0	.8276342	.1723659	0	0
1302.15	0	.8261417	.1738583	0	0
1301.15	0	.8246524	.1753476	0	0
1300.15	0	.8231663	.1768337	0	0
1299.15	0	.8216833	.1783167	0	0
1298.15	0	.8202036	.1797964	0	0
1297.15	0	.818727	.181273	0	0
1296.15	0	.8172536	.1827464	0	0
1295.15	0	.8157834	.1842166	0	0
1294.15	0	.8143163	.1856837	0	0
1293.15	0	.8128525	.1871475	0	0
1292.15	0	.8113919	.1886081	0	0
1291.15	0	.8099344	.1900656	0	0
1290.15	0	.8084802	.1915198	0	0
1289.15	0	.8070292	.1929708	0	0
1288.15	0	.8055814	.1944186	0	0
1287.15	0	.8041368	.1958632	0	0
1286.15	0	.8026954	.1973046	0	0
1285.15	0	.8012573	.1987427	0	0
1284.15	0	.7998223	.2001777	0	0
1283.15	0	.7983906	.2016094	0	0
1282.15	0	.7969622	.2030378	0	0
1281.15	0	.795537	.204463	0	0
1280.15	0	.794115	.205885	0	0
1279.15	0	.7926963	.2073037	0	0
1278.15	0	.7912808	.2087192	0	0
1277.15	0	.7898686	.2101314	0	0
1276.15	0	.7884597	.2115403	0	0
1275.15	0	.787054	.212946	0	0
1274.15	0	.7856516	.2143484	0	0
1273.15	0	.7842525	.2157475	0	0
1272.15	0	.7828567	.2171433	0	0
1271.15	0	.7814641	.2185359	0	0
1270.15	0	.7800749	.2199252	0	0
1269.15	0	.7786889	.2213111	0	0
1268.15	0	.7773062	.2226938	0	0
1267.15	0	.7759269	.2240731	0	0
1266.15	0	.7745509	.2254491	0	0
1265.15	0	.7731782	.2268219	0	0
1264.15	0	.7718088	.2281912	0	0
1263.15	0	.7704427	.2295573	0	0
1262.15	0	.76908	.23092	0	0
1261.15	0	.7677206	.2322794	0	0
1260.15	0	.7663646	.2336354	0	0
1259.15	0	.7650119	.2349881	0	0
1258.15	0	.7636626	.2363374	0	0
1257.15	0	.7623167	.2376834	0	0
1256.15	0	.7609741	.2390259	0	0
1255.15	0	.7596349	.2403651	0	0
1254.15	0	.7582991	.2417009	0	0
1253.15	0	.7569667	.2430333	0	0
1252.15	0	.7556377	.2443624	0	0
1251.15	0	.7543121	.2456879	0	0
1250.15	0	.7529899	.2470102	0	0
1249.15	0	.7516711	.2483289	0	0
1248.15	0	.7503557	.2496443	0	0
1247.15	0	.7490438	.2509562	0	0
1246.15	0	.7477353	.2522647	0	0
1245.15	0	.7464303	.2535697	0	0
1244.15	0	.7451287	.2548713	0	0
1243.15	0	.7438306	.2561694	0	0
1242.15	0	.742536	.257464	0	0
1241.15	0	.7412448	.2587552	0	0
1240.15	0	.7399572	.2600428	0	0
1239.15	0	.738673	.261327	0	0
1238.15	0	.7373923	.2626077	0	0
1237.15	0	.7361151	.2638849	0	0
1236.15	0	.7348415	.2651585	0	0
1235.15	0	.7335713	.2664287	0	0
1234.15	0	.7323047	.2676953	0	0
1233.15	0	.7310417	.2689583	0	0
1232.15	0	.7297822	.2702178	0	0
1231.15	0	.7285262	.2714738	0	0
1230.15	0	.7272739	.2727261	0	0
1229.15	0	.7260251	.2739749	0	0
1228.15	0	.7247799	.2752201	0	0
1227.15	0	.7235382	.2764618	0	0
1226.15	0	.7223002	.2776998	0	0
1225.15	0	.7210658	.2789342	0	0
1224.15	0	.719835	.280165	0	0
1223.15	0	.7186079	.2813921	0	0
1222.15	0	.7173844	.2826156	0	0
1221.15	0	.7161645	.2838355	0	0
1220.15	0	.7149483	.2850517	0	0
1219.15	0	.7137358	.2862642	0	0
1218.15	0	.7125269	.2874731	0	0
1217.15	0	.7113218	.2886782	0	0
1216.15	0	.7101203	.2898797	0	0
1215.15	0	.7089226	.2910774	0	0
1214.15	0	.7077285	.2922715	0	0
1213.15	0	.7065383	.2934618	0	0
1212.15	0	.7053517	.2946483	0	0
1211.15	0	.7041689	.2958311	0	0
1210.15	0	.7029898	.2970102	0	0
1209.15	0	.7018146	.2981854	0	0
1208.15	0	.7006431	.2993569	0	0
1207.15	0	.6994754	.3005246	0	0
1206.15	0	.6983115	.3016885	0	0
1205.15	0	.6971515	.3028485	0	0
1204.15	0	.6959952	.3040048	0	0
1203.15	0	.6948429	.3051572	0	0
1202.15	0	.6936943	.3063057	0	0
1201.15	0	.6925496	.3074504	0	0
1200.15	0	.6914089	.3085912	0	0
1199.15	0	.690272	.3097281	0	0
1198.15	0	.6891389	.3108611	0	0
1197.15	0	.6880099	.3119901	0	0
1196.15	0	.6868847	.3131153	0	0
1195.15	0	.6857635	.3142365	0	0
1194.15	0	.6846462	.3153538	0	0
1193.15	0	.6835329	.3164671	0	0
1192.15	0	.6824236	.3175764	0	0
1191.15	0	.6813182	.3186818	0	0
1190.15	0	.6802169	.3197831	0	0
1189.15	0	.6791196	.3208804	0	0
1188.15	0	.6780263	.3219737	0	0
1187.15	0	.676937	.323063	0	0
1186.15	0	.6758518	.3241482	0	0
1185.15	0	.6747707	.3252293	0	0
1184.15	0	.6736937	.3263063	0	0
1183.15	0	.6726208	.3273792	0	0
1182.15	0	.671552	.328448	0	0
1181.15	0	.6704873	.3295127	0	0
1180.15	0	.6694267	.3305733	0	0
1179.15	0	.6683703	.3316297	0	0
1178.15	0	.6673181	.3326819	0	0
1177.15	0	.6662701	.3337299	0	0
1176.15	0	.6652262	.3347738	0	0
1175.15	0	.6641866	.3358134	0	0
1174.15	0	.6631512	.3368488	0	0
1173.15	0	.6621201	.3378799	0	0
1172.15	0	.6610932	.3389068	0	0
1171.15	0	.6600707	.3399294	0	0
1170.15	0	.6590524	.3409477	0	0
1169.15	0	.6580384	.3419616	0	0
1168.15	0	.6570287	.3429713	0	0
1167.15	0	.6560234	.3439766	0	0
1166.15	0	.6550224	.3449776	0	0
1165.15	0	.6540259	.3459741	0	0
1164.15	0	.6530337	.3469663	0	0
1163.15	0	.6520459	.3479541	0	0
1162.15	0	.6510625	.3489375	0	0
1161.15	0	.6500836	.3499164	0	0
1160.15	0	.6491092	.3508908	0	0
1159.15	0	.6481392	.3518608	0	0
1158.15	0	.6471737	.3528263	0	0
1157.15	0	.6462128	.3537872	0	0
1156.15	0	.6452564	.3547437	0	0
1155.15	0	.6443045	.3556955	0	0
1154.15	0	.6433571	.3566429	0	0
1153.15	0	.6424144	.3575856	0	0
1152.15	0	.6414763	.3585237	0	0
1151.15	0	.6405428	.3594572	0	0
1150.15	0	.6396139	.3603861	0	0
1149.15	0	.6386897	.3613103	0	0
1148.15	0	.6377702	.3622298	0	0
1147.15	0	.6368554	.3631446	0	0
1146.15	0	.6359453	.3640547	0	0
1145.15	0	.6350399	.3649601	0	0
1144.15	0	.6341393	.3658607	0	0
1143.15	0	.6332435	.3667565	0	0
1142.15	0	.6323525	.3676475	0	0
1141.15	0	.6314663	.3685337	0	0
1140.15	0	.6305849	.3694151	0	0
1139.15	0	.6297084	.3702916	0	0
1138.15	0	.6288367	.3711633	0	0
1137.15	0	.62797	.37203	0	0
1136.15	0	.6271082	.3728918	0	0
1135.15	0	.6262513	.3737487	0	0
1134.15	0	.6253994	.3746006	0	0
1133.15	0	.6245524	.3754476	0	0
1132.15	0	.6237105	.3762895	0	0
1131.15	0	.6228736	.3771264	0	0
1130.15	0	.6220418	.3779583	0	0
1129.15	0	.621215	.378785	0	0
1128.15	0	.6203933	.3796067	0	0
1127.15	0	.6195767	.3804233	0	0
1126.15	0	.6187653	.3812347	0	0
1125.15	0	.617959	.382041	0	0
1124.15	0	.6171579	.3828421	0	0
1123.15	0	.616362	.383638	0	0
1122.15	0	.6155713	.3844287	0	0
1121.15	0	.6147859	.3852141	0	0
1120.15	0	.6140058	.3859942	0	0
1119.15	0	.6132309	.3867691	0	0
1118.15	0	.6124614	.3875386	0	0
1117.15	0	.6116973	.3883027	0	0
1116.15	0	.6109385	.3890615	0	0
1115.15	0	.6101851	.3898149	0	0
1114.15	0	.6094371	.3905629	0	0
1113.15	0	.6086945	.3913055	0	0
1112.15	0	.6079575	.3920425	0	0
1111.15	0	.6072259	.3927741	0	0
1110.15	0	.6064998	.3935002	0	0
1109.15	0	.6057793	.3942207	0	0
1108.15	0	.6050643	.3949357	0	0
1107.15	0	.604355	.395645	0	0
1106.15	0	.6036512	.3963488	0	0
1105.15	0	.6029531	.3970469	0	0
1104.15	0	.6022607	.3977393	0	0
1103.15	0	.601574	.398426	0	0
1102.15	0	.600893	.399107	0	0
1101.15	0	.6002177	.3997823	0	0
1100.15	0	.5995482	.4004518	0	0
1099.15	0	.5988846	.4011154	0	0
1098.15	0	.5982267	.4017733	0	0
1097.15	0	.5975747	.4024253	0	0
1096.15	0	.5969286	.4030714	0	0
1095.15	0	.5962884	.4037116	0	0
1094.15	0	.5956541	.4043459	0	0
1093.15	0	.5950258	.4049742	0	0
1092.15	0	.5944035	.4055965	0	0
1091.15	0	.5937872	.4062128	0	0
1090.15	0	.593177	.406823	0	0
1089.15	0	.5925728	.4074272	0	0
1088.15	0	.5919748	.4080252	0	0
1087.15	0	.5913828	.4086172	0	0
1086.15	0	.5907971	.4092029	0	0
1085.15	0	.5902175	.4097825	0	0
1084.15	0	.5896441	.4103559	0	0
1083.15	0	.589077	.410923	0	0
1082.15	0	.5885162	.4114838	0	0
1081.15	0	.5879617	.4120383	0	0
1080.15	0	.5874134	.4125866	0	0
1079.15	0	.5868716	.4131284	0	0
1078.15	0	.5863362	.4136638	0	0
1077.15	0	.5858071	.4141929	0	0
1076.15	0	.5852846	.4147154	0	0
1075.15	0	.5847685	.4152315	0	0
1074.15	0	.5842589	.4157411	0	0
1073.15	0	.5837559	.4162442	0	0
1072.15	0	.5832594	.4167406	0	0
1071.15	0	.5827695	.4172305	0	0
1070.15	0	.5822863	.4177137	0	0
1069.15	0	.5818097	.4181903	0	0
1068.15	0	.5813398	.4186602	0	0
1067.15	0	.5808766	.4191234	0	0
1066.15	0	.5804202	.4195798	0	0
1065.15	0	.5799706	.4200294	0	0
1064.15	0	.5795278	.4204722	0	0
1063.15	0	.5790918	.4209082	0	0
1062.15	0	.5786627	.4213373	0	0
1061.15	0	.5782405	.4217595	0	0
1060.15	0	.5778252	.4221748	0	0
1059.15	0	.577417	.4225831	0	0
1058.15	0	.5770157	.4229843	0	0
1057.15	0	.5766214	.4233786	0	0
1056.15	0	.5762342	.4237658	0	0
1055.15	0	.5758541	.4241459	0	0
1054.15	0	.5754811	.4245189	0	0
1053.15	0	.5751152	.4248848	0	0
1052.15	0	.5747566	.4252434	0	0
1051.15	0	.5744052	.4255948	0	0
1050.15	0	.574061	.425939	0	0
1049.15	0	.5737241	.4262759	0	0
1048.15	0	.5733944	.4266056	0	0
1047.15	0	.5730722	.4269278	0	0
1046.15	0	.5727573	.4272427	0	0
1045.601	0	.5725875	.4274125	0	0
1045.601	0	.5725875	.4274125	0	0
1045.601	0	.5725875	.4274125	0	0
1045.15	0	.5723157	.4275425	1.417886E-04	0
1044.15	0	.5717185	.4278259	4.556037E-04	0
1043.15	0	.5711293	.4281023	7.684874E-04	0
1042.15	0	.570548	.4283715	.001080439	0
1041.15	0	.5699748	.4286337	.001391459	0
1040.15	0	.5694096	.4288888	.001701547	0
1039.15	0	.5688526	.4291367	.002010701	0
1038.15	0	.5683036	.4293775	.002318922	0
1037.15	0	.5677627	.429611	.002626209	0
1036.15	0	.5672301	.4298374	.00293256	0
1035.15	0	.5667056	.4300565	.003237976	0
1034.15	0	.5661893	.4302683	.003542456	0
1033.15	0	.5656812	.4304728	.003845999	0
1032.15	0	.5651814	.43067	.004148604	0
1031.15	0	.5646899	.4308598	.00445027	0
1030.15	0	.5642067	.4310423	.004750996	0
1029.15	0	.5637319	.4312173	.005050781	0
1028.15	0	.5632654	.4313849	.005349624	0
1027.15	0	.5628074	.4315451	.005647524	0
1026.15	0	.5623577	.4316978	.005944479	0
1025.15	0	.5619166	.431843	.006240489	0
1024.15	0	.5614839	.4319806	.006535552	0
1023.15	0	.5610597	.4321107	.006829667	0
1022.15	0	.560644	.4322332	.007122832	0
1021.15	0	.5602369	.4323481	.007415046	0
1020.15	0	.5598383	.4324554	.007706306	0
1019.15	0	.5594484	.432555	.007996613	0
1018.15	0	.5590671	.4326469	.008285963	0
1017.15	0	.5586945	.4327312	.008574355	0
1016.15	0	.5583305	.4328077	.008861787	0
1015.15	0	.5579753	.4328764	.009148258	0
1014.15	0	.5576288	.4329374	.009433765	0
1013.15	0	.5572911	.4329906	.009718306	0
1012.15	0	.5569621	.433036	.01000188	0
1011.15	0	.556642	.4330735	.01028448	0
1010.15	0	.5563307	.4331032	.01056611	0
1009.15	0	.5560283	.433125	.01084677	0
1008.15	0	.5557347	.4331389	.01112645	0
1007.15	0	.55545	.4331448	.01140515	0
1006.15	0	.5551743	.4331428	.01168286	0
1005.15	0	.5549075	.4331329	.0119596	0
1004.15	0	.5546497	.4331149	.01223534	0
1003.15	0	.5544009	.433089	.01251009	0
1002.15	0	.5541612	.433055	.01278385	0
1001.15	0	.5539304	.433013	.01305661	0
1000.15	0	.5537088	.4329629	.01332838	0
999.15	0	.5534962	.4329047	.01359914	0
998.15	0	.5532927	.4328384	.01386889	0
997.15	0	.5530983	.432764	.01413763	0
996.15	0	.5529131	.4326815	.01440536	0
995.15	0	.5527371	.4325908	.01467208	0
994.15	0	.5525702	.432492	.01493777	0
993.15	0	.5524126	.432385	.01520244	0
992.15	0	.5522641	.4322698	.01546608	0
991.15	0	.5521249	.4321464	.01572869	0
990.15	0	.551995	.4320148	.01599026	0
989.15	0	.5518743	.4318749	.01625079	0
988.15	0	.551763	.4317268	.01651028	0
987.15	0	.5516609	.4315704	.01676871	0
986.15	0	.5515682	.4314057	.01702609	0
985.15	0	.5514848	.4312328	.01728241	0
984.15	0	.5514107	.4310516	.01753767	0
983.15	0	.551346	.4308621	.01779186	0
982.15	0	.5512907	.4306643	.01804498	0
981.15	0	.5512448	.4304582	.01829701	0
980.15	0	.5512082	.4302438	.01854796	0
979.15	0	.5511811	.430021	.01879783	0
978.15	0	.5511634	.42979	.01904659	0
977.15	0	.5511552	.4295506	.01929425	0
976.15	0	.5511564	.4293028	.01954081	0
975.15	0	.551167	.4290468	.01978625	0
974.15	0	.5511871	.4287824	.02003057	0
973.15	0	.5512166	.4285096	.02027376	0
972.15	0	.5512556	.4282285	.02051582	0
971.15	0	.5513041	.4279391	.02075674	0
970.15	0	.5513621	.4276414	.02099652	0
969.15	0	.5514295	.4273354	.02123514	0
968.15	0	.5515064	.427021	.02147259	0
967.15	0	.5515928	.4266983	.02170888	0
966.15	0	.5516887	.4263673	.02194399	0
965.15	0	.551794	.426028	.02217792	0
964.15	0	.5519089	.4256805	.02241065	0
963.15	0	.5520332	.4253246	.02264219	0
962.15	0	.5521669	.4249606	.02287251	0
961.15	0	.5523102	.4245882	.02310162	0
960.15	0	.5524629	.4242076	.0233295	0
959.15	0	.552625	.4238189	.02355614	0
958.15	0	.5527966	.4234219	.02378154	0
957.15	0	.5529776	.4230168	.02400568	0
956.15	0	.553168	.4226035	.02422855	0
955.15	0	.5533678	.4221821	.02445016	0
954.15	0	.553577	.4217525	.02467047	0
953.15	0	.5537956	.421315	.02488949	0
952.15	0	.5540235	.4208693	.02510721	0
951.15	0	.5542607	.4204157	.0253236	0
950.15	0	.5545073	.419954	.02553867	0
949.15	0	.5547632	.4194844	.0257524	0
948.15	0	.5550283	.4190069	.02596477	0
947.15	0	.5553027	.4185216	.02617577	0
946.15	0	.5555862	.4180284	.0263854	0
945.15	0	.555879	.4175274	.02659364	0
944.15	0	.5561809	.4170186	.02680047	0
943.15	0	.5564919	.4165022	.02700589	0
942.15	0	.556812	.4159781	.02720987	0
941.15	0	.5571412	.4154464	.02741241	0
940.15	0	.5574794	.4149072	.02761349	0
939.15	0	.5578265	.4143604	.02781309	0
938.15	0	.5581825	.4138063	.0280112	0
937.15	0	.5585475	.4132447	.0282078	0
936.15	0	.5589212	.4126759	.02840288	0
935.15	0	.5593037	.4120998	.02859642	0
934.15	0	.559695	.4115166	.02878839	0
933.15	0	.5600949	.4109263	.0289788	0
932.15	0	.5605034	.410329	.02916761	0
931.15	0	.5609205	.4097247	.02935481	0
930.15	0	.5613461	.4091136	.02954038	0
929.15	0	.56178	.4084957	.0297243	0
928.15	0	.5622223	.4078711	.02990654	0
927.15	0	.5626729	.40724	.0300871	0
926.15	0	.5631317	.4066024	.03026594	0
925.15	0	.5635986	.4059584	.03044304	0
924.15	0	.5640735	.4053081	.03061839	0
923.15	0	.5645564	.4046516	.03079195	0
922.15	0	.5650472	.4039891	.03096372	0
921.15	0	.5655457	.4033207	.03113365	0
920.15	0	.5660518	.4026465	.03130172	0
919.15	0	.5665655	.4019666	.03146792	0
918.15	0	.5670867	.4012811	.0316322	0
917.15	0	.5676152	.4005902	.03179456	0
916.15	0	.568151	.3998941	.03195494	0
915.15	0	.5686939	.3991928	.03211333	0
914.15	0	.5692437	.3984866	.0322697	0
913.15	0	.5698004	.3977756	.03242401	0
912.15	0	.5703638	.3970599	.03257623	0
911.15	0	.5709338	.3963398	.03272633	0
910.15	0	.5715103	.3956155	.03287427	0
909.15	0	.572093	.394887	.03302002	0
908.15	0	.5726818	.3941546	.03316354	0
907.15	0	.5732766	.3934186	.03330479	0
906.15	0	.5738772	.3926791	.03344373	0
905.15	0	.5744834	.3919363	.03358032	0
904.15	0	.575095	.3911904	.03371452	0
903.15	0	.5757119	.3904418	.03384629	0
902.15	0	.5763338	.3896907	.03397557	0
901.15	0	.5769604	.3889372	.03410232	0
900.15	0	.5775918	.3881818	.0342265	0
899.15	0	.5782274	.3874245	.03434804	0
898.15	0	.5788672	.3866659	.0344669	0
897.15	0	.5795109	.3859061	.03458302	0
896.15	0	.5801582	.3851455	.03469634	0
895.15	0	.5808089	.3843843	.03480679	0
894.15	0	.5814627	.383623	.03491433	0
893.15	0	.5821192	.3828619	.03501888	0
892.15	0	.5826268	.3822627	.0351105	0
891.15	0	.5830188	.3817914	.03518982	0
890.15	0	.5834515	.3812819	.03526664	0
889.15	0	.5839226	.3807364	.03534101	0
888.15	0	.5844301	.3801569	.03541295	0
887.15	0	.5849722	.3795453	.03548251	0
886.15	0	.5855468	.3789035	.03554971	0
885.15	0	.5861523	.3782331	.03561457	0
884.15	0	.586787	.3775358	.03567715	0
883.15	0	.5874493	.3768133	.03573745	0
882.15	0	.5881375	.376067	.03579551	0
881.15	0	.5888502	.3752985	.03585137	0
880.15	0	.5895859	.374509	.03590504	0
879.15	0	.5903434	.3737001	.03595657	0
878.15	0	.5911212	.3728729	.03600596	0
877.15	0	.5919181	.3720287	.03605326	0
876.15	0	.5927329	.3711686	.03609848	0
875.15	0	.5935644	.370294	.03614166	0
874.15	0	.5944114	.3694057	.03618283	0
873.15	0	.595273	.368505	.036222	0
872.15	0	.5961481	.3675927	.03625921	0
871.15	0	.5970356	.3666699	.03629449	0
870.15	0	.5979346	.3657375	.03632785	0
869.15	0	.5988442	.3647965	.03635933	0
868.15	0	.5997635	.3638476	.03638896	0
867.15	0	.6006916	.3628916	.03641676	0
866.15	0	.6016277	.3619295	.03644275	0
865.15	0	.6025711	.3609619	.03646697	0
864.15	0	.6035209	.3599896	.03648944	0
863.15	0	.6044765	.3590133	.03651018	0
862.15	0	.6054371	.3580337	.03652923	0
861.15	0	.6064021	.3570513	.03654661	0
860.15	0	.6073708	.3560669	.03656234	0
859.15	0	.6083426	.355081	.03657646	0
858.15	0	.6093169	.3540941	.03658899	0
857.15	0	.6102932	.3531069	.03659995	0
856.15	0	.6112709	.3521197	.03660937	0
855.15	0	.6122495	.3511333	.03661729	0
854.15	0	.6132284	.3501479	.03662371	0
853.15	0	.6142073	.349164	.03662868	0
852.15	0	.6151856	.3481822	.03663221	0
851.15	0	.616163	.3472027	.03663433	0
850.15	0	.6171389	.346226	.03663507	0
849.15	0	.6181131	.3452524	.03663445	0
848.15	0	.6190851	.3442824	.0366325	0
847.15	0	.6200546	.3433161	.03662923	0
846.15	0	.6210213	.3423541	.03662469	0
845.15	0	.6219847	.3413964	.03661889	0
844.15	0	.6229446	.3404435	.03661185	0
843.15	0	.6239008	.3394956	.0366036	0
842.15	0	.6248529	.3385529	.03659416	0
841.15	0	.6258007	.3376157	.03658357	0
840.15	0	.6267439	.3366843	.03657183	0
839.15	0	.6276823	.3357587	.03655898	0
838.15	0	.6286157	.3348393	.03654504	0
837.15	0	.6295438	.3339262	.03653002	0
836.15	0	.6304665	.3330195	.03651396	0
835.15	0	.6313836	.3321195	.03649687	0
834.15	0	.6322949	.3312263	.03647878	0
833.15	0	.6332003	.33034	.03645971	0
832.15	0	.6340995	.3294608	.03643968	0
831.15	0	.6349926	.3285887	.03641871	0
830.15	0	.6358792	.3277239	.03639682	0
829.15	0	.6367594	.3268665	.03637403	0
828.15	0	.637633	.3260166	.03635037	0
827.15	0	.6384999	.3251742	.03632585	0
826.15	0	.63936	.3243395	.03630049	0
825.15	0	.6402132	.3235125	.03627432	0
824.15	0	.6410595	.3226932	.03624734	0
823.15	0	.6418987	.3218817	.03621959	0
822.15	0	.6427308	.3210781	.03619107	0
821.15	0	.6435558	.3202824	.03616181	0
820.15	0	.6443736	.3194946	.03613183	0
819.15	0	.6451842	.3187147	.03610113	0
818.15	0	.6459874	.3179428	.03606975	0
817.15	0	.6467834	.3171789	.03603769	0
816.15	0	.647572	.316423	.03600498	0
815.15	0	.6483532	.3156751	.03597162	0
814.15	0	.6491271	.3149352	.03593764	0
813.15	0	.6498936	.3142034	.03590306	0
812.15	0	.6506526	.3134795	.03586788	0
811.15	0	.6514043	.3127636	.03583212	0
810.15	0	.6521486	.3120556	.0357958	0
809.15	0	.6528854	.3113557	.03575893	0
808.15	0	.6536149	.3106636	.03572153	0
807.15	0	.654337	.3099794	.03568361	0
806.15	0	.6550517	.3093032	.03564518	0
805.15	0	.655759	.3086347	.03560626	0
804.15	0	.6564591	.3079741	.03556687	0
803.15	0	.6571518	.3073212	.035527	0
802.15	0	.6578372	.3066761	.03548668	0
801.15	0	.6585154	.3060387	.03544593	0
800.15	0	.6591864	.3054089	.03540474	0
799.15	0	.6598501	.3047867	.03536314	0
798.15	0	.6605068	.3041721	.03532113	0
797.15	0	.6611563	.303565	.03527873	0
796.15	0	.6617987	.3029654	.03523595	0
795.15	0	.6624341	.3023731	.0351928	0
794.15	0	.6630625	.3017882	.03514928	0
793.15	0	.6636839	.3012106	.03510542	0
792.15	0	.6642985	.3006403	.03506121	0
791.15	0	.6649062	.3000772	.03501668	0
790.15	0	.665507	.2995211	.03497182	0
789.15	0	.6661011	.2989722	.03492666	0
788.15	0	.6666885	.2984303	.03488119	0
787.15	0	.6672693	.2978953	.03483543	0
786.15	0	.6678434	.2973672	.03478938	0
785.15	0	.668411	.296846	.03474307	0
784.15	0	.668972	.2963315	.03469648	0
783.15	0	.6695266	.2958237	.03464963	0
782.15	0	.6700749	.2953226	.03460254	0
781.15	0	.6706168	.2948281	.0345552	0
780.15	0	.6711524	.29434	.03450762	0
779.15	0	.6716817	.2938585	.03445982	0
778.15	0	.6722049	.2933833	.03441179	0
777.15	0	.672722	.2929144	.03436356	0
776.15	0	.6732331	.2924518	.03431511	0
775.15	0	.6737381	.2919954	.03426646	0
774.15	0	.6742372	.2915452	.03421762	0
773.15	0	.6747304	.291101	.03416859	0
772.15	0	.6752178	.2906628	.03411938	0
771.15	0	.6756994	.2902306	.03406999	0
770.15	0	.6761754	.2898042	.03402044	0
769.15	0	.6766456	.2893836	.03397071	0
768.15	0	.6771103	.2889688	.03392083	0
767.15	0	.6775695	.2885597	.0338708	0
766.15	0	.6780232	.2881562	.03382061	0
765.15	0	.6784714	.2877583	.03377028	0
764.15	0	.6789143	.2873658	.03371981	0
763.15	0	.6793519	.2869789	.03366921	0
762.15	0	.6797843	.2865972	.03361848	0
761.15	0	.6802115	.2862209	.03356762	0
760.15	0	.6806335	.2858498	.03351664	0
759.15	0	.6810505	.2854839	.03346554	0
758.15	0	.6814625	.2851232	.03341433	0
757.15	0	.6818695	.2847675	.03336302	0
756.15	0	.6822716	.2844168	.03331159	0
755.15	0	.6826689	.2840711	.03326007	0
754.15	0	.6830613	.2837302	.03320844	0
753.15	0	.6834491	.2833942	.03315673	0
752.15	0	.6838321	.283063	.03310492	0
751.15	0	.6842106	.2827364	.03305302	0
750.15	0	.6845844	.2824145	.03300104	0
749.15	0	.6849538	.2820973	.03294898	0
748.15	0	.6853186	.2817845	.03289684	0
747.15	0	.6856791	.2814763	.03284462	0
746.15	0	.6860352	.2811725	.03279233	0
745.15	0	.686387	.2808731	.03273998	0
744.15	0	.6867345	.280578	.03268755	0
743.15	0	.6870778	.2802872	.03263506	0
742.15	0	.687417	.2800006	.03258251	0
741.15	0	.687752	.2797181	.0325299	0
740.15	0	.688083	.2794398	.03247723	0
739.15	0	.68841	.2791655	.0324245	0
738.15	0	.688733	.2788953	.03237173	0
737.15	0	.6890521	.278629	.0323189	0
736.15	0	.6893673	.2783666	.03226603	0
735.15	0	.6896788	.2781081	.0322131	0
734.15	0	.6899864	.2778534	.03216014	0
733.15	0	.6902904	.2776025	.03210713	0
732.15	0	.6905906	.2773553	.03205408	0
731.15	0	.6908872	.2771118	.03200099	0
730.15	0	.6911802	.2768719	.03194787	0
729.15	0	.6914697	.2766356	.03189471	0
728.15	0	.6917557	.2764028	.03184152	0
727.15	0	.6920382	.2761735	.0317883	0
726.15	0	.6923173	.2759477	.03173504	0
725.15	0	.692593	.2757252	.03168176	0
724.15	0	.6928654	.2755062	.03162845	0
723.15	0	.6931345	.2752904	.03157512	0
722.15	0	.6934003	.2750779	.03152176	0
721.15	0	.6936629	.2748687	.03146838	0
720.15	0	.6939224	.2746626	.03141498	0
719.15	0	.6941787	.2744597	.03136155	0
718.15	0	.6944319	.27426	.03130812	0
717.15	0	.6946821	.2740633	.03125466	0
716.15	0	.6949292	.2738696	.03120119	0
715.15	0	.6951734	.2736789	.0311477	0
714.15	0	.6954146	.2734912	.0310942	0
713.15	0	.695653	.2733064	.03104069	0
712.15	0	.6958884	.2731244	.03098717	0
711.15	0	.696121	.2729454	.03093363	0
710.15	0	.6963508	.2727691	.03088009	0
709.15	0	.6965778	.2725956	.03082655	0
708.15	0	.6968021	.2724249	.03077299	0
707.15	0	.6970237	.2722568	.03071943	0
706.15	0	.6972427	.2720915	.03066587	0
705.15	0	.697459	.2719287	.0306123	0
704.15	0	.6976727	.2717686	.03055873	0
703.15	0	.6978838	.2716111	.03050517	0
702.15	0	.6980924	.271456	.0304516	0
701.15	0	.6982985	.2713035	.03039803	0
700.15	0	.6985021	.2711535	.03034446	0
699.15	0	.6987032	.2710059	.0302909	0
698.15	0	.698902	.2708607	.03023734	0
697.15	0	.6990983	.2707179	.03018379	0
696.15	0	.6992923	.2705774	.03013024	0
695.15	0	.699484	.2704393	.0300767	0
694.15	0	.6996733	.2703035	.03002317	0
693.15	0	.6998604	.2701699	.02996964	0
692.15	0	.7000453	.2700386	.02991613	0
691.15	0	.7002279	.2699095	.02986262	0
690.15	0	.7004084	.2697825	.02980913	0
689.15	0	.7005866	.2696577	.02975565	0
688.15	0	.7007627	.2695351	.02970218	0
687.15	0	.7009368	.2694145	.02964873	0
686.15	0	.7011087	.269296	.02959529	0
685.15	0	.7012786	.2691796	.02954187	0
684.15	0	.7014464	.2690651	.02948846	0
683.15	0	.7016122	.2689527	.02943507	0
682.15	0	.701776	.2688423	.0293817	0
681.15	0	.7019379	.2687337	.02932835	0
680.15	0	.7020978	.2686272	.02927502	0
679.15	0	.7022558	.2685225	.02922171	0
678.15	0	.7024119	.2684197	.02916842	0
677.15	0	.7025662	.2683187	.02911515	0
676.15	0	.7027185	.2682196	.02906191	0
675.15	0	.7028691	.2681222	.02900869	0
674.15	0	.7030178	.2680267	.02895549	0
673.15	0	.7031648	.2679329	.02890232	0
672.15	0	.70331	.2678409	.02884918	0
671.15	0	.7034534	.2677505	.02879606	0
670.15	0	.7035951	.2676619	.02874298	0
669.15	0	.7037351	.267575	.02868992	0
668.15	0	.7038735	.2674897	.02863689	0
667.15	0	.7040123	.2674046	.02858313	0
666.15	0	.7041471	.2673227	.02853023	0
665.15	0	.7042803	.2672423	.02847735	0
664.15	0	.704412	.2671635	.02842451	0
663.15	0	.704542	.2670863	.02837169	0
662.15	0	.7046705	.2670106	.0283189	0
661.15	0	.7047975	.2669364	.02826615	0
660.15	0	.7049229	.2668637	.02821343	0
659.15	0	.7050468	.2667925	.02816074	0
658.15	0	.7051692	.2667227	.02810809	0
657.15	0	.7052902	.2666543	.02805548	0
656.15	0	.7054097	.2665874	.0280029	0
655.15	0	.7055277	.2665219	.02795036	0
654.15	0	.7056444	.2664578	.02789786	0
653.15	0	.7057596	.266395	.0278454	0
652.15	0	.7058734	.2663336	.02779297	0
651.5889	0	.7059367	.2662997	.02776358	0
651.5889	0	.7059367	.2662997	.02776358	0
651.5889	0	.7059367	.2662997	.02776358	0
651.15	0	.706324	.2656446	.02749319	5.383154E-04
650.15	0	.7071978	.2641627	.02688017	.001759353
649.15	0	.70806	.2626959	.02627139	.002972744
648.15	0	.7089107	.2612439	.02566679	.00417858
647.15	0	.7097502	.2598066	.02506632	.005376956
646.15	0	.7105786	.2583836	.02446991	.006567962
645.15	0	.7113961	.2569747	.02387751	.007751689
644.15	0	.712203	.2555797	.02328907	.008928227
643.15	0	.7129993	.2541985	.02270453	.01009766
642.15	0	.7137854	.2528307	.02212385	.01126008
641.15	0	.7145613	.2514762	.02154697	.01241558
640.15	0	.7153273	.2501347	.02097384	.01356422
639.15	0	.7160835	.248806	.02040441	.0147061
638.15	0	.71683	.24749	.01983863	.01584131
637.15	0	.7175672	.2461865	.01927645	.01696991
636.15	0	.718295	.2448952	.01871783	.01809199
635.15	0	.7190137	.2436159	.01816272	.01920764
634.15	0	.7197235	.2423485	.01761107	.02031691
633.15	0	.7204244	.2410928	.01706284	.02141991
632.15	0	.7211167	.2398487	.01651799	.02251669
631.15	0	.7218004	.2386158	.01597646	.02360733
630.15	0	.7224758	.2373941	.01543822	.02469191
629.15	0	.723143	.2361833	.01490322	.02577049
628.15	0	.7238021	.2349834	.01437143	.02684316
627.15	0	.7244532	.2337941	.01384279	.02790997
626.15	0	.7250965	.2326152	.01331728	.02897101
625.15	0	.7257321	.2314467	.01279484	.03002633
624.15	0	.7263602	.2302883	.01227545	.03107601
623.15	0	.7269809	.2291399	.01175907	.0321201
622.15	0	.7275943	.2280014	.01124565	.03315869
621.15	0	.7282004	.2268726	.01073515	.03419183
620.15	0	.7287996	.2257533	.01022755	.03521958
619.15	0	.7293918	.2246434	.009722804	.03624201
618.15	0	.7299771	.2235428	.009220878	.03725918
617.15	0	.7305558	.2224513	.008721737	.03827116
616.15	0	.7311279	.2213688	.008225347	.03927799
615.15	0	.7316935	.2202951	.007731673	.04027975
614.15	0	.7322527	.2192301	.007240684	.04127648
613.15	0	.7328056	.2181738	.006752345	.04226826
612.15	0	.7333524	.2171258	.006266626	.04325513
611.15	0	.7338931	.2160862	.005783493	.04423715
610.15	0	.7344279	.2150548	.005302916	.04521438
609.15	0	.7349568	.2140315	.004824865	.04618687
608.15	0	.7354799	.2130161	.004349308	.04715468
607.15	0	.7359973	.2120086	.003876216	.04811785
606.15	0	.7365092	.2110088	.00340556	.04907645
605.15	0	.7370156	.2100166	.002937312	.05003052
604.15	0	.7375166	.2090319	.002471442	.05098011
603.15	0	.7380123	.2080546	.002007923	.05192529
602.15	0	.7385027	.2070845	.001546727	.05286608
601.15	0	.738988	.2061216	.001087828	.05380255
600.15	0	.7394683	.2051658	6.311984E-04	.05473474
599.15	0	.7399435	.2042169	1.768124E-04	.05566271
598.7595	0	.7401278	.2038483	0	.05602389
598.7595	0	.7401278	.2038483	0	.05602389
598.15	0	.74016	.2036457	0	.05619434
597.15	0	.7402117	.203316	0	.05647236
596.15	0	.740262	.2029896	0	.05674841
595.15	0	.740311	.2026666	0	.05702251
594.15	0	.7403585	.2023468	0	.05729468
593.15	0	.7404048	.2020303	0	.05756494
592.15	0	.7404497	.201717	0	.05783331
591.15	0	.7404934	.2014068	0	.05809981
590.15	0	.7405357	.2010998	0	.05836446
589.15	0	.7405768	.2007959	0	.05862729
588.15	0	.7406167	.200495	0	.0588883
587.15	0	.7406553	.2001972	0	.05914753
586.15	0	.7406927	.1999023	0	.05940499
585.15	0	.7407289	.1996104	0	.0596607
584.15	0	.7407639	.1993214	0	.05991468
583.15	0	.7407977	.1990353	0	.06016695
582.15	0	.7408304	.198752	0	.06041753
581.15	0	.740862	.1984716	0	.06066643
580.15	0	.7408924	.1981939	0	.06091368
579.15	0	.7409218	.1979189	0	.06115929
578.15	0	.74095	.1976467	0	.06140329
577.15	0	.7409772	.1973771	0	.06164569
576.15	0	.7410033	.1971102	0	.06188651
575.15	0	.7410284	.1968459	0	.06212576
574.15	0	.7410524	.1965841	0	.06236347
573.15	0	.7410754	.1963249	0	.06259965
572.15	0	.7410974	.1960683	0	.06283433
571.15	0	.7411184	.1958141	0	.06306751
570.15	0	.7411384	.1955624	0	.06329921
569.15	0	.7411575	.1953131	0	.06352946
568.15	0	.7411756	.1950662	0	.06375827
567.15	0	.7411928	.1948216	0	.06398565
566.15	0	.741209	.1945794	0	.06421163
565.15	0	.7412243	.1943395	0	.06443621
564.15	0	.7412387	.1941019	0	.06465942
563.15	0	.7412523	.1938665	0	.06488127
562.15	0	.7412649	.1936333	0	.06510178
561.15	0	.7412767	.1934024	0	.06532096
560.15	0	.7412876	.1931736	0	.06553883
559.15	0	.7412977	.1929469	0	.06575541
558.15	0	.7413069	.1927224	0	.06597071
557.15	0	.7413154	.1924999	0	.06618474
556.15	0	.741323	.1922795	0	.06639753
555.15	0	.7413298	.1920611	0	.06660908
554.15	0	.7413359	.1918447	0	.06681941
553.15	0	.7413411	.1916304	0	.06702854
552.15	0	.7413456	.1914179	0	.06723648
551.15	0	.7413493	.1912074	0	.06744324
550.15	0	.7413523	.1909988	0	.06764884
549.15	0	.7413546	.1907921	0	.0678533
548.15	0	.7413561	.1905873	0	.06805662
547.15	0	.7413569	.1903842	0	.06825883
546.15	0	.7413571	.190183	0	.06845993
545.15	0	.7413565	.1899836	0	.06865994
544.15	0	.7413552	.1897859	0	.06885888
543.15	0	.7413533	.18959	0	.06905675
542.15	0	.7413507	.1893957	0	.06925357
541.15	0	.7413474	.1892032	0	.06944935
540.15	0	.7413435	.1890124	0	.06964411
539.15	0	.741339	.1888231	0	.06983786
538.15	0	.7413338	.1886356	0	.07003061
537.15	0	.7413281	.1884496	0	.07022237
536.15	0	.7413217	.1882652	0	.07041316
535.15	0	.7413147	.1880823	0	.07060299
534.15	0	.7413071	.187901	0	.07079187
533.15	0	.7412989	.1877213	0	.07097981
532.15	0	.7412902	.187543	0	.07116683
531.15	0	.7412809	.1873662	0	.07135293
530.15	0	.741271	.1871908	0	.07153813
529.15	0	.7412606	.1870169	0	.07172245
528.15	0	.7412497	.1868444	0	.07190588
527.15	0	.7412382	.1866733	0	.07208845
526.15	0	.7412262	.1865036	0	.07227017
525.15	0	.7412137	.1863353	0	.07245103
524.15	0	.7412007	.1861682	0	.07263107
523.15	0	.7411872	.1860025	0	.07281028
522.15	0	.7411732	.1858381	0	.07298868
521.15	0	.7411587	.185675	0	.07316628
520.15	0	.7411437	.1855132	0	.07334309
519.15	0	.7411283	.1853526	0	.07351911
518.15	0	.7411124	.1851932	0	.07369437
517.15	0	.7410961	.1850351	0	.07386887
516.15	0	.7410793	.1848781	0	.07404262
515.15	0	.7410621	.1847223	0	.07421563
514.15	0	.7410444	.1845677	0	.0743879
513.15	0	.7410263	.1844142	0	.07455946
512.15	0	.7410078	.1842619	0	.0747303
511.15	0	.7409889	.1841106	0	.07490045
510.15	0	.7409696	.1839605	0	.0750699
509.15	0	.7409499	.1838114	0	.07523867
508.15	0	.7409299	.1836634	0	.07540677
507.15	0	.7409094	.1835164	0	.0755742
506.15	0	.7408886	.1833705	0	.07574098
505.15	0	.7408674	.1832255	0	.07590711
504.15	0	.7408458	.1830816	0	.0760726
503.15	0	.7408239	.1829387	0	.07623746
502.15	0	.7408016	.1827967	0	.0764017
501.15	0	.740779	.1826556	0	.07656533
500.15	0	.7407561	.1825155	0	.07672835
499.15	0	.7407329	.1823764	0	.07689078
498.15	0	.7407093	.1822381	0	.07705262
497.15	0	.7406854	.1821007	0	.07721388
496.15	0	.7406612	.1819642	0	.07737457
495.15	0	.7406367	.1818286	0	.0775347
494.15	0	.7406119	.1816938	0	.07769427
493.15	0	.7405868	.1815599	0	.07785329
492.15	0	.7405615	.1814268	0	.07801177
491.15	0	.7405358	.1812945	0	.07816971
490.15	0	.7405099	.181163	0	.07832713
489.15	0	.7404837	.1810322	0	.07848403
488.15	0	.7404573	.1809023	0	.07864042
487.15	0	.7404306	.1807731	0	.07879631
486.15	0	.7404037	.1806446	0	.07895169
485.15	0	.7403765	.1805169	0	.07910659
484.15	0	.7403491	.1803899	0	.079261
483.15	0	.7403215	.1802636	0	.07941494
482.15	0	.7402936	.180138	0	.07956841
481.15	0	.7402655	.1800131	0	.07972141
480.15	0	.7402373	.1798888	0	.07987395
479.15	0	.7402088	.1797652	0	.08002605
478.15	0	.7401801	.1796422	0	.08017769
477.15	0	.7401512	.1795199	0	.08032891
476.15	0	.7401221	.1793982	0	.08047968
475.15	0	.7400928	.1792771	0	.08063004
474.15	0	.7400634	.1791567	0	.08077997
473.15	0	.7400337	.1790368	0	.08092949
472.15	0	.740004	.1789175	0	.0810786
471.15	0	.739974	.1787987	0	.08122731
470.15	0	.7399439	.1786805	0	.08137562
469.15	0	.7399136	.1785629	0	.08152354
468.15	0	.7398832	.1784457	0	.08167108
467.15	0	.7398526	.1783291	0	.08181823
466.15	0	.7398219	.1782131	0	.08196501
465.15	0	.7397911	.1780975	0	.08211143
464.15	0	.7397601	.1779824	0	.08225747
463.15	0	.739729	.1778678	0	.08240316
462.15	0	.7396978	.1777537	0	.0825485
461.15	0	.7396665	.17764	0	.08269349
460.15	0	.7396351	.1775268	0	.08283813
459.15	0	.7396036	.177414	0	.08298244
458.15	0	.7395719	.1773017	0	.08312641
457.15	0	.7395402	.1771898	0	.08327005
456.15	0	.7395084	.1770783	0	.08341337
455.15	0	.7394765	.1769672	0	.08355637
454.15	0	.7394445	.1768565	0	.08369906
453.15	0	.7394124	.1767461	0	.08384143
452.15	0	.7393803	.1766362	0	.0839835
451.15	0	.7393481	.1765266	0	.08412527
450.15	0	.7393158	.1764174	0	.08426674
449.15	0	.7392836	.1763085	0	.08440794
448.15	0	.7392513	.1761999	0	.08454887
447.15	0	.7392189	.1760916	0	.08468951
446.15	0	.7391866	.1759835	0	.08482988
445.15	0	.7391542	.1758758	0	.08496999
444.15	0	.7391218	.1757684	0	.08510984
443.15	0	.7390894	.1756612	0	.08524943
442.15	0	.739057	.1755542	0	.08538877
441.15	0	.7390247	.1754474	0	.08552788
440.15	0	.7389924	.1753409	0	.08566674
439.15	0	.7389601	.1752345	0	.08580538
438.15	0	.7389279	.1751283	0	.08594379
437.15	0	.7388957	.1750223	0	.08608198
436.15	0	.7388636	.1749164	0	.08621996
435.15	0	.7388316	.1748107	0	.08635773
434.15	0	.7387997	.174705	0	.0864953
433.15	0	.7387678	.1745995	0	.08663266
432.15	0	.7387361	.1744941	0	.08676983
431.15	0	.7387044	.1743888	0	.08690681
430.15	0	.7386729	.1742835	0	.0870436
429.15	0	.7386415	.1741783	0	.08718021
428.15	0	.7386102	.1740732	0	.08731664
427.15	0	.738579	.1739681	0	.0874529
426.15	0	.738548	.173863	0	.08758899
425.15	0	.7385171	.173758	0	.08772491
424.15	0	.7384864	.173653	0	.08786067
423.15	0	.7384558	.173548	0	.08799626
422.15	0	.7384253	.173443	0	.0881317
421.15	0	.7383951	.1733379	0	.08826699
420.15	0	.738365	.1732329	0	.08840212
419.15	0	.7383351	.1731278	0	.08853711
418.15	0	.7383054	.1730227	0	.08867196
417.15	0	.7382758	.1729176	0	.08880666
416.15	0	.7382464	.1728124	0	.08894122
415.15	0	.7382172	.1727071	0	.08907565
414.15	0	.7381883	.1726018	0	.08920995
413.15	0	.7381595	.1724964	0	.08934411
412.15	0	.7381309	.172391	0	.08947814
411.15	0	.7381025	.1722855	0	.08961205
410.15	0	.7380743	.1721798	0	.08974583
409.15	0	.7380464	.1720741	0	.08987949
408.15	0	.7380186	.1719683	0	.09001303
407.15	0	.7379911	.1718625	0	.09014645
406.15	0	.7379638	.1717565	0	.09027976
405.15	0	.7379367	.1716504	0	.09041294
404.15	0	.7379098	.1715442	0	.09054602
403.15	0	.7378832	.1714378	0	.09067898
402.15	0	.7378568	.1713314	0	.09081184
401.15	0	.7378306	.1712248	0	.09094458
400.15	0	.7378046	.1711181	0	.09107722
399.15	0	.7377789	.1710113	0	.09120975
398.15	0	.7377534	.1709044	0	.09134217
397.15	0	.7377282	.1707973	0	.0914745
396.15	0	.7377032	.1706901	0	.09160672
395.15	0	.7376784	.1705828	0	.09173883
394.15	0	.7376539	.1704753	0	.09187085
393.15	0	.7376296	.1703676	0	.09200277
392.15	0	.7376056	.1702599	0	.09213459
391.15	0	.7375818	.1701519	0	.09226631
390.15	0	.7375582	.1700439	0	.09239794
389.15	0	.7375349	.1699356	0	.09252947
388.15	0	.7375118	.1698273	0	.0926609
387.15	0	.737489	.1697188	0	.09279224
386.15	0	.7374664	.1696101	0	.09292349
385.15	0	.7374441	.1695013	0	.09305464
384.15	0	.737422	.1693923	0	.0931857
383.15	0	.7374002	.1692832	0	.09331667
382.15	0	.7373786	.1691739	0	.09344754
381.15	0	.7373573	.1690644	0	.09357833
380.15	0	.7373362	.1689548	0	.09370902
379.15	0	.7373153	.1688451	0	.09383962
378.15	0	.7372947	.1687352	0	.09397013
377.15	0	.7372744	.1686251	0	.09410056
376.15	0	.7372542	.1685149	0	.09423089
375.15	0	.7372344	.1684045	0	.09436113
374.15	0	.7372147	.168294	0	.09449128
373.15	0	.7371954	.1681833	0	.09462135
372.15	0	.7371762	.1680725	0	.09475132
371.15	0	.7371573	.1679615	0	.09488121
370.15	0	.7371387	.1678503	0	.095011
369.15	0	.7371203	.167739	0	.09514071
368.15	0	.7371021	.1676276	0	.09527033
367.15	0	.7370842	.167516	0	.09539986
