T	 BPW(LIQUID)	BPW(BCC_A2)	BPW(FCC_A1)	BPW(LAVES_PHASE_C14)	BPW(NI3TI)
1473.15	.09985753	.8574509	0	.04269156	0
1472.15	.09455028	.8608476	0	.04460209	0
1471.15	.08934564	.8641719	0	.04648245	0
1470.15	.08424072	.8674258	0	.04833352	0
1469.15	.07923276	.8706111	0	.05015612	0
1468.15	.07431906	.8737299	0	.05195109	0
1467.15	.06949705	.8767838	0	.05371918	0
1466.15	.06476423	.8797746	0	.05546117	0
1465.15	.06011819	.882704	0	.05717778	0
1464.15	.0555566	.8855737	0	.0588697	0
1463.15	.05107723	.8883852	0	.06053762	0
1462.15	.04667789	.8911399	0	.06218219	0
1461.15	.04235649	.8938395	0	.06380404	0
1460.15	.038111	.8964852	0	.06540377	0
1459.15	.03393946	.8990786	0	.06698199	0
1458.15	.02983997	.9016208	0	.06853926	0
1457.15	.0258107	.9041132	0	.07007612	0
1456.15	.02184986	.906557	0	.07159312	0
1455.15	.01795575	.9089535	0	.07309076	0
1454.15	.01412669	.9113038	0	.07456954	0
1453.15	.01036108	.913609	0	.07602995	0
1452.15	.006657349	.9158702	0	.07747244	0
1451.15	.003013989	.9180885	0	.07889748	0
1450.31	0	.919919	0	.080081	0
1450.31	0	.919919	0	.080081	0
1450.15	0	.9198005	0	.08019948	0
1449.15	0	.9190623	0	.08093773	0
1448.15	0	.9183259	0	.08167414	0
1447.15	0	.9175913	0	.0824087	0
1446.15	0	.9168586	0	.08314141	0
1445.15	0	.9161277	0	.08387229	0
1444.15	0	.9153987	0	.08460135	0
1443.15	0	.9146714	0	.08532858	0
1442.15	0	.913946	0	.08605399	0
1441.15	0	.9132224	0	.0867776	0
1440.15	0	.9125006	0	.08749941	0
1439.15	0	.9117806	0	.08821942	0
1438.15	0	.9110624	0	.08893764	0
1437.15	0	.9103459	0	.08965408	0
1436.15	0	.9096313	0	.09036874	0
1435.15	0	.9089184	0	.09108164	0
1434.15	0	.9082072	0	.09179277	0
1433.15	0	.9074979	0	.09250214	0
1432.15	0	.9067902	0	.09320976	0
1431.15	0	.9060844	0	.09391563	0
1430.15	0	.9053802	0	.09461977	0
1429.15	0	.9046778	0	.09532218	0
1428.15	0	.9039772	0	.09602285	0
1427.15	0	.9032782	0	.09672181	0
1426.15	0	.9025809	0	.09741905	0
1425.15	0	.9018854	0	.09811459	0
1424.15	0	.9011916	0	.09880842	0
1423.15	0	.9004994	0	.09950056	0
1422.15	0	.899809	0	.100191	0
1421.15	0	.8991202	0	.1008798	0
1420.15	0	.8984332	0	.1015668	0
1419.15	0	.8977477	0	.1022523	0
1418.15	0	.897064	0	.102936	0
1417.15	0	.8963819	0	.1036181	0
1416.15	0	.8957015	0	.1042985	0
1415.15	0	.8950227	0	.1049773	0
1414.15	0	.8943456	0	.1056544	0
1413.15	0	.8936701	0	.1063299	0
1412.15	0	.8929962	0	.1070038	0
1411.15	0	.892324	0	.107676	0
1410.15	0	.8916534	0	.1083466	0
1409.15	0	.8909844	0	.1090156	0
1408.15	0	.890317	0	.109683	0
1407.15	0	.8896512	0	.1103488	0
1406.15	0	.8889871	0	.1110129	0
1405.15	0	.8883245	0	.1116755	0
1404.15	0	.8876635	0	.1123365	0
1403.15	0	.887004	0	.112996	0
1402.15	0	.8863462	0	.1136538	0
1401.15	0	.8856899	0	.1143101	0
1400.15	0	.8850352	0	.1149648	0
1399.15	0	.8843821	0	.1156179	0
1398.15	0	.8837305	0	.1162695	0
1397.15	0	.8830805	0	.1169195	0
1396.15	0	.882432	0	.117568	0
1395.15	0	.8817851	0	.1182149	0
1394.15	0	.8811397	0	.1188604	0
1393.15	0	.8804958	0	.1195042	0
1392.15	0	.8798534	0	.1201466	0
1391.15	0	.8792126	0	.1207874	0
1390.15	0	.8785733	0	.1214267	0
1389.15	0	.8779355	0	.1220645	0
1388.15	0	.8772992	0	.1227009	0
1387.15	0	.8766644	0	.1233357	0
1386.15	0	.876031	0	.123969	0
1385.15	0	.8753992	0	.1246008	0
1384.15	0	.8747689	0	.1252311	0
1383.15	0	.87414	0	.12586	0
1382.15	0	.8735127	0	.1264873	0
1381.15	0	.8728867	0	.1271133	0
1380.15	0	.8722623	0	.1277377	0
1379.15	0	.8716393	0	.1283607	0
1378.15	0	.8710178	0	.1289822	0
1377.15	0	.8703977	0	.1296023	0
1376.15	0	.8697791	0	.1302209	0
1375.15	0	.8691619	0	.1308381	0
1374.15	0	.8685461	0	.1314539	0
1373.15	0	.8679318	0	.1320682	0
1372.15	0	.8673189	0	.1326811	0
1371.15	0	.8667074	0	.1332926	0
1370.15	0	.8660974	0	.1339026	0
1369.15	0	.8654887	0	.1345113	0
1368.15	0	.8648815	0	.1351185	0
1367.15	0	.8642757	0	.1357243	0
1366.15	0	.8636713	0	.1363287	0
1365.15	0	.8630682	0	.1369318	0
1364.15	0	.8624666	0	.1375334	0
1363.15	0	.8618663	0	.1381337	0
1362.15	0	.8612675	0	.1387326	0
1361.15	0	.86067	0	.1393301	0
1360.15	0	.8600738	0	.1399262	0
1359.15	0	.8594791	0	.1405209	0
1358.15	0	.8588857	0	.1411143	0
1357.15	0	.8582936	0	.1417064	0
1356.15	0	.857703	0	.142297	0
1355.15	0	.8571136	0	.1428864	0
1354.15	0	.8565257	0	.1434744	0
1353.15	0	.855939	0	.144061	0
1352.15	0	.8553537	0	.1446463	0
1351.15	0	.8547697	0	.1452303	0
1350.15	0	.8541871	0	.1458129	0
1349.15	0	.8536058	0	.1463942	0
1348.15	0	.8530258	0	.1469742	0
1347.15	0	.8524471	0	.1475529	0
1346.15	0	.8518698	0	.1481302	0
1345.15	0	.8512937	0	.1487063	0
1344.15	0	.850719	0	.149281	0
1343.15	0	.8501455	0	.1498545	0
1342.15	0	.8495734	0	.1504266	0
1341.15	0	.8490025	0	.1509975	0
1340.15	0	.8484329	0	.1515671	0
1339.15	0	.8478647	0	.1521353	0
1338.15	0	.8472977	0	.1527023	0
1337.15	0	.8467319	0	.1532681	0
1336.15	0	.8461675	0	.1538325	0
1335.15	0	.8456043	0	.1543957	0
1334.15	0	.8450424	0	.1549576	0
1333.15	0	.8444817	0	.1555183	0
1332.15	0	.8439223	0	.1560777	0
1331.15	0	.8433642	0	.1566359	0
1330.15	0	.8428073	0	.1571928	0
1329.15	0	.8422516	0	.1577484	0
1328.15	0	.8416972	0	.1583028	0
1327.15	0	.841144	0	.158856	0
1326.15	0	.8405921	0	.1594079	0
1325.15	0	.8400413	0	.1599587	0
1324.15	0	.8394918	0	.1605082	0
1323.15	0	.8389436	0	.1610564	0
1322.15	0	.8383965	0	.1616035	0
1321.15	0	.8378507	0	.1621493	0
1320.15	0	.8373061	0	.1626939	0
1319.15	0	.8367627	0	.1632373	0
1318.15	0	.8362205	0	.1637795	0
1317.15	0	.8356794	0	.1643206	0
1316.15	0	.8351396	0	.1648604	0
1315.15	0	.834601	0	.165399	0
1314.15	0	.8340636	0	.1659364	0
1313.15	0	.8335274	0	.1664726	0
1312.15	0	.8329923	0	.1670077	0
1311.15	0	.8324584	0	.1675416	0
1310.15	0	.8319257	0	.1680743	0
1309.15	0	.8313942	0	.1686058	0
1308.15	0	.8308638	0	.1691362	0
1307.15	0	.8303346	0	.1696654	0
1306.15	0	.8298066	0	.1701934	0
1305.15	0	.8292797	0	.1707203	0
1304.15	0	.8287539	0	.1712461	0
1303.15	0	.8282294	0	.1717706	0
1302.15	0	.827706	0	.1722941	0
1301.15	0	.8271837	0	.1728163	0
1300.15	0	.8266625	0	.1733375	0
1299.15	0	.8261425	0	.1738575	0
1298.15	0	.8256237	0	.1743764	0
1297.15	0	.8251059	0	.1748941	0
1296.15	0	.8245893	0	.1754107	0
1295.15	0	.8240738	0	.1759262	0
1294.15	0	.8235594	0	.1764406	0
1293.15	0	.8230462	0	.1769538	0
1292.15	0	.8225341	0	.1774659	0
1291.15	0	.822023	0	.177977	0
1290.15	0	.8215131	0	.1784869	0
1289.15	0	.8210043	0	.1789957	0
1288.15	0	.8204966	0	.1795034	0
1287.15	0	.81999	0	.18001	0
1286.15	0	.8194845	0	.1805155	0
1285.15	0	.8189801	0	.1810199	0
1284.15	0	.8184767	0	.1815233	0
1283.15	0	.8179745	0	.1820255	0
1282.15	0	.8174734	0	.1825267	0
1281.15	0	.8169733	0	.1830267	0
1280.15	0	.8164743	0	.1835257	0
1279.15	0	.8159763	0	.1840237	0
1278.15	0	.8154795	0	.1845205	0
1277.15	0	.8149837	0	.1850163	0
1276.15	0	.8144889	0	.1855111	0
1275.15	0	.8139953	0	.1860047	0
1274.15	0	.8135027	0	.1864973	0
1273.15	0	.8130111	0	.1869889	0
1272.15	0	.8125206	0	.1874794	0
1271.15	0	.8120312	0	.1879688	0
1270.15	0	.8115428	0	.1884572	0
1269.15	0	.8110554	0	.1889446	0
1268.15	0	.8105691	0	.1894309	0
1267.15	0	.8100838	0	.1899162	0
1266.15	0	.8095996	0	.1904004	0
1265.15	0	.8091164	0	.1908836	0
1264.15	0	.8086342	0	.1913658	0
1263.15	0	.808153	0	.191847	0
1262.15	0	.8076729	0	.1923271	0
1261.15	0	.8071938	0	.1928062	0
1260.15	0	.8067157	0	.1932843	0
1259.15	0	.8062386	0	.1937614	0
1258.15	0	.8057625	0	.1942375	0
1257.15	0	.8052875	0	.1947125	0
1256.15	0	.8048134	0	.1951866	0
1255.15	0	.8043404	0	.1956596	0
1254.15	0	.8038683	0	.1961317	0
1253.15	0	.8033973	0	.1966027	0
1252.15	0	.8029272	0	.1970728	0
1251.15	0	.8024582	0	.1975418	0
1250.15	0	.8019901	0	.1980099	0
1249.15	0	.801523	0	.198477	0
1248.15	0	.8010569	0	.1989431	0
1247.15	0	.8005918	0	.1994082	0
1246.15	0	.8001277	0	.1998723	0
1245.15	0	.7996645	0	.2003355	0
1244.15	0	.7992024	0	.2007976	0
1243.15	0	.7987412	0	.2012588	0
1242.15	0	.7982809	0	.2017191	0
1241.15	0	.7978217	0	.2021784	0
1240.15	0	.7973633	0	.2026367	0
1239.15	0	.796906	0	.203094	0
1238.15	0	.7964496	0	.2035504	0
1237.15	0	.7959942	0	.2040058	0
1236.15	0	.7955397	0	.2044603	0
1235.15	0	.7950862	0	.2049138	0
1234.15	0	.7946336	0	.2053664	0
1233.15	0	.794182	0	.205818	0
1232.15	0	.7937313	0	.2062687	0
1231.15	0	.7932816	0	.2067185	0
1230.15	0	.7928327	0	.2071673	0
1229.15	0	.7923849	0	.2076151	0
1228.15	0	.7919379	0	.2080621	0
1227.15	0	.7914919	0	.2085081	0
1226.15	0	.7910469	0	.2089531	0
1225.15	0	.7906027	0	.2093973	0
1224.15	0	.7901595	0	.2098405	0
1223.15	0	.7897172	0	.2102828	0
1222.15	0	.7892758	0	.2107242	0
1221.15	0	.7888354	0	.2111646	0
1220.15	0	.7883958	0	.2116042	0
1219.15	0	.7879572	0	.2120428	0
1218.15	0	.7875195	0	.2124805	0
1217.15	0	.7870826	0	.2129174	0
1216.15	0	.7866467	0	.2133533	0
1215.15	0	.7862117	0	.2137883	0
1214.15	0	.7857776	0	.2142224	0
1213.15	0	.7853444	0	.2146556	0
1212.15	0	.7849121	0	.2150879	0
1211.15	0	.7844807	0	.2155193	0
1210.15	0	.7840502	0	.2159498	0
1209.15	0	.7836205	0	.2163795	0
1208.15	0	.7831918	0	.2168082	0
1207.15	0	.7827639	0	.2172361	0
1206.15	0	.7823369	0	.2176631	0
1205.15	0	.7819109	0	.2180892	0
1204.15	0	.7814856	0	.2185144	0
1203.15	0	.7810613	0	.2189387	0
1202.15	0	.7806378	0	.2193622	0
1201.15	0	.7802152	0	.2197848	0
1200.15	0	.7797935	0	.2202065	0
1199.15	0	.7793726	0	.2206274	0
1198.15	0	.7789527	0	.2210474	0
1197.15	0	.7785335	0	.2214665	0
1196.15	0	.7781153	0	.2218847	0
1195.15	0	.7776978	0	.2223022	0
1194.15	0	.7772813	0	.2227187	0
1193.15	0	.7768656	0	.2231344	0
1192.15	0	.7764507	0	.2235493	0
1191.15	0	.7760368	0	.2239632	0
1190.15	0	.7756236	0	.2243764	0
1189.15	0	.7752113	0	.2247887	0
1188.15	0	.7747999	0	.2252001	0
1187.15	0	.7743893	0	.2256107	0
1186.15	0	.7739795	0	.2260205	0
1185.15	0	.7735706	0	.2264294	0
1184.15	0	.7731625	0	.2268375	0
1183.15	0	.7727552	0	.2272448	0
1182.15	0	.7723488	0	.2276512	0
1181.15	0	.7719432	0	.2280568	0
1180.15	0	.7715384	0	.2284616	0
1179.15	0	.7711345	0	.2288655	0
1178.15	0	.7707314	0	.2292686	0
1177.15	0	.7703291	0	.2296709	0
1176.15	0	.7699276	0	.2300724	0
1175.15	0	.769527	0	.230473	0
1174.15	0	.7691272	0	.2308729	0
1173.15	0	.7687281	0	.2312719	0
1172.15	0	.7683299	0	.2316701	0
1171.15	0	.7679325	0	.2320675	0
1170.15	0	.767536	0	.232464	0
1169.15	0	.7671402	0	.2328598	0
1168.15	0	.7667452	0	.2332548	0
1167.15	0	.7663511	0	.2336489	0
1166.15	0	.7659577	0	.2340423	0
1165.15	0	.7655651	0	.2344349	0
1164.15	0	.7651734	0	.2348266	0
1163.15	0	.7647824	0	.2352176	0
1162.15	0	.7643922	0	.2356078	0
1161.15	0	.7640029	0	.2359971	0
1160.15	0	.7636143	0	.2363857	0
1159.15	0	.7632265	0	.2367735	0
1158.15	0	.7628394	0	.2371605	0
1157.15	0	.7624532	0	.2375468	0
1156.15	0	.7620678	0	.2379322	0
1155.15	0	.7616831	0	.2383169	0
1154.15	0	.7612992	0	.2387008	0
1153.15	0	.7609161	0	.2390839	0
1152.15	0	.7605338	0	.2394662	0
1151.15	0	.7601523	0	.2398477	0
1150.15	0	.7597715	0	.2402285	0
1149.15	0	.7593915	0	.2406085	0
1148.15	0	.7590123	0	.2409877	0
1147.15	0	.7586338	0	.2413662	0
1146.15	0	.7582561	0	.2417439	0
1145.15	0	.7578792	0	.2421208	0
1144.15	0	.757503	0	.242497	0
1143.15	0	.7571276	0	.2428724	0
1142.15	0	.756753	0	.243247	0
1141.15	0	.7563791	0	.2436209	0
1140.15	0	.7560059	0	.2439941	0
1139.15	0	.7556336	0	.2443664	0
1138.15	0	.755262	0	.2447381	0
1137.15	0	.7548911	0	.2451089	0
1136.15	0	.754521	0	.245479	0
1135.15	0	.7541516	0	.2458484	0
1134.15	0	.753783	0	.246217	0
1133.15	0	.7534151	0	.2465849	0
1132.15	0	.753048	0	.246952	0
1131.15	0	.7526816	0	.2473184	0
1130.15	0	.7523159	0	.2476841	0
1129.15	0	.751951	0	.248049	0
1128.15	0	.7515868	0	.2484132	0
1127.15	0	.7512234	0	.2487766	0
1126.15	0	.7508607	0	.2491393	0
1125.15	0	.7504987	0	.2495013	0
1124.15	0	.7501375	0	.2498625	0
1123.15	0	.749777	0	.250223	0
1122.15	0	.7494172	0	.2505828	0
1121.15	0	.7490581	0	.2509419	0
1120.15	0	.7486998	0	.2513002	0
1119.15	0	.7483422	0	.2516578	0
1118.15	0	.7479853	0	.2520147	0
1117.15	0	.7476292	0	.2523709	0
1116.15	0	.7472737	0	.2527263	0
1115.15	0	.746919	0	.253081	0
1114.15	0	.746565	0	.253435	0
1113.15	0	.7462117	0	.2537883	0
1112.15	0	.7458591	0	.2541409	0
1111.15	0	.7455072	0	.2544928	0
1110.15	0	.7451561	0	.2548439	0
1109.15	0	.7448056	0	.2551944	0
1108.15	0	.7444559	0	.2555441	0
1107.15	0	.7441069	0	.2558932	0
1106.15	0	.7437585	0	.2562415	0
1105.15	0	.7434109	0	.2565891	0
1104.15	0	.743064	0	.256936	0
1103.15	0	.7427177	0	.2572823	0
1102.15	0	.7423722	0	.2576278	0
1101.15	0	.7420274	0	.2579726	0
1100.15	0	.7416833	0	.2583167	0
1099.15	0	.7413398	0	.2586602	0
1098.15	0	.7409971	0	.2590029	0
1097.15	0	.740655	0	.259345	0
1096.15	0	.7403137	0	.2596863	0
1095.15	0	.739973	0	.260027	0
1094.15	0	.739633	0	.260367	0
1093.15	0	.7392938	0	.2607063	0
1092.15	0	.7389552	0	.2610448	0
1091.15	0	.7386172	0	.2613828	0
1090.15	0	.73828	0	.26172	0
1089.15	0	.7379434	0	.2620566	0
1088.15	0	.7376076	0	.2623924	0
1087.15	0	.7372724	0	.2627276	0
1086.15	0	.7369379	0	.2630622	0
1085.15	0	.736604	0	.263396	0
1084.15	0	.7362708	0	.2637292	0
1083.15	0	.7359384	0	.2640617	0
1082.15	0	.7356065	0	.2643935	0
1081.15	0	.7352754	0	.2647246	0
1080.15	0	.7349449	0	.2650551	0
1079.15	0	.7346151	0	.2653849	0
1078.15	0	.734286	0	.265714	0
1077.15	0	.7339575	0	.2660425	0
1076.15	0	.7336297	0	.2663703	0
1075.15	0	.7333026	0	.2666974	0
1074.15	0	.7329761	0	.2670239	0
1073.15	0	.7326503	0	.2673497	0
1072.15	0	.7323251	0	.2676749	0
1071.15	0	.7320006	0	.2679994	0
1070.15	0	.7316768	0	.2683232	0
1069.15	0	.7313536	0	.2686464	0
1068.15	0	.7310311	0	.2689689	0
1067.15	0	.7307092	0	.2692908	0
1066.15	0	.730388	0	.269612	0
1065.15	0	.7300674	0	.2699326	0
1064.15	0	.7297475	0	.2702525	0
1063.15	0	.7294283	0	.2705717	0
1062.15	0	.7291097	0	.2708903	0
1061.15	0	.7287917	0	.2712083	0
1060.15	0	.7284744	0	.2715256	0
1059.15	0	.7281577	0	.2718423	0
1058.15	0	.7278417	0	.2721583	0
1057.15	0	.7275263	0	.2724737	0
1056.15	0	.7272116	0	.2727884	0
1055.15	0	.7268975	0	.2731025	0
1054.15	0	.726584	0	.273416	0
1053.15	0	.7262712	0	.2737288	0
1052.15	0	.725959	0	.274041	0
1051.15	0	.7256475	0	.2743525	0
1050.15	0	.7253366	0	.2746634	0
1049.15	0	.7250263	0	.2749737	0
1048.15	0	.7247167	0	.2752833	0
1047.15	0	.7244077	0	.2755923	0
1046.15	0	.7240993	0	.2759007	0
1045.15	0	.7237916	0	.2762084	0
1044.15	0	.7234845	0	.2765155	0
1043.15	0	.723178	0	.276822	0
1042.15	0	.7228721	0	.2771279	0
1041.15	0	.7225669	0	.2774331	0
1040.15	0	.7222623	0	.2777377	0
1039.15	0	.7219583	0	.2780417	0
1038.15	0	.721655	0	.278345	0
1037.15	0	.7213523	0	.2786477	0
1036.15	0	.7210502	0	.2789498	0
1035.15	0	.7207487	0	.2792513	0
1034.15	0	.7204478	0	.2795522	0
1033.15	0	.7201476	0	.2798525	0
1032.15	0	.7198479	0	.2801521	0
1031.15	0	.7195489	0	.2804511	0
1030.15	0	.7192505	0	.2807495	0
1029.15	0	.7189527	0	.2810473	0
1028.15	0	.7186556	0	.2813444	0
1027.15	0	.718359	0	.281641	0
1026.15	0	.7180631	0	.2819369	0
1025.15	0	.7177677	0	.2822323	0
1024.15	0	.717473	0	.282527	0
1023.15	0	.7171789	0	.2828211	0
1022.15	0	.7168854	0	.2831146	0
1021.15	0	.7165925	0	.2834075	0
1020.15	0	.7163002	0	.2836998	0
1019.15	0	.7160086	0	.2839914	0
1018.15	0	.7157175	0	.2842825	0
1017.15	0	.715427	0	.284573	0
1016.15	0	.7151371	0	.2848629	0
1015.15	0	.7148479	0	.2851521	0
1014.15	0	.7145592	0	.2854408	0
1013.15	0	.7142711	0	.2857289	0
1012.15	0	.7139837	0	.2860163	0
1011.15	0	.7136968	0	.2863032	0
1010.15	0	.7134105	0	.2865895	0
1009.15	0	.7131249	0	.2868751	0
1008.15	0	.7128398	0	.2871602	0
1007.15	0	.7125553	0	.2874447	0
1006.15	0	.7122714	0	.2877286	0
1005.15	0	.7119881	0	.2880119	0
1004.15	0	.7117054	0	.2882946	0
1003.15	0	.7114233	0	.2885767	0
1002.15	0	.7111418	0	.2888582	0
1001.15	0	.7108609	0	.2891391	0
1000.15	0	.7105805	0	.2894195	0
999.15	0	.7103008	0	.2896992	0
998.15	0	.7100217	0	.2899783	0
997.15	0	.7097431	0	.2902569	0
996.15	0	.7094651	0	.2905349	0
995.15	0	.7091877	0	.2908123	0
994.15	0	.7089109	0	.2910891	0
993.15	0	.7086347	0	.2913653	0
992.15	0	.708359	0	.291641	0
991.15	0	.708084	0	.2919161	0
990.15	0	.7078095	0	.2921905	0
989.15	0	.7075356	0	.2924644	0
988.15	0	.7072623	0	.2927377	0
987.15	0	.7069895	0	.2930105	0
986.15	0	.7067174	0	.2932826	0
985.15	0	.7064458	0	.2935542	0
984.15	0	.7061748	0	.2938252	0
983.15	0	.7059043	0	.2940956	0
982.15	0	.7056345	0	.2943655	0
981.15	0	.7053652	0	.2946348	0
980.15	0	.7050965	0	.2949035	0
979.15	0	.7048284	0	.2951716	0
978.15	0	.7045608	0	.2954392	0
977.15	0	.7042939	0	.2957061	0
976.15	0	.7040274	0	.2959726	0
975.15	0	.7037616	0	.2962384	0
974.15	0	.7034963	0	.2965037	0
973.15	0	.7032316	0	.2967684	0
972.15	0	.7029675	0	.2970325	0
971.15	0	.702704	0	.297296	0
970.15	0	.702441	0	.297559	0
969.15	0	.7021785	0	.2978215	0
968.15	0	.7019167	0	.2980833	0
967.15	0	.7016554	0	.2983446	0
966.15	0	.7013947	0	.2986053	0
965.15	0	.7011345	0	.2988655	0
964.15	0	.7008749	0	.2991251	0
963.15	0	.7006159	0	.2993841	0
962.15	0	.7003574	0	.2996426	0
961.15	0	.7000995	0	.2999005	0
960.15	0	.6998421	0	.3001579	0
959.15	0	.6995853	0	.3004147	0
958.15	0	.6993291	0	.3006709	0
957.15	0	.6990734	0	.3009266	0
956.15	0	.6988183	0	.3011817	0
955.15	0	.6985638	0	.3014362	0
954.15	0	.6983098	0	.3016902	0
953.15	0	.6980563	0	.3019437	0
952.15	0	.6978035	0	.3021965	0
951.15	0	.6975511	0	.3024489	0
950.15	0	.6972994	0	.3027006	0
949.15	0	.6970482	0	.3029519	0
948.15	0	.6967975	0	.3032025	0
947.15	0	.6965474	0	.3034526	0
946.15	0	.6962978	0	.3037022	0
945.15	0	.6960488	0	.3039512	0
944.15	0	.6958004	0	.3041996	0
943.15	0	.6955525	0	.3044475	0
942.15	0	.6953051	0	.3046949	0
941.15	0	.6950583	0	.3049417	0
940.15	0	.6948121	0	.3051879	0
939.15	0	.6945664	0	.3054336	0
938.15	0	.6943212	0	.3056788	0
937.15	0	.6940766	0	.3059234	0
936.15	0	.6938326	0	.3061674	0
935.15	0	.6935891	0	.3064109	0
934.15	0	.6933461	0	.3066539	0
933.15	0	.6931037	0	.3068963	0
932.15	0	.6928618	0	.3071382	0
931.15	0	.6926205	0	.3073795	0
930.15	0	.6923797	0	.3076203	0
929.15	0	.6921395	0	.3078605	0
928.15	0	.6918998	0	.3081002	0
927.15	0	.6916606	0	.3083394	0
926.15	0	.691422	0	.308578	0
925.15	0	.691184	0	.3088161	0
924.15	0	.6909464	0	.3090536	0
923.15	0	.6907095	0	.3092906	0
922.15	0	.690473	0	.309527	0
921.15	0	.6902371	0	.3097629	0
920.15	0	.6900017	0	.3099983	0
919.15	0	.6897669	0	.3102331	0
918.15	0	.6895326	0	.3104674	0
917.15	0	.6892989	0	.3107011	0
916.15	0	.6890657	0	.3109343	0
915.15	0	.688833	0	.311167	0
914.15	0	.6886009	0	.3113991	0
913.15	0	.6883693	0	.3116307	0
912.15	0	.6881382	0	.3118618	0
911.15	0	.6879077	0	.3120923	0
910.15	0	.6876777	0	.3123223	0
909.15	0	.6874482	0	.3125518	0
908.15	0	.6872193	0	.3127807	0
907.9838	0	.6871813	0	.3128187	0
907.9838	0	.6871813	0	.3128187	0
907.9838	0	.6871813	0	.3128187	0
907.15	0	.6865477	5.019562E-04	.3129503	0
906.15	0	.6857893	.001103418	.3131073	0
905.15	0	.6850323	.001704315	.3132634	0
904.15	0	.6842768	.002304667	.3134185	0
903.15	0	.6835228	.002904498	.3135727	0
902.15	0	.6827703	.003503829	.3137259	0
901.15	0	.6820192	.004102683	.3138782	0
900.15	0	.6812695	.004701085	.3140295	0
899.15	0	.6805212	.005299055	.3141798	0
898.15	0	.6797743	.005896624	.3143291	0
897.15	0	.6790287	.006493815	.3144775	0
896.15	0	.6782845	.007090654	.3146249	0
895.15	0	.6775416	.007687167	.3147712	0
894.15	0	.6768	.008283383	.3149166	0
893.15	0	.6760597	.008879328	.3150609	0
892.15	0	.6753207	.009475032	.3152043	0
891.15	0	.6745829	.01007052	.3153466	0
890.15	0	.6738463	.01066583	.3154879	0
889.15	0	.6731109	.01126099	.3156281	0
888.15	0	.6723767	.01185603	.3157673	0
887.15	0	.6716436	.01245099	.3159054	0
886.15	0	.6709117	.01304589	.3160425	0
885.15	0	.6701808	.01364077	.3161784	0
884.15	0	.669451	.01423567	.3163133	0
883.15	0	.6687222	.01483062	.3164472	0
882.15	0	.6679945	.01542565	.3165799	0
881.15	0	.6672677	.01602082	.3167115	0
880.15	0	.6665419	.01661615	.316842	0
879.15	0	.665817	.01721168	.3169713	0
878.15	0	.665093	.01780746	.3170995	0
877.15	0	.6643699	.01840353	.3172266	0
876.15	0	.6636476	.01899993	.3173525	0
875.15	0	.6629261	.0195967	.3174772	0
874.15	0	.6622053	.02019389	.3176008	0
873.15	0	.6614853	.02079155	.3177232	0
872.15	0	.660766	.02138972	.3178443	0
871.15	0	.6600473	.02198845	.3179643	0
870.15	0	.6593292	.02258779	.318083	0
869.15	0	.6586117	.0231878	.3182005	0
868.15	0	.6578948	.02378853	.3183167	0
867.15	0	.6571783	.02439002	.3184317	0
866.15	0	.6564623	.02499235	.3185454	0
865.15	0	.6557467	.02559556	.3186578	0
864.15	0	.6550314	.02619971	.3187689	0
863.15	0	.6543165	.02680487	.3188786	0
862.15	0	.6536018	.0274111	.3189871	0
861.15	0	.6528873	.02801845	.3190942	0
860.15	0	.6521731	.02862701	.3191999	0
859.15	0	.6514589	.02923683	.3193043	0
858.15	0	.6507447	.02984799	.3194073	0
857.15	0	.6500306	.03046056	.3195088	0
856.15	0	.6493165	.03107461	.3196089	0
855.15	0	.6486022	.03169022	.3197076	0
854.15	0	.6478877	.03230748	.3198048	0
853.15	0	.647173	.03292645	.3199006	0
852.15	0	.646458	.03354723	.3199948	0
851.15	0	.6457426	.0341699	.3200875	0
850.15	0	.6450268	.03479456	.3201787	0
849.15	0	.6443105	.03542129	.3202682	0
848.15	0	.6435936	.0360502	.3203563	0
847.15	0	.642876	.03668138	.3204426	0
846.15	0	.6421577	.03731493	.3205274	0
845.15	0	.6414385	.03795097	.3206105	0
844.15	0	.6407185	.03858959	.320692	0
843.15	0	.6399974	.03923092	.3207717	0
842.15	0	.6392753	.03987508	.3208496	0
841.15	0	.638552	.04052219	.3209259	0
840.15	0	.6378274	.04117237	.3210003	0
839.15	0	.6371014	.04182576	.3210729	0
838.15	0	.6363739	.04248249	.3211436	0
837.15	0	.6356448	.04314271	.3212125	0
836.15	0	.634914	.04380657	.3212794	0
835.15	0	.6341814	.04447422	.3213444	0
834.15	0	.6334468	.04514583	.3214074	0
833.15	0	.6327101	.04582157	.3214684	0
832.15	0	.6319712	.0465016	.3215273	0
831.15	0	.6312299	.04718611	.321584	0
830.15	0	.6304861	.0478753	.3216386	0
829.15	0	.6297396	.04856937	.3216911	0
828.15	0	.6289903	.04926853	.3217412	0
827.15	0	.6282379	.04997299	.3217891	0
826.15	0	.6274824	.050683	.3218346	0
825.15	0	.6267235	.05139879	.3218777	0
824.15	0	.625961	.05212061	.3219183	0
823.15	0	.6251948	.05284875	.3219565	0
822.15	0	.6244245	.05358348	.321992	0
821.15	0	.6236501	.05432511	.3220249	0
820.15	0	.6228711	.05507394	.322055	0
819.15	0	.6220874	.05583031	.3220823	0
818.15	0	.6212987	.05659458	.3221068	0
817.15	0	.6205046	.05736713	.3221282	0
816.15	0	.619705	.05814835	.3221467	0
815.15	0	.6188994	.05893866	.3221619	0
814.15	0	.6180876	.05973853	.3221739	0
813.15	0	.617269	.06054842	.3221826	0
812.15	0	.6164434	.06136886	.3221877	0
811.15	0	.6156103	.0622004	.3221893	0
810.15	0	.6147693	.06304363	.3221871	0
809.15	0	.6139198	.06389918	.3221811	0
808.15	0	.6130613	.06476775	.322171	0
807.15	0	.6121933	.06565008	.3221567	0
806.15	0	.611315	.06654695	.322138	0
805.15	0	.610426	.06745926	.3221148	0
804.15	0	.6095253	.06838793	.3220867	0
803.15	0	.6086123	.06933402	.3220537	0
802.15	0	.607686	.07029863	.3220154	0
801.15	0	.6067454	.07128302	.3219716	0
800.15	0	.6057896	.07228856	.3219219	0
799.15	0	.6048172	.07331674	.321866	0
798.15	0	.6038271	.07436927	.3218036	0
797.15	0	.6028177	.075448	.3217343	0
796.15	0	.6014528	.07695988	.3215874	0
795.15	0	.599772	.07885918	.3213688	0
794.15	0	.5981691	.08067022	.3211607	0
793.15	0	.5966378	.08240003	.3209622	0
792.15	0	.5951725	.08405487	.3207726	0
791.15	0	.5937684	.08564034	.3205913	0
790.15	0	.5924209	.08716145	.3204176	0
789.15	0	.591127	.08862215	.3202508	0
788.15	0	.5898814	.09002772	.3200909	0
787.15	0	.5886817	.09138122	.3199371	0
786.15	0	.5875249	.09268598	.3197891	0
785.15	0	.5864084	.09394505	.3196465	0
784.15	0	.5853299	.09516122	.3195089	0
783.15	0	.5842869	.09633702	.3193761	0
782.15	0	.5832775	.09747478	.3192477	0
781.15	0	.5822998	.09857666	.3191235	0
780.15	0	.5813521	.09964461	.3190033	0
779.15	0	.5804328	.1006805	.3188868	0
778.15	0	.5795404	.1016859	.3187737	0
777.15	0	.5786735	.1026625	.318664	0
776.15	0	.5778309	.1036117	.3185575	0
775.15	0	.5770113	.1045348	.3184539	0
774.15	0	.5762138	.1054331	.3183531	0
773.15	0	.5754372	.1063077	.318255	0
772.15	0	.5746807	.1071599	.3181595	0
771.15	0	.5739433	.1079905	.3180663	0
770.15	0	.5732241	.1088005	.3179754	0
769.15	0	.5725224	.1095908	.3178868	0
768.15	0	.5718375	.1103623	.3178002	0
767.15	0	.5711687	.1111158	.3177156	0
766.15	0	.5705152	.111852	.3176328	0
765.15	0	.5698765	.1125716	.3175519	0
764.15	0	.5692521	.1132753	.3174727	0
763.15	0	.5686413	.1139636	.3173951	0
762.15	0	.5680436	.1146373	.3173191	0
761.15	0	.5674586	.1152968	.3172446	0
760.15	0	.5668857	.1159427	.3171716	0
759.15	0	.5663246	.1165755	.3170999	0
758.15	0	.5657748	.1171957	.3170295	0
757.15	0	.5652359	.1178037	.3169604	0
756.15	0	.5647076	.1183999	.3168925	0
755.15	0	.5641894	.1189848	.3168258	0
754.15	0	.5636811	.1195587	.3167602	0
753.15	0	.5631823	.1201221	.3166956	0
752.15	0	.5626927	.1206752	.3166321	0
751.15	0	.5622119	.1212185	.3165696	0
750.15	0	.5617398	.1217522	.316508	0
749.15	0	.561276	.1222767	.3164473	0
748.15	0	.5608204	.1227921	.3163875	0
747.15	0	.5603725	.123299	.3163286	0
746.15	0	.5599323	.1237974	.3162704	0
745.15	0	.5594994	.1242876	.316213	0
744.15	0	.5590736	.12477	.3161564	0
743.15	0	.5586548	.1252447	.3161005	0
742.15	0	.5582428	.1257119	.3160453	0
741.15	0	.5578373	.1261719	.3159908	0
740.15	0	.5574381	.126625	.3159369	0
739.15	0	.5570452	.1270712	.3158837	0
738.15	0	.5566582	.1275108	.315831	0
737.15	0	.5562771	.1279439	.315779	0
736.15	0	.5559017	.1283708	.3157274	0
735.15	0	.5555319	.1287917	.3156765	0
734.15	0	.5551674	.1292066	.315626	0
733.15	0	.5548082	.1296158	.3155761	0
732.15	0	.5544541	.1300193	.3155266	0
731.15	0	.554105	.1304174	.3154776	0
730.15	0	.5537607	.1308102	.3154291	0
729.15	0	.5534212	.1311978	.3153809	0
728.15	0	.5530863	.1315804	.3153333	0
727.15	0	.5527559	.1319581	.315286	0
726.15	0	.5524299	.132331	.3152391	0
725.15	0	.5521082	.1326992	.3151926	0
724.15	0	.5517907	.1330628	.3151465	0
723.15	0	.5514773	.133422	.3151007	0
722.15	0	.5511679	.1337769	.3150553	0
721.15	0	.5508623	.1341275	.3150102	0
720.15	0	.5505606	.134474	.3149654	0
719.15	0	.5502626	.1348164	.3149209	0
718.15	0	.5499683	.1351549	.3148768	0
717.15	0	.5496775	.1354896	.3148329	0
716.15	0	.5493902	.1358205	.3147893	0
715.15	0	.5491063	.1361477	.314746	0
714.15	0	.5488257	.1364714	.3147029	0
713.15	0	.5485484	.1367915	.3146601	0
712.15	0	.5482742	.1371082	.3146176	0
711.15	0	.5480032	.1374215	.3145753	0
710.15	0	.5477353	.1377316	.3145332	0
709.15	0	.5474703	.1380384	.3144913	0
708.15	0	.5472083	.138342	.3144497	0
707.15	0	.5469491	.1386426	.3144083	0
706.15	0	.5466927	.1389402	.314367	0
705.15	0	.5464391	.1392348	.314326	0
704.15	0	.5461882	.1395266	.3142852	0
703.15	0	.54594	.1398155	.3142446	0
702.15	0	.5456943	.1401016	.3142041	0
701.15	0	.5454512	.140385	.3141638	0
700.15	0	.5452106	.1406658	.3141237	0
699.15	0	.5449724	.1409439	.3140837	0
698.15	0	.5447366	.1412195	.3140439	0
697.15	0	.5445032	.1414926	.3140042	0
696.15	0	.5442721	.1417632	.3139648	0
695.15	0	.5440432	.1420314	.3139254	0
694.15	0	.5438166	.1422972	.3138862	0
693.15	0	.5435922	.1425607	.3138471	0
692.15	0	.5433699	.1428219	.3138082	0
691.15	0	.5431497	.1430809	.3137693	0
690.15	0	.5429316	.1433377	.3137306	0
689.15	0	.5427156	.1435924	.3136921	0
688.15	0	.5425015	.1438449	.3136536	0
687.15	0	.5422894	.1440954	.3136153	0
686.15	0	.5420792	.1443438	.313577	0
685.15	0	.5418709	.1445902	.3135389	0
684.15	0	.5416645	.1448347	.3135008	0
683.15	0	.5414599	.1450772	.3134629	0
682.15	0	.5412571	.1453178	.3134251	0
681.15	0	.5410561	.1455566	.3133873	0
680.15	0	.5408568	.1457935	.3133497	0
679.15	0	.5406593	.1460286	.3133121	0
678.15	0	.5404634	.146262	.3132747	0
677.15	0	.5402692	.1464936	.3132373	0
676.15	0	.5400766	.1467235	.3132	0
675.15	0	.5398856	.1469517	.3131627	0
674.15	0	.5396962	.1471782	.3131256	0
673.15	0	.5395084	.1474031	.3130885	0
672.15	0	.5393221	.1476265	.3130515	0
671.15	0	.5391373	.1478482	.3130145	0
670.15	0	.538954	.1480684	.3129777	0
669.15	0	.5387721	.1482871	.3129408	0
668.15	0	.5385917	.1485042	.3129041	0
667.15	0	.5384127	.1487199	.3128674	0
666.15	0	.5382351	.1489341	.3128308	0
665.15	0	.5380589	.1491469	.3127942	0
664.15	0	.537884	.1493583	.3127577	0
663.15	0	.5377105	.1495682	.3127213	0
662.15	0	.5375383	.1497769	.3126849	0
661.15	0	.5373674	.1499841	.3126485	0
660.15	0	.5371977	.15019	.3126122	0
659.15	0	.5370294	.1503947	.312576	0
658.15	0	.5368622	.150598	.3125398	0
657.15	0	.5366963	.1508	.3125036	0
656.15	0	.5365317	.1510008	.3124675	0
655.15	0	.5363682	.1512004	.3124315	0
654.15	0	.5362058	.1513987	.3123955	0
653.15	0	.5360447	.1515958	.3123595	0
652.15	0	.5358847	.1517918	.3123236	0
651.15	0	.5357258	.1519866	.3122877	0
650.15	0	.535568	.1521802	.3122518	0
649.15	0	.5354113	.1523727	.312216	0
648.15	0	.5352558	.152564	.3121802	0
647.15	0	.5351012	.1527543	.3121445	0
646.15	0	.5349478	.1529435	.3121088	0
645.15	0	.5347954	.1531315	.3120731	0
644.15	0	.534644	.1533186	.3120375	0
643.15	0	.5344936	.1535045	.3120019	0
642.15	0	.5343443	.1536895	.3119663	0
641.15	0	.5341959	.1538734	.3119307	0
640.15	0	.5340485	.1540563	.3118952	0
639.15	0	.5339021	.1542381	.3118597	0
638.15	0	.5337567	.1544191	.3118243	0
637.15	0	.5336121	.154599	.3117889	0
636.15	0	.5334686	.154778	.3117535	0
635.15	0	.5333259	.154956	.3117181	0
634.15	0	.5331842	.1551331	.3116828	0
633.15	0	.5330433	.1553092	.3116475	0
632.15	0	.5329033	.1554845	.3116122	0
631.15	0	.5327643	.1556588	.3115769	0
630.15	0	.5326261	.1558322	.3115417	0
629.15	0	.5324887	.1560048	.3115065	0
628.15	0	.5323522	.1561765	.3114713	0
627.15	0	.5322166	.1563473	.3114361	0
626.15	0	.5320817	.1565173	.311401	0
625.15	0	.5319477	.1566864	.3113659	0
624.15	0	.5318145	.1568546	.3113308	0
623.15	0	.5316822	.1570221	.3112957	0
622.15	0	.5315506	.1571887	.3112607	0
621.15	0	.5314197	.1573546	.3112257	0
620.15	0	.5312897	.1575196	.3111907	0
619.15	0	.5311605	.1576838	.3111557	0
618.15	0	.531032	.1578473	.3111208	0
617.15	0	.5309042	.1580099	.3110858	0
616.15	0	.5307772	.1581718	.3110509	0
615.15	0	.5306509	.158333	.3110161	0
614.15	0	.5305254	.1584934	.3109812	0
613.15	0	.5304006	.158653	.3109464	0
612.15	0	.5302765	.158812	.3109115	0
611.15	0	.5301531	.1589701	.3108767	0
610.15	0	.5300304	.1591276	.310842	0
609.15	0	.5299085	.1592843	.3108072	0
608.15	0	.5297871	.1594404	.3107725	0
607.15	0	.5296665	.1595957	.3107378	0
606.15	0	.5295466	.1597504	.3107031	0
605.15	0	.5294273	.1599043	.3106684	0
604.15	0	.5293087	.1600576	.3106337	0
603.15	0	.5291907	.1602102	.3105991	0
602.15	0	.5290734	.1603621	.3105645	0
601.15	0	.5289567	.1605134	.3105299	0
600.15	0	.5288407	.160664	.3104954	0
599.15	0	.5287253	.160814	.3104608	0
598.15	0	.5286105	.1609633	.3104263	0
597.15	0	.5284963	.1611119	.3103918	0
596.15	0	.5283828	.16126	.3103573	0
595.15	0	.5282698	.1614074	.3103228	0
594.15	0	.5281575	.1615541	.3102884	0
593.15	0	.5280457	.1617003	.310254	0
592.15	0	.5279346	.1618459	.3102196	0
591.15	0	.527824	.1619908	.3101852	0
590.15	0	.527714	.1621351	.3101509	0
589.15	0	.5276046	.1622789	.3101165	0
588.15	0	.5274958	.162422	.3100822	0
587.15	0	.5273875	.1625645	.310048	0
586.15	0	.5272798	.1627065	.3100137	0
585.15	0	.5271727	.1628479	.3099795	0
584.15	0	.5270661	.1629887	.3099453	0
583.15	0	.52696	.1631289	.3099111	0
582.15	0	.5268545	.1632686	.3098769	0
581.15	0	.5267495	.1634077	.3098428	0
580.15	0	.5266451	.1635463	.3098086	0
579.15	0	.5265412	.1636842	.3097745	0
578.15	0	.5264378	.1638217	.3097405	0
577.15	0	.526335	.1639586	.3097064	0
576.15	0	.5262327	.1640949	.3096724	0
575.15	0	.5261308	.1642307	.3096384	0
574.15	0	.5260295	.164366	.3096045	0
573.15	0	.5259287	.1645007	.3095705	0
572.15	0	.5258284	.164635	.3095366	0
571.15	0	.5257286	.1647686	.3095027	0
570.15	0	.5256293	.1649018	.3094689	0
569.15	0	.5255305	.1650345	.309435	0
568.15	0	.5254322	.1651666	.3094012	0
567.15	0	.5253344	.1652982	.3093674	0
566.15	0	.525237	.1654293	.3093337	0
565.15	0	.5251401	.1655599	.3093	0
564.15	0	.5250437	.16569	.3092663	0
563.15	0	.5249478	.1658196	.3092326	0
562.15	0	.5248523	.1659487	.309199	0
561.15	0	.5247573	.1660773	.3091654	0
560.15	0	.5246628	.1662054	.3091318	0
559.15	0	.5245687	.1663331	.3090982	0
558.15	0	.5244751	.1664602	.3090647	0
557.15	0	.5243819	.1665869	.3090312	0
556.15	0	.5242892	.1667131	.3089978	0
555.15	0	.5241969	.1668388	.3089644	0
554.15	0	.5241051	.166964	.308931	0
553.15	0	.5240136	.1670888	.3088976	0
552.15	0	.5239227	.167213	.3088643	0
551.15	0	.5238322	.1673369	.308831	0
550.15	0	.5237421	.1674602	.3087977	0
549.15	0	.5236524	.1675831	.3087645	0
548.15	0	.5235632	.1677055	.3087313	0
547.15	0	.5234743	.1678275	.3086981	0
546.15	0	.5233859	.167949	.308665	0
545.15	0	.523298	.1680701	.3086319	0
544.15	0	.5232104	.1681907	.3085989	0
543.15	0	.5231233	.1683109	.3085659	0
542.15	0	.5230365	.1684306	.3085329	0
541.15	0	.5229502	.1685499	.3085	0
540.15	0	.5228643	.1686687	.308467	0
539.15	0	.5227788	.1687871	.3084341	0
538.15	0	.5226937	.168905	.3084013	0
537.15	0	.522609	.1690225	.3083685	0
536.15	0	.5225247	.1691396	.3083357	0
535.15	0	.5224407	.1692563	.308303	0
534.15	0	.5223572	.1693725	.3082703	0
533.15	0	.522274	.1694883	.3082377	0
532.15	0	.5221913	.1696036	.3082051	0
531.15	0	.5221089	.1697186	.3081726	0
530.15	0	.5220269	.1698331	.30814	0
529.15	0	.5219453	.1699471	.3081076	0
528.15	0	.5218641	.1700608	.3080751	0
527.15	0	.5217832	.170174	.3080428	0
526.15	0	.5217027	.1702868	.3080104	0
525.15	0	.5216226	.1703992	.3079781	0
524.15	0	.5215429	.1705112	.3079459	0
523.15	0	.5214635	.1706228	.3079137	0
522.15	0	.5213845	.170734	.3078815	0
521.15	0	.5213059	.1708447	.3078494	0
520.15	0	.5212277	.170955	.3078173	0
519.15	0	.5211498	.171065	.3077853	0
518.15	0	.5210722	.1711745	.3077533	0
517.15	0	.520995	.1712836	.3077214	0
516.15	0	.5209182	.1713923	.3076895	0
515.15	0	.5208417	.1715007	.3076576	0
514.15	0	.5207656	.1716086	.3076258	0
513.15	0	.5206898	.1717161	.3075941	0
512.15	0	.5206144	.1718232	.3075624	0
511.15	0	.5205393	.1719299	.3075308	0
510.15	0	.5204646	.1720362	.3074992	0
509.15	0	.5203903	.1721421	.3074676	0
508.15	0	.5203162	.1722476	.3074361	0
507.15	0	.5202425	.1723528	.3074047	0
506.15	0	.5201692	.1724575	.3073733	0
505.15	0	.5200962	.1725619	.307342	0
504.15	0	.5200235	.1726658	.3073107	0
503.15	0	.5199512	.1727694	.3072795	0
502.15	0	.5198792	.1728726	.3072483	0
501.15	0	.5198075	.1729754	.3072172	0
500.15	0	.5197361	.1730778	.3071861	0
499.15	0	.5196651	.1731798	.3071551	0
498.15	0	.5195945	.1732814	.3071241	0
497.15	0	.5195241	.1733827	.3070932	0
496.15	0	.5194541	.1734835	.3070624	0
495.15	0	.5193844	.173584	.3070316	0
494.15	0	.519315	.1736841	.3070009	0
493.15	0	.5192459	.1737839	.3069702	0
492.15	0	.5191772	.1738832	.3069396	0
491.15	0	.5191088	.1739822	.3069091	0
490.15	0	.5190407	.1740808	.3068786	0
489.15	0	.5189729	.174179	.3068481	0
488.15	0	.5189054	.1742768	.3068178	0
487.15	0	.5188383	.1743743	.3067874	0
486.15	0	.5187715	.1744714	.3067572	0
485.15	0	.5187049	.1745681	.306727	0
484.15	0	.5186387	.1746644	.3066969	0
483.15	0	.5185728	.1747604	.3066668	0
482.15	0	.5185072	.174856	.3066368	0
481.15	0	.5184419	.1749512	.3066069	0
480.15	0	.5183769	.1750461	.306577	0
479.15	0	.5183123	.1751406	.3065472	0
478.15	0	.5182479	.1752347	.3065174	0
477.15	0	.5181838	.1753284	.3064877	0
476.15	0	.5181201	.1754218	.3064581	0
475.15	0	.5180566	.1755149	.3064286	0
474.15	0	.5179934	.1756075	.3063991	0
473.15	0	.5179305	.1756998	.3063697	0
472.15	0	.517868	.1757917	.3063403	0
471.15	0	.5178057	.1758833	.306311	0
470.15	0	.5177437	.1759745	.3062818	0
469.15	0	.517682	.1760653	.3062527	0
468.15	0	.5176206	.1761558	.3062236	0
467.15	0	.5175595	.1762459	.3061946	0
466.15	0	.5174987	.1763356	.3061657	0
465.15	0	.5174382	.176425	.3061368	0
464.15	0	.517378	.1765141	.306108	0
463.15	0	.517318	.1766027	.3060793	0
462.15	0	.5172584	.176691	.3060506	0
461.15	0	.517199	.176779	.306022	0
460.15	0	.5171399	.1768666	.3059935	0
459.15	0	.5170811	.1769538	.3059651	0
458.15	0	.5170226	.1770407	.3059367	0
457.15	0	.5169644	.1771272	.3059084	0
456.15	0	.5169064	.1772134	.3058802	0
455.15	0	.5168487	.1772992	.3058521	0
454.15	0	.5167913	.1773846	.305824	0
453.15	0	.5167342	.1774697	.3057961	0
452.15	0	.5166774	.1775545	.3057681	0
451.15	0	.5166208	.1776388	.3057403	0
450.15	0	.5165646	.1777229	.3057126	0
449.15	0	.5165086	.1778065	.3056849	0
448.15	0	.5164529	.1778898	.3056573	0
447.15	0	.5163975	.1779727	.3056298	0
446.15	0	.5163424	.1780552	.3056024	0
445.15	0	.5162875	.1781374	.3055751	0
444.15	0	.516233	.1782192	.3055478	0
443.15	0	.5161787	.1783006	.3055207	0
442.15	0	.5161247	.1783816	.3054936	0
441.15	0	.5160711	.1784623	.3054667	0
440.15	0	.5160177	.1785426	.3054398	0
439.15	0	.5159646	.1786224	.305413	0
438.15	0	.5159118	.1787019	.3053863	0
437.15	0	.5158593	.178781	.3053597	0
436.15	0	.5158071	.1788597	.3053333	0
435.15	0	.5157552	.1789379	.3053069	0
434.15	0	.5157036	.1790158	.3052806	0
433.15	0	.5156523	.1790933	.3052544	0
432.15	0	.5156013	.1791703	.3052284	0
431.15	0	.5155506	.179247	.3052024	0
430.15	0	.5155003	.1793232	.3051765	0
429.15	0	.5154502	.179399	.3051508	0
428.15	0	.5154004	.1794744	.3051252	0
427.15	0	.515351	.1795494	.3050997	0
426.15	0	.5153018	.179624	.3050742	0
425.15	0	.515253	.1796981	.3050489	0
424.15	0	.5152044	.1797718	.3050238	0
423.15	0	.5151562	.1798452	.3049987	0
422.15	0	.5151082	.179918	.3049737	0
421.15	0	.5150606	.1799905	.3049489	0
420.15	0	.5150133	.1800626	.3049242	0
419.15	0	.5149663	.1801342	.3048996	0
418.15	0	.5149195	.1802054	.3048751	0
417.15	0	.5148731	.1802762	.3048507	0
416.15	0	.514827	.1803465	.3048265	0
415.15	0	.5147812	.1804165	.3048023	0
414.15	0	.5147357	.180486	.3047783	0
413.15	0	.5146905	.1805551	.3047544	0
412.15	0	.5146456	.1806238	.3047306	0
411.15	0	.514601	.180692	.304707	0
410.15	0	.5145567	.1807599	.3046834	0
409.15	0	.5145127	.1808273	.30466	0
408.15	0	.514469	.1808943	.3046367	0
407.15	0	.5144255	.1809609	.3046136	0
406.15	0	.5143824	.1810271	.3045905	0
405.15	0	.5143396	.1810929	.3045676	0
404.15	0	.514297	.1811582	.3045448	0
403.15	0	.5142547	.1812232	.3045221	0
402.15	0	.5142128	.1812877	.3044995	0
401.15	0	.5141711	.1813518	.3044771	0
400.15	0	.5141297	.1814156	.3044547	0
399.15	0	.5140886	.1814789	.3044325	0
398.15	0	.5140477	.1815418	.3044104	0
397.15	0	.5140072	.1816043	.3043885	0
396.15	0	.5139669	.1816664	.3043667	0
395.15	0	.5139269	.1817282	.3043449	0
394.15	0	.5138872	.1817895	.3043233	0
393.15	0	.5138477	.1818504	.3043018	0
392.15	0	.5138086	.181911	.3042805	0
391.15	0	.5137696	.1819711	.3042592	0
390.15	0	.513731	.1820309	.3042381	0
389.15	0	.5136926	.1820903	.3042171	0
388.15	0	.5136545	.1821493	.3041962	0
387.15	0	.5136167	.1822079	.3041755	0
386.15	0	.5135791	.1822661	.3041548	0
385.15	0	.5135418	.182324	.3041343	0
384.15	0	.5135047	.1823815	.3041139	0
383.15	0	.5134679	.1824386	.3040936	0
382.15	0	.5134313	.1824953	.3040734	0
381.15	0	.513395	.1825517	.3040533	0
380.15	0	.5133589	.1826077	.3040334	0
379.15	0	.5133231	.1826634	.3040136	0
378.15	0	.5132875	.1827186	.3039938	0
377.15	0	.5132522	.1827736	.3039742	0
376.15	0	.5132171	.1828282	.3039548	0
375.15	0	.5131822	.1828824	.3039354	0
374.15	0	.5131476	.1829363	.3039161	0
373.15	0	.5131132	.1829898	.303897	0
372.15	0	.5130791	.183043	.3038779	0
371.15	0	.5130452	.1830958	.303859	0
370.15	0	.5130115	.1831483	.3038402	0
369.15	0	.512978	.1832005	.3038215	0
368.15	0	.5129447	.1832523	.3038029	0
367.15	0	.5129117	.1833038	.3037844	0
366.15	0	.5128789	.183355	.3037661	0
365.15	0	.5128463	.1834059	.3037478	0
364.15	0	.512814	.1834564	.3037297	0
363.15	0	.5127818	.1835066	.3037116	0
362.15	0	.5127498	.1835565	.3036937	0
361.15	0	.5127181	.183606	.3036759	0
360.15	0	.5126866	.1836553	.3036581	0
359.15	0	.5126552	.1837043	.3036405	0
358.15	0	.5126241	.1837529	.303623	0
357.15	0	.5125932	.1838012	.3036056	0
356.15	0	.5125625	.1838493	.3035883	0
355.15	0	.5125319	.183897	.3035711	0
354.15	0	.5125016	.1839444	.303554	0
353.15	0	.5124714	.1839916	.303537	0
352.15	0	.5124415	.1840384	.3035201	0
351.15	0	.5124117	.184085	.3035033	0
350.15	0	.5123821	.1841313	.3034866	0
349.15	0	.5123527	.1841773	.30347	0
348.15	0	.5123235	.184223	.3034535	0
347.15	0	.5122945	.1842684	.3034371	0
346.15	0	.5122656	.1843136	.3034208	0
345.15	0	.5122369	.1843585	.3034046	0
344.15	0	.5122084	.1844031	.3033885	0
343.15	0	.51218	.1844474	.3033725	0
342.15	0	.5121519	.1844915	.3033566	0
341.15	0	.5121239	.1845353	.3033408	0
340.15	0	.512096	.1845789	.3033251	0
339.15	0	.5120683	.1846222	.3033095	0
338.15	0	.5120408	.1846652	.303294	0
