T	 BPW(LIQUID)	BPW(BCC_A2)	BPW(FCC_A1)	BPW(LAVES_PHASE_C14)	BPW(NI3TI)
1473.15	.2412489	.568237	0	.1905141	0
1472.15	.2355619	.5720212	0	.1924169	0
1471.15	.229985	.5757273	0	.1942877	0
1470.15	.224515	.5793575	0	.1961274	0
1469.15	.2191491	.582914	0	.197937	0
1468.15	.2138842	.5863986	0	.1997172	0
1467.15	.2087178	.5898133	0	.2014689	0
1466.15	.2036472	.5931599	0	.2031929	0
1465.15	.1986697	.5964403	0	.20489	0
1464.15	.1937829	.5996562	0	.2065609	0
1463.15	.1889844	.6028093	0	.2082063	0
1462.15	.1842719	.6059011	0	.209827	0
1461.15	.1796432	.6089333	0	.2114235	0
1460.15	.1750961	.6119073	0	.2129966	0
1459.15	.1706285	.6148247	0	.2145468	0
1458.15	.1662384	.6176869	0	.2160747	0
1457.15	.1619238	.6204951	0	.217581	0
1456.15	.1576829	.6232508	0	.2190663	0
1455.15	.1535138	.6259553	0	.2205309	0
1454.15	.1494147	.6286098	0	.2219755	0
1453.15	.1453839	.6312155	0	.2234006	0
1452.15	.1414197	.6337736	0	.2248067	0
1451.15	.1375206	.6362852	0	.2261942	0
1450.15	.1336849	.6387514	0	.2275637	0
1449.15	.1299112	.6411733	0	.2289155	0
1448.15	.126198	.6435519	0	.2302501	0
1447.15	.1225438	.6458883	0	.2315679	0
1446.15	.1189473	.6481834	0	.2328693	0
1445.15	.115407	.6504382	0	.2341548	0
1444.15	.1119218	.6526535	0	.2354247	0
1443.15	.1084904	.6548303	0	.2366793	0
1442.15	.1051115	.6569694	0	.2379191	0
1441.15	.1017839	.6590718	0	.2391443	0
1440.15	.09850651	.6611381	0	.2403554	0
1439.15	.09527817	.6631692	0	.2415526	0
1438.15	.09209778	.6651659	0	.2427363	0
1437.15	.08896429	.6671289	0	.2439068	0
1436.15	.08587667	.669059	0	.2450644	0
1435.15	.08283391	.6709568	0	.2462093	0
1434.15	.07983505	.6728231	0	.2473419	0
1433.15	.07687912	.6746585	0	.2484624	0
1432.15	.07396522	.6764637	0	.2495711	0
1431.15	.07109244	.6782393	0	.2506683	0
1430.15	.06825992	.679986	0	.2517541	0
1429.15	.06546679	.6817043	0	.252829	0
1428.15	.06271224	.6833948	0	.253893	0
1427.15	.05999547	.6850581	0	.2549465	0
1426.15	.05731568	.6866947	0	.2559896	0
1425.15	.05467213	.6883053	0	.2570226	0
1424.15	.05206405	.6898903	0	.2580457	0
1423.15	.04949075	.6914502	0	.259059	0
1422.15	.0469515	.6929856	0	.2600629	0
1421.15	.04444562	.6944969	0	.2610575	0
1420.15	.04197245	.6959846	0	.262043	0
1419.15	.03953133	.6974492	0	.2630195	0
1418.15	.03712162	.6988911	0	.2639873	0
1417.15	.03474272	.7003107	0	.2649465	0
1416.15	.03239402	.7017086	0	.2658974	0
1415.15	.03007492	.7030851	0	.26684	0
1414.15	.02778485	.7044406	0	.2677745	0
1413.15	.02552326	.7057756	0	.2687012	0
1412.15	.0232896	.7070903	0	.2696201	0
1411.15	.02108333	.7083853	0	.2705314	0
1410.15	.01890394	.7096608	0	.2714353	0
1409.15	.01675091	.7109172	0	.2723318	0
1408.15	.01462376	.712155	0	.2732213	0
1407.15	.012522	.7133744	0	.2741036	0
1406.15	.01044516	.7145757	0	.2749791	0
1405.15	.008392774	.7157594	0	.2758479	0
1404.15	.006364398	.7169256	0	.27671	0
1403.15	.00435959	.7180749	0	.2775655	0
1402.15	.002377922	.7192073	0	.2784147	0
1401.15	4.18974E-04	.7203234	0	.2792577	0
1400.935	0	.7205616	0	.2794384	0
1400.935	0	.7205616	0	.2794384	0
1400.15	0	.7201323	0	.2798677	0
1399.15	0	.7195863	0	.2804137	0
1398.15	0	.7190416	0	.2809584	0
1397.15	0	.7184982	0	.2815018	0
1396.15	0	.7179561	0	.2820439	0
1395.15	0	.7174153	0	.2825847	0
1394.15	0	.7168757	0	.2831243	0
1393.15	0	.7163374	0	.2836626	0
1392.15	0	.7158003	0	.2841997	0
1391.15	0	.7152645	0	.2847355	0
1390.15	0	.71473	0	.28527	0
1389.15	0	.7141967	0	.2858033	0
1388.15	0	.7136646	0	.2863354	0
1387.15	0	.7131338	0	.2868662	0
1386.15	0	.7126042	0	.2873958	0
1385.15	0	.7120759	0	.2879241	0
1384.15	0	.7115488	0	.2884512	0
1383.15	0	.7110229	0	.2889771	0
1382.15	0	.7104982	0	.2895018	0
1381.15	0	.7099748	0	.2900253	0
1380.15	0	.7094525	0	.2905475	0
1379.15	0	.7089315	0	.2910685	0
1378.15	0	.7084116	0	.2915884	0
1377.15	0	.707893	0	.292107	0
1376.15	0	.7073755	0	.2926245	0
1375.15	0	.7068593	0	.2931407	0
1374.15	0	.7063442	0	.2936558	0
1373.15	0	.7058303	0	.2941697	0
1372.15	0	.7053176	0	.2946824	0
1371.15	0	.7048061	0	.2951939	0
1370.15	0	.7042957	0	.2957043	0
1369.15	0	.7037865	0	.2962135	0
1368.15	0	.7032785	0	.2967215	0
1367.15	0	.7027716	0	.2972284	0
1366.15	0	.7022659	0	.2977341	0
1365.15	0	.7017613	0	.2982387	0
1364.15	0	.7012579	0	.2987421	0
1363.15	0	.7007556	0	.2992444	0
1362.15	0	.7002545	0	.2997455	0
1361.15	0	.6997545	0	.3002455	0
1360.15	0	.6992556	0	.3007444	0
1359.15	0	.6987579	0	.3012421	0
1358.15	0	.6982613	0	.3017388	0
1357.15	0	.6977658	0	.3022343	0
1356.15	0	.6972714	0	.3027286	0
1355.15	0	.6967781	0	.3032219	0
1354.15	0	.696286	0	.3037141	0
1353.15	0	.6957949	0	.3042051	0
1352.15	0	.695305	0	.3046951	0
1351.15	0	.6948161	0	.3051839	0
1350.15	0	.6943284	0	.3056717	0
1349.15	0	.6938417	0	.3061583	0
1348.15	0	.6933561	0	.3066439	0
1347.15	0	.6928716	0	.3071284	0
1346.15	0	.6923882	0	.3076118	0
1345.15	0	.6919059	0	.3080941	0
1344.15	0	.6914246	0	.3085754	0
1343.15	0	.6909445	0	.3090556	0
1342.15	0	.6904653	0	.3095347	0
1341.15	0	.6899873	0	.3100127	0
1340.15	0	.6895103	0	.3104897	0
1339.15	0	.6890344	0	.3109656	0
1338.15	0	.6885595	0	.3114405	0
1337.15	0	.6880856	0	.3119144	0
1336.15	0	.6876129	0	.3123872	0
1335.15	0	.6871411	0	.3128589	0
1334.15	0	.6866704	0	.3133296	0
1333.15	0	.6862007	0	.3137993	0
1332.15	0	.6857321	0	.3142679	0
1331.15	0	.6852645	0	.3147355	0
1330.15	0	.6847979	0	.3152021	0
1329.15	0	.6843324	0	.3156676	0
1328.15	0	.6838679	0	.3161321	0
1327.15	0	.6834043	0	.3165957	0
1326.15	0	.6829419	0	.3170582	0
1325.15	0	.6824804	0	.3175196	0
1324.15	0	.6820199	0	.3179801	0
1323.15	0	.6815604	0	.3184396	0
1322.15	0	.6811019	0	.3188981	0
1321.15	0	.6806445	0	.3193555	0
1320.15	0	.680188	0	.319812	0
1319.15	0	.6797325	0	.3202675	0
1318.15	0	.679278	0	.320722	0
1317.15	0	.6788245	0	.3211755	0
1316.15	0	.678372	0	.321628	0
1315.15	0	.6779204	0	.3220796	0
1314.15	0	.6774698	0	.3225302	0
1313.15	0	.6770202	0	.3229798	0
1312.15	0	.6765716	0	.3234284	0
1311.15	0	.6761239	0	.3238761	0
1310.15	0	.6756772	0	.3243228	0
1309.15	0	.6752315	0	.3247685	0
1308.15	0	.6747867	0	.3252133	0
1307.15	0	.6743429	0	.3256571	0
1306.15	0	.6739	0	.3261	0
1305.15	0	.6734581	0	.3265419	0
1304.15	0	.6730171	0	.3269829	0
1303.15	0	.6725771	0	.3274229	0
1302.15	0	.672138	0	.327862	0
1301.15	0	.6716999	0	.3283001	0
1300.15	0	.6712626	0	.3287374	0
1299.15	0	.6708264	0	.3291736	0
1298.15	0	.670391	0	.329609	0
1297.15	0	.6699566	0	.3300434	0
1296.15	0	.6695231	0	.3304769	0
1295.15	0	.6690905	0	.3309095	0
1294.15	0	.6686588	0	.3313412	0
1293.15	0	.6682281	0	.3317719	0
1292.15	0	.6677983	0	.3322018	0
1291.15	0	.6673693	0	.3326307	0
1290.15	0	.6669413	0	.3330587	0
1289.15	0	.6665142	0	.3334858	0
1288.15	0	.666088	0	.333912	0
1287.15	0	.6656627	0	.3343373	0
1286.15	0	.6652383	0	.3347617	0
1285.15	0	.6648147	0	.3351853	0
1284.15	0	.6643921	0	.3356079	0
1283.15	0	.6639704	0	.3360296	0
1282.15	0	.6635495	0	.3364505	0
1281.15	0	.6631295	0	.3368705	0
1280.15	0	.6627105	0	.3372895	0
1279.15	0	.6622922	0	.3377078	0
1278.15	0	.6618749	0	.3381251	0
1277.15	0	.6614584	0	.3385416	0
1276.15	0	.6610428	0	.3389572	0
1275.15	0	.6606281	0	.3393719	0
1274.15	0	.6602143	0	.3397857	0
1273.15	0	.6598013	0	.3401988	0
1272.15	0	.6593891	0	.3406109	0
1271.15	0	.6589778	0	.3410222	0
1270.15	0	.6585674	0	.3414326	0
1269.15	0	.6581578	0	.3418422	0
1268.15	0	.6577491	0	.3422509	0
1267.15	0	.6573412	0	.3426588	0
1266.15	0	.6569342	0	.3430658	0
1265.15	0	.656528	0	.343472	0
1264.15	0	.6561227	0	.3438773	0
1263.15	0	.6557182	0	.3442818	0
1262.15	0	.6553145	0	.3446855	0
1261.15	0	.6549117	0	.3450883	0
1260.15	0	.6545096	0	.3454904	0
1259.15	0	.6541085	0	.3458915	0
1258.15	0	.6537081	0	.3462919	0
1257.15	0	.6533086	0	.3466914	0
1256.15	0	.6529099	0	.3470901	0
1255.15	0	.652512	0	.347488	0
1254.15	0	.6521149	0	.3478851	0
1253.15	0	.6517186	0	.3482814	0
1252.15	0	.6513232	0	.3486768	0
1251.15	0	.6509285	0	.3490715	0
1250.15	0	.6505347	0	.3494653	0
1249.15	0	.6501417	0	.3498583	0
1248.15	0	.6497495	0	.3502505	0
1247.15	0	.649358	0	.350642	0
1246.15	0	.6489674	0	.3510326	0
1245.15	0	.6485776	0	.3514224	0
1244.15	0	.6481885	0	.3518115	0
1243.15	0	.6478003	0	.3521997	0
1242.15	0	.6474128	0	.3525872	0
1241.15	0	.6470262	0	.3529738	0
1240.15	0	.6466403	0	.3533597	0
1239.15	0	.6462552	0	.3537448	0
1238.15	0	.6458709	0	.3541291	0
1237.15	0	.6454873	0	.3545127	0
1236.15	0	.6451046	0	.3548955	0
1235.15	0	.6447226	0	.3552774	0
1234.15	0	.6443413	0	.3556587	0
1233.15	0	.6439609	0	.3560391	0
1232.15	0	.6435812	0	.3564188	0
1231.15	0	.6432023	0	.3567977	0
1230.15	0	.6428241	0	.3571759	0
1229.15	0	.6424468	0	.3575533	0
1228.15	0	.6420701	0	.3579299	0
1227.15	0	.6416942	0	.3583058	0
1226.15	0	.6413191	0	.3586809	0
1225.15	0	.6409448	0	.3590552	0
1224.15	0	.6405711	0	.3594289	0
1223.15	0	.6401983	0	.3598017	0
1222.15	0	.6398262	0	.3601738	0
1221.15	0	.6394548	0	.3605452	0
1220.15	0	.6390841	0	.3609159	0
1219.15	0	.6387143	0	.3612857	0
1218.15	0	.6383451	0	.3616549	0
1217.15	0	.6379767	0	.3620233	0
1216.15	0	.637609	0	.362391	0
1215.15	0	.6372421	0	.3627579	0
1214.15	0	.6368759	0	.3631241	0
1213.15	0	.6365104	0	.3634896	0
1212.15	0	.6361456	0	.3638544	0
1211.15	0	.6357816	0	.3642184	0
1210.15	0	.6354183	0	.3645817	0
1209.15	0	.6350557	0	.3649443	0
1208.15	0	.6346938	0	.3653062	0
1207.15	0	.6343327	0	.3656673	0
1206.15	0	.6339722	0	.3660278	0
1205.15	0	.6336125	0	.3663875	0
1204.15	0	.6332535	0	.3667465	0
1203.15	0	.6328952	0	.3671048	0
1202.15	0	.6325376	0	.3674624	0
1201.15	0	.6321808	0	.3678192	0
1200.15	0	.6318246	0	.3681754	0
1199.15	0	.6314691	0	.3685309	0
1198.15	0	.6311143	0	.3688857	0
1197.15	0	.6307603	0	.3692398	0
1196.15	0	.6304069	0	.3695931	0
1195.15	0	.6300542	0	.3699458	0
1194.15	0	.6297022	0	.3702978	0
1193.15	0	.6293509	0	.3706491	0
1192.15	0	.6290003	0	.3709997	0
1191.15	0	.6286504	0	.3713496	0
1190.15	0	.6283012	0	.3716988	0
1189.15	0	.6279526	0	.3720474	0
1188.15	0	.6276048	0	.3723953	0
1187.15	0	.6272576	0	.3727424	0
1186.15	0	.6269111	0	.3730889	0
1185.15	0	.6265653	0	.3734348	0
1184.15	0	.6262201	0	.3737799	0
1183.15	0	.6258756	0	.3741244	0
1182.15	0	.6255318	0	.3744682	0
1181.15	0	.6251887	0	.3748113	0
1180.15	0	.6248463	0	.3751537	0
1179.15	0	.6245045	0	.3754955	0
1178.15	0	.6241634	0	.3758367	0
1177.15	0	.6238229	0	.3761771	0
1176.15	0	.6234831	0	.3765169	0
1175.15	0	.623144	0	.376856	0
1174.15	0	.6228055	0	.3771945	0
1173.15	0	.6224677	0	.3775323	0
1172.15	0	.6221305	0	.3778695	0
1171.15	0	.621794	0	.378206	0
1170.15	0	.6214582	0	.3785418	0
1169.15	0	.621123	0	.378877	0
1168.15	0	.6207884	0	.3792116	0
1167.15	0	.6204545	0	.3795455	0
1166.15	0	.6201213	0	.3798787	0
1165.15	0	.6197887	0	.3802113	0
1164.15	0	.6194567	0	.3805433	0
1163.15	0	.6191254	0	.3808746	0
1162.15	0	.6187947	0	.3812053	0
1161.15	0	.6184647	0	.3815353	0
1160.15	0	.6181353	0	.3818647	0
1159.15	0	.6178065	0	.3821935	0
1158.15	0	.6174784	0	.3825216	0
1157.15	0	.6171509	0	.3828491	0
1156.15	0	.616824	0	.383176	0
1155.15	0	.6164978	0	.3835022	0
1154.15	0	.6161721	0	.3838279	0
1153.15	0	.6158472	0	.3841528	0
1152.15	0	.6155228	0	.3844772	0
1151.15	0	.6151991	0	.3848009	0
1150.15	0	.614876	0	.385124	0
1149.15	0	.6145535	0	.3854465	0
1148.15	0	.6142316	0	.3857684	0
1147.15	0	.6139104	0	.3860896	0
1146.15	0	.6135897	0	.3864103	0
1145.15	0	.6132697	0	.3867303	0
1144.15	0	.6129503	0	.3870497	0
1143.15	0	.6126315	0	.3873685	0
1142.15	0	.6123133	0	.3876867	0
1141.15	0	.6119958	0	.3880042	0
1140.15	0	.6116788	0	.3883212	0
1139.15	0	.6113625	0	.3886375	0
1138.15	0	.6110467	0	.3889533	0
1137.15	0	.6107316	0	.3892684	0
1136.15	0	.610417	0	.389583	0
1135.15	0	.6101031	0	.3898969	0
1134.15	0	.6097897	0	.3902103	0
1133.15	0	.609477	0	.390523	0
1132.15	0	.6091648	0	.3908352	0
1131.15	0	.6088533	0	.3911467	0
1130.15	0	.6085423	0	.3914577	0
1129.15	0	.608232	0	.391768	0
1128.15	0	.6079222	0	.3920778	0
1127.15	0	.607613	0	.392387	0
1126.15	0	.6073044	0	.3926956	0
1125.15	0	.6069964	0	.3930036	0
1124.15	0	.606689	0	.393311	0
1123.15	0	.6063822	0	.3936178	0
1122.15	0	.606076	0	.3939241	0
1121.15	0	.6057703	0	.3942297	0
1120.15	0	.6054652	0	.3945348	0
1119.15	0	.6051607	0	.3948393	0
1118.15	0	.6048568	0	.3951432	0
1117.15	0	.6045534	0	.3954466	0
1116.15	0	.6042507	0	.3957493	0
1115.15	0	.6039485	0	.3960515	0
1114.15	0	.6036469	0	.3963532	0
1113.15	0	.6033458	0	.3966542	0
1112.15	0	.6030453	0	.3969547	0
1111.15	0	.6027454	0	.3972546	0
1110.15	0	.6024461	0	.3975539	0
1109.15	0	.6021473	0	.3978527	0
1108.15	0	.6018491	0	.3981509	0
1107.15	0	.6015515	0	.3984485	0
1106.15	0	.6012544	0	.3987456	0
1105.15	0	.6009579	0	.3990421	0
1104.15	0	.600662	0	.399338	0
1103.15	0	.6003666	0	.3996334	0
1102.15	0	.6000717	0	.3999283	0
1101.15	0	.5997775	0	.4002225	0
1100.15	0	.5994837	0	.4005163	0
1099.15	0	.5991906	0	.4008094	0
1098.15	0	.598898	0	.401102	0
1097.15	0	.5986059	0	.4013941	0
1096.15	0	.5983144	0	.4016856	0
1095.15	0	.5980235	0	.4019765	0
1094.15	0	.5977331	0	.4022669	0
1093.15	0	.5974433	0	.4025567	0
1092.15	0	.597154	0	.402846	0
1091.15	0	.5968652	0	.4031348	0
1090.15	0	.596577	0	.403423	0
1089.15	0	.5962893	0	.4037107	0
1088.15	0	.5960022	0	.4039978	0
1087.15	0	.5957157	0	.4042844	0
1086.15	0	.5954296	0	.4045704	0
1085.15	0	.5951441	0	.4048559	0
1084.15	0	.5948592	0	.4051408	0
1083.15	0	.5945747	0	.4054253	0
1082.15	0	.5942909	0	.4057091	0
1081.15	0	.5940075	0	.4059925	0
1080.15	0	.5937247	0	.4062753	0
1079.15	0	.5934424	0	.4065576	0
1078.15	0	.5931607	0	.4068393	0
1077.15	0	.5928795	0	.4071205	0
1076.15	0	.5925988	0	.4074012	0
1075.15	0	.5923187	0	.4076814	0
1074.15	0	.592039	0	.407961	0
1073.15	0	.5917599	0	.4082401	0
1072.15	0	.5914814	0	.4085186	0
1071.15	0	.5912033	0	.4087967	0
1070.15	0	.5909258	0	.4090742	0
1069.15	0	.5906488	0	.4093512	0
1068.15	0	.5903723	0	.4096277	0
1067.15	0	.5900964	0	.4099036	0
1066.15	0	.589821	0	.410179	0
1065.15	0	.589546	0	.410454	0
1064.15	0	.5892717	0	.4107284	0
1063.15	0	.5889978	0	.4110022	0
1062.15	0	.5887244	0	.4112756	0
1061.15	0	.5884516	0	.4115484	0
1060.15	0	.5881792	0	.4118207	0
1059.15	0	.5879074	0	.4120926	0
1058.15	0	.5876361	0	.4123639	0
1057.15	0	.5873654	0	.4126347	0
1056.15	0	.5870951	0	.4129049	0
1055.15	0	.5868253	0	.4131747	0
1054.15	0	.586556	0	.413444	0
1053.15	0	.5862873	0	.4137127	0
1052.15	0	.586019	0	.413981	0
1051.15	0	.5857513	0	.4142487	0
1050.15	0	.5854841	0	.4145159	0
1049.15	0	.5852174	0	.4147826	0
1048.15	0	.5849511	0	.4150489	0
1047.15	0	.5846854	0	.4153146	0
1046.15	0	.5844202	0	.4155798	0
1045.15	0	.5841555	0	.4158445	0
1044.15	0	.5838913	0	.4161087	0
1043.15	0	.5836275	0	.4163725	0
1042.15	0	.5833643	0	.4166357	0
1041.15	0	.5831016	0	.4168984	0
1040.15	0	.5828394	0	.4171606	0
1039.15	0	.5825777	0	.4174223	0
1038.15	0	.5823164	0	.4176836	0
1037.15	0	.5820557	0	.4179443	0
1036.15	0	.5817954	0	.4182046	0
1035.15	0	.5815357	0	.4184643	0
1034.15	0	.5812764	0	.4187236	0
1033.15	0	.5810177	0	.4189823	0
1032.15	0	.5807594	0	.4192406	0
1031.15	0	.5805016	0	.4194984	0
1030.15	0	.5802443	0	.4197557	0
1029.15	0	.5799875	0	.4200125	0
1028.15	0	.5797311	0	.4202689	0
1027.15	0	.5794753	0	.4205247	0
1026.15	0	.5792199	0	.4207801	0
1025.15	0	.5789651	0	.4210349	0
1024.15	0	.5787107	0	.4212893	0
1023.15	0	.5784568	0	.4215432	0
1022.15	0	.5782034	0	.4217967	0
1021.15	0	.5779504	0	.4220496	0
1020.15	0	.5776979	0	.4223021	0
1019.15	0	.577446	0	.422554	0
1018.15	0	.5771945	0	.4228055	0
1017.15	0	.5769434	0	.4230566	0
1016.15	0	.5766929	0	.4233071	0
1015.15	0	.5764428	0	.4235572	0
1014.15	0	.5761932	0	.4238068	0
1013.15	0	.5759441	0	.4240559	0
1012.15	0	.5756955	0	.4243045	0
1011.15	0	.5754473	0	.4245527	0
1010.15	0	.5751996	0	.4248004	0
1009.15	0	.5749524	0	.4250476	0
1008.15	0	.5747056	0	.4252944	0
1007.15	0	.5744593	0	.4255407	0
1006.15	0	.5742135	0	.4257865	0
1005.15	0	.5739682	0	.4260318	0
1004.15	0	.5737233	0	.4262767	0
1003.15	0	.5734789	0	.4265211	0
1002.15	0	.573235	0	.426765	0
1001.15	0	.5729915	0	.4270085	0
1000.15	0	.5727485	0	.4272515	0
999.15	0	.572506	0	.427494	0
998.15	0	.5722639	0	.4277361	0
997.15	0	.5720223	0	.4279777	0
996.15	0	.5717811	0	.4282189	0
995.15	0	.5715405	0	.4284595	0
994.15	0	.5713003	0	.4286998	0
993.15	0	.5710605	0	.4289395	0
992.15	0	.5708212	0	.4291788	0
991.15	0	.5705824	0	.4294176	0
990.15	0	.570344	0	.429656	0
989.15	0	.5701061	0	.4298939	0
988.15	0	.5698686	0	.4301314	0
987.15	0	.5696316	0	.4303684	0
986.15	0	.5693951	0	.4306049	0
985.15	0	.569159	0	.430841	0
984.15	0	.5689234	0	.4310766	0
983.15	0	.5686882	0	.4313118	0
982.15	0	.5684535	0	.4315465	0
981.15	0	.5682192	0	.4317808	0
980.15	0	.5679854	0	.4320146	0
979.15	0	.567752	0	.432248	0
978.9943	0	.5677157	0	.4322843	0
978.9943	0	.5677157	0	.4322843	0
978.9943	0	.5677157	0	.4322843	0
978.15	0	.5671548	4.092783E-04	.432436	0
977.15	0	.5664919	8.930642E-04	.4326151	0
976.15	0	.5658306	.001375779	.4327936	0
975.15	0	.565171	.001857427	.4329716	0
974.15	0	.564513	.002338013	.433149	0
973.15	0	.5638566	.002817543	.4333258	0
972.15	0	.5632019	.003296022	.4335021	0
971.15	0	.5625488	.003773454	.4336777	0
970.15	0	.5618974	.004249845	.4338528	0
969.15	0	.5612475	.0047252	.4340273	0
968.15	0	.5605993	.005199526	.4342012	0
967.15	0	.5599526	.005672826	.4343745	0
966.15	0	.5593076	.006145108	.4345473	0
965.15	0	.5586642	.006616376	.4347194	0
964.15	0	.5580224	.007086636	.434891	0
963.15	0	.5573821	.007555894	.435062	0
962.15	0	.5567435	.008024156	.4352324	0
961.15	0	.5561064	.008491428	.4354022	0
960.15	0	.5554709	.008957717	.4355714	0
959.15	0	.5548369	.009423028	.43574	0
958.15	0	.5542046	.009887367	.4359081	0
957.15	0	.5535738	.01035074	.4360755	0
956.15	0	.5529445	.01081316	.4362423	0
955.15	0	.5523168	.01127462	.4364086	0
954.15	0	.5516906	.01173514	.4365742	0
953.15	0	.551066	.01219472	.4367393	0
952.15	0	.5504429	.01265337	.4369038	0
951.15	0	.5498213	.0131111	.4370676	0
950.15	0	.5492012	.01356791	.4372309	0
949.15	0	.5485827	.01402381	.4373935	0
948.15	0	.5479657	.0144788	.4375555	0
947.15	0	.5473501	.0149329	.437717	0
946.15	0	.5467361	.01538612	.4378778	0
945.15	0	.5461235	.01583845	.438038	0
944.15	0	.5455125	.01628992	.4381976	0
943.15	0	.5449029	.01674052	.4383566	0
942.15	0	.5442948	.01719026	.438515	0
941.15	0	.5436881	.01763916	.4386727	0
940.15	0	.5430829	.01808721	.4388299	0
939.15	0	.5424792	.01853444	.4389864	0
938.15	0	.5418768	.01898085	.4391423	0
937.15	0	.541276	.01942644	.4392976	0
936.15	0	.5406765	.01987123	.4394522	0
935.15	0	.5400785	.02031522	.4396063	0
934.15	0	.5394819	.02075843	.4397597	0
933.15	0	.5388867	.02120086	.4399124	0
932.15	0	.5382929	.02164253	.4400645	0
931.15	0	.5377005	.02208344	.4402161	0
930.15	0	.5371095	.0225236	.4403669	0
929.15	0	.5365199	.02296303	.4405171	0
928.15	0	.5359316	.02340173	.4406667	0
927.15	0	.5353447	.02383971	.4408156	0
926.15	0	.5347591	.02427699	.4409639	0
925.15	0	.5341749	.02471357	.4411116	0
924.15	0	.533592	.02514947	.4412586	0
923.15	0	.5330104	.02558469	.4414049	0
922.15	0	.5324302	.02601926	.4415506	0
921.15	0	.5318512	.02645317	.4416956	0
920.15	0	.5312736	.02688645	.44184	0
919.15	0	.5306973	.0273191	.4419837	0
918.15	0	.5301222	.02775113	.4421267	0
917.15	0	.5295484	.02818257	.442269	0
916.15	0	.5289759	.02861341	.4424107	0
915.15	0	.5284046	.02904368	.4425518	0
914.15	0	.5278345	.02947338	.4426921	0
913.15	0	.5272657	.02990253	.4428318	0
912.15	0	.5266981	.03033115	.4429707	0
911.15	0	.5261318	.03075924	.443109	0
910.15	0	.5255666	.03118682	.4432466	0
909.15	0	.5250026	.0316139	.4433835	0
908.15	0	.5244398	.0320405	.4435197	0
907.15	0	.5238781	.03246664	.4436552	0
906.15	0	.5233176	.03289232	.44379	0
905.15	0	.5227583	.03331757	.4439241	0
904.15	0	.5222001	.03374239	.4440575	0
903.15	0	.521643	.03416681	.4441902	0
902.15	0	.521087	.03459083	.4443222	0
901.15	0	.5205321	.03501448	.4444534	0
900.15	0	.5199783	.03543778	.4445839	0
899.15	0	.5194256	.03586073	.4447137	0
898.15	0	.5188739	.03628336	.4448428	0
897.15	0	.5183233	.03670568	.4449711	0
896.15	0	.5177736	.03712771	.4450986	0
895.15	0	.5172251	.03754946	.4452255	0
894.15	0	.5166775	.03797097	.4453516	0
893.15	0	.5161309	.03839224	.4454769	0
892.15	0	.5155852	.03881329	.4456015	0
891.15	0	.5150406	.03923415	.4457253	0
890.15	0	.5144969	.03965483	.4458483	0
889.15	0	.5139541	.04007535	.4459706	0
888.15	0	.5134122	.04049573	.4460921	0
887.15	0	.5128712	.040916	.4462128	0
886.15	0	.5123311	.04133617	.4463327	0
885.15	0	.5117919	.04175627	.4464519	0
884.15	0	.5112535	.04217631	.4465702	0
883.15	0	.5107159	.04259632	.4466877	0
882.15	0	.5101792	.04301633	.4468045	0
881.15	0	.5096433	.04343635	.4469204	0
880.15	0	.5091081	.04385641	.4470355	0
879.15	0	.5085737	.04427653	.4471498	0
878.15	0	.50804	.04469674	.4472632	0
877.15	0	.5075071	.04511706	.4473758	0
876.15	0	.5069749	.04553751	.4474876	0
875.15	0	.5064433	.04595813	.4475985	0
874.15	0	.5059125	.04637894	.4477086	0
873.15	0	.5053822	.04679996	.4478178	0
872.15	0	.5048526	.04722123	.4479262	0
871.15	0	.5043236	.04764277	.4480336	0
870.15	0	.5037952	.0480646	.4481402	0
869.15	0	.5032673	.04848677	.4482459	0
868.15	0	.50274	.04890929	.4483507	0
867.15	0	.5022132	.0493322	.4484547	0
866.15	0	.5016868	.04975553	.4485576	0
865.15	0	.501161	.0501793	.4486597	0
864.15	0	.5006356	.05060356	.4487609	0
863.15	0	.5001106	.05102834	.4488611	0
862.15	0	.499586	.05145366	.4489604	0
861.15	0	.4990617	.05187957	.4490587	0
860.15	0	.4985378	.05230609	.4491561	0
859.15	0	.4980142	.05273327	.4492525	0
858.15	0	.4974909	.05316114	.4493479	0
857.15	0	.4969679	.05358973	.4494424	0
856.15	0	.4964451	.05401909	.4495358	0
855.15	0	.4959225	.05444926	.4496283	0
854.15	0	.4954	.05488027	.4497197	0
853.15	0	.4948777	.05531217	.4498101	0
852.15	0	.4943555	.05574499	.4498995	0
851.15	0	.4938334	.05617879	.4499878	0
850.15	0	.4933113	.0566136	.4500751	0
849.15	0	.4927893	.05704947	.4501613	0
848.15	0	.4922672	.05748645	.4502464	0
847.15	0	.491745	.05792458	.4503304	0
846.15	0	.4912228	.05836391	.4504133	0
845.15	0	.4907004	.0588045	.4504951	0
844.15	0	.4901778	.05924639	.4505758	0
843.15	0	.489655	.05968964	.4506554	0
842.15	0	.489132	.0601343	.4507337	0
841.15	0	.4886086	.06058042	.4508109	0
840.15	0	.488085	.06102807	.450887	0
839.15	0	.4875609	.0614773	.4509618	0
838.15	0	.4870364	.06192818	.4510354	0
837.15	0	.4865114	.06238076	.4511078	0
836.15	0	.4859859	.06283512	.4511789	0
835.15	0	.4854599	.06329131	.4512488	0
834.15	0	.4849332	.0637494	.4513174	0
833.15	0	.4844059	.06420947	.4513847	0
832.15	0	.4838778	.06467159	.4514506	0
831.15	0	.4833489	.06513583	.4515153	0
830.15	0	.4828192	.06560227	.4515786	0
829.15	0	.4822885	.066071	.4516405	0
828.15	0	.481757	.06654209	.451701	0
827.15	0	.4812243	.06701563	.45176	0
826.15	0	.4806906	.06749171	.4518177	0
825.15	0	.4801557	.06797042	.4518738	0
824.15	0	.4796196	.06845186	.4519285	0
823.15	0	.4790822	.06893612	.4519817	0
822.15	0	.4785434	.06942331	.4520333	0
821.15	0	.4780031	.06991355	.4520834	0
820.15	0	.4774613	.07040693	.4521318	0
819.15	0	.4769178	.07090357	.4521786	0
818.15	0	.4763726	.0714036	.4522238	0
817.15	0	.4758256	.07190714	.4522672	0
816.15	0	.4752767	.07241433	.452309	0
815.15	0	.4747258	.07292529	.4523489	0
814.15	0	.4741727	.07344018	.4523871	0
813.15	0	.4736174	.07395914	.4524234	0
812.15	0	.4730598	.07448233	.4524579	0
811.15	0	.4724997	.07500991	.4524904	0
810.15	0	.471937	.07554206	.452521	0
809.15	0	.4713715	.07607896	.4525496	0
808.15	0	.4708032	.07662079	.4525761	0
807.15	0	.4702318	.07716777	.4526004	0
806.15	0	.4696573	.0777201	.4526227	0
805.15	0	.4690794	.078278	.4526427	0
804.15	0	.4684988	.07884097	.4526602	0
803.15	0	.4679136	.07941078	.4526756	0
802.15	0	.4673246	.07998692	.4526885	0
801.15	0	.4667313	.08056965	.452699	0
800.15	0	.4661338	.08115928	.4527069	0
799.15	0	.4655317	.08175612	.4527122	0
798.15	0	.4649248	.0823605	.4527147	0
797.15	0	.4643128	.0829728	.4527144	0
796.15	0	.4636954	.08359339	.4527112	0
795.15	0	.4630724	.08422268	.452705	0
794.15	0	.4624433	.08486112	.4526956	0
793.15	0	.4618079	.08550917	.452683	0
792.15	0	.4611657	.08616736	.452667	0
791.15	0	.4605164	.08683623	.4526474	0
790.15	0	.4598594	.08751639	.4526242	0
789.15	0	.4591944	.08820847	.4525971	0
788.15	0	.4585208	.0889132	.452566	0
787.15	0	.4578379	.08963133	.4525307	0
786.15	0	.4571453	.09036373	.452491	0
785.15	0	.4564421	.0911113	.4524466	0
784.15	0	.4557276	.09187508	.4523973	0
783.15	0	.455001	.0926562	.4523428	0
782.15	0	.4542613	.09345592	.4522828	0
781.15	0	.4535074	.09427564	.452217	0
780.15	0	.4527382	.09511694	.4521448	0
779.15	0	.4519524	.0959816	.452066	0
778.15	0	.4511484	.09687162	.45198	0
777.15	0	.4503245	.09778932	.4518862	0
776.15	0	.4494787	.09873734	.451784	0
775.15	0	.4486086	.09971874	.4516726	0
774.15	0	.4475076	.1009973	.4514952	0
773.15	0	.4458515	.1029882	.4511603	0
772.15	0	.4443168	.1048301	.4508531	0
771.15	0	.4428862	.1065444	.4505694	0
770.15	0	.4415461	.1081479	.450306	0
769.15	0	.4402854	.1096541	.4500604	0
768.15	0	.4390952	.1110743	.4498305	0
767.15	0	.4379679	.1124178	.4496144	0
766.15	0	.4368971	.1136922	.4494107	0
765.15	0	.4358775	.1149044	.4492181	0
764.15	0	.4349044	.11606	.4490356	0
763.15	0	.4339739	.117164	.4488622	0
762.15	0	.4330824	.1182206	.4486971	0
761.15	0	.4322268	.1192336	.4485396	0
760.15	0	.4314045	.1202064	.4483891	0
759.15	0	.4306131	.1211418	.448245	0
758.15	0	.4298504	.1220427	.4481069	0
757.15	0	.4291144	.1229113	.4479743	0
756.15	0	.4284035	.1237497	.4478468	0
755.15	0	.4277161	.1245599	.4477241	0
754.15	0	.4270506	.1253436	.4476058	0
753.15	0	.426406	.1261024	.4474916	0
752.15	0	.4257809	.1268378	.4473813	0
751.15	0	.4251743	.127551	.4472747	0
750.15	0	.4245851	.1282434	.4471715	0
749.15	0	.4240126	.1289159	.4470715	0
748.15	0	.4234558	.1295697	.4469746	0
747.15	0	.4229139	.1302057	.4468805	0
746.15	0	.4223862	.1308247	.4467891	0
745.15	0	.4218721	.1314277	.4467002	0
744.15	0	.4213709	.1320154	.4466138	0
743.15	0	.420882	.1325884	.4465296	0
742.15	0	.4204049	.1331474	.4464477	0
741.15	0	.4199391	.1336932	.4463678	0
740.15	0	.419484	.1342261	.4462898	0
739.15	0	.4190393	.1347469	.4462138	0
738.15	0	.4186046	.1352559	.4461395	0
737.15	0	.4181793	.1357538	.4460669	0
736.15	0	.4177632	.1362409	.4459959	0
735.15	0	.4173559	.1367176	.4459265	0
734.15	0	.4169571	.1371844	.4458585	0
733.15	0	.4165664	.1376417	.4457919	0
732.15	0	.4161835	.1380898	.4457267	0
731.15	0	.4158082	.138529	.4456628	0
730.15	0	.4154402	.1389597	.4456001	0
729.15	0	.4150793	.1393822	.4455386	0
728.15	0	.4147251	.1397967	.4454782	0
727.15	0	.4143775	.1402036	.4454189	0
726.15	0	.4140363	.1406031	.4453606	0
725.15	0	.4137012	.1409955	.4453033	0
724.15	0	.413372	.141381	.445247	0
723.15	0	.4130487	.1417598	.4451916	0
722.15	0	.4127308	.1421321	.4451371	0
721.15	0	.4124184	.1424982	.4450834	0
720.15	0	.4121112	.1428583	.4450305	0
719.15	0	.4118091	.1432125	.4449785	0
718.15	0	.4115119	.143561	.4449272	0
717.15	0	.4112194	.143904	.4448766	0
716.15	0	.4109316	.1442417	.4448267	0
715.15	0	.4106484	.1445742	.4447775	0
714.15	0	.4103694	.1449016	.4447289	0
713.15	0	.4100948	.1452243	.444681	0
712.15	0	.4098243	.1455421	.4446336	0
711.15	0	.4095578	.1458554	.4445869	0
710.15	0	.4092952	.1461641	.4445407	0
709.15	0	.4090364	.1464685	.4444951	0
708.15	0	.4087813	.1467687	.4444499	0
707.15	0	.4085299	.1470648	.4444053	0
706.15	0	.4082819	.1473569	.4443612	0
705.15	0	.4080374	.1476451	.4443175	0
704.15	0	.4077963	.1479294	.4442743	0
703.15	0	.4075583	.1482101	.4442315	0
702.15	0	.4073236	.1484872	.4441892	0
701.15	0	.4070919	.1487608	.4441472	0
700.15	0	.4068633	.149031	.4441057	0
699.15	0	.4066376	.1492978	.4440646	0
698.15	0	.4064148	.1495614	.4440238	0
697.15	0	.4061948	.1498218	.4439833	0
696.15	0	.4059776	.1500792	.4439433	0
695.15	0	.405763	.1503335	.4439035	0
694.15	0	.405551	.1505849	.4438641	0
693.15	0	.4053416	.1508334	.443825	0
692.15	0	.4051347	.1510791	.4437862	0
691.15	0	.4049303	.151322	.4437477	0
690.15	0	.4047282	.1515623	.4437095	0
689.15	0	.4045285	.1518	.4436715	0
688.15	0	.4043311	.1520351	.4436338	0
687.15	0	.4041359	.1522677	.4435964	0
686.15	0	.4039429	.1524979	.4435593	0
685.15	0	.403752	.1527257	.4435223	0
684.15	0	.4035633	.1529511	.4434857	0
683.15	0	.4033765	.1531743	.4434492	0
682.15	0	.4031918	.1533952	.443413	0
681.15	0	.4030091	.153614	.4433769	0
680.15	0	.4028283	.1538306	.4433411	0
679.15	0	.4026494	.1540451	.4433055	0
678.15	0	.4024724	.1542576	.4432701	0
677.15	0	.4022971	.154468	.4432348	0
676.15	0	.4021237	.1546765	.4431998	0
675.15	0	.401952	.1548831	.4431649	0
674.15	0	.401782	.1550878	.4431302	0
673.15	0	.4016137	.1552906	.4430957	0
672.15	0	.4014471	.1554916	.4430613	0
671.15	0	.401282	.1556909	.4430271	0
670.15	0	.4011186	.1558884	.442993	0
669.15	0	.4009567	.1560842	.4429591	0
668.15	0	.4007963	.1562784	.4429253	0
667.15	0	.4006374	.1564708	.4428917	0
666.15	0	.4004801	.1566617	.4428582	0
665.15	0	.4003241	.156851	.4428249	0
664.15	0	.4001696	.1570388	.4427916	0
663.15	0	.4000165	.157225	.4427585	0
662.15	0	.3998647	.1574098	.4427255	0
661.15	0	.3997143	.1575931	.4426927	0
660.15	0	.3995652	.1577749	.4426599	0
659.15	0	.3994174	.1579553	.4426272	0
658.15	0	.3992709	.1581344	.4425947	0
657.15	0	.3991257	.1583121	.4425622	0
656.15	0	.3989817	.1584884	.4425299	0
655.15	0	.3988389	.1586635	.4424976	0
654.15	0	.3986973	.1588372	.4424655	0
653.15	0	.3985569	.1590097	.4424334	0
652.15	0	.3984176	.1591809	.4424015	0
651.15	0	.3982795	.1593509	.4423696	0
650.15	0	.3981425	.1595198	.4423378	0
649.15	0	.3980066	.1596874	.4423061	0
648.15	0	.3978718	.1598538	.4422744	0
647.15	0	.397738	.1600192	.4422428	0
646.15	0	.3976053	.1601834	.4422114	0
645.15	0	.3974736	.1603464	.4421799	0
644.15	0	.397343	.1605084	.4421486	0
643.15	0	.3972133	.1606694	.4421173	0
642.15	0	.3970847	.1608293	.4420861	0
641.15	0	.396957	.1609881	.442055	0
640.15	0	.3968302	.1611459	.4420239	0
639.15	0	.3967044	.1613027	.4419928	0
638.15	0	.3965796	.1614586	.4419619	0
637.15	0	.3964556	.1616134	.441931	0
636.15	0	.3963326	.1617673	.4419001	0
635.15	0	.3962104	.1619203	.4418693	0
634.15	0	.3960891	.1620723	.4418386	0
633.15	0	.3959687	.1622234	.4418079	0
632.15	0	.3958492	.1623736	.4417773	0
631.15	0	.3957304	.1625229	.4417467	0
630.15	0	.3956125	.1626714	.4417161	0
629.15	0	.3954955	.1628189	.4416856	0
628.15	0	.3953792	.1629657	.4416551	0
627.15	0	.3952637	.1631116	.4416247	0
626.15	0	.395149	.1632566	.4415944	0
625.15	0	.3950351	.1634009	.441564	0
624.15	0	.3949219	.1635444	.4415338	0
623.15	0	.3948095	.163687	.4415035	0
622.15	0	.3946978	.1638289	.4414733	0
621.15	0	.3945869	.16397	.4414431	0
620.15	0	.3944767	.1641104	.441413	0
619.15	0	.3943671	.16425	.4413829	0
618.15	0	.3942583	.1643889	.4413528	0
617.15	0	.3941502	.164527	.4413228	0
616.15	0	.3940428	.1646644	.4412928	0
615.15	0	.3939361	.1648011	.4412628	0
614.15	0	.39383	.1649372	.4412329	0
613.15	0	.3937246	.1650725	.441203	0
612.15	0	.3936198	.1652071	.4411731	0
611.15	0	.3935157	.1653411	.4411432	0
610.15	0	.3934122	.1654744	.4411134	0
609.15	0	.3933094	.165607	.4410836	0
608.15	0	.3932071	.165739	.4410538	0
607.15	0	.3931055	.1658704	.4410241	0
606.15	0	.3930045	.1660011	.4409944	0
605.15	0	.3929041	.1661312	.4409647	0
604.15	0	.3928043	.1662607	.440935	0
603.15	0	.392705	.1663896	.4409054	0
602.15	0	.3926064	.1665179	.4408758	0
601.15	0	.3925083	.1666455	.4408462	0
600.15	0	.3924108	.1667726	.4408166	0
599.15	0	.3923138	.1668991	.440787	0
598.15	0	.3922174	.1670251	.4407575	0
597.15	0	.3921215	.1671504	.440728	0
596.15	0	.3920262	.1672753	.4406985	0
595.15	0	.3919314	.1673995	.4406691	0
594.15	0	.3918372	.1675232	.4406396	0
593.15	0	.3917435	.1676464	.4406102	0
592.15	0	.3916502	.167769	.4405808	0
591.15	0	.3915575	.1678911	.4405514	0
590.15	0	.3914653	.1680126	.440522	0
589.15	0	.3913736	.1681337	.4404927	0
588.15	0	.3912824	.1682542	.4404634	0
587.15	0	.3911917	.1683742	.4404341	0
586.15	0	.3911015	.1684937	.4404048	0
585.15	0	.3910117	.1686128	.4403755	0
584.15	0	.3909225	.1687313	.4403462	0
583.15	0	.3908337	.1688493	.440317	0
582.15	0	.3907453	.1689669	.4402878	0
581.15	0	.3906575	.169084	.4402586	0
580.15	0	.3905701	.1692006	.4402294	0
579.15	0	.3904831	.1693167	.4402002	0
578.15	0	.3903966	.1694323	.4401711	0
577.15	0	.3903105	.1695476	.440142	0
576.15	0	.3902249	.1696623	.4401128	0
575.15	0	.3901397	.1697766	.4400837	0
574.15	0	.3900549	.1698904	.4400547	0
573.15	0	.3899706	.1700038	.4400256	0
572.15	0	.3898866	.1701168	.4399966	0
571.15	0	.3898032	.1702293	.4399675	0
570.15	0	.3897201	.1703414	.4399385	0
569.15	0	.3896374	.1704531	.4399095	0
568.15	0	.3895551	.1705644	.4398805	0
567.15	0	.3894733	.1706752	.4398516	0
566.15	0	.3893918	.1707856	.4398226	0
565.15	0	.3893107	.1708956	.4397937	0
564.15	0	.3892301	.1710052	.4397648	0
563.15	0	.3891498	.1711143	.4397359	0
562.15	0	.3890699	.1712231	.439707	0
561.15	0	.3889904	.1713315	.4396781	0
560.15	0	.3889113	.1714395	.4396493	0
559.15	0	.3888325	.1715471	.4396204	0
558.15	0	.3887541	.1716543	.4395916	0
557.15	0	.3886761	.1717611	.4395628	0
556.15	0	.3885985	.1718675	.4395341	0
555.15	0	.3885212	.1719735	.4395053	0
554.15	0	.3884443	.1720792	.4394765	0
553.15	0	.3883677	.1721845	.4394478	0
552.15	0	.3882916	.1722894	.439419	0
551.15	0	.3882157	.1723939	.4393903	0
550.15	0	.3881402	.1724981	.4393617	0
549.15	0	.3880651	.1726019	.439333	0
548.15	0	.3879903	.1727054	.4393044	0
547.15	0	.3879158	.1728085	.4392757	0
546.15	0	.3878417	.1729112	.4392471	0
545.15	0	.3877679	.1730136	.4392186	0
544.15	0	.3876944	.1731156	.43919	0
543.15	0	.3876213	.1732173	.4391614	0
542.15	0	.3875485	.1733186	.4391329	0
541.15	0	.387476	.1734196	.4391044	0
540.15	0	.3874039	.1735202	.4390759	0
539.15	0	.387332	.1736205	.4390475	0
538.15	0	.3872605	.1737205	.439019	0
537.15	0	.3871893	.1738201	.4389906	0
536.15	0	.3871185	.1739194	.4389622	0
535.15	0	.3870479	.1740183	.4389338	0
534.15	0	.3869776	.174117	.4389054	0
533.15	0	.3869077	.1742153	.4388771	0
532.15	0	.386838	.1743132	.4388487	0
531.15	0	.3867687	.1744109	.4388204	0
530.15	0	.3866997	.1745082	.4387922	0
529.15	0	.3866309	.1746052	.4387639	0
528.15	0	.3865625	.1747019	.4387357	0
527.15	0	.3864944	.1747982	.4387074	0
526.15	0	.3864265	.1748943	.4386792	0
525.15	0	.3863589	.17499	.4386511	0
524.15	0	.3862917	.1750854	.4386229	0
523.15	0	.3862247	.1751805	.4385948	0
522.15	0	.386158	.1752753	.4385667	0
521.15	0	.3860916	.1753698	.4385386	0
520.15	0	.3860255	.175464	.4385106	0
519.15	0	.3859596	.1755578	.4384825	0
518.15	0	.3858941	.1756514	.4384545	0
517.15	0	.3858288	.1757447	.4384266	0
516.15	0	.3857638	.1758376	.4383986	0
515.15	0	.385699	.1759303	.4383707	0
514.15	0	.3856346	.1760227	.4383428	0
513.15	0	.3855704	.1761147	.4383149	0
512.15	0	.3855064	.1762065	.4382871	0
511.15	0	.3854428	.176298	.4382592	0
510.15	0	.3853794	.1763892	.4382314	0
509.15	0	.3853163	.1764801	.4382037	0
508.15	0	.3852534	.1765707	.4381759	0
507.15	0	.3851908	.176661	.4381482	0
506.15	0	.3851285	.176751	.4381205	0
505.15	0	.3850664	.1768407	.4380929	0
504.15	0	.3850045	.1769302	.4380653	0
503.15	0	.384943	.1770194	.4380377	0
502.15	0	.3848817	.1771083	.4380101	0
501.15	0	.3848206	.1771969	.4379826	0
500.15	0	.3847598	.1772852	.437955	0
499.15	0	.3846992	.1773732	.4379276	0
498.15	0	.3846389	.177461	.4379001	0
497.15	0	.3845788	.1775485	.4378727	0
496.15	0	.384519	.1776357	.4378453	0
495.15	0	.3844594	.1777226	.437818	0
494.15	0	.3844001	.1778093	.4377906	0
493.15	0	.384341	.1778956	.4377633	0
492.15	0	.3842822	.1779817	.4377361	0
491.15	0	.3842236	.1780676	.4377089	0
490.15	0	.3841652	.1781531	.4376817	0
489.15	0	.3841071	.1782384	.4376545	0
488.15	0	.3840492	.1783234	.4376274	0
487.15	0	.3839915	.1784082	.4376003	0
486.15	0	.3839341	.1784926	.4375733	0
485.15	0	.3838769	.1785769	.4375462	0
484.15	0	.38382	.1786608	.4375193	0
483.15	0	.3837632	.1787445	.4374923	0
482.15	0	.3837067	.1788279	.4374654	0
481.15	0	.3836505	.178911	.4374385	0
480.15	0	.3835944	.1789939	.4374117	0
479.15	0	.3835386	.1790765	.4373849	0
478.15	0	.383483	.1791589	.4373581	0
477.15	0	.3834277	.1792409	.4373314	0
476.15	0	.3833725	.1793228	.4373047	0
475.15	0	.3833176	.1794043	.4372781	0
474.15	0	.3832629	.1794856	.4372514	0
473.15	0	.3832085	.1795667	.4372249	0
472.15	0	.3831542	.1796475	.4371983	0
471.15	0	.3831002	.179728	.4371718	0
470.15	0	.3830464	.1798082	.4371454	0
469.15	0	.3829928	.1798882	.437119	0
468.15	0	.3829394	.179968	.4370926	0
467.15	0	.3828862	.1800475	.4370663	0
466.15	0	.3828333	.1801267	.43704	0
465.15	0	.3827805	.1802057	.4370137	0
464.15	0	.382728	.1802845	.4369875	0
463.15	0	.3826757	.1803629	.4369614	0
462.15	0	.3826236	.1804411	.4369353	0
461.15	0	.3825717	.1805191	.4369092	0
460.15	0	.38252	.1805968	.4368832	0
459.15	0	.3824686	.1806743	.4368572	0
458.15	0	.3824173	.1807515	.4368312	0
457.15	0	.3823662	.1808284	.4368053	0
456.15	0	.3823154	.1809052	.4367795	0
455.15	0	.3822647	.1809816	.4367537	0
454.15	0	.3822143	.1810578	.4367279	0
453.15	0	.382164	.1811338	.4367022	0
452.15	0	.382114	.1812095	.4366765	0
451.15	0	.3820642	.1812849	.4366509	0
450.15	0	.3820145	.1813601	.4366253	0
449.15	0	.3819651	.1814351	.4365998	0
448.15	0	.3819159	.1815097	.4365744	0
447.15	0	.3818669	.1815841	.4365489	0
446.15	0	.3818182	.1816583	.4365236	0
445.15	0	.3817696	.1817321	.4364983	0
444.15	0	.3817212	.1818058	.436473	0
443.15	0	.3816731	.1818791	.4364478	0
442.15	0	.3816251	.1819522	.4364227	0
441.15	0	.3815774	.182025	.4363976	0
440.15	0	.3815299	.1820975	.4363726	0
439.15	0	.3814826	.1821698	.4363477	0
438.15	0	.3814355	.1822417	.4363228	0
437.15	0	.3813886	.1823134	.436298	0
436.15	0	.381342	.1823848	.4362732	0
435.15	0	.3812955	.1824559	.4362486	0
434.15	0	.3812493	.1825267	.4362239	0
433.15	0	.3812034	.1825973	.4361994	0
432.15	0	.3811576	.1826675	.4361749	0
431.15	0	.3811121	.1827374	.4361505	0
430.15	0	.3810668	.182807	.4361262	0
429.15	0	.3810217	.1828764	.4361019	0
428.15	0	.3809768	.1829454	.4360778	0
427.15	0	.3809322	.1830142	.4360537	0
426.15	0	.3808878	.1830826	.4360296	0
425.15	0	.3808436	.1831508	.4360057	0
424.15	0	.3807996	.1832186	.4359818	0
423.15	0	.3807559	.1832861	.435958	0
422.15	0	.3807123	.1833534	.4359343	0
421.15	0	.3806691	.1834203	.4359107	0
420.15	0	.380626	.1834869	.4358871	0
419.15	0	.3805831	.1835532	.4358636	0
418.15	0	.3805405	.1836192	.4358403	0
417.15	0	.3804981	.183685	.4358169	0
416.15	0	.3804559	.1837504	.4357937	0
415.15	0	.380414	.1838155	.4357706	0
414.15	0	.3803722	.1838803	.4357475	0
413.15	0	.3803307	.1839448	.4357245	0
412.15	0	.3802894	.184009	.4357016	0
411.15	0	.3802484	.1840728	.4356788	0
410.15	0	.3802075	.1841364	.4356561	0
409.15	0	.3801669	.1841997	.4356334	0
408.15	0	.3801264	.1842627	.4356109	0
407.15	0	.3800862	.1843254	.4355884	0
406.15	0	.3800462	.1843878	.435566	0
405.15	0	.3800064	.1844499	.4355437	0
404.15	0	.3799669	.1845117	.4355215	0
403.15	0	.3799275	.1845731	.4354993	0
402.15	0	.3798884	.1846343	.4354773	0
401.15	0	.3798494	.1846953	.4354553	0
400.15	0	.3798107	.1847559	.4354334	0
399.15	0	.3797722	.1848162	.4354116	0
398.15	0	.3797339	.1848762	.4353899	0
397.15	0	.3796957	.1849359	.4353683	0
396.15	0	.3796578	.1849954	.4353468	0
395.15	0	.3796201	.1850546	.4353253	0
394.15	0	.3795826	.1851134	.4353039	0
393.15	0	.3795453	.185172	.4352827	0
392.15	0	.3795082	.1852303	.4352615	0
391.15	0	.3794713	.1852884	.4352403	0
390.15	0	.3794346	.1853461	.4352193	0
389.15	0	.379398	.1854036	.4351984	0
388.15	0	.3793617	.1854608	.4351775	0
387.15	0	.3793256	.1855177	.4351567	0
386.15	0	.3792896	.1855744	.435136	0
385.15	0	.3792538	.1856307	.4351154	0
384.15	0	.3792183	.1856869	.4350949	0
383.15	0	.3791829	.1857427	.4350745	0
382.15	0	.3791477	.1857983	.4350541	0
381.15	0	.3791126	.1858536	.4350338	0
380.15	0	.3790778	.1859086	.4350136	0
379.15	0	.3790431	.1859634	.4349935	0
378.15	0	.3790086	.1860179	.4349735	0
377.15	0	.3789743	.1860722	.4349535	0
376.15	0	.3789401	.1861262	.4349337	0
375.15	0	.3789061	.18618	.4349139	0
374.15	0	.3788723	.1862335	.4348942	0
373.15	0	.3788387	.1862868	.4348745	0
372.15	0	.3788052	.1863398	.434855	0
371.15	0	.3787719	.1863926	.4348355	0
370.15	0	.3787388	.1864451	.4348161	0
369.15	0	.3787058	.1864974	.4347968	0
368.15	0	.378673	.1865494	.4347776	0
367.15	0	.3786403	.1866012	.4347585	0
366.15	0	.3786078	.1866528	.4347394	0
365.15	0	.3785755	.1867041	.4347204	0
364.15	0	.3785433	.1867552	.4347015	0
363.15	0	.3785113	.1868061	.4346826	0
362.15	0	.3784794	.1868568	.4346639	0
