T	 BPW(LIQUID)	BPW(BCC_A2)	BPW(FCC_A1)	BPW(LAVES_PHASE_C14)	BPW(NI3TI)
1473.15	.3506842	.6224622	0	.02685357	0
1472.15	.3438644	.626964	0	.02917165	0
1471.15	.3371732	.6313752	0	.03145153	0
1470.15	.3306073	.6356984	0	.0336943	0
1469.15	.3241633	.6399358	0	.03590099	0
1468.15	.3178377	.6440897	0	.03807262	0
1467.15	.3116275	.6481624	0	.04021014	0
1466.15	.3055296	.652156	0	.04231449	0
1465.15	.299541	.6560725	0	.04438657	0
1464.15	.2936588	.6599139	0	.04642725	0
1463.15	.2878804	.6636823	0	.04843737	0
1462.15	.282203	.6673793	0	.05041774	0
1461.15	.276624	.6710068	0	.05236915	0
1460.15	.271141	.6745667	0	.05429235	0
1459.15	.2657515	.6780604	0	.05618808	0
1458.15	.2604532	.6814898	0	.05805704	0
1457.15	.2552438	.6848563	0	.05989992	0
1456.15	.2501211	.6881615	0	.06171738	0
1455.15	.245083	.6914069	0	.06351007	0
1454.15	.2401275	.6945939	0	.0652786	0
1453.15	.2352525	.6977239	0	.06702357	0
1452.15	.2304561	.7007983	0	.06874557	0
1451.15	.2257365	.7038184	0	.07044517	0
1450.15	.2210918	.7067854	0	.0721229	0
1449.15	.2165202	.7097005	0	.07377929	0
1448.15	.2120201	.7125651	0	.07541486	0
1447.15	.2075897	.7153801	0	.07703011	0
1446.15	.2032276	.7181469	0	.07862552	0
1445.15	.1989321	.7208664	0	.08020155	0
1444.15	.1947017	.7235397	0	.08175867	0
1443.15	.1905349	.7261678	0	.0832973	0
1442.15	.1864303	.7287518	0	.08481787	0
1441.15	.1823865	.7312926	0	.08632081	0
1440.15	.1784022	.7337913	0	.0878065	0
1439.15	.1744761	.7362485	0	.08927535	0
1438.15	.1706069	.7386654	0	.09072773	0
1437.15	.1667933	.7410427	0	.09216401	0
1436.15	.1630341	.7433814	0	.09358455	0
1435.15	.1593282	.7456821	0	.09498969	0
1434.15	.1556745	.7479458	0	.09637977	0
1433.15	.1520717	.7501731	0	.09775512	0
1432.15	.148519	.752365	0	.09911606	0
1431.15	.1450151	.754522	0	.1004629	0
1430.15	.1415591	.756645	0	.1017959	0
1429.15	.13815	.7587345	0	.1031155	0
1428.15	.1347868	.7607914	0	.1044218	0
1427.15	.1314686	.7628162	0	.1057152	0
1426.15	.1281945	.7648097	0	.1069959	0
1425.15	.1249635	.7667723	0	.1082642	0
1424.15	.1217748	.7687048	0	.1095203	0
1423.15	.1186276	.7706078	0	.1107646	0
1422.15	.115521	.7724818	0	.1119971	0
1421.15	.1124543	.7743274	0	.1132183	0
1420.15	.1094266	.7761452	0	.1144282	0
1419.15	.1064371	.7779357	0	.1156272	0
1418.15	.1034852	.7796994	0	.1168155	0
1417.15	.1005701	.7814368	0	.1179931	0
1416.15	.09769103	.7831485	0	.1191605	0
1415.15	.09484741	.7848349	0	.1203177	0
1414.15	.0920385	.7864965	0	.121465	0
1413.15	.08926367	.7881337	0	.1226026	0
1412.15	.08652225	.7897472	0	.1237306	0
1411.15	.08381364	.7913371	0	.1248492	0
1410.15	.08113721	.7929041	0	.1259587	0
1409.15	.07849236	.7944486	0	.1270591	0
1408.15	.07587852	.7959708	0	.1281506	0
1407.15	.07329512	.7974714	0	.1292335	0
1406.15	.07074159	.7989506	0	.1303079	0
1405.15	.06821739	.8004088	0	.1313739	0
1404.15	.065722	.8018464	0	.1324316	0
1403.15	.06325489	.8032638	0	.1334813	0
1402.15	.06081556	.8046613	0	.1345231	0
1401.15	.05840352	.8060393	0	.1355572	0
1400.15	.05601827	.8073982	0	.1365835	0
1399.15	.05365934	.8087382	0	.1376024	0
1398.15	.05132628	.8100597	0	.138614	0
1397.15	.04901863	.8113631	0	.1396183	0
1396.15	.04673595	.8126486	0	.1406155	0
1395.15	.0444778	.8139166	0	.1416056	0
1394.15	.04224377	.8151672	0	.142589	0
1393.15	.04003343	.816401	0	.1435656	0
1392.15	.03784639	.817618	0	.1445356	0
1391.15	.03568225	.8188187	0	.145499	0
1390.15	.03354063	.8200033	0	.1464561	0
1389.15	.03142113	.821172	0	.1474068	0
1388.15	.0293234	.8223252	0	.1483514	0
1387.15	.02724707	.823463	0	.1492899	0
1386.15	.02519178	.8245858	0	.1502224	0
1385.15	.02315718	.8256938	0	.151149	0
1384.15	.02114295	.8267872	0	.1520698	0
1383.15	.01914873	.8278663	0	.152985	0
1382.15	.01717421	.8289313	0	.1538945	0
1381.15	.01521906	.8299824	0	.1547985	0
1380.15	.01328298	.8310199	0	.1556971	0
1379.15	.01136565	.8320439	0	.1565904	0
1378.15	.009466779	.8330548	0	.1574784	0
1377.15	.007586067	.8340526	0	.1583613	0
1376.15	.005723227	.8350377	0	.1592391	0
1375.15	.003877976	.8360102	0	.1601118	0
1374.15	.002050037	.8369703	0	.1609797	0
1373.15	2.391383E-04	.8379182	0	.1618427	0
1373.017	0	.8380431	0	.1619569	0
1373.017	0	.8380431	0	.1619569	0
1372.15	0	.8375211	0	.1624789	0
1371.15	0	.8369204	0	.1630796	0
1370.15	0	.8363212	0	.1636788	0
1369.15	0	.8357233	0	.1642768	0
1368.15	0	.8351267	0	.1648733	0
1367.15	0	.8345315	0	.1654685	0
1366.15	0	.8339377	0	.1660623	0
1365.15	0	.8333452	0	.1666548	0
1364.15	0	.8327541	0	.1672459	0
1363.15	0	.8321643	0	.1678357	0
1362.15	0	.8315759	0	.1684241	0
1361.15	0	.8309888	0	.1690112	0
1360.15	0	.830403	0	.169597	0
1359.15	0	.8298185	0	.1701815	0
1358.15	0	.8292354	0	.1707646	0
1357.15	0	.8286536	0	.1713464	0
1356.15	0	.8280731	0	.1719269	0
1355.15	0	.8274939	0	.1725061	0
1354.15	0	.826916	0	.173084	0
1353.15	0	.8263394	0	.1736606	0
1352.15	0	.8257641	0	.1742359	0
1351.15	0	.8251901	0	.1748099	0
1350.15	0	.8246174	0	.1753826	0
1349.15	0	.824046	0	.175954	0
1348.15	0	.8234759	0	.1765241	0
1347.15	0	.822907	0	.177093	0
1346.15	0	.8223394	0	.1776606	0
1345.15	0	.8217731	0	.1782269	0
1344.15	0	.821208	0	.178792	0
1343.15	0	.8206442	0	.1793558	0
1342.15	0	.8200816	0	.1799184	0
1341.15	0	.8195203	0	.1804797	0
1340.15	0	.8189603	0	.1810397	0
1339.15	0	.8184015	0	.1815985	0
1338.15	0	.8178439	0	.1821561	0
1337.15	0	.8172876	0	.1827124	0
1336.15	0	.8167325	0	.1832675	0
1335.15	0	.8161786	0	.1838214	0
1334.15	0	.8156259	0	.1843741	0
1333.15	0	.8150745	0	.1849255	0
1332.15	0	.8145243	0	.1854757	0
1331.15	0	.8139753	0	.1860247	0
1330.15	0	.8134275	0	.1865725	0
1329.15	0	.8128809	0	.1871191	0
1328.15	0	.8123355	0	.1876645	0
1327.15	0	.8117913	0	.1882087	0
1326.15	0	.8112484	0	.1887517	0
1325.15	0	.8107065	0	.1892935	0
1324.15	0	.8101659	0	.1898341	0
1323.15	0	.8096265	0	.1903735	0
1322.15	0	.8090882	0	.1909118	0
1321.15	0	.8085512	0	.1914488	0
1320.15	0	.8080153	0	.1919847	0
1319.15	0	.8074805	0	.1925195	0
1318.15	0	.8069469	0	.1930531	0
1317.15	0	.8064145	0	.1935855	0
1316.15	0	.8058833	0	.1941167	0
1315.15	0	.8053532	0	.1946468	0
1314.15	0	.8048242	0	.1951758	0
1313.15	0	.8042964	0	.1957036	0
1312.15	0	.8037698	0	.1962302	0
1311.15	0	.8032443	0	.1967558	0
1310.15	0	.8027199	0	.1972801	0
1309.15	0	.8021966	0	.1978034	0
1308.15	0	.8016745	0	.1983255	0
1307.15	0	.8011535	0	.1988465	0
1306.15	0	.8006336	0	.1993664	0
1305.15	0	.8001149	0	.1998851	0
1304.15	0	.7995973	0	.2004027	0
1303.15	0	.7990807	0	.2009193	0
1302.15	0	.7985653	0	.2014347	0
1301.15	0	.798051	0	.201949	0
1300.15	0	.7975378	0	.2024622	0
1299.15	0	.7970257	0	.2029743	0
1298.15	0	.7965147	0	.2034853	0
1297.15	0	.7960048	0	.2039952	0
1296.15	0	.795496	0	.204504	0
1295.15	0	.7949882	0	.2050118	0
1294.15	0	.7944816	0	.2055184	0
1293.15	0	.793976	0	.206024	0
1292.15	0	.7934715	0	.2065285	0
1291.15	0	.7929681	0	.2070319	0
1290.15	0	.7924657	0	.2075343	0
1289.15	0	.7919645	0	.2080355	0
1288.15	0	.7914642	0	.2085358	0
1287.15	0	.7909651	0	.2090349	0
1286.15	0	.790467	0	.209533	0
1285.15	0	.7899699	0	.2100301	0
1284.15	0	.789474	0	.2105261	0
1283.15	0	.788979	0	.211021	0
1282.15	0	.7884851	0	.2115149	0
1281.15	0	.7879923	0	.2120077	0
1280.15	0	.7875004	0	.2124996	0
1279.15	0	.7870097	0	.2129903	0
1278.15	0	.7865199	0	.2134801	0
1277.15	0	.7860312	0	.2139688	0
1276.15	0	.7855435	0	.2144565	0
1275.15	0	.7850569	0	.2149431	0
1274.15	0	.7845712	0	.2154288	0
1273.15	0	.7840866	0	.2159134	0
1272.15	0	.783603	0	.216397	0
1271.15	0	.7831204	0	.2168796	0
1270.15	0	.7826388	0	.2173612	0
1269.15	0	.7821582	0	.2178418	0
1268.15	0	.7816787	0	.2183213	0
1267.15	0	.7812001	0	.2187999	0
1266.15	0	.7807225	0	.2192775	0
1265.15	0	.780246	0	.219754	0
1264.15	0	.7797704	0	.2202296	0
1263.15	0	.7792958	0	.2207042	0
1262.15	0	.7788222	0	.2211778	0
1261.15	0	.7783496	0	.2216504	0
1260.15	0	.777878	0	.222122	0
1259.15	0	.7774073	0	.2225927	0
1258.15	0	.7769376	0	.2230624	0
1257.15	0	.7764689	0	.2235311	0
1256.15	0	.7760012	0	.2239988	0
1255.15	0	.7755344	0	.2244656	0
1254.15	0	.7750686	0	.2249314	0
1253.15	0	.7746038	0	.2253962	0
1252.15	0	.7741399	0	.2258601	0
1251.15	0	.773677	0	.226323	0
1250.15	0	.773215	0	.226785	0
1249.15	0	.772754	0	.227246	0
1248.15	0	.772294	0	.2277061	0
1247.15	0	.7718348	0	.2281652	0
1246.15	0	.7713767	0	.2286233	0
1245.15	0	.7709194	0	.2290806	0
1244.15	0	.7704631	0	.2295369	0
1243.15	0	.7700078	0	.2299922	0
1242.15	0	.7695534	0	.2304466	0
1241.15	0	.7690999	0	.2309001	0
1240.15	0	.7686473	0	.2313527	0
1239.15	0	.7681957	0	.2318043	0
1238.15	0	.767745	0	.232255	0
1237.15	0	.7672952	0	.2327048	0
1236.15	0	.7668464	0	.2331536	0
1235.15	0	.7663984	0	.2336016	0
1234.15	0	.7659514	0	.2340486	0
1233.15	0	.7655052	0	.2344948	0
1232.15	0	.76506	0	.23494	0
1231.15	0	.7646157	0	.2353843	0
1230.15	0	.7641723	0	.2358277	0
1229.15	0	.7637298	0	.2362702	0
1228.15	0	.7632882	0	.2367118	0
1227.15	0	.7628475	0	.2371525	0
1226.15	0	.7624077	0	.2375923	0
1225.15	0	.7619688	0	.2380312	0
1224.15	0	.7615308	0	.2384692	0
1223.15	0	.7610936	0	.2389064	0
1222.15	0	.7606574	0	.2393426	0
1221.15	0	.760222	0	.239778	0
1220.15	0	.7597875	0	.2402125	0
1219.15	0	.7593539	0	.2406461	0
1218.15	0	.7589212	0	.2410788	0
1217.15	0	.7584893	0	.2415107	0
1216.15	0	.7580583	0	.2419417	0
1215.15	0	.7576282	0	.2423718	0
1214.15	0	.7571989	0	.2428011	0
1213.15	0	.7567706	0	.2432295	0
1212.15	0	.756343	0	.243657	0
1211.15	0	.7559164	0	.2440836	0
1210.15	0	.7554906	0	.2445095	0
1209.15	0	.7550656	0	.2449344	0
1208.15	0	.7546415	0	.2453585	0
1207.15	0	.7542183	0	.2457818	0
1206.15	0	.7537959	0	.2462041	0
1205.15	0	.7533743	0	.2466257	0
1204.15	0	.7529536	0	.2470464	0
1203.15	0	.7525337	0	.2474663	0
1202.15	0	.7521147	0	.2478853	0
1201.15	0	.7516965	0	.2483035	0
1200.15	0	.7512792	0	.2487208	0
1199.15	0	.7508627	0	.2491373	0
1198.15	0	.750447	0	.249553	0
1197.15	0	.7500321	0	.2499679	0
1196.15	0	.7496181	0	.2503819	0
1195.15	0	.7492049	0	.2507951	0
1194.15	0	.7487926	0	.2512074	0
1193.15	0	.748381	0	.251619	0
1192.15	0	.7479703	0	.2520297	0
1191.15	0	.7475604	0	.2524397	0
1190.15	0	.7471513	0	.2528487	0
1189.15	0	.746743	0	.253257	0
1188.15	0	.7463355	0	.2536645	0
1187.15	0	.7459288	0	.2540712	0
1186.15	0	.745523	0	.254477	0
1185.15	0	.7451179	0	.2548821	0
1184.15	0	.7447137	0	.2552863	0
1183.15	0	.7443102	0	.2556898	0
1182.15	0	.7439076	0	.2560924	0
1181.15	0	.7435058	0	.2564942	0
1180.15	0	.7431047	0	.2568953	0
1179.15	0	.7427044	0	.2572956	0
1178.15	0	.742305	0	.257695	0
1177.15	0	.7419063	0	.2580937	0
1176.15	0	.7415084	0	.2584916	0
1175.15	0	.7411113	0	.2588887	0
1174.15	0	.740715	0	.259285	0
1173.15	0	.7403195	0	.2596805	0
1172.15	0	.7399247	0	.2600753	0
1171.15	0	.7395307	0	.2604693	0
1170.15	0	.7391376	0	.2608625	0
1169.15	0	.7387451	0	.2612549	0
1168.15	0	.7383535	0	.2616465	0
1167.15	0	.7379626	0	.2620374	0
1166.15	0	.7375725	0	.2624275	0
1165.15	0	.7371832	0	.2628169	0
1164.15	0	.7367946	0	.2632054	0
1163.15	0	.7364068	0	.2635932	0
1162.15	0	.7360197	0	.2639803	0
1161.15	0	.7356334	0	.2643666	0
1160.15	0	.7352479	0	.2647521	0
1159.15	0	.7348631	0	.2651369	0
1158.15	0	.7344791	0	.2655209	0
1157.15	0	.7340959	0	.2659041	0
1156.15	0	.7337134	0	.2662867	0
1155.15	0	.7333316	0	.2666684	0
1154.15	0	.7329506	0	.2670494	0
1153.15	0	.7325703	0	.2674297	0
1152.15	0	.7321908	0	.2678092	0
1151.15	0	.731812	0	.268188	0
1150.15	0	.731434	0	.268566	0
1149.15	0	.7310567	0	.2689433	0
1148.15	0	.7306801	0	.2693199	0
1147.15	0	.7303043	0	.2696957	0
1146.15	0	.7299292	0	.2700708	0
1145.15	0	.7295548	0	.2704452	0
1144.15	0	.7291812	0	.2708188	0
1143.15	0	.7288083	0	.2711917	0
1142.15	0	.7284362	0	.2715638	0
1141.15	0	.7280647	0	.2719353	0
1140.15	0	.727694	0	.272306	0
1139.15	0	.727324	0	.272676	0
1138.15	0	.7269548	0	.2730452	0
1137.15	0	.7265862	0	.2734138	0
1136.15	0	.7262184	0	.2737816	0
1135.15	0	.7258513	0	.2741487	0
1134.15	0	.7254849	0	.2745151	0
1133.15	0	.7251192	0	.2748808	0
1132.15	0	.7247542	0	.2752458	0
1131.15	0	.72439	0	.27561	0
1130.15	0	.7240264	0	.2759736	0
1129.15	0	.7236636	0	.2763365	0
1128.15	0	.7233014	0	.2766986	0
1127.15	0	.72294	0	.27706	0
1126.15	0	.7225792	0	.2774208	0
1125.15	0	.7222192	0	.2777808	0
1124.15	0	.7218599	0	.2781401	0
1123.15	0	.7215012	0	.2784988	0
1122.15	0	.7211433	0	.2788567	0
1121.15	0	.7207861	0	.2792139	0
1120.15	0	.7204295	0	.2795705	0
1119.15	0	.7200737	0	.2799263	0
1118.15	0	.7197185	0	.2802815	0
1117.15	0	.719364	0	.280636	0
1116.15	0	.7190102	0	.2809898	0
1115.15	0	.7186571	0	.2813429	0
1114.15	0	.7183047	0	.2816953	0
1113.15	0	.717953	0	.282047	0
1112.15	0	.7176019	0	.2823981	0
1111.15	0	.7172516	0	.2827484	0
1110.15	0	.7169019	0	.2830981	0
1109.15	0	.7165529	0	.2834471	0
1108.15	0	.7162045	0	.2837955	0
1107.15	0	.7158569	0	.2841431	0
1106.15	0	.7155099	0	.2844901	0
1105.15	0	.7151636	0	.2848364	0
1104.15	0	.7148179	0	.2851821	0
1103.15	0	.7144729	0	.2855271	0
1102.15	0	.7141286	0	.2858714	0
1101.15	0	.713785	0	.286215	0
1100.15	0	.713442	0	.286558	0
1099.15	0	.7130997	0	.2869003	0
1098.15	0	.7127581	0	.287242	0
1097.15	0	.7124171	0	.2875829	0
1096.15	0	.7120767	0	.2879233	0
1095.15	0	.7117371	0	.2882629	0
1094.15	0	.7113981	0	.2886019	0
1093.15	0	.7110597	0	.2889403	0
1092.15	0	.710722	0	.289278	0
1091.15	0	.710385	0	.289615	0
1090.563	0	.7101873	0	.2898127	0
1090.563	0	.7101873	0	.2898127	0
1090.563	0	.7101873	0	.2898127	0
1090.15	0	.7098101	2.57193E-04	.2899327	0
1089.15	0	.7088979	8.790324E-04	.2902231	0
1088.15	0	.7079882	.001499159	.2905127	0
1087.15	0	.7070809	.002117576	.2908016	0
1086.15	0	.706176	.002734283	.2910897	0
1085.15	0	.7052736	.003349285	.2913771	0
1084.15	0	.7043736	.003962582	.2916638	0
1083.15	0	.7034761	.004574177	.2919498	0
1082.15	0	.7025809	.005184072	.292235	0
1081.15	0	.7016882	.005792269	.2925195	0
1080.15	0	.7007979	.006398769	.2928033	0
1079.15	0	.6999101	.007003576	.2930864	0
1078.15	0	.6990246	.00760669	.2933687	0
1077.15	0	.6981415	.008208114	.2936503	0
1076.15	0	.6972609	.008807851	.2939312	0
1075.15	0	.6963827	.009405901	.2942114	0
1074.15	0	.6955068	.01000227	.2944909	0
1073.15	0	.6946334	.01059695	.2947697	0
1072.15	0	.6937623	.01118996	.2950477	0
1071.15	0	.6928937	.01178128	.2953251	0
1070.15	0	.6920274	.01237094	.2956017	0
1069.15	0	.6911635	.01295891	.2958776	0
1068.15	0	.690302	.01354522	.2961528	0
1067.15	0	.6894429	.01412986	.2964273	0
1066.15	0	.6885861	.01471283	.2967011	0
1065.15	0	.6877317	.01529413	.2969742	0
1064.15	0	.6868797	.01587377	.2972465	0
1063.15	0	.68603	.01645175	.2975182	0
1062.15	0	.6851827	.01702806	.2977892	0
1061.15	0	.6843378	.01760273	.2980595	0
1060.15	0	.6834952	.01817573	.298329	0
1059.15	0	.682655	.01874709	.2985979	0
1058.15	0	.6818171	.01931679	.2988661	0
1057.15	0	.6809816	.01988484	.2991336	0
1056.15	0	.6801484	.02045125	.2994003	0
1055.15	0	.6793176	.02101601	.2996664	0
1054.15	0	.6784891	.02157913	.2999318	0
1053.15	0	.6776629	.02214061	.3001965	0
1052.15	0	.676839	.02270044	.3004605	0
1051.15	0	.6760175	.02325865	.3007238	0
1050.15	0	.6751983	.02381522	.3009865	0
1049.15	0	.6743815	.02437015	.3012484	0
1048.15	0	.6735669	.02492346	.3015096	0
1047.15	0	.6727547	.02547514	.3017702	0
1046.15	0	.6719448	.0260252	.30203	0
1045.15	0	.6711372	.02657363	.3022892	0
1044.15	0	.6703319	.02712044	.3025477	0
1043.15	0	.6695289	.02766563	.3028055	0
1042.15	0	.6687282	.02820921	.3030626	0
1041.15	0	.6679298	.02875117	.303319	0
1040.15	0	.6671337	.02929152	.3035748	0
1039.15	0	.6663399	.02983026	.3038299	0
1038.15	0	.6655484	.03036739	.3040842	0
1037.15	0	.6647592	.03090292	.3043379	0
1036.15	0	.6639722	.03143685	.3045909	0
1035.15	0	.6631876	.03196917	.3048433	0
1034.15	0	.6624052	.0324999	.3050949	0
1033.15	0	.6616251	.03302904	.3053459	0
1032.15	0	.6608473	.03355658	.3055962	0
1031.15	0	.6600717	.03408253	.3058458	0
1030.15	0	.6592984	.03460689	.3060947	0
1029.15	0	.6585274	.03512967	.306343	0
1028.15	0	.6577586	.03565087	.3065905	0
1027.15	0	.6569921	.03617048	.3068374	0
1026.15	0	.6562279	.03668852	.3070836	0
1025.15	0	.6554659	.03720499	.3073292	0
1024.15	0	.6547061	.03771988	.307574	0
1023.15	0	.6539486	.03823321	.3078182	0
1022.15	0	.6531933	.03874497	.3080617	0
1021.15	0	.6524403	.03925516	.3083045	0
1020.15	0	.6516895	.0397638	.3085467	0
1019.15	0	.650941	.04027088	.3087882	0
1018.15	0	.6501946	.0407764	.309029	0
1017.15	0	.6494506	.04128037	.3092691	0
1016.15	0	.6487087	.04178279	.3095085	0
1015.15	0	.6479691	.04228367	.3097473	0
1014.15	0	.6472316	.04278301	.3099854	0
1013.15	0	.6464964	.0432808	.3102228	0
1012.15	0	.6457634	.04377706	.3104595	0
1011.15	0	.6450326	.04427179	.3106956	0
1010.15	0	.644304	.04476499	.310931	0
1009.15	0	.6435777	.04525666	.3111657	0
1008.15	0	.6428535	.04574681	.3113997	0
1007.15	0	.6421315	.04623544	.3116331	0
1006.15	0	.6414117	.04672255	.3118657	0
1005.15	0	.6406941	.04720815	.3120978	0
1004.15	0	.6399787	.04769224	.3123291	0
1003.15	0	.6392655	.04817483	.3125597	0
1002.15	0	.6385544	.04865592	.3127897	0
1001.15	0	.6378455	.0491355	.313019	0
1000.15	0	.6371388	.0496136	.3132476	0
999.15	0	.6364343	.0500902	.3134755	0
998.15	0	.6357319	.05056532	.3137028	0
997.15	0	.6350317	.05103896	.3139293	0
996.15	0	.6343336	.05151112	.3141552	0
995.15	0	.6336377	.05198181	.3143805	0
994.15	0	.632944	.05245102	.314605	0
993.15	0	.6322524	.05291878	.3148288	0
992.15	0	.6315629	.05338507	.315052	0
991.15	0	.6308756	.05384991	.3152745	0
990.15	0	.6301904	.05431329	.3154963	0
989.15	0	.6295074	.05477523	.3157174	0
988.15	0	.6288264	.05523573	.3159379	0
987.15	0	.6281476	.05569479	.3161576	0
986.15	0	.6274709	.05615242	.3163767	0
985.15	0	.6267963	.05660862	.316595	0
984.15	0	.6261239	.0570634	.3168127	0
983.15	0	.6254535	.05751676	.3170297	0
982.15	0	.6247852	.05796872	.317246	0
981.15	0	.6241191	.05841926	.3174617	0
980.15	0	.623455	.05886841	.3176766	0
979.15	0	.622793	.05931616	.3178908	0
978.15	0	.6221331	.05976252	.3181044	0
977.15	0	.6214753	.0602075	.3183172	0
976.15	0	.6208196	.0606511	.3185294	0
975.15	0	.6201659	.06109333	.3187408	0
974.15	0	.6195142	.06153419	.3189516	0
973.15	0	.6188647	.0619737	.3191616	0
972.15	0	.6182172	.06241185	.319371	0
971.15	0	.6175717	.06284866	.3195797	0
970.15	0	.6169283	.06328412	.3197876	0
969.15	0	.6162869	.06371826	.3199949	0
968.15	0	.6156475	.06415107	.3202014	0
967.15	0	.6150102	.06458256	.3204072	0
966.15	0	.6143749	.06501274	.3206124	0
965.15	0	.6137416	.06544162	.3208168	0
964.15	0	.6131103	.0658692	.3210205	0
963.15	0	.612481	.06629549	.3212235	0
962.15	0	.6118537	.0667205	.3214258	0
961.15	0	.6112284	.06714423	.3216273	0
960.15	0	.6106051	.0675667	.3218282	0
959.15	0	.6099838	.06798792	.3220283	0
958.15	0	.6093644	.06840788	.3222277	0
957.15	0	.608747	.06882661	.3224264	0
956.15	0	.6081315	.06924411	.3226244	0
955.15	0	.607518	.06966038	.3228216	0
954.15	0	.6069065	.07007544	.3230181	0
953.15	0	.6062969	.07048929	.3232139	0
952.15	0	.6056892	.07090195	.3234089	0
951.15	0	.6050834	.07131343	.3236032	0
950.15	0	.6044795	.07172373	.3237968	0
949.15	0	.6038775	.07213287	.3239896	0
948.15	0	.6032775	.07254085	.3241817	0
947.15	0	.6026793	.07294769	.324373	0
946.15	0	.602083	.07335339	.3245636	0
945.15	0	.6014886	.07375797	.3247534	0
944.15	0	.600896	.07416144	.3249425	0
943.15	0	.6003053	.07456381	.3251309	0
942.15	0	.5997165	.07496509	.3253184	0
941.15	0	.5991295	.07536529	.3255053	0
940.15	0	.5985443	.07576443	.3256913	0
939.15	0	.5979609	.07616251	.3258766	0
938.15	0	.5973793	.07655956	.3260611	0
937.15	0	.5967995	.07695557	.3262449	0
936.15	0	.5962216	.07735057	.3264279	0
935.15	0	.5956454	.07774457	.3266101	0
934.15	0	.5950709	.07813758	.3267915	0
933.15	0	.5944982	.07852961	.3269722	0
932.15	0	.5939273	.07892069	.327152	0
931.15	0	.5933581	.07931081	.3273311	0
930.15	0	.5927906	.07970001	.3275094	0
929.15	0	.5922249	.08008829	.3276868	0
928.15	0	.5916608	.08047566	.3278635	0
927.15	0	.5910984	.08086215	.3280394	0
926.15	0	.5905378	.08124777	.3282145	0
925.15	0	.5899787	.08163253	.3283887	0
924.15	0	.5894213	.08201646	.3285622	0
923.15	0	.5888656	.08239956	.3287348	0
922.15	0	.5883115	.08278186	.3289066	0
921.15	0	.587759	.08316337	.3290776	0
920.15	0	.5872081	.08354411	.3292478	0
919.15	0	.5866588	.0839241	.3294171	0
918.15	0	.586111	.08430336	.3295856	0
917.15	0	.5855648	.0846819	.3297533	0
916.15	0	.5850202	.08505975	.3299201	0
915.15	0	.5844771	.08543692	.330086	0
914.15	0	.5839355	.08581343	.3302511	0
913.15	0	.5833953	.08618931	.3304153	0
912.15	0	.5828567	.08656457	.3305787	0
911.15	0	.5823195	.08693924	.3307412	0
910.15	0	.5817838	.08731333	.3309029	0
909.15	0	.5812495	.08768688	.3310636	0
908.15	0	.5807166	.08805989	.3312235	0
907.15	0	.5801851	.0884324	.3313825	0
906.15	0	.579655	.08880443	.3315406	0
905.15	0	.5791263	.08917599	.3316978	0
904.15	0	.5785988	.08954713	.331854	0
903.15	0	.5780727	.08991785	.3320094	0
902.15	0	.5775479	.09028819	.3321639	0
901.15	0	.5770244	.09065817	.3323174	0
900.15	0	.5765022	.09102782	.33247	0
899.15	0	.5759812	.09139715	.3326217	0
898.15	0	.5754614	.09176621	.3327724	0
897.15	0	.5749428	.09213502	.3329222	0
896.15	0	.5744253	.0925036	.3330711	0
895.15	0	.5739091	.09287199	.3332189	0
894.15	0	.5733939	.09324022	.3333659	0
893.15	0	.5728799	.09360831	.3335118	0
892.15	0	.572367	.0939763	.3336568	0
891.15	0	.5718551	.09434421	.3338007	0
890.15	0	.5713442	.09471208	.3339437	0
889.15	0	.5708344	.09507995	.3340857	0
888.15	0	.5703255	.09544783	.3342267	0
887.15	0	.5698176	.09581578	.3343666	0
886.15	0	.5693106	.09618382	.3345055	0
885.15	0	.5688046	.09655199	.3346434	0
884.15	0	.5682994	.09692032	.3347803	0
883.15	0	.567795	.09728886	.3349161	0
882.15	0	.5672915	.09765763	.3350509	0
881.15	0	.5667888	.09802669	.3351846	0
880.15	0	.5662868	.09839605	.3353172	0
879.15	0	.5657855	.09876578	.3354487	0
878.15	0	.565285	.0991359	.3355791	0
877.15	0	.5647851	.09950647	.3357085	0
876.15	0	.5642858	.09987752	.3358367	0
875.15	0	.5637871	.1002491	.3359638	0
874.15	0	.563289	.1006212	.3360898	0
873.15	0	.5627914	.100994	.3362146	0
872.15	0	.5622943	.1013674	.3363383	0
871.15	0	.5617977	.1017416	.3364608	0
870.15	0	.5613015	.1021165	.3365821	0
869.15	0	.5608056	.1024922	.3367022	0
868.15	0	.5603101	.1028687	.3368212	0
867.15	0	.5598149	.1032462	.3369389	0
866.15	0	.5593199	.1036247	.3370554	0
865.15	0	.5588252	.1040042	.3371707	0
864.15	0	.5583306	.1043847	.3372847	0
863.15	0	.5578361	.1047664	.3373975	0
862.15	0	.5573418	.1051493	.337509	0
861.15	0	.5568474	.1055334	.3376191	0
860.15	0	.5563531	.1059189	.337728	0
859.15	0	.5558586	.1063058	.3378356	0
858.15	0	.5553641	.1066941	.3379418	0
857.15	0	.5548694	.1070839	.3380467	0
856.15	0	.5543745	.1074753	.3381502	0
855.15	0	.5538793	.1078684	.3382524	0
854.15	0	.5533838	.1082632	.3383531	0
853.15	0	.5528879	.1086597	.3384524	0
852.15	0	.5523915	.1090582	.3385503	0
851.15	0	.5518946	.1094587	.3386467	0
850.15	0	.5513972	.1098612	.3387416	0
849.15	0	.5508991	.1102658	.3388351	0
848.15	0	.5504003	.1106727	.338927	0
847.15	0	.5499008	.1110818	.3390174	0
846.15	0	.5494004	.1114934	.3391062	0
845.15	0	.5488991	.1119074	.3391935	0
844.15	0	.5483968	.1123241	.3392791	0
843.15	0	.5478935	.1127434	.3393631	0
842.15	0	.5473889	.1131656	.3394455	0
841.15	0	.5468832	.1135906	.3395262	0
840.15	0	.5463762	.1140187	.3396051	0
839.15	0	.5458677	.11445	.3396824	0
838.15	0	.5453577	.1148845	.3397578	0
837.15	0	.5448462	.1153224	.3398315	0
836.15	0	.5443329	.1157638	.3399033	0
835.15	0	.5438179	.1162089	.3399733	0
834.15	0	.5433009	.1166577	.3400414	0
833.15	0	.5427819	.1171106	.3401075	0
832.15	0	.5422608	.1175675	.3401717	0
831.15	0	.5417375	.1180287	.3402338	0
830.15	0	.5412117	.1184944	.340294	0
829.15	0	.5406834	.1189646	.340352	0
828.15	0	.5401525	.1194396	.3404079	0
827.15	0	.5396188	.1199197	.3404616	0
826.15	0	.5390821	.1204049	.340513	0
825.15	0	.5385423	.1208955	.3405622	0
824.15	0	.5379993	.1213917	.340609	0
823.15	0	.5374528	.1218938	.3406535	0
822.15	0	.5369026	.1224019	.3406955	0
821.15	0	.5363486	.1229164	.3407349	0
820.15	0	.5357906	.1234376	.3407718	0
819.15	0	.5352283	.1239656	.3408061	0
818.15	0	.5346616	.1245009	.3408376	0
817.15	0	.5340901	.1250437	.3408663	0
816.15	0	.5335136	.1255944	.340892	0
815.15	0	.5329319	.1261533	.3409149	0
814.15	0	.5323446	.1267208	.3409346	0
813.15	0	.5317514	.1272974	.3409512	0
812.15	0	.531152	.1278835	.3409644	0
811.15	0	.5305461	.1284796	.3409743	0
810.15	0	.5299333	.1290861	.3409807	0
809.15	0	.5293131	.1297036	.3409834	0
808.15	0	.5286851	.1303327	.3409822	0
807.15	0	.5280488	.130974	.3409772	0
806.15	0	.5274038	.1316282	.340968	0
805.15	0	.5267494	.1322961	.3409545	0
804.15	0	.526085	.1329785	.3409365	0
803.15	0	.52541	.1336762	.3409138	0
802.15	0	.5247236	.1343902	.3408862	0
801.15	0	.5240251	.1351215	.3408533	0
800.15	0	.5233136	.1358714	.340815	0
799.15	0	.522588	.1366412	.3407709	0
798.15	0	.5218472	.1374322	.3407206	0
797.15	0	.5210902	.138246	.3406638	0
796.15	0	.5203154	.1390846	.3406001	0
795.15	0	.5195214	.1399498	.3405288	0
794.15	0	.5187064	.140844	.3404497	0
793.15	0	.5177791	.1418817	.3403392	0
792.15	0	.5162206	.1437151	.3400643	0
791.15	0	.5147658	.1454244	.3398098	0
790.15	0	.5134033	.1470239	.3395727	0
789.15	0	.5121202	.1485281	.3393518	0
788.15	0	.510909	.1499463	.3391446	0
787.15	0	.5097627	.1512874	.3389499	0
786.15	0	.5086749	.1525589	.3387662	0
785.15	0	.5076403	.1537672	.3385925	0
784.15	0	.5066543	.1549178	.3384279	0
783.15	0	.5057128	.1560156	.3382716	0
782.15	0	.5048124	.1570648	.3381227	0
781.15	0	.5039499	.1580693	.3379808	0
780.15	0	.5031225	.1590323	.3378452	0
779.15	0	.5023277	.1599568	.3377155	0
778.15	0	.5015633	.1608455	.3375912	0
777.15	0	.5008274	.1617008	.3374718	0
776.15	0	.500118	.1625249	.3373572	0
775.15	0	.4994335	.1633197	.3372469	0
774.15	0	.4987724	.164087	.3371406	0
773.15	0	.4981335	.1648284	.3370381	0
772.15	0	.4975153	.1655456	.3369391	0
771.15	0	.4969168	.1662397	.3368435	0
770.15	0	.4963368	.1669122	.336751	0
769.15	0	.4957745	.1675641	.3366614	0
768.15	0	.4952289	.1681966	.3365745	0
767.15	0	.4946992	.1688106	.3364903	0
766.15	0	.4941845	.169407	.3364085	0
765.15	0	.4936843	.1699868	.336329	0
764.15	0	.4931976	.1705507	.3362517	0
763.15	0	.4927241	.1710995	.3361765	0
762.15	0	.492263	.1716338	.3361032	0
761.15	0	.4918138	.1721544	.3360318	0
760.15	0	.491376	.1726618	.3359622	0
759.15	0	.4909491	.1731567	.3358942	0
758.15	0	.4905327	.1736395	.3358278	0
757.15	0	.4901262	.1741108	.335763	0
756.15	0	.4897294	.174571	.3356996	0
755.15	0	.4893418	.1750207	.3356376	0
754.15	0	.488963	.1754601	.3355769	0
753.15	0	.4885927	.1758899	.3355174	0
752.15	0	.4882307	.1763102	.3354591	0
751.15	0	.4878765	.1767215	.335402	0
750.15	0	.4875299	.1771242	.335346	0
749.15	0	.4871906	.1775185	.335291	0
748.15	0	.4868583	.1779047	.335237	0
747.15	0	.4865329	.1782833	.3351839	0
746.15	0	.486214	.1786543	.3351318	0
745.15	0	.4859014	.1790182	.3350805	0
744.15	0	.4855949	.1793751	.33503	0
743.15	0	.4852944	.1797253	.3349804	0
742.15	0	.4849995	.180069	.3349315	0
741.15	0	.4847102	.1804065	.3348834	0
740.15	0	.4844262	.1807379	.3348359	0
739.15	0	.4841474	.1810635	.3347892	0
738.15	0	.4838735	.1813834	.334743	0
737.15	0	.4836046	.1816979	.3346976	0
736.15	0	.4833403	.1820071	.3346527	0
735.15	0	.4830806	.1823111	.3346083	0
734.15	0	.4828252	.1826102	.3345646	0
733.15	0	.4825742	.1829045	.3345213	0
732.15	0	.4823273	.1831941	.3344786	0
731.15	0	.4820845	.1834792	.3344363	0
730.15	0	.4818455	.1837599	.3343946	0
729.15	0	.4816104	.1840364	.3343533	0
728.15	0	.4813789	.1843087	.3343124	0
727.15	0	.4811511	.184577	.3342719	0
726.15	0	.4809267	.1848415	.3342318	0
725.15	0	.4807057	.1851021	.3341921	0
724.15	0	.480488	.1853592	.3341528	0
723.15	0	.4802735	.1856126	.3341139	0
722.15	0	.4800622	.1858626	.3340753	0
721.15	0	.4798538	.1861092	.334037	0
720.15	0	.4796485	.1863525	.3339991	0
719.15	0	.479446	.1865926	.3339614	0
718.15	0	.4792463	.1868297	.3339241	0
717.15	0	.4790493	.1870637	.333887	0
716.15	0	.478855	.1872948	.3338502	0
715.15	0	.4786633	.187523	.3338137	0
714.15	0	.4784741	.1877485	.3337774	0
713.15	0	.4782874	.1879712	.3337414	0
712.15	0	.4781031	.1881913	.3337056	0
711.15	0	.4779211	.1884088	.3336701	0
710.15	0	.4777414	.1886238	.3336348	0
709.15	0	.477564	.1888364	.3335996	0
708.15	0	.4773887	.1890466	.3335647	0
707.15	0	.4772156	.1892544	.33353	0
706.15	0	.4770446	.18946	.3334955	0
705.15	0	.4768755	.1896634	.3334611	0
704.15	0	.4767085	.1898646	.3334269	0
703.15	0	.4765434	.1900637	.3333929	0
702.15	0	.4763802	.1902607	.3333591	0
701.15	0	.4762188	.1904558	.3333254	0
700.15	0	.4760593	.1906488	.3332919	0
699.15	0	.4759015	.19084	.3332585	0
698.15	0	.4757455	.1910293	.3332252	0
697.15	0	.4755911	.1912167	.3331921	0
696.15	0	.4754384	.1914024	.3331592	0
695.15	0	.4752874	.1915863	.3331263	0
694.15	0	.4751379	.1917686	.3330936	0
693.15	0	.4749899	.1919491	.3330609	0
692.15	0	.4748435	.192128	.3330284	0
691.15	0	.4746986	.1923054	.332996	0
690.15	0	.4745552	.1924811	.3329638	0
689.15	0	.4744131	.1926553	.3329316	0
688.15	0	.4742725	.1928281	.3328995	0
687.15	0	.4741332	.1929994	.3328675	0
686.15	0	.4739953	.1931692	.3328355	0
685.15	0	.4738587	.1933376	.3328037	0
684.15	0	.4737233	.1935047	.332772	0
683.15	0	.4735893	.1936704	.3327403	0
682.15	0	.4734565	.1938348	.3327087	0
681.15	0	.4733249	.193998	.3326772	0
680.15	0	.4731945	.1941598	.3326457	0
679.15	0	.4730652	.1943204	.3326144	0
678.15	0	.4729371	.1944798	.332583	0
677.15	0	.4728102	.1946381	.3325518	0
676.15	0	.4726843	.1947951	.3325206	0
675.15	0	.4725595	.194951	.3324895	0
674.15	0	.4724358	.1951058	.3324584	0
673.15	0	.4723132	.1952595	.3324274	0
672.15	0	.4721915	.1954121	.3323964	0
671.15	0	.4720709	.1955637	.3323655	0
670.15	0	.4719512	.1957142	.3323346	0
669.15	0	.4718326	.1958637	.3323037	0
668.15	0	.4717149	.1960122	.332273	0
667.15	0	.4715981	.1961597	.3322422	0
666.15	0	.4714822	.1963063	.3322115	0
665.15	0	.4713673	.1964519	.3321808	0
664.15	0	.4712532	.1965966	.3321502	0
663.15	0	.4711401	.1967404	.3321196	0
662.15	0	.4710277	.1968833	.332089	0
661.15	0	.4709163	.1970253	.3320585	0
660.15	0	.4708056	.1971664	.332028	0
659.15	0	.4706958	.1973067	.3319975	0
658.15	0	.4705868	.1974462	.331967	0
657.15	0	.4704786	.1975849	.3319366	0
656.15	0	.4703711	.1977227	.3319062	0
655.15	0	.4702644	.1978597	.3318758	0
654.15	0	.4701585	.197996	.3318455	0
653.15	0	.4700533	.1981315	.3318151	0
652.15	0	.4699489	.1982663	.3317848	0
651.15	0	.4698452	.1984003	.3317545	0
650.15	0	.4697422	.1985336	.3317242	0
649.15	0	.4696399	.1986662	.331694	0
648.15	0	.4695382	.198798	.3316638	0
647.15	0	.4694373	.1989292	.3316335	0
646.15	0	.469337	.1990597	.3316033	0
645.15	0	.4692374	.1991895	.3315731	0
644.15	0	.4691384	.1993187	.331543	0
643.15	0	.46904	.1994472	.3315128	0
642.15	0	.4689423	.199575	.3314826	0
641.15	0	.4688452	.1997023	.3314525	0
640.15	0	.4687487	.1998289	.3314224	0
639.15	0	.4686529	.1999549	.3313923	0
638.15	0	.4685576	.2000803	.3313622	0
637.15	0	.4684629	.2002051	.3313321	0
636.15	0	.4683687	.2003293	.331302	0
635.15	0	.4682752	.2004529	.3312719	0
634.15	0	.4681822	.200576	.3312418	0
633.15	0	.4680898	.2006985	.3312117	0
632.15	0	.4679979	.2008205	.3311817	0
631.15	0	.4679065	.2009419	.3311516	0
630.15	0	.4678157	.2010627	.3311216	0
629.15	0	.4677254	.2011831	.3310915	0
628.15	0	.4676356	.2013029	.3310615	0
627.15	0	.4675463	.2014222	.3310315	0
626.15	0	.4674576	.201541	.3310015	0
625.15	0	.4673693	.2016592	.3309714	0
624.15	0	.4672816	.201777	.3309414	0
623.15	0	.4671943	.2018943	.3309114	0
622.15	0	.4671075	.2020112	.3308814	0
621.15	0	.4670211	.2021275	.3308514	0
620.15	0	.4669353	.2022433	.3308214	0
619.15	0	.4668499	.2023587	.3307914	0
618.15	0	.4667649	.2024737	.3307614	0
617.15	0	.4666804	.2025882	.3307314	0
616.15	0	.4665964	.2027022	.3307014	0
615.15	0	.4665128	.2028158	.3306715	0
614.15	0	.4664296	.2029289	.3306415	0
613.15	0	.4663469	.2030416	.3306115	0
612.15	0	.4662646	.2031539	.3305815	0
611.15	0	.4661827	.2032658	.3305516	0
610.15	0	.4661012	.2033772	.3305216	0
609.15	0	.4660201	.2034882	.3304916	0
608.15	0	.4659395	.2035989	.3304617	0
607.15	0	.4658592	.2037091	.3304317	0
606.15	0	.4657794	.2038189	.3304018	0
605.15	0	.4656999	.2039283	.3303718	0
604.15	0	.4656208	.2040373	.3303419	0
603.15	0	.4655421	.2041459	.3303119	0
602.15	0	.4654638	.2042542	.330282	0
601.15	0	.4653859	.204362	.330252	0
600.15	0	.4653084	.2044695	.3302221	0
599.15	0	.4652312	.2045767	.3301922	0
598.15	0	.4651543	.2046834	.3301623	0
597.15	0	.4650779	.2047898	.3301323	0
596.15	0	.4650018	.2048958	.3301024	0
595.15	0	.4649261	.2050015	.3300725	0
594.15	0	.4648507	.2051068	.3300426	0
593.15	0	.4647756	.2052117	.3300127	0
592.15	0	.4647009	.2053163	.3299828	0
591.15	0	.4646266	.2054206	.3299529	0
590.15	0	.4645526	.2055245	.329923	0
589.15	0	.4644789	.2056281	.3298931	0
588.15	0	.4644055	.2057313	.3298632	0
587.15	0	.4643325	.2058342	.3298333	0
586.15	0	.4642598	.2059368	.3298034	0
585.15	0	.4641874	.206039	.3297736	0
584.15	0	.4641154	.2061409	.3297437	0
583.15	0	.4640436	.2062425	.3297139	0
582.15	0	.4639722	.2063438	.329684	0
581.15	0	.4639011	.2064447	.3296542	0
580.15	0	.4638303	.2065454	.3296243	0
579.15	0	.4637598	.2066457	.3295945	0
578.15	0	.4636896	.2067457	.3295647	0
577.15	0	.4636197	.2068454	.3295349	0
576.15	0	.4635501	.2069448	.3295051	0
575.15	0	.4634808	.2070439	.3294753	0
574.15	0	.4634118	.2071427	.3294455	0
573.15	0	.4633431	.2072412	.3294157	0
572.15	0	.4632747	.2073394	.3293859	0
571.15	0	.4632066	.2074372	.3293562	0
570.15	0	.4631387	.2075348	.3293264	0
569.15	0	.4630712	.2076321	.3292967	0
568.15	0	.4630039	.2077292	.329267	0
567.15	0	.4629369	.2078259	.3292372	0
566.15	0	.4628702	.2079223	.3292075	0
565.15	0	.4628037	.2080185	.3291778	0
564.15	0	.4627375	.2081143	.3291482	0
563.15	0	.4626716	.2082099	.3291185	0
562.15	0	.4626059	.2083052	.3290888	0
561.15	0	.4625406	.2084003	.3290592	0
560.15	0	.4624755	.208495	.3290296	0
559.15	0	.4624106	.2085895	.3289999	0
558.15	0	.462346	.2086837	.3289703	0
557.15	0	.4622817	.2087776	.3289407	0
556.15	0	.4622176	.2088713	.3289112	0
555.15	0	.4621538	.2089646	.3288816	0
554.15	0	.4620902	.2090577	.3288521	0
553.15	0	.4620269	.2091506	.3288225	0
552.15	0	.4619638	.2092432	.328793	0
551.15	0	.461901	.2093355	.3287635	0
550.15	0	.4618384	.2094275	.328734	0
549.15	0	.4617761	.2095193	.3287046	0
548.15	0	.461714	.2096108	.3286751	0
547.15	0	.4616522	.2097021	.3286457	0
546.15	0	.4615906	.2097931	.3286163	0
545.15	0	.4615292	.2098838	.3285869	0
544.15	0	.4614681	.2099743	.3285576	0
543.15	0	.4614072	.2100646	.3285282	0
542.15	0	.4613466	.2101545	.3284989	0
541.15	0	.4612862	.2102443	.3284696	0
540.15	0	.461226	.2103337	.3284403	0
539.15	0	.4611661	.2104229	.328411	0
538.15	0	.4611063	.2105119	.3283818	0
537.15	0	.4610468	.2106006	.3283526	0
536.15	0	.4609877	.2106891	.3283233	0
535.15	0	.4609287	.2107773	.3282941	0
534.15	0	.4608699	.2108652	.3282649	0
533.15	0	.4608113	.2109529	.3282358	0
532.15	0	.4607529	.2110404	.3282067	0
531.15	0	.4606948	.2111276	.3281776	0
530.15	0	.4606368	.2112146	.3281486	0
529.15	0	.4605792	.2113013	.3281195	0
528.15	0	.4605217	.2113878	.3280905	0
527.15	0	.4604644	.211474	.3280616	0
526.15	0	.4604074	.21156	.3280326	0
525.15	0	.4603505	.2116458	.3280037	0
524.15	0	.4602939	.2117313	.3279748	0
523.15	0	.4602375	.2118166	.327946	0
522.15	0	.4601813	.2119016	.3279171	0
521.15	0	.4601253	.2119864	.3278883	0
520.15	0	.4600696	.2120709	.3278595	0
519.15	0	.460014	.2121552	.3278308	0
518.15	0	.4599586	.2122393	.3278021	0
517.15	0	.4599035	.2123231	.3277734	0
516.15	0	.4598486	.2124067	.3277448	0
515.15	0	.4597938	.21249	.3277161	0
514.15	0	.4597393	.2125732	.3276875	0
513.15	0	.459685	.212656	.327659	0
512.15	0	.4596309	.2127387	.3276305	0
511.15	0	.4595769	.2128211	.327602	0
510.15	0	.4595232	.2129033	.3275735	0
509.15	0	.4594697	.2129852	.3275451	0
508.15	0	.4594164	.2130669	.3275167	0
507.15	0	.4593633	.2131483	.3274884	0
506.15	0	.4593103	.2132296	.3274601	0
505.15	0	.4592576	.2133106	.3274318	0
504.15	0	.4592051	.2133913	.3274036	0
503.15	0	.4591528	.2134718	.3273754	0
502.15	0	.4591006	.2135521	.3273472	0
501.15	0	.4590487	.2136322	.3273191	0
500.15	0	.458997	.213712	.327291	0
499.15	0	.4589454	.2137916	.327263	0
498.15	0	.458894	.213871	.327235	0
497.15	0	.4588429	.2139501	.327207	0
496.15	0	.4587919	.214029	.3271791	0
495.15	0	.4587411	.2141076	.3271512	0
494.15	0	.4586905	.2141861	.3271234	0
493.15	0	.4586401	.2142643	.3270956	0
492.15	0	.4585899	.2143422	.3270679	0
491.15	0	.4585399	.21442	.3270402	0
490.15	0	.45849	.2144975	.3270125	0
489.15	0	.4584404	.2145747	.3269849	0
488.15	0	.4583909	.2146518	.3269573	0
487.15	0	.4583417	.2147286	.3269298	0
486.15	0	.4582926	.2148052	.3269023	0
485.15	0	.4582436	.2148815	.3268749	0
484.15	0	.4581949	.2149576	.3268475	0
483.15	0	.4581464	.2150335	.3268201	0
482.15	0	.458098	.2151092	.3267928	0
481.15	0	.4580498	.2151846	.3267656	0
480.15	0	.4580018	.2152598	.3267384	0
479.15	0	.457954	.2153347	.3267112	0
478.15	0	.4579064	.2154095	.3266841	0
477.15	0	.4578589	.215484	.3266571	0
476.15	0	.4578117	.2155582	.3266301	0
475.15	0	.4577646	.2156323	.3266031	0
474.15	0	.4577177	.2157061	.3265762	0
473.15	0	.457671	.2157797	.3265494	0
472.15	0	.4576244	.215853	.3265226	0
471.15	0	.457578	.2159261	.3264959	0
470.15	0	.4575318	.215999	.3264692	0
469.15	0	.4574858	.2160717	.3264425	0
468.15	0	.4574399	.2161441	.326416	0
467.15	0	.4573943	.2162163	.3263894	0
466.15	0	.4573488	.2162883	.326363	0
465.15	0	.4573035	.21636	.3263366	0
464.15	0	.4572583	.2164315	.3263102	0
463.15	0	.4572133	.2165028	.3262839	0
462.15	0	.4571685	.2165738	.3262576	0
461.15	0	.4571239	.2166446	.3262315	0
460.15	0	.4570795	.2167152	.3262053	0
459.15	0	.4570352	.2167856	.3261793	0
458.15	0	.4569911	.2168557	.3261532	0
457.15	0	.4569471	.2169256	.3261273	0
456.15	0	.4569034	.2169952	.3261014	0
455.15	0	.4568598	.2170647	.3260756	0
454.15	0	.4568164	.2171339	.3260498	0
453.15	0	.4567731	.2172028	.3260241	0
452.15	0	.45673	.2172715	.3259984	0
451.15	0	.4566871	.2173401	.3259728	0
450.15	0	.4566444	.2174083	.3259473	0
449.15	0	.4566018	.2174763	.3259218	0
448.15	0	.4565595	.2175441	.3258965	0
447.15	0	.4565173	.2176116	.3258711	0
446.15	0	.4564753	.2176789	.3258459	0
445.15	0	.4564334	.2177459	.3258207	0
444.15	0	.4563918	.2178126	.3257956	0
443.15	0	.4563503	.2178792	.3257706	0
442.15	0	.456309	.2179454	.3257456	0
441.15	0	.4562679	.2180114	.3257207	0
440.15	0	.456227	.2180771	.3256959	0
439.15	0	.4561863	.2181426	.3256712	0
438.15	0	.4561457	.2182078	.3256465	0
437.15	0	.4561054	.2182727	.3256219	0
436.15	0	.4560652	.2183373	.3255975	0
435.15	0	.4560253	.2184016	.3255731	0
434.15	0	.4559855	.2184657	.3255488	0
433.15	0	.455946	.2185295	.3255245	0
432.15	0	.4559066	.218593	.3255004	0
431.15	0	.4558675	.2186562	.3254764	0
430.15	0	.4558285	.2187191	.3254524	0
429.15	0	.4557898	.2187817	.3254285	0
428.15	0	.4557512	.218844	.3254048	0
427.15	0	.4557129	.218906	.3253811	0
426.15	0	.4556748	.2189677	.3253575	0
425.15	0	.4556368	.2190292	.325334	0
424.15	0	.4555991	.2190903	.3253106	0
423.15	0	.4555616	.2191511	.3252873	0
422.15	0	.4555243	.2192116	.3252641	0
421.15	0	.4554872	.2192718	.325241	0
420.15	0	.4554503	.2193318	.325218	0
419.15	0	.4554136	.2193914	.3251951	0
418.15	0	.4553771	.2194507	.3251723	0
417.15	0	.4553408	.2195097	.3251496	0
416.15	0	.4553047	.2195684	.3251269	0
415.15	0	.4552688	.2196267	.3251044	0
414.15	0	.4552332	.2196848	.325082	0
413.15	0	.4551977	.2197426	.3250597	0
412.15	0	.4551624	.2198001	.3250375	0
411.15	0	.4551273	.2198573	.3250154	0
410.15	0	.4550925	.2199141	.3249934	0
409.15	0	.4550578	.2199707	.3249715	0
408.15	0	.4550234	.2200269	.3249497	0
407.15	0	.4549891	.2200829	.324928	0
406.15	0	.454955	.2201385	.3249064	0
405.15	0	.4549212	.2201939	.3248849	0
404.15	0	.4548875	.2202489	.3248636	0
403.15	0	.4548541	.2203037	.3248423	0
402.15	0	.4548208	.2203581	.3248211	0
401.15	0	.4547877	.2204123	.3248	0
400.15	0	.4547548	.2204661	.3247791	0
399.15	0	.4547221	.2205197	.3247582	0
398.15	0	.4546896	.2205729	.3247374	0
397.15	0	.4546573	.2206259	.3247168	0
396.15	0	.4546252	.2206786	.3246962	0
395.15	0	.4545933	.2207309	.3246758	0
394.15	0	.4545616	.220783	.3246554	0
393.15	0	.45453	.2208348	.3246352	0
392.15	0	.4544986	.2208863	.3246151	0
391.15	0	.4544674	.2209375	.324595	0
390.15	0	.4544364	.2209885	.3245751	0
389.15	0	.4544056	.2210391	.3245553	0
388.15	0	.454375	.2210895	.3245355	0
