T	 BPW(LIQUID)	BPW(BCC_A2)	BPW(FCC_A1)	BPW(LAVES_PHASE_C14)	BPW(NI3TI)
1473.15	.06778027	.9322197	0	0	0
1472.15	.06527512	.9347249	0	0	0
1471.15	.06278954	.9372105	0	0	0
1470.15	.06032336	.9396766	0	0	0
1469.15	.05787642	.9421236	0	0	0
1468.15	.05544854	.9445515	0	0	0
1467.15	.05303958	.9469604	0	0	0
1466.15	.05064936	.9493506	0	0	0
1465.15	.04827773	.9517223	0	0	0
1464.15	.04592453	.9540755	0	0	0
1463.15	.0435896	.9564104	0	0	0
1462.15	.04127278	.9587272	0	0	0
1461.15	.03897393	.9610261	0	0	0
1460.15	.03669288	.9633071	0	0	0
1459.15	.03442948	.9655705	0	0	0
1458.15	.03218358	.9678164	0	0	0
1457.15	.02995504	.970045	0	0	0
1456.15	.0277437	.9722563	0	0	0
1455.15	.02554941	.9744506	0	0	0
1454.15	.02337203	.976628	0	0	0
1453.15	.02121142	.9787886	0	0	0
1452.15	.01906743	.9809326	0	0	0
1451.15	.01693991	.9830601	0	0	0
1450.15	.01482873	.9851713	0	0	0
1449.15	.01273375	.9872663	0	0	0
1448.15	.01065482	.9893452	0	0	0
1447.15	.008591811	.9914082	0	0	0
1446.15	.006544584	.9934554	0	0	0
1445.15	.004513004	.995487	0	0	0
1444.15	.002496936	.9975031	0	0	0
1443.15	4.962474E-04	.9995038	0	0	0
1442.901	0	1	0	0	0
1442.901	0	1	0	0	0
1442.15	0	1	0	0	0
1441.15	0	1	0	0	0
1440.15	0	1	0	0	0
1439.15	0	1	0	0	0
1438.15	0	1	0	0	0
1437.15	0	1	0	0	0
1436.15	0	1	0	0	0
1435.15	0	1	0	0	0
1434.15	0	1	0	0	0
1433.15	0	1	0	0	0
1432.15	0	1	0	0	0
1431.15	0	1	0	0	0
1430.15	0	1	0	0	0
1429.15	0	1	0	0	0
1428.15	0	1	0	0	0
1427.15	0	1	0	0	0
1426.15	0	1	0	0	0
1425.15	0	1	0	0	0
1424.15	0	1	0	0	0
1423.15	0	1	0	0	0
1422.15	0	1	0	0	0
1421.15	0	1	0	0	0
1420.15	0	1	0	0	0
1419.15	0	1	0	0	0
1418.15	0	1	0	0	0
1417.15	0	1	0	0	0
1416.15	0	1	0	0	0
1415.15	0	1	0	0	0
1414.15	0	1	0	0	0
1413.15	0	1	0	0	0
1412.15	0	1	0	0	0
1411.15	0	1	0	0	0
1410.15	0	1	0	0	0
1409.15	0	1	0	0	0
1408.15	0	1	0	0	0
1407.15	0	1	0	0	0
1406.15	0	1	0	0	0
1405.15	0	1	0	0	0
1404.15	0	1	0	0	0
1403.15	0	1	0	0	0
1402.15	0	1	0	0	0
1401.15	0	1	0	0	0
1400.15	0	1	0	0	0
1399.15	0	1	0	0	0
1398.15	0	1	0	0	0
1397.15	0	1	0	0	0
1396.15	0	1	0	0	0
1395.15	0	1	0	0	0
1394.15	0	1	0	0	0
1393.15	0	1	0	0	0
1392.15	0	1	0	0	0
1391.15	0	1	0	0	0
1390.15	0	1	0	0	0
1389.15	0	1	0	0	0
1388.15	0	1	0	0	0
1387.15	0	1	0	0	0
1386.15	0	1	0	0	0
1385.15	0	1	0	0	0
1384.15	0	1	0	0	0
1383.15	0	1	0	0	0
1382.15	0	1	0	0	0
1381.15	0	1	0	0	0
1380.15	0	1	0	0	0
1379.15	0	1	0	0	0
1378.15	0	1	0	0	0
1377.15	0	1	0	0	0
1376.15	0	1	0	0	0
1375.15	0	1	0	0	0
1374.15	0	1	0	0	0
1373.15	0	1	0	0	0
1372.15	0	1	0	0	0
1371.567	0	1	0	0	0
1371.567	0	1	0	0	0
1371.567	0	1	0	0	0
1371.15	0	.9997078	0	2.92242E-04	0
1370.15	0	.9990079	0	9.921012E-04	0
1369.15	0	.9983097	0	.001690344	0
1368.15	0	.997613	0	.002386977	0
1367.15	0	.996918	0	.003082004	0
1366.15	0	.9962246	0	.00377543	0
1365.15	0	.9955327	0	.004467261	0
1364.15	0	.9948425	0	.005157502	0
1363.15	0	.9941538	0	.005846158	0
1362.15	0	.9934668	0	.006533233	0
1361.15	0	.9927813	0	.007218734	0
1360.15	0	.9920973	0	.007902664	0
1359.15	0	.991415	0	.008585029	0
1358.15	0	.9907342	0	.009265834	0
1357.15	0	.9900549	0	.009945083	0
1356.15	0	.9893772	0	.01062278	0
1355.15	0	.9887011	0	.01129894	0
1354.15	0	.9880265	0	.01197355	0
1353.15	0	.9873534	0	.01264663	0
1352.15	0	.9866818	0	.01331817	0
1351.15	0	.9860118	0	.01398819	0
1350.15	0	.9853433	0	.01465669	0
1349.15	0	.9846763	0	.01532367	0
1348.15	0	.9840109	0	.01598914	0
1347.15	0	.9833469	0	.0166531	0
1346.15	0	.9826844	0	.01731557	0
1345.15	0	.9820235	0	.01797653	0
1344.15	0	.981364	0	.018636	0
1343.15	0	.980706	0	.01929398	0
1342.15	0	.9800495	0	.01995047	0
1341.15	0	.9793945	0	.02060549	0
1340.15	0	.978741	0	.02125903	0
1339.15	0	.9780889	0	.0219111	0
1338.15	0	.9774383	0	.02256171	0
1337.15	0	.9767891	0	.02321085	0
1336.15	0	.9761415	0	.02385854	0
1335.15	0	.9754952	0	.02450477	0
1334.15	0	.9748504	0	.02514956	0
1333.15	0	.9742071	0	.0257929	0
1332.15	0	.9735652	0	.02643481	0
1331.15	0	.9729247	0	.02707528	0
1330.15	0	.9722857	0	.02771432	0
1329.15	0	.9716481	0	.02835193	0
1328.15	0	.9710119	0	.02898812	0
1327.15	0	.9703771	0	.02962289	0
1326.15	0	.9697438	0	.03025625	0
1325.15	0	.9691118	0	.0308882	0
1324.15	0	.9684812	0	.03151875	0
1323.15	0	.9678521	0	.03214789	0
1322.15	0	.9672244	0	.03277564	0
1321.15	0	.966598	0	.033402	0
1320.15	0	.965973	0	.03402697	0
1319.15	0	.9653495	0	.03465055	0
1318.15	0	.9647272	0	.03527276	0
1317.15	0	.9641064	0	.03589359	0
1316.15	0	.963487	0	.03651305	0
1315.15	0	.9628689	0	.03713114	0
1314.15	0	.9622521	0	.03774787	0
1313.15	0	.9616368	0	.03836323	0
1312.15	0	.9610228	0	.03897725	0
1311.15	0	.9604101	0	.03958991	0
1310.15	0	.9597988	0	.04020122	0
1309.15	0	.9591888	0	.04081119	0
1308.15	0	.9585802	0	.04141982	0
1307.15	0	.9579729	0	.04202712	0
1306.15	0	.9573669	0	.04263308	0
1305.15	0	.9567623	0	.04323772	0
1304.15	0	.956159	0	.04384103	0
1303.15	0	.955557	0	.04444302	0
1302.15	0	.9549563	0	.0450437	0
1301.15	0	.9543569	0	.04564306	0
1300.15	0	.9537589	0	.04624111	0
1299.15	0	.9531621	0	.04683786	0
1298.15	0	.9525667	0	.04743331	0
1297.15	0	.9519725	0	.04802746	0
1296.15	0	.9513797	0	.04862032	0
1295.15	0	.9507881	0	.04921189	0
1294.15	0	.9501978	0	.04980217	0
1293.15	0	.9496088	0	.05039117	0
1292.15	0	.9490211	0	.05097889	0
1291.15	0	.9484347	0	.05156533	0
1290.15	0	.9478495	0	.05215051	0
1289.15	0	.9472656	0	.05273441	0
1288.15	0	.9466829	0	.05331706	0
1287.15	0	.9461016	0	.05389844	0
1286.15	0	.9455214	0	.05447856	0
1285.15	0	.9449426	0	.05505743	0
1284.15	0	.9443649	0	.05563505	0
1283.15	0	.9437886	0	.05621143	0
1282.15	0	.9432134	0	.05678656	0
1281.15	0	.9426395	0	.05736045	0
1280.15	0	.9420669	0	.0579331	0
1279.15	0	.9414955	0	.05850453	0
1278.15	0	.9409253	0	.05907472	0
1277.15	0	.9403563	0	.05964369	0
1276.15	0	.9397886	0	.06021143	0
1275.15	0	.939222	0	.06077796	0
1274.15	0	.9386567	0	.06134327	0
1273.15	0	.9380926	0	.06190737	0
1272.15	0	.9375297	0	.06247026	0
1271.15	0	.936968	0	.06303195	0
1270.15	0	.9364076	0	.06359243	0
1269.15	0	.9358483	0	.06415171	0
1268.15	0	.9352902	0	.0647098	0
1267.15	0	.9347333	0	.0652667	0
1266.15	0	.9341776	0	.06582241	0
1265.15	0	.9336231	0	.06637693	0
1264.15	0	.9330697	0	.06693027	0
1263.15	0	.9325176	0	.06748243	0
1262.15	0	.9319666	0	.06803341	0
1261.15	0	.9314168	0	.06858322	0
1260.15	0	.9308681	0	.06913187	0
1259.15	0	.9303207	0	.06967934	0
1258.15	0	.9297743	0	.07022565	0
1257.15	0	.9292292	0	.07077081	0
1256.15	0	.9286852	0	.0713148	0
1255.15	0	.9281424	0	.07185764	0
1254.15	0	.9276007	0	.07239933	0
1253.15	0	.9270601	0	.07293988	0
1252.15	0	.9265207	0	.07347927	0
1251.15	0	.9259825	0	.07401753	0
1250.15	0	.9254454	0	.07455465	0
1249.15	0	.9249094	0	.07509063	0
1248.15	0	.9243745	0	.07562548	0
1247.15	0	.9238408	0	.0761592	0
1246.15	0	.9233082	0	.0766918	0
1245.15	0	.9227767	0	.07722326	0
1244.15	0	.9222464	0	.07775361	0
1243.15	0	.9217171	0	.07828285	0
1242.15	0	.921189	0	.07881096	0
1241.15	0	.920662	0	.07933797	0
1240.15	0	.9201361	0	.07986387	0
1239.15	0	.9196113	0	.08038866	0
1238.15	0	.9190877	0	.08091235	0
1237.15	0	.9185651	0	.08143493	0
1236.15	0	.9180436	0	.08195642	0
1235.15	0	.9175232	0	.08247682	0
1234.15	0	.9170039	0	.08299612	0
1233.15	0	.9164857	0	.08351434	0
1232.15	0	.9159685	0	.08403147	0
1231.15	0	.9154525	0	.08454751	0
1230.15	0	.9149375	0	.08506248	0
1229.15	0	.9144236	0	.08557637	0
1228.15	0	.9139108	0	.08608918	0
1227.15	0	.9133991	0	.08660092	0
1226.15	0	.9128884	0	.08711159	0
1225.15	0	.9123788	0	.0876212	0
1224.15	0	.9118703	0	.08812974	0
1223.15	0	.9113628	0	.08863722	0
1222.15	0	.9108564	0	.08914364	0
1221.15	0	.910351	0	.089649	0
1220.15	0	.9098467	0	.09015331	0
1219.15	0	.9093434	0	.09065658	0
1218.15	0	.9088412	0	.09115879	0
1217.15	0	.90834	0	.09165996	0
1216.15	0	.9078399	0	.09216008	0
1215.15	0	.9073408	0	.09265917	0
1214.15	0	.9068428	0	.09315721	0
1213.15	0	.9063458	0	.09365423	0
1212.15	0	.9058498	0	.09415021	0
1211.15	0	.9053548	0	.09464516	0
1210.15	0	.9048609	0	.09513908	0
1209.15	0	.904368	0	.09563198	0
1208.15	0	.9038761	0	.09612385	0
1207.15	0	.9033853	0	.09661471	0
1206.15	0	.9028954	0	.09710455	0
1205.15	0	.9024066	0	.09759337	0
1204.15	0	.9019188	0	.09808119	0
1203.15	0	.901432	0	.09856799	0
1202.15	0	.9009462	0	.09905378	0
1201.15	0	.9004614	0	.09953857	0
1200.15	0	.8999776	0	.1000224	0
1199.15	0	.8994948	0	.1005052	0
1198.15	0	.8990131	0	.1009869	0
1197.15	0	.8985323	0	.1014677	0
1196.15	0	.8980525	0	.1019475	0
1195.15	0	.8975737	0	.1024263	0
1194.15	0	.8970958	0	.1029042	0
1193.15	0	.896619	0	.103381	0
1192.15	0	.8961431	0	.1038569	0
1191.15	0	.8956683	0	.1043317	0
1190.15	0	.8951944	0	.1048056	0
1189.15	0	.8947214	0	.1052786	0
1188.15	0	.8942495	0	.1057505	0
1187.15	0	.8937785	0	.1062215	0
1186.15	0	.8933085	0	.1066915	0
1185.15	0	.8928395	0	.1071605	0
1184.15	0	.8923714	0	.1076286	0
1183.15	0	.8919043	0	.1080957	0
1182.15	0	.8914381	0	.1085619	0
1181.15	0	.890973	0	.109027	0
1180.15	0	.8905087	0	.1094913	0
1179.15	0	.8900454	0	.1099546	0
1178.15	0	.8895831	0	.1104169	0
1177.15	0	.8891217	0	.1108783	0
1176.15	0	.8886613	0	.1113387	0
1175.15	0	.8882018	0	.1117982	0
1174.15	0	.8877433	0	.1122567	0
1173.15	0	.8872857	0	.1127143	0
1172.15	0	.886829	0	.113171	0
1171.15	0	.8863733	0	.1136267	0
1170.15	0	.8859185	0	.1140815	0
1169.15	0	.8854646	0	.1145354	0
1168.15	0	.8850117	0	.1149883	0
1167.15	0	.8845597	0	.1154403	0
1166.15	0	.8841086	0	.1158914	0
1165.15	0	.8836584	0	.1163416	0
1164.15	0	.8832092	0	.1167908	0
1163.15	0	.8827609	0	.1172391	0
1162.15	0	.8823135	0	.1176865	0
1161.15	0	.881867	0	.118133	0
1160.15	0	.8814214	0	.1185786	0
1159.15	0	.8809768	0	.1190232	0
1158.15	0	.880533	0	.119467	0
1157.15	0	.8800902	0	.1199098	0
1156.15	0	.8796482	0	.1203518	0
1155.15	0	.8792072	0	.1207928	0
1154.15	0	.8787671	0	.121233	0
1153.15	0	.8783278	0	.1216722	0
1152.15	0	.8778895	0	.1221105	0
1151.15	0	.8774521	0	.122548	0
1150.15	0	.8770155	0	.1229845	0
1149.15	0	.8765799	0	.1234202	0
1148.15	0	.8761451	0	.1238549	0
1147.15	0	.8757112	0	.1242888	0
1146.15	0	.8752782	0	.1247218	0
1145.15	0	.8748461	0	.1251539	0
1144.15	0	.8744149	0	.1255851	0
1143.15	0	.8739845	0	.1260155	0
1142.15	0	.8735551	0	.1264449	0
1141.15	0	.8731265	0	.1268735	0
1140.15	0	.8726988	0	.1273012	0
1139.15	0	.8722719	0	.1277281	0
1138.15	0	.8718459	0	.128154	0
1137.15	0	.8714209	0	.1285792	0
1136.15	0	.8709966	0	.1290034	0
1135.15	0	.8705732	0	.1294268	0
1134.15	0	.8701507	0	.1298493	0
1133.15	0	.8697291	0	.1302709	0
1132.15	0	.8693083	0	.1306917	0
1131.15	0	.8688884	0	.1311116	0
1130.15	0	.8684693	0	.1315307	0
1129.15	0	.8680511	0	.1319489	0
1128.15	0	.8676337	0	.1323663	0
1127.15	0	.8672172	0	.1327828	0
1126.15	0	.8668015	0	.1331985	0
1125.15	0	.8663867	0	.1336133	0
1124.15	0	.8659728	0	.1340273	0
1123.15	0	.8655596	0	.1344404	0
1122.15	0	.8651473	0	.1348527	0
1121.15	0	.8647359	0	.1352641	0
1120.15	0	.8643253	0	.1356747	0
1119.15	0	.8639155	0	.1360845	0
1118.15	0	.8635066	0	.1364934	0
1117.15	0	.8630985	0	.1369015	0
1116.15	0	.8626912	0	.1373088	0
1115.15	0	.8622848	0	.1377152	0
1114.15	0	.8618792	0	.1381208	0
1113.15	0	.8614744	0	.1385256	0
1112.15	0	.8610704	0	.1389296	0
1111.15	0	.8606673	0	.1393327	0
1110.15	0	.860265	0	.139735	0
1109.15	0	.8598635	0	.1401365	0
1108.15	0	.8594628	0	.1405372	0
1107.15	0	.859063	0	.140937	0
1106.15	0	.8586639	0	.1413361	0
1105.15	0	.8582657	0	.1417343	0
1104.15	0	.8578683	0	.1421317	0
1103.15	0	.8574717	0	.1425283	0
1102.15	0	.8570759	0	.1429241	0
1101.15	0	.8566809	0	.1433191	0
1100.15	0	.8562868	0	.1437132	0
1099.15	0	.8558934	0	.1441066	0
1098.15	0	.8555008	0	.1444992	0
1097.15	0	.8551091	0	.1448909	0
1096.15	0	.8547181	0	.1452819	0
1095.15	0	.8543279	0	.1456721	0
1094.15	0	.8539386	0	.1460614	0
1093.15	0	.85355	0	.14645	0
1092.15	0	.8531622	0	.1468378	0
1091.15	0	.8527752	0	.1472248	0
1090.15	0	.852389	0	.147611	0
1089.15	0	.8520036	0	.1479964	0
1088.15	0	.851619	0	.148381	0
1087.15	0	.8512352	0	.1487648	0
1086.15	0	.8508521	0	.1491479	0
1085.15	0	.8504699	0	.1495301	0
1084.15	0	.8500884	0	.1499116	0
1083.15	0	.8497077	0	.1502923	0
1082.15	0	.8493278	0	.1506722	0
1081.15	0	.8489487	0	.1510514	0
1080.15	0	.8485703	0	.1514297	0
1079.15	0	.8481927	0	.1518073	0
1078.15	0	.8478159	0	.1521841	0
1077.15	0	.8474399	0	.1525601	0
1076.15	0	.8470646	0	.1529354	0
1075.15	0	.8466901	0	.1533099	0
1074.15	0	.8463164	0	.1536836	0
1073.15	0	.8459434	0	.1540566	0
1072.15	0	.8455712	0	.1544288	0
1071.15	0	.8451998	0	.1548002	0
1070.15	0	.8448291	0	.1551709	0
1069.15	0	.8444592	0	.1555408	0
1068.15	0	.8440901	0	.1559099	0
1067.15	0	.8437217	0	.1562783	0
1066.15	0	.843354	0	.156646	0
1065.15	0	.8429872	0	.1570128	0
1064.15	0	.8426211	0	.1573789	0
1063.15	0	.8422557	0	.1577443	0
1062.15	0	.8418911	0	.1581089	0
1061.15	0	.8415272	0	.1584728	0
1060.15	0	.8411641	0	.1588359	0
1059.15	0	.8408018	0	.1591982	0
1058.15	0	.8404402	0	.1595598	0
1057.15	0	.8400793	0	.1599207	0
1056.15	0	.8397192	0	.1602808	0
1055.15	0	.8393598	0	.1606402	0
1054.15	0	.8390012	0	.1609988	0
1053.15	0	.8386433	0	.1613567	0
1052.15	0	.8382862	0	.1617139	0
1051.15	0	.8379297	0	.1620703	0
1050.15	0	.8375741	0	.1624259	0
1049.15	0	.8372191	0	.1627809	0
1048.15	0	.8368649	0	.1631351	0
1047.15	0	.8365115	0	.1634885	0
1046.15	0	.8361587	0	.1638413	0
1045.15	0	.8358068	0	.1641933	0
1044.15	0	.8354555	0	.1645445	0
1043.15	0	.8351049	0	.1648951	0
1042.15	0	.8347551	0	.1652449	0
1041.15	0	.8344061	0	.165594	0
1040.15	0	.8340577	0	.1659423	0
1039.15	0	.8337101	0	.1662899	0
1038.15	0	.8333631	0	.1666369	0
1037.15	0	.833017	0	.166983	0
1036.15	0	.8326715	0	.1673285	0
1035.15	0	.8323268	0	.1676732	0
1034.15	0	.8319827	0	.1680173	0
1033.15	0	.8316394	0	.1683606	0
1032.15	0	.8312969	0	.1687032	0
1031.15	0	.830955	0	.169045	0
1030.15	0	.8306138	0	.1693862	0
1029.15	0	.8302734	0	.1697266	0
1028.15	0	.8299337	0	.1700663	0
1027.15	0	.8295946	0	.1704054	0
1026.15	0	.8292563	0	.1707437	0
1025.15	0	.8289187	0	.1710813	0
1024.15	0	.8285818	0	.1714182	0
1023.15	0	.8282457	0	.1717543	0
1022.15	0	.8279102	0	.1720898	0
1021.15	0	.8275754	0	.1724246	0
1020.15	0	.8272414	0	.1727586	0
1019.15	0	.826908	0	.173092	0
1018.15	0	.8265754	0	.1734246	0
1017.15	0	.8262434	0	.1737566	0
1016.15	0	.8259121	0	.1740879	0
1015.15	0	.8255816	0	.1744184	0
1014.15	0	.8252517	0	.1747483	0
1013.15	0	.8249226	0	.1750774	0
1012.15	0	.8245941	0	.1754059	0
1011.15	0	.8242664	0	.1757336	0
1010.15	0	.8239393	0	.1760607	0
1009.15	0	.8236129	0	.1763871	0
1009.15	0	.8236131	0	.176387	0
1009.148	0	.8236123	0	.1763877	0
1009.148	0	.8236123	0	.1763877	0
1009.148	0	.8236123	0	.1763877	0
1008.15	0	.8226706	6.67471E-04	.1766619	0
1007.15	0	.8217297	.001334466	.1769359	0
1006.15	0	.8207914	.001999695	.1772089	0
1005.15	0	.8198557	.002663163	.1774812	0
1004.15	0	.8189225	.003324873	.1777526	0
1003.15	0	.817992	.003984827	.1780232	0
1002.15	0	.817064	.004643029	.178293	0
1001.15	0	.8161387	.005299482	.1785619	0
1000.15	0	.8152159	.005954191	.17883	0
999.15	0	.8142956	.006607158	.1790972	0
998.15	0	.813378	.007258387	.1793636	0
997.15	0	.8124629	.007907882	.1796292	0
996.15	0	.8115504	.008555646	.179894	0
995.15	0	.8106405	.009201684	.1801579	0
994.15	0	.8097331	.009846	.1804209	0
993.15	0	.8088282	.0104886	.1806832	0
992.15	0	.807926	.01112948	.1809446	0
991.15	0	.8070262	.01176865	.1812051	0
990.15	0	.8061291	.01240612	.1814648	0
989.15	0	.8052344	.01304188	.1817237	0
988.15	0	.8043423	.01367595	.1819817	0
987.15	0	.8034528	.01430832	.1822389	0
986.15	0	.8025657	.01493901	.1824952	0
985.15	0	.8016812	.01556801	.1827507	0
984.15	0	.8007993	.01619533	.1830054	0
983.15	0	.7999198	.01682098	.1832592	0
982.15	0	.7990429	.01744497	.1835121	0
981.15	0	.7981685	.01806729	.1837642	0
980.15	0	.7972966	.01868795	.1840155	0
979.15	0	.7964272	.01930696	.1842659	0
978.15	0	.7955603	.01992432	.1845154	0
977.15	0	.7946959	.02054004	.1847641	0
976.15	0	.793834	.02115413	.1850119	0
975.15	0	.7929745	.02176658	.1852589	0
974.15	0	.7921176	.02237741	.185505	0
973.15	0	.7912631	.02298663	.1857502	0
972.15	0	.7904111	.02359424	.1859946	0
971.15	0	.7895616	.02420024	.1862381	0
970.15	0	.7887146	.02480464	.1864808	0
969.15	0	.78787	.02540746	.1867226	0
968.15	0	.7870278	.02600869	.1869635	0
967.15	0	.7861882	.02660834	.1872035	0
966.15	0	.7853509	.02720643	.1874427	0
965.15	0	.7845161	.02780295	.1876809	0
964.15	0	.7836838	.02839792	.1879183	0
963.15	0	.7828538	.02899135	.1881549	0
962.15	0	.7820263	.02958324	.1883905	0
961.15	0	.7812012	.03017359	.1886252	0
960.15	0	.7803785	.03076243	.1888591	0
959.15	0	.7795582	.03134976	.1890921	0
958.15	0	.7787403	.03193558	.1893241	0
957.15	0	.7779248	.03251991	.1895553	0
956.15	0	.7771117	.03310276	.1897856	0
955.15	0	.7763009	.03368413	.190015	0
954.15	0	.7754925	.03426403	.1902435	0
953.15	0	.7746865	.03484248	.190471	0
952.15	0	.7738828	.03541949	.1906977	0
951.15	0	.7730815	.03599506	.1909234	0
950.15	0	.7722825	.03656921	.1911483	0
949.15	0	.7714859	.03714195	.1913722	0
948.15	0	.7706915	.03771328	.1915952	0
947.15	0	.7698995	.03828323	.1918172	0
946.15	0	.7691098	.0388518	.1920384	0
945.15	0	.7683224	.03941901	.1922586	0
944.15	0	.7675373	.03998486	.1924779	0
943.15	0	.7667544	.04054937	.1926962	0
942.15	0	.7659738	.04111256	.1929136	0
941.15	0	.7651955	.04167444	.19313	0
940.15	0	.7644194	.04223501	.1933456	0
939.15	0	.7636456	.0427943	.1935601	0
938.15	0	.762874	.04335232	.1937737	0
937.15	0	.7621046	.04390909	.1939863	0
936.15	0	.7613374	.04446461	.194198	0
935.15	0	.7605724	.04501891	.1944087	0
934.15	0	.7598096	.04557201	.1946184	0
933.15	0	.759049	.04612391	.1948272	0
932.15	0	.7582905	.04667463	.1950349	0
931.15	0	.7575341	.0472242	.1952417	0
930.15	0	.7567799	.04777262	.1954475	0
929.15	0	.7560278	.04831992	.1956523	0
928.15	0	.7552778	.04886612	.1958561	0
927.15	0	.7545299	.04941123	.1960588	0
926.15	0	.7537841	.04995528	.1962606	0
925.15	0	.7530404	.05049828	.1964614	0
924.15	0	.7522986	.05104026	.1966611	0
923.15	0	.751559	.05158123	.1968598	0
922.15	0	.7508213	.05212122	.1970575	0
921.15	0	.7500856	.05266024	.1972541	0
920.15	0	.7493519	.05319833	.1974497	0
919.15	0	.7486202	.0537355	.1976443	0
918.15	0	.7478904	.05427178	.1978378	0
917.15	0	.7471626	.05480719	.1980302	0
916.15	0	.7464367	.05534175	.1982216	0
915.15	0	.7457126	.05587549	.1984119	0
914.15	0	.7449905	.05640845	.1986011	0
913.15	0	.7442701	.05694064	.1987892	0
912.15	0	.7435517	.05747208	.1989763	0
911.15	0	.742835	.05800282	.1991622	0
910.15	0	.7421201	.05853287	.199347	0
909.15	0	.741407	.05906227	.1995308	0
908.15	0	.7406956	.05959105	.1997133	0
907.15	0	.739986	.06011923	.1998948	0
906.15	0	.739278	.06064685	.2000751	0
905.15	0	.7385717	.06117394	.2002543	0
904.15	0	.7378671	.06170054	.2004324	0
903.15	0	.7371641	.06222667	.2006093	0
902.15	0	.7364626	.06275237	.200785	0
901.15	0	.7357628	.06327769	.2009595	0
900.15	0	.7350645	.06380264	.2011329	0
899.15	0	.7343677	.06432728	.201305	0
898.15	0	.7336724	.06485163	.201476	0
897.15	0	.7329785	.06537575	.2016457	0
896.15	0	.7322861	.06589966	.2018143	0
895.15	0	.731595	.06642341	.2019816	0
894.15	0	.7309054	.06694704	.2021476	0
893.15	0	.730217	.0674706	.2023124	0
892.15	0	.7295299	.06799413	.202476	0
891.15	0	.7288441	.06851767	.2026382	0
890.15	0	.7281595	.06904127	.2027992	0
889.15	0	.7274761	.06956498	.202959	0
888.15	0	.7267938	.07008885	.2031174	0
887.15	0	.7261126	.07061293	.2032744	0
886.15	0	.7254325	.07113726	.2034302	0
885.15	0	.7247535	.07166191	.2035846	0
884.15	0	.7240754	.07218692	.2037377	0
883.15	0	.7233982	.07271236	.2038894	0
882.15	0	.722722	.07323827	.2040398	0
881.15	0	.7220466	.07376473	.2041887	0
880.15	0	.721372	.07429177	.2043363	0
879.15	0	.7206981	.07481948	.2044824	0
878.15	0	.720025	.07534791	.2046271	0
877.15	0	.7193525	.07587713	.2047703	0
876.15	0	.7186807	.07640721	.2049121	0
875.15	0	.7180093	.0769382	.2050525	0
874.15	0	.7173385	.0774702	.2051913	0
873.15	0	.7166681	.07800325	.2053286	0
872.15	0	.7159981	.07853745	.2054644	0
871.15	0	.7153284	.07907287	.2055987	0
870.15	0	.714659	.07960958	.2057314	0
869.15	0	.7139898	.08014768	.2058625	0
868.15	0	.7133207	.08068723	.2059921	0
867.15	0	.7126516	.08122834	.20612	0
866.15	0	.7119826	.08177108	.2062463	0
865.15	0	.7113135	.08231555	.206371	0
864.15	0	.7106442	.08286184	.2064939	0
863.15	0	.7099747	.08341005	.2066152	0
862.15	0	.7093049	.08396028	.2067348	0
861.15	0	.7086347	.08451264	.2068526	0
860.15	0	.7079641	.08506722	.2069687	0
859.15	0	.7072929	.08562415	.207083	0
858.15	0	.706621	.08618353	.2071954	0
857.15	0	.7059484	.08674548	.2073061	0
856.15	0	.705275	.08731012	.2074149	0
855.15	0	.7046007	.08787759	.2075217	0
854.15	0	.7039253	.088448	.2076267	0
853.15	0	.7032488	.0890215	.2077297	0
852.15	0	.702571	.08959822	.2078308	0
851.15	0	.7018919	.09017831	.2079298	0
850.15	0	.7012113	.09076193	.2080268	0
849.15	0	.7005291	.09134922	.2081217	0
848.15	0	.6998452	.09194034	.2082145	0
847.15	0	.6991594	.09253547	.2083051	0
846.15	0	.6984717	.09313479	.2083936	0
845.15	0	.6977818	.09373846	.2084798	0
844.15	0	.6970896	.0943467	.2085637	0
843.15	0	.696395	.09495968	.2086454	0
842.15	0	.6956977	.09557762	.2087247	0
841.15	0	.6949977	.09620074	.2088015	0
840.15	0	.6942948	.09682926	.208876	0
839.15	0	.6935887	.09746341	.2089479	0
838.15	0	.6928793	.09810345	.2090172	0
837.15	0	.6921664	.09874963	.209084	0
836.15	0	.6914498	.09940222	.209148	0
835.15	0	.6907292	.1000615	.2092093	0
834.15	0	.6900044	.1007278	.2092678	0
833.15	0	.6892751	.1014014	.2093234	0
832.15	0	.6885412	.1020827	.2093761	0
831.15	0	.6878023	.1027719	.2094258	0
830.15	0	.6870581	.1034696	.2094723	0
829.15	0	.6863084	.1041759	.2095157	0
828.15	0	.6855528	.1048915	.2095557	0
827.15	0	.6847909	.1056167	.2095924	0
826.15	0	.6840224	.106352	.2096256	0
825.15	0	.683247	.1070978	.2096552	0
824.15	0	.6824641	.1078548	.2096811	0
823.15	0	.6816734	.1086235	.2097031	0
822.15	0	.6808744	.1094044	.2097212	0
821.15	0	.6800665	.1101983	.2097351	0
820.15	0	.6792493	.1110059	.2097448	0
819.15	0	.6784221	.1118278	.2097501	0
818.15	0	.6775843	.112665	.2097507	0
817.15	0	.6767352	.1135182	.2097466	0
816.15	0	.6758741	.1143885	.2097374	0
815.15	0	.6750002	.1152769	.209723	0
814.15	0	.6741125	.1161844	.2097031	0
813.15	0	.6732102	.1171124	.2096774	0
812.15	0	.6722921	.1180622	.2096457	0
811.15	0	.6713571	.1190353	.2096076	0
810.15	0	.6704039	.1200334	.2095628	0
809.15	0	.6691513	.1213934	.2094553	0
808.15	0	.6675241	.1232082	.2092677	0
807.15	0	.6659732	.1249375	.2090893	0
806.15	0	.6644927	.1265882	.2089191	0
805.15	0	.6630774	.128166	.2087566	0
804.15	0	.6617224	.1296764	.2086012	0
803.15	0	.6604234	.1311241	.2084524	0
802.15	0	.6591767	.1325135	.2083098	0
801.15	0	.6579788	.1338484	.2081728	0
800.15	0	.6568265	.1351323	.2080412	0
799.15	0	.6557169	.1363686	.2079145	0
798.15	0	.6546475	.1375601	.2077925	0
797.15	0	.6536158	.1387095	.2076748	0
796.15	0	.6526196	.1398193	.2075611	0
795.15	0	.6516569	.1408918	.2074513	0
794.15	0	.6507259	.141929	.2073451	0
793.15	0	.6498249	.1429329	.2072423	0
792.15	0	.6489522	.1439052	.2071426	0
791.15	0	.6481063	.1448477	.207046	0
790.15	0	.6472861	.1457618	.2069522	0
789.15	0	.64649	.1466489	.206861	0
788.15	0	.6457171	.1475105	.2067724	0
787.15	0	.6449661	.1483477	.2066862	0
786.15	0	.6442361	.1491617	.2066023	0
785.15	0	.643526	.1499535	.2065205	0
784.15	0	.642835	.1507242	.2064408	0
783.15	0	.6421622	.1514748	.206363	0
782.15	0	.6415084	.1522049	.2062867	0
781.15	0	.6408696	.1529179	.2062125	0
780.15	0	.6402468	.1536132	.20614	0
779.15	0	.6396394	.1542916	.206069	0
778.15	0	.6390466	.1549538	.2059996	0
777.15	0	.638468	.1556004	.2059316	0
776.15	0	.6379028	.1562322	.205865	0
775.15	0	.6373507	.1568496	.2057997	0
774.15	0	.6368112	.1574532	.2057356	0
773.15	0	.6362836	.1580436	.2056727	0
772.15	0	.6357677	.1586213	.205611	0
771.15	0	.6352629	.1591868	.2055503	0
770.15	0	.6347689	.1597405	.2054907	0
769.15	0	.6342852	.1602828	.2054321	0
768.15	0	.6338115	.1608141	.2053744	0
767.15	0	.6333475	.1613349	.2053176	0
766.15	0	.6328928	.1618455	.2052617	0
765.15	0	.6324471	.1623463	.2052066	0
764.15	0	.63201	.1628376	.2051523	0
763.15	0	.6315814	.1633198	.2050988	0
762.15	0	.6311609	.1637931	.205046	0
761.15	0	.6307483	.1642578	.2049939	0
760.15	0	.6303432	.1647143	.2049425	0
759.15	0	.6299455	.1651627	.2048918	0
758.15	0	.629555	.1656034	.2048416	0
757.15	0	.6291713	.1660366	.2047921	0
756.15	0	.6287944	.1664626	.2047431	0
755.15	0	.6284239	.1668815	.2046946	0
754.15	0	.6280598	.1672935	.2046467	0
753.15	0	.6277017	.167699	.2045993	0
752.15	0	.6273496	.1680981	.2045523	0
751.15	0	.6270032	.168491	.2045059	0
750.15	0	.6266624	.1688778	.2044598	0
749.15	0	.626327	.1692588	.2044143	0
748.15	0	.6259969	.1696341	.2043691	0
747.15	0	.6256719	.1700038	.2043243	0
746.15	0	.6253519	.1703682	.2042799	0
745.15	0	.6250367	.1707275	.2042358	0
744.15	0	.6247263	.1710816	.2041921	0
743.15	0	.6244204	.1714309	.2041488	0
742.15	0	.624119	.1717753	.2041057	0
741.15	0	.6238219	.1721151	.204063	0
740.15	0	.6235291	.1724504	.2040206	0
739.15	0	.6232403	.1727812	.2039784	0
738.15	0	.6229556	.1731078	.2039366	0
737.15	0	.6226748	.1734302	.203895	0
736.15	0	.6223978	.1737486	.2038536	0
735.15	0	.6221245	.174063	.2038125	0
734.15	0	.6218548	.1743735	.2037717	0
733.15	0	.6215887	.1746803	.203731	0
732.15	0	.621326	.1749834	.2036906	0
731.15	0	.6210667	.1752829	.2036504	0
730.15	0	.6208106	.175579	.2036104	0
729.15	0	.6205578	.1758716	.2035706	0
728.15	0	.620308	.176161	.203531	0
727.15	0	.6200614	.1764471	.2034915	0
726.15	0	.6198177	.1767301	.2034523	0
725.15	0	.6195769	.17701	.2034131	0
724.15	0	.619339	.1772868	.2033742	0
723.15	0	.6191038	.1775608	.2033354	0
722.15	0	.6188714	.1778319	.2032967	0
721.15	0	.6186416	.1781002	.2032582	0
720.15	0	.6184144	.1783657	.2032199	0
719.15	0	.6181898	.1786286	.2031816	0
718.15	0	.6179677	.1788888	.2031435	0
717.15	0	.617748	.1791465	.2031055	0
716.15	0	.6175306	.1794018	.2030676	0
715.15	0	.6173156	.1796545	.2030298	0
714.15	0	.6171029	.1799049	.2029922	0
713.15	0	.6168925	.180153	.2029546	0
712.15	0	.6166842	.1803987	.2029171	0
711.15	0	.616478	.1806422	.2028797	0
710.15	0	.616274	.1808836	.2028425	0
709.15	0	.616072	.1811227	.2028052	0
708.15	0	.615872	.1813598	.2027681	0
707.15	0	.615674	.1815949	.2027311	0
706.15	0	.615478	.1818279	.2026941	0
705.15	0	.6152838	.1820589	.2026572	0
704.15	0	.6150916	.1822881	.2026204	0
703.15	0	.6149011	.1825153	.2025836	0
702.15	0	.6147124	.1827406	.2025469	0
701.15	0	.6145255	.1829642	.2025103	0
700.15	0	.6143403	.183186	.2024737	0
699.15	0	.6141568	.183406	.2024372	0
698.15	0	.613975	.1836243	.2024007	0
697.15	0	.6137948	.1838409	.2023643	0
696.15	0	.6136162	.1840559	.2023279	0
695.15	0	.6134392	.1842693	.2022916	0
694.15	0	.6132637	.184481	.2022553	0
693.15	0	.6130897	.1846912	.2022191	0
692.15	0	.6129172	.1848999	.2021829	0
691.15	0	.6127462	.1851071	.2021467	0
690.15	0	.6125766	.1853128	.2021106	0
689.15	0	.6124085	.1855171	.2020745	0
688.15	0	.6122417	.1857199	.2020384	0
687.15	0	.6120763	.1859213	.2020024	0
686.15	0	.6119122	.1861214	.2019664	0
685.15	0	.6117495	.1863201	.2019304	0
684.15	0	.611588	.1865175	.2018945	0
683.15	0	.6114278	.1867136	.2018585	0
682.15	0	.6112689	.1869085	.2018226	0
681.15	0	.6111112	.187102	.2017868	0
680.15	0	.6109548	.1872943	.2017509	0
679.15	0	.6107995	.1874854	.2017151	0
678.15	0	.6106454	.1876754	.2016792	0
677.15	0	.6104925	.1878641	.2016434	0
676.15	0	.6103407	.1880517	.2016076	0
675.15	0	.61019	.1882381	.2015719	0
674.15	0	.6100405	.1884234	.2015361	0
673.15	0	.609892	.1886076	.2015004	0
672.15	0	.6097446	.1887908	.2014647	0
671.15	0	.6095983	.1889728	.2014289	0
670.15	0	.609453	.1891538	.2013932	0
669.15	0	.6093087	.1893338	.2013575	0
668.15	0	.6091654	.1895127	.2013218	0
667.15	0	.6090231	.1896907	.2012862	0
666.15	0	.6088818	.1898677	.2012505	0
665.15	0	.6087415	.1900436	.2012149	0
664.15	0	.6086022	.1902187	.2011792	0
663.15	0	.6084637	.1903927	.2011436	0
662.15	0	.6083262	.1905659	.2011079	0
661.15	0	.6081896	.1907381	.2010723	0
660.15	0	.608054	.1909094	.2010367	0
659.15	0	.6079192	.1910798	.201001	0
658.15	0	.6077852	.1912494	.2009654	0
657.15	0	.6076522	.191418	.2009298	0
656.15	0	.60752	.1915858	.2008942	0
655.15	0	.6073886	.1917528	.2008586	0
654.15	0	.6072581	.1919189	.200823	0
653.15	0	.6071284	.1920842	.2007874	0
652.15	0	.6069995	.1922487	.2007518	0
651.15	0	.6068714	.1924124	.2007162	0
650.15	0	.6067441	.1925753	.2006806	0
649.15	0	.6066176	.1927374	.200645	0
648.15	0	.6064918	.1928988	.2006094	0
647.15	0	.6063668	.1930593	.2005739	0
646.15	0	.6062426	.1932192	.2005383	0
645.15	0	.6061191	.1933783	.2005027	0
644.15	0	.6059963	.1935366	.2004671	0
643.15	0	.6058742	.1936942	.2004315	0
642.15	0	.6057529	.1938511	.200396	0
641.15	0	.6056323	.1940073	.2003604	0
640.15	0	.6055124	.1941628	.2003248	0
639.15	0	.6053931	.1943177	.2002892	0
638.15	0	.6052746	.1944718	.2002537	0
637.15	0	.6051567	.1946252	.2002181	0
636.15	0	.6050395	.194778	.2001825	0
635.15	0	.6049229	.1949301	.2001469	0
634.15	0	.604807	.1950816	.2001114	0
633.15	0	.6046918	.1952324	.2000758	0
632.15	0	.6045772	.1953826	.2000403	0
631.15	0	.6044632	.1955321	.2000047	0
630.15	0	.6043498	.195681	.1999691	0
629.15	0	.6042371	.1958293	.1999336	0
628.15	0	.604125	.195977	.199898	0
627.15	0	.6040134	.1961241	.1998625	0
626.15	0	.6039025	.1962706	.1998269	0
625.15	0	.6037922	.1964164	.1997914	0
624.15	0	.6036824	.1965617	.1997559	0
623.15	0	.6035732	.1967064	.1997203	0
622.15	0	.6034647	.1968506	.1996848	0
621.15	0	.6033566	.1969941	.1996493	0
620.15	0	.6032492	.1971371	.1996137	0
619.15	0	.6031422	.1972796	.1995782	0
618.15	0	.6030359	.1974214	.1995427	0
617.15	0	.6029301	.1975627	.1995072	0
616.15	0	.6028248	.1977035	.1994717	0
615.15	0	.6027201	.1978437	.1994362	0
614.15	0	.6026159	.1979834	.1994007	0
613.15	0	.6025122	.1981226	.1993652	0
612.15	0	.6024091	.1982612	.1993297	0
611.15	0	.6023064	.1983994	.1992942	0
610.15	0	.6022043	.1985369	.1992588	0
609.15	0	.6021027	.198674	.1992233	0
608.15	0	.6020016	.1988106	.1991878	0
607.15	0	.601901	.1989466	.1991524	0
606.15	0	.6018009	.1990822	.1991169	0
605.15	0	.6017012	.1992173	.1990815	0
604.15	0	.6016021	.1993518	.1990461	0
603.15	0	.6015034	.1994859	.1990107	0
602.15	0	.6014052	.1996195	.1989753	0
601.15	0	.6013075	.1997526	.1989399	0
600.15	0	.6012103	.1998852	.1989045	0
599.15	0	.6011135	.2000173	.1988691	0
598.15	0	.6010172	.200149	.1988338	0
597.15	0	.6009213	.2002802	.1987985	0
596.15	0	.6008259	.200411	.1987631	0
595.15	0	.600731	.2005412	.1987278	0
594.15	0	.6006365	.200671	.1986925	0
593.15	0	.6005424	.2008004	.1986572	0
592.15	0	.6004488	.2009293	.1986219	0
591.15	0	.6003556	.2010577	.1985867	0
590.15	0	.6002629	.2011857	.1985514	0
589.15	0	.6001705	.2013133	.1985162	0
588.15	0	.6000787	.2014404	.198481	0
587.15	0	.5999872	.2015671	.1984458	0
586.15	0	.5998961	.2016933	.1984106	0
585.15	0	.5998055	.2018191	.1983754	0
584.15	0	.5997153	.2019444	.1983403	0
583.15	0	.5996255	.2020694	.1983051	0
582.15	0	.5995361	.2021939	.19827	0
581.15	0	.5994471	.2023179	.1982349	0
580.15	0	.5993585	.2024416	.1981999	0
579.15	0	.5992704	.2025648	.1981648	0
578.15	0	.5991826	.2026876	.1981298	0
577.15	0	.5990952	.20281	.1980948	0
576.15	0	.5990082	.202932	.1980598	0
575.15	0	.5989216	.2030536	.1980248	0
574.15	0	.5988354	.2031747	.1979899	0
573.15	0	.5987495	.2032955	.197955	0
572.15	0	.5986641	.2034158	.1979201	0
571.15	0	.598579	.2035357	.1978852	0
570.15	0	.5984944	.2036553	.1978504	0
569.15	0	.59841	.2037744	.1978156	0
568.15	0	.5983261	.2038931	.1977808	0
567.15	0	.5982425	.2040115	.197746	0
566.15	0	.5981593	.2041294	.1977113	0
565.15	0	.5980765	.2042469	.1976766	0
564.15	0	.597994	.2043641	.1976419	0
563.15	0	.5979119	.2044808	.1976072	0
562.15	0	.5978302	.2045972	.1975726	0
561.15	0	.5977488	.2047132	.197538	0
560.15	0	.5976678	.2048288	.1975034	0
559.15	0	.5975871	.204944	.1974689	0
558.15	0	.5975068	.2050588	.1974344	0
557.15	0	.5974268	.2051733	.1973999	0
556.15	0	.5973472	.2052873	.1973655	0
555.15	0	.5972679	.205401	.1973311	0
554.15	0	.597189	.2055143	.1972967	0
553.15	0	.5971104	.2056272	.1972624	0
552.15	0	.5970322	.2057397	.1972281	0
551.15	0	.5969543	.2058519	.1971938	0
550.15	0	.5968767	.2059637	.1971596	0
549.15	0	.5967995	.2060751	.1971254	0
548.15	0	.5967226	.2061862	.1970913	0
547.15	0	.596646	.2062969	.1970571	0
546.15	0	.5965698	.2064071	.1970231	0
545.15	0	.5964939	.2065171	.196989	0
544.15	0	.5964183	.2066267	.196955	0
543.15	0	.5963431	.2067359	.1969211	0
542.15	0	.5962682	.2068447	.1968872	0
541.15	0	.5961936	.2069532	.1968533	0
540.15	0	.5961193	.2070613	.1968194	0
539.15	0	.5960453	.207169	.1967856	0
538.15	0	.5959717	.2072764	.1967519	0
537.15	0	.5958984	.2073834	.1967182	0
536.15	0	.5958254	.2074901	.1966845	0
535.15	0	.5957527	.2075964	.1966509	0
534.15	0	.5956803	.2077023	.1966173	0
533.15	0	.5956083	.2078079	.1965838	0
532.15	0	.5955365	.2079131	.1965503	0
531.15	0	.5954651	.208018	.1965169	0
530.15	0	.5953939	.2081225	.1964835	0
529.15	0	.5953231	.2082267	.1964502	0
528.15	0	.5952526	.2083305	.1964169	0
527.15	0	.5951825	.2084339	.1963836	0
526.15	0	.5951126	.208537	.1963504	0
525.15	0	.595043	.2086398	.1963172	0
524.15	0	.5949737	.2087422	.1962841	0
523.15	0	.5949047	.2088442	.1962511	0
522.15	0	.594836	.2089459	.1962181	0
521.15	0	.5947676	.2090472	.1961852	0
520.15	0	.5946995	.2091482	.1961523	0
519.15	0	.5946317	.2092488	.1961195	0
518.15	0	.5945642	.2093491	.1960867	0
517.15	0	.594497	.209449	.196054	0
516.15	0	.59443	.2095486	.1960213	0
515.15	0	.5943634	.2096479	.1959887	0
514.15	0	.5942971	.2097468	.1959562	0
513.15	0	.594231	.2098453	.1959237	0
512.15	0	.5941652	.2099435	.1958913	0
511.15	0	.5940998	.2100413	.1958589	0
510.15	0	.5940346	.2101388	.1958266	0
509.15	0	.5939697	.210236	.1957944	0
508.15	0	.593905	.2103328	.1957622	0
507.15	0	.5938407	.2104293	.19573	0
506.15	0	.5937767	.2105254	.195698	0
505.15	0	.5937129	.2106212	.195666	0
504.15	0	.5936494	.2107166	.195634	0
503.15	0	.5935862	.2108117	.1956021	0
502.15	0	.5935232	.2109064	.1955703	0
501.15	0	.5934606	.2110008	.1955386	0
500.15	0	.5933982	.2110949	.1955069	0
499.15	0	.5933361	.2111886	.1954753	0
498.15	0	.5932743	.211282	.1954437	0
497.15	0	.5932128	.211375	.1954122	0
496.15	0	.5931515	.2114677	.1953808	0
495.15	0	.5930905	.21156	.1953495	0
494.15	0	.5930298	.2116521	.1953182	0
493.15	0	.5929693	.2117437	.195287	0
492.15	0	.5929091	.211835	.1952558	0
491.15	0	.5928492	.211926	.1952248	0
490.15	0	.5927896	.2120167	.1951938	0
489.15	0	.5927302	.212107	.1951628	0
488.15	0	.5926711	.2121969	.195132	0
487.15	0	.5926123	.2122865	.1951012	0
486.15	0	.5925537	.2123758	.1950705	0
485.15	0	.5924954	.2124647	.1950399	0
484.15	0	.5924374	.2125533	.1950093	0
483.15	0	.5923796	.2126416	.1949788	0
482.15	0	.5923221	.2127295	.1949484	0
481.15	0	.5922649	.2128171	.1949181	0
480.15	0	.5922079	.2129043	.1948878	0
479.15	0	.5921512	.2129912	.1948576	0
478.15	0	.5920947	.2130778	.1948275	0
477.15	0	.5920385	.213164	.1947975	0
476.15	0	.5919826	.2132499	.1947675	0
475.15	0	.5919269	.2133354	.1947377	0
474.15	0	.5918715	.2134206	.1947079	0
473.15	0	.5918164	.2135055	.1946782	0
472.15	0	.5917615	.21359	.1946485	0
471.15	0	.5917068	.2136742	.194619	0
470.15	0	.5916525	.213758	.1945895	0
469.15	0	.5915983	.2138415	.1945602	0
468.15	0	.5915445	.2139247	.1945309	0
467.15	0	.5914909	.2140075	.1945016	0
466.15	0	.5914375	.21409	.1944725	0
465.15	0	.5913844	.2141721	.1944435	0
464.15	0	.5913315	.2142539	.1944145	0
463.15	0	.5912789	.2143354	.1943856	0
462.15	0	.5912266	.2144166	.1943568	0
461.15	0	.5911745	.2144974	.1943281	0
460.15	0	.5911227	.2145778	.1942995	0
459.15	0	.5910711	.2146579	.194271	0
458.15	0	.5910197	.2147377	.1942426	0
457.15	0	.5909686	.2148172	.1942142	0
456.15	0	.5909178	.2148963	.194186	0
455.15	0	.5908672	.214975	.1941578	0
454.15	0	.5908169	.2150534	.1941297	0
453.15	0	.5907668	.2151315	.1941017	0
452.15	0	.5907169	.2152093	.1940738	0
451.15	0	.5906673	.2152867	.194046	0
450.15	0	.5906179	.2153638	.1940183	0
449.15	0	.5905689	.2154404	.1939907	0
448.15	0	.59052	.2155168	.1939632	0
447.15	0	.5904715	.2155927	.1939358	0
446.15	0	.5904232	.2156684	.1939085	0
445.15	0	.5903751	.2157436	.1938813	0
444.15	0	.5903273	.2158185	.1938542	0
443.15	0	.5902797	.2158931	.1938272	0
442.15	0	.5902325	.2159672	.1938003	0
441.15	0	.5901855	.216041	.1937735	0
440.15	0	.5901387	.2161144	.1937468	0
439.15	0	.5900923	.2161875	.1937203	0
438.15	0	.5900461	.2162601	.1936938	0
437.15	0	.5900001	.2163324	.1936675	0
436.15	0	.5899545	.2164042	.1936413	0
435.15	0	.5899091	.2164757	.1936152	0
434.15	0	.589864	.2165467	.1935892	0
433.15	0	.5898193	.2166174	.1935634	0
432.15	0	.5897747	.2166876	.1935377	0
431.15	0	.5897305	.2167575	.1935121	0
430.15	0	.5896865	.2168269	.1934866	0
429.15	0	.5896429	.2168959	.1934612	0
428.15	0	.5895995	.2169645	.193436	0
427.15	0	.5895564	.2170327	.1934109	0
426.15	0	.5895136	.2171005	.193386	0
425.15	0	.589471	.2171678	.1933611	0
424.15	0	.5894288	.2172348	.1933364	0
423.15	0	.5893869	.2173013	.1933119	0
422.15	0	.5893452	.2173674	.1932874	0
421.15	0	.5893038	.2174331	.1932631	0
420.15	0	.5892627	.2174983	.1932389	0
419.15	0	.5892219	.2175632	.1932149	0
418.15	0	.5891814	.2176276	.193191	0
417.15	0	.5891412	.2176915	.1931673	0
416.15	0	.5891013	.2177551	.1931436	0
415.15	0	.5890616	.2178183	.1931201	0
414.15	0	.5890223	.217881	.1930968	0
413.15	0	.5889832	.2179433	.1930736	0
412.15	0	.5889444	.2180051	.1930505	0
411.15	0	.5889059	.2180666	.1930276	0
410.15	0	.5888676	.2181276	.1930048	0
409.15	0	.5888297	.2181882	.1929821	0
408.15	0	.588792	.2182484	.1929596	0
407.15	0	.5887546	.2183082	.1929372	0
406.15	0	.5887175	.2183675	.1929149	0
405.15	0	.5886807	.2184265	.1928928	0
404.15	0	.5886441	.218485	.1928709	0
403.15	0	.5886079	.2185431	.1928491	0
402.15	0	.5885719	.2186008	.1928274	0
401.15	0	.5885361	.218658	.1928058	0
400.15	0	.5885007	.2187149	.1927844	0
399.15	0	.5884655	.2187714	.1927631	0
398.15	0	.5884306	.2188274	.192742	0
397.15	0	.5883959	.218883	.192721	0
396.15	0	.5883615	.2189383	.1927002	0
395.15	0	.5883274	.2189931	.1926795	0
394.15	0	.5882936	.2190475	.1926589	0
393.15	0	.58826	.2191015	.1926385	0
392.15	0	.5882266	.2191552	.1926182	0
391.15	0	.5881936	.2192084	.192598	0
390.15	0	.5881607	.2192613	.192578	0
389.15	0	.5881282	.2193137	.1925581	0
388.15	0	.5880958	.2193658	.1925384	0
387.15	0	.5880638	.2194174	.1925188	0
386.15	0	.588032	.2194687	.1924993	0
385.15	0	.5880004	.2195196	.19248	0
384.15	0	.5879691	.2195701	.1924608	0
383.15	0	.587938	.2196203	.1924417	0
382.15	0	.5879071	.2196701	.1924228	0
381.15	0	.5878765	.2197194	.192404	0
380.15	0	.5878462	.2197685	.1923854	0
379.15	0	.5878161	.2198171	.1923668	0
378.15	0	.5877862	.2198654	.1923485	0
377.15	0	.5877565	.2199133	.1923302	0
376.15	0	.5877271	.2199609	.1923121	0
375.15	0	.5876979	.2200081	.1922941	0
374.15	0	.5876689	.2200549	.1922762	0
373.15	0	.5876401	.2201014	.1922585	0
372.15	0	.5876116	.2201475	.1922409	0
371.15	0	.5875833	.2201933	.1922234	0
370.15	0	.5875552	.2202387	.1922061	0
369.15	0	.5875273	.2202838	.1921889	0
368.15	0	.5874996	.2203286	.1921718	0
367.15	0	.5874722	.220373	.1921548	0
366.15	0	.5874449	.2204171	.192138	0
365.15	0	.5874179	.2204608	.1921213	0
364.15	0	.5873911	.2205042	.1921047	0
363.15	0	.5873644	.2205473	.1920883	0
362.15	0	.587338	.2205901	.1920719	0
361.15	0	.5873118	.2206325	.1920557	0
360.15	0	.5872857	.2206746	.1920397	0
359.15	0	.5872599	.2207164	.1920237	0
358.15	0	.5872342	.2207579	.1920079	0
357.15	0	.5872088	.2207991	.1919922	0
356.15	0	.5871835	.2208399	.1919766	0
355.15	0	.5871584	.2208805	.1919611	0
354.15	0	.5871335	.2209207	.1919458	0
353.15	0	.5871088	.2209607	.1919306	0
352.15	0	.5870842	.2210003	.1919154	0
351.15	0	.5870599	.2210397	.1919005	0
350.15	0	.5870357	.2210787	.1918856	0
349.15	0	.5870117	.2211175	.1918709	0
348.15	0	.5869878	.221156	.1918562	0
347.15	0	.5869642	.2211942	.1918417	0
346.15	0	.5869407	.2212321	.1918273	0
345.15	0	.5869173	.2212697	.191813	0
344.15	0	.5868941	.221307	.1917988	0
343.15	0	.5868711	.2213441	.1917848	0
342.15	0	.5868483	.2213809	.1917708	0
341.15	0	.5868256	.2214174	.191757	0
340.15	0	.586803	.2214537	.1917433	0
339.15	0	.5867807	.2214897	.1917297	0
338.15	0	.5867584	.2215254	.1917162	0
337.15	0	.5867363	.2215609	.1917028	0
336.15	0	.5867144	.2215961	.1916895	0
335.15	0	.5866926	.2216311	.1916764	0
334.15	0	.586671	.2216658	.1916633	0
333.15	0	.5866494	.2217002	.1916503	0
