T	 BPW(LIQUID)	BPW(BCC_A2)	BPW(FCC_A1)	BPW(LAVES_PHASE_C14)	BPW(NI3TI)
1473.15	0	1	0	0	0
1472.15	0	1	0	0	0
1471.15	0	1	0	0	0
1470.15	0	1	0	0	0
1469.15	0	1	0	0	0
1468.15	0	1	0	0	0
1467.15	0	1	0	0	0
1466.15	0	1	0	0	0
1465.15	0	1	0	0	0
1464.15	0	1	0	0	0
1463.15	0	1	0	0	0
1462.15	0	1	0	0	0
1461.15	0	1	0	0	0
1460.15	0	1	0	0	0
1459.15	0	1	0	0	0
1458.15	0	1	0	0	0
1457.15	0	1	0	0	0
1456.15	0	1	0	0	0
1455.15	0	1	0	0	0
1454.15	0	1	0	0	0
1453.15	0	1	0	0	0
1452.15	0	1	0	0	0
1451.15	0	1	0	0	0
1450.15	0	1	0	0	0
1449.15	0	1	0	0	0
1448.15	0	1	0	0	0
1447.15	0	1	0	0	0
1446.15	0	1	0	0	0
1445.15	0	1	0	0	0
1444.15	0	1	0	0	0
1443.15	0	1	0	0	0
1442.15	0	1	0	0	0
1441.15	0	1	0	0	0
1440.15	0	1	0	0	0
1439.15	0	1	0	0	0
1438.15	0	1	0	0	0
1437.15	0	1	0	0	0
1436.15	0	1	0	0	0
1435.15	0	1	0	0	0
1434.15	0	1	0	0	0
1433.15	0	1	0	0	0
1432.15	0	1	0	0	0
1431.15	0	1	0	0	0
1430.15	0	1	0	0	0
1429.15	0	1	0	0	0
1428.15	0	1	0	0	0
1427.15	0	1	0	0	0
1426.15	0	1	0	0	0
1425.15	0	1	0	0	0
1424.15	0	1	0	0	0
1423.15	0	1	0	0	0
1422.15	0	1	0	0	0
1421.15	0	1	0	0	0
1420.15	0	1	0	0	0
1419.15	0	1	0	0	0
1418.15	0	1	0	0	0
1417.15	0	1	0	0	0
1416.15	0	1	0	0	0
1415.15	0	1	0	0	0
1414.15	0	1	0	0	0
1413.15	0	1	0	0	0
1412.15	0	1	0	0	0
1411.15	0	1	0	0	0
1410.15	0	1	0	0	0
1409.15	0	1	0	0	0
1408.15	0	1	0	0	0
1407.15	0	1	0	0	0
1406.15	0	1	0	0	0
1405.15	0	1	0	0	0
1404.15	0	1	0	0	0
1403.15	0	1	0	0	0
1402.15	0	1	0	0	0
1401.15	0	1	0	0	0
1400.15	0	1	0	0	0
1399.15	0	1	0	0	0
1398.15	0	1	0	0	0
1397.15	0	1	0	0	0
1396.15	0	1	0	0	0
1395.15	0	1	0	0	0
1394.15	0	1	0	0	0
1393.15	0	1	0	0	0
1392.15	0	1	0	0	0
1391.15	0	1	0	0	0
1390.15	0	1	0	0	0
1389.15	0	1	0	0	0
1388.15	0	1	0	0	0
1387.15	0	1	0	0	0
1386.15	0	1	0	0	0
1385.15	0	1	0	0	0
1384.15	0	1	0	0	0
1383.15	0	1	0	0	0
1382.15	0	1	0	0	0
1381.15	0	1	0	0	0
1380.15	0	1	0	0	0
1379.15	0	1	0	0	0
1378.15	0	1	0	0	0
1377.15	0	1	0	0	0
1376.15	0	1	0	0	0
1375.15	0	1	0	0	0
1374.15	0	1	0	0	0
1373.15	0	1	0	0	0
1372.15	0	1	0	0	0
1371.15	0	1	0	0	0
1370.15	0	1	0	0	0
1369.15	0	1	0	0	0
1368.15	0	1	0	0	0
1367.15	0	1	0	0	0
1366.15	0	1	0	0	0
1365.15	0	1	0	0	0
1364.15	0	1	0	0	0
1363.15	0	1	0	0	0
1362.15	0	1	0	0	0
1361.15	0	1	0	0	0
1360.15	0	1	0	0	0
1359.15	0	1	0	0	0
1358.15	0	1	0	0	0
1357.15	0	1	0	0	0
1356.15	0	1	0	0	0
1355.15	0	1	0	0	0
1354.15	0	1	0	0	0
1353.15	0	1	0	0	0
1352.15	0	1	0	0	0
1351.15	0	1	0	0	0
1350.15	0	1	0	0	0
1349.15	0	1	0	0	0
1348.15	0	1	0	0	0
1347.15	0	1	0	0	0
1346.15	0	1	0	0	0
1345.15	0	1	0	0	0
1344.15	0	1	0	0	0
1343.15	0	1	0	0	0
1342.15	0	1	0	0	0
1341.15	0	1	0	0	0
1340.15	0	1	0	0	0
1339.15	0	1	0	0	0
1338.15	0	1	0	0	0
1337.15	0	1	0	0	0
1336.15	0	1	0	0	0
1335.15	0	1	0	0	0
1334.15	0	1	0	0	0
1333.15	0	1	0	0	0
1332.15	0	1	0	0	0
1331.15	0	1	0	0	0
1330.15	0	1	0	0	0
1329.15	0	1	0	0	0
1328.15	0	1	0	0	0
1327.15	0	1	0	0	0
1326.15	0	1	0	0	0
1325.15	0	1	0	0	0
1324.15	0	1	0	0	0
1323.15	0	1	0	0	0
1322.15	0	1	0	0	0
1321.15	0	1	0	0	0
1320.15	0	1	0	0	0
1319.15	0	1	0	0	0
1318.15	0	1	0	0	0
1317.15	0	1	0	0	0
1316.15	0	1	0	0	0
1315.15	0	1	0	0	0
1314.15	0	1	0	0	0
1313.15	0	1	0	0	0
1312.15	0	1	0	0	0
1311.15	0	1	0	0	0
1310.15	0	1	0	0	0
1309.15	0	1	0	0	0
1308.15	0	1	0	0	0
1307.15	0	1	0	0	0
1306.15	0	1	0	0	0
1305.15	0	1	0	0	0
1304.15	0	1	0	0	0
1303.15	0	1	0	0	0
1302.15	0	1	0	0	0
1301.15	0	1	0	0	0
1300.15	0	1	0	0	0
1299.15	0	1	0	0	0
1298.15	0	1	0	0	0
1297.15	0	1	0	0	0
1296.15	0	1	0	0	0
1295.15	0	1	0	0	0
1294.15	0	1	0	0	0
1293.15	0	1	0	0	0
1292.15	0	1	0	0	0
1291.15	0	1	0	0	0
1290.15	0	1	0	0	0
1289.15	0	1	0	0	0
1288.15	0	1	0	0	0
1287.15	0	1	0	0	0
1286.15	0	1	0	0	0
1285.15	0	1	0	0	0
1284.15	0	1	0	0	0
1283.15	0	1	0	0	0
1282.15	0	1	0	0	0
1281.15	0	1	0	0	0
1280.15	0	1	0	0	0
1279.15	0	1	0	0	0
1278.15	0	1	0	0	0
1277.15	0	1	0	0	0
1276.15	0	1	0	0	0
1275.15	0	1	0	0	0
1274.15	0	1	0	0	0
1273.15	0	1	0	0	0
1272.15	0	1	0	0	0
1271.15	0	1	0	0	0
1270.15	0	1	0	0	0
1269.15	0	1	0	0	0
1268.15	0	1	0	0	0
1267.15	0	1	0	0	0
1266.15	0	1	0	0	0
1265.15	0	1	0	0	0
1264.15	0	1	0	0	0
1263.15	0	1	0	0	0
1262.15	0	1	0	0	0
1261.15	0	1	0	0	0
1260.15	0	1	0	0	0
1259.15	0	1	0	0	0
1258.15	0	1	0	0	0
1257.15	0	1	0	0	0
1256.15	0	1	0	0	0
1255.15	0	1	0	0	0
1254.15	0	1	0	0	0
1253.15	0	1	0	0	0
1252.15	0	1	0	0	0
1251.15	0	1	0	0	0
1250.15	0	1	0	0	0
1249.15	0	1	0	0	0
1248.15	0	1	0	0	0
1247.15	0	1	0	0	0
1246.15	0	1	0	0	0
1245.15	0	1	0	0	0
1244.15	0	1	0	0	0
1243.15	0	1	0	0	0
1242.15	0	1	0	0	0
1241.15	0	1	0	0	0
1240.15	0	1	0	0	0
1239.15	0	1	0	0	0
1238.15	0	1	0	0	0
1237.15	0	1	0	0	0
1236.15	0	1	0	0	0
1235.15	0	1	0	0	0
1234.15	0	1	0	0	0
1233.15	0	1	0	0	0
1232.15	0	1	0	0	0
1231.15	0	1	0	0	0
1230.15	0	1	0	0	0
1229.15	0	1	0	0	0
1228.15	0	1	0	0	0
1227.15	0	1	0	0	0
1226.15	0	1	0	0	0
1225.15	0	1	0	0	0
1224.15	0	1	0	0	0
1223.15	0	1	0	0	0
1222.15	0	1	0	0	0
1221.15	0	1	0	0	0
1220.15	0	1	0	0	0
1219.15	0	1	0	0	0
1218.15	0	1	0	0	0
1217.15	0	1	0	0	0
1216.15	0	1	0	0	0
1215.15	0	1	0	0	0
1214.15	0	1	0	0	0
1213.15	0	1	0	0	0
1212.15	0	1	0	0	0
1211.15	0	1	0	0	0
1210.15	0	1	0	0	0
1209.15	0	1	0	0	0
1208.15	0	1	0	0	0
1207.15	0	1	0	0	0
1206.15	0	1	0	0	0
1205.15	0	1	0	0	0
1204.15	0	1	0	0	0
1203.15	0	1	0	0	0
1202.15	0	1	0	0	0
1201.15	0	1	0	0	0
1200.15	0	1	0	0	0
1199.15	0	1	0	0	0
1198.15	0	1	0	0	0
1197.15	0	1	0	0	0
1196.15	0	1	0	0	0
1195.15	0	1	0	0	0
1194.15	0	1	0	0	0
1193.15	0	1	0	0	0
1192.15	0	1	0	0	0
1191.15	0	1	0	0	0
1190.15	0	1	0	0	0
1189.15	0	1	0	0	0
1188.15	0	1	0	0	0
1187.15	0	1	0	0	0
1186.15	0	1	0	0	0
1185.15	0	1	0	0	0
1184.15	0	1	0	0	0
1183.15	0	1	0	0	0
1182.15	0	1	0	0	0
1181.15	0	1	0	0	0
1180.15	0	1	0	0	0
1179.15	0	1	0	0	0
1178.15	0	1	0	0	0
1177.15	0	1	0	0	0
1176.15	0	1	0	0	0
1175.15	0	1	0	0	0
1174.15	0	1	0	0	0
1173.15	0	1	0	0	0
1172.15	0	1	0	0	0
1171.15	0	1	0	0	0
1170.15	0	1	0	0	0
1169.15	0	1	0	0	0
1168.15	0	1	0	0	0
1167.15	0	1	0	0	0
1166.15	0	1	0	0	0
1165.15	0	1	0	0	0
1164.15	0	1	0	0	0
1163.15	0	1	0	0	0
1162.15	0	1	0	0	0
1161.15	0	1	0	0	0
1160.15	0	1	0	0	0
1159.15	0	1	0	0	0
1158.15	0	1	0	0	0
1157.15	0	1	0	0	0
1156.15	0	1	0	0	0
1155.15	0	1	0	0	0
1154.15	0	1	0	0	0
1153.15	0	1	0	0	0
1152.15	0	1	0	0	0
1151.15	0	1	0	0	0
1150.15	0	1	0	0	0
1149.15	0	1	0	0	0
1148.15	0	1	0	0	0
1147.15	0	1	0	0	0
1146.15	0	1	0	0	0
1145.15	0	1	0	0	0
1144.15	0	1	0	0	0
1143.15	0	1	0	0	0
1142.15	0	1	0	0	0
1141.15	0	1	0	0	0
1140.15	0	1	0	0	0
1139.15	0	1	0	0	0
1138.15	0	1	0	0	0
1137.15	0	1	0	0	0
1136.15	0	1	0	0	0
1135.15	0	1	0	0	0
1134.15	0	1	0	0	0
1133.15	0	1	0	0	0
1132.15	0	1	0	0	0
1131.15	0	1	0	0	0
1130.15	0	1	0	0	0
1129.15	0	1	0	0	0
1128.15	0	1	0	0	0
1127.15	0	1	0	0	0
1126.15	0	1	0	0	0
1125.15	0	1	0	0	0
1124.15	0	1	0	0	0
1123.15	0	1	0	0	0
1122.15	0	1	0	0	0
1121.15	0	1	0	0	0
1120.15	0	1	0	0	0
1119.15	0	1	0	0	0
1118.15	0	1	0	0	0
1117.15	0	1	0	0	0
1116.15	0	1	0	0	0
1115.15	0	1	0	0	0
1114.15	0	1	0	0	0
1113.15	0	1	0	0	0
1112.15	0	1	0	0	0
1111.15	0	1	0	0	0
1110.15	0	1	0	0	0
1109.15	0	1	0	0	0
1108.15	0	1	0	0	0
1107.15	0	1	0	0	0
1106.15	0	1	0	0	0
1105.15	0	1	0	0	0
1104.15	0	1	0	0	0
1103.15	0	1	0	0	0
1102.15	0	1	0	0	0
1101.15	0	1	0	0	0
1100.15	0	1	0	0	0
1099.15	0	1	0	0	0
1098.15	0	1	0	0	0
1097.15	0	1	0	0	0
1096.15	0	1	0	0	0
1095.15	0	1	0	0	0
1094.15	0	1	0	0	0
1093.15	0	1	0	0	0
1092.15	0	1	0	0	0
1091.15	0	1	0	0	0
1090.15	0	1	0	0	0
1089.15	0	1	0	0	0
1088.15	0	1	0	0	0
1087.15	0	1	0	0	0
1086.15	0	1	0	0	0
1085.15	0	1	0	0	0
1084.15	0	1	0	0	0
1083.15	0	1	0	0	0
1082.15	0	1	0	0	0
1081.15	0	1	0	0	0
1080.15	0	1	0	0	0
1079.15	0	1	0	0	0
1078.15	0	1	0	0	0
1077.15	0	1	0	0	0
1076.15	0	1	0	0	0
1075.15	0	1	0	0	0
1074.15	0	1	0	0	0
1073.15	0	1	0	0	0
1072.15	0	1	0	0	0
1071.15	0	1	0	0	0
1070.15	0	1	0	0	0
1069.15	0	1	0	0	0
1068.15	0	1	0	0	0
1067.15	0	1	0	0	0
1066.15	0	1	0	0	0
1065.15	0	1	0	0	0
1064.15	0	1	0	0	0
1063.15	0	1	0	0	0
1062.15	0	1	0	0	0
1061.15	0	1	0	0	0
1060.15	0	1	0	0	0
1059.15	0	1	0	0	0
1058.15	0	1	0	0	0
1057.15	0	1	0	0	0
1056.15	0	1	0	0	0
1055.15	0	1	0	0	0
1054.15	0	1	0	0	0
1053.15	0	1	0	0	0
1052.15	0	1	0	0	0
1051.15	0	1	0	0	0
1050.15	0	1	0	0	0
1049.15	0	1	0	0	0
1048.15	0	1	0	0	0
1047.15	0	1	0	0	0
1046.15	0	1	0	0	0
1045.15	0	1	0	0	0
1044.15	0	1	0	0	0
1043.15	0	1	0	0	0
1042.15	0	1	0	0	0
1041.15	0	1	0	0	0
1040.15	0	1	0	0	0
1039.15	0	1	0	0	0
1038.15	0	1	0	0	0
1037.15	0	1	0	0	0
1036.15	0	1	0	0	0
1035.15	0	1	0	0	0
1034.15	0	1	0	0	0
1033.15	0	1	0	0	0
1032.15	0	1	0	0	0
1031.15	0	1	0	0	0
1030.15	0	1	0	0	0
1029.15	0	1	0	0	0
1028.15	0	1	0	0	0
1027.15	0	1	0	0	0
1026.15	0	1	0	0	0
1025.15	0	1	0	0	0
1024.15	0	1	0	0	0
1023.413	0	1	0	0	0
1023.413	0	1	0	0	0
1023.413	0	1	0	0	0
1023.15	0	.9998996	0	1.003667E-04	0
1022.15	0	.9995189	0	4.810987E-04	0
1021.15	0	.999139	0	8.609685E-04	0
1020.15	0	.99876	0	.001239977	0
1019.15	0	.9983819	0	.001618127	0
1018.15	0	.9980046	0	.001995418	0
1017.15	0	.9976282	0	.002371852	0
1016.15	0	.9972526	0	.00274743	0
1015.15	0	.9968778	0	.003122153	0
1014.15	0	.996504	0	.003496022	0
1013.15	0	.996131	0	.00386904	0
1012.15	0	.9957588	0	.004241206	0
1011.15	0	.9953875	0	.004612522	0
1010.15	0	.995017	0	.00498299	0
1009.15	0	.9946474	0	.005352609	0
1008.15	0	.9942786	0	.005721383	0
1007.15	0	.9939107	0	.006089311	0
1006.15	0	.9935436	0	.006456395	0
1005.15	0	.9931774	0	.006822636	0
1004.15	0	.992812	0	.007188036	0
1003.15	0	.9924474	0	.007552594	0
1002.15	0	.9920837	0	.007916313	0
1001.15	0	.9917208	0	.008279194	0
1000.15	0	.9913588	0	.008641238	0
999.15	0	.9909976	0	.009002445	0
998.15	0	.9906372	0	.009362818	0
997.15	0	.9902776	0	.009722356	0
996.15	0	.9899189	0	.01008106	0
995.15	0	.9895611	0	.01043894	0
994.15	0	.989204	0	.01079598	0
993.15	0	.9888478	0	.01115219	0
992.15	0	.9884924	0	.01150758	0
991.15	0	.9881379	0	.01186214	0
990.15	0	.9877841	0	.01221587	0
989.15	0	.9874312	0	.01256878	0
988.15	0	.9870791	0	.01292086	0
987.15	0	.9867279	0	.01327212	0
986.15	0	.9863774	0	.01362256	0
985.15	0	.9860278	0	.01397218	0
984.15	0	.985679	0	.01432097	0
983.15	0	.985331	0	.01466895	0
982.15	0	.9849839	0	.01501611	0
981.15	0	.9846375	0	.01536246	0
980.15	0	.984292	0	.01570799	0
979.15	0	.9839473	0	.0160527	0
978.15	0	.9836034	0	.0163966	0
977.15	0	.9832603	0	.01673969	0
976.15	0	.982918	0	.01708196	0
975.15	0	.9825766	0	.01742343	0
974.15	0	.9822359	0	.01776408	0
973.15	0	.9818961	0	.01810393	0
972.15	0	.981557	0	.01844297	0
971.15	0	.9812188	0	.01878121	0
970.15	0	.9808814	0	.01911863	0
969.15	0	.9805447	0	.01945526	0
968.15	0	.9802089	0	.01979108	0
967.15	0	.9798739	0	.0201261	0
966.15	0	.9795397	0	.02046031	0
965.15	0	.9792063	0	.02079373	0
964.15	0	.9788737	0	.02112634	0
963.15	0	.9785418	0	.02145816	0
962.15	0	.9782108	0	.02178918	0
961.15	0	.9778806	0	.0221194	0
960.15	0	.9775512	0	.02244883	0
959.15	0	.9772225	0	.02277746	0
958.15	0	.9768947	0	.0231053	0
957.15	0	.9765677	0	.02343234	0
956.15	0	.9762414	0	.0237586	0
955.15	0	.9759159	0	.02408406	0
954.15	0	.9755913	0	.02440873	0
953.15	0	.9752674	0	.02473262	0
952.15	0	.9749443	0	.02505571	0
951.15	0	.974622	0	.02537802	0
950.15	0	.9743005	0	.02569954	0
949.15	0	.9739797	0	.02602028	0
948.15	0	.9736598	0	.02634023	0
947.15	0	.9733406	0	.0266594	0
946.15	0	.9730222	0	.02697779	0
945.15	0	.9727046	0	.02729539	0
944.15	0	.9723878	0	.02761222	0
943.15	0	.9720717	0	.02792826	0
942.15	0	.9717565	0	.02824353	0
941.15	0	.971442	0	.02855801	0
940.15	0	.9711283	0	.02887172	0
939.15	0	.9708153	0	.02918466	0
938.15	0	.9705032	0	.02949682	0
937.15	0	.9701918	0	.0298082	0
936.15	0	.9698812	0	.03011881	0
935.15	0	.9695714	0	.03042865	0
934.15	0	.9692623	0	.03073772	0
933.15	0	.968954	0	.03104602	0
932.15	0	.9686465	0	.03135355	0
931.15	0	.9683397	0	.0316603	0
930.15	0	.9680337	0	.0319663	0
929.15	0	.9677285	0	.03227152	0
928.15	0	.967424	0	.03257598	0
927.15	0	.9671203	0	.03287967	0
926.15	0	.9668174	0	.0331826	0
925.15	0	.9665152	0	.03348476	0
924.15	0	.9662138	0	.03378616	0
923.15	0	.9659132	0	.0340868	0
922.15	0	.9656133	0	.03438668	0
921.15	0	.9653142	0	.0346858	0
920.6987	0	.9651795	0	.03482054	0
920.6987	0	.9651795	0	.03482054	0
920.6987	0	.9651795	0	.03482054	0
920.15	0	.9645975	4.568931E-04	.03494562	0
919.15	0	.9635387	.00128872	.03517255	0
918.15	0	.9624823	.002119525	.03539817	0
917.15	0	.9614282	.002949336	.03562247	0
916.15	0	.9603764	.003778183	.03584544	0
915.15	0	.9593268	.004606097	.03606708	0
914.15	0	.9582795	.005433111	.03628737	0
913.15	0	.9572345	.006259258	.03650629	0
912.15	0	.9561916	.007084571	.03672386	0
911.15	0	.9551509	.007909085	.03694004	0
910.15	0	.9541123	.008732838	.03715484	0
909.15	0	.9530759	.009555866	.03736825	0
908.15	0	.9520416	.01037821	.03758024	0
907.15	0	.9510093	.0111999	.03779082	0
906.15	0	.949979	.012021	.03799996	0
905.15	0	.9489508	.01284153	.03820767	0
904.15	0	.9479245	.01366154	.03841392	0
903.15	0	.9469002	.01448107	.0386187	0
902.15	0	.9458778	.01530019	.03882201	0
901.15	0	.9448572	.01611892	.03902383	0
900.15	0	.9438385	.01693733	.03922414	0
899.15	0	.9428216	.01775545	.03942294	0
898.15	0	.9418064	.01857336	.03962021	0
897.15	0	.940793	.0193911	.03981594	0
896.15	0	.9397812	.02020873	.0400101	0
895.15	0	.938771	.02102631	.0402027	0
894.15	0	.9377624	.02184389	.0403937	0
893.15	0	.9367553	.02266155	.04058311	0
892.15	0	.9357498	.02347934	.04077089	0
891.15	0	.9347456	.02429734	.04095704	0
890.15	0	.9337429	.0251156	.04114154	0
889.15	0	.9327414	.02593421	.04132437	0
888.15	0	.9317412	.02675324	.04150552	0
887.15	0	.9307423	.02757276	.04168496	0
886.15	0	.9297445	.02839285	.04186267	0
885.15	0	.9287478	.02921359	.04203865	0
884.15	0	.9277521	.03003508	.04221287	0
883.15	0	.9267573	.03085739	.0423853	0
882.15	0	.9257635	.03168062	.04255594	0
881.15	0	.9247704	.03250485	.04272475	0
880.15	0	.9237781	.0333302	.04289172	0
879.15	0	.9227864	.03415675	.04305682	0
878.15	0	.9217954	.03498461	.04322003	0
877.15	0	.9208048	.03581389	.04338133	0
876.15	0	.9198146	.03664471	.04354069	0
875.15	0	.9188247	.03747716	.04369808	0
874.15	0	.9178351	.03831139	.04385349	0
873.15	0	.9168456	.0391475	.04400688	0
872.15	0	.9158561	.03998564	.04415823	0
871.15	0	.9148666	.04082592	.04430751	0
870.15	0	.9138768	.0416685	.04445468	0
869.15	0	.9128868	.04251352	.04459972	0
868.15	0	.9118963	.04336111	.0447426	0
867.15	0	.9109053	.04421145	.04488328	0
866.15	0	.9099136	.0450647	.04502174	0
865.15	0	.9089211	.04592101	.04515793	0
864.15	0	.9079276	.04678057	.04529181	0
863.15	0	.9069331	.04764355	.04542336	0
862.15	0	.9059373	.04851016	.04555253	0
861.15	0	.9049401	.04938058	.04567929	0
860.15	0	.9039414	.05025502	.04580358	0
859.15	0	.9029409	.05113369	.04592537	0
858.15	0	.9019386	.05201683	.04604461	0
857.15	0	.9009341	.05290466	.04616125	0
856.15	0	.8999273	.05379742	.04627525	0
855.15	0	.8989181	.05469538	.04638655	0
854.15	0	.8979061	.05559881	.0464951	0
853.15	0	.8968912	.05650797	.04660085	0
852.15	0	.8958731	.05742317	.04670373	0
851.15	0	.8948516	.05834472	.04680369	0
850.15	0	.8938264	.05927293	.04690065	0
849.15	0	.8927973	.06020814	.04699456	0
848.15	0	.8917639	.06115072	.04708534	0
847.15	0	.890726	.06210104	.04717292	0
846.15	0	.8896833	.06305949	.04725722	0
845.15	0	.8886354	.06402649	.04733817	0
844.15	0	.8875819	.06500248	.04741566	0
843.15	0	.8865225	.06598793	.04748962	0
842.15	0	.8854567	.06698332	.04755994	0
841.15	0	.8843843	.06798919	.04762653	0
840.15	0	.8833046	.06900608	.04768928	0
839.15	0	.8822174	.07003458	.04774807	0
838.15	0	.8811219	.07107532	.04780278	0
837.15	0	.8800178	.07212896	.04785329	0
836.15	0	.8789044	.07319621	.04789945	0
835.15	0	.8777811	.07427783	.04794111	0
834.15	0	.8766472	.07537464	.04797814	0
833.15	0	.8755022	.0764875	.04801034	0
832.15	0	.8743451	.07761736	.04803755	0
831.15	0	.8731752	.07876522	.04805957	0
830.15	0	.8719916	.07993218	.04807618	0
829.15	0	.8705848	.08135461	.04806058	0
828.15	0	.8687259	.08329263	.04798145	0
827.15	0	.8669318	.0851644	.04790385	0
826.15	0	.865199	.08697322	.04782776	0
825.15	0	.8635247	.08872217	.04775317	0
824.15	0	.8619058	.09041417	.04768004	0
823.15	0	.8603397	.09205198	.04760833	0
822.15	0	.8588238	.09363818	.04753801	0
821.15	0	.8573558	.0951752	.04746904	0
820.15	0	.8559333	.09666536	.04740138	0
819.15	0	.8545542	.09811081	.04733498	0
818.15	0	.8532166	.09951359	.0472698	0
817.15	0	.8519186	.1008756	.0472058	0
816.15	0	.8506583	.1021988	.04714293	0
815.15	0	.8494341	.1034847	.04708116	0
814.15	0	.8482445	.1047351	.04702044	0
813.15	0	.8470879	.1059514	.04696073	0
812.15	0	.8459629	.1071351	.04690199	0
811.15	0	.8448682	.1082876	.04684418	0
810.15	0	.8438025	.1094102	.04678726	0
809.15	0	.8427647	.1105041	.0467312	0
808.15	0	.8417535	.1115705	.04667596	0
807.15	0	.840768	.1126105	.04662151	0
806.15	0	.8398071	.1136251	.04656781	0
805.15	0	.8388698	.1146154	.04651483	0
804.15	0	.8379552	.1155822	.04646254	0
803.15	0	.8370625	.1165266	.04641091	0
802.15	0	.8361908	.1174493	.04635992	0
801.15	0	.8353393	.1183511	.04630952	0
800.15	0	.8345074	.1192329	.04625971	0
799.15	0	.8336942	.1200954	.04621044	0
798.15	0	.832899	.1209393	.0461617	0
797.15	0	.8321214	.1217652	.04611346	0
796.15	0	.8313605	.1225738	.0460657	0
795.15	0	.8306159	.1233657	.0460184	0
794.15	0	.8298869	.1241415	.04597154	0
793.15	0	.8291731	.1249018	.0459251	0
792.15	0	.8284738	.1256471	.04587905	0
791.15	0	.8277888	.1263779	.04583338	0
790.15	0	.8271173	.1270946	.04578808	0
789.15	0	.826459	.1277978	.04574312	0
788.15	0	.8258136	.128488	.04569848	0
787.15	0	.8251804	.1291654	.04565416	0
786.15	0	.8245593	.1298306	.04561014	0
785.15	0	.8239497	.1304839	.0455664	0
784.15	0	.8233513	.1311258	.04552292	0
783.15	0	.8227638	.1317565	.04547971	0
782.15	0	.8221868	.1323764	.04543673	0
781.15	0	.8216201	.1329859	.04539398	0
780.15	0	.8210632	.1335853	.04535146	0
779.15	0	.820516	.1341749	.04530914	0
778.15	0	.8199781	.1347549	.04526702	0
777.15	0	.8194492	.1353257	.04522508	0
776.15	0	.8189291	.1358875	.04518332	0
775.15	0	.8184176	.1364407	.04514172	0
774.15	0	.8179143	.1369854	.04510028	0
773.15	0	.8174191	.1375219	.04505899	0
772.15	0	.8169318	.1380504	.04501784	0
771.15	0	.816452	.1385712	.04497682	0
770.15	0	.8159797	.1390844	.04493593	0
769.15	0	.8155145	.1395904	.04489515	0
768.15	0	.8150564	.1400892	.04485447	0
767.15	0	.814605	.1405811	.04481391	0
766.15	0	.8141618	.1410651	.04477308	0
765.15	0	.8137235	.1415438	.04473272	0
764.15	0	.8132914	.1420161	.04469245	0
763.15	0	.8128655	.1424823	.04465224	0
762.15	0	.8124456	.1429423	.04461211	0
761.15	0	.8120315	.1433965	.04457204	0
760.15	0	.8116231	.1438449	.04453204	0
759.15	0	.8112202	.1442877	.04449208	0
758.15	0	.8108227	.1447251	.04445218	0
757.15	0	.8104305	.1451571	.04441232	0
756.15	0	.8100435	.145584	.0443725	0
755.15	0	.8096614	.1460058	.04433272	0
754.15	0	.8092843	.1464227	.04429297	0
753.15	0	.8089119	.1468348	.04425325	0
752.15	0	.8085442	.1472422	.04421356	0
751.15	0	.8081811	.147645	.04417389	0
750.15	0	.8078224	.1480433	.04413423	0
749.15	0	.8074681	.1484373	.04409459	0
748.15	0	.807118	.148827	.04405497	0
747.15	0	.8067721	.1492125	.04401535	0
746.15	0	.8064303	.149594	.04397574	0
745.15	0	.8060924	.1499715	.04393613	0
744.15	0	.8057584	.1503451	.04389653	0
743.15	0	.8054282	.1507149	.04385692	0
742.15	0	.8051017	.151081	.04381731	0
741.15	0	.8047788	.1514435	.04377769	0
740.15	0	.8044596	.1518024	.04373806	0
739.15	0	.8041438	.1521578	.04369843	0
738.15	0	.8038314	.1525098	.04365878	0
737.15	0	.8035223	.1528585	.04361912	0
736.15	0	.8032166	.153204	.04357944	0
735.15	0	.802914	.1535462	.04353975	0
734.15	0	.8026146	.1538854	.04350003	0
733.15	0	.8023182	.1542215	.0434603	0
732.15	0	.8020249	.1545545	.04342054	0
731.15	0	.8017345	.1548847	.04338076	0
730.15	0	.8014471	.155212	.04334096	0
729.15	0	.8011624	.1555364	.04330113	0
728.15	0	.8008806	.1558581	.04326127	0
727.15	0	.8006015	.1561771	.04322139	0
726.15	0	.8003251	.1564935	.04318147	0
725.15	0	.8000512	.1568072	.04314153	0
724.15	0	.79978	.1571184	.04310155	0
723.15	0	.7995114	.1574271	.04306154	0
722.15	0	.7992452	.1577333	.04302151	0
721.15	0	.7989814	.1580372	.04298143	0
720.15	0	.7987201	.1583386	.04294132	0
719.15	0	.7984611	.1586378	.04290118	0
718.15	0	.7982044	.1589346	.042861	0
717.15	0	.79795	.1592293	.04282079	0
716.15	0	.7976978	.1595217	.04278054	0
715.15	0	.7974478	.159812	.04274025	0
714.15	0	.7972	.1601001	.04269992	0
713.15	0	.7969543	.1603862	.04265956	0
712.15	0	.7967106	.1606702	.04261916	0
711.15	0	.7964691	.1609522	.04257872	0
710.15	0	.7962295	.1612323	.04253824	0
709.15	0	.7959919	.1615104	.04249772	0
708.15	0	.7957563	.1617866	.04245716	0
707.15	0	.7955225	.1620609	.04241657	0
706.15	0	.7952907	.1623334	.04237593	0
705.15	0	.7950607	.162604	.04233525	0
704.15	0	.7948326	.1628729	.04229454	0
703.15	0	.7946062	.16314	.04225378	0
702.15	0	.7943816	.1634054	.04221298	0
701.15	0	.7941588	.1636691	.04217215	0
700.15	0	.7939377	.1639311	.04213127	0
699.15	0	.7937182	.1641914	.04209035	0
698.15	0	.7935004	.1644502	.0420494	0
697.15	0	.7932843	.1647073	.0420084	0
696.15	0	.7930698	.1649629	.04196736	0
695.15	0	.7928568	.1652169	.04192629	0
694.15	0	.7926454	.1654694	.04188517	0
693.15	0	.7924356	.1657204	.04184402	0
692.15	0	.7922273	.1659699	.04180282	0
691.15	0	.7920205	.1662179	.04176159	0
690.15	0	.7918152	.1664645	.04172032	0
689.15	0	.7916113	.1667097	.04167901	0
688.15	0	.7914088	.1669535	.04163767	0
687.15	0	.7912078	.1671959	.04159628	0
686.15	0	.7910082	.167437	.04155486	0
685.15	0	.7908099	.1676767	.0415134	0
684.15	0	.790613	.1679151	.0414719	0
683.15	0	.7904175	.1681521	.04143037	0
682.15	0	.7902233	.1683879	.0413888	0
681.15	0	.7900303	.1686225	.0413472	0
680.15	0	.7898387	.1688557	.04130556	0
679.15	0	.7896484	.1690878	.04126389	0
678.15	0	.7894593	.1693186	.04122218	0
677.15	0	.7892714	.1695482	.04118044	0
676.15	0	.7890848	.1697766	.04113866	0
675.15	0	.7888993	.1700038	.04109685	0
674.15	0	.7887151	.1702299	.04105501	0
673.15	0	.788532	.1704548	.04101314	0
672.15	0	.7883501	.1706786	.04097123	0
671.15	0	.7881694	.1709013	.0409293	0
670.15	0	.7879898	.1711229	.04088733	0
669.15	0	.7878113	.1713434	.04084533	0
668.15	0	.7876339	.1715628	.04080331	0
667.15	0	.7874576	.1717811	.04076125	0
666.15	0	.7872824	.1719984	.04071917	0
665.15	0	.7871083	.1722147	.04067706	0
664.15	0	.7869352	.1724299	.04063492	0
663.15	0	.7867632	.1726441	.04059276	0
662.15	0	.7865922	.1728572	.04055057	0
661.15	0	.7864222	.1730694	.04050835	0
660.15	0	.7862533	.1732806	.04046611	0
659.15	0	.7860853	.1734909	.04042385	0
658.15	0	.7859183	.1737001	.04038156	0
657.15	0	.7857523	.1739084	.04033925	0
656.15	0	.7855873	.1741158	.04029692	0
655.15	0	.7854232	.1743222	.04025456	0
654.15	0	.7852601	.1745277	.04021219	0
653.15	0	.7850979	.1747323	.04016979	0
652.15	0	.7849367	.174936	.04012737	0
651.15	0	.7847763	.1751387	.04008494	0
650.15	0	.7846169	.1753406	.04004249	0
649.15	0	.7844584	.1755416	.04000002	0
648.15	0	.7843007	.1757418	.03995753	0
647.15	0	.784144	.175941	.03991503	0
646.15	0	.7839881	.1761394	.03987251	0
645.15	0	.783833	.176337	.03982998	0
644.15	0	.7836789	.1765337	.03978743	0
643.15	0	.7835255	.1767296	.03974487	0
642.15	0	.783373	.1769247	.03970229	0
641.15	0	.7832214	.1771189	.03965971	0
640.15	0	.7830705	.1773124	.03961711	0
639.15	0	.7829205	.177505	.03957451	0
638.15	0	.7827713	.1776968	.03953189	0
637.15	0	.7826229	.1778878	.03948926	0
636.15	0	.7824753	.1780781	.03944663	0
635.15	0	.7823284	.1782676	.03940399	0
634.15	0	.7821824	.1784563	.03936134	0
633.15	0	.7820371	.1786442	.03931869	0
632.15	0	.7818926	.1788314	.03927603	0
631.15	0	.7817488	.1790178	.03923337	0
630.15	0	.7816058	.1792035	.0391907	0
629.15	0	.7814635	.1793884	.03914803	0
628.15	0	.781322	.1795726	.03910536	0
627.15	0	.7811812	.1797561	.03906268	0
626.15	0	.7810411	.1799389	.03902001	0
625.15	0	.7809018	.1801209	.03897734	0
624.15	0	.7807632	.1803022	.03893467	0
623.15	0	.7806252	.1804828	.03889199	0
622.15	0	.780488	.1806627	.03884933	0
621.15	0	.7803515	.1808419	.03880666	0
620.15	0	.7802156	.1810204	.038764	0
619.15	0	.7800805	.1811982	.03872134	0
618.15	0	.779946	.1813753	.03867869	0
617.15	0	.7798122	.1815517	.03863605	0
616.15	0	.7796791	.1817275	.03859341	0
615.15	0	.7795466	.1819026	.03855078	0
614.15	0	.7794148	.182077	.03850817	0
613.15	0	.7792837	.1822508	.03846556	0
612.15	0	.7791532	.1824238	.03842296	0
611.15	0	.7790234	.1825963	.03838037	0
610.15	0	.7788941	.1827681	.03833779	0
609.15	0	.7787656	.1829392	.03829523	0
608.15	0	.7786376	.1831097	.03825268	0
607.15	0	.7785103	.1832795	.03821015	0
606.15	0	.7783836	.1834488	.03816763	0
605.15	0	.7782576	.1836173	.03812512	0
604.15	0	.7781321	.1837853	.03808264	0
603.15	0	.7780072	.1839526	.03804017	0
602.15	0	.777883	.1841193	.03799772	0
601.15	0	.7777594	.1842854	.03795529	0
600.15	0	.7776363	.1844508	.03791288	0
599.15	0	.7775139	.1846157	.03787049	0
598.15	0	.777392	.1847799	.03782812	0
597.15	0	.7772707	.1849435	.03778578	0
596.15	0	.77715	.1851065	.03774346	0
595.15	0	.7770299	.1852689	.03770116	0
594.15	0	.7769104	.1854308	.03765889	0
593.15	0	.7767914	.185592	.03761665	0
592.15	0	.776673	.1857526	.03757443	0
591.15	0	.7765551	.1859126	.03753224	0
590.15	0	.7764379	.1860721	.03749008	0
589.15	0	.7763212	.1862309	.03744795	0
588.15	0	.776205	.1863892	.03740584	0
587.15	0	.7760894	.1865469	.03736377	0
586.15	0	.7759743	.186704	.03732173	0
585.15	0	.7758598	.1868605	.03727972	0
584.15	0	.7757458	.1870165	.03723775	0
583.15	0	.7756323	.1871719	.03719581	0
582.15	0	.7755194	.1873267	.03715391	0
581.15	0	.7754071	.1874809	.03711204	0
580.15	0	.7752952	.1876346	.03707021	0
579.15	0	.7751839	.1877877	.03702841	0
578.15	0	.7750731	.1879403	.03698666	0
577.15	0	.7749628	.1880923	.03694494	0
576.15	0	.774853	.1882437	.03690327	0
575.15	0	.7747438	.1883946	.03686163	0
574.15	0	.7746351	.1885449	.03682004	0
573.15	0	.7745268	.1886947	.03677849	0
572.15	0	.7744191	.1888439	.03673698	0
571.15	0	.7743119	.1889926	.03669551	0
570.15	0	.7742052	.1891407	.0366541	0
569.15	0	.774099	.1892883	.03661272	0
568.15	0	.7739933	.1894354	.0365714	0
567.15	0	.773888	.1895818	.03653012	0
566.15	0	.7737833	.1897278	.03648889	0
565.15	0	.7736791	.1898732	.03644771	0
564.15	0	.7735753	.1900181	.03640658	0
563.15	0	.7734721	.1901625	.0363655	0
562.15	0	.7733693	.1903063	.03632447	0
561.15	0	.773267	.1904495	.03628349	0
560.15	0	.7731651	.1905923	.03624257	0
559.15	0	.7730638	.1907345	.0362017	0
558.15	0	.7729629	.1908762	.03616089	0
557.15	0	.7728625	.1910174	.03612013	0
556.15	0	.7727626	.191158	.03607943	0
555.15	0	.7726631	.1912981	.03603878	0
554.15	0	.7725641	.1914377	.0359982	0
553.15	0	.7724656	.1915768	.03595767	0
552.15	0	.7723675	.1917153	.0359172	0
551.15	0	.7722699	.1918533	.03587679	0
550.15	0	.7721727	.1919908	.03583645	0
549.15	0	.772076	.1921278	.03579617	0
548.15	0	.7719798	.1922643	.03575594	0
547.15	0	.771884	.1924002	.03571579	0
546.15	0	.7717886	.1925357	.0356757	0
545.15	0	.7716938	.1926706	.03563567	0
544.15	0	.7715993	.192805	.03559571	0
543.15	0	.7715053	.1929389	.03555581	0
542.15	0	.7714118	.1930723	.03551599	0
541.15	0	.7713186	.1932051	.03547623	0
540.15	0	.771226	.1933375	.03543654	0
539.15	0	.7711337	.1934693	.03539693	0
538.15	0	.7710419	.1936007	.03535738	0
537.15	0	.7709506	.1937315	.03531791	0
536.15	0	.7708596	.1938619	.03527851	0
535.15	0	.7707691	.1939917	.03523918	0
534.15	0	.7706791	.194121	.03519992	0
533.15	0	.7705894	.1942498	.03516074	0
532.15	0	.7705002	.1943781	.03512164	0
531.15	0	.7704114	.194506	.03508261	0
530.15	0	.7703231	.1946333	.03504366	0
529.15	0	.7702351	.1947601	.03500479	0
528.15	0	.7701476	.1948864	.034966	0
527.15	0	.7700605	.1950122	.03492729	0
526.15	0	.7699739	.1951375	.03488865	0
525.15	0	.7698876	.1952623	.0348501	0
524.15	0	.7698018	.1953866	.03481163	0
523.15	0	.7697163	.1955104	.03477325	0
522.15	0	.7696313	.1956337	.03473494	0
521.15	0	.7695467	.1957566	.03469673	0
520.15	0	.7694625	.1958789	.03465859	0
519.15	0	.7693788	.1960007	.03462054	0
518.15	0	.7692954	.196122	.03458258	0
517.15	0	.7692124	.1962429	.03454471	0
516.15	0	.76913	.1963632	.03450682	0
515.15	0	.7690478	.1964831	.03446912	0
514.15	0	.7689661	.1966024	.03443152	0
513.15	0	.7688847	.1967213	.034394	0
512.15	0	.7688038	.1968397	.03435657	0
511.15	0	.7687232	.1969575	.03431923	0
510.15	0	.7686431	.1970749	.03428199	0
509.15	0	.7685633	.1971918	.03424484	0
508.15	0	.768484	.1973082	.03420778	0
507.15	0	.7684051	.1974241	.03417082	0
506.15	0	.7683265	.1975396	.03413396	0
505.15	0	.7682483	.1976545	.03409719	0
504.15	0	.7681706	.1977689	.03406052	0
503.15	0	.7680932	.1978829	.03402394	0
502.15	0	.7680162	.1979964	.03398747	0
501.15	0	.7679396	.1981093	.03395109	0
500.15	0	.7678634	.1982218	.03391481	0
499.15	0	.7677875	.1983338	.03387864	0
498.15	0	.7677121	.1984453	.03384256	0
497.15	0	.767637	.1985564	.03380659	0
496.15	0	.7675624	.1986669	.03377072	0
495.15	0	.7674881	.198777	.03373495	0
494.15	0	.7674142	.1988865	.03369929	0
493.15	0	.7673406	.1989956	.03366374	0
492.15	0	.7672675	.1991042	.03362828	0
491.15	0	.7671947	.1992123	.03359294	0
490.15	0	.7671223	.19932	.0335577	0
489.15	0	.7670503	.1994271	.03352257	0
488.15	0	.7669787	.1995338	.03348755	0
487.15	0	.7669074	.1996399	.03345263	0
486.15	0	.7668366	.1997456	.03341783	0
485.15	0	.7667661	.1998508	.03338314	0
484.15	0	.7666959	.1999555	.03334855	0
483.15	0	.7666262	.2000598	.03331408	0
482.15	0	.7665568	.2001635	.03327973	0
481.15	0	.7664877	.2002668	.03324548	0
480.15	0	.7664191	.2003696	.03321135	0
479.15	0	.7663508	.2004719	.03317734	0
478.15	0	.7662829	.2005737	.03314343	0
477.15	0	.7662153	.200675	.03310965	0
476.15	0	.7661482	.2007759	.03307598	0
475.15	0	.7660813	.2008762	.03304243	0
474.15	0	.7660149	.2009761	.03300899	0
473.15	0	.7659488	.2010755	.03297568	0
472.15	0	.7658831	.2011745	.03294248	0
471.15	0	.7658177	.2012729	.0329094	0
470.15	0	.7657527	.2013708	.03287644	0
469.15	0	.7656881	.2014683	.03284361	0
468.15	0	.7656238	.2015653	.03281089	0
467.15	0	.7655599	.2016618	.0327783	0
466.15	0	.7654963	.2017579	.03274583	0
465.15	0	.7654331	.2018534	.03271348	0
464.15	0	.7653702	.2019485	.03268126	0
463.15	0	.7653078	.2020431	.03264916	0
462.15	0	.7652456	.2021372	.03261719	0
461.15	0	.7651838	.2022308	.03258534	0
460.15	0	.7651224	.202324	.03255362	0
459.15	0	.7650613	.2024167	.03252203	0
458.15	0	.7650006	.2025088	.03249056	0
457.15	0	.7649402	.2026006	.03245923	0
456.15	0	.7648802	.2026918	.03242802	0
455.15	0	.7648205	.2027826	.03239694	0
454.15	0	.7647612	.2028728	.03236599	0
453.15	0	.7647022	.2029626	.03233517	0
452.15	0	.7646436	.2030519	.03230448	0
451.15	0	.7645853	.2031408	.03227392	0
450.15	0	.7645274	.2032291	.0322435	0
449.15	0	.7644698	.203317	.03221323	0
448.15	0	.7644126	.2034043	.03218309	0
447.15	0	.7643558	.2034911	.0321531	0
446.15	0	.7642993	.2035774	.03212324	0
445.15	0	.7642432	.2036633	.03209353	0
444.15	0	.7641874	.2037486	.03206396	0
443.15	0	.7641321	.2038334	.03203454	0
442.15	0	.764077	.2039177	.03200527	0
441.15	0	.7640224	.2040015	.03197615	0
440.15	0	.7639681	.2040847	.03194719	0
439.15	0	.7639142	.2041674	.03191838	0
438.15	0	.7638607	.2042496	.03188973	0
437.15	0	.7638075	.2043313	.03186123	0
436.15	0	.7637547	.2044124	.0318329	0
435.15	0	.7637024	.2044929	.03180474	0
434.15	0	.7636504	.2045729	.03177673	0
433.15	0	.7635988	.2046524	.03174889	0
432.15	0	.7635475	.2047312	.03172122	0
431.15	0	.7634967	.2048096	.03169372	0
430.15	0	.7634463	.2048873	.03166639	0
429.15	0	.7633962	.2049646	.03163923	0
428.15	0	.7633466	.2050412	.03161225	0
427.15	0	.7632973	.2051173	.03158543	0
426.15	0	.7632484	.2051928	.0315588	0
425.15	0	.7631999	.2052677	.03153233	0
424.15	0	.7631519	.2053421	.03150605	0
423.15	0	.7631042	.2054159	.03147994	0
422.15	0	.7630569	.2054891	.03145401	0
421.15	0	.76301	.2055618	.03142826	0
420.15	0	.7629634	.2056339	.03140269	0
419.15	0	.7629173	.2057054	.0313773	0
418.15	0	.7628716	.2057763	.0313521	0
417.15	0	.7628263	.2058467	.03132707	0
416.15	0	.7627813	.2059165	.03130223	0
415.15	0	.7627368	.2059857	.03127757	0
414.15	0	.7626926	.2060543	.03125309	0
413.15	0	.7626488	.2061224	.0312288	0
412.15	0	.7626054	.2061899	.03120468	0
411.15	0	.7625624	.2062568	.03118076	0
410.15	0	.7625198	.2063232	.03115702	0
409.15	0	.7624776	.206389	.03113346	0
408.15	0	.7624357	.2064542	.03111009	0
407.15	0	.7623943	.2065188	.0310869	0
406.15	0	.7623532	.2065829	.0310639	0
405.15	0	.7623125	.2066464	.03104108	0
404.15	0	.7622722	.2067094	.03101844	0
403.15	0	.7622322	.2067718	.030996	0
402.15	0	.7621926	.2068336	.03097373	0
401.15	0	.7621534	.2068949	.03095165	0
400.15	0	.7621146	.2069556	.03092976	0
399.15	0	.7620761	.2070158	.03090804	0
398.15	0	.762038	.2070755	.03088652	0
397.15	0	.7620003	.2071345	.03086517	0
396.15	0	.7619629	.2071931	.03084401	0
395.15	0	.7619259	.207251	.03082303	0
394.15	0	.7618893	.2073085	.03080224	0
393.15	0	.761853	.2073654	.03078163	0
392.15	0	.761817	.2074218	.0307612	0
391.15	0	.7617814	.2074776	.03074095	0
390.15	0	.7617462	.2075329	.03072088	0
389.15	0	.7617113	.2075877	.03070099	0
388.15	0	.7616768	.2076419	.03068128	0
387.15	0	.7616426	.2076957	.03066176	0
386.15	0	.7616087	.2077489	.03064241	0
385.15	0	.7615752	.2078016	.03062324	0
384.15	0	.761542	.2078538	.03060425	0
383.15	0	.7615091	.2079054	.03058543	0
382.15	0	.7614766	.2079566	.0305668	0
381.15	0	.7614444	.2080072	.03054833	0
380.15	0	.7614126	.2080574	.03053005	0
379.15	0	.761381	.2081071	.03051194	0
378.15	0	.7613498	.2081562	.030494	0
377.15	0	.7613189	.2082049	.03047624	0
376.15	0	.7612883	.2082531	.03045865	0
375.15	0	.761258	.2083008	.03044123	0
374.15	0	.761228	.208348	.03042398	0
373.15	0	.7611984	.2083947	.03040691	0
372.15	0	.761169	.208441	.03039	0
371.15	0	.7611399	.2084868	.03037327	0
370.15	0	.7611112	.2085321	.0303567	0
369.15	0	.7610827	.208577	.0303403	0
368.15	0	.7610545	.2086214	.03032407	0
367.15	0	.7610267	.2086653	.030308	0
366.15	0	.7609991	.2087088	.0302921	0
365.15	0	.7609718	.2087519	.03027636	0
365.1069	0	.7609706	.2087537	.03027569	0
365.1069	0	.7609706	.2087537	.03027569	0
365.1069	0	.7609706	.2087537	.03027569	0
364.15	0	.7611904	.2082032	.03000318	6.031904E-04
363.15	0	.76142	.2076281	.02971892	.001232943
362.15	0	.7616495	.2070532	.02943519	.001862077
361.15	0	.7618789	.2064785	.02915198	.002490598
360.15	0	.7621082	.205904	.0288693	.00311851
359.15	0	.7623373	.2053297	.02858715	.003745816
358.15	0	.7625664	.2047556	.02830551	.004372521
357.15	0	.7627953	.2041817	.0280244	.004998629
356.15	0	.7630241	.2036079	.0277438	.005624143
355.15	0	.7632529	.2030344	.02746372	.006249069
354.15	0	.7634815	.202461	.02718414	.006873409
353.15	0	.76371	.2018878	.02690508	.007497167
352.15	0	.7639384	.2013147	.02662653	.008120348
351.15	0	.7641668	.2007418	.02634848	.008742955
350.15	0	.764395	.2001691	.02607094	.009364991
349.15	0	.7646232	.1995965	.0257939	.00998646
348.15	0	.7648512	.1990241	.02551736	.01060737
347.15	0	.7650792	.1984518	.02524132	.01122771
346.15	0	.7653071	.1978797	.02496577	.0118475
345.15	0	.7655349	.1973077	.02469072	.01246674
344.15	0	.7657626	.1967358	.02441616	.01308543
343.15	0	.7659902	.1961641	.02414209	.01370357
342.15	0	.7662178	.1955925	.02386851	.01432116
341.15	0	.7664453	.1950211	.02359541	.01493822
340.15	0	.7666727	.1944498	.0233228	.01555474
339.15	0	.7669	.1938786	.02305068	.01617073
338.15	0	.7671273	.1933075	.02277903	.01678618
337.15	0	.7673544	.1927366	.02250787	.01740111
336.15	0	.7675816	.1921658	.02223718	.01801551
335.15	0	.7678086	.191595	.02196697	.0186294
334.15	0	.7680356	.1910245	.02169723	.01924276
333.15	0	.7682625	.190454	.02142796	.0198556
332.15	0	.7684893	.1898836	.02115917	.02046793
331.15	0	.7687161	.1893133	.02089084	.02107976
330.15	0	.7689428	.1887432	.02062299	.02169107
329.15	0	.7691694	.1881731	.0203556	.02230187
328.15	0	.769396	.1876032	.02008867	.02291218
327.15	0	.7696225	.1870333	.01982221	.02352198
326.15	0	.769849	.1864636	.01955621	.02413128
325.15	0	.7700753	.1858939	.01929067	.02474009
324.15	0	.7703017	.1853243	.01902559	.0253484
323.15	0	.7705279	.1847549	.01876096	.02595623
322.15	0	.7707542	.1841855	.0184968	.02656356
321.15	0	.7709803	.1836162	.01823308	.02717041
320.15	0	.7712064	.183047	.01796982	.02777677
319.15	0	.7714324	.1824779	.01770702	.02838265
318.15	0	.7716584	.1819089	.01744466	.02898805
317.15	0	.7718843	.1813399	.01718275	.02959297
316.15	0	.7721102	.1807711	.01692129	.03019741
315.15	0	.772336	.1802023	.01666028	.03080138
314.15	0	.7725618	.1796336	.01639972	.03140488
313.15	0	.7727875	.179065	.0161396	.03200791
312.15	0	.7730131	.1784965	.01587992	.03261046
311.15	0	.7732387	.1779281	.01562068	.03321255
310.15	0	.7734642	.1773597	.01536189	.03381418
309.15	0	.7736897	.1767914	.01510354	.03441534
308.15	0	.7739152	.1762232	.01484562	.03501604
307.15	0	.7741406	.175655	.01458815	.03561628
306.15	0	.7743659	.175087	.01433111	.03621606
305.15	0	.7745912	.174519	.0140745	.03681538
304.15	0	.7748164	.1739511	.01381834	.03741424
303.15	0	.7750415	.1733832	.0135626	.03801265
302.15	0	.7752666	.1728154	.01330731	.03861061
301.15	0	.7754917	.1722477	.01305244	.03920812
300.15	0	.7757167	.1716801	.012798	.03980517
299.15	0	.7759417	.1711126	.012544	.04040178
298.15	0	.7761666	.1705451	.01229043	.04099794
