T	 BPW(LIQUID)	BPW(BCC_A2)	BPW(FCC_A1)	BPW(LAVES_PHASE_C14)	BPW(NI3TI)
1473.15	.2716932	.6505072	0	.07779966	0
1472.15	.2656251	.6544794	0	.07989554	0
1471.15	.2596702	.6583723	0	.08195752	0
1470.15	.2538254	.6621881	0	.08398656	0
1469.15	.2480877	.6659287	0	.08598357	0
1468.15	.2424543	.6695962	0	.08794943	0
1467.15	.2369225	.6731925	0	.08988499	0
1466.15	.2314894	.6767195	0	.09179108	0
1465.15	.2261527	.6801788	0	.09366849	0
1464.15	.2209096	.6835724	0	.09551798	0
1463.15	.2157579	.6869018	0	.09734031	0
1462.15	.2106952	.6901686	0	.09913617	0
1461.15	.2057193	.6933745	0	.1009063	0
1460.15	.2008279	.6965209	0	.1026513	0
1459.15	.1960189	.6996093	0	.1043718	0
1458.15	.1912903	.7026412	0	.1060685	0
1457.15	.1866402	.7056178	0	.107742	0
1456.15	.1820665	.7085407	0	.1093929	0
1455.15	.1775674	.7114109	0	.1110217	0
1454.15	.1731412	.7142299	0	.1126289	0
1453.15	.168786	.7169988	0	.1142152	0
1452.15	.1645003	.7197187	0	.115781	0
1451.15	.1602822	.7223909	0	.1173268	0
1450.15	.1561304	.7250165	0	.1188531	0
1449.15	.1520431	.7275964	0	.1203604	0
1448.15	.148019	.7301319	0	.1218492	0
1447.15	.1440565	.7326237	0	.1233198	0
1446.15	.1401543	.7350731	0	.1247726	0
1445.15	.1363109	.7374809	0	.1262082	0
1444.15	.1325251	.739848	0	.127627	0
1443.15	.1287955	.7421753	0	.1290292	0
1442.15	.125121	.7444638	0	.1304153	0
1441.15	.1215002	.7467142	0	.1317856	0
1440.15	.1179321	.7489274	0	.1331405	0
1439.15	.1144154	.7511043	0	.1344804	0
1438.15	.110949	.7532455	0	.1358056	0
1437.15	.1075318	.7553518	0	.1371163	0
1436.15	.1041629	.7574241	0	.138413	0
1435.15	.1008411	.7594629	0	.139696	0
1434.15	.09756546	.7614691	0	.1409655	0
1433.15	.09433501	.7634432	0	.1422218	0
1432.15	.09114879	.765386	0	.1434652	0
1431.15	.08800589	.7672981	0	.144696	0
1430.15	.0849054	.7691802	0	.1459144	0
1429.15	.08184645	.7710327	0	.1471208	0
1428.15	.0788282	.7728564	0	.1483154	0
1427.15	.0758498	.7746519	0	.1494983	0
1426.15	.07291046	.7764196	0	.15067	0
1425.15	.07000939	.7781601	0	.1518305	0
1424.15	.06714582	.7798741	0	.1529801	0
1423.15	.06431901	.7815619	0	.1541191	0
1422.15	.06152822	.7832241	0	.1552477	0
1421.15	.05877275	.7848613	0	.156366	0
1420.15	.05605191	.7864738	0	.1574743	0
1419.15	.05336502	.7880623	0	.1585727	0
1418.15	.05071142	.789627	0	.1596615	0
1417.15	.04809048	.7911686	0	.1607409	0
1416.15	.04550156	.7926874	0	.161811	0
1415.15	.04294406	.7941839	0	.1628721	0
1414.15	.04041738	.7956584	0	.1639242	0
1413.15	.03792094	.7971114	0	.1649677	0
1412.15	.03545417	.7985433	0	.1660025	0
1411.15	.03301652	.7999545	0	.167029	0
1410.15	.03060744	.8013454	0	.1680472	0
1409.15	.02822641	.8027163	0	.1690573	0
1408.15	.02587291	.8040676	0	.1700595	0
1407.15	.02354644	.8053997	0	.1710539	0
1406.15	.02124651	.8067128	0	.1720407	0
1405.15	.01897264	.8080074	0	.1730199	0
1404.15	.01672435	.8092838	0	.1739918	0
1403.15	.01450119	.8105423	0	.1749565	0
1402.15	.01230271	.8117832	0	.1759141	0
1401.15	.01012847	.8130069	0	.1768647	0
1400.15	.007978042	.8142135	0	.1778084	0
1399.15	.005851007	.8154035	0	.1787455	0
1398.15	.003746957	.8165772	0	.1796759	0
1397.15	.00166549	.8177347	0	.1805998	0
1396.342	0	.8186583	0	.1813417	0
1396.342	0	.8186583	0	.1813417	0
1396.15	0	.818547	0	.181453	0
1395.15	0	.8179684	0	.1820316	0
1394.15	0	.8173911	0	.1826089	0
1393.15	0	.8168152	0	.1831848	0
1392.15	0	.8162407	0	.1837593	0
1391.15	0	.8156675	0	.1843325	0
1390.15	0	.8150957	0	.1849043	0
1389.15	0	.8145253	0	.1854747	0
1388.15	0	.8139562	0	.1860438	0
1387.15	0	.8133885	0	.1866115	0
1386.15	0	.8128221	0	.1871779	0
1385.15	0	.8122571	0	.1877429	0
1384.15	0	.8116934	0	.1883066	0
1383.15	0	.8111311	0	.1888689	0
1382.15	0	.81057	0	.18943	0
1381.15	0	.8100103	0	.1899897	0
1380.15	0	.809452	0	.190548	0
1379.15	0	.8088949	0	.1911051	0
1378.15	0	.8083392	0	.1916608	0
1377.15	0	.8077847	0	.1922153	0
1376.15	0	.8072316	0	.1927684	0
1375.15	0	.8066798	0	.1933202	0
1374.15	0	.8061292	0	.1938708	0
1373.15	0	.80558	0	.19442	0
1372.15	0	.805032	0	.194968	0
1371.15	0	.8044853	0	.1955147	0
1370.15	0	.80394	0	.1960601	0
1369.15	0	.8033958	0	.1966042	0
1368.15	0	.802853	0	.197147	0
1367.15	0	.8023114	0	.1976886	0
1366.15	0	.8017711	0	.1982289	0
1365.15	0	.801232	0	.198768	0
1364.15	0	.8006942	0	.1993058	0
1363.15	0	.8001576	0	.1998424	0
1362.15	0	.7996223	0	.2003777	0
1361.15	0	.7990883	0	.2009118	0
1360.15	0	.7985554	0	.2014446	0
1359.15	0	.7980238	0	.2019762	0
1358.15	0	.7974935	0	.2025065	0
1357.15	0	.7969643	0	.2030357	0
1356.15	0	.7964364	0	.2035636	0
1355.15	0	.7959097	0	.2040903	0
1354.15	0	.7953842	0	.2046158	0
1353.15	0	.7948599	0	.2051401	0
1352.15	0	.7943369	0	.2056631	0
1351.15	0	.793815	0	.206185	0
1350.15	0	.7932944	0	.2067057	0
1349.15	0	.7927749	0	.2072251	0
1348.15	0	.7922566	0	.2077434	0
1347.15	0	.7917395	0	.2082605	0
1346.15	0	.7912236	0	.2087764	0
1345.15	0	.7907089	0	.2092911	0
1344.15	0	.7901954	0	.2098047	0
1343.15	0	.789683	0	.210317	0
1342.15	0	.7891718	0	.2108282	0
1341.15	0	.7886617	0	.2113383	0
1340.15	0	.7881529	0	.2118471	0
1339.15	0	.7876452	0	.2123549	0
1338.15	0	.7871386	0	.2128614	0
1337.15	0	.7866332	0	.2133668	0
1336.15	0	.7861289	0	.2138711	0
1335.15	0	.7856258	0	.2143742	0
1334.15	0	.7851238	0	.2148762	0
1333.15	0	.784623	0	.215377	0
1332.15	0	.7841233	0	.2158767	0
1331.15	0	.7836247	0	.2163753	0
1330.15	0	.7831273	0	.2168727	0
1329.15	0	.782631	0	.217369	0
1328.15	0	.7821358	0	.2178642	0
1327.15	0	.7816417	0	.2183583	0
1326.15	0	.7811487	0	.2188513	0
1325.15	0	.7806569	0	.2193432	0
1324.15	0	.7801661	0	.2198339	0
1323.15	0	.7796764	0	.2203236	0
1322.15	0	.7791879	0	.2208121	0
1321.15	0	.7787004	0	.2212996	0
1320.15	0	.7782141	0	.2217859	0
1319.15	0	.7777288	0	.2222712	0
1318.15	0	.7772446	0	.2227554	0
1317.15	0	.7767615	0	.2232385	0
1316.15	0	.7762795	0	.2237205	0
1315.15	0	.7757986	0	.2242014	0
1314.15	0	.7753187	0	.2246813	0
1313.15	0	.7748399	0	.2251601	0
1312.15	0	.7743622	0	.2256378	0
1311.15	0	.7738855	0	.2261145	0
1310.15	0	.7734099	0	.2265901	0
1309.15	0	.7729353	0	.2270647	0
1308.15	0	.7724618	0	.2275382	0
1307.15	0	.7719894	0	.2280106	0
1306.15	0	.771518	0	.228482	0
1305.15	0	.7710477	0	.2289523	0
1304.15	0	.7705784	0	.2294217	0
1303.15	0	.7701101	0	.2298899	0
1302.15	0	.7696428	0	.2303572	0
1301.15	0	.7691767	0	.2308234	0
1300.15	0	.7687115	0	.2312885	0
1299.15	0	.7682473	0	.2317527	0
1298.15	0	.7677842	0	.2322158	0
1297.15	0	.7673221	0	.2326779	0
1296.15	0	.7668611	0	.233139	0
1295.15	0	.766401	0	.233599	0
1294.15	0	.7659419	0	.2340581	0
1293.15	0	.7654839	0	.2345161	0
1292.15	0	.7650269	0	.2349731	0
1291.15	0	.7645708	0	.2354292	0
1290.15	0	.7641158	0	.2358842	0
1289.15	0	.7636618	0	.2363382	0
1288.15	0	.7632087	0	.2367913	0
1287.15	0	.7627567	0	.2372433	0
1286.15	0	.7623056	0	.2376944	0
1285.15	0	.7618556	0	.2381445	0
1284.15	0	.7614065	0	.2385935	0
1283.15	0	.7609584	0	.2390417	0
1282.15	0	.7605112	0	.2394888	0
1281.15	0	.7600651	0	.2399349	0
1280.15	0	.7596199	0	.2403801	0
1279.15	0	.7591757	0	.2408243	0
1278.15	0	.7587324	0	.2412676	0
1277.15	0	.7582901	0	.2417099	0
1276.15	0	.7578488	0	.2421512	0
1275.15	0	.7574085	0	.2425915	0
1274.15	0	.7569691	0	.2430309	0
1273.15	0	.7565306	0	.2434694	0
1272.15	0	.7560931	0	.2439069	0
1271.15	0	.7556565	0	.2443435	0
1270.15	0	.7552209	0	.2447791	0
1269.15	0	.7547863	0	.2452137	0
1268.15	0	.7543525	0	.2456475	0
1267.15	0	.7539197	0	.2460803	0
1266.15	0	.7534879	0	.2465121	0
1265.15	0	.753057	0	.246943	0
1264.15	0	.752627	0	.247373	0
1263.15	0	.7521979	0	.2478021	0
1262.15	0	.7517698	0	.2482302	0
1261.15	0	.7513425	0	.2486575	0
1260.15	0	.7509162	0	.2490838	0
1259.15	0	.7504909	0	.2495092	0
1258.15	0	.7500664	0	.2499336	0
1257.15	0	.7496428	0	.2503572	0
1256.15	0	.7492202	0	.2507798	0
1255.15	0	.7487984	0	.2512016	0
1254.15	0	.7483776	0	.2516224	0
1253.15	0	.7479577	0	.2520423	0
1252.15	0	.7475386	0	.2524614	0
1251.15	0	.7471205	0	.2528795	0
1250.15	0	.7467032	0	.2532968	0
1249.15	0	.7462869	0	.2537131	0
1248.15	0	.7458714	0	.2541286	0
1247.15	0	.7454569	0	.2545431	0
1246.15	0	.7450432	0	.2549568	0
1245.15	0	.7446304	0	.2553696	0
1244.15	0	.7442184	0	.2557816	0
1243.15	0	.7438074	0	.2561926	0
1242.15	0	.7433972	0	.2566028	0
1241.15	0	.7429879	0	.2570121	0
1240.15	0	.7425795	0	.2574205	0
1239.15	0	.7421719	0	.2578281	0
1238.15	0	.7417652	0	.2582348	0
1237.15	0	.7413594	0	.2586406	0
1236.15	0	.7409544	0	.2590456	0
1235.15	0	.7405503	0	.2594497	0
1234.15	0	.7401471	0	.2598529	0
1233.15	0	.7397447	0	.2602553	0
1232.15	0	.7393431	0	.2606569	0
1231.15	0	.7389424	0	.2610576	0
1230.15	0	.7385426	0	.2614574	0
1229.15	0	.7381436	0	.2618564	0
1228.15	0	.7377455	0	.2622546	0
1227.15	0	.7373481	0	.2626519	0
1226.15	0	.7369517	0	.2630483	0
1225.15	0	.736556	0	.263444	0
1224.15	0	.7361612	0	.2638388	0
1223.15	0	.7357673	0	.2642327	0
1222.15	0	.7353741	0	.2646259	0
1221.15	0	.7349818	0	.2650182	0
1220.15	0	.7345903	0	.2654097	0
1219.15	0	.7341997	0	.2658003	0
1218.15	0	.7338099	0	.2661902	0
1217.15	0	.7334208	0	.2665792	0
1216.15	0	.7330327	0	.2669673	0
1215.15	0	.7326453	0	.2673547	0
1214.15	0	.7322587	0	.2677413	0
1213.15	0	.731873	0	.2681271	0
1212.15	0	.731488	0	.268512	0
1211.15	0	.7311039	0	.2688961	0
1210.15	0	.7307206	0	.2692794	0
1209.15	0	.730338	0	.269662	0
1208.15	0	.7299563	0	.2700437	0
1207.15	0	.7295754	0	.2704246	0
1206.15	0	.7291953	0	.2708047	0
1205.15	0	.7288159	0	.2711841	0
1204.15	0	.7284374	0	.2715626	0
1203.15	0	.7280597	0	.2719403	0
1202.15	0	.7276827	0	.2723173	0
1201.15	0	.7273066	0	.2726935	0
1200.15	0	.7269312	0	.2730688	0
1199.15	0	.7265566	0	.2734434	0
1198.15	0	.7261828	0	.2738172	0
1197.15	0	.7258098	0	.2741903	0
1196.15	0	.7254375	0	.2745625	0
1195.15	0	.725066	0	.274934	0
1194.15	0	.7246953	0	.2753047	0
1193.15	0	.7243254	0	.2756746	0
1192.15	0	.7239562	0	.2760438	0
1191.15	0	.7235879	0	.2764121	0
1190.15	0	.7232202	0	.2767798	0
1189.15	0	.7228534	0	.2771466	0
1188.15	0	.7224873	0	.2775127	0
1187.15	0	.722122	0	.277878	0
1186.15	0	.7217574	0	.2782426	0
1185.15	0	.7213936	0	.2786064	0
1184.15	0	.7210305	0	.2789695	0
1183.15	0	.7206682	0	.2793318	0
1182.15	0	.7203067	0	.2796933	0
1181.15	0	.7199459	0	.2800541	0
1180.15	0	.7195859	0	.2804142	0
1179.15	0	.7192266	0	.2807734	0
1178.15	0	.718868	0	.281132	0
1177.15	0	.7185102	0	.2814898	0
1176.15	0	.7181531	0	.2818469	0
1175.15	0	.7177968	0	.2822032	0
1174.15	0	.7174412	0	.2825588	0
1173.15	0	.7170864	0	.2829136	0
1172.15	0	.7167323	0	.2832677	0
1171.15	0	.7163789	0	.2836211	0
1170.15	0	.7160262	0	.2839738	0
1169.15	0	.7156743	0	.2843257	0
1168.15	0	.7153231	0	.2846769	0
1167.15	0	.7149726	0	.2850274	0
1166.15	0	.7146229	0	.2853771	0
1165.15	0	.7142739	0	.2857261	0
1164.15	0	.7139256	0	.2860744	0
1163.15	0	.713578	0	.286422	0
1162.15	0	.7132312	0	.2867688	0
1161.15	0	.7128851	0	.287115	0
1160.15	0	.7125396	0	.2874604	0
1159.15	0	.7121949	0	.2878051	0
1158.15	0	.7118509	0	.2881491	0
1157.15	0	.7115076	0	.2884924	0
1156.15	0	.7111651	0	.2888349	0
1155.15	0	.7108232	0	.2891768	0
1154.15	0	.710482	0	.289518	0
1153.15	0	.7101416	0	.2898584	0
1152.15	0	.7098018	0	.2901982	0
1151.15	0	.7094628	0	.2905373	0
1150.15	0	.7091244	0	.2908756	0
1149.15	0	.7087867	0	.2912133	0
1148.15	0	.7084498	0	.2915502	0
1147.15	0	.7081135	0	.2918865	0
1146.15	0	.7077779	0	.2922221	0
1145.877	0	.7076865	0	.2923135	0
1145.877	0	.7076865	0	.2923135	0
1145.877	0	.7076865	0	.2923135	0
1145.15	0	.7069209	5.487691E-04	.2925303	0
1144.15	0	.7058705	.001301615	.2928279	0
1143.15	0	.7048229	.002052366	.2931247	0
1142.15	0	.7037783	.002801023	.2934207	0
1141.15	0	.7027364	.003547586	.293716	0
1140.15	0	.7016975	.004292057	.2940105	0
1139.15	0	.7006613	.005034436	.2943042	0
1138.15	0	.6996281	.005774723	.2945972	0
1137.15	0	.6985976	.00651292	.2948895	0
1136.15	0	.69757	.007249027	.2951809	0
1135.15	0	.6965453	.007983044	.2954717	0
1134.15	0	.6955234	.008714973	.2957616	0
1133.15	0	.6945043	.009444814	.2960509	0
1132.15	0	.6934881	.01017257	.2963394	0
1131.15	0	.6924747	.01089823	.2966271	0
1130.15	0	.6914641	.01162181	.2969141	0
1129.15	0	.6904563	.0123433	.2972004	0
1128.15	0	.6894514	.01306271	.2974859	0
1127.15	0	.6884493	.01378003	.2977707	0
1126.15	0	.68745	.01449527	.2980548	0
1125.15	0	.6864535	.01520842	.2983381	0
1124.15	0	.6854598	.01591948	.2986207	0
1123.15	0	.684469	.01662846	.2989025	0
1122.15	0	.6834809	.01733536	.2991837	0
1121.15	0	.6824957	.01804018	.2994641	0
1120.15	0	.6815133	.01874291	.2997438	0
1119.15	0	.6805337	.01944355	.3000228	0
1118.15	0	.6795568	.02014211	.3003011	0
1117.15	0	.6785828	.02083859	.3005786	0
1116.15	0	.6776116	.02153299	.3008554	0
1115.15	0	.6766432	.0222253	.3011315	0
1114.15	0	.6756775	.02291553	.3014069	0
1113.15	0	.6747147	.02360368	.3016816	0
1112.15	0	.6737546	.02428975	.3019556	0
1111.15	0	.6727974	.02497373	.3022289	0
1110.15	0	.6718429	.02565563	.3025015	0
1109.15	0	.6708912	.02633544	.3027733	0
1108.15	0	.6699423	.02701317	.3030445	0
1107.15	0	.6689962	.02768882	.303315	0
1106.15	0	.6680529	.02836238	.3035847	0
1105.15	0	.6671123	.02903386	.3038538	0
1104.15	0	.6661746	.02970326	.3041222	0
1103.15	0	.6652396	.03037057	.3043899	0
1102.15	0	.6643073	.0310358	.3046569	0
1101.15	0	.6633779	.03169894	.3049232	0
1100.15	0	.6624512	.03236	.3051888	0
1099.15	0	.6615273	.03301897	.3054537	0
1098.15	0	.6606062	.03367586	.3057179	0
1097.15	0	.6596879	.03433066	.3059815	0
1096.15	0	.6587723	.03498338	.3062444	0
1095.15	0	.6578595	.035634	.3065065	0
1094.15	0	.6569494	.03628254	.306768	0
1093.15	0	.6560422	.036929	.3070289	0
1092.15	0	.6551376	.03757336	.307289	0
1091.15	0	.6542359	.03821564	.3075485	0
1090.15	0	.6533369	.03885582	.3078073	0
1089.15	0	.6524407	.03949392	.3080654	0
1088.15	0	.6515473	.04012993	.3083228	0
1087.15	0	.6506566	.04076384	.3085796	0
1086.15	0	.6497686	.04139566	.3088357	0
1085.15	0	.6488835	.0420254	.3090911	0
1084.15	0	.6480011	.04265304	.3093459	0
1083.15	0	.6471214	.04327858	.3096	0
1082.15	0	.6462445	.04390203	.3098534	0
1081.15	0	.6453704	.04452339	.3101062	0
1080.15	0	.644499	.04514266	.3103583	0
1079.15	0	.6436304	.04575982	.3106098	0
1078.15	0	.6427646	.04637489	.3108605	0
1077.15	0	.6419015	.04698786	.3111107	0
1076.15	0	.6410411	.04759874	.3113601	0
1075.15	0	.6401836	.04820751	.3116089	0
1074.15	0	.6393287	.04881419	.3118571	0
1073.15	0	.6384767	.04941876	.3121046	0
1072.15	0	.6376274	.05002123	.3123514	0
1071.15	0	.6367808	.05062161	.3125976	0
1070.15	0	.635937	.05121987	.3128431	0
1069.15	0	.635096	.05181604	.313088	0
1068.15	0	.6342577	.0524101	.3133322	0
1067.15	0	.6334221	.05300205	.3135758	0
1066.15	0	.6325894	.0535919	.3138188	0
1065.15	0	.6317593	.05417964	.314061	0
1064.15	0	.6309321	.05476527	.3143027	0
1063.15	0	.6301076	.05534879	.3145437	0
1062.15	0	.6292858	.0559302	.314784	0
1061.15	0	.6284668	.05650951	.3150237	0
1060.15	0	.6276506	.0570867	.3152627	0
1059.15	0	.6268371	.05766177	.3155012	0
1058.15	0	.6260264	.05823474	.3157389	0
1057.15	0	.6252184	.05880558	.315976	0
1056.15	0	.6244132	.05937431	.3162125	0
1055.15	0	.6236107	.05994093	.3164484	0
1054.15	0	.622811	.06050543	.3166836	0
1053.15	0	.6220141	.06106781	.3169181	0
1052.15	0	.6212199	.06162807	.317152	0
1051.15	0	.6204285	.06218621	.3173853	0
1050.15	0	.6196398	.06274222	.317618	0
1049.15	0	.6188539	.06329612	.31785	0
1048.15	0	.6180708	.06384789	.3180814	0
1047.15	0	.6172904	.06439754	.3183121	0
1046.15	0	.6165127	.06494506	.3185422	0
1045.15	0	.6157379	.06549046	.3187717	0
1044.15	0	.6149658	.06603373	.3190005	0
1043.15	0	.6141964	.06657487	.3192287	0
1042.15	0	.6134299	.06711388	.3194562	0
1041.15	0	.6126661	.06765076	.3196832	0
1040.15	0	.611905	.06818551	.3199095	0
1039.15	0	.6111467	.06871813	.3201351	0
1038.15	0	.6103912	.06924862	.3203602	0
1037.15	0	.6096385	.06977697	.3205846	0
1036.15	0	.6088885	.07030319	.3208083	0
1035.15	0	.6081413	.07082727	.3210315	0
1034.15	0	.6073968	.07134922	.321254	0
1033.15	0	.6066551	.07186903	.3214758	0
1032.15	0	.6059162	.0723867	.3216971	0
1031.15	0	.6051801	.07290223	.3219177	0
1030.15	0	.6044467	.07341562	.3221376	0
1029.15	0	.6037161	.07392688	.322357	0
1028.15	0	.6029883	.07443599	.3225757	0
1027.15	0	.6022633	.07494296	.3227938	0
1026.15	0	.601541	.07544779	.3230112	0
1025.15	0	.6008215	.07595048	.3232281	0
1024.15	0	.6001047	.07645103	.3234443	0
1023.15	0	.5993908	.07694942	.3236598	0
1022.15	0	.5986796	.07744568	.3238747	0
1021.15	0	.5979712	.07793979	.324089	0
1020.15	0	.5972656	.07843176	.3243027	0
1019.15	0	.5965627	.07892157	.3245157	0
1018.15	0	.5958627	.07940925	.3247281	0
1017.15	0	.5951654	.07989477	.3249399	0
1016.15	0	.5944708	.08037815	.325151	0
1015.15	0	.5937791	.08085938	.3253615	0
1014.15	0	.5930902	.08133847	.3255714	0
1013.15	0	.592404	.08181541	.3257806	0
1012.15	0	.5917206	.08229019	.3259892	0
1011.15	0	.59104	.08276284	.3261972	0
1010.15	0	.5903622	.08323333	.3264045	0
1009.15	0	.5896872	.08370168	.3266112	0
1008.15	0	.5890149	.08416788	.3268172	0
1007.15	0	.5883455	.08463193	.3270226	0
1006.15	0	.5876788	.08509383	.3272274	0
1005.15	0	.5870149	.08555359	.3274315	0
1004.15	0	.5863538	.0860112	.327635	0
1003.15	0	.5856954	.08646666	.3278379	0
1002.15	0	.5850399	.08691998	.3280401	0
1001.15	0	.5843871	.08737115	.3282417	0
1000.15	0	.5837372	.08782018	.3284426	0
999.15	0	.58309	.08826707	.3286429	0
998.15	0	.5824456	.08871181	.3288426	0
997.15	0	.581804	.08915441	.3290416	0
996.15	0	.5811652	.08959487	.32924	0
995.15	0	.5805292	.09003319	.3294377	0
994.15	0	.5798959	.09046937	.3296347	0
993.15	0	.5792655	.09090342	.3298311	0
992.15	0	.5786378	.09133533	.3300269	0
991.15	0	.5780129	.0917651	.330222	0
990.15	0	.5773908	.09219274	.3304165	0
989.15	0	.5767715	.09261825	.3306103	0
988.15	0	.5761549	.09304163	.3308034	0
987.15	0	.5755412	.09346289	.3309959	0
986.15	0	.5749302	.09388202	.3311878	0
985.15	0	.574322	.09429903	.3313789	0
984.15	0	.5737166	.09471391	.3315695	0
983.15	0	.573114	.09512668	.3317593	0
982.15	0	.5725142	.09553733	.3319485	0
981.15	0	.5719171	.09594587	.332137	0
980.15	0	.5713228	.09635231	.3323249	0
979.15	0	.5707313	.09675663	.3325121	0
978.15	0	.5701426	.09715885	.3326986	0
977.15	0	.5695566	.09755897	.3328844	0
976.15	0	.5689734	.097957	.3330696	0
975.15	0	.568393	.09835293	.3332541	0
974.15	0	.5678153	.09874677	.3334379	0
973.15	0	.5672404	.09913853	.3336211	0
972.15	0	.5666683	.09952821	.3338035	0
971.15	0	.5660989	.09991582	.3339853	0
970.15	0	.5655323	.1003014	.3341664	0
969.15	0	.5649684	.1006848	.3343468	0
968.15	0	.5644073	.1010662	.3345265	0
967.15	0	.563849	.1014456	.3347055	0
966.15	0	.5632934	.1018229	.3348838	0
965.15	0	.5627405	.1021981	.3350614	0
964.15	0	.5621904	.1025713	.3352383	0
963.15	0	.561643	.1029425	.3354145	0
962.15	0	.5610983	.1033117	.33559	0
961.15	0	.5605564	.1036788	.3357648	0
960.15	0	.5600172	.1040439	.3359389	0
959.15	0	.5594807	.1044071	.3361123	0
958.15	0	.5589469	.1047682	.3362849	0
957.15	0	.5584158	.1051273	.3364568	0
956.15	0	.5578875	.1054845	.336628	0
955.15	0	.5573618	.1058397	.3367985	0
954.15	0	.5568388	.1061929	.3369683	0
953.15	0	.5563186	.1065442	.3371373	0
952.15	0	.555801	.1068935	.3373056	0
951.15	0	.555286	.1072409	.3374731	0
950.15	0	.5547738	.1075863	.3376399	0
949.15	0	.5542642	.1079299	.3378059	0
948.15	0	.5537573	.1082715	.3379712	0
947.15	0	.553253	.1086112	.3381358	0
946.15	0	.5527513	.1089491	.3382996	0
945.15	0	.5522523	.1092851	.3384626	0
944.15	0	.5517559	.1096192	.3386248	0
943.15	0	.5512622	.1099515	.3387863	0
942.15	0	.550771	.110282	.338947	0
941.15	0	.5502824	.1106106	.339107	0
940.15	0	.5497965	.1109374	.3392661	0
939.15	0	.5493131	.1112625	.3394245	0
938.15	0	.5488322	.1115857	.339582	0
937.15	0	.5483539	.1119072	.3397388	0
936.15	0	.5478782	.112227	.3398948	0
935.15	0	.547405	.112545	.34005	0
934.15	0	.5469343	.1128614	.3402043	0
933.15	0	.5464662	.113176	.3403578	0
932.15	0	.5460005	.1134889	.3405106	0
931.15	0	.5455373	.1138002	.3406625	0
930.15	0	.5450766	.1141099	.3408135	0
929.15	0	.5446183	.1144179	.3409637	0
928.15	0	.5441625	.1147244	.3411131	0
927.15	0	.5437091	.1150292	.3412617	0
926.15	0	.5432581	.1153325	.3414093	0
925.15	0	.5428096	.1156343	.3415562	0
924.15	0	.5423634	.1159345	.3417021	0
923.15	0	.5419195	.1162333	.3418472	0
922.15	0	.541478	.1165306	.3419914	0
921.15	0	.5410388	.1168265	.3421347	0
920.15	0	.5406019	.1171209	.3422771	0
919.15	0	.5401674	.117414	.3424187	0
918.15	0	.539735	.1177057	.3425593	0
917.15	0	.539305	.1179961	.342699	0
916.15	0	.5388771	.1182851	.3428378	0
915.15	0	.5384514	.1185729	.3429756	0
914.15	0	.538028	.1188595	.3431126	0
913.15	0	.5376067	.1191448	.3432485	0
912.15	0	.5371875	.119429	.3433836	0
911.15	0	.5367704	.1197119	.3435177	0
910.15	0	.5363554	.1199938	.3436508	0
909.15	0	.5359424	.1202746	.3437829	0
908.15	0	.5355315	.1205544	.3439141	0
907.15	0	.5351226	.1208332	.3440443	0
906.15	0	.5347156	.121111	.3441734	0
905.15	0	.5343106	.1213878	.3443016	0
904.15	0	.5339075	.1216638	.3444287	0
903.15	0	.5335063	.1219389	.3445548	0
902.15	0	.5331069	.1222132	.3446799	0
901.15	0	.5327093	.1224868	.3448039	0
900.15	0	.5323135	.1227596	.3449269	0
899.15	0	.5319195	.1230317	.3450488	0
898.15	0	.5315271	.1233033	.3451696	0
897.15	0	.5311364	.1235742	.3452894	0
896.15	0	.5307473	.1238447	.345408	0
895.15	0	.5303598	.1241147	.3455255	0
894.15	0	.5299739	.1243842	.3456419	0
893.15	0	.5295895	.1246534	.3457572	0
892.15	0	.5292065	.1249223	.3458713	0
891.15	0	.5288249	.1251909	.3459842	0
890.15	0	.5284447	.1254593	.346096	0
889.15	0	.5280658	.1257276	.3462066	0
888.15	0	.5276882	.1259958	.346316	0
887.15	0	.5273118	.1262641	.3464242	0
886.15	0	.5269366	.1265324	.3465311	0
885.15	0	.5265624	.1268008	.3466368	0
884.15	0	.5261893	.1270694	.3467412	0
883.15	0	.5258173	.1273383	.3468444	0
882.15	0	.5254461	.1276076	.3469463	0
881.15	0	.5250759	.1278773	.3470469	0
880.15	0	.5247064	.1281475	.3471461	0
879.15	0	.5243377	.1284183	.347244	0
878.15	0	.5239697	.1286898	.3473406	0
877.15	0	.5236023	.128962	.3474357	0
876.15	0	.5232354	.1292351	.3475295	0
875.15	0	.522869	.1295092	.3476218	0
874.15	0	.522503	.1297843	.3477128	0
873.15	0	.5221372	.1300605	.3478022	0
872.15	0	.5217718	.130338	.3478902	0
871.15	0	.5214064	.1306169	.3479767	0
870.15	0	.5210412	.1308972	.3480616	0
869.15	0	.5206758	.1311791	.348145	0
868.15	0	.5203104	.1314628	.3482269	0
867.15	0	.5199447	.1317482	.3483071	0
866.15	0	.5195787	.1320356	.3483857	0
865.15	0	.5192123	.132325	.3484626	0
864.15	0	.5188454	.1326167	.3485379	0
863.15	0	.5184778	.1329108	.3486114	0
862.15	0	.5181094	.1332073	.3486833	0
861.15	0	.5177402	.1335065	.3487533	0
860.15	0	.5173699	.1338086	.3488215	0
859.15	0	.5169985	.1341136	.3488879	0
858.15	0	.5166258	.1344218	.3489524	0
857.15	0	.5162518	.1347333	.349015	0
856.15	0	.5158761	.1350483	.3490756	0
855.15	0	.5154987	.1353671	.3491342	0
854.15	0	.5151194	.1356898	.3491908	0
853.15	0	.5147381	.1360166	.3492453	0
852.15	0	.5143545	.1363478	.3492977	0
851.15	0	.5139686	.1366836	.3493478	0
850.15	0	.51358	.1370243	.3493958	0
849.15	0	.5131886	.13737	.3494414	0
848.15	0	.5127942	.1377212	.3494847	0
847.15	0	.5123965	.138078	.3495256	0
846.15	0	.5119953	.1384408	.349564	0
845.15	0	.5115903	.1388098	.3495998	0
844.15	0	.5111814	.1391856	.349633	0
843.15	0	.5107682	.1395683	.3496635	0
842.15	0	.5103503	.1399584	.3496913	0
841.15	0	.5099276	.1403562	.3497162	0
840.15	0	.5094996	.1407623	.3497381	0
839.15	0	.509066	.1411771	.3497569	0
838.15	0	.5086264	.141601	.3497726	0
837.15	0	.5081804	.1420346	.349785	0
836.15	0	.5077275	.1424785	.349794	0
835.15	0	.5072674	.1429332	.3497995	0
834.15	0	.5067993	.1433994	.3498012	0
833.15	0	.5063229	.1438779	.3497992	0
832.15	0	.5058375	.1443694	.3497931	0
831.15	0	.5053425	.1448746	.3497829	0
830.15	0	.5048371	.1453946	.3497683	0
829.15	0	.5043206	.1459303	.3497491	0
828.15	0	.503542	.1467819	.3496762	0
827.15	0	.5025887	.1478465	.3495649	0
826.15	0	.5016861	.148855	.3494588	0
825.15	0	.5008305	.1498117	.3493578	0
824.15	0	.5000183	.1507206	.3492611	0
823.15	0	.4992463	.1515851	.3491687	0
822.15	0	.4985116	.1524083	.34908	0
821.15	0	.4978119	.1531932	.3489949	0
820.15	0	.4971446	.1539423	.3489131	0
819.15	0	.4965077	.154658	.3488343	0
818.15	0	.4958993	.1553424	.3487583	0
817.15	0	.4953176	.1559974	.348685	0
816.15	0	.4947609	.156625	.3486141	0
815.15	0	.4942279	.1572267	.3485455	0
814.15	0	.493717	.157804	.348479	0
813.15	0	.493227	.1583584	.3484146	0
812.15	0	.4927568	.1588912	.348352	0
811.15	0	.4923052	.1594036	.3482912	0
810.15	0	.4918713	.1598967	.3482321	0
809.15	0	.491454	.1603715	.3481745	0
808.15	0	.4910526	.1608291	.3481183	0
807.15	0	.4906661	.1612703	.3480636	0
806.15	0	.4902939	.161696	.3480101	0
805.15	0	.4899352	.1621069	.3479579	0
804.15	0	.4895893	.1625039	.3479068	0
803.15	0	.4892556	.1628876	.3478569	0
802.15	0	.4889334	.1632586	.3478079	0
801.15	0	.4886224	.1636177	.34776	0
800.15	0	.4883218	.1639653	.3477129	0
799.15	0	.4880313	.164302	.3476667	0
798.15	0	.4877503	.1646283	.3476214	0
797.15	0	.4874784	.1649447	.3475769	0
796.15	0	.4872152	.1652517	.3475331	0
795.15	0	.4869604	.1655497	.34749	0
794.15	0	.4867134	.165839	.3474475	0
793.15	0	.4864741	.1661202	.3474058	0
792.15	0	.4862419	.1663935	.3473646	0
791.15	0	.4860168	.1666593	.347324	0
790.15	0	.4857982	.1669179	.3472839	0
789.15	0	.485586	.1671696	.3472444	0
788.15	0	.4853799	.1674148	.3472053	0
787.15	0	.4851796	.1676537	.3471668	0
786.15	0	.4849848	.1678866	.3471286	0
785.15	0	.4847954	.1681137	.3470909	0
784.15	0	.4846112	.1683352	.3470536	0
783.15	0	.4844318	.1685515	.3470167	0
782.15	0	.4842572	.1687627	.3469802	0
781.15	0	.484087	.168969	.346944	0
780.15	0	.4839212	.1691707	.3469081	0
779.15	0	.4837596	.1693678	.3468726	0
778.15	0	.483602	.1695607	.3468373	0
777.15	0	.4834482	.1697494	.3468024	0
776.15	0	.4832981	.1699342	.3467677	0
775.15	0	.4831516	.1701152	.3467332	0
774.15	0	.4830085	.1702925	.3466991	0
773.15	0	.4828686	.1704662	.3466651	0
772.15	0	.4827319	.1706367	.3466314	0
771.15	0	.4825983	.1708038	.3465979	0
770.15	0	.4824675	.1709678	.3465646	0
769.15	0	.4823396	.1711289	.3465315	0
768.15	0	.4822144	.171287	.3464986	0
767.15	0	.4820917	.1714424	.3464659	0
766.15	0	.4819716	.1715951	.3464333	0
765.15	0	.4818539	.1717452	.3464009	0
764.15	0	.4817385	.1718928	.3463686	0
763.15	0	.4816254	.1720381	.3463365	0
762.15	0	.4815144	.1721811	.3463045	0
761.15	0	.4814055	.1723218	.3462727	0
760.15	0	.4813004	.1724591	.3462405	0
759.15	0	.4811953	.1725958	.346209	0
758.15	0	.481092	.1727305	.3461775	0
757.15	0	.4809906	.1728633	.3461461	0
756.15	0	.4808909	.1729942	.3461149	0
755.15	0	.4807929	.1731234	.3460837	0
754.15	0	.4806966	.1732508	.3460526	0
753.15	0	.4806018	.1733767	.3460216	0
752.15	0	.4805085	.1735009	.3459907	0
751.15	0	.4804166	.1736236	.3459598	0
750.15	0	.4803262	.1737448	.345929	0
749.15	0	.4802371	.1738645	.3458983	0
748.15	0	.4801494	.1739829	.3458677	0
747.15	0	.4800629	.1741	.3458371	0
746.15	0	.4799777	.1742158	.3458066	0
745.15	0	.4798936	.1743304	.3457761	0
744.15	0	.4798107	.1744437	.3457456	0
743.15	0	.4797288	.1745559	.3457153	0
742.15	0	.4796481	.174667	.3456849	0
741.15	0	.4795684	.174777	.3456546	0
740.15	0	.4794897	.174886	.3456243	0
739.15	0	.4794119	.174994	.3455941	0
738.15	0	.4793351	.175101	.3455639	0
737.15	0	.4792592	.1752071	.3455337	0
736.15	0	.4791842	.1753123	.3455036	0
735.15	0	.47911	.1754166	.3454734	0
734.15	0	.4790366	.1755201	.3454433	0
733.15	0	.478964	.1756227	.3454133	0
732.15	0	.4788922	.1757246	.3453832	0
731.15	0	.4788212	.1758257	.3453532	0
730.15	0	.4787508	.1759261	.3453231	0
729.15	0	.4786812	.1760257	.3452931	0
728.15	0	.4786122	.1761247	.3452631	0
727.15	0	.4785439	.176223	.3452331	0
726.15	0	.4784762	.1763206	.3452031	0
725.15	0	.4784092	.1764177	.3451732	0
724.15	0	.4783427	.1765141	.3451432	0
723.15	0	.4782768	.17661	.3451132	0
722.15	0	.4782115	.1767053	.3450833	0
721.15	0	.4781467	.1768	.3450533	0
720.15	0	.4780824	.1768943	.3450233	0
719.15	0	.4780186	.176988	.3449934	0
718.15	0	.4779554	.1770812	.3449634	0
717.15	0	.4778926	.177174	.3449335	0
716.15	0	.4778303	.1772662	.3449035	0
715.15	0	.4777684	.1773581	.3448735	0
714.15	0	.477707	.1774495	.3448435	0
713.15	0	.477646	.1775405	.3448136	0
712.15	0	.4775854	.1776311	.3447836	0
711.15	0	.4775252	.1777212	.3447536	0
710.15	0	.4774654	.177811	.3447236	0
709.15	0	.477406	.1779005	.3446936	0
708.15	0	.4773469	.1779895	.3446635	0
707.15	0	.4772882	.1780783	.3446335	0
706.15	0	.4772299	.1781667	.3446035	0
705.15	0	.4771719	.1782547	.3445734	0
704.15	0	.4771142	.1783425	.3445433	0
703.15	0	.4770568	.1784299	.3445133	0
702.15	0	.4769998	.1785171	.3444832	0
701.15	0	.476943	.1786039	.3444531	0
700.15	0	.4768866	.1786905	.3444229	0
699.15	0	.4768304	.1787768	.3443928	0
698.15	0	.4767745	.1788629	.3443627	0
697.15	0	.4767188	.1789487	.3443325	0
696.15	0	.4766635	.1790342	.3443023	0
695.15	0	.4766084	.1791195	.3442722	0
694.15	0	.4765535	.1792046	.3442419	0
693.15	0	.4764989	.1792894	.3442117	0
692.15	0	.4764445	.179374	.3441815	0
691.15	0	.4763904	.1794584	.3441512	0
690.15	0	.4763364	.1795426	.344121	0
689.15	0	.4762827	.1796266	.3440907	0
688.15	0	.4762292	.1797104	.3440604	0
687.15	0	.4761759	.179794	.3440301	0
686.15	0	.4761229	.1798774	.3439997	0
685.15	0	.47607	.1799606	.3439694	0
684.15	0	.4760173	.1800437	.343939	0
683.15	0	.4759648	.1801266	.3439087	0
682.15	0	.4759125	.1802093	.3438782	0
681.15	0	.4758603	.1802919	.3438478	0
680.15	0	.4758083	.1803743	.3438174	0
679.15	0	.4757566	.1804565	.343787	0
678.15	0	.4757049	.1805386	.3437565	0
677.15	0	.4756535	.1806205	.343726	0
676.15	0	.4756022	.1807023	.3436955	0
675.15	0	.475551	.180784	.343665	0
674.15	0	.4755	.1808655	.3436345	0
673.15	0	.4754492	.1809469	.3436039	0
672.15	0	.4753985	.1810281	.3435734	0
671.15	0	.4753479	.1811093	.3435428	0
670.15	0	.4752975	.1811903	.3435122	0
669.15	0	.4752473	.1812712	.3434816	0
668.15	0	.4751971	.1813519	.343451	0
667.15	0	.4751471	.1814326	.3434203	0
666.15	0	.4750972	.1815131	.3433896	0
665.15	0	.4750475	.1815935	.343359	0
664.15	0	.4749979	.1816738	.3433283	0
663.15	0	.4749484	.181754	.3432976	0
662.15	0	.474899	.1818341	.3432669	0
661.15	0	.4748497	.1819141	.3432362	0
660.15	0	.4748006	.181994	.3432054	0
659.15	0	.4747515	.1820738	.3431746	0
658.15	0	.4747026	.1821535	.3431439	0
657.15	0	.4746538	.1822331	.3431131	0
656.15	0	.4746051	.1823126	.3430823	0
655.15	0	.4745565	.182392	.3430515	0
654.15	0	.474508	.1824713	.3430207	0
653.15	0	.4744596	.1825506	.3429898	0
652.15	0	.4744113	.1826297	.342959	0
651.15	0	.4743631	.1827088	.3429281	0
650.15	0	.4743151	.1827877	.3428972	0
649.15	0	.4742671	.1828666	.3428663	0
648.15	0	.4742191	.1829454	.3428355	0
647.15	0	.4741714	.1830241	.3428046	0
646.15	0	.4741236	.1831027	.3427736	0
645.15	0	.474076	.1831813	.3427427	0
644.15	0	.4740285	.1832597	.3427118	0
643.15	0	.473981	.1833381	.3426808	0
642.15	0	.4739337	.1834164	.3426499	0
641.15	0	.4738864	.1834947	.3426189	0
640.15	0	.4738392	.1835728	.342588	0
639.15	0	.4737921	.1836509	.342557	0
638.15	0	.4737451	.1837289	.342526	0
637.15	0	.4736982	.1838068	.342495	0
636.15	0	.4736514	.1838847	.342464	0
635.15	0	.4736046	.1839624	.342433	0
634.15	0	.4735579	.1840401	.342402	0
633.15	0	.4735113	.1841177	.342371	0
632.15	0	.4734648	.1841953	.3423399	0
631.15	0	.4734183	.1842728	.3423089	0
630.15	0	.473372	.1843502	.3422779	0
629.15	0	.4733257	.1844275	.3422468	0
628.15	0	.4732794	.1845047	.3422158	0
627.15	0	.4732333	.1845819	.3421848	0
626.15	0	.4731873	.1846591	.3421537	0
625.15	0	.4731413	.1847361	.3421227	0
624.15	0	.4730953	.1848131	.3420916	0
623.15	0	.4730495	.1848899	.3420606	0
622.15	0	.4730037	.1849668	.3420295	0
621.15	0	.472958	.1850435	.3419984	0
620.15	0	.4729124	.1851202	.3419674	0
619.15	0	.4728669	.1851968	.3419363	0
618.15	0	.4728214	.1852734	.3419053	0
617.15	0	.472776	.1853498	.3418742	0
616.15	0	.4727306	.1854262	.3418432	0
615.15	0	.4726854	.1855025	.3418121	0
614.15	0	.4726402	.1855788	.3417811	0
613.15	0	.472595	.1856549	.34175	0
612.15	0	.47255	.1857311	.341719	0
611.15	0	.472505	.1858071	.3416879	0
610.15	0	.4724601	.1858831	.3416569	0
609.15	0	.4724152	.1859589	.3416259	0
608.15	0	.4723704	.1860347	.3415948	0
607.15	0	.4723257	.1861105	.3415638	0
606.15	0	.4722811	.1861861	.3415328	0
605.15	0	.4722365	.1862617	.3415018	0
604.15	0	.472192	.1863373	.3414708	0
603.15	0	.4721475	.1864127	.3414398	0
602.15	0	.4721032	.1864881	.3414088	0
601.15	0	.4720589	.1865634	.3413778	0
600.15	0	.4720146	.1866386	.3413468	0
599.15	0	.4719704	.1867137	.3413159	0
598.15	0	.4719263	.1867888	.3412849	0
597.15	0	.4718823	.1868637	.341254	0
596.15	0	.4718383	.1869387	.341223	0
595.15	0	.4717944	.1870135	.3411921	0
594.15	0	.4717506	.1870882	.3411612	0
593.15	0	.4717068	.1871629	.3411303	0
592.15	0	.4716631	.1872375	.3410994	0
591.15	0	.4716195	.187312	.3410685	0
590.15	0	.4715759	.1873864	.3410377	0
589.15	0	.4715324	.1874608	.3410068	0
588.15	0	.471489	.1875351	.340976	0
587.15	0	.4714456	.1876093	.3409451	0
586.15	0	.4714023	.1876834	.3409143	0
585.15	0	.4713591	.1877574	.3408835	0
584.15	0	.4713159	.1878313	.3408528	0
583.15	0	.4712728	.1879052	.340822	0
582.15	0	.4712298	.187979	.3407913	0
581.15	0	.4711868	.1880526	.3407605	0
580.15	0	.4711439	.1881262	.3407298	0
579.15	0	.4711011	.1881998	.3406992	0
578.15	0	.4710583	.1882732	.3406685	0
577.15	0	.4710156	.1883465	.3406378	0
576.15	0	.470973	.1884198	.3406072	0
575.15	0	.4709304	.188493	.3405766	0
574.15	0	.470888	.188566	.340546	0
573.15	0	.4708455	.188639	.3405155	0
572.15	0	.4708032	.1887119	.3404849	0
571.15	0	.4707609	.1887847	.3404544	0
570.15	0	.4707187	.1888574	.3404239	0
569.15	0	.4706765	.1889301	.3403934	0
568.15	0	.4706344	.1890026	.340363	0
567.15	0	.4705924	.189075	.3403325	0
566.15	0	.4705505	.1891474	.3403021	0
565.15	0	.4705086	.1892196	.3402718	0
564.15	0	.4704668	.1892918	.3402414	0
563.15	0	.4704251	.1893638	.3402111	0
562.15	0	.4703834	.1894358	.3401808	0
561.15	0	.4703418	.1895077	.3401505	0
560.15	0	.4703003	.1895794	.3401203	0
559.15	0	.4702589	.1896511	.3400901	0
558.15	0	.4702175	.1897226	.3400599	0
557.15	0	.4701762	.1897941	.3400297	0
556.15	0	.4701349	.1898655	.3399996	0
555.15	0	.4700937	.1899367	.3399695	0
554.15	0	.4700526	.1900079	.3399395	0
553.15	0	.4700116	.190079	.3399094	0
552.15	0	.4699706	.1901499	.3398794	0
551.15	0	.4699298	.1902208	.3398495	0
550.15	0	.469889	.1902915	.3398195	0
549.15	0	.4698482	.1903622	.3397896	0
548.15	0	.4698075	.1904327	.3397598	0
547.15	0	.4697669	.1905031	.3397299	0
546.15	0	.4697264	.1905734	.3397001	0
545.15	0	.469686	.1906436	.3396704	0
544.15	0	.4696456	.1907138	.3396406	0
543.15	0	.4696053	.1907838	.339611	0
542.15	0	.4695651	.1908536	.3395813	0
541.15	0	.4695249	.1909234	.3395517	0
540.15	0	.4694848	.1909931	.3395221	0
539.15	0	.4694448	.1910626	.3394926	0
538.15	0	.4694049	.191132	.3394631	0
537.15	0	.469365	.1912014	.3394336	0
536.15	0	.4693252	.1912706	.3394042	0
535.15	0	.4692855	.1913397	.3393748	0
534.15	0	.4692459	.1914086	.3393455	0
533.15	0	.4692063	.1914775	.3393162	0
532.15	0	.4691668	.1915462	.3392869	0
531.15	0	.4691274	.1916148	.3392577	0
530.15	0	.4690881	.1916833	.3392286	0
529.15	0	.4690488	.1917517	.3391995	0
528.15	0	.4690097	.19182	.3391704	0
527.15	0	.4689706	.1918881	.3391413	0
526.15	0	.4689315	.1919561	.3391124	0
525.15	0	.4688926	.192024	.3390834	0
524.15	0	.4688537	.1920918	.3390545	0
523.15	0	.4688149	.1921594	.3390257	0
522.15	0	.4687762	.1922269	.3389969	0
521.15	0	.4687376	.1922943	.3389681	0
520.15	0	.468699	.1923616	.3389394	0
519.15	0	.4686605	.1924287	.3389107	0
518.15	0	.4686221	.1924958	.3388821	0
517.15	0	.4685838	.1925626	.3388535	0
516.15	0	.4685456	.1926294	.338825	0
515.15	0	.4685074	.192696	.3387966	0
514.15	0	.4684693	.1927625	.3387682	0
513.15	0	.4684313	.1928289	.3387398	0
512.15	0	.4683934	.1928951	.3387115	0
511.15	0	.4683556	.1929612	.3386832	0
510.15	0	.4683178	.1930272	.338655	0
509.15	0	.4682801	.193093	.3386269	0
508.15	0	.4682425	.1931587	.3385988	0
507.15	0	.468205	.1932243	.3385707	0
506.15	0	.4681677	.1932897	.3385427	0
505.15	0	.4681303	.193355	.3385147	0
504.15	0	.4680931	.1934201	.3384868	0
503.15	0	.4680559	.1934851	.338459	0
502.15	0	.4680188	.19355	.3384313	0
501.15	0	.4679817	.1936147	.3384035	0
500.15	0	.4679448	.1936793	.3383759	0
499.15	0	.4679079	.1937438	.3383483	0
498.15	0	.4678712	.1938081	.3383208	0
497.15	0	.4678345	.1938722	.3382933	0
496.15	0	.4677979	.1939363	.3382659	0
495.15	0	.4677613	.1940002	.3382385	0
494.15	0	.4677249	.1940639	.3382112	0
493.15	0	.4676885	.1941275	.338184	0
492.15	0	.4676523	.1941909	.3381568	0
491.15	0	.4676161	.1942542	.3381297	0
490.15	0	.46758	.1943174	.3381026	0
489.15	0	.467544	.1943804	.3380757	0
488.15	0	.467508	.1944432	.3380487	0
487.15	0	.4674722	.1945059	.3380219	0
486.15	0	.4674364	.1945685	.3379951	0
485.15	0	.4674008	.1946309	.3379683	0
484.15	0	.4673652	.1946932	.3379417	0
483.15	0	.4673297	.1947553	.3379151	0
482.15	0	.4672942	.1948172	.3378885	0
481.15	0	.4672589	.194879	.3378621	0
480.15	0	.4672237	.1949407	.3378356	0
479.15	0	.4671885	.1950022	.3378093	0
478.15	0	.4671535	.1950635	.337783	0
477.15	0	.4671185	.1951247	.3377568	0
476.15	0	.4670836	.1951857	.3377307	0
475.15	0	.4670488	.1952466	.3377046	0
474.15	0	.4670141	.1953073	.3376786	0
473.15	0	.4669794	.1953679	.3376527	0
472.15	0	.4669449	.1954283	.3376269	0
471.15	0	.4669104	.1954885	.3376011	0
470.15	0	.4668761	.1955486	.3375754	0
469.15	0	.4668418	.1956085	.3375497	0
468.15	0	.4668076	.1956683	.3375241	0
467.15	0	.4667735	.1957279	.3374986	0
466.15	0	.4667395	.1957873	.3374732	0
465.15	0	.4667056	.1958466	.3374479	0
464.15	0	.4666717	.1959057	.3374226	0
463.15	0	.466638	.1959646	.3373974	0
462.15	0	.4666043	.1960234	.3373722	0
461.15	0	.4665708	.1960821	.3373472	0
460.15	0	.4665373	.1961405	.3373222	0
459.15	0	.4665039	.1961988	.3372973	0
458.15	0	.4664706	.1962569	.3372725	0
457.15	0	.4664374	.1963149	.3372477	0
456.15	0	.4664043	.1963727	.337223	0
455.15	0	.4663713	.1964303	.3371984	0
454.15	0	.4663384	.1964878	.3371739	0
453.15	0	.4663055	.1965451	.3371494	0
452.15	0	.4662728	.1966022	.3371251	0
451.15	0	.4662401	.1966591	.3371008	0
450.15	0	.4662076	.1967159	.3370766	0
449.15	0	.4661751	.1967725	.3370524	0
448.15	0	.4661428	.1968289	.3370284	0
447.15	0	.4661105	.1968851	.3370044	0
446.15	0	.4660784	.1969411	.3369806	0
445.15	0	.4660463	.196997	.3369568	0
444.15	0	.4660143	.1970526	.3369331	0
443.15	0	.4659825	.1971081	.3369094	0
442.15	0	.4659508	.1971633	.3368859	0
441.15	0	.4659192	.1972184	.3368625	0
440.15	0	.4658876	.1972732	.3368391	0
439.15	0	.4658562	.1973279	.3368159	0
438.15	0	.465825	.1973823	.3367927	0
437.15	0	.4657938	.1974365	.3367697	0
436.15	0	.4657628	.1974906	.3367467	0
435.15	0	.4657318	.1975443	.3367238	0
434.15	0	.4657011	.1975979	.3367011	0
433.15	0	.4656704	.1976513	.3366784	0
432.15	0	.4656398	.1977044	.3366558	0
431.15	0	.4656094	.1977573	.3366333	0
430.15	0	.4655791	.1978099	.336611	0
429.15	0	.465549	.1978624	.3365887	0
428.15	0	.4655189	.1979146	.3365665	0
427.15	0	.465489	.1979665	.3365445	0
426.15	0	.4654592	.1980183	.3365225	0
425.15	0	.4654296	.1980698	.3365007	0
424.15	0	.4654001	.198121	.3364789	0
423.15	0	.4653707	.198172	.3364573	0
422.15	0	.4653415	.1982228	.3364357	0
421.15	0	.4653123	.1982734	.3364143	0
420.15	0	.4652834	.1983236	.336393	0
419.15	0	.4652545	.1983737	.3363718	0
418.15	0	.4652258	.1984235	.3363507	0
417.15	0	.4651973	.1984731	.3363297	0
416.15	0	.4651688	.1985224	.3363088	0
415.15	0	.4651405	.1985715	.336288	0
414.15	0	.4651123	.1986203	.3362673	0
414.0244	0	.4651088	.1986265	.3362647	0
414.0244	0	.4651088	.1986265	.3362647	0
414.0244	0	.4651088	.1986265	.3362647	0
413.15	0	.4652476	.1982783	.3360524	4.216467E-04
412.15	0	.4654061	.1978807	.33581	9.032479E-04
411.15	0	.4655641	.1974836	.3355681	.001384191
410.15	0	.4657219	.1970871	.3353265	.001864482
409.15	0	.4658793	.1966911	.3350855	.002344126
408.15	0	.4660364	.1962957	.3348448	.002823129
407.15	0	.4661932	.1959007	.3346046	.003301498
406.15	0	.4663497	.1955063	.3343648	.003779237
405.15	0	.4665058	.1951124	.3341255	.004256352
404.15	0	.4666617	.1947189	.3338866	.004732848
403.15	0	.4668172	.194326	.3336481	.005208732
402.15	0	.4669725	.1939335	.33341	.005684007
401.15	0	.4671275	.1935415	.3331724	.00615868
400.15	0	.4672822	.1931499	.3329351	.006632756
399.15	0	.4674366	.1927588	.3326983	.007106239
