T	 BPW(LIQUID)	BPW(BCC_A2)	BPW(FCC_A1)	BPW(LAVES_PHASE_C14)	BPW(NI3TI)
1473.15	.07653894	.5995567	.3239044	0	0
1472.15	.07274343	.5979195	.329337	0	0
1471.15	.06895347	.596293	.3347535	0	0
1470.15	.06516894	.594677	.3401541	0	0
1469.15	.0613897	.5930715	.3455388	0	0
1468.15	.05761561	.5914765	.3509079	0	0
1467.15	.05384654	.5898918	.3562616	0	0
1466.15	.05008238	.5883177	.3616	0	0
1465.15	.04632298	.5867538	.3669232	0	0
1464.15	.04256824	.5852003	.3722315	0	0
1463.15	.03881801	.583657	.377525	0	0
1462.15	.0350722	.5821241	.3828037	0	0
1461.15	.03133067	.5806013	.388068	0	0
1460.15	.02759331	.5790887	.393318	0	0
1459.15	.02386001	.5775863	.3985537	0	0
1458.15	.02013066	.576094	.4037753	0	0
1457.15	.01640514	.5746118	.408983	0	0
1456.15	.01268334	.5731397	.414177	0	0
1455.15	.008965169	.5716776	.4193573	0	0
1454.15	.005250511	.5702255	.424524	0	0
1453.15	.001539264	.5687833	.4296774	0	0
1452.735	0	.5681877	.4318123	0	0
1452.735	0	.5681877	.4318123	0	0
1452.15	0	.5671361	.4328639	0	0
1451.15	0	.5653429	.4346571	0	0
1450.15	0	.5635551	.4364449	0	0
1449.478	0	.562356	.437644	0	0
1449.478	0	.562356	.437644	0	0
1449.478	0	.562356	.437644	0	0
1449.15	0	.5611808	.4385803	2.389724E-04	0
1448.15	0	.5575997	.4414337	9.666409E-04	0
1447.15	0	.5540288	.4442796	.001691559	0
1446.15	0	.550468	.4471182	.00241374	0
1445.15	0	.5469174	.4499494	.003133198	0
1444.15	0	.5433767	.4527733	.003849946	0
1443.15	0	.5398461	.4555899	.004563996	0
1442.15	0	.5363255	.4583991	.005275363	0
1441.15	0	.5328149	.461201	.005984058	0
1440.15	0	.5293142	.4639957	.006690095	0
1439.15	0	.5258234	.4667831	.007393487	0
1438.15	0	.5223425	.4695632	.008094246	0
1437.15	0	.5188715	.4723362	.008792385	0
1436.15	0	.5154102	.4751019	.009487916	0
1435.15	0	.5119588	.4778604	.01018085	0
1434.15	0	.5085171	.4806117	.01087121	0
1433.15	0	.5050852	.4833558	.01155899	0
1432.15	0	.501663	.4860928	.01224422	0
1431.15	0	.4982504	.4888227	.0129269	0
1430.15	0	.4948475	.4915454	.01360704	0
1429.15	0	.4914543	.4942611	.01428467	0
1428.15	0	.4880706	.4969696	.01495978	0
1427.15	0	.4846965	.4996711	.0156324	0
1426.15	0	.481332	.5023655	.01630253	0
1425.15	0	.477977	.5050528	.01697018	0
1424.15	0	.4746315	.5077331	.01763538	0
1423.15	0	.4712955	.5104064	.01829812	0
1422.15	0	.4679689	.5130727	.01895842	0
1421.15	0	.4646517	.515732	.01961629	0
1420.15	0	.461344	.5183843	.02027175	0
1419.15	0	.4580456	.5210297	.0209248	0
1418.15	0	.4547565	.523668	.02157546	0
1417.15	0	.4514768	.5262995	.02222373	0
1416.15	0	.4482064	.528924	.02286963	0
1415.15	0	.4449452	.5315416	.02351316	0
1414.15	0	.4416933	.5341523	.02415435	0
1413.15	0	.4384507	.5367561	.0247932	0
1412.15	0	.4352172	.5393531	.02542972	0
1411.15	0	.4319929	.5419431	.02606391	0
1410.15	0	.4287778	.5445264	.0266958	0
1409.15	0	.4255719	.5471027	.0273254	0
1408.15	0	.422375	.5496723	.02795271	0
1407.15	0	.4191873	.552235	.02857774	0
1406.15	0	.4160086	.5547909	.0292005	0
1405.15	0	.412839	.55734	.02982101	0
1404.15	0	.4096784	.5598823	.03043927	0
1403.15	0	.4065268	.5624179	.0310553	0
1402.15	0	.4033842	.5649467	.0316691	0
1401.15	0	.4002506	.5674687	.03228069	0
1400.15	0	.3971259	.569984	.03289007	0
1399.15	0	.3940102	.5724926	.03349726	0
1398.15	0	.3909034	.5749944	.03410226	0
1397.15	0	.3878054	.5774895	.03470508	0
1396.15	0	.3847163	.5799779	.03530574	0
1395.15	0	.3816361	.5824596	.03590424	0
1394.15	0	.3785648	.5849346	.03650059	0
1393.15	0	.3755022	.587403	.03709481	0
1392.15	0	.3724485	.5898647	.0376869	0
1391.15	0	.3694035	.5923197	.03827687	0
1390.15	0	.3663673	.594768	.03886473	0
1389.15	0	.3633398	.5972097	.03945049	0
1388.15	0	.360321	.5996448	.04003415	0
1387.15	0	.357311	.6020732	.04061574	0
1386.15	0	.3543097	.6044951	.04119525	0
1385.15	0	.351317	.6069103	.0417727	0
1384.15	0	.348333	.6093189	.0423481	0
1383.15	0	.3453577	.6117209	.04292145	0
1382.15	0	.342391	.6141163	.04349276	0
1381.15	0	.3394329	.6165051	.04406204	0
1380.15	0	.3364834	.6188873	.04462931	0
1379.15	0	.3335425	.621263	.04519456	0
1378.15	0	.3306101	.6236321	.04575781	0
1377.15	0	.3276863	.6259946	.04631907	0
1376.15	0	.3247711	.6283506	.04687834	0
1375.15	0	.3218644	.6307	.04743564	0
1374.15	0	.3189662	.6330429	.04799096	0
1373.15	0	.3160765	.6353792	.04854433	0
1372.15	0	.3131953	.637709	.04909575	0
1371.15	0	.3103225	.6400322	.04964522	0
1370.15	0	.3074583	.642349	.05019275	0
1369.15	0	.3046025	.6446592	.05073836	0
1368.15	0	.3017551	.6469629	.05128205	0
1367.15	0	.2989161	.6492601	.05182383	0
1366.15	0	.2960856	.6515507	.05236371	0
1365.15	0	.2932635	.6538349	.05290169	0
1364.15	0	.2904497	.6561125	.05343778	0
1363.15	0	.2876444	.6583836	.053972	0
1362.15	0	.2848474	.6606483	.05450434	0
1361.15	0	.2820588	.6629064	.05503481	0
1360.15	0	.2792785	.6651581	.05556343	0
1359.15	0	.2765066	.6674032	.05609021	0
1358.15	0	.273743	.6696419	.05661514	0
1357.15	0	.2709877	.671874	.05713824	0
1356.15	0	.2682408	.6740997	.0576595	0
1355.15	0	.2655021	.6763189	.05817896	0
1354.15	0	.2627718	.6785316	.0586966	0
1353.15	0	.2600498	.6807378	.05921243	0
1352.15	0	.257336	.6829375	.05972647	0
1351.15	0	.2546305	.6851308	.06023872	0
1350.15	0	.2519333	.6873175	.06074919	0
1349.15	0	.2492443	.6894978	.06125788	0
1348.15	0	.2465636	.6916716	.0617648	0
1347.15	0	.2438912	.6938388	.06226996	0
1346.15	0	.241227	.6959996	.06277337	0
1345.15	0	.238571	.6981539	.06327502	0
1344.15	0	.2359233	.7003017	.06377494	0
1343.15	0	.2332838	.7024431	.06427313	0
1342.15	0	.2306526	.7045779	.06476958	0
1341.15	0	.2280295	.7067062	.06526432	0
1340.15	0	.2254147	.708828	.06575734	0
1339.15	0	.222808	.7109433	.06624866	0
1338.15	0	.2202096	.7130521	.06673827	0
1337.15	0	.2176194	.7151544	.0672262	0
1336.15	0	.2150374	.7172502	.06771243	0
1335.15	0	.2124636	.7193394	.06819699	0
1334.15	0	.209898	.7214221	.06867986	0
1333.15	0	.2073406	.7234983	.06916107	0
1332.15	0	.2047914	.725568	.06964062	0
1331.15	0	.2022504	.7276311	.07011852	0
1330.15	0	.1997176	.7296877	.07059476	0
1329.15	0	.1971929	.7317377	.07106936	0
1328.15	0	.1946765	.7337812	.07154233	0
1327.15	0	.1921683	.7358181	.07201366	0
1326.15	0	.1896682	.7378484	.07248337	0
1325.15	0	.1871764	.7398722	.07295146	0
1324.15	0	.1846927	.7418893	.07341794	0
1323.15	0	.1822173	.7438999	.07388281	0
1322.15	0	.17975	.7459039	.07434608	0
1321.15	0	.1772909	.7479013	.07480776	0
1320.15	0	.1748401	.7498921	.07526785	0
1319.15	0	.1723975	.7518762	.07572635	0
1318.15	0	.169963	.7538537	.07618328	0
1317.15	0	.1675368	.7558246	.07663863	0
1316.15	0	.1651188	.7577888	.07709242	0
1315.15	0	.162709	.7597464	.07754465	0
1314.15	0	.1603075	.7616972	.07799532	0
1313.15	0	.1579141	.7636414	.07844445	0
1312.15	0	.155529	.7655789	.07889203	0
1311.15	0	.1531522	.7675097	.07933807	0
1310.15	0	.1507836	.7694338	.07978257	0
1309.15	0	.1484233	.7713512	.08022556	0
1308.15	0	.1460712	.7732618	.08066701	0
1307.15	0	.1437274	.7751657	.08110696	0
1306.15	0	.1413919	.7770627	.08154539	0
1305.15	0	.1390646	.7789531	.08198231	0
1304.15	0	.1367457	.7808366	.08241773	0
1303.15	0	.1344351	.7827133	.08285166	0
1302.15	0	.1321327	.7845832	.08328409	0
1301.15	0	.1298387	.7864462	.08371505	0
1300.15	0	.1275531	.7883024	.08414451	0
1299.15	0	.1252757	.7901518	.08457251	0
1298.15	0	.1230068	.7919942	.08499903	0
1297.15	0	.1207461	.7938298	.08542409	0
1296.15	0	.1184939	.7956584	.08584768	0
1295.15	0	.1162501	.7974801	.08626982	0
1294.15	0	.1140146	.7992949	.08669051	0
1293.15	0	.1117876	.8011026	.08710975	0
1292.15	0	.109569	.8029034	.08752755	0
1291.15	0	.1073589	.8046972	.08794391	0
1290.15	0	.1051572	.806484	.08835884	0
1289.15	0	.102964	.8082637	.08877235	0
1288.15	0	.1007792	.8100364	.08918443	0
1287.15	0	.09860298	.8118019	.08959509	0
1286.15	0	.09643526	.8135604	.09000434	0
1285.15	0	.09427608	.8153118	.09041217	0
1284.15	0	.09212545	.8170559	.0908186	0
1283.15	0	.0899834	.818793	.09122364	0
1282.15	0	.08784992	.8205228	.09162727	0
1281.15	0	.08572506	.8222454	.09202952	0
1280.15	0	.08360882	.8239608	.09243037	0
1279.15	0	.08150123	.8256689	.09282985	0
1278.15	0	.07940229	.8273698	.09322794	0
1277.15	0	.07731205	.8290633	.09362466	0
1276.15	0	.07523051	.8307495	.09402001	0
1275.15	0	.07315769	.8324283	.09441399	0
1274.15	0	.07109363	.8340998	.09480661	0
1273.15	0	.06903833	.8357638	.09519788	0
1272.15	0	.06699183	.8374204	.09558779	0
1271.15	0	.06495415	.8390695	.09597634	0
1270.15	0	.06292531	.8407111	.09636356	0
1269.15	0	.06090533	.8423452	.09674943	0
1268.15	0	.05889424	.8439718	.09713396	0
1267.15	0	.05689207	.8455908	.09751716	0
1266.15	0	.05489884	.8472021	.09789903	0
1265.15	0	.05291458	.8488058	.09827957	0
1264.15	0	.05093931	.8504019	.09865879	0
1263.15	0	.04897307	.8519903	.09903668	0
1262.15	0	.04701587	.8535709	.09941327	0
1261.15	0	.04506776	.8551437	.09978854	0
1260.15	0	.04312875	.8567087	.1001625	0
1259.15	0	.04119889	.8582659	.1005352	0
1258.15	0	.03927819	.8598153	.1009065	0
1257.15	0	.03736669	.8613567	.1012766	0
1256.15	0	.03546443	.8628902	.1016454	0
1255.15	0	.03357142	.8644157	.1020128	0
1254.15	0	.03168771	.8659332	.102379	0
1253.15	0	.02981334	.8674427	.102744	0
1252.15	0	.02794832	.8689441	.1031076	0
1251.15	0	.02609271	.8704374	.1034699	0
1250.15	0	.02424652	.8719225	.103831	0
1249.15	0	.0224098	.8733994	.1041908	0
1248.15	0	.02058259	.874868	.1045494	0
1247.15	0	.01876492	.8763284	.1049067	0
1246.15	0	.01695683	.8777805	.1052627	0
1245.15	0	.01515836	.8792242	.1056175	0
1244.15	0	.01336954	.8806595	.105971	0
1243.15	0	.01159042	.8820864	.1063232	0
1242.15	0	.009821029	.8835047	.1066742	0
1241.15	0	.008061418	.8849146	.107024	0
1240.15	0	.006311624	.8863158	.1073726	0
1239.15	0	.00457169	.8877085	.1077199	0
1238.15	0	.002841658	.8890924	.1080659	0
1237.15	0	.001121571	.8904677	.1084108	0
1236.495	0	0	.891364	.108636	0
1236.495	0	0	.891364	.108636	0
1236.15	0	0	.8912675	.1087325	0
1235.15	0	0	.890988	.109012	0
1234.15	0	0	.890709	.109291	0
1233.15	0	0	.8904306	.1095694	0
1232.15	0	0	.8901527	.1098473	0
1231.15	0	0	.8898753	.1101247	0
1230.15	0	0	.8895984	.1104016	0
1229.15	0	0	.8893221	.1106779	0
1228.15	0	0	.8890463	.1109537	0
1227.15	0	0	.888771	.111229	0
1226.15	0	0	.8884962	.1115038	0
1225.15	0	0	.888222	.111778	0
1224.15	0	0	.8879483	.1120517	0
1223.15	0	0	.8876751	.1123249	0
1222.15	0	0	.8874024	.1125976	0
1221.15	0	0	.8871302	.1128698	0
1220.15	0	0	.8868586	.1131414	0
1219.15	0	0	.8865875	.1134125	0
1218.15	0	0	.8863169	.1136831	0
1217.15	0	0	.8860468	.1139532	0
1216.15	0	0	.8857772	.1142228	0
1215.15	0	0	.8855082	.1144918	0
1214.15	0	0	.8852396	.1147604	0
1213.15	0	0	.8849716	.1150284	0
1212.15	0	0	.8847041	.1152959	0
1211.15	0	0	.8844371	.1155629	0
1210.15	0	0	.8841706	.1158294	0
1209.15	0	0	.8839046	.1160954	0
1208.15	0	0	.8836392	.1163608	0
1207.15	0	0	.8833742	.1166258	0
1206.15	0	0	.8831098	.1168902	0
1205.15	0	0	.8828458	.1171542	0
1204.15	0	0	.8825824	.1174176	0
1203.15	0	0	.8823195	.1176805	0
1202.15	0	0	.8820571	.1179429	0
1201.15	0	0	.8817952	.1182048	0
1200.15	0	0	.8815338	.1184662	0
1199.15	0	0	.8812729	.1187272	0
1198.15	0	0	.8810125	.1189875	0
1197.15	0	0	.8807526	.1192474	0
1196.15	0	0	.8804932	.1195068	0
1195.15	0	0	.8802343	.1197657	0
1194.15	0	0	.8799759	.1200241	0
1193.15	0	0	.879718	.120282	0
1192.15	0	0	.8794606	.1205394	0
1191.15	0	0	.8792037	.1207963	0
1190.15	0	0	.8789473	.1210527	0
1189.15	0	0	.8786915	.1213086	0
1188.15	0	0	.8784361	.121564	0
1187.15	0	0	.8781812	.1218189	0
1186.15	0	0	.8779267	.1220733	0
1185.15	0	0	.8776728	.1223272	0
1184.15	0	0	.8774194	.1225806	0
1183.15	0	0	.8771665	.1228335	0
1182.15	0	0	.8769141	.1230859	0
1181.15	0	0	.8766622	.1233378	0
1180.15	0	0	.8764107	.1235893	0
1179.15	0	0	.8761598	.1238402	0
1178.15	0	0	.8759093	.1240907	0
1177.15	0	0	.8756593	.1243407	0
1176.15	0	0	.8754099	.1245901	0
1175.15	0	0	.8751609	.1248391	0
1174.15	0	0	.8749124	.1250876	0
1173.15	0	0	.8746644	.1253356	0
1172.15	0	0	.8744168	.1255832	0
1171.15	0	0	.8741698	.1258302	0
1170.15	0	0	.8739233	.1260768	0
1169.15	0	0	.8736772	.1263228	0
1168.15	0	0	.8734316	.1265684	0
1167.15	0	0	.8731865	.1268135	0
1166.15	0	0	.8729419	.1270581	0
1165.15	0	0	.8726978	.1273022	0
1164.15	0	0	.8724541	.1275459	0
1163.15	0	0	.872211	.127789	0
1162.15	0	0	.8719683	.1280317	0
1161.15	0	0	.8717261	.1282739	0
1160.15	0	0	.8714844	.1285156	0
1159.15	0	0	.8712431	.1287569	0
1158.15	0	0	.8710024	.1289976	0
1157.15	0	0	.8707621	.1292379	0
1156.15	0	0	.8705223	.1294777	0
1155.15	0	0	.8702829	.1297171	0
1154.15	0	0	.8700441	.1299559	0
1153.15	0	0	.8698057	.1301943	0
1152.15	0	0	.8695678	.1304322	0
1151.15	0	0	.8693304	.1306696	0
1150.15	0	0	.8690935	.1309065	0
1149.15	0	0	.868857	.131143	0
1148.15	0	0	.868621	.131379	0
1147.15	0	0	.8683855	.1316145	0
1146.15	0	0	.8681504	.1318496	0
1145.15	0	0	.8679159	.1320842	0
1144.15	0	0	.8676818	.1323182	0
1143.15	0	0	.8674481	.1325519	0
1142.15	0	0	.867215	.1327851	0
1141.15	0	0	.8669823	.1330177	0
1140.15	0	0	.86675	.13325	0
1139.15	0	0	.8665183	.1334817	0
1138.15	0	0	.866287	.133713	0
1137.15	0	0	.8660562	.1339438	0
1136.15	0	0	.8658258	.1341742	0
1135.15	0	0	.865596	.134404	0
1134.15	0	0	.8653665	.1346335	0
1133.15	0	0	.8651376	.1348624	0
1132.15	0	0	.8649091	.1350909	0
1131.15	0	0	.8646811	.1353189	0
1130.15	0	0	.8644535	.1355465	0
1129.15	0	0	.8642264	.1357735	0
1128.15	0	0	.8639998	.1360002	0
1127.15	0	0	.8637737	.1362263	0
1126.15	0	0	.863548	.136452	0
1125.15	0	0	.8633227	.1366773	0
1124.15	0	0	.863098	.136902	0
1123.15	0	0	.8628736	.1371264	0
1122.15	0	0	.8626498	.1373502	0
1121.15	0	0	.8624264	.1375736	0
1120.15	0	0	.8622035	.1377965	0
1119.15	0	0	.861981	.138019	0
1118.15	0	0	.861759	.138241	0
1117.15	0	0	.8615374	.1384626	0
1116.15	0	0	.8613163	.1386837	0
1115.15	0	0	.8610957	.1389043	0
1114.15	0	0	.8608755	.1391245	0
1113.15	0	0	.8606558	.1393442	0
1112.15	0	0	.8604365	.1395635	0
1111.15	0	0	.8602177	.1397823	0
1110.15	0	0	.8599994	.1400006	0
1109.15	0	0	.8597815	.1402185	0
1108.15	0	0	.859564	.140436	0
1107.15	0	0	.859347	.140653	0
1106.15	0	0	.8591305	.1408695	0
1105.15	0	0	.8589144	.1410856	0
1104.15	0	0	.8586988	.1413012	0
1103.15	0	0	.8584836	.1415164	0
1102.15	0	0	.8582689	.1417311	0
1101.15	0	0	.8580546	.1419454	0
1100.15	0	0	.8578408	.1421592	0
1099.15	0	0	.8576274	.1423726	0
1098.15	0	0	.8574145	.1425855	0
1097.15	0	0	.857202	.142798	0
1096.15	0	0	.85699	.14301	0
1095.15	0	0	.8567784	.1432216	0
1094.15	0	0	.8565673	.1434327	0
1093.15	0	0	.8563566	.1436434	0
1092.15	0	0	.8561464	.1438536	0
1091.15	0	0	.8559366	.1440634	0
1090.15	0	0	.8557273	.1442727	0
1089.15	0	0	.8555184	.1444816	0
1088.15	0	0	.85531	.14469	0
1087.15	0	0	.855102	.144898	0
1086.15	0	0	.8548944	.1451056	0
1085.15	0	0	.8546873	.1453127	0
1084.15	0	0	.8544807	.1455193	0
1083.15	0	0	.8542745	.1457255	0
1082.15	0	0	.8540687	.1459313	0
1081.15	0	0	.8538634	.1461366	0
1080.15	0	0	.8536585	.1463415	0
1079.15	0	0	.853454	.146546	0
1078.15	0	0	.85325	.1467499	0
1077.15	0	0	.8530465	.1469535	0
1076.15	0	0	.8528434	.1471566	0
1075.15	0	0	.8526407	.1473593	0
1074.15	0	0	.8524385	.1475615	0
1073.15	0	0	.8522367	.1477633	0
1072.15	0	0	.8520353	.1479647	0
1071.15	0	0	.8518344	.1481656	0
1070.15	0	0	.851634	.148366	0
1069.15	0	0	.8514339	.1485661	0
1068.15	0	0	.8512343	.1487657	0
1067.15	0	0	.8510352	.1489648	0
1066.15	0	0	.8508365	.1491635	0
1065.15	0	0	.8506382	.1493618	0
1064.15	0	0	.8504404	.1495596	0
1063.15	0	0	.850243	.1497571	0
1062.15	0	0	.850046	.149954	0
1061.15	0	0	.8498495	.1501505	0
1060.15	0	0	.8496534	.1503466	0
1059.15	0	0	.8494577	.1505423	0
1058.15	0	0	.8492625	.1507375	0
1057.15	0	0	.8490677	.1509323	0
1056.15	0	0	.8488734	.1511267	0
1055.15	0	0	.8486794	.1513206	0
1054.15	0	0	.848486	.1515141	0
1053.15	0	0	.8482929	.1517071	0
1052.15	0	0	.8481003	.1518997	0
1051.15	0	0	.8479081	.1520919	0
1050.15	0	0	.8477164	.1522836	0
1049.15	0	0	.847525	.152475	0
1048.15	0	0	.8473341	.1526659	0
1047.15	0	0	.8471437	.1528563	0
1046.15	0	0	.8469537	.1530463	0
1045.15	0	0	.8467641	.1532359	0
1044.15	0	0	.8465749	.1534251	0
1043.15	0	0	.8463862	.1536138	0
1042.15	0	0	.8461979	.1538021	0
1041.15	0	0	.84601	.15399	0
1040.15	0	0	.8458226	.1541774	0
1039.15	0	0	.8456356	.1543644	0
1038.15	0	0	.845449	.154551	0
1037.15	0	0	.8452628	.1547372	0
1036.15	0	0	.8450771	.1549229	0
1035.15	0	0	.8448918	.1551082	0
1034.15	0	0	.8447069	.1552931	0
1033.15	0	0	.8445225	.1554775	0
1032.15	0	0	.8443385	.1556615	0
1031.15	0	0	.8441549	.1558451	0
1030.15	0	0	.8439717	.1560283	0
1029.15	0	0	.843789	.156211	0
1028.15	0	0	.8436067	.1563933	0
1027.15	0	0	.8434248	.1565752	0
1026.15	0	0	.8432434	.1567566	0
1025.15	0	0	.8430623	.1569377	0
1024.15	0	0	.8428817	.1571183	0
1023.15	0	0	.8427015	.1572985	0
1022.15	0	0	.8425218	.1574782	0
1021.15	0	0	.8423424	.1576576	0
1020.15	0	0	.8421636	.1578365	0
1019.15	0	0	.8419851	.1580149	0
1018.472	0	0	.8418643	.1581358	0
1018.472	0	0	.8418643	.1581358	0
1018.472	0	0	.8418643	.1581358	0
1018.15	0	7.411692E-04	.8410812	.1581776	0
1017.15	0	.003058279	.8386343	.1583074	0
1016.15	0	.005396147	.8361674	.1584365	0
1015.15	0	.007754604	.8336804	.158565	0
1014.15	0	.01013348	.8311737	.1586928	0
1013.15	0	.0125326	.8286474	.15882	0
1012.15	0	.01495178	.8261016	.1589466	0
1011.15	0	.01739085	.8235366	.1590726	0
1010.15	0	.01984962	.8209525	.1591979	0
1009.15	0	.0223279	.8183495	.1593227	0
1008.15	0	.0248255	.8157277	.1594468	0
1007.15	0	.02734222	.8130875	.1595703	0
1006.15	0	.02987788	.810429	.1596931	0
1005.15	0	.03243226	.8077524	.1598154	0
1004.15	0	.03500517	.8050578	.159937	0
1003.15	0	.0375964	.8023455	.1600581	0
1002.15	0	.04020575	.7996157	.1601785	0
1001.15	0	.042833	.7968687	.1602984	0
1000.15	0	.04547793	.7941045	.1604176	0
999.15	0	.04814034	.7913235	.1605362	0
998.15	0	.05082001	.7885258	.1606542	0
997.15	0	.0535167	.7857117	.1607716	0
996.15	0	.05623021	.7828814	.1608884	0
995.15	0	.0589603	.7800351	.1610046	0
994.15	0	.06170674	.777173	.1611202	0
993.15	0	.06446932	.7742954	.1612352	0
992.15	0	.06724778	.7714026	.1613496	0
991.15	0	.07004191	.7684947	.1614634	0
990.15	0	.07285146	.7655719	.1615766	0
989.15	0	.07567619	.7626346	.1616892	0
988.15	0	.07851587	.759683	.1618012	0
987.15	0	.08137025	.7567172	.1619125	0
986.15	0	.0842391	.7537376	.1620233	0
985.15	0	.08712216	.7507445	.1621334	0
984.15	0	.09001919	.7477379	.1622429	0
983.15	0	.09292994	.7447183	.1623518	0
982.15	0	.09585416	.7416858	.1624601	0
981.15	0	.0987916	.7386407	.1625677	0
980.15	0	.101742	.7355832	.1626748	0
979.15	0	.1047051	.7325137	.1627811	0
978.15	0	.1076807	.7294324	.1628869	0
977.15	0	.1106685	.7263395	.162992	0
976.15	0	.1136683	.7232353	.1630965	0
975.15	0	.1166797	.7201201	.1632003	0
974.15	0	.1197025	.716994	.1633034	0
973.15	0	.1227366	.7138575	.1634059	0
972.15	0	.1257815	.7107107	.1635078	0
971.15	0	.1288371	.707554	.1636089	0
970.15	0	.1319031	.7043875	.1637094	0
969.15	0	.1349792	.7012116	.1638092	0
968.15	0	.1380595	.6980318	.1639087	0
967.15	0	.141111	.6948778	.1640112	0
966.15	0	.1441917	.6916959	.1641123	0
965.15	0	.1472997	.6884881	.1642122	0
964.15	0	.1504332	.6852561	.1643108	0
963.15	0	.1535904	.6820016	.164408	0
962.15	0	.1567697	.6787262	.1645041	0
961.15	0	.1599696	.6754316	.1645988	0
960.15	0	.1631883	.6721193	.1646923	0
959.15	0	.1664245	.6687908	.1647846	0
958.15	0	.1696768	.6654476	.1648757	0
957.15	0	.1729436	.6620909	.1649655	0
956.15	0	.1762238	.6587221	.1650541	0
955.15	0	.1795159	.6553426	.1651415	0
954.15	0	.1828187	.6519535	.1652277	0
953.15	0	.1861311	.6485562	.1653127	0
952.15	0	.1894519	.6451516	.1653965	0
951.15	0	.19278	.6417409	.1654791	0
950.15	0	.1961143	.6383253	.1655605	0
949.15	0	.1994537	.6349057	.1656406	0
948.15	0	.2027972	.6314831	.1657196	0
947.15	0	.206144	.6280586	.1657974	0
946.15	0	.209493	.624633	.165874	0
945.15	0	.2128434	.6212072	.1659494	0
944.15	0	.2161943	.6177821	.1660236	0
943.15	0	.2195449	.6143586	.1660965	0
942.15	0	.2228944	.6109374	.1661683	0
941.15	0	.2262419	.6075193	.1662389	0
940.15	0	.2295868	.604105	.1663082	0
939.15	0	.2329284	.6006953	.1663763	0
938.15	0	.2362659	.5972909	.1664432	0
937.15	0	.2395987	.5938924	.1665089	0
936.15	0	.2429261	.5905005	.1665734	0
935.15	0	.2462476	.5871158	.1666366	0
934.15	0	.2495626	.5837389	.1666986	0
933.15	0	.2528703	.5803703	.1667593	0
932.15	0	.2561705	.5770107	.1668188	0
931.15	0	.2594624	.5736605	.1668771	0
930.15	0	.2627456	.5703203	.1669341	0
929.15	0	.2660196	.5669905	.1669898	0
928.15	0	.269284	.5636717	.1670443	0
927.15	0	.2725382	.5603643	.1670975	0
926.15	0	.2757819	.5570686	.1671495	0
925.15	0	.2790146	.5537853	.1672002	0
924.15	0	.2822359	.5505146	.1672496	0
923.15	0	.2854454	.547257	.1672977	0
922.15	0	.2886428	.5440128	.1673445	0
921.15	0	.2918276	.5407824	.16739	0
920.15	0	.2949997	.5375661	.1674343	0
919.15	0	.2981585	.5343643	.1674772	0
918.15	0	.3013038	.5311773	.1675188	0
917.15	0	.3044354	.5280055	.1675591	0
916.15	0	.3075528	.524849	.1675982	0
915.15	0	.3106559	.5217083	.1676358	0
914.15	0	.3137442	.5185836	.1676722	0
913.15	0	.3168177	.5154751	.1677073	0
912.15	0	.3198759	.5123831	.167741	0
911.15	0	.3229188	.5093078	.1677734	0
910.15	0	.325946	.5062496	.1678044	0
909.15	0	.3289573	.5032086	.1678342	0
908.15	0	.3319525	.500185	.1678626	0
907.15	0	.3349313	.4971791	.1678896	0
906.15	0	.3378937	.494191	.1679153	0
905.15	0	.3408393	.491221	.1679397	0
904.15	0	.3437681	.4882692	.1679627	0
903.15	0	.3466798	.4853359	.1679844	0
902.15	0	.3495742	.4824211	.1680047	0
901.15	0	.3524512	.4795251	.1680237	0
900.15	0	.3553106	.4766481	.1680413	0
899.15	0	.3581523	.4737901	.1680576	0
898.15	0	.3609761	.4709513	.1680726	0
897.15	0	.3637818	.468132	.1680862	0
896.15	0	.3665694	.4653321	.1680985	0
895.15	0	.3693387	.4625519	.1681094	0
894.15	0	.3720895	.4597915	.1681189	0
893.15	0	.3748218	.457051	.1681272	0
892.15	0	.3775354	.4543305	.1681341	0
891.15	0	.3802302	.4516301	.1681397	0
890.15	0	.3829061	.4489499	.1681439	0
889.15	0	.385563	.4462901	.1681469	0
888.15	0	.3882008	.4436507	.1681485	0
887.15	0	.3908193	.4410319	.1681488	0
886.15	0	.3934186	.4384337	.1681478	0
885.15	0	.3959984	.4358561	.1681455	0
884.15	0	.3985587	.4332994	.1681419	0
883.15	0	.4010995	.4307635	.168137	0
882.15	0	.4036206	.4282486	.1681308	0
881.15	0	.406122	.4257547	.1681233	0
880.15	0	.4086036	.4232818	.1681146	0
879.15	0	.4110653	.4208301	.1681046	0
878.15	0	.4135071	.4183995	.1680934	0
877.15	0	.4159289	.4159902	.1680809	0
876.15	0	.4183307	.4136021	.1680672	0
875.15	0	.4207123	.4112354	.1680523	0
874.15	0	.4230738	.40889	.1680362	0
873.15	0	.4254152	.406566	.1680189	0
872.15	0	.4277362	.4042634	.1680004	0
871.15	0	.4300371	.4019822	.1679807	0
870.15	0	.4323176	.3997225	.1679599	0
869.15	0	.4345778	.3974843	.1679379	0
868.15	0	.4368177	.3952675	.1679148	0
867.15	0	.4390372	.3930723	.1678906	0
866.15	0	.4412363	.3908985	.1678652	0
865.15	0	.443415	.3887462	.1678388	0
864.15	0	.4455734	.3866154	.1678113	0
863.15	0	.4477114	.384506	.1677827	0
862.15	0	.449829	.382418	.1677531	0
861.15	0	.4519262	.3803514	.1677224	0
860.15	0	.4540031	.3783062	.1676907	0
859.15	0	.4560596	.3762824	.1676581	0
858.15	0	.4580958	.3742798	.1676244	0
857.15	0	.4601118	.3722985	.1675898	0
856.15	0	.4621075	.3703383	.1675542	0
855.15	0	.464083	.3683993	.1675177	0
854.15	0	.4660384	.3664814	.1674802	0
853.15	0	.4679737	.3645844	.1674419	0
852.15	0	.469889	.3627084	.1674026	0
851.15	0	.4717843	.3608532	.1673625	0
850.15	0	.4736597	.3590188	.1673216	0
849.15	0	.4755152	.357205	.1672798	0
848.15	0	.477351	.3554118	.1672372	0
847.15	0	.4791671	.3536391	.1671938	0
846.15	0	.4809637	.3518867	.1671496	0
845.15	0	.4827408	.3501546	.1671046	0
844.15	0	.4844985	.3484427	.1670589	0
843.15	0	.4862369	.3467507	.1670124	0
842.15	0	.4879561	.3450786	.1669653	0
841.15	0	.4896563	.3434264	.1669174	0
840.15	0	.4913375	.3417937	.1668688	0
839.15	0	.4929999	.3401805	.1668196	0
838.15	0	.4946437	.3385867	.1667696	0
837.15	0	.4962688	.3370121	.1667191	0
836.15	0	.4978756	.3354565	.1666679	0
835.15	0	.4994641	.3339198	.1666161	0
834.15	0	.5010344	.3324019	.1665638	0
833.15	0	.5025867	.3309025	.1665108	0
832.15	0	.5041212	.3294216	.1664573	0
831.15	0	.505638	.3279589	.1664032	0
830.15	0	.5071372	.3265143	.1663485	0
829.15	0	.5086191	.3250875	.1662933	0
828.15	0	.5100838	.3236786	.1662376	0
828.0866	0	.5101761	.3235899	.1662341	0
828.0866	0	.5101761	.3235899	.1662341	0
828.0866	0	.5101761	.3235899	.1662341	0
827.15	0	.5183503	.3136937	.1639245	.004031511
826.15	0	.5268057	.3034287	.1615118	.008253785
825.15	0	.5349908	.2934627	.1591524	.01239407
824.15	0	.5429165	.2837841	.1568444	.01645506
823.15	0	.5505927	.2743819	.1545861	.02043933
822.15	0	.558029	.2652457	.152376	.02434929
821.15	0	.5652345	.2563657	.1502125	.02818729
820.15	0	.5722178	.2477326	.1480941	.03195551
819.15	0	.578987	.2393374	.1460196	.03565606
818.15	0	.5855501	.2311715	.1439874	.03929094
817.15	0	.5919144	.2232271	.1419964	.04286206
816.15	0	.598087	.2154963	.1400454	.04637124
815.15	0	.6040747	.2079718	.1381333	.04982023
814.15	0	.6098839	.2006467	.1362588	.05321069
813.15	0	.6155207	.1935142	.1344209	.05654422
812.15	0	.620991	.186568	.1326187	.05982234
811.15	0	.6263004	.1798019	.1308511	.06304651
810.15	0	.6314544	.1732102	.1291173	.06621814
809.15	0	.636458	.1667872	.1274163	.06933857
808.15	0	.6413162	.1605276	.1257472	.07240908
807.15	0	.6460336	.1544262	.1241092	.07543093
806.15	0	.6506148	.1484783	.1225016	.07840529
805.15	0	.6550642	.1426789	.1209236	.08133332
804.15	0	.6593858	.1370237	.1193743	.08421611
803.15	0	.6635838	.1315083	.1178532	.08705473
802.15	0	.6676618	.1261284	.1163595	.08985021
801.15	0	.6716237	.1208802	.1148926	.09260352
800.15	0	.6754729	.1157597	.1134518	.09531561
799.15	0	.6792129	.1107633	.1120364	.09798741
798.15	0	.6828469	.1058873	.110646	.1006198
797.15	0	.6863781	.1011284	.1092799	.1032136
796.15	0	.6898095	.09648318	.1079376	.1057697
795.15	0	.6931442	.09194849	.1066184	.1082889
794.15	0	.6963848	.08752124	.105322	.110772
793.15	0	.6995343	.08319847	.1040477	.1132196
792.15	0	.702595	.0789773	.1027951	.1156325
791.15	0	.7055698	.07485497	.1015638	.1180115
790.15	0	.7084609	.07082879	.1003531	.1203572
789.15	0	.7112707	.06689619	.09916278	.1226703
788.15	0	.7140017	.06305466	.09799229	.1249514
787.15	0	.7166559	.05930178	.09684121	.1272011
786.15	0	.7192355	.05563521	.09570914	.1294201
785.15	0	.7217427	.05205269	.09459567	.131609
784.15	0	.7241794	.048552	.09350041	.1337682
783.15	0	.7265476	.04513104	.09242297	.1358984
782.15	0	.7288491	.04178773	.09136297	.1380002
781.15	0	.7310859	.03852007	.09032006	.140074
780.15	0	.7332596	.03532613	.08929387	.1421204
779.15	0	.735372	.03220402	.08828406	.1441399
778.15	0	.7374249	.02915192	.08729029	.1461329
777.15	0	.7394197	.02616805	.08631223	.1481
776.15	0	.7413582	.02325069	.08534955	.1500416
775.15	0	.7432417	.02039815	.08440194	.1519582
774.15	0	.7450719	.01760883	.0834691	.1538502
773.15	0	.7468501	.01488112	.0825507	.1557181
772.15	0	.7485778	.0122135	.08164647	.1575623
771.15	0	.7502563	.009604471	.08075611	.1593831
770.15	0	.7518869	.007052569	.07987934	.1611811
769.15	0	.7534711	.00455638	.07901588	.1629567
768.15	0	.7550099	.002114525	.07816547	.1647101
767.266	0	.7563335	0	.07742431	.1662422
767.266	0	.7563335	0	.07742431	.1662422
767.15	0	.7563179	0	.07740013	.166282
766.15	0	.7561829	0	.07719194	.1666252
765.15	0	.7560486	0	.07698439	.166967
764.15	0	.7559151	0	.0767775	.1673074
763.15	0	.7557822	0	.07657124	.1676466
762.15	0	.75565	0	.07636564	.1679844
761.15	0	.7555185	0	.07616067	.1683209
760.15	0	.7553876	0	.07595635	.168656
759.15	0	.7552575	0	.07575267	.1689899
758.15	0	.7551279	0	.07554964	.1693224
757.15	0	.7549991	0	.07534725	.1696537
756.15	0	.7548709	0	.0751455	.1699836
755.15	0	.7547434	0	.07494439	.1703123
754.15	0	.7546165	0	.07474393	.1706396
753.15	0	.7544902	0	.0745441	.1709657
752.15	0	.7543646	0	.07434492	.1712905
751.15	0	.7542397	0	.07414638	.171614
750.15	0	.7541153	0	.07394849	.1719362
749.15	0	.7539916	0	.07375123	.1722571
748.15	0	.7538686	0	.07355461	.1725768
747.15	0	.7537461	0	.07335864	.1728953
746.15	0	.7536243	0	.0731633	.1732124
745.15	0	.7535031	0	.07296861	.1735283
744.15	0	.7533825	0	.07277455	.173843
743.15	0	.7532625	0	.07258114	.1741564
742.15	0	.7531431	0	.07238836	.1744686
741.15	0	.7530243	0	.07219623	.1747795
740.15	0	.7529061	0	.07200473	.1750892
739.15	0	.7527885	0	.07181387	.1753976
738.15	0	.7526715	0	.07162366	.1757049
737.15	0	.7525551	0	.07143408	.1760108
736.15	0	.7524392	0	.07124514	.1763156
735.15	0	.752324	0	.07105683	.1766192
734.15	0	.7522093	0	.07086917	.1769215
733.15	0	.7520952	0	.07068214	.1772226
732.15	0	.7519817	0	.07049575	.1775225
731.15	0	.7518688	0	.07031	.1778212
730.15	0	.7517564	0	.07012489	.1781187
729.15	0	.7516446	0	.06994041	.178415
728.15	0	.7515333	0	.06975657	.1787101
727.15	0	.7514226	0	.06957337	.179004
726.15	0	.7513125	0	.0693908	.1792967
725.15	0	.7512029	0	.06920888	.1795882
724.15	0	.7510939	0	.06902759	.1798786
723.15	0	.7509854	0	.06884693	.1801677
722.15	0	.7508774	0	.06866691	.1804557
721.15	0	.75077	0	.06848753	.1807424
720.15	0	.7506632	0	.06830878	.181028
719.15	0	.7505569	0	.06813067	.1813125
718.15	0	.7504511	0	.0679532	.1815957
717.15	0	.7503458	0	.06777636	.1818778
716.15	0	.7502411	0	.06760015	.1821588
715.15	0	.7501369	0	.06742458	.1824385
714.15	0	.7500332	0	.06724965	.1827171
713.15	0	.7499301	0	.06707535	.1829946
712.15	0	.7498274	0	.06690169	.1832709
711.15	0	.7497253	0	.06672866	.183546
710.15	0	.7496237	0	.06655627	.18382
709.15	0	.7495226	0	.06638451	.1840929
708.15	0	.7494221	0	.06621338	.1843646
707.15	0	.749322	0	.06604289	.1846351
706.15	0	.7492224	0	.06587304	.1849045
705.15	0	.7491234	0	.06570381	.1851728
704.15	0	.7490248	0	.06553522	.18544
703.15	0	.7489268	0	.06536727	.185706
702.15	0	.7488292	0	.06519995	.1859709
701.15	0	.7487321	0	.06503326	.1862346
700.15	0	.7486356	0	.06486721	.1864972
699.15	0	.7485395	0	.06470178	.1867587
698.15	0	.7484439	0	.064537	.1870191
697.15	0	.7483488	0	.06437284	.1872784
696.15	0	.7482542	0	.06420932	.1875365
695.15	0	.7481601	0	.06404643	.1877935
694.15	0	.7480664	0	.06388417	.1880494
693.15	0	.7479732	0	.06372254	.1883042
692.15	0	.7478806	0	.06356155	.1885579
691.15	0	.7477883	0	.06340119	.1888105
690.15	0	.7476966	0	.06324146	.189062
689.15	0	.7476053	0	.06308236	.1893123
688.15	0	.7475145	0	.06292389	.1895616
687.15	0	.7474242	0	.06276606	.1898098
686.15	0	.7473343	0	.06260886	.1900568
685.15	0	.7472449	0	.06245228	.1903028
684.15	0	.747156	0	.06229634	.1905477
683.15	0	.7470675	0	.06214103	.1907915
682.15	0	.7469795	0	.06198635	.1910342
681.15	0	.7468919	0	.0618323	.1912758
680.15	0	.7468048	0	.06167888	.1915163
679.15	0	.7467181	0	.06152609	.1917558
678.15	0	.7466319	0	.06137393	.1919941
677.15	0	.7465462	0	.06122239	.1922314
676.15	0	.7464609	0	.06107149	.1924676
675.15	0	.746376	0	.06092122	.1927028
674.15	0	.7462916	0	.06077158	.1929368
673.15	0	.7462077	0	.06062256	.1931698
672.15	0	.7461241	0	.06047418	.1934017
671.15	0	.7460411	0	.06032642	.1936325
670.15	0	.7459584	0	.06017929	.1938623
669.15	0	.7458762	0	.06003279	.194091
668.15	0	.7457944	0	.05988691	.1943187
667.15	0	.7457131	0	.05974166	.1945452
666.15	0	.7456322	0	.05959705	.1947708
665.15	0	.7455517	0	.05945305	.1949952
664.15	0	.7454717	0	.05930969	.1952186
663.15	0	.7453921	0	.05916695	.195441
662.15	0	.7453129	0	.05902483	.1956623
661.15	0	.7452341	0	.05888335	.1958825
660.15	0	.7451558	0	.05874249	.1961017
659.15	0	.7450779	0	.05860225	.1963199
658.15	0	.7450004	0	.05846264	.196537
657.15	0	.7449233	0	.05832365	.196753
656.15	0	.7448467	0	.05818529	.196968
655.15	0	.7447704	0	.05804755	.197182
654.15	0	.7446946	0	.05791044	.197395
653.15	0	.7446192	0	.05777395	.1976069
652.15	0	.7445442	0	.05763808	.1978177
651.15	0	.7444696	0	.05750284	.1980275
650.15	0	.7443955	0	.05736821	.1982363
649.15	0	.7443217	0	.05723421	.1984441
648.15	0	.7442483	0	.05710084	.1986508
647.15	0	.7441754	0	.05696808	.1988565
646.15	0	.7441028	0	.05683595	.1990612
645.15	0	.7440307	0	.05670443	.1992649
644.15	0	.743959	0	.05657354	.1994675
643.15	0	.7438876	0	.05644327	.1996691
642.15	0	.7438167	0	.05631361	.1998697
641.15	0	.7437462	0	.05618458	.2000693
640.15	0	.743676	0	.05605616	.2002678
639.15	0	.7436063	0	.05592837	.2004654
638.15	0	.7435369	0	.05580119	.2006619
637.15	0	.7434679	0	.05567463	.2008574
636.15	0	.7433994	0	.05554868	.201052
635.15	0	.7433312	0	.05542336	.2012455
634.15	0	.7432634	0	.05529865	.201438
633.15	0	.743196	0	.05517455	.2016294
632.15	0	.743129	0	.05505107	.2018199
631.15	0	.7430624	0	.05492821	.2020094
630.15	0	.7429961	0	.05480596	.2021979
629.15	0	.7429303	0	.05468432	.2023854
628.15	0	.7428648	0	.0545633	.2025719
627.15	0	.7427997	0	.05444289	.2027574
626.15	0	.742735	0	.05432309	.202942
625.15	0	.7426706	0	.05420391	.2031255
624.15	0	.7426066	0	.05408533	.203308
623.15	0	.7425431	0	.05396737	.2034896
622.15	0	.7424798	0	.05385002	.2036701
621.15	0	.742417	0	.05373327	.2038497
620.15	0	.7423545	0	.05361714	.2040283
619.15	0	.7422924	0	.05350161	.204206
618.15	0	.7422307	0	.0533867	.2043826
617.15	0	.7421694	0	.05327238	.2045583
616.15	0	.7421084	0	.05315868	.204733
615.15	0	.7420477	0	.05304558	.2049067
614.15	0	.7419875	0	.05293309	.2050794
613.15	0	.7419276	0	.0528212	.2052512
612.15	0	.7418681	0	.05270992	.205422
611.15	0	.7418089	0	.05259924	.2055919
610.15	0	.7417501	0	.05248916	.2057608
609.15	0	.7416916	0	.05237968	.2059287
608.15	0	.7416335	0	.05227081	.2060957
607.15	0	.7415758	0	.05216253	.2062617
606.15	0	.7415184	0	.05205486	.2064267
605.15	0	.7414614	0	.05194779	.2065908
604.15	0	.7414047	0	.05184131	.206754
603.15	0	.7413484	0	.05173543	.2069161
602.15	0	.7412925	0	.05163015	.2070774
601.15	0	.7412369	0	.05152546	.2072377
600.15	0	.7411816	0	.05142137	.207397
599.15	0	.7411267	0	.05131787	.2075555
598.15	0	.7410721	0	.05121497	.2077129
597.15	0	.7410179	0	.05111266	.2078694
596.15	0	.740964	0	.05101094	.208025
595.15	0	.7409105	0	.05090982	.2081797
594.15	0	.7408573	0	.05080928	.2083334
593.15	0	.7408045	0	.05070933	.2084862
592.15	0	.740752	0	.05060997	.2086381
591.15	0	.7406998	0	.0505112	.208789
590.15	0	.740648	0	.05041302	.208939
589.15	0	.7405965	0	.05031542	.2090881
588.15	0	.7405453	0	.05021841	.2092363
587.15	0	.7404945	0	.05012198	.2093835
586.15	0	.740444	0	.05002613	.2095299
585.15	0	.7403939	0	.04993086	.2096753
584.15	0	.7403441	0	.04983618	.2098198
583.15	0	.7402946	0	.04974208	.2099634
582.15	0	.7402454	0	.04964855	.2101061
581.15	0	.7401966	0	.0495556	.2102478
580.15	0	.7401481	0	.04946323	.2103887
579.15	0	.7400999	0	.04937144	.2105287
578.15	0	.7400521	0	.04928022	.2106677
577.15	0	.7400045	0	.04918957	.2108059
576.15	0	.7399573	0	.0490995	.2109432
575.15	0	.7399104	0	.04900999	.2110796
574.15	0	.7398639	0	.04892106	.2112151
573.15	0	.7398176	0	.0488327	.2113497
572.15	0	.7397717	0	.04874491	.2114834
571.15	0	.7397261	0	.04865768	.2116162
570.15	0	.7396808	0	.04857101	.2117481
569.15	0	.7396359	0	.04848492	.2118792
568.15	0	.7395912	0	.04839938	.2120094
567.15	0	.7395469	0	.04831441	.2121387
566.15	0	.7395028	0	.04823	.2122672
565.15	0	.7394591	0	.04814615	.2123947
564.15	0	.7394157	0	.04806286	.2125214
563.15	0	.7393726	0	.04798012	.2126473
562.15	0	.7393298	0	.04789794	.2127722
561.15	0	.7392873	0	.04781632	.2128963
560.15	0	.7392452	0	.04773525	.2130196
559.15	0	.7392033	0	.04765473	.213142
558.15	0	.7391617	0	.04757476	.2132635
557.15	0	.7391204	0	.04749534	.2133842
556.15	0	.7390795	0	.04741647	.2135041
555.15	0	.7390388	0	.04733815	.213623
554.15	0	.7389984	0	.04726037	.2137412
553.15	0	.7389584	0	.04718313	.2138585
552.15	0	.7389186	0	.04710644	.213975
551.15	0	.7388791	0	.04703029	.2140906
550.15	0	.7388399	0	.04695468	.2142054
549.15	0	.7388011	0	.0468796	.2143194
548.15	0	.7387625	0	.04680507	.2144325
547.15	0	.7387242	0	.04673107	.2145448
546.15	0	.7386861	0	.0466576	.2146563
545.15	0	.7386484	0	.04658466	.2147669
544.15	0	.738611	0	.04651226	.2148768
543.15	0	.7385738	0	.04644038	.2149858
542.15	0	.738537	0	.04636903	.215094
541.15	0	.7385004	0	.04629821	.2152014
540.15	0	.7384641	0	.04622792	.215308
539.15	0	.7384281	0	.04615814	.2154138
538.15	0	.7383923	0	.04608889	.2155188
537.15	0	.7383569	0	.04602016	.215623
536.15	0	.7383217	0	.04595194	.2157264
535.15	0	.7382868	0	.04588424	.215829
534.15	0	.7382522	0	.04581706	.2159308
533.15	0	.7382178	0	.04575039	.2160318
532.15	0	.7381838	0	.04568423	.216132
531.15	0	.73815	0	.04561858	.2162315
530.15	0	.7381164	0	.04555344	.2163301
529.15	0	.7380832	0	.04548881	.216428
528.15	0	.7380502	0	.04542468	.2165251
527.15	0	.7380175	0	.04536105	.2166215
526.15	0	.737985	0	.04529793	.216717
525.15	0	.7379529	0	.0452353	.2168119
524.15	0	.7379209	0	.04517318	.2169059
523.15	0	.7378893	0	.04511154	.2169992
522.15	0	.7378579	0	.04505041	.2170917
521.15	0	.7378268	0	.04498976	.2171835
520.15	0	.7377959	0	.0449296	.2172745
519.15	0	.7377653	0	.04486994	.2173648
518.15	0	.7377349	0	.04481076	.2174543
517.15	0	.7377048	0	.04475206	.2175431
516.15	0	.737675	0	.04469385	.2176312
515.15	0	.7376454	0	.04463612	.2177185
514.15	0	.7376161	0	.04457887	.217805
513.15	0	.737587	0	.0445221	.2178909
512.15	0	.7375582	0	.0444658	.217976
511.15	0	.7375296	0	.04440997	.2180604
510.15	0	.7375013	0	.04435462	.2181441
509.15	0	.7374732	0	.04429974	.2182271
508.15	0	.7374454	0	.04424532	.2183093
507.15	0	.7374178	0	.04419137	.2183908
506.15	0	.7373904	0	.04413788	.2184717
505.15	0	.7373633	0	.04408486	.2185518
504.15	0	.7373365	0	.04403229	.2186312
503.15	0	.7373099	0	.04398018	.21871
502.15	0	.7372835	0	.04392853	.218788
501.15	0	.7372573	0	.04387733	.2188653
500.15	0	.7372314	0	.04382659	.218942
499.15	0	.7372058	0	.04377629	.219018
498.15	0	.7371803	0	.04372644	.2190932
497.15	0	.7371551	0	.04367703	.2191679
496.15	0	.7371302	0	.04362807	.2192418
495.15	0	.7371054	0	.04357955	.219315
494.15	0	.7370809	0	.04353147	.2193876
493.15	0	.7370566	0	.04348382	.2194596
492.15	0	.7370326	0	.04343661	.2195308
491.15	0	.7370087	0	.04338983	.2196014
490.15	0	.7369851	0	.04334348	.2196714
489.15	0	.7369618	0	.04329756	.2197407
488.15	0	.7369386	0	.04325207	.2198093
487.15	0	.7369157	0	.043207	.2198773
486.15	0	.7368929	0	.04316235	.2199447
485.15	0	.7368704	0	.04311812	.2200114
484.15	0	.7368482	0	.04307431	.2200775
483.15	0	.7368261	0	.04303091	.220143
482.15	0	.7368043	0	.04298793	.2202078
481.15	0	.7367826	0	.04294535	.220272
480.15	0	.7367612	0	.04290319	.2203356
479.15	0	.73674	0	.04286143	.2203986
478.15	0	.736719	0	.04282007	.220461
477.15	0	.7366982	0	.04277911	.2205227
476.15	0	.7366776	0	.04273856	.2205839
475.15	0	.7366572	0	.0426984	.2206444
474.15	0	.736637	0	.04265864	.2207043
473.15	0	.7366171	0	.04261926	.2207637
472.15	0	.7365973	0	.04258028	.2208224
471.15	0	.7365777	0	.04254169	.2208806
470.15	0	.7365584	0	.04250348	.2209382
469.15	0	.7365392	0	.04246565	.2209952
468.15	0	.7365202	0	.04242821	.2210516
467.15	0	.7365014	0	.04239114	.2211074
466.15	0	.7364829	0	.04235445	.2211627
465.15	0	.7364645	0	.04231813	.2212174
464.15	0	.7364463	0	.04228218	.2212715
463.15	0	.7364283	0	.04224661	.2213251
462.15	0	.7364105	0	.0422114	.2213782
461.15	0	.7363928	0	.04217655	.2214306
460.15	0	.7363754	0	.04214207	.2214826
459.15	0	.7363581	0	.04210794	.2215339
458.15	0	.7363411	0	.04207417	.2215848
457.15	0	.7363242	0	.04204076	.2216351
456.15	0	.7363075	0	.04200769	.2216848
455.15	0	.736291	0	.04197498	.2217341
454.15	0	.7362746	0	.04194262	.2217828
453.15	0	.7362585	0	.0419106	.221831
452.15	0	.7362425	0	.04187892	.2218786
451.15	0	.7362267	0	.04184758	.2219258
450.15	0	.736211	0	.04181658	.2219724
449.15	0	.7361956	0	.04178592	.2220185
448.15	0	.7361803	0	.0417556	.2220641
447.15	0	.7361652	0	.04172561	.2221092
446.15	0	.7361502	0	.04169596	.2221538
445.15	0	.7361355	0	.04166663	.2221979
444.15	0	.7361209	0	.04163762	.2222415
443.15	0	.7361064	0	.04160894	.2222846
442.15	0	.7360922	0	.04158059	.2223273
441.15	0	.7360781	0	.04155255	.2223694
440.15	0	.7360641	0	.04152484	.222411
439.15	0	.7360503	0	.04149744	.2224522
438.15	0	.7360367	0	.04147036	.2224929
437.15	0	.7360233	0	.04144359	.2225331
436.15	0	.73601	0	.04141713	.2225729
435.15	0	.7359969	0	.04139098	.2226122
434.15	0	.7359839	0	.04136514	.222651
433.15	0	.7359711	0	.0413396	.2226893
432.15	0	.7359584	0	.04131437	.2227272
431.15	0	.7359459	0	.04128943	.2227647
430.15	0	.7359336	0	.04126479	.2228017
