T	 BPW(LIQUID)	BPW(BCC_A2)	BPW(FCC_A1)	BPW(LAVES_PHASE_C14)	BPW(NI3TI)
1473.15	.5426435	.2962516	0	.1611049	0
1472.15	.5353418	.3011787	0	.1634795	0
1471.15	.5281732	.306013	0	.1658139	0
1470.15	.5211342	.3107567	0	.1681091	0
1469.15	.5142214	.3154123	0	.1703662	0
1468.15	.5074316	.3199821	0	.1725863	0
1467.15	.5007614	.3244682	0	.1747704	0
1466.15	.4942078	.3288728	0	.1769193	0
1465.15	.4877679	.333198	0	.1790341	0
1464.15	.4814388	.3374457	0	.1811155	0
1463.15	.4752177	.3416178	0	.1831646	0
1462.15	.4691018	.3457162	0	.185182	0
1461.15	.4630886	.3497427	0	.1871687	0
1460.15	.4571755	.3536991	0	.1891253	0
1459.15	.4513602	.3575871	0	.1910527	0
1458.15	.4456402	.3614083	0	.1929516	0
1457.15	.4400132	.3651642	0	.1948226	0
1456.15	.434477	.3688565	0	.1966665	0
1455.15	.4290295	.3724866	0	.198484	0
1454.15	.4236685	.3760559	0	.2002756	0
1453.15	.4183921	.3795659	0	.202042	0
1452.15	.4131983	.3830179	0	.2037838	0
1451.15	.4080852	.3864133	0	.2055015	0
1450.15	.4030508	.3897533	0	.2071958	0
1449.15	.3980935	.3930392	0	.2088672	0
1448.15	.3932115	.3962722	0	.2105163	0
1447.15	.3884031	.3994535	0	.2121434	0
1446.15	.3836666	.4025841	0	.2137493	0
1445.15	.3790005	.4056653	0	.2153342	0
1444.15	.3744033	.408698	0	.2168988	0
1443.15	.3698733	.4116833	0	.2184434	0
1442.15	.3654091	.4146223	0	.2199685	0
1441.15	.3610094	.417516	0	.2214746	0
1440.15	.3566727	.4203652	0	.222962	0
1439.15	.3523978	.423171	0	.2244312	0
1438.15	.3481832	.4259342	0	.2258826	0
1437.15	.3440277	.4286558	0	.2273166	0
1436.15	.3399301	.4313365	0	.2287334	0
1435.15	.3358891	.4339773	0	.2301336	0
1434.15	.3319037	.4365789	0	.2315174	0
1433.15	.3279726	.4391422	0	.2328852	0
1432.15	.3240948	.4416678	0	.2342374	0
1431.15	.3202692	.4441567	0	.2355742	0
1430.15	.3164946	.4466094	0	.236896	0
1429.15	.3127702	.4490268	0	.238203	0
1428.15	.3090948	.4514095	0	.2394957	0
1427.15	.3054676	.4537582	0	.2407742	0
1426.15	.3018875	.4560735	0	.242039	0
1425.15	.2983537	.4583562	0	.2432901	0
1424.15	.2948652	.4606068	0	.244528	0
1423.15	.2914212	.4628259	0	.2457529	0
1422.15	.2880208	.4650142	0	.246965	0
1421.15	.2846632	.4671722	0	.2481646	0
1420.15	.2813475	.4693006	0	.2493519	0
1419.15	.278073	.4713998	0	.2505273	0
1418.15	.2748388	.4734704	0	.2516908	0
1417.15	.2716443	.4755129	0	.2528427	0
1416.15	.2684887	.4775279	0	.2539833	0
1415.15	.2653713	.4795159	0	.2551128	0
1414.15	.2622913	.4814773	0	.2562314	0
1413.15	.2592481	.4834127	0	.2573392	0
1412.15	.256241	.4853224	0	.2584366	0
1411.15	.2532693	.487207	0	.2595236	0
1410.15	.2503325	.489067	0	.2606005	0
1409.15	.2474298	.4909027	0	.2616675	0
1408.15	.2445607	.4927146	0	.2627247	0
1407.15	.2417246	.494503	0	.2637723	0
1406.15	.2389209	.4962686	0	.2648105	0
1405.15	.236149	.4980115	0	.2658395	0
1404.15	.2334084	.4997322	0	.2668594	0
1403.15	.2306985	.5014311	0	.2678705	0
1402.15	.2280187	.5031086	0	.2688727	0
1401.15	.2253687	.504765	0	.2698663	0
1400.15	.2227478	.5064007	0	.2708516	0
1399.15	.2201556	.508016	0	.2718285	0
1398.15	.2175915	.5096113	0	.2727972	0
1397.15	.2150551	.5111869	0	.2737579	0
1396.15	.212546	.5127432	0	.2747108	0
1395.15	.2100636	.5142805	0	.2756559	0
1394.15	.2076076	.515799	0	.2765934	0
1393.15	.2051774	.5172991	0	.2775235	0
1392.15	.2027727	.5187812	0	.2784461	0
1391.15	.2003931	.5202454	0	.2793616	0
1390.15	.198038	.5216921	0	.2802699	0
1389.15	.1957073	.5231215	0	.2811712	0
1388.15	.1934003	.524534	0	.2820657	0
1387.15	.1911168	.5259298	0	.2829534	0
1386.15	.1888564	.5273092	0	.2838344	0
1385.15	.1866187	.5286724	0	.2847089	0
1384.15	.1844034	.5300197	0	.2855769	0
1383.15	.18221	.5313514	0	.2864386	0
1382.15	.1800383	.5326676	0	.2872941	0
1381.15	.1778878	.5339687	0	.2881434	0
1380.15	.1757584	.5352549	0	.2889867	0
1379.15	.1736496	.5365263	0	.2898241	0
1378.15	.1715611	.5377833	0	.2906556	0
1377.15	.1694927	.539026	0	.2914813	0
1376.15	.1674439	.5402547	0	.2923014	0
1375.15	.1654146	.5414696	0	.2931159	0
1374.15	.1634043	.5426709	0	.2939248	0
1373.15	.1614129	.5438587	0	.2947284	0
1372.15	.15944	.5450334	0	.2955267	0
1371.15	.1574853	.546195	0	.2963197	0
1370.15	.1555486	.5473439	0	.2971075	0
1369.15	.1536297	.5484801	0	.2978902	0
1368.15	.1517282	.5496039	0	.298668	0
1367.15	.1498438	.5507154	0	.2994407	0
1366.15	.1479764	.5518149	0	.3002087	0
1365.15	.1461257	.5529025	0	.3009718	0
1364.15	.1442915	.5539784	0	.3017302	0
1363.15	.1424734	.5550427	0	.3024839	0
1362.15	.1406713	.5560956	0	.3032331	0
1361.15	.138885	.5571373	0	.3039777	0
1360.15	.1371141	.558168	0	.3047179	0
1359.15	.1353585	.5591877	0	.3054537	0
1358.15	.133618	.5601968	0	.3061852	0
1357.15	.1318924	.5611952	0	.3069124	0
1356.15	.1301814	.5621832	0	.3076354	0
1355.15	.1284849	.5631609	0	.3083542	0
1354.15	.1268025	.5641285	0	.309069	0
1353.15	.1251342	.5650861	0	.3097797	0
1352.15	.1234798	.5660338	0	.3104865	0
1351.15	.121839	.5669718	0	.3111893	0
1350.15	.1202116	.5679001	0	.3118882	0
1349.15	.1185975	.5688191	0	.3125834	0
1348.15	.1169965	.5697287	0	.3132748	0
1347.15	.1154084	.5706291	0	.3139625	0
1346.15	.1138331	.5715204	0	.3146465	0
1345.15	.1122703	.5724028	0	.3153269	0
1344.15	.1107199	.5732764	0	.3160038	0
1343.15	.1091817	.5741412	0	.3166771	0
1342.15	.1076555	.5749975	0	.317347	0
1341.15	.1061413	.5758453	0	.3180135	0
1340.15	.1046387	.5766847	0	.3186765	0
1339.15	.1031478	.5775159	0	.3193363	0
1338.15	.1016683	.578339	0	.3199928	0
1337.15	.1002	.579154	0	.320646	0
1336.15	.09874291	.5799611	0	.321296	0
1335.15	.09729676	.5807604	0	.3219429	0
1334.15	.09586144	.5815519	0	.3225866	0
1333.15	.09443681	.5823359	0	.3232273	0
1332.15	.09302274	.5831123	0	.3238649	0
1331.15	.09161907	.5838814	0	.3244996	0
1330.15	.09022568	.5846431	0	.3251312	0
1329.15	.08884244	.5853976	0	.32576	0
1328.15	.08746922	.586145	0	.3263858	0
1327.15	.08610588	.5868853	0	.3270088	0
1326.15	.0847523	.5876187	0	.327629	0
1325.15	.08340835	.5883452	0	.3282464	0
1324.15	.08207392	.589065	0	.3288611	0
1323.15	.08074888	.5897781	0	.329473	0
1322.15	.07943311	.5904846	0	.3300823	0
1321.15	.0781265	.5911846	0	.3306889	0
1320.15	.07682893	.5918781	0	.3312929	0
1319.15	.07554029	.5925654	0	.3318944	0
1318.15	.07426046	.5932463	0	.3324932	0
1317.778	.07378719	.5934977	0	.3327151	0
1317.778	.07378719	.5934977	0	.3327151	0
1317.778	.07378719	.5934977	0	.3327151	0
1317.15	.06990066	.5918642	.004797761	.3334374	0
1316.15	.06372631	.5893087	.01238792	.3345771	0
1315.15	.05756367	.5868066	.01992478	.335705	0
1314.15	.05141231	.5843572	.02740913	.3368213	0
1313.15	.04527184	.5819601	.03484176	.3379263	0
1312.15	.03914186	.5796148	.0422234	.33902	0
1311.15	.03302199	.5773206	.04955482	.3401026	0
1310.15	.02691184	.5750772	.05683675	.3411742	0
1309.15	.02081104	.5728839	.0640699	.3422351	0
1308.15	.01471922	.5707404	.07125499	.3432854	0
1307.15	.008636036	.5686461	.07839272	.3443251	0
1306.15	.002561127	.5666006	.08548377	.3453545	0
1305.728	0	.5657519	.08846225	.3457859	0
1305.728	0	.5657519	.08846225	.3457859	0
1305.15	0	.5650597	.08894297	.3459973	0
1304.15	0	.5638648	.08977282	.3463624	0
1303.15	0	.5626733	.09060035	.3467263	0
1302.15	0	.5614852	.09142558	.3470893	0
1301.15	0	.5603003	.09224851	.3474512	0
1300.15	0	.5591189	.09306914	.347812	0
1299.15	0	.5579407	.09388749	.3481718	0
1298.15	0	.5567658	.09470354	.3485306	0
1297.15	0	.5555943	.09551732	.3488884	0
1296.15	0	.554426	.09632881	.3492452	0
1295.15	0	.5532611	.09713803	.3496009	0
1294.15	0	.5520994	.09794498	.3499556	0
1293.15	0	.550941	.09874967	.3503094	0
1292.15	0	.5497858	.09955209	.3506621	0
1291.15	0	.5486339	.1003523	.3510138	0
1290.15	0	.5474853	.1011502	.3513645	0
1289.15	0	.5463399	.1019458	.3517143	0
1288.15	0	.5451977	.1027392	.3520631	0
1287.15	0	.5440588	.1035304	.3524108	0
1286.15	0	.542923	.1043194	.3527576	0
1285.15	0	.5417905	.1051061	.3531035	0
1284.15	0	.5406612	.1058905	.3534483	0
1283.15	0	.539535	.1066728	.3537922	0
1282.15	0	.5384121	.1074528	.3541352	0
1281.15	0	.5372923	.1082306	.3544771	0
1280.15	0	.5361757	.1090062	.3548182	0
1279.15	0	.5350622	.1097795	.3551582	0
1278.15	0	.5339519	.1105507	.3554974	0
1277.15	0	.5328448	.1113197	.3558356	0
1276.15	0	.5317407	.1120864	.3561728	0
1275.15	0	.5306399	.112851	.3565092	0
1274.15	0	.5295421	.1136134	.3568446	0
1273.15	0	.5284475	.1143735	.357179	0
1272.15	0	.5273559	.1151315	.3575126	0
1271.15	0	.5262675	.1158873	.3578452	0
1270.15	0	.5251822	.1166409	.3581769	0
1269.15	0	.5240999	.1173924	.3585077	0
1268.15	0	.5230207	.1181416	.3588376	0
1267.15	0	.5219446	.1188887	.3591666	0
1266.15	0	.5208716	.1196337	.3594947	0
1265.15	0	.5198017	.1203764	.3598219	0
1264.15	0	.5187347	.121117	.3601482	0
1263.15	0	.5176709	.1218555	.3604737	0
1262.15	0	.5166101	.1225917	.3607982	0
1261.15	0	.5155523	.1233259	.3611219	0
1260.15	0	.5144975	.1240579	.3614446	0
1259.15	0	.5134458	.1247877	.3617666	0
1258.15	0	.5123971	.1255154	.3620876	0
1257.15	0	.5113513	.1262409	.3624078	0
1256.15	0	.5103086	.1269643	.3627271	0
1255.15	0	.5092689	.1276856	.3630455	0
1254.15	0	.5082322	.1284047	.3633631	0
1253.15	0	.5071985	.1291217	.3636798	0
1252.15	0	.5061677	.1298366	.3639957	0
1251.15	0	.5051399	.1305493	.3643108	0
1250.15	0	.5041151	.1312599	.364625	0
1249.15	0	.5030932	.1319684	.3649383	0
1248.15	0	.5020743	.1326748	.3652508	0
1247.15	0	.5010584	.1333791	.3655625	0
1246.15	0	.5000454	.1340813	.3658734	0
1245.15	0	.4990353	.1347813	.3661834	0
1244.15	0	.4980282	.1354792	.3664926	0
1243.15	0	.4970239	.136175	.366801	0
1242.15	0	.4960226	.1368688	.3671086	0
1241.15	0	.4950243	.1375604	.3674154	0
1240.15	0	.4940288	.1382499	.3677213	0
1239.15	0	.4930362	.1389373	.3680265	0
1238.15	0	.4920466	.1396226	.3683308	0
1237.15	0	.4910598	.1403058	.3686343	0
1236.15	0	.4900759	.140987	.3689371	0
1235.15	0	.4890949	.141666	.369239	0
1234.15	0	.4881168	.142343	.3695402	0
1233.15	0	.4871416	.1430178	.3698406	0
1232.15	0	.4861692	.1436906	.3701402	0
1231.15	0	.4851997	.1443613	.370439	0
1230.15	0	.4842331	.1450299	.370737	0
1229.15	0	.4832693	.1456965	.3710342	0
1228.15	0	.4823084	.146361	.3713307	0
1227.15	0	.4813503	.1470233	.3716264	0
1226.15	0	.480395	.1476837	.3719214	0
1225.15	0	.4794426	.1483419	.3722155	0
1224.15	0	.478493	.1489981	.3725089	0
1223.15	0	.4775462	.1496522	.3728016	0
1222.15	0	.4766023	.1503042	.3730935	0
1221.15	0	.4756612	.1509542	.3733846	0
1220.15	0	.4747229	.1516021	.373675	0
1219.15	0	.4737874	.1522479	.3739647	0
1218.15	0	.4728547	.1528917	.3742536	0
1217.15	0	.4719248	.1535334	.3745418	0
1216.15	0	.4709977	.1541731	.3748292	0
1215.15	0	.4700735	.1548107	.3751159	0
1214.15	0	.4691519	.1554462	.3754019	0
1213.15	0	.4682332	.1560797	.3756871	0
1212.15	0	.4673173	.1567111	.3759716	0
1211.15	0	.4664041	.1573405	.3762554	0
1210.15	0	.4654937	.1579678	.3765384	0
1209.15	0	.4645861	.1585931	.3768208	0
1208.15	0	.4636813	.1592164	.3771024	0
1207.15	0	.4627792	.1598375	.3773833	0
1206.15	0	.4618799	.1604567	.3776635	0
1205.15	0	.4609833	.1610737	.377943	0
1204.15	0	.4600895	.1616888	.3782218	0
1203.15	0	.4591984	.1623018	.3784999	0
1202.15	0	.4583101	.1629127	.3787772	0
1201.15	0	.4574245	.1635216	.3790539	0
1200.15	0	.4565416	.1641285	.3793299	0
1199.15	0	.4556615	.1647333	.3796052	0
1198.15	0	.4547841	.1653361	.3798798	0
1197.15	0	.4539095	.1659368	.3801537	0
1196.15	0	.4530375	.1665355	.380427	0
1195.15	0	.4521683	.1671322	.3806995	0
1194.15	0	.4513019	.1677268	.3809714	0
1193.15	0	.4504381	.1683193	.3812426	0
1192.15	0	.449577	.1689099	.3815131	0
1191.15	0	.4487187	.1694984	.3817829	0
1190.15	0	.4478631	.1700848	.3820521	0
1189.15	0	.4470101	.1706692	.3823206	0
1188.15	0	.4461599	.1712516	.3825885	0
1187.15	0	.4453124	.171832	.3828556	0
1186.15	0	.4444675	.1724103	.3831222	0
1185.15	0	.4436254	.1729866	.383388	0
1184.15	0	.442786	.1735608	.3836532	0
1183.15	0	.4419492	.174133	.3839178	0
1182.15	0	.4411151	.1747032	.3841817	0
1181.15	0	.4402838	.1752713	.3844449	0
1180.15	0	.4394551	.1758374	.3847075	0
1179.15	0	.4386291	.1764015	.3849695	0
1178.15	0	.4378057	.1769635	.3852308	0
1177.15	0	.4369851	.1775235	.3854915	0
1176.15	0	.4361671	.1780814	.3857515	0
1175.15	0	.4353517	.1786373	.3860109	0
1174.15	0	.4345391	.1791912	.3862697	0
1173.15	0	.4337291	.179743	.3865278	0
1172.15	0	.4329218	.1802928	.3867854	0
1171.15	0	.4321172	.1808406	.3870422	0
1170.15	0	.4313152	.1813863	.3872985	0
1169.15	0	.4305159	.18193	.3875541	0
1168.15	0	.4297192	.1824716	.3878092	0
1167.15	0	.4289252	.1830113	.3880636	0
1166.15	0	.4281339	.1835488	.3883173	0
1165.15	0	.4273452	.1840843	.3885705	0
1164.15	0	.4265591	.1846178	.3888231	0
1163.15	0	.4257757	.1851493	.389075	0
1162.15	0	.424995	.1856787	.3893263	0
1161.15	0	.4242169	.186206	.3895771	0
1160.15	0	.4234415	.1867313	.3898272	0
1159.15	0	.4226687	.1872546	.3900767	0
1158.15	0	.4218985	.1877758	.3903257	0
1157.15	0	.421131	.188295	.390574	0
1156.15	0	.4203662	.1888121	.3908217	0
1155.15	0	.419604	.1893272	.3910689	0
1154.15	0	.4188444	.1898402	.3913154	0
1153.15	0	.4180874	.1903512	.3915614	0
1152.15	0	.4173331	.1908601	.3918068	0
1151.15	0	.4165815	.191367	.3920515	0
1150.15	0	.4158324	.1918718	.3922957	0
1149.15	0	.4150861	.1923746	.3925394	0
1148.15	0	.4143423	.1928753	.3927824	0
1147.15	0	.4136012	.1933739	.3930249	0
1146.15	0	.4128627	.1938705	.3932667	0
1145.15	0	.4121269	.1943651	.393508	0
1144.15	0	.4113937	.1948575	.3937488	0
1143.15	0	.4106631	.1953479	.3939889	0
1142.15	0	.4099352	.1958363	.3942285	0
1141.15	0	.4092099	.1963225	.3944676	0
1140.15	0	.4084872	.1968068	.394706	0
1139.15	0	.4077672	.1972889	.3949439	0
1138.15	0	.4070498	.1977689	.3951813	0
1137.15	0	.406335	.198247	.395418	0
1136.15	0	.4056229	.1987229	.3956542	0
1135.15	0	.4049134	.1991967	.3958899	0
1134.15	0	.4042065	.1996685	.396125	0
1133.15	0	.4035023	.2001382	.3963595	0
1132.15	0	.4028007	.2006058	.3965935	0
1131.15	0	.4021017	.2010713	.396827	0
1130.15	0	.4014054	.2015347	.3970599	0
1129.15	0	.4007117	.2019961	.3972922	0
1128.15	0	.4000206	.2024554	.397524	0
1127.15	0	.3993322	.2029125	.3977553	0
1126.15	0	.3986464	.2033676	.397986	0
1125.15	0	.3979633	.2038206	.3982162	0
1124.15	0	.3972827	.2042715	.3984458	0
1123.15	0	.3966049	.2047203	.3986749	0
1122.15	0	.3959296	.2051669	.3989035	0
1121.15	0	.395257	.2056115	.3991315	0
1120.15	0	.394587	.206054	.399359	0
1119.15	0	.3939197	.2064943	.3995859	0
1118.15	0	.3932551	.2069326	.3998124	0
1117.15	0	.392593	.2073687	.4000383	0
1116.15	0	.3919336	.2078027	.4002636	0
1115.15	0	.3912769	.2082346	.4004885	0
1114.15	0	.3906228	.2086644	.4007128	0
1113.15	0	.3899713	.2090921	.4009366	0
1112.15	0	.3893225	.2095176	.4011599	0
1111.15	0	.3886764	.209941	.4013826	0
1110.15	0	.3880329	.2103622	.4016049	0
1109.15	0	.3873921	.2107813	.4018266	0
1108.15	0	.3867539	.2111983	.4020478	0
1107.15	0	.3861183	.2116132	.4022685	0
1106.15	0	.3854855	.2120259	.4024887	0
1105.15	0	.3848553	.2124364	.4027083	0
1104.15	0	.3842277	.2128448	.4029275	0
1103.15	0	.3836028	.2132511	.4031461	0
1102.15	0	.3829806	.2136552	.4033643	0
1101.15	0	.3823611	.2140571	.4035819	0
1100.15	0	.3817442	.2144568	.403799	0
1099.15	0	.38113	.2148544	.4040156	0
1098.15	0	.3805184	.2152499	.4042317	0
1097.15	0	.3799096	.2156431	.4044473	0
1096.15	0	.3793034	.2160342	.4046624	0
1095.15	0	.3786999	.2164231	.404877	0
1094.15	0	.3780991	.2168098	.4050911	0
1093.15	0	.3775009	.2171943	.4053047	0
1092.15	0	.3769055	.2175767	.4055179	0
1091.15	0	.3763127	.2179568	.4057305	0
1090.15	0	.3757227	.2183347	.4059426	0
1089.15	0	.3751353	.2187105	.4061542	0
1088.15	0	.3745507	.219084	.4063654	0
1087.15	0	.3739687	.2194553	.406576	0
1086.15	0	.3733894	.2198244	.4067862	0
1085.15	0	.3728129	.2201913	.4069958	0
1084.15	0	.3722391	.220556	.407205	0
1083.15	0	.3716679	.2209184	.4074137	0
1082.15	0	.3710995	.2212786	.4076219	0
1081.15	0	.3705338	.2216366	.4078296	0
1080.15	0	.3699709	.2219923	.4080368	0
1079.15	0	.3694106	.2223458	.4082436	0
1078.15	0	.3688531	.2226971	.4084498	0
1077.15	0	.3682983	.2230461	.4086556	0
1076.15	0	.3677463	.2233928	.4088609	0
1075.15	0	.367197	.2237373	.4090657	0
1074.15	0	.3666504	.2240796	.40927	0
1073.15	0	.3661066	.2244195	.4094739	0
1072.15	0	.3655655	.2247572	.4096773	0
1071.15	0	.3650272	.2250926	.4098802	0
1070.15	0	.3644917	.2254257	.4100826	0
1069.15	0	.3639589	.2257566	.4102846	0
1068.15	0	.3634289	.2260851	.410486	0
1067.15	0	.3629016	.2264114	.410687	0
1066.15	0	.3623771	.2267353	.4108875	0
1065.15	0	.3618554	.227057	.4110876	0
1064.15	0	.3613365	.2273763	.4112872	0
1063.15	0	.3608204	.2276933	.4114863	0
1062.15	0	.3603071	.228008	.4116849	0
1061.15	0	.3597965	.2283204	.4118831	0
1060.15	0	.3592888	.2286305	.4120808	0
1059.15	0	.3587838	.2289382	.412278	0
1058.15	0	.3582817	.2292435	.4124748	0
1057.15	0	.3577824	.2295466	.412671	0
1056.15	0	.3572859	.2298473	.4128669	0
1055.15	0	.3567922	.2301456	.4130622	0
1054.15	0	.3563013	.2304416	.4132571	0
1053.15	0	.3558133	.2307352	.4134515	0
1052.15	0	.3553281	.2310264	.4136455	0
1051.15	0	.3548458	.2313152	.413839	0
1050.15	0	.3543663	.2316017	.414032	0
1049.15	0	.3538897	.2318858	.4142245	0
1048.15	0	.3534159	.2321675	.4144166	0
1047.15	0	.352945	.2324468	.4146083	0
1046.15	0	.3524769	.2327237	.4147994	0
1045.15	0	.3520117	.2329982	.4149901	0
1044.15	0	.3515494	.2332702	.4151803	0
1043.15	0	.35109	.2335399	.4153701	0
1042.15	0	.3506335	.2338071	.4155594	0
1041.15	0	.3501798	.2340719	.4157483	0
1040.15	0	.3497291	.2343342	.4159367	0
1039.15	0	.3492813	.2345942	.4161246	0
1038.15	0	.3488364	.2348516	.416312	0
1037.15	0	.3483944	.2351066	.416499	0
1036.15	0	.3479553	.2353592	.4166855	0
1035.15	0	.3475191	.2356093	.4168716	0
1034.15	0	.3470859	.2358569	.4170572	0
1033.15	0	.3466556	.236102	.4172423	0
1032.15	0	.3462283	.2363447	.417427	0
1031.15	0	.345804	.2365848	.4176112	0
1030.15	0	.3453825	.2368225	.417795	0
1029.15	0	.3449641	.2370576	.4179783	0
1028.15	0	.3445486	.2372903	.4181611	0
1027.15	0	.3441361	.2375204	.4183435	0
1026.15	0	.3437266	.237748	.4185254	0
1025.15	0	.3433201	.2379731	.4187068	0
1024.15	0	.3429165	.2381957	.4188878	0
1023.15	0	.342516	.2384157	.4190683	0
1022.15	0	.3421185	.2386332	.4192483	0
1021.15	0	.341724	.2388481	.4194279	0
1020.15	0	.3413325	.2390605	.419607	0
1019.15	0	.3409441	.2392703	.4197856	0
1018.15	0	.3405587	.2394775	.4199638	0
1017.15	0	.3401763	.2396822	.4201415	0
1016.15	0	.339797	.2398843	.4203188	0
1015.15	0	.3394207	.2400838	.4204955	0
1014.15	0	.3390475	.2402807	.4206719	0
1013.15	0	.3386773	.240475	.4208477	0
1012.15	0	.3383103	.2406667	.4210231	0
1011.15	0	.3379463	.2408557	.421198	0
1010.15	0	.3375854	.2410422	.4213724	0
1009.15	0	.3372276	.241226	.4215463	0
1008.15	0	.336873	.2414072	.4217198	0
1007.15	0	.3365214	.2415858	.4218928	0
1006.15	0	.3361729	.2417617	.4220654	0
1005.15	0	.3358276	.241935	.4222374	0
1004.15	0	.3354854	.2421056	.422409	0
1003.15	0	.3351463	.2422736	.4225801	0
1002.15	0	.3348104	.2424389	.4227507	0
1001.15	0	.3344776	.2426015	.4229209	0
1000.15	0	.334148	.2427614	.4230906	0
999.15	0	.3338216	.2429187	.4232597	0
998.15	0	.3334983	.2430732	.4234285	0
997.15	0	.3331782	.2432251	.4235967	0
996.15	0	.3328614	.2433743	.4237644	0
995.15	0	.3325477	.2435207	.4239317	0
994.15	0	.3322372	.2436644	.4240984	0
993.15	0	.3319299	.2438054	.4242647	0
992.15	0	.3316258	.2439437	.4244305	0
991.15	0	.331325	.2440793	.4245958	0
990.15	0	.3310273	.2442121	.4247606	0
989.15	0	.330733	.2443422	.4249249	0
988.15	0	.3304418	.2444695	.4250887	0
987.15	0	.330154	.244594	.425252	0
986.15	0	.3298693	.2447159	.4254148	0
985.15	0	.329588	.2448349	.4255771	0
984.15	0	.3293099	.2449512	.425739	0
983.15	0	.3290351	.2450647	.4259003	0
982.15	0	.3287636	.2451754	.4260611	0
981.15	0	.3284954	.2452833	.4262213	0
980.15	0	.3282304	.2453885	.4263811	0
979.15	0	.3279688	.2454908	.4265404	0
978.15	0	.3277105	.2455903	.4266991	0
977.15	0	.3274555	.2456871	.4268574	0
976.15	0	.3272039	.245781	.4270151	0
975.15	0	.3269556	.2458722	.4271723	0
974.15	0	.3267106	.2459605	.427329	0
973.15	0	.3264689	.246046	.4274851	0
972.15	0	.3262306	.2461286	.4276407	0
971.15	0	.3259957	.2462085	.4277958	0
970.15	0	.3257642	.2462855	.4279504	0
969.15	0	.325536	.2463597	.4281044	0
968.15	0	.3253111	.246431	.4282579	0
967.15	0	.3250897	.2464995	.4284108	0
966.15	0	.3248717	.2465652	.4285632	0
965.15	0	.324657	.246628	.428715	0
964.15	0	.3244457	.2466879	.4288663	0
963.15	0	.3242379	.246745	.4290171	0
962.15	0	.3240334	.2467993	.4291673	0
961.15	0	.3238324	.2468507	.4293169	0
960.15	0	.3236348	.2468993	.429466	0
959.15	0	.3234406	.246945	.4296145	0
958.15	0	.3232498	.2469878	.4297624	0
957.15	0	.3230625	.2470278	.4299098	0
956.15	0	.3228786	.2470649	.4300565	0
955.15	0	.3226981	.2470991	.4302027	0
954.15	0	.3225211	.2471305	.4303484	0
953.15	0	.3223475	.2471591	.4304934	0
952.15	0	.3221774	.2471848	.4306378	0
951.15	0	.3220108	.2472076	.4307817	0
950.15	0	.3218475	.2472275	.4309249	0
949.15	0	.3216878	.2472447	.4310676	0
948.15	0	.3215315	.2472589	.4312096	0
947.15	0	.3213787	.2472703	.431351	0
946.15	0	.3212293	.2472789	.4314918	0
945.15	0	.3210834	.2472846	.431632	0
944.15	0	.320941	.2472875	.4317716	0
943.15	0	.320802	.2472875	.4319105	0
942.15	0	.3206665	.2472847	.4320488	0
941.15	0	.3205345	.2472791	.4321865	0
940.15	0	.3204059	.2472706	.4323235	0
939.15	0	.3202808	.2472593	.4324598	0
938.15	0	.3201592	.2472453	.4325955	0
937.15	0	.320041	.2472284	.4327306	0
936.15	0	.3199264	.2472087	.432865	0
935.15	0	.3198151	.2471862	.4329987	0
934.15	0	.3197074	.2471609	.4331317	0
933.15	0	.3196031	.2471329	.4332641	0
932.15	0	.3195022	.2471021	.4333957	0
931.15	0	.3194048	.2470685	.4335267	0
930.15	0	.3193109	.2470322	.433657	0
929.15	0	.3192204	.2469931	.4337865	0
928.15	0	.3191333	.2469514	.4339154	0
927.15	0	.3190496	.2469069	.4340435	0
926.15	0	.3189694	.2468597	.4341709	0
925.15	0	.3188926	.2468098	.4342975	0
924.15	0	.3188193	.2467573	.4344234	0
923.15	0	.3187493	.2467021	.4345486	0
922.15	0	.3186827	.2466443	.434673	0
921.15	0	.3186195	.2465838	.4347967	0
920.15	0	.3185597	.2465207	.4349196	0
919.15	0	.3185032	.2464551	.4350417	0
918.15	0	.3184502	.2463869	.435163	0
917.15	0	.3184004	.2463161	.4352835	0
916.15	0	.318354	.2462428	.4354032	0
915.15	0	.3183109	.246167	.4355221	0
914.15	0	.3182711	.2460887	.4356402	0
913.15	0	.3182346	.2460079	.4357575	0
912.15	0	.3182014	.2459248	.4358739	0
911.15	0	.3181714	.2458391	.4359895	0
910.15	0	.3181447	.2457512	.4361042	0
909.15	0	.3181212	.2456608	.436218	0
908.15	0	.3181009	.2455681	.436331	0
907.15	0	.3180837	.2454732	.4364431	0
906.15	0	.3180698	.2453759	.4365543	0
905.15	0	.318059	.2452765	.4366645	0
904.15	0	.3180513	.2451748	.4367739	0
903.15	0	.3180467	.245071	.4368823	0
902.15	0	.3180452	.244965	.4369898	0
901.15	0	.3180467	.244857	.4370963	0
900.15	0	.3180513	.2447469	.4372019	0
899.15	0	.3180588	.2446348	.4373065	0
898.15	0	.3180693	.2445207	.4374101	0
897.15	0	.3180827	.2444047	.4375127	0
896.15	0	.318099	.2442868	.4376143	0
895.15	0	.3181182	.244167	.4377148	0
894.15	0	.3181402	.2440455	.4378143	0
893.15	0	.318165	.2439223	.4379127	0
892.15	0	.3181925	.2437974	.4380101	0
891.15	0	.3182228	.2436708	.4381064	0
890.15	0	.3182557	.2435427	.4382016	0
889.15	0	.3182913	.2434131	.4382956	0
888.15	0	.3183294	.243282	.4383885	0
887.15	0	.3183701	.2431496	.4384803	0
886.15	0	.3184133	.2430158	.4385709	0
885.15	0	.318459	.2428807	.4386603	0
884.15	0	.318507	.2427445	.4387485	0
883.15	0	.3185574	.2426071	.4388355	0
882.15	0	.31861	.2424687	.4389213	0
881.15	0	.3186649	.2423293	.4390057	0
880.15	0	.318722	.2421891	.4390889	0
879.15	0	.3187811	.2420481	.4391708	0
878.15	0	.3188423	.2419063	.4392513	0
877.15	0	.3189055	.2417639	.4393306	0
876.15	0	.3189706	.241621	.4394084	0
875.15	0	.3190375	.2414777	.4394848	0
874.15	0	.3191062	.241334	.4395598	0
873.15	0	.3191766	.2411901	.4396334	0
872.15	0	.3192485	.241046	.4397054	0
871.15	0	.319322	.240902	.439776	0
870.15	0	.3193969	.240758	.439845	0
869.15	0	.3194732	.2406143	.4399125	0
868.15	0	.3195507	.240471	.4399784	0
867.15	0	.3196293	.2403281	.4400426	0
866.15	0	.319709	.2401859	.4401052	0
865.15	0	.3197896	.2400444	.440166	0
864.15	0	.319871	.2399038	.4402252	0
863.15	0	.3199531	.2397643	.4402825	0
862.15	0	.3200359	.2396261	.4403381	0
861.15	0	.320119	.2394893	.4403917	0
860.15	0	.3202025	.239354	.4404435	0
859.15	0	.3202862	.2392206	.4404933	0
858.15	0	.3203698	.239089	.4405411	0
857.15	0	.3204534	.2389597	.4405869	0
856.15	0	.3205367	.2388328	.4406305	0
855.15	0	.3206195	.2387086	.440672	0
854.15	0	.3207016	.2385872	.4407112	0
853.15	0	.320783	.2384689	.4407482	0
852.15	0	.3208632	.2383541	.4407827	0
851.15	0	.3209423	.2382429	.4408149	0
850.15	0	.3210198	.2381357	.4408445	0
849.15	0	.3210956	.2380329	.4408715	0
848.15	0	.3211695	.2379348	.4408958	0
847.15	0	.3212411	.2378417	.4409173	0
846.15	0	.3213101	.237754	.4409359	0
845.15	0	.3213762	.2376722	.4409515	0
844.15	0	.3214392	.2375968	.440964	0
843.15	0	.3214985	.2375282	.4409733	0
842.15	0	.3215539	.237467	.4409791	0
841.15	0	.3216048	.2374138	.4409814	0
840.15	0	.3216509	.2373691	.44098	0
839.15	0	.3216915	.2373338	.4409746	0
838.15	0	.3217262	.2373086	.4409652	0
837.15	0	.3217543	.2372943	.4409514	0
836.15	0	.3215072	.2376407	.4408521	0
835.15	0	.3212885	.2379549	.4407566	0
834.15	0	.3211095	.2382217	.4406687	0
833.15	0	.3209659	.2384468	.4405874	0
832.15	0	.3208538	.2386345	.4405117	0
831.15	0	.3207701	.238789	.440441	0
830.15	0	.3207119	.2389135	.4403746	0
829.15	0	.320677	.2390109	.4403121	0
828.15	0	.3206631	.2390838	.4402531	0
827.15	0	.3206684	.2391344	.4401972	0
826.15	0	.3206913	.2391647	.440144	0
825.15	0	.3207302	.2391764	.4400934	0
824.15	0	.3207838	.2391713	.440045	0
823.15	0	.3208508	.2391506	.4399987	0
822.15	0	.3209302	.2391156	.4399542	0
821.15	0	.321021	.2390676	.4399114	0
820.15	0	.3211221	.2390076	.4398702	0
819.15	0	.3212329	.2389366	.4398304	0
818.15	0	.3213525	.2388555	.4397919	0
817.15	0	.3214803	.2387651	.4397547	0
816.15	0	.3216154	.2386661	.4397185	0
815.15	0	.3217574	.2385593	.4396833	0
814.15	0	.3219057	.2384452	.4396491	0
813.15	0	.3220597	.2383246	.4396157	0
812.15	0	.322219	.2381978	.4395831	0
811.15	0	.3223832	.2380655	.4395513	0
810.15	0	.3225517	.2379282	.4395202	0
809.15	0	.3227242	.2377862	.4394897	0
808.15	0	.3229003	.2376399	.4394597	0
807.15	0	.3230798	.2374898	.4394304	0
806.15	0	.3232622	.2373363	.4394015	0
805.15	0	.3234473	.2371796	.4393731	0
804.15	0	.3236349	.23702	.4393452	0
803.15	0	.3238245	.2368579	.4393176	0
802.15	0	.3240161	.2366935	.4392905	0
801.15	0	.3242093	.236527	.4392637	0
800.15	0	.324404	.2363588	.4392372	0
799.15	0	.3245999	.2361891	.439211	0
798.15	0	.3247969	.2360179	.4391851	0
797.15	0	.3249948	.2358457	.4391595	0
796.15	0	.3251934	.2356724	.4391342	0
795.15	0	.3253926	.2354983	.4391091	0
794.15	0	.3255922	.2353236	.4390841	0
793.15	0	.3257921	.2351485	.4390594	0
792.15	0	.3259922	.2349729	.4390349	0
791.15	0	.3261923	.2347972	.4390105	0
790.15	0	.3263923	.2346213	.4389864	0
789.15	0	.3265922	.2344455	.4389623	0
788.15	0	.3267917	.2342698	.4389384	0
787.15	0	.326991	.2340944	.4389147	0
786.15	0	.3271897	.2339193	.438891	0
785.15	0	.3273879	.2337446	.4388675	0
784.15	0	.3275856	.2335704	.4388441	0
783.15	0	.3277825	.2333968	.4388208	0
782.15	0	.3279787	.2332238	.4387975	0
781.15	0	.3281741	.2330516	.4387744	0
780.15	0	.3283686	.2328801	.4387513	0
779.15	0	.3285622	.2327095	.4387283	0
778.15	0	.3287548	.2325398	.4387054	0
777.15	0	.3289465	.232371	.4386825	0
776.15	0	.329137	.2322033	.4386597	0
775.15	0	.3293265	.2320366	.4386369	0
774.15	0	.3295149	.231871	.4386142	0
773.15	0	.329702	.2317065	.4385915	0
772.15	0	.329888	.2315431	.4385688	0
771.15	0	.3300728	.231381	.4385462	0
770.15	0	.3302563	.2312201	.4385236	0
769.15	0	.3304385	.2310604	.4385011	0
768.15	0	.3306195	.230902	.4384785	0
767.15	0	.3307991	.2307449	.438456	0
766.15	0	.3309774	.2305891	.4384335	0
765.15	0	.3311543	.2304347	.4384111	0
764.15	0	.3313299	.2302816	.4383886	0
763.15	0	.331504	.2301299	.4383661	0
762.15	0	.3316768	.2299795	.4383437	0
761.15	0	.3318482	.2298306	.4383212	0
760.15	0	.3320182	.2296831	.4382988	0
759.15	0	.3321867	.229537	.4382763	0
758.15	0	.3323538	.2293923	.4382539	0
757.15	0	.3325195	.2292491	.4382314	0
756.15	0	.3326838	.2291073	.438209	0
755.15	0	.3328466	.2289669	.4381865	0
754.15	0	.333008	.228828	.438164	0
753.15	0	.3331679	.2286906	.4381416	0
752.15	0	.3333264	.2285546	.4381191	0
751.15	0	.3334834	.22842	.4380966	0
750.15	0	.333639	.228287	.4380741	0
749.15	0	.3337931	.2281553	.4380515	0
748.15	0	.3339458	.2280252	.438029	0
747.15	0	.3340971	.2278965	.4380065	0
746.15	0	.3342469	.2277692	.4379839	0
745.15	0	.3343953	.2276434	.4379613	0
744.15	0	.3345422	.2275191	.4379387	0
743.15	0	.3346878	.2273962	.4379161	0
742.15	0	.3348319	.2272747	.4378934	0
741.15	0	.3349746	.2271547	.4378708	0
740.15	0	.3351158	.2270361	.4378481	0
739.15	0	.335258	.2269172	.4378248	0
738.15	0	.3353963	.2268016	.4378021	0
737.15	0	.3355332	.2266874	.4377794	0
736.15	0	.3356688	.2265746	.4377566	0
735.15	0	.335803	.2264632	.4377339	0
734.15	0	.3359358	.2263531	.4377111	0
733.15	0	.3360673	.2262445	.4376882	0
732.15	0	.3361975	.2261372	.4376654	0
731.15	0	.3363263	.2260312	.4376425	0
730.15	0	.3364537	.2259267	.4376196	0
729.15	0	.3365799	.2258235	.4375967	0
728.15	0	.3367047	.2257216	.4375737	0
727.15	0	.3368283	.225621	.4375507	0
726.15	0	.3369505	.2255218	.4375277	0
725.15	0	.3370715	.2254239	.4375046	0
724.15	0	.3371911	.2253273	.4374816	0
723.15	0	.3373096	.225232	.4374584	0
722.15	0	.3374267	.225138	.4374353	0
721.15	0	.3375426	.2250452	.4374121	0
720.15	0	.3376573	.2249538	.4373889	0
719.15	0	.3377707	.2248636	.4373657	0
718.15	0	.3378829	.2247746	.4373425	0
717.15	0	.3379939	.2246869	.4373192	0
716.15	0	.3381037	.2246004	.4372959	0
715.15	0	.3382123	.2245152	.4372725	0
714.15	0	.3383197	.2244312	.4372491	0
713.15	0	.3384259	.2243483	.4372257	0
712.15	0	.338531	.2242667	.4372023	0
711.15	0	.3386349	.2241863	.4371788	0
710.15	0	.3387377	.224107	.4371553	0
709.15	0	.3388393	.2240289	.4371318	0
708.15	0	.3389398	.2239519	.4371083	0
707.15	0	.3390392	.2238761	.4370847	0
706.15	0	.3391374	.2238015	.4370611	0
705.15	0	.3392346	.223728	.4370374	0
704.15	0	.3393307	.2236556	.4370138	0
703.15	0	.3394257	.2235843	.4369901	0
702.15	0	.3395196	.2235141	.4369663	0
701.15	0	.3396125	.223445	.4369426	0
700.15	0	.3397043	.2233769	.4369188	0
699.15	0	.339795	.22331	.436895	0
698.15	0	.3398848	.2232441	.4368711	0
697.15	0	.3399735	.2231793	.4368473	0
696.15	0	.3400611	.2231155	.4368234	0
695.15	0	.3401478	.2230527	.4367995	0
694.15	0	.3402335	.222991	.4367755	0
693.15	0	.3403182	.2229303	.4367515	0
692.15	0	.3404019	.2228706	.4367275	0
691.15	0	.3404846	.2228119	.4367035	0
690.15	0	.3405664	.2227542	.4366794	0
689.15	0	.3406472	.2226974	.4366554	0
688.15	0	.3407271	.2226417	.4366312	0
687.15	0	.340806	.2225869	.4366071	0
686.15	0	.3408841	.222533	.436583	0
685.15	0	.3409611	.2224801	.4365588	0
684.15	0	.3410373	.2224281	.4365345	0
683.15	0	.3411126	.2223771	.4365103	0
682.15	0	.341187	.222327	.436486	0
681.15	0	.3412605	.2222778	.4364617	0
680.15	0	.3413331	.2222295	.4364374	0
679.15	0	.3414048	.222182	.4364131	0
678.15	0	.3414757	.2221355	.4363887	0
677.15	0	.3415458	.2220899	.4363644	0
676.15	0	.341615	.2220451	.43634	0
675.15	0	.3416833	.2220012	.4363155	0
674.15	0	.3417508	.2219581	.4362911	0
673.15	0	.3418175	.2219159	.4362666	0
672.15	0	.3418834	.2218745	.4362421	0
671.15	0	.3419485	.2218339	.4362176	0
670.15	0	.3420128	.2217942	.436193	0
669.15	0	.3420763	.2217552	.4361685	0
668.15	0	.342139	.2217171	.4361439	0
667.15	0	.3422009	.2216798	.4361193	0
666.15	0	.3422621	.2216433	.4360947	0
665.15	0	.3423225	.2216075	.43607	0
664.15	0	.3423821	.2215725	.4360454	0
663.15	0	.342441	.2215383	.4360207	0
662.15	0	.3424992	.2215049	.435996	0
661.15	0	.3425566	.2214722	.4359712	0
660.15	0	.3426133	.2214402	.4359465	0
659.15	0	.3426693	.221409	.4359217	0
658.15	0	.3427245	.2213785	.435897	0
657.15	0	.3427791	.2213487	.4358722	0
656.15	0	.3428329	.2213197	.4358474	0
655.15	0	.3428861	.2212914	.4358225	0
654.15	0	.3429386	.2212637	.4357977	0
653.15	0	.3429904	.2212368	.4357728	0
652.15	0	.3430415	.2212106	.435748	0
651.15	0	.343092	.221185	.4357231	0
650.15	0	.3431418	.2211601	.4356982	0
649.15	0	.3431909	.2211359	.4356732	0
648.15	0	.3432394	.2211123	.4356483	0
647.15	0	.3432873	.2210894	.4356233	0
646.15	0	.3433345	.2210672	.4355984	0
645.15	0	.3433811	.2210456	.4355734	0
644.15	0	.343427	.2210246	.4355484	0
643.15	0	.3434724	.2210043	.4355234	0
642.15	0	.3435171	.2209846	.4354984	0
641.15	0	.3435612	.2209655	.4354733	0
640.15	0	.3436047	.220947	.4354483	0
639.15	0	.3436477	.2209291	.4354232	0
638.15	0	.34369	.2209118	.4353981	0
637.15	0	.3437318	.2208952	.4353731	0
636.15	0	.343773	.2208791	.435348	0
635.15	0	.3438136	.2208636	.4353229	0
634.15	0	.3438536	.2208486	.4352978	0
633.15	0	.3438931	.2208343	.4352727	0
632.15	0	.343932	.2208205	.4352475	0
631.15	0	.3439704	.2208073	.4352224	0
630.15	0	.3440082	.2207946	.4351972	0
629.15	0	.3440455	.2207825	.4351721	0
628.15	0	.3440822	.2207709	.4351469	0
627.15	0	.3441184	.2207599	.4351217	0
626.15	0	.3441541	.2207493	.4350966	0
625.15	0	.3441893	.2207394	.4350714	0
624.15	0	.3442239	.2207299	.4350462	0
623.15	0	.344258	.220721	.435021	0
622.15	0	.3442917	.2207125	.4349958	0
621.15	0	.3443248	.2207046	.4349706	0
620.15	0	.3443574	.2206972	.4349454	0
619.15	0	.3443896	.2206903	.4349202	0
618.15	0	.3444212	.2206838	.434895	0
617.15	0	.3444524	.2206779	.4348697	0
616.15	0	.3444831	.2206724	.4348445	0
615.15	0	.3445133	.2206675	.4348193	0
614.15	0	.344543	.2206629	.434794	0
613.15	0	.3445723	.2206589	.4347688	0
612.15	0	.3446011	.2206553	.4347436	0
611.15	0	.3446295	.2206522	.4347183	0
610.15	0	.3446574	.2206495	.4346931	0
609.15	0	.3446848	.2206473	.4346678	0
608.15	0	.3447119	.2206455	.4346426	0
607.15	0	.3447384	.2206442	.4346174	0
606.15	0	.3447646	.2206433	.4345921	0
605.15	0	.3447903	.2206428	.4345669	0
604.15	0	.3448156	.2206428	.4345417	0
603.15	0	.3448404	.2206432	.4345164	0
602.15	0	.3448649	.220644	.4344912	0
601.15	0	.3448889	.2206452	.4344659	0
600.15	0	.3449125	.2206468	.4344407	0
599.15	0	.3449357	.2206488	.4344155	0
598.15	0	.3449585	.2206513	.4343903	0
597.15	0	.3449809	.2206541	.4343651	0
596.15	0	.3450029	.2206573	.4343398	0
595.15	0	.3450245	.2206609	.4343146	0
594.15	0	.3450457	.2206649	.4342894	0
593.15	0	.3450665	.2206693	.4342642	0
592.15	0	.3450869	.220674	.434239	0
591.15	0	.345107	.2206792	.4342139	0
590.15	0	.3451267	.2206847	.4341887	0
589.15	0	.345146	.2206905	.4341635	0
588.15	0	.3451649	.2206967	.4341383	0
587.15	0	.3451835	.2207033	.4341132	0
586.15	0	.3452017	.2207102	.434088	0
585.15	0	.3452196	.2207175	.4340629	0
584.15	0	.3452371	.2207251	.4340378	0
583.15	0	.3452543	.2207331	.4340126	0
582.15	0	.3452711	.2207414	.4339875	0
581.15	0	.3452875	.2207501	.4339624	0
580.15	0	.3453036	.220759	.4339373	0
579.15	0	.3453194	.2207683	.4339123	0
578.15	0	.3453349	.220778	.4338872	0
577.15	0	.34535	.2207879	.4338621	0
576.15	0	.3453647	.2207982	.4338371	0
575.15	0	.3453792	.2208087	.4338121	0
574.15	0	.3453933	.2208196	.433787	0
573.15	0	.3454071	.2208308	.433762	0
572.15	0	.3454206	.2208423	.433737	0
571.15	0	.3454338	.2208541	.4337121	0
570.15	0	.3454467	.2208663	.4336871	0
569.15	0	.3454592	.2208786	.4336621	0
568.15	0	.3454714	.2208913	.4336372	0
567.15	0	.3454834	.2209043	.4336123	0
566.15	0	.345495	.2209176	.4335874	0
565.15	0	.3455064	.2209311	.4335625	0
564.15	0	.3455174	.2209449	.4335377	0
563.15	0	.3455282	.220959	.4335128	0
562.15	0	.3455386	.2209734	.433488	0
561.15	0	.3455488	.220988	.4334632	0
560.15	0	.3455587	.2210029	.4334384	0
559.15	0	.3455683	.2210181	.4334136	0
558.15	0	.3455776	.2210335	.4333889	0
557.15	0	.3455867	.2210492	.4333641	0
556.15	0	.3455955	.2210651	.4333394	0
555.15	0	.345604	.2210813	.4333147	0
554.15	0	.3456122	.2210977	.4332901	0
553.15	0	.3456202	.2211144	.4332654	0
552.15	0	.3456279	.2211314	.4332408	0
551.15	0	.3456353	.2211485	.4332162	0
550.15	0	.3456425	.2211659	.4331916	0
549.15	0	.3456494	.2211835	.433167	0
548.15	0	.3456561	.2212014	.4331425	0
547.15	0	.3456625	.2212195	.433118	0
546.15	0	.3456687	.2212378	.4330935	0
545.15	0	.3456746	.2212564	.433069	0
544.15	0	.3456803	.2212751	.4330446	0
543.15	0	.3456857	.2212941	.4330202	0
542.15	0	.3456909	.2213133	.4329958	0
541.15	0	.3456959	.2213327	.4329714	0
540.15	0	.3457006	.2213523	.4329471	0
539.15	0	.3457051	.2213722	.4329228	0
538.15	0	.3457093	.2213922	.4328985	0
537.15	0	.3457133	.2214124	.4328743	0
536.15	0	.3457171	.2214329	.43285	0
535.15	0	.3457207	.2214535	.4328259	0
534.15	0	.345724	.2214743	.4328017	0
533.15	0	.3457271	.2214953	.4327776	0
532.15	0	.34573	.2215165	.4327535	0
531.15	0	.3457327	.2215379	.4327294	0
530.15	0	.3457351	.2215595	.4327053	0
529.15	0	.3457374	.2215813	.4326813	0
528.15	0	.3457394	.2216032	.4326574	0
527.15	0	.3457412	.2216254	.4326334	0
526.15	0	.3457428	.2216477	.4326095	0
525.15	0	.3457443	.2216701	.4325856	0
524.15	0	.3457455	.2216928	.4325618	0
523.15	0	.3457465	.2217156	.432538	0
522.15	0	.3457473	.2217386	.4325142	0
521.15	0	.3457479	.2217617	.4324904	0
520.15	0	.3457483	.221785	.4324667	0
519.15	0	.3457485	.2218085	.432443	0
518.15	0	.3457485	.2218321	.4324194	0
517.15	0	.3457483	.2218559	.4323958	0
516.15	0	.345748	.2218798	.4323722	0
515.15	0	.3457474	.2219039	.4323487	0
514.15	0	.3457466	.2219281	.4323252	0
513.15	0	.3457457	.2219525	.4323017	0
512.15	0	.3457446	.2219771	.4322783	0
511.15	0	.3457433	.2220017	.432255	0
510.15	0	.3457419	.2220265	.4322316	0
509.15	0	.3457402	.2220515	.4322083	0
508.15	0	.3457384	.2220766	.4321851	0
507.15	0	.3457364	.2221018	.4321618	0
506.15	0	.3457342	.2221271	.4321387	0
505.15	0	.3457319	.2221526	.4321155	0
504.15	0	.3457294	.2221782	.4320924	0
503.15	0	.3457267	.222204	.4320694	0
502.15	0	.3457238	.2222298	.4320463	0
501.15	0	.3457208	.2222558	.4320234	0
500.15	0	.3457176	.2222819	.4320004	0
499.15	0	.3457143	.2223082	.4319776	0
498.15	0	.3457108	.2223345	.4319547	0
497.15	0	.3457071	.222361	.4319319	0
496.15	0	.3457033	.2223876	.4319092	0
496.0592	0	.345703	.22239	.4319071	0
496.0592	0	.345703	.22239	.4319071	0
496.0592	0	.345703	.22239	.4319071	0
495.15	0	.3458779	.2220062	.4316733	4.424958E-04
494.15	0	.3460692	.2215859	.4314169	9.279879E-04
493.15	0	.3462593	.2211673	.4311611	.00141226
492.15	0	.3464482	.2207505	.430906	.001895322
491.15	0	.3466359	.2203354	.4306515	.002377185
490.15	0	.3468227	.2199219	.4303975	.002857903
489.15	0	.3470081	.2195102	.4301443	.003337402
488.15	0	.3471925	.2191001	.4298917	.003815735
487.15	0	.3473757	.2186917	.4296397	.004292911
486.15	0	.3475579	.2182849	.4293883	.004768941
485.15	0	.3477389	.2178796	.4291376	.005243836
484.15	0	.3479189	.217476	.4288875	.005717605
483.15	0	.3480979	.2170739	.4286379	.006190259
482.15	0	.3482758	.2166734	.428389	.006661807
481.15	0	.3484527	.2162744	.4281406	.00713226
480.15	0	.3486286	.2158769	.4278929	.007601627
479.15	0	.3488035	.2154808	.4276457	.008069918
478.15	0	.3489775	.2150863	.4273991	.008537142
477.15	0	.3491504	.2146932	.4271531	.009003309
476.15	0	.3493224	.2143015	.4269076	.009468428
475.15	0	.3494934	.2139113	.4266628	.009932509
474.15	0	.3496636	.2135224	.4264184	.01039556
473.15	0	.3498328	.213135	.4261747	.01085759
472.15	0	.3500011	.2127489	.4259314	.01131861
471.15	0	.3501685	.2123642	.4256888	.01177863
470.15	0	.350335	.2119807	.4254466	.01223766
469.15	0	.3505006	.2115987	.4252051	.01269569
468.15	0	.3506654	.2112179	.424964	.01315276
467.15	0	.3508293	.2108384	.4247235	.01360886
466.15	0	.3509924	.2104601	.4244835	.014064
465.15	0	.3511546	.2100832	.424244	.01451818
464.15	0	.3513161	.2097075	.424005	.01497143
463.15	0	.3514767	.2093329	.4237666	.01542374
462.15	0	.3516366	.2089597	.4235287	.01587513
461.15	0	.3517956	.2085876	.4232912	.0163256
460.15	0	.3519539	.2082166	.4230543	.01677516
459.15	0	.3521114	.2078469	.4228179	.01722382
458.15	0	.3522682	.2074783	.422582	.01767159
457.15	0	.3524242	.2071108	.4223465	.01811847
456.15	0	.3525795	.2067445	.4221116	.01856447
455.15	0	.352734	.2063793	.4218771	.0190096
454.15	0	.3528879	.2060152	.4216431	.01945387
453.15	0	.353041	.2056521	.4214096	.01989729
452.15	0	.3531934	.2052901	.4211766	.02033986
451.15	0	.3533452	.2049292	.420944	.02078159
450.15	0	.3534963	.2045693	.4207119	.02122248
