T	 BPW(LIQUID)	BPW(BCC_A2)	BPW(FCC_A1)	BPW(LAVES_PHASE_C14)	BPW(NI3TI)
1473.15	0	1	0	0	0
1472.15	0	1	0	0	0
1471.15	0	1	0	0	0
1470.15	0	1	0	0	0
1469.15	0	1	0	0	0
1468.15	0	1	0	0	0
1467.15	0	1	0	0	0
1466.15	0	1	0	0	0
1465.15	0	1	0	0	0
1464.15	0	1	0	0	0
1463.15	0	1	0	0	0
1462.15	0	1	0	0	0
1461.15	0	1	0	0	0
1460.15	0	1	0	0	0
1459.15	0	1	0	0	0
1458.15	0	1	0	0	0
1457.15	0	1	0	0	0
1456.15	0	1	0	0	0
1455.15	0	1	0	0	0
1454.15	0	1	0	0	0
1453.15	0	1	0	0	0
1452.15	0	1	0	0	0
1451.15	0	1	0	0	0
1450.15	0	1	0	0	0
1449.15	0	1	0	0	0
1448.15	0	1	0	0	0
1447.15	0	1	0	0	0
1446.15	0	1	0	0	0
1445.15	0	1	0	0	0
1444.15	0	1	0	0	0
1443.15	0	1	0	0	0
1442.15	0	1	0	0	0
1441.15	0	1	0	0	0
1440.15	0	1	0	0	0
1439.15	0	1	0	0	0
1438.15	0	1	0	0	0
1437.15	0	1	0	0	0
1436.15	0	1	0	0	0
1435.15	0	1	0	0	0
1434.15	0	1	0	0	0
1433.15	0	1	0	0	0
1432.15	0	1	0	0	0
1431.15	0	1	0	0	0
1430.15	0	1	0	0	0
1429.15	0	1	0	0	0
1428.15	0	1	0	0	0
1427.15	0	1	0	0	0
1426.15	0	1	0	0	0
1425.15	0	1	0	0	0
1424.15	0	1	0	0	0
1423.15	0	1	0	0	0
1422.15	0	1	0	0	0
1421.15	0	1	0	0	0
1420.15	0	1	0	0	0
1419.15	0	1	0	0	0
1418.15	0	1	0	0	0
1417.15	0	1	0	0	0
1416.15	0	1	0	0	0
1415.15	0	1	0	0	0
1414.15	0	1	0	0	0
1413.15	0	1	0	0	0
1412.15	0	1	0	0	0
1411.15	0	1	0	0	0
1410.15	0	1	0	0	0
1409.15	0	1	0	0	0
1408.15	0	1	0	0	0
1407.15	0	1	0	0	0
1406.15	0	1	0	0	0
1405.15	0	1	0	0	0
1404.15	0	1	0	0	0
1403.15	0	1	0	0	0
1402.15	0	1	0	0	0
1401.15	0	1	0	0	0
1400.15	0	1	0	0	0
1399.15	0	1	0	0	0
1398.15	0	1	0	0	0
1397.15	0	1	0	0	0
1396.15	0	1	0	0	0
1395.15	0	1	0	0	0
1394.15	0	1	0	0	0
1393.15	0	1	0	0	0
1392.15	0	1	0	0	0
1391.15	0	1	0	0	0
1390.15	0	1	0	0	0
1389.15	0	1	0	0	0
1388.15	0	1	0	0	0
1387.15	0	1	0	0	0
1386.15	0	1	0	0	0
1385.15	0	1	0	0	0
1384.15	0	1	0	0	0
1383.15	0	1	0	0	0
1382.15	0	1	0	0	0
1381.15	0	1	0	0	0
1380.15	0	1	0	0	0
1379.15	0	1	0	0	0
1378.15	0	1	0	0	0
1377.15	0	1	0	0	0
1376.15	0	1	0	0	0
1375.15	0	1	0	0	0
1374.15	0	1	0	0	0
1373.15	0	1	0	0	0
1372.15	0	1	0	0	0
1371.15	0	1	0	0	0
1370.15	0	1	0	0	0
1369.15	0	1	0	0	0
1368.15	0	1	0	0	0
1367.15	0	1	0	0	0
1366.15	0	1	0	0	0
1365.15	0	1	0	0	0
1364.15	0	1	0	0	0
1363.15	0	1	0	0	0
1362.15	0	1	0	0	0
1361.15	0	1	0	0	0
1360.15	0	1	0	0	0
1359.15	0	1	0	0	0
1358.15	0	1	0	0	0
1357.15	0	1	0	0	0
1356.15	0	1	0	0	0
1355.15	0	1	0	0	0
1354.15	0	1	0	0	0
1353.15	0	1	0	0	0
1352.15	0	1	0	0	0
1351.15	0	1	0	0	0
1350.15	0	1	0	0	0
1349.15	0	1	0	0	0
1348.15	0	1	0	0	0
1347.15	0	1	0	0	0
1346.15	0	1	0	0	0
1345.15	0	1	0	0	0
1344.15	0	1	0	0	0
1343.15	0	1	0	0	0
1342.15	0	1	0	0	0
1341.15	0	1	0	0	0
1340.15	0	1	0	0	0
1339.15	0	1	0	0	0
1338.15	0	1	0	0	0
1337.15	0	1	0	0	0
1336.15	0	1	0	0	0
1335.15	0	1	0	0	0
1334.15	0	1	0	0	0
1333.15	0	1	0	0	0
1332.15	0	1	0	0	0
1331.15	0	1	0	0	0
1330.15	0	1	0	0	0
1329.15	0	1	0	0	0
1328.15	0	1	0	0	0
1327.15	0	1	0	0	0
1326.15	0	1	0	0	0
1325.15	0	1	0	0	0
1324.15	0	1	0	0	0
1323.15	0	1	0	0	0
1322.15	0	1	0	0	0
1321.15	0	1	0	0	0
1320.15	0	1	0	0	0
1319.15	0	1	0	0	0
1318.15	0	1	0	0	0
1317.15	0	1	0	0	0
1316.15	0	1	0	0	0
1315.15	0	1	0	0	0
1314.15	0	1	0	0	0
1313.15	0	1	0	0	0
1312.15	0	1	0	0	0
1311.15	0	1	0	0	0
1310.15	0	1	0	0	0
1309.15	0	1	0	0	0
1308.15	0	1	0	0	0
1307.15	0	1	0	0	0
1306.15	0	1	0	0	0
1305.15	0	1	0	0	0
1304.15	0	1	0	0	0
1303.15	0	1	0	0	0
1302.15	0	1	0	0	0
1301.15	0	1	0	0	0
1300.15	0	1	0	0	0
1299.15	0	1	0	0	0
1298.15	0	1	0	0	0
1297.15	0	1	0	0	0
1296.15	0	1	0	0	0
1295.15	0	1	0	0	0
1294.15	0	1	0	0	0
1293.15	0	1	0	0	0
1292.15	0	1	0	0	0
1291.15	0	1	0	0	0
1290.15	0	1	0	0	0
1289.15	0	1	0	0	0
1288.15	0	1	0	0	0
1287.15	0	1	0	0	0
1286.15	0	1	0	0	0
1285.15	0	1	0	0	0
1284.15	0	1	0	0	0
1283.15	0	1	0	0	0
1282.15	0	1	0	0	0
1281.15	0	1	0	0	0
1280.15	0	1	0	0	0
1279.15	0	1	0	0	0
1278.15	0	1	0	0	0
1277.15	0	1	0	0	0
1276.15	0	1	0	0	0
1275.15	0	1	0	0	0
1274.15	0	1	0	0	0
1273.15	0	1	0	0	0
1272.15	0	1	0	0	0
1271.15	0	1	0	0	0
1270.15	0	1	0	0	0
1269.15	0	1	0	0	0
1268.15	0	1	0	0	0
1267.15	0	1	0	0	0
1266.15	0	1	0	0	0
1265.15	0	1	0	0	0
1264.15	0	1	0	0	0
1263.15	0	1	0	0	0
1262.15	0	1	0	0	0
1261.15	0	1	0	0	0
1260.15	0	1	0	0	0
1259.15	0	1	0	0	0
1258.15	0	1	0	0	0
1257.15	0	1	0	0	0
1256.15	0	1	0	0	0
1255.15	0	1	0	0	0
1254.15	0	1	0	0	0
1253.15	0	1	0	0	0
1252.15	0	1	0	0	0
1251.15	0	1	0	0	0
1250.15	0	1	0	0	0
1249.15	0	1	0	0	0
1248.15	0	1	0	0	0
1247.15	0	1	0	0	0
1246.15	0	1	0	0	0
1245.15	0	1	0	0	0
1244.15	0	1	0	0	0
1243.15	0	1	0	0	0
1242.15	0	1	0	0	0
1241.15	0	1	0	0	0
1240.15	0	1	0	0	0
1239.15	0	1	0	0	0
1238.15	0	1	0	0	0
1237.15	0	1	0	0	0
1236.15	0	1	0	0	0
1235.15	0	1	0	0	0
1234.15	0	1	0	0	0
1233.15	0	1	0	0	0
1232.15	0	1	0	0	0
1231.15	0	1	0	0	0
1230.15	0	1	0	0	0
1229.15	0	1	0	0	0
1228.15	0	1	0	0	0
1227.15	0	1	0	0	0
1226.15	0	1	0	0	0
1225.15	0	1	0	0	0
1224.15	0	1	0	0	0
1223.15	0	1	0	0	0
1222.15	0	1	0	0	0
1221.15	0	1	0	0	0
1220.15	0	1	0	0	0
1219.15	0	1	0	0	0
1218.15	0	1	0	0	0
1217.15	0	1	0	0	0
1216.15	0	1	0	0	0
1215.15	0	1	0	0	0
1214.15	0	1	0	0	0
1213.15	0	1	0	0	0
1212.15	0	1	0	0	0
1211.15	0	1	0	0	0
1210.15	0	1	0	0	0
1209.15	0	1	0	0	0
1208.15	0	1	0	0	0
1207.15	0	1	0	0	0
1206.15	0	1	0	0	0
1205.15	0	1	0	0	0
1204.15	0	1	0	0	0
1203.15	0	1	0	0	0
1202.15	0	1	0	0	0
1201.15	0	1	0	0	0
1200.15	0	1	0	0	0
1199.15	0	1	0	0	0
1198.15	0	1	0	0	0
1197.15	0	1	0	0	0
1196.15	0	1	0	0	0
1195.15	0	1	0	0	0
1194.15	0	1	0	0	0
1193.15	0	1	0	0	0
1192.15	0	1	0	0	0
1191.15	0	1	0	0	0
1190.15	0	1	0	0	0
1189.15	0	1	0	0	0
1188.15	0	1	0	0	0
1187.15	0	1	0	0	0
1186.15	0	1	0	0	0
1185.15	0	1	0	0	0
1184.15	0	1	0	0	0
1183.15	0	1	0	0	0
1182.15	0	1	0	0	0
1181.15	0	1	0	0	0
1180.15	0	1	0	0	0
1179.15	0	1	0	0	0
1178.15	0	1	0	0	0
1177.15	0	1	0	0	0
1176.15	0	1	0	0	0
1175.15	0	1	0	0	0
1174.15	0	1	0	0	0
1173.15	0	1	0	0	0
1172.15	0	1	0	0	0
1171.15	0	1	0	0	0
1170.15	0	1	0	0	0
1169.15	0	1	0	0	0
1168.15	0	1	0	0	0
1167.15	0	1	0	0	0
1166.15	0	1	0	0	0
1165.15	0	1	0	0	0
1164.15	0	1	0	0	0
1163.15	0	1	0	0	0
1162.15	0	1	0	0	0
1161.15	0	1	0	0	0
1160.15	0	1	0	0	0
1159.15	0	1	0	0	0
1158.15	0	1	0	0	0
1157.15	0	1	0	0	0
1156.15	0	1	0	0	0
1155.15	0	1	0	0	0
1154.15	0	1	0	0	0
1153.15	0	1	0	0	0
1152.15	0	1	0	0	0
1151.15	0	1	0	0	0
1150.15	0	1	0	0	0
1149.15	0	1	0	0	0
1148.15	0	1	0	0	0
1147.15	0	1	0	0	0
1146.15	0	1	0	0	0
1145.15	0	1	0	0	0
1144.15	0	1	0	0	0
1143.15	0	1	0	0	0
1142.15	0	1	0	0	0
1141.15	0	1	0	0	0
1140.15	0	1	0	0	0
1139.15	0	1	0	0	0
1138.15	0	1	0	0	0
1137.15	0	1	0	0	0
1136.15	0	1	0	0	0
1135.15	0	1	0	0	0
1134.15	0	1	0	0	0
1133.15	0	1	0	0	0
1132.15	0	1	0	0	0
1131.15	0	1	0	0	0
1130.15	0	1	0	0	0
1129.15	0	1	0	0	0
1128.15	0	1	0	0	0
1127.15	0	1	0	0	0
1126.15	0	1	0	0	0
1125.15	0	1	0	0	0
1124.15	0	1	0	0	0
1123.15	0	1	0	0	0
1122.15	0	1	0	0	0
1121.15	0	1	0	0	0
1120.15	0	1	0	0	0
1119.15	0	1	0	0	0
1118.15	0	1	0	0	0
1117.15	0	1	0	0	0
1116.15	0	1	0	0	0
1115.15	0	1	0	0	0
1114.15	0	1	0	0	0
1113.15	0	1	0	0	0
1112.15	0	1	0	0	0
1111.15	0	1	0	0	0
1110.15	0	1	0	0	0
1109.15	0	1	0	0	0
1108.15	0	1	0	0	0
1107.15	0	1	0	0	0
1106.15	0	1	0	0	0
1105.15	0	1	0	0	0
1104.15	0	1	0	0	0
1103.15	0	1	0	0	0
1102.15	0	1	0	0	0
1101.15	0	1	0	0	0
1100.15	0	1	0	0	0
1099.15	0	1	0	0	0
1098.15	0	1	0	0	0
1097.15	0	1	0	0	0
1096.15	0	1	0	0	0
1095.15	0	1	0	0	0
1094.15	0	1	0	0	0
1093.15	0	1	0	0	0
1092.15	0	1	0	0	0
1091.15	0	1	0	0	0
1090.15	0	1	0	0	0
1089.15	0	1	0	0	0
1088.15	0	1	0	0	0
1087.15	0	1	0	0	0
1086.15	0	1	0	0	0
1085.15	0	1	0	0	0
1084.15	0	1	0	0	0
1083.15	0	1	0	0	0
1082.15	0	1	0	0	0
1081.15	0	1	0	0	0
1080.15	0	1	0	0	0
1079.15	0	1	0	0	0
1078.15	0	1	0	0	0
1077.15	0	1	0	0	0
1076.15	0	1	0	0	0
1075.15	0	1	0	0	0
1074.15	0	1	0	0	0
1073.15	0	1	0	0	0
1072.15	0	1	0	0	0
1071.15	0	1	0	0	0
1070.15	0	1	0	0	0
1069.15	0	1	0	0	0
1068.15	0	1	0	0	0
1067.15	0	1	0	0	0
1066.15	0	1	0	0	0
1065.15	0	1	0	0	0
1064.15	0	1	0	0	0
1063.15	0	1	0	0	0
1062.15	0	1	0	0	0
1061.15	0	1	0	0	0
1060.15	0	1	0	0	0
1059.15	0	1	0	0	0
1058.15	0	1	0	0	0
1057.15	0	1	0	0	0
1056.15	0	1	0	0	0
1055.15	0	1	0	0	0
1054.15	0	1	0	0	0
1053.15	0	1	0	0	0
1052.15	0	1	0	0	0
1051.15	0	1	0	0	0
1050.15	0	1	0	0	0
1049.15	0	1	0	0	0
1048.15	0	1	0	0	0
1047.15	0	1	0	0	0
1046.15	0	1	0	0	0
1045.15	0	1	0	0	0
1044.15	0	1	0	0	0
1043.15	0	1	0	0	0
1042.15	0	1	0	0	0
1041.15	0	1	0	0	0
1040.15	0	1	0	0	0
1039.15	0	1	0	0	0
1038.15	0	1	0	0	0
1037.15	0	1	0	0	0
1036.15	0	1	0	0	0
1035.87	0	1	0	0	0
1035.87	0	1	0	0	0
1035.87	0	1	0	0	0
1035.15	0	.9992064	7.936044E-04	0	0
1034.15	0	.9981076	.001892427	0	0
1033.15	0	.9970124	.002987638	0	0
1032.15	0	.9959208	.004079233	0	0
1031.15	0	.9948328	.005167207	0	0
1030.15	0	.9937485	.006251553	0	0
1029.15	0	.9926677	.007332267	0	0
1028.15	0	.9915907	.008409342	0	0
1027.15	0	.9905172	.009482774	0	0
1026.15	0	.9894474	.01055256	0	0
1025.15	0	.9883813	.01161869	0	0
1024.15	0	.9873188	.01268116	0	0
1023.15	0	.98626	.01373996	0	0
1022.15	0	.9852049	.0147951	0	0
1021.15	0	.9841534	.01584656	0	0
1020.15	0	.9831057	.01689434	0	0
1019.15	0	.9820616	.01793843	0	0
1018.15	0	.9810212	.01897884	0	0
1017.15	0	.9799845	.02001555	0	0
1016.15	0	.9789514	.02104856	0	0
1015.15	0	.9779221	.02207786	0	0
1014.15	0	.9768966	.02310345	0	0
1013.15	0	.9758747	.02412534	0	0
1012.15	0	.9748565	.0251435	0	0
1011.15	0	.9738421	.02615794	0	0
1010.15	0	.9728314	.02716865	0	0
1009.15	0	.9718244	.02817563	0	0
1008.15	0	.9708211	.02917887	0	0
1007.15	0	.9698216	.03017837	0	0
1006.15	0	.9688259	.03117412	0	0
1005.15	0	.9678339	.03216613	0	0
1004.15	0	.9668456	.03315438	0	0
1003.15	0	.9658611	.03413888	0	0
1002.15	0	.9648804	.03511962	0	0
1001.15	0	.9639034	.03609659	0	0
1000.15	0	.9629302	.0370698	0	0
999.15	0	.9619608	.03803923	0	0
998.15	0	.9609951	.03900489	0	0
997.15	0	.9600332	.03996678	0	0
996.15	0	.9590751	.04092488	0	0
995.15	0	.9581208	.04187921	0	0
994.15	0	.9571703	.04282974	0	0
993.15	0	.9562235	.0437765	0	0
992.15	0	.9552805	.04471946	0	0
991.15	0	.9543414	.04565863	0	0
990.15	0	.953406	.046594	0	0
989.15	0	.9524744	.04752558	0	0
988.15	0	.9515466	.04845337	0	0
987.15	0	.9506226	.04937736	0	0
986.15	0	.9497025	.05029754	0	0
985.15	0	.9487861	.05121393	0	0
984.15	0	.9478735	.05212652	0	0
983.15	0	.9469647	.05303531	0	0
982.15	0	.9460597	.0539403	0	0
981.15	0	.9451585	.05484149	0	0
980.15	0	.9442611	.05573888	0	0
979.15	0	.9433675	.05663247	0	0
978.15	0	.9424777	.05752227	0	0
977.15	0	.9415917	.05840827	0	0
976.15	0	.9407095	.05929047	0	0
975.15	0	.9398311	.06016888	0	0
974.15	0	.9389565	.06104351	0	0
973.15	0	.9380857	.06191434	0	0
972.15	0	.9372186	.0627814	0	0
971.15	0	.9363553	.06364467	0	0
970.15	0	.9354958	.06450417	0	0
969.15	0	.9346401	.0653599	0	0
968.15	0	.9337881	.06621186	0	0
967.15	0	.9329399	.06706006	0	0
966.15	0	.9320955	.06790451	0	0
965.15	0	.9312548	.06874521	0	0
964.15	0	.9304178	.06958216	0	0
963.15	0	.9295846	.07041539	0	0
962.15	0	.9287551	.07124488	0	0
961.15	0	.9279293	.07207066	0	0
960.15	0	.9271073	.07289273	0	0
959.15	0	.9262889	.0737111	0	0
958.15	0	.9254742	.07452578	0	0
957.15	0	.9246632	.07533679	0	0
956.15	0	.9238559	.07614413	0	0
955.15	0	.9230522	.07694782	0	0
954.15	0	.9222521	.07774786	0	0
953.15	0	.9214557	.07854429	0	0
952.15	0	.9206629	.0793371	0	0
951.15	0	.9198737	.08012631	0	0
951.0296	0	.9197789	.08022106	0	0
951.0296	0	.9197789	.08022106	0	0
951.0296	0	.9197789	.08022106	0	0
950.15	0	.918996	.08078814	2.1584E-04	0
949.15	0	.9181096	.08143033	4.600848E-04	0
948.15	0	.917227	.08206992	7.031237E-04	0
947.15	0	.9163481	.08270693	9.449501E-04	0
946.15	0	.9154731	.08334137	.001185557	0
945.15	0	.9146018	.08397329	.001424938	0
944.15	0	.9137342	.0846027	.001663086	0
943.15	0	.9128704	.08522964	.001899993	0
942.15	0	.9120102	.08585413	.002135652	0
941.15	0	.9111537	.0864762	.002370056	0
940.15	0	.9103009	.0870959	.002603195	0
939.15	0	.9094517	.08771324	.002835063	0
938.15	0	.9086061	.08832827	.003065651	0
937.15	0	.907764	.08894101	.00329495	0
936.15	0	.9069255	.08955151	.003522952	0
935.15	0	.9060906	.0901598	.003749647	0
934.15	0	.9052591	.09076592	.003975026	0
933.15	0	.904431	.09136991	.004199081	0
932.15	0	.9036064	.09197181	.0044218	0
931.15	0	.9027852	.09257166	.004643175	0
930.15	0	.9019673	.0931695	.004863195	0
929.15	0	.9011528	.09376538	.005081849	0
928.15	0	.9003415	.09435935	.005299126	0
927.15	0	.8995335	.09495146	.005515016	0
926.15	0	.8987287	.09554175	.005729508	0
925.15	0	.8979271	.09613028	.005942588	0
924.15	0	.8971287	.09671709	.006154246	0
923.15	0	.8963333	.09730225	.006364469	0
922.15	0	.895541	.09788581	.006573244	0
921.15	0	.8947516	.09846782	.006780558	0
920.15	0	.8939652	.09904836	.006986399	0
919.15	0	.8931818	.09962747	.007190752	0
918.15	0	.8924012	.1002052	.007393602	0
917.15	0	.8916234	.1007817	.007594936	0
916.15	0	.8908483	.101357	.007794739	0
915.15	0	.8900759	.1019311	.007992995	0
914.15	0	.8893062	.1025041	.008189689	0
913.15	0	.888539	.1030762	.008384803	0
912.15	0	.8877744	.1036473	.008578323	0
911.15	0	.8870122	.1042176	.008770229	0
910.15	0	.8862524	.1047871	.008960506	0
909.15	0	.8854949	.105356	.009149133	0
908.15	0	.8847396	.1059243	.009336094	0
907.15	0	.8839865	.1064921	.009521367	0
906.15	0	.8832355	.1070596	.009704935	0
905.15	0	.8824865	.1076267	.009886775	0
904.15	0	.8817394	.1081937	.01006687	0
903.15	0	.8809942	.1087606	.01024519	0
902.15	0	.8802507	.1093276	.01042172	0
901.15	0	.8795088	.1098947	.01059643	0
900.15	0	.8787685	.1104622	.01076931	0
899.15	0	.8780297	.11103	.01094032	0
898.15	0	.8772922	.1115984	.01110945	0
897.15	0	.8765559	.1121674	.01127665	0
896.15	0	.8758208	.1127373	.01144192	0
895.15	0	.8750867	.1133081	.01160521	0
894.15	0	.8743535	.11388	.0117665	0
893.15	0	.873621	.1144532	.01192576	0
892.15	0	.8728892	.1150279	.01208296	0
891.15	0	.8721578	.1156041	.01223807	0
890.15	0	.8714268	.1161821	.01239105	0
889.15	0	.870696	.1167621	.01254187	0
888.15	0	.8699653	.1173442	.0126905	0
887.15	0	.8692344	.1179287	.01283688	0
886.15	0	.8685033	.1185158	.012981	0
885.15	0	.8677716	.1191056	.0131228	0
884.15	0	.8670393	.1196984	.01326225	0
883.15	0	.8663062	.1202945	.0133993	0
882.15	0	.8655721	.120894	.0135339	0
881.15	0	.8648367	.1214973	.01366601	0
880.15	0	.8640998	.1221046	.01379559	0
879.15	0	.8633612	.1227162	.01392257	0
878.15	0	.8626207	.1233324	.01404691	0
877.15	0	.8618779	.1239535	.01416854	0
876.15	0	.8611327	.1245798	.01428742	0
875.15	0	.8603848	.1252117	.01440348	0
874.15	0	.8596339	.1258495	.01451665	0
873.15	0	.8588796	.1264936	.01462687	0
872.15	0	.8581216	.1271443	.01473407	0
871.15	0	.8573597	.1278022	.01483818	0
870.15	0	.8565934	.1284675	.01493911	0
869.15	0	.8558223	.1291409	.01503678	0
868.15	0	.8550461	.1298228	.01513111	0
867.15	0	.8542644	.1305136	.01522201	0
866.15	0	.8534457	.1312468	.01530752	0
865.15	0	.8521359	.1325049	.01535918	0
864.15	0	.8508763	.1337152	.01540854	0
863.15	0	.8496647	.1348796	.01545568	0
862.15	0	.8484992	.1360002	.01550068	0
861.15	0	.8473778	.1370786	.01554364	0
860.15	0	.8462987	.1381167	.01558462	0
859.15	0	.8452602	.1391161	.01562368	0
858.15	0	.8442607	.1400784	.0156609	0
857.15	0	.8432984	.1410052	.01569634	0
856.15	0	.842372	.141898	.01573004	0
855.15	0	.8414798	.1427581	.01576207	0
854.15	0	.8406206	.1435869	.01579247	0
853.15	0	.8397929	.1443858	.01582129	0
852.15	0	.8389956	.1451559	.01584858	0
851.15	0	.8382272	.1458984	.01587438	0
850.15	0	.8374868	.1466145	.01589872	0
849.15	0	.8367731	.1473053	.01592166	0
848.15	0	.836085	.1479718	.01594322	0
847.15	0	.8354216	.148615	.01596343	0
846.15	0	.8347818	.1492359	.01598234	0
845.15	0	.8341646	.1498354	.01599997	0
844.15	0	.8335692	.1504144	.01601636	0
843.15	0	.8329947	.1509738	.01603153	0
842.15	0	.8324401	.1515143	.01604552	0
841.15	0	.8319048	.1520368	.01605835	0
840.15	0	.831388	.152542	.01607004	0
839.15	0	.8308888	.1530306	.01608063	0
838.15	0	.8304065	.1535033	.01609014	0
837.15	0	.8299406	.1539608	.01609859	0
836.15	0	.8294903	.1544037	.016106	0
835.15	0	.829055	.1548326	.0161124	0
834.15	0	.8286341	.1552481	.01611781	0
833.15	0	.828227	.1556508	.01612225	0
832.15	0	.8278331	.1560412	.01612574	0
831.15	0	.8274519	.1564198	.01612831	0
830.15	0	.8270829	.1567871	.01612996	0
829.15	0	.8267256	.1571436	.01613073	0
828.15	0	.8263796	.1574898	.01613062	0
827.15	0	.8260443	.1578261	.01612966	0
826.15	0	.8257193	.1581529	.01612786	0
825.15	0	.8254042	.1584706	.01612525	0
824.15	0	.8250986	.1587796	.01612183	0
823.15	0	.8248021	.1590802	.01611763	0
822.15	0	.8245144	.1593729	.01611265	0
821.15	0	.8242351	.159658	.01610693	0
820.15	0	.8239638	.1599358	.01610046	0
819.15	0	.8237002	.1602066	.01609327	0
818.15	0	.8234439	.1604707	.01608537	0
817.15	0	.8231948	.1607284	.01607678	0
816.15	0	.8229525	.16098	.0160675	0
815.15	0	.8227167	.1612258	.01605755	0
814.15	0	.8224871	.1614659	.01604695	0
813.15	0	.8222636	.1617007	.01603571	0
812.15	0	.8220458	.1619304	.01602384	0
811.15	0	.8218334	.1621552	.01601135	0
810.15	0	.8216264	.1623753	.01599825	0
809.15	0	.8214244	.162591	.01598456	0
808.15	0	.8212273	.1628024	.01597029	0
807.15	0	.8210349	.1630097	.01595544	0
806.15	0	.8208469	.1632131	.01594004	0
805.15	0	.8206632	.1634127	.01592409	0
804.15	0	.8204835	.1636089	.0159076	0
803.15	0	.8203079	.1638016	.01589058	0
802.15	0	.8201359	.163991	.01587304	0
801.15	0	.8199676	.1641774	.01585499	0
800.15	0	.8198028	.1643608	.01583644	0
799.15	0	.8196412	.1645414	.0158174	0
798.15	0	.8194828	.1647193	.01579788	0
797.15	0	.8193275	.1648946	.01577788	0
796.15	0	.8191752	.1650674	.01575743	0
795.15	0	.8190256	.1652379	.01573651	0
794.15	0	.8188787	.1654062	.01571515	0
793.15	0	.8187343	.1655723	.01569335	0
792.15	0	.8185925	.1657364	.01567112	0
791.15	0	.818453	.1658986	.01564847	0
790.15	0	.8183157	.1660589	.0156254	0
789.15	0	.8181807	.1662174	.01560192	0
788.15	0	.8180477	.1663743	.01557804	0
787.15	0	.8179167	.1665296	.01555376	0
786.15	0	.8177876	.1666833	.0155291	0
785.15	0	.8176604	.1668356	.01550406	0
784.15	0	.8175349	.1669865	.01547864	0
783.15	0	.8174111	.1671361	.01545285	0
782.15	0	.8172889	.1672844	.0154267	0
781.15	0	.8171683	.1674315	.0154002	0
780.15	0	.8170492	.1675775	.01537335	0
779.15	0	.8169315	.1677224	.01534615	0
778.15	0	.8168151	.1678663	.01531861	0
777.15	0	.8167001	.1680092	.01529075	0
776.15	0	.8165863	.1681512	.01526255	0
775.15	0	.8164737	.1682922	.01523403	0
774.15	0	.8163623	.1684325	.0152052	0
773.15	0	.816252	.1685719	.01517606	0
772.15	0	.8161428	.1687106	.01514661	0
771.15	0	.8160346	.1688486	.01511686	0
770.15	0	.8159274	.1689858	.01508681	0
769.15	0	.8158211	.1691225	.01505647	0
768.15	0	.8157157	.1692585	.01502584	0
767.15	0	.8156112	.1693939	.01499493	0
766.15	0	.8155075	.1695288	.01496374	0
765.15	0	.8154046	.1696631	.01493228	0
764.15	0	.8153025	.1697969	.01490055	0
763.15	0	.8152012	.1699303	.01486855	0
762.15	0	.8151005	.1700632	.01483629	0
761.15	0	.8150005	.1701957	.01480378	0
760.15	0	.8149012	.1703278	.01477101	0
759.15	0	.8148025	.1704595	.01473799	0
758.15	0	.8147044	.1705909	.01470473	0
757.15	0	.8146069	.1707219	.01467122	0
756.15	0	.81451	.1708525	.01463748	0
755.15	0	.8144136	.1709829	.0146035	0
754.15	0	.8143177	.171113	.01456929	0
753.15	0	.8142223	.1712428	.01453485	0
752.15	0	.8141274	.1713724	.01450019	0
751.15	0	.814033	.1715017	.01446531	0
750.15	0	.813939	.1716308	.01443021	0
749.15	0	.8138454	.1717597	.0143949	0
748.15	0	.8137523	.1718884	.01435937	0
747.15	0	.8136595	.1720168	.01432364	0
746.15	0	.8135672	.1721451	.0142877	0
745.15	0	.8134752	.1722733	.01425156	0
744.15	0	.8133835	.1724012	.01421522	0
743.15	0	.8132922	.1725291	.01417869	0
742.15	0	.8132013	.1726567	.01414196	0
741.15	0	.8131107	.1727843	.01410504	0
740.15	0	.8130204	.1729117	.01406794	0
739.15	0	.8129304	.173039	.01403065	0
738.15	0	.8128407	.1731662	.01399318	0
737.15	0	.8127512	.1732933	.01395552	0
736.15	0	.8126621	.1734202	.0139177	0
735.15	0	.8125732	.1735471	.01387969	0
734.15	0	.8124845	.173674	.01384152	0
733.15	0	.8123962	.1738007	.01380318	0
732.15	0	.812308	.1739273	.01376467	0
731.15	0	.8122201	.1740539	.013726	0
730.15	0	.8121324	.1741804	.01368717	0
729.15	0	.812045	.1743069	.01364818	0
728.15	0	.8119577	.1744332	.01360903	0
727.15	0	.8118707	.1745596	.01356972	0
726.15	0	.8117839	.1746859	.01353027	0
725.15	0	.8116973	.1748121	.01349066	0
724.15	0	.8116108	.1749383	.01345091	0
723.15	0	.8115246	.1750644	.01341102	0
722.15	0	.8114385	.1751905	.01337098	0
721.15	0	.8113527	.1753165	.0133308	0
720.15	0	.8112686	.1754414	.01328999	0
719.15	0	.811183	.1755675	.01324958	0
718.15	0	.8110975	.1756935	.01320902	0
717.15	0	.8110122	.1758195	.01316834	0
716.15	0	.810927	.1759455	.01312752	0
715.15	0	.810842	.1760714	.01308657	0
714.15	0	.8107572	.1761973	.01304549	0
713.15	0	.8106726	.1763231	.01300429	0
712.15	0	.8105881	.1764489	.01296297	0
711.15	0	.8105038	.1765747	.01292152	0
710.15	0	.8104196	.1767005	.01287995	0
709.15	0	.8103355	.1768262	.01283827	0
708.15	0	.8102517	.1769519	.01279647	0
707.15	0	.8101679	.1770775	.01275456	0
706.15	0	.8100843	.1772032	.01271254	0
705.15	0	.8100008	.1773288	.0126704	0
704.15	0	.8099175	.1774543	.01262816	0
703.15	0	.8098343	.1775799	.01258582	0
702.15	0	.8097513	.1777054	.01254337	0
701.15	0	.8096683	.1778309	.01250082	0
700.15	0	.8095855	.1779563	.01245816	0
699.15	0	.8095028	.1780817	.01241541	0
698.15	0	.8094203	.1782071	.01237257	0
697.15	0	.8093379	.1783325	.01232963	0
696.15	0	.8092556	.1784578	.01228659	0
695.15	0	.8091734	.1785831	.01224347	0
694.15	0	.8090914	.1787083	.01220026	0
693.15	0	.8090095	.1788336	.01215696	0
692.15	0	.8089277	.1789587	.01211357	0
691.15	0	.808846	.1790839	.0120701	0
690.15	0	.8087645	.179209	.01202655	0
689.15	0	.808683	.1793341	.01198292	0
688.15	0	.8086017	.1794591	.0119392	0
687.15	0	.8085205	.1795841	.01189542	0
686.15	0	.8084394	.179709	.01185155	0
685.15	0	.8083585	.1798339	.01180762	0
684.15	0	.8082776	.1799588	.0117636	0
683.15	0	.8081969	.1800836	.01171952	0
682.15	0	.8081163	.1802084	.01167537	0
681.15	0	.8080358	.1803331	.01163116	0
680.15	0	.8079554	.1804577	.01158687	0
679.15	0	.8078751	.1805823	.01154253	0
678.15	0	.807795	.1807069	.01149812	0
677.15	0	.807715	.1808314	.01145365	0
676.15	0	.807635	.1809559	.01140912	0
675.15	0	.8075552	.1810802	.01136453	0
674.15	0	.8074756	.1812046	.01131988	0
673.15	0	.807396	.1813288	.01127518	0
672.15	0	.8073165	.181453	.01123043	0
671.15	0	.8072372	.1815772	.01118562	0
670.15	0	.807158	.1817013	.01114077	0
669.15	0	.8070789	.1818253	.01109586	0
668.15	0	.8069999	.1819492	.01105091	0
667.15	0	.806921	.1820731	.01100591	0
666.15	0	.8068423	.1821969	.01096086	0
665.15	0	.8067636	.1823206	.01091578	0
664.15	0	.8066851	.1824442	.01087065	0
663.15	0	.8066067	.1825678	.01082548	0
662.15	0	.8065285	.1826913	.01078027	0
661.15	0	.8064503	.1828147	.01073502	0
660.15	0	.8063723	.182938	.01068974	0
659.15	0	.8062943	.1830612	.01064442	0
658.15	0	.8062165	.1831844	.01059907	0
657.15	0	.8061389	.1833075	.01055369	0
656.15	0	.8060613	.1834304	.01050827	0
655.15	0	.8059839	.1835533	.01046283	0
654.15	0	.8059066	.1836761	.01041736	0
653.15	0	.8058294	.1837988	.01037186	0
652.15	0	.8057523	.1839213	.01032634	0
651.15	0	.8056754	.1840438	.01028079	0
650.15	0	.8055986	.1841662	.01023522	0
649.15	0	.8055219	.1842885	.01018963	0
648.15	0	.8054453	.1844107	.01014401	0
647.15	0	.8053689	.1845327	.01009838	0
646.15	0	.8052926	.1846547	.01005273	0
645.15	0	.8052164	.1847765	.01000707	0
644.15	0	.8051403	.1848983	.00996139	0
643.15	0	.8050644	.1850199	.009915697	0
642.15	0	.8049886	.1851414	.009869991	0
641.15	0	.804913	.1852628	.009824274	0
640.15	0	.8048374	.185384	.009778548	0
639.15	0	.804762	.1855052	.009732812	0
638.15	0	.8046868	.1856262	.009687069	0
637.15	0	.8046116	.185747	.00964132	0
636.15	0	.8045366	.1858678	.009595567	0
635.15	0	.8044618	.1859884	.009549809	0
634.15	0	.804387	.1861089	.009504049	0
633.15	0	.8043124	.1862293	.009458288	0
632.15	0	.804238	.1863495	.009412527	0
631.15	0	.8041637	.1864696	.009366767	0
630.15	0	.8040895	.1865895	.009321009	0
629.15	0	.8040154	.1867093	.009275255	0
628.15	0	.8039415	.186829	.009229505	0
627.15	0	.8038677	.1869485	.009183762	0
626.15	0	.8037941	.1870679	.009138026	0
625.15	0	.8037206	.1871871	.009092298	0
624.15	0	.8036473	.1873062	.00904658	0
623.15	0	.803574	.1874251	.009000872	0
622.15	0	.803501	.1875438	.008955176	0
621.15	0	.8034281	.1876624	.008909494	0
620.15	0	.8033553	.1877809	.008863825	0
619.15	0	.8032827	.1878992	.008818171	0
618.15	0	.8032102	.1880173	.008772535	0
617.15	0	.8031378	.1881353	.008726916	0
616.15	0	.8030656	.188253	.008681315	0
615.15	0	.8029936	.1883707	.008635734	0
614.15	0	.8029217	.1884881	.008590175	0
613.15	0	.80285	.1886054	.008544637	0
612.15	0	.8027784	.1887225	.008499123	0
611.15	0	.8027069	.1888395	.008453633	0
610.15	0	.8026356	.1889562	.008408169	0
609.15	0	.8025645	.1890728	.008362731	0
608.15	0	.8024935	.1891892	.008317321	0
607.15	0	.8024227	.1893054	.00827194	0
606.15	0	.802352	.1894214	.008226589	0
605.15	0	.8022814	.1895373	.008181269	0
604.15	0	.8022111	.189653	.008135981	0
603.15	0	.8021409	.1897684	.008090726	0
602.15	0	.8020708	.1898837	.008045505	0
601.15	0	.8020009	.1899988	.00800032	0
600.15	0	.8019311	.1901137	.007955171	0
599.15	0	.8018615	.1902284	.007910059	0
598.15	0	.8017921	.1903429	.007864986	0
597.15	0	.8017229	.1904572	.007819953	0
596.15	0	.8016538	.1905713	.00777496	0
595.15	0	.8015848	.1906852	.00773001	0
594.15	0	.801516	.1907989	.007685102	0
593.15	0	.8014474	.1909124	.007640237	0
592.15	0	.801379	.1910256	.007595418	0
591.15	0	.8013107	.1911387	.007550645	0
590.15	0	.8012425	.1912515	.007505918	0
589.15	0	.8011746	.1913642	.00746124	0
588.15	0	.8011068	.1914766	.007416611	0
587.15	0	.8010392	.1915888	.007372031	0
586.15	0	.8009717	.1917008	.007327503	0
585.15	0	.8009044	.1918126	.007283027	0
584.15	0	.8008373	.1919241	.007238604	0
583.15	0	.8007703	.1920354	.007194235	0
582.15	0	.8007036	.1921465	.007149921	0
581.15	0	.8006369	.1922574	.007105664	0
580.15	0	.8005705	.192368	.007061463	0
579.15	0	.8005042	.1924784	.007017321	0
578.15	0	.8004381	.1925886	.006973238	0
577.15	0	.8003722	.1926986	.006929215	0
576.15	0	.8003065	.1928083	.006885254	0
575.15	0	.8002409	.1929178	.006841354	0
574.15	0	.8001755	.193027	.006797517	0
573.15	0	.8001103	.193136	.006753745	0
572.15	0	.8000452	.1932448	.006710038	0
571.15	0	.7999803	.1933533	.006666396	0
570.15	0	.7999156	.1934615	.006622822	0
569.15	0	.7998511	.1935696	.006579316	0
568.15	0	.7997868	.1936773	.006535878	0
567.15	0	.7997226	.1937849	.006492511	0
566.15	0	.7996587	.1938921	.006449214	0
565.15	0	.7995949	.1939992	.00640599	0
564.15	0	.7995313	.1941059	.006362838	0
563.15	0	.7994678	.1942124	.006319759	0
562.15	0	.7994046	.1943187	.006276755	0
561.15	0	.7993415	.1944247	.006233827	0
560.15	0	.7992786	.1945304	.006190976	0
559.15	0	.7992159	.1946359	.006148202	0
558.15	0	.7991534	.1947411	.006105506	0
557.15	0	.7990911	.194846	.00606289	0
556.15	0	.7990289	.1949507	.006020353	0
555.15	0	.798967	.1950551	.005977898	0
554.15	0	.7989052	.1951593	.005935526	0
553.15	0	.7988436	.1952632	.005893236	0
552.15	0	.7987822	.1953668	.00585103	0
551.15	0	.798721	.1954701	.005808908	0
550.15	0	.79866	.1955732	.005766873	0
549.15	0	.7985992	.1956759	.005724924	0
548.15	0	.7985385	.1957784	.005683062	0
547.15	0	.7984781	.1958806	.005641289	0
546.15	0	.7984178	.1959826	.005599606	0
545.15	0	.7983578	.1960842	.005558012	0
544.15	0	.7982979	.1961856	.005516509	0
543.15	0	.7982382	.1962867	.005475099	0
542.15	0	.7981787	.1963875	.005433781	0
541.15	0	.7981194	.196488	.005392557	0
540.15	0	.7980603	.1965883	.005351427	0
539.15	0	.7980014	.1966882	.005310393	0
538.15	0	.7979427	.1967878	.005269455	0
537.15	0	.7978842	.1968872	.005228614	0
536.15	0	.7978259	.1969863	.005187871	0
535.15	0	.7977678	.197085	.005147227	0
534.15	0	.7977098	.1971835	.005106683	0
533.15	0	.7976521	.1972816	.005066239	0
532.15	0	.7975946	.1973795	.005025896	0
531.15	0	.7975373	.1974771	.004985656	0
530.15	0	.7974801	.1975743	.004945519	0
529.15	0	.7974232	.1976713	.004905485	0
528.15	0	.7973665	.197768	.004865556	0
527.15	0	.79731	.1978643	.004825733	0
526.15	0	.7972536	.1979604	.004786016	0
525.15	0	.7971975	.1980561	.004746406	0
524.15	0	.7971416	.1981515	.004706904	0
523.15	0	.7970859	.1982466	.004667511	0
522.15	0	.7970304	.1983414	.004628228	0
521.4756	0	.796993	.1984052	.004601796	0
521.4756	0	.796993	.1984052	.004601796	0
521.4756	0	.796993	.1984052	.004601796	0
521.15	0	.7970911	.1981751	.004479355	2.544804E-04
520.15	0	.797391	.1974703	.004104082	.001034657
519.15	0	.7976891	.1967682	.003729992	.0018127
518.15	0	.7979855	.1960688	.003357074	.002588629
517.15	0	.7982803	.195372	.00298532	.003362464
516.15	0	.7985733	.1946777	.002614721	.004134225
515.15	0	.7988648	.193986	.002245267	.004903932
514.15	0	.7991546	.1932969	.001876949	.005671603
513.15	0	.7994428	.1926102	.001509759	.006437258
512.15	0	.7997295	.1919259	.001143688	.007200915
511.15	0	.8000146	.1912441	7.787277E-04	.007962594
510.15	0	.8002982	.1905646	4.148688E-04	.008722312
509.15	0	.8005803	.1898875	5.210326E-05	.009480089
509.0061	0	.8006208	.1897903	0	.009588954
509.0061	0	.8006208	.1897903	0	.009588954
508.15	0	.8006082	.1895997	0	.009792119
507.15	0	.8005931	.1893786	0	.0100283
506.15	0	.8005776	.1891591	0	.01026329
505.15	0	.8005618	.1889411	0	.0104971
504.15	0	.8005456	.1887247	0	.01072973
503.15	0	.800529	.1885098	0	.0109612
502.15	0	.8005121	.1882964	0	.01119152
501.15	0	.8004948	.1880845	0	.01142071
500.15	0	.8004771	.1878741	0	.01164878
499.15	0	.8004591	.1876651	0	.01187574
498.15	0	.8004408	.1874576	0	.0121016
497.15	0	.8004222	.1872515	0	.01232637
496.15	0	.8004032	.1870467	0	.01255007
495.15	0	.8003839	.1868434	0	.01277271
494.15	0	.8003643	.1866414	0	.0129943
493.15	0	.8003444	.1864408	0	.01321485
492.15	0	.8003242	.1862415	0	.01343437
491.15	0	.8003036	.1860435	0	.01365288
490.15	0	.8002828	.1858468	0	.01387039
489.15	0	.8002617	.1856514	0	.0140869
488.15	0	.8002404	.1854572	0	.01430243
487.15	0	.8002187	.1852643	0	.01451699
486.15	0	.8001968	.1850726	0	.01473059
485.15	0	.8001746	.1848821	0	.01494325
484.15	0	.8001522	.1846929	0	.01515497
483.15	0	.8001295	.1845047	0	.01536576
482.15	0	.8001065	.1843178	0	.01557565
481.15	0	.8000834	.184132	0	.01578462
480.15	0	.8000599	.1839474	0	.0159927
479.15	0	.8000363	.1837638	0	.01619991
478.15	0	.8000124	.1835814	0	.01640624
477.15	0	.7999883	.1834	0	.0166117
476.15	0	.799964	.1832197	0	.01681632
475.15	0	.7999394	.1830405	0	.01702009
474.15	0	.7999147	.1828623	0	.01722304
473.15	0	.7998897	.1826851	0	.01742516
472.15	0	.7998646	.1825089	0	.01762647
471.15	0	.7998393	.1823338	0	.01782699
470.15	0	.7998137	.1821596	0	.01802671
469.15	0	.799788	.1819863	0	.01822564
468.15	0	.7997621	.1818141	0	.01842381
467.15	0	.7997361	.1816427	0	.01862122
466.15	0	.7997099	.1814723	0	.01881787
465.15	0	.7996835	.1813028	0	.01901378
464.15	0	.7996569	.1811341	0	.01920895
463.15	0	.7996302	.1809664	0	.0194034
462.15	0	.7996034	.1807995	0	.01959713
461.15	0	.7995764	.1806335	0	.01979016
460.15	0	.7995492	.1804684	0	.01998235
459.15	0	.7995219	.1803041	0	.02017399
458.15	0	.7994945	.1801405	0	.02036495
457.15	0	.799467	.1799778	0	.02055523
456.15	0	.7994393	.1798158	0	.02074486
455.15	0	.7994116	.1796546	0	.02093382
454.15	0	.7993837	.1794942	0	.02112214
453.15	0	.7993557	.1793345	0	.02130983
452.15	0	.7993276	.1791756	0	.02149688
451.15	0	.7992994	.1790173	0	.02168331
450.15	0	.799271	.1788598	0	.02186913
449.15	0	.7992427	.1787029	0	.02205437
448.15	0	.7992143	.1785467	0	.02223903
447.15	0	.7991858	.1783911	0	.0224231
446.15	0	.7991573	.1782361	0	.0226066
445.15	0	.7991287	.1780817	0	.02278953
444.15	0	.7991001	.177928	0	.02297192
443.15	0	.7990715	.1777748	0	.02315376
442.15	0	.7990428	.1776222	0	.02333507
441.15	0	.7990141	.17747	0	.02351586
440.15	0	.7989854	.1773185	0	.02369614
439.15	0	.7989567	.1771674	0	.02387592
438.15	0	.7989281	.1770167	0	.02405521
437.15	0	.7988994	.1768666	0	.02423401
436.15	0	.7988708	.1767168	0	.02441233
435.15	0	.7988423	.1765675	0	.02459019
434.15	0	.7988137	.1764187	0	.0247676
433.15	0	.7987853	.1762702	0	.02494455
432.15	0	.7987569	.176122	0	.02512107
431.15	0	.7987286	.1759743	0	.02529715
430.15	0	.7987004	.1758268	0	.0254728
429.15	0	.7986722	.1756798	0	.02564804
428.15	0	.7986441	.175533	0	.02582287
427.15	0	.7986162	.1753865	0	.0259973
426.15	0	.7985883	.1752403	0	.02617133
425.15	0	.7985606	.1750944	0	.02634498
424.15	0	.798533	.1749488	0	.02651824
423.15	0	.7985055	.1748034	0	.02669112
422.15	0	.7984781	.1746583	0	.02686364
421.15	0	.7984508	.1745134	0	.02703579
420.15	0	.7984237	.1743687	0	.02720759
419.15	0	.7983968	.1742242	0	.02737904
418.15	0	.79837	.1740799	0	.02755014
417.15	0	.7983433	.1739358	0	.02772091
416.15	0	.7983168	.1737918	0	.02789134
415.15	0	.7982905	.1736481	0	.02806144
414.15	0	.7982643	.1735045	0	.02823122
413.15	0	.7982383	.173361	0	.02840068
412.15	0	.7982125	.1732177	0	.02856983
411.15	0	.7981869	.1730745	0	.02873867
410.15	0	.7981614	.1729314	0	.02890721
409.15	0	.7981361	.1727884	0	.02907545
408.15	0	.798111	.1726456	0	.0292434
407.15	0	.7980862	.1725028	0	.02941105
406.15	0	.7980615	.1723601	0	.02957842
405.15	0	.7980369	.1722176	0	.02974551
404.15	0	.7980126	.172075	0	.02991232
403.15	0	.7979885	.1719326	0	.03007885
402.15	0	.7979647	.1717902	0	.03024511
401.15	0	.797941	.1716479	0	.03041111
400.15	0	.7979175	.1715057	0	.03057685
399.15	0	.7978942	.1713635	0	.03074232
398.15	0	.7978712	.1712213	0	.03090754
397.15	0	.7978484	.1710792	0	.03107251
396.15	0	.7978257	.1709371	0	.03123722
395.15	0	.7978033	.170795	0	.03140168
394.15	0	.7977812	.1706529	0	.03156591
393.15	0	.7977592	.1705109	0	.03172989
392.15	0	.7977375	.1703689	0	.03189363
391.15	0	.797716	.1702269	0	.03205714
390.15	0	.7976947	.1700849	0	.03222041
389.15	0	.7976737	.1699429	0	.03238345
388.15	0	.7976528	.1698009	0	.03254626
387.15	0	.7976323	.1696589	0	.03270884
386.15	0	.7976119	.1695169	0	.0328712
385.15	0	.7975918	.1693749	0	.03303334
384.15	0	.7975719	.1692329	0	.03319525
383.15	0	.7975522	.1690908	0	.03335695
382.15	0	.7975328	.1689488	0	.03351843
381.15	0	.7975136	.1688067	0	.0336797
380.15	0	.7974946	.1686646	0	.03384075
379.15	0	.7974759	.1685225	0	.0340016
378.15	0	.7974574	.1683804	0	.03416223
377.15	0	.7974391	.1682382	0	.03432265
376.15	0	.7974211	.168096	0	.03448287
375.15	0	.7974033	.1679538	0	.03464288
374.15	0	.7973858	.1678116	0	.03480269
373.15	0	.7973684	.1676693	0	.0349623
372.15	0	.7973513	.167527	0	.03512171
371.15	0	.7973345	.1673846	0	.03528091
370.15	0	.7973179	.1672422	0	.03543992
369.15	0	.7973015	.1670998	0	.03559873
368.15	0	.7972853	.1669574	0	.03575734
367.15	0	.7972694	.1668149	0	.03591576
366.15	0	.7972537	.1666724	0	.03607398
365.15	0	.7972382	.1665298	0	.03623201
364.15	0	.797223	.1663872	0	.03638984
363.15	0	.797208	.1662446	0	.03654748
362.15	0	.7971932	.1661019	0	.03670493
361.15	0	.7971786	.1659592	0	.0368622
360.15	0	.7971643	.1658164	0	.03701927
359.15	0	.7971502	.1656736	0	.03717615
358.15	0	.7971363	.1655308	0	.03733284
357.15	0	.7971227	.165388	0	.03748935
356.15	0	.7971093	.1652451	0	.03764567
355.15	0	.7970961	.1651021	0	.0378018
354.15	0	.7970831	.1649592	0	.03795774
353.15	0	.7970703	.1648162	0	.0381135
352.15	0	.7970578	.1646731	0	.03826907
351.15	0	.7970455	.1645301	0	.03842446
350.15	0	.7970334	.164387	0	.03857967
349.15	0	.7970215	.1642438	0	.03873468
348.15	0	.7970098	.1641007	0	.03888952
347.15	0	.7969984	.1639575	0	.03904417
346.15	0	.7969871	.1638142	0	.03919864
345.15	0	.7969761	.163671	0	.03935292
344.15	0	.7969653	.1635277	0	.03950702
343.15	0	.7969547	.1633844	0	.03966094
342.15	0	.7969443	.163241	0	.03981468
341.15	0	.7969341	.1630977	0	.03996823
340.15	0	.7969241	.1629543	0	.0401216
339.15	0	.7969143	.1628109	0	.04027479
338.15	0	.7969047	.1626675	0	.0404278
337.15	0	.7968953	.1625241	0	.04058062
336.15	0	.7968861	.1623806	0	.04073326
335.15	0	.7968772	.1622371	0	.04088572
334.15	0	.7968684	.1620936	0	.041038
333.15	0	.7968598	.1619501	0	.04119009
332.15	0	.7968514	.1618066	0	.041342
331.15	0	.7968432	.1616631	0	.04149373
330.15	0	.7968352	.1615196	0	.04164528
329.15	0	.7968273	.161376	0	.04179665
328.15	0	.7968197	.1612325	0	.04194783
327.15	0	.7968123	.1610889	0	.04209883
326.15	0	.796805	.1609454	0	.04224965
325.15	0	.7967979	.1608018	0	.04240029
324.15	0	.796791	.1606582	0	.04255074
323.15	0	.7967843	.1605147	0	.04270101
322.15	0	.7967778	.1603711	0	.0428511
321.15	0	.7967714	.1602276	0	.04300101
320.15	0	.7967652	.160084	0	.04315073
319.15	0	.7967592	.1599405	0	.04330026
318.15	0	.7967534	.159797	0	.04344962
317.15	0	.7967477	.1596535	0	.04359879
316.15	0	.7967422	.15951	0	.04374778
315.15	0	.7967369	.1593665	0	.04389658
314.15	0	.7967318	.159223	0	.0440452
313.15	0	.7967268	.1590796	0	.04419363
312.15	0	.796722	.1589361	0	.04434188
311.15	0	.7967173	.1587927	0	.04448995
310.15	0	.7967128	.1586493	0	.04463783
309.15	0	.7967085	.158506	0	.04478552
308.15	0	.7967043	.1583626	0	.04493303
307.15	0	.7967003	.1582193	0	.04508036
306.15	0	.7966965	.1580761	0	.04522749
305.15	0	.7966928	.1579328	0	.04537445
304.15	0	.7966892	.1577896	0	.04552121
303.15	0	.7966858	.1576464	0	.04566779
302.15	0	.7966825	.1575033	0	.04581418
301.15	0	.7966795	.1573602	0	.04596039
300.15	0	.7966765	.1572171	0	.0461064
299.15	0	.7966737	.1570741	0	.04625223
298.15	0	.796671	.1569311	0	.04639788
