T	 BPW(LIQUID)	BPW(BCC_A2)	BPW(FCC_A1)	BPW(LAVES_PHASE_C14)	BPW(NI3TI)
1473.15	0	.8186953	.1813047	0	0
1472.15	0	.8164041	.1835959	0	0
1471.15	0	.8141187	.1858813	0	0
1470.15	0	.8118392	.1881608	0	0
1469.15	0	.8095654	.1904346	0	0
1468.15	0	.8072975	.1927025	0	0
1467.15	0	.8050353	.1949647	0	0
1466.15	0	.8027789	.1972211	0	0
1465.15	0	.8005283	.1994717	0	0
1464.15	0	.7982835	.2017165	0	0
1463.15	0	.7960445	.2039555	0	0
1462.15	0	.7938112	.2061888	0	0
1461.15	0	.7915836	.2084164	0	0
1460.15	0	.7893618	.2106382	0	0
1459.15	0	.7871458	.2128542	0	0
1458.15	0	.7849355	.2150645	0	0
1457.15	0	.7827309	.2172691	0	0
1456.15	0	.780532	.219468	0	0
1455.15	0	.7783389	.2216611	0	0
1454.15	0	.7761514	.2238486	0	0
1453.15	0	.7739697	.2260303	0	0
1452.15	0	.7717937	.2282063	0	0
1451.15	0	.7696233	.2303767	0	0
1450.15	0	.7674587	.2325413	0	0
1449.15	0	.7652997	.2347003	0	0
1448.15	0	.7631464	.2368536	0	0
1447.15	0	.7609988	.2390012	0	0
1446.15	0	.7588568	.2411432	0	0
1445.15	0	.7567205	.2432795	0	0
1444.15	0	.7545899	.2454101	0	0
1443.15	0	.7524649	.2475351	0	0
1442.15	0	.7503455	.2496545	0	0
1441.15	0	.7482318	.2517682	0	0
1440.15	0	.7461238	.2538762	0	0
1439.15	0	.7440213	.2559787	0	0
1438.15	0	.7419245	.2580755	0	0
1437.15	0	.7398333	.2601667	0	0
1436.15	0	.7377477	.2622523	0	0
1435.15	0	.7356678	.2643322	0	0
1434.15	0	.7335934	.2664066	0	0
1433.15	0	.7315247	.2684753	0	0
1432.15	0	.7294615	.2705385	0	0
1431.15	0	.727404	.272596	0	0
1430.15	0	.725352	.274648	0	0
1429.15	0	.7233057	.2766943	0	0
1428.15	0	.7212649	.2787351	0	0
1427.15	0	.7192297	.2807703	0	0
1426.15	0	.7172	.2828	0	0
1425.15	0	.715176	.284824	0	0
1424.15	0	.7131575	.2868425	0	0
1423.15	0	.7111446	.2888554	0	0
1422.15	0	.7091372	.2908628	0	0
1421.15	0	.7071354	.2928646	0	0
1420.15	0	.7051392	.2948608	0	0
1419.15	0	.7031485	.2968515	0	0
1418.15	0	.7011634	.2988366	0	0
1417.15	0	.6991838	.3008162	0	0
1416.15	0	.6972098	.3027902	0	0
1415.15	0	.6952413	.3047587	0	0
1414.15	0	.6932783	.3067217	0	0
1413.15	0	.6913209	.3086791	0	0
1412.15	0	.689369	.310631	0	0
1411.15	0	.6874227	.3125773	0	0
1410.15	0	.6854819	.3145182	0	0
1409.15	0	.6835466	.3164534	0	0
1408.15	0	.6816168	.3183832	0	0
1407.15	0	.6796926	.3203074	0	0
1406.15	0	.6777738	.3222262	0	0
1405.15	0	.6758607	.3241394	0	0
1404.15	0	.673953	.326047	0	0
1403.15	0	.6720508	.3279492	0	0
1402.15	0	.6701542	.3298458	0	0
1401.15	0	.668263	.331737	0	0
1400.15	0	.6663774	.3336226	0	0
1399.15	0	.6644973	.3355027	0	0
1398.15	0	.6626227	.3373773	0	0
1397.15	0	.6607536	.3392464	0	0
1396.15	0	.6588901	.3411099	0	0
1395.15	0	.657032	.342968	0	0
1394.15	0	.6551794	.3448206	0	0
1393.15	0	.6533324	.3466676	0	0
1392.15	0	.6514909	.3485092	0	0
1391.15	0	.6496548	.3503452	0	0
1390.15	0	.6478243	.3521757	0	0
1389.15	0	.6459992	.3540008	0	0
1388.15	0	.6441797	.3558203	0	0
1387.15	0	.6423657	.3576343	0	0
1386.15	0	.6405572	.3594428	0	0
1385.15	0	.6387542	.3612458	0	0
1384.15	0	.6369567	.3630434	0	0
1383.15	0	.6351647	.3648354	0	0
1382.15	0	.6333781	.3666219	0	0
1381.15	0	.6315972	.3684028	0	0
1380.15	0	.6298217	.3701783	0	0
1379.15	0	.6280517	.3719483	0	0
1378.15	0	.6262872	.3737128	0	0
1377.15	0	.6245283	.3754717	0	0
1376.15	0	.6227748	.3772252	0	0
1375.15	0	.6210269	.3789731	0	0
1374.15	0	.6192844	.3807156	0	0
1373.15	0	.6175475	.3824525	0	0
1372.15	0	.6158161	.3841839	0	0
1371.15	0	.6140903	.3859097	0	0
1370.15	0	.6123699	.3876301	0	0
1369.15	0	.6106551	.389345	0	0
1368.15	0	.6089457	.3910543	0	0
1367.15	0	.6072419	.3927581	0	0
1366.15	0	.6055437	.3944563	0	0
1365.15	0	.6038509	.3961491	0	0
1364.15	0	.6021637	.3978363	0	0
1363.15	0	.600482	.399518	0	0
1362.15	0	.5988059	.4011941	0	0
1361.15	0	.5971353	.4028647	0	0
1360.15	0	.5954702	.4045298	0	0
1359.15	0	.5938107	.4061893	0	0
1358.15	0	.5921567	.4078433	0	0
1357.15	0	.5905082	.4094918	0	0
1356.15	0	.5888654	.4111346	0	0
1355.15	0	.5872281	.412772	0	0
1354.15	0	.5855963	.4144037	0	0
1353.15	0	.5839701	.4160299	0	0
1352.15	0	.5823494	.4176506	0	0
1351.15	0	.5807344	.4192656	0	0
1350.15	0	.5791249	.4208751	0	0
1349.15	0	.5775209	.4224791	0	0
1348.15	0	.5759226	.4240774	0	0
1347.15	0	.5743298	.4256702	0	0
1346.15	0	.5727427	.4272573	0	0
1345.15	0	.5711611	.4288389	0	0
1344.15	0	.5695851	.4304149	0	0
1343.15	0	.5680147	.4319853	0	0
1342.15	0	.56645	.43355	0	0
1341.15	0	.5648908	.4351092	0	0
1340.15	0	.5633373	.4366627	0	0
1339.15	0	.5617893	.4382107	0	0
1338.15	0	.560247	.439753	0	0
1337.15	0	.5587104	.4412896	0	0
1336.15	0	.5571794	.4428207	0	0
1335.15	0	.555654	.444346	0	0
1334.15	0	.5541342	.4458658	0	0
1333.15	0	.5526201	.4473799	0	0
1332.15	0	.5511117	.4488883	0	0
1331.15	0	.5496089	.4503911	0	0
1330.15	0	.5481119	.4518881	0	0
1329.15	0	.5466205	.4533796	0	0
1328.15	0	.5451347	.4548653	0	0
1327.15	0	.5436547	.4563453	0	0
1326.15	0	.5421803	.4578197	0	0
1325.15	0	.5407117	.4592883	0	0
1324.15	0	.5392488	.4607512	0	0
1323.15	0	.5377916	.4622084	0	0
1322.15	0	.5363401	.4636599	0	0
1321.15	0	.5348943	.4651057	0	0
1320.15	0	.5334543	.4665457	0	0
1319.15	0	.53202	.46798	0	0
1318.15	0	.5305915	.4694085	0	0
1317.15	0	.5291687	.4708313	0	0
1316.15	0	.5277517	.4722483	0	0
1315.15	0	.5263405	.4736595	0	0
1314.15	0	.524935	.475065	0	0
1313.15	0	.5235354	.4764646	0	0
1312.15	0	.5221415	.4778585	0	0
1311.15	0	.5207535	.4792465	0	0
1310.15	0	.5193713	.4806287	0	0
1309.15	0	.5179949	.4820051	0	0
1308.15	0	.5166243	.4833757	0	0
1307.15	0	.5152596	.4847404	0	0
1306.15	0	.5139007	.4860993	0	0
1305.15	0	.5125477	.4874523	0	0
1304.15	0	.5112005	.4887995	0	0
1303.15	0	.5098593	.4901407	0	0
1302.15	0	.5085239	.4914761	0	0
1301.15	0	.5071944	.4928056	0	0
1300.15	0	.5058708	.4941292	0	0
1299.15	0	.5045532	.4954468	0	0
1298.15	0	.5032414	.4967586	0	0
1297.15	0	.5019356	.4980644	0	0
1296.15	0	.5006358	.4993642	0	0
1295.15	0	.4993419	.5006581	0	0
1294.15	0	.498054	.501946	0	0
1293.15	0	.4967721	.5032279	0	0
1292.15	0	.4954961	.5045039	0	0
1291.15	0	.4942262	.5057738	0	0
1290.15	0	.4929622	.5070378	0	0
1289.15	0	.4917043	.5082957	0	0
1288.15	0	.4904524	.5095476	0	0
1287.15	0	.4892066	.5107934	0	0
1286.15	0	.4879668	.5120332	0	0
1285.15	0	.4867331	.5132669	0	0
1284.15	0	.4855054	.5144946	0	0
1283.15	0	.4842839	.5157161	0	0
1282.15	0	.4830685	.5169315	0	0
1281.15	0	.4818591	.5181409	0	0
1280.15	0	.4806559	.5193441	0	0
1279.15	0	.4794589	.5205411	0	0
1278.15	0	.478268	.521732	0	0
1277.376	0	.4773505	.5226495	0	0
1277.376	0	.4773505	.5226495	0	0
1277.376	0	.4773505	.5226495	0	0
1277.15	0	.476843	.5230491	1.078567E-04	0
1276.15	0	.4746033	.5248126	5.84064E-04	0
1275.15	0	.4723722	.5265691	.001058724	0
1274.15	0	.4701496	.5283185	.001531842	0
1273.15	0	.4679357	.5300609	.002003423	0
1272.15	0	.4657304	.5317962	.002473472	0
1271.15	0	.4635336	.5335244	.002941994	0
1270.15	0	.4613456	.5352455	.003408993	0
1269.15	0	.4591661	.5369594	.003874475	0
1268.15	0	.4569954	.5386662	.004338445	0
1267.15	0	.4548333	.5403658	.004800907	0
1266.15	0	.4526799	.5420582	.005261866	0
1265.15	0	.4505352	.5437434	.005721326	0
1264.15	0	.4483993	.5454214	.006179294	0
1263.15	0	.4462721	.5470921	.006635772	0
1262.15	0	.4441536	.5487556	.007090767	0
1261.15	0	.4420439	.5504118	.007544282	0
1260.15	0	.439943	.5520606	.007996322	0
1259.15	0	.4378509	.5537022	.008446892	0
1258.15	0	.4357677	.5553363	.008895997	0
1257.15	0	.4336932	.5569631	.00934364	0
1256.15	0	.4316277	.5585825	.009789827	0
1255.15	0	.429571	.5601945	.01023456	0
1254.15	0	.4275231	.561799	.01067785	0
1253.15	0	.4254842	.5633961	.01111969	0
1252.15	0	.4234543	.5649856	.0115601	0
1251.15	0	.4214333	.5665677	.01199906	0
1250.15	0	.4194212	.5681422	.01243661	0
1249.15	0	.4174182	.5697091	.01287272	0
1248.15	0	.4154242	.5712684	.01330741	0
1247.15	0	.4134391	.5728202	.01374068	0
1246.15	0	.4114632	.5743643	.01417255	0
1245.15	0	.4094963	.5759007	.014603	0
1244.15	0	.4075386	.5774294	.01503205	0
1243.15	0	.4055899	.5789504	.01545969	0
1242.15	0	.4036504	.5804636	.01588594	0
1241.15	0	.4017201	.5819691	.0163108	0
1240.15	0	.399799	.5834668	.01673427	0
1239.15	0	.3978871	.5849566	.01715635	0
1238.15	0	.3959844	.5864386	.01757705	0
1237.15	0	.394091	.5879126	.01799638	0
1236.15	0	.3922069	.5893788	.01841433	0
1235.15	0	.3903321	.590837	.01883092	0
1234.15	0	.3884666	.5922872	.01924614	0
1233.15	0	.3866106	.5937294	.01966	0
1232.15	0	.3847639	.5951636	.0200725	0
1231.15	0	.3829266	.5965897	.02048365	0
1230.15	0	.3810988	.5980077	.02089345	0
1229.15	0	.3792805	.5994176	.02130191	0
1228.15	0	.3774717	.6008193	.02170902	0
1227.15	0	.3756724	.6022128	.0221148	0
1226.15	0	.3738827	.603598	.02251924	0
1225.15	0	.3721026	.604975	.02292235	0
1224.15	0	.3703322	.6063437	.02332413	0
1223.15	0	.3685713	.6077041	.02372459	0
1222.15	0	.3668202	.6090561	.02412373	0
1221.15	0	.3650788	.6103996	.02452155	0
1220.15	0	.3633472	.6117348	.02491806	0
1219.15	0	.3616253	.6130614	.02531326	0
1218.15	0	.3599133	.6143796	.02570716	0
1217.15	0	.3582111	.6156892	.02609975	0
1216.15	0	.3565187	.6169902	.02649105	0
1215.15	0	.3548364	.6182826	.02688104	0
1214.15	0	.3531639	.6195663	.02726975	0
1213.15	0	.3515015	.6208414	.02765717	0
1212.15	0	.3498491	.6221076	.02804331	0
1211.15	0	.3482067	.6233652	.02842816	0
1210.15	0	.3465744	.6246139	.02881173	0
1209.15	0	.3449523	.6258537	.02919403	0
1208.15	0	.3433403	.6270846	.02957506	0
1207.15	0	.3417386	.6283066	.02995482	0
1206.15	0	.340147	.6295197	.03033332	0
1205.15	0	.3385658	.6307237	.03071055	0
1204.15	0	.3369949	.6319186	.03108652	0
1203.15	0	.3354343	.6331045	.03146124	0
1202.15	0	.3338841	.6342812	.03183471	0
1201.15	0	.3323444	.6354487	.03220692	0
1200.15	0	.3308152	.6366069	.0325779	0
1199.15	0	.3292964	.6377559	.03294763	0
1198.15	0	.3277883	.6388956	.03331611	0
1197.15	0	.3262907	.6400259	.03368337	0
1196.15	0	.3248038	.6411468	.03404939	0
1195.15	0	.3233276	.6422583	.03441417	0
1194.15	0	.3218621	.6433602	.03477774	0
1193.15	0	.3204073	.6444526	.03514007	0
1192.15	0	.3189634	.6455354	.03550119	0
1191.15	0	.3175303	.6466086	.03586109	0
1190.15	0	.3161082	.6476721	.03621977	0
1189.15	0	.314697	.6487258	.03657723	0
1188.15	0	.3132968	.6497697	.0369335	0
1187.15	0	.3119076	.6508038	.03728855	0
1186.15	0	.3105295	.6518281	.0376424	0
1185.15	0	.3091626	.6528424	.03799504	0
1184.15	0	.3078068	.6538467	.0383465	0
1183.15	0	.3064623	.654841	.03869675	0
1182.15	0	.305129	.6558252	.03904581	0
1181.15	0	.3038071	.6567993	.03939369	0
1180.15	0	.3024965	.6577632	.03974037	0
1179.15	0	.3011973	.6587168	.04008588	0
1178.15	0	.2999097	.6596602	.0404302	0
1177.15	0	.2986335	.6605932	.04077334	0
1176.15	0	.2973689	.6615158	.04111531	0
1175.15	0	.2961159	.662428	.0414561	0
1174.15	0	.2948746	.6633296	.04179573	0
1173.15	0	.2936451	.6642208	.04213418	0
1172.15	0	.2924273	.6651013	.04247148	0
1171.15	0	.2912213	.6659711	.04280761	0
1170.15	0	.2900272	.6668302	.04314258	0
1169.15	0	.2888451	.6676786	.04347639	0
1168.15	0	.2876749	.6685161	.04380905	0
1167.15	0	.2865168	.6693427	.04414056	0
1166.15	0	.2853707	.6701584	.04447092	0
1165.15	0	.2842368	.6709631	.04480013	0
1164.15	0	.2831151	.6717567	.0451282	0
1163.15	0	.2820057	.6725392	.04545513	0
1162.15	0	.2809086	.6733105	.04578092	0
1161.15	0	.2798238	.6740706	.04610557	0
1160.15	0	.2787515	.6748194	.04642909	0
1159.15	0	.2776917	.6755569	.04675148	0
1158.15	0	.2766443	.6762829	.04707274	0
1157.15	0	.2756096	.6769975	.04739288	0
1156.15	0	.2745875	.6777006	.04771189	0
1155.15	0	.2735782	.678392	.04802978	0
1154.15	0	.2725815	.6790719	.04834656	0
1153.15	0	.2715977	.6797401	.04866222	0
1152.15	0	.2706268	.6803964	.04897676	0
1151.15	0	.2696689	.6810409	.04929019	0
1150.15	0	.2687239	.6816736	.04960251	0
1149.15	0	.267792	.6822942	.04991373	0
1148.15	0	.2668733	.6829029	.05022385	0
1147.15	0	.2659677	.6834995	.05053286	0
1146.15	0	.2650753	.6840839	.05084077	0
1145.15	0	.2641962	.6846562	.05114759	0
1144.15	0	.2633305	.6852162	.05145331	0
1143.15	0	.2624782	.6857638	.05175795	0
1142.15	0	.2616394	.6862991	.05206149	0
1141.15	0	.2608141	.6868219	.05236395	0
1140.15	0	.2600024	.6873323	.05266532	0
1139.15	0	.2592044	.68783	.05296561	0
1138.15	0	.2584201	.6883151	.05326482	0
1137.15	0	.2576496	.6887875	.05356296	0
1136.15	0	.2568929	.6892471	.05386001	0
1135.15	0	.2561501	.6896939	.054156	0
1134.15	0	.2554213	.6901278	.05445092	0
1133.15	0	.2547065	.6905488	.05474477	0
1132.15	0	.2540058	.6909567	.05503755	0
1131.15	0	.2533192	.6913515	.05532927	0
1130.15	0	.2526469	.6917332	.05561994	0
1129.15	0	.2519888	.6921017	.05590954	0
1128.15	0	.251345	.6924569	.05619809	0
1127.15	0	.2507157	.6927988	.05648558	0
1126.15	0	.2501008	.6931272	.05677202	0
1125.15	0	.2495004	.6934422	.05705742	0
1124.15	0	.2489146	.6937436	.05734176	0
1123.15	0	.2483434	.6940315	.05762507	0
1122.15	0	.247787	.6943057	.05790733	0
1121.15	0	.2472453	.6945662	.05818855	0
1120.15	0	.2467184	.6948129	.05846873	0
1119.15	0	.2462064	.6950457	.05874788	0
1118.15	0	.2457094	.6952647	.059026	0
1117.15	0	.2452273	.6954696	.05930309	0
1116.15	0	.2447603	.6956605	.05957915	0
1115.15	0	.2443085	.6958374	.05985419	0
1114.15	0	.2438718	.696	.0601282	0
1113.15	0	.2434504	.6961485	.06040119	0
1112.15	0	.2430442	.6962826	.06067316	0
1111.15	0	.2426534	.6964024	.06094412	0
1110.15	0	.2422781	.6965078	.06121406	0
1109.15	0	.2419182	.6965988	.061483	0
1108.15	0	.2415739	.6966752	.06175092	0
1107.15	0	.2412451	.696737	.06201784	0
1106.15	0	.240932	.6967842	.06228375	0
1105.15	0	.2406346	.6968167	.06254866	0
1104.15	0	.240353	.6968344	.06281257	0
1103.15	0	.2400872	.6968373	.06307549	0
1102.15	0	.2398372	.6968254	.06333741	0
1101.15	0	.2396032	.6967985	.06359834	0
1100.15	0	.2393852	.6967566	.06385828	0
1099.15	0	.2391831	.6966996	.06411723	0
1098.15	0	.2389972	.6966276	.06437519	0
1097.15	0	.2388274	.6965404	.06463218	0
1096.15	0	.2386738	.696438	.06488818	0
1095.15	0	.2385364	.6963204	.0651432	0
1094.15	0	.2384153	.6961874	.06539725	0
1093.15	0	.2383106	.6960391	.06565033	0
1092.15	0	.2382222	.6958753	.06590243	0
1091.15	0	.2381503	.6956961	.06615357	0
1090.15	0	.2380948	.6955014	.06640374	0
1089.15	0	.2380559	.6952911	.06665295	0
1088.15	0	.2380335	.6950653	.0669012	0
1087.15	0	.2380278	.6948237	.06714849	0
1086.15	0	.2380387	.6945665	.06739482	0
1085.15	0	.2380663	.6942935	.0676402	0
1084.15	0	.2381106	.6940047	.06788463	0
1083.15	0	.2381718	.6937001	.06812811	0
1082.15	0	.2382497	.6933797	.06837064	0
1081.15	0	.2383445	.6930433	.06861223	0
1080.15	0	.2384562	.692691	.06885288	0
1079.15	0	.2385848	.6923227	.06909258	0
1078.15	0	.2387303	.6919383	.06933136	0
1077.15	0	.2388929	.6915379	.0695692	0
1076.15	0	.2390725	.6911214	.0698061	0
1075.15	0	.2392691	.6906888	.07004208	0
1074.15	0	.2394829	.69024	.07027713	0
1073.15	0	.2397137	.689775	.07051126	0
1072.15	0	.2399617	.6892938	.07074446	0
1071.15	0	.2402268	.6887964	.07097675	0
1070.15	0	.2405092	.6882827	.07120812	0
1069.15	0	.2408088	.6877527	.07143857	0
1068.15	0	.2411255	.6872063	.07166812	0
1067.15	0	.2414596	.6866437	.07189675	0
1066.15	0	.2418109	.6860646	.07212448	0
1065.15	0	.2421795	.6854692	.0723513	0
1064.15	0	.2425654	.6848574	.07257723	0
1063.15	0	.2429686	.6842291	.07280225	0
1062.15	0	.2433892	.6835844	.07302637	0
1061.15	0	.2438271	.6829233	.0732496	0
1060.15	0	.2442823	.6822457	.07347194	0
1059.15	0	.2447549	.6815517	.07369339	0
1058.15	0	.2452449	.6808412	.07391396	0
1057.15	0	.2457522	.6801142	.07413364	0
1056.15	0	.2462768	.6793707	.07435243	0
1055.15	0	.2468189	.6786108	.07457035	0
1054.15	0	.2473783	.6778343	.07478739	0
1053.15	0	.247955	.6770414	.07500355	0
1052.15	0	.2485491	.676232	.07521884	0
1051.15	0	.2491606	.6754062	.07543326	0
1050.15	0	.2497893	.6745638	.07564682	0
1049.15	0	.2504354	.6737051	.07585951	0
1048.15	0	.2510988	.6728298	.07607133	0
1047.15	0	.2517795	.6719382	.0762823	0
1046.15	0	.2524775	.6710301	.0764924	0
1045.15	0	.2531927	.6701056	.07670165	0
1044.15	0	.2539252	.6691648	.07691005	0
1043.15	0	.2546749	.6682076	.07711759	0
1042.15	0	.2554417	.667234	.07732429	0
1041.15	0	.2562257	.6662442	.07753014	0
1040.15	0	.2570268	.6652381	.07773514	0
1039.15	0	.257845	.6642157	.0779393	0
1038.15	0	.2586803	.6631771	.07814262	0
1037.15	0	.2595326	.6621223	.0783451	0
1036.15	0	.2604019	.6610514	.07854674	0
1035.15	0	.2612881	.6599644	.07874755	0
1034.15	0	.2621912	.6588613	.07894753	0
1033.15	0	.2631112	.6577422	.07914668	0
1032.15	0	.264048	.6566071	.07934499	0
1031.15	0	.2650015	.655456	.07954249	0
1030.15	0	.2659717	.6542891	.07973915	0
1029.15	0	.2669586	.6531064	.079935	0
1028.15	0	.2679621	.6519079	.08013002	0
1027.15	0	.2689821	.6506937	.08032422	0
1026.15	0	.2700185	.6494639	.08051761	0
1025.15	0	.2710714	.6482184	.08071018	0
1024.15	0	.2721407	.6469574	.08090193	0
1023.15	0	.2732262	.645681	.08109288	0
1022.15	0	.2743279	.6443891	.08128301	0
1021.15	0	.2754457	.6430819	.08147233	0
1020.15	0	.2765796	.6417595	.08166084	0
1019.15	0	.2777295	.6404219	.08184854	0
1018.15	0	.2788953	.6390693	.08203544	0
1017.15	0	.2800769	.6377016	.08222153	0
1016.15	0	.2812743	.6363189	.08240682	0
1015.15	0	.2824873	.6349214	.08259131	0
1014.15	0	.2837158	.6335092	.08277499	0
1013.15	0	.2849599	.6320823	.08295788	0
1012.15	0	.2862193	.6306408	.08313996	0
1011.15	0	.2874939	.6291848	.08332125	0
1010.15	0	.2887838	.6277144	.08350173	0
1009.15	0	.2900888	.6262298	.08368142	0
1008.15	0	.2914087	.624731	.08386031	0
1007.15	0	.2927436	.623218	.0840384	0
1006.15	0	.2940932	.6216911	.08421569	0
1005.15	0	.2954575	.6201504	.08439219	0
1004.15	0	.2968363	.6185958	.08456789	0
1003.15	0	.2982296	.6170276	.0847428	0
1002.15	0	.2996372	.6154459	.08491691	0
1001.15	0	.301059	.6138508	.08509021	0
1000.15	0	.3024949	.6122424	.08526273	0
999.15	0	.3039448	.6106208	.08543444	0
998.15	0	.3054085	.6089861	.08560536	0
997.15	0	.306886	.6073385	.08577547	0
996.15	0	.3083771	.6056782	.08594479	0
995.15	0	.3098816	.6040051	.0861133	0
994.15	0	.3113995	.6023195	.08628102	0
993.15	0	.3129305	.6006216	.08644792	0
992.15	0	.3144747	.5989113	.08661403	0
991.15	0	.3160317	.5971889	.08677932	0
990.15	0	.3176016	.5954546	.08694381	0
989.15	0	.3191841	.5937084	.08710749	0
988.15	0	.3207792	.5919505	.08727035	0
987.15	0	.3223866	.590181	.0874324	0
986.15	0	.3240062	.5884002	.08759363	0
985.15	0	.3256379	.5866081	.08775405	0
984.15	0	.3272815	.5848048	.08791364	0
983.15	0	.3289369	.5829907	.0880724	0
982.15	0	.3306039	.5811657	.08823034	0
981.15	0	.3322824	.5793301	.08838744	0
980.15	0	.3339722	.5774841	.08854371	0
979.15	0	.3356731	.5756277	.08869914	0
978.15	0	.3373851	.5737612	.08885372	0
977.15	0	.3391078	.5718847	.08900746	0
976.15	0	.3408412	.5699984	.08916034	0
975.15	0	.3425852	.5681025	.08931237	0
974.15	0	.3443394	.566197	.08946353	0
973.15	0	.3461038	.5642823	.08961383	0
972.15	0	.3478783	.5623585	.08976326	0
971.15	0	.3496625	.5604257	.0899118	0
970.15	0	.3514564	.5584841	.09005946	0
969.15	0	.3532598	.5565339	.09020623	0
968.15	0	.3550725	.5545754	.0903521	0
967.15	0	.3568944	.5526086	.09049706	0
966.15	0	.3587251	.5506338	.09064111	0
965.15	0	.3605647	.5486511	.09078424	0
964.15	0	.3624128	.5466607	.09092645	0
963.15	0	.3642694	.5446629	.09106771	0
962.15	0	.3661342	.5426578	.09120803	0
961.15	0	.368007	.5406456	.0913474	0
960.15	0	.3698877	.5386265	.0914858	0
959.15	0	.371776	.5366008	.09162322	0
958.15	0	.3736718	.5345685	.09175966	0
957.15	0	.3755749	.53253	.09189511	0
956.15	0	.3774851	.5304853	.09202954	0
955.15	0	.3794022	.5284348	.09216296	0
954.15	0	.3813104	.5263933	.09229631	0
953.15	0	.3830786	.5244836	.09243783	0
952.15	0	.3848786	.5225444	.09257701	0
951.15	0	.3867088	.5205773	.09271388	0
950.15	0	.3885676	.5185839	.09284849	0
949.15	0	.3904536	.5165655	.09298088	0
948.15	0	.3923654	.5145236	.09311108	0
947.15	0	.3943014	.5124595	.09323913	0
946.15	0	.3962604	.5103746	.09336506	0
945.15	0	.398241	.5082701	.09348891	0
944.15	0	.4002421	.5061473	.09361069	0
943.15	0	.4022623	.5040073	.09373045	0
942.15	0	.4043005	.5018513	.09384819	0
941.15	0	.4063556	.4996804	.09396395	0
940.15	0	.4084265	.4974957	.09407775	0
939.15	0	.4105121	.4952983	.09418961	0
938.15	0	.4126114	.4930891	.09429955	0
937.15	0	.4147233	.4908691	.09440759	0
936.15	0	.416847	.4886392	.09451374	0
935.15	0	.4189815	.4864005	.09461802	0
934.15	0	.4211259	.4841537	.09472045	0
933.15	0	.4232793	.4818997	.09482104	0
932.15	0	.4254409	.4796393	.09491981	0
931.15	0	.4276099	.4773733	.09501676	0
930.15	0	.4297855	.4751026	.09511192	0
929.15	0	.4319669	.4728278	.09520528	0
928.15	0	.4341534	.4705497	.09529687	0
927.15	0	.4363443	.468269	.09538669	0
926.15	0	.4385389	.4659863	.09547476	0
925.15	0	.4407365	.4637024	.09556107	0
924.15	0	.4429366	.4614178	.09564565	0
923.15	0	.4451383	.4591332	.09572849	0
922.15	0	.4473412	.4568492	.09580961	0
921.15	0	.4495447	.4545663	.09588902	0
920.15	0	.4517482	.452285	.09596672	0
919.15	0	.4539512	.4500061	.09604271	0
918.15	0	.4561531	.4477299	.09611702	0
917.15	0	.4583533	.445457	.09618963	0
916.15	0	.4605515	.4431879	.09626056	0
915.15	0	.4627472	.440923	.09632982	0
914.15	0	.4649397	.4386628	.09639741	0
913.15	0	.4671288	.4364078	.09646333	0
912.15	0	.469314	.4341584	.09652759	0
911.15	0	.4714948	.431915	.09659021	0
910.15	0	.4736708	.429678	.09665117	0
909.15	0	.4758416	.4274479	.0967105	0
908.15	0	.4780069	.4252249	.09676818	0
907.15	0	.4801662	.4230095	.09682424	0
906.15	0	.4823193	.4208021	.09687868	0
905.15	0	.4844657	.4186029	.0969315	0
904.15	0	.486605	.4164123	.0969827	0
903.15	0	.4887371	.4142307	.0970323	0
902.15	0	.4908614	.4120583	.09708029	0
901.15	0	.4929778	.4098955	.0971267	0
900.15	0	.4950859	.4077426	.09717151	0
899.15	0	.4971855	.4055998	.09721474	0
898.15	0	.4992762	.4034675	.0972564	0
897.15	0	.5013577	.4013458	.09729648	0
896.15	0	.5034298	.3992352	.09733501	0
895.15	0	.5054922	.3971358	.09737198	0
894.15	0	.5075448	.3950478	.0974074	0
893.15	0	.5095871	.3929716	.09744128	0
892.15	0	.511619	.3909073	.09747363	0
891.15	0	.5136403	.3888552	.09750446	0
890.15	0	.5156507	.3868155	.09753377	0
889.15	0	.51765	.3847884	.09756157	0
888.15	0	.5196381	.3827741	.09758788	0
887.15	0	.5216146	.3807727	.0976127	0
886.15	0	.5235794	.3787846	.09763603	0
885.15	0	.5255323	.3768098	.0976579	0
884.15	0	.5274731	.3748486	.09767831	0
883.15	0	.5294017	.3729011	.09769727	0
882.15	0	.5313178	.3709674	.09771479	0
881.15	0	.5332214	.3690478	.09773088	0
880.15	0	.5351122	.3671423	.09774556	0
879.15	0	.53699	.3652511	.09775883	0
878.15	0	.5388549	.3633744	.09777071	0
877.15	0	.5407065	.3615123	.0977812	0
876.15	0	.5425448	.3596649	.09779033	0
875.15	0	.5443696	.3578323	.09779811	0
874.15	0	.5461809	.3560146	.09780454	0
873.15	0	.5479785	.3542119	.09780964	0
872.15	0	.5497622	.3524244	.09781342	0
871.15	0	.551532	.3506521	.0978159	0
870.15	0	.5532879	.3488951	.0978171	0
869.15	0	.5550296	.3471534	.09781702	0
868.15	0	.5567571	.3454272	.09781568	0
867.15	0	.5584704	.3437165	.09781309	0
866.15	0	.5601693	.3420214	.09780928	0
865.15	0	.5618538	.340342	.09780425	0
864.15	0	.5635238	.3386782	.09779802	0
863.15	0	.5651793	.3370301	.0977906	0
862.15	0	.5668203	.3353977	.09778202	0
861.15	0	.5684466	.3337811	.09777228	0
860.15	0	.5700582	.3321804	.09776141	0
859.15	0	.5716552	.3305954	.09774941	0
858.15	0	.5732375	.3290262	.09773631	0
857.15	0	.574805	.3274729	.09772212	0
856.15	0	.5763578	.3259354	.09770686	0
855.15	0	.5778958	.3244137	.09769053	0
854.15	0	.5794191	.3229078	.09767317	0
853.15	0	.5809276	.3214176	.09765478	0
852.15	0	.5824214	.3199433	.09763538	0
851.15	0	.5839004	.3184846	.09761499	0
850.15	0	.5853648	.3170416	.09759362	0
849.15	0	.5868145	.3156142	.09757128	0
848.15	0	.5882495	.3142025	.09754801	0
847.15	0	.58967	.3128062	.0975238	0
846.15	0	.5910759	.3114254	.09749867	0
845.15	0	.5924673	.3100601	.09747265	0
844.15	0	.5938442	.3087101	.09744575	0
843.15	0	.5952067	.3073754	.09741797	0
842.15	0	.5965548	.3060558	.09738934	0
841.15	0	.5978887	.3047514	.09735987	0
840.15	0	.5992084	.303462	.09732958	0
839.15	0	.600514	.3021875	.09729848	0
838.15	0	.6018055	.3009279	.09726658	0
837.15	0	.6030831	.299683	.09723391	0
836.15	0	.6043468	.2984528	.09720046	0
835.15	0	.6055967	.2972371	.09716626	0
834.15	0	.6068329	.2960358	.09713132	0
833.15	0	.6080555	.2948489	.09709565	0
832.15	0	.6092646	.2936761	.09705927	0
831.15	0	.6104603	.2925175	.09702219	0
830.15	0	.6116428	.2913728	.09698441	0
829.15	0	.6128121	.290242	.09694596	0
828.15	0	.6139683	.2891249	.09690685	0
827.15	0	.6151115	.2880214	.09686708	0
826.15	0	.616242	.2869314	.09682667	0
825.15	0	.6173597	.2858547	.09678563	0
824.15	0	.6184648	.2847912	.09674397	0
823.15	0	.6195575	.2837408	.0967017	0
822.15	0	.6206378	.2827034	.09665884	0
821.15	0	.6217059	.2816787	.09661538	0
820.15	0	.6227619	.2806668	.09657135	0
819.15	0	.6238059	.2796674	.09652674	0
818.15	0	.6248381	.2786804	.09648158	0
817.15	0	.6258585	.2777056	.09643587	0
816.15	0	.6268674	.276743	.09638962	0
815.15	0	.6278648	.2757924	.09634284	0
814.15	0	.6288509	.2748536	.09629554	0
813.15	0	.6298258	.2739265	.09624772	0
812.15	0	.6307896	.273011	.09619939	0
811.15	0	.6317425	.272107	.09615057	0
810.15	0	.6326846	.2712142	.09610126	0
809.15	0	.633616	.2703326	.09605146	0
808.15	0	.6345368	.269462	.09600119	0
807.15	0	.6354473	.2686023	.09595045	0
806.15	0	.6363474	.2677534	.09589925	0
805.15	0	.6372374	.266915	.0958476	0
804.15	0	.6381174	.2660871	.0957955	0
803.15	0	.6389874	.2652696	.09574296	0
802.15	0	.6398477	.2644623	.09568998	0
801.15	0	.6406983	.2636651	.09563659	0
800.15	0	.6415394	.2628778	.09558276	0
799.15	0	.6423711	.2621004	.09552853	0
798.15	0	.6431935	.2613326	.09547388	0
797.15	0	.6440067	.2605744	.09541883	0
796.8819	0	.6442232	.2603728	.09540401	0
796.8819	0	.6442232	.2603728	.09540401	0
796.8819	0	.6442232	.2603728	.09540401	0
796.15	0	.6478753	.2556793	.09414265	.002302761
795.15	0	.6527548	.249391	.09244411	.005410037
794.15	0	.6575108	.2432423	.0907736	.008473375
793.15	0	.6621465	.2372293	.08913048	.0114937
792.15	0	.6666654	.2313485	.08751414	.01447191
791.15	0	.6710708	.2255963	.08592402	.01740886
790.15	0	.6753657	.2199694	.08435953	.02030541
789.15	0	.6795532	.2144644	.08282012	.02316236
788.15	0	.6836361	.2090781	.08130526	.0259805
787.15	0	.6876174	.2038076	.07981444	.0287606
786.15	0	.6914997	.1986497	.07834714	.0315034
785.15	0	.6952858	.1936017	.07690288	.03420963
784.15	0	.6989781	.1886608	.07548118	.03687998
783.15	0	.7025791	.1838242	.07408158	.03951514
782.15	0	.7060912	.1790894	.07270363	.04211576
781.15	0	.7095168	.1744538	.07134688	.0446825
780.15	0	.7128581	.169915	.07001092	.04721599
779.15	0	.7161172	.1654706	.06869531	.04971682
778.15	0	.7192964	.1611183	.06739966	.05218561
777.15	0	.7223977	.1568559	.06612358	.05462292
776.15	0	.725423	.1526811	.06486666	.05702932
775.15	0	.7283743	.1485918	.06362854	.05940538
774.15	0	.7312534	.1445861	.06240885	.06175161
773.15	0	.7340623	.1406619	.06120723	.06406856
772.15	0	.7368027	.1368173	.06002331	.06635674
771.15	0	.7394762	.1330504	.05885677	.06861664
770.15	0	.7420847	.1293593	.05770727	.07084875
769.15	0	.7446297	.1257423	.05657447	.07305357
768.15	0	.7471128	.1221976	.05545805	.07523155
767.15	0	.7495355	.1187236	.0543577	.07738315
766.15	0	.7518995	.1153186	.05327311	.07950883
765.15	0	.754206	.111981	.05220397	.08160902
764.15	0	.7564566	.1087092	.05115	.08368416
763.15	0	.7586527	.1055017	.0501109	.08573467
762.15	0	.7607956	.1023571	.04908639	.08776095
761.15	0	.7628866	.09927382	.04807618	.08976342
760.15	0	.764927	.09625053	.04708001	.09174248
759.15	0	.7669181	.09328583	.04609761	.09369851
758.15	0	.768861	.09037839	.04512871	.0956319
757.15	0	.770757	.08752689	.04417306	.09754302
756.15	0	.7726073	.08473005	.04323041	.09943224
755.15	0	.7744129	.08198664	.0423005	.1012999
754.15	0	.776175	.07929543	.0413831	.1031464
753.15	0	.7778947	.07665524	.04047796	.1049721
752.15	0	.779573	.0740649	.03958485	.1067773
751.15	0	.7812109	.07152328	.03870355	.1085623
750.15	0	.7828094	.06902929	.03783382	.1103275
749.15	0	.7843695	.06658184	.03697545	.1120732
748.15	0	.7858922	.06417987	.03612821	.1137997
747.15	0	.7873784	.06182237	.0352919	.1155074
746.15	0	.7888289	.05950832	.03446631	.1171964
745.15	0	.7902448	.05723673	.03365123	.1188673
744.15	0	.7916267	.05500667	.03284645	.1205201
743.15	0	.7929757	.05281717	.03205179	.1221553
742.15	0	.7942924	.05066735	.03126704	.1237732
741.15	0	.7955778	.04855628	.03049203	.1253739
740.15	0	.7968325	.04648312	.02972655	.1269578
739.15	0	.7980574	.04444699	.02897043	.1285252
738.15	0	.7992531	.04244708	.02822348	.1300763
737.15	0	.8004205	.04048256	.02748554	.1316114
736.15	0	.8015602	.03855265	.02675642	.1331307
735.15	0	.8026729	.03665656	.02603597	.1346345
734.15	0	.8037593	.03479354	.025324	.1361231
733.15	0	.8048201	.03296284	.02462036	.1375967
732.15	0	.8058558	.03116375	.02392489	.1390556
731.15	0	.8068671	.02939555	.02323743	.1404999
730.15	0	.8078547	.02765756	.02255783	.1419299
729.15	0	.808819	.0259491	.02188593	.1433459
728.15	0	.8097608	.02426951	.02122159	.1447481
727.15	0	.8106805	.02261815	.02056467	.1461367
726.15	0	.8115788	.02099439	.01991501	.1475118
725.15	0	.812456	.01939761	.01927249	.1488739
724.15	0	.8133129	.01782722	.01863696	.1502229
723.15	0	.8141498	.01628264	.01800829	.1515593
722.15	0	.8149673	.01476328	.01738635	.152883
721.15	0	.8157659	.01326859	.01677101	.1541945
720.15	0	.8165461	.01179803	.01616215	.1554938
719.15	0	.8173082	.01035106	.01555964	.1567811
718.15	0	.8180528	.008927157	.01496336	.1580567
717.15	0	.8187803	.007525821	.01437319	.1593207
716.15	0	.8194911	.006146553	.01378901	.1605734
715.15	0	.8201856	.004788866	.01321072	.1618148
714.15	0	.8208643	.003452289	.0126382	.1630453
713.15	0	.8215275	.002136358	.01207135	.1642648
712.15	0	.8221756	8.40622E-04	.01151005	.1654737
711.4929	0	.8225935	0	.0111442	.1662623
711.4929	0	.8225935	0	.0111442	.1662623
711.15	0	.8225498	0	.01107337	.1663769
710.15	0	.8224228	0	.01086724	.16671
709.15	0	.8222964	0	.01066177	.1670418
708.15	0	.8221706	0	.01045695	.1673724
707.15	0	.8220455	0	.0102528	.1677017
706.15	0	.821921	0	.01004931	.1680297
705.15	0	.8217971	0	.009846476	.1683564
704.15	0	.8216738	0	.009644305	.1686819
703.15	0	.8215511	0	.009442795	.1690061
702.15	0	.821429	0	.009241947	.169329
701.15	0	.8213076	0	.00904176	.1696507
700.15	0	.8211867	0	.008842235	.1699711
699.15	0	.8210664	0	.008643373	.1702902
698.15	0	.8209467	0	.008445174	.1706081
697.15	0	.8208276	0	.008247638	.1709248
696.15	0	.8207091	0	.008050766	.1712401
695.15	0	.8205912	0	.007854557	.1715543
694.15	0	.8204738	0	.007659014	.1718672
693.15	0	.8203571	0	.007464135	.1721788
692.15	0	.8202409	0	.007269921	.1724892
691.15	0	.8201253	0	.007076373	.1727983
690.15	0	.8200103	0	.006883491	.1731063
689.15	0	.8198958	0	.006691275	.1734129
688.15	0	.8197819	0	.006499726	.1737184
687.15	0	.8196686	0	.006308844	.1740226
686.15	0	.8195558	0	.006118629	.1743256
685.15	0	.8194436	0	.005929083	.1746273
684.15	0	.8193319	0	.005740205	.1749279
683.15	0	.8192208	0	.005551995	.1752272
682.15	0	.8191103	0	.005364455	.1755253
681.15	0	.8190003	0	.005177584	.1758221
680.15	0	.8188909	0	.004991383	.1761178
679.15	0	.818782	0	.004805852	.1764122
678.15	0	.8186736	0	.004620992	.1767054
677.15	0	.8185658	0	.004436803	.1769974
676.15	0	.8184586	0	.004253285	.1772882
675.15	0	.8183518	0	.004070439	.1775777
674.15	0	.8182457	0	.003888265	.1778661
673.15	0	.81814	0	.003706764	.1781532
672.15	0	.8180349	0	.003525936	.1784392
671.15	0	.8179303	0	.003345781	.1787239
670.15	0	.8178262	0	.003166299	.1790075
669.15	0	.8177227	0	.002987492	.1792898
668.15	0	.8176197	0	.002809359	.179571
667.15	0	.8175172	0	.002631901	.1798509
666.15	0	.8174152	0	.002455119	.1801297
665.15	0	.8173138	0	.002279011	.1804072
664.15	0	.8172128	0	.00210358	.1806836
663.15	0	.8171124	0	.001928825	.1809588
662.15	0	.8170125	0	.001754747	.1812327
661.15	0	.8169131	0	.001581345	.1815055
660.15	0	.8168142	0	.001408621	.1817771
659.15	0	.8167159	0	.001236575	.1820476
658.15	0	.816618	0	.001065207	.1823168
657.15	0	.8165206	0	8.945166E-04	.1825849
656.15	0	.8164238	0	7.245053E-04	.1828517
655.15	0	.8163274	0	5.551731E-04	.1831174
654.15	0	.8162315	0	3.865203E-04	.1833819
653.15	0	.8161362	0	2.185471E-04	.1836453
652.15	0	.8160413	0	5.125397E-05	.1839075
651.8428	0	.8160123	0	0	.1839877
651.8428	0	.8160123	0	0	.1839877
651.15	0	.8159588	0	0	.1840413
650.15	0	.8158827	0	0	.1841173
649.15	0	.815808	0	0	.184192
648.15	0	.8157346	0	0	.1842654
647.15	0	.8156626	0	0	.1843375
646.15	0	.8155918	0	0	.1844082
645.15	0	.8155225	0	0	.1844775
644.15	0	.8154544	0	0	.1845456
643.15	0	.8153876	0	0	.1846124
642.15	0	.8153221	0	0	.1846779
641.15	0	.8152579	0	0	.1847421
640.15	0	.815195	0	0	.184805
639.15	0	.8151333	0	0	.1848667
638.15	0	.8150729	0	0	.1849271
637.15	0	.8150137	0	0	.1849863
636.15	0	.8149557	0	0	.1850443
635.15	0	.814899	0	0	.185101
634.15	0	.8148434	0	0	.1851566
633.15	0	.8147891	0	0	.1852109
632.15	0	.8147359	0	0	.1852641
631.15	0	.8146839	0	0	.1853161
630.15	0	.814633	0	0	.185367
629.15	0	.8145833	0	0	.1854167
628.15	0	.8145347	0	0	.1854653
627.15	0	.8144872	0	0	.1855128
626.15	0	.8144408	0	0	.1855592
625.15	0	.8143954	0	0	.1856046
624.15	0	.8143512	0	0	.1856488
623.15	0	.814308	0	0	.185692
622.15	0	.8142658	0	0	.1857342
621.15	0	.8142247	0	0	.1857753
620.15	0	.8141845	0	0	.1858155
619.15	0	.8141454	0	0	.1858546
618.15	0	.8141072	0	0	.1858928
617.15	0	.81407	0	0	.18593
616.15	0	.8140337	0	0	.1859663
615.15	0	.8139984	0	0	.1860016
614.15	0	.813964	0	0	.186036
613.15	0	.8139305	0	0	.1860695
612.15	0	.8138978	0	0	.1861022
611.15	0	.8138661	0	0	.186134
610.15	0	.8138351	0	0	.1861649
609.15	0	.8138051	0	0	.186195
608.15	0	.8137758	0	0	.1862242
607.15	0	.8137473	0	0	.1862527
606.15	0	.8137196	0	0	.1862804
605.15	0	.8136927	0	0	.1863073
604.15	0	.8136666	0	0	.1863334
603.15	0	.8136412	0	0	.1863588
602.15	0	.8136165	0	0	.1863835
601.15	0	.8135925	0	0	.1864075
600.15	0	.8135693	0	0	.1864307
599.15	0	.8135467	0	0	.1864533
598.15	0	.8135247	0	0	.1864753
597.15	0	.8135035	0	0	.1864965
596.15	0	.8134828	0	0	.1865172
595.15	0	.8134628	0	0	.1865372
594.15	0	.8134434	0	0	.1865566
593.15	0	.8134245	0	0	.1865755
592.15	0	.8134063	0	0	.1865937
591.15	0	.8133886	0	0	.1866114
590.15	0	.8133715	0	0	.1866285
589.15	0	.8133549	0	0	.1866451
588.15	0	.8133388	0	0	.1866612
587.15	0	.8133232	0	0	.1866768
586.15	0	.8133081	0	0	.1866919
585.15	0	.8132935	0	0	.1867065
584.15	0	.8132794	0	0	.1867206
583.15	0	.8132658	0	0	.1867342
582.15	0	.8132525	0	0	.1867475
581.15	0	.8132398	0	0	.1867603
580.15	0	.8132274	0	0	.1867726
579.15	0	.8132154	0	0	.1867846
578.15	0	.8132039	0	0	.1867961
577.15	0	.8131927	0	0	.1868073
576.15	0	.8131819	0	0	.1868181
575.15	0	.8131715	0	0	.1868285
574.15	0	.8131614	0	0	.1868386
573.15	0	.8131517	0	0	.1868483
572.15	0	.8131423	0	0	.1868577
571.15	0	.8131332	0	0	.1868668
570.15	0	.8131245	0	0	.1868755
569.15	0	.813116	0	0	.186884
568.8222	0	.8131133	0	0	.1868867
568.8222	0	.8131133	0	0	.1868867
568.8222	0	.8131133	0	0	.1868867
568.15	0	.8130069	1.369919E-04	0	.1868561
567.15	0	.8128489	3.403249E-04	0	.1868108
566.15	0	.8126912	5.430879E-04	0	.1867658
565.15	0	.8125338	7.452754E-04	0	.1867209
564.15	0	.8123767	9.468819E-04	0	.1866764
563.15	0	.81222	.001147902	0	.1866321
562.15	0	.8120637	.001348332	0	.186588
561.15	0	.8119077	.001548165	0	.1865442
560.15	0	.811752	.001747397	0	.1865006
559.15	0	.8115966	.001946024	0	.1864574
558.15	0	.8114416	.00214404	0	.1864143
557.15	0	.811287	.002341442	0	.1863716
556.15	0	.8111327	.002538225	0	.1863291
555.15	0	.8109788	.002734384	0	.1862868
554.15	0	.8108252	.002929917	0	.1862449
553.15	0	.810672	.003124818	0	.1862032
552.15	0	.8105191	.003319084	0	.1861618
551.15	0	.8103666	.00351271	0	.1861207
550.15	0	.8102145	.003705695	0	.1860799
549.15	0	.8100627	.003898032	0	.1860393
548.15	0	.8099113	.00408972	0	.185999
547.15	0	.8097602	.004280755	0	.185959
546.15	0	.8096095	.004471133	0	.1859193
545.15	0	.8094592	.004660852	0	.1858799
544.15	0	.8093093	.004849907	0	.1858408
543.15	0	.8091598	.005038296	0	.185802
542.15	0	.8090106	.005226017	0	.1857634
541.15	0	.8088618	.005413065	0	.1857252
540.15	0	.8087134	.005599438	0	.1856872
539.15	0	.8085653	.005785134	0	.1856496
538.15	0	.8084176	.005970149	0	.1856122
537.15	0	.8082704	.006154482	0	.1855751
536.15	0	.8081235	.006338128	0	.1855384
535.15	0	.807977	.006521087	0	.1855019
534.15	0	.8078309	.006703355	0	.1854658
533.15	0	.8076852	.006884931	0	.1854299
532.15	0	.8075399	.007065811	0	.1853943
531.15	0	.8073949	.007245994	0	.1853591
530.15	0	.8072504	.007425477	0	.1853241
529.15	0	.8071063	.007604258	0	.1852895
528.15	0	.8069626	.007782335	0	.1852551
527.15	0	.8068192	.007959707	0	.1852211
526.15	0	.8066763	.00813637	0	.1851873
525.15	0	.8065338	.008312323	0	.1851539
524.15	0	.8063917	.008487565	0	.1851208
523.15	0	.80625	.008662093	0	.1850879
522.15	0	.8061087	.008835905	0	.1850554
521.15	0	.8059678	.009009001	0	.1850232
520.15	0	.8058273	.009181377	0	.1849913
519.15	0	.8056873	.009353033	0	.1849597
518.15	0	.8055477	.009523967	0	.1849284
517.15	0	.8054084	.009694177	0	.1848974
516.15	0	.8052696	.009863662	0	.1848667
515.15	0	.8051313	.01003242	0	.1848363
514.15	0	.8049933	.01020045	0	.1848062
513.15	0	.8048558	.01036775	0	.1847765
512.15	0	.8047187	.01053432	0	.184747
511.15	0	.804582	.01070016	0	.1847178
510.15	0	.8044458	.01086526	0	.184689
509.15	0	.8043099	.01102963	0	.1846604
508.15	0	.8041745	.01119326	0	.1846322
507.15	0	.8040396	.01135615	0	.1846043
506.15	0	.8039051	.0115183	0	.1845766
505.15	0	.803771	.01167972	0	.1845493
504.15	0	.8036374	.01184041	0	.1845222
503.15	0	.8035042	.01200034	0	.1844955
502.15	0	.8033714	.01215953	0	.184469
501.15	0	.8032391	.01231797	0	.1844429
500.15	0	.8031072	.01247567	0	.1844171
499.15	0	.8029758	.01263263	0	.1843916
498.15	0	.8028448	.01278883	0	.1843664
497.15	0	.8027143	.01294429	0	.1843414
496.15	0	.8025842	.013099	0	.1843168
495.15	0	.8024546	.01325296	0	.1842925
494.15	0	.8023254	.01340617	0	.1842685
493.15	0	.8021966	.01355862	0	.1842447
492.15	0	.8020684	.01371033	0	.1842213
491.15	0	.8019405	.01386128	0	.1841982
490.15	0	.8018132	.01401148	0	.1841753
489.15	0	.8016863	.01416092	0	.1841528
488.15	0	.8015598	.01430961	0	.1841306
487.15	0	.8014339	.01445754	0	.1841086
486.15	0	.8013083	.01460471	0	.1840869
485.15	0	.8011833	.01475113	0	.1840656
484.15	0	.8010587	.01489679	0	.1840445
483.15	0	.8009346	.01504169	0	.1840237
482.15	0	.800811	.01518583	0	.1840032
481.15	0	.8006878	.01532921	0	.183983
480.15	0	.8005651	.01547183	0	.1839631
479.15	0	.8004428	.01561369	0	.1839435
478.15	0	.8003211	.01575479	0	.1839241
477.15	0	.8001998	.01589512	0	.1839051
476.15	0	.800079	.0160347	0	.1838863
475.15	0	.7999587	.01617351	0	.1838678
474.15	0	.7998388	.01631155	0	.1838496
473.15	0	.7997194	.01644884	0	.1838317
472.15	0	.7996006	.01658536	0	.1838141
471.15	0	.7994821	.01672111	0	.1837967
470.15	0	.7993642	.01685611	0	.1837797
469.15	0	.7992468	.01699033	0	.1837629
468.15	0	.7991298	.01712379	0	.1837464
467.15	0	.7990134	.01725649	0	.1837301
466.15	0	.7988974	.01738841	0	.1837142
465.15	0	.7987819	.01751958	0	.1836985
464.15	0	.7986669	.01764997	0	.1836831
463.15	0	.7985524	.0177796	0	.183668
462.15	0	.7984384	.01790846	0	.1836531
461.15	0	.7983249	.01803655	0	.1836385
460.15	0	.7982119	.01816388	0	.1836242
459.15	0	.7980994	.01829044	0	.1836102
458.15	0	.7979874	.01841623	0	.1835964
457.15	0	.7978759	.01854125	0	.1835829
456.15	0	.7977649	.01866551	0	.1835696
455.15	0	.7976543	.018789	0	.1835567
454.15	0	.7975443	.01891172	0	.183544
453.15	0	.7974348	.01903367	0	.1835315
452.15	0	.7973258	.01915485	0	.1835193
451.15	0	.7972173	.01927527	0	.1835074
450.15	0	.7971093	.01939491	0	.1834958
449.15	0	.7970019	.0195137	0	.1834844
448.15	0	.796895	.01963169	0	.1834733
447.15	0	.7967887	.0197489	0	.1834624
446.15	0	.7966829	.01986531	0	.1834518
445.15	0	.7965776	.01998092	0	.1834415
444.15	0	.7964729	.02009572	0	.1834314
443.15	0	.7963687	.02020971	0	.1834216
442.15	0	.7962651	.02032286	0	.1834121
441.15	0	.796162	.02043519	0	.1834028
440.15	0	.7960595	.02054667	0	.1833938
439.15	0	.7959577	.02065731	0	.1833851
438.15	0	.7958564	.02076709	0	.1833766
437.15	0	.7957556	.02087602	0	.1833683
436.15	0	.7956555	.02098408	0	.1833604
435.15	0	.795556	.02109127	0	.1833527
434.15	0	.7954572	.0211976	0	.1833453
433.15	0	.7953589	.02130304	0	.1833381
432.15	0	.7952612	.0214076	0	.1833312
