T	 BPW(LIQUID)	BPW(BCC_A2)	BPW(FCC_A1)	BPW(LAVES_PHASE_C14)	BPW(NI3TI)
1473.15	.2257468	.7742532	0	0	0
1472.15	.2234145	.7765855	0	0	0
1471.15	.2210965	.7789035	0	0	0
1470.15	.2187928	.7812072	0	0	0
1469.15	.2165033	.7834967	0	0	0
1468.15	.2142278	.7857722	0	0	0
1467.15	.2119662	.7880338	0	0	0
1466.15	.2097184	.7902816	0	0	0
1465.15	.2074842	.7925158	0	0	0
1464.15	.2052636	.7947364	0	0	0
1463.15	.2030564	.7969436	0	0	0
1462.15	.2008625	.7991375	0	0	0
1461.15	.1986817	.8013183	0	0	0
1460.15	.1965141	.8034859	0	0	0
1459.15	.1943593	.8056407	0	0	0
1458.15	.1922175	.8077825	0	0	0
1457.15	.1900883	.8099117	0	0	0
1456.15	.1879718	.8120282	0	0	0
1455.15	.1858678	.8141322	0	0	0
1454.15	.1837762	.8162239	0	0	0
1453.15	.1816968	.8183032	0	0	0
1452.15	.1796297	.8203703	0	0	0
1451.15	.1775747	.8224253	0	0	0
1450.15	.1755317	.8244683	0	0	0
1449.15	.1735005	.8264995	0	0	0
1448.15	.1714812	.8285188	0	0	0
1447.15	.1694735	.8305265	0	0	0
1446.15	.1674774	.8325226	0	0	0
1445.15	.1654929	.8345071	0	0	0
1444.15	.1635197	.8364803	0	0	0
1443.15	.1615578	.8384422	0	0	0
1442.15	.1596072	.8403928	0	0	0
1441.15	.1576677	.8423323	0	0	0
1440.15	.1557392	.8442608	0	0	0
1439.15	.1538217	.8461783	0	0	0
1438.15	.151915	.848085	0	0	0
1437.15	.1500191	.8499809	0	0	0
1436.15	.1481338	.8518662	0	0	0
1435.15	.1462592	.8537408	0	0	0
1434.15	.1443951	.8556049	0	0	0
1433.15	.1425414	.8574586	0	0	0
1432.15	.140698	.859302	0	0	0
1431.15	.1388649	.8611351	0	0	0
1430.15	.137042	.862958	0	0	0
1429.15	.1352292	.8647708	0	0	0
1428.15	.1334265	.8665736	0	0	0
1427.15	.1316336	.8683664	0	0	0
1426.15	.1298506	.8701494	0	0	0
1425.15	.1280775	.8719225	0	0	0
1424.15	.126314	.873686	0	0	0
1423.15	.1245602	.8754398	0	0	0
1422.15	.1228159	.8771841	0	0	0
1421.15	.1210812	.8789188	0	0	0
1420.15	.1193558	.8806442	0	0	0
1419.15	.1176398	.8823602	0	0	0
1418.15	.1159331	.8840669	0	0	0
1417.15	.1142356	.8857644	0	0	0
1416.15	.1125472	.8874528	0	0	0
1415.15	.1108679	.8891321	0	0	0
1414.15	.1091976	.8908024	0	0	0
1413.15	.1075363	.8924637	0	0	0
1412.15	.1058838	.8941162	0	0	0
1411.15	.1042401	.8957599	0	0	0
1410.15	.1026052	.8973948	0	0	0
1409.15	.1009789	.8990211	0	0	0
1408.15	.09936125	.9006388	0	0	0
1407.15	.09775214	.9022479	0	0	0
1406.15	.09615152	.9038485	0	0	0
1405.15	.09455933	.9054407	0	0	0
1404.15	.09297551	.9070245	0	0	0
1403.15	.09139999	.9086	0	0	0
1402.15	.08983271	.9101673	0	0	0
1401.15	.08827362	.9117264	0	0	0
1400.15	.08672266	.9132773	0	0	0
1399.15	.08517978	.9148202	0	0	0
1398.15	.08364491	.9163551	0	0	0
1397.15	.08211799	.917882	0	0	0
1396.15	.08059898	.919401	0	0	0
1395.15	.07908782	.9209122	0	0	0
1394.15	.07758445	.9224156	0	0	0
1393.15	.07608883	.9239112	0	0	0
1392.15	.07460088	.9253991	0	0	0
1391.15	.07312058	.9268794	0	0	0
1390.15	.07164785	.9283521	0	0	0
1389.15	.07018265	.9298174	0	0	0
1388.15	.06872493	.9312751	0	0	0
1387.15	.06727464	.9327254	0	0	0
1386.15	.06583173	.9341683	0	0	0
1385.15	.06439614	.9356039	0	0	0
1384.15	.06296784	.9370322	0	0	0
1383.15	.06154676	.9384532	0	0	0
1382.15	.06013287	.9398671	0	0	0
1381.15	.05872612	.9412739	0	0	0
1380.15	.05732645	.9426735	0	0	0
1379.15	.05593383	.9440662	0	0	0
1378.15	.05454821	.9454518	0	0	0
1377.15	.05316953	.9468305	0	0	0
1376.15	.05179776	.9482022	0	0	0
1375.15	.05043286	.9495671	0	0	0
1374.15	.04907477	.9509252	0	0	0
1373.15	.04772345	.9522766	0	0	0
1372.15	.04637887	.9536211	0	0	0
1371.15	.04504097	.954959	0	0	0
1370.15	.04370972	.9562903	0	0	0
1369.15	.04238508	.9576149	0	0	0
1368.15	.041067	.958933	0	0	0
1367.15	.03975544	.9602446	0	0	0
1366.15	.03845036	.9615496	0	0	0
1365.15	.03715172	.9628483	0	0	0
1364.15	.03585949	.9641405	0	0	0
1363.15	.03457362	.9654264	0	0	0
1362.15	.03329407	.9667059	0	0	0
1361.15	.0320208	.9679792	0	0	0
1360.15	.03075379	.9692462	0	0	0
1359.15	.02949298	.970507	0	0	0
1358.15	.02823835	.9717617	0	0	0
1357.15	.02698986	.9730101	0	0	0
1356.15	.02574746	.9742525	0	0	0
1355.15	.02451112	.9754889	0	0	0
1354.15	.02328082	.9767192	0	0	0
1353.15	.0220565	.9779435	0	0	0
1352.15	.02083815	.9791619	0	0	0
1351.15	.01962571	.9803743	0	0	0
1350.15	.01841917	.9815808	0	0	0
1349.15	.01721848	.9827815	0	0	0
1348.15	.0160236	.9839764	0	0	0
1347.177	.01486634	.9851337	0	0	0
1347.177	.01486634	.9851337	0	0	0
1347.177	.01486634	.9851337	0	0	0
1347.15	.01471938	.9850874	1.932275E-04	0	0
1346.15	.009230982	.9833742	.007394801	0	0
1345.15	.003724508	.9816839	.01459159	0	0
1344.475	0	.9805567	.01944334	0	0
1344.475	0	.9805567	.01944334	0	0
1344.15	0	.980142	.01985801	0	0
1343.15	0	.9788693	.02113073	0	0
1342.15	0	.9775985	.02240148	0	0
1341.15	0	.9763297	.02367026	0	0
1340.15	0	.9750629	.02493708	0	0
1339.15	0	.9737981	.02620193	0	0
1338.15	0	.9725352	.02746481	0	0
1337.15	0	.9712743	.02872573	0	0
1336.15	0	.9700153	.02998468	0	0
1335.15	0	.9687583	.03124167	0	0
1334.15	0	.9675033	.03249668	0	0
1333.15	0	.9662503	.03374974	0	0
1332.15	0	.9649992	.03500082	0	0
1331.15	0	.9637501	.03624994	0	0
1330.15	0	.9625029	.0374971	0	0
1329.15	0	.9612577	.03874228	0	0
1328.15	0	.9600145	.0399855	0	0
1327.15	0	.9587733	.04122675	0	0
1326.15	0	.957534	.04246603	0	0
1325.15	0	.9562967	.04370335	0	0
1324.15	0	.9550613	.0449387	0	0
1323.15	0	.9538279	.04617208	0	0
1322.15	0	.9525965	.04740349	0	0
1321.15	0	.9513671	.04863293	0	0
1320.15	0	.9501396	.0498604	0	0
1319.15	0	.9489141	.05108591	0	0
1318.15	0	.9476906	.05230944	0	0
1317.15	0	.946469	.053531	0	0
1316.15	0	.9452494	.05475059	0	0
1315.15	0	.9440318	.05596821	0	0
1314.15	0	.9428161	.05718386	0	0
1313.15	0	.9416025	.05839754	0	0
1312.15	0	.9403908	.05960924	0	0
1311.15	0	.939181	.06081897	0	0
1310.15	0	.9379733	.06202673	0	0
1309.15	0	.9367675	.06323251	0	0
1308.15	0	.9355637	.06443632	0	0
1307.15	0	.9343619	.06563815	0	0
1306.15	0	.933162	.066838	0	0
1305.15	0	.9319641	.06803587	0	0
1304.15	0	.9307682	.06923177	0	0
1303.15	0	.9295743	.07042569	0	0
1302.15	0	.9283824	.07161763	0	0
1301.15	0	.9271924	.07280759	0	0
1300.15	0	.9260044	.07399557	0	0
1299.15	0	.9248184	.07518157	0	0
1298.15	0	.9236344	.07636558	0	0
1297.15	0	.9224524	.07754761	0	0
1296.15	0	.9212723	.07872766	0	0
1295.15	0	.9200943	.07990572	0	0
1294.15	0	.9189182	.08108179	0	0
1293.15	0	.9177441	.08225588	0	0
1292.15	0	.916572	.08342798	0	0
1291.15	0	.9154019	.08459809	0	0
1290.15	0	.9142338	.0857662	0	0
1289.15	0	.9130677	.08693233	0	0
1288.15	0	.9119035	.08809646	0	0
1287.15	0	.9107414	.0892586	0	0
1286.15	0	.9095813	.09041875	0	0
1285.15	0	.9084231	.09157689	0	0
1284.15	0	.907267	.09273305	0	0
1283.15	0	.9061128	.0938872	0	0
1282.15	0	.9049607	.09503935	0	0
1281.15	0	.9038105	.0961895	0	0
1280.15	0	.9026624	.09733765	0	0
1279.15	0	.9015162	.09848379	0	0
1278.15	0	.9003721	.09962793	0	0
1277.15	0	.8992299	.1007701	0	0
1276.15	0	.8980898	.1019102	0	0
1275.15	0	.8969517	.1030483	0	0
1274.15	0	.8958156	.1041844	0	0
1273.15	0	.8946815	.1053185	0	0
1272.15	0	.8935495	.1064506	0	0
1271.15	0	.8924194	.1075806	0	0
1270.15	0	.8912914	.1087087	0	0
1269.15	0	.8901653	.1098347	0	0
1268.15	0	.8890413	.1109587	0	0
1267.15	0	.8879193	.1120807	0	0
1266.15	0	.8867994	.1132006	0	0
1265.15	0	.8856815	.1143185	0	0
1264.15	0	.8845656	.1154344	0	0
1263.15	0	.8834517	.1165483	0	0
1262.15	0	.8823399	.1176601	0	0
1261.15	0	.8812301	.1187699	0	0
1260.15	0	.8801223	.1198777	0	0
1259.15	0	.8790166	.1209834	0	0
1258.15	0	.8779129	.1220871	0	0
1257.15	0	.8768112	.1231888	0	0
1256.15	0	.8757116	.1242884	0	0
1255.15	0	.8746141	.1253859	0	0
1254.15	0	.8735186	.1264814	0	0
1253.15	0	.8724251	.1275749	0	0
1252.15	0	.8713337	.1286663	0	0
1251.15	0	.8702443	.1297557	0	0
1250.15	0	.869157	.130843	0	0
1249.15	0	.8680718	.1319282	0	0
1248.15	0	.8669886	.1330114	0	0
1247.15	0	.8659075	.1340925	0	0
1246.15	0	.8648285	.1351715	0	0
1245.15	0	.8637515	.1362485	0	0
1244.15	0	.8626766	.1373234	0	0
1243.15	0	.8616038	.1383962	0	0
1242.15	0	.860533	.139467	0	0
1241.15	0	.8594643	.1405357	0	0
1240.15	0	.8583977	.1416023	0	0
1239.15	0	.8573332	.1426668	0	0
1238.15	0	.8562708	.1437292	0	0
1237.15	0	.8552104	.1447896	0	0
1236.15	0	.8541522	.1458478	0	0
1235.15	0	.853096	.146904	0	0
1234.15	0	.852042	.147958	0	0
1233.15	0	.85099	.14901	0	0
1232.15	0	.8499402	.1500598	0	0
1231.15	0	.8488924	.1511076	0	0
1230.15	0	.8478468	.1521532	0	0
1229.15	0	.8468033	.1531967	0	0
1228.15	0	.8457618	.1542382	0	0
1227.15	0	.8447226	.1552775	0	0
1226.15	0	.8436854	.1563146	0	0
1225.15	0	.8426503	.1573497	0	0
1224.15	0	.8416174	.1583826	0	0
1223.15	0	.8405866	.1594134	0	0
1222.15	0	.839558	.160442	0	0
1221.15	0	.8385315	.1614686	0	0
1220.15	0	.8375071	.1624929	0	0
1219.15	0	.8364848	.1635152	0	0
1218.15	0	.8354648	.1645352	0	0
1217.15	0	.8344468	.1655532	0	0
1216.15	0	.8334311	.166569	0	0
1215.15	0	.8324174	.1675826	0	0
1214.15	0	.831406	.168594	0	0
1213.15	0	.8303967	.1696033	0	0
1212.15	0	.8293896	.1706104	0	0
1211.15	0	.8283846	.1716154	0	0
1210.15	0	.8273818	.1726182	0	0
1209.15	0	.8263812	.1736188	0	0
1208.15	0	.8253828	.1746172	0	0
1207.15	0	.8243866	.1756134	0	0
1206.15	0	.8233926	.1766074	0	0
1205.15	0	.8224007	.1775993	0	0
1204.15	0	.8214111	.1785889	0	0
1203.15	0	.8204237	.1795763	0	0
1202.15	0	.8194385	.1805616	0	0
1201.15	0	.8184554	.1815446	0	0
1200.15	0	.8174746	.1825254	0	0
1199.15	0	.8164961	.1835039	0	0
1198.15	0	.8155197	.1844803	0	0
1197.15	0	.8145456	.1854544	0	0
1196.15	0	.8135737	.1864263	0	0
1195.15	0	.8126041	.1873959	0	0
1194.15	0	.8116367	.1883633	0	0
1193.15	0	.8106715	.1893285	0	0
1192.15	0	.8097086	.1902914	0	0
1191.15	0	.808748	.191252	0	0
1190.15	0	.8077896	.1922104	0	0
1189.15	0	.8068335	.1931665	0	0
1188.15	0	.8058796	.1941204	0	0
1187.15	0	.8049281	.1950719	0	0
1186.15	0	.8039788	.1960212	0	0
1185.15	0	.8030318	.1969683	0	0
1184.15	0	.802087	.197913	0	0
1183.15	0	.8011446	.1988554	0	0
1182.15	0	.8002045	.1997955	0	0
1181.15	0	.7992667	.2007333	0	0
1180.15	0	.7983312	.2016688	0	0
1179.15	0	.797398	.202602	0	0
1178.15	0	.7964671	.2035329	0	0
1177.15	0	.7955386	.2044614	0	0
1176.15	0	.7946123	.2053877	0	0
1175.15	0	.7936885	.2063115	0	0
1174.15	0	.792767	.2072331	0	0
1173.15	0	.7918478	.2081522	0	0
1172.15	0	.7909309	.2090691	0	0
1171.15	0	.7900165	.2099835	0	0
1170.15	0	.7891044	.2108957	0	0
1169.15	0	.7881946	.2118054	0	0
1168.15	0	.7872873	.2127127	0	0
1167.15	0	.7863823	.2136177	0	0
1166.15	0	.7854797	.2145203	0	0
1165.15	0	.7845795	.2154205	0	0
1164.15	0	.7836817	.2163183	0	0
1163.15	0	.7827863	.2172137	0	0
1162.15	0	.7818933	.2181067	0	0
1161.15	0	.7810028	.2189972	0	0
1160.15	0	.7801147	.2198853	0	0
1159.15	0	.7792289	.2207711	0	0
1158.15	0	.7783457	.2216543	0	0
1157.15	0	.7774649	.2225351	0	0
1156.15	0	.7765865	.2234135	0	0
1155.15	0	.7757106	.2242894	0	0
1154.15	0	.7748371	.2251629	0	0
1153.15	0	.7739661	.2260339	0	0
1152.15	0	.7730976	.2269024	0	0
1151.15	0	.7722316	.2277684	0	0
1150.15	0	.771368	.228632	0	0
1149.15	0	.770507	.229493	0	0
1148.15	0	.7696485	.2303515	0	0
1147.15	0	.7687925	.2312076	0	0
1146.15	0	.767939	.232061	0	0
1145.15	0	.767088	.232912	0	0
1144.15	0	.7662395	.2337605	0	0
1143.15	0	.7653936	.2346064	0	0
1142.15	0	.7645502	.2354498	0	0
1141.15	0	.7637094	.2362906	0	0
1140.15	0	.7628712	.2371288	0	0
1139.15	0	.7620355	.2379645	0	0
1138.15	0	.7612024	.2387976	0	0
1137.15	0	.7603719	.2396281	0	0
1136.15	0	.7595439	.2404561	0	0
1135.15	0	.7587186	.2412814	0	0
1134.15	0	.7578959	.2421041	0	0
1133.15	0	.7570758	.2429242	0	0
1132.15	0	.7562583	.2437417	0	0
1131.15	0	.7554434	.2445566	0	0
1130.15	0	.7546312	.2453688	0	0
1129.15	0	.7538216	.2461784	0	0
1128.15	0	.7530147	.2469853	0	0
1127.15	0	.7522104	.2477896	0	0
1126.15	0	.7514088	.2485912	0	0
1125.15	0	.7506099	.2493901	0	0
1124.15	0	.7498137	.2501863	0	0
1123.15	0	.7490202	.2509798	0	0
1122.15	0	.7482293	.2517707	0	0
1121.15	0	.7474412	.2525588	0	0
1120.15	0	.7466558	.2533442	0	0
1119.15	0	.7458732	.2541268	0	0
1118.15	0	.7450932	.2549068	0	0
1117.15	0	.7443161	.2556839	0	0
1116.15	0	.7435416	.2564584	0	0
1115.829	0	.7432933	.2567067	0	0
1115.829	0	.7432933	.2567067	0	0
1115.829	0	.7432933	.2567067	0	0
1115.15	0	.7426096	.2571074	2.830412E-04	0
1114.15	0	.7416053	.2576953	6.993375E-04	0
1113.15	0	.740605	.2582804	.001114638	0
1112.15	0	.7396086	.2588625	.001528945	0
1111.15	0	.7386161	.2594417	.00194226	0
1110.15	0	.7376275	.2600179	.002354586	0
1109.15	0	.7366428	.2605912	.002765925	0
1108.15	0	.7356621	.2611616	.003176279	0
1107.15	0	.7346853	.2617291	.00358565	0
1106.15	0	.7337124	.2622935	.00399404	0
1105.15	0	.7327435	.2628551	.004401451	0
1104.15	0	.7317784	.2634137	.004807885	0
1103.15	0	.7308173	.2639693	.005213344	0
1102.15	0	.7298602	.264522	.005617831	0
1101.15	0	.7289069	.2650717	.006021346	0
1100.15	0	.7279576	.2656185	.006423893	0
1099.15	0	.7270122	.2661623	.006825473	0
1098.15	0	.7260708	.2667032	.007226087	0
1097.15	0	.7251332	.267241	.007625738	0
1096.15	0	.7241997	.2677759	.008024427	0
1095.15	0	.72327	.2683079	.008422157	0
1094.15	0	.7223443	.2688368	.008818929	0
1093.15	0	.7214225	.2693628	.009214744	0
1092.15	0	.7205046	.2698858	.009609606	0
1091.15	0	.7195907	.2704058	.01000351	0
1090.15	0	.7186807	.2709228	.01039647	0
1089.15	0	.7177747	.2714368	.01078848	0
1088.15	0	.7168726	.2719478	.01117954	0
1087.15	0	.7159745	.2724559	.01156965	0
1086.15	0	.7150803	.2729609	.01195882	0
1085.15	0	.71419	.2734629	.01234705	0
1084.15	0	.7133037	.2739619	.01273434	0
1083.15	0	.7124214	.2744579	.01312068	0
1082.15	0	.711543	.2749509	.01350609	0
1081.15	0	.7106686	.2754409	.01389056	0
1080.15	0	.7097981	.2759278	.01427409	0
1079.15	0	.7089316	.2764117	.01465669	0
1078.15	0	.708069	.2768926	.01503836	0
1077.15	0	.7072104	.2773705	.0154191	0
1076.15	0	.7063558	.2778453	.0157989	0
1075.15	0	.7055052	.2783171	.01617778	0
1074.15	0	.7046585	.2787858	.01655573	0
1073.15	0	.7038158	.2792515	.01693276	0
1072.15	0	.7029771	.2797141	.01730886	0
1071.15	0	.7021423	.2801736	.01768403	0
1070.15	0	.7013116	.2806302	.01805829	0
1069.15	0	.7004848	.2810836	.01843162	0
1068.15	0	.699662	.281534	.01880403	0
1067.15	0	.6988432	.2819813	.01917552	0
1066.15	0	.6980284	.2824255	.0195461	0
1065.15	0	.6972176	.2828666	.01991575	0
1064.15	0	.6964108	.2833047	.02028449	0
1063.15	0	.695608	.2837397	.02065232	0
1062.15	0	.6948092	.2841715	.02101923	0
1061.15	0	.6940145	.2846003	.02138523	0
1060.15	0	.6932237	.285026	.02175032	0
1059.15	0	.692437	.2854485	.02211449	0
1058.15	0	.6916543	.285868	.02247775	0
1057.15	0	.6908756	.2862843	.02284011	0
1056.15	0	.6901009	.2866976	.02320155	0
1055.15	0	.6893303	.2871077	.02356209	0
1054.15	0	.6885637	.2875146	.02392172	0
1053.15	0	.6878011	.2879185	.02428044	0
1052.15	0	.6870426	.2883192	.02463826	0
1051.15	0	.6862881	.2887167	.02499517	0
1050.15	0	.6855377	.2891111	.02535117	0
1049.15	0	.6847914	.2895024	.02570627	0
1048.15	0	.6840491	.2898905	.02606047	0
1047.15	0	.6833108	.2902754	.02641376	0
1046.15	0	.6825767	.2906572	.02676615	0
1045.15	0	.6818466	.2910358	.02711764	0
1044.15	0	.6811205	.2914112	.02746822	0
1043.15	0	.6803986	.2917835	.0278179	0
1042.15	0	.6796807	.2921526	.02816668	0
1041.15	0	.678967	.2925185	.02851456	0
1040.15	0	.6782573	.2928812	.02886154	0
1039.15	0	.6775517	.2932406	.02920762	0
1038.15	0	.6768503	.2935969	.02955279	0
1037.15	0	.6761529	.29395	.02989707	0
1036.15	0	.6754597	.2942999	.03024045	0
1035.15	0	.6747705	.2946466	.03058292	0
1034.15	0	.6740855	.29499	.03092449	0
1033.15	0	.6734046	.2953302	.03126517	0
1032.15	0	.6727278	.2956672	.03160494	0
1031.15	0	.6720552	.296001	.03194381	0
1030.15	0	.6713867	.2963315	.03228178	0
1029.15	0	.6707224	.2966588	.03261885	0
1028.15	0	.6700622	.2969828	.03295502	0
1027.15	0	.6694062	.2973036	.03329029	0
1026.15	0	.6687543	.2976211	.03362466	0
1025.15	0	.6681066	.2979353	.03395812	0
1024.15	0	.667463	.2982463	.03429068	0
1023.15	0	.6668236	.298554	.03462234	0
1022.15	0	.6661884	.2988585	.0349531	0
1021.15	0	.6655574	.2991596	.03528295	0
1020.15	0	.6649306	.2994575	.0356119	0
1019.15	0	.6643079	.2997521	.03593994	0
1018.15	0	.6636895	.3000434	.03626708	0
1017.15	0	.6630753	.3003314	.03659331	0
1016.15	0	.6624652	.3006161	.03691863	0
1015.15	0	.6618594	.3008975	.03724305	0
1014.15	0	.6612578	.3011756	.03756655	0
1013.15	0	.6606604	.3014504	.03788915	0
1012.15	0	.6600673	.3017219	.03821084	0
1011.15	0	.6594784	.30199	.03853161	0
1010.15	0	.6588937	.3022548	.03885148	0
1009.15	0	.6583132	.3025163	.03917043	0
1008.15	0	.6577371	.3027745	.03948846	0
1007.15	0	.6571651	.3030293	.03980558	0
1006.15	0	.6565974	.3032808	.04012178	0
1005.15	0	.656034	.3035289	.04043707	0
1004.15	0	.6554748	.3037737	.04075143	0
1003.15	0	.6549199	.3040152	.04106488	0
1002.15	0	.6543693	.3042533	.0413774	0
1001.15	0	.653823	.304488	.04168899	0
1000.15	0	.6532809	.3047194	.04199967	0
999.15	0	.6527432	.3049474	.04230941	0
998.15	0	.6522097	.3051721	.04261823	0
997.15	0	.6516805	.3053934	.04292611	0
996.15	0	.6511556	.3056113	.04323307	0
995.15	0	.650635	.3058259	.04353909	0
994.15	0	.6501188	.3060371	.04384417	0
993.15	0	.6496068	.3062449	.04414831	0
992.15	0	.6490992	.3064493	.04445152	0
991.15	0	.6485959	.3066504	.04475378	0
990.15	0	.6480969	.306848	.0450551	0
989.15	0	.6476022	.3070423	.04535547	0
988.15	0	.6471119	.3072332	.0456549	0
987.15	0	.6466259	.3074207	.04595337	0
986.15	0	.6461442	.3076049	.04625089	0
985.15	0	.6456669	.3077856	.04654745	0
984.15	0	.645194	.307963	.04684305	0
983.15	0	.6447253	.308137	.0471377	0
982.15	0	.6442611	.3083076	.04743137	0
981.15	0	.6438012	.3084748	.04772409	0
980.15	0	.6433456	.3086386	.04801583	0
979.15	0	.6428944	.308799	.0483066	0
978.15	0	.6424476	.308956	.0485964	0
977.15	0	.6420051	.3091097	.04888521	0
976.15	0	.641567	.30926	.04917305	0
975.15	0	.6411332	.3094069	.04945989	0
974.15	0	.6407039	.3095504	.04974576	0
973.15	0	.6402789	.3096905	.05003062	0
972.15	0	.6398582	.3098273	.0503145	0
971.15	0	.639442	.3099607	.05059737	0
970.15	0	.6390301	.3100907	.05087924	0
969.15	0	.6386226	.3102173	.05116011	0
968.15	0	.6382194	.3103406	.05143997	0
967.15	0	.6378207	.3104605	.05171881	0
966.15	0	.6374263	.3105771	.05199663	0
965.15	0	.6370362	.3106903	.05227344	0
964.15	0	.6366506	.3108002	.05254921	0
963.15	0	.6362693	.3109067	.05282396	0
962.15	0	.6358924	.3110099	.05309767	0
961.15	0	.6355199	.3111098	.05337034	0
960.15	0	.6351517	.3112064	.05364197	0
959.15	0	.6347879	.3112996	.05391254	0
958.15	0	.6344284	.3113895	.05418207	0
957.15	0	.6340733	.3114761	.05445053	0
956.15	0	.6337226	.3115595	.05471794	0
955.15	0	.6333762	.3116395	.05498427	0
954.15	0	.6330342	.3117163	.05524953	0
953.15	0	.6326965	.3117898	.05551371	0
952.15	0	.6323631	.3118601	.0557768	0
951.15	0	.6320341	.3119271	.05603881	0
950.15	0	.6317094	.3119909	.05629972	0
949.15	0	.631389	.3120515	.05655953	0
948.15	0	.6310729	.3121088	.05681823	0
947.15	0	.6307612	.312163	.05707581	0
946.15	0	.6304537	.312214	.05733228	0
945.15	0	.6301506	.3122618	.05758762	0
944.15	0	.6298517	.3123065	.05784183	0
943.15	0	.6295571	.312348	.05809489	0
942.15	0	.6292667	.3123864	.05834682	0
941.15	0	.6289807	.3124218	.05859758	0
940.15	0	.6286988	.312454	.05884719	0
939.15	0	.6284212	.3124832	.05909563	0
938.15	0	.6281478	.3125093	.0593429	0
937.15	0	.6278786	.3125324	.05958899	0
936.15	0	.6276137	.3125524	.05983388	0
935.15	0	.6273529	.3125695	.06007758	0
934.15	0	.6270963	.3125837	.06032007	0
933.15	0	.6268438	.3125949	.06056135	0
932.15	0	.6265955	.3126031	.06080141	0
931.15	0	.6263512	.3126085	.06104024	0
930.15	0	.6261111	.3126111	.06127783	0
929.15	0	.6258751	.3126107	.06151418	0
928.15	0	.6256431	.3126076	.06174926	0
927.15	0	.6254152	.3126017	.06198309	0
926.15	0	.6251914	.312593	.06221564	0
925.15	0	.6249715	.3125816	.0624469	0
924.15	0	.6247556	.3125675	.06267687	0
923.15	0	.6245437	.3125508	.06290554	0
922.15	0	.6243357	.3125314	.06313289	0
921.15	0	.6241316	.3125095	.06335892	0
920.15	0	.6239314	.312485	.06358362	0
919.15	0	.6237351	.312458	.06380697	0
918.15	0	.6235426	.3124285	.06402896	0
917.15	0	.6233539	.3123965	.06424959	0
916.15	0	.623169	.3123622	.06446884	0
915.15	0	.6229878	.3123255	.0646867	0
914.15	0	.6228103	.3122865	.06490315	0
913.15	0	.6226365	.3122453	.0651182	0
912.15	0	.6224664	.3122018	.06533181	0
911.15	0	.6222999	.3121562	.06554399	0
910.15	0	.6221369	.3121084	.06575471	0
909.15	0	.6219775	.3120586	.06596397	0
908.15	0	.6218215	.3120067	.06617175	0
907.15	0	.621669	.3119529	.06637804	0
906.15	0	.62152	.3118972	.06658282	0
905.15	0	.6213743	.3118397	.06678609	0
904.15	0	.6212319	.3117803	.06698781	0
903.15	0	.6210928	.3117192	.06718799	0
902.15	0	.6209569	.3116565	.06738659	0
901.15	0	.6208242	.3115922	.06758362	0
900.15	0	.6206946	.3115263	.06777905	0
899.15	0	.6205681	.311459	.06797287	0
898.15	0	.6204447	.3113903	.06816505	0
897.15	0	.6203241	.3113203	.06835559	0
896.15	0	.6202065	.311249	.06854446	0
895.15	0	.6200918	.3111766	.06873164	0
894.15	0	.6199798	.3111031	.06891712	0
893.15	0	.6198706	.3110286	.06910088	0
892.15	0	.619764	.3109532	.0692829	0
891.15	0	.6196599	.3108769	.06946316	0
890.15	0	.6195584	.3107999	.06964164	0
889.15	0	.6194594	.3107223	.06981831	0
888.15	0	.6193627	.3106441	.06999316	0
887.15	0	.6192683	.3105655	.07016617	0
886.15	0	.6191762	.3104865	.07033731	0
885.15	0	.6190861	.3104073	.07050655	0
884.15	0	.6189982	.310328	.07067388	0
883.15	0	.6189121	.3102486	.07083927	0
882.15	0	.618828	.3101693	.07100269	0
881.15	0	.6187456	.3100903	.07116412	0
880.15	0	.618665	.3100115	.07132353	0
879.15	0	.6185859	.3099332	.0714809	0
878.15	0	.6185083	.3098555	.07163619	0
877.15	0	.6184321	.3097786	.07178938	0
876.15	0	.6183571	.3097025	.07194043	0
875.15	0	.6182833	.3096274	.07208932	0
874.15	0	.6182106	.3095534	.072236	0
873.15	0	.6181388	.3094808	.07238046	0
872.15	0	.6180678	.3094096	.07252265	0
871.15	0	.6179974	.30934	.07266254	0
870.15	0	.6179276	.3092723	.0728001	0
869.15	0	.6178583	.3092065	.07293527	0
868.15	0	.6177892	.3091428	.07306803	0
867.15	0	.6177202	.3090815	.07319833	0
866.15	0	.6176511	.3090227	.07332613	0
865.15	0	.6175819	.3089667	.07345139	0
864.15	0	.6175124	.3089136	.07357405	0
863.15	0	.6174423	.3088636	.07369408	0
862.15	0	.6173715	.3088171	.07381141	0
861.15	0	.6172998	.3087742	.07392601	0
860.15	0	.6172271	.3087351	.07403781	0
859.15	0	.6171531	.3087002	.07414675	0
858.15	0	.6170776	.3086696	.07425279	0
857.15	0	.6170004	.3086437	.07435585	0
856.15	0	.6169214	.3086228	.07445586	0
855.15	0	.6168401	.3086071	.07455277	0
854.15	0	.6167565	.308597	.0746465	0
853.15	0	.6166702	.3085929	.07473697	0
852.15	0	.616581	.308595	.0748241	0
851.15	0	.6164885	.3086037	.07490781	0
850.15	0	.6163926	.3086194	.07498801	0
849.15	0	.6162928	.3086426	.0750646	0
848.15	0	.6161889	.3086736	.07513749	0
847.15	0	.6160805	.308713	.07520657	0
846.15	0	.6159672	.3087611	.07527173	0
845.15	0	.6158486	.3088186	.07533285	0
844.15	0	.6157243	.3088859	.07538979	0
843.15	0	.615594	.3089636	.07544243	0
842.15	0	.615457	.3090524	.07549062	0
841.15	0	.6153129	.3091529	.0755342	0
840.15	0	.6151611	.3092659	.07557301	0
839.15	0	.6150012	.309392	.07560685	0
838.15	0	.6148324	.3095321	.07563555	0
837.15	0	.614654	.3096871	.07565888	0
836.15	0	.6144654	.309858	.07567662	0
835.15	0	.6142657	.3100458	.07568851	0
834.15	0	.6140542	.3102516	.07569429	0
833.15	0	.6138297	.3104766	.07569366	0
832.15	0	.6135914	.3107224	.07568628	0
831.15	0	.6129892	.3114265	.07558432	0
830.15	0	.6122579	.3122982	.07544391	0
829.15	0	.6115918	.3130946	.07531364	0
828.15	0	.6109844	.3138233	.0751923	0
827.15	0	.6104302	.3144909	.0750789	0
826.15	0	.6099244	.315103	.07497257	0
825.15	0	.6094628	.3156646	.0748726	0
824.15	0	.6090416	.31618	.07477833	0
823.15	0	.6086576	.3166532	.07468923	0
822.15	0	.6083078	.3170874	.07460481	0
821.15	0	.6079896	.3174858	.07452465	0
820.15	0	.6077005	.3178511	.07444837	0
819.15	0	.6074385	.3181859	.07437564	0
818.15	0	.6072015	.3184923	.07430616	0
817.15	0	.6069878	.3187725	.07423967	0
816.15	0	.6067958	.3190283	.07417593	0
815.15	0	.6066239	.3192614	.07411472	0
814.15	0	.6064708	.3194733	.07405586	0
813.15	0	.6063352	.3196656	.07399915	0
812.15	0	.606216	.3198396	.07394445	0
811.15	0	.606112	.3199964	.0738916	0
810.15	0	.6060223	.3201372	.07384048	0
809.15	0	.605946	.3202631	.07379096	0
808.15	0	.6058821	.320375	.07374293	0
807.15	0	.6058298	.3204739	.07369629	0
806.15	0	.6057885	.3205605	.07365094	0
805.15	0	.6057574	.3206358	.07360679	0
804.15	0	.6057359	.3207003	.07356377	0
803.15	0	.6057233	.3207549	.0735218	0
802.15	0	.6057192	.3208	.07348081	0
801.15	0	.6057228	.3208365	.07344073	0
800.15	0	.6057338	.3208647	.07340152	0
799.15	0	.6057517	.3208852	.07336311	0
798.15	0	.605776	.3208986	.07332545	0
797.15	0	.6058063	.3209052	.07328849	0
796.15	0	.6058422	.3209056	.07325219	0
795.15	0	.6058834	.3209001	.07321651	0
794.15	0	.6059295	.3208891	.07318141	0
793.15	0	.6059801	.320873	.07314685	0
792.15	0	.6060351	.3208521	.0731128	0
791.15	0	.606094	.3208268	.07307922	0
790.15	0	.6061566	.3207974	.07304608	0
789.15	0	.6062226	.320764	.07301337	0
788.15	0	.6062919	.3207271	.07298105	0
787.15	0	.6063641	.3206869	.07294909	0
786.15	0	.606439	.3206435	.07291747	0
785.15	0	.6065165	.3205973	.07288618	0
784.15	0	.6065964	.3205484	.07285518	0
783.15	0	.6066784	.3204971	.07282447	0
782.15	0	.6067624	.3204436	.07279401	0
781.15	0	.6068482	.320388	.07276381	0
780.15	0	.6069357	.3203304	.07273382	0
779.15	0	.6070248	.3202712	.07270406	0
778.15	0	.6071152	.3202103	.07267448	0
777.15	0	.6072069	.320148	.0726451	0
776.15	0	.6072997	.3200844	.07261588	0
775.15	0	.6073935	.3200196	.07258682	0
774.15	0	.6074883	.3199538	.07255791	0
773.15	0	.6075838	.3198871	.07252914	0
772.15	0	.60768	.3198195	.07250048	0
771.15	0	.6077769	.3197512	.07247195	0
770.15	0	.6078742	.3196823	.07244352	0
769.15	0	.607972	.3196128	.07241518	0
768.15	0	.6080702	.3195429	.07238693	0
767.15	0	.6081686	.3194727	.07235877	0
766.15	0	.6082672	.3194021	.07233067	0
765.15	0	.608366	.3193314	.07230264	0
764.15	0	.6084648	.3192605	.07227467	0
763.15	0	.6085637	.3191896	.07224675	0
762.15	0	.6086625	.3191186	.07221887	0
761.15	0	.6087612	.3190478	.07219103	0
760.15	0	.6088598	.318977	.07216323	0
759.15	0	.6089582	.3189063	.07213545	0
758.15	0	.6090564	.3188359	.0721077	0
757.15	0	.6091543	.3187658	.07207997	0
756.15	0	.6092518	.3186959	.07205225	0
755.15	0	.6093491	.3186264	.07202453	0
754.15	0	.6094459	.3185573	.07199683	0
753.15	0	.6095423	.3184886	.07196912	0
752.15	0	.6096414	.318418	.07194062	0
751.15	0	.6097366	.3183504	.07191296	0
750.15	0	.6098313	.3182834	.0718853	0
749.15	0	.6099256	.3182168	.07185761	0
748.15	0	.6100192	.3181509	.07182991	0
747.15	0	.6101123	.3180855	.07180218	0
746.15	0	.6102048	.3180207	.07177443	0
745.15	0	.6102967	.3179566	.07174665	0
744.15	0	.610388	.3178932	.07171885	0
743.15	0	.6104786	.3178304	.07169101	0
742.15	0	.6105686	.3177683	.07166314	0
741.15	0	.6106579	.3177069	.07163524	0
740.15	0	.6107465	.3176463	.07160729	0
739.15	0	.6108343	.3175864	.07157931	0
738.15	0	.6109215	.3175272	.07155129	0
737.15	0	.6110079	.3174688	.07152322	0
736.15	0	.6110936	.3174113	.07149511	0
735.15	0	.6111786	.3173545	.07146696	0
734.15	0	.6112628	.3172985	.07143876	0
733.15	0	.6113462	.3172433	.07141051	0
732.15	0	.6114289	.3171889	.07138221	0
731.15	0	.6115107	.3171354	.07135386	0
730.15	0	.6115918	.3170827	.07132546	0
729.15	0	.6116721	.3170309	.07129701	0
728.15	0	.6117516	.3169799	.07126851	0
727.15	0	.6118303	.3169297	.07123995	0
726.15	0	.6119082	.3168804	.07121134	0
725.15	0	.6119853	.316832	.07118267	0
724.15	0	.6120616	.3167844	.07115395	0
723.15	0	.6121371	.3167377	.07112517	0
722.15	0	.6122118	.3166919	.07109633	0
721.15	0	.6122857	.3166469	.07106744	0
720.15	0	.6123587	.3166028	.07103848	0
719.15	0	.6124309	.3165596	.07100947	0
718.15	0	.6125024	.3165172	.0709804	0
717.15	0	.612573	.3164758	.07095127	0
716.15	0	.6126428	.3164351	.07092208	0
715.15	0	.6127118	.3163954	.07089284	0
714.15	0	.61278	.3163565	.07086353	0
713.15	0	.6128473	.3163185	.07083416	0
712.15	0	.6129139	.3162814	.07080473	0
711.15	0	.6129797	.3162451	.07077524	0
710.15	0	.6130446	.3162097	.07074569	0
709.15	0	.6131088	.3161751	.07071608	0
708.15	0	.6131722	.3161414	.07068641	0
707.15	0	.6132348	.3161086	.07065668	0
706.15	0	.6132965	.3160766	.07062689	0
705.15	0	.6133575	.3160454	.07059704	0
704.15	0	.6134177	.3160151	.07056712	0
703.15	0	.6134772	.3159857	.07053715	0
702.15	0	.6135359	.315957	.07050712	0
701.15	0	.6135938	.3159292	.07047702	0
700.15	0	.6136509	.3159023	.07044687	0
699.15	0	.6137072	.3158761	.07041666	0
698.15	0	.6137628	.3158508	.07038639	0
697.15	0	.6138177	.3158263	.07035605	0
696.15	0	.6138718	.3158026	.07032566	0
695.15	0	.6139251	.3157797	.07029521	0
694.15	0	.6139777	.3157576	.0702647	0
693.15	0	.6140296	.3157363	.07023414	0
692.15	0	.6140807	.3157158	.07020351	0
691.15	0	.6141311	.3156961	.07017283	0
690.15	0	.6141808	.3156771	.07014209	0
689.15	0	.6142298	.3156589	.0701113	0
688.15	0	.614278	.3156415	.07008044	0
687.15	0	.6143256	.3156249	.07004954	0
686.15	0	.6143724	.315609	.07001857	0
685.15	0	.6144186	.3155939	.06998755	0
684.15	0	.614464	.3155795	.06995648	0
683.15	0	.6145088	.3155659	.06992535	0
682.15	0	.6145529	.315553	.06989417	0
681.15	0	.6145963	.3155408	.06986293	0
680.15	0	.614639	.3155294	.06983164	0
679.15	0	.6146811	.3155186	.0698003	0
678.15	0	.6147225	.3155086	.06976891	0
677.15	0	.6147632	.3154993	.06973746	0
676.15	0	.6148033	.3154907	.06970597	0
675.15	0	.6148428	.3154828	.06967442	0
674.15	0	.6148816	.3154756	.06964283	0
673.15	0	.6149198	.3154691	.06961118	0
672.15	0	.6149573	.3154632	.06957949	0
671.15	0	.6149942	.315458	.06954774	0
670.15	0	.6150305	.3154535	.06951595	0
669.15	0	.6150662	.3154497	.06948412	0
668.15	0	.6151013	.3154465	.06945223	0
667.15	0	.6151358	.3154439	.0694203	0
666.15	0	.6151697	.315442	.06938833	0
665.15	0	.615203	.3154407	.06935631	0
664.15	0	.6152357	.3154401	.06932424	0
663.15	0	.6152678	.3154401	.06929213	0
662.15	0	.6152993	.3154407	.06925998	0
661.15	0	.6153303	.3154419	.06922779	0
660.15	0	.6153607	.3154438	.06919555	0
659.15	0	.6153905	.3154462	.06916328	0
658.15	0	.6154198	.3154492	.06913096	0
657.15	0	.6154485	.3154529	.06909861	0
656.15	0	.6154767	.3154571	.06906621	0
655.15	0	.6155044	.3154618	.06903378	0
654.15	0	.6155315	.3154672	.06900131	0
653.15	0	.6155581	.3154731	.0689688	0
652.15	0	.6155841	.3154796	.06893625	0
651.15	0	.6156097	.3154867	.06890367	0
650.15	0	.6156347	.3154943	.06887106	0
649.15	0	.6156592	.3155024	.06883841	0
648.15	0	.6156832	.3155111	.06880572	0
647.15	0	.6157067	.3155203	.06877301	0
646.15	0	.6157297	.3155301	.06874026	0
645.15	0	.6157522	.3155404	.06870748	0
644.15	0	.6157742	.3155512	.06867467	0
643.15	0	.6157957	.3155625	.06864182	0
642.15	0	.6158168	.3155743	.06860895	0
641.15	0	.6158374	.3155866	.06857605	0
640.15	0	.6158575	.3155994	.06854312	0
639.15	0	.6158771	.3156127	.06851017	0
638.15	0	.6158963	.3156265	.06847719	0
637.15	0	.6159151	.3156408	.06844418	0
636.15	0	.6159334	.3156555	.06841114	0
635.15	0	.6159512	.3156707	.06837809	0
634.15	0	.6159686	.3156864	.06834501	0
633.15	0	.6159856	.3157025	.0683119	0
632.15	0	.6160021	.3157191	.06827877	0
631.15	0	.6160182	.3157362	.06824563	0
630.15	0	.6160339	.3157537	.06821246	0
629.15	0	.6160492	.3157716	.06817927	0
628.15	0	.616064	.3157899	.06814606	0
627.15	0	.6160784	.3158087	.06811283	0
626.15	0	.6160925	.3158279	.06807959	0
625.15	0	.6161061	.3158476	.06804633	0
624.15	0	.6161193	.3158676	.06801305	0
623.15	0	.6161322	.3158881	.06797976	0
622.15	0	.6161446	.3159089	.06794645	0
621.15	0	.6161567	.3159302	.06791313	0
620.15	0	.6161684	.3159519	.06787979	0
619.15	0	.6161797	.3159739	.06784644	0
618.15	0	.6161906	.3159963	.06781308	0
617.15	0	.6162012	.3160191	.06777971	0
616.15	0	.6162114	.3160423	.06774633	0
615.15	0	.6162212	.3160659	.06771294	0
614.15	0	.6162307	.3160898	.06767954	0
613.15	0	.6162398	.3161141	.06764613	0
612.15	0	.6162486	.3161387	.06761272	0
611.15	0	.616257	.3161637	.0675793	0
610.15	0	.6162651	.3161891	.06754587	0
609.15	0	.6162728	.3162148	.06751244	0
608.15	0	.6162802	.3162408	.067479	0
607.15	0	.6162873	.3162672	.06744557	0
606.15	0	.616294	.3162938	.06741212	0
605.15	0	.6163005	.3163209	.06737868	0
604.15	0	.6163066	.3163482	.06734524	0
603.15	0	.6163124	.3163759	.06731179	0
602.15	0	.6163178	.3164038	.06727835	0
601.15	0	.616323	.3164321	.06724491	0
600.15	0	.6163278	.3164607	.06721147	0
599.15	0	.6163324	.3164896	.06717803	0
598.15	0	.6163366	.3165188	.0671446	0
597.15	0	.6163406	.3165482	.06711117	0
596.15	0	.6163443	.316578	.06707774	0
595.15	0	.6163476	.316608	.06704432	0
594.15	0	.6163507	.3166384	.06701091	0
593.15	0	.6163535	.316669	.06697751	0
592.15	0	.6163561	.3166998	.06694411	0
591.15	0	.6163583	.316731	.06691073	0
590.15	0	.6163603	.3167624	.06687735	0
589.15	0	.616362	.316794	.06684398	0
588.15	0	.6163634	.316826	.06681063	0
587.15	0	.6163646	.3168581	.06677729	0
586.15	0	.6163655	.3168905	.06674396	0
585.15	0	.6163662	.3169232	.06671064	0
584.15	0	.6163666	.3169561	.06667734	0
583.15	0	.6163667	.3169892	.06664406	0
582.15	0	.6163666	.3170226	.06661079	0
581.15	0	.6163663	.3170562	.06657753	0
580.15	0	.6163657	.31709	.0665443	0
579.15	0	.6163649	.3171241	.06651108	0
578.15	0	.6163638	.3171583	.06647788	0
577.15	0	.6163625	.3171928	.06644471	0
576.15	0	.616361	.3172275	.06641155	0
575.15	0	.6163592	.3172624	.06637842	0
574.15	0	.6163572	.3172975	.0663453	0
573.15	0	.616355	.3173328	.06631221	0
572.15	0	.6163526	.3173683	.06627915	0
571.15	0	.61635	.3174039	.06624611	0
570.15	0	.6163471	.3174398	.06621309	0
569.15	0	.616344	.3174759	.0661801	0
568.15	0	.6163407	.3175121	.06614714	0
567.15	0	.6163373	.3175485	.0661142	0
566.15	0	.6163336	.3175851	.0660813	0
565.15	0	.6163297	.3176219	.06604842	0
564.15	0	.6163256	.3176588	.06601558	0
563.15	0	.6163213	.3176959	.06598276	0
562.15	0	.6163169	.3177332	.06594997	0
561.15	0	.6163122	.3177706	.06591722	0
560.15	0	.6163073	.3178082	.0658845	0
559.15	0	.6163023	.3178459	.06585182	0
558.15	0	.6162971	.3178838	.06581917	0
557.15	0	.6162917	.3179218	.06578655	0
556.15	0	.6162861	.3179599	.06575398	0
555.15	0	.6162803	.3179982	.06572144	0
554.15	0	.6162744	.3180367	.06568893	0
553.15	0	.6162683	.3180752	.06565647	0
552.15	0	.616262	.3181139	.06562404	0
551.15	0	.6162556	.3181527	.06559165	0
550.15	0	.616249	.3181917	.06555931	0
549.15	0	.6162422	.3182308	.06552701	0
548.15	0	.6162353	.3182699	.06549475	0
547.15	0	.6162283	.3183092	.06546253	0
546.15	0	.616221	.3183486	.06543035	0
545.15	0	.6162136	.3183881	.06539822	0
544.15	0	.6162061	.3184278	.06536614	0
543.15	0	.6161984	.3184675	.0653341	0
542.15	0	.6161906	.3185073	.06530211	0
541.15	0	.6161826	.3185472	.06527017	0
540.15	0	.6161745	.3185872	.06523827	0
539.15	0	.6161663	.3186273	.06520643	0
538.15	0	.6161579	.3186675	.06517463	0
537.15	0	.6161493	.3187078	.06514288	0
536.15	0	.6161407	.3187481	.06511119	0
535.15	0	.6161319	.3187886	.06507955	0
534.15	0	.616123	.3188291	.06504796	0
533.15	0	.6161139	.3188697	.06501642	0
532.15	0	.6161048	.3189103	.06498494	0
531.15	0	.6160955	.318951	.06495352	0
530.15	0	.6160861	.3189918	.06492215	0
529.15	0	.6160765	.3190327	.06489083	0
528.15	0	.6160669	.3190736	.06485957	0
527.15	0	.6160571	.3191145	.06482837	0
526.15	0	.6160472	.3191555	.06479724	0
525.15	0	.6160372	.3191966	.06476616	0
524.15	0	.6160271	.3192377	.06473513	0
523.15	0	.6160169	.3192789	.06470418	0
522.15	0	.6160066	.3193201	.06467328	0
521.15	0	.6159962	.3193613	.06464244	0
520.15	0	.6159857	.3194026	.06461167	0
519.15	0	.6159751	.319444	.06458096	0
518.15	0	.6159644	.3194853	.06455032	0
517.15	0	.6159536	.3195267	.06451974	0
516.15	0	.6159427	.3195681	.06448922	0
515.15	0	.6159317	.3196096	.06445878	0
514.15	0	.6159206	.319651	.0644284	0
513.15	0	.6159094	.3196925	.06439809	0
512.15	0	.6158981	.319734	.06436785	0
511.15	0	.6158868	.3197755	.06433767	0
510.15	0	.6158754	.3198171	.06430757	0
509.15	0	.6158638	.3198586	.06427754	0
508.15	0	.6158522	.3199002	.06424758	0
507.15	0	.6158406	.3199418	.06421769	0
506.15	0	.6158288	.3199833	.06418788	0
505.15	0	.615817	.3200249	.06415814	0
504.15	0	.6158051	.3200665	.06412847	0
503.15	0	.6157931	.320108	.06409888	0
502.15	0	.6157811	.3201496	.06406936	0
501.15	0	.6157689	.3201912	.06403992	0
500.15	0	.6157569	.3202327	.06401039	0
499.15	0	.6157447	.3202742	.06398111	0
498.15	0	.6157324	.3203157	.0639519	0
497.15	0	.61572	.3203572	.06392277	0
496.15	0	.6157076	.3203987	.06389372	0
495.15	0	.6156951	.3204402	.06386475	0
494.15	0	.6156825	.3204816	.06383586	0
493.15	0	.6156699	.3205231	.06380705	0
492.15	0	.6156572	.3205645	.06377833	0
491.15	0	.6156445	.3206058	.06374969	0
490.15	0	.6156317	.3206472	.06372113	0
489.15	0	.6156189	.3206885	.06369266	0
488.15	0	.615606	.3207297	.06366427	0
487.15	0	.6155931	.3207709	.06363597	0
486.15	0	.6155801	.3208121	.06360775	0
485.15	0	.6155671	.3208533	.06357962	0
484.15	0	.6155541	.3208944	.06355158	0
483.15	0	.6155409	.3209354	.06352363	0
482.15	0	.6155278	.3209764	.06349576	0
481.15	0	.6155146	.3210174	.06346799	0
480.15	0	.6155014	.3210583	.0634403	0
479.15	0	.6154881	.3210992	.06341271	0
478.15	0	.6154748	.32114	.06338521	0
477.15	0	.6154615	.3211807	.0633578	0
476.15	0	.6154481	.3212214	.06333048	0
475.15	0	.6154347	.321262	.06330325	0
474.15	0	.6154213	.3213026	.06327612	0
473.15	0	.6154078	.3213431	.06324909	0
472.15	0	.6153944	.3213835	.06322215	0
471.15	0	.6153808	.3214239	.0631953	0
470.15	0	.6153673	.3214642	.06316856	0
469.15	0	.6153537	.3215044	.0631419	0
468.15	0	.6153401	.3215445	.06311535	0
467.15	0	.6153265	.3215846	.0630889	0
466.15	0	.6153129	.3216246	.06306254	0
465.15	0	.6152993	.3216645	.06303628	0
464.15	0	.6152856	.3217043	.06301012	0
463.15	0	.6152719	.321744	.06298407	0
462.15	0	.6152582	.3217837	.06295811	0
461.15	0	.6152445	.3218233	.06293226	0
460.15	0	.6152307	.3218628	.06290651	0
459.15	0	.615217	.3219022	.06288086	0
458.15	0	.6152032	.3219415	.06285531	0
457.15	0	.6151895	.3219807	.06282987	0
456.15	0	.6151757	.3220198	.06280453	0
455.15	0	.6151619	.3220588	.0627793	0
454.15	0	.6151481	.3220978	.06275417	0
453.15	0	.6151343	.3221366	.06272915	0
452.15	0	.6151205	.3221753	.06270424	0
451.15	0	.6151066	.3222139	.06267944	0
450.15	0	.6150928	.3222524	.06265474	0
449.15	0	.6150791	.3222908	.06263016	0
448.15	0	.6150653	.322329	.0626057	0
447.15	0	.6150515	.3223672	.06258135	0
446.15	0	.6150377	.3224052	.06255711	0
445.15	0	.615024	.322443	.06253299	0
444.15	0	.6150103	.3224808	.06250899	0
443.15	0	.6149966	.3225184	.0624851	0
442.15	0	.6149829	.3225558	.06246134	0
441.15	0	.6149692	.3225931	.0624377	0
440.5989	0	.6149617	.3226136	.06242473	0
440.5989	0	.6149617	.3226136	.06242473	0
440.5989	0	.6149617	.3226136	.06242473	0
440.15	0	.6150804	.3223442	.06227803	2.97423E-04
439.15	0	.6153441	.3217451	.06195178	9.590361E-04
438.15	0	.6156069	.3211474	.06162627	.001619418
437.15	0	.6158689	.320551	.06130149	.002278581
436.15	0	.61613	.319956	.06097745	.002936536
435.15	0	.6163903	.3193623	.06065413	.003593295
434.15	0	.6166498	.3187699	.06033153	.004248869
433.15	0	.6169084	.3181787	.06000964	.00490327
432.15	0	.6171663	.3175888	.05968847	.005556508
431.15	0	.6174234	.317	.059368	.006208594
430.15	0	.6176797	.3164125	.05904824	.006859539
429.15	0	.6179353	.3158262	.05872919	.007509354
428.15	0	.6181901	.315241	.05841082	.00815805
427.15	0	.6184442	.314657	.05809315	.008805636
426.15	0	.6186976	.3140741	.05777617	.009452124
425.15	0	.6189503	.3134923	.05745987	.01009752
424.15	0	.6192023	.3129116	.05714425	.01074184
423.15	0	.6194537	.3123319	.05682931	.01138509
422.15	0	.6197044	.3117533	.05651505	.01202728
421.15	0	.6199544	.3111757	.05620145	.01266843
420.15	0	.6202038	.3105992	.05588852	.01330853
419.15	0	.6204525	.3100236	.05557625	.0139476
418.15	0	.6207007	.309449	.05526464	.01458565
417.15	0	.6209483	.3088754	.05495368	.01522269
416.15	0	.6211952	.3083027	.05464337	.01585873
415.15	0	.6214416	.307731	.05433371	.01649377
414.15	0	.6216874	.3071601	.0540247	.01712783
413.15	0	.6219326	.3065902	.05371632	.01776091
412.15	0	.6221773	.3060211	.05340859	.01839302
411.15	0	.6224214	.3054529	.05310148	.01902418
410.15	0	.622665	.3048856	.052795	.01965438
409.15	0	.6229081	.3043191	.05248915	.02028364
408.15	0	.6231506	.3037535	.05218393	.02091197
407.15	0	.6233927	.3031886	.05187932	.02153937
406.15	0	.6236342	.3026246	.05157532	.02216585
405.15	0	.6238753	.3020613	.05127194	.02279143
404.15	0	.6241159	.3014988	.05096917	.0234161
