T	 BPW(LIQUID)	BPW(BCC_A2)	BPW(FCC_A1)	BPW(LAVES_PHASE_C14)	BPW(NI3TI)
1473.15	.2315225	.6506173	0	.1178602	0
1472.15	.2255199	.6545965	0	.1198836	0
1471.15	.2196355	.6584917	0	.1218729	0
1470.15	.2138659	.6623051	0	.1238291	0
1469.15	.2082079	.6660389	0	.1257532	0
1468.15	.2026584	.6696954	0	.1276462	0
1467.15	.1972145	.6732766	0	.1295089	0
1466.15	.1918732	.6767846	0	.1313422	0
1465.15	.1866318	.6802213	0	.1331469	0
1464.15	.1814876	.6835886	0	.1349238	0
1463.15	.1764379	.6868884	0	.1366737	0
1462.15	.1714803	.6901224	0	.1383973	0
1461.15	.1666123	.6932924	0	.1400954	0
1460.15	.1618316	.6963999	0	.1417685	0
1459.15	.1571359	.6994466	0	.1434175	0
1458.15	.1525231	.702434	0	.1450429	0
1457.15	.1479909	.7053636	0	.1466454	0
1456.15	.1435375	.7082369	0	.1482256	0
1455.15	.1391607	.7110553	0	.1497841	0
1454.15	.1348586	.7138201	0	.1513213	0
1453.15	.1306294	.7165326	0	.152838	0
1452.15	.1264714	.7191942	0	.1543345	0
1451.15	.1223826	.7218059	0	.1558114	0
1450.15	.1183615	.7243692	0	.1572693	0
1449.15	.1144064	.726885	0	.1587085	0
1448.15	.1105158	.7293546	0	.1601296	0
1447.15	.106688	.731779	0	.161533	0
1446.15	.1029216	.7341593	0	.1629191	0
1445.15	.09921511	.7364965	0	.1642884	0
1444.15	.09556718	.7387916	0	.1656412	0
1443.15	.09197641	.7410456	0	.166978	0
1442.15	.08844149	.7432594	0	.1682991	0
1441.15	.08496113	.7454339	0	.169605	0
1440.15	.08153408	.74757	0	.1708959	0
1439.15	.07815914	.7496686	0	.1721723	0
1438.15	.07483511	.7517305	0	.1734344	0
1437.15	.07156088	.7537565	0	.1746826	0
1436.15	.06833532	.7557474	0	.1759172	0
1435.15	.06515736	.7577041	0	.1771386	0
1434.15	.06202594	.7596271	0	.178347	0
1433.15	.05894005	.7615173	0	.1795427	0
1432.15	.05589871	.7633753	0	.180726	0
1431.15	.05290094	.7652018	0	.1818972	0
1430.15	.04994581	.7669976	0	.1830566	0
1429.15	.04703241	.7687633	0	.1842043	0
1428.15	.04415985	.7704994	0	.1853408	0
1427.15	.04132727	.7722066	0	.1864661	0
1426.15	.03853383	.7738856	0	.1875806	0
1425.15	.03577872	.7755368	0	.1886845	0
1424.15	.03306113	.7771609	0	.189778	0
1423.15	.0303803	.7787584	0	.1908613	0
1422.15	.02773546	.7803298	0	.1919347	0
1421.15	.0251259	.7818758	0	.1929984	0
1420.15	.02255088	.7833967	0	.1940525	0
1419.15	.02000972	.7848931	0	.1950972	0
1418.15	.01750173	.7863655	0	.1961328	0
1417.15	.01502626	.7878143	0	.1971594	0
1416.15	.01258265	.7892401	0	.1981773	0
1415.15	.01017028	.7906432	0	.1991865	0
1414.15	.007788543	.7920241	0	.2001874	0
1413.15	.00543683	.7933832	0	.2011799	0
1412.15	.003114564	.794721	0	.2021644	0
1411.15	8.211738E-04	.7960379	0	.2031409	0
1410.789	0	.7965084	0	.2034916	0
1410.789	0	.7965084	0	.2034916	0
1410.15	0	.7961036	0	.2038964	0
1409.15	0	.7954713	0	.2045288	0
1408.15	0	.7948404	0	.2051596	0
1407.15	0	.794211	0	.205789	0
1406.15	0	.7935832	0	.2064169	0
1405.15	0	.7929568	0	.2070433	0
1404.15	0	.7923318	0	.2076682	0
1403.15	0	.7917083	0	.2082917	0
1402.15	0	.7910863	0	.2089137	0
1401.15	0	.7904658	0	.2095342	0
1400.15	0	.7898467	0	.2101533	0
1399.15	0	.789229	0	.210771	0
1398.15	0	.7886128	0	.2113872	0
1397.15	0	.787998	0	.212002	0
1396.15	0	.7873847	0	.2126153	0
1395.15	0	.7867727	0	.2132273	0
1394.15	0	.7861622	0	.2138378	0
1393.15	0	.7855531	0	.2144469	0
1392.15	0	.7849454	0	.2150546	0
1391.15	0	.7843392	0	.2156608	0
1390.15	0	.7837343	0	.2162657	0
1389.15	0	.7831308	0	.2168692	0
1388.15	0	.7825287	0	.2174713	0
1387.15	0	.781928	0	.218072	0
1386.15	0	.7813287	0	.2186713	0
1385.15	0	.7807308	0	.2192692	0
1384.15	0	.7801342	0	.2198658	0
1383.15	0	.779539	0	.220461	0
1382.15	0	.7789451	0	.2210549	0
1381.15	0	.7783527	0	.2216473	0
1380.15	0	.7777615	0	.2222385	0
1379.15	0	.7771718	0	.2228283	0
1378.15	0	.7765833	0	.2234167	0
1377.15	0	.7759962	0	.2240038	0
1376.15	0	.7754105	0	.2245895	0
1375.15	0	.774826	0	.225174	0
1374.15	0	.7742429	0	.2257571	0
1373.15	0	.7736611	0	.2263389	0
1372.15	0	.7730807	0	.2269193	0
1371.15	0	.7725015	0	.2274985	0
1370.15	0	.7719237	0	.2280763	0
1369.15	0	.7713471	0	.2286529	0
1368.15	0	.7707719	0	.2292281	0
1367.15	0	.770198	0	.229802	0
1366.15	0	.7696253	0	.2303747	0
1365.15	0	.7690539	0	.2309461	0
1364.15	0	.7684839	0	.2315161	0
1363.15	0	.7679151	0	.2320849	0
1362.15	0	.7673475	0	.2326525	0
1361.15	0	.7667813	0	.2332187	0
1360.15	0	.7662163	0	.2337837	0
1359.15	0	.7656525	0	.2343475	0
1358.15	0	.7650901	0	.2349099	0
1357.15	0	.7645289	0	.2354712	0
1356.15	0	.7639689	0	.2360311	0
1355.15	0	.7634102	0	.2365899	0
1354.15	0	.7628527	0	.2371473	0
1353.15	0	.7622964	0	.2377036	0
1352.15	0	.7617414	0	.2382586	0
1351.15	0	.7611876	0	.2388124	0
1350.15	0	.760635	0	.239365	0
1349.15	0	.7600837	0	.2399163	0
1348.15	0	.7595336	0	.2404664	0
1347.15	0	.7589847	0	.2410153	0
1346.15	0	.7584369	0	.2415631	0
1345.15	0	.7578904	0	.2421096	0
1344.15	0	.7573451	0	.2426549	0
1343.15	0	.756801	0	.243199	0
1342.15	0	.7562581	0	.2437419	0
1341.15	0	.7557164	0	.2442836	0
1340.15	0	.7551759	0	.2448241	0
1339.15	0	.7546365	0	.2453635	0
1338.15	0	.7540983	0	.2459017	0
1337.15	0	.7535613	0	.2464387	0
1336.15	0	.7530255	0	.2469745	0
1335.15	0	.7524908	0	.2475092	0
1334.15	0	.7519573	0	.2480427	0
1333.15	0	.751425	0	.248575	0
1332.15	0	.7508938	0	.2491062	0
1331.15	0	.7503637	0	.2496363	0
1330.15	0	.7498349	0	.2501651	0
1329.15	0	.7493071	0	.2506929	0
1328.15	0	.7487805	0	.2512195	0
1327.15	0	.748255	0	.251745	0
1326.15	0	.7477307	0	.2522693	0
1325.15	0	.7472075	0	.2527925	0
1324.15	0	.7466854	0	.2533146	0
1323.15	0	.7461645	0	.2538355	0
1322.15	0	.7456446	0	.2543554	0
1321.15	0	.7451259	0	.2548741	0
1320.15	0	.7446083	0	.2553917	0
1319.15	0	.7440918	0	.2559082	0
1318.15	0	.7435764	0	.2564236	0
1317.15	0	.7430621	0	.2569379	0
1316.15	0	.7425489	0	.2574511	0
1315.15	0	.7420368	0	.2579632	0
1314.15	0	.7415258	0	.2584742	0
1313.15	0	.7410159	0	.2589841	0
1312.15	0	.7405071	0	.2594929	0
1311.15	0	.7399993	0	.2600007	0
1310.15	0	.7394926	0	.2605074	0
1309.15	0	.738987	0	.261013	0
1308.15	0	.7384825	0	.2615175	0
1307.15	0	.737979	0	.262021	0
1306.15	0	.7374766	0	.2625234	0
1305.15	0	.7369753	0	.2630247	0
1304.15	0	.736475	0	.263525	0
1303.15	0	.7359758	0	.2640242	0
1302.15	0	.7354776	0	.2645224	0
1301.15	0	.7349805	0	.2650195	0
1300.15	0	.7344844	0	.2655156	0
1299.15	0	.7339894	0	.2660106	0
1298.15	0	.7334954	0	.2665046	0
1297.15	0	.7330024	0	.2669976	0
1296.15	0	.7325105	0	.2674895	0
1295.15	0	.7320196	0	.2679804	0
1294.15	0	.7315297	0	.2684703	0
1293.15	0	.7310408	0	.2689592	0
1292.15	0	.730553	0	.269447	0
1291.15	0	.7300662	0	.2699338	0
1290.15	0	.7295804	0	.2704196	0
1289.15	0	.7290956	0	.2709044	0
1288.15	0	.7286118	0	.2713882	0
1287.15	0	.728129	0	.271871	0
1286.15	0	.7276472	0	.2723527	0
1285.15	0	.7271665	0	.2728335	0
1284.15	0	.7266867	0	.2733133	0
1283.15	0	.7262079	0	.2737921	0
1282.15	0	.7257301	0	.2742699	0
1281.15	0	.7252533	0	.2747467	0
1280.15	0	.7247775	0	.2752226	0
1279.15	0	.7243026	0	.2756974	0
1278.15	0	.7238287	0	.2761713	0
1277.15	0	.7233558	0	.2766442	0
1276.15	0	.7228839	0	.2771161	0
1275.15	0	.722413	0	.277587	0
1274.15	0	.721943	0	.278057	0
1273.15	0	.721474	0	.2785261	0
1272.15	0	.7210059	0	.2789941	0
1271.15	0	.7205388	0	.2794612	0
1270.15	0	.7200726	0	.2799274	0
1269.15	0	.7196074	0	.2803926	0
1268.15	0	.7191432	0	.2808568	0
1267.15	0	.7186799	0	.2813201	0
1266.15	0	.7182175	0	.2817825	0
1265.15	0	.7177561	0	.2822439	0
1264.15	0	.7172956	0	.2827044	0
1263.15	0	.7168361	0	.2831639	0
1262.15	0	.7163775	0	.2836225	0
1261.15	0	.7159198	0	.2840802	0
1260.15	0	.7154631	0	.2845369	0
1259.15	0	.7150072	0	.2849928	0
1258.15	0	.7145523	0	.2854477	0
1257.15	0	.7140984	0	.2859016	0
1256.15	0	.7136453	0	.2863547	0
1255.15	0	.7131932	0	.2868069	0
1254.15	0	.7127419	0	.2872581	0
1253.15	0	.7122916	0	.2877084	0
1252.15	0	.7118422	0	.2881578	0
1251.15	0	.7113936	0	.2886064	0
1250.15	0	.710946	0	.289054	0
1249.15	0	.7104993	0	.2895007	0
1248.15	0	.7100535	0	.2899465	0
1247.15	0	.7096086	0	.2903914	0
1246.15	0	.7091645	0	.2908355	0
1245.15	0	.7087214	0	.2912786	0
1244.15	0	.7082791	0	.2917209	0
1243.15	0	.7078377	0	.2921623	0
1242.15	0	.7073972	0	.2926028	0
1241.15	0	.7069576	0	.2930424	0
1240.15	0	.7065189	0	.2934811	0
1239.15	0	.706081	0	.293919	0
1238.15	0	.705644	0	.294356	0
1237.15	0	.7052079	0	.2947921	0
1236.15	0	.7047726	0	.2952274	0
1235.15	0	.7043383	0	.2956618	0
1234.15	0	.7039047	0	.2960953	0
1233.15	0	.703472	0	.296528	0
1232.15	0	.7030402	0	.2969598	0
1231.15	0	.7026093	0	.2973907	0
1230.15	0	.7021792	0	.2978209	0
1229.15	0	.7017499	0	.2982501	0
1228.15	0	.7013215	0	.2986785	0
1227.15	0	.7008939	0	.2991061	0
1226.15	0	.7004672	0	.2995328	0
1225.15	0	.7000413	0	.2999587	0
1224.15	0	.6996163	0	.3003837	0
1223.15	0	.6991921	0	.3008079	0
1222.15	0	.6987687	0	.3012313	0
1221.15	0	.6983461	0	.3016539	0
1220.15	0	.6979244	0	.3020756	0
1219.15	0	.6975035	0	.3024965	0
1218.15	0	.6970835	0	.3029165	0
1217.15	0	.6966643	0	.3033357	0
1216.15	0	.6962458	0	.3037542	0
1215.15	0	.6958282	0	.3041718	0
1214.15	0	.6954115	0	.3045885	0
1213.15	0	.6949955	0	.3050045	0
1212.15	0	.6945803	0	.3054197	0
1211.15	0	.694166	0	.305834	0
1210.15	0	.6937525	0	.3062476	0
1209.15	0	.6933397	0	.3066603	0
1208.15	0	.6929278	0	.3070722	0
1207.15	0	.6925166	0	.3074834	0
1206.15	0	.6921063	0	.3078937	0
1205.15	0	.6916968	0	.3083032	0
1204.15	0	.691288	0	.308712	0
1203.15	0	.6908801	0	.3091199	0
1202.15	0	.6904729	0	.3095271	0
1201.15	0	.6900666	0	.3099334	0
1200.15	0	.689661	0	.310339	0
1199.15	0	.6892562	0	.3107438	0
1198.15	0	.6888522	0	.3111478	0
1197.15	0	.6884489	0	.3115511	0
1196.15	0	.6880465	0	.3119535	0
1195.15	0	.6876448	0	.3123552	0
1194.15	0	.6872439	0	.3127561	0
1193.15	0	.6868437	0	.3131563	0
1192.15	0	.6864444	0	.3135556	0
1191.15	0	.6860458	0	.3139542	0
1190.15	0	.685648	0	.314352	0
1189.15	0	.6852509	0	.3147491	0
1188.15	0	.6848546	0	.3151454	0
1187.15	0	.684459	0	.315541	0
1186.15	0	.6840643	0	.3159358	0
1185.15	0	.6836702	0	.3163298	0
1184.15	0	.683277	0	.3167231	0
1183.15	0	.6828844	0	.3171156	0
1182.15	0	.6824927	0	.3175074	0
1181.15	0	.6821016	0	.3178984	0
1180.15	0	.6817114	0	.3182887	0
1179.15	0	.6813218	0	.3186782	0
1178.15	0	.680933	0	.319067	0
1177.15	0	.680545	0	.319455	0
1176.15	0	.6801577	0	.3198423	0
1175.15	0	.6797711	0	.3202289	0
1174.15	0	.6793853	0	.3206147	0
1173.15	0	.6790002	0	.3209998	0
1172.15	0	.6786158	0	.3213842	0
1171.15	0	.6782322	0	.3217678	0
1170.15	0	.6778493	0	.3221507	0
1169.15	0	.6774671	0	.3225329	0
1168.15	0	.6770856	0	.3229144	0
1167.15	0	.6767049	0	.3232951	0
1166.15	0	.6763249	0	.3236751	0
1165.15	0	.6759456	0	.3240544	0
1164.15	0	.675567	0	.324433	0
1163.15	0	.6751891	0	.3248109	0
1162.15	0	.674812	0	.325188	0
1161.15	0	.6744356	0	.3255644	0
1160.15	0	.6740598	0	.3259402	0
1159.15	0	.6736848	0	.3263152	0
1158.15	0	.6733105	0	.3266895	0
1157.15	0	.6729369	0	.3270631	0
1156.15	0	.672564	0	.327436	0
1155.15	0	.6721918	0	.3278082	0
1154.15	0	.6718203	0	.3281797	0
1153.15	0	.6714495	0	.3285505	0
1152.15	0	.6710794	0	.3289206	0
1151.15	0	.67071	0	.32929	0
1150.15	0	.6703413	0	.3296587	0
1149.15	0	.6699733	0	.3300267	0
1148.15	0	.669606	0	.330394	0
1147.15	0	.6692393	0	.3307607	0
1146.15	0	.6688734	0	.3311266	0
1145.15	0	.6685081	0	.3314919	0
1144.15	0	.6681435	0	.3318565	0
1143.15	0	.6677796	0	.3322204	0
1142.15	0	.6674164	0	.3325836	0
1141.15	0	.6670539	0	.3329461	0
1140.15	0	.666692	0	.333308	0
1139.15	0	.6663308	0	.3336692	0
1138.15	0	.6659703	0	.3340297	0
1137.15	0	.6656105	0	.3343895	0
1136.15	0	.6652513	0	.3347487	0
1135.15	0	.6648928	0	.3351072	0
1134.15	0	.664535	0	.335465	0
1133.15	0	.6641779	0	.3358222	0
1132.15	0	.6638214	0	.3361787	0
1131.15	0	.6634655	0	.3365345	0
1130.15	0	.6631104	0	.3368897	0
1129.15	0	.6627558	0	.3372442	0
1128.15	0	.662402	0	.337598	0
1127.15	0	.6620488	0	.3379512	0
1126.15	0	.6616963	0	.3383037	0
1125.15	0	.6613444	0	.3386556	0
1124.15	0	.6609932	0	.3390068	0
1123.15	0	.6606426	0	.3393574	0
1122.15	0	.6602927	0	.3397073	0
1121.15	0	.6599434	0	.3400566	0
1120.15	0	.6595948	0	.3404053	0
1119.15	0	.6592468	0	.3407532	0
1118.15	0	.6588994	0	.3411006	0
1117.15	0	.6585527	0	.3414473	0
1116.15	0	.6582067	0	.3417933	0
1115.15	0	.6578613	0	.3421387	0
1114.15	0	.6575165	0	.3424835	0
1113.15	0	.6571723	0	.3428277	0
1112.15	0	.6568288	0	.3431712	0
1111.15	0	.656486	0	.343514	0
1110.15	0	.6561437	0	.3438563	0
1109.15	0	.6558021	0	.3441979	0
1108.15	0	.6554612	0	.3445388	0
1107.15	0	.6551208	0	.3448792	0
1106.15	0	.6547811	0	.3452189	0
1105.15	0	.654442	0	.345558	0
1104.15	0	.6541035	0	.3458965	0
1103.15	0	.6537657	0	.3462343	0
1102.15	0	.6534285	0	.3465715	0
1101.15	0	.6530919	0	.3469081	0
1100.15	0	.6527559	0	.3472441	0
1099.15	0	.6524205	0	.3475795	0
1098.15	0	.6520858	0	.3479142	0
1097.15	0	.6517517	0	.3482483	0
1096.15	0	.6514182	0	.3485818	0
1095.15	0	.6510853	0	.3489147	0
1094.15	0	.650753	0	.349247	0
1093.15	0	.6504213	0	.3495787	0
1092.15	0	.6500902	0	.3499098	0
1091.15	0	.6497598	0	.3502402	0
1090.15	0	.6494299	0	.3505701	0
1089.15	0	.6491007	0	.3508993	0
1088.15	0	.648772	0	.351228	0
1087.15	0	.648444	0	.351556	0
1086.15	0	.6481166	0	.3518834	0
1085.15	0	.6477897	0	.3522103	0
1084.15	0	.6474635	0	.3525365	0
1083.15	0	.6471378	0	.3528622	0
1082.15	0	.6468128	0	.3531872	0
1081.15	0	.6464884	0	.3535117	0
1080.15	0	.6461645	0	.3538355	0
1079.15	0	.6458412	0	.3541588	0
1078.15	0	.6455186	0	.3544814	0
1077.15	0	.6451965	0	.3548035	0
1076.15	0	.644875	0	.355125	0
1075.15	0	.6445541	0	.3554459	0
1074.15	0	.6442338	0	.3557662	0
1073.15	0	.6439141	0	.3560859	0
1072.15	0	.6435949	0	.3564051	0
1071.15	0	.6432764	0	.3567236	0
1070.15	0	.6429584	0	.3570416	0
1069.15	0	.642641	0	.357359	0
1068.15	0	.6423242	0	.3576758	0
1067.15	0	.642008	0	.357992	0
1066.15	0	.6416923	0	.3583077	0
1065.15	0	.6413773	0	.3586228	0
1064.15	0	.6410628	0	.3589373	0
1063.15	0	.6407488	0	.3592512	0
1062.15	0	.6404355	0	.3595645	0
1061.15	0	.6401227	0	.3598773	0
1060.15	0	.6398105	0	.3601895	0
1059.15	0	.6394989	0	.3605011	0
1058.15	0	.6391878	0	.3608122	0
1057.15	0	.6388773	0	.3611227	0
1056.15	0	.6385674	0	.3614326	0
1055.15	0	.638258	0	.361742	0
1054.15	0	.6379492	0	.3620508	0
1053.15	0	.637641	0	.362359	0
1052.15	0	.6373333	0	.3626667	0
1051.15	0	.6370262	0	.3629738	0
1050.15	0	.6367197	0	.3632804	0
1049.15	0	.6364137	0	.3635863	0
1048.15	0	.6361082	0	.3638918	0
1047.15	0	.6358034	0	.3641966	0
1046.15	0	.635499	0	.364501	0
1045.15	0	.6351953	0	.3648047	0
1044.15	0	.6348921	0	.3651079	0
1043.15	0	.6345894	0	.3654106	0
1042.15	0	.6342874	0	.3657127	0
1041.15	0	.6339858	0	.3660142	0
1040.15	0	.6336848	0	.3663152	0
1039.15	0	.6333844	0	.3666156	0
1038.15	0	.6330845	0	.3669155	0
1037.15	0	.6327852	0	.3672149	0
1036.15	0	.6324864	0	.3675136	0
1035.15	0	.6321881	0	.3678119	0
1034.15	0	.6318904	0	.3681096	0
1033.15	0	.6315932	0	.3684068	0
1032.15	0	.6312966	0	.3687034	0
1031.15	0	.6310006	0	.3689994	0
1030.15	0	.630705	0	.369295	0
1029.15	0	.63041	0	.36959	0
1028.15	0	.6301156	0	.3698844	0
1027.15	0	.6298217	0	.3701783	0
1026.15	0	.6295283	0	.3704717	0
1025.15	0	.6292355	0	.3707645	0
1024.15	0	.6289432	0	.3710568	0
1023.15	0	.6286514	0	.3713486	0
1022.15	0	.6283602	0	.3716398	0
1021.15	0	.6280695	0	.3719305	0
1020.15	0	.6277793	0	.3722207	0
1019.15	0	.6274897	0	.3725103	0
1018.15	0	.6272006	0	.3727994	0
1017.15	0	.626912	0	.373088	0
1016.15	0	.626624	0	.373376	0
1015.15	0	.6263365	0	.3736635	0
1014.15	0	.6260495	0	.3739505	0
1013.15	0	.625763	0	.374237	0
1012.15	0	.6254771	0	.3745229	0
1011.15	0	.6251917	0	.3748083	0
1010.15	0	.6249068	0	.3750932	0
1009.15	0	.6246225	0	.3753775	0
1008.15	0	.6243386	0	.3756614	0
1007.15	0	.6240553	0	.3759447	0
1006.15	0	.6237725	0	.3762275	0
1005.15	0	.6234903	0	.3765098	0
1004.15	0	.6232085	0	.3767915	0
1003.15	0	.6229273	0	.3770727	0
1002.15	0	.6226466	0	.3773534	0
1001.15	0	.6223664	0	.3776336	0
1000.15	0	.6220867	0	.3779133	0
999.15	0	.6218075	0	.3781925	0
998.15	0	.6215289	0	.3784711	0
997.15	0	.6212507	0	.3787493	0
996.15	0	.6209731	0	.3790269	0
995.15	0	.620696	0	.379304	0
994.15	0	.6204194	0	.3795806	0
993.15	0	.6201433	0	.3798567	0
992.15	0	.6198677	0	.3801323	0
991.15	0	.6195927	0	.3804073	0
990.15	0	.6193181	0	.3806819	0
989.15	0	.6190441	0	.3809559	0
988.15	0	.6187705	0	.3812295	0
987.15	0	.6184975	0	.3815025	0
986.15	0	.618225	0	.381775	0
985.15	0	.6179529	0	.3820471	0
984.15	0	.6176814	0	.3823186	0
983.15	0	.6174104	0	.3825896	0
982.15	0	.6171399	0	.3828601	0
981.15	0	.6168699	0	.3831301	0
980.15	0	.6166004	0	.3833996	0
979.15	0	.6163314	0	.3836686	0
978.15	0	.6160629	0	.3839371	0
977.15	0	.6157949	0	.3842051	0
976.15	0	.6155274	0	.3844726	0
975.15	0	.6152604	0	.3847396	0
974.15	0	.6149939	0	.3850061	0
973.15	0	.6147278	0	.3852722	0
972.15	0	.6144623	0	.3855377	0
971.15	0	.6141973	0	.3858027	0
970.15	0	.6139328	0	.3860672	0
969.15	0	.6136688	0	.3863312	0
968.15	0	.6134053	0	.3865947	0
967.15	0	.6131422	0	.3868578	0
966.15	0	.6128797	0	.3871203	0
965.15	0	.6126176	0	.3873824	0
964.15	0	.6123561	0	.387644	0
963.15	0	.612095	0	.387905	0
962.15	0	.6118344	0	.3881656	0
961.15	0	.6115743	0	.3884257	0
960.15	0	.6113147	0	.3886853	0
959.15	0	.6110556	0	.3889444	0
958.15	0	.610797	0	.389203	0
957.15	0	.6105389	0	.3894611	0
956.15	0	.6102812	0	.3897188	0
955.15	0	.6100241	0	.3899759	0
954.15	0	.6097674	0	.3902326	0
953.15	0	.6095112	0	.3904888	0
952.15	0	.6092555	0	.3907445	0
951.15	0	.6090003	0	.3909997	0
950.15	0	.6087456	0	.3912544	0
949.15	0	.6084913	0	.3915087	0
948.15	0	.6082375	0	.3917625	0
947.15	0	.6079843	0	.3920157	0
946.15	0	.6077315	0	.3922685	0
945.15	0	.6074791	0	.3925209	0
944.15	0	.6072273	0	.3927727	0
943.15	0	.606976	0	.3930241	0
942.15	0	.6067251	0	.3932749	0
941.15	0	.6064747	0	.3935253	0
940.15	0	.6062247	0	.3937753	0
939.15	0	.6059753	0	.3940247	0
938.15	0	.6057264	0	.3942737	0
937.15	0	.6054779	0	.3945221	0
936.15	0	.6052299	0	.3947701	0
935.15	0	.6049823	0	.3950177	0
934.15	0	.6047353	0	.3952647	0
933.15	0	.6044887	0	.3955113	0
932.15	0	.6042426	0	.3957574	0
931.15	0	.603997	0	.396003	0
930.15	0	.6037518	0	.3962482	0
929.15	0	.6035071	0	.3964929	0
928.15	0	.6032629	0	.3967371	0
927.15	0	.6030192	0	.3969808	0
926.15	0	.6027759	0	.3972241	0
925.15	0	.6025331	0	.3974669	0
924.15	0	.6022908	0	.3977092	0
923.15	0	.602049	0	.397951	0
922.15	0	.6018076	0	.3981924	0
921.15	0	.6015667	0	.3984333	0
920.15	0	.6013263	0	.3986738	0
919.15	0	.6010863	0	.3989137	0
918.15	0	.6008468	0	.3991532	0
917.15	0	.6006078	0	.3993922	0
916.15	0	.6003692	0	.3996308	0
915.15	0	.6001311	0	.3998689	0
914.15	0	.5998935	0	.4001065	0
913.15	0	.5996563	0	.4003437	0
912.15	0	.5994197	0	.4005803	0
911.15	0	.5991834	0	.4008166	0
910.15	0	.5989477	0	.4010523	0
909.15	0	.5987124	0	.4012876	0
908.15	0	.5984776	0	.4015224	0
907.15	0	.5982432	0	.4017568	0
906.15	0	.5980093	0	.4019907	0
905.15	0	.5977759	0	.4022241	0
904.15	0	.597543	0	.4024571	0
903.15	0	.5973105	0	.4026895	0
902.15	0	.5970784	0	.4029216	0
901.15	0	.5968469	0	.4031532	0
900.15	0	.5966158	0	.4033843	0
899.15	0	.5963851	0	.4036149	0
898.6451	0	.5962688	0	.4037312	0
898.6451	0	.5962688	0	.4037312	0
898.6451	0	.5962688	0	.4037312	0
898.15	0	.5959464	2.441803E-04	.4038094	0
897.15	0	.5952959	7.371214E-04	.403967	0
896.15	0	.5946465	.00122973	.4041237	0
895.15	0	.5939982	.00172202	.4042798	0
894.15	0	.593351	.002214005	.404435	0
893.15	0	.5927048	.002705699	.4045895	0
892.15	0	.5920596	.003197115	.4047433	0
891.15	0	.5914155	.003688268	.4048962	0
890.15	0	.5907724	.004179172	.4050484	0
889.15	0	.5901303	.004669843	.4051999	0
888.15	0	.5894892	.005160294	.4053505	0
887.15	0	.5888491	.005650541	.4055004	0
886.15	0	.5882099	.0061406	.4056495	0
885.15	0	.5875717	.006630486	.4057978	0
884.15	0	.5869345	.007120214	.4059453	0
883.15	0	.5862982	.007609801	.406092	0
882.15	0	.5856628	.008099262	.4062379	0
881.15	0	.5850284	.008588616	.406383	0
880.15	0	.5843948	.009077877	.4065273	0
879.15	0	.5837621	.009567064	.4066708	0
878.15	0	.5831303	.01005619	.4068135	0
877.15	0	.5824994	.01054528	.4069553	0
876.15	0	.5818693	.01103435	.4070964	0
875.15	0	.58124	.01152341	.4072366	0
874.15	0	.5806116	.01201249	.407376	0
873.15	0	.5799839	.0125016	.4075145	0
872.15	0	.5793571	.01299077	.4076522	0
871.15	0	.578731	.01348	.407789	0
870.15	0	.5781057	.01396933	.407925	0
869.15	0	.5774811	.01445876	.4080601	0
868.15	0	.5768573	.01494833	.4081944	0
867.15	0	.5762341	.01543805	.4083278	0
866.15	0	.5756117	.01592795	.4084603	0
865.15	0	.57499	.01641803	.408592	0
864.15	0	.5743689	.01690834	.4087228	0
863.15	0	.5737485	.01739888	.4088527	0
862.15	0	.5731287	.01788968	.4089816	0
861.15	0	.5725095	.01838077	.4091097	0
860.15	0	.5718909	.01887216	.4092369	0
859.15	0	.5712729	.01936388	.4093632	0
858.15	0	.5706555	.01985595	.4094885	0
857.15	0	.5700386	.02034841	.409613	0
856.15	0	.5694223	.02084127	.4097365	0
855.15	0	.5688064	.02133455	.409859	0
854.15	0	.5681911	.02182829	.4099806	0
853.15	0	.5675762	.02232251	.4101013	0
852.15	0	.5669621	.0228169	.410221	0
851.15	0	.5663481	.02331217	.4103397	0
850.15	0	.5657345	.02380801	.4104575	0
849.15	0	.5651213	.02430444	.4105743	0
848.15	0	.5645084	.02480149	.4106901	0
847.15	0	.5638959	.02529919	.4108049	0
846.15	0	.5632837	.02579757	.4109187	0
845.15	0	.5626719	.02629665	.4110315	0
844.15	0	.5620603	.02679649	.4111433	0
843.15	0	.5614489	.02729709	.411254	0
842.15	0	.5608378	.02779851	.4113637	0
841.15	0	.5602269	.02830076	.4114724	0
840.15	0	.5596161	.02880388	.41158	0
839.15	0	.5590056	.02930792	.4116865	0
838.15	0	.5583951	.0298129	.411792	0
837.15	0	.5577848	.03031886	.4118964	0
836.15	0	.5571745	.03082584	.4119997	0
835.15	0	.5565643	.03133388	.4121019	0
834.15	0	.555954	.03184301	.4122029	0
833.15	0	.5553438	.03235327	.4123029	0
832.15	0	.5547336	.03286471	.4124017	0
831.15	0	.5541233	.03337737	.4124994	0
830.15	0	.5535128	.03389129	.4125959	0
829.15	0	.5529023	.03440651	.4126912	0
828.15	0	.5522915	.03492308	.4127854	0
827.15	0	.5516806	.03544104	.4128783	0
826.15	0	.5510695	.03596045	.4129701	0
825.15	0	.550458	.03648134	.4130606	0
824.15	0	.5498463	.03700378	.4131499	0
823.15	0	.5492342	.03752781	.413238	0
822.15	0	.5486218	.03805347	.4133248	0
821.15	0	.5480089	.03858084	.4134103	0
820.15	0	.5473956	.03910996	.4134945	0
819.15	0	.5467817	.03964088	.4135774	0
818.15	0	.5461674	.04017368	.413659	0
817.15	0	.5455524	.0407084	.4137392	0
816.15	0	.5449368	.04124511	.4138181	0
815.15	0	.5443206	.04178387	.4138956	0
814.15	0	.5437036	.04232475	.4139717	0
813.15	0	.5430858	.04286782	.4140464	0
812.15	0	.5424672	.04341315	.4141196	0
811.15	0	.5418478	.0439608	.4141914	0
810.15	0	.5412274	.04451086	.4142618	0
809.15	0	.540606	.04506339	.4143306	0
808.15	0	.5399836	.04561849	.4143979	0
807.15	0	.5393601	.04617623	.4144637	0
806.15	0	.5387354	.04673669	.4145279	0
805.15	0	.5381095	.04729997	.4145906	0
804.15	0	.5374823	.04786616	.4146516	0
803.15	0	.5368537	.04843534	.414711	0
802.15	0	.5362237	.04900762	.4147687	0
801.15	0	.5355922	.04958311	.4148247	0
800.15	0	.5349591	.0501619	.414879	0
799.15	0	.5343244	.0507441	.4149315	0
798.15	0	.5336879	.05132983	.4149823	0
797.15	0	.5330496	.05191921	.4150312	0
796.15	0	.5324094	.05251237	.4150783	0
795.15	0	.5317671	.05310942	.4151235	0
794.15	0	.5311228	.05371051	.4151667	0
793.15	0	.5304762	.05431578	.415208	0
792.15	0	.5298274	.05492537	.4152473	0
791.15	0	.5291761	.05553943	.4152845	0
790.15	0	.5285222	.05615813	.4153197	0
789.15	0	.5278657	.05678163	.4153527	0
788.15	0	.5272064	.05741011	.4153835	0
787.15	0	.5265442	.05804376	.415412	0
786.15	0	.5258789	.05868276	.4154383	0
785.15	0	.5252104	.05932733	.4154622	0
784.15	0	.5245386	.05997768	.4154837	0
783.15	0	.5238632	.06063402	.4155028	0
782.15	0	.5231841	.06129662	.4155193	0
781.15	0	.5225011	.0619657	.4155332	0
780.15	0	.5218141	.06264155	.4155444	0
779.15	0	.5211227	.06332445	.4155528	0
778.15	0	.5204269	.06401469	.4155584	0
777.15	0	.5197263	.06471259	.4155611	0
776.15	0	.5190208	.0654185	.4155608	0
775.15	0	.51831	.06613277	.4155573	0
774.15	0	.5175936	.06685579	.4155506	0
773.15	0	.5168715	.06758796	.4155405	0
772.15	0	.5161432	.06832974	.415527	0
771.15	0	.5154085	.06908159	.4155099	0
770.15	0	.5146669	.06984402	.4154891	0
769.15	0	.513918	.07061758	.4154644	0
768.15	0	.5131615	.07140286	.4154357	0
767.15	0	.5123968	.0722005	.4154027	0
766.15	0	.5116234	.07301119	.4153654	0
765.15	0	.5108408	.07383569	.4153235	0
764.15	0	.5100485	.07467482	.4152767	0
763.15	0	.5092457	.07552947	.4152249	0
762.15	0	.5084317	.07640065	.4151677	0
761.15	0	.5076057	.07728944	.4151049	0
760.15	0	.5067668	.07819703	.4150362	0
759.15	0	.5059141	.07912478	.4149611	0
758.15	0	.5050465	.08007415	.4148794	0
757.15	0	.5041627	.08104683	.4147905	0
756.15	0	.5032613	.08204469	.414694	0
755.15	0	.5023409	.08306985	.4145892	0
754.15	0	.5013996	.08412474	.4144757	0
753.15	0	.5004354	.08521213	.4143525	0
752.15	0	.4994459	.08633524	.4142189	0
751.15	0	.4984283	.08749782	.4140739	0
750.15	0	.4973794	.08870427	.4139163	0
749.15	0	.4962953	.08995985	.4137448	0
748.15	0	.4951241	.09133306	.4135429	0
747.15	0	.492889	.09410848	.4130025	0
746.15	0	.4908553	.09662711	.4125176	0
745.15	0	.4889863	.09893575	.412078	0
744.15	0	.4872552	.1010689	.4116759	0
743.15	0	.4856414	.103053	.4113057	0
742.15	0	.4841288	.1049085	.4109627	0
741.15	0	.4827048	.1066518	.4106434	0
740.15	0	.4813588	.1082963	.4103449	0
739.15	0	.4800823	.109853	.4100647	0
738.15	0	.4788681	.1113311	.4098009	0
737.15	0	.4777101	.1127382	.4095517	0
736.15	0	.4766031	.1140812	.4093157	0
735.15	0	.4755428	.1153656	.4090916	0
734.15	0	.4745251	.1165964	.4088785	0
733.15	0	.4735467	.117778	.4086753	0
732.15	0	.4726046	.1189141	.4084813	0
731.15	0	.4716962	.1200082	.4082956	0
730.15	0	.4708191	.1210631	.4081178	0
729.15	0	.4699712	.1220817	.4079471	0
728.15	0	.4691506	.1230663	.4077831	0
727.15	0	.4683557	.1240191	.4076253	0
726.15	0	.4675848	.124942	.4074733	0
725.15	0	.4668365	.1258368	.4073267	0
724.15	0	.4661096	.1267052	.4071851	0
723.15	0	.4654029	.1275487	.4070484	0
722.15	0	.4647154	.1283685	.4069161	0
721.15	0	.4640459	.1291661	.406788	0
720.15	0	.4633937	.1299424	.4066639	0
719.15	0	.4627579	.1306986	.4065436	0
718.15	0	.4621376	.1314357	.4064267	0
717.15	0	.4615322	.1321545	.4063133	0
716.15	0	.460941	.132856	.406203	0
715.15	0	.4603634	.1335409	.4060957	0
714.15	0	.4597988	.13421	.4059913	0
713.15	0	.4592465	.1348639	.4058896	0
712.15	0	.4587062	.1355034	.4057904	0
711.15	0	.4581773	.1361289	.4056938	0
710.15	0	.4576594	.1367411	.4055995	0
709.15	0	.457152	.1373406	.4055074	0
708.15	0	.4566548	.1379277	.4054175	0
707.15	0	.4561674	.1385031	.4053296	0
706.15	0	.4556893	.1390671	.4052436	0
705.15	0	.4552203	.1396201	.4051596	0
704.15	0	.4547601	.1401626	.4050773	0
703.15	0	.4543083	.140695	.4049967	0
702.15	0	.4538647	.1412175	.4049178	0
701.15	0	.4534289	.1417307	.4048404	0
700.15	0	.4530008	.1422346	.4047646	0
699.15	0	.4525801	.1427298	.4046902	0
698.15	0	.4521664	.1432164	.4046172	0
697.15	0	.4517598	.1436947	.4045455	0
696.15	0	.4513598	.1441651	.4044751	0
695.15	0	.4509663	.1446278	.404406	0
694.15	0	.4505791	.1450829	.404338	0
693.15	0	.450198	.1455308	.4042712	0
692.15	0	.4498228	.1459716	.4042055	0
691.15	0	.4494535	.1464057	.4041409	0
690.15	0	.4490897	.1468331	.4040773	0
689.15	0	.4487314	.147254	.4040146	0
688.15	0	.4483783	.1476687	.403953	0
687.15	0	.4480304	.1480774	.4038922	0
686.15	0	.4476876	.1484801	.4038323	0
685.15	0	.4473496	.1488771	.4037733	0
684.15	0	.4470163	.1492685	.4037151	0
683.15	0	.4466877	.1496545	.4036578	0
682.15	0	.4463636	.1500353	.4036011	0
681.15	0	.4460439	.1504108	.4035453	0
680.15	0	.4457285	.1507814	.4034901	0
679.15	0	.4454172	.1511471	.4034357	0
678.15	0	.4451101	.151508	.4033819	0
677.15	0	.4448069	.1518643	.4033288	0
676.15	0	.4445076	.1522161	.4032763	0
675.15	0	.444212	.1525635	.4032245	0
674.15	0	.4439203	.1529066	.4031732	0
673.15	0	.4436321	.1532455	.4031225	0
672.15	0	.4433474	.1535803	.4030723	0
671.15	0	.4430662	.1539111	.4030227	0
670.15	0	.4427884	.154238	.4029736	0
669.15	0	.4425139	.154561	.4029251	0
668.15	0	.4422426	.1548804	.402877	0
667.15	0	.4419745	.1551961	.4028294	0
666.15	0	.4417095	.1555083	.4027822	0
665.15	0	.4414475	.155817	.4027355	0
664.15	0	.4411885	.1561223	.4026892	0
663.15	0	.4409324	.1564242	.4026434	0
662.15	0	.4406791	.1567229	.4025979	0
661.15	0	.4404286	.1570185	.4025529	0
660.15	0	.4401809	.1573109	.4025083	0
659.15	0	.4399358	.1576002	.402464	0
658.15	0	.4396933	.1578866	.4024201	0
657.15	0	.4394535	.1581701	.4023765	0
656.15	0	.4392161	.1584507	.4023333	0
655.15	0	.4389812	.1587285	.4022904	0
654.15	0	.4387487	.1590035	.4022478	0
653.15	0	.4385186	.1592758	.4022055	0
652.15	0	.4382908	.1595456	.4021636	0
651.15	0	.4380654	.1598127	.402122	0
650.15	0	.4378421	.1600773	.4020806	0
649.15	0	.4376211	.1603394	.4020395	0
648.15	0	.4374023	.160599	.4019987	0
647.15	0	.4371855	.1608563	.4019582	0
646.15	0	.4369709	.1611112	.4019179	0
645.15	0	.4367583	.1613638	.4018778	0
644.15	0	.4365478	.1616142	.4018381	0
643.15	0	.4363392	.1618623	.4017985	0
642.15	0	.4361325	.1621083	.4017592	0
641.15	0	.4359278	.1623521	.4017201	0
640.15	0	.4357249	.1625938	.4016812	0
639.15	0	.435524	.1628335	.4016426	0
638.15	0	.4353248	.1630711	.4016041	0
637.15	0	.4351274	.1633068	.4015659	0
636.15	0	.4349318	.1635405	.4015278	0
635.15	0	.4347378	.1637722	.4014899	0
634.15	0	.4345457	.1640021	.4014523	0
633.15	0	.4343551	.1642301	.4014148	0
632.15	0	.4341663	.1644563	.4013774	0
631.15	0	.433979	.1646807	.4013403	0
630.15	0	.4337933	.1649034	.4013033	0
629.15	0	.4336092	.1651243	.4012665	0
628.15	0	.4334267	.1653435	.4012298	0
627.15	0	.4332457	.165561	.4011933	0
626.15	0	.4330662	.1657769	.401157	0
625.15	0	.4328881	.1659911	.4011208	0
624.15	0	.4327115	.1662038	.4010847	0
623.15	0	.4325364	.1664149	.4010488	0
622.15	0	.4323626	.1666244	.401013	0
621.15	0	.4321903	.1668324	.4009773	0
620.15	0	.4320193	.1670389	.4009418	0
619.15	0	.4318497	.1672439	.4009064	0
618.15	0	.4316814	.1674475	.4008711	0
617.15	0	.4315144	.1676496	.400836	0
616.15	0	.4313487	.1678503	.400801	0
615.15	0	.4311843	.1680497	.400766	0
614.15	0	.4310212	.1682476	.4007312	0
613.15	0	.4308592	.1684442	.4006965	0
612.15	0	.4306986	.1686395	.4006619	0
611.15	0	.4305391	.1688335	.4006274	0
610.15	0	.4303808	.1690262	.400593	0
609.15	0	.4302237	.1692176	.4005588	0
608.15	0	.4300677	.1694078	.4005246	0
607.15	0	.4299129	.1695967	.4004905	0
606.15	0	.4297592	.1697844	.4004564	0
605.15	0	.4296066	.1699709	.4004225	0
604.15	0	.4294551	.1701562	.4003887	0
603.15	0	.4293047	.1703403	.4003549	0
602.15	0	.4291554	.1705233	.4003213	0
601.15	0	.4290072	.1707051	.4002877	0
600.15	0	.4288599	.1708859	.4002542	0
599.15	0	.4287138	.1710655	.4002208	0
598.15	0	.4285686	.171244	.4001874	0
597.15	0	.4284244	.1714214	.4001542	0
596.15	0	.4282812	.1715978	.400121	0
595.15	0	.428139	.1717731	.4000878	0
594.15	0	.4279978	.1719474	.4000548	0
593.15	0	.4278575	.1721207	.4000218	0
592.15	0	.4277182	.1722929	.3999889	0
591.15	0	.4275798	.1724642	.399956	0
590.15	0	.4274424	.1726344	.3999232	0
589.15	0	.4273058	.1728037	.3998905	0
588.15	0	.4271702	.172972	.3998578	0
587.15	0	.4270354	.1731394	.3998252	0
586.15	0	.4269015	.1733058	.3997927	0
585.15	0	.4267685	.1734713	.3997602	0
584.15	0	.4266364	.1736359	.3997277	0
583.15	0	.4265051	.1737996	.3996954	0
582.15	0	.4263747	.1739623	.399663	0
581.15	0	.426245	.1741242	.3996308	0
580.15	0	.4261162	.1742852	.3995985	0
579.15	0	.4259883	.1744454	.3995664	0
578.15	0	.4258611	.1746047	.3995343	0
577.15	0	.4257347	.1747631	.3995022	0
576.15	0	.4256091	.1749207	.3994702	0
575.15	0	.4254843	.1750775	.3994382	0
574.15	0	.4253603	.1752335	.3994062	0
573.15	0	.4252371	.1753886	.3993743	0
572.15	0	.4251145	.175543	.3993425	0
571.15	0	.4249928	.1756966	.3993107	0
570.15	0	.4248717	.1758494	.3992789	0
569.15	0	.4247514	.1760014	.3992472	0
568.15	0	.4246319	.1761526	.3992156	0
567.15	0	.424513	.1763031	.3991839	0
566.15	0	.4243949	.1764528	.3991523	0
565.15	0	.4242774	.1766018	.3991208	0
564.15	0	.4241607	.17675	.3990893	0
563.15	0	.4240446	.1768976	.3990578	0
562.15	0	.4239292	.1770444	.3990264	0
561.15	0	.4238145	.1771904	.398995	0
560.15	0	.4237005	.1773358	.3989637	0
559.15	0	.4235871	.1774805	.3989324	0
558.15	0	.4234744	.1776245	.3989011	0
557.15	0	.4233624	.1777678	.3988699	0
556.15	0	.4232509	.1779104	.3988387	0
555.15	0	.4231402	.1780524	.3988075	0
554.15	0	.42303	.1781936	.3987764	0
553.15	0	.4229205	.1783342	.3987453	0
552.15	0	.4228116	.1784742	.3987142	0
551.15	0	.4227033	.1786135	.3986832	0
550.15	0	.4225956	.1787522	.3986522	0
549.15	0	.4224886	.1788902	.3986212	0
548.15	0	.4223821	.1790276	.3985903	0
547.15	0	.4222762	.1791644	.3985594	0
546.15	0	.422171	.1793005	.3985285	0
545.15	0	.4220663	.1794361	.3984977	0
544.15	0	.4219621	.179571	.3984669	0
543.15	0	.4218586	.1797053	.3984361	0
542.15	0	.4217556	.179839	.3984054	0
541.15	0	.4216532	.1799722	.3983747	0
540.15	0	.4215513	.1801047	.398344	0
539.15	0	.42145	.1802366	.3983133	0
538.15	0	.4213493	.180368	.3982827	0
537.15	0	.4212491	.1804988	.3982521	0
536.15	0	.4211494	.180629	.3982216	0
535.15	0	.4210502	.1807587	.3981911	0
534.15	0	.4209517	.1808878	.3981606	0
533.15	0	.4208536	.1810163	.3981301	0
532.15	0	.420756	.1811443	.3980997	0
531.15	0	.420659	.1812717	.3980693	0
530.15	0	.4205625	.1813986	.3980389	0
529.15	0	.4204665	.181525	.3980086	0
528.15	0	.420371	.1816508	.3979782	0
527.15	0	.420276	.181776	.397948	0
526.15	0	.4201815	.1819008	.3979177	0
525.15	0	.4200875	.182025	.3978875	0
524.15	0	.419994	.1821487	.3978573	0
523.15	0	.419901	.1822719	.3978271	0
522.15	0	.4198085	.1823946	.397797	0
521.15	0	.4197164	.1825167	.3977669	0
520.15	0	.4196249	.1826384	.3977368	0
519.15	0	.4195338	.1827595	.3977067	0
518.15	0	.4194432	.1828801	.3976767	0
517.15	0	.419353	.1830003	.3976467	0
516.15	0	.4192633	.1831199	.3976168	0
515.15	0	.4191741	.1832391	.3975868	0
514.15	0	.4190853	.1833578	.3975569	0
513.15	0	.418997	.183476	.3975271	0
512.15	0	.4189091	.1835936	.3974972	0
511.15	0	.4188217	.1837109	.3974674	0
510.15	0	.4187347	.1838276	.3974376	0
509.15	0	.4186482	.1839439	.3974079	0
508.15	0	.4185621	.1840597	.3973782	0
507.15	0	.4184765	.1841751	.3973485	0
506.15	0	.4183912	.1842899	.3973188	0
505.15	0	.4183065	.1844043	.3972892	0
504.15	0	.4182221	.1845183	.3972596	0
503.15	0	.4181382	.1846318	.39723	0
502.15	0	.4180547	.1847448	.3972005	0
501.15	0	.4179716	.1848574	.397171	0
500.15	0	.4178889	.1849696	.3971415	0
499.15	0	.4178066	.1850813	.3971121	0
498.15	0	.4177248	.1851925	.3970827	0
497.15	0	.4176433	.1853033	.3970533	0
496.15	0	.4175623	.1854137	.397024	0
495.15	0	.4174817	.1855237	.3969947	0
494.15	0	.4174015	.1856332	.3969654	0
493.15	0	.4173216	.1857422	.3969361	0
492.15	0	.4172422	.1858509	.3969069	0
491.15	0	.4171632	.1859591	.3968778	0
490.15	0	.4170845	.1860669	.3968486	0
489.15	0	.4170063	.1861742	.3968195	0
488.15	0	.4169284	.1862812	.3967904	0
487.15	0	.416851	.1863877	.3967614	0
486.15	0	.4167739	.1864938	.3967324	0
485.15	0	.4166972	.1865995	.3967034	0
484.15	0	.4166208	.1867047	.3966744	0
483.15	0	.4165449	.1868096	.3966455	0
482.15	0	.4164693	.186914	.3966167	0
481.15	0	.4163941	.1870181	.3965878	0
480.15	0	.4163193	.1871217	.396559	0
479.15	0	.4162448	.1872249	.3965303	0
478.15	0	.4161707	.1873278	.3965015	0
477.15	0	.416097	.1874302	.3964729	0
476.15	0	.4160236	.1875322	.3964442	0
475.15	0	.4159506	.1876338	.3964156	0
474.15	0	.4158779	.187735	.396387	0
473.15	0	.4158057	.1878359	.3963585	0
472.15	0	.4157337	.1879363	.39633	0
471.15	0	.4156622	.1880364	.3963015	0
470.15	0	.4155909	.188136	.3962731	0
469.15	0	.41552	.1882353	.3962447	0
468.15	0	.4154495	.1883342	.3962163	0
467.15	0	.4153793	.1884327	.396188	0
466.15	0	.4153095	.1885308	.3961597	0
465.15	0	.41524	.1886285	.3961315	0
464.15	0	.4151708	.1887258	.3961033	0
463.15	0	.415102	.1888228	.3960752	0
462.15	0	.4150336	.1889194	.3960471	0
461.15	0	.4149654	.1890156	.396019	0
460.15	0	.4148976	.1891114	.395991	0
459.15	0	.4148302	.1892069	.395963	0
458.15	0	.414763	.1893019	.395935	0
457.15	0	.4146962	.1893967	.3959071	0
456.15	0	.4146297	.189491	.3958793	0
455.15	0	.4145636	.189585	.3958515	0
454.15	0	.4144978	.1896786	.3958237	0
453.15	0	.4144323	.1897718	.3957959	0
452.15	0	.4143671	.1898647	.3957682	0
451.15	0	.4143022	.1899572	.3957406	0
450.15	0	.4142377	.1900493	.395713	0
449.15	0	.4141735	.190141	.3956855	0
448.15	0	.4141097	.1902323	.395658	0
447.15	0	.4140461	.1903233	.3956306	0
446.15	0	.4139829	.1904139	.3956032	0
445.15	0	.41392	.1905041	.3955758	0
444.15	0	.4138575	.190594	.3955485	0
443.15	0	.4137953	.1906834	.3955213	0
442.15	0	.4137334	.1907725	.3954942	0
441.15	0	.4136718	.1908612	.3954671	0
440.15	0	.4136106	.1909494	.39544	0
439.15	0	.4135497	.1910373	.395413	0
438.15	0	.4134891	.1911248	.3953861	0
437.15	0	.4134289	.1912119	.3953593	0
436.15	0	.413369	.1912985	.3953325	0
435.15	0	.4133094	.1913848	.3953058	0
434.15	0	.4132502	.1914706	.3952792	0
433.15	0	.4131913	.1915561	.3952526	0
432.15	0	.4131328	.1916411	.3952261	0
431.15	0	.4130745	.1917258	.3951997	0
430.15	0	.4130167	.19181	.3951734	0
429.15	0	.4129592	.1918938	.3951471	0
428.15	0	.412902	.1919771	.3951209	0
427.15	0	.4128451	.1920601	.3950948	0
426.15	0	.4127886	.1921426	.3950688	0
425.15	0	.4127324	.1922248	.3950428	0
424.15	0	.4126766	.1923065	.395017	0
423.15	0	.4126211	.1923877	.3949912	0
422.15	0	.4125659	.1924686	.3949655	0
421.15	0	.4125111	.192549	.3949399	0
420.15	0	.4124566	.1926291	.3949144	0
419.15	0	.4124024	.1927087	.3948889	0
418.15	0	.4123486	.1927878	.3948636	0
417.15	0	.4122951	.1928666	.3948383	0
416.15	0	.4122419	.1929449	.3948131	0
415.15	0	.4121891	.1930229	.394788	0
414.15	0	.4121366	.1931004	.394763	0
413.15	0	.4120844	.1931775	.3947381	0
412.15	0	.4120326	.1932541	.3947133	0
411.15	0	.4119811	.1933304	.3946885	0
410.15	0	.4119299	.1934062	.3946639	0
409.15	0	.411879	.1934817	.3946393	0
408.15	0	.4118285	.1935567	.3946149	0
407.15	0	.4117782	.1936313	.3945905	0
406.15	0	.4117283	.1937055	.3945662	0
405.15	0	.4116788	.1937793	.394542	0
404.15	0	.4116295	.1938526	.3945179	0
403.15	0	.4115805	.1939256	.3944939	0
402.15	0	.4115319	.1939982	.3944699	0
401.15	0	.4114836	.1940703	.3944461	0
400.15	0	.4114355	.1941421	.3944224	0
399.15	0	.4113878	.1942135	.3943987	0
398.15	0	.4113404	.1942844	.3943751	0
397.15	0	.4112933	.194355	.3943517	0
396.15	0	.4112465	.1944252	.3943283	0
395.15	0	.4112	.194495	.394305	0
394.15	0	.4111539	.1945644	.3942818	0
393.15	0	.411108	.1946334	.3942587	0
392.15	0	.4110624	.194702	.3942356	0
391.15	0	.4110171	.1947702	.3942127	0
390.15	0	.4109721	.1948381	.3941899	0
389.15	0	.4109273	.1949055	.3941671	0
388.15	0	.4108829	.1949726	.3941445	0
387.15	0	.4108388	.1950394	.3941219	0
386.15	0	.4107949	.1951057	.3940994	0
385.15	0	.4107513	.1951717	.394077	0
384.15	0	.410708	.1952373	.3940547	0
383.15	0	.410665	.1953025	.3940325	0
382.15	0	.4106223	.1953674	.3940104	0
381.15	0	.4105798	.1954319	.3939883	0
380.15	0	.4105376	.1954961	.3939663	0
379.15	0	.4104957	.1955599	.3939445	0
378.15	0	.410454	.1956233	.3939227	0
377.15	0	.4104126	.1956864	.393901	0
376.15	0	.4103715	.1957492	.3938794	0
375.15	0	.4103306	.1958116	.3938578	0
374.15	0	.41029	.1958736	.3938364	0
373.15	0	.4102496	.1959353	.393815	0
372.15	0	.4102095	.1959967	.3937937	0
371.15	0	.4101697	.1960578	.3937726	0
370.15	0	.4101301	.1961185	.3937515	0
369.15	0	.4100907	.1961788	.3937304	0
368.15	0	.4100516	.1962389	.3937095	0
367.15	0	.4100128	.1962986	.3936886	0
366.15	0	.4099742	.196358	.3936678	0
365.15	0	.4099358	.1964171	.3936471	0
364.15	0	.4098977	.1964758	.3936265	0
363.15	0	.4098598	.1965343	.3936059	0
362.15	0	.4098221	.1965924	.3935855	0
361.15	0	.4097847	.1966502	.3935651	0
360.15	0	.4097475	.1967078	.3935448	0
359.15	0	.4097105	.196765	.3935246	0
358.15	0	.4096737	.1968219	.3935044	0
357.15	0	.4096372	.1968785	.3934844	0
356.15	0	.4096009	.1969348	.3934644	0
355.15	0	.4095648	.1969908	.3934444	0
354.15	0	.4095289	.1970465	.3934246	0
353.15	0	.4094932	.197102	.3934048	0
352.15	0	.4094578	.1971571	.3933851	0
351.15	0	.4094225	.197212	.3933655	0
350.15	0	.4093875	.1972666	.393346	0
349.15	0	.4093526	.1973209	.3933265	0
348.15	0	.409318	.1973749	.3933071	0
347.15	0	.4092836	.1974287	.3932878	0
346.15	0	.4092494	.1974822	.3932685	0
345.15	0	.4092153	.1975354	.3932493	0
344.15	0	.4091815	.1975883	.3932302	0
343.15	0	.4091478	.197641	.3932112	0
