T	 BPW(LIQUID)	BPW(BCC_A2)	BPW(FCC_A1)	BPW(LAVES_PHASE_C14)	BPW(NI3TI)
1473.15	.5812491	.4187509	0	0	0
1472.15	.5771582	.4228419	0	0	0
1471.15	.5730952	.4269048	0	0	0
1470.15	.56906	.43094	0	0	0
1469.15	.5650524	.4349476	0	0	0
1468.15	.5610722	.4389278	0	0	0
1467.15	.5571193	.4428807	0	0	0
1466.15	.5531934	.4468066	0	0	0
1465.15	.5492944	.4507056	0	0	0
1464.15	.545422	.454578	0	0	0
1463.15	.5415761	.4584239	0	0	0
1462.15	.5377565	.4622435	0	0	0
1461.15	.533963	.466037	0	0	0
1460.15	.5301954	.4698046	0	0	0
1459.15	.5264536	.4735464	0	0	0
1458.15	.5227374	.4772626	0	0	0
1457.15	.5190465	.4809535	0	0	0
1456.15	.5153809	.4846191	0	0	0
1455.15	.5117403	.4882597	0	0	0
1454.15	.5081246	.4918754	0	0	0
1453.15	.5045336	.4954664	0	0	0
1452.15	.500967	.499033	0	0	0
1451.15	.4974249	.5025752	0	0	0
1450.15	.4939068	.5060932	0	0	0
1449.15	.4904128	.5095872	0	0	0
1448.15	.4869426	.5130574	0	0	0
1447.15	.4834961	.5165039	0	0	0
1446.15	.4800731	.5199269	0	0	0
1445.15	.4766734	.5233266	0	0	0
1444.15	.4732968	.5267032	0	0	0
1443.15	.4699433	.5300567	0	0	0
1442.15	.4666126	.5333874	0	0	0
1441.15	.4633045	.5366955	0	0	0
1440.15	.460019	.539981	0	0	0
1439.15	.4567558	.5432442	0	0	0
1438.15	.4535148	.5464852	0	0	0
1437.15	.4502959	.5497041	0	0	0
1436.15	.4470988	.5529012	0	0	0
1435.15	.4439234	.5560766	0	0	0
1434.15	.4407696	.5592304	0	0	0
1433.15	.4376372	.5623628	0	0	0
1432.15	.434526	.565474	0	0	0
1431.15	.4314359	.5685641	0	0	0
1430.15	.4283668	.5716332	0	0	0
1429.15	.4253185	.5746815	0	0	0
1428.15	.4222908	.5777092	0	0	0
1427.15	.4192836	.5807164	0	0	0
1426.15	.4162967	.5837033	0	0	0
1425.15	.41333	.58667	0	0	0
1424.15	.4103834	.5896166	0	0	0
1423.15	.4074567	.5925433	0	0	0
1422.15	.4045497	.5954503	0	0	0
1421.15	.4016624	.5983376	0	0	0
1420.15	.3987945	.6012055	0	0	0
1419.15	.395946	.604054	0	0	0
1418.15	.3931166	.6068834	0	0	0
1417.15	.3903063	.6096937	0	0	0
1416.15	.3875149	.6124851	0	0	0
1415.15	.3847423	.6152577	0	0	0
1414.581	.3831734	.6168266	0	0	0
1414.581	.3831734	.6168266	0	0	0
1414.581	.3831734	.6168266	0	0	0
1414.15	.3814073	.6179378	0	6.548761E-04	0
1413.15	.3773473	.6204892	0	.002163487	0
1412.15	.3733372	.6230049	0	.003657914	0
1411.15	.3693761	.6254855	0	.005138425	0
1410.15	.365463	.6279317	0	.006605283	0
1409.15	.3615972	.6303441	0	.008058746	0
1408.15	.3577776	.6327233	0	.009499061	0
1407.15	.3540036	.6350699	0	.01092647	0
1406.15	.3502742	.6373846	0	.01234122	0
1405.15	.3465887	.6396678	0	.01374354	0
1404.15	.3429462	.6419201	0	.01513365	0
1403.15	.339346	.6441422	0	.01651178	0
1402.15	.3357874	.6463345	0	.01787815	0
1401.15	.3322696	.6484975	0	.01923295	0
1400.15	.3287919	.6506317	0	.02057641	0
1399.15	.3253536	.6527377	0	.02190872	0
1398.15	.321954	.654816	0	.02323007	0
1397.15	.3185924	.6568669	0	.02454067	0
1396.15	.3152682	.6588911	0	.02584069	0
1395.15	.3119808	.6608889	0	.02713033	0
1394.15	.3087295	.6628608	0	.02840976	0
1393.15	.3055136	.6648072	0	.02967915	0
1392.15	.3023327	.6667286	0	.03093868	0
1391.15	.2991861	.6686253	0	.03218852	0
1390.15	.2960733	.6704979	0	.03342882	0
1389.15	.2929936	.6723466	0	.03465976	0
1388.15	.2899466	.6741719	0	.03588148	0
1387.15	.2869317	.6759742	0	.03709414	0
1386.15	.2839483	.6777538	0	.03829788	0
1385.15	.280996	.6795111	0	.03949287	0
1384.15	.2780743	.6812465	0	.04067922	0
1383.15	.2751825	.6829603	0	.0418571	0
1382.15	.2723204	.6846529	0	.04302664	0
1381.15	.2694874	.6863246	0	.04418796	0
1380.15	.266683	.6879758	0	.04534121	0
1379.15	.2639068	.6896067	0	.0464865	0
1378.15	.2611583	.6912177	0	.04762398	0
1377.15	.2584371	.6928091	0	.04875375	0
1376.15	.2557428	.6943813	0	.04987594	0
1375.15	.2530749	.6959344	0	.05099067	0
1374.15	.2504331	.6974689	0	.05209805	0
1373.15	.2478169	.6989849	0	.0531982	0
1372.15	.245226	.7004828	0	.05429123	0
1371.15	.2426599	.7019629	0	.05537725	0
1370.15	.2401183	.7034254	0	.05645636	0
1369.15	.2376008	.7048706	0	.05752867	0
1368.15	.235107	.7062987	0	.05859428	0
1367.15	.2326366	.7077101	0	.05965329	0
1366.15	.2301893	.7091049	0	.0607058	0
1365.15	.2277646	.7104835	0	.0617519	0
1364.15	.2253623	.711846	0	.06279169	0
1363.15	.222982	.7131927	0	.06382527	0
1362.15	.2206234	.7145238	0	.06485272	0
1361.15	.2182862	.7158396	0	.06587412	0
1360.15	.2159701	.7171403	0	.06688958	0
1359.15	.2136747	.7184261	0	.06789917	0
1358.15	.2113998	.7196972	0	.06890298	0
1357.15	.2091451	.7209539	0	.06990109	0
1356.15	.2069102	.7221963	0	.07089358	0
1355.15	.2046949	.7234246	0	.07188053	0
1354.15	.2024989	.7246391	0	.07286202	0
1353.15	.200322	.7258399	0	.07383812	0
1352.15	.1981638	.7270273	0	.07480891	0
1351.15	.1960241	.7282014	0	.07577446	0
1350.15	.1939027	.7293625	0	.07673485	0
1349.15	.1917992	.7305106	0	.07769014	0
1348.15	.1897135	.7316461	0	.0786404	0
1347.15	.1876453	.732769	0	.0795857	0
1346.15	.1855943	.7338796	0	.08052611	0
1345.15	.1835604	.7349779	0	.0814617	0
1344.15	.1815432	.7360643	0	.08239252	0
1343.15	.1795426	.7371388	0	.08331864	0
1342.15	.1775583	.7382016	0	.08424013	0
1341.15	.1755901	.7392528	0	.08515704	0
1340.15	.1736378	.7402927	0	.08606943	0
1339.15	.1717012	.7413214	0	.08697737	0
1338.15	.16978	.7423391	0	.08788091	0
1337.15	.1678741	.7433458	0	.0887801	0
1336.15	.1659833	.7443417	0	.08967501	0
1335.15	.1641073	.745327	0	.09056568	0
1334.15	.162246	.7463019	0	.09145217	0
1333.15	.1603991	.7472664	0	.09233454	0
1332.15	.1585665	.7482207	0	.09321283	0
1331.15	.156748	.7491649	0	.09408711	0
1330.15	.1549434	.7500992	0	.0949574	0
1329.15	.1531525	.7510237	0	.09582377	0
1328.15	.1513752	.7519385	0	.09668627	0
1327.15	.1496113	.7528438	0	.09754494	0
1326.15	.1478605	.7537397	0	.09839982	0
1325.15	.1461228	.7546262	0	.09925098	0
1324.15	.144398	.7555036	0	.1000984	0
1323.15	.1426859	.7563719	0	.1009422	0
1322.15	.1409863	.7572313	0	.1017825	0
1321.15	.1392991	.7580818	0	.1026191	0
1320.15	.1376241	.7589237	0	.1034523	0
1319.15	.1359612	.7597569	0	.1042819	0
1318.15	.1343102	.7605816	0	.1051082	0
1317.15	.1326711	.761398	0	.105931	0
1316.15	.1310435	.762206	0	.1067505	0
1315.15	.1294274	.7630059	0	.1075666	0
1314.15	.1278227	.7637978	0	.1083795	0
1313.15	.1262292	.7645816	0	.1091892	0
1312.15	.1246468	.7653576	0	.1099956	0
1311.15	.1230753	.7661258	0	.1107989	0
1310.15	.1215146	.7668864	0	.111599	0
1309.15	.1199646	.7676394	0	.1123961	0
1308.15	.1184251	.7683848	0	.1131901	0
1307.15	.116896	.7691229	0	.113981	0
1306.15	.1153773	.7698537	0	.114769	0
1305.15	.1138687	.7705773	0	.115554	0
1304.15	.1123701	.7712938	0	.1163361	0
1303.15	.1108815	.7720032	0	.1171153	0
1302.15	.1094027	.7727057	0	.1178916	0
1301.15	.1079335	.7734013	0	.1186651	0
1300.15	.106474	.7740902	0	.1194358	0
1299.15	.1050205	.7747752	0	.1202043	0
1298.15	.1035798	.7754508	0	.1209694	0
1297.15	.1021483	.7761197	0	.1217319	0
1296.15	.100726	.7767823	0	.1224917	0
1295.15	.09931272	.7774384	0	.1232488	0
1294.15	.09790835	.7780883	0	.1240033	0
1293.15	.09651281	.7787319	0	.1247553	0
1292.15	.09512599	.7793694	0	.1255046	0
1291.15	.09374779	.7800008	0	.1262514	0
1290.15	.09237811	.7806262	0	.1269957	0
1289.15	.09101686	.7812457	0	.1277375	0
1288.15	.08966395	.7818593	0	.1284768	0
1287.15	.08831926	.7824671	0	.1292136	0
1286.15	.08698272	.7830692	0	.1299481	0
1285.15	.08565423	.7836656	0	.1306802	0
1284.15	.0843337	.7842564	0	.1314099	0
1283.15	.08302104	.7848417	0	.1321372	0
1282.15	.08171616	.7854216	0	.1328623	0
1281.15	.08041898	.785996	0	.133585	0
1280.15	.0791294	.7865651	0	.1343055	0
1279.15	.07784735	.787129	0	.1350237	0
1278.15	.07657274	.7876876	0	.1357397	0
1277.15	.07530549	.7882411	0	.1364534	0
1276.15	.07404551	.7887895	0	.137165	0
1275.15	.07279273	.7893328	0	.1378745	0
1274.15	.07154706	.7898712	0	.1385817	0
1273.15	.07030844	.7904047	0	.1392869	0
1272.15	.06907678	.7909333	0	.1399899	0
1271.15	.067852	.7914571	0	.1406909	0
1270.15	.06663403	.7919761	0	.1413898	0
1269.15	.0654228	.7924905	0	.1420867	0
1268.15	.06421823	.7930002	0	.1427815	0
1267.15	.06302026	.7935054	0	.1434744	0
1266.15	.0618288	.794006	0	.1441652	0
1265.15	.0606438	.7945021	0	.1448541	0
1264.15	.05946517	.7949938	0	.145541	0
1263.15	.05829286	.7954811	0	.146226	0
1262.15	.05712679	.7959641	0	.1469091	0
1261.15	.0559669	.7964428	0	.1475903	0
1260.15	.05481312	.7969173	0	.1482696	0
1259.15	.05366539	.7973875	0	.1489471	0
1258.15	.05252364	.7978537	0	.1496227	0
1257.15	.0513878	.7983157	0	.1502965	0
1256.15	.05025783	.7987737	0	.1509684	0
1255.15	.04913364	.7992277	0	.1516386	0
1254.15	.04801519	.7996778	0	.152307	0
1253.15	.04690241	.8001239	0	.1529736	0
1252.15	.04579525	.8005662	0	.1536385	0
1251.15	.04469364	.8010047	0	.1543017	0
1250.15	.04359752	.8014394	0	.1549631	0
1249.15	.04250684	.8018703	0	.1556229	0
1248.15	.04142154	.8022975	0	.1562809	0
1247.15	.04034157	.8027211	0	.1569373	0
1246.15	.03926687	.8031411	0	.157592	0
1245.15	.03819738	.8035575	0	.1582451	0
1244.15	.03713306	.8039704	0	.1588966	0
1243.15	.03607384	.8043798	0	.1595464	0
1242.15	.03501967	.8047857	0	.1601946	0
1241.15	.03397051	.8051882	0	.1608413	0
1240.15	.0329263	.8055874	0	.1614863	0
1239.15	.03188698	.8059832	0	.1621299	0
1238.15	.03085252	.8063757	0	.1627718	0
1237.15	.02982285	.8067649	0	.1634123	0
1236.15	.02879794	.8071509	0	.1640512	0
1235.15	.02777772	.8075337	0	.1646886	0
1234.15	.02676216	.8079133	0	.1653245	0
1233.15	.02575121	.8082899	0	.1659589	0
1232.15	.02474481	.8086633	0	.1665919	0
1231.15	.02374292	.8090337	0	.1672234	0
1230.15	.0227455	.8094011	0	.1678534	0
1229.15	.02175251	.8097655	0	.168482	0
1228.15	.02076388	.8101269	0	.1691092	0
1227.15	.01977959	.8104854	0	.169735	0
1226.15	.01879958	.8108411	0	.1703594	0
1225.15	.01782382	.8111938	0	.1709824	0
1224.15	.01685226	.8115438	0	.171604	0
1223.15	.01588485	.8118909	0	.1722242	0
1222.15	.01492156	.8122353	0	.1728431	0
1221.15	.01396235	.812577	0	.1734606	0
1220.15	.01300716	.812916	0	.1740769	0
1219.15	.01205597	.8132523	0	.1746917	0
1218.15	.01110873	.813586	0	.1753053	0
1217.15	.01016541	.813917	0	.1759176	0
1216.15	.009225951	.8142455	0	.1765286	0
1215.15	.00829033	.8145714	0	.1771383	0
1214.15	.007358503	.8148948	0	.1777467	0
1213.168	.006447006	.81521	0	.178343	0
1213.168	.006447006	.81521	0	.178343	0
1213.168	.006447006	.81521	0	.178343	0
1213.15	.006319107	.8151962	1.276513E-04	.1783571	0
1212.266	0	.8145265	.006422998	.1790506	0
1212.266	0	.8145265	.006422998	.1790506	0
1212.15	0	.8143904	.006502961	.1791067	0
1211.15	0	.8132213	.007189739	.1795889	0
1210.15	0	.8120555	.007874483	.18007	0
1209.15	0	.8108928	.008557198	.18055	0
1208.15	0	.8097333	.009237889	.1810288	0
1207.15	0	.808577	.009916563	.1815064	0
1206.15	0	.8074239	.01059322	.1819829	0
1205.15	0	.8062739	.01126788	.1824582	0
1204.15	0	.8051271	.01194053	.1829324	0
1203.15	0	.8039834	.01261118	.1834055	0
1202.15	0	.8028428	.01327984	.1838774	0
1201.15	0	.8017053	.01394651	.1843482	0
1200.15	0	.8005709	.01461121	.1848179	0
1199.15	0	.7994397	.01527392	.1852864	0
1198.15	0	.7983115	.01593467	.1857538	0
1197.15	0	.7971864	.01659344	.1862202	0
1196.15	0	.7960644	.01725026	.1866854	0
1195.15	0	.7949454	.01790512	.1871495	0
1194.15	0	.7938295	.01855803	.1876125	0
1193.15	0	.7927166	.01920899	.1880744	0
1192.15	0	.7916068	.01985801	.1885352	0
1191.15	0	.7905	.02050509	.1889949	0
1190.15	0	.7893963	.02115024	.1894535	0
1189.15	0	.7882955	.02179347	.189911	0
1188.15	0	.7871977	.02243477	.1903675	0
1187.15	0	.786103	.02307416	.1908229	0
1186.15	0	.7850112	.02371163	.1912772	0
1185.15	0	.7839224	.0243472	.1917304	0
1184.15	0	.7828366	.02498086	.1921826	0
1183.15	0	.7817537	.02561263	.1926337	0
1182.15	0	.7806738	.0262425	.1930837	0
1181.15	0	.7795968	.02687049	.1935327	0
1180.15	0	.7785228	.02749659	.1939806	0
1179.15	0	.7774517	.02812082	.1944275	0
1178.15	0	.7763835	.02874317	.1948733	0
1177.15	0	.7753182	.02936365	.1953181	0
1176.15	0	.7742559	.02998227	.1957619	0
1175.15	0	.7731964	.03059903	.1962046	0
1174.15	0	.7721398	.03121393	.1966462	0
1173.15	0	.7710861	.03182699	.1970869	0
1172.15	0	.7700353	.0324382	.1975265	0
1171.15	0	.7689874	.03304756	.1979651	0
1170.15	0	.7679423	.0336551	.1984027	0
1169.15	0	.7669	.0342608	.1988392	0
1168.15	0	.7658606	.03486467	.1992747	0
1167.15	0	.764824	.03546672	.1997093	0
1166.15	0	.7637903	.03606695	.2001428	0
1165.15	0	.7627593	.03666537	.2005753	0
1164.15	0	.7617312	.03726198	.2010068	0
1163.15	0	.7607059	.03785679	.2014373	0
1162.15	0	.7596834	.0384498	.2018668	0
1161.15	0	.7586637	.03904101	.2022953	0
1160.15	0	.7576467	.03963043	.2027229	0
1159.15	0	.7566325	.04021806	.2031494	0
1158.15	0	.7556211	.04080392	.203575	0
1157.15	0	.7546125	.04138799	.2039995	0
1156.15	0	.7536066	.0419703	.2044231	0
1155.15	0	.7526034	.04255083	.2048458	0
1154.15	0	.7516029	.04312963	.2052674	0
1153.15	0	.7506052	.04370664	.2056881	0
1152.15	0	.7496103	.0442819	.2061078	0
1151.15	0	.748618	.04485541	.2065266	0
1150.15	0	.7476285	.04542717	.2069444	0
1149.15	0	.7466416	.04599719	.2073612	0
1148.15	0	.7456575	.04656547	.2077771	0
1147.15	0	.744676	.04713202	.208192	0
1146.15	0	.7436972	.04769684	.208606	0
1145.15	0	.7427211	.04825994	.209019	0
1144.15	0	.7417476	.04882131	.2094311	0
1143.15	0	.7407768	.04938098	.2098422	0
1142.15	0	.7398086	.04993893	.2102524	0
1141.15	0	.7388431	.05049517	.2106617	0
1140.15	0	.7378802	.05104971	.21107	0
1139.15	0	.73692	.05160256	.2114775	0
1138.15	0	.7359624	.05215371	.2118839	0
1137.15	0	.7350074	.05270317	.2122895	0
1136.15	0	.7340549	.05325095	.2126941	0
1135.15	0	.7331052	.05379704	.2130978	0
1134.15	0	.7321579	.05434146	.2135006	0
1133.15	0	.7312133	.05488421	.2139025	0
1132.15	0	.7302713	.05542529	.2143034	0
1131.15	0	.7293318	.05596471	.2147035	0
1130.15	0	.7283949	.05650246	.2151026	0
1129.15	0	.7274606	.05703856	.2155009	0
1128.15	0	.7265288	.05757301	.2158982	0
1127.15	0	.7255995	.05810582	.2162947	0
1126.15	0	.7246728	.05863698	.2166902	0
1125.15	0	.7237487	.0591665	.2170848	0
1124.15	0	.722827	.05969439	.2174786	0
1123.15	0	.7219079	.06022065	.2178714	0
1122.15	0	.7209913	.06074528	.2182634	0
1121.15	0	.7200772	.0612683	.2186545	0
1120.15	0	.7191656	.06178969	.2190447	0
1119.15	0	.7182565	.06230948	.2194341	0
1118.15	0	.7173499	.06282765	.2198225	0
1117.15	0	.7164457	.06334422	.2202101	0
1116.15	0	.715544	.06385919	.2205968	0
1115.15	0	.7146448	.06437257	.2209826	0
1114.15	0	.7137481	.06488435	.2213675	0
1113.15	0	.7128538	.06539454	.2217516	0
1112.15	0	.711962	.06590316	.2221349	0
1111.15	0	.7110726	.06641019	.2225172	0
1110.15	0	.7101856	.06691565	.2228987	0
1109.15	0	.7093011	.06741954	.2232794	0
1108.15	0	.708419	.06792186	.2236591	0
1107.15	0	.7075393	.06842262	.2240381	0
1106.15	0	.706662	.06892182	.2244162	0
1105.15	0	.7057872	.06941946	.2247934	0
1104.15	0	.7049147	.06991556	.2251698	0
1103.15	0	.7040446	.07041011	.2255453	0
1102.15	0	.7031769	.07090312	.22592	0
1101.15	0	.7023116	.0713946	.2262939	0
1100.15	0	.7014486	.07188453	.2266669	0
1099.15	0	.700588	.07237295	.227039	0
1098.15	0	.6997298	.07285984	.2274104	0
1097.15	0	.6988739	.0733452	.2277809	0
1096.15	0	.6980204	.07382905	.2281506	0
1095.15	0	.6971692	.07431139	.2285194	0
1094.15	0	.6963204	.07479222	.2288874	0
1093.15	0	.6954739	.07527155	.2292546	0
1092.15	0	.6946296	.07574938	.229621	0
1091.15	0	.6937878	.07622572	.2299865	0
1090.15	0	.6929482	.07670056	.2303512	0
1089.15	0	.6921109	.07717392	.2307151	0
1088.15	0	.691276	.0776458	.2310782	0
1087.15	0	.6904433	.07811619	.2314405	0
1086.15	0	.6896129	.07858512	.231802	0
1085.15	0	.6887848	.07905257	.2321626	0
1084.15	0	.687959	.07951856	.2325225	0
1083.15	0	.6871354	.07998309	.2328815	0
1082.15	0	.6863141	.08044616	.2332397	0
1081.15	0	.6854951	.08090778	.2335972	0
1080.15	0	.6846783	.08136796	.2339538	0
1079.15	0	.6838637	.08182668	.2343096	0
1078.15	0	.6830514	.08228397	.2346646	0
1077.15	0	.6822413	.08273983	.2350188	0
1076.15	0	.6814335	.08319425	.2353723	0
1075.15	0	.6806278	.08364725	.2357249	0
1074.15	0	.6798244	.08409882	.2360768	0
1073.15	0	.6790232	.08454898	.2364278	0
1072.15	0	.6782242	.08499773	.2367781	0
1071.15	0	.6774274	.08544506	.2371275	0
1070.15	0	.6766328	.08589099	.2374762	0
1069.15	0	.6758403	.08633552	.2378241	0
1068.15	0	.6750501	.08677866	.2381713	0
1067.15	0	.674262	.0872204	.2385176	0
1066.15	0	.6734761	.08766076	.2388632	0
1065.15	0	.6726923	.08809974	.2392079	0
1064.15	0	.6719107	.08853733	.2395519	0
1063.15	0	.6711313	.08897356	.2398952	0
1062.15	0	.670354	.08940841	.2402376	0
1061.15	0	.6695788	.0898419	.2405793	0
1060.15	0	.6688058	.09027403	.2409202	0
1059.15	0	.6680348	.09070481	.2412604	0
1058.15	0	.667266	.09113423	.2415997	0
1057.15	0	.6664994	.09156231	.2419383	0
1056.15	0	.6657348	.09198904	.2422762	0
1055.15	0	.6649723	.09241444	.2426132	0
1054.15	0	.6642119	.09283851	.2429495	0
1053.15	0	.6634537	.09326125	.2432851	0
1052.15	0	.6626975	.09368266	.2436199	0
1051.15	0	.6619433	.09410276	.2439539	0
1050.15	0	.6611913	.09452154	.2442872	0
1049.15	0	.6604413	.09493901	.2446197	0
1048.15	0	.6596934	.09535518	.2449514	0
1047.15	0	.6589475	.09577005	.2452824	0
1046.15	0	.6582037	.09618362	.2456127	0
1045.15	0	.6574619	.0965959	.2459422	0
1044.15	0	.6567222	.0970069	.2462709	0
1043.15	0	.6559845	.09741661	.2465989	0
1042.15	0	.6552488	.09782505	.2469261	0
1041.15	0	.6545152	.09823222	.2472526	0
1040.15	0	.6537835	.09863812	.2475784	0
1039.15	0	.6530539	.09904276	.2479034	0
1038.15	0	.6523262	.09944614	.2482276	0
1037.15	0	.6516006	.09984828	.2485511	0
1036.15	0	.650877	.1002492	.2488739	0
1035.15	0	.6501553	.1006488	.2491959	0
1034.15	0	.6494356	.1010472	.2495172	0
1033.15	0	.6487179	.1014444	.2498377	0
1032.15	0	.6480021	.1018403	.2501575	0
1031.15	0	.6472884	.1022351	.2504766	0
1030.15	0	.6465765	.1026286	.2507949	0
1029.15	0	.6458666	.1030209	.2511125	0
1028.15	0	.6451587	.103412	.2514293	0
1027.15	0	.6444527	.1038018	.2517455	0
1026.15	0	.6437486	.1041905	.2520608	0
1025.15	0	.6430465	.104578	.2523755	0
1024.15	0	.6423462	.1049644	.2526894	0
1023.15	0	.6416479	.1053495	.2530026	0
1022.15	0	.6409515	.1057335	.253315	0
1021.15	0	.640257	.1061163	.2536268	0
1020.15	0	.6395644	.1064979	.2539377	0
1019.15	0	.6388737	.1068783	.254248	0
1018.15	0	.6381848	.1072577	.2545575	0
1017.15	0	.6374978	.1076358	.2548663	0
1016.15	0	.6368127	.1080129	.2551744	0
1015.15	0	.6361295	.1083887	.2554818	0
1014.15	0	.6354481	.1087635	.2557884	0
1013.15	0	.6347686	.1091371	.2560943	0
1012.15	0	.6340909	.1095096	.2563994	0
1011.15	0	.6334151	.109881	.2567039	0
1010.15	0	.6327411	.1102513	.2570076	0
1009.15	0	.6320689	.1106205	.2573106	0
1008.15	0	.6313985	.1109886	.2576129	0
1007.15	0	.63073	.1113556	.2579144	0
1006.15	0	.6300633	.1117215	.2582153	0
1005.15	0	.6293983	.1120863	.2585154	0
1004.15	0	.6287352	.1124501	.2588147	0
1003.15	0	.6280739	.1128127	.2591134	0
1002.15	0	.6274143	.1131744	.2594113	0
1001.15	0	.6267565	.1135349	.2597086	0
1000.15	0	.6261005	.1138944	.2600051	0
999.15	0	.6254462	.1142529	.2603009	0
998.15	0	.6247937	.1146103	.2605959	0
997.15	0	.624143	.1149668	.2608903	0
996.15	0	.623494	.1153221	.2611839	0
995.15	0	.6228467	.1156765	.2614768	0
994.15	0	.6222012	.1160298	.261769	0
993.15	0	.6215574	.1163822	.2620604	0
992.15	0	.6209153	.1167335	.2623512	0
991.15	0	.620275	.1170838	.2626412	0
990.15	0	.6196363	.1174332	.2629305	0
989.15	0	.6189993	.1177816	.2632191	0
988.15	0	.6183641	.118129	.263507	0
987.15	0	.6177305	.1184754	.2637941	0
986.15	0	.6170986	.1188209	.2640806	0
985.15	0	.6164683	.1191654	.2643663	0
984.15	0	.6158398	.1195089	.2646513	0
983.15	0	.6152129	.1198516	.2649356	0
982.15	0	.6145876	.1201932	.2652191	0
981.15	0	.613964	.120534	.265502	0
980.15	0	.613342	.1208739	.2657841	0
979.15	0	.6127217	.1212128	.2660655	0
978.15	0	.612103	.1215508	.2663462	0
977.15	0	.6114859	.1218879	.2666262	0
976.15	0	.6108704	.1222242	.2669054	0
975.15	0	.6102566	.1225595	.267184	0
974.15	0	.6096443	.122894	.2674618	0
973.15	0	.6090336	.1232276	.2677389	0
972.15	0	.6084245	.1235603	.2680152	0
971.15	0	.607817	.1238922	.2682909	0
970.15	0	.607211	.1242232	.2685658	0
969.15	0	.6066066	.1245534	.26884	0
968.15	0	.6060038	.1248828	.2691135	0
967.15	0	.6054025	.1252113	.2693862	0
966.15	0	.6048027	.125539	.2696583	0
965.15	0	.6042045	.1258659	.2699296	0
964.15	0	.6036078	.126192	.2702002	0
963.15	0	.6030126	.1265173	.2704701	0
962.15	0	.602419	.1268418	.2707392	0
961.15	0	.6018268	.1271656	.2710076	0
960.15	0	.6012362	.1274886	.2712753	0
959.15	0	.600647	.1278108	.2715423	0
958.15	0	.6000593	.1281322	.2718085	0
957.15	0	.5994731	.1284529	.272074	0
956.15	0	.5988883	.1287729	.2723388	0
955.15	0	.598305	.1290922	.2726028	0
954.15	0	.5977232	.1294107	.2728661	0
953.15	0	.5971428	.1297285	.2731287	0
952.15	0	.5965638	.1300456	.2733906	0
951.15	0	.5959863	.130362	.2736517	0
950.15	0	.5954102	.1306778	.2739121	0
949.15	0	.5948355	.1309928	.2741717	0
948.15	0	.5942621	.1313072	.2744306	0
947.15	0	.5936902	.1316209	.2746888	0
946.15	0	.5931197	.131934	.2749463	0
945.15	0	.5925506	.1322464	.275203	0
944.15	0	.5919844	.1325567	.2754588	0
943.15	0	.591418	.1328679	.2757141	0
942.15	0	.590853	.1331785	.2759685	0
941.15	0	.5902892	.1334885	.2762223	0
940.15	0	.5897269	.1337979	.2764753	0
939.15	0	.5891658	.1341067	.2767275	0
938.15	0	.5886061	.1344149	.276979	0
937.15	0	.5880477	.1347226	.2772297	0
936.15	0	.5874905	.1350297	.2774798	0
935.15	0	.5869347	.1353363	.277729	0
934.15	0	.5863802	.1356423	.2779775	0
933.15	0	.585827	.1359478	.2782253	0
932.15	0	.585275	.1362528	.2784722	0
931.15	0	.5847243	.1365573	.2787185	0
930.15	0	.5841748	.1368613	.2789639	0
929.15	0	.5836266	.1371648	.2792087	0
928.15	0	.5830796	.1374678	.2794526	0
927.15	0	.5825338	.1377704	.2796958	0
926.15	0	.5819893	.1380725	.2799382	0
925.15	0	.5814459	.1383742	.2801799	0
924.15	0	.5809038	.1386755	.2804208	0
923.15	0	.5803628	.1389763	.2806609	0
922.15	0	.5798231	.1392767	.2809002	0
921.15	0	.5792844	.1395767	.2811388	0
920.15	0	.578747	.1398764	.2813766	0
919.15	0	.5782107	.1401757	.2816136	0
918.15	0	.5776756	.1404746	.2818499	0
917.15	0	.5771415	.1407731	.2820853	0
916.15	0	.5766086	.1410714	.28232	0
915.15	0	.5760768	.1413693	.2825539	0
914.15	0	.5755461	.1416668	.282787	0
913.15	0	.5750165	.1419641	.2830193	0
912.15	0	.574488	.1422611	.2832509	0
911.15	0	.5739606	.1425578	.2834816	0
910.15	0	.5734342	.1428543	.2837115	0
909.15	0	.5729089	.1431505	.2839407	0
908.15	0	.5723846	.1434464	.284169	0
907.15	0	.5718614	.1437421	.2843965	0
906.15	0	.5713391	.1440376	.2846232	0
905.15	0	.5708179	.144333	.2848491	0
904.15	0	.5702977	.1446281	.2850742	0
903.15	0	.5697784	.144923	.2852985	0
902.15	0	.5692602	.1452178	.285522	0
901.15	0	.5687429	.1455125	.2857446	0
900.15	0	.5682266	.145807	.2859665	0
899.15	0	.5677112	.1461013	.2861875	0
898.15	0	.5671967	.1463956	.2864077	0
897.15	0	.5666832	.1466898	.286627	0
896.15	0	.5661706	.1469839	.2868455	0
895.15	0	.5656589	.147278	.2870632	0
894.15	0	.565148	.147572	.28728	0
893.15	0	.5646381	.1478659	.287496	0
892.15	0	.564129	.1481599	.2877111	0
891.15	0	.5636207	.1484538	.2879254	0
890.15	0	.5631133	.1487478	.2881389	0
889.15	0	.5626068	.1490418	.2883514	0
888.15	0	.562101	.1493358	.2885632	0
887.15	0	.5615961	.1496299	.288774	0
886.15	0	.5610919	.1499241	.288984	0
885.15	0	.5605885	.1502183	.2891931	0
884.15	0	.5600859	.1505127	.2894014	0
883.15	0	.5595841	.1508072	.2896087	0
882.15	0	.559083	.1511018	.2898152	0
881.15	0	.5585826	.1513966	.2900208	0
880.15	0	.5580829	.1516915	.2902255	0
879.15	0	.557584	.1519867	.2904293	0
878.15	0	.5570857	.1522821	.2906322	0
877.15	0	.5565881	.1525776	.2908343	0
876.15	0	.5560912	.1528735	.2910354	0
875.15	0	.5555949	.1531696	.2912356	0
874.15	0	.5550992	.1534659	.2914348	0
873.15	0	.5546042	.1537626	.2916332	0
872.15	0	.5541098	.1540596	.2918306	0
871.15	0	.553616	.1543569	.2920271	0
870.15	0	.5531227	.1546546	.2922227	0
869.15	0	.55263	.1549527	.2924173	0
868.15	0	.5521379	.1552512	.292611	0
867.15	0	.5516463	.15555	.2928037	0
866.15	0	.5511552	.1558493	.2929955	0
865.15	0	.5506646	.1561491	.2931863	0
864.15	0	.5501745	.1564494	.2933761	0
863.15	0	.5496849	.1567501	.293565	0
862.15	0	.5491957	.1570514	.2937529	0
861.15	0	.548707	.1573532	.2939398	0
860.15	0	.5482187	.1576556	.2941258	0
859.15	0	.5477308	.1579585	.2943107	0
858.15	0	.5472433	.1582621	.2944946	0
857.15	0	.5467562	.1585663	.2946776	0
856.15	0	.5462694	.1588711	.2948595	0
855.15	0	.5457829	.1591767	.2950404	0
854.15	0	.5452968	.1594829	.2952203	0
853.15	0	.544811	.1597899	.2953991	0
852.15	0	.5443255	.1600976	.2955769	0
851.15	0	.5438402	.1604061	.2957536	0
850.15	0	.5433552	.1607154	.2959294	0
849.15	0	.5428705	.1610255	.296104	0
848.15	0	.5423859	.1613365	.2962776	0
847.15	0	.5419015	.1616484	.2964501	0
846.15	0	.5414173	.1619612	.2966215	0
845.15	0	.5409333	.1622749	.2967918	0
844.15	0	.5404494	.1625896	.2969611	0
843.15	0	.5399656	.1629052	.2971292	0
842.15	0	.5394819	.1632219	.2972962	0
841.15	0	.5389982	.1635397	.2974621	0
840.15	0	.5385147	.1638585	.2976268	0
839.15	0	.5380311	.1641785	.2977904	0
838.15	0	.5375475	.1644996	.2979529	0
837.15	0	.537064	.1648219	.2981142	0
836.15	0	.5365803	.1651453	.2982743	0
835.15	0	.5360967	.1654701	.2984333	0
834.15	0	.5356129	.1657961	.2985911	0
833.15	0	.535129	.1661234	.2987476	0
832.15	0	.534645	.166452	.298903	0
831.15	0	.5341608	.1667821	.2990571	0
830.15	0	.5336764	.1671136	.29921	0
829.15	0	.5331918	.1674465	.2993617	0
828.15	0	.532707	.1677809	.2995121	0
827.15	0	.5322219	.1681168	.2996613	0
826.15	0	.5317365	.1684544	.2998091	0
825.15	0	.5312508	.1687935	.2999557	0
824.15	0	.5307647	.1691343	.300101	0
823.15	0	.5302782	.1694768	.300245	0
822.15	0	.5297913	.169821	.3003876	0
821.15	0	.529304	.1701671	.3005289	0
820.15	0	.5288162	.1705149	.3006689	0
819.15	0	.5283279	.1708647	.3008075	0
818.15	0	.527839	.1712164	.3009447	0
817.15	0	.5273496	.17157	.3010804	0
816.15	0	.5268595	.1719257	.3012148	0
815.15	0	.5263688	.1722834	.3013478	0
814.15	0	.5258774	.1726433	.3014793	0
813.15	0	.5253853	.1730054	.3016093	0
812.15	0	.5248924	.1733697	.3017379	0
811.15	0	.5243987	.1737363	.3018649	0
810.15	0	.5239042	.1741053	.3019905	0
809.15	0	.5234088	.1744767	.3021145	0
808.15	0	.5229124	.1748506	.3022369	0
807.15	0	.5224151	.1752271	.3023578	0
806.15	0	.5219168	.1756061	.3024771	0
805.15	0	.5214174	.1759879	.3025947	0
804.15	0	.5209169	.1763724	.3027108	0
803.15	0	.5204152	.1767597	.3028251	0
802.15	0	.5199123	.1771499	.3029378	0
801.15	0	.5194081	.1775431	.3030488	0
800.15	0	.5189026	.1779394	.303158	0
799.15	0	.5183957	.1783388	.3032654	0
798.15	0	.5178874	.1787415	.3033711	0
797.15	0	.5173776	.1791475	.303475	0
796.15	0	.5168662	.1795568	.303577	0
795.15	0	.5163532	.1799697	.3036771	0
794.15	0	.5158384	.1803862	.3037753	0
793.15	0	.5153219	.1808064	.3038716	0
792.15	0	.5148036	.1812305	.303966	0
791.15	0	.5142833	.1816584	.3040583	0
790.15	0	.5137611	.1820904	.3041485	0
789.15	0	.5132367	.1825266	.3042367	0
788.15	0	.5127102	.182967	.3043228	0
787.15	0	.5121814	.1834119	.3044067	0
786.15	0	.5116503	.1838613	.3044884	0
785.15	0	.5111168	.1843154	.3045678	0
784.15	0	.5105806	.1847744	.304645	0
783.15	0	.5100418	.1852384	.3047198	0
782.15	0	.5095003	.1857075	.3047922	0
781.15	0	.5089559	.186182	.3048622	0
780.15	0	.5084084	.186662	.3049296	0
779.15	0	.5078578	.1871477	.3049945	0
778.15	0	.507304	.1876393	.3050568	0
777.15	0	.5067467	.188137	.3051164	0
776.15	0	.5061858	.188641	.3051732	0
775.15	0	.5056213	.1891516	.3052272	0
774.15	0	.5050528	.189669	.3052783	0
773.15	0	.5044802	.1901934	.3053264	0
772.15	0	.5039034	.1907252	.3053714	0
771.15	0	.5033221	.1912646	.3054133	0
770.15	0	.5027361	.191812	.3054519	0
769.15	0	.5021453	.1923676	.3054871	0
768.15	0	.5015493	.1929318	.3055189	0
767.15	0	.5009478	.1935051	.3055471	0
766.15	0	.5003407	.1940876	.3055716	0
765.15	0	.4997277	.1946801	.3055923	0
764.15	0	.4991083	.1952827	.305609	0
763.15	0	.4984823	.1958962	.3056216	0
762.15	0	.4978493	.1965209	.3056298	0
761.15	0	.4972088	.1971575	.3056337	0
760.15	0	.4965606	.1978066	.3056328	0
759.15	0	.495904	.1984688	.3056272	0
758.15	0	.4952386	.199145	.3056164	0
757.15	0	.4945639	.1998358	.3056003	0
756.15	0	.4938791	.2005422	.3055787	0
755.15	0	.4931837	.2012652	.3055512	0
754.15	0	.4924769	.2020057	.3055174	0
753.15	0	.4917578	.202765	.3054772	0
752.15	0	.4910256	.2035444	.30543	0
751.15	0	.4902792	.2043454	.3053754	0
750.15	0	.4895175	.2051695	.305313	0
749.15	0	.4887392	.2060186	.3052421	0
748.15	0	.4879428	.2068949	.3051623	0
747.15	0	.4871266	.2078007	.3050727	0
746.15	0	.4862887	.2087387	.3049726	0
745.15	0	.4854268	.2097123	.304861	0
744.15	0	.4845382	.210725	.3047368	0
743.15	0	.4836199	.2117814	.3045988	0
742.15	0	.4826681	.2128866	.3044453	0
741.15	0	.4816782	.2140473	.3042746	0
740.15	0	.4806446	.2152711	.3040843	0
739.15	0	.4795602	.2165682	.3038716	0
738.15	0	.478416	.2179512	.3036328	0
737.15	0	.4763313	.2206316	.303037	0
736.15	0	.4734923	.2243597	.302148	0
735.15	0	.471156	.227406	.301438	0
734.15	0	.4691479	.2300089	.3008433	0
733.15	0	.4673752	.2322946	.3003303	0
732.15	0	.4657818	.2343394	.2998788	0
731.15	0	.4643308	.2361935	.2994757	0
730.15	0	.4629963	.2378921	.2991116	0
729.15	0	.4617592	.239461	.2987798	0
728.15	0	.4606052	.2409195	.2984753	0
727.15	0	.459523	.2422829	.298194	0
726.15	0	.4585038	.2435632	.297933	0
725.15	0	.4575401	.2447702	.2976897	0
724.15	0	.4566261	.245912	.2974619	0
723.15	0	.4557567	.2469954	.297248	0
722.15	0	.4549275	.2480259	.2970465	0
721.15	0	.4541351	.2490086	.2968563	0
720.15	0	.4533763	.2499476	.2966761	0
719.15	0	.4526483	.2508466	.2965052	0
718.15	0	.4519487	.2517087	.2963427	0
717.15	0	.4512754	.2525367	.2961879	0
716.15	0	.4506265	.2533333	.2960402	0
715.15	0	.4500005	.2541005	.295899	0
714.15	0	.4493957	.2548404	.2957639	0
713.15	0	.4488108	.2555548	.2956344	0
712.15	0	.4482446	.2562452	.2955102	0
711.15	0	.447696	.2569132	.2953908	0
710.15	0	.447164	.2575601	.2952759	0
709.15	0	.4466477	.2581871	.2951653	0
708.15	0	.4461461	.2587953	.2950587	0
707.15	0	.4456586	.2593857	.2949558	0
706.15	0	.4451844	.2599593	.2948564	0
705.15	0	.4447228	.2605169	.2947603	0
704.15	0	.4442733	.2610594	.2946674	0
703.15	0	.4438352	.2615874	.2945774	0
702.15	0	.4434081	.2621018	.2944901	0
701.15	0	.4429914	.2626031	.2944055	0
700.15	0	.4425847	.2630919	.2943234	0
699.15	0	.4421876	.2635688	.2942437	0
698.15	0	.4417996	.2640343	.2941662	0
697.15	0	.4414204	.2644888	.2940908	0
696.15	0	.4410496	.264933	.2940174	0
695.15	0	.4406869	.2653671	.293946	0
694.15	0	.4403319	.2657917	.2938764	0
693.15	0	.4399845	.266207	.2938085	0
692.15	0	.4396442	.2666135	.2937423	0
691.15	0	.4393108	.2670115	.2936777	0
690.15	0	.4389841	.2674013	.2936146	0
689.15	0	.4386639	.2677832	.2935529	0
688.15	0	.4383499	.2681575	.2934926	0
687.15	0	.4380418	.2685245	.2934337	0
686.15	0	.4377396	.2688845	.293376	0
685.15	0	.4374429	.2692376	.2933195	0
684.15	0	.4371517	.2695842	.2932642	0
683.15	0	.4368657	.2699244	.2932099	0
682.15	0	.4365847	.2702585	.2931568	0
681.15	0	.4363087	.2705867	.2931046	0
680.15	0	.4360374	.2709091	.2930535	0
679.15	0	.4357708	.271226	.2930032	0
678.15	0	.4355086	.2715375	.2929539	0
677.15	0	.4352508	.2718438	.2929054	0
676.15	0	.4349971	.2721451	.2928578	0
675.15	0	.4347476	.2724415	.2928109	0
674.15	0	.434502	.2727332	.2927648	0
673.15	0	.4342603	.2730202	.2927195	0
672.15	0	.4340223	.2733028	.2926748	0
671.15	0	.433788	.2735811	.2926309	0
670.15	0	.4335572	.2738552	.2925876	0
669.15	0	.4333299	.2741252	.2925449	0
668.15	0	.4331059	.2743913	.2925028	0
667.15	0	.4328852	.2746535	.2924613	0
666.15	0	.4326676	.274912	.2924204	0
665.15	0	.4324532	.2751668	.29238	0
664.15	0	.4322418	.2754181	.2923401	0
663.15	0	.4320333	.275666	.2923007	0
662.15	0	.4318277	.2759105	.2922618	0
661.15	0	.4316249	.2761517	.2922234	0
660.15	0	.4314248	.2763898	.2921854	0
659.15	0	.4312274	.2766248	.2921478	0
658.15	0	.4310326	.2768568	.2921107	0
657.15	0	.4308403	.2770858	.2920739	0
656.15	0	.4306505	.277312	.2920376	0
655.15	0	.4304631	.2775354	.2920016	0
654.15	0	.430278	.277756	.291966	0
653.15	0	.4300953	.277974	.2919307	0
652.15	0	.4299148	.2781895	.2918957	0
651.15	0	.4297365	.2784024	.2918611	0
650.15	0	.4295604	.2786128	.2918268	0
649.15	0	.4293864	.2788209	.2917928	0
648.15	0	.4292144	.2790266	.291759	0
647.15	0	.4290445	.27923	.2917256	0
646.15	0	.4288765	.2794311	.2916924	0
645.15	0	.4287105	.2796301	.2916594	0
644.15	0	.4285463	.279827	.2916267	0
643.15	0	.428384	.2800217	.2915943	0
642.15	0	.4282235	.2802145	.2915621	0
641.15	0	.4280647	.2804052	.2915301	0
640.15	0	.4279077	.280594	.2914983	0
639.15	0	.4277525	.2807808	.2914667	0
638.15	0	.4275988	.2809658	.2914353	0
637.15	0	.4274468	.281149	.2914042	0
636.15	0	.4272964	.2813304	.2913732	0
635.15	0	.4271476	.2815101	.2913424	0
634.15	0	.4270003	.281688	.2913117	0
633.15	0	.4268545	.2818643	.2912812	0
632.15	0	.4267102	.2820389	.2912509	0
631.15	0	.4265673	.282212	.2912207	0
630.15	0	.4264259	.2823834	.2911907	0
629.15	0	.4262858	.2825534	.2911608	0
628.15	0	.4261471	.2827218	.2911311	0
627.15	0	.4260098	.2828887	.2911015	0
626.15	0	.4258738	.2830542	.291072	0
625.15	0	.425739	.2832183	.2910427	0
624.15	0	.4256056	.283381	.2910134	0
623.15	0	.4254734	.2835423	.2909843	0
622.15	0	.4253424	.2837023	.2909553	0
621.15	0	.4252126	.2838611	.2909263	0
620.15	0	.425084	.2840185	.2908975	0
619.15	0	.4249566	.2841746	.2908688	0
618.15	0	.4248303	.2843295	.2908402	0
617.15	0	.4247051	.2844832	.2908116	0
616.15	0	.4245811	.2846358	.2907832	0
615.15	0	.4244581	.2847871	.2907548	0
614.15	0	.4243362	.2849373	.2907265	0
613.15	0	.4242153	.2850864	.2906983	0
612.15	0	.4240955	.2852344	.2906702	0
611.15	0	.4239767	.2853813	.2906421	0
610.15	0	.4238588	.2855271	.2906141	0
609.15	0	.423742	.2856719	.2905861	0
608.15	0	.4236261	.2858157	.2905582	0
607.15	0	.4235112	.2859584	.2905304	0
606.15	0	.4233972	.2861002	.2905026	0
605.15	0	.4232841	.286241	.2904749	0
604.15	0	.4231719	.2863809	.2904472	0
603.15	0	.4230606	.2865198	.2904196	0
602.15	0	.4229502	.2866577	.290392	0
601.15	0	.4228407	.2867948	.2903645	0
600.15	0	.422732	.286931	.290337	0
599.15	0	.4226241	.2870663	.2903096	0
598.15	0	.4225171	.2872008	.2902821	0
597.15	0	.4224109	.2873344	.2902548	0
596.15	0	.4223055	.2874671	.2902274	0
595.15	0	.4222008	.2875991	.2902001	0
594.15	0	.422097	.2877302	.2901728	0
593.15	0	.4219939	.2878605	.2901456	0
592.15	0	.4218916	.2879901	.2901183	0
591.15	0	.42179	.2881189	.2900911	0
590.15	0	.4216891	.2882469	.290064	0
589.15	0	.421589	.2883742	.2900368	0
588.15	0	.4214896	.2885008	.2900097	0
587.15	0	.4213908	.2886266	.2899825	0
586.15	0	.4212928	.2887517	.2899555	0
585.15	0	.4211955	.2888762	.2899284	0
584.15	0	.4210988	.2889999	.2899013	0
583.15	0	.4210028	.2891229	.2898742	0
582.15	0	.4209075	.2892453	.2898472	0
581.15	0	.4208128	.2893671	.2898202	0
580.15	0	.4207187	.2894881	.2897932	0
579.15	0	.4206253	.2896086	.2897662	0
578.15	0	.4205325	.2897284	.2897392	0
577.15	0	.4204403	.2898475	.2897122	0
576.15	0	.4203488	.2899661	.2896851	0
575.15	0	.4202578	.290084	.2896581	0
574.15	0	.4201674	.2902014	.2896312	0
573.15	0	.4200776	.2903182	.2896042	0
572.15	0	.4199884	.2904344	.2895772	0
571.15	0	.4198997	.29055	.2895503	0
570.15	0	.4198116	.2906651	.2895233	0
569.15	0	.4197241	.2907796	.2894964	0
568.15	0	.4196371	.2908935	.2894694	0
567.15	0	.4195506	.2910069	.2894425	0
566.15	0	.4194647	.2911198	.2894155	0
565.15	0	.4193793	.2912321	.2893886	0
564.15	0	.4192944	.291344	.2893616	0
563.15	0	.41921	.2914553	.2893347	0
562.15	0	.4191262	.2915661	.2893078	0
561.15	0	.4190428	.2916764	.2892808	0
560.15	0	.41896	.2917862	.2892538	0
559.15	0	.4188776	.2918955	.2892269	0
558.15	0	.4187958	.2920043	.2891999	0
557.15	0	.4187144	.2921127	.2891729	0
556.15	0	.4186335	.2922205	.289146	0
555.15	0	.418553	.292328	.289119	0
554.15	0	.4184731	.2924349	.289092	0
553.15	0	.4183936	.2925414	.289065	0
552.15	0	.4183145	.2926474	.2890381	0
551.15	0	.4182359	.292753	.2890111	0
550.15	0	.4181578	.2928582	.2889841	0
549.15	0	.4180801	.2929629	.288957	0
548.15	0	.4180028	.2930672	.28893	0
547.15	0	.4179259	.293171	.288903	0
546.15	0	.4178495	.2932745	.288876	0
545.15	0	.4177735	.2933775	.288849	0
544.15	0	.417698	.2934801	.2888219	0
543.15	0	.4176228	.2935823	.2887949	0
542.15	0	.4175481	.2936841	.2887678	0
541.15	0	.4174738	.2937855	.2887408	0
540.15	0	.4173998	.2938865	.2887137	0
539.15	0	.4173263	.2939871	.2886866	0
538.15	0	.4172532	.2940873	.2886595	0
537.15	0	.4171804	.2941871	.2886325	0
536.15	0	.4171081	.2942866	.2886054	0
535.15	0	.4170361	.2943856	.2885783	0
534.15	0	.4169645	.2944843	.2885511	0
533.15	0	.4168933	.2945827	.288524	0
532.15	0	.4168225	.2946806	.2884969	0
531.15	0	.416752	.2947782	.2884698	0
530.15	0	.4166819	.2948755	.2884426	0
529.15	0	.4166122	.2949723	.2884155	0
528.15	0	.4165428	.2950688	.2883883	0
527.15	0	.4164738	.295165	.2883612	0
526.15	0	.4164051	.2952609	.288334	0
525.15	0	.4163368	.2953563	.2883068	0
524.15	0	.4162689	.2954515	.2882797	0
523.15	0	.4162013	.2955463	.2882525	0
522.15	0	.416134	.2956407	.2882253	0
521.15	0	.4160671	.2957348	.2881981	0
520.15	0	.4160005	.2958286	.2881709	0
519.15	0	.4159342	.2959221	.2881437	0
518.15	0	.4158683	.2960152	.2881165	0
517.15	0	.4158027	.296108	.2880893	0
516.15	0	.4157375	.2962005	.288062	0
515.15	0	.4156725	.2962927	.2880348	0
514.15	0	.4156079	.2963845	.2880076	0
513.15	0	.4155436	.2964761	.2879803	0
512.15	0	.4154796	.2965673	.2879531	0
511.15	0	.415416	.2966582	.2879259	0
510.15	0	.4153526	.2967488	.2878986	0
509.15	0	.4152896	.2968391	.2878714	0
508.15	0	.4152268	.2969291	.2878441	0
507.15	0	.4151644	.2970187	.2878169	0
506.15	0	.4151023	.2971081	.2877896	0
505.15	0	.4150405	.2971972	.2877623	0
504.15	0	.4149789	.297286	.2877351	0
503.15	0	.4149177	.2973745	.2877078	0
502.15	0	.4148568	.2974627	.2876805	0
501.15	0	.4147961	.2975506	.2876533	0
500.15	0	.4147358	.2976382	.287626	0
499.15	0	.4146757	.2977255	.2875987	0
498.15	0	.414616	.2978126	.2875715	0
497.15	0	.4145565	.2978993	.2875442	0
496.15	0	.4144973	.2979858	.287517	0
495.15	0	.4144384	.298072	.2874897	0
494.15	0	.4143797	.2981579	.2874624	0
493.15	0	.4143214	.2982435	.2874352	0
492.15	0	.4142633	.2983288	.2874079	0
491.15	0	.4142055	.2984139	.2873807	0
490.15	0	.4141479	.2984987	.2873534	0
489.15	0	.4140907	.2985832	.2873262	0
488.15	0	.4140337	.2986674	.2872989	0
487.15	0	.413977	.2987514	.2872717	0
486.15	0	.4139205	.2988351	.2872444	0
485.15	0	.4138643	.2989185	.2872172	0
484.15	0	.4138084	.2990017	.28719	0
483.15	0	.4137527	.2990845	.2871627	0
482.15	0	.4136973	.2991672	.2871355	0
481.15	0	.4136422	.2992495	.2871083	0
480.15	0	.4135873	.2993316	.2870811	0
479.15	0	.4135327	.2994134	.2870539	0
478.15	0	.4134783	.299495	.2870267	0
477.15	0	.4134242	.2995763	.2869996	0
476.15	0	.4133703	.2996573	.2869724	0
475.15	0	.4133167	.2997381	.2869452	0
474.15	0	.4132633	.2998186	.2869181	0
473.15	0	.4132102	.2998988	.286891	0
472.15	0	.4131574	.2999788	.2868638	0
471.15	0	.4131047	.3000586	.2868367	0
470.15	0	.4130524	.300138	.2868096	0
469.15	0	.4130002	.3002173	.2867825	0
468.15	0	.4129484	.3002962	.2867554	0
467.15	0	.4128967	.3003749	.2867284	0
466.15	0	.4128453	.3004534	.2867013	0
465.15	0	.4127942	.3005316	.2866743	0
464.15	0	.4127432	.3006096	.2866472	0
463.15	0	.4126925	.3006873	.2866202	0
462.15	0	.4126421	.3007647	.2865932	0
461.15	0	.4125919	.3008419	.2865662	0
460.15	0	.4125419	.3009188	.2865393	0
459.15	0	.4124922	.3009955	.2865123	0
458.15	0	.4124427	.301072	.2864854	0
457.15	0	.4123934	.3011482	.2864584	0
456.15	0	.4123443	.3012241	.2864316	0
455.15	0	.4122955	.3012998	.2864047	0
454.15	0	.412247	.3013752	.2863778	0
453.15	0	.4121986	.3014504	.286351	0
452.15	0	.4121505	.3015254	.2863241	0
451.15	0	.4121026	.3016001	.2862973	0
450.15	0	.4120549	.3016745	.2862706	0
449.15	0	.4120075	.3017487	.2862438	0
448.15	0	.4119603	.3018226	.2862171	0
447.15	0	.4119133	.3018963	.2861904	0
446.15	0	.4118666	.3019696	.2861637	0
445.15	0	.4118201	.3020428	.2861371	0
444.15	0	.4117739	.3021156	.2861105	0
443.15	0	.4117279	.3021882	.286084	0
442.15	0	.4116821	.3022605	.2860574	0
441.15	0	.4116365	.3023325	.2860309	0
440.15	0	.4115913	.3024042	.2860045	0
439.15	0	.4115462	.3024757	.2859781	0
438.15	0	.4115014	.3025468	.2859517	0
437.15	0	.4114569	.3026177	.2859254	0
436.15	0	.4114126	.3026883	.2858991	0
435.15	0	.4113686	.3027585	.2858729	0
434.15	0	.4113248	.3028285	.2858468	0
