T	 BPW(LIQUID)	BPW(BCC_A2)	BPW(FCC_A1)	BPW(LAVES_PHASE_C14)	BPW(NI3TI)
1473.15	.6702722	.3297278	0	0	0
1472.15	.6658847	.3341153	0	0	0
1471.255	.6619814	.3380186	0	0	0
1471.255	.6619814	.3380186	0	0	0
1471.255	.6619814	.3380186	0	0	0
1471.15	.6610811	.3386252	0	2.937527E-04	0
1470.15	.6525999	.344337	0	.003063177	0
1469.15	.6442724	.349941	0	.005786519	0
1468.15	.6360948	.3554402	0	.008465028	0
1467.15	.6280629	.3608372	0	.01109991	0
1466.15	.6201731	.3661346	0	.01369233	0
1465.15	.6124217	.3713349	0	.01624342	0
1464.15	.6048051	.3764406	0	.01875427	0
1463.15	.59732	.3814541	0	.02122591	0
1462.15	.5899629	.3863777	0	.02365938	0
1461.15	.5827308	.3912136	0	.02605565	0
1460.15	.5756204	.3959639	0	.02841567	0
1459.15	.5686289	.4006307	0	.03074036	0
1458.15	.5617533	.4052161	0	.03303061	0
1457.15	.5549907	.409722	0	.03528729	0
1456.15	.5483385	.4141502	0	.03751121	0
1455.15	.5417941	.4185027	0	.0397032	0
1454.15	.5353548	.4227812	0	.04186403	0
1453.15	.5290181	.4269874	0	.04399445	0
1452.15	.5227817	.4311231	0	.04609521	0
1451.15	.5166433	.4351897	0	.048167	0
1450.15	.5106005	.439189	0	.05021053	0
1449.15	.5046512	.4431223	0	.05222646	0
1448.15	.4987932	.4469914	0	.05421543	0
1447.15	.4930245	.4507974	0	.05617807	0
1446.15	.487343	.4545419	0	.058115	0
1445.15	.4817469	.4582263	0	.0600268	0
1444.15	.4762342	.4618518	0	.06191405	0
1443.15	.470803	.4654197	0	.06377731	0
1442.15	.4654516	.4689313	0	.06561711	0
1441.15	.4601783	.4723877	0	.06743398	0
1440.15	.4549813	.4757903	0	.06922843	0
1439.15	.449859	.47914	0	.07100096	0
1438.15	.4448098	.4824381	0	.07275205	0
1437.15	.4398322	.4856856	0	.07448217	0
1436.15	.4349246	.4888836	0	.07619177	0
1435.15	.4300857	.4920331	0	.07788129	0
1434.15	.4253138	.495135	0	.07955116	0
1433.15	.4206077	.4981905	0	.08120181	0
1432.15	.415966	.5012003	0	.08283364	0
1431.15	.4113874	.5041656	0	.08444703	0
1430.15	.4068706	.507087	0	.08604239	0
1429.15	.4024143	.5099656	0	.08762009	0
1428.15	.3980174	.5128021	0	.08918048	0
1427.15	.3936786	.5155975	0	.09072392	0
1426.15	.3893967	.5183525	0	.09225076	0
1425.15	.3851708	.5210679	0	.09376134	0
1424.15	.3809996	.5237445	0	.09525598	0
1423.15	.376882	.526383	0	.09673501	0
1422.15	.3728172	.5289841	0	.09819872	0
1421.15	.3688039	.5315487	0	.09964744	0
1420.15	.3648413	.5340773	0	.1010814	0
1419.15	.3609283	.5365707	0	.102501	0
1418.15	.3570641	.5390295	0	.1039065	0
1417.15	.3532477	.5414543	0	.1052981	0
1416.15	.3494781	.5438459	0	.106676	0
1415.15	.3457546	.5462047	0	.1080407	0
1414.15	.3420763	.5485315	0	.1093922	0
1413.15	.3384423	.5508268	0	.1107309	0
1412.15	.3348518	.5530912	0	.112057	0
1411.15	.331304	.5553252	0	.1133708	0
1410.15	.3277982	.5575294	0	.1146724	0
1409.15	.3243335	.5597043	0	.1159621	0
1408.15	.3209093	.5618505	0	.1172401	0
1407.15	.3175249	.5639685	0	.1185067	0
1406.15	.3141794	.5660587	0	.119762	0
1405.15	.3108722	.5681216	0	.1210062	0
1404.15	.3076027	.5701578	0	.1222395	0
1403.15	.3043702	.5721676	0	.1234622	0
1402.15	.301174	.5741516	0	.1246744	0
1401.15	.2980135	.5761102	0	.1258763	0
1400.15	.2948881	.5780438	0	.1270681	0
1399.15	.2917971	.5799529	0	.1282499	0
1398.15	.2887401	.5818379	0	.129422	0
1397.15	.2857164	.5836991	0	.1305845	0
1396.15	.2827254	.585537	0	.1317376	0
1395.15	.2797666	.587352	0	.1328814	0
1394.15	.2768395	.5891445	0	.1340161	0
1393.15	.2739435	.5909147	0	.1351418	0
1392.15	.2710781	.5926632	0	.1362587	0
1391.15	.2682428	.5943902	0	.137367	0
1390.15	.2654371	.5960962	0	.1384667	0
1389.15	.2626606	.5977813	0	.1395581	0
1388.15	.2599126	.5994461	0	.1406412	0
1387.15	.2571929	.6010908	0	.1417163	0
1386.15	.2545009	.6027158	0	.1427834	0
1385.15	.2518361	.6043213	0	.1438426	0
1384.15	.2491982	.6059076	0	.1448942	0
1383.15	.2465868	.6074751	0	.1459381	0
1382.15	.2440013	.6090242	0	.1469746	0
1381.15	.2414414	.6105549	0	.1480037	0
1380.15	.2389066	.6120677	0	.1490256	0
1379.15	.2363967	.6135629	0	.1500404	0
1378.15	.2339111	.6150406	0	.1510482	0
1377.15	.2314496	.6165013	0	.1520491	0
1376.15	.2290117	.617945	0	.1530432	0
1375.15	.2265972	.6193722	0	.1540307	0
1374.15	.2242055	.620783	0	.1550115	0
1373.15	.2218364	.6221777	0	.1559859	0
1372.15	.2194896	.6235566	0	.1569539	0
1371.15	.2171646	.6249198	0	.1579156	0
1370.15	.2148612	.6262677	0	.1588711	0
1369.15	.2125791	.6276004	0	.1598205	0
1368.15	.2103179	.6289182	0	.1607639	0
1367.15	.2080773	.6302213	0	.1617014	0
1366.15	.205857	.6315099	0	.1626331	0
1365.15	.2036567	.6327842	0	.1635591	0
1364.15	.2014762	.6340445	0	.1644793	0
1363.15	.199315	.6352909	0	.165394	0
1362.15	.1971731	.6365237	0	.1663032	0
1361.15	.1950499	.637743	0	.167207	0
1360.15	.1929454	.6389491	0	.1681055	0
1359.15	.1908592	.6401421	0	.1689987	0
1358.15	.1887911	.6413222	0	.1698867	0
1357.15	.1867408	.6424897	0	.1707696	0
1356.15	.184708	.6436446	0	.1716475	0
1355.15	.1826925	.6447872	0	.1725203	0
1354.15	.1806941	.6459176	0	.1733883	0
1353.15	.1787125	.647036	0	.1742515	0
1352.15	.1767475	.6481427	0	.1751099	0
1351.15	.1747988	.6492376	0	.1759635	0
1350.15	.1728663	.6503211	0	.1768126	0
1349.15	.1709497	.6513933	0	.1776571	0
1348.15	.1690487	.6524542	0	.1784971	0
1347.15	.1671632	.6535042	0	.1793326	0
1346.15	.165293	.6545433	0	.1801637	0
1345.15	.1634378	.6555717	0	.1809905	0
1344.15	.1615975	.6565895	0	.181813	0
1343.15	.1597718	.6575969	0	.1826313	0
1342.15	.1579605	.658594	0	.1834455	0
1341.15	.1561635	.659581	0	.1842556	0
1340.15	.1543805	.6605579	0	.1850616	0
1339.15	.1526114	.661525	0	.1858636	0
1338.15	.150856	.6624824	0	.1866616	0
1337.15	.1491141	.6634301	0	.1874558	0
1336.15	.1473855	.6643684	0	.1882461	0
1335.15	.1456701	.6652973	0	.1890326	0
1334.15	.1439676	.666217	0	.1898154	0
1333.15	.142278	.6671276	0	.1905944	0
1332.15	.140601	.6680292	0	.1913699	0
1331.15	.1389364	.6689219	0	.1921417	0
1330.15	.1372842	.6698059	0	.1929099	0
1329.15	.1356441	.6706813	0	.1936746	0
1328.15	.134016	.6715481	0	.1944359	0
1327.15	.1323998	.6724065	0	.1951937	0
1326.15	.1307953	.6732566	0	.1959481	0
1325.15	.1292022	.6740985	0	.1966992	0
1324.15	.1276206	.6749324	0	.197447	0
1323.15	.1260503	.6757582	0	.1981915	0
1322.15	.124491	.6765762	0	.1989328	0
1321.15	.1229428	.6773863	0	.1996709	0
1320.15	.1214053	.6781888	0	.2004059	0
1319.15	.1198786	.6789837	0	.2011377	0
1318.15	.1183624	.6797712	0	.2018665	0
1317.15	.1168566	.6805512	0	.2025922	0
1316.15	.1153612	.6813239	0	.2033149	0
1315.15	.1138759	.6820894	0	.2040347	0
1314.15	.1124006	.6828478	0	.2047515	0
1313.15	.1109354	.6835992	0	.2054654	0
1312.15	.1094799	.6843436	0	.2061765	0
1311.15	.108034	.6850812	0	.2068848	0
1310.15	.1065978	.685812	0	.2075902	0
1309.15	.105171	.6865362	0	.2082929	0
1308.15	.1037535	.6872537	0	.2089928	0
1307.15	.1023453	.6879647	0	.20969	0
1306.15	.1009461	.6886693	0	.2103846	0
1305.15	.099556	.6893675	0	.2110765	0
1304.15	.09817476	.6900594	0	.2117658	0
1303.15	.09680231	.6907452	0	.2124525	0
1302.15	.09543854	.6914248	0	.2131367	0
1301.15	.09408335	.6920983	0	.2138183	0
1300.15	.09273664	.6927659	0	.2144975	0
1299.15	.09139539	.69343	0	.2151746	0
1298.15	.09006534	.6940858	0	.2158488	0
1297.15	.08874347	.6947359	0	.2165206	0
1296.15	.08742969	.6953803	0	.2171901	0
1295.15	.0861239	.696019	0	.2178571	0
1294.15	.08482601	.6966522	0	.2185218	0
1293.15	.08353592	.6972799	0	.2191842	0
1292.15	.08225354	.6979021	0	.2198443	0
1291.15	.08097879	.6985191	0	.2205022	0
1290.15	.07971157	.6991307	0	.2211578	0
1289.15	.07845181	.699737	0	.2218112	0
1288.15	.0771994	.7003383	0	.2224623	0
1287.15	.07595428	.7009344	0	.2231114	0
1286.15	.07471634	.7015254	0	.2237582	0
1285.15	.07348552	.7021115	0	.224403	0
1284.15	.07226174	.7026926	0	.2250456	0
1283.15	.0710449	.7032689	0	.2256862	0
1282.15	.06983493	.7038403	0	.2263247	0
1281.15	.06863176	.704407	0	.2269612	0
1280.15	.0674353	.704969	0	.2275957	0
1279.15	.06624548	.7055264	0	.2282281	0
1278.15	.06506223	.7060791	0	.2288586	0
1277.15	.06388547	.7066274	0	.2294871	0
1276.15	.06271513	.7071711	0	.2301137	0
1275.15	.06155114	.7077104	0	.2307384	0
1274.15	.06039341	.7082454	0	.2313612	0
1273.15	.0592419	.708776	0	.2319821	0
1272.504	.05850103	.7091166	0	.2323824	0
1272.504	.05850103	.7091166	0	.2323824	0
1272.504	.05850103	.7091166	0	.2323824	0
1272.15	.05611169	.7084694	.002671164	.2327477	0
1271.15	.04935911	.7066717	.01019499	.2337742	0
1270.15	.04260818	.7049204	.01767989	.2347916	0
1269.15	.03585868	.703215	.02512641	.2357999	0
1268.15	.02911038	.7015553	.03253505	.2367993	0
1267.15	.02236309	.6999408	.03990633	.2377898	0
1266.15	.01561659	.6983712	.04724075	.2387715	0
1265.15	.00887069	.6968459	.0545388	.2397446	0
1264.15	.002125193	.6953648	.06180097	.240709	0
1263.835	0	.6949072	.06408165	.2410112	0
1263.835	0	.6949072	.06408165	.2410112	0
1263.15	0	.6940985	.06459127	.2413103	0
1262.15	0	.6929206	.06533339	.241746	0
1261.15	0	.6917462	.06607324	.2421806	0
1260.15	0	.6905751	.06681082	.2426141	0
1259.15	0	.6894075	.06754614	.2430464	0
1258.15	0	.6882432	.06827921	.2434776	0
1257.15	0	.6870824	.06901002	.2439076	0
1256.15	0	.6859249	.06973859	.2443366	0
1255.15	0	.6847707	.07046491	.2447644	0
1254.15	0	.6836199	.071189	.2451911	0
1253.15	0	.6824725	.07191085	.2456167	0
1252.15	0	.6813284	.07263048	.2460411	0
1251.15	0	.6801876	.07334788	.2464645	0
1250.15	0	.6790501	.07406306	.2468868	0
1249.15	0	.677916	.07477603	.247308	0
1248.15	0	.6767851	.07548679	.2477281	0
1247.15	0	.6756575	.07619534	.2481471	0
1246.15	0	.6745333	.07690169	.2485651	0
1245.15	0	.6734123	.07760585	.2489819	0
1244.15	0	.6722945	.07830781	.2493977	0
1243.15	0	.67118	.07900758	.2498124	0
1242.15	0	.6700688	.07970517	.2502261	0
1241.15	0	.6689608	.08040058	.2506386	0
1240.15	0	.667856	.08109381	.2510502	0
1239.15	0	.6667545	.08178487	.2514606	0
1238.15	0	.6656562	.08247376	.2518701	0
1237.15	0	.6645611	.08316049	.2522784	0
1236.15	0	.6634692	.08384507	.2526858	0
1235.15	0	.6623804	.08452748	.2530921	0
1234.15	0	.6612949	.08520775	.2534973	0
1233.15	0	.6602126	.08588587	.2539016	0
1232.15	0	.6591334	.08656184	.2543048	0
1231.15	0	.6580573	.08723568	.254707	0
1230.15	0	.6569845	.08790738	.2551081	0
1229.15	0	.6559148	.08857695	.2555083	0
1228.15	0	.6548482	.08924439	.2559074	0
1227.15	0	.6537847	.08990971	.2563055	0
1226.15	0	.6527244	.09057292	.2567027	0
1225.15	0	.6516672	.091234	.2570988	0
1224.15	0	.6506131	.09189297	.2574939	0
1223.15	0	.6495621	.09254984	.257888	0
1222.15	0	.6485142	.0932046	.2582812	0
1221.15	0	.6474694	.09385725	.2586733	0
1220.15	0	.6464277	.09450781	.2590645	0
1219.15	0	.645389	.09515628	.2594547	0
1218.15	0	.6443534	.09580266	.2598439	0
1217.15	0	.6433209	.09644695	.2602322	0
1216.15	0	.6422914	.09708916	.2606194	0
1215.15	0	.641265	.09772929	.2610057	0
1214.15	0	.6402416	.09836734	.2613911	0
1213.15	0	.6392212	.09900332	.2617755	0
1212.15	0	.6382039	.09963724	.2621589	0
1211.15	0	.6371895	.1002691	.2625414	0
1210.15	0	.6361782	.1008989	.2629229	0
1209.15	0	.6351699	.1015266	.2633035	0
1208.15	0	.6341646	.1021523	.2636831	0
1207.15	0	.6331623	.1027759	.2640618	0
1206.15	0	.632163	.1033975	.2644396	0
1205.15	0	.6311666	.104017	.2648164	0
1204.15	0	.6301732	.1046345	.2651923	0
1203.15	0	.6291828	.1052499	.2655673	0
1202.15	0	.6281954	.1058633	.2659413	0
1201.15	0	.6272108	.1064747	.2663145	0
1200.15	0	.6262293	.107084	.2666867	0
1199.15	0	.6252507	.1076913	.267058	0
1198.15	0	.624275	.1082966	.2674284	0
1197.15	0	.6233022	.1088999	.2677979	0
1196.15	0	.6223324	.1095012	.2681665	0
1195.15	0	.6213655	.1101004	.2685341	0
1194.15	0	.6204015	.1106976	.2689009	0
1193.15	0	.6194404	.1112928	.2692668	0
1192.15	0	.6184821	.1118861	.2696318	0
1191.15	0	.6175268	.1124773	.2699959	0
1190.15	0	.6165744	.1130665	.2703591	0
1189.15	0	.6156248	.1136537	.2707215	0
1188.15	0	.6146782	.1142389	.2710829	0
1187.15	0	.6137343	.1148222	.2714435	0
1186.15	0	.6127934	.1154034	.2718032	0
1185.15	0	.6118553	.1159827	.272162	0
1184.15	0	.6109201	.11656	.27252	0
1183.15	0	.6099877	.1171353	.2728771	0
1182.15	0	.6090581	.1177086	.2732333	0
1181.15	0	.6081314	.1182799	.2735887	0
1180.15	0	.6072075	.1188493	.2739432	0
1179.15	0	.6062864	.1194167	.2742969	0
1178.15	0	.6053682	.1199821	.2746497	0
1177.15	0	.6044527	.1205456	.2750016	0
1176.15	0	.6035401	.1211071	.2753528	0
1175.15	0	.6026303	.1216667	.275703	0
1174.15	0	.6017233	.1222243	.2760525	0
1173.15	0	.600819	.1227799	.276401	0
1172.15	0	.5999176	.1233336	.2767488	0
1171.15	0	.5990189	.1238854	.2770957	0
1170.15	0	.598123	.1244352	.2774418	0
1169.15	0	.5972299	.124983	.2777871	0
1168.15	0	.5963395	.1255289	.2781315	0
1167.15	0	.5954519	.1260729	.2784752	0
1166.15	0	.5945671	.126615	.278818	0
1165.15	0	.593685	.1271551	.27916	0
1164.15	0	.5928057	.1276932	.2795011	0
1163.15	0	.591929	.1282295	.2798415	0
1162.15	0	.5910552	.1287638	.280181	0
1161.15	0	.5901841	.1292962	.2805198	0
1160.15	0	.5893156	.1298266	.2808577	0
1159.15	0	.58845	.1303552	.2811948	0
1158.15	0	.587587	.1308818	.2815312	0
1157.15	0	.5867267	.1314065	.2818667	0
1156.15	0	.5858692	.1319293	.2822015	0
1155.15	0	.5850144	.1324502	.2825354	0
1154.15	0	.5841622	.1329692	.2828686	0
1153.15	0	.5833128	.1334863	.283201	0
1152.15	0	.582466	.1340015	.2835325	0
1151.15	0	.5816219	.1345147	.2838634	0
1150.15	0	.5807805	.1350261	.2841934	0
1149.15	0	.5799418	.1355356	.2845226	0
1148.15	0	.5791058	.1360431	.2848511	0
1147.15	0	.5782724	.1365488	.2851788	0
1146.15	0	.5774417	.1370526	.2855057	0
1145.15	0	.5766137	.1375545	.2858319	0
1144.15	0	.5757883	.1380545	.2861573	0
1143.15	0	.5749655	.1385526	.2864819	0
1142.15	0	.5741454	.1390488	.2868058	0
1141.15	0	.573328	.1395432	.2871289	0
1140.15	0	.5725132	.1400356	.2874512	0
1139.15	0	.571701	.1405262	.2877728	0
1138.15	0	.5708915	.1410149	.2880936	0
1137.15	0	.5700845	.1415017	.2884137	0
1136.15	0	.5692803	.1419867	.288733	0
1135.15	0	.5684786	.1424698	.2890516	0
1134.15	0	.5676795	.142951	.2893695	0
1133.15	0	.5668831	.1434304	.2896866	0
1132.15	0	.5660892	.1439078	.290003	0
1131.15	0	.565298	.1443835	.2903186	0
1130.15	0	.5645093	.1448572	.2906335	0
1129.15	0	.5637233	.1453291	.2909476	0
1128.15	0	.5629398	.1457991	.291261	0
1127.15	0	.562159	.1462673	.2915737	0
1126.15	0	.5613807	.1467337	.2918857	0
1125.15	0	.560605	.1471981	.2921969	0
1124.15	0	.5598319	.1476607	.2925074	0
1123.15	0	.5590613	.1481215	.2928172	0
1122.15	0	.5582934	.1485804	.2931262	0
1121.15	0	.5575279	.1490375	.2934346	0
1120.15	0	.5567651	.1494927	.2937422	0
1119.15	0	.5560048	.1499461	.2940491	0
1118.15	0	.5552471	.1503976	.2943553	0
1117.15	0	.5544919	.1508473	.2946608	0
1116.15	0	.5537393	.1512952	.2949656	0
1115.15	0	.5529892	.1517412	.2952696	0
1114.15	0	.5522417	.1521854	.295573	0
1113.15	0	.5514967	.1526277	.2958756	0
1112.15	0	.5507542	.1530682	.2961776	0
1111.15	0	.5500143	.1535069	.2964788	0
1110.15	0	.5492769	.1539438	.2967794	0
1109.15	0	.548542	.1543788	.2970792	0
1108.15	0	.5478096	.154812	.2973784	0
1107.15	0	.5470798	.1552433	.2976769	0
1106.15	0	.5463525	.1556729	.2979746	0
1105.15	0	.5456277	.1561006	.2982717	0
1104.15	0	.5449054	.1565265	.2985681	0
1103.15	0	.5441856	.1569506	.2988638	0
1102.15	0	.5434683	.1573729	.2991588	0
1101.15	0	.5427536	.1577933	.2994531	0
1100.15	0	.5420413	.1582119	.2997468	0
1099.15	0	.5413315	.1586287	.3000398	0
1098.15	0	.5406242	.1590437	.3003321	0
1097.15	0	.5399194	.1594569	.3006237	0
1096.15	0	.5392171	.1598683	.3009146	0
1095.15	0	.5385173	.1602779	.3012048	0
1094.15	0	.53782	.1606856	.3014944	0
1093.15	0	.5371251	.1610916	.3017833	0
1092.15	0	.5364327	.1614957	.3020716	0
1091.15	0	.5357428	.1618981	.3023591	0
1090.15	0	.5350553	.1622986	.302646	0
1089.15	0	.5343704	.1626974	.3029323	0
1088.15	0	.5336879	.1630943	.3032179	0
1087.15	0	.5330078	.1634894	.3035028	0
1086.15	0	.5323302	.1638828	.303787	0
1085.15	0	.5316551	.1642743	.3040706	0
1084.15	0	.5309824	.1646641	.3043535	0
1083.15	0	.5303122	.1650521	.3046358	0
1082.15	0	.5296444	.1654382	.3049174	0
1081.15	0	.5289791	.1658226	.3051983	0
1080.15	0	.5283162	.1662052	.3054786	0
1079.15	0	.5276557	.166586	.3057583	0
1078.15	0	.5269977	.166965	.3060373	0
1077.15	0	.5263421	.1673423	.3063156	0
1076.15	0	.525689	.1677177	.3065933	0
1075.15	0	.5250383	.1680914	.3068703	0
1074.15	0	.52439	.1684633	.3071467	0
1073.15	0	.5237442	.1688334	.3074225	0
1072.15	0	.5231008	.1692017	.3076976	0
1071.15	0	.5224598	.1695683	.307972	0
1070.15	0	.5218212	.169933	.3082458	0
1069.15	0	.521185	.170296	.308519	0
1068.15	0	.5205512	.1706573	.3087915	0
1067.15	0	.5199199	.1710167	.3090634	0
1066.15	0	.519291	.1713744	.3093347	0
1065.15	0	.5186644	.1717303	.3096053	0
1064.15	0	.5180403	.1720844	.3098752	0
1063.15	0	.5174186	.1724368	.3101446	0
1062.15	0	.5167993	.1727874	.3104133	0
1061.15	0	.5161824	.1731363	.3106814	0
1060.15	0	.5155678	.1734834	.3109488	0
1059.15	0	.5149557	.1738287	.3112156	0
1058.15	0	.514346	.1741722	.3114818	0
1057.15	0	.5137386	.1745141	.3117473	0
1056.15	0	.5131337	.1748541	.3120122	0
1055.15	0	.5125311	.1751924	.3122765	0
1054.15	0	.5119309	.1755289	.3125402	0
1053.15	0	.5113331	.1758637	.3128032	0
1052.15	0	.5107377	.1761967	.3130656	0
1051.15	0	.5101446	.176528	.3133274	0
1050.15	0	.5095539	.1768576	.3135885	0
1049.15	0	.5089656	.1771853	.3138491	0
1048.15	0	.5083797	.1775114	.314109	0
1047.15	0	.5077961	.1778357	.3143682	0
1046.15	0	.5072149	.1781582	.3146269	0
1045.15	0	.506636	.178479	.3148849	0
1044.15	0	.5060596	.1787981	.3151423	0
1043.15	0	.5054854	.1791155	.3153991	0
1042.15	0	.5049137	.1794311	.3156553	0
1041.15	0	.5043442	.1797449	.3159109	0
1040.15	0	.5037772	.180057	.3161658	0
1039.15	0	.5032125	.1803674	.3164201	0
1038.15	0	.5026501	.1806761	.3166738	0
1037.15	0	.5020901	.1809831	.3169269	0
1036.15	0	.5015324	.1812883	.3171794	0
1035.15	0	.500977	.1815918	.3174312	0
1034.15	0	.500424	.1818935	.3176824	0
1033.15	0	.4998734	.1821936	.317933	0
1032.15	0	.4993251	.1824919	.3181831	0
1031.15	0	.4987791	.1827885	.3184324	0
1030.15	0	.4982354	.1830834	.3186812	0
1029.15	0	.497694	.1833766	.3189294	0
1028.15	0	.497155	.183668	.3191769	0
1027.15	0	.4966183	.1839578	.3194238	0
1026.15	0	.496084	.1842459	.3196701	0
1025.15	0	.4955519	.1845322	.3199158	0
1024.15	0	.4950222	.1848169	.3201609	0
1023.15	0	.4944948	.1850998	.3204054	0
1022.15	0	.4939697	.1853811	.3206493	0
1021.15	0	.4934469	.1856606	.3208925	0
1020.15	0	.4929264	.1859385	.3211352	0
1019.15	0	.4924082	.1862146	.3213772	0
1018.15	0	.4918923	.1864891	.3216186	0
1017.15	0	.4913787	.1867619	.3218594	0
1016.15	0	.4908675	.187033	.3220996	0
1015.15	0	.4903585	.1873024	.3223391	0
1014.15	0	.4898518	.1875701	.3225781	0
1013.15	0	.4893474	.1878362	.3228164	0
1012.15	0	.4888453	.1881006	.3230542	0
1011.15	0	.4883454	.1883633	.3232913	0
1010.15	0	.4878479	.1886243	.3235278	0
1009.15	0	.4873526	.1888837	.3237637	0
1008.15	0	.4868596	.1891414	.323999	0
1007.15	0	.4863689	.1893975	.3242336	0
1006.15	0	.4858805	.1896519	.3244677	0
1005.15	0	.4853943	.1899046	.3247011	0
1004.15	0	.4849104	.1901557	.324934	0
1003.15	0	.4844287	.1904051	.3251662	0
1002.15	0	.4839493	.1906529	.3253978	0
1001.15	0	.4834722	.1908991	.3256287	0
1000.15	0	.4829973	.1911436	.3258591	0
999.15	0	.4825247	.1913864	.3260888	0
998.15	0	.4820544	.1916277	.326318	0
997.15	0	.4815862	.1918673	.3265465	0
996.15	0	.4811203	.1921053	.3267744	0
995.15	0	.4806567	.1923417	.3270016	0
994.15	0	.4801953	.1925764	.3272283	0
993.15	0	.4797361	.1928095	.3274543	0
992.15	0	.4792792	.1930411	.3276797	0
991.15	0	.4788245	.193271	.3279045	0
990.15	0	.478372	.1934993	.3281287	0
989.15	0	.4779217	.193726	.3283522	0
988.15	0	.4774737	.1939512	.3285752	0
987.15	0	.4770278	.1941747	.3287975	0
986.15	0	.4765842	.1943967	.3290191	0
985.15	0	.4761428	.1946171	.3292402	0
984.15	0	.4757035	.1948359	.3294606	0
983.15	0	.4752665	.1950531	.3296804	0
982.15	0	.4748317	.1952688	.3298996	0
981.15	0	.4743991	.1954829	.3301181	0
980.15	0	.4739686	.1956954	.330336	0
979.15	0	.4735403	.1959064	.3305533	0
978.15	0	.4731142	.1961159	.3307699	0
977.15	0	.4726903	.1963238	.3309859	0
976.15	0	.4722686	.1965302	.3312013	0
975.15	0	.471849	.196735	.331416	0
974.15	0	.4714315	.1969384	.3316301	0
973.15	0	.4710163	.1971402	.3318435	0
972.15	0	.4706032	.1973405	.3320563	0
971.15	0	.4701922	.1975393	.3322685	0
970.15	0	.4697834	.1977366	.33248	0
969.15	0	.4693767	.1979324	.3326909	0
968.15	0	.4689721	.1981268	.3329011	0
967.15	0	.4685697	.1983196	.3331107	0
966.15	0	.4681693	.198511	.3333197	0
965.15	0	.4677712	.1987009	.3335279	0
964.15	0	.4673751	.1988894	.3337356	0
963.15	0	.4669811	.1990764	.3339425	0
962.15	0	.4665892	.199262	.3341489	0
961.15	0	.4661994	.1994461	.3343545	0
960.15	0	.4658117	.1996288	.3345595	0
959.15	0	.4654261	.1998101	.3347639	0
958.15	0	.4650425	.19999	.3349675	0
957.15	0	.464661	.2001684	.3351706	0
956.15	0	.4642816	.2003455	.3353729	0
955.15	0	.4639042	.2005212	.3355746	0
954.15	0	.4635289	.2006955	.3357756	0
953.15	0	.4631557	.2008685	.3359759	0
952.15	0	.4627844	.2010401	.3361755	0
951.15	0	.4624152	.2012103	.3363745	0
950.15	0	.462048	.2013792	.3365728	0
949.15	0	.4616828	.2015468	.3367704	0
948.15	0	.4613197	.201713	.3369673	0
947.15	0	.4609585	.201878	.3371635	0
946.15	0	.4605993	.2020416	.3373591	0
945.15	0	.4602421	.202204	.3375539	0
944.15	0	.4598869	.2023651	.3377481	0
943.15	0	.4595336	.2025249	.3379415	0
942.15	0	.4591823	.2026834	.3381343	0
941.15	0	.458833	.2028407	.3383263	0
940.15	0	.4584855	.2029968	.3385177	0
939.15	0	.45814	.2031517	.3387083	0
938.15	0	.4577965	.2033053	.3388982	0
937.15	0	.4574548	.2034578	.3390874	0
936.15	0	.4571151	.203609	.3392759	0
935.15	0	.4567772	.2037591	.3394637	0
934.15	0	.4564412	.2039081	.3396507	0
933.15	0	.4561071	.2040559	.339837	0
932.15	0	.4557749	.2042026	.3400226	0
931.15	0	.4554445	.2043481	.3402074	0
930.15	0	.4551159	.2044926	.3403915	0
929.15	0	.4547892	.204636	.3405749	0
928.15	0	.4544643	.2047783	.3407575	0
927.15	0	.4541412	.2049195	.3409393	0
926.15	0	.4538198	.2050597	.3411204	0
925.15	0	.4535003	.2051989	.3413008	0
924.15	0	.4531826	.2053371	.3414804	0
923.15	0	.4528665	.2054743	.3416592	0
922.15	0	.4525523	.2056105	.3418372	0
921.15	0	.4522397	.2057457	.3420145	0
920.15	0	.4519289	.2058801	.342191	0
919.15	0	.4516198	.2060135	.3423667	0
918.15	0	.4513124	.2061459	.3425417	0
917.15	0	.4510066	.2062775	.3427158	0
916.15	0	.4507026	.2064083	.3428892	0
915.15	0	.4504001	.2065382	.3430617	0
914.15	0	.4500993	.2066672	.3432335	0
913.15	0	.4498001	.2067955	.3434044	0
912.15	0	.4495025	.206923	.3435745	0
911.15	0	.4492065	.2070497	.3437438	0
910.15	0	.4489121	.2071756	.3439123	0
909.15	0	.4486192	.2073009	.3440799	0
908.15	0	.4483278	.2074254	.3442467	0
907.15	0	.448038	.2075493	.3444127	0
906.15	0	.4477497	.2076725	.3445778	0
905.15	0	.4474628	.2077951	.3447421	0
904.15	0	.4471774	.2079171	.3449055	0
903.15	0	.4468935	.2080385	.3450681	0
902.15	0	.446611	.2081593	.3452298	0
901.15	0	.4463298	.2082796	.3453906	0
900.15	0	.4460501	.2083994	.3455505	0
899.15	0	.4457718	.2085187	.3457096	0
898.15	0	.4454947	.2086376	.3458677	0
897.15	0	.445219	.208756	.3460249	0
896.15	0	.4449446	.2088741	.3461813	0
895.15	0	.4446716	.2089917	.3463367	0
894.15	0	.4443997	.2091091	.3464912	0
893.15	0	.4441291	.2092261	.3466448	0
892.15	0	.4438597	.2093429	.3467974	0
891.15	0	.4435915	.2094594	.3469492	0
890.15	0	.4433244	.2095757	.3470999	0
889.15	0	.4430585	.2096918	.3472497	0
888.15	0	.4427937	.2098077	.3473985	0
887.15	0	.44253	.2099236	.3475464	0
886.15	0	.4422674	.2100393	.3476933	0
885.15	0	.4420058	.2101551	.3478391	0
884.15	0	.4417452	.2102708	.347984	0
883.15	0	.4414856	.2103865	.3481279	0
882.15	0	.441227	.2105023	.3482708	0
881.15	0	.4409692	.2106182	.3484126	0
880.15	0	.4407124	.2107342	.3485534	0
879.15	0	.4404564	.2108504	.3486932	0
878.15	0	.4402013	.2109668	.3488319	0
877.15	0	.4399469	.2110835	.3489696	0
876.15	0	.4396934	.2112005	.3491061	0
875.15	0	.4394406	.2113178	.3492416	0
874.15	0	.4391884	.2114355	.349376	0
873.15	0	.438937	.2115537	.3495093	0
872.15	0	.4386862	.2116724	.3496415	0
871.15	0	.438436	.2117915	.3497725	0
870.15	0	.4381863	.2119113	.3499024	0
869.15	0	.4379372	.2120316	.3500312	0
868.15	0	.4376885	.2121527	.3501588	0
867.15	0	.4374403	.2122744	.3502852	0
866.15	0	.4371926	.212397	.3504105	0
865.15	0	.4369452	.2125204	.3505345	0
864.15	0	.4366981	.2126447	.3506573	0
863.15	0	.4364513	.2127699	.3507789	0
862.15	0	.4362047	.2128961	.3508992	0
861.15	0	.4359583	.2130234	.3510183	0
860.15	0	.4357121	.2131518	.3511361	0
859.15	0	.435466	.2132814	.3512526	0
858.15	0	.4352199	.2134122	.3513679	0
857.15	0	.4349739	.2135444	.3514818	0
856.15	0	.4347278	.2136779	.3515943	0
855.15	0	.4344816	.2138129	.3517055	0
854.15	0	.4342352	.2139495	.3518153	0
853.15	0	.4339886	.2140876	.3519238	0
852.15	0	.4337418	.2142274	.3520308	0
851.15	0	.4334947	.2143689	.3521364	0
850.15	0	.4332471	.2145123	.3522405	0
849.15	0	.4329992	.2146576	.3523432	0
848.15	0	.4327507	.2148049	.3524444	0
847.15	0	.4325017	.2149543	.3525441	0
846.15	0	.432252	.2151058	.3526422	0
845.15	0	.4320016	.2152597	.3527388	0
844.15	0	.4317504	.2154158	.3528337	0
843.15	0	.4314984	.2155745	.3529271	0
842.15	0	.4312455	.2157357	.3530188	0
841.15	0	.4309915	.2158996	.3531089	0
840.15	0	.4307365	.2160663	.3531972	0
839.15	0	.4304803	.2162358	.3532839	0
838.15	0	.4302228	.2164084	.3533688	0
837.15	0	.429964	.2165842	.3534519	0
836.15	0	.4297037	.2167632	.3535331	0
835.15	0	.4294419	.2169456	.3536125	0
834.15	0	.4291785	.2171315	.35369	0
833.15	0	.4289133	.2173211	.3537656	0
832.15	0	.4286462	.2175146	.3538392	0
831.15	0	.4283772	.217712	.3539108	0
830.15	0	.4281061	.2179136	.3539803	0
829.15	0	.4278327	.2181195	.3540478	0
828.15	0	.427557	.2183299	.3541131	0
827.15	0	.4272788	.2185451	.3541761	0
826.15	0	.426998	.2187651	.3542369	0
825.15	0	.4267144	.2189902	.3542954	0
824.15	0	.4264278	.2192206	.3543516	0
823.15	0	.4261381	.2194566	.3544053	0
822.15	0	.4258451	.2196984	.3544565	0
821.15	0	.4255487	.2199463	.3545051	0
820.15	0	.4252485	.2202004	.3545511	0
819.15	0	.4249445	.2204612	.3545943	0
818.15	0	.4246363	.2207289	.3546348	0
817.15	0	.4243238	.2210039	.3546723	0
816.15	0	.4240067	.2212864	.3547069	0
815.15	0	.4236846	.221577	.3547384	0
814.15	0	.4233574	.2218759	.3547667	0
813.15	0	.4230248	.2221836	.3547916	0
812.15	0	.4226863	.2225006	.3548131	0
811.15	0	.4223416	.2228274	.3548311	0
810.15	0	.4219903	.2231644	.3548453	0
809.15	0	.421632	.2235123	.3548556	0
808.15	0	.4212663	.2238718	.3548619	0
807.15	0	.4208926	.2242435	.354864	0
806.15	0	.4205104	.2246281	.3548615	0
805.15	0	.420119	.2250265	.3548545	0
804.15	0	.4197179	.2254397	.3548425	0
803.15	0	.4193062	.2258685	.3548253	0
802.15	0	.4188832	.2263142	.3548027	0
801.15	0	.4184479	.2267779	.3547742	0
800.15	0	.4179993	.2272611	.3547395	0
799.15	0	.4175363	.2277654	.3546982	0
798.15	0	.4170576	.2282926	.3546499	0
797.15	0	.4165616	.2288446	.3545939	0
796.15	0	.4160466	.2294238	.3545296	0
795.15	0	.4155107	.230033	.3544563	0
794.15	0	.4149514	.2306753	.3543733	0
793.15	0	.4137529	.232159	.354088	0
792.15	0	.4125645	.2336353	.3538002	0
791.15	0	.4114971	.2349583	.3535446	0
790.15	0	.4105288	.2361561	.3533151	0
789.15	0	.4096456	.2372479	.3531065	0
788.15	0	.4088312	.2382522	.3529166	0
787.15	0	.4080782	.2391797	.352742	0
786.15	0	.407379	.2400403	.3525807	0
785.15	0	.4067272	.2408417	.352431	0
784.15	0	.4061178	.2415907	.3522915	0
783.15	0	.4055463	.2422927	.352161	0
782.15	0	.4050092	.2429523	.3520386	0
781.15	0	.4045031	.2435736	.3519233	0
780.15	0	.4040255	.2441599	.3518146	0
779.15	0	.4035738	.2447144	.3517118	0
778.15	0	.4031461	.2452396	.3516143	0
777.15	0	.4027404	.2457379	.3515218	0
776.15	0	.402355	.2462112	.3514337	0
775.15	0	.4019887	.2466616	.3513498	0
774.15	0	.4016399	.2470905	.3512696	0
773.15	0	.4013075	.2474996	.351193	0
772.15	0	.4009904	.24789	.3511196	0
771.15	0	.4006876	.2482632	.3510492	0
770.15	0	.4003983	.2486201	.3509817	0
769.15	0	.4001216	.2489617	.3509167	0
768.15	0	.3998567	.2492891	.3508542	0
767.15	0	.3996031	.249603	.3507939	0
766.15	0	.3993599	.2499043	.3507358	0
765.15	0	.3991267	.2501937	.3506796	0
764.15	0	.398903	.2504717	.3506253	0
763.15	0	.398688	.2507391	.3505728	0
762.15	0	.3984816	.2509965	.3505219	0
761.15	0	.3982831	.2512443	.3504726	0
760.15	0	.3980922	.2514831	.3504248	0
759.15	0	.3979084	.2517133	.3503783	0
758.15	0	.3977315	.2519354	.3503331	0
757.15	0	.3975612	.2521497	.3502891	0
756.15	0	.397397	.2523567	.3502463	0
755.15	0	.3972386	.2525567	.3502046	0
754.15	0	.397086	.2527501	.350164	0
753.15	0	.3969386	.2529371	.3501243	0
752.15	0	.3967964	.2531181	.3500855	0
751.15	0	.396659	.2532933	.3500477	0
750.15	0	.3965263	.253463	.3500107	0
749.15	0	.3963981	.2536275	.3499744	0
748.15	0	.3962741	.2537869	.349939	0
747.15	0	.3961542	.2539416	.3499042	0
746.15	0	.3960382	.2540917	.3498701	0
745.15	0	.3959259	.2542375	.3498367	0
744.15	0	.3958171	.254379	.3498039	0
743.15	0	.3957118	.2545166	.3497716	0
742.15	0	.3956097	.2546503	.34974	0
741.15	0	.3955108	.2547803	.3497088	0
740.15	0	.3954149	.2549069	.3496782	0
739.15	0	.3953219	.2550301	.349648	0
738.15	0	.3952317	.25515	.3496183	0
737.15	0	.3951441	.2552669	.3495891	0
736.15	0	.395059	.2553808	.3495602	0
735.15	0	.3949764	.2554918	.3495317	0
734.15	0	.3948962	.2556001	.3495036	0
733.15	0	.3948182	.2557059	.3494759	0
732.15	0	.3947424	.2558091	.3494485	0
731.15	0	.3946687	.2559099	.3494215	0
730.15	0	.3945969	.2560083	.3493947	0
729.15	0	.3945272	.2561046	.3493683	0
728.15	0	.3944592	.2561987	.3493421	0
727.15	0	.394393	.2562908	.3493162	0
726.15	0	.3943286	.2563809	.3492905	0
725.15	0	.3942658	.2564691	.3492651	0
724.15	0	.3942046	.2565555	.3492399	0
723.15	0	.3941449	.2566402	.3492149	0
722.15	0	.3940867	.2567232	.3491902	0
721.15	0	.3940298	.2568046	.3491656	0
720.15	0	.3939744	.2568844	.3491412	0
719.15	0	.3939203	.2569627	.3491171	0
718.15	0	.3938674	.2570396	.349093	0
717.15	0	.3938157	.2571151	.3490692	0
716.15	0	.3937652	.2571893	.3490455	0
715.15	0	.3937158	.2572623	.3490219	0
714.15	0	.3936675	.257334	.3489985	0
713.15	0	.3936203	.2574045	.3489752	0
712.15	0	.3935741	.2574739	.348952	0
711.15	0	.3935288	.2575422	.348929	0
710.15	0	.3934845	.2576095	.348906	0
709.15	0	.393441	.2576758	.3488832	0
708.15	0	.3933985	.2577411	.3488605	0
707.15	0	.3933567	.2578055	.3488378	0
706.15	0	.3933158	.2578689	.3488153	0
705.15	0	.3932756	.2579316	.3487928	0
704.15	0	.3932362	.2579934	.3487704	0
703.15	0	.3931975	.2580544	.3487481	0
702.15	0	.3931595	.2581146	.3487258	0
701.15	0	.3931222	.2581742	.3487036	0
700.15	0	.3930855	.258233	.3486815	0
699.15	0	.3930495	.2582911	.3486594	0
698.15	0	.393014	.2583486	.3486374	0
697.15	0	.3929791	.2584055	.3486155	0
696.15	0	.3929447	.2584617	.3485935	0
695.15	0	.3929109	.2585174	.3485717	0
694.15	0	.3928776	.2585726	.3485498	0
693.15	0	.3928448	.2586272	.348528	0
692.15	0	.3928125	.2586813	.3485062	0
691.15	0	.3927806	.2587349	.3484845	0
690.15	0	.3927492	.258788	.3484628	0
689.15	0	.3927182	.2588407	.3484411	0
688.15	0	.3926876	.258893	.3484194	0
687.15	0	.3926574	.2589448	.3483977	0
686.15	0	.3926276	.2589963	.3483761	0
685.15	0	.3925981	.2590474	.3483545	0
684.15	0	.392569	.2590981	.3483329	0
683.15	0	.3925403	.2591485	.3483113	0
682.15	0	.3925118	.2591985	.3482897	0
681.15	0	.3924837	.2592482	.3482681	0
680.15	0	.3924559	.2592976	.3482465	0
679.15	0	.3924283	.2593468	.3482249	0
678.15	0	.3924011	.2593956	.3482033	0
677.15	0	.3923741	.2594442	.3481817	0
676.15	0	.3923474	.2594925	.3481601	0
675.15	0	.3923208	.2595406	.3481385	0
674.15	0	.3922946	.2595885	.3481169	0
673.15	0	.3922686	.2596361	.3480953	0
672.15	0	.3922428	.2596836	.3480737	0
671.15	0	.3922172	.2597308	.3480521	0
670.15	0	.3921918	.2597778	.3480304	0
669.15	0	.3921665	.2598247	.3480088	0
668.15	0	.3921415	.2598714	.3479871	0
667.15	0	.3921167	.2599179	.3479654	0
666.15	0	.392092	.2599643	.3479437	0
665.15	0	.3920675	.2600105	.347922	0
664.15	0	.3920431	.2600566	.3479003	0
663.15	0	.3920189	.2601026	.3478785	0
662.15	0	.3919948	.2601485	.3478568	0
661.15	0	.3919709	.2601942	.347835	0
660.15	0	.391947	.2602398	.3478132	0
659.15	0	.3919234	.2602853	.3477913	0
658.15	0	.3918998	.2603308	.3477695	0
657.15	0	.3918763	.2603761	.3477476	0
656.15	0	.391853	.2604214	.3477257	0
655.15	0	.3918297	.2604666	.3477037	0
654.15	0	.3918066	.2605116	.3476818	0
653.15	0	.3917835	.2605567	.3476598	0
652.15	0	.3917605	.2606017	.3476378	0
651.15	0	.3917376	.2606466	.3476158	0
650.15	0	.3917148	.2606915	.3475937	0
649.15	0	.3916921	.2607363	.3475716	0
648.15	0	.3916694	.2607811	.3475495	0
647.15	0	.3916468	.2608258	.3475274	0
646.15	0	.3916242	.2608706	.3475052	0
645.15	0	.3916018	.2609152	.347483	0
644.15	0	.3915793	.2609599	.3474608	0
643.15	0	.391557	.2610045	.3474385	0
642.15	0	.3915346	.2610491	.3474162	0
641.15	0	.3915123	.2610937	.3473939	0
640.15	0	.3914901	.2611383	.3473716	0
639.15	0	.3914679	.2611829	.3473492	0
638.15	0	.3914457	.2612275	.3473268	0
637.15	0	.3914236	.2612721	.3473044	0
636.15	0	.3914015	.2613166	.3472819	0
635.15	0	.3913794	.2613612	.3472594	0
634.15	0	.3913574	.2614058	.3472369	0
633.15	0	.3913354	.2614503	.3472143	0
632.15	0	.3913134	.2614949	.3471917	0
631.15	0	.3912914	.2615395	.3471691	0
630.15	0	.3912694	.2615842	.3471464	0
629.15	0	.3912475	.2616288	.3471238	0
628.15	0	.3912255	.2616734	.347101	0
627.15	0	.3912036	.2617181	.3470783	0
626.15	0	.3911817	.2617628	.3470555	0
625.15	0	.3911598	.2618075	.3470327	0
624.15	0	.3911379	.2618523	.3470099	0
623.15	0	.391116	.261897	.346987	0
622.15	0	.3910941	.2619418	.3469641	0
621.15	0	.3910722	.2619867	.3469412	0
620.15	0	.3910503	.2620315	.3469182	0
619.15	0	.3910284	.2620764	.3468952	0
618.15	0	.3910065	.2621213	.3468722	0
617.15	0	.3909846	.2621663	.3468491	0
616.15	0	.3909627	.2622113	.3468261	0
615.15	0	.3909408	.2622563	.346803	0
614.15	0	.3909188	.2623014	.3467798	0
613.15	0	.3908969	.2623465	.3467566	0
612.15	0	.3908749	.2623916	.3467334	0
611.15	0	.390853	.2624368	.3467102	0
610.15	0	.390831	.262482	.346687	0
609.15	0	.390809	.2625273	.3466637	0
608.15	0	.390787	.2625726	.3466404	0
607.15	0	.390765	.262618	.346617	0
606.15	0	.390743	.2626634	.3465936	0
605.15	0	.390721	.2627088	.3465703	0
604.15	0	.3906989	.2627543	.3465468	0
603.15	0	.3906768	.2627998	.3465234	0
602.15	0	.3906547	.2628454	.3464999	0
601.15	0	.3906326	.262891	.3464764	0
600.15	0	.3906105	.2629366	.3464529	0
599.15	0	.3905884	.2629824	.3464293	0
598.15	0	.3905662	.2630281	.3464057	0
597.15	0	.390544	.2630739	.3463821	0
596.15	0	.3905218	.2631197	.3463585	0
595.15	0	.3904995	.2631656	.3463348	0
594.15	0	.3904773	.2632116	.3463112	0
593.15	0	.390455	.2632576	.3462874	0
592.15	0	.3904327	.2633036	.3462637	0
591.15	0	.3904104	.2633497	.34624	0
590.15	0	.390388	.2633958	.3462162	0
589.15	0	.3903656	.263442	.3461924	0
588.15	0	.3903432	.2634882	.3461686	0
587.15	0	.3903208	.2635344	.3461447	0
586.15	0	.3902984	.2635807	.3461209	0
585.15	0	.3902759	.2636271	.346097	0
584.15	0	.3902534	.2636735	.3460731	0
583.15	0	.3902309	.2637199	.3460492	0
582.15	0	.3902083	.2637664	.3460252	0
581.15	0	.3901858	.263813	.3460013	0
580.15	0	.3901632	.2638595	.3459773	0
579.15	0	.3901406	.2639062	.3459533	0
578.15	0	.3901179	.2639528	.3459293	0
577.15	0	.3900952	.2639996	.3459052	0
576.15	0	.3900725	.2640463	.3458812	0
575.15	0	.3900498	.2640931	.3458571	0
574.15	0	.3900271	.2641399	.345833	0
573.15	0	.3900043	.2641868	.3458089	0
572.15	0	.3899815	.2642337	.3457848	0
571.15	0	.3899587	.2642807	.3457607	0
570.15	0	.3899358	.2643277	.3457365	0
569.15	0	.3899129	.2643747	.3457123	0
568.15	0	.38989	.2644218	.3456882	0
567.15	0	.3898671	.2644689	.345664	0
566.15	0	.3898442	.2645161	.3456398	0
565.15	0	.3898212	.2645633	.3456155	0
564.15	0	.3897982	.2646105	.3455913	0
563.15	0	.3897752	.2646578	.3455671	0
562.15	0	.3897521	.2647051	.3455428	0
561.15	0	.389729	.2647524	.3455185	0
560.15	0	.389706	.2647998	.3454943	0
559.15	0	.3896828	.2648472	.34547	0
558.15	0	.3896597	.2648946	.3454457	0
557.15	0	.3896365	.2649421	.3454214	0
556.15	0	.3896133	.2649896	.3453971	0
555.15	0	.3895901	.2650371	.3453728	0
554.15	0	.3895669	.2650847	.3453484	0
553.15	0	.3895436	.2651323	.3453241	0
552.15	0	.3895203	.2651799	.3452998	0
551.15	0	.389497	.2652275	.3452754	0
550.15	0	.3894737	.2652752	.3452511	0
549.15	0	.3894504	.2653229	.3452267	0
548.15	0	.389427	.2653706	.3452024	0
547.15	0	.3894036	.2654184	.345178	0
546.15	0	.3893802	.2654662	.3451536	0
545.15	0	.3893568	.265514	.3451292	0
544.15	0	.3893333	.2655618	.3451049	0
543.15	0	.3893099	.2656096	.3450805	0
542.15	0	.3892864	.2656575	.3450561	0
541.15	0	.3892629	.2657054	.3450317	0
540.15	0	.3892394	.2657533	.3450073	0
539.15	0	.3892158	.2658012	.344983	0
538.15	0	.3891923	.2658492	.3449586	0
537.15	0	.3891687	.2658971	.3449342	0
536.15	0	.3891451	.2659451	.3449098	0
535.15	0	.3891215	.2659931	.3448854	0
534.15	0	.3890979	.2660411	.3448611	0
533.15	0	.3890742	.2660891	.3448367	0
532.15	0	.3890505	.2661371	.3448123	0
531.15	0	.3890269	.2661852	.3447879	0
530.15	0	.3890032	.2662332	.3447636	0
529.15	0	.3889796	.2662813	.3447391	0
528.15	0	.3889559	.2663294	.3447147	0
527.15	0	.3889322	.2663774	.3446904	0
526.15	0	.3889084	.2664255	.3446661	0
525.15	0	.3888847	.2664736	.3446417	0
524.15	0	.3888609	.2665217	.3446174	0
523.15	0	.3888371	.2665698	.3445931	0
522.15	0	.3888133	.2666179	.3445688	0
521.15	0	.3887895	.266666	.3445444	0
520.15	0	.3887657	.2667142	.3445202	0
519.15	0	.3887419	.2667623	.3444959	0
518.15	0	.388718	.2668104	.3444716	0
517.15	0	.3886942	.2668585	.3444473	0
516.15	0	.3886703	.2669066	.3444231	0
515.15	0	.3886464	.2669547	.3443988	0
514.15	0	.3886226	.2670028	.3443746	0
513.15	0	.3885987	.2670509	.3443504	0
512.15	0	.3885748	.267099	.3443262	0
511.15	0	.3885509	.2671471	.344302	0
510.15	0	.388527	.2671952	.3442778	0
509.15	0	.3885031	.2672433	.3442537	0
508.15	0	.3884791	.2672913	.3442295	0
507.15	0	.3884552	.2673394	.3442054	0
506.15	0	.3884313	.2673874	.3441813	0
505.15	0	.3884074	.2674355	.3441572	0
504.15	0	.3883834	.2674835	.3441331	0
503.15	0	.3883595	.2675315	.344109	0
502.15	0	.3883355	.2675795	.344085	0
501.15	0	.3883116	.2676275	.344061	0
500.15	0	.3882876	.2676754	.344037	0
499.15	0	.3882636	.2677234	.344013	0
498.15	0	.3882397	.2677713	.343989	0
497.15	0	.3882157	.2678192	.3439651	0
496.15	0	.3881918	.2678671	.3439412	0
495.15	0	.3881678	.2679149	.3439173	0
494.15	0	.3881438	.2679628	.3438934	0
493.15	0	.3881199	.2680106	.3438695	0
492.15	0	.3880959	.2680584	.3438457	0
491.15	0	.3880719	.2681062	.3438219	0
490.15	0	.388048	.2681539	.3437981	0
489.15	0	.388024	.2682016	.3437744	0
488.15	0	.3880001	.2682493	.3437507	0
487.15	0	.3879761	.268297	.343727	0
486.15	0	.3879521	.2683446	.3437033	0
485.15	0	.3879282	.2683922	.3436796	0
484.15	0	.3879043	.2684398	.343656	0
483.15	0	.3878803	.2684873	.3436324	0
482.15	0	.3878564	.2685348	.3436088	0
481.15	0	.3878324	.2685823	.3435853	0
480.15	0	.3878085	.2686297	.3435618	0
479.15	0	.3877846	.2686771	.3435383	0
478.15	0	.3877607	.2687244	.3435149	0
477.15	0	.3877368	.2687718	.3434915	0
476.15	0	.3877129	.2688191	.3434681	0
475.15	0	.387689	.2688663	.3434447	0
474.15	0	.3876651	.2689135	.3434214	0
473.15	0	.3876412	.2689607	.3433981	0
472.15	0	.3876174	.2690078	.3433749	0
471.15	0	.3875935	.2690548	.3433517	0
470.15	0	.3875697	.2691019	.3433285	0
469.15	0	.3875458	.2691489	.3433053	0
468.15	0	.387522	.2691958	.3432822	0
467.15	0	.3874982	.2692427	.3432592	0
466.15	0	.3874744	.2692895	.3432361	0
465.15	0	.3874506	.2693363	.3432131	0
464.15	0	.3874268	.2693831	.3431902	0
463.15	0	.387403	.2694298	.3431672	0
462.15	0	.3873793	.2694764	.3431443	0
461.15	0	.3873555	.269523	.3431215	0
460.15	0	.3873318	.2695695	.3430987	0
459.15	0	.3873081	.269616	.3430759	0
458.15	0	.3872844	.2696624	.3430532	0
457.15	0	.3872607	.2697088	.3430305	0
456.15	0	.387237	.2697551	.3430079	0
455.15	0	.3872134	.2698014	.3429852	0
454.15	0	.3871898	.2698476	.3429627	0
453.15	0	.3871661	.2698937	.3429402	0
452.15	0	.3871425	.2699398	.3429177	0
451.15	0	.3871189	.2699858	.3428952	0
450.15	0	.3870954	.2700318	.3428729	0
449.15	0	.3870718	.2700776	.3428505	0
448.15	0	.3870483	.2701234	.3428283	0
447.15	0	.3870249	.2701691	.342806	0
446.15	0	.3870014	.2702147	.3427838	0
445.15	0	.386978	.2702603	.3427617	0
444.15	0	.3869546	.2703058	.3427396	0
443.15	0	.3869313	.2703512	.3427176	0
442.15	0	.3869079	.2703965	.3426956	0
441.15	0	.3868847	.2704416	.3426737	0
