T	 BPW(LIQUID)	BPW(BCC_A2)	BPW(FCC_A1)	BPW(LAVES_PHASE_C14)	BPW(NI3TI)
1473.15	0	1	0	0	0
1472.15	0	1	0	0	0
1471.15	0	1	0	0	0
1470.15	0	1	0	0	0
1469.15	0	1	0	0	0
1468.15	0	1	0	0	0
1467.15	0	1	0	0	0
1466.15	0	1	0	0	0
1465.15	0	1	0	0	0
1464.15	0	1	0	0	0
1463.15	0	1	0	0	0
1462.15	0	1	0	0	0
1461.15	0	1	0	0	0
1460.15	0	1	0	0	0
1459.15	0	1	0	0	0
1458.15	0	1	0	0	0
1457.15	0	1	0	0	0
1456.15	0	1	0	0	0
1455.15	0	1	0	0	0
1454.15	0	1	0	0	0
1453.15	0	1	0	0	0
1452.15	0	1	0	0	0
1451.15	0	1	0	0	0
1450.15	0	1	0	0	0
1449.15	0	1	0	0	0
1448.15	0	1	0	0	0
1447.15	0	1	0	0	0
1446.15	0	1	0	0	0
1445.15	0	1	0	0	0
1444.15	0	1	0	0	0
1443.15	0	1	0	0	0
1442.15	0	1	0	0	0
1441.15	0	1	0	0	0
1440.15	0	1	0	0	0
1439.15	0	1	0	0	0
1438.15	0	1	0	0	0
1437.15	0	1	0	0	0
1436.15	0	1	0	0	0
1435.15	0	1	0	0	0
1434.15	0	1	0	0	0
1433.15	0	1	0	0	0
1432.15	0	1	0	0	0
1431.15	0	1	0	0	0
1430.15	0	1	0	0	0
1429.15	0	1	0	0	0
1428.15	0	1	0	0	0
1427.15	0	1	0	0	0
1426.15	0	1	0	0	0
1425.15	0	1	0	0	0
1424.15	0	1	0	0	0
1423.15	0	1	0	0	0
1422.15	0	1	0	0	0
1421.15	0	1	0	0	0
1420.15	0	1	0	0	0
1419.15	0	1	0	0	0
1418.15	0	1	0	0	0
1417.15	0	1	0	0	0
1416.15	0	1	0	0	0
1415.15	0	1	0	0	0
1414.15	0	1	0	0	0
1413.15	0	1	0	0	0
1412.15	0	1	0	0	0
1411.15	0	1	0	0	0
1410.15	0	1	0	0	0
1409.15	0	1	0	0	0
1408.15	0	1	0	0	0
1407.15	0	1	0	0	0
1406.15	0	1	0	0	0
1405.15	0	1	0	0	0
1404.15	0	1	0	0	0
1403.15	0	1	0	0	0
1402.15	0	1	0	0	0
1401.15	0	1	0	0	0
1400.15	0	1	0	0	0
1399.15	0	1	0	0	0
1398.15	0	1	0	0	0
1397.15	0	1	0	0	0
1396.15	0	1	0	0	0
1395.15	0	1	0	0	0
1394.15	0	1	0	0	0
1393.15	0	1	0	0	0
1392.15	0	1	0	0	0
1391.15	0	1	0	0	0
1390.15	0	1	0	0	0
1389.15	0	1	0	0	0
1388.15	0	1	0	0	0
1387.15	0	1	0	0	0
1386.15	0	1	0	0	0
1385.15	0	1	0	0	0
1384.15	0	1	0	0	0
1383.15	0	1	0	0	0
1382.15	0	1	0	0	0
1381.15	0	1	0	0	0
1380.15	0	1	0	0	0
1379.15	0	1	0	0	0
1378.15	0	1	0	0	0
1377.15	0	1	0	0	0
1376.15	0	1	0	0	0
1375.15	0	1	0	0	0
1374.15	0	1	0	0	0
1373.15	0	1	0	0	0
1372.15	0	1	0	0	0
1371.15	0	1	0	0	0
1370.15	0	1	0	0	0
1369.15	0	1	0	0	0
1368.15	0	1	0	0	0
1367.15	0	1	0	0	0
1366.15	0	1	0	0	0
1365.15	0	1	0	0	0
1364.15	0	1	0	0	0
1363.15	0	1	0	0	0
1362.15	0	1	0	0	0
1361.15	0	1	0	0	0
1360.15	0	1	0	0	0
1359.15	0	1	0	0	0
1358.15	0	1	0	0	0
1357.15	0	1	0	0	0
1356.15	0	1	0	0	0
1355.15	0	1	0	0	0
1354.15	0	1	0	0	0
1353.15	0	1	0	0	0
1352.15	0	1	0	0	0
1351.15	0	1	0	0	0
1350.15	0	1	0	0	0
1349.15	0	1	0	0	0
1348.15	0	1	0	0	0
1347.15	0	1	0	0	0
1346.15	0	1	0	0	0
1345.15	0	1	0	0	0
1344.15	0	1	0	0	0
1343.15	0	1	0	0	0
1342.15	0	1	0	0	0
1341.15	0	1	0	0	0
1340.15	0	1	0	0	0
1339.15	0	1	0	0	0
1338.15	0	1	0	0	0
1337.15	0	1	0	0	0
1336.15	0	1	0	0	0
1335.15	0	1	0	0	0
1334.15	0	1	0	0	0
1333.15	0	1	0	0	0
1332.15	0	1	0	0	0
1331.15	0	1	0	0	0
1330.15	0	1	0	0	0
1329.15	0	1	0	0	0
1328.15	0	1	0	0	0
1327.15	0	1	0	0	0
1326.15	0	1	0	0	0
1325.15	0	1	0	0	0
1324.15	0	1	0	0	0
1323.15	0	1	0	0	0
1322.15	0	1	0	0	0
1321.15	0	1	0	0	0
1320.15	0	1	0	0	0
1319.15	0	1	0	0	0
1318.15	0	1	0	0	0
1317.15	0	1	0	0	0
1316.15	0	1	0	0	0
1315.15	0	1	0	0	0
1314.15	0	1	0	0	0
1313.15	0	1	0	0	0
1312.15	0	1	0	0	0
1311.15	0	1	0	0	0
1310.15	0	1	0	0	0
1309.15	0	1	0	0	0
1308.15	0	1	0	0	0
1307.15	0	1	0	0	0
1306.15	0	1	0	0	0
1305.15	0	1	0	0	0
1304.15	0	1	0	0	0
1303.15	0	1	0	0	0
1302.15	0	1	0	0	0
1301.15	0	1	0	0	0
1300.15	0	1	0	0	0
1299.15	0	1	0	0	0
1298.15	0	1	0	0	0
1297.15	0	1	0	0	0
1296.15	0	1	0	0	0
1295.15	0	1	0	0	0
1294.15	0	1	0	0	0
1293.15	0	1	0	0	0
1292.15	0	1	0	0	0
1291.15	0	1	0	0	0
1290.15	0	1	0	0	0
1289.15	0	1	0	0	0
1288.15	0	1	0	0	0
1287.15	0	1	0	0	0
1286.15	0	1	0	0	0
1285.15	0	1	0	0	0
1284.15	0	1	0	0	0
1283.15	0	1	0	0	0
1282.15	0	1	0	0	0
1281.15	0	1	0	0	0
1280.15	0	1	0	0	0
1279.15	0	1	0	0	0
1278.15	0	1	0	0	0
1277.15	0	1	0	0	0
1276.15	0	1	0	0	0
1275.15	0	1	0	0	0
1274.15	0	1	0	0	0
1273.15	0	1	0	0	0
1272.15	0	1	0	0	0
1271.15	0	1	0	0	0
1270.15	0	1	0	0	0
1269.15	0	1	0	0	0
1268.15	0	1	0	0	0
1267.15	0	1	0	0	0
1266.15	0	1	0	0	0
1265.15	0	1	0	0	0
1264.15	0	1	0	0	0
1263.15	0	1	0	0	0
1262.15	0	1	0	0	0
1261.15	0	1	0	0	0
1260.15	0	1	0	0	0
1259.15	0	1	0	0	0
1258.15	0	1	0	0	0
1257.15	0	1	0	0	0
1256.15	0	1	0	0	0
1255.15	0	1	0	0	0
1254.15	0	1	0	0	0
1253.15	0	1	0	0	0
1252.15	0	1	0	0	0
1251.15	0	1	0	0	0
1250.15	0	1	0	0	0
1249.15	0	1	0	0	0
1248.15	0	1	0	0	0
1247.15	0	1	0	0	0
1246.15	0	1	0	0	0
1245.15	0	1	0	0	0
1244.15	0	1	0	0	0
1243.15	0	1	0	0	0
1242.15	0	1	0	0	0
1241.15	0	1	0	0	0
1240.15	0	1	0	0	0
1239.15	0	1	0	0	0
1238.15	0	1	0	0	0
1237.15	0	1	0	0	0
1236.15	0	1	0	0	0
1235.15	0	1	0	0	0
1234.15	0	1	0	0	0
1233.15	0	1	0	0	0
1232.15	0	1	0	0	0
1231.15	0	1	0	0	0
1230.15	0	1	0	0	0
1229.15	0	1	0	0	0
1228.15	0	1	0	0	0
1227.15	0	1	0	0	0
1226.15	0	1	0	0	0
1225.15	0	1	0	0	0
1224.15	0	1	0	0	0
1223.15	0	1	0	0	0
1222.15	0	1	0	0	0
1221.15	0	1	0	0	0
1220.15	0	1	0	0	0
1219.15	0	1	0	0	0
1218.15	0	1	0	0	0
1217.15	0	1	0	0	0
1216.15	0	1	0	0	0
1215.15	0	1	0	0	0
1214.15	0	1	0	0	0
1213.15	0	1	0	0	0
1212.15	0	1	0	0	0
1211.15	0	1	0	0	0
1210.15	0	1	0	0	0
1209.15	0	1	0	0	0
1208.15	0	1	0	0	0
1207.15	0	1	0	0	0
1206.15	0	1	0	0	0
1205.15	0	1	0	0	0
1204.15	0	1	0	0	0
1203.15	0	1	0	0	0
1202.15	0	1	0	0	0
1201.15	0	1	0	0	0
1200.15	0	1	0	0	0
1200.12	0	1	0	0	0
1200.12	0	1	0	0	0
1200.12	0	1	0	0	0
1199.15	0	.9986418	.001358187	0	0
1198.15	0	.9972456	.00275442	0	0
1197.15	0	.995853	.004147013	0	0
1196.15	0	.994464	.00553596	0	0
1195.15	0	.9930787	.006921256	0	0
1194.15	0	.9916971	.008302894	0	0
1193.15	0	.9903191	.00968087	0	0
1192.15	0	.9889448	.01105518	0	0
1191.15	0	.9875742	.01242581	0	0
1190.15	0	.9862072	.01379276	0	0
1189.15	0	.984844	.01515602	0	0
1188.15	0	.9834844	.01651559	0	0
1187.15	0	.9821285	.01787146	0	0
1186.15	0	.9807764	.01922363	0	0
1185.15	0	.9794279	.02057208	0	0
1184.15	0	.9780832	.02191681	0	0
1183.15	0	.9767422	.02325782	0	0
1182.15	0	.9754049	.0245951	0	0
1181.15	0	.9740714	.02592864	0	0
1180.15	0	.9727416	.02725843	0	0
1179.15	0	.9714155	.02858448	0	0
1178.15	0	.9700932	.02990676	0	0
1177.15	0	.9687747	.03122528	0	0
1176.15	0	.96746	.03254003	0	0
1175.15	0	.966149	.03385099	0	0
1174.15	0	.9648418	.03515817	0	0
1173.15	0	.9635384	.03646156	0	0
1172.15	0	.9622388	.03776115	0	0
1171.15	0	.9609431	.03905693	0	0
1170.15	0	.9596511	.0403489	0	0
1169.15	0	.958363	.04163704	0	0
1168.15	0	.9570786	.04292136	0	0
1167.15	0	.9557982	.04420183	0	0
1166.15	0	.9545215	.04547847	0	0
1165.15	0	.9532488	.04675125	0	0
1164.15	0	.9519798	.04802017	0	0
1163.15	0	.9507148	.04928522	0	0
1162.15	0	.9494536	.0505464	0	0
1161.15	0	.9481963	.0518037	0	0
1160.15	0	.9469429	.05305711	0	0
1159.15	0	.9456934	.05430661	0	0
1158.15	0	.9444478	.05555221	0	0
1157.15	0	.9432061	.0567939	0	0
1156.15	0	.9419683	.05803166	0	0
1155.15	0	.9407345	.05926549	0	0
1154.15	0	.9395046	.06049542	0	0
1153.15	0	.9382786	.06172137	0	0
1152.15	0	.9370566	.06294336	0	0
1151.15	0	.9358386	.06416138	0	0
1150.15	0	.9346246	.06537543	0	0
1149.15	0	.9334145	.0665855	0	0
1148.15	0	.9322084	.06779159	0	0
1147.15	0	.9310063	.06899367	0	0
1146.15	0	.9298083	.07019175	0	0
1145.15	0	.9286142	.07138581	0	0
1144.15	0	.9274242	.07257585	0	0
1143.15	0	.9262382	.07376185	0	0
1142.15	0	.9250562	.07494381	0	0
1141.15	0	.9238783	.07612172	0	0
1140.15	0	.9227044	.07729557	0	0
1139.15	0	.9215347	.07846535	0	0
1138.15	0	.9203689	.07963106	0	0
1137.15	0	.9192073	.08079267	0	0
1136.15	0	.9180498	.08195019	0	0
1135.15	0	.9168964	.0831036	0	0
1134.15	0	.9157471	.0842529	0	0
1133.15	0	.9146019	.08539807	0	0
1132.15	0	.9134609	.08653911	0	0
1131.15	0	.912324	.087676	0	0
1130.15	0	.9111913	.08880874	0	0
1129.15	0	.9100627	.08993732	0	0
1128.15	0	.9089383	.09106172	0	0
1127.15	0	.9078181	.09218195	0	0
1126.15	0	.906702	.09329798	0	0
1125.15	0	.9055902	.0944098	0	0
1124.15	0	.9044826	.09551742	0	0
1123.15	0	.9033792	.09662081	0	0
1122.15	0	.90228	.09771997	0	0
1121.15	0	.9011851	.09881489	0	0
1120.15	0	.9000944	.09990556	0	0
1119.15	0	.899008	.100992	0	0
1118.15	0	.8979259	.1020741	0	0
1117.15	0	.8968481	.1031519	0	0
1116.15	0	.8957745	.1042255	0	0
1115.15	0	.8947052	.1052948	0	0
1114.15	0	.8936403	.1063597	0	0
1113.15	0	.8925797	.1074203	0	0
1112.15	0	.8915234	.1084766	0	0
1111.15	0	.8904715	.1095285	0	0
1110.15	0	.8894239	.1105761	0	0
1109.15	0	.8883807	.1116193	0	0
1108.15	0	.8873418	.1126582	0	0
1107.15	0	.8863074	.1136926	0	0
1106.15	0	.8852773	.1147227	0	0
1105.15	0	.8842517	.1157483	0	0
1104.15	0	.8832305	.1167695	0	0
1103.15	0	.8822137	.1177863	0	0
1102.15	0	.8812013	.1187987	0	0
1101.15	0	.8801934	.1198066	0	0
1100.15	0	.87919	.12081	0	0
1099.15	0	.878191	.121809	0	0
1098.15	0	.8771965	.1228035	0	0
1097.15	0	.8762066	.1237934	0	0
1096.15	0	.8752211	.1247789	0	0
1095.15	0	.8742401	.1257599	0	0
1094.15	0	.8732637	.1267363	0	0
1093.15	0	.8722918	.1277082	0	0
1092.15	0	.8713245	.1286755	0	0
1091.15	0	.8703617	.1296383	0	0
1090.15	0	.8694035	.1305965	0	0
1089.15	0	.8684499	.1315501	0	0
1088.15	0	.8675009	.1324991	0	0
1087.15	0	.8665565	.1334435	0	0
1086.15	0	.8656167	.1343833	0	0
1085.15	0	.8646815	.1353185	0	0
1084.15	0	.863751	.136249	0	0
1083.15	0	.8628252	.1371748	0	0
1082.15	0	.861904	.138096	0	0
1081.15	0	.8609875	.1390125	0	0
1080.927	0	.8607839	.1392161	0	0
1080.927	0	.8607839	.1392161	0	0
1080.927	0	.8607839	.1392161	0	0
1080.15	0	.8598713	.139858	2.707074E-04	0
1079.15	0	.8587022	.1406797	6.181163E-04	0
1078.15	0	.8575387	.1414968	9.645333E-04	0
1077.15	0	.8563808	.1423093	.00130996	0
1076.15	0	.8552286	.143117	.001654397	0
1075.15	0	.854082	.1439202	.001997847	0
1074.15	0	.8529411	.1447186	.00234031	0
1073.15	0	.8518059	.1455124	.002681787	0
1072.15	0	.8506763	.1463014	.003022282	0
1071.15	0	.8495525	.1470858	.003361793	0
1070.15	0	.8484343	.1478654	.003700323	0
1069.15	0	.8473218	.1486403	.004037873	0
1068.15	0	.846215	.1494105	.004374443	0
1067.15	0	.845114	.150176	.004710036	0
1066.15	0	.8440186	.1509367	.005044652	0
1065.15	0	.842929	.1516927	.005378292	0
1064.15	0	.8418452	.1524439	.005710958	0
1063.15	0	.840767	.1531903	.00604265	0
1062.15	0	.8396946	.153932	.006373369	0
1061.15	0	.838628	.1546689	.006703117	0
1060.15	0	.8375671	.155401	.007031894	0
1059.15	0	.836512	.1561283	.007359701	0
1058.15	0	.8354627	.1568508	.007686539	0
1057.15	0	.8344191	.1575684	.008012409	0
1056.15	0	.8333814	.1582813	.008337312	0
1055.15	0	.8323494	.1589893	.008661248	0
1054.15	0	.8313232	.1596925	.008984219	0
1053.15	0	.8303029	.1603909	.009306225	0
1052.15	0	.8292883	.1610844	.009627266	0
1051.15	0	.8282796	.1617731	.009947344	0
1050.15	0	.8272767	.1624568	.01026646	0
1049.15	0	.8262796	.1631358	.01058461	0
1048.15	0	.8252884	.1638098	.0109018	0
1047.15	0	.824303	.1644789	.01121803	0
1046.15	0	.8233235	.1651432	.0115333	0
1045.15	0	.8223498	.1658025	.01184761	0
1044.15	0	.821382	.166457	.01216095	0
1043.15	0	.8204201	.1671066	.01247334	0
1042.15	0	.8194641	.1677512	.01278477	0
1041.15	0	.8185139	.1683909	.01309524	0
1040.15	0	.8175696	.1690257	.01340475	0
1039.15	0	.8166312	.1696555	.01371331	0
1038.15	0	.8156987	.1702804	.0140209	0
1037.15	0	.8147721	.1709004	.01432754	0
1036.15	0	.8138514	.1715154	.01463322	0
1035.15	0	.8129367	.1721254	.01493794	0
1034.15	0	.8120278	.1727305	.0152417	0
1033.15	0	.8111249	.1733306	.01554451	0
1032.15	0	.8102279	.1739257	.01584636	0
1031.15	0	.8093369	.1745159	.01614725	0
1030.15	0	.8084518	.175101	.01644718	0
1029.15	0	.8075726	.1756812	.01674615	0
1028.15	0	.8066994	.1762564	.01704417	0
1027.15	0	.8058322	.1768266	.01734122	0
1026.15	0	.8049709	.1773918	.01763732	0
1025.15	0	.8041156	.177952	.01793246	0
1024.15	0	.8032662	.1785072	.01822664	0
1023.15	0	.8024228	.1790573	.01851986	0
1022.15	0	.8015854	.1796025	.01881212	0
1021.15	0	.800754	.1801426	.01910341	0
1020.15	0	.7999285	.1806777	.01939375	0
1019.15	0	.7991091	.1812078	.01968312	0
1018.15	0	.7982956	.1817329	.01997153	0
1017.15	0	.7974881	.1822529	.02025898	0
1016.15	0	.7966866	.1827679	.02054546	0
1015.15	0	.7958911	.1832779	.02083098	0
1014.15	0	.7951016	.1837829	.02111553	0
1013.15	0	.7943181	.1842828	.02139911	0
1012.15	0	.7935406	.1847776	.02168172	0
1011.15	0	.7927692	.1852675	.02196337	0
1010.15	0	.7920037	.1857523	.02224404	0
1009.15	0	.7912442	.186232	.02252374	0
1008.15	0	.7904908	.1867067	.02280247	0
1007.15	0	.7897433	.1871764	.02308023	0
1006.15	0	.7890019	.1876411	.02335701	0
1005.15	0	.7882665	.1881007	.02363281	0
1004.15	0	.7875371	.1885553	.02390764	0
1003.15	0	.7868137	.1890048	.02418149	0
1002.15	0	.7860963	.1894493	.02445435	0
1001.15	0	.785385	.1898888	.02472623	0
1000.15	0	.7846796	.1903233	.02499712	0
999.15	0	.7839803	.1907527	.02526703	0
998.15	0	.7832869	.1911771	.02553595	0
997.15	0	.7825996	.1915965	.02580388	0
996.15	0	.7819183	.1920109	.02607081	0
995.15	0	.7812429	.1924203	.02633675	0
994.15	0	.7805736	.1928247	.0266017	0
993.15	0	.7799103	.1932241	.02686564	0
992.15	0	.779253	.1936185	.02712858	0
991.15	0	.7786016	.1940079	.02739052	0
990.15	0	.7779563	.1943923	.02765145	0
989.15	0	.7773169	.1947718	.02791137	0
988.15	0	.7766835	.1951462	.02817028	0
987.15	0	.7760561	.1955158	.02842817	0
986.15	0	.7754346	.1958804	.02868505	0
985.15	0	.7748191	.19624	.0289409	0
984.15	0	.7742096	.1965947	.02919573	0
983.15	0	.773606	.1969445	.02944954	0
982.15	0	.7730083	.1972894	.02970231	0
981.15	0	.7724166	.1976294	.02995405	0
980.15	0	.7718308	.1979645	.03020475	0
979.15	0	.7712509	.1982947	.03045441	0
978.15	0	.770677	.19862	.03070303	0
977.15	0	.7701089	.1989405	.0309506	0
976.15	0	.7695467	.1992562	.03119711	0
975.15	0	.7689904	.1995671	.03144257	0
974.15	0	.7684399	.1998731	.03168697	0
973.15	0	.7678954	.2001743	.0319303	0
972.15	0	.7673566	.2004708	.03217257	0
971.15	0	.7668237	.2007625	.03241376	0
970.15	0	.7662966	.2010495	.03265387	0
969.15	0	.7657753	.2013318	.0328929	0
968.15	0	.7652598	.2016093	.03313084	0
967.15	0	.7647501	.2018822	.03336768	0
966.15	0	.7642461	.2021504	.03360343	0
965.15	0	.7637479	.202414	.03383808	0
964.15	0	.7632554	.202673	.03407161	0
963.15	0	.7627686	.2029273	.03430404	0
962.15	0	.7622875	.2031771	.03453534	0
961.15	0	.7618121	.2034224	.03476551	0
960.15	0	.7613423	.2036631	.03499455	0
959.15	0	.7608782	.2038994	.03522245	0
958.15	0	.7604196	.2041312	.03544921	0
957.15	0	.7599667	.2043585	.03567481	0
956.15	0	.7595193	.2045815	.03589926	0
955.15	0	.7590774	.2048001	.03612253	0
954.15	0	.7586411	.2050143	.03634464	0
953.15	0	.7582102	.2052242	.03656556	0
952.15	0	.7577848	.2054299	.0367853	0
951.15	0	.7573648	.2056313	.03700384	0
950.15	0	.7569503	.2058286	.03722118	0
949.15	0	.7565411	.2060216	.0374373	0
948.15	0	.7561372	.2062106	.0376522	0
947.15	0	.7557387	.2063954	.03786587	0
946.15	0	.7553454	.2065763	.03807831	0
945.15	0	.7549574	.2067531	.03828949	0
944.15	0	.7545746	.206926	.03849942	0
943.15	0	.7541969	.207095	.03870808	0
942.15	0	.7538244	.2072601	.03891547	0
941.15	0	.753457	.2074214	.03912157	0
940.15	0	.7530946	.207579	.03932637	0
939.15	0	.7527373	.2077329	.03952986	0
938.15	0	.7523848	.2078831	.03973203	0
937.15	0	.7520374	.2080298	.03993288	0
936.15	0	.7516948	.2081729	.04013238	0
935.15	0	.751357	.2083125	.04033052	0
934.15	0	.7510239	.2084487	.0405273	0
933.15	0	.7506957	.2085817	.0407227	0
932.15	0	.750372	.2087113	.04091671	0
931.15	0	.750053	.2088377	.04110931	0
930.15	0	.7497385	.208961	.04130048	0
929.15	0	.7494286	.2090812	.04149023	0
928.15	0	.749123	.2091985	.04167853	0
927.15	0	.7488219	.2093128	.04186536	0
926.15	0	.748525	.2094243	.04205071	0
925.15	0	.7482323	.2095331	.04223457	0
924.15	0	.7479438	.2096392	.04241691	0
923.15	0	.7476595	.2097428	.04259773	0
922.15	0	.7473791	.2098439	.042777	0
921.15	0	.7471026	.2099427	.04295471	0
920.15	0	.74683	.2100391	.04313083	0
919.15	0	.7465612	.2101334	.04330535	0
918.15	0	.7462961	.2102257	.04347825	0
917.15	0	.7460345	.210316	.04364951	0
916.15	0	.7457765	.2104044	.04381911	0
915.15	0	.7455218	.2104912	.04398702	0
914.15	0	.7452704	.2105763	.04415322	0
913.15	0	.7450223	.21066	.0443177	0
912.15	0	.7447772	.2107424	.04448042	0
911.15	0	.7445351	.2108236	.04464137	0
910.15	0	.7442958	.2109037	.04480052	0
909.15	0	.7440593	.2109829	.04495783	0
908.15	0	.7438254	.2110613	.04511329	0
907.15	0	.743594	.2111392	.04526687	0
906.15	0	.7433649	.2112166	.04541854	0
905.15	0	.743138	.2112938	.04556826	0
904.15	0	.7429132	.2113708	.04571601	0
903.15	0	.7426902	.211448	.04586175	0
902.15	0	.7424691	.2115255	.04600546	0
901.15	0	.7422495	.2116034	.04614709	0
900.15	0	.7420313	.2116821	.04628661	0
899.15	0	.7418144	.2117616	.04642399	0
898.15	0	.7415985	.2118423	.04655918	0
897.15	0	.7413835	.2119244	.04669215	0
896.15	0	.7411691	.212008	.04682285	0
895.15	0	.7409552	.2120935	.04695125	0
894.15	0	.7407415	.2121812	.04707728	0
893.15	0	.7405278	.2122712	.04720092	0
892.15	0	.7403139	.2123639	.0473221	0
891.15	0	.7400996	.2124596	.04744078	0
890.15	0	.7398844	.2125586	.04755691	0
889.15	0	.7396683	.2126613	.04767042	0
888.15	0	.7394509	.2127679	.04778126	0
887.15	0	.7392319	.2128788	.04788937	0
886.15	0	.7388275	.2131846	.04798796	0
885.15	0	.7382169	.2137081	.04807502	0
884.15	0	.7376489	.2141918	.04815932	0
883.15	0	.7371215	.2146375	.04824094	0
882.15	0	.7366331	.2150469	.04831994	0
881.15	0	.7361821	.2154215	.04839639	0
880.15	0	.7357668	.2157628	.04847036	0
879.15	0	.7353857	.2160724	.0485419	0
878.15	0	.7350375	.2163515	.04861106	0
877.15	0	.7347205	.2166016	.04867791	0
876.15	0	.7344336	.2168239	.0487425	0
875.15	0	.7341755	.2170197	.04880486	0
874.15	0	.7339447	.2171902	.04886506	0
873.15	0	.7337403	.2173366	.04892313	0
872.15	0	.733561	.2174599	.04897912	0
871.15	0	.7334056	.2175613	.04903307	0
870.15	0	.7332732	.2176418	.04908501	0
869.15	0	.7331627	.2177023	.049135	0
868.15	0	.7330731	.2177439	.04918305	0
867.15	0	.7330034	.2177674	.04922922	0
866.15	0	.7329527	.2177738	.04927354	0
865.15	0	.7329201	.2177639	.04931603	0
864.15	0	.7329048	.2177384	.04935674	0
863.15	0	.732906	.2176984	.0493957	0
862.15	0	.7329227	.2176443	.04943293	0
861.15	0	.7329544	.2175771	.04946848	0
860.15	0	.7330002	.2174975	.04950236	0
859.15	0	.7330594	.217406	.04953461	0
858.15	0	.7331313	.2173034	.04956526	0
857.15	0	.7332154	.2171903	.04959433	0
856.15	0	.7333108	.2170673	.04962186	0
855.15	0	.7334171	.216935	.04964787	0
854.15	0	.7335337	.216794	.04967239	0
853.15	0	.7336599	.2166447	.04969544	0
852.15	0	.7337952	.2164878	.04971706	0
851.15	0	.7339391	.2163236	.04973726	0
850.15	0	.7340912	.2161528	.04975608	0
849.15	0	.7342508	.2159757	.04977353	0
848.15	0	.7344176	.2157928	.04978965	0
847.15	0	.734591	.2156045	.04980445	0
846.15	0	.7347707	.2154113	.04981796	0
845.15	0	.7349563	.2152135	.0498302	0
844.15	0	.7351473	.2150115	.0498412	0
843.15	0	.7353433	.2148057	.04985098	0
842.15	0	.7355441	.2145963	.04985957	0
841.15	0	.7357492	.2143839	.04986697	0
840.15	0	.7359583	.2141685	.04987322	0
839.15	0	.736171	.2139506	.04987834	0
838.15	0	.7363872	.2137305	.04988235	0
837.15	0	.7366063	.2135084	.04988527	0
836.15	0	.7368283	.2132846	.04988712	0
835.15	0	.7370528	.2130593	.04988792	0
834.15	0	.7372795	.2128328	.04988769	0
833.15	0	.7375082	.2126054	.04988646	0
832.15	0	.7377386	.2123772	.04988423	0
831.15	0	.7379706	.2121484	.04988103	0
830.15	0	.7382039	.2119193	.04987689	0
829.15	0	.7384382	.21169	.0498718	0
828.15	0	.7386735	.2114607	.04986581	0
827.15	0	.7389094	.2112317	.04985892	0
826.15	0	.7391459	.211003	.04985115	0
825.15	0	.7393827	.2107748	.04984252	0
824.15	0	.7396197	.2105472	.04983304	0
823.15	0	.7398567	.2103205	.04982275	0
822.15	0	.7400936	.2100947	.04981164	0
821.15	0	.7403303	.20987	.04979973	0
820.15	0	.7405665	.2096465	.04978705	0
819.15	0	.7408022	.2094242	.04977361	0
818.15	0	.7410372	.2092034	.04975943	0
817.15	0	.7412715	.208984	.04974451	0
816.15	0	.7415049	.2087662	.04972888	0
815.15	0	.7417373	.2085501	.04971255	0
814.15	0	.7419686	.2083358	.04969553	0
813.15	0	.7421988	.2081234	.04967784	0
812.15	0	.7424277	.2079128	.0496595	0
811.15	0	.7426553	.2077042	.04964051	0
810.15	0	.7428814	.2074977	.04962089	0
809.15	0	.7431061	.2072933	.04960065	0
808.15	0	.7433292	.207091	.04957981	0
807.15	0	.7435507	.2068909	.04955838	0
806.15	0	.7437705	.2066931	.04953637	0
805.15	0	.7439886	.2064977	.0495138	0
804.15	0	.7442048	.2063045	.04949067	0
803.15	0	.7444193	.2061137	.049467	0
802.15	0	.7446318	.2059254	.0494428	0
801.15	0	.7448425	.2057394	.04941808	0
800.15	0	.7450512	.205556	.04939285	0
799.15	0	.7452579	.205375	.04936712	0
798.15	0	.7454625	.2051966	.0493409	0
797.15	0	.7456651	.2050207	.04931421	0
796.15	0	.7458656	.2048473	.04928706	0
795.15	0	.7460641	.2046765	.04925944	0
794.15	0	.7462603	.2045083	.04923139	0
793.15	0	.7464545	.2043426	.04920289	0
792.15	0	.7466465	.2041796	.04917396	0
791.15	0	.7468362	.2040191	.04914462	0
790.15	0	.7470238	.2038613	.04911487	0
789.15	0	.7472092	.203706	.04908472	0
788.15	0	.7473924	.2035534	.04905417	0
787.15	0	.7475734	.2034034	.04902324	0
786.15	0	.7477521	.203256	.04899193	0
785.15	0	.7479286	.2031111	.04896026	0
784.15	0	.7481029	.2029689	.04892823	0
783.15	0	.7482749	.2028292	.04889584	0
782.15	0	.7484447	.2026921	.04886311	0
781.15	0	.7486123	.2025577	.04883003	0
780.15	0	.7487777	.2024257	.04879663	0
779.15	0	.7489408	.2022963	.04876291	0
778.15	0	.7491017	.2021694	.04872886	0
777.15	0	.7492604	.2020451	.04869451	0
776.15	0	.7494169	.2019233	.04865985	0
775.15	0	.7495711	.201804	.0486249	0
774.15	0	.7497232	.2016871	.04858965	0
773.15	0	.7498732	.2015727	.04855412	0
772.15	0	.7500209	.2014608	.0485183	0
771.15	0	.7501665	.2013513	.04848221	0
770.15	0	.7503099	.2012442	.04844586	0
769.15	0	.7504513	.2011395	.04840924	0
768.15	0	.7505904	.2010372	.04837236	0
767.15	0	.7507275	.2009373	.04833523	0
766.15	0	.7508625	.2008396	.04829785	0
765.15	0	.7509954	.2007444	.04826023	0
764.15	0	.7511263	.2006514	.04822237	0
763.15	0	.7512551	.2005607	.04818428	0
762.15	0	.7513819	.2004722	.04814596	0
761.15	0	.7515066	.200386	.04810741	0
760.15	0	.7516294	.200302	.04806865	0
759.15	0	.7517502	.2002202	.04802967	0
758.15	0	.751869	.2001406	.04799048	0
757.15	0	.7519858	.2000631	.04795108	0
756.15	0	.7521008	.1999878	.04791148	0
755.15	0	.7522138	.1999145	.04787168	0
754.15	0	.7523249	.1998434	.04783168	0
753.15	0	.7524342	.1997743	.0477915	0
752.15	0	.7525416	.1997073	.04775112	0
751.15	0	.7526472	.1996423	.04771057	0
750.15	0	.7527509	.1995793	.04766983	0
749.15	0	.7528529	.1995182	.04762891	0
748.15	0	.752953	.1994592	.04758782	0
747.15	0	.7530514	.199402	.04754656	0
746.15	0	.7531481	.1993468	.04750513	0
745.15	0	.753243	.1992935	.04746354	0
744.15	0	.7533362	.199242	.04742179	0
743.15	0	.7534277	.1991924	.04737988	0
742.15	0	.7535176	.1991446	.04733781	0
741.15	0	.7536058	.1990986	.04729559	0
740.15	0	.7536924	.1990544	.04725323	0
739.15	0	.7537773	.199012	.04721072	0
738.15	0	.7538607	.1989713	.04716806	0
737.15	0	.7539425	.1989323	.04712526	0
736.15	0	.7540227	.198895	.04708233	0
735.15	0	.7541014	.1988594	.04703925	0
734.15	0	.7541785	.1988254	.04699605	0
733.15	0	.7542542	.1987931	.04695271	0
732.15	0	.7543284	.1987624	.04690925	0
731.15	0	.754401	.1987333	.04686566	0
730.15	0	.7544723	.1987058	.04682195	0
729.15	0	.7545421	.1986798	.04677812	0
728.15	0	.7546105	.1986554	.04673417	0
727.15	0	.7546775	.1986324	.0466901	0
726.15	0	.7547431	.198611	.04664592	0
725.15	0	.7548073	.1985911	.04660162	0
724.15	0	.7548702	.1985726	.04655722	0
723.15	0	.7549318	.1985555	.04651271	0
722.15	0	.754992	.1985399	.04646809	0
721.15	0	.755051	.1985256	.04642337	0
720.15	0	.7551087	.1985128	.04637855	0
719.15	0	.7551651	.1985013	.04633363	0
718.15	0	.7552202	.1984912	.04628861	0
717.15	0	.7552741	.1984824	.0462435	0
716.15	0	.7553268	.1984749	.04619829	0
715.15	0	.7553783	.1984687	.04615299	0
714.15	0	.7554286	.1984638	.0461076	0
713.15	0	.7554778	.1984601	.04606212	0
712.15	0	.7555257	.1984577	.04601656	0
711.15	0	.7555726	.1984565	.04597092	0
710.15	0	.7556183	.1984566	.04592519	0
709.15	0	.7556629	.1984578	.04587938	0
708.15	0	.7557064	.1984602	.04583349	0
707.15	0	.7557488	.1984637	.04578752	0
706.15	0	.7557901	.1984684	.04574148	0
705.15	0	.7558304	.1984742	.04569537	0
704.15	0	.7558696	.1984812	.04564918	0
703.15	0	.7559079	.1984892	.04560292	0
702.15	0	.7559451	.1984984	.04555659	0
701.15	0	.7559813	.1985086	.0455102	0
700.15	0	.7560165	.1985198	.04546374	0
699.15	0	.7560507	.1985321	.04541722	0
698.15	0	.756084	.1985454	.04537063	0
697.15	0	.7561163	.1985597	.04532399	0
696.15	0	.7561477	.1985751	.04527728	0
695.15	0	.7561781	.1985914	.04523052	0
694.15	0	.7562077	.1986086	.0451837	0
693.15	0	.7562363	.1986269	.04513683	0
692.15	0	.7562641	.198646	.0450899	0
691.15	0	.7562909	.1986661	.04504292	0
690.15	0	.756317	.1986872	.04499589	0
689.15	0	.7563421	.1987091	.04494881	0
688.15	0	.7563664	.1987319	.04490169	0
687.15	0	.7563917	.1987544	.04485394	0
686.15	0	.7564142	.1987791	.04480677	0
685.15	0	.7564359	.1988045	.04475955	0
684.15	0	.7564568	.1988309	.0447123	0
683.15	0	.756477	.198858	.04466499	0
682.15	0	.7564964	.198886	.04461765	0
681.15	0	.756515	.1989147	.04457027	0
680.15	0	.7565329	.1989443	.04452285	0
679.15	0	.75655	.1989746	.04447539	0
678.15	0	.7565665	.1990057	.04442789	0
677.15	0	.7565822	.1990375	.04438037	0
676.15	0	.7565971	.1990701	.04433281	0
675.15	0	.7566114	.1991034	.04428522	0
674.15	0	.756625	.1991374	.0442376	0
673.15	0	.7566379	.1991721	.04418995	0
672.15	0	.7566502	.1992076	.04414227	0
671.15	0	.7566617	.1992437	.04409457	0
670.15	0	.7566727	.1992805	.04404685	0
669.15	0	.7566829	.199318	.0439991	0
668.15	0	.7566926	.1993561	.04395133	0
667.15	0	.7567016	.1993949	.04390354	0
666.15	0	.75671	.1994343	.04385574	0
665.15	0	.7567177	.1994743	.04380791	0
664.15	0	.7567249	.199515	.04376007	0
663.15	0	.7567315	.1995563	.04371222	0
662.15	0	.7567375	.1995982	.04366435	0
661.15	0	.7567429	.1996406	.04361647	0
660.15	0	.7567477	.1996837	.04356858	0
659.15	0	.756752	.1997273	.04352068	0
658.15	0	.7567557	.1997715	.04347277	0
657.15	0	.7567589	.1998163	.04342486	0
656.15	0	.7567615	.1998616	.04337694	0
655.15	0	.7567636	.1999074	.04332901	0
654.15	0	.7567652	.1999538	.04328109	0
653.15	0	.7567662	.2000006	.04323316	0
652.15	0	.7567667	.200048	.04318523	0
651.15	0	.7567668	.2000959	.0431373	0
650.15	0	.7567663	.2001443	.04308937	0
649.15	0	.7567653	.2001932	.04304145	0
648.15	0	.7567639	.2002426	.04299353	0
647.15	0	.756762	.2002924	.04294561	0
646.15	0	.7567596	.2003427	.0428977	0
645.15	0	.7567567	.2003935	.0428498	0
644.15	0	.7567534	.2004447	.04280191	0
643.15	0	.7567497	.2004963	.04275403	0
642.15	0	.7567454	.2005484	.04270616	0
641.15	0	.7567408	.2006009	.0426583	0
640.15	0	.7567357	.2006538	.04261046	0
639.15	0	.7567302	.2007071	.04256263	0
638.15	0	.7567243	.2007609	.04251482	0
637.15	0	.756718	.200815	.04246702	0
636.15	0	.7567112	.2008695	.04241924	0
635.15	0	.7567041	.2009244	.04237149	0
634.15	0	.7566966	.2009797	.04232375	0
633.15	0	.7566887	.2010353	.04227603	0
632.15	0	.7566803	.2010913	.04222834	0
631.15	0	.7566717	.2011477	.04218067	0
630.15	0	.7566626	.2012044	.04213302	0
629.15	0	.7566532	.2012614	.0420854	0
628.15	0	.7566434	.2013188	.04203781	0
627.15	0	.7566333	.2013765	.04199025	0
626.15	0	.7566228	.2014345	.04194271	0
625.15	0	.756612	.2014929	.04189521	0
624.15	0	.7566008	.2015515	.04184773	0
623.15	0	.7565893	.2016104	.04180029	0
622.15	0	.7565774	.2016697	.04175288	0
621.15	0	.7565653	.2017292	.04170551	0
620.15	0	.7565528	.201789	.04165817	0
619.15	0	.75654	.2018491	.04161087	0
618.15	0	.7565269	.2019095	.04156361	0
617.15	0	.7565135	.2019701	.04151639	0
616.15	0	.7564998	.202031	.0414692	0
615.15	0	.7564858	.2020921	.04142206	0
614.15	0	.7564716	.2021535	.04137496	0
613.15	0	.756457	.2022151	.0413279	0
612.15	0	.7564421	.202277	.04128088	0
611.15	0	.756427	.2023391	.04123391	0
610.15	0	.7564116	.2024014	.04118699	0
609.15	0	.756396	.2024639	.04114011	0
609.0206	0	.7563939	.202472	.04113405	0
609.0206	0	.7563939	.202472	.04113405	0
609.0206	0	.7563939	.202472	.04113405	0
608.15	0	.7568369	.2015977	.04071751	8.479609E-04
607.15	0	.7573404	.2006006	.04024137	.001817614
606.15	0	.7578386	.1996111	.03976763	.002782715
605.15	0	.7583314	.1986291	.03929629	.003743317
604.15	0	.7588189	.1976544	.0388273	.00469947
603.15	0	.7593012	.196687	.03836064	.005651224
602.15	0	.7597784	.1957267	.03789628	.006598629
601.15	0	.7602506	.1947734	.0374342	.007541735
600.15	0	.7607179	.1938271	.03697437	.008480589
599.15	0	.7611804	.1928876	.03651676	.009415238
598.15	0	.761638	.1919549	.03606134	.01034573
597.15	0	.762091	.1910288	.03560811	.01127211
596.15	0	.7625394	.1901092	.03515701	.01219443
595.15	0	.7629832	.189196	.03470805	.01311273
594.15	0	.7634226	.1882892	.03426118	.01402705
593.15	0	.7638575	.1873886	.03381639	.01493743
592.15	0	.7642882	.1864942	.03337365	.01584394
591.15	0	.7647146	.1856059	.03293295	.01674659
590.15	0	.7651368	.1847235	.03249425	.01764544
589.15	0	.7655549	.183847	.03205754	.01854053
588.15	0	.7659689	.1829764	.03162279	.0194319
587.15	0	.766379	.1821114	.03118998	.02031959
586.15	0	.7667852	.1812521	.0307591	.02120364
585.15	0	.7671875	.1803984	.03033011	.02208408
584.15	0	.7675859	.1795501	.02990301	.02296097
583.15	0	.7679807	.1787072	.02947776	.02383433
582.15	0	.7683718	.1778696	.02905436	.02470421
581.15	0	.7687593	.1770373	.02863278	.02557063
580.15	0	.7691432	.1762101	.02821299	.02643365
579.15	0	.7695236	.1753881	.027795	.02729329
578.15	0	.7699006	.174571	.02737876	.02814959
577.15	0	.7702742	.1737589	.02696427	.02900259
576.15	0	.7706445	.1729517	.02655151	.02985232
575.15	0	.7710114	.1721493	.02614046	.03069882
574.15	0	.7713752	.1713516	.0257311	.03154211
573.15	0	.7717358	.1705586	.02532341	.03238224
572.15	0	.7720932	.1697702	.02491739	.03321924
571.15	0	.7724476	.1689863	.024513	.03405314
570.15	0	.7727989	.1682069	.02411024	.03488397
569.15	0	.7731473	.1674319	.02370909	.03571177
568.15	0	.7734927	.1666612	.02330953	.03653656
567.15	0	.7738352	.1658949	.02291154	.03735838
566.15	0	.7741749	.1651327	.02251512	.03817726
565.15	0	.7745118	.1643747	.02212024	.03899322
564.15	0	.774846	.1636208	.02172689	.03980631
563.15	0	.7751774	.162871	.02133506	.04061654
562.15	0	.7755062	.1621251	.02094473	.04142395
561.15	0	.7758323	.1613832	.02055589	.04222857
560.15	0	.7761559	.1606452	.02016852	.04303042
559.15	0	.7764769	.1599109	.0197826	.04382954
558.15	0	.7767955	.1591804	.01939814	.04462595
557.15	0	.7771115	.1584537	.0190151	.04541967
556.15	0	.7774252	.1577306	.01863348	.04621075
555.15	0	.7777365	.1570111	.01825327	.0469992
554.15	0	.7780454	.1562952	.01787444	.04778504
553.15	0	.778352	.1555827	.017497	.04856832
552.15	0	.7786563	.1548737	.01712092	.04934904
551.15	0	.7789584	.1541682	.01674619	.05012724
550.15	0	.7792583	.153466	.01637281	.05090294
549.15	0	.779556	.152767	.01600075	.05167618
548.15	0	.7798516	.1520714	.01563001	.05244696
547.15	0	.7801451	.151379	.01526058	.05321532
546.15	0	.7804366	.1506897	.01489244	.05398129
545.15	0	.780726	.1500036	.01452558	.05474487
544.15	0	.7810133	.1493205	.01416	.05550611
543.15	0	.7812988	.1486406	.01379567	.05626501
542.15	0	.7815823	.1479635	.01343259	.05702162
541.15	0	.7818638	.1472895	.01307076	.05777593
540.15	0	.7821435	.1466183	.01271014	.05852799
539.15	0	.7824214	.14595	.01235075	.05927781
538.15	0	.7826974	.1452846	.01199256	.06002542
537.15	0	.7829717	.1446219	.01163557	.06077082
536.15	0	.7832442	.143962	.01127976	.06151406
535.15	0	.7835149	.1433048	.01092513	.06225514
534.15	0	.783784	.1426503	.01057167	.0629941
533.15	0	.7840513	.1419984	.01021937	.06373094
532.15	0	.784317	.1413491	.009868209	.06446569
531.15	0	.7845811	.1407023	.009518189	.06519837
530.15	0	.7848436	.1400581	.009169298	.06592901
529.15	0	.7851045	.1394163	.008821526	.06665761
528.15	0	.7853639	.138777	.008474865	.0673842
527.15	0	.7856218	.1381401	.008129306	.0681088
526.15	0	.7858781	.1375056	.007784839	.06883143
525.15	0	.786133	.1368735	.007441457	.06955211
524.15	0	.7863864	.1362436	.00709915	.07027085
523.15	0	.7866384	.135616	.006757911	.07098768
522.15	0	.786889	.1349907	.00641773	.07170261
521.15	0	.7871382	.1343676	.0060786	.07241566
520.15	0	.787386	.1337466	.005740513	.07312684
519.15	0	.7876325	.1331278	.00540346	.07383619
518.15	0	.7878777	.1325111	.005067435	.07454371
517.15	0	.7881216	.1318966	.004732428	.07524941
516.15	0	.7883642	.131284	.004398432	.07595333
515.15	0	.7886056	.1306735	.004065441	.07665547
514.15	0	.7888457	.130065	.003733445	.07735585
513.15	0	.7890847	.1294584	.003402438	.07805449
512.15	0	.7893224	.1288538	.003072413	.07875141
511.15	0	.789559	.1282511	.002743363	.07944661
510.15	0	.7897944	.1276502	.002415279	.08014013
509.15	0	.7900287	.1270512	.002088156	.08083196
508.15	0	.7902618	.1264541	.001761987	.08152213
507.15	0	.7904939	.1258587	.001436764	.08221066
506.15	0	.7907249	.1252651	.001112481	.08289756
505.15	0	.7909548	.1246732	7.891308E-04	.08358284
504.15	0	.7911837	.1240831	4.667075E-04	.08426652
503.15	0	.7914116	.1234946	1.452045E-04	.08494861
502.6974	0	.7915144	.1232289	0	.08525679
502.6974	0	.7915144	.1232289	0	.08525679
502.15	0	.7914929	.1231566	0	.08535049
501.15	0	.7914535	.1230257	0	.08552076
500.15	0	.791414	.1228962	0	.08568989
499.15	0	.7913742	.1227679	0	.08585789
498.15	0	.7913342	.122641	0	.08602477
497.15	0	.7912941	.1225153	0	.08619056
496.15	0	.7912538	.1223909	0	.08635526
495.15	0	.7912133	.1222678	0	.08651888
494.15	0	.7911727	.1221459	0	.08668145
493.15	0	.7911319	.1220252	0	.08684298
492.15	0	.7910909	.1219056	0	.08700348
491.15	0	.7910498	.1217873	0	.08716296
490.15	0	.7910085	.1216701	0	.08732144
489.15	0	.790967	.121554	0	.08747894
488.15	0	.7909255	.1214391	0	.08763545
487.15	0	.7908837	.1213253	0	.08779101
486.15	0	.7908419	.1212125	0	.08794562
485.15	0	.7907999	.1211008	0	.0880993
484.15	0	.7907577	.1209902	0	.08825205
483.15	0	.7907155	.1208806	0	.0884039
482.15	0	.7906731	.120772	0	.08855485
481.15	0	.7906306	.1206644	0	.08870492
480.15	0	.790588	.1205579	0	.08885412
479.15	0	.7905453	.1204522	0	.08900247
478.15	0	.7905025	.1203475	0	.08914996
477.15	0	.7904596	.1202438	0	.08929663
476.15	0	.7904165	.120141	0	.08944248
475.15	0	.7903734	.120039	0	.08958752
474.15	0	.7903302	.119938	0	.08973177
473.15	0	.7902869	.1198378	0	.08987523
472.15	0	.7902436	.1197385	0	.09001792
471.15	0	.7902001	.11964	0	.09015985
470.15	0	.7901566	.1195424	0	.09030104
469.15	0	.790113	.1194455	0	.09044149
468.15	0	.7900693	.1193495	0	.09058121
467.15	0	.7900256	.1192542	0	.09072022
466.15	0	.7899818	.1191597	0	.09085852
465.15	0	.789938	.1190659	0	.09099614
464.15	0	.7898941	.1189729	0	.09113307
463.15	0	.7898501	.1188807	0	.09126924
462.15	0	.7898061	.118789	0	.09140484
461.15	0	.7897621	.1186981	0	.0915398
460.15	0	.789718	.1186079	0	.09167411
459.15	0	.7896739	.1185183	0	.09180781
458.15	0	.7896298	.1184293	0	.09194088
457.15	0	.7895856	.118341	0	.09207334
456.15	0	.7895414	.1182534	0	.09220521
455.15	0	.7894972	.1181663	0	.09233649
454.15	0	.789453	.1180798	0	.09246719
453.15	0	.7894088	.1179939	0	.09259733
452.15	0	.7893646	.1179086	0	.0927269
451.15	0	.7893203	.1178238	0	.09285593
450.15	0	.7892761	.1177395	0	.09298441
449.15	0	.7892319	.1176557	0	.0931124
448.15	0	.7891877	.1175724	0	.09323987
447.15	0	.7891436	.1174896	0	.09336684
446.15	0	.7890995	.1174072	0	.09349332
445.15	0	.7890555	.1173253	0	.09361931
444.15	0	.7890114	.1172437	0	.09374483
443.15	0	.7889675	.1171626	0	.09386989
442.15	0	.7889236	.1170819	0	.0939945
441.15	0	.7888798	.1170015	0	.09411867
440.15	0	.7888361	.1169215	0	.09424242
439.15	0	.7887925	.1168418	0	.09436575
438.15	0	.788749	.1167624	0	.09448867
437.15	0	.7887056	.1166832	0	.0946112
436.15	0	.7886623	.1166044	0	.09473334
435.15	0	.7886191	.1165258	0	.09485511
434.15	0	.7885761	.1164474	0	.09497651
433.15	0	.7885332	.1163692	0	.09509754
432.15	0	.7884905	.1162913	0	.09521823
431.15	0	.7884479	.1162135	0	.09533858
430.15	0	.7884055	.1161359	0	.0954586
429.15	0	.7883632	.1160585	0	.09557829
428.15	0	.7883212	.1159812	0	.09569766
427.15	0	.7882793	.115904	0	.09581673
426.15	0	.7882376	.115827	0	.09593549
425.15	0	.788196	.11575	0	.09605396
424.15	0	.7881547	.1156732	0	.09617215
423.15	0	.7881136	.1155964	0	.09629005
422.15	0	.7880727	.1155197	0	.09640768
421.15	0	.788032	.115443	0	.09652505
420.15	0	.7879915	.1153664	0	.09664215
419.15	0	.7879512	.1152898	0	.096759
418.15	0	.7879112	.1152133	0	.0968756
417.15	0	.7878713	.1151367	0	.09699196
416.15	0	.7878318	.1150602	0	.09710809
415.15	0	.7877924	.1149836	0	.09722398
414.15	0	.7877533	.114907	0	.09733965
413.15	0	.7877145	.1148305	0	.0974551
412.15	0	.7876758	.1147538	0	.09757034
411.15	0	.7876375	.1146772	0	.09768536
410.15	0	.7875994	.1146005	0	.09780018
409.15	0	.7875615	.1145237	0	.09791479
408.15	0	.7875239	.1144469	0	.09802921
407.15	0	.7874866	.11437	0	.09814344
406.15	0	.7874496	.114293	0	.09825748
405.15	0	.7874128	.1142159	0	.09837134
404.15	0	.7873762	.1141388	0	.09848501
403.15	0	.78734	.1140615	0	.09859851
402.15	0	.787304	.1139842	0	.09871184
401.15	0	.7872683	.1139067	0	.09882499
400.15	0	.7872329	.1138291	0	.09893799
399.15	0	.7871977	.1137514	0	.09905081
398.15	0	.7871629	.1136736	0	.09916348
397.15	0	.7871283	.1135957	0	.09927599
396.15	0	.787094	.1135176	0	.09938835
395.15	0	.78706	.1134394	0	.09950056
394.15	0	.7870263	.1133611	0	.09961262
393.15	0	.7869929	.1132826	0	.09972453
392.15	0	.7869597	.113204	0	.0998363
391.15	0	.7869269	.1131252	0	.09994793
390.15	0	.7868943	.1130463	0	.1000594
389.15	0	.786862	.1129672	0	.1001708
388.15	0	.7868301	.112888	0	.100282
387.15	0	.7867984	.1128086	0	.1003931
386.15	0	.786767	.112729	0	.100504
385.15	0	.7867359	.1126493	0	.1006149
384.15	0	.7867051	.1125694	0	.1007256
383.15	0	.7866746	.1124893	0	.1008361
382.15	0	.7866443	.1124091	0	.1009466
381.15	0	.7866144	.1123287	0	.1010569
380.15	0	.7865848	.1122481	0	.1011671
379.15	0	.7865554	.1121674	0	.1012772
378.15	0	.7865264	.1120865	0	.1013872
377.15	0	.7864976	.1120054	0	.101497
376.15	0	.7864692	.1119241	0	.1016068
375.15	0	.786441	.1118426	0	.1017164
374.15	0	.7864131	.111761	0	.1018259
373.15	0	.7863855	.1116792	0	.1019353
372.15	0	.7863582	.1115972	0	.1020446
371.15	0	.7863312	.111515	0	.1021537
370.15	0	.7863045	.1114327	0	.1022628
369.15	0	.7862781	.1113502	0	.1023718
368.15	0	.786252	.1112675	0	.1024806
367.15	0	.7862261	.1111846	0	.1025893
366.15	0	.7862005	.1111015	0	.1026979
365.15	0	.7861752	.1110183	0	.1028065
364.15	0	.7861503	.1109349	0	.1029149
363.15	0	.7861255	.1108513	0	.1030232
362.15	0	.7861011	.1107675	0	.1031314
361.15	0	.786077	.1106836	0	.1032395
360.15	0	.7860531	.1105995	0	.1033475
359.15	0	.7860295	.1105152	0	.1034553
358.15	0	.7860062	.1104307	0	.1035631
357.15	0	.7859832	.1103461	0	.1036708
356.15	0	.7859604	.1102613	0	.1037784
355.15	0	.7859379	.1101763	0	.1038858
354.15	0	.7859157	.1100912	0	.1039932
353.15	0	.7858937	.1100058	0	.1041004
352.15	0	.7858721	.1099204	0	.1042076
351.15	0	.7858506	.1098347	0	.1043146
350.15	0	.7858295	.1097489	0	.1044216
349.15	0	.7858086	.109663	0	.1045284
348.15	0	.785788	.1095769	0	.1046351
347.15	0	.7857677	.1094906	0	.1047418
346.15	0	.7857476	.1094042	0	.1048483
345.15	0	.7857277	.1093176	0	.1049547
344.15	0	.7857081	.1092308	0	.105061
343.15	0	.7856888	.109144	0	.1051672
342.15	0	.7856698	.1090569	0	.1052733
341.15	0	.7856509	.1089698	0	.1053793
340.15	0	.7856324	.1088824	0	.1054852
339.15	0	.7856141	.108795	0	.105591
338.15	0	.785596	.1087074	0	.1056967
337.15	0	.7855782	.1086196	0	.1058022
336.15	0	.7855606	.1085317	0	.1059077
335.15	0	.7855432	.1084437	0	.106013
334.15	0	.7855261	.1083556	0	.1061183
333.15	0	.7855093	.1082673	0	.1062234
332.15	0	.7854927	.1081789	0	.1063284
331.15	0	.7854763	.1080904	0	.1064334
330.15	0	.7854601	.1080017	0	.1065382
329.15	0	.7854442	.107913	0	.1066429
328.15	0	.7854285	.1078241	0	.1067475
327.15	0	.785413	.1077351	0	.1068519
326.15	0	.7853978	.1076459	0	.1069563
325.15	0	.7853828	.1075567	0	.1070606
324.15	0	.785368	.1074674	0	.1071647
323.15	0	.7853534	.1073779	0	.1072687
322.15	0	.785339	.1072883	0	.1073726
321.15	0	.7853249	.1071987	0	.1074764
320.15	0	.785311	.1071089	0	.1075801
319.15	0	.7852972	.1070191	0	.1076837
318.15	0	.7852837	.1069291	0	.1077872
317.15	0	.7852704	.1068391	0	.1078905
316.15	0	.7852574	.1067489	0	.1079937
315.15	0	.7852445	.1066587	0	.1080969
314.15	0	.7852318	.1065684	0	.1081998
313.15	0	.7852193	.106478	0	.1083027
312.15	0	.7852071	.1063875	0	.1084055
311.15	0	.785195	.1062969	0	.1085081
310.15	0	.7851831	.1062063	0	.1086106
309.15	0	.7851714	.1061156	0	.108713
308.15	0	.7851599	.1060248	0	.1088153
