T	 BPW(LIQUID)	BPW(BCC_A2)	BPW(FCC_A1)	BPW(LAVES_PHASE_C14)	BPW(NI3TI)
1473.15	.3390065	.635881	0	.02511253	0
1472.15	.3324288	.64019	0	.02738126	0
1471.15	.325972	.6444146	0	.02961342	0
1470.15	.319633	.648557	0	.03181003	0
1469.15	.3134085	.6526194	0	.03397206	0
1468.15	.3072956	.656604	0	.03610045	0
1467.15	.3012912	.6605127	0	.03819611	0
1466.15	.2953927	.6643474	0	.04025992	0
1465.15	.2895972	.6681101	0	.04229271	0
1464.15	.2839021	.6718026	0	.04429531	0
1463.15	.2783048	.6754267	0	.04626851	0
1462.15	.2728029	.678984	0	.04821307	0
1461.15	.267394	.6824763	0	.05012973	0
1460.15	.2620757	.6859051	0	.0520192	0
1459.15	.2568459	.6892719	0	.05388218	0
1458.15	.2517023	.6925784	0	.05571933	0
1457.15	.2466429	.6958258	0	.0575313	0
1456.15	.2416655	.6990157	0	.05931871	0
1455.15	.2367684	.7021495	0	.06108218	0
1454.15	.2319494	.7052283	0	.06282229	0
1453.15	.2272068	.7082536	0	.0645396	0
1452.15	.2225387	.7112266	0	.06623467	0
1451.15	.2179435	.7141484	0	.06790803	0
1450.15	.2134195	.7170203	0	.06956021	0
1449.15	.2089649	.7198434	0	.07119169	0
1448.15	.2045783	.7226187	0	.07280298	0
1447.15	.200258	.7253475	0	.07439453	0
1446.15	.1960026	.7280306	0	.07596682	0
1445.15	.1918106	.7306692	0	.07752027	0
1444.15	.1876805	.7332641	0	.07905534	0
1443.15	.1836111	.7358165	0	.08057242	0
1442.15	.179601	.7383271	0	.08207194	0
1441.15	.1756489	.7407969	0	.08355428	0
1440.15	.1717534	.7432267	0	.08501982	0
1439.15	.1679135	.7456175	0	.08646895	0
1438.15	.1641279	.7479701	0	.08790202	0
1437.15	.1603954	.7502852	0	.08931938	0
1436.15	.156715	.7525637	0	.09072138	0
1435.15	.1530854	.7548062	0	.09210835	0
1434.15	.1495057	.7570137	0	.09348061	0
1433.15	.1459749	.7591867	0	.09483847	0
1432.15	.1424918	.7613259	0	.09618225	0
1431.15	.1390556	.7634322	0	.09751223	0
1430.15	.1356652	.7655061	0	.09882871	0
1429.15	.1323197	.7675483	0	.100132	0
1428.15	.1290183	.7695595	0	.1014223	0
1427.15	.12576	.7715401	0	.1026999	0
1426.15	.1225439	.773491	0	.1039651	0
1425.15	.1193693	.7754125	0	.1052182	0
1424.15	.1162353	.7773054	0	.1064593	0
1423.15	.1131411	.7791702	0	.1076887	0
1422.15	.1100859	.7810074	0	.1089067	0
1421.15	.107069	.7828175	0	.1101135	0
1420.15	.1040896	.7846011	0	.1113093	0
1419.15	.1011471	.7863586	0	.1124943	0
1418.15	.09824061	.7880907	0	.1136687	0
1417.15	.09536957	.7897977	0	.1148328	0
1416.15	.09253328	.7914801	0	.1159867	0
1415.15	.08973107	.7931383	0	.1171306	0
1414.15	.08696232	.794773	0	.1182647	0
1413.15	.0842264	.7963843	0	.1193893	0
1412.15	.08152269	.7979729	0	.1205044	0
1411.15	.07885062	.7995391	0	.1216103	0
1410.15	.07620959	.8010833	0	.1227072	0
1409.15	.07359903	.8026059	0	.1237951	0
1408.15	.07101841	.8041073	0	.1248743	0
1407.15	.06846716	.8055879	0	.125945	0
1406.15	.06594477	.807048	0	.1270072	0
1405.15	.06345072	.8084881	0	.1280612	0
1404.15	.06098451	.8099085	0	.129107	0
1403.15	.05854564	.8113095	0	.1301449	0
1402.15	.05613362	.8126914	0	.131175	0
1401.15	.053748	.8140546	0	.1321974	0
1400.15	.0513883	.8153995	0	.1332122	0
1399.15	.04905407	.8167263	0	.1342196	0
1398.15	.04674488	.8180353	0	.1352198	0
1397.15	.0444603	.8193269	0	.1362128	0
1396.15	.0421999	.8206014	0	.1371987	0
1395.15	.03996327	.821859	0	.1381778	0
1394.15	.03775001	.8231	0	.13915	0
1393.15	.03555972	.8243247	0	.1401156	0
1392.15	.03339201	.8255334	0	.1410746	0
1391.15	.03124651	.8267263	0	.1420272	0
1390.15	.02912285	.8279038	0	.1429734	0
1389.15	.02702066	.829066	0	.1439134	0
1388.15	.02493959	.8302132	0	.1448472	0
1387.15	.0228793	.8313457	0	.145775	0
1386.15	.02083944	.8324637	0	.1466969	0
1385.15	.01881967	.8335674	0	.1476129	0
1384.15	.01681968	.8346571	0	.1485232	0
1383.15	.01483914	.835733	0	.1494278	0
1382.15	.01287774	.8367954	0	.1503269	0
1381.15	.01093518	.8378443	0	.1512205	0
1380.15	.009011143	.8388801	0	.1521088	0
1379.15	.007105348	.8399029	0	.1529917	0
1378.15	.005217501	.8409131	0	.1538694	0
1377.15	.003347322	.8419106	0	.154742	0
1376.15	.00149453	.8428959	0	.1556096	0
1375.337	0	.8436884	0	.1563116	0
1375.337	0	.8436884	0	.1563116	0
1375.15	0	.8435826	0	.1564174	0
1374.15	0	.8430161	0	.1569839	0
1373.15	0	.8424511	0	.157549	0
1372.15	0	.8418873	0	.1581127	0
1371.15	0	.8413248	0	.1586752	0
1370.15	0	.8407637	0	.1592363	0
1369.15	0	.8402039	0	.1597961	0
1368.15	0	.8396454	0	.1603546	0
1367.15	0	.8390882	0	.1609118	0
1366.15	0	.8385323	0	.1614677	0
1365.15	0	.8379777	0	.1620223	0
1364.15	0	.8374244	0	.1625756	0
1363.15	0	.8368724	0	.1631276	0
1362.15	0	.8363217	0	.1636783	0
1361.15	0	.8357722	0	.1642278	0
1360.15	0	.835224	0	.164776	0
1359.15	0	.8346771	0	.1653229	0
1358.15	0	.8341315	0	.1658685	0
1357.15	0	.8335872	0	.1664129	0
1356.15	0	.8330441	0	.166956	0
1355.15	0	.8325022	0	.1674978	0
1354.15	0	.8319616	0	.1680384	0
1353.15	0	.8314223	0	.1685777	0
1352.15	0	.8308842	0	.1691158	0
1351.15	0	.8303473	0	.1696527	0
1350.15	0	.8298117	0	.1701883	0
1349.15	0	.8292773	0	.1707227	0
1348.15	0	.8287442	0	.1712559	0
1347.15	0	.8282122	0	.1717878	0
1346.15	0	.8276815	0	.1723185	0
1345.15	0	.827152	0	.172848	0
1344.15	0	.8266238	0	.1733763	0
1343.15	0	.8260967	0	.1739033	0
1342.15	0	.8255708	0	.1744292	0
1341.15	0	.8250462	0	.1749538	0
1340.15	0	.8245227	0	.1754773	0
1339.15	0	.8240005	0	.1759995	0
1338.15	0	.8234794	0	.1765206	0
1337.15	0	.8229595	0	.1770405	0
1336.15	0	.8224408	0	.1775592	0
1335.15	0	.8219233	0	.1780767	0
1334.15	0	.821407	0	.178593	0
1333.15	0	.8208918	0	.1791082	0
1332.15	0	.8203778	0	.1796222	0
1331.15	0	.819865	0	.180135	0
1330.15	0	.8193533	0	.1806467	0
1329.15	0	.8188429	0	.1811571	0
1328.15	0	.8183335	0	.1816665	0
1327.15	0	.8178253	0	.1821747	0
1326.15	0	.8173183	0	.1826817	0
1325.15	0	.8168124	0	.1831876	0
1324.15	0	.8163076	0	.1836924	0
1323.15	0	.815804	0	.184196	0
1322.15	0	.8153015	0	.1846985	0
1321.15	0	.8148002	0	.1851998	0
1320.15	0	.8143	0	.1857	0
1319.15	0	.8138009	0	.1861991	0
1318.15	0	.8133029	0	.1866971	0
1317.15	0	.8128061	0	.1871939	0
1316.15	0	.8123103	0	.1876897	0
1315.15	0	.8118157	0	.1881843	0
1314.15	0	.8113222	0	.1886778	0
1313.15	0	.8108298	0	.1891702	0
1312.15	0	.8103385	0	.1896615	0
1311.15	0	.8098483	0	.1901517	0
1310.15	0	.8093592	0	.1906408	0
1309.15	0	.8088712	0	.1911288	0
1308.15	0	.8083842	0	.1916158	0
1307.15	0	.8078984	0	.1921016	0
1306.15	0	.8074136	0	.1925864	0
1305.15	0	.80693	0	.19307	0
1304.15	0	.8064474	0	.1935526	0
1303.15	0	.8059658	0	.1940342	0
1302.15	0	.8054854	0	.1945146	0
1301.15	0	.805006	0	.194994	0
1300.15	0	.8045277	0	.1954723	0
1299.15	0	.8040504	0	.1959496	0
1298.15	0	.8035742	0	.1964258	0
1297.15	0	.803099	0	.196901	0
1296.15	0	.8026249	0	.1973751	0
1295.15	0	.8021519	0	.1978481	0
1294.15	0	.8016799	0	.1983201	0
1293.15	0	.8012089	0	.1987911	0
1292.15	0	.800739	0	.199261	0
1291.15	0	.8002701	0	.1997299	0
1290.15	0	.7998023	0	.2001977	0
1289.15	0	.7993355	0	.2006645	0
1288.15	0	.7988697	0	.2011303	0
1287.15	0	.7984049	0	.2015951	0
1286.15	0	.7979412	0	.2020588	0
1285.15	0	.7974784	0	.2025216	0
1284.15	0	.7970167	0	.2029833	0
1283.15	0	.796556	0	.203444	0
1282.15	0	.7960964	0	.2039036	0
1281.15	0	.7956377	0	.2043623	0
1280.15	0	.79518	0	.20482	0
1279.15	0	.7947234	0	.2052767	0
1278.15	0	.7942677	0	.2057323	0
1277.15	0	.793813	0	.206187	0
1276.15	0	.7933593	0	.2066407	0
1275.15	0	.7929067	0	.2070934	0
1274.15	0	.792455	0	.207545	0
1273.15	0	.7920043	0	.2079958	0
1272.15	0	.7915545	0	.2084455	0
1271.15	0	.7911058	0	.2088942	0
1270.15	0	.790658	0	.209342	0
1269.15	0	.7902112	0	.2097888	0
1268.15	0	.7897654	0	.2102346	0
1267.15	0	.7893205	0	.2106795	0
1266.15	0	.7888767	0	.2111233	0
1265.15	0	.7884337	0	.2115663	0
1264.15	0	.7879918	0	.2120082	0
1263.15	0	.7875508	0	.2124492	0
1262.15	0	.7871107	0	.2128893	0
1261.15	0	.7866717	0	.2133284	0
1260.15	0	.7862335	0	.2137665	0
1259.15	0	.7857963	0	.2142037	0
1258.15	0	.7853601	0	.2146399	0
1257.15	0	.7849248	0	.2150752	0
1256.15	0	.7844904	0	.2155096	0
1255.15	0	.784057	0	.215943	0
1254.15	0	.7836245	0	.2163755	0
1253.15	0	.783193	0	.216807	0
1252.15	0	.7827623	0	.2172377	0
1251.15	0	.7823327	0	.2176674	0
1250.15	0	.7819039	0	.2180961	0
1249.15	0	.781476	0	.218524	0
1248.15	0	.7810491	0	.2189509	0
1247.15	0	.7806231	0	.2193769	0
1246.15	0	.780198	0	.219802	0
1245.15	0	.7797739	0	.2202261	0
1244.15	0	.7793506	0	.2206494	0
1243.747	0	.7791801	0	.2208199	0
1243.747	0	.7791801	0	.2208199	0
1243.747	0	.7791801	0	.2208199	0
1243.15	0	.7783636	5.807857E-04	.2210556	0
1242.15	0	.7769977	.001552379	.2214499	0
1241.15	0	.7756354	.002521437	.2218431	0
1240.15	0	.7742768	.003487964	.2222353	0
1239.15	0	.7729217	.004451963	.2226264	0
1238.15	0	.7715702	.005413437	.2230164	0
1237.15	0	.7702222	.006372388	.2234054	0
1236.15	0	.7688779	.007328819	.2237933	0
1235.15	0	.7675371	.008282734	.2241802	0
1234.15	0	.7661999	.009234135	.224566	0
1233.15	0	.7648662	.01018302	.2249508	0
1232.15	0	.7635361	.01112941	.2253345	0
1231.15	0	.7622095	.01207328	.2257172	0
1230.15	0	.7608864	.01301465	.2260989	0
1229.15	0	.7595669	.01395353	.2264796	0
1228.15	0	.7582509	.0148899	.2268592	0
1227.15	0	.7569384	.01582378	.2272378	0
1226.15	0	.7556294	.01675516	.2276154	0
1225.15	0	.7543239	.01768406	.227992	0
1224.15	0	.7530219	.01861046	.2283676	0
1223.15	0	.7517234	.01953438	.2287422	0
1222.15	0	.7504284	.02045582	.2291158	0
1221.15	0	.7491369	.02137478	.2294883	0
1220.15	0	.7478488	.02229125	.2298599	0
1219.15	0	.7465642	.02320525	.2302305	0
1218.15	0	.7452831	.02411678	.2306001	0
1217.15	0	.7440054	.02502583	.2309688	0
1216.15	0	.7427312	.02593241	.2313364	0
1215.15	0	.7414604	.02683652	.2317031	0
1214.15	0	.740193	.02773816	.2320688	0
1213.15	0	.7389291	.02863734	.2324335	0
1212.15	0	.7376686	.02953406	.2327973	0
1211.15	0	.7364116	.03042832	.2331601	0
1210.15	0	.735158	.03132011	.2335219	0
1209.15	0	.7339077	.03220945	.2338828	0
1208.15	0	.7326609	.03309633	.2342428	0
1207.15	0	.7314175	.03398076	.2346017	0
1206.15	0	.7301775	.03486273	.2349598	0
1205.15	0	.7289409	.03574225	.2353169	0
1204.15	0	.7277076	.03661932	.235673	0
1203.15	0	.7264778	.03749395	.2360283	0
1202.15	0	.7252513	.03836612	.2363825	0
1201.15	0	.7240282	.03923585	.2367359	0
1200.15	0	.7228085	.04010314	.2370883	0
1199.15	0	.7215922	.04096798	.2374398	0
1198.15	0	.7203792	.04183039	.2377904	0
1197.15	0	.7191696	.04269035	.2381401	0
1196.15	0	.7179633	.04354787	.2384888	0
1195.15	0	.7167604	.04440295	.2388367	0
1194.15	0	.7155608	.0452556	.2391836	0
1193.15	0	.7143645	.04610581	.2395296	0
1192.15	0	.7131717	.04695358	.2398748	0
1191.15	0	.7119821	.04779892	.240219	0
1190.15	0	.7107959	.04864183	.2405623	0
1189.15	0	.709613	.0494823	.2409047	0
1188.15	0	.7084334	.05032035	.2412463	0
1187.15	0	.7072571	.05115596	.2415869	0
1186.15	0	.7060842	.05198914	.2419267	0
1185.15	0	.7049145	.05281989	.2422656	0
1184.15	0	.7037482	.05364821	.2426036	0
1183.15	0	.7025852	.05447411	.2429407	0
1182.15	0	.7014254	.05529757	.243277	0
1181.15	0	.700269	.05611861	.2436124	0
1180.15	0	.6991159	.05693723	.2439469	0
1179.15	0	.6979661	.05775341	.2442805	0
1178.15	0	.6968195	.05856718	.2446133	0
1177.15	0	.6956762	.05937851	.2449453	0
1176.15	0	.6945363	.06018742	.2452763	0
1175.15	0	.6933996	.06099391	.2456066	0
1174.15	0	.6922661	.06179797	.2459359	0
1173.15	0	.691136	.0625996	.2462644	0
1172.15	0	.6900091	.06339881	.2465921	0
1171.15	0	.6888855	.0641956	.2469189	0
1170.15	0	.6877651	.06498996	.2472449	0
1169.15	0	.686648	.0657819	.24757	0
1168.15	0	.6855342	.06657142	.2478944	0
1167.15	0	.6844237	.06735851	.2482178	0
1166.15	0	.6833163	.06814317	.2485405	0
1165.15	0	.6822123	.06892541	.2488623	0
1164.15	0	.6811115	.06970523	.2491833	0
1163.15	0	.6800139	.07048262	.2495035	0
1162.15	0	.6789196	.07125758	.2498228	0
1161.15	0	.6778286	.07203012	.2501413	0
1160.15	0	.6767407	.07280023	.250459	0
1159.15	0	.6756561	.07356791	.2507759	0
1158.15	0	.6745748	.07433317	.251092	0
1157.15	0	.6734967	.075096	.2514073	0
1156.15	0	.6724218	.0758564	.2517218	0
1155.15	0	.6713502	.07661438	.2520354	0
1154.15	0	.6702817	.07736995	.2523483	0
1153.15	0	.6692166	.07812306	.2526604	0
1152.15	0	.6681546	.07887374	.2529717	0
1151.15	0	.6670959	.07962199	.2532821	0
1150.15	0	.6660404	.08036781	.2535918	0
1149.15	0	.6649881	.08111119	.2539007	0
1148.15	0	.6639391	.08185215	.2542088	0
1147.15	0	.6628932	.08259066	.2545161	0
1146.15	0	.6618506	.08332674	.2548227	0
1145.15	0	.6608112	.08406038	.2551284	0
1144.15	0	.659775	.08479159	.2554334	0
1143.15	0	.6587421	.08552035	.2557376	0
1142.15	0	.6577123	.08624667	.256041	0
1141.15	0	.6566858	.08697055	.2563437	0
1140.15	0	.6556625	.08769199	.2566455	0
1139.15	0	.6546424	.08841099	.2569466	0
1138.15	0	.6536255	.08912754	.257247	0
1137.15	0	.6526118	.08984164	.2575466	0
1136.15	0	.6516013	.0905533	.2578454	0
1135.15	0	.6505941	.0912625	.2581434	0
1134.15	0	.64959	.09196925	.2584408	0
1133.15	0	.6485892	.09267356	.2587373	0
1132.15	0	.6475915	.0933754	.2590331	0
1131.15	0	.6465971	.09407479	.2593281	0
1130.15	0	.6456059	.09477172	.2596224	0
1129.15	0	.6446179	.0954662	.259916	0
1128.15	0	.6436331	.09615821	.2602088	0
1127.15	0	.6426515	.09684776	.2605008	0
1126.15	0	.6416731	.09753484	.2607921	0
1125.15	0	.6406979	.09821946	.2610827	0
1124.15	0	.6397259	.09890161	.2613725	0
1123.15	0	.6387571	.09958128	.2616616	0
1122.15	0	.6377916	.1002585	.2619499	0
1121.15	0	.6368292	.1009332	.2622376	0
1120.15	0	.6358701	.1016055	.2625245	0
1119.15	0	.6349141	.1022752	.2628106	0
1118.15	0	.6339614	.1029425	.2630961	0
1117.15	0	.6330119	.1036074	.2633808	0
1116.15	0	.6320656	.1042697	.2636648	0
1115.15	0	.6311225	.1049295	.263948	0
1114.15	0	.6301826	.1055869	.2642306	0
1113.15	0	.6292459	.1062417	.2645124	0
1112.15	0	.6283125	.1068941	.2647935	0
1111.15	0	.6273822	.1075439	.2650739	0
1110.15	0	.6264552	.1081913	.2653535	0
1109.15	0	.6255314	.1088362	.2656325	0
1108.15	0	.6246107	.1094785	.2659108	0
1107.15	0	.6236934	.1101183	.2661883	0
1106.15	0	.6227792	.1107557	.2664651	0
1105.15	0	.6218683	.1113905	.2667413	0
1104.15	0	.6209605	.1120228	.2670167	0
1103.15	0	.620056	.1126526	.2672914	0
1102.15	0	.6191548	.1132799	.2675654	0
1101.15	0	.6182567	.1139046	.2678387	0
1100.15	0	.6173619	.1145268	.2681113	0
1099.15	0	.6164703	.1151465	.2683833	0
1098.15	0	.6155819	.1157636	.2686545	0
1097.15	0	.6146968	.1163782	.268925	0
1096.15	0	.6138149	.1169903	.2691948	0
1095.15	0	.6129362	.1175998	.269464	0
1094.15	0	.6120608	.1182068	.2697324	0
1093.15	0	.6111886	.1188112	.2700002	0
1092.15	0	.6103196	.1194131	.2702673	0
1091.15	0	.6094539	.1200124	.2705337	0
1090.15	0	.6085914	.1206092	.2707994	0
1089.15	0	.6077322	.1212034	.2710644	0
1088.15	0	.6068762	.121795	.2713287	0
1087.15	0	.6060235	.1223841	.2715924	0
1086.15	0	.6051741	.1229706	.2718553	0
1085.15	0	.6043278	.1235545	.2721176	0
1084.15	0	.6034849	.1241359	.2723793	0
1083.15	0	.6026452	.1247146	.2726402	0
1082.15	0	.6018088	.1252908	.2729005	0
1081.15	0	.6009756	.1258644	.2731601	0
1080.15	0	.6001457	.1264353	.273419	0
1079.15	0	.5993191	.1270037	.2736772	0
1078.15	0	.5984957	.1275695	.2739348	0
1077.15	0	.5976756	.1281327	.2741917	0
1076.15	0	.5968588	.1286932	.2744479	0
1075.15	0	.5960453	.1292512	.2747035	0
1074.15	0	.5952351	.1298065	.2749584	0
1073.15	0	.5944282	.1303592	.2752126	0
1072.15	0	.5936245	.1309093	.2754662	0
1071.15	0	.5928241	.1314568	.2757191	0
1070.15	0	.5920271	.1320016	.2759713	0
1069.15	0	.5912333	.1325438	.2762229	0
1068.15	0	.5904429	.1330834	.2764738	0
1067.15	0	.5896557	.1336203	.276724	0
1066.15	0	.5888719	.1341545	.2769736	0
1065.15	0	.5880913	.1346861	.2772225	0
1064.15	0	.5873141	.1352151	.2774708	0
1063.15	0	.5865402	.1357414	.2777184	0
1062.15	0	.5857697	.136265	.2779654	0
1061.15	0	.5850024	.1367859	.2782117	0
1060.15	0	.5842385	.1373042	.2784573	0
1059.15	0	.5834779	.1378198	.2787023	0
1058.15	0	.5827207	.1383327	.2789466	0
1057.15	0	.5819668	.1388429	.2791903	0
1056.15	0	.5812163	.1393504	.2794333	0
1055.15	0	.580469	.1398553	.2796757	0
1054.15	0	.5797252	.1403574	.2799174	0
1053.15	0	.5789847	.1408569	.2801584	0
1052.15	0	.5782476	.1413536	.2803988	0
1051.15	0	.5775138	.1418476	.2806386	0
1050.15	0	.5767834	.1423389	.2808777	0
1049.15	0	.5760564	.1428274	.2811162	0
1048.15	0	.5753328	.1433133	.281354	0
1047.15	0	.5746125	.1437964	.2815911	0
1046.15	0	.5738956	.1442768	.2818276	0
1045.15	0	.5731821	.1447544	.2820635	0
1044.15	0	.572472	.1452293	.2822987	0
1043.15	0	.5717653	.1457014	.2825332	0
1042.15	0	.571062	.1461708	.2827672	0
1041.15	0	.5703622	.1466374	.2830004	0
1040.15	0	.5696657	.1471013	.283233	0
1039.15	0	.5689726	.1475624	.283465	0
1038.15	0	.568283	.1480207	.2836963	0
1037.15	0	.5675968	.1484763	.283927	0
1036.15	0	.566914	.148929	.284157	0
1035.15	0	.5662347	.149379	.2843864	0
1034.15	0	.5655587	.1498262	.2846151	0
1033.15	0	.5648863	.1502706	.2848432	0
1032.15	0	.5642172	.1507122	.2850706	0
1031.15	0	.5635517	.151151	.2852974	0
1030.15	0	.5628896	.1515869	.2855235	0
1029.15	0	.5622309	.1520201	.285749	0
1028.15	0	.5615757	.1524505	.2859738	0
1027.15	0	.560924	.152878	.286198	0
1026.15	0	.5602758	.1533027	.2864215	0
1025.15	0	.559631	.1537246	.2866444	0
1024.15	0	.5589897	.1541436	.2868666	0
1023.15	0	.5583519	.1545598	.2870882	0
1022.15	0	.5577176	.1549732	.2873092	0
1021.15	0	.5570869	.1553837	.2875295	0
1020.15	0	.5564596	.1557914	.2877491	0
1019.15	0	.5558358	.1561962	.2879681	0
1018.15	0	.5552155	.1565981	.2881864	0
1017.15	0	.5545987	.1569972	.2884041	0
1016.15	0	.5539855	.1573934	.2886211	0
1015.15	0	.5533758	.1577868	.2888374	0
1014.15	0	.5527696	.1581772	.2890532	0
1013.15	0	.552167	.1585648	.2892682	0
1012.15	0	.5515679	.1589495	.2894826	0
1011.15	0	.5509723	.1593313	.2896964	0
1010.15	0	.5503803	.1597102	.2899094	0
1009.15	0	.5497919	.1600862	.2901219	0
1008.15	0	.549207	.1604594	.2903336	0
1007.15	0	.5486257	.1608296	.2905447	0
1006.15	0	.5480479	.1611969	.2907552	0
1005.15	0	.5474737	.1615613	.2909649	0
1004.15	0	.5469031	.1619228	.2911741	0
1003.15	0	.5463361	.1622814	.2913825	0
1002.15	0	.5457726	.1626371	.2915903	0
1001.15	0	.5452128	.1629898	.2917974	0
1000.15	0	.5446565	.1633396	.2920039	0
999.15	0	.5441039	.1636865	.2922096	0
998.15	0	.5435548	.1640305	.2924147	0
997.15	0	.5430094	.1643715	.2926192	0
996.15	0	.5424675	.1647096	.2928229	0
995.15	0	.5419293	.1650447	.293026	0
994.15	0	.5413947	.1653769	.2932284	0
993.15	0	.5408637	.1657062	.2934301	0
992.15	0	.5403363	.1660325	.2936312	0
991.15	0	.5398126	.1663559	.2938315	0
990.15	0	.5392925	.1666763	.2940312	0
989.15	0	.538776	.1669938	.2942302	0
988.15	0	.5382632	.1673083	.2944285	0
987.15	0	.537754	.1676199	.2946261	0
986.15	0	.5372485	.1679285	.294823	0
985.15	0	.5367466	.1682341	.2950193	0
984.15	0	.5362484	.1685368	.2952148	0
983.15	0	.5357538	.1688366	.2954096	0
982.15	0	.5352629	.1691334	.2956037	0
981.15	0	.5347756	.1694272	.2957972	0
980.15	0	.534292	.1697181	.2959899	0
979.15	0	.5338121	.170006	.2961819	0
978.15	0	.5333358	.170291	.2963732	0
977.15	0	.5328632	.170573	.2965638	0
976.15	0	.5323943	.170852	.2967537	0
975.15	0	.531929	.1711281	.2969429	0
974.15	0	.5314674	.1714013	.2971313	0
973.15	0	.5310095	.1716715	.297319	0
972.15	0	.5305553	.1719387	.297506	0
971.15	0	.5301047	.172203	.2976923	0
970.15	0	.5296578	.1724644	.2978778	0
969.15	0	.5292146	.1727228	.2980626	0
968.15	0	.5287751	.1729782	.2982466	0
967.15	0	.5283393	.1732308	.2984299	0
966.15	0	.5279071	.1734804	.2986125	0
965.15	0	.5274786	.1737271	.2987943	0
964.15	0	.5270538	.1739708	.2989754	0
963.15	0	.5266327	.1742116	.2991557	0
962.15	0	.5262152	.1744495	.2993353	0
961.15	0	.5258014	.1746845	.2995141	0
960.15	0	.5253913	.1749166	.2996921	0
959.15	0	.5249848	.1751458	.2998694	0
958.15	0	.524582	.1753721	.3000459	0
957.15	0	.5241829	.1755956	.3002216	0
956.15	0	.5237874	.1758161	.3003965	0
955.15	0	.5233956	.1760338	.3005706	0
954.15	0	.5230075	.1762486	.3007439	0
953.15	0	.522623	.1764605	.3009165	0
952.15	0	.5222421	.1766696	.3010883	0
951.15	0	.5218649	.1768759	.3012592	0
950.15	0	.5214913	.1770794	.3014293	0
949.15	0	.5211214	.17728	.3015986	0
948.15	0	.520755	.1774778	.3017671	0
947.15	0	.5203923	.1776729	.3019348	0
946.15	0	.5200332	.1778651	.3021017	0
945.15	0	.5196777	.1780546	.3022677	0
944.15	0	.5193258	.1782413	.3024328	0
943.15	0	.5189775	.1784253	.3025972	0
942.15	0	.5186328	.1786066	.3027606	0
941.15	0	.5182916	.1787852	.3029233	0
940.15	0	.517954	.178961	.303085	0
939.15	0	.5176199	.1791342	.3032459	0
938.15	0	.5172894	.1793047	.3034059	0
937.15	0	.5169624	.1794726	.303565	0
936.15	0	.5166389	.1796379	.3037233	0
935.15	0	.5163189	.1798005	.3038806	0
934.15	0	.5160024	.1799606	.304037	0
933.15	0	.5156894	.1801181	.3041926	0
932.15	0	.5153798	.180273	.3043472	0
931.15	0	.5150737	.1804255	.3045009	0
930.15	0	.514771	.1805754	.3046536	0
929.15	0	.5144717	.1807229	.3048055	0
928.15	0	.5141758	.1808679	.3049563	0
927.15	0	.5138832	.1810105	.3051063	0
926.15	0	.513594	.1811507	.3052552	0
925.15	0	.5133082	.1812886	.3054032	0
924.15	0	.5130257	.1814241	.3055502	0
923.15	0	.5127464	.1815573	.3056963	0
922.15	0	.5124705	.1816882	.3058413	0
921.15	0	.5121978	.1818169	.3059854	0
920.15	0	.5119283	.1819434	.3061284	0
919.15	0	.511662	.1820677	.3062704	0
918.15	0	.5113988	.1821898	.3064113	0
917.15	0	.5111388	.1823099	.3065513	0
916.15	0	.510882	.1824279	.3066901	0
915.15	0	.5106282	.1825439	.306828	0
914.15	0	.5103774	.1826579	.3069647	0
913.15	0	.5101297	.18277	.3071003	0
912.15	0	.509885	.1828801	.3072349	0
911.15	0	.5096432	.1829884	.3073684	0
910.15	0	.5094043	.183095	.3075007	0
909.15	0	.5091684	.1831997	.3076319	0
908.15	0	.5089352	.1833028	.307762	0
907.15	0	.5087049	.1834042	.3078909	0
906.15	0	.5084773	.183504	.3080187	0
905.15	0	.5082525	.1836022	.3081453	0
904.15	0	.5080303	.183699	.3082706	0
903.15	0	.5078108	.1837944	.3083948	0
902.15	0	.5075939	.1838884	.3085178	0
901.15	0	.5073794	.183981	.3086395	0
900.15	0	.5071675	.1840725	.30876	0
899.15	0	.506958	.1841628	.3088792	0
898.15	0	.5067509	.1842519	.3089972	0
897.15	0	.5065461	.1843401	.3091138	0
896.15	0	.5063436	.1844272	.3092292	0
895.15	0	.5061433	.1845135	.3093432	0
894.15	0	.5059451	.184599	.3094559	0
893.15	0	.505749	.1846838	.3095672	0
892.15	0	.505555	.1847679	.3096771	0
891.15	0	.5053629	.1848515	.3097856	0
890.15	0	.5051726	.1849347	.3098927	0
889.15	0	.5049842	.1850174	.3099984	0
888.15	0	.5047975	.1850999	.3101026	0
887.15	0	.5046124	.1851822	.3102054	0
886.15	0	.5044289	.1852645	.3103066	0
885.15	0	.5042469	.1853467	.3104064	0
884.15	0	.5040663	.1854292	.3105045	0
883.15	0	.503887	.1855119	.3106011	0
882.15	0	.5037089	.1855949	.3106961	0
881.15	0	.503532	.1856785	.3107895	0
880.15	0	.503356	.1857627	.3108813	0
879.15	0	.503181	.1858476	.3109714	0
878.15	0	.5030068	.1859335	.3110597	0
877.15	0	.5028333	.1860204	.3111464	0
876.15	0	.5026603	.1861084	.3112313	0
875.15	0	.5024878	.1861978	.3113144	0
874.15	0	.5023157	.1862887	.3113957	0
873.15	0	.5021437	.1863812	.3114751	0
872.15	0	.5019719	.1864755	.3115526	0
871.15	0	.5017999	.1865719	.3116282	0
870.15	0	.5016278	.1866704	.3117018	0
869.15	0	.5014552	.1867713	.3117735	0
868.15	0	.5012822	.1868748	.311843	0
867.15	0	.5011084	.1869811	.3119105	0
866.15	0	.5009338	.1870904	.3119759	0
865.15	0	.5007581	.1872029	.312039	0
864.15	0	.5005812	.1873188	.3120999	0
863.15	0	.5004029	.1874386	.3121586	0
862.15	0	.5002229	.1875622	.3122149	0
861.15	0	.500041	.1876902	.3122688	0
860.15	0	.4998571	.1878227	.3123202	0
859.15	0	.4996708	.1879601	.3123691	0
858.15	0	.499482	.1881026	.3124154	0
857.15	0	.4992902	.1882507	.3124591	0
856.15	0	.4990954	.1884046	.3125	0
855.15	0	.4988971	.1885648	.3125381	0
854.15	0	.4986951	.1887316	.3125733	0
853.15	0	.4984889	.1889055	.3126055	0
852.15	0	.4982784	.189087	.3126346	0
851.15	0	.498063	.1892765	.3126606	0
850.15	0	.4978424	.1894745	.3126832	0
849.15	0	.4976161	.1896815	.3127024	0
848.15	0	.4973837	.1898983	.312718	0
847.15	0	.4971447	.1901253	.31273	0
846.15	0	.4968985	.1903634	.3127381	0
845.15	0	.4966446	.1906131	.3127423	0
844.15	0	.4960992	.1912111	.3126897	0
843.15	0	.4955011	.1918763	.3126227	0
842.15	0	.494944	.1924973	.3125586	0
841.15	0	.4944251	.1930774	.3124974	0
840.15	0	.4939418	.1936195	.3124387	0
839.15	0	.4934915	.1941262	.3123823	0
838.15	0	.493072	.1946	.312328	0
837.15	0	.4926813	.195043	.3122756	0
836.15	0	.4923176	.1954574	.312225	0
835.15	0	.491979	.1958449	.3121761	0
834.15	0	.491664	.1962073	.3121287	0
833.15	0	.4913711	.1965463	.3120826	0
832.15	0	.491099	.1968631	.3120379	0
831.15	0	.4908463	.1971593	.3119944	0
830.15	0	.490612	.1974361	.3119519	0
829.15	0	.4903948	.1976947	.3119105	0
828.15	0	.4901939	.1979361	.31187	0
827.15	0	.4900081	.1981615	.3118304	0
826.15	0	.4898367	.1983717	.3117916	0
825.15	0	.4896787	.1985676	.3117536	0
824.15	0	.4895335	.1987502	.3117163	0
823.15	0	.4894002	.1989202	.3116796	0
822.15	0	.4892782	.1990783	.3116436	0
821.15	0	.4891668	.1992252	.3116081	0
820.15	0	.4890654	.1993615	.3115731	0
819.15	0	.4889734	.199488	.3115386	0
818.15	0	.4888903	.1996051	.3115046	0
817.15	0	.4888156	.1997134	.311471	0
816.15	0	.4887488	.1998134	.3114378	0
815.15	0	.4886894	.1999057	.3114049	0
814.15	0	.488637	.1999906	.3113724	0
813.15	0	.4885912	.2000685	.3113403	0
812.15	0	.4885516	.20014	.3113084	0
811.15	0	.4885179	.2002053	.3112768	0
810.15	0	.4884897	.2002649	.3112454	0
809.15	0	.4884666	.2003191	.3112143	0
808.15	0	.4884484	.2003682	.3111834	0
807.15	0	.4884348	.2004125	.3111527	0
806.15	0	.4884255	.2004523	.3111222	0
805.15	0	.4884203	.2004878	.3110919	0
804.15	0	.4884188	.2005195	.3110617	0
803.15	0	.4884209	.2005474	.3110317	0
802.15	0	.4884263	.2005718	.3110019	0
801.15	0	.4884349	.200593	.3109721	0
800.15	0	.4884464	.2006111	.3109425	0
799.15	0	.4884606	.2006264	.310913	0
798.15	0	.4884774	.200639	.3108836	0
797.15	0	.4884965	.2006491	.3108543	0
796.15	0	.4885179	.200657	.3108251	0
795.15	0	.4885414	.2006626	.310796	0
794.15	0	.4885668	.2006663	.3107669	0
793.15	0	.488594	.2006681	.3107379	0
792.15	0	.4886228	.2006682	.3107089	0
791.15	0	.4886532	.2006667	.31068	0
790.15	0	.488685	.2006638	.3106512	0
789.15	0	.4887181	.2006595	.3106224	0
788.15	0	.4887524	.200654	.3105936	0
787.15	0	.4887878	.2006473	.3105649	0
786.15	0	.4888243	.2006396	.3105362	0
785.15	0	.4888616	.2006309	.3105075	0
784.15	0	.4888998	.2006214	.3104788	0
783.15	0	.4889387	.2006111	.3104502	0
782.15	0	.4889783	.2006002	.3104216	0
781.15	0	.4890184	.2005886	.3103929	0
780.15	0	.4890592	.2005765	.3103643	0
779.15	0	.4891003	.2005639	.3103357	0
778.15	0	.4891419	.200551	.3103071	0
777.15	0	.4891839	.2005376	.3102785	0
776.15	0	.4892261	.200524	.3102499	0
775.15	0	.4892686	.2005102	.3102213	0
774.15	0	.4893112	.2004961	.3101926	0
773.15	0	.489354	.200482	.310164	0
772.15	0	.4893969	.2004677	.3101353	0
771.15	0	.4894399	.2004534	.3101067	0
770.15	0	.4894829	.2004392	.310078	0
769.15	0	.4895258	.2004249	.3100493	0
768.15	0	.4895687	.2004107	.3100206	0
767.15	0	.4896115	.2003967	.3099918	0
766.15	0	.4896542	.2003827	.3099631	0
765.15	0	.4896968	.200369	.3099343	0
764.15	0	.4897391	.2003554	.3099055	0
763.15	0	.4897813	.2003421	.3098766	0
762.15	0	.4898232	.200329	.3098477	0
761.15	0	.4898649	.2003162	.3098188	0
760.15	0	.4899063	.2003038	.3097899	0
759.15	0	.4899474	.2002916	.309761	0
758.15	0	.4899882	.2002798	.309732	0
757.15	0	.4900287	.2002683	.309703	0
756.15	0	.4900688	.2002573	.3096739	0
755.15	0	.4901086	.2002466	.3096448	0
754.15	0	.490148	.2002363	.3096157	0
753.15	0	.490187	.2002265	.3095866	0
752.15	0	.4902255	.2002171	.3095574	0
751.15	0	.4902637	.2002082	.3095281	0
750.15	0	.4903015	.2001997	.3094989	0
749.15	0	.4903388	.2001917	.3094696	0
748.15	0	.4903756	.2001842	.3094402	0
747.15	0	.490412	.2001771	.3094109	0
746.15	0	.4904479	.2001706	.3093815	0
745.15	0	.4904834	.2001646	.309352	0
744.15	0	.4905184	.2001591	.3093225	0
743.15	0	.4905529	.2001542	.309293	0
742.15	0	.4905869	.2001497	.3092634	0
741.15	0	.4906204	.2001458	.3092338	0
740.15	0	.4906534	.2001425	.3092042	0
739.15	0	.4906859	.2001396	.3091745	0
738.15	0	.4907179	.2001374	.3091448	0
737.15	0	.4907513	.2001343	.3091145	0
736.15	0	.4907821	.2001332	.3090847	0
735.15	0	.4908124	.2001327	.3090549	0
734.15	0	.4908422	.2001328	.3090251	0
733.15	0	.4908715	.2001334	.3089952	0
732.15	0	.4909002	.2001345	.3089652	0
731.15	0	.4909285	.2001363	.3089352	0
730.15	0	.4909562	.2001385	.3089052	0
729.15	0	.4909835	.2001414	.3088751	0
728.15	0	.4910102	.2001448	.3088451	0
727.15	0	.4910364	.2001487	.3088149	0
726.15	0	.4910621	.2001532	.3087847	0
725.15	0	.4910872	.2001583	.3087545	0
724.15	0	.4911118	.200164	.3087242	0
723.15	0	.491136	.2001701	.3086939	0
722.15	0	.4911596	.2001769	.3086636	0
721.15	0	.4911827	.2001842	.3086332	0
720.15	0	.4912052	.2001921	.3086027	0
719.15	0	.4912273	.2002005	.3085722	0
718.15	0	.4912489	.2002094	.3085417	0
717.15	0	.4912699	.2002189	.3085112	0
716.15	0	.4912904	.200229	.3084806	0
715.15	0	.4913105	.2002396	.30845	0
714.15	0	.49133	.2002507	.3084193	0
713.15	0	.491349	.2002624	.3083886	0
712.15	0	.4913675	.2002746	.3083578	0
711.15	0	.4913856	.2002874	.308327	0
710.15	0	.4914031	.2003007	.3082962	0
709.15	0	.4914202	.2003145	.3082654	0
708.15	0	.4914367	.2003288	.3082345	0
707.15	0	.4914528	.2003437	.3082035	0
706.15	0	.4914684	.2003591	.3081726	0
705.15	0	.4914835	.200375	.3081416	0
704.15	0	.4914981	.2003913	.3081105	0
703.15	0	.4915123	.2004083	.3080795	0
702.15	0	.491526	.2004257	.3080484	0
701.15	0	.4915392	.2004436	.3080172	0
700.15	0	.4915519	.200462	.307986	0
699.15	0	.4915642	.2004809	.3079548	0
698.15	0	.4915761	.2005003	.3079236	0
697.15	0	.4915875	.2005202	.3078923	0
696.15	0	.4915984	.2005406	.307861	0
695.15	0	.4916089	.2005614	.3078297	0
694.15	0	.4916189	.2005828	.3077983	0
693.15	0	.4916285	.2006046	.3077669	0
692.15	0	.4916377	.2006268	.3077355	0
691.15	0	.4916465	.2006495	.307704	0
690.15	0	.4916548	.2006727	.3076725	0
689.15	0	.4916626	.2006964	.307641	0
688.15	0	.4916701	.2007204	.3076094	0
687.15	0	.4916772	.200745	.3075779	0
686.15	0	.4916838	.20077	.3075463	0
685.15	0	.49169	.2007954	.3075146	0
684.15	0	.4916958	.2008212	.307483	0
683.15	0	.4917012	.2008475	.3074513	0
682.15	0	.4917062	.2008742	.3074196	0
681.15	0	.4917108	.2009014	.3073878	0
680.15	0	.4917151	.2009289	.3073561	0
679.15	0	.4917189	.2009569	.3073243	0
678.15	0	.4917223	.2009852	.3072925	0
677.15	0	.4917254	.201014	.3072606	0
676.15	0	.4917281	.2010432	.3072287	0
675.15	0	.4917304	.2010728	.3071969	0
674.15	0	.4917323	.2011027	.307165	0
673.15	0	.4917339	.2011331	.307133	0
672.15	0	.4917351	.2011638	.3071011	0
671.15	0	.4917359	.201195	.3070691	0
670.15	0	.4917364	.2012265	.3070371	0
669.15	0	.4917365	.2012583	.3070051	0
668.15	0	.4917363	.2012906	.3069731	0
667.15	0	.4917358	.2013232	.306941	0
666.15	0	.4917349	.2013562	.306909	0
665.15	0	.4917336	.2013895	.3068769	0
664.15	0	.4917321	.2014232	.3068448	0
663.15	0	.4917302	.2014572	.3068126	0
662.15	0	.4917279	.2014916	.3067805	0
661.15	0	.4917254	.2015263	.3067484	0
660.15	0	.4917225	.2015613	.3067162	0
659.15	0	.4917193	.2015967	.306684	0
658.15	0	.4917158	.2016324	.3066518	0
657.15	0	.491712	.2016685	.3066196	0
656.15	0	.4917078	.2017048	.3065874	0
655.15	0	.4917034	.2017415	.3065551	0
654.15	0	.4916986	.2017785	.3065229	0
653.15	0	.4916936	.2018158	.3064906	0
652.15	0	.4916883	.2018534	.3064583	0
651.15	0	.4916826	.2018913	.306426	0
650.15	0	.4916767	.2019295	.3063937	0
649.15	0	.4916705	.201968	.3063614	0
648.15	0	.4916641	.2020068	.3063291	0
647.15	0	.4916573	.2020459	.3062968	0
646.15	0	.4916503	.2020853	.3062644	0
645.15	0	.491643	.2021249	.3062321	0
644.15	0	.4916354	.2021649	.3061997	0
643.15	0	.4916276	.2022051	.3061674	0
642.15	0	.4916194	.2022455	.306135	0
641.15	0	.4916111	.2022863	.3061027	0
640.15	0	.4916025	.2023273	.3060703	0
639.15	0	.4915936	.2023685	.3060379	0
638.15	0	.4915845	.20241	.3060055	0
637.15	0	.4915751	.2024518	.3059731	0
636.15	0	.4915655	.2024938	.3059407	0
635.15	0	.4915556	.2025361	.3059083	0
634.15	0	.4915455	.2025786	.305876	0
633.15	0	.4915352	.2026213	.3058436	0
632.15	0	.4915246	.2026643	.3058112	0
631.15	0	.4915138	.2027075	.3057787	0
630.15	0	.4915028	.2027509	.3057464	0
629.15	0	.4914915	.2027946	.305714	0
628.15	0	.49148	.2028384	.3056816	0
627.15	0	.4914683	.2028825	.3056492	0
626.15	0	.4914564	.2029268	.3056168	0
625.15	0	.4914443	.2029714	.3055844	0
624.15	0	.4914319	.2030161	.305552	0
623.15	0	.4914194	.203061	.3055196	0
622.15	0	.4914066	.2031062	.3054872	0
621.15	0	.4913936	.2031515	.3054549	0
620.15	0	.4913805	.203197	.3054225	0
619.15	0	.4913671	.2032428	.3053901	0
618.15	0	.4913536	.2032887	.3053577	0
617.15	0	.4913398	.2033348	.3053254	0
616.15	0	.4913258	.2033811	.3052931	0
615.15	0	.4913117	.2034276	.3052607	0
614.15	0	.4912974	.2034742	.3052284	0
613.15	0	.4912829	.203521	.3051961	0
612.15	0	.4912682	.203568	.3051638	0
611.15	0	.4912533	.2036152	.3051315	0
610.15	0	.4912383	.2036625	.3050992	0
609.15	0	.491223	.20371	.3050669	0
608.15	0	.4912077	.2037577	.3050347	0
607.15	0	.4911921	.2038055	.3050024	0
606.15	0	.4911764	.2038535	.3049702	0
605.15	0	.4911605	.2039016	.3049379	0
604.15	0	.4911444	.2039499	.3049057	0
603.15	0	.4911282	.2039983	.3048735	0
602.15	0	.4911118	.2040468	.3048414	0
601.15	0	.4910953	.2040955	.3048092	0
600.15	0	.4910786	.2041444	.304777	0
599.15	0	.4910618	.2041933	.3047449	0
598.15	0	.4910448	.2042425	.3047128	0
597.15	0	.4910276	.2042917	.3046807	0
596.15	0	.4910103	.204341	.3046486	0
595.15	0	.4909929	.2043905	.3046166	0
594.15	0	.4909753	.2044402	.3045845	0
593.15	0	.4909576	.2044899	.3045525	0
592.15	0	.4909398	.2045397	.3045205	0
591.15	0	.4909218	.2045897	.3044885	0
590.15	0	.4909037	.2046398	.3044566	0
589.15	0	.4908854	.2046899	.3044246	0
588.15	0	.490867	.2047402	.3043927	0
587.15	0	.4908485	.2047906	.3043608	0
586.15	0	.4908299	.2048411	.304329	0
585.15	0	.4908112	.2048917	.3042971	0
584.15	0	.4907923	.2049424	.3042653	0
583.15	0	.4907733	.2049932	.3042335	0
582.15	0	.4907542	.2050441	.3042018	0
581.15	0	.4907349	.205095	.30417	0
580.15	0	.4907156	.2051461	.3041383	0
579.15	0	.4906961	.2051972	.3041067	0
578.15	0	.4906765	.2052484	.304075	0
577.15	0	.4906569	.2052998	.3040434	0
576.15	0	.4906371	.2053511	.3040118	0
575.15	0	.4906172	.2054026	.3039802	0
574.15	0	.4905972	.2054541	.3039487	0
573.15	0	.4905771	.2055057	.3039172	0
572.15	0	.4905569	.2055574	.3038857	0
571.15	0	.4905366	.2056091	.3038543	0
570.15	0	.4905162	.2056609	.3038229	0
569.15	0	.4904957	.2057128	.3037915	0
568.15	0	.4904751	.2057647	.3037602	0
567.15	0	.4904545	.2058167	.3037289	0
566.15	0	.4904337	.2058687	.3036976	0
565.15	0	.4904129	.2059208	.3036664	0
564.15	0	.4903919	.2059729	.3036352	0
563.15	0	.4903709	.2060251	.303604	0
562.15	0	.4903498	.2060774	.3035729	0
561.15	0	.4903286	.2061296	.3035418	0
560.15	0	.4903073	.206182	.3035107	0
559.15	0	.490286	.2062343	.3034797	0
558.15	0	.4902645	.2062867	.3034488	0
557.15	0	.490243	.2063392	.3034178	0
556.15	0	.4902214	.2063916	.3033869	0
555.15	0	.4901998	.2064441	.3033561	0
554.15	0	.4901781	.2064967	.3033253	0
553.15	0	.4901563	.2065492	.3032945	0
552.15	0	.4901344	.2066018	.3032638	0
551.15	0	.4901125	.2066544	.3032331	0
550.15	0	.4900905	.2067071	.3032025	0
549.15	0	.4900684	.2067597	.3031719	0
548.15	0	.4900463	.2068124	.3031413	0
547.15	0	.4900241	.2068651	.3031108	0
546.15	0	.4900018	.2069178	.3030804	0
545.15	0	.4899795	.2069705	.3030499	0
544.15	0	.4899572	.2070233	.3030196	0
543.15	0	.4899347	.207076	.3029893	0
542.15	0	.4899123	.2071288	.302959	0
541.15	0	.4898897	.2071815	.3029288	0
540.15	0	.4898671	.2072343	.3028986	0
539.15	0	.4898445	.207287	.3028685	0
538.15	0	.4898218	.2073398	.3028384	0
537.15	0	.4897991	.2073925	.3028084	0
536.15	0	.4897763	.2074453	.3027784	0
535.15	0	.4897535	.2074981	.3027485	0
534.15	0	.4897306	.2075508	.3027186	0
533.15	0	.4897077	.2076035	.3026888	0
532.15	0	.4896847	.2076562	.302659	0
531.15	0	.4896617	.207709	.3026293	0
530.15	0	.4896387	.2077617	.3025997	0
529.15	0	.4896156	.2078143	.3025701	0
528.15	0	.4895925	.207867	.3025405	0
527.15	0	.4895694	.2079196	.302511	0
526.15	0	.4895462	.2079723	.3024816	0
525.15	0	.4895229	.2080249	.3024522	0
524.15	0	.4894997	.2080774	.3024229	0
523.15	0	.4894764	.20813	.3023936	0
522.15	0	.4894531	.2081825	.3023644	0
521.15	0	.4894297	.208235	.3023353	0
520.15	0	.4894064	.2082875	.3023062	0
519.15	0	.489383	.2083399	.3022772	0
518.15	0	.4893595	.2083923	.3022482	0
517.15	0	.4893361	.2084447	.3022193	0
516.15	0	.4893126	.208497	.3021904	0
515.15	0	.4892891	.2085493	.3021616	0
514.15	0	.4892656	.2086015	.3021329	0
513.15	0	.489242	.2086537	.3021043	0
512.15	0	.4892185	.2087059	.3020757	0
511.15	0	.4891949	.208758	.3020471	0
510.15	0	.4891713	.2088101	.3020187	0
509.15	0	.4891476	.2088621	.3019903	0
508.15	0	.489124	.2089141	.3019619	0
507.15	0	.4891004	.208966	.3019336	0
506.15	0	.4890767	.2090179	.3019054	0
505.15	0	.489053	.2090697	.3018773	0
504.15	0	.4890293	.2091215	.3018492	0
503.15	0	.4890056	.2091732	.3018212	0
502.15	0	.4889819	.2092248	.3017933	0
501.15	0	.4889582	.2092764	.3017654	0
500.15	0	.4889345	.2093279	.3017376	0
499.15	0	.4889107	.2093794	.3017099	0
498.15	0	.488887	.2094308	.3016822	0
497.15	0	.4888632	.2094822	.3016546	0
496.15	0	.4888395	.2095334	.3016271	0
495.15	0	.4888157	.2095847	.3015996	0
494.15	0	.4887919	.2096358	.3015723	0
493.15	0	.4887682	.2096869	.301545	0
492.15	0	.4887444	.2097379	.3015177	0
491.15	0	.4887208	.2097888	.3014905	0
490.15	0	.488697	.2098396	.3014634	0
489.15	0	.4886732	.2098904	.3014364	0
488.15	0	.4886495	.2099411	.3014094	0
487.15	0	.4886257	.2099917	.3013826	0
486.15	0	.488602	.2100423	.3013558	0
485.672	0	.4885906	.2100664	.301343	0
485.672	0	.4885906	.2100664	.301343	0
485.672	0	.4885906	.2100664	.301343	0
485.15	0	.488698	.2098164	.3011965	2.891012E-04
484.15	0	.488903	.2093387	.3009163	8.419965E-04
483.15	0	.489107	.2088625	.3006369	.001393633
482.15	0	.4893098	.208388	.3003581	.001944021
481.15	0	.4895117	.207915	.3000801	.002493172
480.15	0	.4897126	.2074436	.2998027	.003041097
479.15	0	.4899125	.2069737	.299526	.003587808
478.15	0	.4901114	.2065053	.29925	.004133315
477.15	0	.4903093	.2060384	.2989747	.004677628
476.15	0	.4905062	.205573	.2987	.005220759
475.15	0	.4907023	.205109	.298426	.005762719
474.15	0	.4908974	.2046464	.2981527	.006303516
473.15	0	.4910915	.2041853	.29788	.006843163
472.15	0	.4912848	.2037255	.297608	.007381668
471.15	0	.4914772	.2032671	.2973366	.007919042
470.15	0	.4916688	.2028101	.2970659	.008455296
469.15	0	.4918594	.2023544	.2967957	.008990439
468.15	0	.4920492	.2019001	.2965263	.009524481
467.15	0	.4922382	.201447	.2962574	.01005743
466.15	0	.4924263	.2009952	.2959891	.0105893
465.15	0	.4926136	.2005447	.2957215	.0111201
464.15	0	.4928001	.2000955	.2954545	.01164983
463.15	0	.4929859	.1996475	.2951881	.01217851
462.15	0	.4931708	.1992007	.2949223	.01270615
461.15	0	.493355	.1987551	.2946571	.01323276
460.15	0	.4935384	.1983107	.2943925	.01375833
459.15	0	.4937211	.1978675	.2941285	.0142829
458.15	0	.493903	.1974254	.2938651	.01480645
457.15	0	.4940842	.1969845	.2936023	.015329
456.15	0	.4942647	.1965447	.2933401	.01585057
455.15	0	.4944445	.196106	.2930784	.01637116
454.15	0	.4946236	.1956684	.2928173	.01689077
453.15	0	.494802	.1952319	.2925567	.01740942
452.15	0	.4949797	.1947964	.2922968	.01792711
451.15	0	.4951568	.194362	.2920374	.01844386
450.15	0	.4953332	.1939287	.2917785	.01895967
449.15	0	.495509	.1934963	.2915202	.01947456
448.15	0	.4956841	.1930649	.2912625	.01998853
447.15	0	.4958587	.1926344	.2910053	.02050159
446.15	0	.4960326	.192205	.2907487	.02101374
445.15	0	.496206	.1917765	.2904926	.021525
444.15	0	.4963788	.1913489	.290237	.02203538
443.15	0	.4965509	.1909222	.289982	.02254488
442.15	0	.4967226	.1904964	.2897275	.02305352
441.15	0	.4968937	.1900715	.2894735	.02356129
440.15	0	.4970642	.1896475	.2892201	.02406822
439.15	0	.4972342	.1892243	.2889672	.0245743
438.15	0	.4974038	.1888019	.2887148	.02507955
437.15	0	.4975728	.1883803	.2884629	.02558397
436.15	0	.4977413	.1879595	.2882116	.02608758
435.15	0	.4979093	.1875395	.2879608	.02659038
434.15	0	.4980769	.1871203	.2877104	.02709237
433.15	0	.498244	.1867018	.2874606	.02759357
432.15	0	.4984106	.1862841	.2872113	.02809399
431.15	0	.4985768	.185867	.2869625	.02859363
430.15	0	.4987426	.1854507	.2867142	.02909249
429.15	0	.4989079	.1850351	.2864664	.02959059
428.15	0	.4990728	.1846201	.2862191	.03008794
