T	 BPW(LIQUID)	BPW(BCC_A2)	BPW(FCC_A1)	BPW(LAVES_PHASE_C14)	BPW(NI3TI)
1473.15	.1096756	.7528488	0	.1374756	0
1472.15	.1046959	.7560054	0	.1392987	0
1471.15	.09981003	.7590975	0	.1410925	0
1470.758	.09792104	.7602915	0	.1417874	0
1470.758	.09792104	.7602915	0	.1417874	0
1470.758	.09792104	.7602915	0	.1417874	0
1470.15	.08587286	.7481953	.01984134	.1460905	0
1469.15	.06650446	.7289069	.05162289	.1529658	0
1468.15	.04765972	.710332	.0824046	.1596037	0
1467.15	.02931395	.6924374	.1122332	.1660155	0
1466.15	.01144389	.6751921	.1411525	.1722115	0
1465.496	0	.6642472	.1595997	.1761531	0
1465.496	0	.6642472	.1595997	.1761531	0
1465.15	0	.6630214	.1606054	.1763732	0
1464.15	0	.6594831	.1635088	.1770082	0
1463.15	0	.6559546	.1664049	.1776405	0
1462.15	0	.6524361	.1692938	.1782702	0
1461.15	0	.6489274	.1721753	.1788973	0
1460.15	0	.6454285	.1750496	.1795219	0
1459.15	0	.6419395	.1779166	.1801439	0
1458.15	0	.6384602	.1807764	.1807634	0
1457.15	0	.6349907	.183629	.1813803	0
1456.15	0	.6315309	.1864744	.1819947	0
1455.15	0	.6280809	.1893125	.1826067	0
1454.15	0	.6246405	.1921434	.1832161	0
1453.15	0	.6212098	.1949672	.183823	0
1452.15	0	.6177888	.1977838	.1844275	0
1451.15	0	.6143774	.2005931	.1850295	0
1450.15	0	.6109756	.2033954	.185629	0
1449.15	0	.6075834	.2061905	.1862261	0
1448.15	0	.6042007	.2089785	.1868208	0
1447.15	0	.6008276	.2117593	.1874131	0
1446.15	0	.597464	.214533	.188003	0
1445.15	0	.5941099	.2172996	.1885905	0
1444.15	0	.5907652	.2200591	.1891756	0
1443.15	0	.5874301	.2228116	.1897584	0
1442.15	0	.5841043	.2255569	.1903388	0
1441.15	0	.580788	.2282952	.1909168	0
1440.15	0	.5774811	.2310264	.1914925	0
1439.15	0	.5741835	.2337506	.192066	0
1438.15	0	.5708953	.2364677	.192637	0
1437.15	0	.5676164	.2391778	.1932058	0
1436.15	0	.5643468	.2418809	.1937723	0
1435.15	0	.5610865	.2445769	.1943366	0
1434.15	0	.5578355	.247266	.1948985	0
1433.15	0	.5545938	.249948	.1954582	0
1432.15	0	.5513612	.2526231	.1960157	0
1431.15	0	.5481379	.2552912	.1965709	0
1430.15	0	.5449238	.2579523	.1971239	0
1429.15	0	.5417189	.2606064	.1976747	0
1428.15	0	.5385231	.2632536	.1982233	0
1427.15	0	.5353365	.2658938	.1987697	0
1426.15	0	.532159	.2685271	.1993139	0
1425.15	0	.5289906	.2711535	.1998559	0
1424.15	0	.5258313	.273773	.2003958	0
1423.15	0	.522681	.2763855	.2009335	0
1422.15	0	.5195399	.2789911	.2014691	0
1421.15	0	.5164077	.2815898	.2020025	0
1420.15	0	.5132846	.2841816	.2025338	0
1419.15	0	.5101704	.2867666	.203063	0
1418.15	0	.5070653	.2893446	.2035901	0
1417.15	0	.5039691	.2919158	.2041151	0
1416.15	0	.5008819	.2944801	.204638	0
1415.15	0	.4978036	.2970375	.2051589	0
1414.15	0	.4947342	.2995881	.2056777	0
1413.15	0	.4916738	.3021319	.2061944	0
1412.15	0	.4886222	.3046688	.2067091	0
1411.15	0	.4855795	.3071988	.2072217	0
1410.15	0	.4825456	.3097221	.2077323	0
1409.15	0	.4795206	.3122385	.2082409	0
1408.15	0	.4765045	.3147481	.2087475	0
1407.15	0	.4734971	.3172508	.2092521	0
1406.15	0	.4704986	.3197468	.2097547	0
1405.15	0	.4675088	.322236	.2102553	0
1404.15	0	.4645278	.3247183	.2107539	0
1403.15	0	.4615555	.3271939	.2112506	0
1402.15	0	.458592	.3296627	.2117453	0
1401.15	0	.4556373	.3321247	.2122381	0
1400.15	0	.4526912	.3345799	.2127289	0
1399.15	0	.4497539	.3370284	.2132178	0
1398.15	0	.4468252	.33947	.2137047	0
1397.15	0	.4439052	.341905	.2141898	0
1396.15	0	.4409939	.3443331	.214673	0
1395.15	0	.4380913	.3467545	.2151542	0
1394.15	0	.4351973	.3491692	.2156336	0
1393.15	0	.4323119	.351577	.2161111	0
1392.15	0	.4294351	.3539782	.2165867	0
1391.15	0	.4265669	.3563726	.2170605	0
1390.15	0	.4237074	.3587602	.2175324	0
1389.15	0	.4208564	.3611412	.2180024	0
1388.15	0	.418014	.3635154	.2184707	0
1387.15	0	.4151802	.3658828	.218937	0
1386.15	0	.4123549	.3682435	.2194016	0
1385.15	0	.4095381	.3705975	.2198644	0
1384.15	0	.4067299	.3729448	.2203253	0
1383.15	0	.4039302	.3752853	.2207845	0
1382.15	0	.401139	.3776192	.2212418	0
1381.15	0	.3983564	.3799463	.2216974	0
1380.15	0	.3955822	.3822667	.2221512	0
1379.15	0	.3928165	.3845803	.2226032	0
1378.15	0	.3900593	.3868873	.2230534	0
1377.15	0	.3873105	.3891875	.223502	0
1376.15	0	.3845703	.391481	.2239487	0
1375.15	0	.3818384	.3937678	.2243937	0
1374.15	0	.3791151	.3960479	.224837	0
1373.15	0	.3764001	.3983213	.2252786	0
1372.15	0	.3736936	.400588	.2257184	0
1371.15	0	.3709955	.4028479	.2261566	0
1370.15	0	.3683058	.4051012	.226593	0
1369.15	0	.3656245	.4073477	.2270278	0
1368.15	0	.3629517	.4095875	.2274608	0
1367.15	0	.3602872	.4118206	.2278922	0
1366.15	0	.3576311	.414047	.2283219	0
1365.15	0	.3549835	.4162666	.2287499	0
1364.15	0	.3523441	.4184796	.2291763	0
1363.15	0	.3497132	.4206858	.229601	0
1362.15	0	.3470906	.4228853	.2300241	0
1361.15	0	.3444764	.425078	.2304455	0
1360.15	0	.3418706	.4272641	.2308653	0
1359.15	0	.3392731	.4294434	.2312835	0
1358.15	0	.336684	.431616	.2317	0
1357.15	0	.3341032	.4337818	.232115	0
1356.15	0	.3315308	.4359409	.2325283	0
1355.15	0	.3289667	.4380933	.23294	0
1354.15	0	.326411	.4402389	.2333502	0
1353.15	0	.3238636	.4423777	.2337587	0
1352.15	0	.3213245	.4445098	.2341657	0
1351.15	0	.3187937	.4466352	.2345711	0
1350.15	0	.3162713	.4487538	.2349749	0
1349.15	0	.3137573	.4508656	.2353772	0
1348.15	0	.3112515	.4529706	.2357779	0
1347.15	0	.3087541	.4550689	.236177	0
1346.15	0	.306265	.4571604	.2365746	0
1345.15	0	.3037842	.4592451	.2369707	0
1344.15	0	.3013117	.461323	.2373652	0
1343.15	0	.2988476	.4633941	.2377583	0
1342.15	0	.2963918	.4654584	.2381498	0
1341.15	0	.2939444	.4675159	.2385397	0
1340.15	0	.2915052	.4695666	.2389282	0
1339.15	0	.2890744	.4716104	.2393152	0
1338.15	0	.2866519	.4736474	.2397007	0
1337.15	0	.2842378	.4756776	.2400847	0
1336.15	0	.281832	.4777009	.2404672	0
1335.15	0	.2794345	.4797173	.2408482	0
1334.15	0	.2770453	.4817269	.2412278	0
1333.15	0	.2746645	.4837296	.2416058	0
1332.15	0	.2722921	.4857255	.2419825	0
1331.15	0	.269928	.4877144	.2423576	0
1330.15	0	.2675722	.4896964	.2427313	0
1329.15	0	.2652248	.4916716	.2431036	0
1328.15	0	.2628858	.4936398	.2434744	0
1327.15	0	.2605551	.495601	.2438438	0
1326.15	0	.2582328	.4975554	.2442118	0
1325.15	0	.2559189	.4995027	.2445783	0
1324.15	0	.2536134	.5014431	.2449435	0
1323.15	0	.2513163	.5033766	.2453072	0
1322.15	0	.2490275	.505303	.2456695	0
1321.15	0	.2467471	.5072225	.2460304	0
1320.15	0	.2444752	.5091349	.2463899	0
1319.15	0	.2422117	.5110403	.246748	0
1318.15	0	.2399566	.5129387	.2471047	0
1317.15	0	.2377099	.5148301	.24746	0
1316.15	0	.2354717	.5167143	.247814	0
1315.15	0	.2332419	.5185915	.2481666	0
1314.15	0	.2310206	.5204616	.2485178	0
1313.15	0	.2288077	.5223246	.2488677	0
1312.15	0	.2266034	.5241805	.2492162	0
1311.15	0	.2244075	.5260292	.2495633	0
1310.15	0	.2222201	.5278708	.2499091	0
1309.15	0	.2200412	.5297052	.2502536	0
1308.15	0	.2178708	.5315325	.2505967	0
1307.15	0	.215709	.5333525	.2509385	0
1306.15	0	.2135557	.5351654	.2512789	0
1305.15	0	.211411	.536971	.251618	0
1304.15	0	.2092748	.5387693	.2519559	0
1303.15	0	.2071473	.5405604	.2522923	0
1302.15	0	.2050283	.5423442	.2526275	0
1301.15	0	.2029179	.5441207	.2529614	0
1300.15	0	.2008161	.5458899	.253294	0
1299.15	0	.198723	.5476517	.2536252	0
1298.15	0	.1966386	.5494062	.2539552	0
1297.15	0	.1945628	.5511533	.2542839	0
1296.15	0	.1924957	.552893	.2546113	0
1295.15	0	.1904372	.5546253	.2549375	0
1294.15	0	.1883875	.5563501	.2552623	0
1293.15	0	.1863466	.5580675	.2555859	0
1292.15	0	.1843144	.5597774	.2559082	0
1291.15	0	.1822909	.5614798	.2562293	0
1290.15	0	.1802763	.5631747	.2565491	0
1289.15	0	.1782704	.564862	.2568676	0
1288.15	0	.1762733	.5665418	.2571849	0
1287.15	0	.1742852	.5682139	.2575009	0
1286.15	0	.1723058	.5698785	.2578157	0
1285.15	0	.1703354	.5715353	.2581293	0
1284.15	0	.1683738	.5731846	.2584416	0
1283.15	0	.1664212	.5748261	.2587527	0
1282.15	0	.1644775	.5764599	.2590626	0
1281.15	0	.1625428	.578086	.2593712	0
1280.15	0	.1606171	.5797043	.2596786	0
1279.15	0	.1587004	.5813148	.2599849	0
1278.15	0	.1567927	.5829174	.2602899	0
1277.15	0	.1548941	.5845123	.2605936	0
1276.15	0	.1530046	.5860992	.2608962	0
1275.15	0	.1511242	.5876782	.2611976	0
1274.15	0	.1492528	.5892493	.2614978	0
1273.15	0	.1473907	.5908125	.2617968	0
1272.15	0	.1455378	.5923676	.2620946	0
1271.15	0	.143694	.5939147	.2623913	0
1270.15	0	.1418595	.5954538	.2626867	0
1269.15	0	.1400343	.5969847	.262981	0
1268.15	0	.1382184	.5985076	.2632741	0
1267.15	0	.1364117	.6000223	.263566	0
1266.15	0	.1346145	.6015288	.2638568	0
1265.15	0	.1328266	.6030271	.2641464	0
1264.15	0	.1310481	.6045171	.2644348	0
1263.15	0	.129279	.6059989	.2647221	0
1262.15	0	.1275194	.6074724	.2650082	0
1261.15	0	.1257694	.6089375	.2652932	0
1260.15	0	.1240288	.6103942	.265577	0
1259.15	0	.1222978	.6118425	.2658597	0
1258.15	0	.1205764	.6132824	.2661412	0
1257.15	0	.1188647	.6147137	.2664216	0
1256.15	0	.1171626	.6161365	.2667009	0
1255.15	0	.1154702	.6175508	.266979	0
1254.15	0	.1137875	.6189564	.2672561	0
1253.15	0	.1121146	.6203535	.267532	0
1252.15	0	.1104515	.6217418	.2678067	0
1251.15	0	.1087982	.6231214	.2680804	0
1250.15	0	.1071548	.6244922	.2683529	0
1249.15	0	.1055214	.6258543	.2686244	0
1248.15	0	.1038978	.6272075	.2688947	0
1247.15	0	.1022843	.6285518	.2691639	0
1246.15	0	.1006808	.6298872	.269432	0
1245.15	0	.09908734	.6312136	.269699	0
1244.15	0	.097504	.632531	.269965	0
1243.15	0	.0959308	.6338394	.2702298	0
1242.15	0	.0943678	.6351387	.2704935	0
1241.15	0	.09281502	.6364288	.2707562	0
1240.15	0	.09127252	.6377097	.2710178	0
1239.15	0	.08974032	.6389814	.2712782	0
1238.15	0	.08821849	.6402439	.2715376	0
1237.15	0	.08670705	.641497	.271796	0
1236.15	0	.08520606	.6427407	.2720532	0
1235.15	0	.08371555	.643975	.2723094	0
1234.15	0	.08223558	.6451999	.2725646	0
1233.15	0	.08076619	.6464152	.2728186	0
1232.15	0	.07930742	.647621	.2730716	0
1231.15	0	.07785933	.6488171	.2733235	0
1230.15	0	.07642195	.6500036	.2735744	0
1229.15	0	.07499534	.6511804	.2738243	0
1228.15	0	.07357955	.6523474	.274073	0
1227.15	0	.07217462	.6535046	.2743208	0
1226.15	0	.07078061	.6546519	.2745675	0
1225.15	0	.06939756	.6557893	.2748131	0
1224.15	0	.06802553	.6569168	.2750577	0
1223.15	0	.06666456	.6580342	.2753013	0
1222.15	0	.06531472	.6591415	.2755438	0
1221.15	0	.06397604	.6602387	.2757853	0
1220.15	0	.06264859	.6613256	.2760258	0
1219.15	0	.06133241	.6624024	.2762652	0
1218.15	0	.06002756	.6634688	.2765036	0
1217.15	0	.0587341	.6645248	.276741	0
1216.15	0	.05745208	.6655705	.2769774	0
1215.15	0	.05618156	.6666056	.2772128	0
1214.15	0	.05492259	.6676303	.2774471	0
1213.15	0	.05367522	.6686443	.2776805	0
1212.15	0	.05243953	.6696477	.2779128	0
1211.15	0	.05121555	.6706403	.2781441	0
1210.15	0	.05000336	.6716222	.2783745	0
1209.15	0	.04880301	.6725932	.2786038	0
1208.15	0	.04761456	.6735533	.2788321	0
1207.15	0	.04643807	.6745025	.2790594	0
1206.15	0	.04527361	.6754407	.2792858	0
1205.15	0	.04412122	.6763677	.2795111	0
1204.15	0	.04298097	.6772836	.2797354	0
1203.15	0	.04185294	.6781883	.2799588	0
1202.15	0	.04073716	.6790817	.2801812	0
1201.15	0	.03963372	.6799637	.2804025	0
1200.15	0	.03854267	.6808344	.280623	0
1199.15	0	.03746409	.6816935	.2808424	0
1198.15	0	.03639802	.6825411	.2810608	0
1197.15	0	.03534454	.6833771	.2812783	0
1196.15	0	.03430372	.6842014	.2814949	0
1195.15	0	.03327561	.685014	.2817104	0
1194.15	0	.03226029	.6858147	.281925	0
1193.15	0	.03125782	.6866036	.2821386	0
1192.15	0	.03026827	.6873805	.2823512	0
1191.15	0	.0292917	.6881454	.2825629	0
1190.15	0	.0283282	.6888981	.2827737	0
1189.15	0	.02737781	.6896387	.2829835	0
1188.15	0	.02644062	.6903671	.2831923	0
1187.15	0	.0255167	.6910831	.2834002	0
1186.15	0	.0246061	.6917868	.2836071	0
1185.15	0	.02370891	.692478	.2838131	0
1184.15	0	.02282519	.6931566	.2840182	0
1183.15	0	.02195502	.6938227	.2842223	0
1182.15	0	.02109846	.6944761	.2844255	0
1181.15	0	.02025559	.6951167	.2846277	0
1180.15	0	.01942648	.6957445	.284829	0
1179.15	0	.0186112	.6963595	.2850294	0
1178.15	0	.01780983	.6969614	.2852288	0
1177.15	0	.01702244	.6975503	.2854273	0
1176.15	0	.0162491	.698126	.2856249	0
1175.15	0	.01548989	.6986885	.2858216	0
1174.15	0	.01474487	.6992378	.2860173	0
1173.15	0	.01401413	.6997737	.2862121	0
1172.15	0	.01329774	.7002962	.2864061	0
1171.15	0	.01259577	.7008052	.2865991	0
1170.15	0	.0119083	.7013005	.2867912	0
1169.15	0	.01123541	.7017823	.2869823	0
1168.15	0	.01057716	.7022502	.2871726	0
1167.15	0	.009933636	.7027044	.287362	0
1166.15	0	.009304914	.7031446	.2875505	0
1165.15	0	.008691068	.7035709	.2877381	0
1164.15	0	.008092175	.7039831	.2879248	0
1163.15	0	.00750831	.7043812	.2881105	0
1162.15	0	.006939549	.704765	.2882954	0
1161.15	0	.006385969	.7051346	.2884795	0
1160.15	0	.005847646	.7054898	.2886626	0
1159.15	0	.005324656	.7058305	.2888448	0
1158.15	0	.004817076	.7061567	.2890262	0
1157.15	0	.004324982	.7064684	.2892067	0
1156.15	0	.00384845	.7067653	.2893863	0
1155.15	0	.003387557	.7070474	.289565	0
1154.15	0	.002942292	.7073148	.2897429	0
1153.15	0	.002512904	.7075672	.2899199	0
1152.15	0	.002099382	.7078046	.290096	0
1151.15	0	.001701801	.7080269	.2902713	0
1150.15	0	.001320238	.7082341	.2904457	0
1149.15	0	9.547673E-04	.708426	.2906192	0
1148.15	0	6.054645E-04	.7086026	.2907919	0
1147.15	0	2.724042E-04	.7087638	.2909638	0
1146.293	0	0	.7088897	.2911103	0
1146.293	0	0	.7088897	.2911103	0
1146.15	0	0	.7088664	.2911336	0
1145.15	0	0	.7087039	.2912961	0
1144.15	0	0	.7085419	.2914581	0
1143.15	0	0	.7083801	.2916199	0
1142.15	0	0	.7082188	.2917812	0
1141.15	0	0	.7080578	.2919422	0
1140.15	0	0	.7078973	.2921027	0
1139.15	0	0	.707737	.292263	0
1138.15	0	0	.7075772	.2924228	0
1137.15	0	0	.7074177	.2925823	0
1136.15	0	0	.7072586	.2927414	0
1135.15	0	0	.7070999	.2929001	0
1134.15	0	0	.7069415	.2930585	0
1133.15	0	0	.7067835	.2932165	0
1132.15	0	0	.7066259	.2933741	0
1131.15	0	0	.7064687	.2935313	0
1130.15	0	0	.7063118	.2936882	0
1129.15	0	0	.7061553	.2938447	0
1128.15	0	0	.7059991	.2940009	0
1127.15	0	0	.7058433	.2941567	0
1126.15	0	0	.7056879	.2943121	0
1125.15	0	0	.7055329	.2944671	0
1124.15	0	0	.7053782	.2946218	0
1123.15	0	0	.7052239	.2947761	0
1122.15	0	0	.7050699	.2949301	0
1121.15	0	0	.7049163	.2950837	0
1120.15	0	0	.7047631	.2952369	0
1119.15	0	0	.7046103	.2953897	0
1118.15	0	0	.7044578	.2955422	0
1117.15	0	0	.7043056	.2956944	0
1116.15	0	0	.7041539	.2958461	0
1115.15	0	0	.7040025	.2959975	0
1114.15	0	0	.7038514	.2961486	0
1113.15	0	0	.7037007	.2962993	0
1112.15	0	0	.7035504	.2964496	0
1111.15	0	0	.7034004	.2965996	0
1110.172	0	0	.7032542	.2967459	0
1110.172	0	0	.7032542	.2967459	0
1110.172	0	0	.7032542	.2967459	0
1110.15	0	7.228906E-06	.7032438	.296749	0
1109.15	0	3.413897E-04	.7027679	.2968907	0
1108.15	0	6.941935E-04	.7022742	.2970316	0
1107.15	0	.001065679	.7017625	.2971718	0
1106.15	0	.001455884	.7012328	.2973113	0
1105.15	0	.001864844	.7006851	.2974501	0
1104.15	0	.002292593	.7001193	.2975881	0
1103.15	0	.002739162	.6995354	.2977255	0
1102.15	0	.003204583	.6989333	.2978621	0
1101.15	0	.003688884	.6983131	.297998	0
1100.15	0	.004192091	.6976747	.2981333	0
1099.15	0	.004730154	.6970022	.2982677	0
1098.15	0	.005271434	.696327	.2984015	0
1097.15	0	.005831693	.6956336	.2985347	0
1096.15	0	.006410951	.6949219	.2986672	0
1095.15	0	.007009224	.6941918	.298799	0
1094.15	0	.007626527	.6934434	.2989301	0
1093.15	0	.008262874	.6926766	.2990606	0
1092.15	0	.008918274	.6918914	.2991904	0
1091.15	0	.009592737	.6910878	.2993195	0
1090.15	0	.01028627	.6902657	.299448	0
1089.15	0	.01099887	.6894253	.2995758	0
1088.15	0	.01173055	.6885664	.299703	0
1087.15	0	.01248131	.6876892	.2998295	0
1086.15	0	.01325113	.6867934	.2999554	0
1085.15	0	.01404003	.6858793	.3000807	0
1084.15	0	.01484798	.6849467	.3002053	0
1083.15	0	.01567498	.6839957	.3003293	0
1082.15	0	.01652102	.6830263	.3004527	0
1081.15	0	.01738608	.6820384	.3005755	0
1080.15	0	.01827015	.6810322	.3006976	0
1079.15	0	.0191732	.6800076	.3008192	0
1078.15	0	.02009521	.6789647	.3009401	0
1077.15	0	.02103617	.6779034	.3010605	0
1076.15	0	.02199603	.6768238	.3011802	0
1075.15	0	.02297478	.6757259	.3012994	0
1074.15	0	.02397237	.6746097	.3014179	0
1073.15	0	.02498878	.6734753	.3015359	0
1072.15	0	.02602397	.6723227	.3016533	0
1071.15	0	.02707788	.671152	.3017701	0
1070.15	0	.02815049	.6699631	.3018864	0
1069.15	0	.02924175	.6687561	.3020021	0
1068.15	0	.0303516	.6675311	.3021173	0
1067.15	0	.03148	.6662882	.3022319	0
1066.15	0	.03262689	.6650272	.3023459	0
1065.15	0	.03379222	.6637484	.3024594	0
1064.15	0	.03497592	.6624517	.3025723	0
1063.15	0	.03617793	.6611373	.3026848	0
1062.15	0	.03739819	.6598052	.3027967	0
1061.15	0	.03863663	.6584554	.302908	0
1060.15	0	.03989318	.657088	.3030189	0
1059.15	0	.04116776	.6557031	.3031292	0
1058.15	0	.04246031	.6543007	.303239	0
1057.15	0	.04377073	.652881	.3033483	0
1056.15	0	.04509896	.651444	.3034571	0
1055.15	0	.0464449	.6499897	.3035654	0
1054.15	0	.04780846	.6485184	.3036732	0
1053.15	0	.04918956	.64703	.3037805	0
1052.15	0	.05058811	.6455246	.3038873	0
1051.15	0	.052004	.6440024	.3039936	0
1050.15	0	.05343714	.6424633	.3040995	0
1049.15	0	.05488744	.6409077	.3042049	0
1048.15	0	.05635477	.6393354	.3043098	0
1047.15	0	.05783905	.6377467	.3044143	0
1046.15	0	.05934016	.6361416	.3045183	0
1045.15	0	.06085798	.6345202	.3046218	0
1044.15	0	.0623924	.6328827	.3047249	0
1043.15	0	.06394331	.6312292	.3048275	0
1042.15	0	.06551059	.6295597	.3049297	0
1041.15	0	.06709411	.6278744	.3050315	0
1040.15	0	.06869375	.6261735	.3051328	0
1039.15	0	.07030938	.6244569	.3052337	0
1038.15	0	.07194087	.622725	.3053341	0
1037.15	0	.07358809	.6209777	.3054342	0
1036.15	0	.07525091	.6192153	.3055338	0
1035.15	0	.07692918	.6174378	.305633	0
1034.15	0	.07862276	.6156455	.3057318	0
1033.15	0	.08033153	.6138383	.3058302	0
1032.15	0	.08205532	.6120165	.3059281	0
1031.15	0	.08379399	.6101803	.3060257	0
1030.15	0	.08554739	.6083297	.3061229	0
1029.15	0	.08731538	.606465	.3062197	0
1028.15	0	.0890978	.6045862	.306316	0
1027.15	0	.09089448	.6026935	.306412	0
1026.15	0	.09270528	.6007871	.3065076	0
1025.15	0	.09453004	.5988671	.3066029	0
1024.15	0	.09636859	.5969337	.3066977	0
1023.15	0	.09822076	.5949871	.3067922	0
1022.15	0	.1000864	.5930273	.3068863	0
1021.15	0	.1019653	.5910547	.30698	0
1020.15	0	.1038574	.5890692	.3070734	0
1019.15	0	.1057624	.5870713	.3071664	0
1018.15	0	.1076802	.5850608	.307259	0
1017.15	0	.1096105	.5830382	.3073513	0
1016.15	0	.1115533	.5810035	.3074432	0
1015.15	0	.1135084	.5789569	.3075347	0
1014.15	0	.1154755	.5768985	.307626	0
1013.15	0	.1174545	.5748287	.3077168	0
1012.15	0	.1194452	.5727475	.3078073	0
1011.15	0	.1214474	.5706551	.3078975	0
1010.15	0	.123461	.5685518	.3079873	0
1009.15	0	.1254856	.5664377	.3080767	0
1008.15	0	.1275213	.5643129	.3081658	0
1007.15	0	.1295677	.5621778	.3082546	0
1006.15	0	.1316246	.5600324	.308343	0
1005.15	0	.1336919	.557877	.3084311	0
1004.15	0	.1357694	.5557117	.3085189	0
1003.15	0	.1378569	.5535368	.3086063	0
1002.15	0	.1399542	.5513524	.3086934	0
1001.15	0	.1420611	.5491588	.3087801	0
1000.15	0	.1441773	.5469562	.3088665	0
999.15	0	.1463028	.5447447	.3089526	0
998.15	0	.1484372	.5425245	.3090383	0
997.15	0	.1505804	.5402959	.3091237	0
996.15	0	.1527322	.538059	.3092087	0
995.15	0	.1548924	.5358141	.3092934	0
994.15	0	.1570608	.5335614	.3093778	0
993.15	0	.1592372	.531301	.3094618	0
992.15	0	.1614213	.5290332	.3095455	0
991.15	0	.163613	.5267581	.3096289	0
990.15	0	.165812	.5244761	.3097119	0
989.15	0	.1680183	.5221872	.3097946	0
988.15	0	.1702314	.5198917	.3098769	0
987.15	0	.1724513	.5175898	.3099589	0
986.15	0	.1746777	.5152818	.3100405	0
985.15	0	.1769105	.5129677	.3101218	0
984.15	0	.1791494	.5106479	.3102027	0
983.15	0	.1813941	.5083226	.3102833	0
982.15	0	.1836446	.5059919	.3103635	0
981.15	0	.1859006	.5036561	.3104433	0
980.15	0	.1881619	.5013153	.3105228	0
979.15	0	.1904282	.4989699	.3106019	0
978.15	0	.1926994	.49662	.3106806	0
977.15	0	.1949753	.4942658	.310759	0
976.15	0	.1972556	.4919075	.310837	0
975.15	0	.1995401	.4895453	.3109146	0
974.15	0	.2017735	.4872301	.3109964	0
973.15	0	.2040046	.4849163	.3110791	0
972.15	0	.2062555	.4825838	.3111607	0
971.15	0	.208525	.4802337	.3112413	0
970.15	0	.2108116	.4778674	.311321	0
969.15	0	.2131143	.475486	.3113996	0
968.15	0	.2154319	.4730908	.3114773	0
967.15	0	.2177631	.4706829	.311554	0
966.15	0	.220107	.4682633	.3116298	0
965.15	0	.2224624	.4658331	.3117046	0
964.15	0	.2248282	.4633933	.3117785	0
963.15	0	.2272036	.460945	.3118515	0
962.15	0	.2295875	.458489	.3119235	0
961.15	0	.2319791	.4560263	.3119946	0
960.15	0	.2343773	.4535579	.3120648	0
959.15	0	.2367815	.4510844	.3121341	0
958.15	0	.2391906	.4486069	.3122025	0
957.15	0	.241604	.446126	.31227	0
956.15	0	.2440208	.4436426	.3123366	0
955.15	0	.2464404	.4411573	.3124023	0
954.15	0	.2488619	.438671	.3124671	0
953.15	0	.2512848	.4361842	.312531	0
952.15	0	.2537082	.4336978	.312594	0
951.15	0	.2561317	.4312122	.3126561	0
950.15	0	.2585544	.4287282	.3127174	0
949.15	0	.260976	.4262463	.3127777	0
948.15	0	.2633957	.4237671	.3128372	0
947.15	0	.2658131	.4212912	.3128957	0
946.15	0	.2682276	.418819	.3129534	0
945.15	0	.2706387	.4163512	.3130101	0
944.15	0	.2730458	.4138882	.313066	0
943.15	0	.2754486	.4114304	.313121	0
942.15	0	.2778466	.4089784	.3131751	0
941.15	0	.2802392	.4065325	.3132283	0
940.15	0	.2826262	.4040933	.3132805	0
939.15	0	.2850071	.401661	.3133319	0
938.15	0	.2873815	.3992361	.3133824	0
937.15	0	.2897491	.396819	.3134319	0
936.15	0	.2921094	.3944101	.3134805	0
935.15	0	.2944622	.3920096	.3135283	0
934.15	0	.2968071	.3896179	.3135751	0
933.15	0	.2991438	.3872353	.313621	0
932.15	0	.301472	.3848621	.3136659	0
931.15	0	.3037914	.3824987	.3137099	0
930.15	0	.3061017	.3801453	.3137531	0
929.15	0	.3084026	.3778021	.3137952	0
928.15	0	.310694	.3754695	.3138365	0
927.15	0	.3129756	.3731477	.3138768	0
926.15	0	.315247	.3708368	.3139162	0
925.15	0	.3175082	.3685372	.3139546	0
924.15	0	.3197589	.3662491	.3139921	0
923.15	0	.3219988	.3639726	.3140286	0
922.15	0	.3242278	.361708	.3140642	0
921.15	0	.3264458	.3594554	.3140988	0
920.15	0	.3286525	.3572151	.3141325	0
919.15	0	.3308477	.3549871	.3141652	0
918.15	0	.3330313	.3527718	.3141969	0
917.15	0	.3352032	.3505691	.3142277	0
916.15	0	.3373631	.3483794	.3142575	0
915.15	0	.339511	.3462026	.3142864	0
914.15	0	.3416467	.344039	.3143142	0
913.15	0	.3437701	.3418888	.3143411	0
912.15	0	.3458811	.3397519	.3143671	0
911.15	0	.3479795	.3376285	.314392	0
910.15	0	.3500652	.3355188	.314416	0
909.15	0	.3521382	.3334229	.314439	0
908.15	0	.3541982	.3313408	.314461	0
907.15	0	.3562453	.3292726	.314482	0
906.15	0	.3582794	.3272185	.3145021	0
905.15	0	.3603003	.3251786	.3145211	0
904.15	0	.362308	.3231529	.3145392	0
903.15	0	.3643023	.3211414	.3145563	0
902.15	0	.3662833	.3191444	.3145724	0
901.15	0	.3682507	.3171618	.3145875	0
900.15	0	.3702047	.3151937	.3146016	0
899.15	0	.3721451	.3132402	.3146148	0
898.15	0	.3740718	.3113013	.3146269	0
897.15	0	.3759848	.3093772	.3146381	0
896.15	0	.377884	.3074678	.3146482	0
895.15	0	.3797694	.3055732	.3146574	0
894.15	0	.3816409	.3036935	.3146656	0
893.15	0	.3834985	.3018286	.3146729	0
892.15	0	.3853421	.2999788	.3146791	0
891.15	0	.3871717	.2981439	.3146844	0
890.15	0	.3889873	.2963241	.3146887	0
889.15	0	.3907887	.2945193	.314692	0
888.15	0	.392576	.2927296	.3146944	0
887.15	0	.3943492	.290955	.3146958	0
886.15	0	.3961082	.2891957	.3146962	0
885.15	0	.3978529	.2874515	.3146956	0
884.15	0	.3995834	.2857225	.3146942	0
883.15	0	.4012996	.2840087	.3146917	0
882.15	0	.4030014	.2823102	.3146883	0
881.15	0	.404689	.280627	.314684	0
880.15	0	.4063622	.2789591	.3146788	0
879.15	0	.408021	.2773064	.3146726	0
878.15	0	.4096655	.2756691	.3146655	0
877.15	0	.4112955	.2740471	.3146574	0
876.15	0	.4129111	.2724404	.3146485	0
875.15	0	.4145124	.270849	.3146387	0
874.15	0	.4160991	.2692729	.3146279	0
873.15	0	.4176715	.2677122	.3146163	0
872.15	0	.4192294	.2661668	.3146038	0
871.15	0	.4207728	.2646367	.3145905	0
870.15	0	.4223019	.2631219	.3145762	0
869.15	0	.4238164	.2616225	.3145611	0
868.15	0	.4253166	.2601383	.3145452	0
867.15	0	.4268023	.2586693	.3145284	0
866.15	0	.4282736	.2572156	.3145108	0
865.15	0	.4297305	.2557771	.3144924	0
864.15	0	.431173	.2543538	.3144732	0
863.15	0	.4326011	.2529457	.3144532	0
862.15	0	.4340149	.2515527	.3144324	0
861.15	0	.4354144	.2501749	.3144108	0
860.15	0	.4367996	.248812	.3143884	0
859.15	0	.4381705	.2474642	.3143653	0
858.15	0	.4395271	.2461314	.3143415	0
857.15	0	.4408696	.2448135	.3143169	0
856.15	0	.4421979	.2435105	.3142916	0
855.15	0	.4435121	.2422223	.3142656	0
854.15	0	.4448122	.2409489	.3142389	0
853.15	0	.4460983	.2396902	.3142115	0
852.15	0	.4473704	.2384461	.3141834	0
851.15	0	.4486286	.2372166	.3141547	0
850.15	0	.449873	.2360017	.3141253	0
849.15	0	.4511035	.2348011	.3140953	0
848.15	0	.4523204	.233615	.3140647	0
847.15	0	.4535235	.2324431	.3140334	0
846.15	0	.454713	.2312854	.3140016	0
845.15	0	.4558891	.2301418	.3139691	0
844.15	0	.4570517	.2290122	.3139361	0
843.15	0	.4582009	.2278966	.3139025	0
842.15	0	.4593368	.2267948	.3138684	0
841.15	0	.4604595	.2257068	.3138337	0
840.15	0	.4615692	.2246324	.3137984	0
839.15	0	.4626658	.2235715	.3137627	0
838.15	0	.4637495	.2225241	.3137264	0
837.15	0	.4648204	.22149	.3136897	0
836.2518	0	.4657713	.2205724	.3136562	0
836.2518	0	.4657713	.2205724	.3136562	0
836.2518	0	.4657713	.2205724	.3136562	0
836.15	0	.4666018	.2195718	.3134232	4.032045E-04
835.15	0	.4745923	.2099274	.3111666	.00431371
834.15	0	.4822928	.2006031	.3089661	.008138004
833.15	0	.4897164	.1915845	.3068196	.0118794
832.15	0	.4968753	.1828585	.3047252	.01554102
831.15	0	.5037812	.1744123	.3026807	.01912581
830.15	0	.5104448	.1662342	.3006845	.02263655
829.15	0	.5168764	.158313	.2987347	.02607585
828.15	0	.5230859	.1506381	.2968298	.02944621
827.15	0	.5290822	.1431996	.2949682	.03274997
826.15	0	.534874	.1359882	.2931484	.03598936
825.15	0	.5404697	.1289948	.2913691	.0391665
824.15	0	.5458769	.1222109	.2896288	.04228337
823.15	0	.551103	.1156287	.2879264	.0453419
822.15	0	.556155	.1092405	.2862606	.04834388
821.15	0	.5610395	.1030391	.2846304	.05129105
820.15	0	.5657629	.09701756	.2830345	.05418503
819.15	0	.5703311	.09116945	.281472	.05702741
818.15	0	.5747499	.08548854	.2799419	.05981966
817.15	0	.5790246	.0799689	.2784433	.06256322
816.15	0	.5831605	.07460491	.2769751	.06525943
815.15	0	.5871626	.0693912	.2755366	.06790961
814.15	0	.5910354	.06432264	.2741269	.07051499
813.15	0	.5947836	.05939432	.2727453	.07307677
812.15	0	.5984115	.05460158	.2713909	.07559609
811.15	0	.601923	.04993994	.270063	.07807404
810.15	0	.6053223	.04540512	.268761	.08051167
809.15	0	.608613	.04099302	.267484	.08290999
808.15	0	.6117987	.03669974	.2662316	.08526996
807.15	0	.614883	.03252149	.265003	.08759252
806.15	0	.617869	.02845468	.2637977	.08987856
805.15	0	.6207601	.02449586	.2626151	.09212894
804.15	0	.6235593	.02064169	.2614545	.09434449
803.15	0	.6262694	.016889	.2603156	.09652602
802.15	0	.6288934	.01323471	.2591976	.09867428
801.15	0	.6314339	.009675882	.2581002	.10079
800.15	0	.6338934	.006209678	.2570229	.102874
799.15	0	.6362747	.002833369	.2559651	.1049268
798.2901	0	.6382615	0	.2550708	.1066677
798.2901	0	.6382615	0	.2550708	.1066677
798.15	0	.6382447	0	.2550418	.1067135
797.15	0	.6381253	0	.2548348	.1070399
796.15	0	.6380066	0	.2546284	.107365
795.15	0	.6378884	0	.2544227	.1076889
794.15	0	.6377708	0	.2542177	.1080115
793.15	0	.6376538	0	.2540134	.1083328
792.15	0	.6375374	0	.2538098	.1086529
791.15	0	.6374215	0	.2536068	.1089717
790.15	0	.6373062	0	.2534045	.1092894
789.15	0	.6371914	0	.2532028	.1096058
788.15	0	.6370773	0	.2530018	.1099209
787.15	0	.6369636	0	.2528015	.1102349
786.15	0	.6368506	0	.2526019	.1105476
785.15	0	.636738	0	.2524029	.1108591
784.15	0	.636626	0	.2522046	.1111694
783.15	0	.6365146	0	.2520069	.1114785
782.15	0	.6364037	0	.2518099	.1117865
781.15	0	.6362933	0	.2516136	.1120932
780.15	0	.6361834	0	.2514179	.1123987
779.15	0	.6360741	0	.2512228	.1127031
778.15	0	.6359652	0	.2510285	.1130063
777.15	0	.6358569	0	.2508347	.1133083
776.15	0	.6357492	0	.2506417	.1136092
775.15	0	.6356419	0	.2504493	.1139089
774.15	0	.6355351	0	.2502575	.1142074
773.15	0	.6354288	0	.2500664	.1145048
772.15	0	.6353231	0	.2498759	.114801
771.15	0	.6352178	0	.2496861	.1150961
770.15	0	.635113	0	.2494969	.1153901
769.15	0	.6350087	0	.2493084	.1156829
768.15	0	.6349049	0	.2491205	.1159746
767.15	0	.6348016	0	.2489333	.1162651
766.15	0	.6346988	0	.2487467	.1165546
765.15	0	.6345964	0	.2485607	.1168429
764.15	0	.6344945	0	.2483754	.1171301
763.15	0	.6343931	0	.2481907	.1174162
762.15	0	.6342922	0	.2480067	.1177011
761.15	0	.6341917	0	.2478233	.117985
760.15	0	.6340917	0	.2476405	.1182678
759.15	0	.6339921	0	.2474584	.1185495
758.15	0	.6338931	0	.2472769	.11883
757.15	0	.6337944	0	.2470961	.1191095
756.15	0	.6336962	0	.2469158	.1193879
755.15	0	.6335985	0	.2467362	.1196653
754.15	0	.6335013	0	.2465573	.1199415
753.15	0	.6334044	0	.2463789	.1202167
752.15	0	.633308	0	.2462012	.1204908
751.15	0	.6332121	0	.2460241	.1207638
750.15	0	.6331166	0	.2458477	.1210357
749.15	0	.6330215	0	.2456718	.1213066
748.15	0	.6329269	0	.2454966	.1215765
747.15	0	.6328327	0	.245322	.1218453
746.15	0	.632739	0	.2451481	.122113
745.15	0	.6326456	0	.2449747	.1223797
744.15	0	.6325527	0	.244802	.1226453
743.15	0	.6324602	0	.2446299	.1229099
742.15	0	.6323682	0	.2444584	.1231735
741.15	0	.6322765	0	.2442875	.123436
740.15	0	.6321853	0	.2441173	.1236975
739.15	0	.6320945	0	.2439476	.1239579
738.15	0	.6320041	0	.2437786	.1242173
737.15	0	.6319141	0	.2436102	.1244757
736.15	0	.6318246	0	.2434424	.1247331
735.15	0	.6317354	0	.2432752	.1249895
734.15	0	.6316466	0	.2431086	.1252448
733.15	0	.6315583	0	.2429426	.1254991
732.15	0	.6314703	0	.2427773	.1257524
731.15	0	.6313828	0	.2426125	.1260047
730.15	0	.6312956	0	.2424483	.126256
729.15	0	.6312089	0	.2422848	.1265063
728.15	0	.6311225	0	.2421218	.1267556
727.15	0	.6310366	0	.2419595	.1270039
726.15	0	.630951	0	.2417978	.1272512
725.15	0	.6308658	0	.2416366	.1274975
724.15	0	.630781	0	.2414761	.1277429
723.15	0	.6306966	0	.2413162	.1279872
722.15	0	.6306126	0	.2411568	.1282306
721.15	0	.630529	0	.2409981	.1284729
720.15	0	.6304457	0	.2408399	.1287143
719.15	0	.6303629	0	.2406824	.1289547
718.15	0	.6302804	0	.2405255	.1291942
717.15	0	.6301983	0	.2403691	.1294326
716.15	0	.6301165	0	.2402133	.1296701
715.15	0	.6300352	0	.2400581	.1299067
714.15	0	.6299542	0	.2399036	.1301422
713.15	0	.6298736	0	.2397496	.1303768
712.15	0	.6297933	0	.2395962	.1306105
711.15	0	.6297135	0	.2394434	.1308432
710.15	0	.629634	0	.2392912	.1310749
709.15	0	.6295548	0	.2391395	.1313057
708.15	0	.6294761	0	.2389885	.1315355
707.15	0	.6293976	0	.238838	.1317644
706.15	0	.6293196	0	.2386881	.1319923
705.15	0	.6292419	0	.2385388	.1322193
704.15	0	.6291646	0	.2383901	.1324453
703.15	0	.6290876	0	.238242	.1326704
702.15	0	.629011	0	.2380944	.1328946
701.15	0	.6289347	0	.2379474	.1331179
700.15	0	.6288588	0	.237801	.1333402
699.15	0	.6287833	0	.2376552	.1335615
698.15	0	.6287081	0	.23751	.133782
697.15	0	.6286332	0	.2373653	.1340015
696.15	0	.6285587	0	.2372212	.1342201
695.15	0	.6284846	0	.2370777	.1344378
694.15	0	.6284108	0	.2369347	.1346545
693.15	0	.6283373	0	.2367923	.1348703
692.15	0	.6282642	0	.2366506	.1350853
691.15	0	.6281914	0	.2365093	.1352993
690.15	0	.628119	0	.2363687	.1355124
689.15	0	.6280469	0	.2362286	.1357245
688.15	0	.6279752	0	.236089	.1359358
687.15	0	.6279038	0	.2359501	.1361462
686.15	0	.6278327	0	.2358117	.1363556
685.15	0	.627762	0	.2356738	.1365642
684.15	0	.6276916	0	.2355366	.1367719
683.15	0	.6276215	0	.2353999	.1369786
682.15	0	.6275518	0	.2352637	.1371845
681.15	0	.6274824	0	.2351282	.1373895
680.15	0	.6274133	0	.2349931	.1375936
679.15	0	.6273446	0	.2348587	.1377968
678.15	0	.6272762	0	.2347248	.1379991
677.15	0	.6272081	0	.2345914	.1382005
676.15	0	.6271403	0	.2344587	.138401
675.15	0	.6270729	0	.2343264	.1386007
674.15	0	.6270058	0	.2341947	.1387995
673.15	0	.626939	0	.2340636	.1389974
672.15	0	.6268726	0	.2339331	.1391944
671.15	0	.6268064	0	.233803	.1393905
670.15	0	.6267406	0	.2336736	.1395858
669.15	0	.6266751	0	.2335447	.1397802
668.15	0	.6266099	0	.2334163	.1399738
667.15	0	.6265451	0	.2332885	.1401664
666.15	0	.6264806	0	.2331612	.1403582
665.15	0	.6264163	0	.2330345	.1405492
664.15	0	.6263524	0	.2329083	.1407393
663.15	0	.6262888	0	.2327827	.1409285
662.15	0	.6262255	0	.2326576	.1411169
661.15	0	.6261626	0	.232533	.1413044
660.15	0	.6260999	0	.232409	.1414911
659.15	0	.6260376	0	.2322856	.1416769
658.15	0	.6259755	0	.2321626	.1418618
657.15	0	.6259138	0	.2320403	.1420459
656.15	0	.6258524	0	.2319184	.1422292
655.15	0	.6257913	0	.2317971	.1424116
654.15	0	.6257305	0	.2316763	.1425932
653.15	0	.62567	0	.2315561	.142774
652.15	0	.6256098	0	.2314364	.1429539
651.15	0	.6255499	0	.2313172	.1431329
650.15	0	.6254903	0	.2311986	.1433112
649.15	0	.625431	0	.2310805	.1434886
648.15	0	.625372	0	.2309629	.1436651
647.15	0	.6253133	0	.2308458	.1438409
646.15	0	.6252549	0	.2307293	.1440158
645.15	0	.6251968	0	.2306133	.1441899
644.15	0	.625139	0	.2304979	.1443632
643.15	0	.6250815	0	.2303829	.1445356
642.15	0	.6250243	0	.2302685	.1447072
641.15	0	.6249673	0	.2301546	.1448781
640.15	0	.6249107	0	.2300412	.145048
639.15	0	.6248544	0	.2299284	.1452172
638.15	0	.6247984	0	.2298161	.1453856
637.15	0	.6247426	0	.2297042	.1455531
636.15	0	.6246871	0	.229593	.1457199
635.15	0	.624632	0	.2294822	.1458859
634.15	0	.6245771	0	.2293719	.146051
633.15	0	.6245225	0	.2292622	.1462153
632.15	0	.6244682	0	.229153	.1463789
631.15	0	.6244142	0	.2290442	.1465416
630.15	0	.6243604	0	.228936	.1467035
629.15	0	.624307	0	.2288283	.1468647
628.15	0	.6242538	0	.2287212	.1470251
627.15	0	.6242009	0	.2286145	.1471846
626.15	0	.6241483	0	.2285083	.1473434
625.15	0	.624096	0	.2284026	.1475014
624.15	0	.6240439	0	.2282975	.1476586
623.15	0	.6239922	0	.2281928	.147815
622.15	0	.6239407	0	.2280887	.1479706
621.15	0	.6238895	0	.227985	.1481255
620.15	0	.6238385	0	.2278819	.1482796
619.15	0	.6237879	0	.2277792	.1484329
618.15	0	.6237375	0	.2276771	.1485854
617.15	0	.6236874	0	.2275755	.1487372
616.15	0	.6236375	0	.2274743	.1488882
615.15	0	.623588	0	.2273737	.1490384
614.15	0	.6235387	0	.2272735	.1491879
613.15	0	.6234896	0	.2271738	.1493365
612.15	0	.6234409	0	.2270746	.1494845
611.15	0	.6233924	0	.226976	.1496317
610.15	0	.6233442	0	.2268778	.1497781
609.15	0	.6232962	0	.2267801	.1499237
608.15	0	.6232485	0	.2266828	.1500686
607.15	0	.6232011	0	.2265861	.1502128
606.15	0	.623154	0	.2264899	.1503562
605.15	0	.6231071	0	.2263941	.1504989
604.15	0	.6230604	0	.2262988	.1506408
603.15	0	.6230141	0	.226204	.1507819
602.15	0	.622968	0	.2261097	.1509224
601.15	0	.6229221	0	.2260158	.151062
600.15	0	.6228765	0	.2259225	.151201
599.15	0	.6228312	0	.2258296	.1513392
598.15	0	.6227861	0	.2257372	.1514767
597.15	0	.6227413	0	.2256453	.1516134
596.15	0	.6226968	0	.2255538	.1517495
595.15	0	.6226525	0	.2254628	.1518847
594.15	0	.6226084	0	.2253723	.1520193
593.15	0	.6225646	0	.2252822	.1521532
592.15	0	.6225211	0	.2251926	.1522863
591.15	0	.6224778	0	.2251035	.1524187
590.15	0	.6224348	0	.2250149	.1525504
589.15	0	.622392	0	.2249267	.1526813
588.15	0	.6223495	0	.224839	.1528116
587.15	0	.6223072	0	.2247517	.1529412
586.15	0	.6222651	0	.2246649	.15307
585.15	0	.6222233	0	.2245785	.1531981
584.15	0	.6221818	0	.2244927	.1533256
583.15	0	.6221405	0	.2244072	.1534523
582.15	0	.6220994	0	.2243222	.1535783
581.15	0	.6220586	0	.2242377	.1537037
580.15	0	.6220181	0	.2241536	.1538283
579.15	0	.6219777	0	.22407	.1539522
578.15	0	.6219377	0	.2239869	.1540755
577.15	0	.6218978	0	.2239041	.1541981
576.15	0	.6218582	0	.2238218	.1543199
575.15	0	.6218188	0	.22374	.1544411
574.15	0	.6217797	0	.2236586	.1545617
573.15	0	.6217408	0	.2235777	.1546815
572.15	0	.6217022	0	.2234972	.1548007
571.15	0	.6216637	0	.2234171	.1549191
570.15	0	.6216256	0	.2233375	.155037
569.15	0	.6215876	0	.2232583	.1551541
568.15	0	.6215499	0	.2231796	.1552706
567.15	0	.6215124	0	.2231012	.1553864
566.15	0	.6214751	0	.2230234	.1555015
565.15	0	.6214381	0	.2229459	.155616
564.15	0	.6214013	0	.2228689	.1557298
563.15	0	.6213647	0	.2227923	.155843
562.15	0	.6213284	0	.2227161	.1559555
561.15	0	.6212923	0	.2226404	.1560674
560.15	0	.6212564	0	.222565	.1561786
559.15	0	.6212207	0	.2224901	.1562892
558.15	0	.6211853	0	.2224157	.1563991
557.15	0	.62115	0	.2223416	.1565084
556.15	0	.621115	0	.222268	.156617
555.15	0	.6210803	0	.2221947	.156725
554.15	0	.6210457	0	.2221219	.1568324
553.15	0	.6210114	0	.2220495	.1569391
552.15	0	.6209772	0	.2219775	.1570452
551.15	0	.6209433	0	.221906	.1571507
550.15	0	.6209097	0	.2218348	.1572556
549.15	0	.6208762	0	.221764	.1573598
548.15	0	.6208429	0	.2216937	.1574634
547.15	0	.6208099	0	.2216237	.1575664
546.15	0	.6207771	0	.2215542	.1576688
545.15	0	.6207444	0	.221485	.1577705
544.15	0	.620712	0	.2214163	.1578717
543.15	0	.6206798	0	.2213479	.1579722
542.15	0	.6206479	0	.22128	.1580722
541.15	0	.6206161	0	.2212124	.1581715
540.15	0	.6205845	0	.2211452	.1582703
539.15	0	.6205532	0	.2210785	.1583684
538.15	0	.620522	0	.2210121	.1584659
537.15	0	.620491	0	.2209461	.1585629
536.15	0	.6204603	0	.2208805	.1586593
535.15	0	.6204298	0	.2208152	.158755
534.15	0	.6203994	0	.2207504	.1588502
533.15	0	.6203693	0	.2206859	.1589448
532.15	0	.6203393	0	.2206218	.1590389
531.15	0	.6203096	0	.2205581	.1591323
530.15	0	.62028	0	.2204948	.1592252
529.15	0	.6202507	0	.2204318	.1593175
528.15	0	.6202215	0	.2203692	.1594092
527.15	0	.6201926	0	.220307	.1595004
526.15	0	.6201638	0	.2202452	.159591
525.15	0	.6201353	0	.2201837	.1596811
524.15	0	.6201069	0	.2201226	.1597706
523.15	0	.6200787	0	.2200618	.1598595
522.15	0	.6200507	0	.2200014	.1599479
521.15	0	.6200229	0	.2199414	.1600357
520.15	0	.6199953	0	.2198817	.160123
519.15	0	.6199679	0	.2198224	.1602097
518.15	0	.6199406	0	.2197634	.1602959
517.15	0	.6199136	0	.2197048	.1603816
516.15	0	.6198867	0	.2196466	.1604667
515.15	0	.61986	0	.2195887	.1605513
514.15	0	.6198335	0	.2195311	.1606353
513.15	0	.6198072	0	.2194739	.1607188
512.15	0	.6197811	0	.2194171	.1608019
511.15	0	.6197551	0	.2193605	.1608843
510.15	0	.6197294	0	.2193044	.1609663
509.15	0	.6197038	0	.2192485	.1610477
508.15	0	.6196783	0	.219193	.1611286
507.15	0	.6196531	0	.2191378	.161209
506.15	0	.619628	0	.219083	.161289
505.15	0	.6196031	0	.2190285	.1613684
504.15	0	.6195784	0	.2189743	.1614472
503.15	0	.6195539	0	.2189205	.1615256
502.15	0	.6195295	0	.218867	.1616035
501.15	0	.6195053	0	.2188138	.1616809
500.15	0	.6194813	0	.2187609	.1617578
499.15	0	.6194574	0	.2187084	.1618342
498.15	0	.6194337	0	.2186561	.1619102
497.15	0	.6194102	0	.2186042	.1619856
496.15	0	.6193868	0	.2185526	.1620606
495.15	0	.6193636	0	.2185013	.1621351
494.15	0	.6193406	0	.2184504	.1622091
493.15	0	.6193177	0	.2183997	.1622826
492.15	0	.619295	0	.2183493	.1623557
491.15	0	.6192724	0	.2182993	.1624283
490.15	0	.6192501	0	.2182496	.1625004
489.15	0	.6192278	0	.2182001	.1625721
488.15	0	.6192057	0	.218151	.1626433
487.15	0	.6191838	0	.2181021	.162714
486.15	0	.6191621	0	.2180536	.1627844
485.15	0	.6191405	0	.2180053	.1628542
484.15	0	.619119	0	.2179574	.1629236
483.15	0	.6190977	0	.2179097	.1629926
482.15	0	.6190766	0	.2178623	.1630611
481.15	0	.6190556	0	.2178152	.1631292
480.15	0	.6190347	0	.2177684	.1631969
479.15	0	.6190141	0	.2177219	.1632641
478.15	0	.6189935	0	.2176756	.1633309
477.15	0	.6189731	0	.2176297	.1633972
476.15	0	.6189529	0	.217584	.1634632
475.15	0	.6189328	0	.2175385	.1635287
474.15	0	.6189128	0	.2174934	.1635938
473.15	0	.618893	0	.2174485	.1636585
472.15	0	.6188733	0	.217404	.1637228
471.15	0	.6188538	0	.2173596	.1637866
470.15	0	.6188344	0	.2173156	.1638501
469.15	0	.6188151	0	.2172718	.1639132
468.15	0	.618796	0	.2172282	.1639758
467.15	0	.618777	0	.2171849	.1640381
466.15	0	.6187582	0	.2171419	.1640999
465.15	0	.6187395	0	.2170991	.1641614
464.15	0	.6187209	0	.2170566	.1642225
463.15	0	.6187024	0	.2170144	.1642832
462.15	0	.6186841	0	.2169724	.1643435
461.15	0	.618666	0	.2169306	.1644035
460.15	0	.6186479	0	.2168891	.164463
459.15	0	.61863	0	.2168478	.1645222
458.15	0	.6186122	0	.2168068	.164581
457.15	0	.6185946	0	.216766	.1646395
456.15	0	.618577	0	.2167254	.1646975
455.15	0	.6185596	0	.2166851	.1647553
454.15	0	.6185423	0	.2166451	.1648126
453.15	0	.6185252	0	.2166052	.1648696
452.15	0	.6185081	0	.2165656	.1649263
