T	 BPW(LIQUID)	BPW(BCC_A2)	BPW(FCC_A1)	BPW(LAVES_PHASE_C14)	BPW(NI3TI)
1473.15	.2692552	.7307448	0	0	0
1472.15	.2660405	.7339595	0	0	0
1471.15	.2628494	.7371506	0	0	0
1470.15	.2596816	.7403184	0	0	0
1469.15	.256537	.743463	0	0	0
1468.15	.2534155	.7465845	0	0	0
1467.15	.250317	.7496831	0	0	0
1466.15	.2472411	.7527589	0	0	0
1465.15	.2441879	.7558121	0	0	0
1464.15	.2411571	.7588429	0	0	0
1463.15	.2381486	.7618514	0	0	0
1462.15	.2351622	.7648378	0	0	0
1461.15	.2321978	.7678022	0	0	0
1460.15	.2292552	.7707448	0	0	0
1459.15	.2263343	.7736657	0	0	0
1458.15	.223435	.776565	0	0	0
1457.15	.220557	.779443	0	0	0
1456.15	.2177003	.7822997	0	0	0
1455.15	.2148646	.7851354	0	0	0
1454.15	.2120499	.7879501	0	0	0
1453.751	.2109322	.7890678	0	0	0
1453.751	.2109322	.7890678	0	0	0
1453.751	.2109322	.7890678	0	0	0
1453.15	.2080161	.7909119	0	.00107198	0
1452.15	.2032244	.7939377	0	.002837865	0
1451.15	.1985083	.7969103	0	.004581402	0
1450.15	.1938658	.7998311	0	.006303131	0
1449.15	.1892953	.8027011	0	.008003573	0
1448.15	.1847952	.8055216	0	.009683233	0
1447.15	.1803637	.8082937	0	.0113426	0
1446.15	.1759994	.8110184	0	.01298216	0
1445.15	.1717007	.8136969	0	.01460236	0
1444.15	.1674662	.8163302	0	.01620366	0
1443.15	.1632943	.8189192	0	.01778649	0
1442.15	.1591837	.821465	0	.01935127	0
1441.15	.1551331	.8239685	0	.02089841	0
1440.15	.1511411	.8264306	0	.02242831	0
1439.15	.1472064	.8288522	0	.02394135	0
1438.15	.1433279	.8312342	0	.02543792	0
1437.15	.1395042	.8335774	0	.02691837	0
1436.15	.1357342	.8358827	0	.02838306	0
1435.15	.1320169	.8381508	0	.02983233	0
1434.15	.1283509	.8403826	0	.03126652	0
1433.15	.1247353	.8425787	0	.03268595	0
1432.15	.1211691	.84474	0	.03409094	0
1431.15	.1176511	.8468671	0	.03548179	0
1430.15	.1141804	.8489608	0	.03685881	0
1429.15	.110756	.8510217	0	.03822229	0
1428.15	.107377	.8530505	0	.03957251	0
1427.15	.1040424	.8550478	0	.04090975	0
1426.15	.1007514	.8570143	0	.04223427	0
1425.15	.09750306	.8589506	0	.04354633	0
1424.15	.09429652	.8608573	0	.04484619	0
1423.15	.09113097	.8627349	0	.0461341	0
1422.15	.08800559	.8645841	0	.0474103	0
1421.15	.0849196	.8664054	0	.04867502	0
1420.15	.08187222	.8681993	0	.0499285	0
1419.15	.0788627	.8699663	0	.05117094	0
1418.15	.07589032	.8717071	0	.05240258	0
1417.15	.07295436	.873422	0	.05362363	0
1416.15	.07005411	.8751116	0	.05483428	0
1415.15	.0671889	.8767764	0	.05603474	0
1414.15	.06435808	.8784167	0	.05722521	0
1413.15	.06156098	.8800331	0	.05840588	0
1412.15	.05879698	.8816261	0	.05957694	0
1411.15	.05606546	.883196	0	.06073856	0
1410.15	.05336582	.8847433	0	.06189093	0
1409.15	.05069747	.8862683	0	.06303421	0
1408.15	.04805983	.8877716	0	.06416858	0
1407.15	.04545235	.8892534	0	.06529421	0
1406.15	.04287448	.8907143	0	.06641124	0
1405.15	.04032568	.8921545	0	.06751985	0
1404.15	.03780543	.8935744	0	.06862018	0
1403.15	.03531322	.8949744	0	.06971238	0
1402.15	.03284855	.8963549	0	.07079661	0
1401.15	.03041092	.8977161	0	.07187299	0
1400.15	.02799988	.8990585	0	.07294168	0
1399.15	.02561493	.9003823	0	.07400281	0
1398.15	.02325564	.9016879	0	.0750565	0
1397.15	.02092156	.9029755	0	.0761029	0
1396.15	.01861224	.9042456	0	.07714213	0
1395.15	.01632726	.9054984	0	.07817431	0
1394.15	.01406621	.9067342	0	.07919956	0
1393.15	.01182868	.9079533	0	.08021801	0
1392.15	.009614256	.909156	0	.08122977	0
1391.15	.007422564	.9103425	0	.08223495	0
1390.15	.005253215	.9115131	0	.08323367	0
1389.15	.003105835	.9126681	0	.08422602	0
1388.15	9.800567E-04	.9138078	0	.08521213	0
1387.686	0	.914332	0	.08566802	0
1387.686	0	.914332	0	.08566802	0
1387.15	0	.9139844	0	.08601557	0
1386.15	0	.9133366	0	.08666336	0
1385.15	0	.9126904	0	.08730962	0
1384.15	0	.9120456	0	.08795436	0
1383.15	0	.9114024	0	.08859759	0
1382.15	0	.9107607	0	.08923931	0
1381.15	0	.9101205	0	.08987954	0
1380.15	0	.9094817	0	.09051826	0
1379.15	0	.9088445	0	.0911555	0
1378.15	0	.9082088	0	.09179125	0
1377.15	0	.9075745	0	.09242551	0
1376.15	0	.9069417	0	.0930583	0
1375.15	0	.9063104	0	.09368961	0
1374.15	0	.9056805	0	.09431946	0
1373.15	0	.9050522	0	.09494785	0
1372.15	0	.9044252	0	.09557477	0
1371.15	0	.9037998	0	.09620024	0
1370.15	0	.9031757	0	.09682427	0
1369.15	0	.9025532	0	.09744685	0
1368.15	0	.901932	0	.09806799	0
1367.15	0	.9013123	0	.09868769	0
1366.15	0	.900694	0	.09930597	0
1365.15	0	.9000772	0	.09992282	0
1364.15	0	.8994618	0	.1005382	0
1363.15	0	.8988477	0	.1011523	0
1362.15	0	.8982351	0	.1017649	0
1361.15	0	.897624	0	.1023761	0
1360.15	0	.8970142	0	.1029858	0
1359.15	0	.8964058	0	.1035942	0
1358.15	0	.8957988	0	.1042012	0
1357.15	0	.8951932	0	.1048068	0
1356.15	0	.894589	0	.1054111	0
1355.15	0	.8939861	0	.1060139	0
1354.15	0	.8933846	0	.1066154	0
1353.15	0	.8927846	0	.1072154	0
1352.15	0	.8921858	0	.1078142	0
1351.15	0	.8915885	0	.1084115	0
1350.15	0	.8909925	0	.1090075	0
1349.15	0	.8903978	0	.1096022	0
1348.15	0	.8898045	0	.1101955	0
1347.15	0	.8892126	0	.1107874	0
1346.15	0	.888622	0	.111378	0
1345.15	0	.8880327	0	.1119673	0
1344.15	0	.8874448	0	.1125552	0
1343.15	0	.8868582	0	.1131418	0
1342.15	0	.8862729	0	.1137271	0
1341.15	0	.8856889	0	.1143111	0
1340.15	0	.8851063	0	.1148937	0
1339.15	0	.884525	0	.115475	0
1338.15	0	.8839449	0	.1160551	0
1337.15	0	.8833662	0	.1166338	0
1336.15	0	.8827888	0	.1172112	0
1335.15	0	.8822127	0	.1177873	0
1334.15	0	.8816379	0	.1183621	0
1333.15	0	.8810643	0	.1189357	0
1332.15	0	.8804921	0	.1195079	0
1331.15	0	.8799211	0	.1200789	0
1330.15	0	.8793515	0	.1206485	0
1329.15	0	.878783	0	.121217	0
1328.15	0	.8782159	0	.1217841	0
1327.15	0	.87765	0	.12235	0
1326.15	0	.8770854	0	.1229146	0
1325.15	0	.8765221	0	.123478	0
1324.15	0	.87596	0	.1240401	0
1323.15	0	.8753991	0	.1246009	0
1322.15	0	.8748395	0	.1251605	0
1321.15	0	.8742811	0	.1257189	0
1320.15	0	.873724	0	.126276	0
1319.15	0	.8731681	0	.1268319	0
1318.15	0	.8726135	0	.1273865	0
1317.15	0	.87206	0	.1279399	0
1316.15	0	.8715079	0	.1284921	0
1315.15	0	.8709569	0	.1290431	0
1314.15	0	.8704071	0	.1295929	0
1313.15	0	.8698586	0	.1301414	0
1312.15	0	.8693112	0	.1306888	0
1311.15	0	.8687651	0	.1312349	0
1310.15	0	.8682201	0	.1317799	0
1309.15	0	.8676764	0	.1323236	0
1308.15	0	.8671339	0	.1328661	0
1307.15	0	.8665926	0	.1334075	0
1306.15	0	.8660524	0	.1339476	0
1305.15	0	.8655134	0	.1344866	0
1304.15	0	.8649756	0	.1350244	0
1303.15	0	.864439	0	.135561	0
1302.15	0	.8639036	0	.1360964	0
1301.15	0	.8633693	0	.1366307	0
1300.15	0	.8628362	0	.1371638	0
1299.15	0	.8623043	0	.1376957	0
1298.15	0	.8617736	0	.1382265	0
1297.15	0	.8612439	0	.1387561	0
1296.15	0	.8607155	0	.1392845	0
1295.15	0	.8601882	0	.1398118	0
1294.15	0	.859662	0	.140338	0
1293.15	0	.859137	0	.140863	0
1292.15	0	.8586132	0	.1413869	0
1291.15	0	.8580904	0	.1419096	0
1290.15	0	.8575688	0	.1424312	0
1289.15	0	.8570484	0	.1429516	0
1288.15	0	.856529	0	.143471	0
1287.15	0	.8560108	0	.1439892	0
1286.15	0	.8554937	0	.1445063	0
1285.15	0	.8549777	0	.1450222	0
1284.15	0	.8544629	0	.1455371	0
1283.15	0	.8539492	0	.1460509	0
1282.15	0	.8534365	0	.1465635	0
1281.15	0	.852925	0	.147075	0
1280.15	0	.8524146	0	.1475854	0
1279.15	0	.8519052	0	.1480948	0
1278.15	0	.851397	0	.148603	0
1277.15	0	.8508899	0	.1491101	0
1276.15	0	.8503838	0	.1496162	0
1275.15	0	.8498789	0	.1501211	0
1274.15	0	.849375	0	.150625	0
1273.15	0	.8488722	0	.1511278	0
1272.15	0	.8483705	0	.1516295	0
1271.15	0	.8478699	0	.1521301	0
1270.15	0	.8473703	0	.1526297	0
1269.15	0	.8468718	0	.1531282	0
1268.15	0	.8463744	0	.1536256	0
1267.15	0	.845878	0	.154122	0
1266.15	0	.8453827	0	.1546173	0
1265.15	0	.8448884	0	.1551116	0
1264.15	0	.8443953	0	.1556048	0
1263.15	0	.8439031	0	.1560969	0
1262.15	0	.843412	0	.156588	0
1261.15	0	.842922	0	.157078	0
1260.15	0	.842433	0	.157567	0
1259.15	0	.841945	0	.158055	0
1258.15	0	.8414581	0	.1585419	0
1257.15	0	.8409722	0	.1590278	0
1256.15	0	.8404873	0	.1595127	0
1255.15	0	.8400035	0	.1599965	0
1254.15	0	.8395207	0	.1604793	0
1253.15	0	.8390389	0	.1609611	0
1252.15	0	.8385582	0	.1614418	0
1251.15	0	.8380784	0	.1619216	0
1250.15	0	.8375997	0	.1624003	0
1249.15	0	.837122	0	.162878	0
1248.15	0	.8366453	0	.1633547	0
1247.15	0	.8361696	0	.1638304	0
1246.15	0	.8356949	0	.1643051	0
1245.15	0	.8352212	0	.1647788	0
1244.15	0	.8347485	0	.1652515	0
1243.15	0	.8342768	0	.1657232	0
1242.15	0	.8338061	0	.1661939	0
1241.15	0	.8333364	0	.1666636	0
1240.15	0	.8328677	0	.1671323	0
1239.15	0	.8324	0	.1676	0
1238.15	0	.8319332	0	.1680668	0
1237.15	0	.8314675	0	.1685325	0
1236.15	0	.8310027	0	.1689973	0
1235.15	0	.8305388	0	.1694612	0
1234.15	0	.830076	0	.169924	0
1233.15	0	.8296141	0	.1703859	0
1232.15	0	.8291532	0	.1708468	0
1231.15	0	.8286933	0	.1713067	0
1230.15	0	.8282343	0	.1717657	0
1229.15	0	.8277763	0	.1722237	0
1228.15	0	.8273193	0	.1726807	0
1227.15	0	.8268632	0	.1731368	0
1226.15	0	.826408	0	.173592	0
1225.15	0	.8259538	0	.1740462	0
1224.15	0	.8255006	0	.1744994	0
1223.15	0	.8250483	0	.1749517	0
1222.15	0	.8245969	0	.1754031	0
1221.15	0	.8241465	0	.1758535	0
1220.15	0	.823697	0	.176303	0
1219.15	0	.8232485	0	.1767515	0
1218.15	0	.8228009	0	.1771991	0
1217.15	0	.8223542	0	.1776458	0
1216.15	0	.8219085	0	.1780915	0
1215.15	0	.8214636	0	.1785364	0
1214.15	0	.8210197	0	.1789803	0
1213.15	0	.8205768	0	.1794232	0
1212.15	0	.8201347	0	.1798653	0
1211.15	0	.8196936	0	.1803064	0
1210.15	0	.8192534	0	.1807466	0
1209.15	0	.818814	0	.181186	0
1208.15	0	.8183757	0	.1816244	0
1207.15	0	.8179382	0	.1820618	0
1206.15	0	.8175016	0	.1824984	0
1205.15	0	.8170659	0	.1829341	0
1204.15	0	.8166311	0	.1833689	0
1203.15	0	.8161973	0	.1838027	0
1202.15	0	.8157643	0	.1842357	0
1201.15	0	.8153322	0	.1846678	0
1200.15	0	.814901	0	.185099	0
1199.15	0	.8144707	0	.1855293	0
1198.15	0	.8140413	0	.1859587	0
1197.15	0	.8136128	0	.1863872	0
1196.15	0	.8131851	0	.1868149	0
1195.15	0	.8127584	0	.1872416	0
1194.15	0	.8123325	0	.1876675	0
1193.15	0	.8119075	0	.1880925	0
1192.15	0	.8114834	0	.1885166	0
1191.15	0	.8110601	0	.1889399	0
1190.15	0	.8106378	0	.1893622	0
1189.15	0	.8102163	0	.1897838	0
1188.15	0	.8097956	0	.1902044	0
1187.15	0	.8093758	0	.1906242	0
1186.15	0	.8089569	0	.1910431	0
1185.15	0	.8085389	0	.1914611	0
1184.15	0	.8081217	0	.1918783	0
1183.15	0	.8077053	0	.1922947	0
1182.15	0	.8072899	0	.1927101	0
1181.15	0	.8068753	0	.1931248	0
1180.15	0	.8064615	0	.1935385	0
1179.15	0	.8060486	0	.1939515	0
1178.15	0	.8056365	0	.1943635	0
1177.15	0	.8052252	0	.1947748	0
1176.15	0	.8048149	0	.1951852	0
1175.15	0	.8044053	0	.1955947	0
1174.15	0	.8039966	0	.1960034	0
1173.15	0	.8035887	0	.1964113	0
1172.15	0	.8031817	0	.1968183	0
1171.15	0	.8027755	0	.1972245	0
1170.15	0	.8023701	0	.1976299	0
1169.15	0	.8019656	0	.1980344	0
1168.15	0	.8015619	0	.1984381	0
1167.15	0	.801159	0	.198841	0
1166.15	0	.8007569	0	.1992431	0
1165.15	0	.8003557	0	.1996443	0
1164.15	0	.7999553	0	.2000447	0
1163.15	0	.7995557	0	.2004443	0
1162.15	0	.7991569	0	.2008431	0
1161.15	0	.7987589	0	.2012411	0
1160.15	0	.7983618	0	.2016382	0
1159.15	0	.7979654	0	.2020346	0
1158.15	0	.7975699	0	.2024301	0
1157.15	0	.7971752	0	.2028248	0
1156.15	0	.7967812	0	.2032188	0
1155.15	0	.7963881	0	.2036119	0
1154.15	0	.7959958	0	.2040042	0
1153.15	0	.7956043	0	.2043957	0
1152.15	0	.7952136	0	.2047864	0
1151.15	0	.7948236	0	.2051764	0
1150.15	0	.7944345	0	.2055655	0
1149.15	0	.7940462	0	.2059538	0
1148.15	0	.7936587	0	.2063413	0
1147.15	0	.7932719	0	.2067281	0
1146.15	0	.792886	0	.207114	0
1145.15	0	.7925008	0	.2074992	0
1145.073	0	.7924712	0	.2075289	0
1145.073	0	.7924712	0	.2075289	0
1145.073	0	.7924712	0	.2075289	0
1144.15	0	.7914292	7.226891E-04	.2078481	0
1143.15	0	.7903033	.001503565	.2081932	0
1142.15	0	.7891804	.002282261	.2085373	0
1141.15	0	.7880606	.003058778	.2088806	0
1140.15	0	.7869438	.003833119	.209223	0
1139.15	0	.7858301	.004605284	.2095646	0
1138.15	0	.7847194	.005375275	.2099053	0
1137.15	0	.7836118	.006143093	.2102451	0
1136.15	0	.7825072	.006908739	.210584	0
1135.15	0	.7814057	.007672216	.2109221	0
1134.15	0	.7803072	.008433523	.2112593	0
1133.15	0	.7792117	.009192663	.2115957	0
1132.15	0	.7781192	.009949636	.2119312	0
1131.15	0	.7770297	.01070444	.2122658	0
1130.15	0	.7759433	.01145709	.2125996	0
1129.15	0	.7748598	.01220757	.2129326	0
1128.15	0	.7737794	.01295589	.2132647	0
1127.15	0	.772702	.01370205	.213596	0
1126.15	0	.7716276	.01444604	.2139264	0
1125.15	0	.7705562	.01518788	.2142559	0
1124.15	0	.7694878	.01592757	.2145847	0
1123.15	0	.7684224	.01666509	.2149126	0
1122.15	0	.7673599	.01740046	.2152396	0
1121.15	0	.7663005	.01813368	.2155659	0
1120.15	0	.765244	.01886474	.2158913	0
1119.15	0	.7641905	.01959365	.2162158	0
1118.15	0	.76314	.0203204	.2165395	0
1117.15	0	.7620925	.02104501	.2168625	0
1116.15	0	.761048	.02176746	.2171846	0
1115.15	0	.7600064	.02248777	.2175058	0
1114.15	0	.7589678	.02320592	.2178263	0
1113.15	0	.7579322	.02392193	.2181459	0
1112.15	0	.7568995	.02463579	.2184647	0
1111.15	0	.7558698	.0253475	.2187828	0
1110.15	0	.754843	.02605707	.2190999	0
1109.15	0	.7538192	.02676449	.2194163	0
1108.15	0	.7527983	.02746977	.2197319	0
1107.15	0	.7517804	.02817291	.2200467	0
1106.15	0	.7507655	.0288739	.2203606	0
1105.15	0	.7497535	.02957274	.2206738	0
1104.15	0	.7487444	.03026945	.2209862	0
1103.15	0	.7477383	.03096401	.2212977	0
1102.15	0	.7467351	.03165643	.2216085	0
1101.15	0	.7457348	.03234671	.2219185	0
1100.15	0	.7447375	.03303485	.2222276	0
1099.15	0	.7437431	.03372085	.222536	0
1098.15	0	.7427517	.03440471	.2228436	0
1097.15	0	.7417632	.03508643	.2231504	0
1096.15	0	.7407776	.03576601	.2234564	0
1095.15	0	.7397949	.03644345	.2237617	0
1094.15	0	.7388151	.03711876	.2240661	0
1093.15	0	.7378383	.03779192	.2243698	0
1092.15	0	.7368644	.03846295	.2246727	0
1091.15	0	.7358934	.03913184	.2249748	0
1090.15	0	.7349253	.0397986	.2252761	0
1089.15	0	.7339602	.04046322	.2255766	0
1088.15	0	.7329979	.0411257	.2258764	0
1087.15	0	.7320386	.04178604	.2261754	0
1086.15	0	.7310822	.04244425	.2264736	0
1085.15	0	.7301286	.04310033	.2267711	0
1084.15	0	.729178	.04375426	.2270677	0
1083.15	0	.7282303	.04440607	.2273637	0
1082.15	0	.7272855	.04505573	.2276588	0
1081.15	0	.7263436	.04570326	.2279532	0
1080.15	0	.7254046	.04634866	.2282468	0
1079.15	0	.7244685	.04699192	.2285396	0
1078.15	0	.7235352	.04763304	.2288317	0
1077.15	0	.7226049	.04827203	.2291231	0
1076.15	0	.7216775	.04890889	.2294136	0
1075.15	0	.720753	.04954361	.2297034	0
1074.15	0	.7198313	.05017619	.2299925	0
1073.15	0	.7189126	.05080664	.2302808	0
1072.15	0	.7179967	.05143496	.2305683	0
1071.15	0	.7170837	.05206114	.2308551	0
1070.15	0	.7161737	.05268518	.2311412	0
1069.15	0	.7152665	.0533071	.2314265	0
1068.15	0	.7143622	.05392687	.231711	0
1067.15	0	.7134607	.05454451	.2319948	0
1066.15	0	.7125622	.05516002	.2322778	0
1065.15	0	.7116665	.05577339	.2325601	0
1064.15	0	.7107737	.05638463	.2328416	0
1063.15	0	.7098838	.05699373	.2331224	0
1062.15	0	.7089968	.05760069	.2334025	0
1061.15	0	.7081127	.05820552	.2336818	0
1060.15	0	.7072314	.05880822	.2339604	0
1059.15	0	.706353	.05940878	.2342382	0
1058.15	0	.7054775	.0600072	.2345153	0
1057.15	0	.7046049	.06060349	.2347916	0
1056.15	0	.7037351	.06119764	.2350672	0
1055.15	0	.7028683	.06178966	.2353421	0
1054.15	0	.7020042	.06237954	.2356162	0
1053.15	0	.7011431	.06296728	.2358896	0
1052.15	0	.7002848	.06355289	.2361623	0
1051.15	0	.6994295	.06413637	.2364342	0
1050.15	0	.6985769	.0647177	.2367054	0
1049.15	0	.6977273	.06529691	.2369758	0
1048.15	0	.6968805	.06587397	.2372455	0
1047.15	0	.6960366	.0664489	.2375145	0
1046.15	0	.6951955	.06702169	.2377828	0
1045.15	0	.6943574	.06759235	.2380503	0
1044.15	0	.6935221	.06816087	.2383171	0
1043.15	0	.6926896	.06872725	.2385831	0
1042.15	0	.69186	.0692915	.2388485	0
1041.15	0	.6910333	.06985361	.2391131	0
1040.15	0	.6902095	.07041358	.2393769	0
1039.15	0	.6893885	.07097142	.2396401	0
1038.15	0	.6885704	.07152712	.2399025	0
1037.15	0	.6877552	.07208069	.2401642	0
1036.15	0	.6869428	.07263212	.2404251	0
1035.15	0	.6861333	.07318141	.2406853	0
1034.15	0	.6853266	.07372857	.2409448	0
1033.15	0	.6845228	.07427359	.2412036	0
1032.15	0	.6837219	.07481648	.2414617	0
1031.15	0	.6829238	.07535723	.241719	0
1030.15	0	.6821286	.07589584	.2419756	0
1029.15	0	.6813363	.07643233	.2422314	0
1028.15	0	.6805468	.07696667	.2424866	0
1027.15	0	.6797601	.07749889	.242741	0
1026.15	0	.6789764	.07802896	.2429947	0
1025.15	0	.6781955	.07855691	.2432476	0
1024.15	0	.6774174	.07908272	.2434999	0
1023.15	0	.6766422	.0796064	.2437514	0
1022.15	0	.6758699	.08012795	.2440021	0
1021.15	0	.6751004	.08064737	.2442522	0
1020.15	0	.6743338	.08116465	.2445015	0
1019.15	0	.6735701	.0816798	.2447501	0
1018.15	0	.6728092	.08219283	.244998	0
1017.15	0	.6720511	.08270372	.2452452	0
1016.15	0	.6712959	.08321249	.2454916	0
1015.15	0	.6705436	.08371913	.2457373	0
1014.15	0	.6697941	.08422364	.2459822	0
1013.15	0	.6690475	.08472603	.2462265	0
1012.15	0	.6683037	.08522629	.24647	0
1011.15	0	.6675628	.08572443	.2467128	0
1010.15	0	.6668247	.08622045	.2469548	0
1009.15	0	.6660895	.08671434	.2471961	0
1008.15	0	.6653572	.08720611	.2474367	0
1007.15	0	.6646277	.08769577	.2476766	0
1006.15	0	.663901	.0881833	.2479157	0
1005.15	0	.6631772	.08866872	.2481541	0
1004.15	0	.6624562	.08915203	.2483918	0
1003.15	0	.6617381	.08963322	.2486287	0
1002.15	0	.6610228	.0901123	.2488649	0
1001.15	0	.6603104	.09058927	.2491004	0
1000.15	0	.6596008	.09106413	.2493351	0
999.15	0	.658894	.09153689	.2495691	0
998.15	0	.6581901	.09200754	.2498023	0
997.15	0	.6574891	.09247609	.2500348	0
996.15	0	.6567908	.09294254	.2502666	0
995.15	0	.6560955	.09340689	.2504977	0
994.15	0	.6554029	.09386915	.250728	0
993.15	0	.6547132	.09432931	.2509575	0
992.15	0	.6540263	.09478738	.2511863	0
991.15	0	.6533423	.09524337	.2514144	0
990.15	0	.652661	.09569727	.2516417	0
989.15	0	.6519826	.09614908	.2518683	0
988.15	0	.6513071	.09659882	.2520941	0
987.15	0	.6506344	.09704649	.2523192	0
986.15	0	.6499644	.09749208	.2525435	0
985.15	0	.6492973	.0979356	.2527671	0
984.15	0	.6486331	.09837706	.2529899	0
983.15	0	.6479716	.09881645	.2532119	0
982.15	0	.647313	.09925379	.2534332	0
981.15	0	.6466571	.09968908	.2536538	0
980.15	0	.6460041	.1001223	.2538736	0
979.15	0	.6453539	.1005535	.2540926	0
978.15	0	.6447065	.1009827	.2543108	0
977.15	0	.6440619	.1014098	.2545283	0
976.15	0	.6434201	.1018349	.2547451	0
975.15	0	.6427811	.1022579	.254961	0
974.15	0	.6421449	.1026789	.2551762	0
973.15	0	.6415114	.103098	.2553906	0
972.15	0	.6408808	.103515	.2556043	0
971.15	0	.6402529	.10393	.2558171	0
970.15	0	.6396278	.104343	.2560292	0
969.15	0	.6390055	.104754	.2562405	0
968.15	0	.638386	.105163	.256451	0
967.15	0	.6377692	.1055701	.2566607	0
966.15	0	.6371552	.1059752	.2568697	0
965.15	0	.6365439	.1063783	.2570778	0
964.15	0	.6359354	.1067794	.2572852	0
963.15	0	.6353296	.1071786	.2574917	0
962.15	0	.6347266	.1075759	.2576975	0
961.15	0	.6341263	.1079712	.2579025	0
960.15	0	.6335288	.1083646	.2581066	0
959.15	0	.6329339	.1087561	.25831	0
958.15	0	.6323418	.1091457	.2585125	0
957.15	0	.6317525	.1095333	.2587142	0
956.15	0	.6311658	.1099191	.2589151	0
955.15	0	.6305818	.110303	.2591152	0
954.15	0	.6300005	.1106851	.2593145	0
953.15	0	.6294219	.1110652	.2595129	0
952.15	0	.628846	.1114436	.2597105	0
951.15	0	.6282727	.11182	.2599073	0
950.15	0	.6277021	.1121947	.2601032	0
949.15	0	.6271342	.1125675	.2602983	0
948.15	0	.6265689	.1129386	.2604926	0
947.15	0	.6260062	.1133078	.260686	0
946.15	0	.6254462	.1136753	.2608785	0
945.15	0	.6248888	.114041	.2610702	0
944.15	0	.624334	.1144049	.261261	0
943.15	0	.6237819	.1147671	.261451	0
942.15	0	.6232323	.1151276	.2616401	0
941.15	0	.6226852	.1154864	.2618284	0
940.15	0	.6221408	.1158435	.2620157	0
939.15	0	.6215989	.1161989	.2622022	0
938.15	0	.6210596	.1165526	.2623878	0
937.15	0	.6205228	.1169047	.2625725	0
936.15	0	.6199885	.1172552	.2627563	0
935.15	0	.6194567	.117604	.2629393	0
934.15	0	.6189275	.1179513	.2631213	0
933.15	0	.6184007	.118297	.2633024	0
932.15	0	.6178764	.1186411	.2634825	0
931.15	0	.6173545	.1189837	.2636618	0
930.15	0	.6168351	.1193248	.2638402	0
929.15	0	.6163181	.1196643	.2640176	0
928.15	0	.6158035	.1200024	.2641941	0
927.15	0	.6152913	.1203391	.2643696	0
926.15	0	.6147815	.1206743	.2645442	0
925.15	0	.6142741	.1210081	.2647178	0
924.15	0	.613769	.1213405	.2648905	0
923.15	0	.6132662	.1216716	.2650622	0
922.15	0	.6127657	.1220013	.265233	0
921.15	0	.6122675	.1223297	.2654027	0
920.15	0	.6117716	.1226569	.2655715	0
919.15	0	.611278	.1229827	.2657393	0
918.15	0	.6107865	.1233074	.2659061	0
917.15	0	.6102973	.1236308	.2660719	0
916.15	0	.6098102	.1239531	.2662367	0
915.15	0	.6093253	.1242743	.2664004	0
914.15	0	.6088426	.1245943	.2665632	0
913.15	0	.6083619	.1249132	.2667249	0
912.15	0	.6078834	.1252311	.2668855	0
911.15	0	.6074069	.125548	.2670451	0
910.15	0	.6069324	.1258639	.2672037	0
909.15	0	.60646	.1261788	.2673612	0
908.15	0	.6059895	.1264929	.2675176	0
907.15	0	.605521	.1268061	.2676729	0
906.15	0	.6050545	.1271184	.2678271	0
905.15	0	.6045898	.1274299	.2679803	0
904.15	0	.604127	.1277407	.2681323	0
903.15	0	.603666	.1280508	.2682832	0
902.15	0	.6032068	.1283602	.268433	0
901.15	0	.6027494	.128669	.2685817	0
900.15	0	.6022937	.1289772	.2687292	0
899.15	0	.6018397	.1292848	.2688755	0
898.15	0	.6013873	.129592	.2690207	0
897.15	0	.6009366	.1298987	.2691647	0
896.15	0	.6004875	.130205	.2693075	0
895.15	0	.60004	.130511	.2694491	0
894.15	0	.5995939	.1308167	.2695895	0
893.15	0	.5991493	.1311221	.2697286	0
892.15	0	.5987061	.1314274	.2698666	0
891.15	0	.5982643	.1317325	.2700032	0
890.15	0	.5978238	.1320375	.2701387	0
889.15	0	.5973846	.1323426	.2702728	0
888.15	0	.5969467	.1326476	.2704057	0
887.15	0	.5965099	.1329528	.2705372	0
886.15	0	.5960743	.1332582	.2706675	0
885.15	0	.5956398	.1335638	.2707964	0
884.15	0	.5952063	.1338697	.270924	0
883.15	0	.5947737	.134176	.2710502	0
882.15	0	.5943422	.1344828	.2711751	0
881.15	0	.5939114	.13479	.2712985	0
880.15	0	.5934815	.1350979	.2714206	0
879.15	0	.5930523	.1354065	.2715412	0
878.15	0	.5926238	.1357158	.2716604	0
877.15	0	.5921959	.1360259	.2717782	0
876.15	0	.5917686	.136337	.2718944	0
875.15	0	.5913417	.1366491	.2720092	0
874.15	0	.5909153	.1369622	.2721225	0
873.15	0	.5904892	.1372766	.2722342	0
872.15	0	.5900633	.1375923	.2723444	0
871.15	0	.5896377	.1379094	.272453	0
870.15	0	.5892121	.1382279	.27256	0
869.15	0	.5887865	.1385481	.2726654	0
868.15	0	.5883609	.1388699	.2727692	0
867.15	0	.5879352	.1391936	.2728713	0
866.15	0	.5875091	.1395192	.2729717	0
865.15	0	.5870828	.1398468	.2730704	0
864.15	0	.586656	.1401767	.2731674	0
863.15	0	.5862286	.1405088	.2732626	0
862.15	0	.5858007	.1408434	.273356	0
861.15	0	.5853719	.1411805	.2734475	0
860.15	0	.5849424	.1415204	.2735373	0
859.15	0	.5845118	.1418631	.2736251	0
858.15	0	.5840801	.1422088	.273711	0
857.15	0	.5836472	.1425578	.273795	0
856.15	0	.583213	.14291	.273877	0
855.15	0	.5827772	.1432658	.273957	0
854.15	0	.5823399	.1436252	.2740349	0
853.15	0	.5819007	.1439886	.2741107	0
852.15	0	.5814597	.144356	.2741843	0
851.15	0	.5810165	.1447277	.2742558	0
850.15	0	.5805711	.1451038	.2743251	0
849.15	0	.5801233	.1454847	.274392	0
848.15	0	.5796729	.1458705	.2744566	0
847.15	0	.5792197	.1462614	.2745189	0
846.15	0	.5787635	.1466579	.2745787	0
845.15	0	.578304	.1470599	.274636	0
844.15	0	.5778412	.147468	.2746908	0
843.15	0	.5773747	.1478824	.2747429	0
842.15	0	.5769044	.1483033	.2747924	0
841.15	0	.5764299	.1487311	.2748391	0
840.15	0	.5759509	.1491661	.2748829	0
839.15	0	.5754673	.1496088	.2749239	0
838.15	0	.5749787	.1500595	.2749618	0
837.15	0	.5744848	.1505185	.2749967	0
836.15	0	.5739852	.1509864	.2750284	0
835.15	0	.5734796	.1514637	.2750568	0
834.15	0	.5729676	.1519507	.2750818	0
833.15	0	.5724488	.152448	.2751033	0
832.15	0	.5719227	.1529562	.2751211	0
831.15	0	.5713889	.1534759	.2751352	0
830.15	0	.5708469	.1540077	.2751454	0
829.15	0	.5702961	.1545524	.2751514	0
828.15	0	.569736	.1551107	.2751533	0
827.15	0	.5691658	.1556834	.2751507	0
826.15	0	.568585	.1562714	.2751436	0
825.15	0	.5679927	.1568757	.2751316	0
824.15	0	.5673882	.1574973	.2751145	0
823.15	0	.5667705	.1581374	.2750921	0
822.15	0	.5661386	.1587973	.2750641	0
821.15	0	.5652006	.1598291	.2749703	0
820.15	0	.5640455	.1611275	.274827	0
819.15	0	.5629523	.1623564	.2746912	0
818.15	0	.5619159	.1635217	.2745624	0
817.15	0	.5609319	.1646283	.2744398	0
816.15	0	.5599961	.1656809	.274323	0
815.15	0	.559105	.1666835	.2742115	0
814.15	0	.5582553	.1676398	.2741049	0
813.15	0	.5574442	.168553	.2740028	0
812.15	0	.5566691	.1694261	.2739048	0
811.15	0	.5559276	.1702617	.2738107	0
810.15	0	.5552174	.1710623	.2737203	0
809.15	0	.5545368	.1718301	.2736331	0
808.15	0	.5538837	.1725672	.2735491	0
807.15	0	.5532567	.1732753	.273468	0
806.15	0	.5526541	.1739563	.2733896	0
805.15	0	.5520746	.1746117	.2733137	0
804.15	0	.5515169	.1752429	.2732403	0
803.15	0	.5509797	.1758513	.273169	0
802.15	0	.550462	.1764381	.2730999	0
801.15	0	.5499628	.1770045	.2730327	0
800.15	0	.549481	.1775516	.2729674	0
799.15	0	.5490158	.1780804	.2729039	0
798.15	0	.5485663	.1785917	.272842	0
797.15	0	.5481318	.1790866	.2727816	0
796.15	0	.5477115	.1795657	.2727228	0
795.15	0	.5473048	.1800299	.2726653	0
794.15	0	.546911	.1804799	.2726091	0
793.15	0	.5465294	.1809164	.2725542	0
792.15	0	.5461596	.1813399	.2725005	0
791.15	0	.545801	.1817512	.2724478	0
790.15	0	.5454531	.1821506	.2723963	0
789.15	0	.5451154	.1825389	.2723457	0
788.15	0	.5447874	.1829164	.2722961	0
787.15	0	.5444688	.1832837	.2722474	0
786.15	0	.5441592	.1836412	.2721996	0
785.15	0	.5438581	.1839894	.2721526	0
784.15	0	.5435652	.1843285	.2721063	0
783.15	0	.5432801	.184659	.2720608	0
782.15	0	.5430026	.1849813	.272016	0
781.15	0	.5427324	.1852957	.2719719	0
780.15	0	.542469	.1856026	.2719284	0
779.15	0	.5422124	.1859021	.2718855	0
778.15	0	.5419621	.1861947	.2718432	0
777.15	0	.5417179	.1864806	.2718015	0
776.15	0	.5414797	.1867601	.2717602	0
775.15	0	.5412472	.1870334	.2717195	0
774.15	0	.5410201	.1873007	.2716792	0
773.15	0	.5407982	.1875623	.2716394	0
772.15	0	.5405815	.1878185	.2716001	0
771.15	0	.5403695	.1880693	.2715611	0
770.15	0	.5401623	.1883151	.2715226	0
769.15	0	.5399616	.1885545	.2714839	0
768.15	0	.5397631	.1887908	.2714461	0
767.15	0	.5395688	.1890225	.2714087	0
766.15	0	.5393786	.1892498	.2713716	0
765.15	0	.5391923	.189473	.2713348	0
764.15	0	.5390097	.1896921	.2712982	0
763.15	0	.5388308	.1899072	.271262	0
762.15	0	.5386554	.1901186	.271226	0
761.15	0	.5384834	.1903263	.2711903	0
760.15	0	.5383147	.1905305	.2711549	0
759.15	0	.5381491	.1907312	.2711196	0
758.15	0	.5379866	.1909287	.2710846	0
757.15	0	.5378271	.1911231	.2710498	0
756.15	0	.5376704	.1913143	.2710152	0
755.15	0	.5375165	.1915027	.2709808	0
754.15	0	.5373653	.1916881	.2709466	0
753.15	0	.5372166	.1918708	.2709126	0
752.15	0	.5370704	.1920508	.2708787	0
751.15	0	.5369267	.1922283	.270845	0
750.15	0	.5367853	.1924032	.2708115	0
749.15	0	.5366462	.1925758	.270778	0
748.15	0	.5365093	.192746	.2707448	0
747.15	0	.5363745	.1929139	.2707116	0
746.15	0	.5362417	.1930797	.2706786	0
745.15	0	.536111	.1932433	.2706457	0
744.15	0	.5359822	.1934049	.2706129	0
743.15	0	.5358553	.1935645	.2705802	0
742.15	0	.5357302	.1937222	.2705476	0
741.15	0	.5356068	.1938781	.2705151	0
740.15	0	.5354852	.1940321	.2704827	0
739.15	0	.5353652	.1941844	.2704504	0
738.15	0	.5352469	.1943349	.2704182	0
737.15	0	.5351301	.1944839	.2703861	0
736.15	0	.5350148	.1946312	.270354	0
735.15	0	.534901	.194777	.270322	0
734.15	0	.5347886	.1949213	.27029	0
733.15	0	.5346777	.1950642	.2702581	0
732.15	0	.534568	.1952057	.2702263	0
731.15	0	.5344597	.1953457	.2701945	0
730.15	0	.5343527	.1954845	.2701628	0
729.15	0	.5342469	.195622	.2701311	0
728.15	0	.5341423	.1957582	.2700995	0
727.15	0	.5340389	.1958932	.2700679	0
726.15	0	.5339366	.196027	.2700364	0
725.15	0	.5338355	.1961597	.2700049	0
724.15	0	.5337354	.1962913	.2699734	0
723.15	0	.5336363	.1964218	.2699419	0
722.15	0	.5335383	.1965512	.2699105	0
721.15	0	.5334413	.1966796	.2698791	0
720.15	0	.5333452	.196807	.2698477	0
719.15	0	.5332501	.1969335	.2698164	0
718.15	0	.5331559	.197059	.2697851	0
717.15	0	.5330626	.1971836	.2697538	0
716.15	0	.5329702	.1973073	.2697225	0
715.15	0	.5328786	.1974302	.2696912	0
714.15	0	.5327879	.1975522	.2696599	0
713.15	0	.5326979	.1976734	.2696287	0
712.15	0	.5326087	.1977938	.2695974	0
711.15	0	.5325204	.1979135	.2695662	0
710.15	0	.5324327	.1980323	.2695349	0
709.15	0	.5323458	.1981505	.2695037	0
708.15	0	.5322596	.1982679	.2694725	0
707.15	0	.5321741	.1983846	.2694413	0
706.15	0	.5320893	.1985007	.2694101	0
705.15	0	.5320051	.1986161	.2693788	0
704.15	0	.5319216	.1987308	.2693476	0
703.15	0	.5318387	.1988449	.2693164	0
702.15	0	.5317564	.1989584	.2692852	0
701.15	0	.5316747	.1990713	.2692539	0
700.15	0	.5315937	.1991836	.2692227	0
699.15	0	.5315131	.1992954	.2691915	0
698.15	0	.5314332	.1994066	.2691602	0
697.15	0	.5313538	.1995172	.269129	0
696.15	0	.5312749	.1996274	.2690977	0
695.15	0	.5311966	.199737	.2690664	0
694.15	0	.5311188	.1998461	.2690352	0
693.15	0	.5310414	.1999547	.2690039	0
692.15	0	.5309646	.2000628	.2689726	0
691.15	0	.5308883	.2001705	.2689413	0
690.15	0	.5308124	.2002777	.2689099	0
689.15	0	.530737	.2003844	.2688786	0
688.15	0	.530662	.2004907	.2688473	0
687.15	0	.5305875	.2005966	.2688159	0
686.15	0	.5305134	.2007021	.2687845	0
685.15	0	.5304397	.2008072	.2687531	0
684.15	0	.5303664	.2009118	.2687217	0
683.15	0	.5302936	.2010161	.2686903	0
682.15	0	.5302211	.20112	.2686589	0
681.15	0	.5301491	.2012235	.2686275	0
680.15	0	.5300774	.2013266	.268596	0
679.15	0	.5300061	.2014294	.2685645	0
678.15	0	.5299352	.2015318	.268533	0
677.15	0	.5298646	.2016339	.2685015	0
676.15	0	.5297944	.2017356	.26847	0
675.15	0	.5297245	.201837	.2684384	0
674.15	0	.529655	.2019381	.2684069	0
673.15	0	.5295858	.2020389	.2683753	0
672.15	0	.5295169	.2021393	.2683437	0
671.15	0	.5294484	.2022395	.2683121	0
670.15	0	.5293802	.2023393	.2682805	0
669.15	0	.5293123	.2024389	.2682489	0
668.15	0	.5292447	.2025381	.2682172	0
667.15	0	.5291774	.2026371	.2681855	0
666.15	0	.5291104	.2027358	.2681538	0
665.15	0	.5290437	.2028342	.2681221	0
664.15	0	.5289772	.2029323	.2680904	0
663.15	0	.5289111	.2030302	.2680587	0
662.15	0	.5288452	.2031278	.2680269	0
661.15	0	.5287796	.2032252	.2679952	0
660.15	0	.5287143	.2033223	.2679634	0
659.15	0	.5286493	.2034192	.2679316	0
658.15	0	.5285845	.2035158	.2678997	0
657.15	0	.5285199	.2036122	.2678679	0
656.15	0	.5284556	.2037083	.2678361	0
655.15	0	.5283916	.2038042	.2678042	0
654.15	0	.5283278	.2038999	.2677723	0
653.15	0	.5282642	.2039954	.2677404	0
652.15	0	.5282009	.2040906	.2677085	0
651.15	0	.5281378	.2041856	.2676766	0
650.15	0	.528075	.2042804	.2676446	0
649.15	0	.5280124	.204375	.2676127	0
648.15	0	.52795	.2044693	.2675807	0
647.15	0	.5278878	.2045635	.2675487	0
646.15	0	.5278258	.2046574	.2675168	0
645.15	0	.5277641	.2047512	.2674847	0
644.15	0	.5277025	.2048447	.2674527	0
643.15	0	.5276412	.2049381	.2674207	0
642.15	0	.5275801	.2050312	.2673886	0
641.15	0	.5275192	.2051242	.2673566	0
640.15	0	.5274585	.205217	.2673245	0
639.15	0	.527398	.2053096	.2672924	0
638.15	0	.5273377	.2054019	.2672604	0
637.15	0	.5272776	.2054942	.2672283	0
636.15	0	.5272177	.2055862	.2671961	0
635.15	0	.527158	.205678	.267164	0
634.15	0	.5270984	.2057697	.2671319	0
633.15	0	.5270391	.2058612	.2670997	0
632.15	0	.5269799	.2059525	.2670676	0
631.15	0	.5269209	.2060436	.2670354	0
630.15	0	.5268621	.2061346	.2670033	0
629.15	0	.5268035	.2062254	.2669711	0
628.15	0	.5267451	.206316	.2669389	0
627.15	0	.5266868	.2064065	.2669067	0
626.15	0	.5266287	.2064967	.2668745	0
625.15	0	.5265708	.2065869	.2668423	0
624.15	0	.5265131	.2066768	.2668101	0
623.15	0	.5264555	.2067666	.2667779	0
622.15	0	.5263981	.2068562	.2667457	0
621.15	0	.5263408	.2069457	.2667135	0
620.15	0	.5262837	.207035	.2666813	0
619.15	0	.5262268	.2071242	.266649	0
618.15	0	.5261701	.2072131	.2666168	0
617.15	0	.5261135	.207302	.2665846	0
616.15	0	.526057	.2073906	.2665523	0
615.15	0	.5260008	.2074792	.2665201	0
614.15	0	.5259446	.2075675	.2664879	0
613.15	0	.5258887	.2076557	.2664556	0
612.15	0	.5258329	.2077438	.2664234	0
611.15	0	.5257772	.2078317	.2663911	0
610.15	0	.5257217	.2079194	.2663589	0
609.15	0	.5256663	.208007	.2663267	0
608.15	0	.5256111	.2080945	.2662944	0
607.15	0	.5255561	.2081818	.2662622	0
606.15	0	.5255012	.2082689	.26623	0
605.15	0	.5254464	.2083559	.2661977	0
604.15	0	.5253918	.2084427	.2661655	0
603.15	0	.5253373	.2085294	.2661333	0
602.15	0	.525283	.208616	.2661011	0
601.15	0	.5252288	.2087024	.2660689	0
600.15	0	.5251748	.2087886	.2660366	0
599.15	0	.5251209	.2088747	.2660045	0
598.15	0	.5250671	.2089606	.2659723	0
597.15	0	.5250135	.2090465	.2659401	0
596.15	0	.52496	.2091321	.2659079	0
595.15	0	.5249067	.2092176	.2658757	0
594.15	0	.5248535	.209303	.2658435	0
593.15	0	.5248004	.2093882	.2658114	0
592.15	0	.5247475	.2094733	.2657793	0
591.15	0	.5246947	.2095582	.2657471	0
590.15	0	.524642	.209643	.265715	0
589.15	0	.5245895	.2097276	.2656829	0
588.15	0	.5245371	.2098121	.2656508	0
587.15	0	.5244849	.2098964	.2656187	0
586.15	0	.5244328	.2099806	.2655866	0
585.15	0	.5243808	.2100647	.2655546	0
584.15	0	.5243289	.2101486	.2655225	0
583.15	0	.5242772	.2102323	.2654905	0
582.15	0	.5242256	.210316	.2654584	0
581.15	0	.5241742	.2103994	.2654264	0
580.15	0	.5241228	.2104827	.2653945	0
579.15	0	.5240716	.2105659	.2653625	0
578.15	0	.5240206	.2106489	.2653305	0
577.15	0	.5239696	.2107318	.2652986	0
576.15	0	.5239188	.2108145	.2652667	0
575.15	0	.5238681	.2108971	.2652348	0
574.15	0	.5238176	.2109796	.2652029	0
573.15	0	.5237671	.2110618	.265171	0
572.15	0	.5237168	.211144	.2651392	0
571.15	0	.5236667	.211226	.2651074	0
570.15	0	.5236166	.2113078	.2650756	0
569.15	0	.5235667	.2113895	.2650438	0
568.15	0	.5235169	.2114711	.265012	0
567.15	0	.5234672	.2115525	.2649803	0
566.15	0	.5234177	.2116337	.2649486	0
565.15	0	.5233683	.2117148	.2649169	0
564.15	0	.523319	.2117958	.2648852	0
563.15	0	.5232698	.2118766	.2648536	0
562.15	0	.5232208	.2119572	.264822	0
561.15	0	.5231719	.2120377	.2647904	0
560.15	0	.5231231	.2121181	.2647589	0
559.15	0	.5230744	.2121983	.2647273	0
558.15	0	.5230259	.2122783	.2646958	0
557.15	0	.5229774	.2123582	.2646644	0
556.15	0	.5229291	.2124379	.2646329	0
555.15	0	.522881	.2125175	.2646015	0
554.15	0	.5228329	.212597	.2645701	0
553.15	0	.522785	.2126762	.2645388	0
552.15	0	.5227372	.2127554	.2645075	0
551.15	0	.5226895	.2128343	.2644762	0
550.15	0	.5226419	.2129131	.2644449	0
549.15	0	.5225945	.2129918	.2644137	0
548.15	0	.5225472	.2130703	.2643825	0
547.15	0	.5225	.2131486	.2643514	0
546.15	0	.5224529	.2132268	.2643203	0
545.15	0	.522406	.2133049	.2642892	0
544.15	0	.5223591	.2133827	.2642581	0
543.15	0	.5223124	.2134605	.2642271	0
542.15	0	.5222659	.213538	.2641961	0
541.15	0	.5222194	.2136154	.2641652	0
540.15	0	.5221731	.2136926	.2641343	0
539.15	0	.5221268	.2137697	.2641035	0
538.15	0	.5220807	.2138466	.2640726	0
537.15	0	.5220348	.2139234	.2640419	0
536.15	0	.5219889	.214	.2640111	0
535.15	0	.5219432	.2140764	.2639804	0
534.15	0	.5218976	.2141527	.2639498	0
533.15	0	.5218521	.2142288	.2639192	0
532.15	0	.5218067	.2143047	.2638886	0
531.15	0	.5217614	.2143805	.2638581	0
530.15	0	.5217163	.2144561	.2638276	0
529.15	0	.5216713	.2145315	.2637971	0
528.15	0	.5216264	.2146068	.2637667	0
527.15	0	.5215817	.2146819	.2637364	0
526.15	0	.521537	.2147569	.2637061	0
525.15	0	.5214925	.2148316	.2636758	0
524.15	0	.5214481	.2149062	.2636456	0
523.15	0	.5214038	.2149807	.2636155	0
522.15	0	.5213597	.2150549	.2635854	0
521.15	0	.5213157	.2151291	.2635553	0
520.15	0	.5212717	.215203	.2635253	0
519.15	0	.5212279	.2152767	.2634953	0
518.15	0	.5211843	.2153503	.2634654	0
517.15	0	.5211407	.2154237	.2634356	0
516.15	0	.5210973	.215497	.2634057	0
515.15	0	.521054	.21557	.263376	0
514.15	0	.5210108	.2156429	.2633463	0
513.15	0	.5209679	.2157156	.2633165	0
512.15	0	.5209249	.2157882	.2632869	0
511.15	0	.5208821	.2158605	.2632574	0
510.15	0	.5208394	.2159327	.2632279	0
509.15	0	.5207968	.2160047	.2631984	0
508.15	0	.5207544	.2160766	.2631691	0
507.15	0	.520712	.2161482	.2631398	0
506.15	0	.5206698	.2162197	.2631105	0
505.15	0	.5206277	.216291	.2630813	0
504.15	0	.5205858	.2163621	.2630521	0
503.15	0	.5205439	.216433	.263023	0
502.15	0	.5205022	.2165038	.262994	0
501.15	0	.5204606	.2165744	.262965	0
500.15	0	.5204191	.2166447	.2629361	0
499.15	0	.5203778	.216715	.2629073	0
498.15	0	.5203365	.216785	.2628785	0
497.15	0	.5202954	.2168548	.2628498	0
496.15	0	.5202544	.2169245	.2628211	0
495.15	0	.5202136	.2169939	.2627925	0
494.15	0	.5201728	.2170632	.262764	0
493.15	0	.5201322	.2171323	.2627355	0
492.15	0	.5200917	.2172012	.2627071	0
491.15	0	.5200513	.2172699	.2626787	0
490.15	0	.5200111	.2173385	.2626505	0
489.15	0	.5199709	.2174068	.2626223	0
488.15	0	.5199309	.217475	.2625941	0
487.15	0	.519891	.2175429	.262566	0
486.15	0	.5198513	.2176107	.262538	0
485.15	0	.5198116	.2176783	.2625101	0
484.15	0	.5197721	.2177457	.2624822	0
483.15	0	.5197327	.2178129	.2624544	0
482.15	0	.5196935	.2178799	.2624267	0
481.15	0	.5196543	.2179467	.262399	0
480.15	0	.5196153	.2180133	.2623714	0
479.15	0	.5195764	.2180797	.2623439	0
478.15	0	.5195376	.218146	.2623164	0
477.15	0	.519499	.218212	.2622891	0
476.15	0	.5194604	.2182778	.2622618	0
475.15	0	.519422	.2183435	.2622345	0
474.15	0	.5193838	.2184089	.2622074	0
473.15	0	.5193456	.2184741	.2621803	0
472.15	0	.5193076	.2185392	.2621533	0
471.15	0	.5192697	.218604	.2621263	0
470.15	0	.5192319	.2186687	.2620995	0
469.15	0	.5191942	.2187331	.2620727	0
468.15	0	.5191567	.2187974	.262046	0
467.15	0	.5191193	.2188614	.2620194	0
466.15	0	.519082	.2189252	.2619928	0
465.15	0	.5190448	.2189889	.2619663	0
464.15	0	.5190078	.2190523	.2619399	0
463.15	0	.5189708	.2191155	.2619136	0
462.15	0	.5189341	.2191786	.2618874	0
461.15	0	.5188974	.2192414	.2618612	0
460.15	0	.5188609	.219304	.2618351	0
459.15	0	.5188244	.2193664	.2618092	0
458.15	0	.5187882	.2194286	.2617832	0
457.15	0	.518752	.2194906	.2617574	0
456.15	0	.5187159	.2195524	.2617317	0
455.15	0	.51868	.219614	.261706	0
454.15	0	.5186442	.2196754	.2616804	0
453.15	0	.5186086	.2197365	.2616549	0
452.15	0	.518573	.2197975	.2616295	0
451.15	0	.5185376	.2198582	.2616042	0
450.15	0	.5185023	.2199188	.2615789	0
449.15	0	.5184672	.2199791	.2615537	0
448.15	0	.5184322	.2200391	.2615287	0
447.15	0	.5183973	.220099	.2615037	0
446.15	0	.5183626	.2201586	.2614788	0
445.15	0	.518328	.220218	.261454	0
444.15	0	.5182935	.2202771	.2614294	0
443.15	0	.5182592	.2203361	.2614048	0
442.15	0	.518225	.2203947	.2613803	0
441.15	0	.518191	.2204532	.2613559	0
440.15	0	.5181571	.2205113	.2613316	0
439.15	0	.5181234	.2205693	.2613073	0
438.15	0	.5180898	.220627	.2612833	0
437.15	0	.5180564	.2206844	.2612592	0
436.15	0	.5180231	.2207415	.2612354	0
435.15	0	.51799	.2207984	.2612116	0
434.15	0	.5179571	.220855	.2611879	0
433.15	0	.5179243	.2209114	.2611643	0
432.15	0	.5178917	.2209675	.2611409	0
431.15	0	.5178592	.2210233	.2611175	0
430.15	0	.5178269	.2210788	.2610943	0
429.15	0	.5177948	.2211341	.2610711	0
428.15	0	.5177628	.2211891	.2610481	0
427.15	0	.517731	.2212438	.2610252	0
426.15	0	.5176994	.2212982	.2610025	0
425.15	0	.5176679	.2213523	.2609798	0
424.15	0	.5176366	.2214061	.2609572	0
423.15	0	.5176055	.2214597	.2609348	0
422.15	0	.5175746	.2215129	.2609125	0
421.15	0	.5175438	.2215659	.2608903	0
420.15	0	.5175132	.2216186	.2608682	0
419.15	0	.5174828	.221671	.2608463	0
418.15	0	.5174525	.2217231	.2608244	0
417.15	0	.5174224	.2217749	.2608027	0
416.15	0	.5173925	.2218264	.2607811	0
415.15	0	.5173628	.2218776	.2607596	0
414.15	0	.5173332	.2219285	.2607383	0
413.15	0	.5173038	.2219792	.260717	0
412.15	0	.5172746	.2220295	.2606959	0
411.15	0	.5172455	.2220796	.2606749	0
410.15	0	.5172167	.2221293	.260654	0
409.15	0	.5171879	.2221788	.2606333	0
408.15	0	.5171594	.222228	.2606127	0
407.15	0	.517131	.2222768	.2605922	0
406.15	0	.5171028	.2223254	.2605718	0
405.15	0	.5170748	.2223737	.2605515	0
404.15	0	.5170469	.2224217	.2605314	0
403.15	0	.5170192	.2224694	.2605114	0
402.15	0	.5169917	.2225169	.2604915	0
401.15	0	.5169643	.222564	.2604717	0
400.15	0	.5169371	.2226109	.260452	0
399.15	0	.51691	.2226574	.2604325	0
398.15	0	.5168832	.2227037	.2604131	0
397.15	0	.5168564	.2227497	.2603939	0
396.15	0	.5168299	.2227954	.2603747	0
395.15	0	.5168035	.2228408	.2603557	0
394.15	0	.5167772	.222886	.2603368	0
