T	 BPW(LIQUID)	BPW(BCC_A2)	BPW(FCC_A1)	BPW(LAVES_PHASE_C14)	BPW(NI3TI)
1473.15	0	1	0	0	0
1472.15	0	1	0	0	0
1471.15	0	1	0	0	0
1470.15	0	1	0	0	0
1469.15	0	1	0	0	0
1468.15	0	1	0	0	0
1467.15	0	1	0	0	0
1466.15	0	1	0	0	0
1465.15	0	1	0	0	0
1464.15	0	1	0	0	0
1463.15	0	1	0	0	0
1462.15	0	1	0	0	0
1461.15	0	1	0	0	0
1460.15	0	1	0	0	0
1459.15	0	1	0	0	0
1458.15	0	1	0	0	0
1457.15	0	1	0	0	0
1456.15	0	1	0	0	0
1455.15	0	1	0	0	0
1454.15	0	1	0	0	0
1453.15	0	1	0	0	0
1452.15	0	1	0	0	0
1451.15	0	1	0	0	0
1450.15	0	1	0	0	0
1449.15	0	1	0	0	0
1448.15	0	1	0	0	0
1447.15	0	1	0	0	0
1446.15	0	1	0	0	0
1445.15	0	1	0	0	0
1444.15	0	1	0	0	0
1443.15	0	1	0	0	0
1442.15	0	1	0	0	0
1441.15	0	1	0	0	0
1440.15	0	1	0	0	0
1439.15	0	1	0	0	0
1438.15	0	1	0	0	0
1437.15	0	1	0	0	0
1436.15	0	1	0	0	0
1435.15	0	1	0	0	0
1434.15	0	1	0	0	0
1433.15	0	1	0	0	0
1432.15	0	1	0	0	0
1431.15	0	1	0	0	0
1430.15	0	1	0	0	0
1429.15	0	1	0	0	0
1428.15	0	1	0	0	0
1427.15	0	1	0	0	0
1426.15	0	1	0	0	0
1425.15	0	1	0	0	0
1424.15	0	1	0	0	0
1423.15	0	1	0	0	0
1422.15	0	1	0	0	0
1421.15	0	1	0	0	0
1420.15	0	1	0	0	0
1419.15	0	1	0	0	0
1418.15	0	1	0	0	0
1417.15	0	1	0	0	0
1416.15	0	1	0	0	0
1415.15	0	1	0	0	0
1414.15	0	1	0	0	0
1413.15	0	1	0	0	0
1412.15	0	1	0	0	0
1411.15	0	1	0	0	0
1410.15	0	1	0	0	0
1409.15	0	1	0	0	0
1408.15	0	1	0	0	0
1407.15	0	1	0	0	0
1406.15	0	1	0	0	0
1405.15	0	1	0	0	0
1404.15	0	1	0	0	0
1403.15	0	1	0	0	0
1402.15	0	1	0	0	0
1401.15	0	1	0	0	0
1400.15	0	1	0	0	0
1399.15	0	1	0	0	0
1398.15	0	1	0	0	0
1397.15	0	1	0	0	0
1396.15	0	1	0	0	0
1395.15	0	1	0	0	0
1394.15	0	1	0	0	0
1393.15	0	1	0	0	0
1392.15	0	1	0	0	0
1391.15	0	1	0	0	0
1390.15	0	1	0	0	0
1389.15	0	1	0	0	0
1388.15	0	1	0	0	0
1387.15	0	1	0	0	0
1386.15	0	1	0	0	0
1385.15	0	1	0	0	0
1384.15	0	1	0	0	0
1383.15	0	1	0	0	0
1382.15	0	1	0	0	0
1381.15	0	1	0	0	0
1380.15	0	1	0	0	0
1379.15	0	1	0	0	0
1378.15	0	1	0	0	0
1377.15	0	1	0	0	0
1376.15	0	1	0	0	0
1375.15	0	1	0	0	0
1374.15	0	1	0	0	0
1373.15	0	1	0	0	0
1372.15	0	1	0	0	0
1371.15	0	1	0	0	0
1370.15	0	1	0	0	0
1369.15	0	1	0	0	0
1368.15	0	1	0	0	0
1367.15	0	1	0	0	0
1366.15	0	1	0	0	0
1365.15	0	1	0	0	0
1364.15	0	1	0	0	0
1363.15	0	1	0	0	0
1362.15	0	1	0	0	0
1361.15	0	1	0	0	0
1360.15	0	1	0	0	0
1359.15	0	1	0	0	0
1358.15	0	1	0	0	0
1357.15	0	1	0	0	0
1356.15	0	1	0	0	0
1355.15	0	1	0	0	0
1354.15	0	1	0	0	0
1353.15	0	1	0	0	0
1352.15	0	1	0	0	0
1351.15	0	1	0	0	0
1350.15	0	1	0	0	0
1349.15	0	1	0	0	0
1348.15	0	1	0	0	0
1347.15	0	1	0	0	0
1346.15	0	1	0	0	0
1345.15	0	1	0	0	0
1344.15	0	1	0	0	0
1343.15	0	1	0	0	0
1342.15	0	1	0	0	0
1341.15	0	1	0	0	0
1340.15	0	1	0	0	0
1339.15	0	1	0	0	0
1338.15	0	1	0	0	0
1337.15	0	1	0	0	0
1336.15	0	1	0	0	0
1335.15	0	1	0	0	0
1334.15	0	1	0	0	0
1333.15	0	1	0	0	0
1332.15	0	1	0	0	0
1331.15	0	1	0	0	0
1330.15	0	1	0	0	0
1329.15	0	1	0	0	0
1328.15	0	1	0	0	0
1327.15	0	1	0	0	0
1326.15	0	1	0	0	0
1325.15	0	1	0	0	0
1324.15	0	1	0	0	0
1323.15	0	1	0	0	0
1322.15	0	1	0	0	0
1321.15	0	1	0	0	0
1320.15	0	1	0	0	0
1319.15	0	1	0	0	0
1318.15	0	1	0	0	0
1317.15	0	1	0	0	0
1316.15	0	1	0	0	0
1315.15	0	1	0	0	0
1314.15	0	1	0	0	0
1313.15	0	1	0	0	0
1312.15	0	1	0	0	0
1311.15	0	1	0	0	0
1310.15	0	1	0	0	0
1309.15	0	1	0	0	0
1308.15	0	1	0	0	0
1307.15	0	1	0	0	0
1306.15	0	1	0	0	0
1305.15	0	1	0	0	0
1304.15	0	1	0	0	0
1303.15	0	1	0	0	0
1302.15	0	1	0	0	0
1301.15	0	1	0	0	0
1300.15	0	1	0	0	0
1299.15	0	1	0	0	0
1298.15	0	1	0	0	0
1297.15	0	1	0	0	0
1296.15	0	1	0	0	0
1295.15	0	1	0	0	0
1294.15	0	1	0	0	0
1293.15	0	1	0	0	0
1292.15	0	1	0	0	0
1291.15	0	1	0	0	0
1290.15	0	1	0	0	0
1289.15	0	1	0	0	0
1288.15	0	1	0	0	0
1287.15	0	1	0	0	0
1286.15	0	1	0	0	0
1285.15	0	1	0	0	0
1284.15	0	1	0	0	0
1283.15	0	1	0	0	0
1282.15	0	1	0	0	0
1281.15	0	1	0	0	0
1280.15	0	1	0	0	0
1279.15	0	1	0	0	0
1278.15	0	1	0	0	0
1277.15	0	1	0	0	0
1276.15	0	1	0	0	0
1275.15	0	1	0	0	0
1274.15	0	1	0	0	0
1273.15	0	1	0	0	0
1272.15	0	1	0	0	0
1271.15	0	1	0	0	0
1270.15	0	1	0	0	0
1269.15	0	1	0	0	0
1268.15	0	1	0	0	0
1267.15	0	1	0	0	0
1266.15	0	1	0	0	0
1265.15	0	1	0	0	0
1264.15	0	1	0	0	0
1263.15	0	1	0	0	0
1262.15	0	1	0	0	0
1261.15	0	1	0	0	0
1260.15	0	1	0	0	0
1259.15	0	1	0	0	0
1258.15	0	1	0	0	0
1257.15	0	1	0	0	0
1256.15	0	1	0	0	0
1255.15	0	1	0	0	0
1254.15	0	1	0	0	0
1253.15	0	1	0	0	0
1252.15	0	1	0	0	0
1251.15	0	1	0	0	0
1250.15	0	1	0	0	0
1249.15	0	1	0	0	0
1248.15	0	1	0	0	0
1247.15	0	1	0	0	0
1246.15	0	1	0	0	0
1245.15	0	1	0	0	0
1244.15	0	1	0	0	0
1243.15	0	1	0	0	0
1242.15	0	1	0	0	0
1241.15	0	1	0	0	0
1240.15	0	1	0	0	0
1239.15	0	1	0	0	0
1238.15	0	1	0	0	0
1237.15	0	1	0	0	0
1236.15	0	1	0	0	0
1235.15	0	1	0	0	0
1234.15	0	1	0	0	0
1233.15	0	1	0	0	0
1232.15	0	1	0	0	0
1231.15	0	1	0	0	0
1230.15	0	1	0	0	0
1229.15	0	1	0	0	0
1228.15	0	1	0	0	0
1227.15	0	1	0	0	0
1226.15	0	1	0	0	0
1225.15	0	1	0	0	0
1224.15	0	1	0	0	0
1223.15	0	1	0	0	0
1222.15	0	1	0	0	0
1221.15	0	1	0	0	0
1220.15	0	1	0	0	0
1219.15	0	1	0	0	0
1218.15	0	1	0	0	0
1217.15	0	1	0	0	0
1216.15	0	1	0	0	0
1215.15	0	1	0	0	0
1214.15	0	1	0	0	0
1213.15	0	1	0	0	0
1212.15	0	1	0	0	0
1211.15	0	1	0	0	0
1210.15	0	1	0	0	0
1209.15	0	1	0	0	0
1208.15	0	1	0	0	0
1207.913	0	1	0	0	0
1207.913	0	1	0	0	0
1207.913	0	1	0	0	0
1207.15	0	.9996079	0	3.920944E-04	0
1206.15	0	.9990949	0	9.050609E-04	0
1205.15	0	.9985831	0	.001416916	0
1204.15	0	.9980723	0	.001927662	0
1203.15	0	.9975627	0	.002437302	0
1202.15	0	.9970542	0	.002945838	0
1201.15	0	.9965467	0	.003453273	0
1200.15	0	.9960404	0	.00395961	0
1199.15	0	.9955352	0	.004464851	0
1198.15	0	.995031	0	.004968998	0
1197.15	0	.994528	0	.005472054	0
1196.15	0	.994026	0	.005974023	0
1195.15	0	.9935251	0	.006474905	0
1194.15	0	.9930253	0	.006974704	0
1193.15	0	.9925266	0	.007473422	0
1192.15	0	.9920289	0	.007971061	0
1191.15	0	.9915324	0	.008467625	0
1190.15	0	.9910369	0	.008963115	0
1189.15	0	.9905425	0	.009457534	0
1188.15	0	.9900491	0	.009950885	0
1187.15	0	.9895568	0	.01044317	0
1186.15	0	.9890656	0	.01093439	0
1185.15	0	.9885755	0	.01142455	0
1184.15	0	.9880864	0	.01191365	0
1183.15	0	.9875983	0	.01240169	0
1182.15	0	.9871113	0	.01288868	0
1181.15	0	.9866254	0	.01337462	0
1180.15	0	.9861405	0	.01385951	0
1179.15	0	.9856567	0	.01434335	0
1178.15	0	.9851739	0	.01482615	0
1177.15	0	.9846921	0	.0153079	0
1176.15	0	.9842114	0	.01578862	0
1175.15	0	.9837317	0	.01626829	0
1174.15	0	.9832531	0	.01674693	0
1173.15	0	.9827755	0	.01722454	0
1172.15	0	.9822989	0	.01770111	0
1171.15	0	.9818233	0	.01817666	0
1170.15	0	.9813488	0	.01865118	0
1169.15	0	.9808753	0	.01912468	0
1168.15	0	.9804028	0	.01959715	0
1167.15	0	.9799314	0	.02006861	0
1166.15	0	.979461	0	.02053904	0
1165.15	0	.9789915	0	.02100846	0
1164.15	0	.9785231	0	.02147687	0
1163.15	0	.9780557	0	.02194427	0
1162.15	0	.9775893	0	.02241066	0
1161.15	0	.977124	0	.02287604	0
1160.15	0	.9766596	0	.02334041	0
1159.15	0	.9761962	0	.02380379	0
1158.15	0	.9757338	0	.02426616	0
1157.15	0	.9752725	0	.02472753	0
1156.15	0	.9748121	0	.02518791	0
1155.15	0	.9743527	0	.0256473	0
1154.15	0	.9738943	0	.02610571	0
1153.15	0	.9734369	0	.02656311	0
1152.15	0	.9729805	0	.02701953	0
1151.15	0	.972525	0	.02747496	0
1150.15	0	.9720706	0	.0279294	0
1149.15	0	.9716171	0	.02838287	0
1148.15	0	.9711647	0	.02883535	0
1147.15	0	.9707131	0	.02928686	0
1146.15	0	.9702626	0	.02973739	0
1145.15	0	.969813	0	.03018695	0
1144.15	0	.9693645	0	.03063553	0
1143.15	0	.9689168	0	.03108315	0
1142.15	0	.9684702	0	.0315298	0
1141.15	0	.9680245	0	.03197548	0
1140.15	0	.9675798	0	.03242021	0
1139.15	0	.967136	0	.03286396	0
1138.15	0	.9666932	0	.03330676	0
1137.15	0	.9662514	0	.03374861	0
1136.15	0	.9658105	0	.03418949	0
1135.15	0	.9653706	0	.03462942	0
1134.15	0	.9649316	0	.03506841	0
1133.15	0	.9644936	0	.03550644	0
1132.15	0	.9640565	0	.03594352	0
1131.15	0	.9636204	0	.03637965	0
1130.15	0	.9631852	0	.03681485	0
1129.15	0	.9627509	0	.0372491	0
1128.15	0	.9623176	0	.03768241	0
1127.15	0	.9618852	0	.03811478	0
1126.15	0	.9614538	0	.03854621	0
1125.15	0	.9610233	0	.03897671	0
1124.15	0	.9605937	0	.03940627	0
1123.15	0	.9601651	0	.03983491	0
1122.15	0	.9597374	0	.04026262	0
1121.15	0	.9593106	0	.04068939	0
1120.15	0	.9588848	0	.04111524	0
1119.15	0	.9584598	0	.04154017	0
1118.15	0	.9580358	0	.04196418	0
1117.15	0	.9576127	0	.04238726	0
1116.15	0	.9571906	0	.04280943	0
1115.15	0	.9567693	0	.04323068	0
1114.15	0	.956349	0	.04365101	0
1113.15	0	.9559296	0	.04407043	0
1112.15	0	.9555111	0	.04448894	0
1111.15	0	.9550935	0	.04490654	0
1110.15	0	.9546768	0	.04532323	0
1109.15	0	.954261	0	.04573901	0
1108.15	0	.9538461	0	.04615389	0
1107.15	0	.9534321	0	.04656787	0
1106.15	0	.9530191	0	.04698094	0
1105.15	0	.9526069	0	.04739312	0
1104.15	0	.9521956	0	.04780439	0
1103.15	0	.9517852	0	.04821478	0
1102.15	0	.9513757	0	.04862426	0
1101.15	0	.9509671	0	.04903285	0
1100.15	0	.9505595	0	.04944055	0
1099.15	0	.9501526	0	.04984737	0
1098.15	0	.9497467	0	.05025329	0
1097.15	0	.9493417	0	.05065832	0
1096.15	0	.9489375	0	.05106248	0
1095.15	0	.9485343	0	.05146574	0
1094.15	0	.9481319	0	.05186813	0
1093.15	0	.9477304	0	.05226964	0
1092.15	0	.9473297	0	.05267026	0
1091.15	0	.94693	0	.05307001	0
1090.15	0	.9465311	0	.05346889	0
1089.15	0	.9461331	0	.05386689	0
1088.15	0	.945736	0	.05426402	0
1087.15	0	.9453397	0	.05466028	0
1086.15	0	.9449443	0	.05505567	0
1085.15	0	.9445498	0	.05545019	0
1084.15	0	.9441562	0	.05584384	0
1083.15	0	.9437634	0	.05623663	0
1082.15	0	.9433714	0	.05662856	0
1081.15	0	.9429804	0	.05701962	0
1080.15	0	.9425902	0	.05740983	0
1079.15	0	.9422008	0	.05779918	0
1078.15	0	.9418123	0	.05818766	0
1077.15	0	.9414247	0	.0585753	0
1076.15	0	.9410379	0	.05896208	0
1075.15	0	.940652	0	.05934801	0
1074.15	0	.9402669	0	.05973308	0
1073.15	0	.9398827	0	.06011731	0
1072.15	0	.9394993	0	.06050069	0
1071.15	0	.9391168	0	.06088322	0
1070.15	0	.9387351	0	.0612649	0
1069.15	0	.9383543	0	.06164574	0
1068.15	0	.9379743	0	.06202574	0
1067.15	0	.9375951	0	.0624049	0
1066.15	0	.9372168	0	.06278321	0
1065.15	0	.9368393	0	.06316069	0
1064.15	0	.9364627	0	.06353733	0
1063.15	0	.9360869	0	.06391314	0
1062.15	0	.9357119	0	.06428811	0
1061.15	0	.9353378	0	.06466225	0
1060.15	0	.9349644	0	.06503556	0
1059.15	0	.934592	0	.06540803	0
1058.15	0	.9342203	0	.06577968	0
1057.15	0	.9338495	0	.0661505	0
1056.15	0	.9334795	0	.06652049	0
1055.15	0	.9331103	0	.06688966	0
1054.15	0	.932742	0	.06725801	0
1053.15	0	.9323745	0	.06762553	0
1052.15	0	.9320078	0	.06799224	0
1051.15	0	.9316419	0	.06835812	0
1050.15	0	.9312768	0	.06872318	0
1049.15	0	.9309126	0	.06908743	0
1048.15	0	.9305491	0	.06945086	0
1047.15	0	.9301865	0	.06981348	0
1046.15	0	.9298247	0	.07017529	0
1045.15	0	.9294637	0	.07053628	0
1044.15	0	.9291035	0	.07089646	0
1043.15	0	.9287442	0	.07125583	0
1042.15	0	.9283856	0	.0716144	0
1041.15	0	.9280278	0	.07197216	0
1040.15	0	.9276709	0	.07232911	0
1039.15	0	.9273147	0	.07268526	0
1038.15	0	.9269594	0	.0730406	0
1037.15	0	.9266049	0	.07339514	0
1036.15	0	.9262511	0	.07374889	0
1035.15	0	.9258982	0	.07410183	0
1034.15	0	.925546	0	.07445398	0
1033.15	0	.9251947	0	.07480532	0
1032.15	0	.9248441	0	.07515587	0
1031.15	0	.9244944	0	.07550563	0
1030.15	0	.9241454	0	.07585459	0
1029.15	0	.9237972	0	.07620277	0
1028.15	0	.9234499	0	.07655015	0
1027.15	0	.9231033	0	.07689674	0
1026.15	0	.9227575	0	.07724254	0
1025.15	0	.9224125	0	.07758755	0
1024.15	0	.9220682	0	.07793178	0
1023.15	0	.9217248	0	.07827522	0
1022.15	0	.9213821	0	.07861788	0
1021.15	0	.9210403	0	.07895975	0
1020.15	0	.9206992	0	.07930084	0
1019.15	0	.9203588	0	.07964116	0
1018.15	0	.9200193	0	.07998069	0
1017.15	0	.9196806	0	.08031944	0
1016.15	0	.9193426	0	.08065742	0
1015.15	0	.9190054	0	.08099462	0
1014.15	0	.918669	0	.08133104	0
1013.15	0	.9183333	0	.08166669	0
1012.15	0	.9179984	0	.08200157	0
1011.15	0	.9176643	0	.08233568	0
1010.15	0	.917331	0	.08266901	0
1009.15	0	.9169984	0	.08300158	0
1008.15	0	.9166666	0	.08333337	0
1007.15	0	.9163356	0	.0836644	0
1006.15	0	.9160053	0	.08399466	0
1005.15	0	.9156758	0	.08432416	0
1004.15	0	.9153471	0	.08465289	0
1003.15	0	.9150191	0	.08498086	0
1002.15	0	.9146919	0	.08530807	0
1001.15	0	.9143655	0	.08563451	0
1000.15	0	.9140398	0	.0859602	0
999.15	0	.9137149	0	.08628512	0
998.15	0	.9133907	0	.08660929	0
997.15	0	.9130673	0	.0869327	0
996.15	0	.9127447	0	.08725535	0
995.15	0	.9124228	0	.08757725	0
994.15	0	.9121016	0	.08789839	0
993.15	0	.9117812	0	.08821879	0
992.15	0	.9114616	0	.08853843	0
991.15	0	.9111427	0	.08885731	0
990.15	0	.9108246	0	.08917545	0
989.15	0	.9105072	0	.08949284	0
988.15	0	.9101905	0	.08980948	0
987.15	0	.9098746	0	.09012537	0
986.15	0	.9095595	0	.09044052	0
985.15	0	.9092451	0	.09075492	0
984.15	0	.9089314	0	.09106858	0
983.15	0	.9086185	0	.09138149	0
982.15	0	.9083063	0	.09169366	0
981.15	0	.9079949	0	.09200509	0
980.15	0	.9076842	0	.09231578	0
979.15	0	.9073743	0	.09262573	0
978.15	0	.9070651	0	.09293494	0
977.15	0	.9067566	0	.09324342	0
976.15	0	.9064488	0	.09355115	0
975.15	0	.9061418	0	.09385815	0
974.15	0	.9058356	0	.09416442	0
973.15	0	.90553	0	.09446995	0
972.15	0	.9052252	0	.09477476	0
971.15	0	.9049212	0	.09507882	0
970.15	0	.9046178	0	.09538216	0
969.15	0	.9043152	0	.09568477	0
968.15	0	.9040134	0	.09598664	0
967.15	0	.9037122	0	.09628779	0
966.15	0	.9034118	0	.09658821	0
965.2306	0	.9031362	0	.09686377	0
965.2306	0	.9031362	0	.09686377	0
965.2306	0	.9031362	0	.09686377	0
965.15	0	.9030537	6.238184E-05	.09688387	0
964.15	0	.9020325	8.349046E-04	.09713261	0
963.15	0	.9010141	.001605497	.09738036	0
962.15	0	.8999987	.002374168	.09762711	0
961.15	0	.8989862	.003140926	.09787287	0
960.15	0	.8979766	.003905779	.09811763	0
959.15	0	.8969699	.004668737	.09836139	0
958.15	0	.895966	.005429811	.09860415	0
957.15	0	.8949651	.006189008	.09884589	0
956.15	0	.893967	.00694634	.09908662	0
955.15	0	.8929719	.007701817	.09932634	0
954.15	0	.8919795	.008455449	.09956503	0
953.15	0	.89099	.009207249	.0998027	0
952.15	0	.8900034	.009957226	.1000393	0
951.15	0	.8890197	.01070539	.100275	0
950.15	0	.8880387	.01145176	.1005095	0
949.15	0	.8870606	.01219635	.1007431	0
948.15	0	.8860853	.01293916	.1009755	0
947.15	0	.8851128	.01368021	.101207	0
946.15	0	.8841431	.01441952	.1014374	0
945.15	0	.8831762	.0151571	.1016667	0
944.15	0	.8822121	.01589296	.1018949	0
943.15	0	.8812508	.01662712	.1021221	0
942.15	0	.8802922	.0173596	.1023483	0
941.15	0	.8793363	.0180904	.1025733	0
940.15	0	.8783832	.01881956	.1027972	0
939.15	0	.8774328	.01954708	.1030201	0
938.15	0	.8764852	.02027297	.1032419	0
937.15	0	.8755402	.02099728	.1034625	0
936.15	0	.8745979	.02172	.1036821	0
935.15	0	.8736583	.02244115	.1039005	0
934.15	0	.8727214	.02316077	.1041179	0
933.15	0	.8717871	.02387887	.1043341	0
932.15	0	.8708554	.02459546	.1045491	0
931.15	0	.8699264	.02531058	.104763	0
930.15	0	.8689999	.02602425	.1049758	0
929.15	0	.8680761	.02673648	.1051874	0
928.15	0	.8671548	.02744731	.1053979	0
927.15	0	.866236	.02815675	.1056072	0
926.15	0	.8653198	.02886484	.1058153	0
925.15	0	.8644061	.0295716	.1060223	0
924.15	0	.8634949	.03027705	.106228	0
923.15	0	.8625862	.03098123	.1064326	0
922.15	0	.8616799	.03168417	.1066359	0
921.15	0	.8607761	.03238589	.1068381	0
920.15	0	.8598746	.03308642	.107039	0
919.15	0	.8589755	.03378581	.1072387	0
918.15	0	.8580788	.03448407	.1074371	0
917.15	0	.8571845	.03518125	.1076343	0
916.15	0	.8562924	.03587738	.1078302	0
915.15	0	.8554026	.03657249	.1080249	0
914.15	0	.8545151	.03726663	.1082182	0
913.15	0	.8536298	.03795983	.1084103	0
912.15	0	.8527468	.03865213	.1086011	0
911.15	0	.8518658	.03934357	.1087906	0
910.15	0	.850987	.0400342	.1089788	0
909.15	0	.8501104	.04072406	.1091656	0
908.15	0	.8492358	.04141319	.1093511	0
907.15	0	.8483632	.04210165	.1095352	0
906.15	0	.8474926	.04278947	.109718	0
905.15	0	.846624	.04347671	.1098993	0
904.15	0	.8457573	.04416343	.1100793	0
903.15	0	.8448925	.04484966	.1102579	0
902.15	0	.8440295	.04553548	.1104351	0
901.15	0	.8431683	.04622093	.1106108	0
900.15	0	.8423089	.04690608	.1107851	0
899.15	0	.8414512	.04759097	.1109579	0
898.15	0	.8405951	.04827568	.1111292	0
897.15	0	.8397406	.04896028	.1112991	0
896.15	0	.8388877	.04964482	.1114674	0
895.15	0	.8380363	.05032938	.1116343	0
894.15	0	.8371864	.05101402	.1117996	0
893.15	0	.8363379	.05169883	.1119633	0
892.15	0	.8354907	.05238387	.1121255	0
891.15	0	.8346447	.05306923	.112286	0
890.15	0	.8338	.05375499	.112445	0
889.15	0	.8329564	.05444123	.1126023	0
888.15	0	.8321139	.05512803	.112758	0
887.15	0	.8312724	.0558155	.1129121	0
886.15	0	.8304319	.05650371	.1130644	0
885.15	0	.8295922	.05719277	.1132151	0
884.15	0	.8287533	.05788278	.113364	0
883.15	0	.827915	.05857385	.1135111	0
882.15	0	.8270774	.05926607	.1136565	0
881.15	0	.8262403	.05995956	.1138001	0
880.15	0	.8254037	.06065444	.1139419	0
879.15	0	.8245674	.06135082	.1140818	0
878.15	0	.8237314	.06204883	.1142198	0
877.15	0	.8228954	.0627486	.114356	0
876.15	0	.8220596	.06345026	.1144902	0
875.15	0	.8212236	.06415395	.1146225	0
874.15	0	.8203875	.06485981	.1147527	0
873.15	0	.819551	.06556799	.114881	0
872.15	0	.8187141	.06627865	.1150072	0
871.15	0	.8178767	.06699196	.1151313	0
870.15	0	.8170386	.06770807	.1152534	0
869.15	0	.8161996	.06842716	.1153732	0
868.15	0	.8153597	.06914942	.1154909	0
867.15	0	.8145186	.06987504	.1156064	0
866.15	0	.8136762	.07060421	.1157196	0
865.15	0	.8128324	.07133714	.1158305	0
864.15	0	.811987	.07207405	.115939	0
863.15	0	.8111397	.07281516	.1160451	0
862.15	0	.8102904	.07356071	.1161488	0
861.15	0	.809439	.07431094	.1162501	0
860.15	0	.8085851	.07506611	.1163488	0
859.15	0	.8077287	.07582649	.1164448	0
858.15	0	.8068693	.07659237	.1165383	0
857.15	0	.8060069	.07736404	.116629	0
856.15	0	.8051412	.07814181	.116717	0
855.15	0	.8042718	.07892601	.1168022	0
854.15	0	.8033986	.07971698	.1168844	0
853.15	0	.8025212	.08051509	.1169637	0
852.15	0	.8016393	.08132072	.1170399	0
851.15	0	.8007527	.08213427	.1171131	0
850.15	0	.7998608	.08295617	.117183	0
849.15	0	.7989635	.08378687	.1172496	0
848.15	0	.7980603	.08462684	.1173129	0
847.15	0	.7971507	.08547658	.1173727	0
846.15	0	.7962344	.08633665	.1174289	0
845.15	0	.7953109	.0872076	.1174815	0
844.15	0	.7943798	.08809004	.1175302	0
843.15	0	.7934404	.08898462	.117575	0
842.15	0	.7924922	.08989203	.1176158	0
841.15	0	.7915347	.09081301	.1176523	0
840.15	0	.7905671	.09174835	.1176845	0
839.15	0	.7895889	.0926989	.1177122	0
838.15	0	.7885447	.09372645	.1177288	0
837.15	0	.7869717	.09534956	.1176787	0
836.15	0	.7854552	.09691557	.1176292	0
835.15	0	.7839924	.09842726	.1175804	0
834.15	0	.7825806	.09988728	.1175322	0
833.15	0	.7812173	.1012981	.1174846	0
832.15	0	.7799002	.1026621	.1174377	0
831.15	0	.7786271	.1039815	.1173914	0
830.15	0	.777396	.1052584	.1173457	0
829.15	0	.7762047	.1064947	.1173006	0
828.15	0	.7750516	.1076923	.117256	0
827.15	0	.7739349	.1088531	.1172121	0
826.15	0	.7728528	.1099785	.1171687	0
825.15	0	.7718039	.1110704	.1171258	0
824.15	0	.7707867	.11213	.1170834	0
823.15	0	.7697997	.1131588	.1170415	0
822.15	0	.7688418	.1141582	.117	0
821.15	0	.7679115	.1151295	.116959	0
820.15	0	.7670078	.1160737	.1169184	0
819.15	0	.7661296	.1169922	.1168783	0
818.15	0	.7652757	.1178859	.1168385	0
817.15	0	.7644452	.1187558	.116799	0
816.15	0	.763637	.119603	.11676	0
815.15	0	.7628504	.1204284	.1167212	0
814.15	0	.7620844	.1212328	.1166828	0
813.15	0	.7613383	.122017	.1166447	0
812.15	0	.7606112	.122782	.1166068	0
811.15	0	.7599024	.1235284	.1165693	0
810.15	0	.7592111	.1242569	.116532	0
809.15	0	.7585368	.1249683	.1164949	0
808.15	0	.7578788	.1256632	.116458	0
807.15	0	.7572365	.1263422	.1164214	0
806.15	0	.7566092	.1270059	.1163849	0
805.15	0	.7559965	.1276548	.1163487	0
804.15	0	.7553978	.1282896	.1163126	0
803.15	0	.7548125	.1289108	.1162767	0
802.15	0	.7542403	.1295188	.1162409	0
801.15	0	.7536807	.130114	.1162053	0
800.15	0	.7531331	.1306971	.1161698	0
799.15	0	.7525972	.1312683	.1161345	0
798.15	0	.7520727	.1318282	.1160992	0
797.15	0	.751559	.132377	.1160641	0
796.15	0	.7510558	.1329152	.116029	0
795.15	0	.7505628	.1334432	.1159941	0
794.15	0	.7500796	.1339612	.1159592	0
793.15	0	.7496059	.1344697	.1159244	0
792.15	0	.7491414	.1349689	.1158896	0
791.15	0	.7486859	.1354592	.115855	0
790.15	0	.7482389	.1359408	.1158204	0
789.15	0	.7478002	.1364141	.1157858	0
788.15	0	.7473696	.1368792	.1157512	0
787.15	0	.7469468	.1373365	.1157167	0
786.15	0	.7465315	.1377862	.1156823	0
785.15	0	.7461236	.1382286	.1156478	0
784.15	0	.7457228	.1386638	.1156134	0
783.15	0	.7453289	.1390921	.115579	0
782.15	0	.7449416	.1395137	.1155446	0
781.15	0	.7445609	.1399289	.1155102	0
780.15	0	.7441864	.1403378	.1154759	0
779.15	0	.743818	.1407406	.1154415	0
778.15	0	.7434555	.1411374	.1154071	0
777.15	0	.7430988	.1415286	.1153727	0
776.15	0	.7427476	.1419141	.1153383	0
775.15	0	.7424019	.1422943	.1153038	0
774.15	0	.7420615	.1426692	.1152694	0
773.15	0	.7417261	.143039	.1152349	0
772.15	0	.7413958	.1434038	.1152004	0
771.15	0	.7410703	.1437638	.1151659	0
770.15	0	.7407495	.1441192	.1151314	0
769.15	0	.7404332	.14447	.1150968	0
768.15	0	.7401214	.1448164	.1150622	0
767.15	0	.739814	.1451585	.1150275	0
766.15	0	.7395108	.1454964	.1149928	0
765.15	0	.7392117	.1458303	.1149581	0
764.15	0	.7389166	.1461601	.1149233	0
763.15	0	.7386254	.1464862	.1148885	0
762.15	0	.7383379	.1468084	.1148536	0
761.15	0	.7380542	.1471271	.1148187	0
760.15	0	.7377741	.1474421	.1147838	0
759.15	0	.7374975	.1477537	.1147487	0
758.15	0	.7372244	.1480619	.1147137	0
757.15	0	.7369546	.1483669	.1146786	0
756.15	0	.736688	.1486686	.1146434	0
755.15	0	.7364261	.1489661	.1146078	0
754.15	0	.7361658	.1492617	.1145725	0
753.15	0	.7359084	.1495544	.1145372	0
752.15	0	.7356541	.1498441	.1145018	0
751.15	0	.7354026	.150131	.1144664	0
750.15	0	.7351539	.1504152	.1144309	0
749.15	0	.7349081	.1506966	.1143953	0
748.15	0	.7346649	.1509754	.1143597	0
747.15	0	.7344244	.1512516	.114324	0
746.15	0	.7341864	.1515253	.1142883	0
745.15	0	.733951	.1517966	.1142525	0
744.15	0	.733718	.1520654	.1142166	0
743.15	0	.7334875	.1523319	.1141806	0
742.15	0	.7332593	.1525961	.1141446	0
741.15	0	.7330334	.1528581	.1141085	0
740.15	0	.7328098	.1531178	.1140724	0
739.15	0	.7325884	.1533755	.1140362	0
738.15	0	.7323691	.153631	.1139999	0
737.15	0	.732152	.1538845	.1139635	0
736.15	0	.7319369	.1541359	.1139271	0
735.15	0	.7317239	.1543854	.1138907	0
734.15	0	.7315129	.154633	.1138541	0
733.15	0	.7313038	.1548787	.1138175	0
732.15	0	.7310966	.1551226	.1137808	0
731.15	0	.7308913	.1553646	.1137441	0
730.15	0	.7306879	.1556049	.1137072	0
729.15	0	.7304862	.1558434	.1136704	0
728.15	0	.7302863	.1560803	.1136334	0
727.15	0	.7300881	.1563155	.1135964	0
726.15	0	.7298917	.156549	.1135593	0
725.15	0	.7296968	.156781	.1135222	0
724.15	0	.7295037	.1570114	.113485	0
723.15	0	.7293121	.1572402	.1134477	0
722.15	0	.7291221	.1574676	.1134103	0
721.15	0	.7289336	.1576935	.1133729	0
720.15	0	.7287467	.1579179	.1133354	0
719.15	0	.7285613	.1581408	.1132979	0
718.15	0	.7283773	.1583624	.1132603	0
717.15	0	.7281947	.1585827	.1132226	0
716.15	0	.7280136	.1588015	.1131849	0
715.15	0	.7278338	.1590191	.1131471	0
714.15	0	.7276554	.1592353	.1131092	0
713.15	0	.7274784	.1594503	.1130713	0
712.15	0	.7273027	.159664	.1130333	0
711.15	0	.7271283	.1598765	.1129953	0
710.15	0	.7269551	.1600877	.1129572	0
709.15	0	.7267832	.1602978	.112919	0
708.15	0	.7266125	.1605067	.1128808	0
707.15	0	.726443	.1607144	.1128425	0
706.15	0	.7262748	.160921	.1128042	0
705.15	0	.7261077	.1611265	.1127658	0
704.15	0	.7259418	.1613309	.1127273	0
703.15	0	.725777	.1615343	.1126888	0
702.15	0	.7256133	.1617365	.1126502	0
701.15	0	.7254507	.1619377	.1126116	0
700.15	0	.7252892	.1621379	.1125729	0
699.15	0	.7251288	.1623371	.1125342	0
698.15	0	.7249694	.1625352	.1124954	0
697.15	0	.7248111	.1627324	.1124565	0
696.15	0	.7246538	.1629286	.1124176	0
695.15	0	.7244975	.1631239	.1123787	0
694.15	0	.7243422	.1633182	.1123396	0
693.15	0	.7241879	.1635116	.1123006	0
692.15	0	.7240345	.163704	.1122615	0
691.15	0	.7238821	.1638956	.1122223	0
690.15	0	.7237306	.1640863	.1121831	0
689.15	0	.7235801	.1642761	.1121438	0
688.15	0	.7234305	.164465	.1121045	0
687.15	0	.7232817	.1646531	.1120652	0
686.15	0	.7231339	.1648403	.1120258	0
685.15	0	.7229869	.1650267	.1119863	0
684.15	0	.7228408	.1652123	.1119468	0
683.15	0	.7226956	.1653971	.1119073	0
682.15	0	.7225512	.1655811	.1118677	0
681.15	0	.7224076	.1657643	.1118281	0
680.15	0	.7222649	.1659467	.1117884	0
679.15	0	.722123	.1661283	.1117487	0
678.15	0	.7219818	.1663092	.111709	0
677.15	0	.7218415	.1664894	.1116692	0
676.15	0	.7217019	.1666687	.1116293	0
675.15	0	.7215632	.1668474	.1115895	0
674.15	0	.7214251	.1670253	.1115495	0
673.15	0	.7212879	.1672025	.1115096	0
672.15	0	.7211513	.167379	.1114696	0
671.15	0	.7210156	.1675548	.1114296	0
670.15	0	.7208805	.16773	.1113895	0
669.15	0	.7207462	.1679044	.1113494	0
668.15	0	.7206126	.1680781	.1113093	0
667.15	0	.7204796	.1682512	.1112692	0
666.15	0	.7203474	.1684236	.111229	0
665.15	0	.7202159	.1685954	.1111888	0
664.15	0	.720085	.1687665	.1111485	0
663.15	0	.7199549	.1689369	.1111082	0
662.15	0	.7198253	.1691068	.1110679	0
661.15	0	.7196965	.169276	.1110276	0
660.15	0	.7195683	.1694445	.1109872	0
659.15	0	.7194407	.1696125	.1109468	0
658.15	0	.7193138	.1697798	.1109064	0
657.15	0	.7191875	.1699465	.1108659	0
656.15	0	.7190619	.1701127	.1108255	0
655.15	0	.7189368	.1702782	.110785	0
654.15	0	.7188124	.1704431	.1107444	0
653.15	0	.7186886	.1706075	.1107039	0
652.15	0	.7185654	.1707712	.1106634	0
651.15	0	.7184428	.1709344	.1106228	0
650.15	0	.7183208	.1710971	.1105822	0
649.15	0	.7181993	.1712591	.1105415	0
648.15	0	.7180785	.1714206	.1105009	0
647.15	0	.7179582	.1715816	.1104602	0
646.15	0	.7178385	.1717419	.1104196	0
645.15	0	.7177193	.1719018	.1103789	0
644.15	0	.7176007	.1720611	.1103382	0
643.15	0	.7174827	.1722198	.1102975	0
642.15	0	.7173652	.172378	.1102567	0
641.15	0	.7172483	.1725357	.110216	0
640.15	0	.7171319	.1726929	.1101752	0
639.15	0	.717016	.1728495	.1101345	0
638.15	0	.7169007	.1730056	.1100937	0
637.15	0	.7167859	.1731612	.1100529	0
636.15	0	.7166716	.1733163	.1100121	0
635.15	0	.7165578	.1734709	.1099713	0
634.15	0	.7164446	.1736249	.1099305	0
633.15	0	.7163318	.1737785	.1098897	0
632.15	0	.7162196	.1739315	.1098489	0
631.15	0	.7161079	.1740841	.109808	0
630.15	0	.7159966	.1742362	.1097672	0
629.15	0	.7158859	.1743877	.1097264	0
628.15	0	.7157756	.1745388	.1096856	0
627.15	0	.7156659	.1746894	.1096447	0
626.15	0	.7155566	.1748395	.1096039	0
625.15	0	.7154478	.1749892	.109563	0
624.15	0	.7153395	.1751383	.1095222	0
623.15	0	.7152316	.175287	.1094814	0
622.15	0	.7151242	.1754352	.1094405	0
621.15	0	.7150173	.175583	.1093997	0
620.15	0	.7149109	.1757302	.1093589	0
619.15	0	.7148049	.1758771	.1093181	0
618.15	0	.7146993	.1760234	.1092773	0
617.15	0	.7145942	.1761693	.1092365	0
616.15	0	.7144896	.1763147	.1091957	0
615.15	0	.7143854	.1764597	.1091549	0
614.15	0	.7142817	.1766042	.1091141	0
613.15	0	.7141784	.1767483	.1090734	0
612.15	0	.7140755	.1768919	.1090326	0
611.15	0	.7139731	.1770351	.1089919	0
610.15	0	.7138711	.1771778	.1089511	0
609.15	0	.7137696	.17732	.1089104	0
608.15	0	.7136684	.1774619	.1088697	0
607.15	0	.7135677	.1776033	.108829	0
606.15	0	.7134675	.1777442	.1087883	0
605.15	0	.7133676	.1778847	.1087477	0
604.15	0	.7132682	.1780248	.108707	0
603.15	0	.7131691	.1781645	.1086664	0
602.15	0	.7130705	.1783037	.1086258	0
601.15	0	.7129723	.1784425	.1085852	0
600.15	0	.7128745	.1785808	.1085447	0
599.15	0	.7127771	.1787187	.1085041	0
598.15	0	.7126802	.1788562	.1084636	0
597.15	0	.7125836	.1789933	.1084231	0
596.15	0	.7124874	.1791299	.1083827	0
595.15	0	.7123916	.1792662	.1083422	0
594.15	0	.7122962	.179402	.1083018	0
593.15	0	.7122013	.1795373	.1082614	0
592.15	0	.7121067	.1796723	.108221	0
591.15	0	.7120125	.1798068	.1081807	0
590.15	0	.7119186	.179941	.1081404	0
589.15	0	.7118252	.1800747	.1081001	0
588.15	0	.7117322	.180208	.1080599	0
587.15	0	.7116395	.1803409	.1080197	0
586.15	0	.7115472	.1804733	.1079795	0
585.15	0	.7114553	.1806054	.1079393	0
584.15	0	.7113638	.180737	.1078992	0
583.15	0	.7112726	.1808683	.1078591	0
582.15	0	.7111818	.1809991	.1078191	0
581.15	0	.7110914	.1811295	.1077791	0
580.15	0	.7110014	.1812595	.1077391	0
579.15	0	.7109117	.1813891	.1076992	0
578.15	0	.7108224	.1815183	.1076593	0
577.15	0	.7107335	.1816471	.1076194	0
576.15	0	.7106449	.1817755	.1075796	0
575.15	0	.7105567	.1819035	.1075398	0
574.15	0	.7104689	.1820311	.1075001	0
573.15	0	.7103814	.1821583	.1074604	0
572.15	0	.7102942	.182285	.1074207	0
571.15	0	.7102075	.1824114	.1073811	0
570.15	0	.7101211	.1825374	.1073416	0
569.15	0	.710035	.182663	.107302	0
568.15	0	.7099493	.1827882	.1072626	0
567.15	0	.7098639	.1829129	.1072231	0
566.15	0	.7097789	.1830373	.1071838	0
565.15	0	.7096943	.1831613	.1071444	0
564.15	0	.70961	.1832849	.1071052	0
563.15	0	.709526	.1834081	.1070659	0
562.15	0	.7094424	.1835309	.1070268	0
561.15	0	.7093591	.1836533	.1069876	0
560.15	0	.7092761	.1837753	.1069486	0
559.15	0	.7091936	.1838969	.1069096	0
558.15	0	.7091113	.1840181	.1068706	0
557.15	0	.7090294	.1841389	.1068317	0
556.15	0	.7089478	.1842594	.1067928	0
555.15	0	.7088666	.1843794	.1067541	0
554.15	0	.7087857	.184499	.1067153	0
553.15	0	.7087051	.1846183	.1066766	0
552.15	0	.7086249	.1847371	.106638	0
551.15	0	.708545	.1848556	.1065994	0
550.15	0	.7084654	.1849737	.106561	0
549.15	0	.7083862	.1850913	.1065225	0
548.15	0	.7083072	.1852086	.1064841	0
547.15	0	.7082287	.1853255	.1064458	0
546.15	0	.7081504	.185442	.1064076	0
545.15	0	.7080725	.1855581	.1063694	0
544.15	0	.7079949	.1856739	.1063313	0
543.15	0	.7079176	.1857892	.1062932	0
542.15	0	.7078407	.1859041	.1062552	0
541.15	0	.707764	.1860187	.1062173	0
540.15	0	.7076877	.1861329	.1061794	0
539.15	0	.7076117	.1862466	.1061417	0
538.15	0	.7075361	.18636	.1061039	0
537.15	0	.7074607	.186473	.1060663	0
536.15	0	.7073857	.1865856	.1060287	0
535.15	0	.707311	.1866978	.1059912	0
534.15	0	.7072366	.1868096	.1059538	0
533.15	0	.7071625	.1869211	.1059164	0
532.15	0	.7070887	.1870321	.1058791	0
531.15	0	.7070153	.1871428	.1058419	0
530.15	0	.7069422	.187253	.1058048	0
529.15	0	.7068693	.1873629	.1057678	0
528.15	0	.7067968	.1874724	.1057308	0
527.15	0	.7067246	.1875815	.1056939	0
526.15	0	.7066528	.1876902	.105657	0
525.15	0	.7065812	.1877985	.1056203	0
524.15	0	.7065099	.1879065	.1055836	0
523.15	0	.706439	.188014	.105547	0
522.15	0	.7063683	.1881212	.1055105	0
521.15	0	.706298	.1882279	.1054741	0
520.15	0	.7062279	.1883343	.1054378	0
519.15	0	.7061582	.1884403	.1054015	0
518.15	0	.7060888	.1885459	.1053654	0
517.15	0	.7060197	.1886511	.1053293	0
516.15	0	.7059508	.1887559	.1052933	0
515.15	0	.7058823	.1888603	.1052573	0
514.15	0	.7058141	.1889644	.1052215	0
513.15	0	.7057462	.189068	.1051858	0
512.15	0	.7056786	.1891713	.1051501	0
511.15	0	.7056113	.1892742	.1051145	0
510.15	0	.7055443	.1893766	.1050791	0
509.15	0	.7054776	.1894787	.1050437	0
508.15	0	.7054112	.1895804	.1050084	0
507.15	0	.7053452	.1896817	.1049731	0
506.15	0	.7052794	.1897826	.104938	0
505.15	0	.7052139	.1898832	.104903	0
504.15	0	.7051487	.1899833	.104868	0
503.15	0	.7050838	.1900831	.1048332	0
502.15	0	.7050191	.1901824	.1047985	0
501.15	0	.7049548	.1902814	.1047638	0
500.15	0	.7048908	.19038	.1047293	0
499.15	0	.704827	.1904781	.1046948	0
498.15	0	.7047636	.1905759	.1046605	0
497.15	0	.7047005	.1906733	.1046262	0
496.15	0	.7046376	.1907704	.1045921	0
495.15	0	.704575	.190867	.104558	0
494.15	0	.7045128	.1909632	.1045241	0
493.15	0	.7044508	.191059	.1044902	0
492.15	0	.7043891	.1911545	.1044564	0
491.15	0	.7043277	.1912495	.1044228	0
490.15	0	.7042666	.1913442	.1043892	0
489.15	0	.7042058	.1914385	.1043558	0
488.15	0	.7041452	.1915323	.1043225	0
487.15	0	.704085	.1916258	.1042892	0
486.15	0	.704025	.1917189	.1042561	0
485.15	0	.7039653	.1918116	.1042231	0
484.15	0	.703906	.1919039	.1041901	0
483.15	0	.7038469	.1919958	.1041573	0
482.15	0	.703788	.1920873	.1041246	0
481.15	0	.7037295	.1921785	.104092	0
480.15	0	.7036713	.1922692	.1040595	0
479.15	0	.7036133	.1923595	.1040272	0
478.15	0	.7035557	.1924495	.1039949	0
477.15	0	.7034983	.192539	.1039627	0
476.15	0	.7034412	.1926282	.1039307	0
475.15	0	.7033843	.1927169	.1038987	0
474.15	0	.7033278	.1928053	.1038669	0
473.15	0	.7032715	.1928933	.1038352	0
472.15	0	.7032155	.1929808	.1038036	0
471.15	0	.7031598	.193068	.1037721	0
470.15	0	.7031044	.1931548	.1037408	0
469.15	0	.7030493	.1932412	.1037095	0
468.15	0	.7029944	.1933272	.1036784	0
467.15	0	.7029399	.1934128	.1036474	0
466.15	0	.7028855	.193498	.1036165	0
465.15	0	.7028315	.1935828	.1035857	0
464.15	0	.7027778	.1936672	.103555	0
463.15	0	.7027243	.1937512	.1035245	0
462.15	0	.7026711	.1938349	.103494	0
461.15	0	.7026182	.1939181	.1034637	0
460.15	0	.7025656	.1940009	.1034335	0
459.15	0	.7025132	.1940833	.1034035	0
458.15	0	.7024611	.1941654	.1033735	0
457.15	0	.7024093	.194247	.1033437	0
456.15	0	.7023578	.1943283	.103314	0
455.15	0	.7023065	.1944091	.1032844	0
454.15	0	.7022555	.1944896	.1032549	0
453.15	0	.7022048	.1945696	.1032256	0
452.15	0	.7021544	.1946492	.1031964	0
451.15	0	.7021042	.1947285	.1031673	0
450.15	0	.7020543	.1948074	.1031384	0
449.15	0	.7020047	.1948858	.1031095	0
448.15	0	.7019554	.1949638	.1030808	0
447.15	0	.7019064	.1950414	.1030523	0
446.15	0	.7018576	.1951185	.1030239	0
445.15	0	.7018091	.1951953	.1029956	0
444.15	0	.701761	.1952716	.1029674	0
443.15	0	.7017131	.1953475	.1029394	0
442.15	0	.7016655	.195423	.1029115	0
441.15	0	.7016182	.195498	.1028838	0
440.15	0	.7015712	.1955726	.1028562	0
439.15	0	.7015245	.1956468	.1028288	0
438.15	0	.7014781	.1957205	.1028015	0
437.15	0	.701432	.1957937	.1027743	0
436.15	0	.7013862	.1958665	.1027473	0
435.15	0	.7013407	.1959388	.1027205	0
434.15	0	.7012955	.1960107	.1026938	0
433.15	0	.7012507	.1960821	.1026673	0
432.15	0	.7012061	.196153	.1026409	0
431.15	0	.7011619	.1962235	.1026146	0
430.15	0	.7011179	.1962935	.1025886	0
429.15	0	.7010743	.196363	.1025627	0
428.15	0	.7010311	.196432	.1025369	0
427.15	0	.7009881	.1965006	.1025113	0
426.15	0	.7009454	.1965687	.1024859	0
425.15	0	.7009031	.1966363	.1024607	0
424.15	0	.7008611	.1967034	.1024356	0
423.15	0	.7008194	.19677	.1024106	0
422.15	0	.700778	.1968362	.1023859	0
421.15	0	.7007369	.1969018	.1023613	0
420.15	0	.7006962	.196967	.1023368	0
419.15	0	.7006557	.1970317	.1023126	0
418.15	0	.7006156	.1970959	.1022885	0
417.15	0	.7005758	.1971597	.1022645	0
416.15	0	.7005364	.1972229	.1022407	0
415.15	0	.7004972	.1972856	.1022172	0
414.15	0	.7004584	.1973479	.1021937	0
413.15	0	.7004198	.1974097	.1021705	0
412.15	0	.7003816	.197471	.1021474	0
411.15	0	.7003437	.1975318	.1021245	0
410.15	0	.7003061	.1975922	.1021017	0
409.5651	0	.7002843	.1976272	.1020885	0
409.5651	0	.7002843	.1976272	.1020885	0
409.5651	0	.7002843	.1976272	.1020885	0
409.15	0	.7003724	.1974046	.1019694	2.535463E-04
408.15	0	.7005844	.1968688	.1016831	8.637394E-04
407.15	0	.7007962	.1963334	.1013973	.001473147
406.15	0	.7010076	.1957985	.1011121	.002081774
405.15	0	.7012188	.195264	.1008275	.00268963
404.15	0	.7014298	.1947299	.1005435	.00329672
403.15	0	.7016405	.1941963	.1002601	.003903051
402.15	0	.701851	.1936631	.09997728	.004508629
401.15	0	.7020613	.1931303	.09969501	.005113462
400.15	0	.7022713	.1925979	.09941333	.005717555
399.15	0	.7024811	.1920658	.09913221	.006320915
398.15	0	.7026907	.1915341	.09885167	.006923548
397.15	0	.7029	.1910028	.09857169	.00752546
396.15	0	.7031092	.1904719	.09829227	.008126657
395.15	0	.7033181	.1899413	.09801342	.008727145
394.15	0	.7035269	.189411	.09773513	.00932693
393.15	0	.7037355	.1888811	.09745739	.009926018
392.15	0	.7039439	.1883515	.09718021	.01052442
391.15	0	.7041521	.1878222	.09690357	.01112213
390.15	0	.7043601	.1872932	.09662749	.01171916
389.15	0	.704568	.1867646	.09635195	.01231551
388.15	0	.7047757	.1862362	.09607695	.0129112
387.15	0	.7049832	.1857081	.0958025	.01350623
386.15	0	.7051906	.1851803	.09552858	.01410059
385.15	0	.7053978	.1846527	.09525521	.0146943
384.15	0	.7056049	.1841254	.09498236	.01528737
383.15	0	.7058118	.1835984	.09471004	.01587979
382.15	0	.7060185	.1830716	.09443826	.01647157
381.15	0	.7062252	.1825451	.094167	.01706272
380.15	0	.7064317	.1820188	.09389626	.01765325
379.15	0	.706638	.1814928	.09362605	.01824315
378.15	0	.7068443	.180967	.09335635	.01883243
377.15	0	.7070504	.1804414	.09308717	.0194211
376.15	0	.7072564	.179916	.09281851	.02000916
375.15	0	.7074622	.1793908	.09255036	.02059661
374.15	0	.707668	.1788658	.09228271	.02118347
373.15	0	.7078736	.1783411	.09201558	.02176973
372.15	0	.7080791	.1778165	.09174895	.02235539
371.15	0	.7082845	.1772922	.09148282	.02294048
370.15	0	.7084898	.176768	.0912172	.02352498
369.15	0	.7086951	.176244	.09095207	.0241089
368.15	0	.7089002	.1757202	.09068743	.02469225
367.15	0	.7091052	.1751965	.0904233	.02527502
366.15	0	.7093101	.174673	.09015965	.02585724
365.15	0	.7095149	.1741497	.0898965	.02643889
364.15	0	.7097196	.1736266	.08963383	.02701998
363.15	0	.7099242	.1731036	.08937164	.02760052
362.15	0	.7101288	.1725808	.08910994	.02818051
361.15	0	.7103333	.1720581	.08884873	.02875995
360.15	0	.7105376	.1715355	.08858799	.02933885
359.15	0	.7107419	.1710131	.08832773	.02991721
358.15	0	.7109462	.1704909	.08806794	.03049504
357.15	0	.7111503	.1699687	.08780863	.03107233
356.15	0	.7113544	.1694467	.08754979	.0316491
355.15	0	.7115584	.1689249	.08729142	.03222534
354.15	0	.7117623	.1684031	.08703351	.03280106
353.15	0	.7119662	.1678815	.08677607	.03337626
352.15	0	.71217	.16736	.0865191	.03395095
351.15	0	.7123737	.1668386	.08626259	.03452512
350.15	0	.7125773	.1663174	.08600653	.03509879
349.15	0	.7127809	.1657962	.08575094	.03567195
348.15	0	.7129844	.1652751	.0854958	.03624462
347.15	0	.7131879	.1647542	.08524111	.03681678
346.15	0	.7133913	.1642334	.08498688	.03738844
345.15	0	.7135947	.1637126	.0847331	.03795962
344.15	0	.713798	.163192	.08447977	.0385303
343.15	0	.7140012	.1626714	.08422689	.0391005
342.15	0	.7142044	.162151	.08397445	.03967021
341.15	0	.7144075	.1616306	.08372246	.04023944
340.15	0	.7146106	.1611103	.0834709	.0408082
339.15	0	.7148136	.1605901	.08321979	.04137647
338.15	0	.7150166	.16007	.08296912	.04194428
337.15	0	.7152195	.15955	.08271889	.04251161
336.15	0	.7154224	.1590301	.08246909	.04307848
335.15	0	.7156252	.1585102	.08221973	.04364487
334.15	0	.715828	.1579904	.0819708	.04421081
333.15	0	.7160307	.1574707	.0817223	.04477629
332.15	0	.7162334	.1569511	.08147424	.0453413
331.15	0	.716436	.1564315	.0812266	.04590586
330.15	0	.7166386	.1559121	.08097939	.04646997
329.15	0	.7168411	.1553926	.0807326	.04703363
328.15	0	.7170436	.1548733	.08048624	.04759684
327.15	0	.7172461	.154354	.0802403	.0481596
326.15	0	.7174485	.1538348	.07999479	.04872191
325.15	0	.7176509	.1533157	.07974969	.04928379
324.15	0	.7178532	.1527966	.07950501	.04984522
323.15	0	.7180555	.1522775	.07926075	.05040621
322.15	0	.7182577	.1517586	.07901691	.05096677
321.15	0	.71846	.1512397	.07877349	.05152689
320.15	0	.7186621	.1507208	.07853047	.05208658
319.15	0	.7188642	.1502021	.07828787	.05264584
318.15	0	.7190663	.1496833	.07804568	.05320467
317.15	0	.7192684	.1491647	.07780391	.05376307
316.15	0	.7194704	.1486461	.07756254	.05432104
315.15	0	.7196723	.1481275	.07732158	.05487859
314.15	0	.7198743	.147609	.07708102	.05543572
313.15	0	.7200762	.1470905	.07684088	.05599243
312.15	0	.720278	.1465721	.07660114	.05654872
311.15	0	.7204798	.1460538	.0763618	.05710459
310.15	0	.7206816	.1455355	.07612286	.05766005
309.15	0	.7208833	.1450173	.07588433	.05821509
308.15	0	.721085	.1444991	.0756462	.05876971
307.15	0	.7212867	.1439809	.07540847	.05932393
306.15	0	.7214883	.1434629	.07517114	.05987773
305.15	0	.7216898	.1429448	.07493421	.06043113
304.15	0	.7218914	.1424268	.07469767	.06098412
303.15	0	.7220929	.1419089	.07446153	.0615367
302.15	0	.7222943	.141391	.07422579	.06208887
301.15	0	.7224957	.1408732	.07399044	.06264064
300.15	0	.7226971	.1403554	.07375549	.06319201
299.15	0	.7228984	.1398377	.07352093	.06374298
298.15	0	.7230997	.13932	.07328676	.06429354
