T	 BPW(LIQUID)	BPW(BCC_A2)	BPW(FCC_A1)	BPW(LAVES_PHASE_C14)	BPW(NI3TI)
1473.15	.1416975	.8583025	0	0	0
1472.15	.1390733	.8609267	0	0	0
1471.15	.1364685	.8635315	0	0	0
1470.15	.133883	.866117	0	0	0
1469.15	.1313166	.8686834	0	0	0
1468.15	.1287692	.8712308	0	0	0
1467.15	.1262406	.8737594	0	0	0
1466.15	.1237307	.8762693	0	0	0
1465.15	.1212392	.8787608	0	0	0
1464.15	.118766	.881234	0	0	0
1463.15	.116311	.883689	0	0	0
1462.15	.1138739	.8861261	0	0	0
1461.15	.1114547	.8885453	0	0	0
1460.15	.1090531	.8909469	0	0	0
1459.15	.1066691	.8933309	0	0	0
1458.15	.1043024	.8956976	0	0	0
1457.15	.101953	.898047	0	0	0
1456.15	.09962059	.9003794	0	0	0
1455.15	.09730512	.9026949	0	0	0
1454.15	.09500642	.9049936	0	0	0
1453.15	.09272434	.9072757	0	0	0
1452.15	.09045873	.9095413	0	0	0
1451.15	.08820946	.9117905	0	0	0
1450.15	.08597637	.9140236	0	0	0
1449.15	.08375934	.9162407	0	0	0
1448.15	.08155822	.9184418	0	0	0
1447.15	.07937287	.9206271	0	0	0
1446.15	.07720315	.9227969	0	0	0
1445.15	.07504894	.9249511	0	0	0
1444.15	.07291009	.9270899	0	0	0
1443.15	.07078648	.9292135	0	0	0
1442.15	.06867796	.931322	0	0	0
1441.15	.06658441	.9334156	0	0	0
1440.15	.06450571	.9354943	0	0	0
1439.15	.06244172	.9375583	0	0	0
1438.15	.06039231	.9396077	0	0	0
1437.15	.05835737	.9416426	0	0	0
1436.15	.05633676	.9436632	0	0	0
1435.15	.05433037	.9456696	0	0	0
1434.15	.05233806	.9476619	0	0	0
1433.15	.05035973	.9496403	0	0	0
1432.15	.04839525	.9516047	0	0	0
1431.15	.0464445	.9535555	0	0	0
1430.15	.04450737	.9554926	0	0	0
1429.15	.04258373	.9574163	0	0	0
1428.15	.04067348	.9593265	0	0	0
1427.15	.0387765	.9612235	0	0	0
1426.15	.03689267	.9631073	0	0	0
1425.15	.0350219	.9649781	0	0	0
1424.15	.03316405	.9668359	0	0	0
1423.15	.03131903	.968681	0	0	0
1422.15	.02948673	.9705133	0	0	0
1421.15	.02766704	.972333	0	0	0
1420.15	.02585985	.9741402	0	0	0
1419.15	.02406506	.9759349	0	0	0
1418.15	.02228256	.9777174	0	0	0
1417.15	.02051226	.9794877	0	0	0
1416.15	.01875404	.981246	0	0	0
1415.15	.01700781	.9829922	0	0	0
1414.15	.01527346	.9847265	0	0	0
1413.15	.01355091	.9864491	0	0	0
1412.15	.01184004	.98816	0	0	0
1411.15	.01014077	.9898592	0	0	0
1410.15	.008452991	.991547	0	0	0
1409.15	.006776615	.9932234	0	0	0
1408.15	.005111546	.9948885	0	0	0
1407.15	.00345769	.9965423	0	0	0
1406.15	.001814956	.998185	0	0	0
1405.15	1.832521E-04	.9998167	0	0	0
1405.037	0	1	0	0	0
1405.037	0	1	0	0	0
1404.15	0	1	0	0	0
1403.15	0	1	0	0	0
1402.15	0	1	0	0	0
1401.15	0	1	0	0	0
1400.15	0	1	0	0	0
1399.15	0	1	0	0	0
1398.15	0	1	0	0	0
1397.15	0	1	0	0	0
1396.15	0	1	0	0	0
1395.15	0	1	0	0	0
1394.15	0	1	0	0	0
1393.15	0	1	0	0	0
1392.15	0	1	0	0	0
1391.15	0	1	0	0	0
1390.15	0	1	0	0	0
1389.15	0	1	0	0	0
1388.15	0	1	0	0	0
1387.15	0	1	0	0	0
1386.15	0	1	0	0	0
1385.15	0	1	0	0	0
1384.15	0	1	0	0	0
1383.15	0	1	0	0	0
1382.15	0	1	0	0	0
1381.15	0	1	0	0	0
1380.15	0	1	0	0	0
1379.15	0	1	0	0	0
1378.15	0	1	0	0	0
1377.15	0	1	0	0	0
1376.15	0	1	0	0	0
1375.15	0	1	0	0	0
1374.15	0	1	0	0	0
1373.15	0	1	0	0	0
1372.15	0	1	0	0	0
1371.15	0	1	0	0	0
1370.15	0	1	0	0	0
1369.15	0	1	0	0	0
1368.15	0	1	0	0	0
1367.15	0	1	0	0	0
1366.15	0	1	0	0	0
1365.15	0	1	0	0	0
1364.15	0	1	0	0	0
1363.15	0	1	0	0	0
1362.15	0	1	0	0	0
1361.15	0	1	0	0	0
1360.15	0	1	0	0	0
1359.15	0	1	0	0	0
1358.15	0	1	0	0	0
1357.15	0	1	0	0	0
1356.15	0	1	0	0	0
1355.15	0	1	0	0	0
1354.15	0	1	0	0	0
1353.15	0	1	0	0	0
1352.15	0	1	0	0	0
1351.15	0	1	0	0	0
1350.15	0	1	0	0	0
1349.15	0	1	0	0	0
1348.15	0	1	0	0	0
1347.15	0	1	0	0	0
1346.15	0	1	0	0	0
1345.15	0	1	0	0	0
1344.15	0	1	0	0	0
1343.15	0	1	0	0	0
1342.15	0	1	0	0	0
1341.15	0	1	0	0	0
1340.15	0	1	0	0	0
1339.15	0	1	0	0	0
1338.15	0	1	0	0	0
1337.15	0	1	0	0	0
1336.15	0	1	0	0	0
1335.15	0	1	0	0	0
1334.15	0	1	0	0	0
1333.15	0	1	0	0	0
1332.15	0	1	0	0	0
1331.15	0	1	0	0	0
1330.15	0	1	0	0	0
1329.15	0	1	0	0	0
1328.15	0	1	0	0	0
1327.15	0	1	0	0	0
1326.15	0	1	0	0	0
1325.15	0	1	0	0	0
1324.15	0	1	0	0	0
1323.974	0	1	0	0	0
1323.974	0	1	0	0	0
1323.974	0	1	0	0	0
1323.15	0	.9994408	0	5.591883E-04	0
1322.15	0	.9987632	0	.001236803	0
1321.15	0	.9980871	0	.001912948	0
1320.15	0	.9974124	0	.002587628	0
1319.15	0	.9967392	0	.003260847	0
1318.15	0	.9960674	0	.00393261	0
1317.15	0	.9953971	0	.004602921	0
1316.15	0	.9947282	0	.005271784	0
1315.15	0	.9940608	0	.005939205	0
1314.15	0	.9933948	0	.006605186	0
1313.15	0	.9927303	0	.007269733	0
1312.15	0	.9920672	0	.00793285	0
1311.15	0	.9914055	0	.008594541	0
1310.15	0	.9907452	0	.009254811	0
1309.15	0	.9900863	0	.009913663	0
1308.15	0	.9894289	0	.0105711	0
1307.15	0	.9887729	0	.01122713	0
1306.15	0	.9881182	0	.01188176	0
1305.15	0	.987465	0	.01253498	0
1304.15	0	.9868132	0	.01318681	0
1303.15	0	.9861628	0	.01383725	0
1302.15	0	.9855137	0	.0144863	0
1301.15	0	.984866	0	.01513396	0
1300.15	0	.9842197	0	.01578025	0
1299.15	0	.9835748	0	.01642516	0
1298.15	0	.9829313	0	.01706869	0
1297.15	0	.9822891	0	.01771086	0
1296.15	0	.9816483	0	.01835167	0
1295.15	0	.9810089	0	.01899111	0
1294.15	0	.9803708	0	.0196292	0
1293.15	0	.9797341	0	.02026594	0
1292.15	0	.9790987	0	.02090133	0
1291.15	0	.9784646	0	.02153538	0
1290.15	0	.9778319	0	.02216809	0
1289.15	0	.9772005	0	.02279946	0
1288.15	0	.9765705	0	.0234295	0
1287.15	0	.9759418	0	.02405821	0
1286.15	0	.9753144	0	.02468559	0
1285.15	0	.9746883	0	.02531166	0
1284.15	0	.9740636	0	.02593641	0
1283.15	0	.9734402	0	.02655984	0
1282.15	0	.972818	0	.02718197	0
1281.15	0	.9721972	0	.02780279	0
1280.15	0	.9715777	0	.0284223	0
1279.15	0	.9709595	0	.02904053	0
1278.15	0	.9703426	0	.02965745	0
1277.15	0	.9697269	0	.03027309	0
1276.15	0	.9691126	0	.03088744	0
1275.15	0	.9684995	0	.0315005	0
1274.15	0	.9678877	0	.03211228	0
1273.15	0	.9672772	0	.03272279	0
1272.15	0	.966668	0	.03333203	0
1271.15	0	.96606	0	.03394	0
1270.15	0	.9654533	0	.0345467	0
1269.15	0	.9648479	0	.03515214	0
1268.15	0	.9642437	0	.03575632	0
1267.15	0	.9636408	0	.03635925	0
1266.15	0	.9630391	0	.03696093	0
1265.15	0	.9624386	0	.03756136	0
1264.15	0	.9618395	0	.03816054	0
1263.15	0	.9612415	0	.03875848	0
1262.15	0	.9606448	0	.03935519	0
1261.15	0	.9600493	0	.03995066	0
1260.15	0	.9594551	0	.0405449	0
1259.15	0	.9588621	0	.04113792	0
1258.15	0	.9582703	0	.04172971	0
1257.15	0	.9576797	0	.04232028	0
1256.15	0	.9570904	0	.04290964	0
1255.15	0	.9565022	0	.04349778	0
1254.15	0	.9559153	0	.04408471	0
1253.15	0	.9553296	0	.04467044	0
1252.15	0	.954745	0	.04525496	0
1251.15	0	.9541617	0	.04583828	0
1250.15	0	.9535796	0	.0464204	0
1249.15	0	.9529987	0	.04700133	0
1248.15	0	.9524189	0	.04758107	0
1247.15	0	.9518404	0	.04815962	0
1246.15	0	.951263	0	.04873699	0
1245.15	0	.9506868	0	.04931318	0
1244.15	0	.9501118	0	.04988819	0
1243.15	0	.949538	0	.05046202	0
1242.15	0	.9489653	0	.05103469	0
1241.15	0	.9483938	0	.05160618	0
1240.15	0	.9478235	0	.05217651	0
1239.15	0	.9472543	0	.05274568	0
1238.15	0	.9466863	0	.05331369	0
1237.15	0	.9461194	0	.05388055	0
1236.15	0	.9455538	0	.05444625	0
1235.15	0	.9449892	0	.0550108	0
1234.15	0	.9444258	0	.05557421	0
1233.15	0	.9438635	0	.05613647	0
1232.15	0	.9433024	0	.05669759	0
1231.15	0	.9427424	0	.05725758	0
1230.15	0	.9421836	0	.05781643	0
1229.15	0	.9416259	0	.05837414	0
1228.15	0	.9410693	0	.05893073	0
1227.15	0	.9405138	0	.0594862	0
1226.15	0	.9399595	0	.06004054	0
1225.15	0	.9394062	0	.06059377	0
1224.15	0	.9388541	0	.06114587	0
1223.15	0	.9383031	0	.06169687	0
1222.15	0	.9377532	0	.06224675	0
1221.15	0	.9372045	0	.06279552	0
1220.15	0	.9366568	0	.06334319	0
1219.15	0	.9361102	0	.06388976	0
1218.15	0	.9355648	0	.06443522	0
1217.15	0	.9350204	0	.06497959	0
1216.15	0	.9344771	0	.06552287	0
1215.15	0	.9339349	0	.06606505	0
1214.15	0	.9333939	0	.06660615	0
1213.15	0	.9328538	0	.06714617	0
1212.15	0	.9323149	0	.0676851	0
1211.15	0	.9317771	0	.06822295	0
1210.15	0	.9312403	0	.06875972	0
1209.15	0	.9307046	0	.06929542	0
1208.15	0	.93017	0	.06983004	0
1207.15	0	.9296364	0	.0703636	0
1206.15	0	.9291039	0	.07089609	0
1205.15	0	.9285725	0	.07142752	0
1204.15	0	.9280421	0	.07195789	0
1203.15	0	.9275128	0	.0724872	0
1202.15	0	.9269846	0	.07301545	0
1201.15	0	.9264574	0	.07354265	0
1200.15	0	.9259312	0	.0740688	0
1199.15	0	.9254061	0	.07459391	0
1198.15	0	.924882	0	.07511796	0
1197.15	0	.924359	0	.07564098	0
1196.15	0	.9238371	0	.07616295	0
1195.15	0	.9233161	0	.07668389	0
1194.15	0	.9227962	0	.0772038	0
1193.15	0	.9222773	0	.07772267	0
1192.15	0	.9217595	0	.07824051	0
1191.15	0	.9212427	0	.07875732	0
1190.15	0	.9207269	0	.07927311	0
1189.15	0	.9202121	0	.07978788	0
1188.15	0	.9196984	0	.08030163	0
1187.15	0	.9191856	0	.08081436	0
1186.15	0	.9186739	0	.08132608	0
1185.15	0	.9181632	0	.08183678	0
1184.15	0	.9176535	0	.08234648	0
1183.15	0	.9171448	0	.08285516	0
1182.15	0	.9166372	0	.08336284	0
1181.15	0	.9161305	0	.08386952	0
1180.15	0	.9156248	0	.0843752	0
1179.15	0	.9151201	0	.08487989	0
1178.15	0	.9146164	0	.08538357	0
1177.15	0	.9141137	0	.08588627	0
1176.15	0	.913612	0	.08638797	0
1175.15	0	.9131113	0	.08688868	0
1174.15	0	.9126116	0	.08738841	0
1173.15	0	.9121128	0	.08788716	0
1172.15	0	.9116151	0	.08838492	0
1171.15	0	.9111183	0	.08888171	0
1170.15	0	.9106225	0	.08937752	0
1169.15	0	.9101277	0	.08987235	0
1168.15	0	.9096338	0	.09036621	0
1167.15	0	.9091409	0	.09085911	0
1166.15	0	.908649	0	.09135103	0
1165.15	0	.908158	0	.09184199	0
1164.15	0	.907668	0	.09233199	0
1163.15	0	.907179	0	.09282102	0
1162.15	0	.9066909	0	.0933091	0
1161.15	0	.9062038	0	.09379622	0
1160.15	0	.9057176	0	.09428239	0
1159.15	0	.9052324	0	.0947676	0
1158.15	0	.9047481	0	.09525187	0
1157.15	0	.9042648	0	.09573518	0
1156.15	0	.9037825	0	.09621755	0
1155.15	0	.903301	0	.09669898	0
1154.15	0	.9028205	0	.09717949	0
1153.15	0	.902341	0	.09765904	0
1152.15	0	.9018624	0	.09813765	0
1151.15	0	.9013847	0	.09861533	0
1150.15	0	.9009079	0	.09909207	0
1149.15	0	.9004321	0	.09956788	0
1148.15	0	.8999572	0	.1000428	0
1147.15	0	.8994833	0	.1005167	0
1146.15	0	.8990102	0	.1009898	0
1145.15	0	.8985381	0	.1014619	0
1144.15	0	.8980669	0	.1019331	0
1143.15	0	.8975967	0	.1024033	0
1142.15	0	.8971273	0	.1028727	0
1141.15	0	.8966589	0	.1033411	0
1140.15	0	.8961913	0	.1038087	0
1139.15	0	.8957247	0	.1042753	0
1138.15	0	.895259	0	.104741	0
1137.15	0	.8947942	0	.1052058	0
1136.15	0	.8943303	0	.1056697	0
1135.15	0	.8938673	0	.1061327	0
1134.15	0	.8934052	0	.1065948	0
1133.15	0	.892944	0	.107056	0
1132.15	0	.8924837	0	.1075163	0
1131.15	0	.8920243	0	.1079757	0
1130.15	0	.8915658	0	.1084343	0
1129.15	0	.8911081	0	.1088919	0
1128.15	0	.8906514	0	.1093486	0
1127.15	0	.8901955	0	.1098045	0
1126.15	0	.8897405	0	.1102594	0
1125.15	0	.8892865	0	.1107135	0
1124.15	0	.8888333	0	.1111667	0
1123.15	0	.8883809	0	.1116191	0
1122.15	0	.8879295	0	.1120705	0
1121.15	0	.8874789	0	.1125211	0
1120.15	0	.8870292	0	.1129708	0
1119.15	0	.8865804	0	.1134196	0
1118.15	0	.8861324	0	.1138676	0
1117.15	0	.8856853	0	.1143147	0
1116.15	0	.8852391	0	.1147609	0
1115.15	0	.8847937	0	.1152063	0
1114.15	0	.8843493	0	.1156508	0
1113.15	0	.8839056	0	.1160944	0
1112.15	0	.8834628	0	.1165372	0
1111.15	0	.8830209	0	.1169791	0
1110.15	0	.8825798	0	.1174202	0
1109.15	0	.8821396	0	.1178604	0
1108.15	0	.8817003	0	.1182997	0
1107.15	0	.8812618	0	.1187382	0
1106.15	0	.8808241	0	.1191759	0
1105.15	0	.8803873	0	.1196127	0
1104.15	0	.8799513	0	.1200487	0
1103.15	0	.8795162	0	.1204838	0
1102.15	0	.8790819	0	.1209181	0
1101.15	0	.8786485	0	.1213515	0
1100.15	0	.8782159	0	.1217841	0
1099.15	0	.8777841	0	.1222159	0
1098.15	0	.8773532	0	.1226468	0
1097.15	0	.8769231	0	.1230769	0
1096.15	0	.8764938	0	.1235062	0
1095.15	0	.8760654	0	.1239346	0
1094.15	0	.8756377	0	.1243623	0
1093.15	0	.875211	0	.124789	0
1092.15	0	.874785	0	.125215	0
1091.15	0	.8743599	0	.1256401	0
1090.15	0	.8739356	0	.1260644	0
1089.15	0	.8735121	0	.1264879	0
1088.15	0	.8730894	0	.1269106	0
1087.15	0	.8726675	0	.1273325	0
1086.15	0	.8722465	0	.1277535	0
1085.15	0	.8718263	0	.1281737	0
1084.15	0	.8714069	0	.1285931	0
1083.15	0	.8709883	0	.1290117	0
1082.15	0	.8705705	0	.1294295	0
1081.15	0	.8701535	0	.1298465	0
1080.15	0	.8697373	0	.1302627	0
1079.15	0	.8693219	0	.1306781	0
1078.15	0	.8689074	0	.1310926	0
1077.15	0	.8684936	0	.1315064	0
1076.15	0	.8680806	0	.1319194	0
1075.15	0	.8676685	0	.1323315	0
1074.15	0	.8672571	0	.1327429	0
1073.15	0	.8668465	0	.1331535	0
1072.15	0	.8664367	0	.1335633	0
1071.15	0	.8660277	0	.1339722	0
1070.15	0	.8656196	0	.1343804	0
1069.15	0	.8652122	0	.1347879	0
1068.15	0	.8648055	0	.1351945	0
1067.15	0	.8643997	0	.1356003	0
1066.15	0	.8639947	0	.1360053	0
1065.15	0	.8635904	0	.1364096	0
1064.15	0	.8631869	0	.1368131	0
1063.15	0	.8627842	0	.1372158	0
1062.15	0	.8623823	0	.1376177	0
1061.15	0	.8619812	0	.1380188	0
1060.15	0	.8615808	0	.1384192	0
1059.15	0	.8611813	0	.1388187	0
1058.15	0	.8607824	0	.1392175	0
1057.15	0	.8603844	0	.1396156	0
1056.15	0	.8599872	0	.1400129	0
1055.15	0	.8595907	0	.1404093	0
1054.15	0	.8591949	0	.1408051	0
1053.15	0	.8588	0	.1412	0
1052.15	0	.8584058	0	.1415942	0
1051.15	0	.8580124	0	.1419876	0
1050.15	0	.8576197	0	.1423803	0
1049.15	0	.8572278	0	.1427722	0
1048.15	0	.8568367	0	.1431633	0
1047.15	0	.8564463	0	.1435537	0
1046.15	0	.8560567	0	.1439433	0
1045.15	0	.8556679	0	.1443321	0
1044.15	0	.8552798	0	.1447202	0
1043.15	0	.8548924	0	.1451076	0
1042.15	0	.8545059	0	.1454941	0
1041.15	0	.85412	0	.14588	0
1040.15	0	.8537349	0	.1462651	0
1039.15	0	.8533506	0	.1466494	0
1038.15	0	.852967	0	.147033	0
1037.15	0	.8525842	0	.1474158	0
1036.15	0	.8522021	0	.1477979	0
1035.15	0	.8518207	0	.1481793	0
1034.15	0	.8514401	0	.1485599	0
1033.15	0	.8510603	0	.1489397	0
1032.15	0	.8506812	0	.1493188	0
1031.15	0	.8503028	0	.1496972	0
1031.067	0	.8502714	0	.1497286	0
1031.067	0	.8502714	0	.1497286	0
1031.067	0	.8502714	0	.1497286	0
1030.15	0	.8493914	5.839894E-04	.1500246	0
1029.15	0	.848434	.001219432	.1503466	0
1028.15	0	.847479	.001853262	.1506677	0
1027.15	0	.8465265	.002485483	.150988	0
1026.15	0	.8455766	.0031161	.1513073	0
1025.15	0	.844629	.003745115	.1516259	0
1024.15	0	.843684	.004372533	.1519435	0
1023.15	0	.8427414	.004998359	.1522603	0
1022.15	0	.8418012	.005622596	.1525762	0
1021.15	0	.8408635	.006245248	.1528913	0
1020.15	0	.8399282	.00686632	.1532054	0
1019.15	0	.8389954	.007485815	.1535188	0
1018.15	0	.838065	.008103738	.1538312	0
1017.15	0	.8371371	.008720094	.1541428	0
1016.15	0	.8362116	.009334886	.1544535	0
1015.15	0	.8352885	.009948119	.1547634	0
1014.15	0	.8343678	.0105598	.1550724	0
1013.15	0	.8334495	.01116993	.1553805	0
1012.15	0	.8325337	.01177851	.1556878	0
1011.15	0	.8316202	.01238555	.1559942	0
1010.15	0	.8307092	.01299105	.1562998	0
1009.15	0	.8298005	.01359503	.1566045	0
1008.15	0	.8288942	.01419747	.1569083	0
1007.15	0	.8279903	.01479839	.1572113	0
1006.15	0	.8270888	.0153978	.1575133	0
1005.15	0	.8261897	.01599569	.1578146	0
1004.15	0	.825293	.01659208	.158115	0
1003.15	0	.8243986	.01718696	.1584145	0
1002.15	0	.8235065	.01778034	.1587131	0
1001.15	0	.8226169	.01837224	.1590109	0
1000.15	0	.8217295	.01896264	.1593078	0
999.15	0	.8208446	.01955156	.1596039	0
998.15	0	.8199619	.02013901	.1598991	0
997.15	0	.8190816	.02072498	.1601934	0
996.15	0	.8182036	.02130949	.1604869	0
995.15	0	.817328	.02189254	.1607795	0
994.15	0	.8164546	.02247413	.1610712	0
993.15	0	.8155836	.02305427	.1613621	0
992.15	0	.8147149	.02363297	.1616521	0
991.15	0	.8138485	.02421023	.1619413	0
990.15	0	.8129844	.02478606	.1622295	0
989.15	0	.8121226	.02536047	.1625169	0
988.15	0	.8112631	.02593345	.1628035	0
987.15	0	.8104058	.02650502	.1630891	0
986.15	0	.8095509	.02707519	.1633739	0
985.15	0	.8086982	.02764395	.1636579	0
984.15	0	.8078478	.02821132	.1639409	0
983.15	0	.8069996	.0287773	.1642231	0
982.15	0	.8061537	.0293419	.1645044	0
981.15	0	.80531	.02990513	.1647849	0
980.15	0	.8044686	.03046699	.1650645	0
979.15	0	.8036294	.03102748	.1653431	0
978.15	0	.8027924	.03158663	.165621	0
977.15	0	.8019577	.03214442	.1658979	0
976.15	0	.8011251	.03270088	.166174	0
975.15	0	.8002948	.03325601	.1664492	0
974.15	0	.7994667	.03380981	.1667235	0
973.15	0	.7986408	.0343623	.1669969	0
972.15	0	.7978171	.03491347	.1672695	0
971.15	0	.7969955	.03546335	.1675411	0
970.15	0	.7961762	.03601193	.1678119	0
969.15	0	.795359	.03655923	.1680818	0
968.15	0	.794544	.03710525	.1683508	0
967.15	0	.7937311	.03765	.1686189	0
966.15	0	.7929204	.03819349	.1688861	0
965.15	0	.7921118	.03873573	.1691525	0
964.15	0	.7913054	.03927673	.1694179	0
963.15	0	.790501	.03981649	.1696825	0
962.15	0	.7896988	.04035503	.1699461	0
961.15	0	.7888988	.04089236	.1702089	0
960.15	0	.7881008	.04142848	.1704707	0
959.15	0	.7873049	.0419634	.1707317	0
958.15	0	.7865111	.04249714	.1709917	0
957.15	0	.7857194	.0430297	.1712509	0
956.15	0	.7849298	.04356109	.1715091	0
955.15	0	.7841422	.04409132	.1717665	0
954.15	0	.7833567	.04462041	.1720229	0
953.15	0	.7825732	.04514837	.1722784	0
952.15	0	.7817918	.0456752	.172533	0
951.15	0	.7810124	.04620091	.1727867	0
950.15	0	.780235	.04672553	.1730395	0
949.15	0	.7794596	.04724905	.1732913	0
948.15	0	.7786863	.04777149	.1735422	0
947.15	0	.7779149	.04829286	.1737922	0
946.15	0	.7771455	.04881317	.1740413	0
945.15	0	.7763781	.04933244	.1742894	0
944.15	0	.7756127	.04985068	.1745367	0
943.15	0	.7748492	.0503679	.1747829	0
942.15	0	.7740876	.05088411	.1750283	0
941.15	0	.773328	.05139933	.1752727	0
940.15	0	.7725703	.05191356	.1755161	0
939.15	0	.7718146	.05242683	.1757586	0
938.15	0	.7710607	.05293915	.1760002	0
937.15	0	.7703087	.05345052	.1762408	0
936.15	0	.7695586	.05396097	.1764804	0
935.15	0	.7688104	.0544705	.1767191	0
934.15	0	.768064	.05497914	.1769568	0
933.15	0	.7673195	.0554869	.1771936	0
932.15	0	.7665768	.05599379	.1774294	0
931.15	0	.7658359	.05649982	.1776642	0
930.15	0	.7650969	.05700502	.1778981	0
929.15	0	.7643596	.0575094	.178131	0
928.15	0	.7636241	.05801298	.1783629	0
927.15	0	.7628904	.05851576	.1785938	0
926.15	0	.7621585	.05901778	.1788237	0
925.15	0	.7614283	.05951904	.1790527	0
924.15	0	.7606998	.06001956	.1792806	0
923.15	0	.7599731	.06051937	.1795076	0
922.15	0	.759248	.06101847	.1797335	0
921.15	0	.7585247	.0615169	.1799584	0
920.15	0	.757803	.06201465	.1801824	0
919.15	0	.757083	.06251176	.1804053	0
918.15	0	.7563646	.06300825	.1806272	0
917.15	0	.7556478	.06350413	.180848	0
916.15	0	.7549327	.06399942	.1810679	0
915.15	0	.7542192	.06449415	.1812867	0
914.15	0	.7535072	.06498833	.1815045	0
913.15	0	.7527968	.06548199	.1817212	0
912.15	0	.752088	.06597514	.1819369	0
911.15	0	.7513807	.06646781	.1821515	0
910.15	0	.7506749	.06696003	.1823651	0
909.15	0	.7499706	.0674518	.1825776	0
908.15	0	.7492678	.06794317	.1827891	0
907.15	0	.7485664	.06843414	.1829994	0
906.15	0	.7478665	.06892475	.1832087	0
905.15	0	.747168	.06941501	.1834169	0
904.15	0	.746471	.06990496	.1836241	0
903.15	0	.7457753	.07039461	.1838301	0
902.15	0	.745081	.070884	.184035	0
901.15	0	.744388	.07137315	.1842389	0
900.15	0	.7436963	.07186208	.1844416	0
899.15	0	.743006	.07235083	.1846432	0
898.15	0	.7423169	.07283942	.1848437	0
897.15	0	.7416291	.07332787	.185043	0
896.15	0	.7409425	.07381623	.1852413	0
895.15	0	.7402572	.07430451	.1854383	0
894.15	0	.739573	.07479274	.1856342	0
893.15	0	.73889	.07528097	.185829	0
892.15	0	.7382082	.0757692	.1860226	0
891.15	0	.7375275	.07625749	.186215	0
890.15	0	.7368479	.07674586	.1864063	0
889.15	0	.7361693	.07723434	.1865964	0
888.15	0	.7354918	.07772296	.1867852	0
887.15	0	.7348153	.07821177	.1869729	0
886.15	0	.7341398	.07870079	.1871594	0
885.15	0	.7334653	.07919006	.1873446	0
884.15	0	.7327917	.07967961	.1875287	0
883.15	0	.7321191	.08016948	.1877115	0
882.15	0	.7314473	.08065971	.187893	0
881.15	0	.7307764	.08115034	.1880733	0
880.15	0	.7301063	.0816414	.1882524	0
879.15	0	.7294369	.08213294	.1884301	0
878.15	0	.7287684	.08262499	.1886066	0
877.15	0	.7281006	.0831176	.1887818	0
876.15	0	.7274335	.0836108	.1889557	0
875.15	0	.726767	.08410464	.1891284	0
874.15	0	.7261012	.08459917	.1892996	0
873.15	0	.725436	.08509442	.1894696	0
872.15	0	.7247713	.08559044	.1896382	0
871.15	0	.7241072	.08608729	.1898055	0
870.15	0	.7234436	.086585	.1899714	0
869.15	0	.7227804	.08708363	.190136	0
868.15	0	.7221177	.08758322	.1902991	0
867.15	0	.7214553	.08808382	.1904609	0
866.15	0	.7207933	.08858549	.1906213	0
865.15	0	.7201315	.08908829	.1907802	0
864.15	0	.71947	.08959225	.1909377	0
863.15	0	.7188088	.09009744	.1910938	0
862.15	0	.7181477	.09060391	.1912484	0
861.15	0	.7174867	.09111173	.1914015	0
860.15	0	.7168259	.09162095	.1915532	0
859.15	0	.716165	.09213163	.1917033	0
858.15	0	.7155042	.09264383	.191852	0
857.15	0	.7148433	.09315762	.1919991	0
856.15	0	.7141823	.09367306	.1921446	0
855.15	0	.7135212	.09419021	.1922886	0
854.15	0	.7128598	.09470916	.1924311	0
853.15	0	.7121982	.09522996	.1925719	0
852.15	0	.7115362	.09575269	.1927111	0
851.15	0	.7108739	.09627741	.1928487	0
850.15	0	.7102112	.09680422	.1929846	0
849.15	0	.7095479	.09733318	.1931189	0
848.15	0	.7088841	.09786437	.1932515	0
847.15	0	.7082198	.09839788	.1933824	0
846.15	0	.7075547	.09893379	.1935115	0
845.15	0	.7068889	.09947219	.1936389	0
844.15	0	.7062223	.1000132	.1937646	0
843.15	0	.7055548	.1005568	.1938884	0
842.15	0	.7048863	.1011032	.1940105	0
841.15	0	.7042169	.1016525	.1941306	0
840.15	0	.7035463	.1022047	.194249	0
839.15	0	.7028746	.10276	.1943654	0
838.15	0	.7022016	.1033185	.19448	0
837.15	0	.7015273	.1038802	.1945925	0
836.15	0	.7008515	.1044453	.1947032	0
835.15	0	.7001742	.105014	.1948118	0
834.15	0	.6994954	.1055863	.1949184	0
833.15	0	.6988148	.1061623	.1950229	0
832.15	0	.6981324	.1067423	.1951253	0
831.15	0	.6974481	.1073262	.1952256	0
830.15	0	.6967618	.1079144	.1953238	0
829.15	0	.6960734	.1085068	.1954197	0
828.15	0	.6953828	.1091038	.1955135	0
827.15	0	.6946898	.1097053	.1956049	0
826.15	0	.6939943	.1103117	.195694	0
825.15	0	.6932963	.110923	.1957808	0
824.15	0	.6925955	.1115394	.1958652	0
823.15	0	.6918918	.1121611	.1959471	0
822.15	0	.6911851	.1127884	.1960265	0
821.15	0	.6904752	.1134214	.1961034	0
820.15	0	.689762	.1140603	.1961777	0
819.15	0	.6890453	.1147053	.1962493	0
818.15	0	.688325	.1153568	.1963183	0
817.15	0	.6876008	.1160148	.1963844	0
816.15	0	.6868725	.1166798	.1964477	0
815.15	0	.68614	.1173518	.1965081	0
814.15	0	.6854031	.1180314	.1965656	0
813.15	0	.6846615	.1187186	.19662	0
812.15	0	.6839149	.1194138	.1966713	0
811.15	0	.6831632	.1201174	.1967193	0
810.15	0	.6824062	.1208297	.1967641	0
809.15	0	.6816434	.1215511	.1968055	0
808.15	0	.6808746	.122282	.1968434	0
807.15	0	.6800995	.1230227	.1968778	0
806.15	0	.6793178	.1237738	.1969084	0
805.15	0	.6785291	.1245356	.1969353	0
804.15	0	.6777331	.1253087	.1969582	0
803.15	0	.6769293	.1260937	.196977	0
802.15	0	.6761173	.126891	.1969917	0
801.15	0	.6752967	.1277013	.197002	0
800.15	0	.674467	.1285253	.1970078	0
799.15	0	.6736275	.1293637	.1970088	0
798.15	0	.6727778	.1302172	.197005	0
797.15	0	.6719173	.1310866	.1969961	0
796.15	0	.6710452	.1319729	.1969819	0
795.15	0	.6701608	.132877	.1969622	0
794.15	0	.6692646	.133799	.1969364	0
793.15	0	.6683531	.1347421	.1969048	0
792.15	0	.6674267	.1357065	.1968668	0
791.15	0	.6664843	.1366937	.1968221	0
790.15	0	.6655247	.1377051	.1967702	0
789.15	0	.6645467	.1387425	.1967108	0
788.15	0	.6635488	.1398077	.1966435	0
787.15	0	.6625294	.140903	.1965676	0
786.15	0	.6614867	.1420308	.1964826	0
785.15	0	.6604186	.1431936	.1963878	0
784.15	0	.6593227	.1443948	.1962826	0
783.15	0	.6581963	.1456377	.196166	0
782.15	0	.6561705	.1480171	.1958125	0
781.15	0	.6542043	.150329	.1954667	0
780.15	0	.6523593	.1524953	.1951454	0
779.15	0	.6506216	.1545328	.1948456	0
778.15	0	.6489795	.1564558	.1945647	0
777.15	0	.6474233	.1582759	.1943009	0
776.15	0	.6459445	.1600033	.1940522	0
775.15	0	.6445362	.1616465	.1938173	0
774.15	0	.6431921	.163213	.1935948	0
773.15	0	.6419069	.1647094	.1933837	0
772.15	0	.6406759	.1661412	.1931829	0
771.15	0	.6394948	.1675136	.1929916	0
770.15	0	.6383601	.1688309	.192809	0
769.15	0	.6372684	.1700972	.1926344	0
768.15	0	.6362168	.1713159	.1924673	0
767.15	0	.6352027	.1724902	.1923071	0
766.15	0	.6342236	.1736231	.1921533	0
765.15	0	.6332773	.1747172	.1920055	0
764.15	0	.632362	.1757748	.1918632	0
763.15	0	.6314758	.176798	.1917262	0
762.15	0	.630617	.177789	.191594	0
761.15	0	.6297842	.1787494	.1914664	0
760.15	0	.628976	.1796809	.1913431	0
759.15	0	.6281911	.1805851	.1912239	0
758.15	0	.6274282	.1814634	.1911084	0
757.15	0	.6266863	.1823171	.1909966	0
756.15	0	.6259645	.1831475	.1908881	0
755.15	0	.6252616	.1839555	.1907828	0
754.15	0	.624577	.1847425	.1906806	0
753.15	0	.6239096	.1855092	.1905812	0
752.15	0	.6232588	.1862566	.1904846	0
751.15	0	.6226239	.1869856	.1903905	0
750.15	0	.6220041	.187697	.1902989	0
749.15	0	.6213988	.1883915	.1902097	0
748.15	0	.6208075	.1890699	.1901226	0
747.15	0	.6202296	.1897328	.1900377	0
746.15	0	.6196644	.1903808	.1899548	0
745.15	0	.6191117	.1910145	.1898738	0
744.15	0	.6185708	.1916346	.1897946	0
743.15	0	.6180413	.1922415	.1897172	0
742.15	0	.6175228	.1928357	.1896415	0
741.15	0	.617015	.1934177	.1895673	0
740.15	0	.6165173	.193988	.1894947	0
739.15	0	.6160295	.194547	.1894235	0
738.15	0	.6155513	.195095	.1893537	0
737.15	0	.6150822	.1956325	.1892853	0
736.15	0	.614622	.1961599	.1892181	0
735.15	0	.6141704	.1966774	.1891522	0
734.15	0	.6137271	.1971854	.1890875	0
733.15	0	.6132918	.1976843	.1890238	0
732.15	0	.6128644	.1981743	.1889613	0
731.15	0	.6124444	.1986558	.1888998	0
730.15	0	.6120318	.1991289	.1888393	0
729.15	0	.6116262	.199594	.1887798	0
728.15	0	.6112275	.2000513	.1887211	0
727.15	0	.6108355	.2005011	.1886634	0
726.15	0	.6104499	.2009436	.1886065	0
725.15	0	.6100706	.201379	.1885504	0
724.15	0	.6096974	.2018075	.1884952	0
723.15	0	.60933	.2022293	.1884406	0
722.15	0	.6089685	.2026447	.1883868	0
721.15	0	.6086125	.2030537	.1883338	0
720.15	0	.608262	.2034567	.1882813	0
719.15	0	.6079168	.2038537	.1882296	0
718.15	0	.6075767	.2042449	.1881784	0
717.15	0	.6072416	.2046305	.1881279	0
716.15	0	.6069114	.2050107	.1880779	0
715.15	0	.6065859	.2053856	.1880286	0
714.15	0	.6062651	.2057553	.1879797	0
713.15	0	.6059487	.2061199	.1879314	0
712.15	0	.6056368	.2064797	.1878835	0
711.15	0	.6053291	.2068347	.1878362	0
710.15	0	.6050256	.207185	.1877893	0
709.15	0	.6047262	.2075309	.1877429	0
708.15	0	.6044308	.2078723	.1876969	0
707.15	0	.6041393	.2082094	.1876513	0
706.15	0	.6038515	.2085423	.1876062	0
705.15	0	.6035674	.2088711	.1875614	0
704.15	0	.603287	.209196	.187517	0
703.15	0	.6030101	.2095169	.187473	0
702.15	0	.6027366	.2098341	.1874293	0
701.15	0	.6024665	.2101475	.187386	0
700.15	0	.6021997	.2104574	.187343	0
699.15	0	.6019361	.2107637	.1873003	0
698.15	0	.6016756	.2110665	.1872579	0
697.15	0	.6014182	.211366	.1872158	0
696.15	0	.6011639	.2116621	.187174	0
695.15	0	.6009124	.2119551	.1871325	0
694.15	0	.6006639	.2122449	.1870912	0
693.15	0	.6004182	.2125316	.1870502	0
692.15	0	.6001752	.2128153	.1870095	0
691.15	0	.599935	.213096	.186969	0
690.15	0	.5996974	.2133739	.1869287	0
689.15	0	.5994624	.213649	.1868886	0
688.15	0	.5992299	.2139213	.1868488	0
687.15	0	.5989999	.2141909	.1868092	0
686.15	0	.5987724	.2144578	.1867698	0
685.15	0	.5985473	.2147222	.1867305	0
684.15	0	.5983245	.214984	.1866915	0
683.15	0	.598104	.2152433	.1866527	0
682.15	0	.5978858	.2155003	.186614	0
681.15	0	.5976697	.2157548	.1865755	0
680.15	0	.5974559	.216007	.1865371	0
679.15	0	.5972442	.2162569	.1864989	0
678.15	0	.5970345	.2165046	.1864609	0
677.15	0	.5968269	.21675	.186423	0
676.15	0	.5966214	.2169933	.1863853	0
675.15	0	.5964178	.2172345	.1863477	0
674.15	0	.5962161	.2174736	.1863103	0
673.15	0	.5960164	.2177107	.1862729	0
672.15	0	.5958185	.2179458	.1862357	0
671.15	0	.5956224	.2181789	.1861986	0
670.15	0	.5954282	.2184101	.1861617	0
669.15	0	.5952357	.2186394	.1861248	0
668.15	0	.595045	.2188669	.1860881	0
667.15	0	.594856	.2190925	.1860515	0
666.15	0	.5946687	.2193164	.1860149	0
665.15	0	.594483	.2195385	.1859785	0
664.15	0	.594299	.2197589	.1859422	0
663.15	0	.5941165	.2199776	.1859059	0
662.15	0	.5939357	.2201946	.1858698	0
661.15	0	.5937563	.22041	.1858337	0
660.15	0	.5935786	.2206238	.1857977	0
659.15	0	.5934023	.220836	.1857618	0
658.15	0	.5932274	.2210466	.185726	0
657.15	0	.5930541	.2212557	.1856902	0
656.15	0	.5928821	.2214634	.1856545	0
655.15	0	.5927116	.2216695	.1856189	0
654.15	0	.5925424	.2218742	.1855834	0
653.15	0	.5923746	.2220775	.1855479	0
652.15	0	.5922082	.2222794	.1855125	0
651.15	0	.592043	.2224799	.1854771	0
650.15	0	.5918792	.222679	.1854418	0
649.15	0	.5917167	.2228768	.1854066	0
648.15	0	.5915554	.2230732	.1853714	0
647.15	0	.5913953	.2232684	.1853363	0
646.15	0	.5912365	.2234623	.1853012	0
645.15	0	.5910789	.223655	.1852662	0
644.15	0	.5909224	.2238464	.1852312	0
643.15	0	.5907672	.2240366	.1851962	0
642.15	0	.5906131	.2242256	.1851614	0
641.15	0	.5904601	.2244134	.1851265	0
640.15	0	.5903083	.2246	.1850917	0
639.15	0	.5901576	.2247855	.1850569	0
638.15	0	.5900079	.2249699	.1850222	0
637.15	0	.5898594	.2251531	.1849875	0
636.15	0	.5897119	.2253353	.1849529	0
635.15	0	.5895654	.2255163	.1849182	0
634.15	0	.58942	.2256963	.1848837	0
633.15	0	.5892756	.2258753	.1848491	0
632.15	0	.5891323	.2260532	.1848146	0
631.15	0	.5889899	.22623	.1847801	0
630.15	0	.5888484	.2264059	.1847456	0
629.15	0	.588708	.2265808	.1847112	0
628.15	0	.5885685	.2267547	.1846768	0
627.15	0	.58843	.2269276	.1846424	0
626.15	0	.5882924	.2270996	.1846081	0
625.15	0	.5881557	.2272706	.1845737	0
624.15	0	.5880199	.2274407	.1845394	0
623.15	0	.587885	.2276099	.1845052	0
622.15	0	.587751	.2277781	.1844709	0
621.15	0	.5876178	.2279455	.1844367	0
620.15	0	.5874856	.228112	.1844025	0
619.15	0	.5873542	.2282776	.1843683	0
618.15	0	.5872236	.2284423	.1843341	0
617.15	0	.5870939	.2286062	.1843	0
616.15	0	.586965	.2287692	.1842658	0
615.15	0	.5868369	.2289314	.1842317	0
614.15	0	.5867096	.2290928	.1841976	0
613.15	0	.5865831	.2292534	.1841636	0
612.15	0	.5864574	.2294131	.1841295	0
611.15	0	.5863324	.2295721	.1840955	0
610.15	0	.5862083	.2297303	.1840614	0
609.15	0	.5860849	.2298877	.1840274	0
608.15	0	.5859622	.2300443	.1839934	0
607.15	0	.5858403	.2302002	.1839595	0
606.15	0	.5857191	.2303554	.1839255	0
605.15	0	.5855987	.2305097	.1838916	0
604.15	0	.585479	.2306634	.1838576	0
603.15	0	.5853599	.2308163	.1838237	0
602.15	0	.5852416	.2309685	.1837898	0
601.15	0	.585124	.23112	.183756	0
600.15	0	.5850071	.2312708	.1837221	0
599.15	0	.5848909	.2314209	.1836882	0
598.15	0	.5847753	.2315703	.1836544	0
597.15	0	.5846604	.2317191	.1836206	0
596.15	0	.5845462	.2318671	.1835868	0
595.15	0	.5844326	.2320145	.183553	0
594.15	0	.5843197	.2321612	.1835192	0
593.15	0	.5842074	.2323072	.1834854	0
592.15	0	.5840957	.2324527	.1834516	0
591.15	0	.5839847	.2325974	.1834179	0
590.15	0	.5838743	.2327415	.1833842	0
589.15	0	.5837645	.2328851	.1833504	0
588.15	0	.5836553	.2330279	.1833167	0
587.15	0	.5835468	.2331702	.1832831	0
586.15	0	.5834388	.2333118	.1832494	0
585.15	0	.5833315	.2334528	.1832157	0
584.15	0	.5832247	.2335933	.1831821	0
583.15	0	.5831185	.2337331	.1831484	0
582.15	0	.5830129	.2338723	.1831148	0
581.15	0	.5829078	.234011	.1830812	0
580.15	0	.5828034	.234149	.1830476	0
579.15	0	.5826995	.2342865	.183014	0
578.15	0	.5825961	.2344234	.1829805	0
577.15	0	.5824933	.2345598	.1829469	0
576.15	0	.5823911	.2346955	.1829134	0
575.15	0	.5822894	.2348307	.1828799	0
574.15	0	.5821882	.2349654	.1828464	0
573.15	0	.5820876	.2350995	.1828129	0
572.15	0	.5819875	.2352331	.1827794	0
571.15	0	.5818879	.2353661	.182746	0
570.15	0	.5817889	.2354986	.1827126	0
569.15	0	.5816903	.2356305	.1826791	0
568.15	0	.5815923	.235762	.1826457	0
567.15	0	.5814948	.2358928	.1826123	0
566.15	0	.5813978	.2360232	.182579	0
565.15	0	.5813013	.236153	.1825456	0
564.15	0	.5812053	.2362824	.1825123	0
563.15	0	.5811098	.2364112	.182479	0
562.15	0	.5810148	.2365395	.1824457	0
561.15	0	.5809203	.2366673	.1824124	0
560.15	0	.5808262	.2367946	.1823792	0
559.15	0	.5807327	.2369214	.1823459	0
558.15	0	.5806396	.2370477	.1823127	0
557.15	0	.580547	.2371735	.1822795	0
556.15	0	.5804548	.2372989	.1822463	0
555.15	0	.5803631	.2374237	.1822132	0
554.15	0	.5802719	.2375481	.1821801	0
553.15	0	.5801811	.2376719	.1821469	0
552.15	0	.5800908	.2377953	.1821138	0
551.15	0	.580001	.2379183	.1820808	0
550.15	0	.5799116	.2380407	.1820477	0
549.15	0	.5798226	.2381627	.1820147	0
548.15	0	.5797342	.2382842	.1819816	0
547.15	0	.5796461	.2384052	.1819486	0
546.15	0	.5795585	.2385258	.1819157	0
545.15	0	.5794713	.2386459	.1818828	0
544.15	0	.5793845	.2387656	.1818499	0
543.15	0	.5792982	.2388848	.181817	0
542.15	0	.5792123	.2390036	.1817841	0
541.15	0	.5791268	.2391219	.1817513	0
540.15	0	.5790417	.2392398	.1817185	0
539.15	0	.5789571	.2393572	.1816857	0
538.15	0	.5788728	.2394742	.181653	0
537.15	0	.578789	.2395907	.1816203	0
536.15	0	.5787056	.2397068	.1815876	0
535.15	0	.5786226	.2398225	.1815549	0
534.15	0	.57854	.2399377	.1815223	0
533.15	0	.5784578	.2400525	.1814897	0
532.15	0	.578376	.2401668	.1814572	0
531.15	0	.5782946	.2402808	.1814246	0
530.15	0	.5782136	.2403943	.1813921	0
529.15	0	.578133	.2405073	.1813597	0
528.15	0	.5780528	.24062	.1813272	0
527.15	0	.577973	.2407322	.1812948	0
526.15	0	.5778935	.240844	.1812625	0
525.15	0	.5778145	.2409554	.1812301	0
524.15	0	.5777358	.2410664	.1811978	0
523.15	0	.5776575	.2411769	.1811656	0
522.15	0	.5775796	.2412871	.1811333	0
521.15	0	.5775021	.2413968	.1811011	0
520.15	0	.577425	.2415061	.181069	0
519.15	0	.5773482	.241615	.1810368	0
518.15	0	.5772718	.2417235	.1810048	0
517.15	0	.5771957	.2418316	.1809727	0
516.15	0	.5771201	.2419392	.1809407	0
515.15	0	.5770448	.2420465	.1809087	0
514.15	0	.5769698	.2421534	.1808768	0
513.15	0	.5768953	.2422598	.1808449	0
512.15	0	.576821	.2423659	.1808131	0
511.15	0	.5767472	.2424716	.1807813	0
510.15	0	.5766737	.2425768	.1807495	0
509.15	0	.5766005	.2426817	.1807178	0
508.15	0	.5765278	.2427862	.1806861	0
507.15	0	.5764553	.2428902	.1806545	0
506.15	0	.5763832	.2429939	.1806229	0
505.15	0	.5763115	.2430972	.1805913	0
504.15	0	.5762401	.2432001	.1805598	0
503.15	0	.5761691	.2433026	.1805283	0
502.15	0	.5760984	.2434047	.1804969	0
501.15	0	.576028	.2435064	.1804656	0
500.15	0	.575958	.2436078	.1804342	0
499.15	0	.5758883	.2437087	.180403	0
498.15	0	.575819	.2438093	.1803717	0
497.15	0	.57575	.2439094	.1803406	0
496.15	0	.5756813	.2440092	.1803094	0
495.15	0	.575613	.2441086	.1802784	0
494.15	0	.575545	.2442076	.1802473	0
493.15	0	.5754774	.2443063	.1802164	0
492.15	0	.57541	.2444045	.1801854	0
491.15	0	.575343	.2445024	.1801546	0
490.15	0	.5752764	.2445999	.1801237	0
489.15	0	.57521	.244697	.180093	0
488.15	0	.575144	.2447938	.1800622	0
487.15	0	.5750783	.2448901	.1800316	0
486.15	0	.5750129	.2449861	.180001	0
485.15	0	.5749479	.2450817	.1799704	0
484.15	0	.5748832	.2451769	.1799399	0
483.15	0	.5748187	.2452718	.1799095	0
482.15	0	.5747547	.2453662	.1798791	0
481.15	0	.5746909	.2454603	.1798488	0
480.15	0	.5746274	.2455541	.1798185	0
479.15	0	.5745643	.2456474	.1797883	0
478.15	0	.5745014	.2457404	.1797582	0
477.15	0	.5744389	.245833	.1797281	0
476.15	0	.5743767	.2459252	.1796981	0
475.15	0	.5743148	.2460171	.1796681	0
474.15	0	.5742533	.2461086	.1796382	0
473.15	0	.574192	.2461997	.1796083	0
472.15	0	.574131	.2462904	.1795786	0
471.15	0	.5740703	.2463808	.1795488	0
470.15	0	.57401	.2464708	.1795192	0
469.15	0	.5739499	.2465605	.1794896	0
468.15	0	.5738902	.2466498	.1794601	0
467.15	0	.5738307	.2467387	.1794306	0
466.15	0	.5737716	.2468272	.1794012	0
465.15	0	.5737128	.2469154	.1793719	0
464.15	0	.5736542	.2470032	.1793426	0
463.15	0	.573596	.2470906	.1793134	0
462.15	0	.573538	.2471777	.1792843	0
461.15	0	.5734804	.2472644	.1792552	0
460.15	0	.573423	.2473507	.1792263	0
459.15	0	.573366	.2474367	.1791973	0
458.15	0	.5733092	.2475223	.1791685	0
457.15	0	.5732527	.2476076	.1791397	0
456.15	0	.5731966	.2476924	.179111	0
455.15	0	.5731407	.2477769	.1790824	0
454.15	0	.5730851	.2478611	.1790538	0
453.15	0	.5730298	.2479449	.1790253	0
452.15	0	.5729748	.2480283	.1789969	0
451.15	0	.5729201	.2481114	.1789686	0
450.15	0	.5728656	.2481941	.1789403	0
449.15	0	.5728115	.2482764	.1789121	0
448.15	0	.5727577	.2483583	.178884	0
447.15	0	.5727042	.2484398	.178856	0
446.15	0	.5726509	.248521	.1788281	0
445.15	0	.572598	.2486017	.1788002	0
444.15	0	.5725454	.2486821	.1787725	0
443.15	0	.5724931	.2487621	.1787448	0
442.15	0	.5724411	.2488417	.1787172	0
441.15	0	.5723894	.2489209	.1786898	0
440.15	0	.572338	.2489997	.1786624	0
439.15	0	.5722869	.249078	.1786351	0
438.15	0	.5722361	.249156	.1786079	0
437.15	0	.5721857	.2492335	.1785808	0
436.15	0	.5721355	.2493107	.1785538	0
435.15	0	.5720857	.2493873	.1785269	0
434.15	0	.5720362	.2494636	.1785002	0
433.15	0	.5719871	.2495395	.1784735	0
432.15	0	.5719382	.2496148	.1784469	0
431.15	0	.5718897	.2496898	.1784205	0
430.15	0	.5718415	.2497644	.1783942	0
429.15	0	.5717936	.2498384	.1783679	0
428.15	0	.5717461	.2499121	.1783418	0
427.15	0	.5716989	.2499853	.1783158	0
426.15	0	.571652	.2500581	.17829	0
425.15	0	.5716054	.2501304	.1782642	0
424.15	0	.5715592	.2502023	.1782386	0
423.15	0	.5715133	.2502737	.1782131	0
422.15	0	.5714677	.2503446	.1781877	0
421.15	0	.5714224	.2504152	.1781624	0
420.15	0	.5713775	.2504852	.1781373	0
419.15	0	.5713329	.2505548	.1781122	0
418.15	0	.5712886	.250624	.1780874	0
417.15	0	.5712447	.2506927	.1780626	0
416.15	0	.5712011	.250761	.1780379	0
415.15	0	.5711578	.2508288	.1780134	0
414.15	0	.5711148	.2508962	.177989	0
413.15	0	.5710722	.2509631	.1779648	0
412.15	0	.5710299	.2510295	.1779406	0
411.15	0	.5709879	.2510955	.1779166	0
410.15	0	.5709462	.2511611	.1778927	0
409.15	0	.5709048	.2512262	.177869	0
408.15	0	.5708638	.2512909	.1778453	0
407.15	0	.5708231	.2513551	.1778219	0
406.15	0	.5707827	.2514188	.1777985	0
405.15	0	.5707426	.2514821	.1777753	0
404.15	0	.5707028	.251545	.1777521	0
403.15	0	.5706634	.2516074	.1777292	0
402.15	0	.5706243	.2516694	.1777063	0
401.15	0	.5705854	.2517309	.1776836	0
400.15	0	.5705469	.251792	.177661	0
399.15	0	.5705087	.2518527	.1776386	0
398.15	0	.5704708	.2519129	.1776163	0
397.15	0	.5704332	.2519727	.1775941	0
396.15	0	.5703959	.2520321	.177572	0
395.15	0	.5703589	.252091	.1775501	0
394.15	0	.5703222	.2521495	.1775283	0
393.15	0	.5702858	.2522075	.1775066	0
392.15	0	.5702497	.2522652	.1774851	0
391.15	0	.5702139	.2523224	.1774637	0
390.15	0	.5701784	.2523792	.1774424	0
389.15	0	.5701432	.2524355	.1774213	0
388.15	0	.5701082	.2524915	.1774003	0
387.15	0	.5700736	.252547	.1773794	0
386.15	0	.5700392	.2526022	.1773586	0
385.15	0	.5700051	.2526569	.177338	0
384.15	0	.5699713	.2527112	.1773175	0
383.15	0	.5699378	.2527651	.1772971	0
382.15	0	.5699046	.2528186	.1772769	0
381.15	0	.5698716	.2528717	.1772568	0
380.15	0	.5698389	.2529243	.1772368	0
379.15	0	.5698065	.2529766	.1772169	0
378.15	0	.5697743	.2530285	.1771972	0
377.15	0	.5697424	.2530801	.1771775	0
376.15	0	.5697108	.2531312	.1771581	0
375.15	0	.5696794	.2531819	.1771387	0
374.15	0	.5696483	.2532323	.1771195	0
373.15	0	.5696174	.2532822	.1771003	0
372.15	0	.5695869	.2533318	.1770813	0
371.15	0	.5695565	.253381	.1770625	0
370.15	0	.5695264	.2534299	.1770437	0
369.15	0	.5694966	.2534783	.1770251	0
368.15	0	.569467	.2535264	.1770066	0
367.15	0	.5694376	.2535742	.1769882	0
366.15	0	.5694085	.2536215	.17697	0
365.15	0	.5693796	.2536685	.1769518	0
364.15	0	.569351	.2537152	.1769338	0
363.15	0	.5693226	.2537615	.1769159	0
362.15	0	.5692944	.2538074	.1768981	0
361.15	0	.5692665	.2538531	.1768805	0
360.15	0	.5692388	.2538983	.1768629	0
359.15	0	.5692113	.2539432	.1768455	0
358.15	0	.569184	.2539878	.1768282	0
357.15	0	.569157	.254032	.176811	0
356.15	0	.5691302	.2540759	.1767939	0
355.15	0	.5691036	.2541195	.176777	0
354.15	0	.5690772	.2541627	.1767601	0
353.15	0	.569051	.2542056	.1767434	0
352.15	0	.569025	.2542482	.1767268	0
351.15	0	.5689993	.2542905	.1767102	0
350.15	0	.5689737	.2543324	.1766938	0
349.15	0	.5689484	.2543741	.1766776	0
348.15	0	.5689232	.2544154	.1766614	0
347.15	0	.5688983	.2544564	.1766453	0
346.15	0	.5688735	.2544971	.1766294	0
345.15	0	.568849	.2545375	.1766135	0
344.15	0	.5688246	.2545776	.1765978	0
343.15	0	.5688004	.2546174	.1765822	0
342.15	0	.5687765	.2546569	.1765667	0
341.15	0	.5687527	.2546961	.1765513	0
340.15	0	.568729	.254735	.176536	0
339.15	0	.5687056	.2547736	.1765208	0
338.15	0	.5686824	.254812	.1765057	0
337.15	0	.5686593	.25485	.1764907	0
336.15	0	.5686364	.2548878	.1764758	0
335.15	0	.5686137	.2549253	.1764611	0
334.15	0	.5685911	.2549625	.1764464	0
333.15	0	.5685687	.2549994	.1764318	0
