T	 BPW(LIQUID)	BPW(BCC_A2)	BPW(FCC_A1)	BPW(LAVES_PHASE_C14)	BPW(NI3TI)
1473.15	.1852819	.6134711	0	.2012469	0
1472.15	.1800795	.6168287	0	.2030918	0
1471.15	.1749737	.6201196	0	.2049066	0
1470.15	.169962	.6233457	0	.2066922	0
1469.15	.165042	.6265086	0	.2084494	0
1468.15	.1602111	.62961	0	.2101789	0
1467.15	.1554673	.6326513	0	.2118814	0
1466.15	.1508082	.6356341	0	.2135577	0
1465.15	.1462317	.6385599	0	.2152084	0
1464.15	.1417358	.64143	0	.2168341	0
1463.15	.1373185	.6442459	0	.2184356	0
1462.15	.1329777	.6470089	0	.2200134	0
1461.555	.130431	.6486279	0	.2209411	0
1461.555	.130431	.6486279	0	.2209411	0
1461.555	.130431	.6486279	0	.2209411	0
1461.15	.1239288	.6425521	.01035264	.2231664	0
1460.15	.1081409	.6279063	.03541202	.2285408	0
1459.15	.09271357	.6137444	.05978997	.233752	0
1458.15	.07763164	.600047	.08351451	.2388068	0
1457.15	.06287341	.5867884	.1066243	.2437139	0
1456.15	.04843959	.5739652	.1291204	.2484748	0
1455.15	.03431039	.5615534	.1510387	.2530975	0
1454.15	.02047357	.5495372	.1724018	.2575875	0
1453.15	.006917483	.5379016	.1932311	.2619499	0
1452.632	0	.5320174	.2038209	.2641617	0
1452.632	0	.5320174	.2038209	.2641617	0
1452.15	0	.5306113	.2049758	.2644129	0
1451.15	0	.5276989	.2073685	.2649326	0
1450.15	0	.5247944	.2097553	.2654502	0
1449.15	0	.5218979	.2121363	.2659658	0
1448.15	0	.5190092	.2145115	.2664793	0
1447.15	0	.5161284	.216881	.2669907	0
1446.15	0	.5132554	.2192446	.2675	0
1445.15	0	.5103902	.2216025	.2680073	0
1444.15	0	.5075328	.2239546	.2685126	0
1443.15	0	.5046831	.226301	.2690159	0
1442.15	0	.5018412	.2286417	.2695171	0
1441.15	0	.4990071	.2309766	.2700164	0
1440.15	0	.4961806	.2333058	.2705136	0
1439.15	0	.4933618	.2356293	.2710089	0
1438.15	0	.4905507	.2379471	.2715022	0
1437.15	0	.4877472	.2402593	.2719936	0
1436.15	0	.4849513	.2425657	.272483	0
1435.15	0	.482163	.2448665	.2729705	0
1434.15	0	.4793823	.2471617	.273456	0
1433.15	0	.4766092	.2494512	.2739396	0
1432.15	0	.4738436	.2517351	.2744213	0
1431.15	0	.4710855	.2540134	.2749011	0
1430.15	0	.4683349	.2562861	.275379	0
1429.15	0	.4655918	.2585531	.275855	0
1428.15	0	.4628562	.2608146	.2763292	0
1427.15	0	.460128	.2630705	.2768015	0
1426.15	0	.4574073	.2653208	.2772719	0
1425.15	0	.4546939	.2675656	.2777405	0
1424.15	0	.4519879	.2698048	.2782072	0
1423.15	0	.4492893	.2720385	.2786721	0
1422.15	0	.4465981	.2742667	.2791352	0
1421.15	0	.4439142	.2764893	.2795965	0
1420.15	0	.4412376	.2787064	.280056	0
1419.15	0	.4385683	.280918	.2805137	0
1418.15	0	.4359063	.2831241	.2809696	0
1417.15	0	.4332515	.2853247	.2814238	0
1416.15	0	.430604	.2875198	.2818761	0
1415.15	0	.4279638	.2897095	.2823267	0
1414.15	0	.4253307	.2918937	.2827756	0
1413.15	0	.4227049	.2940724	.2832227	0
1412.15	0	.4200862	.2962457	.2836681	0
1411.15	0	.4174747	.2984135	.2841118	0
1410.15	0	.4148703	.300576	.2845537	0
1409.15	0	.4122731	.302733	.284994	0
1408.15	0	.409683	.3048845	.2854325	0
1407.15	0	.4071	.3070307	.2858694	0
1406.15	0	.4045241	.3091714	.2863045	0
1405.15	0	.4019552	.3113068	.286738	0
1404.15	0	.3993934	.3134368	.2871698	0
1403.15	0	.3968387	.3155614	.2876	0
1402.15	0	.3942909	.3176806	.2880285	0
1401.15	0	.3917502	.3197944	.2884554	0
1400.15	0	.3892165	.3219029	.2888806	0
1399.15	0	.3866898	.324006	.2893042	0
1398.15	0	.38417	.3261038	.2897262	0
1397.15	0	.3816572	.3281962	.2901466	0
1396.15	0	.3791513	.3302833	.2905654	0
1395.15	0	.3766524	.3323651	.2909825	0
1394.15	0	.3741604	.3344415	.2913981	0
1393.15	0	.3716753	.3365126	.2918121	0
1392.15	0	.3691971	.3385784	.2922245	0
1391.15	0	.3667257	.3406389	.2926354	0
1390.15	0	.3642612	.3426941	.2930447	0
1389.15	0	.3618036	.344744	.2934524	0
1388.15	0	.3593528	.3467886	.2938586	0
1387.15	0	.3569089	.3488279	.2942633	0
1386.15	0	.3544717	.3508619	.2946664	0
1385.15	0	.3520414	.3528906	.295068	0
1384.15	0	.3496178	.3549141	.2954681	0
1383.15	0	.3472011	.3569323	.2958666	0
1382.15	0	.3447911	.3589452	.2962637	0
1381.15	0	.3423878	.3609529	.2966593	0
1380.15	0	.3399913	.3629553	.2970534	0
1379.15	0	.3376016	.3649525	.297446	0
1378.15	0	.3352186	.3669444	.2978371	0
1377.15	0	.3328423	.368931	.2982267	0
1376.15	0	.3304727	.3709124	.2986149	0
1375.15	0	.3281098	.3728886	.2990016	0
1374.15	0	.3257536	.3748595	.2993869	0
1373.15	0	.323404	.3768252	.2997708	0
1372.15	0	.3210612	.3787857	.3001532	0
1371.15	0	.318725	.3807409	.3005341	0
1370.15	0	.3163954	.3826909	.3009137	0
1369.15	0	.3140725	.3846357	.3012918	0
1368.15	0	.3117562	.3865753	.3016685	0
1367.15	0	.3094466	.3885096	.3020438	0
1366.15	0	.3071435	.3904387	.3024178	0
1365.15	0	.3048471	.3923626	.3027903	0
1364.15	0	.3025573	.3942813	.3031614	0
1363.15	0	.3002741	.3961948	.3035312	0
1362.15	0	.2979974	.398103	.3038995	0
1361.15	0	.2957274	.4000061	.3042666	0
1360.15	0	.2934639	.4019039	.3046322	0
1359.15	0	.291207	.4037966	.3049965	0
1358.15	0	.2889566	.405684	.3053595	0
1357.15	0	.2867128	.4075662	.3057211	0
1356.15	0	.2844755	.4094432	.3060813	0
1355.15	0	.2822448	.411315	.3064402	0
1354.15	0	.2800206	.4131815	.3067979	0
1353.15	0	.277803	.4150429	.3071541	0
1352.15	0	.2755918	.4168991	.3075091	0
1351.15	0	.2733872	.41875	.3078628	0
1350.15	0	.2711891	.4205958	.3082151	0
1349.15	0	.2689975	.4224363	.3085662	0
1348.15	0	.2668125	.4242716	.3089159	0
1347.15	0	.2646339	.4261017	.3092644	0
1346.15	0	.2624618	.4279266	.3096116	0
1345.15	0	.2602962	.4297463	.3099575	0
1344.15	0	.2581371	.4315607	.3103022	0
1343.15	0	.2559845	.4333699	.3106456	0
1342.15	0	.2538384	.4351739	.3109877	0
1341.15	0	.2516988	.4369727	.3113285	0
1340.15	0	.2495656	.4387663	.3116682	0
1339.15	0	.2474389	.4405546	.3120065	0
1338.15	0	.2453187	.4423377	.3123437	0
1337.15	0	.2432049	.4441155	.3126796	0
1336.15	0	.2410976	.4458881	.3130142	0
1335.15	0	.2389968	.4476555	.3133477	0
1334.15	0	.2369025	.4494176	.3136799	0
1333.15	0	.2348146	.4511745	.3140109	0
1332.15	0	.2327332	.4529261	.3143407	0
1331.15	0	.2306583	.4546724	.3146693	0
1330.15	0	.2285898	.4564135	.3149967	0
1329.15	0	.2265277	.4581493	.3153229	0
1328.15	0	.2244722	.4598798	.315648	0
1327.15	0	.2224231	.4616051	.3159718	0
1326.15	0	.2203805	.4633251	.3162945	0
1325.15	0	.2183443	.4650398	.316616	0
1324.15	0	.2163146	.4667491	.3169363	0
1323.15	0	.2142914	.4684532	.3172554	0
1322.15	0	.2122746	.470152	.3175734	0
1321.15	0	.2102643	.4718454	.3178902	0
1320.15	0	.2082605	.4735336	.3182059	0
1319.15	0	.2062632	.4752164	.3185205	0
1318.15	0	.2042723	.4768938	.3188338	0
1317.15	0	.202288	.478566	.3191461	0
1316.15	0	.2003101	.4802327	.3194572	0
1315.15	0	.1983387	.4818941	.3197672	0
1314.15	0	.1963737	.4835502	.3200761	0
1313.15	0	.1944153	.4852009	.3203838	0
1312.15	0	.1924634	.4868461	.3206905	0
1311.15	0	.190518	.488486	.320996	0
1310.15	0	.1885791	.4901205	.3213004	0
1309.15	0	.1866467	.4917496	.3216037	0
1308.15	0	.1847208	.4933732	.3219059	0
1307.15	0	.1828015	.4949915	.3222071	0
1306.15	0	.1808887	.4966042	.3225071	0
1305.15	0	.1789824	.4982116	.322806	0
1304.15	0	.1770827	.4998134	.3231039	0
1303.15	0	.1751895	.5014098	.3234007	0
1302.15	0	.1733029	.5030007	.3236964	0
1301.15	0	.1714228	.5045861	.3239911	0
1300.15	0	.1695493	.506166	.3242846	0
1299.15	0	.1676824	.5077404	.3245771	0
1298.15	0	.1658221	.5093093	.3248686	0
1297.15	0	.1639684	.5108726	.325159	0
1296.15	0	.1621213	.5124304	.3254484	0
1295.15	0	.1602808	.5139825	.3257367	0
1294.15	0	.1584469	.5155291	.326024	0
1293.15	0	.1566197	.5170701	.3263102	0
1292.15	0	.1547991	.5186055	.3265954	0
1291.15	0	.1529852	.5201353	.3268795	0
1290.15	0	.1511779	.5216594	.3271627	0
1289.15	0	.1493773	.5231779	.3274448	0
1288.15	0	.1475834	.5246907	.3277259	0
1287.15	0	.1457962	.5261978	.328006	0
1286.15	0	.1440157	.5276992	.3282851	0
1285.15	0	.142242	.5291949	.3285631	0
1284.15	0	.1404749	.5306849	.3288402	0
1283.15	0	.1387147	.5321691	.3291162	0
1282.15	0	.1369612	.5336476	.3293913	0
1281.15	0	.1352144	.5351203	.3296653	0
1280.15	0	.1334745	.5365871	.3299384	0
1279.15	0	.1317413	.5380482	.3302105	0
1278.15	0	.130015	.5395034	.3304816	0
1277.15	0	.1282956	.5409527	.3307517	0
1276.15	0	.1265829	.5423962	.3310209	0
1275.15	0	.1248772	.5438338	.331289	0
1274.15	0	.1231783	.5452655	.3315562	0
1273.15	0	.1214863	.5466912	.3318224	0
1272.15	0	.1198013	.548111	.3320877	0
1271.15	0	.1181232	.5495248	.332352	0
1270.15	0	.116452	.5509326	.3326154	0
1269.15	0	.1147878	.5523344	.3328777	0
1268.15	0	.1131306	.5537302	.3331392	0
1267.15	0	.1114804	.5551199	.3333997	0
1266.15	0	.1098372	.5565035	.3336592	0
1265.15	0	.1082011	.557881	.3339178	0
1264.15	0	.1065721	.5592524	.3341755	0
1263.15	0	.1049501	.5606177	.3344322	0
1262.15	0	.1033353	.5619767	.334688	0
1261.15	0	.1017276	.5633296	.3349429	0
1260.15	0	.100127	.5646762	.3351968	0
1259.15	0	.09853359	.5660166	.3354498	0
1258.15	0	.09694739	.5673507	.3357019	0
1257.15	0	.09536842	.5686785	.3359531	0
1256.15	0	.09379668	.57	.3362034	0
1255.15	0	.09223221	.5713151	.3364527	0
1254.15	0	.09067504	.5726238	.3367011	0
1253.15	0	.08912518	.5739262	.3369487	0
1252.15	0	.08758266	.5752221	.3371953	0
1251.15	0	.08604751	.5765115	.337441	0
1250.15	0	.08451975	.5777944	.3376858	0
1249.15	0	.08299941	.5790708	.3379298	0
1248.15	0	.08148651	.5803407	.3381728	0
1247.15	0	.07998109	.581604	.3384149	0
1246.15	0	.07848317	.5828606	.3386562	0
1245.15	0	.07699277	.5841107	.3388966	0
1244.15	0	.07550994	.585354	.3391361	0
1243.15	0	.07403469	.5865907	.3393747	0
1242.15	0	.07256706	.5878205	.3396124	0
1241.15	0	.07110708	.5890437	.3398492	0
1240.15	0	.06965478	.59026	.3400852	0
1239.15	0	.06821018	.5914695	.3403203	0
1238.15	0	.06677332	.5926721	.3405546	0
1237.15	0	.06534424	.5938678	.340788	0
1236.15	0	.06392295	.5950566	.3410205	0
1235.15	0	.06250951	.5962384	.3412521	0
1234.15	0	.06110394	.5974131	.3414829	0
1233.15	0	.05970627	.5985809	.3417129	0
1232.15	0	.05831655	.5997415	.341942	0
1231.15	0	.05693479	.600895	.3421702	0
1230.15	0	.05556105	.6020414	.3423976	0
1229.15	0	.05419536	.6031805	.3426241	0
1228.15	0	.05283774	.6043124	.3428498	0
1227.15	0	.05148825	.6054371	.3430747	0
1226.15	0	.05014691	.6065544	.3432987	0
1225.15	0	.04881377	.6076644	.3435219	0
1224.15	0	.04748887	.6087669	.3437442	0
1223.15	0	.04617224	.609862	.3439657	0
1222.15	0	.04486392	.6109497	.3441864	0
1221.15	0	.04356395	.6120298	.3444063	0
1220.15	0	.04227238	.6131024	.3446253	0
1219.15	0	.04098925	.6141673	.3448435	0
1218.15	0	.03971459	.6152246	.3450608	0
1217.15	0	.03844846	.6162742	.3452774	0
1216.15	0	.03719088	.617316	.3454931	0
1215.15	0	.03594192	.61835	.3457081	0
1214.15	0	.0347016	.6193762	.3459222	0
1213.15	0	.03346998	.6203946	.3461355	0
1212.15	0	.0322471	.621405	.3463479	0
1211.15	0	.03103301	.6224074	.3465596	0
1210.15	0	.02982775	.6234018	.3467705	0
1209.15	0	.02863137	.6243881	.3469805	0
1208.15	0	.02744392	.6253663	.3471898	0
1207.15	0	.02626544	.6263363	.3473982	0
1206.15	0	.02509599	.6272981	.3476059	0
1205.15	0	.02393562	.6282516	.3478128	0
1204.15	0	.02278436	.6291968	.3480188	0
1203.15	0	.02164228	.6301336	.3482241	0
1202.15	0	.02050943	.631062	.3484286	0
1201.15	0	.01938585	.6319819	.3486323	0
1200.15	0	.0182716	.6328932	.3488352	0
1199.15	0	.01716673	.633796	.3490373	0
1198.15	0	.0160713	.6346901	.3492386	0
1197.15	0	.01498536	.6355755	.3494391	0
1196.15	0	.01390896	.6364521	.3496389	0
1195.15	0	.01284216	.63732	.3498379	0
1194.15	0	.01178501	.6381789	.3500361	0
1193.15	0	.01073758	.6390289	.3502335	0
1192.15	0	.009699915	.6398699	.3504302	0
1191.15	0	.008672074	.6407019	.3506261	0
1190.15	0	.007654118	.6415247	.3508212	0
1189.15	0	.006646105	.6423384	.3510155	0
1188.15	0	.005648093	.6431429	.3512091	0
1187.15	0	.004660143	.643938	.3514019	0
1186.15	0	.003682316	.6447238	.3515939	0
1185.15	0	.002714673	.6455002	.3517852	0
1184.15	0	.001757275	.646267	.3519757	0
1183.15	0	8.101853E-04	.6470244	.3521654	0
1182.286	0	0	.6476712	.3523288	0
1182.286	0	0	.6476712	.3523288	0
1182.15	0	0	.647649	.352351	0
1181.15	0	0	.6474859	.3525141	0
1180.15	0	0	.6473231	.3526769	0
1179.15	0	0	.6471607	.3528393	0
1178.15	0	0	.6469986	.3530014	0
1177.15	0	0	.6468368	.3531632	0
1176.15	0	0	.6466754	.3533246	0
1175.15	0	0	.6465143	.3534857	0
1174.15	0	0	.6463535	.3536465	0
1173.15	0	0	.6461931	.3538069	0
1172.15	0	0	.646033	.353967	0
1171.15	0	0	.6458732	.3541268	0
1170.15	0	0	.6457138	.3542862	0
1169.15	0	0	.6455547	.3544453	0
1168.15	0	0	.6453959	.3546041	0
1167.15	0	0	.6452374	.3547626	0
1166.15	0	0	.6450793	.3549207	0
1165.15	0	0	.6449215	.3550785	0
1164.15	0	0	.6447641	.355236	0
1163.15	0	0	.6446069	.3553931	0
1162.15	0	0	.6444501	.3555499	0
1161.15	0	0	.6442936	.3557064	0
1160.15	0	0	.6441375	.3558625	0
1159.15	0	0	.6439816	.3560184	0
1158.15	0	0	.6438261	.3561739	0
1157.15	0	0	.643671	.3563291	0
1156.15	0	0	.6435161	.3564839	0
1155.15	0	0	.6433616	.3566384	0
1154.15	0	0	.6432073	.3567927	0
1153.15	0	0	.6430535	.3569465	0
1152.15	0	0	.6428999	.3571001	0
1151.15	0	0	.6427467	.3572533	0
1150.15	0	0	.6425937	.3574063	0
1149.15	0	0	.6424412	.3575588	0
1148.15	0	0	.6422889	.3577111	0
1147.15	0	0	.6421369	.3578631	0
1146.15	0	0	.6419853	.3580147	0
1145.15	0	0	.641834	.358166	0
1144.15	0	0	.641683	.358317	0
1143.15	0	0	.6415323	.3584677	0
1142.15	0	0	.6413819	.3586181	0
1141.15	0	0	.6412319	.3587681	0
1140.15	0	0	.6410822	.3589178	0
1139.15	0	0	.6409328	.3590672	0
1138.15	0	0	.6407837	.3592163	0
1137.15	0	0	.6406349	.3593651	0
1136.15	0	0	.6404865	.3595135	0
1135.15	0	0	.6403383	.3596617	0
1134.15	0	0	.6401905	.3598095	0
1133.15	0	0	.640043	.359957	0
1132.15	0	0	.6398958	.3601042	0
1131.15	0	0	.6397489	.3602511	0
1130.15	0	0	.6396023	.3603977	0
1129.15	0	0	.6394561	.3605439	0
1128.15	0	0	.6393102	.3606898	0
1127.15	0	0	.6391645	.3608355	0
1126.15	0	0	.6390192	.3609808	0
1125.15	0	0	.6388742	.3611258	0
1124.15	0	0	.6387295	.3612705	0
1123.15	0	0	.6385851	.3614149	0
1122.15	0	0	.638441	.361559	0
1121.15	0	0	.6382973	.3617027	0
1120.15	0	0	.6381538	.3618462	0
1119.15	0	0	.6380107	.3619893	0
1118.15	0	0	.6378679	.3621321	0
1117.15	0	0	.6377253	.3622747	0
1116.15	0	0	.6375831	.3624169	0
1115.15	0	0	.6374412	.3625588	0
1114.15	0	0	.6372996	.3627004	0
1113.15	0	0	.6371583	.3628417	0
1112.15	0	0	.6370173	.3629827	0
1111.15	0	0	.6368766	.3631234	0
1110.15	0	0	.6367363	.3632637	0
1109.15	0	0	.6365962	.3634038	0
1108.15	0	0	.6364564	.3635436	0
1107.15	0	0	.636317	.363683	0
1106.15	0	0	.6361778	.3638222	0
1105.15	0	0	.636039	.363961	0
1104.15	0	0	.6359004	.3640996	0
1103.15	0	0	.6357622	.3642378	0
1102.15	0	0	.6356242	.3643758	0
1101.15	0	0	.6354866	.3645134	0
1100.15	0	0	.6353493	.3646507	0
1099.15	0	0	.6352122	.3647878	0
1098.15	0	0	.6350755	.3649245	0
1097.15	0	0	.6349391	.3650609	0
1096.15	0	0	.634803	.365197	0
1095.15	0	0	.6346671	.3653329	0
1094.15	0	0	.6345316	.3654684	0
1093.15	0	0	.6343964	.3656036	0
1092.15	0	0	.6342615	.3657386	0
1091.15	0	0	.6341268	.3658732	0
1090.15	0	0	.6339925	.3660075	0
1089.15	0	0	.6338585	.3661415	0
1088.15	0	0	.6337247	.3662753	0
1087.15	0	0	.6335913	.3664087	0
1086.15	0	0	.6334582	.3665418	0
1085.15	0	0	.6333253	.3666747	0
1084.15	0	0	.6331928	.3668072	0
1083.15	0	0	.6330606	.3669395	0
1082.15	0	0	.6329286	.3670714	0
1081.15	0	0	.632797	.3672031	0
1080.15	0	0	.6326656	.3673344	0
1079.15	0	0	.6325345	.3674655	0
1078.15	0	0	.6324038	.3675962	0
1077.15	0	0	.6322733	.3677267	0
1076.15	0	0	.6321431	.3678569	0
1075.15	0	0	.6320133	.3679867	0
1074.15	0	0	.6318837	.3681163	0
1073.15	0	0	.6317544	.3682456	0
1072.15	0	0	.6316254	.3683746	0
1071.15	0	0	.6314967	.3685033	0
1070.15	0	0	.6313683	.3686317	0
1069.15	0	0	.6312401	.3687599	0
1068.15	0	0	.6311123	.3688877	0
1067.15	0	0	.6309848	.3690152	0
1066.15	0	0	.6308575	.3691425	0
1065.15	0	0	.6307306	.3692694	0
1064.15	0	0	.6306039	.3693961	0
1063.15	0	0	.6304776	.3695225	0
1062.15	0	0	.6303515	.3696485	0
1061.15	0	0	.6302257	.3697743	0
1060.15	0	0	.6301002	.3698998	0
1059.15	0	0	.629975	.370025	0
1058.15	0	0	.6298501	.37015	0
1057.15	0	0	.6297254	.3702746	0
1056.15	0	0	.6296011	.3703989	0
1055.15	0	0	.629477	.370523	0
1054.15	0	0	.6293532	.3706468	0
1053.15	0	0	.6292298	.3707702	0
1052.15	0	0	.6291066	.3708934	0
1051.15	0	0	.6289837	.3710163	0
1050.15	0	0	.6288611	.3711389	0
1049.15	0	0	.6287387	.3712613	0
1048.15	0	0	.6286167	.3713833	0
1047.15	0	0	.6284949	.3715051	0
1046.707	0	0	.6284411	.3715589	0
1046.707	0	0	.6284411	.3715589	0
1046.707	0	0	.6284411	.3715589	0
1046.15	0	6.322856E-04	.6277529	.3716148	0
1045.15	0	.001780998	.6265042	.3717148	0
1044.15	0	.002947482	.6252383	.3718143	0
1043.15	0	.004131685	.6239551	.3719132	0
1042.15	0	.005333553	.6226547	.3720117	0
1041.15	0	.006553028	.6213372	.3721097	0
1040.15	0	.007790052	.6200027	.3722072	0
1039.15	0	.00904456	.6186512	.3723043	0
1038.15	0	.01031649	.6172827	.3724008	0
1037.15	0	.01160576	.6158974	.3724969	0
1036.15	0	.01291231	.6144952	.3725925	0
1035.15	0	.01423607	.6130763	.3726876	0
1034.15	0	.01557695	.6116408	.3727823	0
1033.15	0	.01693487	.6101887	.3728764	0
1032.15	0	.01830975	.6087201	.3729702	0
1031.15	0	.0197015	.6072351	.3730634	0
1030.15	0	.02111003	.6057338	.3731562	0
1029.15	0	.02253525	.6042162	.3732485	0
1028.15	0	.02397707	.6026825	.3733404	0
1027.15	0	.02543538	.6011328	.3734319	0
1026.15	0	.02691009	.5995671	.3735228	0
1025.15	0	.02840108	.5979856	.3736134	0
1024.15	0	.02990825	.5963883	.3737035	0
1023.15	0	.0314315	.5947754	.3737931	0
1022.15	0	.0329707	.593147	.3738823	0
1021.15	0	.03452575	.5915032	.3739711	0
1020.15	0	.03609652	.5898441	.3740594	0
1019.15	0	.03768289	.5881698	.3741473	0
1018.15	0	.03928475	.5864805	.3742348	0
1017.15	0	.04090195	.5847763	.3743218	0
1016.15	0	.04253438	.5830572	.3744084	0
1015.15	0	.04418191	.5813235	.3744946	0
1014.15	0	.04584439	.5795753	.3745803	0
1013.15	0	.04752169	.5778127	.3746656	0
1012.15	0	.04921367	.5760358	.3747505	0
1011.15	0	.05092019	.5742448	.374835	0
1010.15	0	.05264111	.5724398	.3749191	0
1009.15	0	.05437627	.570621	.3750027	0
1008.15	0	.05612553	.5687885	.3750859	0
1007.15	0	.05788875	.5669425	.3751688	0
1006.15	0	.05966575	.5650831	.3752511	0
1005.15	0	.0614564	.5632105	.3753331	0
1004.15	0	.06326053	.5613248	.3754147	0
1003.15	0	.06507797	.5594262	.3754959	0
1002.15	0	.06690858	.5575148	.3755766	0
1001.15	0	.06875218	.5555909	.3756569	0
1000.15	0	.07060861	.5536546	.3757368	0
999.15	0	.0724777	.551706	.3758163	0
998.15	0	.07435927	.5497453	.3758954	0
997.15	0	.07625317	.5477727	.3759741	0
996.15	0	.07815921	.5457884	.3760524	0
995.15	0	.08007722	.5437925	.3761303	0
994.15	0	.08200702	.5417853	.3762077	0
993.15	0	.08394843	.5397668	.3762847	0
992.15	0	.08590128	.5377374	.3763614	0
991.15	0	.08786538	.535697	.3764376	0
990.15	0	.08984054	.5336461	.3765134	0
989.15	0	.09182659	.5315847	.3765888	0
988.15	0	.09382334	.529513	.3766637	0
987.15	0	.09583059	.5274312	.3767382	0
986.15	0	.09784816	.5253395	.3768124	0
985.15	0	.09987586	.5232381	.376886	0
984.15	0	.1019135	.5211272	.3769593	0
983.15	0	.1039609	.5190069	.3770322	0
982.15	0	.1060178	.5168776	.3771046	0
981.15	0	.1080841	.5147393	.3771765	0
980.15	0	.1101596	.5125923	.3772481	0
979.15	0	.112244	.5104368	.3773192	0
978.15	0	.1143372	.5082729	.3773899	0
977.15	0	.116439	.5061009	.3774601	0
976.15	0	.1185491	.5039211	.3775298	0
975.15	0	.1206674	.5017334	.3775991	0
974.15	0	.1227937	.4995383	.377668	0
973.15	0	.1249278	.4973359	.3777364	0
972.15	0	.1270694	.4951263	.3778043	0
971.15	0	.1292184	.4929099	.3778718	0
970.15	0	.1313745	.4906868	.3779387	0
969.15	0	.1335376	.4884572	.3780052	0
968.15	0	.1357075	.4862213	.3780712	0
967.15	0	.1378703	.4839921	.3781377	0
966.15	0	.1400064	.4817873	.3782064	0
965.15	0	.1421642	.4795618	.3782741	0
964.15	0	.1443423	.4773169	.3783408	0
963.15	0	.1465394	.4750541	.3784065	0
962.15	0	.1487542	.4727746	.3784713	0
961.15	0	.1509854	.4704795	.3785351	0
960.15	0	.1532319	.4681702	.3785979	0
959.15	0	.1554924	.4658477	.3786599	0
958.15	0	.157766	.4635132	.3787208	0
957.15	0	.1600515	.4611676	.3787809	0
956.15	0	.1623478	.4588122	.37884	0
955.15	0	.1646541	.4564477	.3788982	0
954.15	0	.1669692	.4540753	.3789555	0
953.15	0	.1692924	.4516958	.3790118	0
952.15	0	.1716226	.4493101	.3790673	0
951.15	0	.1739591	.4469191	.3791218	0
950.15	0	.176301	.4445236	.3791755	0
949.15	0	.1786474	.4421244	.3792282	0
948.15	0	.1809978	.4397222	.37928	0
947.15	0	.1833512	.4373179	.379331	0
946.15	0	.1857069	.4349121	.379381	0
945.15	0	.1880644	.4325055	.3794301	0
944.15	0	.1904229	.4300988	.3794783	0
943.15	0	.1927817	.4276926	.3795256	0
942.15	0	.1951404	.4252876	.379572	0
941.15	0	.1974981	.4228843	.3796175	0
940.15	0	.1998545	.4204834	.3796621	0
939.15	0	.202209	.4180852	.3797058	0
938.15	0	.2045609	.4156905	.3797486	0
937.15	0	.2069099	.4132997	.3797904	0
936.15	0	.2092554	.4109133	.3798314	0
935.15	0	.2115969	.4085317	.3798714	0
934.15	0	.213934	.4061555	.3799105	0
933.15	0	.2162663	.403785	.3799487	0
932.15	0	.2185933	.4014208	.3799859	0
931.15	0	.2209147	.3990631	.3800222	0
930.15	0	.22323	.3967124	.3800576	0
929.15	0	.2255389	.394369	.3800921	0
928.15	0	.227841	.3920334	.3801256	0
927.15	0	.2301359	.3897059	.3801582	0
926.15	0	.2324234	.3873867	.3801899	0
925.15	0	.2347031	.3850763	.3802206	0
924.15	0	.2369747	.3827749	.3802503	0
923.15	0	.239238	.3804829	.3802792	0
922.15	0	.2414925	.3782005	.380307	0
921.15	0	.2437382	.3759279	.3803339	0
920.15	0	.2459746	.3736655	.3803599	0
919.15	0	.2482016	.3714135	.3803849	0
918.15	0	.2504189	.3691722	.3804089	0
917.15	0	.2526263	.3669417	.380432	0
916.15	0	.2548235	.3647224	.3804541	0
915.15	0	.2570104	.3625144	.3804752	0
914.15	0	.2591867	.3603179	.3804954	0
913.15	0	.2613523	.3581331	.3805146	0
912.15	0	.2635069	.3559603	.3805328	0
911.15	0	.2656504	.3537995	.3805501	0
910.15	0	.2677826	.3516511	.3805664	0
909.15	0	.2699033	.349515	.3805817	0
908.15	0	.2720124	.3473916	.380596	0
907.15	0	.2741097	.345281	.3806093	0
906.15	0	.2761951	.3431832	.3806217	0
905.15	0	.2782684	.3410985	.3806331	0
904.15	0	.2803294	.3390271	.3806435	0
903.15	0	.2823782	.3369689	.3806529	0
902.15	0	.2844145	.3349242	.3806614	0
901.15	0	.2864381	.332893	.3806689	0
900.15	0	.2884491	.3308755	.3806753	0
899.15	0	.2904473	.3288719	.3806808	0
898.15	0	.2924325	.3268821	.3806854	0
897.15	0	.2944047	.3249064	.3806889	0
896.15	0	.2963638	.3229447	.3806915	0
895.15	0	.2983097	.3209973	.3806931	0
894.15	0	.3002422	.3190641	.3806937	0
893.15	0	.3021613	.3171453	.3806934	0
892.15	0	.304067	.3152409	.3806921	0
891.15	0	.3059591	.3133511	.3806898	0
890.15	0	.3078376	.3114759	.3806866	0
889.15	0	.3097023	.3096153	.3806824	0
888.15	0	.3115533	.3077695	.3806773	0
887.15	0	.3133904	.3059385	.3806712	0
886.15	0	.3152136	.3041223	.3806641	0
885.15	0	.3170228	.302321	.3806562	0
884.15	0	.318818	.3005348	.3806472	0
883.15	0	.3205991	.2987635	.3806374	0
882.15	0	.3223661	.2970073	.3806266	0
881.15	0	.3241189	.2952662	.3806149	0
880.15	0	.3258574	.2935402	.3806023	0
879.15	0	.3275817	.2918295	.3805888	0
878.15	0	.3292917	.2901339	.3805744	0
877.15	0	.3309873	.2884536	.3805591	0
876.15	0	.3326686	.2867885	.3805429	0
875.15	0	.3343354	.2851387	.3805258	0
874.15	0	.3359878	.2835043	.3805079	0
873.15	0	.3376257	.2818852	.3804891	0
872.15	0	.3392492	.2802814	.3804695	0
871.15	0	.3408581	.2786929	.380449	0
870.15	0	.3424526	.2771198	.3804276	0
869.15	0	.3440324	.2755621	.3804055	0
868.15	0	.3455978	.2740197	.3803825	0
867.15	0	.3471486	.2724927	.3803587	0
866.15	0	.3486849	.270981	.3803342	0
865.15	0	.3502066	.2694846	.3803088	0
864.15	0	.3517138	.2680035	.3802827	0
863.15	0	.3532064	.2665378	.3802558	0
862.15	0	.3546846	.2650873	.3802281	0
861.15	0	.3561482	.2636521	.3801997	0
860.15	0	.3575974	.262232	.3801706	0
859.15	0	.359032	.2608272	.3801408	0
858.15	0	.3604523	.2594375	.3801102	0
857.15	0	.3618581	.2580629	.380079	0
856.15	0	.3632496	.2567033	.380047	0
855.15	0	.3646268	.2553588	.3800145	0
854.15	0	.3659896	.2540292	.3799812	0
853.15	0	.3673382	.2527145	.3799473	0
852.15	0	.3686726	.2514147	.3799127	0
851.15	0	.3699928	.2501296	.3798776	0
850.15	0	.371299	.2488593	.3798418	0
849.15	0	.3725911	.2476035	.3798054	0
848.15	0	.3738692	.2463624	.3797684	0
847.15	0	.3751335	.2451357	.3797308	0
846.15	0	.3763839	.2439234	.3796927	0
845.15	0	.3776205	.2427255	.3796541	0
844.15	0	.3788434	.2415417	.3796148	0
843.15	0	.3800528	.2403721	.3795751	0
842.15	0	.3812486	.2392166	.3795348	0
841.15	0	.3824309	.238075	.3794941	0
840.15	0	.3836	.2369473	.3794528	0
839.15	0	.3847557	.2358332	.3794111	0
838.15	0	.3858983	.2347329	.3793688	0
837.15	0	.3870278	.233646	.3793261	0
836.15	0	.3881444	.2325726	.379283	0
835.15	0	.3892481	.2315125	.3792394	0
834.15	0	.390339	.2304656	.3791954	0
833.15	0	.3914173	.2294318	.379151	0
832.15	0	.392483	.2284109	.3791061	0
831.15	0	.3935363	.2274028	.3790609	0
830.15	0	.3945773	.2264075	.3790153	0
829.15	0	.3956061	.2254247	.3789693	0
828.15	0	.3966228	.2244544	.3789229	0
827.15	0	.3976275	.2234964	.3788761	0
826.15	0	.3986204	.2225506	.378829	0
825.2925	0	.3994625	.2217492	.3787883	0
825.2925	0	.3994625	.2217492	.3787883	0
825.2925	0	.3994625	.2217492	.3787883	0
825.15	0	.4003298	.2206944	.3785308	4.450194E-04
824.15	0	.4063062	.2134135	.3767459	.003534335
823.15	0	.4120947	.2063407	.3749988	.00656582
822.15	0	.4177023	.199468	.3732884	.009541305
821.15	0	.4231359	.1927881	.3716135	.01246253
820.15	0	.4284021	.1862939	.3699729	.01533115
819.15	0	.4335069	.1799787	.3683656	.01814875
818.15	0	.4384562	.1738362	.3667907	.02091684
817.15	0	.4432557	.1678603	.3652472	.02363684
816.15	0	.4479107	.1620451	.3637341	.02631013
815.15	0	.4524261	.1563852	.3622506	.02893802
814.15	0	.456807	.1508754	.3607958	.03152177
813.15	0	.4610579	.1455105	.359369	.03406256
812.15	0	.4651833	.1402858	.3579694	.03656156
811.15	0	.4691873	.1351967	.3565962	.03901985
810.15	0	.473074	.1302389	.3552487	.0414385
809.15	0	.4768473	.125408	.3539262	.04381851
808.15	0	.4805108	.1207001	.3526282	.04616086
807.15	0	.4840682	.1161114	.3513539	.04846648
806.15	0	.4875229	.1116381	.3501028	.05073626
805.15	0	.490878	.1072766	.3488743	.05297107
804.15	0	.4941368	.1030237	.3476677	.05517173
803.15	0	.4973022	.09887602	.3464827	.05733905
802.15	0	.5003772	.09483042	.3453186	.05947379
801.15	0	.5033645	.09088389	.344175	.0615767
800.15	0	.5062667	.08703353	.3430513	.06364849
799.15	0	.5090865	.08327656	.3419471	.06568985
798.15	0	.5118263	.07961028	.340862	.06770145
797.15	0	.5144885	.07603212	.3397954	.06968394
796.15	0	.5170754	.07253958	.3387471	.07163794
795.15	0	.5195893	.06913025	.3377164	.07356405
794.15	0	.5220321	.06580181	.3367032	.07546285
793.15	0	.5244061	.06255204	.3357069	.07733491
792.15	0	.5267132	.05937878	.3347272	.07918079
791.15	0	.5289553	.05627993	.3337638	.081001
790.15	0	.5311342	.05325348	.3328162	.08279606
789.15	0	.5332518	.0502975	.3318842	.08456648
788.15	0	.5353098	.04741008	.3309674	.08631274
787.15	0	.5373099	.04458942	.3300654	.08803531
786.15	0	.5392536	.04183375	.329178	.08973465
785.15	0	.5411426	.03914136	.3283048	.09141121
784.15	0	.5429784	.0365106	.3274456	.09306541
783.15	0	.5447624	.03393987	.3266001	.09469769
782.15	0	.5464961	.03142761	.3257679	.09630844
781.15	0	.5481808	.02897233	.3249488	.09789808
780.15	0	.5498179	.02657255	.3241425	.099467
779.15	0	.5514088	.02422687	.3233488	.1010156
778.15	0	.5529546	.0219339	.3225674	.1025442
777.15	0	.5544566	.01969231	.321798	.1040531
776.15	0	.5559159	.0175008	.3210404	.1055429
775.15	0	.5573338	.01535811	.3202944	.1070137
774.15	0	.5587114	.01326302	.3195597	.1084659
773.15	0	.5600497	.01121434	.3188361	.1098999
772.15	0	.5613498	.0092109	.3181233	.111316
771.15	0	.5626127	.007251579	.3174212	.1127145
770.15	0	.5638395	.00533528	.3167296	.1140957
769.15	0	.5650311	.003460935	.3160481	.1154599
768.15	0	.5661885	.001627506	.3153766	.1168074
767.2435	0	.5672089	0	.3147764	.1180147
767.2435	0	.5672089	0	.3147764	.1180147
767.15	0	.5671993	0	.3147587	.118042
766.15	0	.5670969	0	.3145692	.1183339
765.15	0	.566995	0	.3143803	.1186247
764.15	0	.5668935	0	.314192	.1189145
763.15	0	.5667925	0	.3140043	.1192032
762.15	0	.5666919	0	.3138172	.1194909
761.15	0	.5665918	0	.3136307	.1197776
760.15	0	.5664921	0	.3134447	.1200632
759.15	0	.5663928	0	.3132594	.1203478
758.15	0	.566294	0	.3130746	.1206314
757.15	0	.5661955	0	.3128905	.120914
756.15	0	.5660975	0	.3127069	.1211956
755.15	0	.5659999	0	.3125239	.1214762
754.15	0	.5659028	0	.3123415	.1217557
753.15	0	.565806	0	.3121597	.1220343
752.15	0	.5657097	0	.3119784	.1223119
751.15	0	.5656138	0	.3117978	.1225885
750.15	0	.5655183	0	.3116177	.1228641
749.15	0	.5654231	0	.3114382	.1231387
748.15	0	.5653284	0	.3112592	.1234123
747.15	0	.5652341	0	.3110809	.123685
746.15	0	.5651402	0	.3109031	.1239566
745.15	0	.5650467	0	.3107259	.1242273
744.15	0	.5649536	0	.3105493	.124497
743.15	0	.5648609	0	.3103733	.1247658
742.15	0	.5647686	0	.3101978	.1250336
741.15	0	.5646767	0	.3100229	.1253005
740.15	0	.5645851	0	.3098485	.1255663
739.15	0	.564494	0	.3096748	.1258313
738.15	0	.5644032	0	.3095016	.1260952
737.15	0	.5643128	0	.3093289	.1263583
736.15	0	.5642228	0	.3091568	.1266203
735.15	0	.5641332	0	.3089853	.1268815
734.15	0	.564044	0	.3088144	.1271416
733.15	0	.5639551	0	.308644	.1274009
732.15	0	.5638666	0	.3084742	.1276592
731.15	0	.5637785	0	.3083049	.1279166
730.15	0	.5636907	0	.3081362	.1281731
729.15	0	.5636033	0	.3079681	.1284286
728.15	0	.5635163	0	.3078005	.1286832
727.15	0	.5634296	0	.3076335	.1289369
726.15	0	.5633433	0	.307467	.1291897
725.15	0	.5632574	0	.3073011	.1294415
724.15	0	.5631718	0	.3071357	.1296924
723.15	0	.5630866	0	.3069709	.1299425
722.15	0	.5630018	0	.3068067	.1301916
721.15	0	.5629173	0	.306643	.1304398
720.15	0	.5628331	0	.3064798	.1306871
719.15	0	.5627493	0	.3063172	.1309335
718.15	0	.5626659	0	.3061552	.131179
717.15	0	.5625828	0	.3059936	.1314236
716.15	0	.5625001	0	.3058327	.1316673
715.15	0	.5624177	0	.3056723	.1319101
714.15	0	.5623356	0	.3055124	.132152
713.15	0	.5622539	0	.3053531	.132393
712.15	0	.5621725	0	.3051943	.1326332
711.15	0	.5620915	0	.3050361	.1328724
710.15	0	.5620108	0	.3048784	.1331108
709.15	0	.5619305	0	.3047212	.1333483
708.15	0	.5618505	0	.3045646	.1335849
707.15	0	.5617709	0	.3044085	.1338206
706.15	0	.5616915	0	.304253	.1340555
705.15	0	.5616125	0	.304098	.1342895
704.15	0	.5615339	0	.3039435	.1345226
703.15	0	.5614555	0	.3037896	.1347549
702.15	0	.5613775	0	.3036362	.1349863
701.15	0	.5612999	0	.3034833	.1352168
700.15	0	.5612225	0	.303331	.1354465
699.15	0	.5611455	0	.3031792	.1356753
698.15	0	.5610688	0	.303028	.1359032
697.15	0	.5609925	0	.3028772	.1361303
696.15	0	.5609164	0	.302727	.1363565
695.15	0	.5608407	0	.3025774	.1365819
694.15	0	.5607653	0	.3024282	.1368065
693.15	0	.5606903	0	.3022796	.1370301
692.15	0	.5606155	0	.3021315	.137253
691.15	0	.5605411	0	.301984	.137475
690.15	0	.5604669	0	.3018369	.1376961
689.15	0	.5603931	0	.3016904	.1379164
688.15	0	.5603197	0	.3015445	.1381359
687.15	0	.5602465	0	.301399	.1383545
686.15	0	.5601736	0	.3012541	.1385723
685.15	0	.5601011	0	.3011096	.1387893
684.15	0	.5600289	0	.3009657	.1390054
683.15	0	.5599569	0	.3008224	.1392207
682.15	0	.5598853	0	.3006795	.1394352
681.15	0	.559814	0	.3005372	.1396488
680.15	0	.559743	0	.3003954	.1398616
679.15	0	.5596723	0	.3002541	.1400736
678.15	0	.559602	0	.3001133	.1402848
677.15	0	.5595319	0	.299973	.1404951
676.15	0	.5594621	0	.2998332	.1407046
675.15	0	.5593927	0	.299694	.1409133
674.15	0	.5593235	0	.2995553	.1411212
673.15	0	.5592546	0	.2994171	.1413283
672.15	0	.5591861	0	.2992794	.1415346
671.15	0	.5591178	0	.2991422	.14174
670.15	0	.5590498	0	.2990055	.1419446
669.15	0	.5589822	0	.2988693	.1421485
668.15	0	.5589148	0	.2987337	.1423515
667.15	0	.5588477	0	.2985985	.1425537
666.15	0	.558781	0	.2984639	.1427551
665.15	0	.5587145	0	.2983298	.1429558
664.15	0	.5586483	0	.2981961	.1431556
663.15	0	.5585824	0	.298063	.1433546
662.15	0	.5585168	0	.2979304	.1435528
661.15	0	.5584515	0	.2977983	.1437502
660.15	0	.5583865	0	.2976666	.1439469
659.15	0	.5583218	0	.2975355	.1441427
658.15	0	.5582573	0	.2974049	.1443377
657.15	0	.5581932	0	.2972748	.144532
656.15	0	.5581293	0	.2971452	.1447255
655.15	0	.5580658	0	.2970161	.1449181
654.15	0	.5580025	0	.2968875	.14511
653.15	0	.5579395	0	.2967594	.1453011
652.15	0	.5578768	0	.2966318	.1454915
651.15	0	.5578143	0	.2965047	.145681
650.15	0	.5577522	0	.296378	.1458698
649.15	0	.5576903	0	.2962519	.1460578
648.15	0	.5576287	0	.2961263	.146245
647.15	0	.5575674	0	.2960011	.1464314
646.15	0	.5575064	0	.2958765	.1466171
645.15	0	.5574457	0	.2957523	.146802
644.15	0	.5573852	0	.2956287	.1469861
643.15	0	.557325	0	.2955055	.1471695
642.15	0	.5572651	0	.2953828	.147352
641.15	0	.5572055	0	.2952606	.1475339
640.15	0	.5571462	0	.2951389	.1477149
639.15	0	.5570871	0	.2950177	.1478952
638.15	0	.5570283	0	.294897	.1480747
637.15	0	.5569698	0	.2947768	.1482535
636.15	0	.5569115	0	.294657	.1484315
635.15	0	.5568535	0	.2945377	.1486088
634.15	0	.5567958	0	.2944189	.1487853
633.15	0	.5567384	0	.2943006	.148961
632.15	0	.5566812	0	.2941828	.149136
631.15	0	.5566243	0	.2940655	.1493102
630.15	0	.5565677	0	.2939486	.1494837
629.15	0	.5565113	0	.2938322	.1496565
628.15	0	.5564552	0	.2937163	.1498284
627.15	0	.5563994	0	.2936009	.1499997
626.15	0	.5563438	0	.293486	.1501702
625.15	0	.5562885	0	.2933715	.1503399
624.15	0	.5562335	0	.2932575	.150509
623.15	0	.5561788	0	.293144	.1506772
622.15	0	.5561243	0	.293031	.1508448
621.15	0	.55607	0	.2929184	.1510116
620.15	0	.5560161	0	.2928063	.1511776
619.15	0	.5559624	0	.2926947	.151343
618.15	0	.5559089	0	.2925835	.1515076
617.15	0	.5558557	0	.2924729	.1516714
616.15	0	.5558028	0	.2923627	.1518346
615.15	0	.5557501	0	.2922529	.151997
614.15	0	.5556977	0	.2921437	.1521586
613.15	0	.5556456	0	.2920349	.1523196
612.15	0	.5555937	0	.2919265	.1524798
611.15	0	.555542	0	.2918186	.1526393
610.15	0	.5554906	0	.2917112	.1527981
609.15	0	.5554395	0	.2916043	.1529562
608.15	0	.5553887	0	.2914978	.1531135
607.15	0	.555338	0	.2913918	.1532702
606.15	0	.5552877	0	.2912862	.1534261
605.15	0	.5552376	0	.2911811	.1535813
604.15	0	.5551877	0	.2910765	.1537358
603.15	0	.5551381	0	.2909723	.1538896
602.15	0	.5550887	0	.2908686	.1540427
601.15	0	.5550396	0	.2907653	.154195
600.15	0	.5549907	0	.2906626	.1543467
599.15	0	.5549421	0	.2905602	.1544977
598.15	0	.5548938	0	.2904583	.1546479
597.15	0	.5548457	0	.2903569	.1547975
596.15	0	.5547978	0	.2902559	.1549463
595.15	0	.5547502	0	.2901553	.1550945
594.15	0	.5547028	0	.2900552	.155242
593.15	0	.5546557	0	.2899556	.1553887
592.15	0	.5546088	0	.2898564	.1555348
591.15	0	.5545621	0	.2897577	.1556802
590.15	0	.5545157	0	.2896594	.1558249
589.15	0	.5544695	0	.2895616	.1559689
588.15	0	.5544236	0	.2894642	.1561122
587.15	0	.554378	0	.2893672	.1562549
586.15	0	.5543325	0	.2892707	.1563968
585.15	0	.5542873	0	.2891746	.1565381
584.15	0	.5542423	0	.289079	.1566787
583.15	0	.5541976	0	.2889838	.1568186
582.15	0	.5541531	0	.288889	.1569578
581.15	0	.5541089	0	.2887947	.1570964
580.15	0	.5540649	0	.2887009	.1572343
579.15	0	.5540211	0	.2886074	.1573715
578.15	0	.5539775	0	.2885144	.1575081
577.15	0	.5539342	0	.2884218	.157644
576.15	0	.5538911	0	.2883297	.1577792
575.15	0	.5538483	0	.288238	.1579137
574.15	0	.5538057	0	.2881467	.1580476
573.15	0	.5537633	0	.2880559	.1581808
572.15	0	.5537211	0	.2879655	.1583134
571.15	0	.5536792	0	.2878755	.1584453
570.15	0	.5536375	0	.2877859	.1585766
569.15	0	.553596	0	.2876968	.1587072
568.15	0	.5535548	0	.2876081	.1588371
567.15	0	.5535138	0	.2875198	.1589664
566.15	0	.553473	0	.2874319	.1590951
565.15	0	.5534324	0	.2873445	.1592231
564.15	0	.5533921	0	.2872575	.1593505
563.15	0	.553352	0	.2871709	.1594772
562.15	0	.5533121	0	.2870847	.1596033
561.15	0	.5532724	0	.2869989	.1597287
560.15	0	.5532329	0	.2869136	.1598535
559.15	0	.5531937	0	.2868286	.1599777
558.15	0	.5531547	0	.2867441	.1601012
557.15	0	.5531159	0	.28666	.1602241
556.15	0	.5530773	0	.2865763	.1603464
555.15	0	.553039	0	.286493	.160468
554.15	0	.5530008	0	.2864101	.1605891
553.15	0	.5529629	0	.2863276	.1607095
552.15	0	.5529252	0	.2862456	.1608292
551.15	0	.5528877	0	.2861639	.1609484
550.15	0	.5528505	0	.2860826	.1610669
549.15	0	.5528134	0	.2860018	.1611848
548.15	0	.5527765	0	.2859213	.1613022
547.15	0	.5527399	0	.2858413	.1614188
546.15	0	.5527035	0	.2857616	.1615349
545.15	0	.5526673	0	.2856824	.1616504
544.15	0	.5526312	0	.2856035	.1617653
543.15	0	.5525954	0	.285525	.1618795
542.15	0	.5525599	0	.2854469	.1619932
541.15	0	.5525245	0	.2853693	.1621063
540.15	0	.5524893	0	.285292	.1622187
539.15	0	.5524543	0	.2852151	.1623306
538.15	0	.5524196	0	.2851386	.1624419
537.15	0	.552385	0	.2850624	.1625526
536.15	0	.5523506	0	.2849867	.1626627
535.15	0	.5523165	0	.2849113	.1627722
534.15	0	.5522825	0	.2848364	.1628811
533.15	0	.5522488	0	.2847618	.1629895
532.15	0	.5522152	0	.2846876	.1630972
531.15	0	.5521819	0	.2846137	.1632044
530.15	0	.5521487	0	.2845403	.163311
529.15	0	.5521157	0	.2844672	.1634171
528.15	0	.552083	0	.2843945	.1635225
527.15	0	.5520504	0	.2843222	.1636274
526.15	0	.552018	0	.2842502	.1637318
525.15	0	.5519859	0	.2841786	.1638355
524.15	0	.5519539	0	.2841074	.1639387
523.15	0	.5519221	0	.2840365	.1640414
522.15	0	.5518905	0	.2839661	.1641434
521.15	0	.5518591	0	.283896	.164245
520.15	0	.5518279	0	.2838262	.1643459
519.15	0	.5517968	0	.2837568	.1644464
518.15	0	.551766	0	.2836878	.1645462
517.15	0	.5517354	0	.2836191	.1646456
516.15	0	.5517049	0	.2835508	.1647443
515.15	0	.5516746	0	.2834828	.1648426
514.15	0	.5516445	0	.2834152	.1649403
513.15	0	.5516146	0	.283348	.1650374
512.15	0	.5515849	0	.283281	.1651341
511.15	0	.5515554	0	.2832145	.1652301
510.15	0	.551526	0	.2831483	.1653257
509.15	0	.5514968	0	.2830824	.1654207
508.15	0	.5514678	0	.2830169	.1655152
507.15	0	.551439	0	.2829518	.1656092
506.15	0	.5514104	0	.2828869	.1657027
505.15	0	.5513819	0	.2828225	.1657956
504.15	0	.5513536	0	.2827583	.1658881
503.15	0	.5513255	0	.2826945	.16598
502.15	0	.5512976	0	.282631	.1660714
501.15	0	.5512698	0	.2825679	.1661623
500.15	0	.5512423	0	.2825051	.1662527
499.15	0	.5512148	0	.2824426	.1663426
498.15	0	.5511876	0	.2823805	.1664319
497.15	0	.5511605	0	.2823186	.1665208
496.15	0	.5511336	0	.2822571	.1666092
495.15	0	.5511069	0	.282196	.1666971
494.15	0	.5510803	0	.2821351	.1667845
493.15	0	.551054	0	.2820746	.1668715
492.15	0	.5510277	0	.2820144	.1669579
491.15	0	.5510017	0	.2819545	.1670438
490.15	0	.5509758	0	.2818949	.1671293
489.15	0	.55095	0	.2818357	.1672143
488.15	0	.5509245	0	.2817767	.1672988
487.15	0	.5508991	0	.2817181	.1673828
486.15	0	.5508738	0	.2816598	.1674664
485.15	0	.5508487	0	.2816018	.1675495
484.15	0	.5508238	0	.2815441	.1676322
483.15	0	.550799	0	.2814866	.1677143
482.15	0	.5507744	0	.2814295	.1677961
481.15	0	.55075	0	.2813727	.1678773
480.15	0	.5507256	0	.2813162	.1679581
479.15	0	.5507015	0	.28126	.1680385
478.15	0	.5506775	0	.2812041	.1681184
477.15	0	.5506537	0	.2811485	.1681978
476.15	0	.55063	0	.2810932	.1682768
475.15	0	.5506064	0	.2810381	.1683554
474.15	0	.5505831	0	.2809834	.1684336
473.15	0	.5505598	0	.2809289	.1685112
472.15	0	.5505367	0	.2808748	.1685885
471.15	0	.5505138	0	.2808209	.1686653
470.15	0	.550491	0	.2807673	.1687417
469.15	0	.5504683	0	.2807139	.1688177
468.15	0	.5504458	0	.2806609	.1688933
467.15	0	.5504235	0	.2806081	.1689684
466.15	0	.5504013	0	.2805556	.1690431
465.15	0	.5503792	0	.2805034	.1691174
464.15	0	.5503573	0	.2804514	.1691913
463.15	0	.5503355	0	.2803997	.1692648
462.15	0	.5503138	0	.2803483	.1693379
461.15	0	.5502923	0	.2802971	.1694106
460.15	0	.5502709	0	.2802462	.1694828
459.15	0	.5502497	0	.2801956	.1695547
458.15	0	.5502286	0	.2801453	.1696262
457.15	0	.5502076	0	.2800951	.1696973
456.15	0	.5501867	0	.2800453	.169768
455.15	0	.550166	0	.2799957	.1698383
454.15	0	.5501455	0	.2799463	.1699082
453.15	0	.550125	0	.2798972	.1699778
452.15	0	.5501047	0	.2798484	.170047
451.15	0	.5500845	0	.2797998	.1701158
450.15	0	.5500644	0	.2797514	.1701842
449.15	0	.5500445	0	.2797033	.1702522
448.15	0	.5500247	0	.2796554	.1703199
447.15	0	.550005	0	.2796078	.1703872
446.15	0	.5499855	0	.2795604	.1704541
445.15	0	.549966	0	.2795133	.1705207
444.15	0	.5499467	0	.2794663	.1705869
443.15	0	.5499275	0	.2794197	.1706528
442.15	0	.5499085	0	.2793732	.1707183
441.15	0	.5498895	0	.279327	.1707835
440.15	0	.5498707	0	.279281	.1708483
439.15	0	.549852	0	.2792353	.1709127
438.15	0	.5498334	0	.2791898	.1709768
437.15	0	.549815	0	.2791444	.1710406
