T	 BPW(LIQUID)	BPW(BCC_A2)	BPW(FCC_A1)	BPW(LAVES_PHASE_C14)	BPW(NI3TI)
1473.15	.4875342	.5124658	0	0	0
1472.15	.4838555	.5161445	0	0	0
1471.15	.4802011	.5197989	0	0	0
1470.15	.4765708	.5234292	0	0	0
1469.15	.4729646	.5270354	0	0	0
1468.15	.4693823	.5306178	0	0	0
1467.15	.4658236	.5341764	0	0	0
1466.15	.4622885	.5377115	0	0	0
1465.15	.4587768	.5412232	0	0	0
1464.15	.4552884	.5447116	0	0	0
1463.15	.451823	.548177	0	0	0
1462.15	.4483807	.5516193	0	0	0
1461.15	.4449611	.5550389	0	0	0
1460.15	.4415643	.5584357	0	0	0
1459.15	.43819	.56181	0	0	0
1458.15	.4348381	.5651619	0	0	0
1457.15	.4315084	.5684916	0	0	0
1456.15	.4282009	.5717991	0	0	0
1455.15	.4249153	.5750847	0	0	0
1454.15	.4216516	.5783484	0	0	0
1453.15	.4184096	.5815904	0	0	0
1452.15	.4151891	.5848109	0	0	0
1451.15	.41199	.58801	0	0	0
1450.15	.4088123	.5911877	0	0	0
1449.15	.4056557	.5943443	0	0	0
1448.62	.4039926	.5960074	0	0	0
1448.62	.4039926	.5960074	0	0	0
1448.62	.4039926	.5960074	0	0	0
1448.15	.401412	.5976797	0	9.083056E-04	0
1447.15	.3959875	.6011916	0	.002820899	0
1446.15	.3906444	.6046462	0	.004709332	0
1445.15	.3853809	.6080449	0	.006574158	0
1444.15	.3801952	.6113889	0	.008415915	0
1443.15	.3750855	.6146794	0	.01023512	0
1442.15	.3700502	.6179175	0	.01203229	0
1441.15	.3650877	.6211044	0	.01380791	0
1440.15	.3601964	.6242412	0	.01556245	0
1439.15	.3553748	.6273288	0	.01729639	0
1438.15	.3506213	.6303685	0	.01901018	0
1437.15	.3459347	.6333611	0	.02070424	0
1436.15	.3413133	.6363077	0	.02237902	0
1435.15	.3367559	.6392092	0	.02403492	0
1434.15	.3322612	.6420665	0	.02567234	0
1433.15	.3278277	.6448806	0	.02729168	0
1432.15	.3234544	.6476523	0	.02889332	0
1431.15	.3191399	.6503825	0	.03047763	0
1430.15	.314883	.653072	0	.03204497	0
1429.15	.3106826	.6557217	0	.03359569	0
1428.15	.3065376	.6583323	0	.03513014	0
1427.15	.3024468	.6609046	0	.03664864	0
1426.15	.2984091	.6634393	0	.03815153	0
1425.15	.2944236	.6659373	0	.03963911	0
1424.15	.2904891	.6683992	0	.04111169	0
1423.15	.2866048	.6708257	0	.04256957	0
1422.15	.2827695	.6732175	0	.04401305	0
1421.15	.2789824	.6755752	0	.04544241	0
1420.15	.2752426	.6778995	0	.04685793	0
1419.15	.271549	.6801911	0	.04825987	0
1418.15	.267901	.6824505	0	.0496485	0
1417.15	.2642975	.6846784	0	.05102407	0
1416.15	.2607378	.6868753	0	.05238684	0
1415.15	.2572211	.6890419	0	.05373705	0
1414.15	.2537464	.6911786	0	.05507493	0
1413.15	.2503132	.6932861	0	.05640073	0
1412.15	.2469205	.6953648	0	.05771466	0
1411.15	.2435678	.6974153	0	.05901695	0
1410.15	.2402541	.6994381	0	.06030781	0
1409.15	.2369789	.7014337	0	.06158746	0
1408.15	.2337414	.7034025	0	.06285609	0
1407.15	.2305409	.7053452	0	.06411392	0
1406.15	.2273769	.707262	0	.06536112	0
1405.15	.2242486	.7091535	0	.06659791	0
1404.15	.2211554	.7110201	0	.06782446	0
1403.15	.2180968	.7128623	0	.06904095	0
1402.15	.215072	.7146804	0	.07024757	0
1401.15	.2120806	.716475	0	.07144449	0
1400.15	.2091218	.7182463	0	.07263187	0
1399.15	.2061953	.7199948	0	.07380989	0
1398.15	.2033003	.721721	0	.07497871	0
1397.15	.2004365	.723425	0	.07613848	0
1396.15	.1976032	.7251074	0	.07728937	0
1395.15	.1947999	.7267686	0	.07843151	0
1394.15	.1920262	.7284087	0	.07956507	0
1393.15	.1892815	.7300283	0	.08069019	0
1392.15	.1865654	.7316276	0	.081807	0
1391.15	.1838773	.733207	0	.08291565	0
1390.15	.1812169	.7347669	0	.08401627	0
1389.15	.1785836	.7363074	0	.085109	0
1388.15	.1759771	.737829	0	.08619397	0
1387.15	.1733968	.7393319	0	.08727129	0
1386.15	.1708424	.7408165	0	.08834111	0
1385.15	.1683134	.7422831	0	.08940353	0
1384.15	.1658095	.7437318	0	.09045868	0
1383.15	.1633302	.7451631	0	.09150668	0
1382.15	.1608751	.7465772	0	.09254764	0
1381.15	.1584439	.7479744	0	.09358166	0
1380.15	.1560362	.7493549	0	.09460887	0
1379.15	.1536516	.750719	0	.09562937	0
1378.15	.1512898	.752067	0	.09664326	0
1377.15	.1489503	.753399	0	.09765064	0
1376.15	.1466329	.7547154	0	.09865163	0
1375.15	.1443373	.7560164	0	.0996463	0
1374.15	.1420629	.7573023	0	.1006348	0
1373.15	.1398097	.7585732	0	.1016171	0
1372.15	.1375772	.7598294	0	.1025935	0
1371.15	.135365	.7610711	0	.1035639	0
1370.15	.133173	.7622985	0	.1045284	0
1369.15	.1310008	.7635119	0	.1054873	0
1368.15	.1288481	.7647115	0	.1064404	0
1367.15	.1267146	.7658974	0	.107388	0
1366.15	.1246001	.7670699	0	.10833	0
1365.15	.1225042	.7682292	0	.1092667	0
1364.15	.1204266	.7693754	0	.110198	0
1363.15	.1183672	.7705088	0	.111124	0
1362.15	.1163256	.7716295	0	.1120449	0
1361.15	.1143016	.7727378	0	.1129606	0
1360.15	.1122949	.7738338	0	.1138713	0
1359.15	.1103053	.7749177	0	.1147771	0
1358.15	.1083325	.7759897	0	.1156779	0
1357.15	.1063762	.7770499	0	.1165739	0
1356.15	.1044364	.7780985	0	.1174652	0
1355.15	.1025126	.7791357	0	.1183517	0
1354.15	.1006048	.7801616	0	.1192337	0
1353.15	.09871254	.7811764	0	.120111	0
1352.15	.09683577	.7821803	0	.1209839	0
1351.15	.09497423	.7831734	0	.1218524	0
1350.15	.09312769	.7841559	0	.1227164	0
1349.15	.09129596	.7851279	0	.1235761	0
1348.15	.08947882	.7860895	0	.1244316	0
1347.15	.08767607	.787041	0	.1252829	0
1346.15	.08588751	.7879824	0	.1261301	0
1345.15	.08411296	.7889139	0	.1269731	0
1344.15	.08235221	.7898357	0	.1278121	0
1343.15	.08060507	.7907478	0	.1286472	0
1342.15	.07887138	.7916504	0	.1294783	0
1341.15	.07715093	.7925436	0	.1303055	0
1340.15	.07544355	.7934276	0	.1311289	0
1339.15	.07374907	.7943024	0	.1319485	0
1338.15	.07206731	.7951683	0	.1327644	0
1337.15	.0703981	.7960253	0	.1335767	0
1336.15	.06874128	.7968735	0	.1343852	0
1335.15	.06709668	.7977131	0	.1351902	0
1334.15	.06546413	.7985442	0	.1359917	0
1333.15	.06384349	.7993668	0	.1367897	0
1332.15	.06223458	.8001812	0	.1375842	0
1331.15	.06063726	.8009874	0	.1383753	0
1330.15	.05905138	.8017856	0	.1391631	0
1329.15	.05747678	.8025757	0	.1399475	0
1328.15	.05591332	.803358	0	.1407286	0
1327.15	.05436086	.8041326	0	.1415065	0
1326.15	.05281925	.8048995	0	.1422812	0
1325.15	.05128836	.8056589	0	.1430528	0
1324.15	.04976803	.8064108	0	.1438212	0
1323.15	.04825815	.8071553	0	.1445865	0
1322.15	.04675857	.8078926	0	.1453488	0
1321.15	.04526917	.8086227	0	.1461081	0
1320.15	.04378981	.8093458	0	.1468644	0
1319.15	.04232037	.8100618	0	.1476178	0
1318.15	.04086073	.810771	0	.1483683	0
1317.15	.03941075	.8114734	0	.1491158	0
1316.15	.03797032	.8121691	0	.1498606	0
1315.15	.03653931	.8128581	0	.1506026	0
1314.15	.03511762	.8135406	0	.1513418	0
1313.15	.03370512	.8142167	0	.1520782	0
1312.15	.03230169	.8148863	0	.152812	0
1311.15	.03090724	.8155497	0	.153543	0
1310.15	.02952164	.8162069	0	.1542715	0
1309.15	.02814478	.8168579	0	.1549973	0
1308.15	.02677656	.8175029	0	.1557205	0
1307.15	.02541688	.8181419	0	.1564412	0
1306.15	.02406562	.818775	0	.1571594	0
1305.15	.02272269	.8194022	0	.1578751	0
1304.15	.02138798	.8200237	0	.1585883	0
1303.15	.02006139	.8206396	0	.159299	0
1302.15	.01874283	.8212498	0	.1600074	0
1301.15	.01743219	.8218544	0	.1607134	0
1300.15	.01612938	.8224536	0	.161417	0
1299.15	.0148313	.82305	0	.1621187	0
1299.15	.0148313	.82305	0	.1621187	0
1299.15	.0148313	.82305	0	.1621187	0
1299.15	.014831	.8230499	3.52167E-07	.1621187	0
1298.15	.007453042	.8203846	.008753052	.1634093	0
1297.15	8.277741E-05	.8177787	.01745102	.1646875	0
1297.139	0	.8177497	.01754845	.1647018	0
1297.139	0	.8177497	.01754845	.1647018	0
1296.15	0	.8163062	.018499	.1651948	0
1295.15	0	.8148503	.01945766	.1656921	0
1294.15	0	.8133984	.02041364	.1661879	0
1293.15	0	.8119507	.02136694	.1666824	0
1292.15	0	.8105069	.02231755	.1671755	0
1291.15	0	.8090673	.0232655	.1676673	0
1290.15	0	.8076316	.02421078	.1681576	0
1289.15	0	.8061999	.02515339	.1686467	0
1288.15	0	.8047723	.02609336	.1691344	0
1287.15	0	.8033486	.02703068	.1696207	0
1286.15	0	.8019289	.02796535	.1701057	0
1285.15	0	.8005132	.02889739	.1705894	0
1284.15	0	.7991015	.0298268	.1710717	0
1283.15	0	.7976936	.03075358	.1715528	0
1282.15	0	.7962898	.03167775	.1720325	0
1281.15	0	.7948898	.0325993	.1725109	0
1280.15	0	.7934938	.03351824	.172988	0
1279.15	0	.7921016	.03443458	.1734638	0
1278.15	0	.7907134	.03534832	.1739383	0
1277.15	0	.789329	.03625947	.1744115	0
1276.15	0	.7879485	.03716803	.1748835	0
1275.15	0	.7865719	.03807401	.1753541	0
1274.15	0	.7851991	.03897742	.1758235	0
1273.15	0	.7838302	.03987826	.1762916	0
1272.15	0	.7824651	.04077653	.1767584	0
1271.15	0	.7811038	.04167224	.177224	0
1270.15	0	.7797463	.04256539	.1776883	0
1269.15	0	.7783926	.04345599	.1781514	0
1268.15	0	.7770428	.04434405	.1786132	0
1267.15	0	.7756966	.04522957	.1790738	0
1266.15	0	.7743543	.04611256	.1795331	0
1265.15	0	.7730158	.04699301	.1799912	0
1264.15	0	.7716809	.04787094	.1804481	0
1263.15	0	.7703499	.04874635	.1809038	0
1262.15	0	.7690225	.04961924	.1813582	0
1261.15	0	.7676989	.05048962	.1818115	0
1260.15	0	.766379	.0513575	.1822635	0
1259.15	0	.7650628	.05222287	.1827143	0
1258.15	0	.7637503	.05308575	.1831639	0
1257.15	0	.7624415	.05394613	.1836124	0
1256.15	0	.7611364	.05480403	.1840596	0
1255.15	0	.7598349	.05565944	.1845056	0
1254.15	0	.7585371	.05651237	.1849505	0
1253.15	0	.757243	.05736283	.1853942	0
1252.15	0	.7559525	.05821083	.1858367	0
1251.15	0	.7546656	.05905635	.186278	0
1250.15	0	.7533824	.05989941	.1867182	0
1249.15	0	.7521027	.06074002	.1871572	0
1248.15	0	.7508267	.06157817	.1875951	0
1247.15	0	.7495543	.06241388	.1880318	0
1246.15	0	.7482855	.06324714	.1884674	0
1245.15	0	.7470202	.06407796	.1889018	0
1244.15	0	.7457586	.06490634	.1893351	0
1243.15	0	.7445004	.0657323	.1897673	0
1242.15	0	.7432459	.06655582	.1901983	0
1241.15	0	.7419949	.06737692	.1906282	0
1240.15	0	.7407475	.0681956	.1910569	0
1239.15	0	.7395035	.06901186	.1914846	0
1238.15	0	.7382632	.06982572	.1919111	0
1237.15	0	.7370263	.07063716	.1923366	0
1236.15	0	.7357929	.0714462	.1927609	0
1235.15	0	.7345631	.07225284	.1931841	0
1234.15	0	.7333367	.07305708	.1936062	0
1233.15	0	.7321138	.07385892	.1940273	0
1232.15	0	.7308944	.07465838	.1944472	0
1231.15	0	.7296785	.07545545	.1948661	0
1230.15	0	.728466	.07625014	.1952838	0
1229.15	0	.727257	.07704245	.1957005	0
1228.15	0	.7260515	.07783238	.1961161	0
1227.15	0	.7248494	.07861994	.1965307	0
1226.15	0	.7236507	.07940513	.1969442	0
1225.15	0	.7224555	.08018796	.1973566	0
1224.15	0	.7212636	.08096842	.1977679	0
1223.15	0	.7200752	.08174653	.1981782	0
1222.15	0	.7188902	.08252228	.1985875	0
1221.15	0	.7177086	.08329567	.1989957	0
1220.15	0	.7165304	.08406672	.1994029	0
1219.15	0	.7153556	.08483543	.199809	0
1218.15	0	.7141842	.08560179	.2002141	0
1217.15	0	.7130161	.08636581	.2006181	0
1216.15	0	.7118514	.08712749	.2010211	0
1215.15	0	.7106901	.08788684	.2014231	0
1214.15	0	.7095321	.08864386	.2018241	0
1213.15	0	.7083774	.08939856	.202224	0
1212.15	0	.7072261	.09015093	.202623	0
1211.15	0	.7060782	.09090097	.2030209	0
1210.15	0	.7049335	.0916487	.2034178	0
1209.15	0	.7037922	.09239411	.2038137	0
1208.15	0	.7026542	.09313721	.2042086	0
1207.15	0	.7015195	.093878	.2046025	0
1206.15	0	.7003881	.09461648	.2049954	0
1205.15	0	.69926	.09535266	.2053873	0
1204.15	0	.6981352	.09608653	.2057783	0
1203.15	0	.6970137	.0968181	.2061682	0
1202.15	0	.6958954	.09754738	.2065572	0
1201.15	0	.6947805	.09827436	.2069452	0
1200.15	0	.6936688	.09899905	.2073322	0
1199.15	0	.6925603	.09972146	.2077182	0
1198.15	0	.6914552	.1004416	.2081033	0
1197.15	0	.6903532	.1011594	.2084874	0
1196.15	0	.6892545	.1018749	.2088705	0
1195.15	0	.6881591	.1025882	.2092527	0
1194.15	0	.6870669	.1032992	.209634	0
1193.15	0	.6859779	.1040079	.2100142	0
1192.15	0	.6848921	.1047144	.2103936	0
1191.15	0	.6838095	.1054185	.2107719	0
1190.15	0	.6827302	.1061204	.2111494	0
1189.15	0	.6816541	.1068201	.2115259	0
1188.15	0	.6805811	.1075174	.2119014	0
1187.15	0	.6795114	.1082125	.2122761	0
1186.15	0	.6784449	.1089054	.2126498	0
1185.15	0	.6773815	.109596	.2130225	0
1184.15	0	.6763213	.1102843	.2133944	0
1183.15	0	.6752643	.1109704	.2137653	0
1182.15	0	.6742105	.1116542	.2141353	0
1181.15	0	.6731598	.1123358	.2145044	0
1180.15	0	.6721123	.1130151	.2148726	0
1179.15	0	.671068	.1136922	.2152398	0
1178.15	0	.6700268	.114367	.2156062	0
1177.15	0	.6689888	.1150396	.2159716	0
1176.15	0	.6679539	.11571	.2163362	0
1175.15	0	.6669221	.1163781	.2166998	0
1174.15	0	.6658935	.1170439	.2170626	0
1173.15	0	.664868	.1177076	.2174245	0
1172.15	0	.6638456	.118369	.2177854	0
1171.15	0	.6628264	.1190281	.2181455	0
1170.15	0	.6618102	.1196851	.2185047	0
1169.15	0	.6607972	.1203398	.218863	0
1168.15	0	.6597873	.1209922	.2192205	0
1167.15	0	.6587805	.1216425	.219577	0
1166.15	0	.6577768	.1222905	.2199327	0
1165.15	0	.6567762	.1229363	.2202876	0
1164.15	0	.6557786	.1235799	.2206415	0
1163.15	0	.6547842	.1242212	.2209946	0
1162.15	0	.6537929	.1248603	.2213468	0
1161.15	0	.6528046	.1254972	.2216982	0
1160.15	0	.6518194	.1261319	.2220487	0
1159.15	0	.6508373	.1267644	.2223983	0
1158.15	0	.6498582	.1273947	.2227471	0
1157.15	0	.6488823	.1280227	.223095	0
1156.15	0	.6479093	.1286485	.2234421	0
1155.15	0	.6469395	.1292721	.2237884	0
1154.15	0	.6459726	.1298936	.2241338	0
1153.15	0	.6450089	.1305128	.2244784	0
1152.15	0	.6440482	.1311297	.2248221	0
1151.15	0	.6430905	.1317445	.225165	0
1150.15	0	.6421359	.1323571	.2255071	0
1149.15	0	.6411843	.1329674	.2258483	0
1148.15	0	.6402358	.1335756	.2261887	0
1147.15	0	.6392903	.1341815	.2265283	0
1146.15	0	.6383478	.1347853	.226867	0
1145.15	0	.6374083	.1353868	.2272049	0
1144.15	0	.6364719	.1359861	.227542	0
1143.15	0	.6355384	.1365832	.2278783	0
1142.15	0	.634608	.1371782	.2282138	0
1141.15	0	.6336806	.1377709	.2285485	0
1140.15	0	.6327563	.1383614	.2288823	0
1139.15	0	.6318349	.1389498	.2292154	0
1138.15	0	.6309165	.1395359	.2295476	0
1137.15	0	.6300012	.1401198	.229879	0
1136.15	0	.6290888	.1407015	.2302097	0
1135.15	0	.6281794	.1412811	.2305395	0
1134.15	0	.627273	.1418584	.2308686	0
1133.15	0	.6263697	.1424335	.2311968	0
1132.15	0	.6254693	.1430065	.2315243	0
1131.15	0	.6245719	.1435772	.2318509	0
1130.15	0	.6236775	.1441458	.2321768	0
1129.15	0	.622786	.1447121	.2325019	0
1128.15	0	.6218976	.1452762	.2328262	0
1127.15	0	.6210121	.1458382	.2331497	0
1126.15	0	.6201296	.146398	.2334725	0
1125.15	0	.61925	.1469556	.2337944	0
1124.15	0	.6183735	.1475109	.2341156	0
1123.15	0	.6174999	.1480641	.234436	0
1122.15	0	.6166293	.1486151	.2347557	0
1121.15	0	.6157616	.1491639	.2350745	0
1120.15	0	.6148969	.1497105	.2353927	0
1119.15	0	.6140352	.1502549	.23571	0
1118.15	0	.6131764	.1507971	.2360266	0
1117.15	0	.6123206	.1513371	.2363424	0
1116.15	0	.6114677	.1518749	.2366574	0
1115.15	0	.6106178	.1524105	.2369717	0
1114.15	0	.6097708	.1529439	.2372852	0
1113.15	0	.6089268	.1534752	.237598	0
1112.15	0	.6080858	.1540042	.23791	0
1111.15	0	.6072477	.154531	.2382213	0
1110.15	0	.6064125	.1550557	.2385318	0
1109.15	0	.6055803	.1555781	.2388416	0
1108.15	0	.604751	.1560984	.2391506	0
1107.15	0	.6039247	.1566164	.2394589	0
1106.15	0	.6031013	.1571323	.2397664	0
1105.15	0	.6022808	.157646	.2400733	0
1104.15	0	.6014633	.1581574	.2403793	0
1103.15	0	.6006487	.1586667	.2406846	0
1102.15	0	.5998371	.1591737	.2409892	0
1101.15	0	.5990284	.1596786	.2412931	0
1100.15	0	.5982226	.1601813	.2415962	0
1099.15	0	.5974197	.1606817	.2418985	0
1098.15	0	.5966198	.16118	.2422002	0
1097.15	0	.5958228	.1616761	.2425011	0
1096.15	0	.5950288	.1621699	.2428013	0
1095.15	0	.5942377	.1626616	.2431008	0
1094.15	0	.5934494	.163151	.2433995	0
1093.15	0	.5926642	.1636383	.2436976	0
1092.15	0	.5918818	.1641233	.2439949	0
1091.15	0	.5911024	.1646062	.2442914	0
1090.15	0	.5903259	.1650868	.2445873	0
1089.15	0	.5895524	.1655652	.2448824	0
1088.15	0	.5887817	.1660414	.2451769	0
1087.15	0	.588014	.1665154	.2454706	0
1086.15	0	.5872492	.1669872	.2457636	0
1085.15	0	.5864873	.1674568	.2460559	0
1084.15	0	.5857284	.1679242	.2463475	0
1083.15	0	.5849723	.1683894	.2466383	0
1082.15	0	.5842192	.1688523	.2469285	0
1081.15	0	.583469	.1693131	.2472179	0
1080.15	0	.5827217	.1697716	.2475067	0
1079.15	0	.5819774	.1702279	.2477947	0
1078.15	0	.581236	.170682	.2480821	0
1077.15	0	.5804974	.1711339	.2483687	0
1076.15	0	.5797619	.1715835	.2486546	0
1075.15	0	.5790292	.172031	.2489399	0
1074.15	0	.5782994	.1724762	.2492244	0
1073.15	0	.5775726	.1729192	.2495083	0
1072.15	0	.5768487	.1733599	.2497914	0
1071.15	0	.5761277	.1737985	.2500738	0
1070.15	0	.5754096	.1742348	.2503556	0
1069.15	0	.5746944	.1746689	.2506367	0
1068.15	0	.5739822	.1751008	.250917	0
1067.15	0	.5732729	.1755304	.2511967	0
1066.15	0	.5725665	.1759578	.2514757	0
1065.15	0	.571863	.176383	.251754	0
1064.15	0	.5711625	.176806	.2520316	0
1063.15	0	.5704648	.1772267	.2523085	0
1062.15	0	.5697701	.1776452	.2525847	0
1061.15	0	.5690783	.1780614	.2528603	0
1060.15	0	.5683895	.1784754	.2531351	0
1059.15	0	.5677035	.1788872	.2534093	0
1058.15	0	.5670205	.1792967	.2536828	0
1057.15	0	.5663404	.179704	.2539556	0
1056.15	0	.5656632	.1801091	.2542277	0
1055.15	0	.564989	.1805119	.2544992	0
1054.15	0	.5643176	.1809125	.2547699	0
1053.15	0	.5636492	.1813108	.25504	0
1052.15	0	.5629838	.1817069	.2553094	0
1051.15	0	.5623212	.1821007	.2555781	0
1050.15	0	.5616616	.1824923	.2558461	0
1049.15	0	.5610049	.1828816	.2561135	0
1048.15	0	.5603512	.1832687	.2563802	0
1047.15	0	.5597003	.1836535	.2566462	0
1046.15	0	.5590524	.1840361	.2569115	0
1045.15	0	.5584075	.1844164	.2571762	0
1044.15	0	.5577654	.1847944	.2574402	0
1043.15	0	.5571263	.1851702	.2577035	0
1042.15	0	.5564901	.1855438	.2579661	0
1041.15	0	.5558569	.185915	.2582281	0
1040.15	0	.5552266	.1862841	.2584893	0
1039.15	0	.5545992	.1866508	.25875	0
1038.15	0	.5539748	.1870153	.2590099	0
1037.15	0	.5533533	.1873775	.2592691	0
1036.15	0	.5527348	.1877375	.2595277	0
1035.15	0	.5521192	.1880952	.2597856	0
1034.15	0	.5515065	.1884506	.2600429	0
1033.15	0	.5508968	.1888038	.2602994	0
1032.15	0	.55029	.1891547	.2605554	0
1031.15	0	.5496862	.1895033	.2608106	0
1030.15	0	.5490853	.1898496	.2610651	0
1029.15	0	.5484873	.1901937	.261319	0
1028.15	0	.5478923	.1905355	.2615722	0
1027.15	0	.5473003	.190875	.2618247	0
1026.15	0	.5467112	.1912122	.2620766	0
1025.15	0	.546125	.1915472	.2623278	0
1024.15	0	.5455418	.1918799	.2625783	0
1023.15	0	.5449616	.1922103	.2628282	0
1022.15	0	.5443843	.1925384	.2630774	0
1021.15	0	.5438099	.1928642	.2633259	0
1020.15	0	.5432385	.1931878	.2635737	0
1019.15	0	.5426701	.1935091	.2638208	0
1018.15	0	.5421046	.1938281	.2640673	0
1017.15	0	.5415421	.1941448	.2643131	0
1016.15	0	.5409825	.1944592	.2645583	0
1015.15	0	.5404259	.1947714	.2648027	0
1014.15	0	.5398723	.1950812	.2650465	0
1013.15	0	.5393216	.1953888	.2652896	0
1012.15	0	.5387739	.1956941	.265532	0
1011.15	0	.5382292	.195997	.2657738	0
1010.15	0	.5376874	.1962978	.2660149	0
1009.15	0	.5371486	.1965962	.2662553	0
1008.15	0	.5366127	.1968923	.266495	0
1007.15	0	.5360798	.1971861	.2667341	0
1006.15	0	.5355499	.1974777	.2669724	0
1005.15	0	.5350229	.197767	.2672101	0
1004.15	0	.5344989	.198054	.2674471	0
1003.15	0	.5339779	.1983386	.2676834	0
1002.15	0	.5334599	.198621	.2679191	0
1001.15	0	.5329448	.1989012	.268154	0
1000.15	0	.5324327	.199179	.2683883	0
999.15	0	.5319236	.1994545	.2686219	0
998.15	0	.5314174	.1997278	.2688548	0
997.15	0	.5309142	.1999988	.269087	0
996.15	0	.530414	.2002675	.2693186	0
995.15	0	.5299168	.2005339	.2695494	0
994.15	0	.5294225	.200798	.2697795	0
993.15	0	.5289312	.2010598	.270009	0
992.15	0	.5284429	.2013194	.2702378	0
991.15	0	.5279575	.2015766	.2704658	0
990.15	0	.5274751	.2018317	.2706932	0
989.15	0	.5269957	.2020844	.2709199	0
988.15	0	.5265193	.2023348	.2711459	0
987.15	0	.5260459	.202583	.2713711	0
986.15	0	.5255754	.2028289	.2715957	0
985.15	0	.5251079	.2030725	.2718196	0
984.15	0	.5246433	.2033139	.2720428	0
983.15	0	.5241818	.203553	.2722652	0
982.15	0	.5237232	.2037898	.272487	0
981.15	0	.5232675	.2040244	.2727081	0
980.15	0	.5228149	.2042568	.2729284	0
979.15	0	.5223652	.2044868	.273148	0
978.15	0	.5219184	.2047146	.2733669	0
977.15	0	.5214747	.2049402	.2735851	0
976.15	0	.5210339	.2051635	.2738026	0
975.15	0	.520596	.2053846	.2740194	0
974.15	0	.5201612	.2056034	.2742354	0
973.15	0	.5197293	.20582	.2744507	0
972.15	0	.5193003	.2060344	.2746653	0
971.15	0	.5188743	.2062466	.2748791	0
970.15	0	.5184512	.2064565	.2750923	0
969.15	0	.5180311	.2066642	.2753046	0
968.15	0	.517614	.2068697	.2755163	0
967.15	0	.5171998	.207073	.2757272	0
966.15	0	.5167885	.2072741	.2759374	0
965.15	0	.5163802	.207473	.2761468	0
964.15	0	.5159748	.2076697	.2763555	0
963.15	0	.5155724	.2078642	.2765634	0
962.15	0	.5151729	.2080565	.2767706	0
961.15	0	.5147763	.2082467	.276977	0
960.15	0	.5143826	.2084347	.2771827	0
959.15	0	.5139918	.2086206	.2773876	0
958.15	0	.513604	.2088042	.2775918	0
957.15	0	.5132191	.2089858	.2777951	0
956.15	0	.5128371	.2091652	.2779978	0
955.15	0	.5124579	.2093425	.2781996	0
954.15	0	.5120817	.2095176	.2784006	0
953.15	0	.5117084	.2096907	.2786009	0
952.15	0	.5113379	.2098617	.2788004	0
951.15	0	.5109704	.2100305	.2789991	0
950.15	0	.5106057	.2101973	.279197	0
949.15	0	.5102438	.210362	.2793942	0
948.15	0	.5098849	.2105246	.2795905	0
947.15	0	.5095288	.2106853	.279786	0
946.15	0	.5091755	.2108438	.2799807	0
945.15	0	.5088251	.2110003	.2801746	0
944.15	0	.5084774	.2111548	.2803677	0
943.15	0	.5081327	.2113073	.28056	0
942.15	0	.5077907	.2114579	.2807514	0
941.15	0	.5074516	.2116064	.2809421	0
940.15	0	.5071152	.2117529	.2811319	0
939.15	0	.5067816	.2118976	.2813208	0
938.15	0	.5064508	.2120403	.2815089	0
937.15	0	.5061228	.212181	.2816962	0
936.15	0	.5057975	.2123199	.2818826	0
935.15	0	.505475	.2124568	.2820682	0
934.15	0	.5051552	.2125919	.2822529	0
933.15	0	.5048381	.2127251	.2824368	0
932.15	0	.5045238	.2128565	.2826197	0
931.15	0	.5042121	.2129861	.2828018	0
930.15	0	.5039031	.2131138	.2829831	0
929.15	0	.5035968	.2132398	.2831634	0
928.15	0	.5032932	.213364	.2833428	0
927.15	0	.5029922	.2134865	.2835214	0
926.15	0	.5026938	.2136072	.283699	0
925.15	0	.5023981	.2137262	.2838757	0
924.15	0	.5021049	.2138435	.2840515	0
923.15	0	.5018143	.2139592	.2842264	0
922.15	0	.5015263	.2140733	.2844004	0
921.15	0	.5012409	.2141857	.2845734	0
920.15	0	.5009579	.2142965	.2847455	0
919.15	0	.5006775	.2144058	.2849166	0
918.15	0	.5003996	.2145135	.2850868	0
917.15	0	.5001242	.2146198	.2852561	0
916.15	0	.4998512	.2147245	.2854243	0
915.15	0	.4995807	.2148278	.2855916	0
914.15	0	.4993125	.2149296	.2857579	0
913.15	0	.4990468	.2150301	.2859232	0
912.15	0	.4987834	.2151291	.2860875	0
911.15	0	.4985224	.2152269	.2862508	0
910.15	0	.4982637	.2153233	.2864131	0
909.15	0	.4980072	.2154184	.2865743	0
908.15	0	.4977531	.2155124	.2867345	0
907.15	0	.4975012	.2156051	.2868937	0
906.15	0	.4972515	.2156966	.2870519	0
905.15	0	.4970041	.215787	.287209	0
904.15	0	.4967587	.2158763	.287365	0
903.15	0	.4965156	.2159646	.2875199	0
902.15	0	.4962745	.2160518	.2876738	0
901.15	0	.4960355	.216138	.2878265	0
900.15	0	.4957985	.2162233	.2879781	0
899.15	0	.4955636	.2163078	.2881287	0
898.15	0	.4953306	.2163913	.2882781	0
897.15	0	.4950996	.2164741	.2884264	0
896.15	0	.4948704	.2165561	.2885735	0
895.15	0	.4946432	.2166374	.2887195	0
894.15	0	.4944178	.216718	.2888643	0
893.15	0	.4941941	.216798	.2890079	0
892.15	0	.4939723	.2168774	.2891503	0
891.15	0	.4937521	.2169564	.2892915	0
890.15	0	.4935336	.2170349	.2894315	0
889.15	0	.4933168	.2171129	.2895703	0
888.15	0	.4931015	.2171907	.2897078	0
887.15	0	.4928878	.2172681	.2898441	0
886.15	0	.4926756	.2173453	.2899791	0
885.15	0	.4924648	.2174224	.2901128	0
884.15	0	.4922554	.2174993	.2902452	0
883.15	0	.4920474	.2175763	.2903763	0
882.15	0	.4918407	.2176532	.2905061	0
881.15	0	.4916352	.2177303	.2906345	0
880.15	0	.4914309	.2178075	.2907616	0
879.15	0	.4912278	.2178849	.2908873	0
878.15	0	.4910257	.2179627	.2910116	0
877.15	0	.4908246	.2180409	.2911345	0
876.15	0	.4906245	.2181195	.291256	0
875.15	0	.4904253	.2181987	.291376	0
874.15	0	.4902269	.2182785	.2914946	0
873.15	0	.4900293	.218359	.2916117	0
872.15	0	.4898324	.2184403	.2917273	0
871.15	0	.4896361	.2185226	.2918413	0
870.15	0	.4894404	.2186058	.2919538	0
869.15	0	.4892451	.2186901	.2920648	0
868.15	0	.4890502	.2187756	.2921741	0
867.15	0	.4888557	.2188624	.2922819	0
866.15	0	.4886614	.2189506	.292388	0
865.15	0	.4884672	.2190403	.2924925	0
864.15	0	.4882732	.2191316	.2925952	0
863.15	0	.4880791	.2192246	.2926963	0
862.15	0	.4878848	.2193195	.2927956	0
861.15	0	.4876904	.2194164	.2928932	0
860.15	0	.4874957	.2195153	.292989	0
859.15	0	.4873005	.2196166	.2930829	0
858.15	0	.4871049	.2197201	.293175	0
857.15	0	.4869086	.2198262	.2932652	0
856.15	0	.4867116	.219935	.2933535	0
855.15	0	.4865137	.2200466	.2934398	0
854.15	0	.4863148	.2201611	.2935241	0
853.15	0	.4861148	.2202788	.2936064	0
852.15	0	.4859136	.2203998	.2936866	0
851.15	0	.485711	.2205243	.2937647	0
850.15	0	.4855069	.2206525	.2938406	0
849.15	0	.4853011	.2207846	.2939144	0
848.15	0	.4850935	.2209207	.2939858	0
847.15	0	.4848839	.2210611	.294055	0
846.15	0	.4846721	.2212061	.2941218	0
845.15	0	.484458	.2213558	.2941862	0
844.15	0	.4842413	.2215105	.2942482	0
843.15	0	.484022	.2216704	.2943076	0
842.15	0	.4837997	.2218359	.2943644	0
841.15	0	.4835743	.2220072	.2944186	0
840.15	0	.4833455	.2221846	.29447	0
839.15	0	.483113	.2223683	.2945186	0
838.15	0	.4828767	.2225589	.2945643	0
837.15	0	.4826363	.2227566	.2946071	0
836.15	0	.4823915	.2229618	.2946468	0
835.15	0	.4821419	.2231749	.2946833	0
834.15	0	.4818873	.2233962	.2947165	0
833.15	0	.4816273	.2236264	.2947463	0
832.15	0	.4813615	.2238659	.2947727	0
831.15	0	.4810895	.2241151	.2947954	0
830.15	0	.480811	.2243747	.2948144	0
829.15	0	.4805254	.2246452	.2948294	0
828.15	0	.4802323	.2249274	.2948403	0
827.15	0	.4799311	.2252218	.294847	0
826.15	0	.4796213	.2255294	.2948493	0
825.15	0	.4793022	.2258509	.2948469	0
824.15	0	.4789731	.2261872	.2948397	0
823.15	0	.4786333	.2265395	.2948273	0
822.15	0	.4782819	.2269086	.2948095	0
821.15	0	.477918	.227296	.294786	0
820.15	0	.4775406	.2277029	.2947565	0
819.15	0	.4771485	.2281309	.2947206	0
818.15	0	.4764986	.2288875	.2946139	0
817.15	0	.4756005	.2299627	.2944369	0
816.15	0	.4747742	.230952	.2942738	0
815.15	0	.4740113	.2318659	.2941228	0
814.15	0	.4733048	.2327128	.2939824	0
813.15	0	.4726489	.2334998	.2938513	0
812.15	0	.4720384	.234233	.2937285	0
811.15	0	.4714693	.2349176	.2936131	0
810.15	0	.4709377	.2355579	.2935044	0
809.15	0	.4704404	.236158	.2934016	0
808.15	0	.4699746	.2367211	.2933043	0
807.15	0	.4695377	.2372504	.2932119	0
806.15	0	.4691276	.2377484	.293124	0
805.15	0	.4687421	.2382177	.2930402	0
804.15	0	.4683795	.2386602	.2929602	0
803.15	0	.4680383	.239078	.2928837	0
802.15	0	.4677168	.2394728	.2928104	0
801.15	0	.4674137	.2398462	.2927401	0
800.15	0	.467128	.2401995	.2926725	0
799.15	0	.4668583	.2405342	.2926075	0
798.15	0	.4666038	.2408514	.2925448	0
797.15	0	.4663634	.2411522	.2924844	0
796.15	0	.4661363	.2414377	.292426	0
795.15	0	.4659217	.2417088	.2923695	0
794.15	0	.4657189	.2419663	.2923149	0
793.15	0	.4655271	.2422111	.2922619	0
792.15	0	.4653457	.2424438	.2922104	0
791.15	0	.4651742	.2426653	.2921605	0
790.15	0	.465012	.2428761	.292112	0
789.15	0	.4648585	.2430768	.2920647	0
788.15	0	.4647133	.2432681	.2920187	0
787.15	0	.4645759	.2434503	.2919738	0
786.15	0	.4644459	.2436241	.29193	0
785.15	0	.464323	.2437898	.2918873	0
784.15	0	.4642066	.2439479	.2918455	0
783.15	0	.4640966	.2440989	.2918046	0
782.15	0	.4639925	.244243	.2917646	0
781.15	0	.463894	.2443807	.2917254	0
780.15	0	.4638009	.2445122	.2916869	0
779.15	0	.4637128	.244638	.2916492	0
778.15	0	.4636296	.2447582	.2916122	0
777.15	0	.4635509	.2448733	.2915758	0
776.15	0	.4634766	.2449834	.29154	0
775.15	0	.4634064	.2450887	.2915049	0
774.15	0	.4633401	.2451897	.2914703	0
773.15	0	.4632775	.2452864	.2914362	0
772.15	0	.4632184	.245379	.2914026	0
771.15	0	.4631627	.2454679	.2913694	0
770.15	0	.4631101	.2455531	.2913368	0
769.15	0	.4630606	.2456349	.2913045	0
768.15	0	.4630164	.2457116	.2912721	0
767.15	0	.4629722	.2457871	.2912406	0
766.15	0	.4629307	.2458597	.2912096	0
765.15	0	.4628916	.2459295	.2911788	0
764.15	0	.4628549	.2459967	.2911484	0
763.15	0	.4628204	.2460613	.2911183	0
762.15	0	.4627881	.2461234	.2910885	0
761.15	0	.4627577	.2461833	.2910589	0
760.15	0	.4627293	.2462411	.2910297	0
759.15	0	.4627026	.2462967	.2910006	0
758.15	0	.4626777	.2463504	.2909718	0
757.15	0	.4626544	.2464023	.2909433	0
756.15	0	.4626327	.2464524	.2909149	0
755.15	0	.4626124	.2465009	.2908867	0
754.15	0	.4625935	.2465477	.2908587	0
753.15	0	.462576	.2465931	.290831	0
752.15	0	.4625597	.246637	.2908033	0
751.15	0	.4625446	.2466796	.2907759	0
750.15	0	.4625306	.2467209	.2907485	0
749.15	0	.4625176	.246761	.2907214	0
748.15	0	.4625057	.2468	.2906943	0
747.15	0	.4624947	.2468379	.2906674	0
746.15	0	.4624846	.2468748	.2906406	0
745.15	0	.4624754	.2469107	.2906139	0
744.15	0	.462467	.2469457	.2905873	0
743.15	0	.4624593	.2469799	.2905609	0
742.15	0	.4624523	.2470132	.2905345	0
741.15	0	.462446	.2470459	.2905082	0
740.15	0	.4624403	.2470777	.2904819	0
739.15	0	.4624352	.247109	.2904558	0
738.15	0	.4624307	.2471396	.2904298	0
737.15	0	.4624267	.2471696	.2904038	0
736.15	0	.4624231	.2471991	.2903778	0
735.15	0	.46242	.247228	.2903519	0
734.15	0	.4624174	.2472565	.2903261	0
733.15	0	.4624151	.2472845	.2903003	0
732.15	0	.4624132	.2473122	.2902746	0
731.15	0	.4624117	.2473394	.2902489	0
730.15	0	.4624104	.2473663	.2902233	0
729.15	0	.4624095	.2473929	.2901977	0
728.15	0	.4624088	.2474191	.2901721	0
727.15	0	.4624084	.2474451	.2901465	0
726.15	0	.4624082	.2474709	.290121	0
725.15	0	.4624082	.2474964	.2900955	0
724.15	0	.4624083	.2475217	.29007	0
723.15	0	.4624087	.2475468	.2900445	0
722.15	0	.4624091	.2475718	.2900191	0
721.15	0	.4624098	.2475966	.2899936	0
720.15	0	.4624105	.2476213	.2899682	0
719.15	0	.4624113	.2476459	.2899427	0
718.15	0	.4624122	.2476704	.2899173	0
717.15	0	.4624132	.2476949	.2898919	0
716.15	0	.4624143	.2477192	.2898665	0
715.15	0	.4624154	.2477436	.2898411	0
714.15	0	.4624165	.2477679	.2898157	0
713.15	0	.4624176	.2477921	.2897902	0
712.15	0	.4624187	.2478164	.2897648	0
711.15	0	.4624199	.2478407	.2897394	0
710.15	0	.462421	.247865	.2897139	0
709.15	0	.4624221	.2478894	.2896885	0
708.15	0	.4624232	.2479138	.289663	0
707.15	0	.4624243	.2479382	.2896376	0
706.15	0	.4624253	.2479627	.2896121	0
705.15	0	.4624262	.2479872	.2895866	0
704.15	0	.4624271	.2480119	.2895611	0
703.15	0	.4624279	.2480366	.2895355	0
702.15	0	.4624286	.2480615	.28951	0
701.15	0	.4624292	.2480864	.2894844	0
700.15	0	.4624298	.2481115	.2894588	0
699.15	0	.4624302	.2481366	.2894332	0
698.15	0	.4624306	.2481619	.2894075	0
697.15	0	.4624308	.2481873	.2893819	0
696.15	0	.4624309	.2482129	.2893562	0
695.15	0	.4624309	.2482386	.2893305	0
694.15	0	.4624308	.2482644	.2893048	0
693.15	0	.4624306	.2482904	.289279	0
692.15	0	.4624302	.2483166	.2892532	0
691.15	0	.4624297	.2483429	.2892274	0
690.15	0	.4624291	.2483693	.2892016	0
689.15	0	.4624283	.248396	.2891758	0
688.15	0	.4624273	.2484228	.2891499	0
687.15	0	.4624263	.2484498	.289124	0
686.15	0	.462425	.248477	.289098	0
685.15	0	.4624236	.2485043	.2890721	0
684.15	0	.4624221	.2485318	.2890461	0
683.15	0	.4624204	.2485596	.28902	0
682.15	0	.4624186	.2485875	.288994	0
681.15	0	.4624165	.2486156	.2889679	0
680.15	0	.4624143	.2486439	.2889418	0
679.15	0	.462412	.2486724	.2889156	0
678.15	0	.4624095	.2487011	.2888895	0
677.15	0	.4624068	.24873	.2888633	0
676.15	0	.4624039	.2487591	.288837	0
675.15	0	.4624009	.2487884	.2888107	0
674.15	0	.4623977	.2488179	.2887845	0
673.15	0	.4623943	.2488476	.2887581	0
672.15	0	.4623908	.2488775	.2887318	0
671.15	0	.4623871	.2489076	.2887054	0
670.15	0	.4623831	.2489379	.2886789	0
669.15	0	.4623791	.2489684	.2886525	0
668.15	0	.4623748	.2489992	.288626	0
667.15	0	.4623704	.2490301	.2885995	0
666.15	0	.4623658	.2490613	.2885729	0
665.15	0	.4623609	.2490927	.2885464	0
664.15	0	.462356	.2491243	.2885198	0
663.15	0	.4623508	.249156	.2884931	0
662.15	0	.4623455	.249188	.2884665	0
661.15	0	.46234	.2492203	.2884398	0
660.15	0	.4623343	.2492527	.2884131	0
659.15	0	.4623284	.2492853	.2883863	0
658.15	0	.4623224	.2493181	.2883595	0
657.15	0	.4623161	.2493512	.2883327	0
656.15	0	.4623097	.2493844	.2883058	0
655.15	0	.4623031	.2494179	.288279	0
654.15	0	.4622964	.2494516	.2882521	0
653.15	0	.4622894	.2494854	.2882251	0
652.15	0	.4622823	.2495195	.2881982	0
651.15	0	.462275	.2495538	.2881712	0
650.15	0	.4622675	.2495883	.2881442	0
649.15	0	.4622599	.249623	.2881171	0
648.15	0	.4622521	.2496579	.28809	0
647.15	0	.4622441	.249693	.2880629	0
646.15	0	.4622359	.2497283	.2880358	0
645.15	0	.4622275	.2497638	.2880086	0
644.15	0	.462219	.2497995	.2879815	0
643.15	0	.4622103	.2498354	.2879543	0
642.15	0	.4622015	.2498715	.287927	0
641.15	0	.4621924	.2499078	.2878998	0
640.15	0	.4621832	.2499443	.2878725	0
639.15	0	.4621739	.249981	.2878452	0
638.15	0	.4621643	.2500179	.2878178	0
637.15	0	.4621546	.2500549	.2877905	0
636.15	0	.4621447	.2500922	.2877631	0
635.15	0	.4621347	.2501296	.2877357	0
634.15	0	.4621245	.2501673	.2877083	0
633.15	0	.4621142	.2502051	.2876808	0
632.15	0	.4621036	.2502431	.2876533	0
631.15	0	.4620929	.2502812	.2876258	0
630.15	0	.4620821	.2503196	.2875983	0
629.15	0	.4620711	.2503581	.2875708	0
628.15	0	.4620599	.2503969	.2875432	0
627.15	0	.4620486	.2504358	.2875156	0
626.15	0	.4620372	.2504748	.287488	0
625.15	0	.4620255	.2505141	.2874604	0
624.15	0	.4620138	.2505535	.2874328	0
623.15	0	.4620018	.2505931	.2874051	0
622.15	0	.4619898	.2506328	.2873774	0
621.15	0	.4619775	.2506728	.2873497	0
620.15	0	.4619651	.2507128	.287322	0
619.15	0	.4619526	.2507531	.2872943	0
618.15	0	.46194	.2507935	.2872665	0
617.15	0	.4619271	.2508341	.2872388	0
616.15	0	.4619142	.2508748	.287211	0
615.15	0	.4619011	.2509157	.2871832	0
614.15	0	.4618878	.2509568	.2871554	0
613.15	0	.4618744	.250998	.2871276	0
612.15	0	.4618609	.2510394	.2870997	0
611.15	0	.4618473	.2510809	.2870719	0
610.15	0	.4618335	.2511225	.287044	0
609.15	0	.4618195	.2511643	.2870162	0
608.15	0	.4618055	.2512063	.2869883	0
607.15	0	.4617913	.2512484	.2869604	0
606.15	0	.4617769	.2512906	.2869325	0
605.15	0	.4617625	.251333	.2869045	0
604.15	0	.4617479	.2513755	.2868766	0
603.15	0	.4617332	.2514182	.2868487	0
602.15	0	.4617183	.251461	.2868207	0
601.15	0	.4617034	.2515039	.2867928	0
600.15	0	.4616883	.2515469	.2867648	0
599.15	0	.4616731	.2515901	.2867368	0
598.15	0	.4616577	.2516334	.2867088	0
597.15	0	.4616423	.2516769	.2866809	0
596.15	0	.4616267	.2517205	.2866529	0
595.15	0	.461611	.2517641	.2866249	0
594.15	0	.4615952	.251808	.2865969	0
593.15	0	.4615792	.2518519	.2865689	0
592.15	0	.4615632	.2518959	.2865409	0
591.15	0	.4615471	.2519401	.2865128	0
590.15	0	.4615308	.2519844	.2864848	0
589.15	0	.4615144	.2520288	.2864568	0
588.15	0	.4614979	.2520733	.2864288	0
587.15	0	.4614813	.2521179	.2864008	0
586.15	0	.4614646	.2521626	.2863727	0
585.15	0	.4614478	.2522075	.2863447	0
584.15	0	.4614309	.2522524	.2863167	0
583.15	0	.4614139	.2522974	.2862887	0
582.15	0	.4613968	.2523426	.2862607	0
581.15	0	.4613796	.2523878	.2862326	0
580.15	0	.4613623	.2524331	.2862046	0
579.15	0	.4613448	.2524786	.2861766	0
578.15	0	.4613273	.2525241	.2861486	0
577.15	0	.4613097	.2525697	.2861206	0
576.15	0	.461292	.2526154	.2860926	0
575.15	0	.4612742	.2526612	.2860646	0
574.15	0	.4612563	.2527071	.2860366	0
573.15	0	.4612383	.252753	.2860086	0
572.15	0	.4612203	.2527991	.2859807	0
571.15	0	.4612021	.2528452	.2859527	0
570.15	0	.4611839	.2528914	.2859247	0
569.15	0	.4611655	.2529377	.2858968	0
568.15	0	.4611471	.2529841	.2858688	0
567.15	0	.4611286	.2530305	.2858409	0
566.15	0	.46111	.253077	.285813	0
565.15	0	.4610913	.2531236	.2857851	0
564.15	0	.4610726	.2531702	.2857572	0
563.15	0	.4610538	.253217	.2857293	0
562.15	0	.4610348	.2532638	.2857014	0
561.15	0	.4610159	.2533106	.2856735	0
560.15	0	.4609968	.2533575	.2856457	0
559.15	0	.4609777	.2534045	.2856178	0
558.15	0	.4609585	.2534515	.28559	0
557.15	0	.4609392	.2534986	.2855622	0
556.15	0	.4609198	.2535458	.2855344	0
555.15	0	.4609004	.253593	.2855066	0
554.15	0	.4608809	.2536402	.2854789	0
553.15	0	.4608613	.2536875	.2854511	0
552.15	0	.4608417	.2537349	.2854234	0
551.15	0	.460822	.2537823	.2853957	0
550.15	0	.4608022	.2538298	.285368	0
549.15	0	.4607824	.2538773	.2853404	0
548.15	0	.4607625	.2539248	.2853127	0
547.15	0	.4607425	.2539724	.2852851	0
546.15	0	.4607225	.25402	.2852575	0
545.15	0	.4607024	.2540677	.2852299	0
544.15	0	.4606823	.2541154	.2852023	0
543.15	0	.4606621	.2541631	.2851748	0
542.15	0	.4606418	.2542109	.2851473	0
541.15	0	.4606215	.2542587	.2851198	0
540.15	0	.4606012	.2543065	.2850923	0
539.15	0	.4605807	.2543544	.2850649	0
538.15	0	.4605603	.2544022	.2850375	0
537.15	0	.4605397	.2544502	.2850101	0
536.15	0	.4605192	.2544981	.2849827	0
535.15	0	.4604985	.2545461	.2849554	0
534.15	0	.4604779	.254594	.2849281	0
533.15	0	.4604572	.254642	.2849008	0
532.15	0	.4604364	.2546901	.2848736	0
531.15	0	.4604156	.2547381	.2848464	0
530.15	0	.4603947	.2547861	.2848192	0
529.15	0	.4603738	.2548342	.284792	0
528.15	0	.4603529	.2548823	.2847649	0
527.15	0	.4603319	.2549304	.2847378	0
526.15	0	.4603108	.2549785	.2847107	0
525.15	0	.4602898	.2550266	.2846837	0
524.15	0	.4602686	.2550747	.2846567	0
523.15	0	.4602475	.2551228	.2846297	0
522.15	0	.4602263	.2551709	.2846028	0
521.15	0	.4602051	.255219	.2845759	0
520.15	0	.4601838	.2552671	.2845491	0
519.15	0	.4601625	.2553152	.2845222	0
518.15	0	.4601412	.2553634	.2844955	0
517.15	0	.4601198	.2554115	.2844687	0
516.15	0	.4600984	.2554596	.284442	0
515.15	0	.460077	.2555077	.2844153	0
514.15	0	.4600555	.2555558	.2843887	0
513.15	0	.460034	.2556038	.2843621	0
512.15	0	.4600125	.2556519	.2843355	0
511.15	0	.459991	.2557	.284309	0
510.15	0	.4599696	.255748	.2842824	0
509.15	0	.459948	.255796	.284256	0
508.15	0	.4599264	.255844	.2842296	0
507.15	0	.4599047	.255892	.2842033	0
506.15	0	.459883	.25594	.284177	0
505.15	0	.4598614	.2559879	.2841507	0
504.15	0	.4598396	.2560359	.2841245	0
503.15	0	.4598179	.2560838	.2840983	0
502.15	0	.4597962	.2561316	.2840722	0
501.15	0	.4597744	.2561795	.2840461	0
500.15	0	.4597526	.2562273	.2840201	0
499.15	0	.4597308	.2562751	.2839941	0
498.15	0	.4597089	.2563229	.2839682	0
497.15	0	.4596871	.2563706	.2839423	0
496.15	0	.4596652	.2564183	.2839165	0
495.15	0	.4596434	.256466	.2838907	0
494.15	0	.4596215	.2565136	.2838649	0
493.15	0	.4595996	.2565612	.2838392	0
492.15	0	.4595777	.2566087	.2838136	0
491.15	0	.4595557	.2566563	.283788	0
490.15	0	.4595338	.2567037	.2837625	0
489.15	0	.4595119	.2567512	.283737	0
488.15	0	.4594899	.2567986	.2837115	0
487.15	0	.4594679	.2568459	.2836862	0
486.15	0	.459446	.2568932	.2836608	0
485.15	0	.459424	.2569404	.2836356	0
484.15	0	.459402	.2569876	.2836104	0
483.15	0	.45938	.2570348	.2835852	0
482.15	0	.459358	.2570819	.2835601	0
481.15	0	.459336	.2571289	.283535	0
480.15	0	.459314	.2571759	.2835101	0
479.15	0	.459292	.2572229	.2834851	0
478.15	0	.45927	.2572698	.2834602	0
477.15	0	.459248	.2573166	.2834354	0
476.15	0	.459226	.2573634	.2834106	0
475.15	0	.459204	.2574101	.2833859	0
474.15	0	.459182	.2574567	.2833613	0
473.15	0	.4591599	.2575033	.2833367	0
472.15	0	.4591379	.2575499	.2833122	0
471.15	0	.4591159	.2575963	.2832878	0
470.15	0	.4590939	.2576427	.2832634	0
469.15	0	.4590719	.2576891	.283239	0
468.15	0	.4590499	.2577353	.2832148	0
467.15	0	.4590279	.2577815	.2831905	0
466.15	0	.459006	.2578277	.2831664	0
465.15	0	.458984	.2578737	.2831423	0
464.15	0	.458962	.2579197	.2831183	0
463.15	0	.4589401	.2579656	.2830943	0
462.15	0	.4589181	.2580114	.2830705	0
461.15	0	.4588962	.2580572	.2830466	0
460.15	0	.4588742	.2581029	.2830229	0
459.15	0	.4588523	.2581485	.2829992	0
458.15	0	.4588304	.258194	.2829756	0
457.15	0	.4588085	.2582395	.282952	0
456.15	0	.4587866	.2582849	.2829286	0
455.15	0	.4587647	.2583302	.2829051	0
454.15	0	.4587428	.2583754	.2828818	0
453.15	0	.458721	.2584205	.2828585	0
452.15	0	.4586991	.2584655	.2828353	0
451.15	0	.4586773	.2585105	.2828122	0
450.15	0	.4586555	.2585554	.2827891	0
449.15	0	.4586338	.2586001	.2827661	0
448.15	0	.458612	.2586448	.2827432	0
447.15	0	.4585903	.2586893	.2827204	0
446.15	0	.4585686	.2587337	.2826976	0
445.15	0	.4585469	.2587781	.282675	0
444.15	0	.4585253	.2588223	.2826524	0
443.15	0	.4585037	.2588665	.2826299	0
442.15	0	.4584821	.2589105	.2826074	0
441.15	0	.4584606	.2589543	.2825851	0
440.15	0	.4584391	.2589981	.2825628	0
439.15	0	.4584177	.2590417	.2825406	0
438.15	0	.4583963	.2590852	.2825185	0
