T	 BPW(LIQUID)	BPW(BCC_A2)	BPW(FCC_A1)	BPW(LAVES_PHASE_C14)	BPW(NI3TI)
1473.15	.1180724	.8819276	0	0	0
1472.15	.115833	.884167	0	0	0
1471.15	.1136088	.8863912	0	0	0
1470.15	.1113996	.8886004	0	0	0
1469.15	.1092053	.8907947	0	0	0
1468.15	.1070258	.8929742	0	0	0
1467.15	.104861	.895139	0	0	0
1466.15	.1027107	.8972893	0	0	0
1465.15	.1005748	.8994252	0	0	0
1464.15	.09845328	.9015467	0	0	0
1463.15	.09634588	.9036541	0	0	0
1462.15	.09425254	.9057475	0	0	0
1461.15	.09217315	.9078269	0	0	0
1460.15	.09010757	.9098924	0	0	0
1459.15	.0880557	.9119443	0	0	0
1458.15	.08601743	.9139826	0	0	0
1457.15	.08399264	.9160074	0	0	0
1456.15	.08198122	.9180188	0	0	0
1455.15	.07998307	.9200169	0	0	0
1454.15	.07799806	.9220019	0	0	0
1453.15	.07602609	.9239739	0	0	0
1452.15	.07406707	.9259329	0	0	0
1451.15	.07212087	.9278791	0	0	0
1450.15	.0701874	.9298126	0	0	0
1449.15	.06826655	.9317334	0	0	0
1448.15	.06635822	.9336418	0	0	0
1447.15	.0644623	.9355377	0	0	0
1446.15	.06257871	.9374213	0	0	0
1445.15	.06070733	.9392927	0	0	0
1444.15	.05884808	.9411519	0	0	0
1443.15	.05700085	.9429992	0	0	0
1442.15	.05516554	.9448345	0	0	0
1441.15	.05334206	.9466579	0	0	0
1440.15	.05153032	.9484697	0	0	0
1439.15	.04973023	.9502698	0	0	0
1438.15	.04794168	.9520583	0	0	0
1437.15	.0461646	.9538354	0	0	0
1436.15	.04439888	.9556011	0	0	0
1435.15	.04264444	.9573556	0	0	0
1434.15	.04090119	.9590988	0	0	0
1433.15	.03916905	.960831	0	0	0
1432.15	.03744792	.9625521	0	0	0
1431.15	.03573772	.9642623	0	0	0
1430.15	.03403837	.9659616	0	0	0
1429.15	.03234977	.9676502	0	0	0
1428.15	.03067185	.9693281	0	0	0
1427.15	.02900453	.9709955	0	0	0
1426.15	.02734772	.9726523	0	0	0
1425.15	.02570134	.9742987	0	0	0
1424.15	.02406531	.9759347	0	0	0
1423.15	.02243956	.9775604	0	0	0
1422.15	.020824	.979176	0	0	0
1421.15	.01921855	.9807814	0	0	0
1420.15	.01762314	.9823769	0	0	0
1419.15	.0160377	.9839623	0	0	0
1418.15	.01446215	.9855379	0	0	0
1417.15	.01289641	.9871036	0	0	0
1416.15	.01134041	.9886596	0	0	0
1415.15	.009794073	.9902059	0	0	0
1414.15	.008257333	.9917427	0	0	0
1413.15	.006730116	.9932699	0	0	0
1412.15	.00521235	.9947877	0	0	0
1411.15	.003703967	.996296	0	0	0
1410.15	.002204895	.9977951	0	0	0
1409.15	7.150678E-04	.9992849	0	0	0
1408.668	0	1	0	0	0
1408.668	0	1	0	0	0
1408.15	0	1	0	0	0
1407.15	0	1	0	0	0
1406.15	0	1	0	0	0
1405.15	0	1	0	0	0
1404.15	0	1	0	0	0
1403.15	0	1	0	0	0
1402.15	0	1	0	0	0
1401.15	0	1	0	0	0
1400.15	0	1	0	0	0
1399.15	0	1	0	0	0
1398.15	0	1	0	0	0
1397.15	0	1	0	0	0
1396.15	0	1	0	0	0
1395.15	0	1	0	0	0
1394.15	0	1	0	0	0
1393.15	0	1	0	0	0
1392.15	0	1	0	0	0
1391.15	0	1	0	0	0
1390.15	0	1	0	0	0
1389.15	0	1	0	0	0
1388.15	0	1	0	0	0
1387.15	0	1	0	0	0
1386.15	0	1	0	0	0
1385.15	0	1	0	0	0
1384.15	0	1	0	0	0
1383.15	0	1	0	0	0
1382.15	0	1	0	0	0
1381.15	0	1	0	0	0
1380.15	0	1	0	0	0
1379.15	0	1	0	0	0
1378.15	0	1	0	0	0
1377.15	0	1	0	0	0
1376.15	0	1	0	0	0
1375.15	0	1	0	0	0
1374.15	0	1	0	0	0
1373.15	0	1	0	0	0
1372.15	0	1	0	0	0
1371.15	0	1	0	0	0
1370.15	0	1	0	0	0
1369.15	0	1	0	0	0
1368.15	0	1	0	0	0
1367.15	0	1	0	0	0
1366.15	0	1	0	0	0
1365.15	0	1	0	0	0
1364.15	0	1	0	0	0
1363.15	0	1	0	0	0
1362.15	0	1	0	0	0
1361.15	0	1	0	0	0
1360.15	0	1	0	0	0
1359.15	0	1	0	0	0
1358.15	0	1	0	0	0
1357.15	0	1	0	0	0
1356.15	0	1	0	0	0
1355.15	0	1	0	0	0
1354.15	0	1	0	0	0
1353.15	0	1	0	0	0
1352.15	0	1	0	0	0
1351.15	0	1	0	0	0
1350.15	0	1	0	0	0
1349.15	0	1	0	0	0
1348.15	0	1	0	0	0
1347.15	0	1	0	0	0
1346.15	0	1	0	0	0
1345.15	0	1	0	0	0
1344.15	0	1	0	0	0
1343.15	0	1	0	0	0
1342.15	0	1	0	0	0
1341.15	0	1	0	0	0
1340.15	0	1	0	0	0
1339.15	0	1	0	0	0
1338.15	0	1	0	0	0
1337.15	0	1	0	0	0
1336.15	0	1	0	0	0
1335.15	0	1	0	0	0
1334.15	0	1	0	0	0
1333.15	0	1	0	0	0
1332.15	0	1	0	0	0
1331.15	0	1	0	0	0
1330.15	0	1	0	0	0
1329.15	0	1	0	0	0
1328.15	0	1	0	0	0
1327.15	0	1	0	0	0
1326.15	0	1	0	0	0
1325.15	0	1	0	0	0
1324.15	0	1	0	0	0
1323.15	0	1	0	0	0
1322.15	0	1	0	0	0
1321.15	0	1	0	0	0
1320.15	0	1	0	0	0
1319.15	0	1	0	0	0
1318.15	0	1	0	0	0
1317.15	0	1	0	0	0
1316.15	0	1	0	0	0
1315.15	0	1	0	0	0
1314.15	0	1	0	0	0
1313.15	0	1	0	0	0
1312.15	0	1	0	0	0
1311.15	0	1	0	0	0
1310.15	0	1	0	0	0
1309.15	0	1	0	0	0
1308.15	0	1	0	0	0
1307.15	0	1	0	0	0
1306.15	0	1	0	0	0
1305.15	0	1	0	0	0
1304.15	0	1	0	0	0
1303.15	0	1	0	0	0
1302.15	0	1	0	0	0
1301.15	0	1	0	0	0
1300.15	0	1	0	0	0
1299.15	0	1	0	0	0
1298.15	0	1	0	0	0
1297.15	0	1	0	0	0
1296.15	0	1	0	0	0
1295.15	0	1	0	0	0
1294.15	0	1	0	0	0
1293.15	0	1	0	0	0
1292.15	0	1	0	0	0
1291.15	0	1	0	0	0
1290.15	0	1	0	0	0
1289.15	0	1	0	0	0
1288.15	0	1	0	0	0
1287.15	0	1	0	0	0
1286.15	0	1	0	0	0
1285.15	0	1	0	0	0
1284.15	0	1	0	0	0
1283.15	0	1	0	0	0
1282.15	0	1	0	0	0
1281.15	0	1	0	0	0
1280.15	0	1	0	0	0
1279.15	0	1	0	0	0
1278.15	0	1	0	0	0
1277.15	0	1	0	0	0
1276.15	0	1	0	0	0
1275.15	0	1	0	0	0
1274.15	0	1	0	0	0
1273.15	0	1	0	0	0
1272.15	0	1	0	0	0
1271.15	0	1	0	0	0
1270.15	0	1	0	0	0
1269.15	0	1	0	0	0
1268.15	0	1	0	0	0
1267.15	0	1	0	0	0
1266.15	0	1	0	0	0
1265.15	0	1	0	0	0
1264.15	0	1	0	0	0
1263.15	0	1	0	0	0
1262.15	0	1	0	0	0
1261.15	0	1	0	0	0
1260.15	0	1	0	0	0
1259.15	0	1	0	0	0
1258.15	0	1	0	0	0
1257.15	0	1	0	0	0
1256.15	0	1	0	0	0
1255.15	0	1	0	0	0
1254.319	0	1	0	0	0
1254.319	0	1	0	0	0
1254.319	0	1	0	0	0
1254.15	0	.9999041	0	9.589585E-05	0
1253.15	0	.9993376	0	6.624275E-04	0
1252.558	0	.999003	0	9.969695E-04	0
1252.558	0	.999003	0	9.969695E-04	0
1252.558	0	.999003	0	9.969695E-04	0
1252.15	0	.9983198	4.622522E-04	.001217934	0
1251.15	0	.9966504	.001591725	.001757846	0
1250.15	0	.9949855	.002718158	.002296311	0
1249.15	0	.9933251	.003841558	.002833336	0
1248.15	0	.9916692	.004961927	.003368925	0
1247.15	0	.9900176	.006079272	.003903084	0
1246.15	0	.9883706	.007193597	.004435817	0
1245.15	0	.986728	.008304906	.00496713	0
1244.15	0	.9850898	.009413205	.005497028	0
1243.15	0	.983456	.0105185	.006025515	0
1242.15	0	.9818266	.01162079	.006552597	0
1241.15	0	.9802016	.01272008	.007078279	0
1240.15	0	.9785811	.01381638	.007602565	0
1239.15	0	.9769649	.01490969	.00812546	0
1238.15	0	.975353	.01600002	.00864697	0
1237.15	0	.9737455	.01708736	.009167099	0
1236.15	0	.9721424	.01817173	.009685852	0
1235.15	0	.9705436	.01925313	.01020323	0
1234.15	0	.9689492	.02033156	.01071925	0
1233.15	0	.9673591	.02140703	.0112339	0
1232.15	0	.9657733	.02247953	.0117472	0
1231.15	0	.9641918	.02354908	.01225914	0
1230.15	0	.9626146	.02461568	.01276974	0
1229.15	0	.9610417	.02567933	.01327899	0
1228.15	0	.9594731	.02674003	.0137869	0
1227.15	0	.9579087	.02779779	.01429348	0
1226.15	0	.9563487	.02885262	.01479873	0
1225.15	0	.9547928	.02990451	.01530266	0
1224.15	0	.9532413	.03095347	.01580526	0
1223.15	0	.9516939	.03199951	.01630655	0
1222.15	0	.9501508	.03304262	.01680653	0
1221.15	0	.948612	.03408281	.0173052	0
1220.15	0	.9470774	.03512009	.01780257	0
1219.15	0	.9455469	.03615445	.01829863	0
1218.15	0	.9440207	.0371859	.01879341	0
1217.15	0	.9424987	.03821445	.01928689	0
1216.15	0	.9409808	.03924009	.0197791	0
1215.15	0	.9394672	.04026283	.02027001	0
1214.15	0	.9379577	.04128267	.02075966	0
1213.15	0	.9364524	.04229962	.02124803	0
1212.15	0	.9349512	.04331368	.02173513	0
1211.15	0	.9334542	.04432485	.02222096	0
1210.15	0	.9319613	.04533313	.02270554	0
1209.15	0	.9304726	.04633853	.02318886	0
1208.15	0	.928988	.04734105	.02367093	0
1207.15	0	.9275076	.04834069	.02415175	0
1206.15	0	.9260312	.04933746	.02463133	0
1205.15	0	.924559	.05033135	.02510967	0
1204.15	0	.9230909	.05132237	.02558677	0
1203.15	0	.9216268	.05231053	.02606264	0
1202.15	0	.9201669	.05329582	.02653729	0
1201.15	0	.918711	.05427825	.02701071	0
1200.15	0	.9172593	.05525782	.0274829	0
1199.15	0	.9158116	.05623453	.02795389	0
1198.15	0	.914368	.05720839	.02842366	0
1197.15	0	.9129284	.05817939	.02889222	0
1196.15	0	.9114929	.05914754	.02935958	0
1195.15	0	.9100614	.06011284	.02982574	0
1194.15	0	.908634	.06107529	.03029071	0
1193.15	0	.9072106	.0620349	.03075447	0
1192.15	0	.9057913	.06299166	.03121705	0
1191.15	0	.904376	.06394558	.03167845	0
1190.15	0	.9029647	.06489667	.03213866	0
1189.15	0	.9015574	.06584491	.0325977	0
1188.15	0	.9001541	.06679032	.03305556	0
1187.15	0	.8987549	.0677329	.03351225	0
1186.15	0	.8973596	.06867264	.03396777	0
1185.15	0	.8959683	.06960955	.03442213	0
1184.15	0	.894581	.07054363	.03487533	0
1183.15	0	.8931977	.07147489	.03532737	0
1182.15	0	.8918184	.07240331	.03577826	0
1181.15	0	.8904431	.07332891	.036228	0
1180.15	0	.8890717	.07425169	.03667659	0
1179.15	0	.8877043	.07517164	.03712405	0
1178.15	0	.8863409	.07608878	.03757036	0
1177.15	0	.8849814	.07700309	.03801553	0
1176.15	0	.8836258	.07791458	.03845958	0
1175.15	0	.8822743	.07882326	.0389025	0
1174.15	0	.8809266	.07972912	.03934429	0
1173.15	0	.8795829	.08063216	.03978496	0
1172.15	0	.8782431	.08153239	.04022451	0
1171.15	0	.8769073	.0824298	.04066294	0
1170.15	0	.8755753	.0833244	.04110026	0
1169.15	0	.8742473	.08421619	.04153647	0
1168.15	0	.8729233	.08510516	.04197158	0
1167.15	0	.8716031	.08599133	.04240558	0
1166.15	0	.8702868	.08687468	.04283849	0
1165.15	0	.8689745	.08775523	.0432703	0
1164.15	0	.867666	.08863297	.04370101	0
1163.15	0	.8663615	.08950789	.04413064	0
1162.15	0	.8650608	.09038001	.04455918	0
1161.15	0	.863764	.09124932	.04498664	0
1160.15	0	.8624712	.09211583	.04541301	0
1159.15	0	.8611822	.09297952	.04583831	0
1158.15	0	.8598971	.09384041	.04626253	0
1157.15	0	.8586158	.0946985	.04668568	0
1156.15	0	.8573385	.09555377	.04710776	0
1155.15	0	.856065	.09640624	.04752878	0
1154.15	0	.8547953	.09725594	.04794875	0
1153.15	0	.8535296	.0981028	.04836764	0
1152.15	0	.8522677	.09894685	.04878548	0
1151.15	0	.8510096	.0997881	.04920227	0
1150.15	0	.8497555	.1006265	.049618	0
1149.15	0	.8485052	.1014622	.05003268	0
1148.15	0	.8472587	.102295	.05044632	0
1147.15	0	.8460161	.103125	.05085892	0
1146.15	0	.8447773	.1039522	.05127047	0
1145.15	0	.8435424	.1047766	.05168099	0
1144.15	0	.8423113	.1055982	.05209048	0
1143.15	0	.8410841	.106417	.05249893	0
1142.15	0	.8398606	.107233	.05290635	0
1141.15	0	.8386411	.1080462	.05331275	0
1140.15	0	.8374253	.1088565	.05371813	0
1139.15	0	.8362134	.1096641	.05412248	0
1138.15	0	.8350054	.1104688	.05452582	0
1137.15	0	.8338011	.1112708	.05492814	0
1136.15	0	.8326007	.1120699	.05532945	0
1135.15	0	.8314041	.1128662	.05572974	0
1134.15	0	.8302113	.1136597	.05612903	0
1133.15	0	.8290224	.1144503	.05652732	0
1132.15	0	.8278372	.1152382	.0569246	0
1131.15	0	.8266559	.1160232	.05732088	0
1130.15	0	.8254784	.1168054	.05771616	0
1129.15	0	.8243047	.1175848	.05811045	0
1128.15	0	.8231348	.1183614	.05850375	0
1127.15	0	.8219688	.1191352	.05889605	0
1126.15	0	.8208065	.1199061	.05928737	0
1125.15	0	.8196481	.1206742	.0596777	0
1124.15	0	.8184935	.1214395	.06006704	0
1123.15	0	.8173426	.122202	.06045541	0
1122.15	0	.8161956	.1229616	.0608428	0
1121.15	0	.8150524	.1237184	.06122921	0
1120.15	0	.813913	.1244724	.06161464	0
1119.15	0	.8127774	.1252235	.0619991	0
1118.15	0	.8116456	.1259718	.0623826	0
1117.15	0	.8105176	.1267173	.06276513	0
1116.15	0	.8093934	.1274599	.06314669	0
1115.15	0	.8082731	.1281997	.06352728	0
1114.15	0	.8071565	.1289366	.06390692	0
1113.15	0	.8060437	.1296707	.0642856	0
1112.15	0	.8049347	.130402	.06466332	0
1111.15	0	.8038296	.1311304	.06504008	0
1110.15	0	.8027282	.1318559	.0654159	0
1109.15	0	.8016306	.1325786	.06579076	0
1108.15	0	.8005368	.1332985	.06616467	0
1107.15	0	.7994469	.1340155	.06653764	0
1106.15	0	.7983607	.1347296	.06690966	0
1105.15	0	.7972784	.1354409	.06728074	0
1104.15	0	.7961998	.1361493	.06765088	0
1103.15	0	.7951251	.1368549	.06802008	0
1102.15	0	.7940541	.1375576	.06838834	0
1101.15	0	.7929869	.1382574	.06875566	0
1100.15	0	.7919236	.1389543	.06912206	0
1099.15	0	.7908641	.1396484	.06948752	0
1098.15	0	.7898084	.1403396	.06985205	0
1097.15	0	.7887564	.1410279	.07021565	0
1096.15	0	.7877083	.1417134	.07057833	0
1095.15	0	.786664	.1423959	.07094008	0
1094.15	0	.7856235	.1430756	.07130091	0
1093.15	0	.7845868	.1437524	.07166082	0
1092.15	0	.783554	.1444262	.07201981	0
1091.15	0	.7825249	.1450972	.07237788	0
1090.15	0	.7814996	.1457653	.07273504	0
1089.15	0	.7804782	.1464305	.07309128	0
1088.15	0	.7794606	.1470928	.0734466	0
1087.15	0	.7784468	.1477522	.07380102	0
1086.15	0	.7774368	.1484087	.07415453	0
1085.15	0	.7764307	.1490622	.07450712	0
1084.15	0	.7754283	.1497129	.07485881	0
1083.15	0	.7744298	.1503606	.0752096	0
1082.15	0	.7734351	.1510054	.07555948	0
1081.15	0	.7724443	.1516473	.07590846	0
1080.15	0	.7714572	.1522862	.07625653	0
1079.15	0	.770474	.1529223	.07660371	0
1078.15	0	.7694947	.1535553	.07694999	0
1077.15	0	.7685192	.1541855	.07729537	0
1076.15	0	.7675475	.1548127	.07763985	0
1075.15	0	.7665796	.155437	.07798344	0
1074.15	0	.7656156	.1560583	.07832614	0
1073.15	0	.7646554	.1566767	.07866794	0
1072.15	0	.7636991	.1572921	.07900885	0
1071.15	0	.7627466	.1579045	.07934887	0
1070.15	0	.761798	.158514	.07968801	0
1069.15	0	.7608532	.1591205	.08002625	0
1068.15	0	.7599123	.1597241	.08036361	0
1067.15	0	.7589752	.1603247	.08070009	0
1066.15	0	.758042	.1609223	.08103567	0
1065.15	0	.7571127	.1615169	.08137038	0
1064.15	0	.7561872	.1621086	.0817042	0
1063.15	0	.7552656	.1626973	.08203714	0
1062.15	0	.7543479	.1632829	.0823692	0
1061.15	0	.753434	.1638656	.08270038	0
1060.15	0	.752524	.1644453	.08303068	0
1059.15	0	.7516179	.165022	.0833601	0
1058.15	0	.7507157	.1655957	.08368865	0
1057.15	0	.7498174	.1661663	.08401632	0
1056.15	0	.7489229	.166734	.08434311	0
1055.15	0	.7480324	.1672986	.08466903	0
1054.15	0	.7471457	.1678602	.08499407	0
1053.15	0	.7462629	.1684188	.08531824	0
1052.15	0	.7453841	.1689744	.08564154	0
1051.15	0	.7445091	.169527	.08596396	0
1050.15	0	.743638	.1700765	.08628552	0
1049.15	0	.7427709	.1706229	.0866062	0
1048.15	0	.7419077	.1711663	.08692601	0
1047.15	0	.7410484	.1717067	.08724495	0
1046.15	0	.7401929	.172244	.08756302	0
1045.15	0	.7393415	.1727783	.08788022	0
1044.15	0	.738494	.1733095	.08819655	0
1043.15	0	.7376503	.1738377	.08851201	0
1042.15	0	.7368107	.1743627	.0888266	0
1041.15	0	.7359749	.1748847	.08914033	0
1040.15	0	.7351431	.1754037	.08945319	0
1039.15	0	.7343153	.1759195	.08976518	0
1038.15	0	.7334914	.1764323	.0900763	0
1037.15	0	.7326714	.176942	.09038656	0
1036.15	0	.7318555	.1774486	.09069595	0
1035.15	0	.7310434	.1779521	.09100447	0
1034.15	0	.7302354	.1784525	.09131212	0
1033.15	0	.7294313	.1789498	.09161891	0
1032.15	0	.7286311	.179444	.09192483	0
1031.15	0	.727835	.1799351	.09222988	0
1030.15	0	.7270428	.1804231	.09253407	0
1029.15	0	.7262546	.180908	.09283739	0
1028.15	0	.7254704	.1813898	.09313984	0
1027.15	0	.7246902	.1818684	.09344142	0
1026.15	0	.723914	.1823439	.09374214	0
1025.15	0	.7231418	.1828162	.09404198	0
1024.15	0	.7223736	.1832855	.09434096	0
1023.15	0	.7216094	.1837516	.09463907	0
1022.15	0	.7208492	.1842145	.09493631	0
1021.15	0	.720093	.1846744	.09523268	0
1020.15	0	.7193408	.185131	.09552818	0
1019.15	0	.7185927	.1855845	.09582281	0
1018.15	0	.7178485	.1860349	.09611657	0
1017.15	0	.7171084	.1864821	.09640946	0
1016.15	0	.7163724	.1869262	.09670147	0
1015.15	0	.7156404	.187367	.09699261	0
1014.15	0	.7149124	.1878048	.09728288	0
1013.15	0	.7141884	.1882393	.09757227	0
1012.15	0	.7134685	.1886707	.09786079	0
1011.15	0	.7127527	.1890989	.09814842	0
1010.15	0	.7120409	.1895239	.09843519	0
1009.15	0	.7113332	.1899458	.09872107	0
1008.15	0	.7106295	.1903644	.09900607	0
1007.15	0	.7099299	.1907799	.0992902	0
1006.15	0	.7092344	.1911922	.09957344	0
1005.15	0	.7085429	.1916013	.09985579	0
1004.15	0	.7078556	.1920072	.1001373	0
1003.15	0	.7071723	.1924099	.1004179	0
1002.15	0	.706493	.1928094	.1006976	0
1001.15	0	.7058179	.1932057	.1009764	0
1000.15	0	.7051469	.1935989	.1012543	0
999.15	0	.7044799	.1939888	.1015313	0
998.15	0	.703817	.1943755	.1018075	0
997.15	0	.7031583	.194759	.1020827	0
996.15	0	.7025036	.1951393	.1023571	0
995.15	0	.701853	.1955164	.1026305	0
994.15	0	.7012066	.1958903	.1029031	0
993.15	0	.7005643	.196261	.1031747	0
992.15	0	.699926	.1966285	.1034455	0
991.15	0	.6992919	.1969928	.1037153	0
990.15	0	.6986619	.1973539	.1039843	0
989.15	0	.698036	.1977117	.1042523	0
988.15	0	.6974142	.1980664	.1045194	0
987.15	0	.6967966	.1984178	.1047856	0
986.15	0	.6961831	.198766	.1050509	0
985.15	0	.6955737	.1991111	.1053153	0
984.15	0	.6949684	.1994529	.1055787	0
983.15	0	.6943672	.1997915	.1058412	0
982.15	0	.6937702	.2001269	.1061028	0
981.15	0	.6931773	.2004592	.1063635	0
980.15	0	.6925886	.2007882	.1066233	0
979.15	0	.6920039	.201114	.1068821	0
978.15	0	.6914234	.2014366	.1071399	0
977.15	0	.6908471	.2017561	.1073969	0
976.15	0	.6902748	.2020723	.1076529	0
975.15	0	.6897067	.2023854	.1079079	0
974.15	0	.6891428	.2026953	.108162	0
973.15	0	.6885829	.2030019	.1084151	0
972.15	0	.6880272	.2033055	.1086673	0
971.15	0	.6874756	.2036058	.1089186	0
970.15	0	.6869282	.203903	.1091688	0
969.15	0	.6863848	.2041971	.1094181	0
968.15	0	.6858456	.2044879	.1096664	0
967.15	0	.6853105	.2047757	.1099138	0
966.15	0	.6847796	.2050602	.1101602	0
965.15	0	.6842527	.2053417	.1104056	0
964.15	0	.68373	.20562	.11065	0
963.15	0	.6832114	.2058952	.1108935	0
962.15	0	.6826969	.2061673	.1111359	0
961.15	0	.6821864	.2064362	.1113773	0
960.15	0	.6816801	.2067021	.1116178	0
959.15	0	.6811779	.2069649	.1118572	0
958.15	0	.6806798	.2072246	.1120956	0
957.15	0	.6801857	.2074813	.112333	0
956.15	0	.6796958	.2077348	.1125694	0
955.15	0	.6792099	.2079854	.1128048	0
954.15	0	.6787281	.2082329	.1130391	0
953.15	0	.6782503	.2084773	.1132724	0
952.15	0	.6777766	.2087188	.1135046	0
951.15	0	.6773069	.2089572	.1137358	0
950.15	0	.6768413	.2091927	.113966	0
949.15	0	.6763797	.2094252	.1141951	0
948.15	0	.6759221	.2096548	.1144231	0
947.15	0	.6754685	.2098814	.1146501	0
946.15	0	.675019	.210105	.114876	0
945.15	0	.6745734	.2103258	.1151008	0
944.15	0	.6741318	.2105437	.1153245	0
943.15	0	.6736941	.2107587	.1155472	0
942.15	0	.6732605	.2109709	.1157687	0
941.15	0	.6728307	.2111802	.1159891	0
940.15	0	.6724049	.2113867	.1162084	0
939.15	0	.671983	.2115904	.1164266	0
938.15	0	.671565	.2117913	.1166437	0
937.15	0	.6711509	.2119895	.1168596	0
936.15	0	.6707406	.212185	.1170744	0
935.15	0	.6703342	.2123778	.1172881	0
934.15	0	.6699316	.2125679	.1175005	0
933.15	0	.6695329	.2127553	.1177119	0
932.15	0	.6691379	.2129401	.117922	0
931.15	0	.6687467	.2131223	.118131	0
930.15	0	.6683593	.213302	.1183387	0
929.15	0	.6679756	.2134791	.1185453	0
928.15	0	.6675956	.2136538	.1187507	0
927.15	0	.6672193	.2138259	.1189548	0
926.15	0	.6668467	.2139956	.1191577	0
925.15	0	.6664777	.2141629	.1193594	0
924.15	0	.6661123	.2143279	.1195599	0
923.15	0	.6657505	.2144905	.1197591	0
922.15	0	.6653922	.2146508	.119957	0
921.15	0	.6650375	.2148089	.1201536	0
920.15	0	.6646863	.2149647	.120349	0
919.15	0	.6643386	.2151184	.1205431	0
918.15	0	.6639943	.2152699	.1207358	0
917.15	0	.6636534	.2154194	.1209273	0
916.15	0	.6633158	.2155668	.1211174	0
915.15	0	.6629816	.2157122	.1213062	0
914.15	0	.6626507	.2158557	.1214936	0
913.15	0	.6623231	.2159972	.1216797	0
912.15	0	.6619987	.216137	.1218644	0
911.15	0	.6616774	.2162749	.1220477	0
910.15	0	.6613593	.2164111	.1222296	0
909.15	0	.6610443	.2165457	.12241	0
908.15	0	.6607323	.2166786	.1225891	0
907.15	0	.6604234	.21681	.1227667	0
906.15	0	.6601173	.2169398	.1229429	0
905.15	0	.6598142	.2170682	.1231175	0
904.15	0	.659514	.2171953	.1232907	0
903.15	0	.6592165	.2173211	.1234624	0
902.15	0	.6589218	.2174456	.1236326	0
901.15	0	.6586298	.217569	.1238012	0
900.15	0	.6583403	.2176914	.1239683	0
899.15	0	.6580535	.2178127	.1241338	0
898.15	0	.6577692	.217933	.1242978	0
897.15	0	.6574873	.2180526	.1244601	0
896.15	0	.6572078	.2181714	.1246208	0
895.15	0	.6569306	.2182895	.1247799	0
894.15	0	.6566556	.2184071	.1249373	0
893.15	0	.6563828	.2185241	.125093	0
892.15	0	.6561121	.2186408	.1252471	0
891.15	0	.6558434	.2187572	.1253994	0
890.15	0	.6555766	.2188734	.12555	0
889.15	0	.6553117	.2189895	.1256988	0
888.15	0	.6550486	.2191056	.1258458	0
887.15	0	.6547871	.2192219	.1259911	0
886.15	0	.6545272	.2193384	.1261345	0
885.15	0	.6542687	.2194553	.126276	0
884.15	0	.6540117	.2195726	.1264157	0
883.15	0	.653756	.2196906	.1265534	0
882.15	0	.6535014	.2198094	.1266892	0
881.15	0	.6532479	.219929	.1268231	0
880.15	0	.6529954	.2200497	.1269549	0
879.15	0	.6527437	.2201715	.1270848	0
878.15	0	.6524928	.2202947	.1272126	0
877.15	0	.6522424	.2204193	.1273383	0
876.15	0	.6519926	.2205456	.1274619	0
875.15	0	.6517431	.2206736	.1275833	0
874.15	0	.6514938	.2208037	.1277026	0
873.15	0	.6512445	.2209359	.1278196	0
872.15	0	.6509952	.2210705	.1279344	0
871.15	0	.6507456	.2212075	.1280468	0
870.15	0	.6504957	.2213474	.128157	0
869.15	0	.6502452	.2214901	.1282647	0
868.15	0	.6499939	.2216361	.12837	0
867.15	0	.6497417	.2217854	.1284729	0
866.15	0	.6494885	.2219383	.1285732	0
865.15	0	.6492339	.2220951	.128671	0
864.15	0	.6489778	.2222561	.1287661	0
863.15	0	.6487201	.2224214	.1288585	0
862.15	0	.6484604	.2225913	.1289483	0
861.15	0	.6481985	.2227663	.1290352	0
860.15	0	.6479343	.2229465	.1291192	0
859.15	0	.6476674	.2231323	.1292004	0
858.15	0	.6473975	.2233239	.1292785	0
857.15	0	.6471245	.2235219	.1293536	0
856.15	0	.646848	.2237265	.1294255	0
855.15	0	.6465677	.2239381	.1294942	0
854.15	0	.6462832	.2241571	.1295596	0
853.15	0	.6459943	.224384	.1296216	0
852.15	0	.6457006	.2246193	.1296801	0
851.15	0	.6454017	.2248633	.129735	0
850.15	0	.6450971	.2251167	.1297862	0
849.15	0	.6447866	.2253799	.1298335	0
848.15	0	.6444695	.2256536	.1298769	0
847.15	0	.6441454	.2259384	.1299163	0
846.15	0	.6438138	.2262348	.1299513	0
845.15	0	.6434742	.2265438	.1299821	0
844.15	0	.6431259	.2268659	.1300083	0
843.15	0	.6427682	.227202	.1300298	0
842.15	0	.6424006	.2275531	.1300463	0
841.15	0	.6420223	.2279199	.1300578	0
840.15	0	.6414655	.2285015	.130033	0
839.15	0	.6406071	.2294458	.1299472	0
838.15	0	.6398029	.2303315	.1298656	0
837.15	0	.639049	.2311631	.1297879	0
836.15	0	.6383417	.2319445	.1297138	0
835.15	0	.6376778	.2326792	.129643	0
834.15	0	.6370543	.2333706	.1295751	0
833.15	0	.6364684	.2340216	.12951	0
832.15	0	.6359178	.2346348	.1294474	0
831.15	0	.6354001	.2352128	.1293871	0
830.15	0	.6349132	.2357578	.129329	0
829.15	0	.6344552	.2362719	.1292729	0
828.15	0	.6340243	.2367571	.1292186	0
827.15	0	.6336189	.237215	.129166	0
826.15	0	.6332375	.2376475	.129115	0
825.15	0	.6328785	.238056	.1290655	0
824.15	0	.6325408	.2384419	.1290173	0
823.15	0	.632223	.2388066	.1289704	0
822.15	0	.631924	.2391514	.1289246	0
821.15	0	.6316428	.2394773	.12888	0
820.15	0	.6313782	.2397854	.1288363	0
819.15	0	.6311295	.2400768	.1287937	0
818.15	0	.6308957	.2403525	.1287519	0
817.15	0	.6306759	.2406132	.1287109	0
816.15	0	.6304695	.2408599	.1286707	0
815.15	0	.6302756	.2410933	.1286312	0
814.15	0	.6300936	.2413141	.1285924	0
813.15	0	.6299227	.2415231	.1285542	0
812.15	0	.6297626	.2417209	.1285166	0
811.15	0	.6296124	.2419081	.1284795	0
810.15	0	.6294718	.2420853	.1284429	0
809.15	0	.6293401	.242253	.1284069	0
808.15	0	.6292169	.2424119	.1283712	0
807.15	0	.6291018	.2425622	.128336	0
806.15	0	.6289943	.2427046	.1283011	0
805.15	0	.6288939	.2428394	.1282667	0
804.15	0	.6288004	.2429671	.1282325	0
803.15	0	.6287133	.243088	.1281987	0
802.15	0	.6286323	.2432026	.1281651	0
801.15	0	.628557	.2433111	.1281319	0
800.15	0	.6284872	.2434139	.1280989	0
799.15	0	.6284225	.2435114	.1280661	0
798.15	0	.6283627	.2436037	.1280335	0
797.15	0	.6283076	.2436913	.1280012	0
796.15	0	.6282567	.2437743	.127969	0
795.15	0	.62821	.243853	.127937	0
794.15	0	.6281672	.2439277	.1279051	0
793.15	0	.628128	.2439986	.1278735	0
792.15	0	.6280923	.2440658	.1278419	0
791.15	0	.6280598	.2441297	.1278105	0
790.15	0	.6280304	.2441904	.1277792	0
789.15	0	.628004	.2442481	.127748	0
788.15	0	.6279802	.2443029	.1277168	0
787.15	0	.6279591	.2443551	.1276858	0
786.15	0	.6279404	.2444048	.1276549	0
785.15	0	.6279239	.2444521	.127624	0
784.15	0	.6279096	.2444972	.1275932	0
783.15	0	.6278974	.2445402	.1275624	0
782.15	0	.627887	.2445813	.1275317	0
781.15	0	.6278784	.2446206	.1275011	0
780.15	0	.6278714	.2446581	.1274704	0
779.15	0	.627866	.2446941	.1274399	0
778.15	0	.6278621	.2447286	.1274093	0
777.15	0	.6278596	.2447617	.1273787	0
776.15	0	.6278583	.2447935	.1273482	0
775.15	0	.6278582	.2448241	.1273177	0
774.15	0	.6278592	.2448536	.1272872	0
773.15	0	.6278612	.2448821	.1272567	0
772.15	0	.6278642	.2449097	.1272262	0
771.15	0	.627868	.2449363	.1271957	0
770.15	0	.6278727	.2449622	.1271651	0
769.15	0	.6278781	.2449873	.1271346	0
768.15	0	.6278842	.2450117	.1271041	0
767.15	0	.627891	.2450355	.1270735	0
766.15	0	.6278983	.2450588	.1270429	0
765.15	0	.6279061	.2450816	.1270123	0
764.15	0	.6279144	.2451039	.1269817	0
763.15	0	.6279231	.2451258	.126951	0
762.15	0	.6279323	.2451474	.1269203	0
761.15	0	.6279417	.2451687	.1268896	0
760.15	0	.6279515	.2451897	.1268588	0
759.15	0	.6279615	.2452105	.1268281	0
758.15	0	.6279717	.2452311	.1267972	0
757.15	0	.6279821	.2452515	.1267664	0
756.15	0	.6279927	.2452719	.1267354	0
755.15	0	.6280034	.2452921	.1267045	0
754.15	0	.6280142	.2453123	.1266735	0
753.15	0	.6280251	.2453325	.1266425	0
752.15	0	.628036	.2453527	.1266114	0
751.15	0	.6280469	.2453729	.1265802	0
750.15	0	.6280578	.2453932	.126549	0
749.15	0	.6280687	.2454135	.1265178	0
748.15	0	.6280795	.245434	.1264865	0
747.15	0	.6280903	.2454546	.1264552	0
746.15	0	.6281009	.2454753	.1264238	0
745.15	0	.628114	.2454943	.1263917	0
744.15	0	.6281242	.2455156	.1263602	0
743.15	0	.6281343	.2455369	.1263287	0
742.15	0	.6281443	.2455586	.1262971	0
741.15	0	.6281541	.2455804	.1262655	0
740.15	0	.6281637	.2456024	.1262338	0
739.15	0	.6281732	.2456248	.1262021	0
738.15	0	.6281824	.2456473	.1261703	0
737.15	0	.6281915	.2456702	.1261384	0
736.15	0	.6282003	.2456933	.1261065	0
735.15	0	.6282088	.2457167	.1260745	0
734.15	0	.6282172	.2457404	.1260424	0
733.15	0	.6282253	.2457644	.1260103	0
732.15	0	.6282331	.2457888	.1259781	0
731.15	0	.6282407	.2458134	.1259459	0
730.15	0	.6282479	.2458385	.1259136	0
729.15	0	.6282549	.2458638	.1258813	0
728.15	0	.6282616	.2458895	.1258488	0
727.15	0	.6282681	.2459156	.1258163	0
726.15	0	.6282742	.245942	.1257838	0
725.15	0	.62828	.2459688	.1257512	0
724.15	0	.6282855	.245996	.1257185	0
723.15	0	.6282907	.2460235	.1256858	0
722.15	0	.6282955	.2460514	.125653	0
721.15	0	.6283001	.2460797	.1256202	0
720.15	0	.6283043	.2461084	.1255873	0
719.15	0	.6283082	.2461375	.1255543	0
718.15	0	.6283118	.2461669	.1255213	0
717.15	0	.628315	.2461968	.1254882	0
716.15	0	.6283179	.2462271	.1254551	0
715.15	0	.6283205	.2462577	.1254219	0
714.15	0	.6283227	.2462887	.1253886	0
713.15	0	.6283246	.2463202	.1253553	0
712.15	0	.6283261	.246352	.1253219	0
711.15	0	.6283273	.2463843	.1252884	0
710.15	0	.6283282	.2464169	.125255	0
709.15	0	.6283287	.2464499	.1252214	0
708.15	0	.6283288	.2464834	.1251878	0
707.15	0	.6283287	.2465172	.1251541	0
706.15	0	.6283282	.2465514	.1251204	0
705.15	0	.6283273	.2465861	.1250866	0
704.15	0	.6283261	.2466211	.1250528	0
703.15	0	.6283245	.2466565	.1250189	0
702.15	0	.6283227	.2466924	.124985	0
701.15	0	.6283204	.2467286	.124951	0
700.15	0	.6283179	.2467652	.1249169	0
699.15	0	.628315	.2468022	.1248828	0
698.15	0	.6283117	.2468396	.1248487	0
697.15	0	.6283081	.2468774	.1248145	0
696.15	0	.6283042	.2469155	.1247802	0
695.15	0	.6283	.2469541	.1247459	0
694.15	0	.6282954	.246993	.1247116	0
693.15	0	.6282905	.2470324	.1246772	0
692.15	0	.6282852	.247072	.1246427	0
691.15	0	.6282797	.2471121	.1246082	0
690.15	0	.6282738	.2471526	.1245737	0
689.15	0	.6282676	.2471934	.1245391	0
688.15	0	.628261	.2472345	.1245044	0
687.15	0	.6282542	.2472761	.1244697	0
686.15	0	.628247	.247318	.124435	0
685.15	0	.6282395	.2473603	.1244002	0
684.15	0	.6282317	.2474029	.1243654	0
683.15	0	.6282236	.2474459	.1243305	0
682.15	0	.6282152	.2474892	.1242956	0
681.15	0	.6282064	.2475329	.1242607	0
680.15	0	.6281974	.2475769	.1242257	0
679.15	0	.628188	.2476213	.1241906	0
678.15	0	.6281784	.247666	.1241556	0
677.15	0	.6281685	.2477111	.1241205	0
676.15	0	.6281583	.2477565	.1240853	0
675.15	0	.6281477	.2478022	.1240501	0
674.15	0	.6281369	.2478482	.1240149	0
673.15	0	.6281258	.2478946	.1239796	0
672.15	0	.6281144	.2479413	.1239443	0
671.15	0	.6281028	.2479883	.123909	0
670.15	0	.6280908	.2480356	.1238736	0
669.15	0	.6280786	.2480832	.1238382	0
668.15	0	.6280661	.2481311	.1238027	0
667.15	0	.6280534	.2481794	.1237672	0
666.15	0	.6280403	.2482279	.1237317	0
665.15	0	.628027	.2482768	.1236962	0
664.15	0	.6280135	.2483259	.1236606	0
663.15	0	.6279997	.2483754	.123625	0
662.15	0	.6279856	.2484251	.1235894	0
661.15	0	.6279712	.2484751	.1235537	0
660.15	0	.6279566	.2485253	.123518	0
659.15	0	.6279418	.2485759	.1234823	0
658.15	0	.6279267	.2486268	.1234465	0
657.15	0	.6279114	.2486779	.1234108	0
656.15	0	.6278958	.2487292	.123375	0
655.15	0	.62788	.2487809	.1233391	0
654.15	0	.6278639	.2488328	.1233033	0
653.15	0	.6278476	.2488849	.1232674	0
652.15	0	.6278311	.2489374	.1232315	0
651.15	0	.6278144	.24899	.1231956	0
650.15	0	.6277974	.2490429	.1231597	0
649.15	0	.6277802	.2490961	.1231237	0
648.15	0	.6277628	.2491495	.1230877	0
647.15	0	.6277451	.2492031	.1230517	0
646.15	0	.6277273	.249257	.1230157	0
645.15	0	.6277092	.2493111	.1229797	0
644.15	0	.627691	.2493654	.1229436	0
643.15	0	.6276725	.24942	.1229076	0
642.15	0	.6276538	.2494748	.1228715	0
641.15	0	.6276349	.2495297	.1228354	0
640.15	0	.6276158	.249585	.1227993	0
639.15	0	.6275965	.2496404	.1227631	0
638.15	0	.627577	.249696	.122727	0
637.15	0	.6275573	.2497518	.1226908	0
636.15	0	.6275375	.2498079	.1226547	0
635.15	0	.6275174	.2498641	.1226185	0
634.15	0	.6274972	.2499205	.1225823	0
633.15	0	.6274768	.2499771	.1225461	0
632.15	0	.6274561	.250034	.1225099	0
631.15	0	.6274354	.2500909	.1224737	0
630.15	0	.6274144	.2501481	.1224375	0
629.15	0	.6273933	.2502055	.1224013	0
628.15	0	.627372	.250263	.122365	0
627.15	0	.6273505	.2503207	.1223288	0
626.15	0	.6273289	.2503786	.1222926	0
625.15	0	.6273071	.2504366	.1222563	0
624.15	0	.6272851	.2504948	.1222201	0
623.15	0	.627263	.2505532	.1221838	0
622.15	0	.6272407	.2506117	.1221476	0
621.15	0	.6272183	.2506703	.1221113	0
620.15	0	.6271957	.2507292	.1220751	0
619.15	0	.627173	.2507881	.1220388	0
618.15	0	.6271501	.2508472	.1220026	0
617.15	0	.6271271	.2509065	.1219664	0
616.15	0	.627104	.2509659	.1219301	0
615.15	0	.6270807	.2510254	.1218939	0
614.15	0	.6270572	.2510851	.1218577	0
613.15	0	.6270337	.2511449	.1218215	0
612.15	0	.62701	.2512048	.1217853	0
611.15	0	.6269861	.2512648	.1217491	0
610.15	0	.6269622	.251325	.1217129	0
609.15	0	.6269381	.2513853	.1216767	0
608.15	0	.6269138	.2514457	.1216405	0
607.15	0	.6268895	.2515062	.1216043	0
606.15	0	.626865	.2515668	.1215682	0
605.15	0	.6268405	.2516275	.121532	0
604.15	0	.6268158	.2516884	.1214959	0
603.15	0	.626791	.2517493	.1214598	0
602.15	0	.626766	.2518103	.1214236	0
601.15	0	.626741	.2518714	.1213876	0
600.15	0	.6267159	.2519327	.1213515	0
599.15	0	.6266906	.251994	.1213154	0
598.15	0	.6266653	.2520554	.1212794	0
597.15	0	.6266398	.2521168	.1212434	0
596.15	0	.6266143	.2521784	.1212074	0
595.15	0	.6265886	.25224	.1211714	0
594.15	0	.6265629	.2523017	.1211354	0
593.15	0	.626537	.2523635	.1210994	0
592.15	0	.6265111	.2524254	.1210635	0
591.15	0	.6264851	.2524873	.1210276	0
590.15	0	.626459	.2525493	.1209918	0
589.15	0	.6264328	.2526113	.1209559	0
588.15	0	.6264065	.2526734	.1209201	0
587.15	0	.6263801	.2527356	.1208843	0
586.15	0	.6263537	.2527978	.1208485	0
585.15	0	.6263272	.2528601	.1208127	0
584.15	0	.6263006	.2529224	.120777	0
583.15	0	.6262739	.2529848	.1207413	0
582.15	0	.6262471	.2530472	.1207056	0
581.15	0	.6262203	.2531097	.12067	0
580.15	0	.6261934	.2531722	.1206344	0
579.15	0	.6261665	.2532347	.1205988	0
578.15	0	.6261394	.2532973	.1205633	0
577.15	0	.6261123	.2533599	.1205278	0
576.15	0	.6260852	.2534225	.1204923	0
575.15	0	.626058	.2534852	.1204568	0
574.15	0	.6260307	.2535479	.1204214	0
573.15	0	.6260034	.2536106	.1203861	0
572.15	0	.625976	.2536733	.1203507	0
571.15	0	.6259485	.2537361	.1203154	0
570.15	0	.625921	.2537988	.1202802	0
569.15	0	.6258935	.2538616	.1202449	0
568.15	0	.6258659	.2539244	.1202098	0
567.15	0	.6258382	.2539872	.1201746	0
566.15	0	.6258105	.25405	.1201395	0
565.15	0	.6257828	.2541128	.1201045	0
564.15	0	.625755	.2541756	.1200694	0
563.15	0	.6257272	.2542384	.1200345	0
562.15	0	.6256993	.2543012	.1199995	0
561.15	0	.6256714	.254364	.1199646	0
560.15	0	.6256435	.2544267	.1199298	0
559.15	0	.6256155	.2544895	.119895	0
558.15	0	.6255875	.2545523	.1198603	0
557.15	0	.6255595	.254615	.1198255	0
556.15	0	.6255314	.2546777	.1197909	0
555.15	0	.6255033	.2547404	.1197563	0
554.15	0	.6254751	.2548031	.1197217	0
553.15	0	.625447	.2548658	.1196872	0
552.15	0	.6254188	.2549284	.1196528	0
551.15	0	.6253906	.2549911	.1196184	0
550.15	0	.6253624	.2550536	.119584	0
549.15	0	.6253341	.2551162	.1195497	0
548.15	0	.6253058	.2551787	.1195155	0
547.15	0	.6252775	.2552412	.1194813	0
546.15	0	.6252492	.2553036	.1194472	0
545.15	0	.6252209	.255366	.1194131	0
544.15	0	.6251926	.2554284	.1193791	0
543.15	0	.6251642	.2554907	.1193451	0
542.15	0	.6251359	.255553	.1193112	0
541.15	0	.6251075	.2556152	.1192773	0
540.15	0	.6250791	.2556773	.1192436	0
539.15	0	.6250507	.2557395	.1192098	0
538.15	0	.6250223	.2558015	.1191762	0
537.15	0	.6249939	.2558635	.1191426	0
536.15	0	.6249655	.2559255	.119109	0
535.15	0	.6249371	.2559874	.1190755	0
534.15	0	.6249087	.2560492	.1190421	0
533.15	0	.6248803	.2561109	.1190088	0
532.15	0	.6248519	.2561726	.1189755	0
531.15	0	.6248235	.2562342	.1189423	0
530.15	0	.6247951	.2562958	.1189091	0
529.15	0	.6247667	.2563573	.118876	0
528.15	0	.6247383	.2564187	.118843	0
527.15	0	.6247099	.25648	.1188101	0
526.15	0	.6246816	.2565413	.1187772	0
525.15	0	.6246532	.2566025	.1187444	0
524.15	0	.6246248	.2566635	.1187116	0
523.15	0	.6245965	.2567245	.118679	0
522.15	0	.6245682	.2567855	.1186464	0
521.15	0	.6245399	.2568463	.1186138	0
520.15	0	.6245116	.2569071	.1185814	0
519.15	0	.6244833	.2569677	.118549	0
518.15	0	.624455	.2570283	.1185167	0
517.15	0	.6244268	.2570888	.1184845	0
516.15	0	.6243985	.2571491	.1184523	0
515.15	0	.6243703	.2572094	.1184203	0
514.15	0	.6243422	.2572696	.1183883	0
513.15	0	.624314	.2573297	.1183563	0
512.15	0	.6242859	.2573897	.1183245	0
511.15	0	.6242578	.2574495	.1182927	0
510.15	0	.6242297	.2575093	.1182611	0
509.15	0	.6242016	.2575689	.1182295	0
508.15	0	.6241736	.2576285	.1181979	0
507.15	0	.6241456	.2576879	.1181665	0
506.15	0	.6241176	.2577472	.1181351	0
505.15	0	.6240897	.2578065	.1181039	0
504.15	0	.6240618	.2578656	.1180727	0
503.15	0	.6240339	.2579245	.1180416	0
502.15	0	.6240061	.2579834	.1180106	0
501.15	0	.6239783	.2580421	.1179796	0
500.15	0	.6239505	.2581008	.1179488	0
499.15	0	.6239228	.2581592	.117918	0
498.15	0	.6238951	.2582176	.1178873	0
497.15	0	.6238676	.2582758	.1178566	0
496.15	0	.62384	.2583339	.1178261	0
495.15	0	.6238124	.2583919	.1177957	0
494.15	0	.6237849	.2584498	.1177654	0
493.15	0	.6237574	.2585075	.1177351	0
492.15	0	.6237299	.2585651	.117705	0
491.15	0	.6237025	.2586225	.117675	0
490.15	0	.6236752	.2586798	.117645	0
489.15	0	.6236479	.258737	.1176151	0
488.15	0	.6236206	.258794	.1175854	0
487.15	0	.6235934	.2588509	.1175557	0
486.15	0	.6235663	.2589076	.1175261	0
485.15	0	.6235391	.2589642	.1174966	0
484.15	0	.6235121	.2590207	.1174673	0
483.15	0	.6234851	.259077	.1174379	0
482.15	0	.6234581	.2591331	.1174088	0
481.15	0	.6234312	.2591891	.1173797	0
480.15	0	.6234043	.259245	.1173507	0
479.15	0	.6233775	.2593007	.1173218	0
478.15	0	.6233508	.2593562	.117293	0
477.15	0	.6233241	.2594116	.1172643	0
476.15	0	.6232975	.2594669	.1172357	0
475.15	0	.6232709	.2595219	.1172072	0
474.15	0	.6232444	.2595768	.1171788	0
473.15	0	.6232179	.2596316	.1171505	0
472.15	0	.6231916	.2596862	.1171223	0
471.15	0	.6231652	.2597406	.1170942	0
470.15	0	.6231389	.2597949	.1170662	0
469.15	0	.6231127	.259849	.1170383	0
468.15	0	.6230866	.2599029	.1170105	0
467.15	0	.6230605	.2599567	.1169829	0
466.15	0	.6230345	.2600102	.1169553	0
465.15	0	.6230085	.2600637	.1169278	0
464.15	0	.6229826	.2601169	.1169005	0
463.15	0	.6229568	.26017	.1168732	0
462.15	0	.622931	.2602229	.1168461	0
461.15	0	.6229053	.2602756	.1168191	0
460.15	0	.6228797	.2603281	.1167922	0
459.15	0	.6228542	.2603805	.1167654	0
458.2318	0	.6228307	.2604284	.1167408	0
458.2318	0	.6228307	.2604284	.1167408	0
458.2318	0	.6228307	.2604284	.1167408	0
458.15	0	.6228508	.2603816	.116715	5.256791E-05
457.15	0	.6230952	.2598104	.1163997	6.946305E-04
456.15	0	.6233387	.2592407	.1160852	.001335414
455.15	0	.6235812	.2586724	.1157714	.001974929
454.15	0	.6238229	.2581055	.1154584	.002613187
453.15	0	.6240636	.2575401	.1151461	.003250199
452.15	0	.6243035	.256976	.1148345	.003885976
451.15	0	.6245424	.2564134	.1145237	.004520528
450.15	0	.6247806	.255852	.1142136	.005153868
449.15	0	.6250179	.255292	.1139042	.005786019
448.15	0	.6252544	.2547332	.1135955	.006416981
447.15	0	.62549	.2541757	.1132875	.007046764
446.15	0	.6257249	.2536195	.1129802	.00767538
445.15	0	.625959	.2530645	.1126736	.00830284
444.15	0	.6261923	.2525108	.1123677	.008929155
443.15	0	.6264249	.2519582	.1120626	.009554338
442.15	0	.6266567	.2514068	.1117581	.0101784
441.15	0	.6268878	.2508566	.1114543	.01080135
440.15	0	.6271182	.2503074	.1111511	.0114232
439.15	0	.6273479	.2497594	.1108487	.01204396
438.15	0	.627577	.2492125	.1105469	.01266364
437.15	0	.6278054	.2486666	.1102458	.01328226
436.15	0	.6280331	.2481218	.1099453	.01389981
435.15	0	.6282602	.247578	.1096456	.01451632
434.15	0	.6284866	.2470352	.1093465	.01513179
433.15	0	.6287124	.2464933	.109048	.01574624
432.15	0	.6289377	.2459525	.1087502	.01635966
431.15	0	.6291623	.2454125	.1084531	.01697208
430.15	0	.6293864	.2448735	.1081566	.01758351
429.15	0	.6296099	.2443355	.1078607	.01819394
428.15	0	.6298329	.2437983	.1075655	.01880339
427.15	0	.6300553	.2432619	.1072709	.01941187
426.15	0	.6302772	.2427265	.106977	.02001939
425.15	0	.6304985	.2421919	.1066837	.02062596
424.15	0	.6307194	.2416581	.106391	.02123159
423.15	0	.6309397	.2411251	.1060989	.02183628
422.15	0	.6311596	.2405929	.1058075	.02244005
421.15	0	.6313789	.2400615	.1055167	.0230429
420.15	0	.6315979	.2395308	.1052265	.02364484
419.15	0	.6318163	.2390009	.1049369	.02424588
418.15	0	.6320343	.2384718	.1046479	.02484602
417.15	0	.6322519	.2379433	.1043595	.02544529
416.15	0	.632469	.2374156	.1040718	.02604368
415.15	0	.6326857	.2368885	.1037846	.02664119
414.15	0	.632902	.2363621	.103498	.02723785
413.15	0	.6331179	.2358364	.103212	.02783366
412.15	0	.6333333	.2353114	.1029267	.02842862
411.15	0	.6335484	.234787	.1026419	.02902275
410.15	0	.6337631	.2342632	.1023576	.02961604
409.15	0	.6339775	.23374	.102074	.03020851
408.15	0	.6341914	.2332174	.101791	.03080017
407.15	0	.634405	.2326955	.1015085	.03139102
406.15	0	.6346183	.2321741	.1012266	.03198106
405.15	0	.6348312	.2316532	.1009452	.03257032
404.15	0	.6350438	.231133	.1006645	.03315878
403.15	0	.635256	.2306132	.1003843	.03374647
402.15	0	.6354679	.2300941	.1001046	.03433338
401.15	0	.6356795	.2295754	.09982554	.03491952
400.15	0	.6358908	.2290573	.09954701	.03550491
399.15	0	.6361018	.2285396	.09926904	.03608953
398.15	0	.6363125	.2280225	.09899161	.03667342
397.15	0	.6365229	.2275058	.09871474	.03725656
396.15	0	.636733	.2269897	.0984384	.03783896
395.15	0	.6369428	.226474	.09816261	.03842064
394.15	0	.6371523	.2259587	.09788736	.0390016
393.15	0	.6373616	.2254439	.09761264	.03958183
392.15	0	.6375706	.2249296	.09733846	.04016136
391.15	0	.6377794	.2244156	.09706481	.04074018
390.15	0	.6379879	.2239021	.09679169	.0413183
389.15	0	.6381961	.2233891	.09651909	.04189573
388.15	0	.6384041	.2228764	.09624702	.04247247
387.15	0	.6386119	.2223641	.09597547	.04304853
386.15	0	.6388194	.2218522	.09570444	.04362391
385.15	0	.6390267	.2213407	.09543392	.04419862
384.15	0	.6392338	.2208296	.09516391	.04477267
383.15	0	.6394407	.2203189	.09489442	.04534605
382.15	0	.6396473	.2198085	.09462543	.04591878
381.15	0	.6398537	.2192985	.09435695	.04649086
380.15	0	.64006	.2187888	.09408897	.04706229
379.15	0	.640266	.2182795	.09382149	.04763308
378.15	0	.6404718	.2177705	.09355451	.04820324
377.15	0	.6406774	.2172618	.09328802	.04877277
376.15	0	.6408828	.2167535	.09302203	.04934167
375.15	0	.6410881	.2162454	.09275653	.04990995
374.15	0	.6412931	.2157377	.09249152	.05047762
373.15	0	.641498	.2152303	.09222699	.05104467
372.15	0	.6417027	.2147232	.09196295	.05161112
371.15	0	.6419072	.2142164	.09169939	.05217697
