T	 BPW(LIQUID)	BPW(BCC_A2)	BPW(FCC_A1)	BPW(LAVES_PHASE_C14)	BPW(NI3TI)
1473.15	.008219415	.5060025	.4857781	0	0
1472.15	.003629112	.5042013	.4921696	0	0
1471.359	0	.5027855	.4972145	0	0
1471.359	0	.5027855	.4972145	0	0
1471.15	0	.5023885	.4976115	0	0
1470.15	0	.5004923	.4995077	0	0
1469.15	0	.4985998	.5014002	0	0
1468.15	0	.4967109	.5032891	0	0
1467.15	0	.4948257	.5051743	0	0
1466.15	0	.4929442	.5070558	0	0
1465.15	0	.4910663	.5089337	0	0
1464.15	0	.4891921	.5108079	0	0
1463.15	0	.4873215	.5126785	0	0
1462.15	0	.4854546	.5145454	0	0
1461.15	0	.4835913	.5164087	0	0
1460.15	0	.4817317	.5182683	0	0
1459.15	0	.4798757	.5201243	0	0
1458.15	0	.4780233	.5219767	0	0
1457.15	0	.4761746	.5238254	0	0
1456.15	0	.4743295	.5256705	0	0
1455.15	0	.4724881	.5275119	0	0
1454.15	0	.4706502	.5293498	0	0
1453.15	0	.468816	.531184	0	0
1452.15	0	.4669854	.5330146	0	0
1451.15	0	.4651584	.5348416	0	0
1450.15	0	.4633351	.5366649	0	0
1449.15	0	.4615153	.5384847	0	0
1448.15	0	.4596992	.5403008	0	0
1447.15	0	.4578866	.5421134	0	0
1446.15	0	.4560777	.5439223	0	0
1445.15	0	.4542723	.5457277	0	0
1444.15	0	.4524706	.5475294	0	0
1443.15	0	.4506724	.5493276	0	0
1442.15	0	.4488778	.5511222	0	0
1441.15	0	.4470869	.5529131	0	0
1440.15	0	.4452995	.5547005	0	0
1439.15	0	.4435157	.5564843	0	0
1438.15	0	.4417355	.5582645	0	0
1437.15	0	.4399588	.5600412	0	0
1436.15	0	.4381858	.5618142	0	0
1435.15	0	.4364163	.5635837	0	0
1434.15	0	.4346504	.5653496	0	0
1433.15	0	.4328881	.567112	0	0
1432.15	0	.4311293	.5688707	0	0
1431.15	0	.4293741	.5706259	0	0
1430.15	0	.4276225	.5723775	0	0
1429.15	0	.4258744	.5741256	0	0
1428.15	0	.42413	.5758701	0	0
1427.15	0	.422389	.577611	0	0
1426.15	0	.4206517	.5793483	0	0
1425.15	0	.4189179	.5810821	0	0
1424.15	0	.4171877	.5828124	0	0
1423.15	0	.415461	.584539	0	0
1422.15	0	.4137379	.5862621	0	0
1421.15	0	.4120183	.5879817	0	0
1420.15	0	.4103023	.5896977	0	0
1419.15	0	.4085899	.5914101	0	0
1418.15	0	.406881	.593119	0	0
1417.15	0	.4051756	.5948244	0	0
1416.15	0	.4034739	.5965261	0	0
1415.15	0	.4017756	.5982244	0	0
1414.15	0	.400081	.599919	0	0
1413.15	0	.3983899	.6016102	0	0
1412.15	0	.3967023	.6032977	0	0
1411.15	0	.3950183	.6049817	0	0
1410.15	0	.3933378	.6066622	0	0
1409.15	0	.3916609	.6083391	0	0
1408.15	0	.3899875	.6100125	0	0
1407.15	0	.3883177	.6116823	0	0
1406.15	0	.3866515	.6133485	0	0
1405.15	0	.3849888	.6150112	0	0
1404.15	0	.3833296	.6166704	0	0
1403.15	0	.381674	.618326	0	0
1402.15	0	.380022	.619978	0	0
1401.15	0	.3783735	.6216265	0	0
1400.15	0	.3767286	.6232714	0	0
1399.15	0	.3750872	.6249128	0	0
1398.15	0	.3734494	.6265506	0	0
1397.15	0	.3718151	.6281849	0	0
1396.15	0	.3701844	.6298156	0	0
1395.15	0	.3685572	.6314428	0	0
1394.15	0	.3669336	.6330664	0	0
1393.15	0	.3653136	.6346864	0	0
1392.15	0	.3636971	.6363029	0	0
1391.15	0	.3620842	.6379158	0	0
1390.15	0	.3604749	.6395251	0	0
1389.15	0	.3588691	.6411309	0	0
1388.15	0	.3572669	.6427331	0	0
1387.15	0	.3556683	.6443317	0	0
1386.15	0	.3540732	.6459268	0	0
1385.15	0	.3524817	.6475183	0	0
1384.15	0	.3508938	.6491062	0	0
1383.15	0	.3493095	.6506905	0	0
1382.15	0	.3477287	.6522713	0	0
1381.15	0	.3461515	.6538485	0	0
1380.15	0	.3445779	.6554221	0	0
1379.15	0	.3430079	.6569921	0	0
1378.15	0	.3414415	.6585585	0	0
1377.15	0	.3398787	.6601214	0	0
1376.15	0	.3383194	.6616806	0	0
1375.15	0	.3367638	.6632362	0	0
1374.15	0	.3352117	.6647883	0	0
1373.15	0	.3336633	.6663367	0	0
1372.15	0	.3321184	.6678816	0	0
1371.15	0	.3305772	.6694228	0	0
1370.15	0	.3290396	.6709604	0	0
1369.15	0	.3275056	.6724944	0	0
1368.15	0	.3259752	.6740248	0	0
1367.15	0	.3244484	.6755516	0	0
1366.15	0	.3229253	.6770747	0	0
1365.15	0	.3214057	.6785943	0	0
1364.15	0	.3198899	.6801101	0	0
1363.15	0	.3183776	.6816224	0	0
1362.15	0	.316869	.683131	0	0
1361.15	0	.315364	.684636	0	0
1360.15	0	.3138627	.6861373	0	0
1359.15	0	.312365	.687635	0	0
1358.15	0	.310871	.689129	0	0
1357.15	0	.3093807	.6906193	0	0
1356.15	0	.307894	.692106	0	0
1355.15	0	.306411	.693589	0	0
1354.15	0	.3049316	.6950684	0	0
1353.15	0	.303456	.696544	0	0
1352.15	0	.301984	.698016	0	0
1351.15	0	.3005157	.6994843	0	0
1350.15	0	.2990511	.7009489	0	0
1349.15	0	.2975902	.7024098	0	0
1348.15	0	.296133	.703867	0	0
1347.15	0	.2946796	.7053204	0	0
1346.15	0	.2932298	.7067702	0	0
1345.15	0	.2917838	.7082162	0	0
1344.15	0	.2903415	.7096585	0	0
1343.15	0	.2889029	.7110971	0	0
1342.15	0	.2874681	.712532	0	0
1341.15	0	.286037	.713963	0	0
1340.15	0	.2846096	.7153904	0	0
1339.15	0	.2831861	.716814	0	0
1338.15	0	.2817662	.7182338	0	0
1337.15	0	.2803502	.7196498	0	0
1336.15	0	.2789379	.7210621	0	0
1335.15	0	.2775295	.7224705	0	0
1334.15	0	.2761248	.7238752	0	0
1333.15	0	.2747239	.7252761	0	0
1332.15	0	.2733268	.7266732	0	0
1331.15	0	.2719336	.7280664	0	0
1330.15	0	.2705441	.7294559	0	0
1329.15	0	.2691585	.7308415	0	0
1328.15	0	.2677768	.7322232	0	0
1327.15	0	.2663989	.7336012	0	0
1326.15	0	.2650248	.7349752	0	0
1325.15	0	.2636546	.7363454	0	0
1324.15	0	.2622882	.7377118	0	0
1323.15	0	.2609258	.7390742	0	0
1322.15	0	.2595672	.7404328	0	0
1321.15	0	.2582125	.7417875	0	0
1320.15	0	.2568618	.7431382	0	0
1319.15	0	.2555149	.7444851	0	0
1318.15	0	.254172	.745828	0	0
1317.15	0	.252833	.747167	0	0
1316.15	0	.2514979	.7485021	0	0
1315.15	0	.2501668	.7498332	0	0
1314.15	0	.2488397	.7511603	0	0
1313.15	0	.2475165	.7524835	0	0
1312.15	0	.2461973	.7538027	0	0
1311.15	0	.2448821	.7551179	0	0
1310.15	0	.2435709	.7564291	0	0
1309.15	0	.2422637	.7577363	0	0
1308.15	0	.2409605	.7590395	0	0
1307.15	0	.2396614	.7603386	0	0
1306.15	0	.2383663	.7616337	0	0
1305.15	0	.2370752	.7629248	0	0
1304.15	0	.2357882	.7642118	0	0
1303.15	0	.2345053	.7654947	0	0
1302.15	0	.2332265	.7667735	0	0
1301.15	0	.2319518	.7680482	0	0
1300.15	0	.2306812	.7693188	0	0
1299.15	0	.2294147	.7705853	0	0
1298.15	0	.2281523	.7718477	0	0
1297.15	0	.2268941	.7731059	0	0
1296.15	0	.2256401	.7743599	0	0
1295.15	0	.2243902	.7756098	0	0
1294.15	0	.2231445	.7768555	0	0
1293.15	0	.221903	.778097	0	0
1292.15	0	.2206657	.7793343	0	0
1291.15	0	.2194327	.7805673	0	0
1290.15	0	.2182039	.7817961	0	0
1289.15	0	.2169793	.7830207	0	0
1288.15	0	.215759	.784241	0	0
1287.15	0	.214543	.785457	0	0
1286.15	0	.2133312	.7866688	0	0
1285.15	0	.2121238	.7878762	0	0
1284.15	0	.2109207	.7890793	0	0
1283.15	0	.2097219	.7902781	0	0
1282.15	0	.2085275	.7914725	0	0
1281.15	0	.2073374	.7926626	0	0
1280.15	0	.2061517	.7938483	0	0
1279.15	0	.2049705	.7950295	0	0
1278.15	0	.2037936	.7962064	0	0
1277.15	0	.2026211	.7973789	0	0
1276.15	0	.2014531	.7985469	0	0
1275.15	0	.2002896	.7997104	0	0
1274.15	0	.1991305	.8008695	0	0
1273.15	0	.1979759	.8020241	0	0
1272.15	0	.1968259	.8031741	0	0
1271.15	0	.1956803	.8043197	0	0
1270.15	0	.1945393	.8054607	0	0
1269.15	0	.1934029	.8065971	0	0
1268.15	0	.192271	.807729	0	0
1267.15	0	.1911437	.8088563	0	0
1266.15	0	.190021	.809979	0	0
1265.15	0	.188903	.811097	0	0
1264.15	0	.1877896	.8122104	0	0
1263.15	0	.1866809	.8133191	0	0
1262.15	0	.1855768	.8144232	0	0
1261.15	0	.1844775	.8155225	0	0
1260.15	0	.1833829	.8166171	0	0
1259.15	0	.182293	.817707	0	0
1258.15	0	.1812079	.8187921	0	0
1257.15	0	.1801276	.8198724	0	0
1256.15	0	.179052	.820948	0	0
1255.15	0	.1779813	.8220187	0	0
1254.15	0	.1769155	.8230845	0	0
1253.15	0	.1758545	.8241455	0	0
1252.15	0	.1747983	.8252017	0	0
1251.15	0	.1737471	.8262529	0	0
1250.15	0	.1727008	.8272992	0	0
1249.15	0	.1716595	.8283405	0	0
1248.15	0	.1706231	.8293769	0	0
1247.15	0	.1695917	.8304083	0	0
1246.15	0	.1685654	.8314346	0	0
1245.15	0	.167544	.832456	0	0
1244.15	0	.1665278	.8334723	0	0
1243.15	0	.1655165	.8344835	0	0
1242.15	0	.1645105	.8354895	0	0
1241.15	0	.1635095	.8364905	0	0
1240.15	0	.1625137	.8374863	0	0
1239.15	0	.161523	.838477	0	0
1238.15	0	.1605376	.8394624	0	0
1237.15	0	.1595574	.8404426	0	0
1236.15	0	.1585824	.8414176	0	0
1235.15	0	.1576127	.8423873	0	0
1234.15	0	.1566483	.8433517	0	0
1233.15	0	.1556893	.8443107	0	0
1232.15	0	.1547355	.8452645	0	0
1231.15	0	.1537872	.8462128	0	0
1230.15	0	.1528443	.8471557	0	0
1229.15	0	.1519067	.8480933	0	0
1228.15	0	.1509747	.8490253	0	0
1227.15	0	.1500481	.8499519	0	0
1226.15	0	.149127	.850873	0	0
1225.15	0	.1482115	.8517885	0	0
1224.15	0	.1473016	.8526984	0	0
1223.15	0	.1463972	.8536028	0	0
1222.15	0	.1454984	.8545016	0	0
1221.15	0	.1446053	.8553947	0	0
1220.15	0	.1437179	.8562821	0	0
1219.15	0	.1428362	.8571638	0	0
1218.15	0	.1419602	.8580398	0	0
1217.15	0	.14109	.85891	0	0
1216.15	0	.1402257	.8597744	0	0
1215.15	0	.1393671	.8606329	0	0
1214.15	0	.1385144	.8614856	0	0
1213.15	0	.1376675	.8623325	0	0
1212.15	0	.1368267	.8631733	0	0
1211.15	0	.1359917	.8640083	0	0
1210.15	0	.1351628	.8648372	0	0
1209.15	0	.1343398	.8656602	0	0
1208.241	0	.1335967	.8664033	0	0
1208.241	0	.1335967	.8664033	0	0
1208.241	0	.1335967	.8664033	0	0
1208.15	0	.1334591	.8665039	3.695943E-05	0
1207.15	0	.1319442	.8676113	4.445447E-04	0
1206.15	0	.1304362	.8687127	8.510564E-04	0
1205.15	0	.1289353	.8698082	.001256498	0
1204.15	0	.1274414	.8708977	.001660872	0
1203.15	0	.1259546	.8719812	.002064182	0
1202.15	0	.124475	.8730586	.00246643	0
1201.15	0	.1230024	.8741299	.002867621	0
1200.15	0	.1215371	.8751952	.003267757	0
1199.15	0	.1200789	.8762543	.003666841	0
1198.15	0	.1186279	.8773072	.004064876	0
1197.15	0	.1171842	.8783539	.004461864	0
1196.15	0	.1157477	.8793944	.00485781	0
1195.15	0	.1143186	.8804287	.005252716	0
1194.15	0	.1128968	.8814566	.005646584	0
1193.15	0	.1114824	.8824782	.006039418	0
1192.15	0	.1100753	.8834935	.006431221	0
1191.15	0	.1086757	.8845023	.006821994	0
1190.15	0	.1072835	.8855048	.007211742	0
1189.15	0	.1058988	.8865007	.007600466	0
1188.15	0	.1045216	.8874902	.00798817	0
1187.15	0	.103152	.8884731	.008374856	0
1186.15	0	.10179	.8894495	.008760528	0
1185.15	0	.1004356	.8904192	.009145186	0
1184.15	0	.09908882	.8913823	.009528835	0
1183.15	0	.09774976	.8923388	.009911477	0
1182.15	0	.09641842	.8932885	.01029311	0
1181.15	0	.09509484	.8942314	.01067375	0
1180.15	0	.09377906	.8951676	.01105339	0
1179.15	0	.09247112	.8960969	.01143202	0
1178.15	0	.09117105	.8970193	.01180967	0
1177.15	0	.0898789	.8979348	.01218632	0
1176.15	0	.08859469	.8988433	.01256198	0
1175.15	0	.08731848	.8997449	.01293666	0
1174.15	0	.0860503	.9006394	.01331035	0
1173.15	0	.08479019	.9015268	.01368306	0
1172.15	0	.08353819	.902407	.01405478	0
1171.15	0	.08229435	.9032801	.01442553	0
1170.15	0	.0810587	.904146	.01479531	0
1169.15	0	.0798313	.9050046	.01516411	0
1168.15	0	.07861218	.9058559	.01553194	0
1167.15	0	.07740139	.9066998	.0158988	0
1166.15	0	.07619898	.9075363	.01626469	0
1165.15	0	.07500499	.9083654	.01662962	0
1164.15	0	.07381946	.909187	.01699359	0
1163.15	0	.07264244	.910001	.0173566	0
1162.15	0	.07147399	.9108074	.01771865	0
1161.15	0	.07031414	.9116061	.01807974	0
1160.15	0	.06916295	.9123972	.01843988	0
1159.15	0	.06802047	.9131805	.01879907	0
1158.15	0	.06688675	.913956	.0191573	0
1157.15	0	.06576184	.9147236	.01951459	0
1156.15	0	.06464578	.9154833	.01987093	0
1155.15	0	.06353864	.916235	.02022633	0
1154.15	0	.06244037	.9169788	.02058079	0
1153.15	0	.06135122	.9177145	.0209343	0
1152.15	0	.06027113	.918442	.02128687	0
1151.15	0	.05920017	.9191613	.02163851	0
1150.15	0	.0581384	.9198724	.02198921	0
1149.15	0	.05708586	.9205752	.02233898	0
1148.15	0	.05604263	.9212696	.02268781	0
1147.15	0	.05500875	.9219555	.02303572	0
1146.15	0	.05398428	.922633	.0233827	0
1145.15	0	.05296928	.923302	.02372874	0
1144.15	0	.05196382	.9239623	.02407387	0
1143.15	0	.05096795	.924614	.02441807	0
1142.15	0	.04998174	.9252569	.02476134	0
1141.15	0	.04900524	.9258911	.0251037	0
1140.15	0	.04803853	.9265163	.02544514	0
1139.15	0	.04708166	.9271327	.02578565	0
1138.15	0	.0461347	.92774	.02612526	0
1137.15	0	.04519772	.9283383	.02646394	0
1136.15	0	.04427078	.9289275	.02680172	0
1135.15	0	.04335395	.9295075	.02713858	0
1134.15	0	.04244729	.9300782	.02747452	0
1133.15	0	.04155088	.9306396	.02780956	0
1132.15	0	.04066478	.9311915	.02814369	0
1131.15	0	.03978907	.931734	.02847692	0
1130.15	0	.03892381	.932267	.02880923	0
1129.15	0	.03806908	.9327903	.02914064	0
1128.15	0	.03722495	.9333039	.02947115	0
1127.15	0	.0363915	.9338078	.02980075	0
1126.15	0	.03556879	.9343018	.03012946	0
1125.15	0	.03475691	.9347858	.03045726	0
1124.15	0	.03395593	.9352599	.03078416	0
1123.15	0	.03316592	.9357239	.03111016	0
1122.15	0	.03238697	.9361778	.03143527	0
1121.15	0	.03161915	.9366214	.03175947	0
1120.15	0	.03086254	.9370547	.03208278	0
1119.15	0	.03011723	.9374776	.0324052	0
1118.15	0	.02938329	.93789	.03272672	0
1117.15	0	.0286608	.9382919	.03304735	0
1116.15	0	.02794986	.9386831	.03336708	0
1115.15	0	.02725053	.9390635	.03368593	0
1114.15	0	.02656292	.9394332	.03400388	0
1113.15	0	.02588709	.939792	.03432094	0
1112.15	0	.02522314	.9401397	.03463711	0
1111.15	0	.02457116	.9404764	.03495239	0
1110.15	0	.02393124	.940802	.03526679	0
1109.15	0	.02330345	.9411163	.03558029	0
1108.15	0	.0226879	.9414192	.0358929	0
1107.15	0	.02208467	.9417107	.03620463	0
1106.15	0	.02149386	.9419907	.03651547	0
1105.15	0	.02091555	.942259	.03682543	0
1104.15	0	.02034984	.9425157	.0371345	0
1103.15	0	.01979682	.9427605	.03744268	0
1102.15	0	.0192566	.9429934	.03774998	0
1101.15	0	.01872926	.9432144	.03805639	0
1100.15	0	.0182149	.9434232	.03836191	0
1099.15	0	.01771362	.9436198	.03866656	0
1098.15	0	.01722552	.9438042	.03897031	0
1097.15	0	.01675069	.9439761	.03927319	0
1096.15	0	.01628924	.9441356	.03957517	0
1095.15	0	.01584127	.9442825	.03987628	0
1094.15	0	.01540688	.9444166	.0401765	0
1093.15	0	.01498616	.944538	.04047583	0
1092.15	0	.01457924	.9446465	.04077428	0
1091.15	0	.0141862	.944742	.04107185	0
1090.15	0	.01380715	.9448243	.04136853	0
1089.15	0	.01344221	.9448935	.04166433	0
1088.15	0	.01309147	.9449493	.04195924	0
1087.15	0	.01275504	.9449917	.04225327	0
1086.15	0	.01243303	.9450206	.04254641	0
1085.15	0	.01212556	.9450358	.04283867	0
1084.15	0	.01183272	.9450373	.04313004	0
1083.15	0	.01155463	.9450249	.04342052	0
1082.15	0	.0112914	.9449985	.04371012	0
1081.15	0	.01104314	.944958	.04399883	0
1080.15	0	.01080997	.9449034	.04428665	0
1079.15	0	.010592	.9448344	.04457359	0
1078.15	0	.01038933	.944751	.04485964	0
1077.15	0	.01020209	.9446531	.04514479	0
1076.15	0	.01003039	.9445405	.04542906	0
1075.15	0	.009874348	.9444132	.04571244	0
1074.15	0	.009734074	.944271	.04599493	0
1073.15	0	.009609688	.9441138	.04627652	0
1072.15	0	.009501307	.9439415	.04655723	0
1071.15	0	.009409049	.9437539	.04683704	0
1070.15	0	.009333031	.943551	.04711595	0
1069.15	0	.009273373	.9433326	.04739397	0
1068.15	0	.009230193	.9430987	.0476711	0
1067.15	0	.009203611	.9428491	.04794733	0
1066.15	0	.009193747	.9425836	.04822266	0
1065.15	0	.009200721	.9423022	.04849709	0
1064.15	0	.009224653	.9420047	.04877062	0
1063.15	0	.009265666	.9416911	.04904325	0
1062.15	0	.009323879	.9413611	.04931498	0
1061.15	0	.009399415	.9410148	.04958581	0
1060.15	0	.009492394	.9406519	.04985573	0
1059.15	0	.00960294	.9402723	.05012474	0
1058.15	0	.009731173	.939876	.05039285	0
1057.15	0	.009877217	.9394627	.05066005	0
1056.15	0	.01004119	.9390325	.05092634	0
1055.15	0	.01022322	.9385851	.05119172	0
1054.15	0	.01042343	.9381204	.05145619	0
1053.15	0	.01064194	.9376383	.05171974	0
1052.15	0	.01087887	.9371388	.05198238	0
1051.15	0	.01113434	.9366216	.0522441	0
1050.15	0	.01140848	.9360866	.0525049	0
1049.15	0	.0117014	.9355338	.05276478	0
1048.15	0	.01201324	.934963	.05302374	0
1047.15	0	.0123441	.9343741	.05328178	0
1046.15	0	.01269412	.933767	.05353889	0
1045.15	0	.0130634	.9331415	.05379507	0
1044.15	0	.01345208	.9324976	.05405032	0
1043.15	0	.01386027	.9318351	.05430464	0
1042.15	0	.01428809	.9311539	.05455803	0
1041.15	0	.01473566	.9304539	.05481048	0
1040.15	0	.0152031	.9297349	.05506199	0
1039.15	0	.01569052	.9289969	.05531257	0
1038.15	0	.01619803	.9282398	.0555622	0
1037.15	0	.01672577	.9274633	.05581089	0
1036.15	0	.01727384	.9266675	.05605864	0
1035.15	0	.01784235	.9258522	.05630543	0
1034.15	0	.01843142	.9250173	.05655128	0
1033.15	0	.01904116	.9241627	.05679617	0
1032.15	0	.01967167	.9232882	.0570401	0
1031.15	0	.02032308	.9223938	.05728308	0
1030.15	0	.02099549	.9214794	.0575251	0
1029.15	0	.021689	.9205448	.05776615	0
1028.15	0	.02240372	.91959	.05800624	0
1027.15	0	.02313976	.9186149	.05824536	0
1026.15	0	.02389722	.9176193	.05848351	0
1025.15	0	.0246762	.9166031	.05872069	0
1024.15	0	.02547679	.9155663	.05895689	0
1023.15	0	.02629911	.9145088	.05919211	0
1022.15	0	.02714324	.9134304	.05942634	0
1021.15	0	.02800928	.9123311	.05965959	0
1020.15	0	.02889732	.9112108	.05989185	0
1019.15	0	.02980745	.9100694	.06012312	0
1018.15	0	.03073977	.9089068	.0603534	0
1017.15	0	.03169435	.907723	.06058267	0
1016.15	0	.03267129	.9065178	.06081095	0
1015.15	0	.03367066	.9052911	.06103821	0
1014.15	0	.03469254	.904043	.06126448	0
1013.15	0	.03573702	.9027733	.06148972	0
1012.15	0	.03680417	.9014819	.06171395	0
1011.15	0	.03789406	.9001688	.06193717	0
1010.15	0	.03900676	.8988339	.06215936	0
1009.15	0	.04014233	.8974771	.06238052	0
1008.15	0	.04130086	.8960985	.06260065	0
1007.15	0	.04248239	.8946979	.06281974	0
1006.15	0	.04368698	.8932752	.0630378	0
1005.15	0	.0449147	.8918305	.06325481	0
1004.15	0	.04616559	.8903636	.06347078	0
1003.15	0	.04743971	.8888746	.06368569	0
1002.15	0	.04873711	.8873633	.06389955	0
1001.15	0	.05005782	.8858298	.06411235	0
1000.15	0	.05140189	.884274	.06432408	0
999.15	0	.05276936	.8826959	.06453474	0
998.15	0	.05416026	.8810954	.06474432	0
997.15	0	.05557462	.8794726	.06495283	0
996.15	0	.05701247	.8778273	.06516024	0
995.15	0	.05847384	.8761596	.06536657	0
994.15	0	.05995874	.8744695	.06557181	0
993.15	0	.06146719	.8727569	.06577594	0
992.15	0	.06299921	.8710218	.06597896	0
991.15	0	.0645548	.8692643	.06618087	0
990.15	0	.06613397	.8674844	.06638167	0
989.15	0	.06773672	.8656819	.06658134	0
988.15	0	.06936305	.8638571	.06677988	0
987.15	0	.07101296	.8620098	.06697728	0
986.15	0	.07268643	.86014	.06717354	0
985.15	0	.07438345	.8582479	.06736865	0
984.15	0	.07610401	.8563334	.0675626	0
983.15	0	.07784807	.8543965	.06775539	0
982.15	0	.07961562	.8524374	.06794701	0
981.15	0	.08140662	.8504559	.06813745	0
980.15	0	.08322104	.8484523	.06832671	0
979.15	0	.08505884	.8464264	.06851477	0
978.15	0	.08691998	.8443784	.06870163	0
977.15	0	.0888044	.8423083	.06888728	0
976.15	0	.09071207	.8402162	.06907172	0
975.15	0	.09264292	.8381022	.06925492	0
974.15	0	.09459689	.8359662	.0694369	0
973.15	0	.09657391	.8338085	.06961763	0
972.15	0	.09857393	.831629	.0697971	0
971.15	0	.1005969	.8294278	.06997531	0
970.15	0	.1026426	.8272051	.07015226	0
969.15	0	.1047112	.8249609	.07032791	0
968.15	0	.1068023	.8226954	.07050228	0
967.15	0	.1089161	.8204086	.07067534	0
966.15	0	.1110524	.8181006	.07084708	0
965.15	0	.113211	.8157715	.0710175	0
964.15	0	.1153919	.8134215	.07118658	0
963.15	0	.117595	.8110507	.07135431	0
962.15	0	.1198201	.8086592	.07152068	0
961.15	0	.1220672	.8062472	.07168567	0
960.15	0	.124336	.8038147	.07184927	0
959.15	0	.1266266	.8013619	.07201147	0
958.15	0	.1289387	.798889	.07217226	0
957.15	0	.1312722	.7963962	.07233161	0
956.15	0	.1336271	.7938834	.07248951	0
955.15	0	.136003	.791351	.07264596	0
954.15	0	.1383999	.7887991	.07280093	0
953.15	0	.1408177	.7862279	.0729544	0
952.15	0	.1432561	.7836375	.07310636	0
951.15	0	.1457151	.7810281	.07325679	0
950.15	0	.1481944	.7784	.07340568	0
949.15	0	.1506938	.7757532	.073553	0
948.15	0	.1532133	.773088	.07369874	0
947.15	0	.1557525	.7704046	.07384287	0
946.15	0	.1583114	.7677032	.07398538	0
945.15	0	.1608897	.764984	.07412624	0
944.15	0	.1634873	.7622473	.07426543	0
943.15	0	.1661039	.7594931	.07440294	0
942.15	0	.1687394	.7567219	.07453872	0
941.15	0	.1713935	.7539337	.07467277	0
940.15	0	.174066	.7511289	.07480505	0
939.15	0	.1767568	.7483077	.07493554	0
938.15	0	.1794655	.7454703	.07506421	0
937.15	0	.182192	.742617	.07519104	0
936.15	0	.1848833	.7397996	.07531709	0
935.15	0	.1875966	.7369626	.0754408	0
934.15	0	.1903518	.7340865	.07556169	0
933.15	0	.1931463	.7311739	.0756798	0
932.15	0	.1959778	.728227	.07579516	0
931.15	0	.198844	.7252482	.07590782	0
930.15	0	.2017425	.7222397	.07601781	0
929.15	0	.2046715	.7192034	.07612516	0
928.15	0	.2076287	.7161414	.0762299	0
927.15	0	.2106123	.7130557	.07633206	0
926.15	0	.2136204	.709948	.07643166	0
925.15	0	.2166512	.7068201	.07652874	0
924.15	0	.219703	.7036737	.0766233	0
923.15	0	.2227741	.7005105	.07671538	0
922.15	0	.2258629	.6973321	.07680499	0
921.15	0	.228968	.6941399	.07689216	0
920.15	0	.2320878	.6909354	.07697689	0
919.15	0	.2352208	.68772	.07705922	0
918.15	0	.2383658	.684495	.07713915	0
917.15	0	.2415214	.6812619	.0772167	0
916.15	0	.2446864	.6780218	.07729189	0
915.15	0	.2478594	.6747759	.07736473	0
914.15	0	.2510394	.6715254	.07743523	0
913.15	0	.2542251	.6682715	.07750342	0
912.15	0	.2574155	.6650152	.07756929	0
911.15	0	.2606096	.6617576	.07763288	0
910.15	0	.2638062	.6584996	.07769418	0
909.15	0	.2670044	.6552424	.07775321	0
908.15	0	.2702032	.6519869	.07780998	0
907.15	0	.2734016	.6487339	.07786451	0
906.15	0	.2765989	.6454843	.0779168	0
905.15	0	.2797941	.642239	.07796688	0
904.15	0	.2829864	.6389989	.07801474	0
903.15	0	.2861749	.6357647	.07806041	0
902.15	0	.289359	.6325372	.07810389	0
901.15	0	.2925377	.6293171	.0781452	0
900.15	0	.2957104	.6261053	.07818435	0
899.15	0	.2988764	.6229023	.07822136	0
898.15	0	.3020349	.6197089	.07825623	0
897.15	0	.3051854	.6165257	.07828897	0
896.15	0	.3083271	.6133533	.07831961	0
895.15	0	.3114594	.6101924	.07834815	0
894.15	0	.3145818	.6070436	.07837461	0
893.15	0	.3176936	.6039074	.078399	0
892.15	0	.3207942	.6007844	.07842134	0
891.15	0	.3238832	.5976752	.07844163	0
890.15	0	.32696	.5945801	.07845991	0
889.15	0	.330024	.5914998	.07847617	0
888.15	0	.3330749	.5884347	.07849044	0
887.15	0	.336112	.5853853	.07850274	0
886.15	0	.3391349	.582352	.07851307	0
885.15	0	.3421432	.5793353	.07852146	0
884.15	0	.3451365	.5763356	.07852792	0
883.15	0	.3481143	.5733532	.07853247	0
882.15	0	.3510762	.5703886	.07853513	0
881.15	0	.3540219	.5674422	.07853591	0
880.15	0	.356951	.5645142	.07853485	0
879.15	0	.359863	.5616051	.07853194	0
878.15	0	.3627577	.558715	.07852722	0
877.15	0	.3656348	.5558445	.07852071	0
876.15	0	.3684939	.5529937	.07851242	0
875.15	0	.3713347	.550163	.07850237	0
874.15	0	.3741569	.5473525	.07849059	0
873.15	0	.3769602	.5445627	.0784771	0
872.15	0	.3797445	.5417936	.07846191	0
871.15	0	.3825094	.5390455	.07844506	0
870.15	0	.3852547	.5363187	.07842656	0
869.15	0	.3879802	.5336133	.07840644	0
868.15	0	.3906857	.5309296	.07838471	0
867.15	0	.3933709	.5282677	.07836141	0
866.15	0	.3960357	.5256278	.07833655	0
865.15	0	.3986799	.5230099	.07831016	0
864.15	0	.4013034	.5204143	.07828226	0
863.15	0	.403906	.5178411	.07825288	0
862.15	0	.4064875	.5152904	.07822203	0
861.15	0	.4090479	.5127623	.07818975	0
860.15	0	.4115871	.5102569	.07815606	0
859.15	0	.4141048	.5077742	.07812098	0
858.15	0	.4166011	.5053144	.07808454	0
857.15	0	.4190758	.5028774	.07804675	0
856.15	0	.421529	.5004634	.07800765	0
855.15	0	.4239605	.4980723	.07796726	0
854.15	0	.4263702	.4957042	.0779256	0
853.15	0	.4287583	.493359	.0778827	0
852.15	0	.4311245	.4910369	.07783858	0
851.15	0	.433469	.4887377	.07779327	0
850.15	0	.4357917	.4864615	.07774678	0
849.15	0	.4380927	.4842082	.07769914	0
848.15	0	.4403718	.4819778	.07765039	0
847.15	0	.4426292	.4797702	.07760053	0
846.15	0	.444865	.4775854	.07754959	0
845.15	0	.447079	.4754234	.07749759	0
844.15	0	.4492715	.4732839	.07744457	0
843.15	0	.4514424	.471167	.07739053	0
842.15	0	.4535919	.4690726	.0773355	0
841.15	0	.4557199	.4670006	.07727951	0
840.15	0	.4578266	.4649508	.07722257	0
839.15	0	.4599121	.4629232	.07716471	0
838.15	0	.4619764	.4609176	.07710595	0
837.15	0	.4640198	.4589339	.0770463	0
836.15	0	.4660422	.456972	.07698579	0
835.15	0	.4680438	.4550318	.07692443	0
834.15	0	.4700247	.453113	.07686225	0
833.15	0	.4719851	.4512156	.07679927	0
832.15	0	.4739251	.4493395	.0767355	0
831.15	0	.4758447	.4474843	.07667097	0
830.15	0	.4777443	.44565	.07660568	0
829.15	0	.4796239	.4438365	.07653967	0
828.15	0	.4814836	.4420435	.07647294	0
827.15	0	.4833236	.4402709	.07640551	0
826.15	0	.4851442	.4385184	.0763374	0
825.15	0	.4869453	.436786	.07626863	0
824.15	0	.4887273	.4350735	.07619921	0
823.15	0	.4904903	.4333806	.07612915	0
822.15	0	.4922344	.4317071	.07605848	0
821.15	0	.4939598	.430053	.0759872	0
820.15	0	.4956667	.4284179	.07591534	0
819.15	0	.4973553	.4268018	.0758429	0
818.15	0	.4990258	.4252043	.0757699	0
817.15	0	.5006783	.4236254	.07569636	0
816.15	0	.5023129	.4220648	.07562228	0
815.15	0	.50393	.4205223	.07554768	0
814.15	0	.5055297	.4189977	.07547257	0
813.15	0	.5071121	.4174909	.07539696	0
812.15	0	.5086775	.4160016	.07532087	0
811.15	0	.510226	.4145297	.07524431	0
810.15	0	.5117578	.4130749	.07516729	0
809.15	0	.5132731	.4116371	.07508981	0
808.15	0	.5147721	.410216	.0750119	0
807.15	0	.516255	.4088114	.07493356	0
806.15	0	.5177219	.4074233	.0748548	0
805.15	0	.5191731	.4060512	.07477564	0
804.15	0	.5206087	.4046952	.07469608	0
803.15	0	.5220289	.403355	.07461613	0
802.15	0	.5234339	.4020303	.0745358	0
801.15	0	.5248238	.4007211	.0744551	0
800.15	0	.5261989	.3994271	.07437405	0
799.15	0	.5275593	.3981481	.07429264	0
798.15	0	.5289051	.396884	.07421089	0
797.15	0	.5302367	.3956345	.07412881	0
796.15	0	.5315541	.3943995	.0740464	0
795.15	0	.5328575	.3931789	.07396368	0
794.15	0	.534147	.3919723	.07388065	0
793.15	0	.535423	.3907797	.07379732	0
792.15	0	.5366854	.3896009	.07371369	0
791.15	0	.5379346	.3884356	.07362978	0
790.15	0	.5391706	.3872838	.0735456	0
789.15	0	.5403936	.3861453	.07346114	0
788.15	0	.5416037	.3850199	.07337643	0
787.15	0	.5428012	.3839073	.07329145	0
786.15	0	.5439862	.3828076	.07320623	0
785.15	0	.5451588	.3817204	.07312077	0
784.15	0	.5463192	.3806458	.07303508	0
783.15	0	.5474675	.3795833	.07294916	0
782.15	0	.5486039	.3785331	.07286302	0
781.15	0	.5497286	.3774948	.07277667	0
780.15	0	.5508416	.3764683	.07269011	0
779.15	0	.5519432	.3754535	.07260335	0
778.15	0	.5530334	.3744502	.07251639	0
777.15	0	.5541124	.3734583	.07242925	0
776.15	0	.5551803	.3724777	.07234193	0
775.15	0	.5562374	.3715082	.07225444	0
774.4858	0	.5569334	.3708703	.07219623	0
774.4858	0	.5569334	.3708703	.07219623	0
774.4858	0	.5569334	.3708703	.07219623	0
774.15	0	.5584005	.3689896	.07167549	9.344732E-04
773.15	0	.562707	.3634592	.07013938	.003694465
772.15	0	.5669226	.3580315	.06862461	.006421261
771.15	0	.5710496	.3527042	.06713079	.009115429
770.15	0	.5750899	.3474751	.06565755	.01177752
769.15	0	.5790455	.3423419	.06420451	.01440808
768.15	0	.5829184	.3373027	.06277133	.01700764
767.15	0	.5867104	.3323553	.06135764	.0195767
766.15	0	.5904234	.3274978	.05996311	.02211578
765.15	0	.5940591	.3227281	.05858739	.02462537
764.15	0	.5976194	.3180445	.05723015	.02710595
763.15	0	.6011059	.3134451	.05589108	.02955799
762.15	0	.6045202	.308928	.05456986	.03198194
761.15	0	.607864	.3044916	.05326618	.03437828
760.15	0	.6111388	.300134	.05197972	.03674742
759.15	0	.6143462	.2958538	.05071021	.03908982
758.15	0	.6174877	.2916491	.04945734	.04140589
757.15	0	.6205647	.2875185	.04822082	.04369605
756.15	0	.6235786	.2834603	.04700038	.0459607
755.15	0	.6265309	.2794731	.04579574	.04820026
754.15	0	.6294229	.2755554	.04460663	.0504151
753.15	0	.6322559	.2717057	.04343278	.05260562
752.15	0	.6350313	.2679226	.04227393	.0547722
751.15	0	.6377502	.2642048	.04112982	.0569152
750.15	0	.640414	.2605508	.04000021	.05903499
749.15	0	.6430238	.2569594	.03888483	.06113193
748.15	0	.6455808	.2534293	.03778346	.06320637
747.15	0	.6480862	.2499593	.03669585	.06525866
746.15	0	.6505412	.246548	.03562176	.06728913
745.15	0	.6529467	.2431942	.03456096	.06929812
744.15	0	.6553039	.2398969	.03351323	.07128597
743.15	0	.6576139	.2366548	.03247833	.07325298
742.15	0	.6598776	.2334669	.03145606	.07519948
741.15	0	.6620961	.2303319	.03044619	.07712579
740.15	0	.6642705	.2272488	.02944851	.0790322
739.15	0	.6664015	.2242166	.02846281	.08091903
738.15	0	.6684903	.2212343	.02748889	.08278656
737.15	0	.6705376	.2183007	.02652654	.08463509
736.15	0	.6725445	.215415	.02557557	.08646491
735.15	0	.6745118	.2125761	.02463577	.0882763
734.15	0	.6764404	.2097831	.02370696	.09006955
733.15	0	.678331	.2070351	.02278894	.09184491
732.15	0	.6801847	.2043311	.02188154	.09360267
731.15	0	.682002	.2016703	.02098456	.09534309
730.15	0	.6837839	.1990518	.02009783	.09706642
729.15	0	.6855311	.1964748	.01922117	.09877294
728.15	0	.6872444	.1939383	.01835441	.1004629
727.15	0	.6889245	.1914416	.01749738	.1021365
726.15	0	.6905722	.1889839	.0166499	.103794
725.15	0	.6921881	.1865644	.01581181	.1054358
724.15	0	.6937729	.1841823	.01498296	.1070619
723.15	0	.6953274	.1818369	.01416318	.1086726
722.15	0	.6968521	.1795274	.01335232	.1102682
721.15	0	.6983477	.1772531	.01255021	.1118489
720.15	0	.6998149	.1750134	.01175672	.1134149
719.15	0	.7012543	.1728075	.01097169	.1149665
718.15	0	.7026665	.1706348	.01019497	.1165038
717.15	0	.704052	.1684945	.009426433	.118027
716.15	0	.7054115	.1663861	.008665926	.1195365
715.15	0	.7067455	.1643089	.007913314	.1210323
714.15	0	.7080546	.1622623	.007168461	.1225147
713.15	0	.7093393	.1602457	.006431235	.1239838
712.15	0	.7106001	.1582585	.005701505	.1254399
711.15	0	.7118376	.1563001	.004979144	.1268832
710.15	0	.7130522	.1543699	.004264024	.1283138
709.15	0	.7142445	.1524675	.003556023	.129732
708.15	0	.7154149	.1505921	.002855019	.1311379
707.15	0	.7165639	.1487434	.002160893	.1325317
706.15	0	.717692	.1469208	.001473529	.1339136
705.15	0	.7187996	.1451238	7.928126E-04	.1352837
704.15	0	.7198872	.1433519	1.186303E-04	.1366423
703.973	0	.7200776	.1430409	0	.1368815
703.973	0	.7200776	.1430409	0	.1368815
703.15	0	.7202191	.1426619	0	.1371191
702.15	0	.7203874	.1422083	0	.1374043
701.15	0	.7205519	.1417623	0	.1376858
700.15	0	.7207126	.1413237	0	.1379637
699.15	0	.7208696	.1408925	0	.138238
698.15	0	.7210229	.1404683	0	.1385088
697.15	0	.7211727	.1400513	0	.138776
696.15	0	.7213189	.1396412	0	.1390399
695.15	0	.7214617	.139238	0	.1393003
694.15	0	.7216011	.1388414	0	.1395574
693.15	0	.7217372	.1384516	0	.1398113
692.15	0	.72187	.1380682	0	.1400619
691.15	0	.7219995	.1376913	0	.1403092
690.15	0	.7221259	.1373206	0	.1405534
689.15	0	.7222492	.1369562	0	.1407946
688.15	0	.7223695	.1365979	0	.1410326
687.15	0	.7224867	.1362457	0	.1412676
686.15	0	.722601	.1358993	0	.1414997
685.15	0	.7227124	.1355588	0	.1417288
684.15	0	.7228209	.1352241	0	.141955
683.15	0	.7229267	.1348949	0	.1421784
682.15	0	.7230297	.1345714	0	.1423989
681.15	0	.72313	.1342533	0	.1426167
680.15	0	.7232276	.1339406	0	.1428318
679.15	0	.7233226	.1336332	0	.1430442
678.15	0	.7234151	.133331	0	.143254
677.15	0	.723505	.133034	0	.1434611
676.15	0	.7235924	.1327419	0	.1436657
675.15	0	.7236774	.1324549	0	.1438677
674.15	0	.72376	.1321728	0	.1440673
673.15	0	.7238402	.1318954	0	.1442644
672.15	0	.7239181	.1316228	0	.1444591
671.15	0	.7239937	.1313549	0	.1446514
670.15	0	.7240671	.1310916	0	.1448413
669.15	0	.7241383	.1308327	0	.145029
668.15	0	.7242073	.1305783	0	.1452144
667.15	0	.7242742	.1303283	0	.1453975
666.15	0	.7243389	.1300826	0	.1455784
665.15	0	.7244016	.1298411	0	.1457572
664.15	0	.7244623	.1296038	0	.1459339
663.15	0	.724521	.1293706	0	.1461084
662.15	0	.7245777	.1291414	0	.1462809
661.15	0	.7246325	.1289162	0	.1464513
660.15	0	.7246853	.1286949	0	.1466197
659.15	0	.7247363	.1284775	0	.1467862
658.15	0	.7247855	.1282638	0	.1469507
657.15	0	.7248328	.1280539	0	.1471133
656.15	0	.7248784	.1278476	0	.147274
655.15	0	.7249222	.1276449	0	.1474329
654.15	0	.7249643	.1274458	0	.1475899
653.15	0	.7250047	.1272502	0	.1477451
652.15	0	.7250434	.127058	0	.1478986
651.15	0	.7250805	.1268692	0	.1480503
650.15	0	.725116	.1266837	0	.1482004
649.15	0	.7251498	.1265015	0	.1483487
648.15	0	.7251821	.1263225	0	.1484954
647.15	0	.7252129	.1261466	0	.1486405
646.15	0	.7252421	.125974	0	.1487839
645.15	0	.7252699	.1258043	0	.1489258
644.15	0	.7252962	.1256377	0	.1490661
643.15	0	.725321	.1254741	0	.1492049
642.15	0	.7253444	.1253133	0	.1493422
641.15	0	.7253665	.1251555	0	.1494781
640.15	0	.7253871	.1250005	0	.1496124
639.15	0	.7254064	.1248483	0	.1497454
638.15	0	.7254243	.1246988	0	.1498769
637.15	0	.7254409	.124552	0	.1500071
636.15	0	.7254563	.1244079	0	.1501359
635.15	0	.7254703	.1242663	0	.1502634
634.15	0	.7254831	.1241274	0	.1503895
633.15	0	.7254947	.1239909	0	.1505144
632.15	0	.7255051	.123857	0	.150638
631.15	0	.7255142	.1237255	0	.1507603
630.15	0	.7255222	.1235964	0	.1508814
629.15	0	.725529	.1234697	0	.1510013
628.15	0	.7255347	.1233453	0	.15112
627.15	0	.7255393	.1232232	0	.1512376
626.15	0	.7255427	.1231033	0	.151354
625.15	0	.7255451	.1229857	0	.1514692
624.15	0	.7255464	.1228702	0	.1515834
623.15	0	.7255466	.1227569	0	.1516965
622.15	0	.7255458	.1226457	0	.1518085
621.15	0	.725544	.1225366	0	.1519194
620.15	0	.7255411	.1224295	0	.1520294
619.15	0	.7255373	.1223245	0	.1521382
618.15	0	.7255325	.1222214	0	.1522461
617.15	0	.7255267	.1221202	0	.1523531
616.15	0	.72552	.122021	0	.152459
615.15	0	.7255124	.1219236	0	.152564
614.15	0	.7255038	.1218281	0	.1526681
613.15	0	.7254943	.1217345	0	.1527712
612.15	0	.725484	.1216426	0	.1528735
611.15	0	.7254727	.1215524	0	.1529748
610.15	0	.7254607	.121464	0	.1530753
609.15	0	.7254477	.1213773	0	.153175
608.15	0	.725434	.1212923	0	.1532738
607.15	0	.7254194	.1212089	0	.1533717
606.15	0	.7254039	.1211272	0	.1534689
605.15	0	.7253877	.121047	0	.1535653
604.15	0	.7253708	.1209684	0	.1536609
603.15	0	.725353	.1208913	0	.1537557
602.15	0	.7253345	.1208157	0	.1538498
601.15	0	.7253152	.1207417	0	.1539431
600.15	0	.7252952	.1206691	0	.1540357
599.15	0	.7252745	.1205979	0	.1541276
598.15	0	.725253	.1205282	0	.1542188
597.15	0	.7252309	.1204598	0	.1543093
596.15	0	.725208	.1203928	0	.1543991
595.15	0	.7251845	.1203272	0	.1544883
594.15	0	.7251604	.1202628	0	.1545768
593.15	0	.7251355	.1201998	0	.1546647
592.15	0	.72511	.120138	0	.1547519
591.15	0	.7250839	.1200775	0	.1548386
590.15	0	.7250572	.1200183	0	.1549246
589.15	0	.7250298	.1199602	0	.15501
588.15	0	.7250018	.1199033	0	.1550949
587.15	0	.7249732	.1198476	0	.1551792
586.15	0	.7249441	.1197931	0	.1552629
585.15	0	.7249143	.1197396	0	.155346
584.15	0	.724884	.1196873	0	.1554287
583.15	0	.7248532	.1196361	0	.1555108
582.15	0	.7248218	.1195859	0	.1555923
581.15	0	.7247898	.1195368	0	.1556734
580.15	0	.7247573	.1194887	0	.155754
579.15	0	.7247243	.1194417	0	.155834
578.15	0	.7246908	.1193956	0	.1559136
577.15	0	.7246568	.1193505	0	.1559927
576.15	0	.7246222	.1193064	0	.1560714
575.15	0	.7245872	.1192632	0	.1561496
574.15	0	.7245517	.1192209	0	.1562273
573.15	0	.7245158	.1191796	0	.1563047
572.15	0	.7244794	.1191391	0	.1563816
571.15	0	.7244425	.1190995	0	.156458
570.15	0	.7244052	.1190608	0	.1565341
569.15	0	.7243674	.1190229	0	.1566097
568.15	0	.7243292	.1189858	0	.156685
567.15	0	.7242906	.1189495	0	.1567599
566.15	0	.7242516	.1189141	0	.1568344
565.15	0	.7242121	.1188794	0	.1569085
564.15	0	.7241723	.1188455	0	.1569822
563.15	0	.7241321	.1188123	0	.1570556
562.15	0	.7240914	.1187799	0	.1571287
561.15	0	.7240504	.1187482	0	.1572014
560.15	0	.7240091	.1187172	0	.1572737
559.15	0	.7239673	.1186869	0	.1573458
558.15	0	.7239253	.1186573	0	.1574175
557.15	0	.7238828	.1186283	0	.1574889
556.15	0	.72384	.1186	0	.15756
555.15	0	.7237969	.1185723	0	.1576308
554.15	0	.7237535	.1185453	0	.1577013
553.15	0	.7237097	.1185188	0	.1577715
552.15	0	.7236656	.118493	0	.1578414
551.15	0	.7236212	.1184678	0	.157911
550.15	0	.7235765	.1184431	0	.1579804
549.15	0	.7235315	.118419	0	.1580495
548.15	0	.7234863	.1183954	0	.1581183
547.15	0	.7234407	.1183724	0	.1581869
546.15	0	.7233948	.1183499	0	.1582553
545.15	0	.7233487	.1183279	0	.1583234
544.15	0	.7233023	.1183065	0	.1583912
543.15	0	.7232557	.1182855	0	.1584588
542.15	0	.7232088	.118265	0	.1585262
541.15	0	.7231616	.118245	0	.1585934
540.15	0	.7231143	.1182254	0	.1586604
539.15	0	.7230666	.1182063	0	.1587271
538.15	0	.7230188	.1181876	0	.1587937
537.15	0	.7229707	.1181693	0	.15886
536.15	0	.7229224	.1181515	0	.1589261
535.15	0	.7228739	.118134	0	.1589921
534.15	0	.7228252	.118117	0	.1590578
533.15	0	.7227763	.1181003	0	.1591234
532.15	0	.7227271	.118084	0	.1591888
531.15	0	.7226778	.1180681	0	.159254
530.15	0	.7226283	.1180526	0	.1593191
529.15	0	.7225787	.1180373	0	.159384
528.15	0	.7225291	.1180226	0	.1594483
527.15	0	.7224791	.118008	0	.1595129
526.15	0	.7224289	.1179938	0	.1595773
525.15	0	.7223786	.1179799	0	.1596416
524.15	0	.722328	.1179662	0	.1597057
523.15	0	.7222774	.1179529	0	.1597697
522.15	0	.7222266	.1179399	0	.1598336
521.15	0	.7221757	.1179271	0	.1598973
520.15	0	.7221246	.1179146	0	.1599609
519.15	0	.7220734	.1179023	0	.1600243
518.15	0	.722022	.1178903	0	.1600877
517.15	0	.7219706	.1178786	0	.1601509
516.15	0	.721919	.117867	0	.160214
515.15	0	.7218674	.1178557	0	.160277
514.15	0	.7218156	.1178446	0	.1603398
513.15	0	.7217637	.1178337	0	.1604026
512.15	0	.7217117	.117823	0	.1604653
511.15	0	.7216596	.1178125	0	.1605278
510.15	0	.7216075	.1178022	0	.1605903
509.15	0	.7215553	.1177921	0	.1606527
508.15	0	.7215029	.1177821	0	.1607149
507.15	0	.7214506	.1177723	0	.1607771
506.15	0	.7213981	.1177627	0	.1608392
505.15	0	.7213456	.1177532	0	.1609013
504.15	0	.721293	.1177438	0	.1609632
503.15	0	.7212403	.1177346	0	.1610251
502.15	0	.7211877	.1177255	0	.1610869
501.15	0	.7211349	.1177165	0	.1611486
500.15	0	.7210821	.1177076	0	.1612103
499.15	0	.7210293	.1176989	0	.1612719
498.15	0	.7209765	.1176902	0	.1613334
497.15	0	.7209236	.1176816	0	.1613948
496.15	0	.7208707	.1176731	0	.1614562
495.15	0	.7208177	.1176647	0	.1615176
494.15	0	.7207648	.1176564	0	.1615789
493.15	0	.7207118	.1176481	0	.1616401
492.15	0	.7206588	.1176399	0	.1617013
491.15	0	.7206058	.1176317	0	.1617625
490.15	0	.7205528	.1176236	0	.1618236
489.15	0	.7204998	.1176155	0	.1618846
488.15	0	.7204468	.1176075	0	.1619457
487.15	0	.7203939	.1175995	0	.1620066
486.15	0	.7203409	.1175915	0	.1620676
485.15	0	.7202879	.1175836	0	.1621285
484.15	0	.720235	.1175756	0	.1621894
483.15	0	.7201821	.1175677	0	.1622502
482.15	0	.7201292	.1175597	0	.1623111
481.15	0	.7200764	.1175518	0	.1623718
480.15	0	.7200236	.1175438	0	.1624326
479.15	0	.7199708	.1175358	0	.1624934
478.15	0	.7199181	.1175279	0	.1625541
477.15	0	.7198654	.1175198	0	.1626148
476.15	0	.7198127	.1175118	0	.1626755
475.15	0	.7197601	.1175037	0	.1627362
474.15	0	.7197076	.1174956	0	.1627968
473.15	0	.7196551	.1174874	0	.1628575
472.15	0	.7196027	.1174792	0	.1629181
471.15	0	.7195504	.1174709	0	.1629787
470.15	0	.7194981	.1174625	0	.1630394
469.15	0	.7194459	.1174541	0	.1631
468.15	0	.7193938	.1174456	0	.1631606
467.15	0	.7193417	.1174371	0	.1632212
466.15	0	.7192898	.1174284	0	.1632818
465.15	0	.7192379	.1174197	0	.1633424
464.15	0	.7191861	.1174109	0	.163403
463.15	0	.7191344	.117402	0	.1634636
462.15	0	.7190828	.117393	0	.1635242
461.15	0	.7190313	.1173839	0	.1635848
460.15	0	.7189799	.1173747	0	.1636455
459.15	0	.7189286	.1173653	0	.1637061
458.15	0	.7188774	.1173559	0	.1637667
457.15	0	.7188263	.1173463	0	.1638274
456.15	0	.7187754	.1173366	0	.163888
455.15	0	.7187245	.1173268	0	.1639487
454.15	0	.7186738	.1173168	0	.1640094
453.15	0	.7186232	.1173067	0	.1640701
452.15	0	.7185727	.1172965	0	.1641308
451.15	0	.7185224	.1172861	0	.1641915
450.15	0	.7184721	.1172756	0	.1642523
449.15	0	.7184221	.1172648	0	.1643131
448.15	0	.7183723	.1172539	0	.1643739
447.15	0	.7183225	.1172428	0	.1644347
446.15	0	.718273	.1172315	0	.1644956
445.15	0	.7182236	.11722	0	.1645564
444.15	0	.7181744	.1172082	0	.1646173
443.15	0	.7181254	.1171963	0	.1646783
442.15	0	.7180766	.1171841	0	.1647393
441.15	0	.718028	.1171717	0	.1648003
440.15	0	.7179796	.1171591	0	.1648613
439.15	0	.7179314	.1171461	0	.1649224
438.15	0	.7178835	.1171329	0	.1649836
437.15	0	.7178358	.1171195	0	.1650448
436.15	0	.7177883	.1171057	0	.165106
435.15	0	.7177411	.1170917	0	.1651673
434.15	0	.7176941	.1170773	0	.1652286
433.15	0	.7176474	.1170626	0	.1652899
432.15	0	.717601	.1170477	0	.1653514
431.15	0	.7175548	.1170324	0	.1654128
430.15	0	.7175089	.1170167	0	.1654744
429.15	0	.7174633	.1170007	0	.1655359
428.15	0	.717418	.1169844	0	.1655976
427.15	0	.717373	.1169677	0	.1656593
426.15	0	.7173283	.1169507	0	.165721
425.15	0	.7172838	.1169334	0	.1657828
424.15	0	.7172397	.1169156	0	.1658447
423.15	0	.7171959	.1168975	0	.1659066
