T	 BPW(LIQUID)	BPW(BCC_A2)	BPW(FCC_A1)	BPW(LAVES_PHASE_C14)	BPW(NI3TI)
1473.15	.620775	.3361967	0	.04302829	0
1472.15	.612372	.3418804	0	.04574756	0
1471.15	.6041261	.3474537	0	.04842015	0
1470.15	.5960331	.3529195	0	.05104736	0
1469.15	.5880889	.3582807	0	.05363044	0
1468.15	.5802894	.36354	0	.0561706	0
1467.15	.572631	.3687	0	.058669	0
1466.15	.5651098	.3737634	0	.06112679	0
1465.15	.5577224	.3787325	0	.06354504	0
1464.15	.5504653	.3836099	0	.06592481	0
1463.15	.5433351	.3883978	0	.06826712	0
1462.15	.5363286	.3930985	0	.07057294	0
1461.15	.5294427	.3977141	0	.07284323	0
1460.15	.5226743	.4022468	0	.0750789	0
1459.15	.5160207	.4066985	0	.07728084	0
1458.15	.5094788	.4110713	0	.07944991	0
1457.15	.5030461	.415367	0	.08158694	0
1456.15	.4967197	.4195875	0	.08369273	0
1455.15	.4904972	.4237347	0	.08576807	0
1454.15	.4843762	.4278102	0	.0878137	0
1453.15	.478354	.4318156	0	.08983036	0
1452.15	.4724284	.4357528	0	.09181874	0
1451.15	.4665972	.4396232	0	.09377955	0
1450.15	.4608582	.4434284	0	.09571344	0
1449.15	.4552091	.4471698	0	.09762105	0
1448.15	.449648	.450849	0	.099503	0
1447.15	.4441728	.4544673	0	.1013599	0
1446.15	.4387816	.4580261	0	.1031924	0
1445.15	.4334724	.4615267	0	.1050009	0
1444.15	.4282434	.4649704	0	.1067861	0
1443.15	.4230929	.4683585	0	.1085486	0
1442.15	.4180192	.4716922	0	.1102887	0
1441.15	.4130204	.4749726	0	.112007	0
1440.15	.408095	.4782009	0	.1137041	0
1439.15	.4032414	.4813783	0	.1153803	0
1438.15	.398458	.4845057	0	.1170362	0
1437.15	.3937434	.4875844	0	.1186722	0
1436.15	.389096	.4906152	0	.1202888	0
1435.15	.3845145	.4935993	0	.1218863	0
1434.15	.3799974	.4965375	0	.1234652	0
1433.15	.3755434	.4994308	0	.1250258	0
1432.15	.3711512	.5022802	0	.1265686	0
1431.15	.3668195	.5050865	0	.128094	0
1430.15	.3625471	.5078507	0	.1296022	0
1429.15	.3583328	.5105735	0	.1310938	0
1428.15	.3541753	.5132558	0	.1325689	0
1427.15	.3500736	.5158984	0	.134028	0
1426.15	.3460264	.5185021	0	.1354715	0
1425.15	.3420328	.5210677	0	.1368995	0
1424.15	.3380916	.5235959	0	.1383124	0
1423.15	.3342019	.5260875	0	.1397106	0
1422.15	.3303626	.5285431	0	.1410944	0
1421.15	.3265727	.5309634	0	.1424639	0
1420.15	.3228313	.5333492	0	.1438195	0
1419.15	.3191374	.5357011	0	.1451616	0
1418.15	.3154901	.5380196	0	.1464902	0
1417.15	.3118886	.5403056	0	.1478058	0
1416.15	.3083319	.5425595	0	.1491085	0
1415.15	.3048193	.544782	0	.1503987	0
1414.15	.3013499	.5469737	0	.1516765	0
1413.15	.2979228	.5491351	0	.1529422	0
1412.15	.2945373	.5512667	0	.154196	0
1411.15	.2911927	.5533692	0	.1554381	0
1410.15	.2878881	.5554431	0	.1566688	0
1409.15	.2846229	.5574888	0	.1578883	0
1408.15	.2813963	.5595069	0	.1590968	0
1407.15	.2782077	.5614979	0	.1602944	0
1406.15	.2750563	.5634622	0	.1614815	0
1405.15	.2719415	.5654004	0	.1626581	0
1404.15	.2688626	.5673129	0	.1638245	0
1403.15	.265819	.5692001	0	.1649809	0
1402.15	.2628101	.5710625	0	.1661273	0
1401.15	.2598353	.5729006	0	.1672641	0
1400.15	.2568939	.5747147	0	.1683914	0
1399.15	.2539854	.5765052	0	.1695094	0
1398.15	.2511093	.5782726	0	.1706181	0
1397.15	.2482649	.5800173	0	.1717178	0
1396.15	.2454517	.5817396	0	.1728087	0
1395.15	.2426692	.5834399	0	.1738909	0
1394.15	.2399169	.5851186	0	.1749644	0
1393.15	.2371943	.5867761	0	.1760296	0
1392.15	.2345008	.5884127	0	.1770865	0
1391.15	.231836	.5900287	0	.1781353	0
1390.15	.2291994	.5916246	0	.1791761	0
1389.15	.2265905	.5932005	0	.180209	0
1388.15	.2240089	.5947569	0	.1812341	0
1387.15	.2214542	.5962941	0	.1822517	0
1386.15	.2189258	.5978123	0	.1832618	0
1385.15	.2164234	.599312	0	.1842646	0
1384.15	.2139466	.6007933	0	.1852601	0
1383.15	.2114949	.6022567	0	.1862485	0
1382.15	.2090679	.6037022	0	.1872299	0
1381.15	.2066652	.6051304	0	.1882044	0
1380.15	.2042865	.6065413	0	.1891721	0
1379.15	.2019314	.6079354	0	.1901332	0
1378.15	.1995995	.6093128	0	.1910877	0
1377.15	.1972904	.6106738	0	.1920357	0
1376.15	.1950039	.6120188	0	.1929774	0
1375.15	.1927394	.6133478	0	.1939128	0
1374.15	.1904967	.6146612	0	.1948421	0
1373.15	.1882755	.6159592	0	.1957652	0
1372.15	.1860755	.6172421	0	.1966824	0
1371.15	.1838962	.61851	0	.1975938	0
1370.15	.1817374	.6197633	0	.1984993	0
1369.15	.1795988	.6210021	0	.1993991	0
1368.15	.1774801	.6222266	0	.2002933	0
1367.15	.175381	.6234371	0	.201182	0
1366.15	.1733011	.6246337	0	.2020652	0
1365.15	.1712403	.6258167	0	.202943	0
1364.15	.1691982	.6269863	0	.2038155	0
1363.15	.1671745	.6281426	0	.2046829	0
1362.15	.165169	.629286	0	.205545	0
1361.15	.1631814	.6304165	0	.2064022	0
1360.15	.1612115	.6315343	0	.2072543	0
1359.15	.1592589	.6326396	0	.2081015	0
1358.15	.1573235	.6337327	0	.2089438	0
1357.15	.1554049	.6348137	0	.2097814	0
1356.15	.1535031	.6358827	0	.2106143	0
1355.15	.1516176	.6369399	0	.2114425	0
1354.15	.1497483	.6379856	0	.2122661	0
1353.15	.147895	.6390198	0	.2130852	0
1352.15	.1460574	.6400427	0	.2138999	0
1351.15	.1442353	.6410546	0	.2147101	0
1350.15	.1424285	.6420554	0	.2155161	0
1349.15	.1406367	.6430455	0	.2163177	0
1348.15	.1388599	.6440249	0	.2171152	0
1347.15	.1370977	.6449939	0	.2179085	0
1346.15	.1353499	.6459524	0	.2186977	0
1345.15	.1336164	.6469008	0	.2194828	0
1344.15	.131897	.647839	0	.220264	0
1343.15	.1301914	.6487674	0	.2210412	0
1342.15	.1284996	.6496859	0	.2218145	0
1341.15	.1268212	.6505948	0	.222584	0
1340.15	.1251561	.6514941	0	.2233498	0
1339.15	.1235042	.6523841	0	.2241117	0
1338.15	.1218652	.6532647	0	.22487	0
1337.15	.1202391	.6541362	0	.2256247	0
1336.15	.1186255	.6549987	0	.2263758	0
1335.15	.1170244	.6558523	0	.2271233	0
1334.15	.1154356	.6566971	0	.2278673	0
1333.15	.1138589	.6575332	0	.2286079	0
1332.15	.1122942	.6583608	0	.229345	0
1331.15	.1107413	.6591799	0	.2300788	0
1330.15	.1092001	.6599907	0	.2308093	0
1329.15	.1076703	.6607932	0	.2315365	0
1328.15	.1061519	.6615877	0	.2322604	0
1327.15	.1046448	.6623741	0	.2329811	0
1326.15	.1031486	.6631526	0	.2336987	0
1325.15	.1016635	.6639234	0	.2344132	0
1324.15	.1001891	.6646864	0	.2351245	0
1323.15	.0987253	.6654418	0	.2358328	0
1322.15	.09727207	.6661898	0	.2365382	0
1321.15	.09582921	.6669303	0	.2372405	0
1320.15	.0943966	.6676635	0	.2379399	0
1319.15	.09297411	.6683895	0	.2386364	0
1318.15	.09156162	.6691084	0	.23933	0
1317.15	.090159	.6698203	0	.2400208	0
1316.15	.08876612	.6705252	0	.2407087	0
1315.15	.08738287	.6712232	0	.2413939	0
1314.15	.08600913	.6719145	0	.2420764	0
1313.15	.08464478	.6725991	0	.2427562	0
1312.15	.0832897	.673277	0	.2434333	0
1311.15	.08194378	.6739485	0	.2441077	0
1310.15	.08060691	.6746135	0	.2447796	0
1309.15	.07927898	.6752722	0	.2454488	0
1308.15	.07795988	.6759246	0	.2461155	0
1307.15	.0766495	.6765708	0	.2467797	0
1306.15	.07534774	.6772109	0	.2474414	0
1305.15	.07405449	.6778449	0	.2481006	0
1304.15	.07276966	.678473	0	.2487574	0
1303.15	.07149314	.6790951	0	.2494117	0
1302.15	.07022483	.6797115	0	.2500637	0
1301.15	.06896463	.680322	0	.2507134	0
1300.15	.06771245	.6809269	0	.2513606	0
1299.15	.0664653	.6815287	0	.252006	0
1298.15	.06522889	.6821224	0	.2526487	0
1297.15	.06400021	.6827106	0	.2532892	0
1296.15	.06277917	.6832934	0	.2539274	0
1295.15	.06156569	.6838709	0	.2545634	0
1294.15	.06035969	.6844431	0	.2551972	0
1293.15	.05916106	.6850101	0	.2558288	0
1292.15	.05796972	.6855719	0	.2564584	0
1291.15	.0567856	.6861286	0	.2570858	0
1290.15	.05560861	.6866803	0	.2577111	0
1289.15	.05443866	.6872271	0	.2583343	0
1288.15	.05327567	.6877688	0	.2589555	0
1287.15	.05211957	.6883058	0	.2595746	0
1286.15	.05097027	.6888379	0	.2601918	0
1285.15	.04982769	.6893654	0	.260807	0
1284.15	.04869177	.6898881	0	.2614202	0
1283.15	.04756243	.6904062	0	.2620314	0
1282.15	.04643958	.6909197	0	.2626407	0
1281.15	.04532316	.6914287	0	.2632482	0
1280.15	.04421309	.6919332	0	.2638537	0
1279.15	.0431093	.6924333	0	.2644574	0
1278.15	.04201173	.6929291	0	.2650592	0
1277.15	.04092029	.6934205	0	.2656592	0
1276.15	.03983493	.6939077	0	.2662574	0
1275.15	.03875557	.6943906	0	.2668538	0
1274.15	.03768215	.6948695	0	.2674484	0
1273.15	.0366146	.6953441	0	.2680413	0
1272.15	.03555285	.6958148	0	.2686324	0
1271.15	.03449685	.6962814	0	.2692218	0
1270.15	.03344652	.696744	0	.2698095	0
1269.15	.03240181	.6972027	0	.2703955	0
1268.15	.03136265	.6976575	0	.2709798	0
1267.15	.03032898	.6981085	0	.2715625	0
1266.15	.02930074	.6985557	0	.2721435	0
1265.15	.02827787	.6989992	0	.2727229	0
1264.15	.02726032	.6994389	0	.2733007	0
1263.15	.02624801	.699875	0	.273877	0
1262.15	.02524091	.7003075	0	.2744516	0
1261.15	.02423894	.7007364	0	.2750247	0
1260.15	.02324206	.7011618	0	.2755962	0
1259.15	.0222502	.7015836	0	.2761662	0
1258.15	.02126332	.7020021	0	.2767346	0
1257.15	.02028136	.702417	0	.2773016	0
1256.15	.01930426	.7028287	0	.2778671	0
1255.15	.01833198	.7032369	0	.2784311	0
1254.15	.01736446	.7036419	0	.2789936	0
1253.15	.01640165	.7040437	0	.2795547	0
1252.15	.01544349	.7044422	0	.2801143	0
1251.15	.01448995	.7048375	0	.2806726	0
1250.15	.01354096	.7052297	0	.2812294	0
1249.15	.01259649	.7056187	0	.2817848	0
1248.15	.01165648	.7060047	0	.2823388	0
1247.456	.01100663	.7062708	0	.2827226	0
1247.456	.01100663	.7062708	0	.2827226	0
1247.456	.01100663	.7062708	0	.2827226	0
1247.15	.009091546	.705884	.002050283	.2829742	0
1246.15	.002829988	.7046445	.008733498	.283792	0
1245.698	0	.704097	.01174386	.2841592	0
1245.698	0	.704097	.01174386	.2841592	0
1245.15	0	.7034816	.01213271	.2843857	0
1244.15	0	.7023613	.01284049	.2847982	0
1243.15	0	.7012442	.01354621	.2852096	0
1242.15	0	.7001302	.01424987	.2856199	0
1241.15	0	.6990193	.01495148	.2860292	0
1240.15	0	.6979116	.01565104	.2864374	0
1239.15	0	.6968069	.01634856	.2868446	0
1238.15	0	.6957052	.01704404	.2872507	0
1237.15	0	.6946067	.01773749	.2876558	0
1236.15	0	.6935112	.0184289	.2880599	0
1235.15	0	.6924188	.0191183	.2884629	0
1234.15	0	.6913294	.01980567	.2888649	0
1233.15	0	.6902431	.02049103	.2892659	0
1232.15	0	.6891598	.02117437	.2896658	0
1231.15	0	.6880795	.02185572	.2900647	0
1230.15	0	.6870023	.02253505	.2904627	0
1229.15	0	.6859281	.02321239	.2908596	0
1228.15	0	.6848568	.02388774	.2912555	0
1227.15	0	.6837886	.02456109	.2916504	0
1226.15	0	.6827233	.02523246	.2920443	0
1225.15	0	.681661	.02590185	.2924371	0
1224.15	0	.6806017	.02656926	.2928291	0
1223.15	0	.6795453	.0272347	.29322	0
1222.15	0	.6784919	.02789818	.2936099	0
1221.15	0	.6774415	.02855968	.2939988	0
1220.15	0	.676394	.02921923	.2943868	0
1219.15	0	.6753494	.02987682	.2947738	0
1218.15	0	.6743077	.03053246	.2951598	0
1217.15	0	.673269	.03118615	.2955449	0
1216.15	0	.6722331	.0318379	.295929	0
1215.15	0	.6712002	.03248771	.2963121	0
1214.15	0	.6701702	.03313558	.2966942	0
1213.15	0	.669143	.03378152	.2970755	0
1212.15	0	.6681187	.03442554	.2974557	0
1211.15	0	.6670973	.03506762	.297835	0
1210.15	0	.6660788	.03570779	.2982134	0
1209.15	0	.6650631	.03634605	.2985908	0
1208.15	0	.6640503	.03698239	.2989673	0
1207.15	0	.6630403	.03761682	.2993429	0
1206.15	0	.6620332	.03824935	.2997175	0
1205.15	0	.6610288	.03887998	.3000912	0
1204.15	0	.6600273	.03950871	.300464	0
1203.15	0	.6590287	.04013555	.3008358	0
1202.15	0	.6580328	.04076049	.3012067	0
1201.15	0	.6570397	.04138356	.3015767	0
1200.15	0	.6560494	.04200474	.3019458	0
1199.15	0	.655062	.04262404	.302314	0
1198.15	0	.6540773	.04324147	.3026813	0
1197.15	0	.6530953	.04385703	.3030477	0
1196.15	0	.6521162	.04447072	.3034131	0
1195.15	0	.6511397	.04508254	.3037777	0
1194.15	0	.6501661	.04569251	.3041414	0
1193.15	0	.6491952	.04630062	.3045042	0
1192.15	0	.648227	.04690688	.3048661	0
1191.15	0	.6472616	.04751129	.3052271	0
1190.15	0	.6462989	.04811385	.3055872	0
1189.15	0	.6453389	.04871457	.3059465	0
1188.15	0	.6443817	.04931345	.3063049	0
1187.15	0	.6434271	.04991049	.3066624	0
1186.15	0	.6424753	.05050571	.307019	0
1185.15	0	.6415261	.05109909	.3073748	0
1184.15	0	.6405797	.05169065	.3077297	0
1183.15	0	.6396359	.05228039	.3080837	0
1182.15	0	.6386948	.05286831	.3084369	0
1181.15	0	.6377564	.05345442	.3087892	0
1180.15	0	.6368206	.05403871	.3091407	0
1179.15	0	.6358875	.05462119	.3094913	0
1178.15	0	.6349571	.05520188	.309841	0
1177.15	0	.6340293	.05578075	.31019	0
1176.15	0	.6331041	.05635783	.310538	0
1175.15	0	.6321816	.05693312	.3108853	0
1174.15	0	.6312617	.05750661	.3112317	0
1173.15	0	.6303445	.05807832	.3115772	0
1172.15	0	.6294298	.05864824	.311922	0
1171.15	0	.6285178	.05921638	.3122659	0
1170.15	0	.6276083	.05978273	.3126089	0
1169.15	0	.6267015	.06034732	.3129512	0
1168.15	0	.6257973	.06091012	.3132926	0
1167.15	0	.6248956	.06147117	.3136332	0
1166.15	0	.6239966	.06203044	.313973	0
1165.15	0	.6231001	.06258795	.314312	0
1164.15	0	.6222062	.0631437	.3146501	0
1163.15	0	.6213148	.06369769	.3149875	0
1162.15	0	.620426	.06424993	.315324	0
1161.15	0	.6195398	.06480042	.3156598	0
1160.15	0	.6186561	.06534916	.3159947	0
1159.15	0	.617775	.06589615	.3163289	0
1158.15	0	.6168964	.06644141	.3166622	0
1157.15	0	.6160203	.06698492	.3169948	0
1156.15	0	.6151468	.0675267	.3173265	0
1155.15	0	.6142758	.06806675	.3176575	0
1154.15	0	.6134072	.06860508	.3179877	0
1153.15	0	.6125412	.06914167	.3183171	0
1152.15	0	.6116778	.06967654	.3186457	0
1151.15	0	.6108168	.07020968	.3189735	0
1150.15	0	.6099583	.07074111	.3193006	0
1149.15	0	.6091023	.07127082	.3196269	0
1148.15	0	.6082488	.07179881	.3199524	0
1147.15	0	.6073978	.0723251	.3202771	0
1146.15	0	.6065492	.07284968	.3206011	0
1145.15	0	.6057032	.07337256	.3209243	0
1144.15	0	.6048595	.07389374	.3212467	0
1143.15	0	.6040184	.07441322	.3215684	0
1142.15	0	.6031797	.074931	.3218893	0
1141.15	0	.6023434	.0754471	.3222095	0
1140.15	0	.6015096	.0759615	.3225289	0
1139.15	0	.6006783	.07647422	.3228475	0
1138.15	0	.5998494	.07698525	.3231654	0
1137.15	0	.5990228	.0774946	.3234826	0
1136.15	0	.5981988	.07800227	.323799	0
1135.15	0	.5973771	.07850827	.3241146	0
1134.15	0	.5965579	.0790126	.3244295	0
1133.15	0	.5957411	.07951525	.3247437	0
1132.15	0	.5949266	.08001624	.3250571	0
1131.15	0	.5941146	.08051556	.3253698	0
1130.15	0	.593305	.08101322	.3256818	0
1129.15	0	.5924978	.08150923	.325993	0
1128.15	0	.5916929	.08200357	.3263035	0
1127.15	0	.5908905	.08249626	.3266133	0
1126.15	0	.5900904	.0829873	.3269223	0
1125.15	0	.5892926	.0834767	.3272307	0
1124.15	0	.5884973	.08396444	.3275383	0
1123.15	0	.5877043	.08445055	.3278451	0
1122.15	0	.5869137	.08493501	.3281513	0
1121.15	0	.5861254	.08541784	.3284567	0
1120.15	0	.5853395	.08589903	.3287615	0
1119.15	0	.584556	.08637859	.3290655	0
1118.15	0	.5837747	.08685652	.3293688	0
1117.15	0	.5829958	.08733282	.3296714	0
1116.15	0	.5822193	.08780749	.3299732	0
1115.15	0	.581445	.08828055	.3302744	0
1114.15	0	.5806731	.08875199	.3305749	0
1113.15	0	.5799035	.08922181	.3308747	0
1112.15	0	.5791363	.08969001	.3311737	0
1111.15	0	.5783713	.09015661	.3314721	0
1110.15	0	.5776086	.09062159	.3317698	0
1109.15	0	.5768483	.09108497	.3320668	0
1108.15	0	.5760902	.09154675	.3323631	0
1107.15	0	.5753344	.09200692	.3326587	0
1106.15	0	.5745809	.0924655	.3329536	0
1105.15	0	.5738297	.09292248	.3332478	0
1104.15	0	.5730808	.09337786	.3335413	0
1103.15	0	.5723342	.09383166	.3338342	0
1102.15	0	.5715898	.09428387	.3341263	0
1101.15	0	.5708477	.09473449	.3344178	0
1100.15	0	.5701079	.09518353	.3347086	0
1099.15	0	.5693703	.09563099	.3349987	0
1098.15	0	.568635	.09607687	.3352882	0
1097.15	0	.5679019	.09652118	.3355769	0
1096.15	0	.5671711	.09696391	.335865	0
1095.15	0	.5664425	.09740507	.3361524	0
1094.15	0	.5657161	.09784467	.3364392	0
1093.15	0	.564992	.0982827	.3367253	0
1092.15	0	.5642701	.09871917	.3370107	0
1091.15	0	.5635505	.09915408	.3372955	0
1090.15	0	.562833	.09958743	.3375795	0
1089.15	0	.5621178	.1000192	.337863	0
1088.15	0	.5614048	.1004495	.3381457	0
1087.15	0	.560694	.1008782	.3384278	0
1086.15	0	.5599854	.1013053	.3387092	0
1085.15	0	.5592791	.1017309	.33899	0
1084.15	0	.5585749	.102155	.3392701	0
1083.15	0	.5578729	.1025775	.3395496	0
1082.15	0	.5571731	.1029985	.3398284	0
1081.15	0	.5564755	.1034179	.3401066	0
1080.15	0	.5557801	.1038359	.3403841	0
1079.15	0	.5550868	.1042523	.340661	0
1078.15	0	.5543957	.1046671	.3409372	0
1077.15	0	.5537068	.1050804	.3412127	0
1076.15	0	.5530201	.1054923	.3414876	0
1075.15	0	.5523355	.1059026	.3417619	0
1074.15	0	.5516531	.1063114	.3420355	0
1073.15	0	.5509728	.1067186	.3423085	0
1072.15	0	.5502947	.1071244	.3425809	0
1071.15	0	.5496188	.1075287	.3428526	0
1070.15	0	.5489449	.1079314	.3431236	0
1069.15	0	.5482733	.1083327	.3433941	0
1068.15	0	.5476037	.1087324	.3436638	0
1067.15	0	.5469363	.1091307	.343933	0
1066.15	0	.5462711	.1095274	.3442015	0
1065.15	0	.5456079	.1099227	.3444694	0
1064.15	0	.5449469	.1103165	.3447367	0
1063.15	0	.544288	.1107088	.3450033	0
1062.15	0	.5436312	.1110996	.3452693	0
1061.15	0	.5429765	.1114889	.3455346	0
1060.15	0	.5423239	.1118767	.3457994	0
1059.15	0	.5416734	.1122631	.3460635	0
1058.15	0	.541025	.112648	.346327	0
1057.15	0	.5403787	.1130315	.3465898	0
1056.15	0	.5397345	.1134134	.3468521	0
1055.15	0	.5390924	.1137939	.3471137	0
1054.15	0	.5384524	.114173	.3473746	0
1053.15	0	.5378144	.1145506	.347635	0
1052.15	0	.5371786	.1149267	.3478947	0
1051.15	0	.5365448	.1153014	.3481539	0
1050.15	0	.535913	.1156746	.3484124	0
1049.15	0	.5352834	.1160464	.3486703	0
1048.15	0	.5346558	.1164167	.3489275	0
1047.15	0	.5340302	.1167856	.3491842	0
1046.15	0	.5334067	.1171531	.3494402	0
1045.15	0	.5327853	.1175191	.3496956	0
1044.15	0	.5321659	.1178837	.3499504	0
1043.15	0	.5315485	.1182469	.3502046	0
1042.15	0	.5309332	.1186087	.3504582	0
1041.15	0	.5303199	.118969	.3507111	0
1040.15	0	.5297086	.1193279	.3509635	0
1039.15	0	.5290994	.1196854	.3512152	0
1038.15	0	.5284922	.1200415	.3514664	0
1037.15	0	.527887	.1203961	.3517169	0
1036.15	0	.5272838	.1207494	.3519668	0
1035.15	0	.5266827	.1211013	.3522161	0
1034.15	0	.5260835	.1214517	.3524648	0
1033.15	0	.5254863	.1218008	.3527129	0
1032.15	0	.5248912	.1221485	.3529604	0
1031.15	0	.524298	.1224948	.3532072	0
1030.15	0	.5237069	.1228397	.3534535	0
1029.15	0	.5231177	.1231832	.3536992	0
1028.15	0	.5225305	.1235253	.3539442	0
1027.15	0	.5219453	.1238661	.3541887	0
1026.15	0	.521362	.1242055	.3544325	0
1025.15	0	.5207808	.1245435	.3546758	0
1024.15	0	.5202015	.1248802	.3549184	0
1023.15	0	.5196241	.1252155	.3551604	0
1022.15	0	.5190487	.1255494	.3554019	0
1021.15	0	.5184753	.125882	.3556427	0
1020.15	0	.5179039	.1262132	.3558829	0
1019.15	0	.5173343	.1265431	.3561225	0
1018.15	0	.5167668	.1268717	.3563616	0
1017.15	0	.5162011	.1271989	.3566	0
1016.15	0	.5156374	.1275248	.3568378	0
1015.15	0	.5150756	.1278493	.357075	0
1014.15	0	.5145158	.1281726	.3573116	0
1013.15	0	.5139579	.1284945	.3575477	0
1012.15	0	.5134019	.1288151	.3577831	0
1011.15	0	.5128478	.1291343	.3580179	0
1010.15	0	.5122956	.1294523	.3582521	0
1009.15	0	.5117453	.1297689	.3584857	0
1008.15	0	.511197	.1300843	.3587187	0
1007.15	0	.5106505	.1303983	.3589512	0
1006.15	0	.5101059	.1307111	.359183	0
1005.15	0	.5095632	.1310226	.3594142	0
1004.15	0	.5090224	.1313328	.3596448	0
1003.15	0	.5084835	.1316417	.3598748	0
1002.15	0	.5079464	.1319493	.3601043	0
1001.15	0	.5074112	.1322557	.3603331	0
1000.15	0	.5068779	.1325608	.3605613	0
999.15	0	.5063465	.1328647	.3607889	0
998.15	0	.5058168	.1331672	.3610159	0
997.15	0	.5052891	.1334686	.3612423	0
996.15	0	.5047632	.1337687	.3614681	0
995.15	0	.5042391	.1340675	.3616933	0
994.15	0	.5037169	.1343651	.361918	0
993.15	0	.5031965	.1346615	.362142	0
992.15	0	.502678	.1349567	.3623654	0
991.15	0	.5021612	.1352506	.3625882	0
990.15	0	.5016463	.1355433	.3628104	0
989.15	0	.5011332	.1358349	.363032	0
988.15	0	.5006219	.1361252	.3632529	0
987.15	0	.5001124	.1364143	.3634733	0
986.15	0	.4996047	.1367022	.3636931	0
985.15	0	.4990988	.1369889	.3639123	0
984.15	0	.4985947	.1372745	.3641309	0
983.15	0	.4980923	.1375588	.3643488	0
982.15	0	.4975918	.137842	.3645662	0
981.15	0	.497093	.1381241	.3647829	0
980.15	0	.496596	.138405	.3649991	0
979.15	0	.4961007	.1386847	.3652146	0
978.15	0	.4956072	.1389633	.3654295	0
977.15	0	.4951154	.1392407	.3656439	0
976.15	0	.4946254	.139517	.3658576	0
975.15	0	.4941372	.1397922	.3660706	0
974.15	0	.4936506	.1400663	.3662831	0
973.15	0	.4931658	.1403392	.366495	0
972.15	0	.4926827	.1406111	.3667062	0
971.15	0	.4922013	.1408818	.3669169	0
970.15	0	.4917217	.1411514	.3671269	0
969.15	0	.4912437	.14142	.3673363	0
968.15	0	.4907674	.1416875	.3675451	0
967.15	0	.4902928	.1419539	.3677533	0
966.15	0	.4898199	.1422192	.3679608	0
965.15	0	.4893487	.1424835	.3681678	0
964.15	0	.4888792	.1427468	.3683741	0
963.15	0	.4884113	.143009	.3685798	0
962.15	0	.487945	.1432701	.3687848	0
961.15	0	.4874805	.1435303	.3689893	0
960.15	0	.4870176	.1437894	.3691931	0
959.15	0	.4865563	.1440475	.3693963	0
958.15	0	.4860966	.1443046	.3695988	0
957.15	0	.4856386	.1445607	.3698007	0
956.15	0	.4851821	.1448158	.370002	0
955.15	0	.4847273	.14507	.3702027	0
954.15	0	.4842741	.1453232	.3704027	0
953.15	0	.4838225	.1455754	.3706021	0
952.15	0	.4833725	.1458267	.3708009	0
951.15	0	.4829241	.146077	.370999	0
950.15	0	.4824772	.1463264	.3711965	0
949.15	0	.4820319	.1465748	.3713933	0
948.15	0	.4815881	.1468224	.3715895	0
947.15	0	.4811459	.147069	.371785	0
946.15	0	.4807053	.1473148	.3719799	0
945.15	0	.4802662	.1475597	.3721742	0
944.15	0	.4798286	.1478036	.3723678	0
943.15	0	.4793925	.1480468	.3725607	0
942.15	0	.478958	.148289	.372753	0
941.15	0	.4785249	.1485305	.3729447	0
940.15	0	.4780933	.148771	.3731356	0
939.15	0	.4776632	.1490108	.373326	0
938.15	0	.4772346	.1492498	.3735156	0
937.15	0	.4768075	.1494879	.3737046	0
936.15	0	.4763818	.1497253	.373893	0
935.15	0	.4759575	.1499619	.3740806	0
934.15	0	.4755347	.1501977	.3742676	0
933.15	0	.4751134	.1504327	.3744539	0
932.15	0	.4746934	.150667	.3746396	0
931.15	0	.4742749	.1509006	.3748245	0
930.15	0	.4738577	.1511334	.3750088	0
929.15	0	.473442	.1513656	.3751924	0
928.15	0	.4730276	.151597	.3753754	0
927.15	0	.4726146	.1518278	.3755576	0
926.15	0	.472203	.1520579	.3757391	0
925.15	0	.4717927	.1522873	.37592	0
924.15	0	.4713837	.1525161	.3761002	0
923.15	0	.4709761	.1527443	.3762796	0
922.15	0	.4705698	.1529718	.3764584	0
921.15	0	.4701648	.1531988	.3766364	0
920.15	0	.4697611	.1534251	.3768138	0
919.15	0	.4693587	.1536509	.3769904	0
918.15	0	.4689576	.1538761	.3771664	0
917.15	0	.4685577	.1541007	.3773416	0
916.15	0	.4681591	.1543249	.3775161	0
915.15	0	.4677617	.1545485	.3776899	0
914.15	0	.4673655	.1547716	.3778629	0
913.15	0	.4669706	.1549942	.3780352	0
912.15	0	.4665768	.1552164	.3782068	0
911.15	0	.4661843	.1554381	.3783777	0
910.15	0	.4657929	.1556593	.3785478	0
909.15	0	.4654027	.1558801	.3787172	0
908.15	0	.4650136	.1561006	.3788858	0
907.15	0	.4646257	.1563206	.3790537	0
906.15	0	.4642389	.1565403	.3792208	0
905.15	0	.4638532	.1567596	.3793872	0
904.15	0	.4634686	.1569786	.3795528	0
903.15	0	.4630851	.1571973	.3797177	0
902.15	0	.4627026	.1574156	.3798818	0
901.15	0	.4623212	.1576337	.3800451	0
900.15	0	.4619409	.1578515	.3802076	0
899.15	0	.4615615	.1580691	.3803694	0
898.15	0	.4611832	.1582864	.3805303	0
897.15	0	.4608059	.1585036	.3806905	0
896.15	0	.4604296	.1587205	.3808499	0
895.15	0	.4600542	.1589373	.3810085	0
894.15	0	.4596798	.159154	.3811663	0
893.15	0	.4593063	.1593705	.3813232	0
892.15	0	.4589337	.1595869	.3814794	0
891.15	0	.458562	.1598033	.3816347	0
890.15	0	.4581912	.1600196	.3817893	0
889.15	0	.4578213	.1602358	.3819429	0
888.15	0	.4574522	.160452	.3820958	0
887.15	0	.4570839	.1606683	.3822478	0
886.15	0	.4567165	.1608846	.382399	0
885.15	0	.4563498	.1611009	.3825493	0
884.15	0	.4559839	.1613173	.3826988	0
883.15	0	.4556188	.1615338	.3828474	0
882.15	0	.4552544	.1617505	.3829951	0
881.15	0	.4548908	.1619673	.383142	0
880.15	0	.4545278	.1621842	.383288	0
879.15	0	.4541655	.1624014	.3834331	0
878.15	0	.4538039	.1626188	.3835773	0
877.15	0	.4534429	.1628365	.3837206	0
876.15	0	.4530825	.1630545	.383863	0
875.15	0	.4527227	.1632728	.3840045	0
874.15	0	.4523635	.1634914	.3841451	0
873.15	0	.4520049	.1637104	.3842847	0
872.15	0	.4516468	.1639298	.3844234	0
871.15	0	.4512892	.1641496	.3845612	0
870.15	0	.450932	.1643699	.384698	0
869.15	0	.4505754	.1645907	.3848339	0
868.15	0	.4502192	.164812	.3849688	0
867.15	0	.4498634	.1650339	.3851027	0
866.15	0	.4495079	.1652564	.3852357	0
865.15	0	.4491529	.1654794	.3853677	0
864.15	0	.4487982	.1657032	.3854986	0
863.15	0	.4484438	.1659276	.3856286	0
862.15	0	.4480897	.1661528	.3857576	0
861.15	0	.4477358	.1663787	.3858855	0
860.15	0	.4473822	.1666054	.3860124	0
859.15	0	.4470288	.166833	.3861382	0
858.15	0	.4466755	.1670615	.386263	0
857.15	0	.4463224	.1672908	.3863868	0
856.15	0	.4459694	.1675211	.3865095	0
855.15	0	.4456165	.1677524	.386631	0
854.15	0	.4452637	.1679848	.3867515	0
853.15	0	.4449109	.1682182	.3868709	0
852.15	0	.444558	.1684528	.3869892	0
851.15	0	.4442052	.1686885	.3871063	0
850.15	0	.4438522	.1689255	.3872223	0
849.15	0	.4434992	.1691636	.3873372	0
848.15	0	.443146	.1694032	.3874508	0
847.15	0	.4427926	.169644	.3875634	0
846.15	0	.442439	.1698863	.3876747	0
845.15	0	.4420852	.17013	.3877848	0
844.15	0	.4417311	.1703753	.3878937	0
843.15	0	.4413766	.1706221	.3880013	0
842.15	0	.4410217	.1708705	.3881077	0
841.15	0	.4406665	.1711206	.3882129	0
840.15	0	.4403108	.1713725	.3883167	0
839.15	0	.4399546	.1716261	.3884193	0
838.15	0	.4395978	.1718816	.3885206	0
837.15	0	.4392405	.172139	.3886205	0
836.15	0	.4388825	.1723984	.3887191	0
835.15	0	.4385238	.1726599	.3888163	0
834.15	0	.4381644	.1729235	.3889122	0
833.15	0	.4378042	.1731892	.3890066	0
832.15	0	.4374431	.1734573	.3890996	0
831.15	0	.4370812	.1737277	.3891912	0
830.15	0	.4367183	.1740005	.3892813	0
829.15	0	.4363544	.1742758	.3893699	0
828.15	0	.4359894	.1745536	.389457	0
827.15	0	.4356233	.1748342	.3895426	0
826.15	0	.435256	.1751175	.3896266	0
825.15	0	.4348874	.1754036	.389709	0
824.15	0	.4345175	.1756927	.3897898	0
823.15	0	.4341462	.1759849	.389869	0
822.15	0	.4337734	.1762802	.3899465	0
821.15	0	.433399	.1765787	.3900223	0
820.15	0	.433023	.1768807	.3900963	0
819.15	0	.4326453	.177186	.3901686	0
818.15	0	.4322658	.1774951	.3902392	0
817.15	0	.4318844	.1778078	.3903078	0
816.15	0	.431501	.1781244	.3903747	0
815.15	0	.4311155	.178445	.3904396	0
814.15	0	.4307278	.1787697	.3905025	0
813.15	0	.4303378	.1790987	.3905635	0
812.15	0	.4299454	.1794321	.3906224	0
811.15	0	.4295505	.1797702	.3906793	0
810.15	0	.4291548	.1801115	.3907337	0
809.15	0	.4287544	.1804594	.3907863	0
808.15	0	.428351	.1808124	.3908366	0
807.15	0	.4279446	.1811708	.3908846	0
806.15	0	.4275349	.1815348	.3909303	0
805.15	0	.4271219	.1819045	.3909736	0
804.15	0	.4267054	.1822802	.3910144	0
803.15	0	.4262851	.1826623	.3910526	0
802.15	0	.4258609	.1830508	.3910883	0
801.15	0	.4254326	.1834462	.3911212	0
800.15	0	.425	.1838487	.3911513	0
799.15	0	.4245628	.1842587	.3911785	0
798.15	0	.4241208	.1846764	.3912028	0
797.15	0	.4236737	.1851023	.391224	0
796.15	0	.4232213	.1855367	.391242	0
795.15	0	.4227632	.1859801	.3912567	0
794.15	0	.4222992	.1864329	.391268	0
793.15	0	.4218288	.1868956	.3912756	0
792.15	0	.4213517	.1873687	.3912796	0
791.15	0	.4208674	.1878529	.3912797	0
790.15	0	.4203756	.1883487	.3912757	0
789.15	0	.4198757	.1888567	.3912675	0
788.15	0	.4193672	.1893779	.3912549	0
787.15	0	.4188495	.1899129	.3912375	0
786.15	0	.418322	.1904628	.3912153	0
785.15	0	.4177838	.1910284	.3911878	0
784.15	0	.4172343	.1916108	.3911549	0
783.15	0	.4166725	.1922114	.3911161	0
782.15	0	.4160974	.1928316	.391071	0
781.15	0	.4155079	.1934727	.3910194	0
780.15	0	.4149027	.1941368	.3909606	0
779.15	0	.4142803	.1948256	.3908941	0
778.15	0	.413639	.1955417	.3908193	0
777.15	0	.4129769	.1962877	.3907354	0
776.15	0	.4122917	.1970666	.3906417	0
775.15	0	.4115806	.1978823	.3905371	0
774.15	0	.4108405	.1987391	.3904205	0
773.15	0	.4100673	.1996424	.3902903	0
772.15	0	.4083204	.2018399	.3898397	0
771.15	0	.4067645	.2037912	.3894444	0
770.15	0	.405381	.2055198	.3890991	0
769.15	0	.4041331	.2070741	.3887927	0
768.15	0	.4029952	.2084874	.3885174	0
767.15	0	.4019487	.2097836	.3882677	0
766.15	0	.4009798	.2109808	.3880394	0
765.15	0	.4000776	.2120932	.3878292	0
764.15	0	.3992337	.2131316	.3876348	0
763.15	0	.3984411	.214105	.387454	0
762.15	0	.397694	.2150208	.3872852	0
761.15	0	.3969879	.2158851	.387127	0
760.15	0	.3963186	.2167031	.3869784	0
759.15	0	.3956827	.2174791	.3868382	0
758.15	0	.3950773	.2182169	.3867058	0
757.15	0	.3944999	.2189198	.3865803	0
756.15	0	.3939481	.2195907	.3864612	0
755.15	0	.3934201	.2202321	.3863479	0
754.15	0	.392914	.2208461	.3862399	0
753.15	0	.3924283	.2214349	.3861368	0
752.15	0	.3919616	.2220002	.3860383	0
751.15	0	.3915126	.2225435	.3859439	0
750.15	0	.3910803	.2230663	.3858534	0
749.15	0	.3906635	.22357	.3857665	0
748.15	0	.3902614	.2240557	.3856829	0
747.15	0	.3898731	.2245244	.3856025	0
746.15	0	.3894978	.2249772	.385525	0
745.15	0	.3891348	.225415	.3854502	0
744.15	0	.3887833	.2258386	.385378	0
743.15	0	.3884429	.2262488	.3853083	0
742.15	0	.388113	.2266463	.3852408	0
741.15	0	.3877929	.2270317	.3851754	0
740.15	0	.3874823	.2274057	.385112	0
739.15	0	.3871807	.2277687	.3850506	0
738.15	0	.3868876	.2281215	.3849909	0
737.15	0	.3866027	.2284644	.384933	0
736.15	0	.3863255	.2287979	.3848766	0
735.15	0	.3860558	.2291224	.3848217	0
734.15	0	.3857933	.2294384	.3847683	0
733.15	0	.3855375	.2297462	.3847163	0
732.15	0	.3852882	.2300462	.3846656	0
731.15	0	.3850452	.2303387	.3846161	0
730.15	0	.3848082	.230624	.3845677	0
729.15	0	.384577	.2309025	.3845205	0
728.15	0	.3843513	.2311744	.3844744	0
727.15	0	.3841308	.2314399	.3844292	0
726.15	0	.3839155	.2316994	.3843851	0
725.15	0	.3837051	.2319531	.3843418	0
724.15	0	.3834994	.2322011	.3842994	0
723.15	0	.3832983	.2324438	.3842579	0
722.15	0	.3831016	.2326813	.3842171	0
721.15	0	.3829091	.2329138	.3841771	0
720.15	0	.3827206	.2331415	.3841379	0
719.15	0	.3825361	.2333646	.3840993	0
718.15	0	.3823554	.2335832	.3840614	0
717.15	0	.3821784	.2337975	.3840242	0
716.15	0	.3820049	.2340076	.3839875	0
715.15	0	.3818348	.2342138	.3839514	0
714.15	0	.381668	.2344161	.3839159	0
713.15	0	.3815045	.2346146	.3838809	0
712.15	0	.381344	.2348096	.3838465	0
711.15	0	.3811865	.235001	.3838125	0
710.15	0	.3810319	.2351891	.383779	0
709.15	0	.3808801	.235374	.3837459	0
708.15	0	.3807311	.2355557	.3837132	0
707.15	0	.3805847	.2357343	.383681	0
706.15	0	.3804408	.23591	.3836492	0
705.15	0	.3802994	.2360829	.3836177	0
704.15	0	.3801604	.2362529	.3835866	0
703.15	0	.3800238	.2364203	.3835559	0
702.15	0	.3798894	.2365851	.3835255	0
701.15	0	.3797572	.2367474	.3834954	0
700.15	0	.3796271	.2369073	.3834656	0
699.15	0	.3794991	.2370648	.3834361	0
698.15	0	.3793731	.2372199	.3834069	0
697.15	0	.3792491	.2373729	.383378	0
696.15	0	.3791269	.2375237	.3833493	0
695.15	0	.3790067	.2376725	.3833209	0
694.15	0	.3788882	.2378191	.3832927	0
693.15	0	.3787714	.2379639	.3832648	0
692.15	0	.3786563	.2381067	.383237	0
691.15	0	.3785429	.2382476	.3832095	0
690.15	0	.3784311	.2383867	.3831822	0
689.15	0	.3783209	.2385241	.383155	0
688.15	0	.3782122	.2386598	.3831281	0
687.15	0	.3781049	.2387938	.3831013	0
686.15	0	.3779991	.2389262	.3830747	0
685.15	0	.3778947	.239057	.3830483	0
684.15	0	.3777917	.2391863	.383022	0
683.15	0	.37769	.2393142	.3829958	0
682.15	0	.3775896	.2394406	.3829698	0
681.15	0	.3774905	.2395655	.382944	0
680.15	0	.3773926	.2396891	.3829183	0
679.15	0	.3772959	.2398114	.3828927	0
678.15	0	.3772004	.2399324	.3828672	0
677.15	0	.3771061	.2400521	.3828418	0
676.15	0	.3770128	.2401706	.3828166	0
675.15	0	.3769206	.240288	.3827914	0
674.15	0	.3768296	.2404041	.3827664	0
673.15	0	.3767395	.2405191	.3827414	0
672.15	0	.3766505	.240633	.3827165	0
671.15	0	.3765624	.2407458	.3826917	0
670.15	0	.3764753	.2408576	.3826671	0
669.15	0	.3763892	.2409684	.3826424	0
668.15	0	.376304	.2410782	.3826179	0
667.15	0	.3762196	.2411869	.3825934	0
666.15	0	.3761362	.2412948	.382569	0
665.15	0	.3760536	.2414017	.3825447	0
664.15	0	.3759719	.2415077	.3825204	0
663.15	0	.375891	.2416129	.3824962	0
662.15	0	.3758108	.2417172	.382472	0
661.15	0	.3757315	.2418206	.3824479	0
660.15	0	.3756529	.2419233	.3824238	0
659.15	0	.3755751	.2420251	.3823998	0
658.15	0	.375498	.2421262	.3823758	0
657.15	0	.3754217	.2422264	.3823519	0
656.15	0	.375346	.242326	.382328	0
655.15	0	.375271	.2424249	.3823041	0
654.15	0	.3751967	.242523	.3822803	0
653.15	0	.3751231	.2426204	.3822565	0
652.15	0	.3750501	.2427172	.3822327	0
651.15	0	.3749777	.2428133	.382209	0
650.15	0	.374906	.2429088	.3821852	0
649.15	0	.3748348	.2430036	.3821615	0
648.15	0	.3747643	.2430979	.3821379	0
647.15	0	.3746943	.2431915	.3821142	0
646.15	0	.3746249	.2432845	.3820906	0
645.15	0	.3745561	.243377	.382067	0
644.15	0	.3744877	.2434689	.3820434	0
643.15	0	.37442	.2435603	.3820198	0
642.15	0	.3743527	.2436511	.3819962	0
641.15	0	.374286	.2437414	.3819726	0
640.15	0	.3742198	.2438312	.381949	0
639.15	0	.374154	.2439205	.3819255	0
638.15	0	.3740888	.2440093	.3819019	0
637.15	0	.374024	.2440976	.3818784	0
636.15	0	.3739597	.2441855	.3818549	0
635.15	0	.3738958	.2442729	.3818313	0
634.15	0	.3738324	.2443598	.3818078	0
633.15	0	.3737694	.2444463	.3817843	0
632.15	0	.3737069	.2445324	.3817607	0
631.15	0	.3736448	.2446181	.3817372	0
630.15	0	.3735831	.2447033	.3817136	0
629.15	0	.3735218	.2447881	.3816901	0
628.15	0	.3734609	.2448726	.3816666	0
627.15	0	.3734004	.2449566	.381643	0
626.15	0	.3733402	.2450403	.3816194	0
625.15	0	.3732805	.2451236	.3815959	0
624.15	0	.3732211	.2452066	.3815723	0
623.15	0	.3731621	.2452892	.3815487	0
622.15	0	.3731035	.2453714	.3815252	0
621.15	0	.3730452	.2454533	.3815016	0
620.15	0	.3729872	.2455348	.381478	0
619.15	0	.3729296	.2456161	.3814543	0
618.15	0	.3728723	.245697	.3814307	0
617.15	0	.3728154	.2457776	.3814071	0
616.15	0	.3727587	.2458578	.3813834	0
615.15	0	.3727024	.2459378	.3813598	0
614.15	0	.3726464	.2460175	.3813361	0
613.15	0	.3725907	.2460969	.3813124	0
612.15	0	.3725353	.246176	.3812887	0
611.15	0	.3724803	.2462548	.381265	0
610.15	0	.3724254	.2463333	.3812413	0
609.15	0	.3723709	.2464116	.3812175	0
608.15	0	.3723167	.2464895	.3811938	0
607.15	0	.3722627	.2465673	.38117	0
606.15	0	.3722091	.2466447	.3811462	0
605.15	0	.3721557	.246722	.3811224	0
604.15	0	.3721025	.2467989	.3810986	0
603.15	0	.3720496	.2468757	.3810747	0
602.15	0	.371997	.2469521	.3810509	0
601.15	0	.3719446	.2470284	.381027	0
600.15	0	.3718925	.2471044	.3810031	0
599.15	0	.3718406	.2471802	.3809792	0
598.15	0	.3717889	.2472558	.3809553	0
597.15	0	.3717375	.2473311	.3809314	0
596.15	0	.3716864	.2474062	.3809074	0
595.15	0	.3716354	.2474811	.3808835	0
594.15	0	.3715847	.2475558	.3808595	0
593.15	0	.3715342	.2476303	.3808355	0
592.15	0	.3714839	.2477046	.3808115	0
591.15	0	.3714339	.2477787	.3807874	0
590.15	0	.371384	.2478526	.3807634	0
589.15	0	.3713344	.2479263	.3807393	0
588.15	0	.371285	.2479998	.3807152	0
587.15	0	.3712358	.2480731	.3806911	0
586.15	0	.3711868	.2481462	.380667	0
585.15	0	.371138	.2482192	.3806428	0
584.15	0	.3710894	.248292	.3806187	0
583.15	0	.3710409	.2483646	.3805945	0
582.15	0	.3709927	.248437	.3805703	0
581.15	0	.3709447	.2485092	.3805461	0
580.15	0	.3708968	.2485813	.3805219	0
579.15	0	.3708492	.2486532	.3804977	0
578.15	0	.3708017	.2487249	.3804734	0
577.15	0	.3707544	.2487965	.3804491	0
576.15	0	.3707073	.2488679	.3804248	0
575.15	0	.3706603	.2489391	.3804005	0
574.15	0	.3706136	.2490102	.3803762	0
573.15	0	.370567	.2490812	.3803519	0
572.15	0	.3705205	.249152	.3803275	0
571.15	0	.3704743	.2492226	.3803032	0
570.15	0	.3704282	.2492931	.3802788	0
569.15	0	.3703822	.2493634	.3802544	0
568.15	0	.3703365	.2494336	.38023	0
567.15	0	.3702908	.2495036	.3802055	0
566.15	0	.3702454	.2495735	.3801811	0
565.15	0	.3702001	.2496433	.3801566	0
564.15	0	.370155	.2497129	.3801322	0
563.15	0	.37011	.2497824	.3801077	0
562.15	0	.3700651	.2498517	.3800832	0
561.15	0	.3700204	.2499209	.3800587	0
560.15	0	.3699759	.24999	.3800342	0
559.15	0	.3699315	.2500589	.3800096	0
558.15	0	.3698872	.2501277	.3799851	0
557.15	0	.3698431	.2501964	.3799605	0
556.15	0	.3697992	.2502649	.3799359	0
555.15	0	.3697553	.2503333	.3799114	0
554.15	0	.3697117	.2504016	.3798868	0
553.15	0	.3696681	.2504697	.3798622	0
552.15	0	.3696247	.2505378	.3798376	0
551.15	0	.3695814	.2506057	.3798129	0
550.15	0	.3695383	.2506734	.3797883	0
549.15	0	.3694953	.2507411	.3797637	0
548.15	0	.3694524	.2508086	.379739	0
547.15	0	.3694098	.250876	.3797142	0
546.15	0	.3693672	.2509433	.3796895	0
545.15	0	.3693247	.2510104	.3796649	0
544.15	0	.3692823	.2510775	.3796402	0
543.15	0	.3692401	.2511444	.3796155	0
542.15	0	.369198	.2512112	.3795908	0
541.15	0	.369156	.2512779	.3795661	0
540.15	0	.3691141	.2513445	.3795413	0
539.15	0	.3690724	.251411	.3795166	0
538.15	0	.3690308	.2514773	.3794919	0
537.15	0	.3689893	.2515436	.3794672	0
536.15	0	.3689479	.2516097	.3794424	0
535.15	0	.3689066	.2516757	.3794177	0
534.15	0	.3688655	.2517416	.3793929	0
533.15	0	.3688245	.2518074	.3793682	0
532.15	0	.3687835	.251873	.3793434	0
531.15	0	.3687427	.2519386	.3793187	0
530.15	0	.3687021	.252004	.3792939	0
529.15	0	.3686615	.2520694	.3792692	0
528.15	0	.368621	.2521346	.3792444	0
527.15	0	.3685807	.2521997	.3792196	0
526.15	0	.3685404	.2522647	.3791948	0
525.15	0	.3685003	.2523296	.3791701	0
524.15	0	.3684603	.2523944	.3791453	0
523.15	0	.3684204	.2524591	.3791205	0
522.15	0	.3683806	.2525237	.3790958	0
521.15	0	.3683409	.2525881	.379071	0
520.15	0	.3683013	.2526525	.3790462	0
519.15	0	.3682618	.2527167	.3790215	0
518.15	0	.3682224	.2527809	.3789967	0
517.15	0	.3681832	.2528449	.3789719	0
516.15	0	.368144	.2529088	.3789472	0
515.15	0	.3681049	.2529726	.3789224	0
514.15	0	.368066	.2530364	.3788977	0
513.15	0	.3680271	.2531	.3788729	0
512.15	0	.3679884	.2531635	.3788482	0
511.15	0	.3679497	.2532268	.3788235	0
510.15	0	.3679112	.2532901	.3787987	0
509.15	0	.3678727	.2533533	.378774	0
508.15	0	.3678344	.2534164	.3787493	0
507.15	0	.3677961	.2534793	.3787246	0
506.15	0	.367758	.2535422	.3786999	0
505.15	0	.3677199	.2536049	.3786752	0
504.15	0	.367682	.2536676	.3786505	0
503.15	0	.3676441	.2537301	.3786258	0
502.15	0	.3676063	.2537925	.3786011	0
501.15	0	.3675687	.2538549	.3785765	0
500.15	0	.3675311	.2539171	.3785518	0
499.15	0	.3674937	.2539792	.3785272	0
498.15	0	.3674563	.2540412	.3785025	0
497.15	0	.367419	.2541031	.3784779	0
496.15	0	.3673818	.2541649	.3784533	0
495.15	0	.3673447	.2542265	.3784287	0
494.15	0	.3673077	.2542881	.3784041	0
493.15	0	.3672709	.2543496	.3783796	0
492.15	0	.367234	.254411	.378355	0
491.15	0	.3671973	.2544722	.3783305	0
490.15	0	.3671607	.2545333	.3783059	0
489.15	0	.3671242	.2545944	.3782814	0
488.15	0	.3670878	.2546553	.3782569	0
487.15	0	.3670514	.2547161	.3782325	0
486.15	0	.3670152	.2547768	.378208	0
485.15	0	.366979	.2548374	.3781835	0
484.15	0	.366943	.2548979	.3781591	0
483.15	0	.366907	.2549583	.3781347	0
482.15	0	.3668711	.2550186	.3781103	0
481.15	0	.3668354	.2550787	.3780859	0
480.15	0	.3667997	.2551388	.3780616	0
479.15	0	.3667641	.2551987	.3780372	0
478.15	0	.3667285	.2552586	.3780129	0
477.15	0	.3666931	.2553183	.3779886	0
476.15	0	.3666578	.2553779	.3779643	0
475.15	0	.3666225	.2554374	.3779401	0
474.15	0	.3665874	.2554968	.3779158	0
473.15	0	.3665523	.255556	.3778916	0
472.15	0	.3665173	.2556152	.3778675	0
471.15	0	.3664825	.2556743	.3778433	0
470.15	0	.3664477	.2557332	.3778192	0
469.15	0	.366413	.255792	.377795	0
468.15	0	.3663783	.2558507	.3777709	0
467.15	0	.3663438	.2559093	.3777469	0
466.15	0	.3663094	.2559678	.3777228	0
465.15	0	.366275	.2560262	.3776988	0
464.15	0	.3662407	.2560844	.3776748	0
463.15	0	.3662066	.2561426	.3776509	0
462.15	0	.3661725	.2562006	.3776269	0
461.15	0	.3661385	.2562585	.377603	0
460.15	0	.3661046	.2563163	.3775792	0
459.15	0	.3660707	.256374	.3775553	0
458.15	0	.366037	.2564315	.3775315	0
457.15	0	.3660033	.256489	.3775077	0
456.15	0	.3659698	.2565463	.3774839	0
455.15	0	.3659363	.2566035	.3774602	0
454.15	0	.3659029	.2566606	.3774365	0
453.15	0	.3658696	.2567176	.3774129	0
452.15	0	.3658364	.2567744	.3773892	0
451.15	0	.3658033	.2568311	.3773656	0
450.15	0	.3657702	.2568877	.377342	0
449.15	0	.3657373	.2569442	.3773185	0
448.15	0	.3657044	.2570005	.3772951	0
447.15	0	.3656717	.2570567	.3772716	0
446.15	0	.365639	.2571128	.3772482	0
445.15	0	.3656065	.2571687	.3772248	0
444.15	0	.365574	.2572245	.3772015	0
443.15	0	.3655417	.2572801	.3771782	0
442.15	0	.3655094	.2573356	.377155	0
441.15	0	.3654773	.257391	.3771318	0
440.15	0	.3654452	.2574462	.3771086	0
