T	 BPW(LIQUID)	BPW(BCC_A2)	BPW(FCC_A1)	BPW(LAVES_PHASE_C14)	BPW(NI3TI)
1473.15	.1811036	.532347	0	.2865494	0
1472.15	.1762232	.5355247	0	.2882522	0
1471.15	.1714334	.5386398	0	.2899268	0
1470.15	.1667317	.5416941	0	.2915742	0
1469.15	.162116	.544689	0	.293195	0
1468.15	.157584	.5476261	0	.2947899	0
1467.15	.1531335	.5505069	0	.2963596	0
1466.15	.1487624	.5533328	0	.2979049	0
1465.15	.1444687	.5561051	0	.2994262	0
1464.15	.1402505	.5588253	0	.3009242	0
1463.15	.1361059	.5614946	0	.3023996	0
1462.15	.132033	.5641141	0	.3038529	0
1461.15	.1280301	.5666853	0	.3052846	0
1460.15	.1240955	.5692091	0	.3066953	0
1459.15	.1202276	.5716869	0	.3080856	0
1458.15	.1164246	.5741195	0	.3094559	0
1457.15	.1126851	.5765082	0	.3108067	0
1456.15	.1090076	.578854	0	.3121385	0
1455.15	.1053905	.5811578	0	.3134517	0
1454.15	.1018325	.5834206	0	.3147469	0
1453.15	.09833227	.5856434	0	.3160244	0
1452.15	.09488836	.5878271	0	.3172846	0
1451.15	.09149953	.5899725	0	.318528	0
1450.15	.08816451	.5920806	0	.3197549	0
1449.15	.0848821	.5941521	0	.3209658	0
1448.15	.0816511	.5961879	0	.322161	0
1447.687	.08017251	.5971184	0	.3227091	0
1447.687	.08017251	.5971184	0	.3227091	0
1447.687	.08017251	.5971184	0	.3227091	0
1447.15	.07387762	.5915068	.009892583	.324723	0
1446.15	.06232176	.5812871	.02799378	.3283973	0
1445.15	.05097347	.5713564	.0456936	.3319766	0
1444.15	.03982519	.5617048	.06300596	.3354641	0
1443.15	.02886969	.5523231	.07994416	.338863	0
1442.15	.01810004	.5432025	.09652093	.3421765	0
1441.15	.007509628	.5343345	.1127484	.3454075	0
1440.431	0	.528108	.1242102	.3476818	0
1440.431	0	.528108	.1242102	.3476818	0
1440.15	0	.5274199	.124776	.3478041	0
1439.15	0	.5249733	.1267882	.3482386	0
1438.15	0	.522533	.1287957	.3486713	0
1437.15	0	.5200991	.1307985	.3491023	0
1436.15	0	.5176716	.1327967	.3495317	0
1435.15	0	.5152504	.1347903	.3499593	0
1434.15	0	.5128355	.1367793	.3503852	0
1433.15	0	.5104269	.1387636	.3508095	0
1432.15	0	.5080246	.1407433	.3512321	0
1431.15	0	.5056286	.1427185	.351653	0
1430.15	0	.5032387	.144689	.3520722	0
1429.15	0	.5008552	.146655	.3524899	0
1428.15	0	.4984778	.1486164	.3529059	0
1427.15	0	.4961066	.1505732	.3533202	0
1426.15	0	.4937416	.1525255	.3537329	0
1425.15	0	.4913827	.1544732	.3541441	0
1424.15	0	.48903	.1564164	.3545536	0
1423.15	0	.4866834	.1583551	.3549615	0
1422.15	0	.4843429	.1602892	.3553679	0
1421.15	0	.4820085	.1622189	.3557726	0
1420.15	0	.4796802	.164144	.3561758	0
1419.15	0	.477358	.1660646	.3565774	0
1418.15	0	.4750418	.1679808	.3569775	0
1417.15	0	.4727316	.1698924	.357376	0
1416.15	0	.4704274	.1717996	.357773	0
1415.15	0	.4681293	.1737023	.3581684	0
1414.15	0	.4658371	.1756006	.3585624	0
1413.15	0	.4635509	.1774944	.3589548	0
1412.15	0	.4612706	.1793837	.3593457	0
1411.15	0	.4589963	.1812687	.359735	0
1410.15	0	.4567279	.1831492	.3601229	0
1409.15	0	.4544654	.1850253	.3605094	0
1408.15	0	.4522088	.1868969	.3608943	0
1407.15	0	.4499581	.1887642	.3612778	0
1406.15	0	.4477133	.190627	.3616597	0
1405.15	0	.4454743	.1924855	.3620403	0
1404.15	0	.4432411	.1943395	.3624194	0
1403.15	0	.4410138	.1961892	.362797	0
1402.15	0	.4387923	.1980345	.3631732	0
1401.15	0	.4365766	.1998755	.363548	0
1400.15	0	.4343666	.201712	.3639214	0
1399.15	0	.4321625	.2035442	.3642933	0
1398.15	0	.4299641	.2053721	.3646639	0
1397.15	0	.4277714	.2071956	.365033	0
1396.15	0	.4255845	.2090148	.3654007	0
1395.15	0	.4234033	.2108296	.3657671	0
1394.15	0	.4212278	.2126402	.3661321	0
1393.15	0	.419058	.2144464	.3664957	0
1392.15	0	.4168939	.2162482	.3668579	0
1391.15	0	.4147355	.2180458	.3672188	0
1390.15	0	.4125827	.219839	.3675783	0
1389.15	0	.4104355	.221628	.3679365	0
1388.15	0	.4082941	.2234126	.3682933	0
1387.15	0	.4061582	.225193	.3686488	0
1386.15	0	.4040279	.2269691	.369003	0
1385.15	0	.4019033	.2287409	.3693558	0
1384.15	0	.3997843	.2305084	.3697073	0
1383.15	0	.3976708	.2322717	.3700576	0
1382.15	0	.3955629	.2340306	.3704065	0
1381.15	0	.3934605	.2357853	.3707541	0
1380.15	0	.3913638	.2375358	.3711005	0
1379.15	0	.3892725	.239282	.3714455	0
1378.15	0	.3871868	.2410239	.3717893	0
1377.15	0	.3851066	.2427616	.3721318	0
1376.15	0	.3830319	.2444951	.372473	0
1375.15	0	.3809627	.2462243	.372813	0
1374.15	0	.378899	.2479493	.3731518	0
1373.15	0	.3768408	.24967	.3734892	0
1372.15	0	.374788	.2513865	.3738255	0
1371.15	0	.3727407	.2530988	.3741605	0
1370.15	0	.3706989	.2548068	.3744943	0
1369.15	0	.3686625	.2565107	.3748268	0
1368.15	0	.3666316	.2582103	.3751582	0
1367.15	0	.364606	.2599057	.3754883	0
1366.15	0	.3625859	.2615969	.3758172	0
1365.15	0	.3605712	.2632839	.3761449	0
1364.15	0	.3585619	.2649666	.3764714	0
1363.15	0	.356558	.2666452	.3767968	0
1362.15	0	.3545595	.2683196	.3771209	0
1361.15	0	.3525664	.2699897	.3774439	0
1360.15	0	.3505786	.2716557	.3777657	0
1359.15	0	.3485962	.2733175	.3780863	0
1358.15	0	.3466192	.274975	.3784057	0
1357.15	0	.3446475	.2766284	.3787241	0
1356.15	0	.3426812	.2782776	.3790412	0
1355.15	0	.3407202	.2799226	.3793572	0
1354.15	0	.3387645	.2815634	.3796721	0
1353.15	0	.3368141	.2832	.3799858	0
1352.15	0	.3348691	.2848325	.3802984	0
1351.15	0	.3329294	.2864607	.3806099	0
1350.15	0	.330995	.2880848	.3809203	0
1349.15	0	.3290658	.2897047	.3812295	0
1348.15	0	.327142	.2913204	.3815376	0
1347.15	0	.3252235	.2929319	.3818447	0
1346.15	0	.3233102	.2945392	.3821506	0
1345.15	0	.3214022	.2961424	.3824554	0
1344.15	0	.3194995	.2977413	.3827592	0
1343.15	0	.3176021	.2993361	.3830618	0
1342.15	0	.3157099	.3009267	.3833634	0
1341.15	0	.313823	.3025131	.3836639	0
1340.15	0	.3119413	.3040954	.3839633	0
1339.15	0	.3100649	.3056734	.3842617	0
1338.15	0	.3081937	.3072473	.384559	0
1337.15	0	.3063278	.3088169	.3848553	0
1336.15	0	.3044671	.3103824	.3851505	0
1335.15	0	.3026117	.3119437	.3854446	0
1334.15	0	.3007614	.3135008	.3857377	0
1333.15	0	.2989164	.3150538	.3860298	0
1332.15	0	.2970767	.3166025	.3863208	0
1331.15	0	.2952421	.318147	.3866108	0
1330.15	0	.2934128	.3196874	.3868998	0
1329.15	0	.2915887	.3212235	.3871878	0
1328.15	0	.2897698	.3227555	.3874747	0
1327.15	0	.2879561	.3242832	.3877607	0
1326.15	0	.2861476	.3258067	.3880456	0
1325.15	0	.2843444	.3273261	.3883296	0
1324.15	0	.2825463	.3288412	.3886125	0
1323.15	0	.2807534	.3303521	.3888945	0
1322.15	0	.2789658	.3318588	.3891754	0
1321.15	0	.2771833	.3333613	.3894554	0
1320.15	0	.2754061	.3348595	.3897344	0
1319.15	0	.273634	.3363536	.3900124	0
1318.15	0	.2718672	.3378433	.3902895	0
1317.15	0	.2701055	.3393289	.3905655	0
1316.15	0	.2683491	.3408103	.3908407	0
1315.15	0	.2665979	.3422873	.3911148	0
1314.15	0	.2648518	.3437602	.391388	0
1313.15	0	.263111	.3452288	.3916603	0
1312.15	0	.2613753	.3466931	.3919316	0
1311.15	0	.2596449	.3481532	.3922019	0
1310.15	0	.2579196	.349609	.3924714	0
1309.15	0	.2561996	.3510606	.3927399	0
1308.15	0	.2544847	.3525078	.3930074	0
1307.15	0	.2527751	.3539508	.393274	0
1306.15	0	.2510707	.3553895	.3935398	0
1305.15	0	.2493715	.356824	.3938045	0
1304.15	0	.2476775	.3582541	.3940684	0
1303.15	0	.2459887	.3596799	.3943314	0
1302.15	0	.2443051	.3611014	.3945934	0
1301.15	0	.2426268	.3625186	.3948546	0
1300.15	0	.2409536	.3639315	.3951148	0
1299.15	0	.2392857	.3653401	.3953742	0
1298.15	0	.2376231	.3667443	.3956327	0
1297.15	0	.2359656	.3681442	.3958902	0
1296.15	0	.2343134	.3695397	.3961469	0
1295.15	0	.2326664	.3709309	.3964027	0
1294.15	0	.2310247	.3723177	.3966576	0
1293.15	0	.2293882	.3737001	.3969117	0
1292.15	0	.227757	.3750781	.3971649	0
1291.15	0	.226131	.3764518	.3974172	0
1290.15	0	.2245103	.377821	.3976686	0
1289.15	0	.2228949	.3791859	.3979192	0
1288.15	0	.2212847	.3805463	.398169	0
1287.15	0	.2196798	.3819023	.3984178	0
1286.15	0	.2180802	.3832539	.3986659	0
1285.15	0	.2164859	.384601	.398913	0
1284.15	0	.2148969	.3859437	.3991594	0
1283.15	0	.2133132	.3872819	.3994049	0
1282.15	0	.2117348	.3886157	.3996495	0
1281.15	0	.2101617	.3899449	.3998934	0
1280.15	0	.2085939	.3912697	.4001364	0
1279.15	0	.2070315	.39259	.4003785	0
1278.15	0	.2054744	.3939057	.4006199	0
1277.15	0	.2039227	.3952169	.4008604	0
1276.15	0	.2023763	.3965236	.4011001	0
1275.15	0	.2008353	.3978257	.401339	0
1274.15	0	.1992996	.3991233	.4015771	0
1273.15	0	.1977693	.4004163	.4018143	0
1272.15	0	.1962445	.4017047	.4020508	0
1271.15	0	.194725	.4029885	.4022865	0
1270.15	0	.1932109	.4042677	.4025213	0
1269.15	0	.1917023	.4055423	.4027554	0
1268.15	0	.1901991	.4068123	.4029887	0
1267.15	0	.1887013	.4080775	.4032212	0
1266.15	0	.187209	.4093382	.4034529	0
1265.15	0	.1857221	.4105941	.4036838	0
1264.15	0	.1842407	.4118454	.4039139	0
1263.15	0	.1827648	.4130919	.4041433	0
1262.15	0	.1812944	.4143337	.4043719	0
1261.15	0	.1798295	.4155708	.4045997	0
1260.15	0	.1783702	.4168031	.4048267	0
1259.15	0	.1769163	.4180307	.405053	0
1258.15	0	.175468	.4192535	.4052785	0
1257.15	0	.1740253	.4204714	.4055032	0
1256.15	0	.1725881	.4216846	.4057272	0
1255.15	0	.1711566	.4228929	.4059505	0
1254.15	0	.1697306	.4240964	.4061729	0
1253.15	0	.1683103	.4252951	.4063947	0
1252.15	0	.1668956	.4264888	.4066157	0
1251.15	0	.1654865	.4276776	.4068359	0
1250.15	0	.1640831	.4288615	.4070554	0
1249.15	0	.1626853	.4300405	.4072742	0
1248.15	0	.1612933	.4312145	.4074922	0
1247.15	0	.159907	.4323836	.4077095	0
1246.15	0	.1585264	.4335476	.407926	0
1245.15	0	.1571515	.4347067	.4081418	0
1244.15	0	.1557824	.4358607	.4083569	0
1243.15	0	.1544191	.4370097	.4085713	0
1242.15	0	.1530615	.4381535	.408785	0
1241.15	0	.1517098	.4392923	.4089979	0
1240.15	0	.1503639	.440426	.4092101	0
1239.15	0	.1490239	.4415546	.4094216	0
1238.15	0	.1476897	.442678	.4096324	0
1237.15	0	.1463614	.4437962	.4098425	0
1236.15	0	.145039	.4449092	.4100518	0
1235.15	0	.1437225	.446017	.4102605	0
1234.15	0	.142412	.4471195	.4104685	0
1233.15	0	.1411075	.4482168	.4106757	0
1232.15	0	.1398089	.4493088	.4108823	0
1231.15	0	.1385164	.4503955	.4110881	0
1230.15	0	.1372298	.4514768	.4112933	0
1229.15	0	.1359494	.4525528	.4114978	0
1228.15	0	.134675	.4536234	.4117016	0
1227.15	0	.1334067	.4546886	.4119047	0
1226.15	0	.1321445	.4557483	.4121071	0
1225.15	0	.1308885	.4568026	.4123089	0
1224.15	0	.1296387	.4578514	.41251	0
1223.15	0	.128395	.4588947	.4127103	0
1222.15	0	.1271576	.4599324	.41291	0
1221.15	0	.1259264	.4609646	.4131091	0
1220.15	0	.1247014	.4619911	.4133074	0
1219.15	0	.1234828	.4630121	.4135051	0
1218.15	0	.1222705	.4640274	.4137022	0
1217.15	0	.1210645	.465037	.4138985	0
1216.15	0	.1198649	.4660409	.4140942	0
1215.15	0	.1186717	.4670391	.4142892	0
1214.15	0	.1174849	.4680315	.4144836	0
1213.15	0	.1163046	.4690181	.4146773	0
1212.15	0	.1151308	.4699988	.4148704	0
1211.15	0	.1139635	.4709738	.4150628	0
1210.15	0	.1128027	.4719428	.4152546	0
1209.15	0	.1116485	.4729059	.4154457	0
1208.15	0	.1105009	.473863	.4156361	0
1207.15	0	.1093599	.4748142	.4158259	0
1206.15	0	.1082256	.4757593	.4160151	0
1205.15	0	.1070979	.4766984	.4162036	0
1204.15	0	.105977	.4776314	.4163915	0
1203.15	0	.1048629	.4785583	.4165788	0
1202.15	0	.1037556	.4794791	.4167654	0
1201.15	0	.102655	.4803936	.4169513	0
1200.15	0	.1015614	.481302	.4171367	0
1199.15	0	.1004746	.482204	.4173214	0
1198.15	0	.09939472	.4830998	.4175055	0
1197.15	0	.09832182	.4839893	.4176889	0
1196.15	0	.09725592	.4848723	.4178717	0
1195.15	0	.09619704	.485749	.4180539	0
1194.15	0	.09514523	.4866193	.4182355	0
1193.15	0	.09410052	.487483	.4184165	0
1192.15	0	.09306294	.4883403	.4185968	0
1191.15	0	.09203255	.4891909	.4187765	0
1190.15	0	.09100936	.490035	.4189556	0
1189.15	0	.08999343	.4908725	.4191341	0
1188.15	0	.08898478	.4917033	.419312	0
1187.15	0	.08798347	.4925273	.4194892	0
1186.15	0	.08698952	.4933446	.4196659	0
1185.15	0	.08600298	.4941551	.4198419	0
1184.15	0	.08502389	.4949588	.4200173	0
1183.15	0	.08405229	.4957555	.4201922	0
1182.15	0	.08308821	.4965454	.4203664	0
1181.15	0	.08213171	.4973283	.42054	0
1180.15	0	.08118283	.4981042	.420713	0
1179.15	0	.0802416	.498873	.4208854	0
1178.15	0	.07930808	.4996347	.4210572	0
1177.15	0	.0783823	.5003893	.4212285	0
1176.15	0	.0774643	.5011366	.4213991	0
1175.15	0	.07655414	.5018768	.4215691	0
1174.15	0	.07565186	.5026096	.4217385	0
1173.15	0	.0747575	.5033351	.4219074	0
1172.15	0	.07387111	.5040533	.4220756	0
1171.15	0	.07299274	.504764	.4222433	0
1170.15	0	.07212243	.5054672	.4224104	0
1169.15	0	.07126023	.5061629	.4225769	0
1168.15	0	.07040619	.5068511	.4227428	0
1167.15	0	.06956036	.5075316	.4229081	0
1166.15	0	.06872278	.5082044	.4230728	0
1165.15	0	.0678935	.5088695	.423237	0
1164.15	0	.06707258	.5095269	.4234005	0
1163.15	0	.06626007	.5101764	.4235635	0
1162.15	0	.06545601	.5108181	.4237259	0
1161.15	0	.06466046	.5114518	.4238878	0
1160.15	0	.06387347	.5120775	.424049	0
1159.15	0	.06309509	.5126952	.4242097	0
1158.15	0	.06232537	.5133048	.4243698	0
1157.15	0	.06156437	.5139062	.4245294	0
1156.15	0	.06081214	.5144995	.4246884	0
1155.15	0	.06006873	.5150845	.4248468	0
1154.15	0	.05933414	.5156613	.4250046	0
1153.15	0	.05860854	.5162296	.4251619	0
1152.15	0	.05789193	.5167895	.4253186	0
1151.15	0	.05718437	.5173409	.4254747	0
1150.15	0	.0564859	.5178838	.4256303	0
1149.15	0	.0557966	.5184181	.4257853	0
1148.15	0	.0551165	.5189438	.4259397	0
1147.15	0	.05444568	.5194607	.4260936	0
1146.15	0	.05378419	.5199689	.4262469	0
1145.15	0	.05313208	.5204682	.4263997	0
1144.15	0	.05248942	.5209587	.4265519	0
1143.15	0	.05185627	.5214402	.4267036	0
1142.15	0	.05123268	.5219127	.4268547	0
1141.15	0	.05061871	.5223761	.4270052	0
1140.15	0	.05001443	.5228304	.4271552	0
1139.15	0	.0494199	.5232755	.4273046	0
1138.15	0	.04883518	.5237113	.4274535	0
1137.15	0	.04826032	.5241379	.4276018	0
1136.15	0	.04769539	.524555	.4277496	0
1135.15	0	.04714046	.5249627	.4278968	0
1134.15	0	.04659558	.5253609	.4280435	0
1133.15	0	.04606081	.5257496	.4281896	0
1132.15	0	.04553623	.5261285	.4283352	0
1131.15	0	.0450219	.5264978	.4284803	0
1130.15	0	.04451787	.5268574	.4286248	0
1129.15	0	.04402422	.5272071	.4287687	0
1128.15	0	.043541	.5275469	.4289121	0
1127.15	0	.04306829	.5278767	.429055	0
1126.15	0	.04260614	.5281965	.4291973	0
1125.15	0	.04215462	.5285063	.4293391	0
1124.15	0	.04171381	.5288059	.4294803	0
1123.15	0	.04128375	.5290952	.4296211	0
1122.15	0	.04086453	.5293743	.4297612	0
1121.15	0	.0404562	.529643	.4299009	0
1120.15	0	.04005883	.5299012	.43004	0
1119.15	0	.0396725	.530149	.4301785	0
1118.15	0	.03929725	.5303862	.4303165	0
1117.15	0	.03893317	.5306128	.430454	0
1116.15	0	.03858032	.5308287	.430591	0
1115.15	0	.03823876	.5310338	.4307274	0
1114.15	0	.03790857	.5312281	.4308633	0
1113.15	0	.03758981	.5314115	.4309987	0
1112.15	0	.03728255	.5315839	.4311335	0
1111.15	0	.03698685	.5317453	.4312678	0
1110.15	0	.03670278	.5318956	.4314016	0
1109.15	0	.03643042	.5320347	.4315349	0
1108.15	0	.03616982	.5321626	.4316676	0
1107.15	0	.03592106	.5322791	.4317998	0
1106.15	0	.0356842	.5323843	.4319315	0
1105.15	0	.0354593	.5324781	.4320626	0
1104.15	0	.03524645	.5325603	.4321933	0
1103.15	0	.0350457	.5326309	.4323234	0
1102.15	0	.03485712	.5326899	.432453	0
1101.15	0	.03468077	.5327372	.432582	0
1100.15	0	.03451673	.5327727	.4327106	0
1099.15	0	.03436506	.5327963	.4328386	0
1098.15	0	.03422583	.5328081	.4329661	0
1097.15	0	.0340991	.5328078	.4330931	0
1096.15	0	.03398493	.5327955	.4332196	0
1095.15	0	.0338834	.532771	.4333456	0
1094.15	0	.03379457	.5327344	.433471	0
1093.15	0	.0337185	.5326856	.4335959	0
1092.15	0	.03365525	.5326244	.4337204	0
1091.15	0	.03360489	.5325508	.4338443	0
1090.15	0	.03356749	.5324648	.4339677	0
1089.15	0	.0335431	.5323663	.4340906	0
1088.15	0	.03353179	.5322553	.4342129	0
1087.15	0	.03353362	.5321316	.4343348	0
1086.15	0	.03354865	.5319952	.4344562	0
1085.15	0	.03357695	.531846	.434577	0
1084.15	0	.03361856	.5316841	.4346973	0
1083.15	0	.03367355	.5315093	.4348172	0
1082.15	0	.03374198	.5313215	.4349365	0
1081.15	0	.03382391	.5311207	.4350554	0
1080.15	0	.03391939	.5309069	.4351737	0
1079.15	0	.03402848	.53068	.4352915	0
1078.15	0	.03415124	.5304399	.4354088	0
1077.15	0	.03428771	.5301866	.4355257	0
1076.15	0	.03443796	.52992	.435642	0
1075.15	0	.03460203	.5296401	.4357578	0
1074.15	0	.03477998	.5293469	.4358732	0
1073.15	0	.03497186	.5290402	.435988	0
1072.15	0	.03517772	.52872	.4361023	0
1071.15	0	.0353976	.5283862	.4362162	0
1070.15	0	.03563155	.5280389	.4363295	0
1069.15	0	.03587963	.527678	.4364424	0
1068.15	0	.03614187	.5273034	.4365547	0
1067.15	0	.03641831	.5269151	.4366666	0
1066.15	0	.03670901	.526513	.436778	0
1065.15	0	.037014	.5260971	.4368889	0
1064.15	0	.03733333	.5256674	.4369993	0
1063.15	0	.03766702	.5252238	.4371092	0
1062.15	0	.03801512	.5247663	.4372186	0
1061.15	0	.03837766	.5242948	.4373276	0
1060.15	0	.03875469	.5238093	.437436	0
1059.15	0	.03914622	.5233098	.437544	0
1058.15	0	.0395523	.5227962	.4376515	0
1057.15	0	.03997294	.5222686	.4377585	0
1056.15	0	.04040819	.5217268	.437865	0
1055.15	0	.04085807	.5211709	.4379711	0
1054.15	0	.04132259	.5206008	.4380766	0
1053.15	0	.04180179	.5200165	.4381817	0
1052.15	0	.04229568	.519418	.4382863	0
1051.15	0	.04280428	.5188052	.4383905	0
1050.15	0	.04332762	.5181782	.4384942	0
1049.15	0	.0438657	.517537	.4385973	0
1048.15	0	.04441855	.5168814	.4387001	0
1047.15	0	.04498616	.5162115	.4388023	0
1046.15	0	.04556857	.5155274	.4389041	0
1045.15	0	.04616576	.5148289	.4390054	0
1044.15	0	.04677774	.514116	.4391062	0
1043.15	0	.04740453	.5133889	.4392066	0
1042.15	0	.04804612	.5126474	.4393065	0
1041.15	0	.04870252	.5118916	.4394059	0
1040.15	0	.04937371	.5111214	.4395049	0
1039.15	0	.0500597	.5103369	.4396034	0
1038.15	0	.05076047	.5095381	.4397014	0
1037.15	0	.05147603	.508725	.439799	0
1036.15	0	.05220635	.5078975	.4398961	0
1035.15	0	.05295143	.5070558	.4399928	0
1034.15	0	.05371124	.5061998	.440089	0
1033.15	0	.05448578	.5053295	.4401847	0
1032.15	0	.05527502	.504445	.44028	0
1031.15	0	.05607894	.5035463	.4403748	0
1030.15	0	.0568975	.5026333	.4404692	0
1029.15	0	.0577307	.5017062	.4405631	0
1028.15	0	.05857849	.500765	.4406565	0
1027.15	0	.05944084	.4998096	.4407495	0
1026.15	0	.06031773	.4988402	.4408421	0
1025.15	0	.0612091	.4978568	.4409341	0
1024.15	0	.06211493	.4968593	.4410258	0
1023.15	0	.06303517	.4958479	.441117	0
1022.15	0	.06396977	.4948225	.4412077	0
1021.15	0	.0649187	.4937833	.441298	0
1020.15	0	.06588189	.4927303	.4413878	0
1019.15	0	.06685931	.4916635	.4414772	0
1018.15	0	.06785089	.490583	.4415661	0
1017.15	0	.06885658	.4894888	.4416546	0
1016.15	0	.06987631	.488381	.4417427	0
1015.15	0	.07091004	.4872597	.4418303	0
1014.15	0	.07195768	.4861249	.4419174	0
1013.15	0	.07301919	.4849767	.4420041	0
1012.15	0	.07409448	.4838152	.4420903	0
1011.15	0	.07518349	.4826404	.4421761	0
1010.15	0	.07628614	.4814524	.4422615	0
1009.15	0	.07740235	.4802512	.4423464	0
1008.15	0	.07853206	.4790371	.4424309	0
1007.15	0	.07967517	.4778099	.4425149	0
1006.15	0	.0808316	.47657	.4425985	0
1005.15	0	.08200127	.4753172	.4426816	0
1004.15	0	.08318409	.4740517	.4427642	0
1003.15	0	.08437997	.4727736	.4428465	0
1002.15	0	.08558881	.471483	.4429282	0
1001.15	0	.08681052	.4701799	.4430096	0
1000.15	0	.088045	.4688646	.4430904	0
999.15	0	.08929215	.467537	.4431709	0
998.15	0	.09055187	.4661973	.4432508	0
997.15	0	.09182406	.4648456	.4433304	0
996.15	0	.09310861	.463482	.4434094	0
995.15	0	.0944054	.4621065	.4434881	0
994.15	0	.09571434	.4607194	.4435662	0
993.15	0	.0970353	.4593208	.4436439	0
992.15	0	.09836816	.4579107	.4437212	0
991.15	0	.09971283	.4564892	.443798	0
990.15	0	.1010692	.4550565	.4438743	0
989.15	0	.1024371	.4536128	.4439502	0
988.15	0	.1038164	.452158	.4440256	0
987.15	0	.105207	.4506925	.4441005	0
986.15	0	.1066088	.4492162	.444175	0
985.15	0	.1080216	.4477294	.444249	0
984.15	0	.1094454	.4462321	.4443225	0
983.15	0	.1108799	.4447245	.4443956	0
982.15	0	.1123251	.4432067	.4444682	0
981.15	0	.1137808	.4416789	.4445403	0
980.15	0	.1152469	.4401413	.4446119	0
979.15	0	.1167232	.4385938	.444683	0
978.15	0	.1182096	.4370368	.4447537	0
977.15	0	.1197059	.4354703	.4448238	0
976.15	0	.1212121	.4338945	.4448935	0
975.15	0	.1227279	.4323095	.4449626	0
974.15	0	.1242532	.4307155	.4450313	0
973.15	0	.1257879	.4291127	.4450994	0
972.15	0	.1273318	.4275012	.4451671	0
971.15	0	.1288847	.4258811	.4452342	0
970.15	0	.1304465	.4242527	.4453008	0
969.15	0	.1320171	.422616	.4453669	0
968.15	0	.1335963	.4209713	.4454324	0
967.15	0	.135184	.4193186	.4454974	0
966.15	0	.1367799	.4176583	.4455618	0
965.15	0	.1383839	.4159903	.4456257	0
964.15	0	.1399959	.414315	.4456891	0
963.15	0	.1416157	.4126324	.4457519	0
962.15	0	.1432431	.4109428	.4458141	0
961.15	0	.144878	.4092463	.4458758	0
960.15	0	.1465201	.407543	.4459369	0
959.15	0	.1481694	.4058332	.4459973	0
958.15	0	.1498257	.4041171	.4460572	0
957.15	0	.1514888	.4023947	.4461165	0
956.15	0	.1531173	.4007054	.4461773	0
955.15	0	.1547408	.399021	.4462382	0
954.15	0	.1563854	.3973166	.4462981	0
953.15	0	.1580498	.3955934	.4463568	0
952.15	0	.1597328	.3938528	.4464144	0
951.15	0	.1614333	.3920958	.4464709	0
950.15	0	.1631502	.3903235	.4465264	0
949.15	0	.1648823	.388537	.4465807	0
948.15	0	.1666286	.3867373	.446634	0
947.15	0	.1683882	.3849255	.4466863	0
946.15	0	.1701601	.3831024	.4467375	0
945.15	0	.1719432	.3812691	.4467877	0
944.15	0	.1737368	.3794264	.4468368	0
943.15	0	.17554	.3775751	.4468849	0
942.15	0	.1773519	.3757161	.446932	0
941.15	0	.1791718	.3738501	.4469781	0
940.15	0	.1809988	.371978	.4470232	0
939.15	0	.1828322	.3701005	.4470673	0
938.15	0	.1846713	.3682183	.4471103	0
937.15	0	.1865155	.3663321	.4471524	0
936.15	0	.1883639	.3644426	.4471935	0
935.15	0	.1902161	.3625503	.4472336	0
934.15	0	.1920713	.360656	.4472728	0
933.15	0	.193929	.3587601	.4473109	0
932.15	0	.1957886	.3568634	.447348	0
931.15	0	.1976495	.3549663	.4473842	0
930.15	0	.1995112	.3530694	.4474194	0
929.15	0	.2013733	.3511731	.4474536	0
928.15	0	.2032351	.3492781	.4474869	0
927.15	0	.2050962	.3473847	.4475191	0
926.15	0	.2069562	.3454934	.4475504	0
925.15	0	.2088145	.3436048	.4475807	0
924.15	0	.2106709	.3417191	.44761	0
923.15	0	.2125248	.3398368	.4476384	0
922.15	0	.2143758	.3379584	.4476658	0
921.15	0	.2162236	.3360842	.4476922	0
920.15	0	.2180678	.3342145	.4477177	0
919.15	0	.2199081	.3323498	.4477421	0
918.15	0	.221744	.3304903	.4477656	0
917.15	0	.2235753	.3286365	.4477882	0
916.15	0	.2254016	.3267886	.4478097	0
915.15	0	.2272227	.324947	.4478303	0
914.15	0	.2290382	.3231119	.44785	0
913.15	0	.2308478	.3212836	.4478686	0
912.15	0	.2326512	.3194625	.4478863	0
911.15	0	.2344483	.3176487	.447903	0
910.15	0	.2362386	.3158426	.4479188	0
909.15	0	.2380221	.3140444	.4479336	0
908.15	0	.2397984	.3122542	.4479474	0
907.15	0	.2415673	.3104725	.4479603	0
906.15	0	.2433285	.3086994	.4479721	0
905.15	0	.2450819	.306935	.4479831	0
904.15	0	.2468273	.3051797	.4479931	0
903.15	0	.2485644	.3034335	.4480021	0
902.15	0	.250293	.3016968	.4480101	0
901.15	0	.2520131	.2999697	.4480172	0
900.15	0	.2537243	.2982523	.4480234	0
899.15	0	.2554265	.2965449	.4480286	0
898.15	0	.2571195	.2948477	.4480329	0
897.15	0	.2588032	.2931606	.4480362	0
896.15	0	.2604774	.291484	.4480386	0
895.15	0	.262142	.289818	.44804	0
894.15	0	.2637967	.2881628	.4480405	0
893.15	0	.2654416	.2865184	.4480401	0
892.15	0	.2670764	.2848849	.4480387	0
891.15	0	.268701	.2832626	.4480364	0
890.15	0	.2703152	.2816516	.4480332	0
889.15	0	.271919	.2800519	.4480291	0
888.15	0	.2735123	.2784637	.4480241	0
887.15	0	.2750948	.276887	.4480182	0
886.15	0	.2766666	.275322	.4480113	0
885.15	0	.2782275	.2737689	.4480036	0
884.15	0	.2797774	.2722276	.447995	0
883.15	0	.2813162	.2706982	.4479855	0
882.15	0	.2828439	.2691809	.4479752	0
881.15	0	.2843603	.2676758	.447964	0
880.15	0	.2858653	.2661828	.4479519	0
879.15	0	.287359	.2647021	.4479389	0
878.15	0	.2888411	.2632338	.4479251	0
877.15	0	.2903116	.2617779	.4479105	0
876.15	0	.2917706	.2603344	.447895	0
875.15	0	.2932178	.2589034	.4478787	0
874.15	0	.2946533	.257485	.4478616	0
873.15	0	.296077	.2560793	.4478437	0
872.15	0	.2974888	.2546861	.447825	0
871.15	0	.2988888	.2533057	.4478055	0
870.15	0	.3002767	.251938	.4477853	0
869.15	0	.3016527	.250583	.4477642	0
868.15	0	.3030167	.2492409	.4477424	0
867.15	0	.3043687	.2479115	.4477199	0
866.15	0	.3057085	.2465949	.4476966	0
865.15	0	.3070363	.2452911	.4476726	0
864.15	0	.308352	.2440002	.4476478	0
863.15	0	.3096555	.2427221	.4476224	0
862.15	0	.3109469	.2414569	.4475962	0
861.15	0	.3122262	.2402045	.4475694	0
860.15	0	.3134933	.2389648	.4475418	0
859.15	0	.3147483	.237738	.4475136	0
858.15	0	.3159912	.236524	.4474848	0
857.15	0	.3172219	.2353228	.4474553	0
856.15	0	.3184405	.2341343	.4474252	0
855.15	0	.3196471	.2329585	.4473944	0
854.15	0	.3208416	.2317954	.4473631	0
853.15	0	.322024	.2306449	.4473311	0
852.15	0	.3231944	.229507	.4472986	0
851.15	0	.3243529	.2283817	.4472654	0
850.15	0	.3254994	.2272689	.4472317	0
849.15	0	.326634	.2261685	.4471975	0
848.15	0	.3277567	.2250806	.4471627	0
847.15	0	.3288677	.224005	.4471273	0
846.15	0	.3299669	.2229417	.4470915	0
845.15	0	.3310544	.2218906	.4470551	0
844.15	0	.3321302	.2208516	.4470182	0
843.15	0	.3331945	.2198247	.4469808	0
842.15	0	.3342472	.2188098	.446943	0
841.15	0	.3352885	.2178068	.4469047	0
840.15	0	.3363185	.2168157	.4468659	0
839.15	0	.3373371	.2158363	.4468266	0
838.15	0	.3383445	.2148686	.4467869	0
837.15	0	.3393407	.2139125	.4467468	0
836.15	0	.3403258	.2129679	.4467063	0
835.15	0	.3413	.2120347	.4466653	0
834.15	0	.3422633	.2111128	.446624	0
833.15	0	.3432157	.2102021	.4465822	0
832.15	0	.3441575	.2093025	.4465401	0
831.15	0	.3450886	.2084139	.4464975	0
830.15	0	.3460091	.2075362	.4464547	0
829.15	0	.3469192	.2066694	.4464114	0
828.15	0	.347819	.2058132	.4463678	0
827.15	0	.3487085	.2049676	.4463239	0
826.15	0	.3495878	.2041326	.4462796	0
825.15	0	.3504571	.2033079	.446235	0
824.15	0	.3513165	.2024934	.4461901	0
823.15	0	.352166	.2016892	.4461448	0
822.15	0	.3530058	.200895	.4460993	0
821.15	0	.3538359	.2001107	.4460534	0
820.15	0	.3546565	.1993362	.4460073	0
819.15	0	.3554676	.1985715	.4459609	0
818.15	0	.3562695	.1978164	.4459142	0
817.15	0	.3570621	.1970707	.4458672	0
816.15	0	.3578456	.1963345	.4458199	0
815.15	0	.3586201	.1956075	.4457724	0
814.15	0	.3593857	.1948896	.4457247	0
813.15	0	.3601426	.1941808	.4456767	0
812.15	0	.3608907	.1934809	.4456284	0
811.15	0	.3616302	.1927899	.4455799	0
810.15	0	.3623614	.1921075	.4455312	0
809.15	0	.3630841	.1914337	.4454822	0
808.15	0	.3637986	.1907684	.445433	0
807.15	0	.3645049	.1901115	.4453836	0
806.15	0	.3652031	.1894629	.445334	0
806.0396	0	.3652797	.1893918	.4453285	0
806.0396	0	.3652797	.1893918	.4453285	0
806.0396	0	.3652797	.1893918	.4453285	0
805.15	0	.3686488	.1851798	.4441961	.001975319
804.15	0	.372341	.1805511	.4429438	.004164085
803.15	0	.3759358	.1760311	.441713	.006320139
802.15	0	.379436	.1716167	.4405031	.008444247
801.15	0	.3828445	.1673048	.4393135	.01053715
800.15	0	.386164	.1630925	.4381439	.01259956
799.15	0	.3893973	.1589768	.4369937	.01463217
798.15	0	.3925467	.1549551	.4358625	.01663564
797.15	0	.3956148	.1510247	.4347499	.01861062
796.15	0	.3986039	.147183	.4336554	.02055771
795.15	0	.4015162	.1434277	.4325786	.02247753
794.15	0	.4043539	.1397563	.4315191	.02437064
793.15	0	.4071192	.1361666	.4304766	.02623762
792.15	0	.409814	.1326564	.4294507	.02807899
791.15	0	.4124403	.1292235	.4284409	.02989529
790.15	0	.415	.1258659	.4274471	.03168702
789.15	0	.4174949	.1225817	.4264687	.03345467
788.15	0	.4199268	.1193688	.4255056	.03519873
787.15	0	.4222975	.1162256	.4245573	.03691966
786.15	0	.4246084	.1131501	.4236236	.03861791
785.15	0	.4268613	.1101406	.4227042	.04029391
784.15	0	.4290576	.1071956	.4217987	.0419481
783.15	0	.4311989	.1043132	.420907	.04358087
782.15	0	.4332867	.1014921	.4200286	.04519265
781.15	0	.4353223	.09873054	.4191634	.04678381
780.15	0	.437307	.09602719	.4183111	.04835474
779.15	0	.4392423	.09338057	.4174713	.04990581
778.15	0	.4411294	.0907893	.416644	.05143738
777.15	0	.4429695	.08825202	.4158287	.0529498
776.15	0	.4447638	.08576741	.4150254	.05444342
775.15	0	.4465135	.08333422	.4142337	.05591857
774.15	0	.4482198	.08095119	.4134534	.05737558
773.15	0	.4498838	.07861714	.4126843	.05881477
772.15	0	.4515064	.07633088	.4119262	.06023645
771.15	0	.4530889	.07409128	.4111789	.06164093
770.15	0	.4546321	.07189723	.4104421	.0630285
769.15	0	.4561371	.06974767	.4097157	.06439946
768.15	0	.4576049	.06764153	.4089995	.0657541
767.15	0	.4590363	.06557781	.4082932	.06709268
766.15	0	.4604323	.0635555	.4075967	.0684155
765.15	0	.4617938	.06157365	.4069097	.0697228
764.15	0	.4631216	.05963131	.4062322	.07101486
763.15	0	.4644166	.05772755	.4055639	.07229194
762.15	0	.4656796	.05586149	.4049046	.07355428
761.15	0	.4669114	.05403225	.4042542	.07480213
760.15	0	.4681128	.05223898	.4036125	.07603573
759.15	0	.4692844	.05048085	.4029794	.07725533
758.15	0	.4704272	.04875706	.4023546	.07846116
757.15	0	.4715418	.0470668	.401738	.07965344
756.15	0	.4726288	.04540932	.4011295	.0808324
755.15	0	.473689	.04378386	.4005289	.08199825
754.15	0	.4747231	.04218968	.399936	.08315123
753.15	0	.4757316	.04062608	.3993508	.08429153
752.15	0	.4767153	.03909234	.398773	.08541937
751.15	0	.4776748	.0375878	.3982025	.08653496
750.15	0	.4786105	.03611177	.3976392	.08763848
749.15	0	.4795233	.03466362	.3970829	.08873015
748.15	0	.4804136	.0332427	.3965336	.08981016
747.15	0	.4812819	.03184841	.395991	.0908787
746.15	0	.4821289	.03048012	.3954551	.09193595
745.15	0	.482955	.02913725	.3949256	.09298211
744.15	0	.4837608	.02781922	.3944026	.09401734
743.15	0	.4845469	.02652547	.3938858	.09504184
742.15	0	.4853136	.02525544	.3933752	.09605578
741.15	0	.4860615	.0240086	.3928706	.09705932
740.15	0	.486791	.02278443	.392372	.09805264
739.15	0	.4875026	.0215824	.3918791	.09903591
738.15	0	.4881968	.02040202	.3913919	.1000093
737.15	0	.488874	.0192428	.3909103	.1009729
736.15	0	.4895346	.01810426	.3904341	.101927
735.15	0	.490179	.01698592	.3899634	.1028717
734.15	0	.4908077	.01588735	.3894978	.1038071
733.15	0	.491421	.01480808	.3890375	.1047334
732.15	0	.4920194	.01374769	.3885822	.1056507
731.15	0	.4926031	.01270574	.3881319	.1065592
730.15	0	.4931727	.01168183	.3876864	.1074591
729.15	0	.4937283	.01067554	.3872457	.1083504
728.15	0	.4942705	.009686491	.3868097	.1092333
727.15	0	.4947994	.008714283	.3863783	.110108
726.15	0	.4953155	.007758542	.3859514	.1109745
725.15	0	.4958191	.006818899	.385529	.111833
724.15	0	.4963105	.005894994	.3851108	.1126837
723.15	0	.49679	.004986474	.3846969	.1135267
722.15	0	.4972579	.004092997	.3842872	.114362
721.15	0	.4977144	.003214226	.3838816	.1151898
720.15	0	.49816	.002349835	.3834799	.1160103
719.15	0	.4985948	.001499502	.3830822	.1168235
718.15	0	.4990191	6.629166E-04	.3826884	.1176296
717.3459	0	.4993529	0	.3823745	.1182727
717.3459	0	.4993529	0	.3823745	.1182727
717.15	0	.4993361	0	.3823417	.1183222
716.15	0	.499251	0	.3821745	.1185745
715.15	0	.4991662	0	.3820079	.118826
714.15	0	.4990817	0	.3818417	.1190766
713.15	0	.4989975	0	.381676	.1193265
712.15	0	.4989137	0	.3815108	.1195755
711.15	0	.4988301	0	.3813461	.1198238
710.15	0	.4987469	0	.3811819	.1200712
709.15	0	.498664	0	.3810182	.1203178
708.15	0	.4985814	0	.3808549	.1205636
707.15	0	.4984992	0	.3806922	.1208087
706.15	0	.4984172	0	.3805299	.1210529
705.15	0	.4983356	0	.3803681	.1212963
704.15	0	.4982542	0	.3802068	.121539
703.15	0	.4981732	0	.380046	.1217808
702.15	0	.4980925	0	.3798856	.1220219
701.15	0	.4980121	0	.3797258	.1222621
700.15	0	.497932	0	.3795664	.1225016
699.15	0	.4978522	0	.3794075	.1227403
698.15	0	.4977727	0	.3792491	.1229782
697.15	0	.4976935	0	.3790911	.1232154
696.15	0	.4976146	0	.3789337	.1234517
695.15	0	.497536	0	.3787767	.1236873
694.15	0	.4974577	0	.3786201	.1239221
693.15	0	.4973798	0	.3784641	.1241561
692.15	0	.4973021	0	.3783085	.1243894
691.15	0	.4972247	0	.3781535	.1246219
690.15	0	.4971476	0	.3779988	.1248536
689.15	0	.4970708	0	.3778447	.1250845
688.15	0	.4969943	0	.377691	.1253147
687.15	0	.4969181	0	.3775378	.1255441
686.15	0	.4968421	0	.377385	.1257728
685.15	0	.4967665	0	.3772328	.1260007
684.15	0	.4966912	0	.377081	.1262278
683.15	0	.4966161	0	.3769297	.1264542
682.15	0	.4965414	0	.3767788	.1266799
681.15	0	.4964669	0	.3766284	.1269047
680.15	0	.4963927	0	.3764785	.1271288
679.15	0	.4963188	0	.376329	.1273522
678.15	0	.4962452	0	.37618	.1275748
677.15	0	.4961718	0	.3760315	.1277967
676.15	0	.4960988	0	.3758834	.1280178
675.15	0	.496026	0	.3757358	.1282382
674.15	0	.4959536	0	.3755886	.1284578
673.15	0	.4958813	0	.3754419	.1286767
672.15	0	.4958094	0	.3752957	.1288949
671.15	0	.4957378	0	.37515	.1291123
670.15	0	.4956664	0	.3750046	.1293289
669.15	0	.4955953	0	.3748598	.1295449
668.15	0	.4955245	0	.3747154	.12976
667.15	0	.495454	0	.3745715	.1299745
666.15	0	.4953838	0	.374428	.1301882
665.15	0	.4953138	0	.374285	.1304012
664.15	0	.4952441	0	.3741425	.1306135
663.15	0	.4951747	0	.3740004	.130825
662.15	0	.4951055	0	.3738587	.1310358
661.15	0	.4950366	0	.3737175	.1312459
660.15	0	.494968	0	.3735768	.1314552
659.15	0	.4948997	0	.3734365	.1316638
658.15	0	.4948316	0	.3732967	.1318717
657.15	0	.4947638	0	.3731573	.1320789
656.15	0	.4946963	0	.3730184	.1322854
655.15	0	.494629	0	.3728799	.1324911
654.15	0	.494562	0	.3727419	.1326961
653.15	0	.4944953	0	.3726043	.1329004
652.15	0	.4944288	0	.3724672	.133104
651.15	0	.4943627	0	.3723305	.1333068
650.15	0	.4942967	0	.3721943	.133509
649.15	0	.4942311	0	.3720585	.1337104
648.15	0	.4941657	0	.3719232	.1339111
647.15	0	.4941005	0	.3717883	.1341112
646.15	0	.4940357	0	.3716539	.1343104
645.15	0	.4939711	0	.3715199	.134509
644.15	0	.4939067	0	.3713864	.1347069
643.15	0	.4938426	0	.3712533	.1349041
642.15	0	.4937788	0	.3711206	.1351006
641.15	0	.4937152	0	.3709884	.1352963
640.15	0	.493652	0	.3708567	.1354914
639.15	0	.4935889	0	.3707253	.1356858
638.15	0	.4935261	0	.3705945	.1358794
637.15	0	.4934636	0	.370464	.1360724
636.15	0	.4934013	0	.3703341	.1362646
635.15	0	.4933393	0	.3702045	.1364562
634.15	0	.4932776	0	.3700754	.136647
633.15	0	.4932161	0	.3699467	.1368372
632.15	0	.4931548	0	.3698185	.1370267
631.15	0	.4930938	0	.3696907	.1372154
630.15	0	.4930331	0	.3695634	.1374035
629.15	0	.4929726	0	.3694365	.1375909
628.15	0	.4929124	0	.36931	.1377776
627.15	0	.4928524	0	.369184	.1379636
626.15	0	.4927926	0	.3690584	.1381489
625.15	0	.4927332	0	.3689333	.1383336
624.15	0	.492674	0	.3688086	.1385175
623.15	0	.492615	0	.3686843	.1387008
622.15	0	.4925563	0	.3685604	.1388833
621.15	0	.4924978	0	.368437	.1390652
620.15	0	.4924396	0	.368314	.1392464
619.15	0	.4923816	0	.3681915	.1394269
618.15	0	.4923238	0	.3680694	.1396068
617.15	0	.4922663	0	.3679477	.1397859
616.15	0	.4922091	0	.3678265	.1399644
615.15	0	.4921521	0	.3677057	.1401422
614.15	0	.4920954	0	.3675853	.1403193
613.15	0	.4920389	0	.3674654	.1404958
612.15	0	.4919826	0	.3673458	.1406716
611.15	0	.4919266	0	.3672268	.1408466
610.15	0	.4918708	0	.3671081	.1410211
609.15	0	.4918153	0	.3669899	.1411948
608.15	0	.49176	0	.3668721	.1413679
607.15	0	.491705	0	.3667547	.1415403
606.15	0	.4916502	0	.3666378	.141712
605.15	0	.4915956	0	.3665213	.1418831
604.15	0	.4915413	0	.3664052	.1420535
603.15	0	.4914872	0	.3662895	.1422232
602.15	0	.4914334	0	.3661743	.1423923
601.15	0	.4913798	0	.3660595	.1425607
600.15	0	.4913264	0	.3659451	.1427285
599.15	0	.4912733	0	.3658311	.1428956
598.15	0	.4912204	0	.3657176	.143062
597.15	0	.4911678	0	.3656045	.1432277
596.15	0	.4911154	0	.3654918	.1433928
595.15	0	.4910632	0	.3653796	.1435573
594.15	0	.4910112	0	.3652677	.1437211
593.15	0	.4909595	0	.3651563	.1438842
592.15	0	.490908	0	.3650453	.1440467
591.15	0	.4908568	0	.3649347	.1442085
590.15	0	.4908058	0	.3648245	.1443697
589.15	0	.490755	0	.3647148	.1445302
588.15	0	.4907045	0	.3646055	.14469
587.15	0	.4906542	0	.3644966	.1448493
586.15	0	.4906041	0	.3643881	.1450078
585.15	0	.4905542	0	.36428	.1451657
584.15	0	.4905046	0	.3641724	.145323
583.15	0	.4904552	0	.3640651	.1454796
582.15	0	.4904061	0	.3639583	.1456356
581.15	0	.4903572	0	.3638519	.145791
580.15	0	.4903084	0	.3637459	.1459457
579.15	0	.49026	0	.3636403	.1460997
578.15	0	.4902117	0	.3635352	.1462531
577.15	0	.4901637	0	.3634304	.1464059
576.15	0	.4901159	0	.363326	.146558
575.15	0	.4900683	0	.3632221	.1467096
574.15	0	.490021	0	.3631186	.1468604
573.15	0	.4899739	0	.3630155	.1470107
572.15	0	.489927	0	.3629128	.1471603
571.15	0	.4898803	0	.3628105	.1473092
570.15	0	.4898339	0	.3627086	.1474576
569.15	0	.4897876	0	.3626071	.1476053
568.15	0	.4897416	0	.362506	.1477524
567.15	0	.4896958	0	.3624054	.1478988
566.15	0	.4896503	0	.3623051	.1480446
565.15	0	.4896049	0	.3622052	.1481898
564.15	0	.4895598	0	.3621058	.1483344
563.15	0	.4895149	0	.3620067	.1484784
562.15	0	.4894702	0	.3619081	.1486217
561.15	0	.4894257	0	.3618098	.1487644
560.15	0	.4893815	0	.361712	.1489065
559.15	0	.4893374	0	.3616145	.149048
558.15	0	.4892936	0	.3615175	.1491889
557.15	0	.48925	0	.3614208	.1493291
556.15	0	.4892066	0	.3613246	.1494688
555.15	0	.4891635	0	.3612287	.1496078
554.15	0	.4891205	0	.3611333	.1497462
553.15	0	.4890778	0	.3610382	.149884
552.15	0	.4890352	0	.3609436	.1500212
551.15	0	.4889929	0	.3608493	.1501578
550.15	0	.4889508	0	.3607554	.1502938
549.15	0	.4889089	0	.3606619	.1504292
548.15	0	.4888672	0	.3605688	.150564
547.15	0	.4888257	0	.3604761	.1506982
546.15	0	.4887845	0	.3603838	.1508317
545.15	0	.4887434	0	.3602919	.1509647
544.15	0	.4887025	0	.3602004	.1510971
543.15	0	.4886619	0	.3601092	.1512289
542.15	0	.4886215	0	.3600185	.1513601
541.15	0	.4885812	0	.3599281	.1514907
540.15	0	.4885412	0	.3598381	.1516207
539.15	0	.4885014	0	.3597485	.1517502
538.15	0	.4884618	0	.3596593	.151879
537.15	0	.4884223	0	.3595704	.1520072
536.15	0	.4883831	0	.359482	.1521349
535.15	0	.4883441	0	.3593939	.152262
534.15	0	.4883053	0	.3593062	.1523885
533.15	0	.4882667	0	.3592189	.1525144
532.15	0	.4882283	0	.3591319	.1526397
531.15	0	.4881901	0	.3590454	.1527645
530.15	0	.4881521	0	.3589592	.1528887
529.15	0	.4881143	0	.3588734	.1530123
528.15	0	.4880767	0	.3587879	.1531354
527.15	0	.4880393	0	.3587029	.1532578
526.15	0	.4880021	0	.3586182	.1533797
525.15	0	.4879651	0	.3585339	.1535011
524.15	0	.4879282	0	.3584499	.1536219
523.15	0	.4878916	0	.3583663	.1537421
522.15	0	.4878552	0	.3582831	.1538617
521.15	0	.4878189	0	.3582003	.1539808
520.15	0	.4877829	0	.3581178	.1540993
519.15	0	.4877471	0	.3580357	.1542173
518.15	0	.4877114	0	.3579539	.1543347
517.15	0	.4876759	0	.3578725	.1544516
516.15	0	.4876406	0	.3577915	.1545679
515.15	0	.4876055	0	.3577108	.1546836
514.15	0	.4875706	0	.3576305	.1547988
513.15	0	.4875359	0	.3575506	.1549135
512.15	0	.4875014	0	.357471	.1550276
511.15	0	.4874671	0	.3573917	.1551412
510.15	0	.4874329	0	.3573129	.1552542
509.15	0	.487399	0	.3572343	.1553667
508.15	0	.4873652	0	.3571562	.1554787
507.15	0	.4873316	0	.3570783	.1555901
506.15	0	.4872982	0	.3570009	.155701
505.15	0	.4872649	0	.3569237	.1558113
504.15	0	.4872319	0	.3568469	.1559212
503.15	0	.487199	0	.3567705	.1560305
502.15	0	.4871663	0	.3566944	.1561393
501.15	0	.4871338	0	.3566187	.1562475
500.15	0	.4871015	0	.3565433	.1563552
499.15	0	.4870693	0	.3564682	.1564624
498.15	0	.4870374	0	.3563935	.1565691
497.15	0	.4870056	0	.3563192	.1566753
496.15	0	.4869739	0	.3562451	.156781
495.15	0	.4869425	0	.3561714	.1568861
494.15	0	.4869112	0	.356098	.1569908
493.15	0	.4868801	0	.356025	.1570949
492.15	0	.4868492	0	.3559523	.1571985
491.15	0	.4868184	0	.3558799	.1573016
490.15	0	.4867879	0	.3558079	.1574043
489.15	0	.4867574	0	.3557362	.1575064
488.15	0	.4867272	0	.3556648	.157608
487.15	0	.4866971	0	.3555937	.1577091
486.15	0	.4866672	0	.355523	.1578098
485.15	0	.4866375	0	.3554526	.1579099
484.15	0	.4866079	0	.3553825	.1580096
483.15	0	.4865785	0	.3553127	.1581088
482.15	0	.4865493	0	.3552433	.1582074
481.15	0	.4865202	0	.3551742	.1583056
480.15	0	.4864913	0	.3551053	.1584034
479.15	0	.4864625	0	.3550368	.1585006
478.15	0	.486434	0	.3549686	.1585974
477.15	0	.4864055	0	.3549008	.1586937
476.15	0	.4863773	0	.3548332	.1587895
475.15	0	.4863492	0	.3547659	.1588849
474.15	0	.4863212	0	.354699	.1589798
473.15	0	.4862934	0	.3546323	.1590742
472.15	0	.4862658	0	.354566	.1591682
471.15	0	.4862383	0	.3545	.1592617
470.15	0	.486211	0	.3544342	.1593547
469.15	0	.4861839	0	.3543688	.1594473
468.15	0	.4861568	0	.3543037	.1595395
467.15	0	.48613	0	.3542388	.1596312
466.15	0	.4861033	0	.3541743	.1597224
465.15	0	.4860767	0	.35411	.1598132
464.15	0	.4860503	0	.3540461	.1599036
