T	 BPW(LIQUID)	BPW(BCC_A2)	BPW(FCC_A1)	BPW(LAVES_PHASE_C14)	BPW(NI3TI)
1473.15	.1264804	.8735196	0	0	0
1472.15	.1241316	.8758684	0	0	0
1471.15	.1217995	.8782005	0	0	0
1470.15	.1194841	.8805159	0	0	0
1469.15	.1171854	.8828146	0	0	0
1468.15	.1149031	.8850969	0	0	0
1467.15	.1126373	.8873627	0	0	0
1466.15	.1103878	.8896122	0	0	0
1465.15	.1081546	.8918454	0	0	0
1464.15	.1059375	.8940625	0	0	0
1463.15	.1037365	.8962635	0	0	0
1462.15	.1015515	.8984485	0	0	0
1461.15	.09938233	.9006177	0	0	0
1460.704	.09842044	.9015796	0	0	0
1460.704	.09842044	.9015796	0	0	0
1460.704	.09842044	.9015796	0	0	0
1460.15	.09588318	.9031497	0	9.671711E-04	0
1459.15	.09136482	.9059413	0	.002693896	0
1458.438	.08819578	.9078958	0	.003908396	0
1458.438	.08819578	.9078958	0	.003908396	0
1458.438	.08819578	.9078958	0	.003908396	0
1458.15	.08274257	.9025561	.008906234	.005795114	0
1457.15	.06409778	.884415	.03927201	.01221526	0
1456.15	.04586586	.8668601	.06882729	.0184467	0
1455.15	.02802265	.8498584	.09761952	.02449945	0
1454.15	.01055242	.8333885	.1256785	.03038057	0
1453.536	0	.823527	.1425622	.03391079	0
1453.536	0	.823527	.1425622	.03391079	0
1453.15	0	.8221353	.1436694	.03419529	0
1452.15	0	.8185347	.1465345	.03493085	0
1451.15	0	.814944	.1493924	.0356636	0
1450.15	0	.8113633	.1522431	.03639357	0
1449.15	0	.8077925	.1550867	.03712076	0
1448.15	0	.8042317	.1579232	.03784519	0
1447.15	0	.8006806	.1607525	.03856688	0
1446.15	0	.7971395	.1635747	.03928584	0
1445.15	0	.7936081	.1663898	.04000207	0
1444.15	0	.7900866	.1691978	.04071559	0
1443.15	0	.7865748	.1719988	.04142642	0
1442.15	0	.7830728	.1747927	.04213457	0
1441.15	0	.7795805	.1775795	.04284004	0
1440.15	0	.7760978	.1803593	.04354286	0
1439.15	0	.7726249	.1831321	.04424304	0
1438.15	0	.7691616	.1858978	.04494058	0
1437.15	0	.7657079	.1886566	.04563551	0
1436.15	0	.7622638	.1914084	.04632782	0
1435.15	0	.7588293	.1941531	.04701754	0
1434.15	0	.7554043	.196891	.04770468	0
1433.15	0	.7519889	.1996218	.04838925	0
1432.15	0	.748583	.2023458	.04907126	0
1431.15	0	.7451865	.2050628	.04975072	0
1430.15	0	.7417995	.2077729	.05042765	0
1429.15	0	.7384219	.210476	.05110206	0
1428.15	0	.7350538	.2131723	.05177395	0
1427.15	0	.731695	.2158617	.05244334	0
1426.15	0	.7283456	.2185442	.05311025	0
1425.15	0	.7250055	.2212198	.05377467	0
1424.15	0	.7216748	.2238886	.05443664	0
1423.15	0	.7183533	.2265505	.05509614	0
1422.15	0	.7150412	.2292056	.05575321	0
1421.15	0	.7117383	.2318539	.05640784	0
1420.15	0	.7084446	.2344954	.05706006	0
1419.15	0	.7051601	.23713	.05770986	0
1418.15	0	.7018849	.2397579	.05835727	0
1417.15	0	.6986188	.2423789	.05900229	0
1416.15	0	.6953619	.2449932	.05964493	0
1415.15	0	.6921141	.2476007	.0602852	0
1414.15	0	.6888754	.2502015	.06092313	0
1413.15	0	.6856458	.2527955	.0615587	0
1412.15	0	.6824253	.2553828	.06219194	0
1411.15	0	.6792139	.2579633	.06282286	0
1410.15	0	.6760115	.2605371	.06345147	0
1409.15	0	.6728181	.2631042	.06407777	0
1408.15	0	.6696337	.2656645	.06470178	0
1407.15	0	.6664583	.2682182	.06532351	0
1406.15	0	.6632918	.2707652	.06594297	0
1405.15	0	.6601344	.2733055	.06656016	0
1404.15	0	.6569858	.2758391	.06717511	0
1403.15	0	.6538461	.278366	.06778781	0
1402.15	0	.6507154	.2808863	.06839828	0
1401.15	0	.6475935	.2834	.06900653	0
1400.15	0	.6444805	.2859069	.06961257	0
1399.15	0	.6413763	.2884073	.0702164	0
1398.15	0	.638281	.290901	.07081804	0
1397.15	0	.6351945	.2933881	.0714175	0
1396.15	0	.6321167	.2958685	.07201479	0
1395.15	0	.6290478	.2983423	.07260991	0
1394.15	0	.6259876	.3008096	.07320288	0
1393.15	0	.6229361	.3032702	.0737937	0
1392.15	0	.6198934	.3057242	.07438238	0
1391.15	0	.6168594	.3081716	.07496894	0
1390.15	0	.6138341	.3106125	.07555339	0
1389.15	0	.6108175	.3130467	.07613572	0
1388.15	0	.6078096	.3154744	.07671596	0
1387.15	0	.6048104	.3178955	.07729411	0
1386.15	0	.6018198	.3203101	.07787017	0
1385.15	0	.5988378	.3227181	.07844416	0
1384.15	0	.5958644	.3251195	.07901609	0
1383.15	0	.5928997	.3275144	.07958597	0
1382.15	0	.5899435	.3299027	.0801538	0
1381.15	0	.5869959	.3322845	.08071959	0
1380.15	0	.5840569	.3346597	.08128336	0
1379.15	0	.5811265	.3370284	.0818451	0
1378.15	0	.5782046	.3393906	.08240484	0
1377.15	0	.5752912	.3417462	.08296257	0
1376.15	0	.5723863	.3440954	.08351831	0
1375.15	0	.56949	.3464379	.08407206	0
1374.15	0	.5666022	.348774	.08462383	0
1373.15	0	.5637228	.3511036	.08517364	0
1372.15	0	.5608519	.3534266	.08572149	0
1371.15	0	.5579895	.3557431	.08626738	0
1370.15	0	.5551355	.3580531	.08681133	0
1369.15	0	.55229	.3603567	.08735334	0
1368.15	0	.5494529	.3626537	.08789342	0
1367.15	0	.5466243	.3649442	.08843158	0
1366.15	0	.543804	.3672281	.08896783	0
1365.15	0	.5409922	.3695056	.08950218	0
1364.15	0	.5381888	.3717766	.09003463	0
1363.15	0	.5353937	.3740411	.09056519	0
1362.15	0	.532607	.3762991	.09109386	0
1361.15	0	.5298287	.3785506	.09162067	0
1360.15	0	.5270588	.3807956	.09214561	0
1359.15	0	.5242972	.3830341	.09266869	0
1358.15	0	.521544	.3852661	.09318992	0
1357.15	0	.5187991	.3874916	.0937093	0
1356.15	0	.5160626	.3897106	.09422685	0
1355.15	0	.5133343	.3919231	.09474258	0
1354.15	0	.5106144	.3941291	.09525648	0
1353.15	0	.5079029	.3963286	.09576856	0
1352.15	0	.5051996	.3985216	.09627884	0
1351.15	0	.5025046	.4007081	.09678732	0
1350.15	0	.4998179	.4028881	.09729401	0
1349.15	0	.4971395	.4050616	.09779891	0
1348.15	0	.4944694	.4072286	.09830204	0
1347.15	0	.4918076	.409389	.09880339	0
1346.15	0	.489154	.411543	.09930298	0
1345.15	0	.4865087	.4136905	.09980081	0
1344.15	0	.4838717	.4158314	.1002969	0
1343.15	0	.481243	.4179658	.1007912	0
1342.15	0	.4786225	.4200937	.1012838	0
1341.15	0	.4760103	.422215	.1017747	0
1340.15	0	.4734063	.4243299	.1022639	0
1339.15	0	.4708106	.4264382	.1027513	0
1338.15	0	.4682231	.4285399	.103237	0
1337.15	0	.4656438	.4306351	.103721	0
1336.15	0	.4630728	.4327238	.1042034	0
1335.15	0	.4605101	.4348059	.104684	0
1334.15	0	.4579556	.4368815	.105163	0
1333.15	0	.4554093	.4389505	.1056402	0
1332.15	0	.4528713	.4410129	.1061158	0
1331.15	0	.4503415	.4430688	.1065898	0
1330.15	0	.4478199	.4451181	.107062	0
1329.15	0	.4453066	.4471608	.1075327	0
1328.15	0	.4428015	.4491969	.1080017	0
1327.15	0	.4403046	.4512264	.108469	0
1326.15	0	.437816	.4532493	.1089347	0
1325.15	0	.4353356	.4552656	.1093988	0
1324.15	0	.4328635	.4572753	.1098613	0
1323.15	0	.4303996	.4592784	.1103221	0
1322.15	0	.4279439	.4612748	.1107813	0
1321.15	0	.4254965	.4632646	.111239	0
1320.15	0	.4230573	.4652477	.111695	0
1319.15	0	.4206263	.4672242	.1121495	0
1318.15	0	.4182037	.469194	.1126023	0
1317.15	0	.4157892	.4711572	.1130536	0
1316.15	0	.4133831	.4731136	.1135033	0
1315.15	0	.4109851	.4750634	.1139515	0
1314.15	0	.4085955	.4770065	.114398	0
1313.15	0	.4062141	.4789428	.1148431	0
1312.15	0	.403841	.4808725	.1152865	0
1311.15	0	.4014762	.4827954	.1157284	0
1310.15	0	.3991196	.4847116	.1161688	0
1309.15	0	.3967714	.486621	.1166077	0
1308.15	0	.3944314	.4885236	.117045	0
1307.15	0	.3920997	.4904195	.1174808	0
1306.15	0	.3897764	.4923085	.1179151	0
1305.15	0	.3874613	.4941908	.1183478	0
1304.15	0	.3851546	.4960663	.1187791	0
1303.15	0	.3828562	.4979349	.1192089	0
1302.15	0	.3805662	.4997967	.1196371	0
1301.15	0	.3782844	.5016517	.1200639	0
1300.15	0	.3760111	.5034998	.1204892	0
1299.15	0	.3737461	.505341	.120913	0
1298.15	0	.3714894	.5071753	.1213353	0
1297.15	0	.3692411	.5090027	.1217561	0
1296.15	0	.3670013	.5108232	.1221755	0
1295.15	0	.3647698	.5126368	.1225935	0
1294.15	0	.3625467	.5144434	.1230099	0
1293.15	0	.3603321	.516243	.123425	0
1292.15	0	.3581258	.5180357	.1238385	0
1291.15	0	.355928	.5198213	.1242507	0
1290.15	0	.3537387	.5216	.1246614	0
1289.15	0	.3515578	.5233716	.1250706	0
1288.15	0	.3493854	.5251361	.1254784	0
1287.15	0	.3472215	.5268936	.1258849	0
1286.15	0	.3450661	.5286441	.1262899	0
1285.15	0	.3429192	.5303874	.1266935	0
1284.15	0	.3407808	.5321236	.1270956	0
1283.15	0	.338651	.5338526	.1274964	0
1282.15	0	.3365297	.5355745	.1278958	0
1281.15	0	.334417	.5372893	.1282938	0
1280.15	0	.3323128	.5389968	.1286904	0
1279.15	0	.3302173	.5406971	.1290856	0
1278.15	0	.3281304	.5423902	.1294794	0
1277.15	0	.3260521	.544076	.1298719	0
1276.15	0	.3239825	.5457546	.130263	0
1275.15	0	.3219215	.5474258	.1306527	0
1274.15	0	.3198692	.5490898	.131041	0
1273.15	0	.3178256	.5507464	.131428	0
1272.15	0	.3157908	.5523956	.1318137	0
1271.15	0	.3137646	.5540375	.1321979	0
1270.15	0	.3117472	.5556719	.1325809	0
1269.15	0	.3097386	.5572989	.1329625	0
1268.15	0	.3077388	.5589185	.1333428	0
1267.15	0	.3057478	.5605305	.1337217	0
1266.15	0	.3037656	.5621351	.1340993	0
1265.15	0	.3017923	.5637321	.1344756	0
1264.15	0	.2998278	.5653216	.1348505	0
1263.15	0	.2978723	.5669035	.1352242	0
1262.15	0	.2959256	.5684778	.1355965	0
1261.15	0	.2939879	.5700445	.1359676	0
1260.15	0	.2920592	.5716035	.1363373	0
1259.15	0	.2901395	.5731548	.1367057	0
1258.15	0	.2882287	.5746985	.1370728	0
1257.15	0	.286327	.5762344	.1374386	0
1256.15	0	.2844343	.5777625	.1378032	0
1255.15	0	.2825508	.5792828	.1381665	0
1254.15	0	.2806763	.5807953	.1385284	0
1253.15	0	.278811	.5822999	.1388891	0
1252.15	0	.2769548	.5837967	.1392485	0
1251.15	0	.2751078	.5852855	.1396067	0
1250.15	0	.27327	.5867664	.1399636	0
1249.15	0	.2714414	.5882394	.1403192	0
1248.15	0	.2696221	.5897043	.1406736	0
1247.15	0	.2678121	.5911612	.1410267	0
1246.15	0	.2660114	.59261	.1413786	0
1245.15	0	.2642201	.5940507	.1417292	0
1244.15	0	.2624381	.5954833	.1420786	0
1243.15	0	.2606656	.5969077	.1424267	0
1242.15	0	.2589025	.5983239	.1427736	0
1241.15	0	.2571488	.5997319	.1431193	0
1240.15	0	.2554047	.6011316	.1434637	0
1239.15	0	.2536701	.602523	.1438069	0
1238.15	0	.251945	.6039061	.1441489	0
1237.15	0	.2502296	.6052808	.1444896	0
1236.15	0	.2485237	.6066471	.1448292	0
1235.15	0	.2468276	.6080049	.1451675	0
1234.15	0	.2451411	.6093542	.1455047	0
1233.15	0	.2434643	.6106951	.1458406	0
1232.15	0	.2417974	.6120273	.1461753	0
1231.15	0	.2401402	.613351	.1465088	0
1230.15	0	.2384928	.6146661	.1468411	0
1229.15	0	.2368553	.6159724	.1471723	0
1228.15	0	.2352278	.61727	.1475022	0
1227.15	0	.2336101	.6185589	.1478309	0
1226.15	0	.2320025	.619839	.1481585	0
1225.15	0	.2304048	.6211103	.1484849	0
1224.15	0	.2288172	.6223726	.1488101	0
1223.15	0	.2272398	.6236261	.1491341	0
1222.15	0	.2256724	.6248706	.149457	0
1221.15	0	.2241152	.6261061	.1497787	0
1220.15	0	.2225683	.6273325	.1500993	0
1219.15	0	.2210315	.6285498	.1504186	0
1218.15	0	.2195051	.6297581	.1507368	0
1217.15	0	.217989	.6309571	.1510539	0
1216.15	0	.2164833	.6321469	.1513698	0
1215.15	0	.2149881	.6333274	.1516846	0
1214.15	0	.2135032	.6344986	.1519982	0
1213.15	0	.2120289	.6356605	.1523106	0
1212.15	0	.2105652	.6368129	.1526219	0
1211.15	0	.209112	.6379559	.1529321	0
1210.15	0	.2076695	.6390894	.1532412	0
1209.15	0	.2062376	.6402133	.1535491	0
1208.15	0	.2048165	.6413276	.1538559	0
1207.15	0	.2034062	.6424323	.1541615	0
1206.15	0	.2020067	.6435273	.1544661	0
1205.15	0	.200618	.6446125	.1547695	0
1204.15	0	.1992403	.6456879	.1550718	0
1203.15	0	.1978736	.6467535	.155373	0
1202.15	0	.1965178	.6478092	.155673	0
1201.15	0	.1951731	.6488549	.155972	0
1200.15	0	.1938396	.6498906	.1562699	0
1199.15	0	.1925172	.6509162	.1565666	0
1198.15	0	.191206	.6519318	.1568622	0
1197.15	0	.1899061	.6529371	.1571568	0
1196.15	0	.1886175	.6539323	.1574502	0
1195.15	0	.1873403	.6549172	.1577426	0
1194.15	0	.1860745	.6558917	.1580339	0
1193.15	0	.1848201	.6568559	.158324	0
1192.15	0	.1835773	.6578096	.1586131	0
1191.15	0	.1823461	.6587528	.1589011	0
1190.15	0	.1811265	.6596855	.1591881	0
1189.15	0	.1799186	.6606075	.1594739	0
1188.15	0	.1787224	.6615189	.1597587	0
1187.15	0	.177538	.6624196	.1600424	0
1186.15	0	.1763655	.6633095	.160325	0
1185.15	0	.1752049	.6641885	.1606066	0
1184.15	0	.1740563	.6650567	.160887	0
1183.15	0	.1729197	.6659139	.1611665	0
1182.15	0	.1717952	.66676	.1614448	0
1181.15	0	.1706828	.6675951	.1617222	0
1180.15	0	.1695826	.668419	.1619984	0
1179.15	0	.1684947	.6692317	.1622736	0
1178.15	0	.167419	.6700332	.1625478	0
1177.15	0	.1663558	.6708233	.1628209	0
1176.15	0	.165305	.6716021	.1630929	0
1175.15	0	.1642667	.6723694	.1633639	0
1174.15	0	.1632409	.6731252	.1636339	0
1173.15	0	.1622278	.6738694	.1639029	0
1172.15	0	.1612273	.6746019	.1641708	0
1171.15	0	.1602396	.6753228	.1644376	0
1170.15	0	.1592647	.6760318	.1647035	0
1169.15	0	.1583027	.6767291	.1649683	0
1168.15	0	.1573536	.6774144	.165232	0
1167.15	0	.1564174	.6780878	.1654948	0
1166.15	0	.1554944	.6787491	.1657565	0
1165.15	0	.1545844	.6793984	.1660173	0
1164.15	0	.1536876	.6800354	.166277	0
1163.15	0	.1528041	.6806603	.1665356	0
1162.15	0	.1519339	.6812728	.1667933	0
1161.15	0	.151077	.681873	.16705	0
1160.15	0	.1502336	.6824608	.1673056	0
1159.15	0	.1494037	.683036	.1675603	0
1158.15	0	.1485874	.6835987	.1678139	0
1157.15	0	.1477847	.6841487	.1680666	0
1156.15	0	.1469957	.6846861	.1683182	0
1155.15	0	.1462205	.6852106	.1685689	0
1154.15	0	.145459	.6857224	.1688185	0
1153.15	0	.1447116	.6862212	.1690672	0
1152.15	0	.143978	.6867071	.1693149	0
1151.15	0	.1432586	.6871799	.1695616	0
1150.15	0	.1425532	.6876395	.1698073	0
1149.15	0	.141862	.688086	.170052	0
1148.15	0	.141185	.6885192	.1702958	0
1147.15	0	.1405223	.6889391	.1705386	0
1146.15	0	.139874	.6893456	.1707804	0
1145.15	0	.1392402	.6897387	.1710212	0
1144.15	0	.1386208	.6901181	.171261	0
1143.15	0	.138016	.690484	.1714999	0
1142.15	0	.1374259	.6908363	.1717379	0
1141.15	0	.1368505	.6911747	.1719748	0
1140.15	0	.1362898	.6914994	.1722108	0
1139.15	0	.135744	.6918102	.1724459	0
1138.15	0	.1352131	.692107	.17268	0
1137.15	0	.1346971	.6923898	.1729131	0
1136.15	0	.1341962	.6926585	.1731453	0
1135.15	0	.1337104	.692913	.1733766	0
1134.15	0	.1332398	.6931533	.1736069	0
1133.15	0	.1327845	.6933793	.1738362	0
1132.15	0	.1323444	.693591	.1740646	0
1131.15	0	.1319197	.6937882	.1742921	0
1130.15	0	.1315105	.6939709	.1745186	0
1129.15	0	.1311168	.694139	.1747443	0
1128.15	0	.1307386	.6942925	.1749689	0
1127.15	0	.1303761	.6944312	.1751927	0
1126.15	0	.1300293	.6945552	.1754155	0
1125.15	0	.1296982	.6946644	.1756374	0
1124.15	0	.129383	.6947586	.1758584	0
1123.15	0	.1290837	.6948379	.1760785	0
1122.15	0	.1288003	.6949021	.1762976	0
1121.15	0	.128533	.6949512	.1765158	0
1120.15	0	.1282817	.6949851	.1767332	0
1119.15	0	.1280466	.6950038	.1769496	0
1118.15	0	.1278277	.6950072	.1771651	0
1117.15	0	.1276251	.6949952	.1773797	0
1116.15	0	.1274388	.6949678	.1775934	0
1115.15	0	.1272689	.6949249	.1778062	0
1114.15	0	.1271154	.6948664	.1780182	0
1113.15	0	.1269784	.6947924	.1782292	0
1112.15	0	.1268581	.6947026	.1784393	0
1111.15	0	.1267543	.6945971	.1786486	0
1110.15	0	.1266672	.6944759	.178857	0
1109.15	0	.1265968	.6943387	.1790645	0
1108.15	0	.1265432	.6941857	.1792711	0
1107.15	0	.1265065	.6940167	.1794768	0
1106.15	0	.1264866	.6938317	.1796817	0
1105.15	0	.1264837	.6936306	.1798857	0
1104.15	0	.1264978	.6934133	.1800888	0
1103.15	0	.126529	.6931799	.1802911	0
1102.15	0	.1265772	.6929303	.1804925	0
1101.15	0	.1266426	.6926644	.1806931	0
1100.15	0	.1267252	.6923821	.1808928	0
1099.15	0	.126825	.6920834	.1810916	0
1098.15	0	.1269421	.6917683	.1812896	0
1097.15	0	.1270765	.6914368	.1814867	0
1096.15	0	.1272283	.6910887	.181683	0
1095.15	0	.1273975	.690724	.1818785	0
1094.15	0	.1275842	.6903427	.1820731	0
1093.15	0	.1277883	.6899448	.1822669	0
1092.15	0	.12801	.6895302	.1824599	0
1091.15	0	.1282492	.6890988	.182652	0
1090.15	0	.128506	.6886507	.1828433	0
1089.15	0	.1287805	.6881858	.1830338	0
1088.15	0	.1290726	.687704	.1832234	0
1087.15	0	.1293824	.6872053	.1834123	0
1086.15	0	.12971	.6866897	.1836003	0
1085.15	0	.1300552	.6861572	.1837875	0
1084.15	0	.1304183	.6856077	.1839739	0
1083.15	0	.1307992	.6850413	.1841596	0
1082.15	0	.1311979	.6844578	.1843444	0
1081.15	0	.1316144	.6838572	.1845284	0
1080.15	0	.1320488	.6832396	.1847116	0
1079.15	0	.1325011	.6826049	.184894	0
1078.15	0	.1329712	.6819531	.1850757	0
1077.15	0	.1334593	.6812842	.1852565	0
1076.15	0	.1339653	.6805981	.1854366	0
1075.15	0	.1344893	.6798948	.1856159	0
1074.15	0	.1350312	.6791744	.1857944	0
1073.15	0	.135591	.6784369	.1859722	0
1072.15	0	.1361688	.6776821	.1861491	0
1071.15	0	.1367645	.6769101	.1863254	0
1070.15	0	.1373782	.676121	.1865008	0
1069.15	0	.1380099	.6753146	.1866755	0
1068.15	0	.1386595	.6744911	.1868495	0
1067.15	0	.139327	.6736503	.1870226	0
1066.15	0	.1400125	.6727924	.1871951	0
1065.15	0	.140716	.6719173	.1873668	0
1064.15	0	.1414373	.671025	.1875377	0
1063.15	0	.1421765	.6701155	.1877079	0
1062.15	0	.1429337	.6691889	.1878774	0
1061.15	0	.1437087	.6682452	.1880462	0
1060.15	0	.1445015	.6672843	.1882142	0
1059.15	0	.1453122	.6663063	.1883815	0
1058.15	0	.1461407	.6653113	.188548	0
1057.15	0	.146987	.6642991	.1887139	0
1056.15	0	.147851	.66327	.188879	0
1055.15	0	.1487327	.6622239	.1890435	0
1054.15	0	.1496321	.6611608	.1892072	0
1053.15	0	.1505491	.6600807	.1893702	0
1052.15	0	.1514838	.6589837	.1895325	0
1051.15	0	.152436	.6578699	.1896941	0
1050.15	0	.1534057	.6567393	.189855	0
1049.15	0	.1543929	.6555919	.1900152	0
1048.15	0	.1553975	.6544277	.1901748	0
1047.15	0	.1564195	.6532469	.1903336	0
1046.15	0	.1574588	.6520494	.1904918	0
1045.15	0	.1585154	.6508354	.1906493	0
1044.15	0	.1595891	.6496048	.1908061	0
1043.15	0	.16068	.6483578	.1909622	0
1042.15	0	.161788	.6470943	.1911177	0
1041.15	0	.1629131	.6458145	.1912725	0
1040.15	0	.164055	.6445184	.1914266	0
1039.15	0	.1652138	.6432061	.1915801	0
1038.15	0	.1663895	.6418776	.1917329	0
1037.15	0	.1675819	.6405331	.191885	0
1036.15	0	.1687909	.6391726	.1920366	0
1035.15	0	.1700165	.6377961	.1921874	0
1034.15	0	.1712585	.6364039	.1923376	0
1033.15	0	.172517	.6349958	.1924872	0
1032.15	0	.1737918	.6335721	.1926361	0
1031.15	0	.1750828	.6321328	.1927844	0
1030.15	0	.1763899	.6306781	.1929321	0
1029.15	0	.1777131	.6292079	.1930791	0
1028.15	0	.1790522	.6277224	.1932255	0
1027.15	0	.1804071	.6262217	.1933712	0
1026.15	0	.1817778	.6247059	.1935164	0
1025.15	0	.183164	.6231751	.1936609	0
1024.15	0	.1845659	.6216294	.1938048	0
1023.15	0	.1859831	.6200688	.1939481	0
1022.15	0	.1874156	.6184937	.1940907	0
1021.15	0	.1888633	.6169039	.1942328	0
1020.15	0	.1903261	.6152997	.1943742	0
1019.15	0	.1918038	.6136811	.1945151	0
1018.15	0	.1932964	.6120483	.1946553	0
1017.15	0	.1948037	.6104014	.1947949	0
1016.15	0	.1963255	.6087406	.1949339	0
1015.15	0	.1978619	.6070658	.1950723	0
1014.15	0	.1994125	.6053774	.1952101	0
1013.15	0	.2009773	.6036754	.1953473	0
1012.15	0	.2025562	.6019599	.1954839	0
1011.15	0	.204149	.6002311	.19562	0
1010.15	0	.2057556	.598489	.1957554	0
1009.15	0	.2073758	.596734	.1958902	0
1008.15	0	.2090095	.594966	.1960245	0
1007.15	0	.2106566	.5931853	.1961581	0
1006.15	0	.2123169	.5913919	.1962912	0
1005.15	0	.2139903	.5895861	.1964236	0
1004.15	0	.2156766	.5877679	.1965555	0
1003.15	0	.2173756	.5859376	.1966868	0
1002.15	0	.2190873	.5840952	.1968175	0
1001.15	0	.2208114	.582241	.1969476	0
1000.15	0	.2225478	.5803751	.1970772	0
999.15	0	.2242963	.5784976	.1972061	0
998.15	0	.2260568	.5766087	.1973345	0
997.15	0	.2278292	.5747086	.1974622	0
996.15	0	.2296132	.5727974	.1975894	0
995.15	0	.2314086	.5708754	.197716	0
994.15	0	.2332154	.5689426	.197842	0
993.15	0	.2350334	.5669992	.1979674	0
992.15	0	.2368623	.5650454	.1980922	0
991.15	0	.2387021	.5630815	.1982165	0
990.15	0	.2405525	.5611074	.1983401	0
989.15	0	.2424133	.5591235	.1984631	0
988.15	0	.2442845	.55713	.1985856	0
987.15	0	.2461657	.5551268	.1987074	0
986.15	0	.2480569	.5531144	.1988287	0
985.15	0	.2499579	.5510928	.1989493	0
984.15	0	.2518685	.5490622	.1990694	0
983.15	0	.2537884	.5470228	.1991888	0
982.15	0	.2557176	.5449749	.1993076	0
981.15	0	.2576557	.5429185	.1994258	0
980.15	0	.2596028	.5408538	.1995434	0
979.15	0	.2615585	.5387811	.1996604	0
978.15	0	.2635227	.5367006	.1997767	0
977.15	0	.2654952	.5346124	.1998924	0
976.15	0	.2674757	.5325167	.2000075	0
975.15	0	.2694642	.5304138	.200122	0
974.15	0	.2714604	.5283038	.2002358	0
973.15	0	.2734642	.5261869	.200349	0
972.15	0	.2754753	.5240633	.2004615	0
971.15	0	.2774935	.5219332	.2005733	0
970.15	0	.2795187	.5197968	.2006845	0
969.15	0	.2815507	.5176543	.2007951	0
968.15	0	.2835892	.5155059	.2009049	0
967.15	0	.2856341	.5133518	.2010141	0
966.15	0	.2876852	.5111923	.2011226	0
965.15	0	.2897422	.5090274	.2012303	0
964.15	0	.2918051	.5068575	.2013374	0
963.15	0	.2938129	.504739	.2014481	0
962.15	0	.2957777	.5026604	.2015619	0
961.15	0	.2977682	.5005578	.2016741	0
960.15	0	.2997829	.4984325	.2017845	0
959.15	0	.3018206	.496286	.2018933	0
958.15	0	.3038799	.4941196	.2020005	0
957.15	0	.3059594	.4919344	.2021062	0
956.15	0	.308058	.4897318	.2022102	0
955.15	0	.3101744	.4875129	.2023127	0
954.15	0	.3123074	.4852789	.2024137	0
953.15	0	.3144559	.4830309	.2025131	0
952.15	0	.3166189	.48077	.2026111	0
951.15	0	.3187952	.4784972	.2027076	0
950.15	0	.3209839	.4762135	.2028026	0
949.15	0	.3231839	.4739199	.2028962	0
948.15	0	.3253944	.4716172	.2029884	0
947.15	0	.3276143	.4693066	.2030791	0
946.15	0	.3298429	.4669887	.2031684	0
945.15	0	.3320792	.4646644	.2032563	0
944.15	0	.3343225	.4623346	.2033429	0
943.15	0	.3365719	.4600001	.203428	0
942.15	0	.3388267	.4576616	.2035118	0
941.15	0	.3410861	.4553198	.2035942	0
940.15	0	.3433494	.4529754	.2036752	0
939.15	0	.3456159	.4506292	.2037549	0
938.15	0	.3478849	.4482819	.2038332	0
937.15	0	.3501559	.4459339	.2039102	0
936.15	0	.3524281	.4435861	.2039858	0
935.15	0	.354701	.4412389	.2040602	0
934.15	0	.356974	.4388929	.2041331	0
933.15	0	.3592465	.4365488	.2042048	0
932.15	0	.361518	.4342069	.2042751	0
931.15	0	.3637879	.431868	.2043441	0
930.15	0	.3660559	.4295323	.2044118	0
929.15	0	.3683213	.4272006	.2044782	0
928.15	0	.3705837	.4248731	.2045432	0
927.15	0	.3728426	.4225504	.204607	0
926.15	0	.3750977	.4202329	.2046694	0
925.15	0	.3773485	.417921	.2047305	0
924.15	0	.3795945	.4156151	.2047904	0
923.15	0	.3818355	.4133157	.2048489	0
922.15	0	.3840709	.411023	.2049061	0
921.15	0	.3863005	.4087375	.204962	0
920.15	0	.3885239	.4064595	.2050166	0
919.15	0	.3907407	.4041894	.2050699	0
918.15	0	.3929507	.4019274	.2051219	0
917.15	0	.3951535	.3996739	.2051726	0
916.15	0	.3973487	.3974292	.2052221	0
915.15	0	.3995362	.3951936	.2052702	0
914.15	0	.4017156	.3929674	.205317	0
913.15	0	.4038866	.3907509	.2053626	0
912.15	0	.4060489	.3885443	.2054068	0
911.15	0	.4082024	.3863478	.2054498	0
910.15	0	.4103467	.3841618	.2054914	0
909.15	0	.4124817	.3819865	.2055318	0
908.15	0	.4146071	.379822	.2055709	0
907.15	0	.4167226	.3776687	.2056087	0
906.15	0	.4188281	.3755267	.2056452	0
905.15	0	.4209232	.3733963	.2056805	0
904.15	0	.423008	.3712776	.2057144	0
903.15	0	.425082	.3691708	.2057471	0
902.15	0	.4271452	.3670762	.2057785	0
901.15	0	.4291974	.3649939	.2058087	0
900.15	0	.4312384	.3629241	.2058375	0
899.15	0	.433268	.3608669	.2058651	0
898.15	0	.435286	.3588226	.2058915	0
897.15	0	.4372923	.3567912	.2059166	0
896.15	0	.4392867	.3547729	.2059404	0
895.15	0	.4412692	.3527679	.2059629	0
894.15	0	.4432394	.3507763	.2059843	0
893.15	0	.4451974	.3487983	.2060043	0
892.15	0	.4471429	.3468339	.2060232	0
891.15	0	.4490758	.3448834	.2060408	0
890.15	0	.4509961	.3429468	.2060572	0
889.15	0	.4529035	.3410242	.2060723	0
888.15	0	.454798	.3391157	.2060862	0
887.15	0	.4566795	.3372216	.2060989	0
886.15	0	.4585478	.3353418	.2061105	0
885.15	0	.4604028	.3334764	.2061208	0
884.15	0	.4622445	.3316256	.2061299	0
883.15	0	.4640727	.3297895	.2061378	0
882.15	0	.4658874	.3279681	.2061446	0
881.15	0	.4676884	.3261614	.2061502	0
880.15	0	.4694757	.3243697	.2061546	0
879.15	0	.4712492	.3225929	.2061579	0
878.15	0	.4730088	.3208312	.20616	0
877.15	0	.4747545	.3190845	.206161	0
876.15	0	.4764861	.317353	.2061608	0
875.15	0	.4782037	.3156367	.2061596	0
874.15	0	.4799071	.3139357	.2061572	0
873.15	0	.4815963	.3122499	.2061538	0
872.15	0	.4832713	.3105795	.2061492	0
871.15	0	.4849319	.3089245	.2061436	0
870.15	0	.4865782	.3072849	.206137	0
869.15	0	.4882101	.3056607	.2061292	0
868.15	0	.4898276	.304052	.2061205	0
867.15	0	.4914306	.3024587	.2061107	0
866.15	0	.4930192	.300881	.2060998	0
865.15	0	.4945932	.2993188	.206088	0
864.15	0	.4961527	.2977721	.2060752	0
863.15	0	.4976977	.2962409	.2060614	0
862.15	0	.4992281	.2947253	.2060467	0
861.15	0	.5007439	.2932251	.206031	0
860.15	0	.5022452	.2917404	.2060143	0
859.15	0	.503732	.2902713	.2059967	0
858.15	0	.5052042	.2888176	.2059783	0
857.15	0	.5066619	.2873793	.2059589	0
856.15	0	.508105	.2859564	.2059386	0
855.15	0	.5095337	.2845489	.2059174	0
854.15	0	.5109479	.2831567	.2058954	0
853.15	0	.5123476	.2817798	.2058726	0
852.15	0	.513733	.2804181	.2058489	0
851.15	0	.515104	.2790716	.2058244	0
850.15	0	.5164606	.2777403	.2057991	0
849.15	0	.517803	.276424	.205773	0
848.15	0	.5191312	.2751227	.2057461	0
847.15	0	.5204452	.2738364	.2057184	0
846.15	0	.5217451	.2725649	.2056901	0
845.15	0	.5230309	.2713081	.2056609	0
844.15	0	.5243028	.2700661	.2056311	0
843.15	0	.5255608	.2688387	.2056005	0
842.15	0	.5268049	.2676258	.2055692	0
841.15	0	.5280353	.2664274	.2055373	0
840.15	0	.5292521	.2652433	.2055047	0
839.15	0	.5304552	.2640734	.2054714	0
838.15	0	.5316449	.2629177	.2054375	0
837.15	0	.5328211	.261776	.2054029	0
836.15	0	.5339841	.2606482	.2053677	0
835.15	0	.5351339	.2595342	.2053319	0
834.15	0	.5362705	.258434	.2052955	0
833.15	0	.5373942	.2573473	.2052585	0
832.15	0	.538505	.2562741	.205221	0
831.15	0	.539603	.2552142	.2051828	0
830.15	0	.5406883	.2541676	.2051441	0
829.15	0	.5417611	.253134	.2051049	0
828.15	0	.5428214	.2521135	.2050651	0
827.15	0	.5438694	.2511057	.2050249	0
826.15	0	.5449052	.2501107	.204984	0
825.15	0	.545929	.2491283	.2049427	0
824.15	0	.5469407	.2481583	.2049009	0
823.15	0	.5479407	.2472007	.2048586	0
822.15	0	.5489289	.2462552	.2048159	0
821.15	0	.5499056	.2453218	.2047726	0
820.15	0	.5508708	.2444003	.2047289	0
819.15	0	.5518247	.2434906	.2046848	0
818.15	0	.5527674	.2425925	.2046402	0
817.15	0	.553699	.2417059	.2045951	0
816.15	0	.5546197	.2408307	.2045497	0
815.3421	0	.5553556	.2401318	.2045126	0
815.3421	0	.5553556	.2401318	.2045126	0
815.3421	0	.5553556	.2401318	.2045126	0
815.15	0	.5565271	.2386714	.2041439	6.576231E-04
814.15	0	.5625185	.2311886	.2022468	.00404607
813.15	0	.5683356	.2239002	.2003864	.00737778
812.15	0	.5739843	.2167998	.1985617	.01065428
811.15	0	.5794702	.2098812	.1967716	.01387704
810.15	0	.5847988	.2031385	.1950153	.01704745
809.15	0	.5899752	.1965661	.1932918	.02016687
808.15	0	.5950044	.1901586	.1916004	.02323659
807.15	0	.5998912	.183911	.18994	.02625785
806.15	0	.60464	.1778181	.1883101	.02923183
805.15	0	.6092553	.1718753	.1867097	.03215969
804.15	0	.6137413	.1660781	.1851381	.03504253
803.15	0	.6181019	.160422	.1835947	.0378814
802.15	0	.6223411	.1549028	.1820788	.04067734
801.15	0	.6264625	.1495166	.1805896	.04343133
800.15	0	.6304697	.1442594	.1791265	.04614431
799.15	0	.6343662	.1391276	.177689	.0488172
798.15	0	.6381552	.1341175	.1762764	.0514509
797.15	0	.64184	.1292256	.1748881	.05404624
796.15	0	.6454236	.1244487	.1735237	.05660407
795.15	0	.6489089	.1197835	.1721824	.05912518
794.15	0	.6522988	.1152269	.1708639	.06161034
793.15	0	.6555961	.110776	.1695676	.0640603
792.15	0	.6588034	.1064278	.168293	.06647578
791.15	0	.6619233	.1021796	.1670397	.06885749
790.15	0	.6649582	.09802864	.1658071	.07120612
789.15	0	.6679105	.09397238	.1645948	.0735223
788.15	0	.6707825	.09000829	.1634025	.07580671
787.15	0	.6735766	.08613394	.1622295	.07805994
786.15	0	.6762948	.08234697	.1610757	.08028262
785.15	0	.6789391	.0786451	.1599404	.08247532
784.15	0	.6815118	.07502613	.1588235	.08463862
783.15	0	.6840147	.07148793	.1577244	.08677308
782.15	0	.6864496	.06802841	.1566427	.08887923
781.15	0	.6888186	.06464558	.1555783	.09095761
780.15	0	.6911232	.06133749	.1545305	.09300873
779.15	0	.6933654	.05810224	.1534993	.0950331
778.15	0	.6955467	.054938	.1524841	.09703119
777.15	0	.6976688	.051843	.1514847	.09900349
776.15	0	.6997333	.0488155	.1505007	.1009505
775.15	0	.7017417	.04585383	.1495319	.1028726
774.15	0	.7036955	.04295634	.1485779	.1047702
773.15	0	.7055962	.04012146	.1476384	.1066439
772.15	0	.7074451	.03734764	.1467132	.108494
771.15	0	.7092437	.03463339	.1458019	.110321
770.15	0	.7109933	.03197722	.1449043	.1121252
769.15	0	.7126952	.02937774	.14402	.1139071
768.15	0	.7143506	.02683356	.1431489	.1156669
767.15	0	.7159608	.02434332	.1422907	.1174053
766.15	0	.7175269	.02190571	.141445	.1191224
765.15	0	.7190502	.01951947	.1406117	.1208186
764.15	0	.7205317	.01718333	.1397905	.1224944
763.15	0	.7219727	.0148961	.1389812	.1241501
762.15	0	.723374	.01265659	.1381835	.1257859
761.15	0	.7247369	.01046364	.1373971	.1274023
760.15	0	.7260623	.008316132	.1366219	.1289996
759.15	0	.7273512	.006212973	.1358577	.1305782
758.15	0	.7286045	.004153093	.1351042	.1321382
757.15	0	.7298233	.002135451	.1343612	.1336801
756.15	0	.7310085	1.5903E-04	.1336284	.1352041
756.0686	0	.7311034	0	.1335692	.1353273
756.0686	0	.7311034	0	.1335692	.1353273
755.15	0	.730986	0	.1333792	.1356349
754.15	0	.7308587	0	.1331729	.1359684
753.15	0	.7307321	0	.1329672	.1363007
752.15	0	.7306061	0	.1327622	.1366318
751.15	0	.7304807	0	.1325578	.1369615
750.15	0	.7303559	0	.1323541	.1372901
749.15	0	.7302317	0	.1321509	.1376173
748.15	0	.7301081	0	.1319485	.1379434
747.15	0	.7299852	0	.1317467	.1382682
746.15	0	.7298628	0	.1315455	.1385917
745.15	0	.7297411	0	.1313449	.138914
744.15	0	.7296199	0	.131145	.1392351
743.15	0	.7294993	0	.1309457	.139555
742.15	0	.7293793	0	.1307471	.1398737
741.15	0	.7292599	0	.130549	.1401911
740.15	0	.729141	0	.1303517	.1405073
739.15	0	.7290228	0	.1301549	.1408223
738.15	0	.7289051	0	.1299588	.1411361
737.15	0	.728788	0	.1297633	.1414487
736.15	0	.7286714	0	.1295685	.1417601
735.15	0	.7285555	0	.1293743	.1420703
734.15	0	.72844	0	.1291807	.1423793
733.15	0	.7283252	0	.1289877	.1426871
732.15	0	.7282109	0	.1287954	.1429937
731.15	0	.7280971	0	.1286037	.1432992
730.15	0	.7279839	0	.1284127	.1436034
729.15	0	.7278712	0	.1282223	.1439065
728.15	0	.7277591	0	.1280325	.1442084
727.15	0	.7276475	0	.1278433	.1445091
726.15	0	.7275365	0	.1276548	.1448087
725.15	0	.727426	0	.1274669	.1451071
724.15	0	.727316	0	.1272796	.1454043
723.15	0	.7272066	0	.127093	.1457004
722.15	0	.7270977	0	.126907	.1459953
721.15	0	.7269893	0	.1267216	.1462891
720.15	0	.7268814	0	.1265369	.1465817
719.15	0	.7267741	0	.1263528	.1468732
718.15	0	.7266673	0	.1261693	.1471635
717.15	0	.726561	0	.1259864	.1474527
716.15	0	.7264552	0	.1258042	.1477407
715.15	0	.7263499	0	.1256226	.1480276
714.15	0	.7262451	0	.1254416	.1483133
713.15	0	.7261408	0	.1252612	.148598
712.15	0	.726037	0	.1250815	.1488815
711.15	0	.7259338	0	.1249024	.1491638
710.15	0	.725831	0	.1247239	.1494451
709.15	0	.7257287	0	.1245461	.1497252
708.15	0	.725627	0	.1243689	.1500042
707.15	0	.7255257	0	.1241923	.1502821
706.15	0	.7254249	0	.1240163	.1505588
705.15	0	.7253246	0	.123841	.1508345
704.15	0	.7252248	0	.1236662	.151109
703.15	0	.7251254	0	.1234921	.1513825
702.15	0	.7250266	0	.1233187	.1516548
701.15	0	.7249282	0	.1231458	.151926
700.15	0	.7248303	0	.1229736	.1521961
699.15	0	.7247329	0	.122802	.1524651
698.15	0	.7246359	0	.122631	.152733
697.15	0	.7245394	0	.1224607	.1529999
696.15	0	.7244434	0	.122291	.1532656
695.15	0	.7243479	0	.1221219	.1535302
694.15	0	.7242528	0	.1219534	.1537938
693.15	0	.7241582	0	.1217855	.1540562
692.15	0	.7240641	0	.1216183	.1543176
691.15	0	.7239704	0	.1214517	.1545779
690.15	0	.7238772	0	.1212857	.1548371
689.15	0	.7237844	0	.1211203	.1550952
688.15	0	.7236921	0	.1209556	.1553523
687.15	0	.7236003	0	.1207915	.1556083
686.15	0	.7235089	0	.120628	.1558632
685.15	0	.7234179	0	.1204651	.156117
684.15	0	.7233274	0	.1203028	.1563698
683.15	0	.7232374	0	.1201412	.1566215
682.15	0	.7231478	0	.1199802	.1568721
681.15	0	.7230586	0	.1198198	.1571216
680.15	0	.7229699	0	.11966	.1573701
679.15	0	.7228816	0	.1195008	.1576176
678.15	0	.7227937	0	.1193423	.157864
677.15	0	.7227063	0	.1191844	.1581093
676.15	0	.7226194	0	.1190271	.1583536
675.15	0	.7225328	0	.1188704	.1585968
674.15	0	.7224467	0	.1187143	.1588389
673.15	0	.7223611	0	.1185589	.1590801
672.15	0	.7222758	0	.1184041	.1593201
671.15	0	.722191	0	.1182499	.1595591
670.15	0	.7221066	0	.1180963	.1597971
669.15	0	.7220226	0	.1179433	.1600341
668.15	0	.7219391	0	.117791	.1602699
667.15	0	.721856	0	.1176392	.1605048
666.15	0	.7217733	0	.1174881	.1607386
665.15	0	.721691	0	.1173376	.1609714
664.15	0	.7216092	0	.1171877	.1612031
663.15	0	.7215277	0	.1170384	.1614339
662.15	0	.7214467	0	.1168898	.1616635
661.15	0	.7213661	0	.1167417	.1618922
660.15	0	.7212859	0	.1165943	.1621198
659.15	0	.7212061	0	.1164475	.1623464
658.15	0	.7211267	0	.1163013	.162572
657.15	0	.7210477	0	.1161557	.1627965
656.15	0	.7209692	0	.1160108	.1630201
655.15	0	.720891	0	.1158664	.1632426
654.15	0	.7208133	0	.1157227	.1634641
653.15	0	.7207359	0	.1155795	.1636845
652.15	0	.720659	0	.115437	.163904
651.15	0	.7205824	0	.1152951	.1641224
650.15	0	.7205063	0	.1151538	.1643399
649.15	0	.7204306	0	.1150132	.1645563
648.15	0	.7203552	0	.1148731	.1647717
647.15	0	.7202803	0	.1147336	.1649861
646.15	0	.7202057	0	.1145948	.1651995
645.15	0	.7201315	0	.1144566	.1654119
644.15	0	.7200578	0	.1143189	.1656233
643.15	0	.7199844	0	.1141819	.1658337
642.15	0	.7199114	0	.1140455	.1660431
641.15	0	.7198388	0	.1139097	.1662515
640.15	0	.7197665	0	.1137745	.1664589
639.15	0	.7196947	0	.11364	.1666653
638.15	0	.7196233	0	.113506	.1668708
637.15	0	.7195522	0	.1133726	.1670752
636.15	0	.7194815	0	.1132399	.1672786
635.15	0	.7194112	0	.1131077	.1674811
634.15	0	.7193413	0	.1129762	.1676825
633.15	0	.7192718	0	.1128453	.167883
632.15	0	.7192026	0	.1127149	.1680825
631.15	0	.7191338	0	.1125852	.168281
630.15	0	.7190654	0	.1124561	.1684785
629.15	0	.7189974	0	.1123276	.1686751
628.15	0	.7189297	0	.1121997	.1688706
627.15	0	.7188624	0	.1120724	.1690652
626.15	0	.7187955	0	.1119457	.1692589
625.15	0	.7187289	0	.1118195	.1694515
624.15	0	.7186628	0	.1116941	.1696432
623.15	0	.718597	0	.1115692	.1698339
622.15	0	.7185315	0	.1114448	.1700236
621.15	0	.7184664	0	.1113212	.1702124
620.15	0	.7184017	0	.1111981	.1704002
619.15	0	.7183374	0	.1110756	.1705871
618.15	0	.7182734	0	.1109537	.170773
617.15	0	.7182098	0	.1108324	.1709579
616.15	0	.7181465	0	.1107117	.1711419
615.15	0	.7180836	0	.1105916	.1713249
614.15	0	.718021	0	.1104721	.1715069
613.15	0	.7179588	0	.1103531	.171688
612.15	0	.717897	0	.1102348	.1718682
611.15	0	.7178355	0	.1101171	.1720474
610.15	0	.7177744	0	.11	.1722256
609.15	0	.7177136	0	.1098834	.1724029
608.15	0	.7176532	0	.1097675	.1725793
607.15	0	.7175931	0	.1096522	.1727547
606.15	0	.7175334	0	.1095374	.1729292
605.15	0	.717474	0	.1094232	.1731027
604.15	0	.717415	0	.1093096	.1732753
603.15	0	.7173563	0	.1091967	.173447
602.15	0	.717298	0	.1090843	.1736177
601.15	0	.71724	0	.1089725	.1737875
600.15	0	.7171824	0	.1088612	.1739564
599.15	0	.7171251	0	.1087506	.1741243
598.15	0	.7170681	0	.1086406	.1742913
597.15	0	.7170115	0	.1085311	.1744574
596.15	0	.7169552	0	.1084222	.1746226
595.15	0	.7168993	0	.1083139	.1747868
594.15	0	.7168437	0	.1082062	.1749501
593.15	0	.7167884	0	.1080991	.1751125
592.15	0	.7167335	0	.1079926	.175274
591.15	0	.7166789	0	.1078866	.1754345
590.15	0	.7166246	0	.1077812	.1755942
589.15	0	.7165707	0	.1076764	.1757529
588.15	0	.7165171	0	.1075722	.1759107
587.15	0	.7164638	0	.1074685	.1760677
586.15	0	.7164109	0	.1073655	.1762237
585.15	0	.7163583	0	.107263	.1763788
584.15	0	.716306	0	.107161	.176533
583.15	0	.716254	0	.1070597	.1766863
582.15	0	.7162024	0	.1069589	.1768387
581.15	0	.7161511	0	.1068587	.1769902
580.15	0	.7161001	0	.1067591	.1771408
579.15	0	.7160495	0	.10666	.1772905
578.15	0	.7159991	0	.1065615	.1774393
577.15	0	.7159491	0	.1064636	.1775873
576.15	0	.7158994	0	.1063663	.1777343
575.15	0	.71585	0	.1062695	.1778805
574.15	0	.7158009	0	.1061733	.1780258
573.15	0	.7157522	0	.1060776	.1781702
572.15	0	.7157038	0	.1059825	.1783137
571.15	0	.7156556	0	.105888	.1784564
570.15	0	.7156078	0	.105794	.1785982
569.15	0	.7155604	0	.1057006	.1787391
568.15	0	.7155132	0	.1056077	.1788791
567.15	0	.7154663	0	.1055155	.1790183
566.15	0	.7154197	0	.1054237	.1791565
565.15	0	.7153735	0	.1053325	.179294
564.15	0	.7153275	0	.1052419	.1794306
563.15	0	.7152819	0	.1051518	.1795663
562.15	0	.7152366	0	.1050623	.1797011
561.15	0	.7151915	0	.1049734	.1798351
560.15	0	.7151468	0	.1048849	.1799683
559.15	0	.7151024	0	.1047971	.1801006
558.15	0	.7150583	0	.1047097	.180232
557.15	0	.7150144	0	.104623	.1803626
556.15	0	.7149709	0	.1045367	.1804924
555.15	0	.7149277	0	.104451	.1806213
554.15	0	.7148847	0	.1043659	.1807493
553.15	0	.7148421	0	.1042813	.1808766
552.15	0	.7147998	0	.1041973	.181003
551.15	0	.7147577	0	.1041137	.1811285
550.15	0	.714716	0	.1040307	.1812533
549.15	0	.7146745	0	.1039483	.1813772
548.15	0	.7146334	0	.1038664	.1815003
547.15	0	.7145925	0	.103785	.1816225
546.15	0	.7145519	0	.1037041	.181744
545.15	0	.7145116	0	.1036238	.1818646
544.15	0	.7144716	0	.103544	.1819844
543.15	0	.7144318	0	.1034648	.1821034
542.15	0	.7143924	0	.1033861	.1822216
541.15	0	.7143532	0	.1033079	.1823389
540.15	0	.7143143	0	.1032302	.1824555
539.15	0	.7142757	0	.103153	.1825713
538.15	0	.7142374	0	.1030764	.1826862
537.15	0	.7141994	0	.1030002	.1828004
536.15	0	.7141616	0	.1029246	.1829137
535.15	0	.7141241	0	.1028496	.1830263
534.15	0	.7140869	0	.102775	.1831381
533.15	0	.71405	0	.1027009	.1832491
532.15	0	.7140133	0	.1026274	.1833593
531.15	0	.7139769	0	.1025543	.1834687
530.15	0	.7139408	0	.1024818	.1835774
529.15	0	.713905	0	.1024098	.1836852
528.15	0	.7138694	0	.1023383	.1837923
527.15	0	.7138341	0	.1022673	.1838987
526.15	0	.713799	0	.1021967	.1840042
525.15	0	.7137643	0	.1021267	.184109
524.15	0	.7137298	0	.1020572	.184213
523.15	0	.7136955	0	.1019882	.1843163
522.15	0	.7136615	0	.1019197	.1844188
521.15	0	.7136278	0	.1018517	.1845205
520.15	0	.7135944	0	.1017841	.1846215
519.15	0	.7135611	0	.1017171	.1847218
518.15	0	.7135282	0	.1016505	.1848213
517.15	0	.7134955	0	.1015845	.18492
516.15	0	.7134631	0	.1015189	.185018
515.15	0	.7134309	0	.1014538	.1851153
514.15	0	.713399	0	.1013892	.1852118
513.15	0	.7133673	0	.101325	.1853076
512.15	0	.7133359	0	.1012614	.1854027
511.15	0	.7133048	0	.1011982	.1854971
510.15	0	.7132739	0	.1011355	.1855907
509.15	0	.7132432	0	.1010732	.1856836
508.15	0	.7132128	0	.1010115	.1857758
507.15	0	.7131826	0	.1009502	.1858673
506.15	0	.7131527	0	.1008893	.185958
505.15	0	.713123	0	.100829	.1860481
504.15	0	.7130935	0	.1007691	.1861374
503.15	0	.7130644	0	.1007096	.1862261
502.15	0	.7130354	0	.1006506	.186314
501.15	0	.7130067	0	.1005921	.1864012
500.15	0	.7129782	0	.100534	.1864878
499.15	0	.71295	0	.1004764	.1865737
498.15	0	.7129219	0	.1004192	.1866588
497.15	0	.7128942	0	.1003625	.1867433
496.15	0	.7128666	0	.1003062	.1868271
495.15	0	.7128393	0	.1002504	.1869103
494.15	0	.7128123	0	.100195	.1869927
493.15	0	.7127854	0	.1001401	.1870745
492.15	0	.7127588	0	.1000856	.1871556
491.15	0	.7127324	0	.1000315	.1872361
490.15	0	.7127062	0	.09997788	.1873159
489.15	0	.7126803	0	.09992468	.187395
488.15	0	.7126546	0	.09987191	.1874735
487.15	0	.7126291	0	.09981957	.1875513
486.15	0	.7126038	0	.09976766	.1876285
485.15	0	.7125788	0	.09971617	.1877051
484.15	0	.7125539	0	.0996651	.187781
483.15	0	.7125293	0	.09961446	.1878562
482.15	0	.7125049	0	.09956423	.1879308
481.15	0	.7124808	0	.09951442	.1880048
480.15	0	.7124568	0	.09946502	.1880782
479.15	0	.7124331	0	.09941603	.1881509
478.15	0	.7124095	0	.09936745	.188223
477.15	0	.7123862	0	.09931928	.1882945
476.15	0	.7123631	0	.09927152	.1883654
475.15	0	.7123402	0	.09922415	.1884357
474.15	0	.7123175	0	.09917719	.1885054
473.15	0	.712295	0	.09913063	.1885744
472.15	0	.7122727	0	.09908446	.1886429
471.15	0	.7122506	0	.09903868	.1887107
470.15	0	.7122287	0	.0989933	.188778
469.15	0	.712207	0	.0989483	.1888447
468.15	0	.7121855	0	.0989037	.1889108
467.15	0	.7121643	0	.09885948	.1889763
466.15	0	.7121432	0	.09881564	.1890412
465.15	0	.7121223	0	.09877218	.1891056
464.15	0	.7121016	0	.09872909	.1891693
463.15	0	.7120811	0	.09868639	.1892325
462.15	0	.7120608	0	.09864405	.1892952
461.15	0	.7120407	0	.09860209	.1893573
460.15	0	.7120207	0	.0985605	.1894188
459.15	0	.712001	0	.09851927	.1894797
458.15	0	.7119814	0	.09847841	.1895402
457.15	0	.7119621	0	.0984379	.1896
456.15	0	.7119429	0	.09839776	.1896593
