T	 BPW(LIQUID)	BPW(BCC_A2)	BPW(FCC_A1)	BPW(LAVES_PHASE_C14)	BPW(NI3TI)
1473.15	.1578217	.8421783	0	0	0
1472.15	.154725	.845275	0	0	0
1471.15	.151653	.848347	0	0	0
1470.15	.1486054	.8513946	0	0	0
1470.113	.1484939	.8515061	0	0	0
1470.113	.1484939	.8515061	0	0	0
1470.113	.1484939	.8515061	0	0	0
1469.15	.1432274	.8548672	0	.001905418	0
1468.15	.1378591	.8582868	0	.003854092	0
1467.15	.1325889	.8616374	0	.005773629	0
1466.15	.1274143	.8649209	0	.00766483	0
1465.15	.1223327	.8681389	0	.009528471	0
1464.15	.1173416	.8712931	0	.0113653	0
1463.15	.1124387	.8743853	0	.01317604	0
1462.15	.1076217	.8774169	0	.01496139	0
1461.15	.1028883	.8803897	0	.01672201	0
1460.15	.09823651	.8833049	0	.01845858	0
1459.15	.09366413	.8861642	0	.0201717	0
1458.15	.08916921	.8889688	0	.021862	0
1457.15	.08474979	.8917202	0	.02353005	0
1456.15	.08040399	.8944196	0	.02517644	0
1455.15	.07613001	.8970683	0	.0268017	0
1454.15	.07192606	.8996676	0	.02840638	0
1453.15	.06779045	.9022186	0	.02999099	0
1452.15	.06372153	.9047225	0	.03155602	0
1451.15	.05971768	.9071803	0	.03310197	0
1450.15	.05577736	.9095933	0	.0346293	0
1449.15	.05189905	.9119625	0	.03613847	0
1448.15	.04808129	.9142888	0	.03762991	0
1447.15	.04432268	.9165733	0	.03910405	0
1446.15	.04062182	.9188169	0	.04056132	0
1445.15	.03697739	.9210205	0	.04200209	0
1444.15	.03338809	.9231851	0	.04342677	0
1443.15	.02985267	.9253116	0	.04483573	0
1442.15	.02636989	.9274008	0	.04622934	0
1441.15	.02293858	.9294535	0	.04760796	0
1440.15	.01955758	.9314705	0	.04897192	0
1439.15	.01622578	.9334527	0	.05032157	0
1438.15	.01294207	.9354007	0	.05165722	0
1437.15	.009705422	.9373154	0	.05297919	0
1436.15	.006514788	.9391974	0	.05428779	0
1435.15	.003369176	.9410475	0	.05558332	0
1434.15	2.676117E-04	.9428663	0	.05686606	0
1434.063	0	.943023	0	.05697699	0
1434.063	0	.943023	0	.05697699	0
1433.15	0	.9423624	0	.05763757	0
1432.15	0	.9416407	0	.05835933	0
1431.15	0	.9409207	0	.05907932	0
1430.15	0	.9402025	0	.05979752	0
1429.15	0	.9394861	0	.06051395	0
1428.15	0	.9387714	0	.06122862	0
1427.15	0	.9380585	0	.06194152	0
1426.15	0	.9373473	0	.06265268	0
1425.15	0	.9366379	0	.06336209	0
1424.15	0	.9359303	0	.06406975	0
1423.15	0	.9352243	0	.06477569	0
1422.15	0	.9345201	0	.06547989	0
1421.15	0	.9338176	0	.06618237	0
1420.15	0	.9331169	0	.06688314	0
1419.15	0	.9324178	0	.06758219	0
1418.15	0	.9317205	0	.06827954	0
1417.15	0	.9310248	0	.06897519	0
1416.15	0	.9303309	0	.06966915	0
1415.15	0	.9296386	0	.07036142	0
1414.15	0	.928948	0	.07105201	0
1413.15	0	.9282591	0	.07174093	0
1412.15	0	.9275718	0	.07242817	0
1411.15	0	.9268863	0	.07311375	0
1410.15	0	.9262023	0	.07379767	0
1409.15	0	.9255201	0	.07447994	0
1408.15	0	.9248394	0	.07516056	0
1407.15	0	.9241605	0	.07583954	0
1406.15	0	.9234831	0	.07651688	0
1405.15	0	.9228074	0	.07719259	0
1404.15	0	.9221333	0	.07786668	0
1403.15	0	.9214609	0	.07853915	0
1402.15	0	.92079	0	.07921	0
1401.15	0	.9201208	0	.07987925	0
1400.15	0	.9194531	0	.08054689	0
1399.15	0	.9187871	0	.08121294	0
1398.15	0	.9181226	0	.08187739	0
1397.15	0	.9174598	0	.08254025	0
1396.15	0	.9167985	0	.08320154	0
1395.15	0	.9161388	0	.08386124	0
1394.15	0	.9154806	0	.08451938	0
1393.15	0	.914824	0	.08517595	0
1392.15	0	.914169	0	.08583096	0
1391.15	0	.9135156	0	.08648441	0
1390.15	0	.9128637	0	.08713632	0
1389.15	0	.9122133	0	.08778667	0
1388.15	0	.9115645	0	.08843549	0
1387.15	0	.9109172	0	.08908278	0
1386.15	0	.9102715	0	.08972853	0
1385.15	0	.9096272	0	.09037276	0
1384.15	0	.9089845	0	.09101547	0
1383.15	0	.9083433	0	.09165666	0
1382.15	0	.9077037	0	.09229634	0
1381.15	0	.9070655	0	.09293452	0
1380.15	0	.9064288	0	.0935712	0
1379.15	0	.9057936	0	.09420639	0
1378.15	0	.9051599	0	.09484008	0
1377.15	0	.9045277	0	.09547229	0
1376.15	0	.903897	0	.09610301	0
1375.15	0	.9032677	0	.09673226	0
1374.15	0	.90264	0	.09736005	0
1373.15	0	.9020136	0	.09798636	0
1372.15	0	.9013888	0	.09861121	0
1371.15	0	.9007654	0	.09923461	0
1370.15	0	.9001434	0	.09985656	0
1369.15	0	.899523	0	.1004771	0
1368.15	0	.8989039	0	.1010961	0
1367.15	0	.8982863	0	.1017137	0
1366.15	0	.8976701	0	.1023299	0
1365.15	0	.8970553	0	.1029447	0
1364.15	0	.896442	0	.103558	0
1363.15	0	.8958301	0	.1041699	0
1362.15	0	.8952196	0	.1047804	0
1361.15	0	.8946105	0	.1053895	0
1360.15	0	.8940028	0	.1059972	0
1359.15	0	.8933966	0	.1066034	0
1358.15	0	.8927917	0	.1072083	0
1357.15	0	.8921882	0	.1078118	0
1356.15	0	.8915861	0	.1084139	0
1355.15	0	.8909854	0	.1090146	0
1354.15	0	.890386	0	.109614	0
1353.15	0	.8897881	0	.1102119	0
1352.15	0	.8891915	0	.1108085	0
1351.15	0	.8885963	0	.1114037	0
1350.15	0	.8880024	0	.1119976	0
1349.15	0	.8874099	0	.1125901	0
1348.15	0	.8868188	0	.1131812	0
1347.15	0	.886229	0	.113771	0
1346.15	0	.8856405	0	.1143595	0
1345.15	0	.8850534	0	.1149466	0
1344.15	0	.8844676	0	.1155324	0
1343.15	0	.8838832	0	.1161168	0
1342.15	0	.8833001	0	.1166999	0
1341.15	0	.8827183	0	.1172817	0
1340.15	0	.8821378	0	.1178622	0
1339.15	0	.8815587	0	.1184414	0
1338.15	0	.8809808	0	.1190192	0
1337.15	0	.8804043	0	.1195957	0
1336.15	0	.8798291	0	.1201709	0
1335.15	0	.8792551	0	.1207449	0
1334.15	0	.8786825	0	.1213175	0
1333.15	0	.8781112	0	.1218888	0
1332.15	0	.8775411	0	.1224589	0
1331.15	0	.8769723	0	.1230277	0
1330.15	0	.8764049	0	.1235951	0
1329.15	0	.8758387	0	.1241614	0
1328.15	0	.8752737	0	.1247263	0
1327.15	0	.8747101	0	.12529	0
1326.15	0	.8741476	0	.1258524	0
1325.15	0	.8735865	0	.1264135	0
1324.15	0	.8730266	0	.1269734	0
1323.15	0	.872468	0	.127532	0
1322.15	0	.8719106	0	.1280894	0
1321.15	0	.8713545	0	.1286455	0
1320.15	0	.8707996	0	.1292004	0
1319.15	0	.870246	0	.1297541	0
1318.15	0	.8696935	0	.1303065	0
1317.15	0	.8691423	0	.1308577	0
1316.15	0	.8685924	0	.1314076	0
1315.15	0	.8680437	0	.1319564	0
1314.15	0	.8674961	0	.1325039	0
1313.15	0	.8669498	0	.1330502	0
1312.15	0	.8664048	0	.1335952	0
1311.15	0	.8658609	0	.1341391	0
1310.15	0	.8653182	0	.1346818	0
1309.15	0	.8647768	0	.1352232	0
1308.15	0	.8642365	0	.1357635	0
1307.15	0	.8636974	0	.1363026	0
1306.15	0	.8631595	0	.1368405	0
1305.15	0	.8626228	0	.1373772	0
1304.15	0	.8620873	0	.1379127	0
1303.15	0	.861553	0	.138447	0
1302.15	0	.8610199	0	.1389801	0
1301.15	0	.8604879	0	.1395121	0
1300.15	0	.8599571	0	.1400429	0
1299.15	0	.8594275	0	.1405725	0
1298.15	0	.858899	0	.141101	0
1297.15	0	.8583717	0	.1416283	0
1296.15	0	.8578455	0	.1421545	0
1295.15	0	.8573205	0	.1426795	0
1294.15	0	.8567967	0	.1432033	0
1293.15	0	.856274	0	.143726	0
1292.15	0	.8557524	0	.1442476	0
1291.15	0	.855232	0	.144768	0
1290.15	0	.8547127	0	.1452873	0
1289.15	0	.8541946	0	.1458054	0
1288.15	0	.8536776	0	.1463224	0
1287.15	0	.8531617	0	.1468383	0
1286.15	0	.8526469	0	.1473531	0
1285.15	0	.8521333	0	.1478667	0
1284.15	0	.8516208	0	.1483792	0
1283.15	0	.8511094	0	.1488906	0
1282.15	0	.8505991	0	.1494009	0
1281.15	0	.8500899	0	.1499101	0
1280.15	0	.8495818	0	.1504182	0
1279.15	0	.8490749	0	.1509251	0
1278.15	0	.848569	0	.151431	0
1277.15	0	.8480642	0	.1519358	0
1276.15	0	.8475605	0	.1524395	0
1275.15	0	.8470579	0	.1529421	0
1274.15	0	.8465564	0	.1534436	0
1273.15	0	.846056	0	.153944	0
1272.15	0	.8455567	0	.1544433	0
1271.15	0	.8450584	0	.1549416	0
1270.15	0	.8445612	0	.1554388	0
1269.15	0	.8440651	0	.1559349	0
1268.15	0	.84357	0	.15643	0
1267.15	0	.8430761	0	.1569239	0
1266.15	0	.8425832	0	.1574168	0
1265.15	0	.8420913	0	.1579087	0
1264.15	0	.8416005	0	.1583995	0
1263.15	0	.8411108	0	.1588892	0
1262.15	0	.8406221	0	.1593779	0
1261.15	0	.8401344	0	.1598656	0
1260.15	0	.8396478	0	.1603522	0
1259.15	0	.8391623	0	.1608377	0
1258.15	0	.8386778	0	.1613222	0
1257.15	0	.8381943	0	.1618057	0
1256.15	0	.8377119	0	.1622881	0
1255.15	0	.8372305	0	.1627695	0
1254.15	0	.8367501	0	.1632499	0
1253.15	0	.8362707	0	.1637293	0
1252.15	0	.8357924	0	.1642076	0
1251.15	0	.8353151	0	.1646849	0
1250.15	0	.8348388	0	.1651612	0
1249.15	0	.8343635	0	.1656365	0
1248.15	0	.8338893	0	.1661107	0
1247.15	0	.833416	0	.166584	0
1246.15	0	.8329438	0	.1670562	0
1245.15	0	.8324725	0	.1675275	0
1244.15	0	.8320023	0	.1679977	0
1243.15	0	.8315331	0	.1684669	0
1242.15	0	.8310648	0	.1689352	0
1241.15	0	.8305976	0	.1694024	0
1240.15	0	.8301313	0	.1698687	0
1239.15	0	.8296661	0	.1703339	0
1238.15	0	.8292018	0	.1707982	0
1237.15	0	.8287385	0	.1712615	0
1236.15	0	.8282762	0	.1717238	0
1235.15	0	.8278149	0	.1721852	0
1234.15	0	.8273545	0	.1726455	0
1233.15	0	.8268951	0	.1731049	0
1232.15	0	.8264367	0	.1735633	0
1231.15	0	.8259793	0	.1740208	0
1230.15	0	.8255228	0	.1744772	0
1229.15	0	.8250673	0	.1749327	0
1228.15	0	.8246127	0	.1753873	0
1227.15	0	.8241591	0	.1758409	0
1226.15	0	.8237065	0	.1762935	0
1225.15	0	.8232548	0	.1767452	0
1224.15	0	.8228041	0	.1771959	0
1223.15	0	.8223543	0	.1776457	0
1222.15	0	.8219054	0	.1780946	0
1221.15	0	.8214575	0	.1785425	0
1220.15	0	.8210106	0	.1789894	0
1219.15	0	.8205646	0	.1794354	0
1218.15	0	.8201195	0	.1798805	0
1217.15	0	.8196753	0	.1803247	0
1216.15	0	.8192321	0	.1807679	0
1215.15	0	.8187898	0	.1812102	0
1214.15	0	.8183485	0	.1816515	0
1213.15	0	.8179081	0	.1820919	0
1212.15	0	.8174686	0	.1825314	0
1211.15	0	.81703	0	.18297	0
1210.15	0	.8165923	0	.1834077	0
1209.15	0	.8161556	0	.1838444	0
1208.15	0	.8157197	0	.1842803	0
1207.15	0	.8152848	0	.1847152	0
1206.15	0	.8148508	0	.1851492	0
1205.15	0	.8144177	0	.1855823	0
1204.15	0	.8139855	0	.1860145	0
1203.15	0	.8135542	0	.1864458	0
1202.15	0	.8131238	0	.1868762	0
1201.15	0	.8126943	0	.1873057	0
1200.15	0	.8122657	0	.1877344	0
1199.15	0	.8118379	0	.1881621	0
1198.15	0	.8114111	0	.1885889	0
1197.15	0	.8109852	0	.1890148	0
1196.15	0	.8105601	0	.1894399	0
1195.15	0	.810136	0	.189864	0
1194.15	0	.8097127	0	.1902873	0
1193.15	0	.8092903	0	.1907097	0
1192.15	0	.8088688	0	.1911312	0
1191.15	0	.8084481	0	.1915519	0
1190.15	0	.8080284	0	.1919716	0
1189.15	0	.8076095	0	.1923905	0
1188.15	0	.8071915	0	.1928085	0
1187.15	0	.8067743	0	.1932257	0
1186.15	0	.806358	0	.193642	0
1185.15	0	.8059426	0	.1940574	0
1184.15	0	.805528	0	.194472	0
1183.15	0	.8051143	0	.1948857	0
1182.15	0	.8047015	0	.1952985	0
1181.15	0	.8042895	0	.1957105	0
1180.15	0	.8038784	0	.1961216	0
1179.15	0	.8034681	0	.1965319	0
1178.15	0	.8030587	0	.1969413	0
1177.15	0	.8026501	0	.1973499	0
1176.15	0	.8022423	0	.1977577	0
1175.15	0	.8018355	0	.1981645	0
1174.15	0	.8014294	0	.1985706	0
1173.15	0	.8010242	0	.1989758	0
1172.15	0	.8006198	0	.1993802	0
1171.15	0	.8002163	0	.1997837	0
1170.15	0	.7998136	0	.2001864	0
1169.15	0	.7994117	0	.2005883	0
1168.15	0	.7990107	0	.2009893	0
1167.15	0	.7986105	0	.2013895	0
1166.15	0	.7982111	0	.2017889	0
1165.15	0	.7978126	0	.2021875	0
1164.15	0	.7974148	0	.2025852	0
1163.15	0	.7970179	0	.2029821	0
1162.15	0	.7966218	0	.2033782	0
1161.15	0	.7962266	0	.2037735	0
1160.15	0	.7958321	0	.2041679	0
1159.15	0	.7954385	0	.2045615	0
1158.15	0	.7950456	0	.2049544	0
1157.15	0	.7946536	0	.2053464	0
1156.15	0	.7942624	0	.2057376	0
1155.15	0	.793872	0	.206128	0
1154.15	0	.7934824	0	.2065176	0
1153.15	0	.7930936	0	.2069064	0
1152.15	0	.7927056	0	.2072944	0
1151.15	0	.7923184	0	.2076816	0
1150.15	0	.791932	0	.208068	0
1149.15	0	.7915464	0	.2084536	0
1148.15	0	.7911616	0	.2088384	0
1147.15	0	.7907776	0	.2092224	0
1146.15	0	.7903944	0	.2096056	0
1145.15	0	.790012	0	.209988	0
1144.15	0	.7896303	0	.2103697	0
1143.15	0	.7892495	0	.2107505	0
1142.15	0	.7888694	0	.2111306	0
1141.15	0	.7884901	0	.2115099	0
1140.15	0	.7881116	0	.2118884	0
1139.15	0	.7877339	0	.2122661	0
1138.15	0	.7873569	0	.2126431	0
1137.15	0	.7869808	0	.2130192	0
1136.15	0	.7866054	0	.2133946	0
1135.15	0	.7862307	0	.2137693	0
1134.15	0	.7858569	0	.2141431	0
1133.15	0	.7854838	0	.2145162	0
1132.15	0	.7851115	0	.2148885	0
1131.15	0	.7847399	0	.2152601	0
1130.15	0	.7843692	0	.2156309	0
1129.15	0	.7839991	0	.2160009	0
1128.15	0	.7836299	0	.2163701	0
1127.15	0	.7832614	0	.2167386	0
1126.15	0	.7828936	0	.2171064	0
1125.15	0	.7825266	0	.2174734	0
1124.15	0	.7821604	0	.2178396	0
1123.15	0	.7817949	0	.2182051	0
1122.15	0	.7814302	0	.2185698	0
1121.15	0	.7810662	0	.2189338	0
1120.15	0	.780703	0	.219297	0
1119.15	0	.7803405	0	.2196595	0
1118.15	0	.7799788	0	.2200212	0
1117.15	0	.7796178	0	.2203822	0
1116.15	0	.7792576	0	.2207424	0
1115.15	0	.7788981	0	.2211019	0
1114.15	0	.7785393	0	.2214607	0
1113.15	0	.7781813	0	.2218187	0
1112.15	0	.777824	0	.222176	0
1111.15	0	.7774675	0	.2225325	0
1110.15	0	.7771116	0	.2228884	0
1109.15	0	.7767565	0	.2232435	0
1108.15	0	.7764022	0	.2235978	0
1107.15	0	.7760486	0	.2239514	0
1106.15	0	.7756957	0	.2243043	0
1105.15	0	.7753435	0	.2246565	0
1104.15	0	.7749921	0	.2250079	0
1103.15	0	.7746414	0	.2253586	0
1102.15	0	.7742914	0	.2257086	0
1101.15	0	.7739421	0	.2260579	0
1100.15	0	.7735935	0	.2264065	0
1099.15	0	.7732457	0	.2267543	0
1098.15	0	.7728986	0	.2271014	0
1097.15	0	.7725522	0	.2274478	0
1096.15	0	.7722065	0	.2277935	0
1095.15	0	.7718615	0	.2281385	0
1094.15	0	.7715173	0	.2284827	0
1093.15	0	.7711737	0	.2288263	0
1092.15	0	.7708309	0	.2291691	0
1091.15	0	.7704888	0	.2295113	0
1090.15	0	.7701473	0	.2298527	0
1089.15	0	.7698066	0	.2301934	0
1088.15	0	.7694666	0	.2305334	0
1087.15	0	.7691273	0	.2308727	0
1086.15	0	.7687887	0	.2312114	0
1085.15	0	.7684507	0	.2315493	0
1084.15	0	.7681135	0	.2318865	0
1083.15	0	.767777	0	.232223	0
1082.15	0	.7674412	0	.2325588	0
1081.15	0	.7671061	0	.2328939	0
1080.15	0	.7667716	0	.2332284	0
1079.15	0	.7664379	0	.2335621	0
1078.15	0	.7661048	0	.2338952	0
1077.15	0	.7657725	0	.2342275	0
1076.15	0	.7654408	0	.2345592	0
1075.15	0	.7651098	0	.2348902	0
1074.15	0	.7647795	0	.2352205	0
1073.15	0	.7644499	0	.2355501	0
1072.15	0	.764121	0	.235879	0
1071.15	0	.7637927	0	.2362073	0
1070.15	0	.7634652	0	.2365348	0
1069.15	0	.7631383	0	.2368617	0
1068.15	0	.7628121	0	.2371879	0
1067.15	0	.7624865	0	.2375135	0
1066.15	0	.7621617	0	.2378383	0
1065.15	0	.7618375	0	.2381625	0
1064.15	0	.761514	0	.238486	0
1063.15	0	.7611912	0	.2388088	0
1062.15	0	.760869	0	.239131	0
1061.15	0	.7605475	0	.2394525	0
1060.15	0	.7602267	0	.2397733	0
1059.15	0	.7599066	0	.2400934	0
1058.15	0	.7595871	0	.2404129	0
1057.15	0	.7592683	0	.2407317	0
1056.15	0	.7589501	0	.2410499	0
1055.15	0	.7586326	0	.2413674	0
1054.15	0	.7583158	0	.2416842	0
1053.15	0	.7579997	0	.2420003	0
1052.15	0	.7576842	0	.2423158	0
1051.15	0	.7573693	0	.2426307	0
1050.15	0	.7570551	0	.2429449	0
1049.15	0	.7567416	0	.2432584	0
1048.15	0	.7564287	0	.2435713	0
1047.15	0	.7561165	0	.2438835	0
1046.15	0	.755805	0	.244195	0
1045.15	0	.7554941	0	.2445059	0
1044.15	0	.7551838	0	.2448162	0
1043.15	0	.7548742	0	.2451258	0
1042.15	0	.7545653	0	.2454347	0
1041.15	0	.754257	0	.245743	0
1040.15	0	.7539493	0	.2460507	0
1039.15	0	.7536423	0	.2463577	0
1038.15	0	.7533359	0	.2466641	0
1037.15	0	.7530302	0	.2469698	0
1036.15	0	.7527252	0	.2472748	0
1035.15	0	.7524207	0	.2475793	0
1034.15	0	.7521169	0	.2478831	0
1033.15	0	.7518138	0	.2481862	0
1032.15	0	.7515113	0	.2484887	0
1031.15	0	.7512094	0	.2487906	0
1030.15	0	.7509082	0	.2490918	0
1029.15	0	.7506076	0	.2493924	0
1028.15	0	.7503076	0	.2496924	0
1027.15	0	.7500083	0	.2499917	0
1026.15	0	.7497096	0	.2502904	0
1025.15	0	.7494116	0	.2505884	0
1024.15	0	.7491142	0	.2508859	0
1023.15	0	.7488174	0	.2511826	0
1022.15	0	.7485212	0	.2514788	0
1021.15	0	.7482257	0	.2517743	0
1020.15	0	.7479308	0	.2520692	0
1019.15	0	.7476365	0	.2523635	0
1018.15	0	.7473429	0	.2526571	0
1017.15	0	.7470498	0	.2529502	0
1016.15	0	.7467574	0	.2532426	0
1015.15	0	.7464657	0	.2535343	0
1014.15	0	.7461745	0	.2538255	0
1013.15	0	.745884	0	.254116	0
1012.15	0	.7455941	0	.2544059	0
1011.15	0	.7453048	0	.2546952	0
1010.15	0	.7450161	0	.2549839	0
1009.15	0	.7447281	0	.2552719	0
1008.15	0	.7444407	0	.2555593	0
1007.15	0	.7441539	0	.2558461	0
1006.15	0	.7438677	0	.2561323	0
1005.15	0	.7435821	0	.2564179	0
1004.15	0	.7432971	0	.2567029	0
1003.15	0	.7430128	0	.2569872	0
1002.15	0	.742729	0	.257271	0
1001.15	0	.7424459	0	.2575541	0
1000.995	0	.7424021	0	.2575979	0
1000.995	0	.7424021	0	.2575979	0
1000.995	0	.7424021	0	.2575979	0
1000.15	0	.7416673	5.369591E-04	.2577957	0
999.15	0	.7408001	.00117076	.2580291	0
998.15	0	.7399353	.001802849	.2582618	0
997.15	0	.739073	.002433228	.2584938	0
996.15	0	.7382131	.0030619	.258725	0
995.15	0	.7373557	.003688869	.2589554	0
994.15	0	.7365008	.004314138	.2591851	0
993.15	0	.7356482	.00493771	.2594141	0
992.15	0	.7347982	.005559588	.2596423	0
991.15	0	.7339505	.006179776	.2598697	0
990.15	0	.7331053	.006798276	.2600964	0
989.15	0	.7322625	.007415094	.2603224	0
988.15	0	.7314222	.008030231	.2605476	0
987.15	0	.7305842	.008643692	.2607721	0
986.15	0	.7297487	.009255481	.2609958	0
985.15	0	.7289156	.009865602	.2612188	0
984.15	0	.728085	.01047406	.261441	0
983.15	0	.7272567	.01108086	.2616624	0
982.15	0	.7264309	.011686	.2618831	0
981.15	0	.7256075	.01228948	.262103	0
980.15	0	.7247865	.01289133	.2623222	0
979.15	0	.7239678	.01349152	.2625406	0
978.15	0	.7231516	.01409008	.2627583	0
977.15	0	.7223378	.01468701	.2629752	0
976.15	0	.7215264	.01528231	.2631913	0
975.15	0	.7207174	.01587599	.2634067	0
974.15	0	.7199107	.01646804	.2636213	0
973.15	0	.7191064	.01705849	.2638351	0
972.15	0	.7183045	.01764733	.2640481	0
971.15	0	.717505	.01823456	.2642604	0
970.15	0	.7167079	.0188202	.2644719	0
969.15	0	.7159131	.01940425	.2646826	0
968.15	0	.7151207	.01998672	.2648926	0
967.15	0	.7143306	.02056761	.2651018	0
966.15	0	.7135429	.02114693	.2653102	0
965.15	0	.7127576	.02172468	.2655178	0
964.15	0	.7119745	.02230087	.2657246	0
963.15	0	.7111939	.02287552	.2659306	0
962.15	0	.7104155	.02344861	.2661358	0
961.15	0	.7096395	.02402018	.2663403	0
960.15	0	.7088659	.02459021	.2665439	0
959.15	0	.7080945	.02515872	.2667468	0
958.15	0	.7073254	.02572572	.2669489	0
957.15	0	.7065587	.02629122	.2671501	0
956.15	0	.7057942	.02685521	.2673506	0
955.15	0	.7050321	.02741772	.2675502	0
954.15	0	.7042722	.02797875	.267749	0
953.15	0	.7035147	.0285383	.267947	0
952.15	0	.7027594	.0290964	.2681442	0
951.15	0	.7020063	.02965304	.2683406	0
950.15	0	.7012556	.03020824	.2685362	0
949.15	0	.7005071	.03076201	.2687309	0
948.15	0	.6997608	.03131436	.2689248	0
947.15	0	.6990168	.03186529	.2691179	0
946.15	0	.698275	.03241482	.2693102	0
945.15	0	.6975355	.03296297	.2695016	0
944.15	0	.6967981	.03350973	.2696921	0
943.15	0	.696063	.03405513	.2698819	0
942.15	0	.6953301	.03459918	.2700707	0
941.15	0	.6945994	.03514188	.2702588	0
940.15	0	.6938708	.03568326	.2704459	0
939.15	0	.6931444	.03622331	.2706323	0
938.15	0	.6924202	.03676207	.2708177	0
937.15	0	.6916982	.03729953	.2710023	0
936.15	0	.6909783	.03783572	.271186	0
935.15	0	.6902605	.03837065	.2713689	0
934.15	0	.6895448	.03890433	.2715508	0
933.15	0	.6888313	.03943679	.2717319	0
932.15	0	.6881199	.03996802	.2719121	0
931.15	0	.6874105	.04049806	.2720914	0
930.15	0	.6867033	.04102691	.2722698	0
929.15	0	.6859981	.0415546	.2724473	0
928.15	0	.6852949	.04208114	.2726239	0
927.15	0	.6845938	.04260655	.2727996	0
926.15	0	.6838947	.04313085	.2729744	0
925.15	0	.6831977	.04365405	.2731483	0
924.15	0	.6825026	.04417618	.2733212	0
923.15	0	.6818096	.04469725	.2734932	0
922.15	0	.6811184	.04521729	.2736643	0
921.15	0	.6804293	.04573632	.2738344	0
920.15	0	.6797421	.04625435	.2740036	0
919.15	0	.6790568	.04677141	.2741718	0
918.15	0	.6783734	.04728752	.2743391	0
917.15	0	.6776919	.04780271	.2745054	0
916.15	0	.6770123	.04831699	.2746707	0
915.15	0	.6763345	.0488304	.2748351	0
914.15	0	.6756586	.04934295	.2749985	0
913.15	0	.6749845	.04985468	.2751609	0
912.15	0	.6743121	.0503656	.2753223	0
911.15	0	.6736416	.05087575	.2754826	0
910.15	0	.6729728	.05138515	.275642	0
909.15	0	.6723058	.05189384	.2758004	0
908.15	0	.6716404	.05240183	.2759577	0
907.15	0	.6709768	.05290917	.276114	0
906.15	0	.6703148	.05341587	.2762693	0
905.15	0	.6696545	.05392198	.2764236	0
904.15	0	.6689958	.05442752	.2765767	0
903.15	0	.6683386	.05493252	.2767289	0
902.15	0	.6676831	.05543703	.2768799	0
901.15	0	.6670291	.05594107	.2770299	0
900.15	0	.6663766	.05644468	.2771787	0
899.15	0	.6657256	.0569479	.2773265	0
898.15	0	.665076	.05745077	.2774732	0
897.15	0	.6644279	.05795332	.2776188	0
896.15	0	.6637812	.05845559	.2777632	0
895.15	0	.6631358	.05895762	.2779065	0
894.15	0	.6624918	.05945946	.2780487	0
893.15	0	.6618491	.05996115	.2781897	0
892.15	0	.6612077	.06046273	.2783296	0
891.15	0	.6605675	.06096425	.2784683	0
890.15	0	.6599285	.06146575	.2786058	0
889.15	0	.6592906	.06196728	.2787421	0
888.15	0	.6586539	.0624689	.2788772	0
887.15	0	.6580183	.06297064	.2790111	0
886.15	0	.6573837	.06347256	.2791438	0
885.15	0	.6567501	.06397472	.2792752	0
884.15	0	.6561175	.06447717	.2794054	0
883.15	0	.6554858	.06497996	.2795343	0
882.15	0	.6548549	.06548315	.2796619	0
881.15	0	.6542249	.06598681	.2797883	0
880.15	0	.6535957	.06649099	.2799133	0
879.15	0	.6529672	.06699575	.280037	0
878.15	0	.6523394	.06750117	.2801594	0
877.15	0	.6517123	.0680073	.2802804	0
876.15	0	.6510857	.06851421	.2804001	0
875.15	0	.6504596	.06902198	.2805184	0
874.15	0	.649834	.06953068	.2806353	0
873.15	0	.6492088	.07004037	.2807508	0
872.15	0	.648584	.07055115	.2808649	0
871.15	0	.6479594	.07106308	.2809775	0
870.15	0	.6473351	.07157624	.2810887	0
869.15	0	.6467109	.07209073	.2811984	0
868.15	0	.6460868	.07260663	.2813065	0
867.15	0	.6454628	.07312403	.2814132	0
866.15	0	.6448386	.07364302	.2815183	0
865.15	0	.6442144	.07416369	.2816219	0
864.15	0	.6435899	.07468615	.2817239	0
863.15	0	.6429652	.07521049	.2818243	0
862.15	0	.6423401	.07573682	.2819231	0
861.15	0	.6417146	.07626525	.2820202	0
860.15	0	.6410885	.07679589	.2821156	0
859.15	0	.6404618	.07732886	.2822094	0
858.15	0	.6398343	.07786428	.2823014	0
857.15	0	.6392061	.07840227	.2823917	0
856.15	0	.6385769	.07894296	.2824802	0
855.15	0	.6379467	.07948649	.2825669	0
854.15	0	.6373153	.08003299	.2826517	0
853.15	0	.6366827	.08058262	.2827347	0
852.15	0	.6360487	.08113551	.2828158	0
851.15	0	.6354132	.08169183	.2828949	0
850.15	0	.6347761	.08225174	.2829721	0
849.15	0	.6341373	.08281541	.2830473	0
848.15	0	.6334966	.08338301	.2831204	0
847.15	0	.6328538	.08395473	.2831915	0
846.15	0	.6322088	.08453076	.2832604	0
845.15	0	.6315615	.0851113	.2833272	0
844.15	0	.6309117	.08569656	.2833917	0
843.15	0	.6302592	.08628676	.283454	0
842.15	0	.6296039	.08688212	.283514	0
841.15	0	.6289455	.0874829	.2835716	0
840.15	0	.6282838	.08808934	.2836268	0
839.15	0	.6276187	.0887017	.2836796	0
838.15	0	.62695	.08932027	.2837298	0
837.15	0	.6262773	.08994533	.2837774	0
836.15	0	.6256004	.09057721	.2838224	0
835.15	0	.6249192	.09121621	.2838646	0
834.15	0	.6242333	.0918627	.283904	0
833.15	0	.6235424	.09251703	.2839405	0
832.15	0	.6228463	.09317958	.2839741	0
831.15	0	.6221446	.09385078	.2840046	0
830.15	0	.621437	.09453105	.284032	0
829.15	0	.6207231	.09522086	.2840561	0
828.15	0	.6200025	.0959207	.2840768	0
827.15	0	.6192748	.0966311	.2840941	0
826.15	0	.6185395	.09735263	.2841078	0
825.15	0	.6177963	.09808588	.2841178	0
824.15	0	.6170445	.09883152	.2841239	0
823.15	0	.6162837	.09959024	.284126	0
822.15	0	.6155132	.1003628	.284124	0
821.15	0	.6147324	.10115	.2841176	0
820.15	0	.6139406	.1019527	.2841066	0
819.15	0	.6131371	.102772	.284091	0
818.15	0	.6123209	.1036088	.2840703	0
817.15	0	.6114913	.1044642	.2840444	0
816.15	0	.6106472	.1053397	.2840131	0
815.15	0	.6097876	.1062365	.283976	0
814.15	0	.608455	.1076983	.2838468	0
813.15	0	.6070392	.1092643	.2836965	0
812.15	0	.6056864	.110761	.2835527	0
811.15	0	.604392	.1121931	.2834149	0
810.15	0	.6031521	.1135653	.2832827	0
809.15	0	.6019628	.1148815	.2831557	0
808.15	0	.6008209	.1161456	.2830336	0
807.15	0	.5997233	.1173607	.282916	0
806.15	0	.5986672	.1185301	.2828027	0
805.15	0	.5976501	.1196564	.2826934	0
804.15	0	.5966697	.1207424	.2825879	0
803.15	0	.5957239	.1217903	.2824858	0
802.15	0	.5948106	.1228023	.2823871	0
801.15	0	.5939281	.1237804	.2822915	0
800.15	0	.5930747	.1247265	.2821988	0
799.15	0	.5922489	.1256423	.2821088	0
798.15	0	.5914492	.1265293	.2820215	0
797.15	0	.5906743	.1273891	.2819366	0
796.15	0	.5899229	.128223	.2818541	0
795.15	0	.5891939	.1290324	.2817738	0
794.15	0	.5884862	.1298183	.2816955	0
793.15	0	.5877988	.130582	.2816192	0
792.15	0	.5871307	.1313244	.2815448	0
791.15	0	.5864812	.1320466	.2814722	0
790.15	0	.5858492	.1327495	.2814013	0
789.15	0	.5852342	.1334339	.2813319	0
788.15	0	.5846353	.1341006	.2812641	0
787.15	0	.5840517	.1347505	.2811978	0
786.15	0	.5834831	.1353841	.2811328	0
785.15	0	.5829285	.1360023	.2810692	0
784.15	0	.5823876	.1366057	.2810068	0
783.15	0	.5818597	.1371948	.2809456	0
782.15	0	.5813443	.1377702	.2808855	0
781.15	0	.580841	.1383325	.2808265	0
780.15	0	.5803492	.1388822	.2807686	0
779.15	0	.5798686	.1394197	.2807116	0
778.15	0	.5794002	.1399445	.2806553	0
777.15	0	.5789405	.1404593	.2806002	0
776.15	0	.5784907	.1409633	.280546	0
775.15	0	.5780505	.1414568	.2804926	0
774.15	0	.5776196	.1419404	.2804401	0
773.15	0	.5771975	.1424142	.2803882	0
772.15	0	.5767841	.1428788	.2803371	0
771.15	0	.576379	.1433343	.2802867	0
770.15	0	.5759819	.1437812	.280237	0
769.15	0	.5755925	.1442196	.2801878	0
768.15	0	.5752107	.14465	.2801393	0
767.15	0	.5748361	.1450725	.2800914	0
766.15	0	.5744685	.1454875	.280044	0
765.15	0	.5741077	.1458951	.2799972	0
764.15	0	.5737534	.1462957	.2799509	0
763.15	0	.5734056	.1466894	.2799051	0
762.15	0	.5730638	.1470764	.2798597	0
761.15	0	.5727281	.1474571	.2798148	0
760.15	0	.5723981	.1478315	.2797704	0
759.15	0	.5720737	.1481999	.2797264	0
758.15	0	.5717548	.1485625	.2796827	0
757.15	0	.5714412	.1489194	.2796395	0
756.15	0	.5711327	.1492707	.2795966	0
755.15	0	.5708291	.1496168	.2795541	0
754.15	0	.5705304	.1499577	.2795119	0
753.15	0	.5702364	.1502935	.27947	0
752.15	0	.569947	.1506245	.2794285	0
751.15	0	.569662	.1509508	.2793873	0
750.15	0	.5693813	.1512724	.2793463	0
749.15	0	.5691047	.1515896	.2793057	0
748.15	0	.5688323	.1519024	.2792653	0
747.15	0	.5685638	.1522111	.2792251	0
746.15	0	.5682992	.1525156	.2791852	0
745.15	0	.5680384	.1528161	.2791456	0
744.15	0	.5677811	.1531127	.2791062	0
743.15	0	.5675275	.1534055	.279067	0
742.15	0	.5672773	.1536947	.279028	0
741.15	0	.5670306	.1539803	.2789892	0
740.15	0	.5667871	.1542623	.2789506	0
739.15	0	.5665468	.154541	.2789122	0
738.15	0	.5663096	.1548164	.278874	0
737.15	0	.5660755	.1550886	.2788359	0
736.15	0	.5658444	.1553576	.278798	0
735.15	0	.5656162	.1556235	.2787603	0
734.15	0	.5653909	.1558864	.2787227	0
733.15	0	.5651683	.1561465	.2786853	0
732.15	0	.5649484	.1564037	.278648	0
731.15	0	.5647311	.1566581	.2786108	0
730.15	0	.5645164	.1569098	.2785738	0
729.15	0	.5643043	.1571588	.2785369	0
728.15	0	.5640945	.1574053	.2785001	0
727.15	0	.5638872	.1576493	.2784635	0
726.15	0	.5636823	.1578908	.2784269	0
725.15	0	.5634796	.1581299	.2783905	0
724.15	0	.5632792	.1583666	.2783541	0
723.15	0	.563081	.1586011	.2783179	0
722.15	0	.562885	.1588333	.2782817	0
721.15	0	.562691	.1590633	.2782457	0
720.15	0	.5624991	.1592912	.2782097	0
719.15	0	.5623092	.159517	.2781738	0
718.15	0	.5621213	.1597407	.278138	0
717.15	0	.5619353	.1599625	.2781022	0
716.15	0	.5617512	.1601823	.2780666	0
715.15	0	.5615689	.1604001	.2780309	0
714.15	0	.5613885	.1606161	.2779954	0
713.15	0	.5612098	.1608302	.2779599	0
712.15	0	.5610329	.1610426	.2779245	0
711.15	0	.5608577	.1612532	.2778892	0
710.15	0	.5606841	.161462	.2778539	0
709.15	0	.5605122	.1616692	.2778186	0
708.15	0	.5603419	.1618747	.2777834	0
707.15	0	.5601731	.1620786	.2777483	0
706.15	0	.5600059	.1622809	.2777132	0
705.15	0	.5598403	.1624816	.2776781	0
704.15	0	.5596761	.1626809	.2776431	0
703.15	0	.5595133	.1628786	.2776081	0
702.15	0	.559352	.1630748	.2775732	0
701.15	0	.5591921	.1632696	.2775383	0
700.15	0	.5590336	.163463	.2775034	0
699.15	0	.5588764	.1636551	.2774685	0
698.15	0	.5587206	.1638457	.2774337	0
697.15	0	.558566	.164035	.2773989	0
696.15	0	.5584128	.164223	.2773642	0
695.15	0	.5582608	.1644098	.2773295	0
694.15	0	.55811	.1645952	.2772948	0
693.15	0	.5579605	.1647795	.2772601	0
692.15	0	.5578121	.1649625	.2772254	0
691.15	0	.5576649	.1651443	.2771908	0
690.15	0	.5575189	.1653249	.2771562	0
689.15	0	.557374	.1655044	.2771216	0
688.15	0	.5572302	.1656828	.277087	0
687.15	0	.5570875	.16586	.2770524	0
686.15	0	.5569459	.1660362	.2770179	0
685.15	0	.5568054	.1662113	.2769834	0
684.15	0	.5566659	.1663853	.2769488	0
683.15	0	.5565274	.1665583	.2769143	0
682.15	0	.55639	.1667302	.2768798	0
681.15	0	.5562535	.1669011	.2768453	0
680.15	0	.556118	.1670711	.2768108	0
679.15	0	.5559835	.1672401	.2767764	0
678.15	0	.55585	.1674081	.2767419	0
677.15	0	.5557173	.1675752	.2767075	0
676.15	0	.5555856	.1677414	.276673	0
675.15	0	.5554548	.1679066	.2766386	0
674.15	0	.5553249	.1680709	.2766042	0
673.15	0	.5551958	.1682344	.2765698	0
672.15	0	.5550677	.168397	.2765353	0
671.15	0	.5549404	.1685587	.2765009	0
670.15	0	.5548139	.1687196	.2764665	0
669.15	0	.5546883	.1688796	.2764321	0
668.15	0	.5545634	.1690389	.2763977	0
667.15	0	.5544394	.1691973	.2763633	0
666.15	0	.5543162	.1693549	.2763289	0
665.15	0	.5541937	.1695117	.2762945	0
664.15	0	.5540721	.1696678	.2762601	0
663.15	0	.5539512	.1698231	.2762257	0
662.15	0	.553831	.1699776	.2761914	0
661.15	0	.5537116	.1701314	.276157	0
660.15	0	.5535929	.1702845	.2761226	0
659.15	0	.553475	.1704368	.2760882	0
658.15	0	.5533577	.1705885	.2760538	0
657.15	0	.5532412	.1707394	.2760194	0
656.15	0	.5531254	.1708896	.2759851	0
655.15	0	.5530102	.1710391	.2759507	0
654.15	0	.5528957	.171188	.2759163	0
653.15	0	.5527819	.1713362	.2758819	0
652.15	0	.5526687	.1714837	.2758475	0
651.15	0	.5525562	.1716306	.2758132	0
650.15	0	.5524444	.1717769	.2757788	0
649.15	0	.5523331	.1719225	.2757444	0
648.15	0	.5522225	.1720675	.27571	0
647.15	0	.5521126	.1722118	.2756756	0
646.15	0	.5520032	.1723556	.2756413	0
645.15	0	.5518944	.1724987	.2756069	0
644.15	0	.5517863	.1726412	.2755725	0
643.15	0	.5516787	.1727832	.2755381	0
642.15	0	.5515717	.1729246	.2755037	0
641.15	0	.5514653	.1730653	.2754694	0
640.15	0	.5513595	.1732056	.275435	0
639.15	0	.5512542	.1733452	.2754006	0
638.15	0	.5511495	.1734843	.2753662	0
637.15	0	.5510453	.1736228	.2753319	0
636.15	0	.5509417	.1737608	.2752975	0
635.15	0	.5508386	.1738983	.2752631	0
634.15	0	.5507361	.1740352	.2752288	0
633.15	0	.5506341	.1741715	.2751944	0
632.15	0	.5505326	.1743074	.27516	0
631.15	0	.5504316	.1744427	.2751257	0
630.15	0	.5503312	.1745776	.2750913	0
629.15	0	.5502312	.1747119	.2750569	0
628.15	0	.5501318	.1748457	.2750226	0
627.15	0	.5500328	.174979	.2749882	0
626.15	0	.5499344	.1751118	.2749539	0
625.15	0	.5498364	.1752441	.2749195	0
624.15	0	.5497389	.1753759	.2748852	0
623.15	0	.5496419	.1755073	.2748508	0
622.15	0	.5495454	.1756382	.2748165	0
621.15	0	.5494493	.1757686	.2747822	0
620.15	0	.5493537	.1758985	.2747478	0
619.15	0	.5492585	.176028	.2747135	0
618.15	0	.5491638	.176157	.2746792	0
617.15	0	.5490696	.1762855	.2746449	0
616.15	0	.5489758	.1764136	.2746106	0
615.15	0	.5488824	.1765413	.2745763	0
614.15	0	.5487895	.1766685	.274542	0
613.15	0	.5486971	.1767953	.2745077	0
612.15	0	.548605	.1769216	.2744734	0
611.15	0	.5485134	.1770475	.2744392	0
610.15	0	.5484222	.1771729	.2744049	0
609.15	0	.5483314	.177298	.2743706	0
608.15	0	.548241	.1774226	.2743364	0
607.15	0	.5481511	.1775468	.2743022	0
606.15	0	.5480616	.1776705	.2742679	0
605.15	0	.5479724	.1777939	.2742337	0
604.15	0	.5478837	.1779168	.2741995	0
603.15	0	.5477954	.1780393	.2741653	0
602.15	0	.5477074	.1781615	.2741311	0
601.15	0	.5476199	.1782832	.274097	0
600.15	0	.5475327	.1784045	.2740628	0
599.15	0	.547446	.1785254	.2740286	0
598.15	0	.5473596	.1786459	.2739945	0
597.15	0	.5472736	.1787661	.2739604	0
596.15	0	.5471879	.1788858	.2739263	0
595.15	0	.5471027	.1790051	.2738922	0
594.15	0	.5470178	.1791241	.2738581	0
593.15	0	.5469333	.1792427	.273824	0
592.15	0	.5468492	.1793609	.27379	0
591.15	0	.5467654	.1794787	.2737559	0
590.15	0	.5466819	.1795961	.2737219	0
589.15	0	.5465989	.1797132	.2736879	0
588.15	0	.5465162	.1798299	.2736539	0
587.15	0	.5464338	.1799462	.27362	0
586.15	0	.5463518	.1800621	.273586	0
585.15	0	.5462702	.1801777	.2735521	0
584.15	0	.5461889	.1802929	.2735182	0
583.15	0	.5461079	.1804078	.2734843	0
582.15	0	.5460273	.1805223	.2734504	0
581.15	0	.545947	.1806364	.2734166	0
580.15	0	.5458671	.1807502	.2733827	0
579.15	0	.5457875	.1808636	.2733489	0
578.15	0	.5457082	.1809767	.2733151	0
577.15	0	.5456293	.1810894	.2732813	0
576.15	0	.5455507	.1812017	.2732476	0
575.15	0	.5454724	.1813137	.2732139	0
574.15	0	.5453944	.1814254	.2731802	0
573.15	0	.5453168	.1815367	.2731465	0
572.15	0	.5452395	.1816477	.2731129	0
571.15	0	.5451625	.1817583	.2730792	0
570.15	0	.5450858	.1818686	.2730456	0
569.15	0	.5450094	.1819785	.2730121	0
568.15	0	.5449334	.1820881	.2729785	0
567.15	0	.5448576	.1821974	.272945	0
566.15	0	.5447822	.1823063	.2729115	0
565.15	0	.5447071	.1824149	.272878	0
564.15	0	.5446323	.1825231	.2728446	0
563.15	0	.5445578	.1826311	.2728112	0
562.15	0	.5444836	.1827386	.2727778	0
561.15	0	.5444096	.1828459	.2727445	0
560.15	0	.544336	.1829528	.2727112	0
559.15	0	.5442627	.1830594	.2726779	0
558.15	0	.5441897	.1831657	.2726446	0
557.15	0	.544117	.1832716	.2726114	0
556.15	0	.5440446	.1833772	.2725782	0
555.15	0	.5439724	.1834825	.2725451	0
554.15	0	.5439006	.1835875	.2725119	0
553.15	0	.5438291	.1836921	.2724788	0
552.15	0	.5437578	.1837964	.2724458	0
551.15	0	.5436868	.1839004	.2724128	0
550.15	0	.5436161	.1840041	.2723798	0
549.15	0	.5435457	.1841074	.2723469	0
548.15	0	.5434756	.1842104	.272314	0
547.15	0	.5434058	.1843132	.2722811	0
546.15	0	.5433362	.1844155	.2722483	0
545.15	0	.5432669	.1845176	.2722155	0
544.15	0	.5431979	.1846194	.2721827	0
543.15	0	.5431292	.1847208	.27215	0
542.15	0	.5430607	.184822	.2721173	0
541.15	0	.5429926	.1849228	.2720847	0
540.15	0	.5429247	.1850233	.2720521	0
539.15	0	.542857	.1851234	.2720195	0
538.15	0	.5427897	.1852233	.271987	0
537.15	0	.5427226	.1853229	.2719545	0
536.15	0	.5426557	.1854221	.2719221	0
535.15	0	.5425892	.1855211	.2718897	0
534.15	0	.5425229	.1856197	.2718574	0
533.15	0	.5424569	.185718	.2718251	0
532.15	0	.5423911	.185816	.2717929	0
531.15	0	.5423256	.1859137	.2717607	0
530.15	0	.5422603	.1860111	.2717285	0
529.15	0	.5421954	.1861082	.2716964	0
528.15	0	.5421306	.186205	.2716644	0
527.15	0	.5420662	.1863015	.2716324	0
526.15	0	.542002	.1863976	.2716004	0
525.15	0	.541938	.1864935	.2715685	0
524.15	0	.5418743	.186589	.2715366	0
523.15	0	.5418109	.1866843	.2715048	0
522.15	0	.5417478	.1867792	.271473	0
521.15	0	.5416849	.1868739	.2714412	0
520.15	0	.5416222	.1869682	.2714096	0
519.15	0	.5415598	.1870622	.271378	0
518.15	0	.5414976	.1871559	.2713464	0
517.15	0	.5414357	.1872494	.2713149	0
516.15	0	.5413741	.1873425	.2712835	0
515.15	0	.5413126	.1874353	.2712521	0
514.15	0	.5412515	.1875278	.2712207	0
513.15	0	.5411905	.18762	.2711895	0
512.15	0	.5411298	.1877119	.2711582	0
511.15	0	.5410694	.1878035	.2711271	0
510.15	0	.5410092	.1878948	.271096	0
509.15	0	.5409493	.1879859	.2710649	0
508.15	0	.5408896	.1880766	.2710339	0
507.15	0	.5408301	.188167	.271003	0
506.15	0	.5407709	.1882571	.2709721	0
505.15	0	.5407119	.1883469	.2709413	0
504.15	0	.5406531	.1884364	.2709105	0
503.15	0	.5405946	.1885256	.2708798	0
502.15	0	.5405364	.1886145	.2708492	0
501.15	0	.5404783	.1887031	.2708186	0
500.15	0	.5404205	.1887914	.2707881	0
499.15	0	.540363	.1888794	.2707576	0
498.15	0	.5403057	.1889671	.2707272	0
497.15	0	.5402486	.1890545	.2706969	0
496.15	0	.5401918	.1891416	.2706667	0
495.15	0	.5401351	.1892284	.2706365	0
494.15	0	.5400788	.1893149	.2706063	0
493.15	0	.5400226	.1894011	.2705763	0
492.15	0	.5399667	.189487	.2705463	0
491.15	0	.539911	.1895726	.2705164	0
490.15	0	.5398556	.189658	.2704865	0
489.15	0	.5398003	.189743	.2704567	0
488.15	0	.5397454	.1898277	.270427	0
487.15	0	.5396906	.1899121	.2703973	0
486.15	0	.5396361	.1899962	.2703677	0
485.15	0	.5395817	.19008	.2703382	0
484.15	0	.5395277	.1901636	.2703088	0
483.15	0	.5394738	.1902468	.2702794	0
482.15	0	.5394202	.1903297	.2702501	0
481.15	0	.5393668	.1904124	.2702209	0
480.15	0	.5393136	.1904947	.2701917	0
479.15	0	.5392607	.1905767	.2701626	0
478.15	0	.539208	.1906585	.2701336	0
477.15	0	.5391554	.1907399	.2701047	0
476.15	0	.5391032	.190821	.2700758	0
475.15	0	.5390511	.1909019	.270047	0
474.15	0	.5389993	.1909824	.2700183	0
473.15	0	.5389477	.1910627	.2699897	0
472.15	0	.5388963	.1911426	.2699611	0
471.15	0	.5388451	.1912223	.2699326	0
470.15	0	.5387942	.1913016	.2699042	0
469.15	0	.5387434	.1913807	.2698759	0
468.15	0	.5386929	.1914595	.2698476	0
467.15	0	.5386426	.1915379	.2698194	0
466.15	0	.5385926	.1916161	.2697913	0
465.15	0	.5385427	.191694	.2697633	0
464.15	0	.5384931	.1917715	.2697354	0
463.15	0	.5384436	.1918488	.2697076	0
462.15	0	.5383944	.1919258	.2696798	0
461.15	0	.5383455	.1920025	.2696521	0
460.15	0	.5382967	.1920788	.2696245	0
459.15	0	.5382481	.1921549	.269597	0
458.15	0	.5381998	.1922307	.2695695	0
457.15	0	.5381516	.1923062	.2695422	0
456.15	0	.5381037	.1923814	.2695149	0
455.15	0	.538056	.1924563	.2694877	0
454.15	0	.5380085	.1925309	.2694606	0
453.15	0	.5379613	.1926052	.2694336	0
452.15	0	.5379142	.1926792	.2694066	0
451.15	0	.5378673	.1927529	.2693798	0
450.15	0	.5378207	.1928263	.269353	0
449.15	0	.5377743	.1928994	.2693263	0
448.15	0	.5377281	.1929721	.2692998	0
447.15	0	.5376822	.1930446	.2692733	0
446.15	0	.5376364	.1931167	.2692469	0
445.15	0	.5375909	.1931885	.2692206	0
444.15	0	.5375456	.19326	.2691944	0
443.15	0	.5375005	.1933312	.2691683	0
442.15	0	.5374556	.193402	.2691423	0
441.15	0	.537411	.1934725	.2691164	0
440.15	0	.5373666	.1935427	.2690906	0
439.15	0	.5373225	.1936126	.269065	0
438.15	0	.5372786	.1936821	.2690394	0
437.15	0	.5372349	.1937512	.2690139	0
436.15	0	.5371915	.19382	.2689885	0
435.15	0	.5371482	.1938885	.2689633	0
434.15	0	.5371053	.1939566	.2689381	0
433.15	0	.5370626	.1940244	.2689131	0
432.15	0	.5370201	.1940917	.2688882	0
431.15	0	.5369779	.1941588	.2688634	0
430.15	0	.5369359	.1942255	.2688387	0
429.15	0	.5368942	.1942918	.2688141	0
428.15	0	.5368527	.1943577	.2687896	0
427.15	0	.5368114	.1944233	.2687653	0
426.15	0	.5367704	.1944885	.2687411	0
425.15	0	.5367297	.1945534	.268717	0
424.15	0	.5366892	.1946179	.268693	0
423.15	0	.5366489	.194682	.2686691	0
422.15	0	.5366089	.1947457	.2686454	0
421.15	0	.5365692	.1948091	.2686218	0
420.15	0	.5365297	.1948721	.2685983	0
419.15	0	.5364904	.1949347	.2685749	0
418.15	0	.5364514	.194997	.2685516	0
417.15	0	.5364127	.1950588	.2685285	0
416.15	0	.5363741	.1951203	.2685055	0
415.15	0	.5363359	.1951815	.2684827	0
414.15	0	.5362978	.1952422	.2684599	0
413.15	0	.5362601	.1953026	.2684373	0
412.15	0	.5362226	.1953626	.2684148	0
411.15	0	.5361853	.1954223	.2683924	0
410.15	0	.5361482	.1954816	.2683702	0
409.15	0	.5361115	.1955405	.2683481	0
408.15	0	.5360749	.195599	.2683261	0
407.15	0	.5360386	.1956572	.2683042	0
406.15	0	.5360025	.195715	.2682825	0
405.15	0	.5359667	.1957724	.2682609	0
404.15	0	.5359311	.1958295	.2682394	0
403.15	0	.5358958	.1958862	.2682181	0
402.15	0	.5358606	.1959425	.2681968	0
401.15	0	.5358258	.1959985	.2681757	0
400.15	0	.5357911	.1960541	.2681548	0
399.15	0	.5357567	.1961094	.2681339	0
398.15	0	.5357225	.1961642	.2681132	0
397.15	0	.5356886	.1962188	.2680926	0
396.15	0	.5356549	.196273	.2680722	0
395.15	0	.5356214	.1963268	.2680518	0
394.15	0	.5355881	.1963803	.2680316	0
393.15	0	.5355551	.1964334	.2680115	0
392.15	0	.5355223	.1964862	.2679916	0
391.15	0	.5354897	.1965386	.2679718	0
390.15	0	.5354573	.1965907	.2679521	0
389.15	0	.5354251	.1966424	.2679325	0
388.15	0	.5353932	.1966938	.267913	0
387.15	0	.5353615	.1967448	.2678937	0
386.15	0	.53533	.1967956	.2678745	0
385.15	0	.5352987	.1968459	.2678554	0
384.15	0	.5352676	.196896	.2678365	0
383.15	0	.5352367	.1969457	.2678176	0
382.15	0	.535206	.1969951	.2677989	0
381.15	0	.5351756	.1970441	.2677803	0
380.15	0	.5351453	.1970929	.2677618	0
379.15	0	.5351152	.1971413	.2677435	0
378.15	0	.5350854	.1971894	.2677253	0
377.15	0	.5350557	.1972371	.2677072	0
376.15	0	.5350262	.1972846	.2676892	0
375.15	0	.534997	.1973317	.2676713	0
374.15	0	.5349679	.1973786	.2676536	0
373.15	0	.534939	.1974251	.267636	0
372.15	0	.5349103	.1974713	.2676184	0
371.15	0	.5348818	.1975172	.2676011	0
370.15	0	.5348534	.1975628	.2675838	0
369.15	0	.5348253	.1976081	.2675666	0
368.15	0	.5347973	.1976531	.2675496	0
367.15	0	.5347696	.1976978	.2675327	0
366.15	0	.534742	.1977422	.2675159	0
365.15	0	.5347145	.1977863	.2674992	0
364.15	0	.5346873	.1978301	.2674826	0
