T	 BPW(LIQUID)	BPW(BCC_A2)	BPW(FCC_A1)	BPW(LAVES_PHASE_C14)	BPW(NI3TI)
1473.15	0	1	0	0	0
1472.15	0	1	0	0	0
1471.15	0	1	0	0	0
1470.15	0	1	0	0	0
1469.15	0	1	0	0	0
1468.15	0	1	0	0	0
1467.15	0	1	0	0	0
1466.15	0	1	0	0	0
1465.15	0	1	0	0	0
1464.15	0	1	0	0	0
1463.15	0	1	0	0	0
1462.15	0	1	0	0	0
1461.15	0	1	0	0	0
1460.15	0	1	0	0	0
1459.15	0	1	0	0	0
1458.15	0	1	0	0	0
1457.15	0	1	0	0	0
1456.15	0	1	0	0	0
1455.15	0	1	0	0	0
1454.15	0	1	0	0	0
1453.15	0	1	0	0	0
1452.15	0	1	0	0	0
1451.15	0	1	0	0	0
1450.15	0	1	0	0	0
1449.15	0	1	0	0	0
1448.15	0	1	0	0	0
1447.15	0	1	0	0	0
1446.15	0	1	0	0	0
1445.15	0	1	0	0	0
1444.15	0	1	0	0	0
1443.15	0	1	0	0	0
1442.15	0	1	0	0	0
1441.15	0	1	0	0	0
1440.15	0	1	0	0	0
1439.15	0	1	0	0	0
1438.15	0	1	0	0	0
1437.15	0	1	0	0	0
1436.15	0	1	0	0	0
1435.15	0	1	0	0	0
1434.15	0	1	0	0	0
1433.15	0	1	0	0	0
1432.15	0	1	0	0	0
1431.15	0	1	0	0	0
1430.15	0	1	0	0	0
1429.15	0	1	0	0	0
1428.15	0	1	0	0	0
1427.15	0	1	0	0	0
1426.15	0	1	0	0	0
1425.15	0	1	0	0	0
1424.15	0	1	0	0	0
1423.15	0	1	0	0	0
1422.15	0	1	0	0	0
1421.15	0	1	0	0	0
1420.15	0	1	0	0	0
1419.15	0	1	0	0	0
1418.15	0	1	0	0	0
1417.15	0	1	0	0	0
1416.15	0	1	0	0	0
1415.15	0	1	0	0	0
1414.15	0	1	0	0	0
1413.15	0	1	0	0	0
1412.15	0	1	0	0	0
1411.15	0	1	0	0	0
1410.15	0	1	0	0	0
1409.15	0	1	0	0	0
1408.15	0	1	0	0	0
1407.15	0	1	0	0	0
1406.15	0	1	0	0	0
1405.15	0	1	0	0	0
1404.15	0	1	0	0	0
1403.15	0	1	0	0	0
1402.15	0	1	0	0	0
1401.15	0	1	0	0	0
1400.15	0	1	0	0	0
1399.15	0	1	0	0	0
1398.15	0	1	0	0	0
1397.15	0	1	0	0	0
1396.15	0	1	0	0	0
1395.15	0	1	0	0	0
1394.15	0	1	0	0	0
1393.15	0	1	0	0	0
1392.15	0	1	0	0	0
1391.15	0	1	0	0	0
1390.15	0	1	0	0	0
1389.15	0	1	0	0	0
1388.15	0	1	0	0	0
1387.15	0	1	0	0	0
1386.15	0	1	0	0	0
1385.15	0	1	0	0	0
1384.15	0	1	0	0	0
1383.15	0	1	0	0	0
1382.15	0	1	0	0	0
1381.15	0	1	0	0	0
1380.15	0	1	0	0	0
1379.15	0	1	0	0	0
1378.15	0	1	0	0	0
1377.15	0	1	0	0	0
1376.15	0	1	0	0	0
1375.15	0	1	0	0	0
1374.15	0	1	0	0	0
1373.15	0	1	0	0	0
1372.15	0	1	0	0	0
1371.15	0	1	0	0	0
1370.15	0	1	0	0	0
1369.15	0	1	0	0	0
1368.15	0	1	0	0	0
1367.15	0	1	0	0	0
1366.15	0	1	0	0	0
1365.15	0	1	0	0	0
1364.15	0	1	0	0	0
1363.15	0	1	0	0	0
1362.15	0	1	0	0	0
1361.15	0	1	0	0	0
1360.15	0	1	0	0	0
1359.15	0	1	0	0	0
1358.15	0	1	0	0	0
1357.15	0	1	0	0	0
1356.15	0	1	0	0	0
1355.15	0	1	0	0	0
1354.15	0	1	0	0	0
1353.15	0	1	0	0	0
1352.15	0	1	0	0	0
1351.15	0	1	0	0	0
1350.15	0	1	0	0	0
1349.15	0	1	0	0	0
1348.15	0	1	0	0	0
1347.15	0	1	0	0	0
1346.15	0	1	0	0	0
1345.15	0	1	0	0	0
1344.15	0	1	0	0	0
1343.15	0	1	0	0	0
1342.15	0	1	0	0	0
1341.15	0	1	0	0	0
1340.15	0	1	0	0	0
1339.15	0	1	0	0	0
1338.15	0	1	0	0	0
1337.15	0	1	0	0	0
1336.15	0	1	0	0	0
1335.15	0	1	0	0	0
1334.15	0	1	0	0	0
1333.15	0	1	0	0	0
1332.15	0	1	0	0	0
1331.15	0	1	0	0	0
1330.15	0	1	0	0	0
1329.15	0	1	0	0	0
1328.15	0	1	0	0	0
1327.15	0	1	0	0	0
1326.15	0	1	0	0	0
1325.15	0	1	0	0	0
1324.15	0	1	0	0	0
1323.15	0	1	0	0	0
1322.15	0	1	0	0	0
1321.15	0	1	0	0	0
1320.15	0	1	0	0	0
1319.15	0	1	0	0	0
1318.15	0	1	0	0	0
1317.15	0	1	0	0	0
1316.15	0	1	0	0	0
1315.15	0	1	0	0	0
1314.15	0	1	0	0	0
1313.15	0	1	0	0	0
1312.15	0	1	0	0	0
1311.15	0	1	0	0	0
1310.15	0	1	0	0	0
1309.15	0	1	0	0	0
1308.15	0	1	0	0	0
1307.15	0	1	0	0	0
1306.15	0	1	0	0	0
1305.15	0	1	0	0	0
1304.15	0	1	0	0	0
1303.15	0	1	0	0	0
1302.15	0	1	0	0	0
1301.15	0	1	0	0	0
1300.15	0	1	0	0	0
1299.15	0	1	0	0	0
1298.15	0	1	0	0	0
1297.15	0	1	0	0	0
1296.15	0	1	0	0	0
1295.15	0	1	0	0	0
1294.15	0	1	0	0	0
1293.15	0	1	0	0	0
1292.15	0	1	0	0	0
1291.15	0	1	0	0	0
1290.15	0	1	0	0	0
1289.15	0	1	0	0	0
1288.15	0	1	0	0	0
1287.15	0	1	0	0	0
1286.15	0	1	0	0	0
1285.15	0	1	0	0	0
1284.15	0	1	0	0	0
1283.15	0	1	0	0	0
1282.15	0	1	0	0	0
1281.15	0	1	0	0	0
1280.15	0	1	0	0	0
1279.15	0	1	0	0	0
1279.128	0	1	0	0	0
1279.128	0	1	0	0	0
1279.128	0	1	0	0	0
1278.15	0	.9993867	0	6.133095E-04	0
1277.15	0	.9987612	0	.001238791	0
1276.15	0	.9981371	0	.001862938	0
1275.15	0	.9975143	0	.002485753	0
1274.15	0	.9968928	0	.003107241	0
1273.15	0	.9962726	0	.003727405	0
1272.15	0	.9956538	0	.004346249	0
1271.15	0	.9950362	0	.004963777	0
1270.15	0	.99442	0	.005579991	0
1269.15	0	.9938051	0	.006194897	0
1268.15	0	.9931915	0	.006808497	0
1267.15	0	.9925792	0	.007420795	0
1266.15	0	.9919682	0	.008031794	0
1265.15	0	.9913585	0	.008641499	0
1264.15	0	.9907501	0	.009249913	0
1263.15	0	.990143	0	.009857039	0
1262.15	0	.9895371	0	.01046288	0
1261.15	0	.9889326	0	.01106744	0
1260.15	0	.9883293	0	.01167073	0
1259.15	0	.9877273	0	.01227274	0
1258.15	0	.9871265	0	.01287348	0
1257.15	0	.986527	0	.01347295	0
1256.15	0	.9859288	0	.01407116	0
1255.15	0	.9853319	0	.01466811	0
1254.15	0	.9847362	0	.01526381	0
1253.15	0	.9841418	0	.01585825	0
1252.15	0	.9835486	0	.01645144	0
1251.15	0	.9829566	0	.01704339	0
1250.15	0	.9823659	0	.01763409	0
1249.15	0	.9817764	0	.01822355	0
1248.15	0	.9811882	0	.01881178	0
1247.15	0	.9806012	0	.01939877	0
1246.15	0	.9800155	0	.01998454	0
1245.15	0	.9794309	0	.02056907	0
1244.15	0	.9788476	0	.02115239	0
1243.15	0	.9782655	0	.02173448	0
1242.15	0	.9776846	0	.02231536	0
1241.15	0	.977105	0	.02289503	0
1240.15	0	.9765265	0	.02347348	0
1239.15	0	.9759493	0	.02405073	0
1238.15	0	.9753732	0	.02462677	0
1237.15	0	.9747984	0	.02520161	0
1236.15	0	.9742247	0	.02577526	0
1235.15	0	.9736523	0	.02634771	0
1234.15	0	.973081	0	.02691897	0
1233.15	0	.972511	0	.02748904	0
1232.15	0	.9719421	0	.02805793	0
1231.15	0	.9713744	0	.02862563	0
1230.15	0	.9708078	0	.02919216	0
1229.15	0	.9702425	0	.02975751	0
1228.15	0	.9696783	0	.03032168	0
1227.15	0	.9691153	0	.03088469	0
1226.15	0	.9685535	0	.03144653	0
1225.15	0	.9679928	0	.03200721	0
1224.15	0	.9674333	0	.03256672	0
1223.15	0	.9668749	0	.03312508	0
1222.15	0	.9663177	0	.03368228	0
1221.15	0	.9657617	0	.03423833	0
1220.15	0	.9652068	0	.03479324	0
1219.15	0	.964653	0	.03534699	0
1218.15	0	.9641004	0	.03589961	0
1217.15	0	.9635489	0	.03645108	0
1216.15	0	.9629986	0	.03700141	0
1215.15	0	.9624494	0	.03755061	0
1214.15	0	.9619013	0	.03809868	0
1213.15	0	.9613544	0	.03864562	0
1212.15	0	.9608086	0	.03919144	0
1211.15	0	.9602639	0	.03973613	0
1210.15	0	.9597203	0	.0402797	0
1209.15	0	.9591779	0	.04082215	0
1208.15	0	.9586365	0	.04136349	0
1207.15	0	.9580963	0	.04190372	0
1206.15	0	.9575572	0	.04244283	0
1205.15	0	.9570192	0	.04298084	0
1204.15	0	.9564823	0	.04351775	0
1203.15	0	.9559464	0	.04405356	0
1202.15	0	.9554117	0	.04458826	0
1201.15	0	.9548781	0	.04512188	0
1200.15	0	.9543456	0	.0456544	0
1199.15	0	.9538142	0	.04618582	0
1198.15	0	.9532838	0	.04671616	0
1197.15	0	.9527546	0	.04724542	0
1196.15	0	.9522264	0	.0477736	0
1195.15	0	.9516993	0	.04830069	0
1194.15	0	.9511733	0	.04882671	0
1193.15	0	.9506484	0	.04935165	0
1192.15	0	.9501245	0	.04987552	0
1191.15	0	.9496017	0	.05039832	0
1190.15	0	.9490799	0	.05092005	0
1189.15	0	.9485593	0	.05144072	0
1188.15	0	.9480397	0	.05196033	0
1187.15	0	.9475211	0	.05247888	0
1186.15	0	.9470036	0	.05299638	0
1185.15	0	.9464872	0	.05351282	0
1184.15	0	.9459718	0	.0540282	0
1183.15	0	.9454575	0	.05454254	0
1182.15	0	.9449442	0	.05505583	0
1181.15	0	.9444319	0	.05556808	0
1180.15	0	.9439207	0	.05607929	0
1179.15	0	.9434105	0	.05658945	0
1178.15	0	.9429014	0	.05709858	0
1177.15	0	.9423933	0	.05760668	0
1176.15	0	.9418863	0	.05811374	0
1175.15	0	.9413802	0	.05861978	0
1174.15	0	.9408752	0	.05912478	0
1173.15	0	.9403712	0	.05962877	0
1172.15	0	.9398683	0	.06013173	0
1171.15	0	.9393663	0	.06063367	0
1170.15	0	.9388654	0	.06113459	0
1169.15	0	.9383655	0	.06163449	0
1168.15	0	.9378666	0	.06213339	0
1167.15	0	.9373687	0	.06263127	0
1166.15	0	.9368719	0	.06312814	0
1165.15	0	.936376	0	.06362401	0
1164.15	0	.9358811	0	.06411888	0
1163.15	0	.9353873	0	.06461274	0
1162.15	0	.9348944	0	.0651056	0
1161.15	0	.9344025	0	.06559747	0
1160.15	0	.9339117	0	.06608834	0
1159.15	0	.9334218	0	.06657822	0
1158.15	0	.9329329	0	.06706711	0
1157.15	0	.932445	0	.06755501	0
1156.15	0	.9319581	0	.06804192	0
1155.15	0	.9314721	0	.06852785	0
1154.15	0	.9309872	0	.06901283	0
1153.15	0	.9305032	0	.0694968	0
1152.15	0	.9300202	0	.06997979	0
1151.15	0	.9295382	0	.07046181	0
1150.15	0	.9290572	0	.07094285	0
1149.15	0	.9285771	0	.07142293	0
1148.15	0	.928098	0	.07190203	0
1147.15	0	.9276198	0	.07238017	0
1146.15	0	.9271427	0	.07285735	0
1145.15	0	.9266664	0	.07333356	0
1144.15	0	.9261912	0	.07380881	0
1143.15	0	.9257169	0	.07428311	0
1142.15	0	.9252436	0	.07475645	0
1141.15	0	.9247712	0	.07522883	0
1140.15	0	.9242997	0	.07570027	0
1139.15	0	.9238293	0	.07617075	0
1138.15	0	.9233597	0	.07664029	0
1137.15	0	.9228911	0	.07710888	0
1136.15	0	.9224235	0	.07757652	0
1135.15	0	.9219568	0	.07804323	0
1134.15	0	.921491	0	.07850899	0
1133.15	0	.9210262	0	.07897382	0
1132.15	0	.9205623	0	.07943772	0
1131.15	0	.9200993	0	.07990068	0
1130.15	0	.9196373	0	.0803627	0
1129.15	0	.9191762	0	.0808238	0
1128.15	0	.918716	0	.08128397	0
1127.15	0	.9182568	0	.08174321	0
1126.15	0	.9177985	0	.08220154	0
1125.15	0	.9173411	0	.08265893	0
1124.15	0	.9168846	0	.08311541	0
1123.15	0	.916429	0	.08357097	0
1122.15	0	.9159744	0	.08402562	0
1121.15	0	.9155207	0	.08447935	0
1120.15	0	.9150678	0	.08493217	0
1119.15	0	.9146159	0	.08538407	0
1118.15	0	.9141649	0	.08583507	0
1117.15	0	.9137148	0	.08628516	0
1116.15	0	.9132657	0	.08673435	0
1115.15	0	.9128174	0	.08718263	0
1114.15	0	.91237	0	.08763001	0
1113.15	0	.9119235	0	.0880765	0
1112.15	0	.9114779	0	.08852208	0
1111.15	0	.9110332	0	.08896677	0
1110.15	0	.9105894	0	.08941057	0
1109.15	0	.9101465	0	.08985347	0
1108.15	0	.9097045	0	.09029548	0
1107.15	0	.9092634	0	.09073661	0
1106.15	0	.9088231	0	.09117685	0
1105.15	0	.9083838	0	.0916162	0
1104.15	0	.9079453	0	.09205467	0
1103.15	0	.9075078	0	.09249225	0
1102.15	0	.907071	0	.09292896	0
1101.15	0	.9066352	0	.09336479	0
1100.15	0	.9062003	0	.09379974	0
1099.15	0	.9057662	0	.09423382	0
1098.15	0	.905333	0	.09466702	0
1097.15	0	.9049006	0	.09509935	0
1096.15	0	.9044692	0	.09553082	0
1095.15	0	.9040386	0	.09596141	0
1094.15	0	.9036089	0	.09639114	0
1093.15	0	.90318	0	.09682001	0
1092.15	0	.902752	0	.09724801	0
1091.15	0	.9023248	0	.09767515	0
1090.15	0	.9018986	0	.09810142	0
1089.15	0	.9014732	0	.09852685	0
1088.15	0	.9010486	0	.09895141	0
1087.15	0	.9006249	0	.09937512	0
1086.15	0	.900202	0	.09979798	0
1085.15	0	.89978	0	.10022	0
1084.15	0	.8993589	0	.1006411	0
1083.15	0	.8989386	0	.1010614	0
1082.15	0	.8985191	0	.1014809	0
1081.15	0	.8981005	0	.1018995	0
1080.15	0	.8976827	0	.1023173	0
1079.15	0	.8972658	0	.1027342	0
1078.15	0	.8968497	0	.1031503	0
1077.15	0	.8964344	0	.1035656	0
1076.15	0	.89602	0	.10398	0
1075.15	0	.8956065	0	.1043935	0
1074.15	0	.8951937	0	.1048063	0
1073.15	0	.8947818	0	.1052182	0
1072.15	0	.8943708	0	.1056293	0
1071.15	0	.8939605	0	.1060395	0
1070.15	0	.8935511	0	.1064489	0
1069.15	0	.8931425	0	.1068575	0
1068.15	0	.8927348	0	.1072653	0
1067.15	0	.8923278	0	.1076722	0
1066.15	0	.8919217	0	.1080783	0
1065.15	0	.8915164	0	.1084836	0
1064.15	0	.8911119	0	.1088881	0
1063.15	0	.8907083	0	.1092917	0
1062.15	0	.8903054	0	.1096946	0
1061.15	0	.8899034	0	.1100966	0
1060.15	0	.8895022	0	.1104978	0
1059.15	0	.8891018	0	.1108982	0
1058.15	0	.8887022	0	.1112978	0
1057.15	0	.8883035	0	.1116965	0
1056.15	0	.8879055	0	.1120945	0
1055.15	0	.8875083	0	.1124917	0
1054.15	0	.887112	0	.112888	0
1053.15	0	.8867164	0	.1132836	0
1052.15	0	.8863217	0	.1136783	0
1051.15	0	.8859278	0	.1140722	0
1050.15	0	.8855346	0	.1144654	0
1049.15	0	.8851423	0	.1148577	0
1048.15	0	.8847507	0	.1152493	0
1047.15	0	.88436	0	.11564	0
1046.15	0	.88397	0	.11603	0
1045.15	0	.8835809	0	.1164191	0
1044.15	0	.8831925	0	.1168075	0
1043.15	0	.8828049	0	.1171951	0
1042.15	0	.8824182	0	.1175818	0
1041.15	0	.8820322	0	.1179678	0
1040.15	0	.881647	0	.118353	0
1039.15	0	.8812625	0	.1187375	0
1038.15	0	.8808789	0	.1191211	0
1037.15	0	.8804961	0	.119504	0
1036.15	0	.880114	0	.119886	0
1035.15	0	.8797327	0	.1202673	0
1034.15	0	.8793522	0	.1206478	0
1033.15	0	.8789725	0	.1210275	0
1032.15	0	.8785935	0	.1214065	0
1031.15	0	.8782153	0	.1217847	0
1030.15	0	.8778379	0	.1221621	0
1029.15	0	.8774613	0	.1225387	0
1028.15	0	.8770855	0	.1229145	0
1027.15	0	.8767104	0	.1232896	0
1026.15	0	.8763361	0	.1236639	0
1025.15	0	.8759625	0	.1240375	0
1024.15	0	.8755898	0	.1244102	0
1023.15	0	.8752178	0	.1247823	0
1022.15	0	.8748465	0	.1251535	0
1021.15	0	.874476	0	.125524	0
1020.15	0	.8741063	0	.1258937	0
1019.15	0	.8737374	0	.1262626	0
1018.15	0	.8733692	0	.1266308	0
1017.15	0	.8730018	0	.1269982	0
1016.15	0	.8726351	0	.1273649	0
1015.15	0	.8722692	0	.1277308	0
1014.15	0	.871904	0	.128096	0
1013.15	0	.8715396	0	.1284604	0
1012.15	0	.871176	0	.128824	0
1011.15	0	.8708131	0	.1291869	0
1010.15	0	.870451	0	.129549	0
1009.15	0	.8700896	0	.1299104	0
1008.15	0	.869729	0	.130271	0
1007.15	0	.8693691	0	.1306309	0
1006.15	0	.8690099	0	.1309901	0
1005.15	0	.8686515	0	.1313485	0
1004.15	0	.8682939	0	.1317061	0
1003.15	0	.867937	0	.132063	0
1002.15	0	.8675808	0	.1324192	0
1001.15	0	.8672254	0	.1327746	0
1000.15	0	.8668708	0	.1331293	0
999.15	0	.8665168	0	.1334832	0
998.15	0	.8661636	0	.1338364	0
997.15	0	.8658112	0	.1341888	0
996.15	0	.8654595	0	.1345405	0
995.15	0	.8651085	0	.1348915	0
994.15	0	.8647583	0	.1352417	0
993.15	0	.8644088	0	.1355912	0
992.15	0	.86406	0	.13594	0
991.15	0	.863712	0	.136288	0
990.15	0	.8633646	0	.1366354	0
989.15	0	.8630181	0	.1369819	0
988.15	0	.8626722	0	.1373278	0
987.15	0	.8623271	0	.1376729	0
986.15	0	.8619827	0	.1380173	0
985.15	0	.8616391	0	.1383609	0
984.15	0	.8612961	0	.1387039	0
983.15	0	.8609539	0	.1390461	0
982.15	0	.8606125	0	.1393875	0
981.15	0	.8602717	0	.1397283	0
980.15	0	.8599317	0	.1400683	0
979.15	0	.8595924	0	.1404076	0
978.15	0	.8592538	0	.1407462	0
977.15	0	.8589159	0	.1410841	0
976.15	0	.8585787	0	.1414213	0
975.15	0	.8582423	0	.1417577	0
974.15	0	.8579066	0	.1420934	0
973.15	0	.8575716	0	.1424284	0
972.15	0	.8572373	0	.1427627	0
971.15	0	.8569038	0	.1430963	0
970.15	0	.8565709	0	.1434291	0
969.15	0	.8562388	0	.1437613	0
968.15	0	.8559073	0	.1440927	0
967.15	0	.8555766	0	.1444234	0
966.15	0	.8552466	0	.1447534	0
965.15	0	.8549173	0	.1450827	0
964.15	0	.8545887	0	.1454113	0
963.15	0	.8542608	0	.1457392	0
962.15	0	.8539337	0	.1460663	0
961.15	0	.8536072	0	.1463928	0
960.15	0	.8532815	0	.1467186	0
959.15	0	.8529564	0	.1470436	0
958.15	0	.8526321	0	.1473679	0
957.15	0	.8523084	0	.1476916	0
956.15	0	.8519855	0	.1480145	0
955.15	0	.8516632	0	.1483368	0
954.15	0	.8513417	0	.1486583	0
953.15	0	.8510208	0	.1489792	0
952.15	0	.8507007	0	.1492993	0
951.15	0	.8503813	0	.1496187	0
950.15	0	.8500625	0	.1499375	0
949.15	0	.8497445	0	.1502555	0
948.15	0	.8494271	0	.1505729	0
947.15	0	.8491105	0	.1508895	0
946.15	0	.8487945	0	.1512055	0
945.15	0	.8484793	0	.1515207	0
944.15	0	.8481647	0	.1518353	0
943.15	0	.8478508	0	.1521492	0
942.15	0	.8475377	0	.1524624	0
941.15	0	.8472252	0	.1527748	0
940.15	0	.8469134	0	.1530866	0
939.15	0	.8466023	0	.1533977	0
938.15	0	.8462918	0	.1537082	0
937.15	0	.8459821	0	.1540179	0
936.15	0	.8456731	0	.1543269	0
935.15	0	.8453647	0	.1546353	0
934.15	0	.845057	0	.154943	0
933.15	0	.8447501	0	.15525	0
932.15	0	.8444438	0	.1555562	0
931.15	0	.8441382	0	.1558619	0
930.15	0	.8438332	0	.1561668	0
929.15	0	.843529	0	.156471	0
928.15	0	.8432254	0	.1567746	0
927.15	0	.8429225	0	.1570775	0
926.15	0	.8426203	0	.1573797	0
925.15	0	.8423188	0	.1576812	0
924.15	0	.842018	0	.157982	0
923.15	0	.8417178	0	.1582822	0
922.15	0	.8414184	0	.1585816	0
921.15	0	.8411196	0	.1588804	0
920.15	0	.8408214	0	.1591786	0
919.15	0	.840524	0	.159476	0
918.15	0	.8402272	0	.1597728	0
917.15	0	.8399311	0	.1600689	0
916.15	0	.8396357	0	.1603643	0
915.15	0	.839341	0	.160659	0
914.15	0	.8390469	0	.1609531	0
913.15	0	.8387535	0	.1612465	0
912.15	0	.8384608	0	.1615392	0
911.15	0	.8381688	0	.1618312	0
910.15	0	.8378774	0	.1621226	0
909.15	0	.8375867	0	.1624133	0
908.15	0	.8372967	0	.1627033	0
907.15	0	.8370073	0	.1629927	0
906.15	0	.8367186	0	.1632814	0
905.15	0	.8364306	0	.1635694	0
904.15	0	.8361432	0	.1638568	0
903.15	0	.8358565	0	.1641434	0
902.15	0	.8355705	0	.1644295	0
901.15	0	.8352852	0	.1647148	0
900.15	0	.8350005	0	.1649995	0
899.15	0	.8347165	0	.1652835	0
898.15	0	.8344331	0	.1655669	0
897.15	0	.8341504	0	.1658496	0
896.15	0	.8338684	0	.1661316	0
895.15	0	.833587	0	.166413	0
894.15	0	.8333063	0	.1666937	0
893.15	0	.8330263	0	.1669737	0
892.15	0	.8327469	0	.1672531	0
891.15	0	.8324682	0	.1675318	0
890.15	0	.8321902	0	.1678098	0
889.15	0	.8319128	0	.1680872	0
888.15	0	.8316361	0	.168364	0
887.15	0	.83136	0	.16864	0
886.15	0	.8310846	0	.1689154	0
885.15	0	.8308098	0	.1691902	0
884.15	0	.8305357	0	.1694643	0
883.15	0	.8302623	0	.1697377	0
882.15	0	.8299895	0	.1700105	0
881.15	0	.8297174	0	.1702826	0
880.15	0	.8294459	0	.1705541	0
879.15	0	.8291751	0	.1708249	0
878.15	0	.8289049	0	.1710951	0
877.15	0	.8286354	0	.1713646	0
876.15	0	.8283666	0	.1716334	0
875.15	0	.8280984	0	.1719016	0
874.15	0	.8278309	0	.1721691	0
873.15	0	.827564	0	.172436	0
872.15	0	.8272977	0	.1727023	0
871.15	0	.8270321	0	.1729679	0
870.15	0	.8267672	0	.1732328	0
869.15	0	.8265029	0	.1734971	0
868.15	0	.8262393	0	.1737607	0
867.15	0	.8259763	0	.1740237	0
866.15	0	.825714	0	.174286	0
865.15	0	.8254523	0	.1745477	0
864.15	0	.8251913	0	.1748088	0
863.15	0	.8249309	0	.1750691	0
862.15	0	.8246711	0	.1753289	0
861.15	0	.824412	0	.175588	0
860.15	0	.8241536	0	.1758464	0
859.15	0	.8238958	0	.1761042	0
858.15	0	.8236386	0	.1763614	0
857.15	0	.8233821	0	.1766179	0
856.15	0	.8231262	0	.1768738	0
855.15	0	.822871	0	.177129	0
854.15	0	.8226164	0	.1773836	0
853.15	0	.8223625	0	.1776375	0
852.15	0	.8221092	0	.1778908	0
851.15	0	.8218566	0	.1781434	0
850.15	0	.8216046	0	.1783954	0
849.15	0	.8213532	0	.1786468	0
848.15	0	.8211025	0	.1788975	0
847.15	0	.8208524	0	.1791476	0
846.15	0	.820603	0	.1793971	0
845.15	0	.8203542	0	.1796458	0
844.15	0	.820106	0	.179894	0
843.15	0	.8198585	0	.1801415	0
842.15	0	.8196116	0	.1803884	0
841.15	0	.8193653	0	.1806347	0
840.15	0	.8191197	0	.1808803	0
839.15	0	.8188747	0	.1811253	0
838.15	0	.8186304	0	.1813696	0
837.15	0	.8183867	0	.1816133	0
836.15	0	.8181436	0	.1818564	0
835.15	0	.8179012	0	.1820988	0
834.15	0	.8176594	0	.1823406	0
833.15	0	.8174182	0	.1825818	0
832.15	0	.8171777	0	.1828223	0
831.15	0	.8169378	0	.1830622	0
830.15	0	.8166985	0	.1833015	0
829.15	0	.8164599	0	.1835401	0
828.15	0	.8162219	0	.1837781	0
827.15	0	.8159845	0	.1840155	0
826.15	0	.8157478	0	.1842522	0
825.15	0	.8155117	0	.1844883	0
824.15	0	.8152762	0	.1847238	0
823.15	0	.8150414	0	.1849586	0
822.15	0	.8148071	0	.1851929	0
821.15	0	.8145735	0	.1854265	0
820.15	0	.8143406	0	.1856594	0
819.15	0	.8141082	0	.1858918	0
818.15	0	.8138765	0	.1861235	0
817.15	0	.8136454	0	.1863546	0
816.15	0	.8134149	0	.1865851	0
815.15	0	.8131851	0	.1868149	0
814.15	0	.8129559	0	.1870441	0
813.15	0	.8127273	0	.1872727	0
812.15	0	.8124993	0	.1875007	0
811.15	0	.812272	0	.187728	0
810.15	0	.8120452	0	.1879548	0
809.15	0	.8118191	0	.1881809	0
808.9547	0	.811775	0	.188225	0
808.9547	0	.811775	0	.188225	0
808.9547	0	.811775	0	.188225	0
808.15	0	.8109239	8.143677E-04	.1882618	0
807.15	0	.8098618	.001833527	.1883046	0
806.15	0	.8087948	.002860876	.1883443	0
805.15	0	.8077226	.00389678	.1883806	0
804.15	0	.8066449	.004941625	.1884135	0
803.15	0	.8055613	.00599582	.1884428	0
802.15	0	.8044716	.007059798	.1884686	0
801.15	0	.8033753	.008134016	.1884907	0
800.15	0	.8022722	.009218962	.1885089	0
799.15	0	.8011617	.01031515	.1885231	0
798.15	0	.8000435	.01142314	.1885333	0
797.15	0	.7989174	.01254328	.1885393	0
796.15	0	.7977824	.01367667	.188541	0
795.15	0	.7966382	.01482374	.1885381	0
794.15	0	.7954842	.01598522	.1885305	0
793.15	0	.79432	.01716187	.1885182	0
792.15	0	.7931447	.01835452	.1885007	0
791.15	0	.7919578	.01956407	.1884781	0
790.15	0	.7907585	.0207915	.18845	0
789.15	0	.789546	.02203785	.1884162	0
788.15	0	.7883194	.02330426	.1883764	0
787.15	0	.7870776	.02459198	.1883304	0
786.15	0	.7858198	.02590237	.1882778	0
785.15	0	.7845447	.02723692	.1882184	0
784.15	0	.7832511	.02859726	.1881517	0
783.15	0	.7819375	.0299852	.1880773	0
782.15	0	.7806024	.03140274	.1879949	0
781.15	0	.7792441	.03285212	.1879038	0
780.15	0	.7778606	.03433583	.1878035	0
779.15	0	.7764499	.03585666	.1876935	0
778.15	0	.774457	.03809196	.187451	0
777.15	0	.7721662	.04069833	.1871354	0
776.15	0	.7699749	.04319088	.1868343	0
775.15	0	.7678754	.04557816	.1865465	0
774.15	0	.7658611	.04786787	.1862711	0
773.15	0	.7639257	.05006694	.1860073	0
772.15	0	.762064	.05218167	.1857544	0
771.15	0	.7602707	.05421772	.1855115	0
770.15	0	.7585416	.05618025	.1852782	0
769.15	0	.7568724	.05807396	.1850536	0
768.15	0	.7552595	.0599031	.1848374	0
767.15	0	.7536994	.06167159	.184629	0
766.15	0	.7521891	.063383	.1844279	0
765.15	0	.7507257	.06504061	.1842337	0
764.15	0	.7493066	.06664743	.184046	0
763.15	0	.7479293	.06820625	.1838645	0
762.15	0	.7465917	.06971962	.1836887	0
761.15	0	.7452916	.07118992	.1835184	0
760.15	0	.7440273	.07261934	.1833534	0
759.15	0	.7427969	.07400992	.1831932	0
758.15	0	.7415987	.07536355	.1830377	0
757.15	0	.7404314	.076682	.1828866	0
756.15	0	.7392933	.07796691	.1827398	0
755.15	0	.7381833	.07921981	.1825969	0
754.15	0	.7371	.08044213	.1824579	0
753.15	0	.7360424	.08163523	.1823224	0
752.15	0	.7350092	.08280035	.1821904	0
751.15	0	.7339996	.08393869	.1820617	0
750.15	0	.7330125	.08505135	.1819362	0
749.15	0	.732047	.08613938	.1818137	0
748.15	0	.7311023	.08720376	.181694	0
747.15	0	.7301775	.08824543	.1815771	0
746.15	0	.729272	.08926526	.1814628	0
745.15	0	.728385	.09026408	.181351	0
744.15	0	.7275157	.09124267	.1812416	0
743.15	0	.7266637	.09220178	.1811345	0
742.15	0	.7258282	.09314211	.1810297	0
741.15	0	.7250088	.09406433	.1809269	0
740.15	0	.7242047	.09496907	.1808262	0
739.15	0	.7234156	.09585693	.1807275	0
738.15	0	.7226409	.0967285	.1806306	0
737.15	0	.7218801	.0975843	.1805356	0
736.15	0	.7211329	.09842487	.1804423	0
735.15	0	.7203987	.0992507	.1803506	0
734.15	0	.7196772	.1000623	.1802606	0
733.15	0	.7189679	.10086	.1801721	0
732.15	0	.7182706	.1016444	.1800851	0
731.15	0	.7175848	.1024157	.1799995	0
730.15	0	.7169101	.1031745	.1799153	0
729.15	0	.7162464	.1039211	.1798325	0
728.15	0	.7155932	.1046558	.1797509	0
727.15	0	.7149503	.1053791	.1796706	0
726.15	0	.7143173	.1060912	.1795915	0
725.15	0	.713694	.1067924	.1795136	0
724.15	0	.7130802	.1074831	.1794367	0
723.15	0	.7124755	.1081635	.179361	0
722.15	0	.7118798	.108834	.1792862	0
721.15	0	.7112928	.1094947	.1792125	0
720.15	0	.7107142	.110146	.1791398	0
719.15	0	.7101438	.1107882	.179068	0
718.15	0	.7095816	.1114214	.1789971	0
717.15	0	.7090271	.1120458	.1789271	0
716.15	0	.7084803	.1126618	.1788579	0
715.15	0	.7079409	.1132695	.1787896	0
714.15	0	.7074088	.1138691	.1787221	0
713.15	0	.7068838	.1144609	.1786553	0
712.15	0	.7063658	.1150449	.1785893	0
711.15	0	.7058545	.1156215	.178524	0
710.15	0	.7053498	.1161908	.1784594	0
709.15	0	.7048515	.1167529	.1783956	0
708.15	0	.7043596	.1173081	.1783323	0
707.15	0	.7038739	.1178564	.1782697	0
706.15	0	.7033941	.1183981	.1782077	0
705.15	0	.7029203	.1189334	.1781464	0
704.15	0	.7024522	.1194622	.1780856	0
703.15	0	.7019898	.1199849	.1780253	0
702.15	0	.7015329	.1205014	.1779656	0
701.15	0	.7010814	.1210121	.1779065	0
700.15	0	.7006352	.1215169	.1778479	0
699.15	0	.7001942	.1220161	.1777897	0
698.15	0	.6997582	.1225097	.1777321	0
697.15	0	.6993272	.1229979	.1776749	0
696.15	0	.6989011	.1234807	.1776182	0
695.15	0	.6984798	.1239583	.1775619	0
694.15	0	.6980631	.1244308	.1775061	0
693.15	0	.697651	.1248983	.1774507	0
692.15	0	.6972434	.1253609	.1773957	0
691.15	0	.6968402	.1258187	.1773411	0
690.15	0	.6964414	.1262717	.1772869	0
689.15	0	.6960468	.1267202	.177233	0
688.15	0	.6956563	.1271641	.1771796	0
687.15	0	.6952699	.1276036	.1771265	0
686.15	0	.6948876	.1280388	.1770737	0
685.15	0	.6945091	.1284696	.1770212	0
684.15	0	.6941346	.1288963	.1769691	0
683.15	0	.6937638	.1293189	.1769173	0
682.15	0	.6933967	.1297374	.1768658	0
681.15	0	.6930333	.130152	.1768147	0
680.15	0	.6926736	.1305627	.1767638	0
679.15	0	.6923173	.1309696	.1767132	0
678.15	0	.6919645	.1313727	.1766628	0
677.15	0	.6916151	.1317721	.1766128	0
676.15	0	.6912691	.1321679	.176563	0
675.15	0	.6909264	.1325602	.1765134	0
674.15	0	.6905869	.132949	.1764642	0
673.15	0	.6902506	.1333343	.1764151	0
672.15	0	.6899174	.1337163	.1763663	0
671.15	0	.6895874	.1340949	.1763177	0
670.15	0	.6892603	.1344703	.1762694	0
669.15	0	.6889363	.1348425	.1762212	0
668.15	0	.6886151	.1352116	.1761733	0
667.15	0	.6882969	.1355775	.1761256	0
666.15	0	.6879815	.1359404	.1760781	0
665.15	0	.6876689	.1363003	.1760308	0
664.15	0	.6873591	.1366573	.1759836	0
663.15	0	.687052	.1370113	.1759367	0
662.15	0	.6867476	.1373625	.1758899	0
661.15	0	.6864458	.1377109	.1758434	0
660.15	0	.6861465	.1380565	.175797	0
659.15	0	.6858499	.1383994	.1757507	0
658.15	0	.6855557	.1387396	.1757047	0
657.15	0	.6852641	.1390771	.1756588	0
656.15	0	.6849749	.1394121	.175613	0
655.15	0	.6846881	.1397445	.1755675	0
654.15	0	.6844036	.1400743	.175522	0
653.15	0	.6841215	.1404017	.1754767	0
652.15	0	.6838418	.1407267	.1754316	0
651.15	0	.6835642	.1410492	.1753866	0
650.15	0	.683289	.1413693	.1753417	0
649.15	0	.6830159	.1416871	.175297	0
648.15	0	.682745	.1420026	.1752524	0
647.15	0	.6824763	.1423158	.1752079	0
646.15	0	.6822097	.1426267	.1751635	0
645.15	0	.6819452	.1429355	.1751193	0
644.15	0	.6816828	.143242	.1750752	0
643.15	0	.6814224	.1435464	.1750312	0
642.15	0	.681164	.1438487	.1749873	0
641.15	0	.6809076	.1441489	.1749436	0
640.15	0	.6806531	.144447	.1748999	0
639.15	0	.6804006	.1447431	.1748564	0
638.15	0	.68015	.1450371	.1748129	0
637.15	0	.6799013	.1453292	.1747696	0
636.15	0	.6796544	.1456193	.1747264	0
635.15	0	.6794094	.1459074	.1746832	0
634.15	0	.6791662	.1461937	.1746402	0
633.15	0	.6789247	.1464781	.1745972	0
632.15	0	.6786851	.1467606	.1745544	0
631.15	0	.6784472	.1470412	.1745116	0
630.15	0	.678211	.1473201	.1744689	0
629.15	0	.6779765	.1475972	.1744263	0
628.15	0	.6777437	.1478725	.1743838	0
627.15	0	.6775126	.148146	.1743414	0
626.15	0	.6772831	.1484178	.1742991	0
625.15	0	.6770553	.1486879	.1742568	0
624.15	0	.6768291	.1489563	.1742146	0
623.15	0	.6766044	.1492231	.1741725	0
622.15	0	.6763813	.1494882	.1741305	0
621.15	0	.6761598	.1497516	.1740886	0
620.15	0	.6759398	.1500135	.1740467	0
619.15	0	.6757213	.1502738	.1740049	0
618.15	0	.6755043	.1505325	.1739632	0
617.15	0	.6752889	.1507896	.1739215	0
616.15	0	.6750748	.1510453	.1738799	0
615.15	0	.6748622	.1512993	.1738384	0
614.15	0	.6746511	.1515519	.173797	0
613.15	0	.6744414	.151803	.1737556	0
612.15	0	.6742331	.1520527	.1737143	0
611.15	0	.6740262	.1523008	.173673	0
610.15	0	.6738206	.1525476	.1736318	0
609.15	0	.6736164	.1527929	.1735907	0
608.15	0	.6734136	.1530368	.1735496	0
607.15	0	.6732121	.1532793	.1735086	0
606.15	0	.6730119	.1535205	.1734677	0
605.15	0	.672813	.1537602	.1734268	0
604.15	0	.6726154	.1539986	.173386	0
603.15	0	.6724191	.1542357	.1733452	0
602.15	0	.672224	.1544715	.1733045	0
601.15	0	.6720302	.1547059	.1732638	0
600.15	0	.6718377	.1549391	.1732232	0
599.15	0	.6716464	.155171	.1731827	0
598.15	0	.6714562	.1554015	.1731422	0
597.15	0	.6712673	.1556309	.1731018	0
596.15	0	.6710796	.155859	.1730614	0
595.15	0	.6708931	.1560858	.1730211	0
594.15	0	.6707077	.1563115	.1729808	0
593.15	0	.6705235	.1565359	.1729406	0
592.15	0	.6703405	.1567591	.1729004	0
591.15	0	.6701586	.1569811	.1728603	0
590.15	0	.6699778	.157202	.1728203	0
589.15	0	.6697981	.1574217	.1727803	0
588.15	0	.6696195	.1576402	.1727403	0
587.15	0	.669442	.1578576	.1727004	0
586.15	0	.6692657	.1580738	.1726605	0
585.15	0	.6690903	.1582889	.1726207	0
584.15	0	.6689161	.158503	.172581	0
583.15	0	.6687429	.1587158	.1725413	0
582.15	0	.6685708	.1589276	.1725016	0
581.15	0	.6683997	.1591384	.172462	0
580.15	0	.6682296	.159348	.1724224	0
579.15	0	.6680606	.1595565	.1723829	0
578.15	0	.6678925	.159764	.1723435	0
577.15	0	.6677255	.1599705	.172304	0
576.15	0	.6675594	.1601759	.1722647	0
575.15	0	.6673944	.1603803	.1722253	0
574.15	0	.6672303	.1605836	.1721861	0
573.15	0	.6670672	.1607859	.1721469	0
572.15	0	.6669051	.1609872	.1721077	0
571.15	0	.6667439	.1611876	.1720686	0
570.15	0	.6665836	.1613869	.1720295	0
569.15	0	.6664243	.1615852	.1719905	0
568.15	0	.666266	.1617825	.1719515	0
567.15	0	.6661085	.1619789	.1719126	0
566.15	0	.665952	.1621743	.1718737	0
565.15	0	.6657964	.1623688	.1718348	0
564.15	0	.6656417	.1625623	.171796	0
563.15	0	.6654878	.1627549	.1717573	0
562.15	0	.6653349	.1629465	.1717186	0
561.15	0	.6651829	.1631372	.17168	0
560.15	0	.6650317	.1633269	.1716414	0
559.15	0	.6648814	.1635158	.1716028	0
558.15	0	.664732	.1637037	.1715642	0
557.15	0	.6645834	.1638908	.1715258	0
556.15	0	.6644357	.1640769	.1714874	0
555.15	0	.6642888	.1642622	.171449	0
554.15	0	.6641427	.1644465	.1714107	0
553.15	0	.6639975	.16463	.1713725	0
552.15	0	.6638531	.1648126	.1713343	0
551.15	0	.6637095	.1649944	.1712961	0
550.15	0	.6635668	.1651752	.171258	0
549.15	0	.6634248	.1653553	.17122	0
548.15	0	.6632836	.1655344	.171182	0
547.15	0	.6631433	.1657127	.171144	0
546.15	0	.6630037	.1658902	.1711061	0
545.15	0	.6628649	.1660669	.1710682	0
544.15	0	.6627269	.1662427	.1710304	0
543.15	0	.6625897	.1664177	.1709927	0
542.15	0	.6624532	.1665918	.170955	0
541.15	0	.6623175	.1667652	.1709173	0
540.15	0	.6621826	.1669377	.1708797	0
539.15	0	.6620484	.1671094	.1708422	0
538.15	0	.6619149	.1672804	.1708047	0
537.15	0	.6617822	.1674505	.1707673	0
536.15	0	.6616503	.1676198	.1707299	0
535.15	0	.6615191	.1677884	.1706926	0
534.15	0	.6613886	.1679561	.1706553	0
533.15	0	.6612588	.1681231	.170618	0
532.15	0	.6611298	.1682893	.1705809	0
531.15	0	.6610015	.1684548	.1705438	0
530.15	0	.6608739	.1686194	.1705067	0
529.15	0	.660747	.1687833	.1704697	0
528.15	0	.6606208	.1689465	.1704328	0
527.15	0	.6604953	.1691089	.1703959	0
526.15	0	.6603705	.1692705	.170359	0
525.15	0	.6602463	.1694314	.1703223	0
524.15	0	.6601229	.1695916	.1702855	0
523.15	0	.6600002	.169751	.1702489	0
522.15	0	.6598781	.1699096	.1702123	0
521.15	0	.6597567	.1700676	.1701757	0
520.15	0	.659636	.1702248	.1701392	0
519.15	0	.659516	.1703813	.1701028	0
518.15	0	.6593966	.170537	.1700664	0
517.15	0	.6592778	.1706921	.1700301	0
516.15	0	.6591598	.1708464	.1699939	0
515.15	0	.6590423	.171	.1699577	0
514.15	0	.6589256	.1711529	.1699215	0
513.15	0	.6588095	.1713051	.1698855	0
512.15	0	.658694	.1714566	.1698495	0
511.15	0	.6585791	.1716074	.1698135	0
510.15	0	.6584649	.1717575	.1697776	0
509.15	0	.6583513	.1719069	.1697418	0
508.15	0	.6582384	.1720556	.1697061	0
507.15	0	.6581261	.1722036	.1696704	0
506.15	0	.6580144	.1723509	.1696347	0
505.15	0	.6579033	.1724976	.1695992	0
504.15	0	.6577928	.1726435	.1695637	0
503.15	0	.6576829	.1727888	.1695282	0
502.15	0	.6575737	.1729334	.1694929	0
501.15	0	.657465	.1730774	.1694576	0
500.15	0	.657357	.1732207	.1694223	0
499.15	0	.6572496	.1733633	.1693872	0
498.15	0	.6571427	.1735052	.1693521	0
497.15	0	.6570365	.1736465	.169317	0
496.15	0	.6569308	.1737871	.1692821	0
495.15	0	.6568257	.1739271	.1692472	0
494.15	0	.6567212	.1740664	.1692124	0
493.15	0	.6566173	.1742051	.1691776	0
492.15	0	.656514	.1743431	.1691429	0
491.15	0	.6564113	.1744804	.1691083	0
490.15	0	.6563091	.1746171	.1690738	0
489.15	0	.6562075	.1747532	.1690393	0
488.15	0	.6561064	.1748886	.1690049	0
487.15	0	.656006	.1750234	.1689706	0
486.15	0	.6559061	.1751576	.1689364	0
485.15	0	.6558067	.1752911	.1689022	0
484.15	0	.6557079	.175424	.1688681	0
483.15	0	.6556097	.1755562	.1688341	0
482.15	0	.655512	.1756879	.1688001	0
481.15	0	.6554149	.1758189	.1687662	0
480.15	0	.6553183	.1759492	.1687324	0
479.15	0	.6552223	.176079	.1686987	0
478.15	0	.6551268	.1762081	.1686651	0
477.15	0	.6550319	.1763366	.1686315	0
476.15	0	.6549375	.1764645	.168598	0
475.15	0	.6548436	.1765918	.1685646	0
474.15	0	.6547503	.1767185	.1685313	0
473.15	0	.6546575	.1768445	.168498	0
472.15	0	.6545652	.17697	.1684648	0
471.15	0	.6544735	.1770948	.1684318	0
470.15	0	.6543822	.177219	.1683987	0
469.15	0	.6542916	.1773426	.1683658	0
468.15	0	.6542014	.1774657	.168333	0
467.15	0	.6541117	.1775881	.1683002	0
466.15	0	.6540226	.1777099	.1682675	0
465.15	0	.653934	.1778311	.1682349	0
464.15	0	.6538459	.1779517	.1682024	0
463.15	0	.6537583	.1780718	.16817	0
462.15	0	.6536712	.1781912	.1681376	0
461.15	0	.6535846	.17831	.1681054	0
460.15	0	.6534985	.1784283	.1680732	0
459.15	0	.6534129	.1785459	.1680411	0
458.15	0	.6533279	.178663	.1680091	0
457.15	0	.6532433	.1787795	.1679772	0
456.15	0	.6531592	.1788954	.1679454	0
455.15	0	.6530757	.1790107	.1679136	0
454.15	0	.6529926	.1791254	.167882	0
453.15	0	.65291	.1792396	.1678504	0
452.15	0	.6528279	.1793531	.167819	0
451.15	0	.6527463	.1794661	.1677876	0
450.15	0	.6526651	.1795786	.1677563	0
449.15	0	.6525845	.1796903	.1677251	0
448.15	0	.6525044	.1798015	.1676941	0
447.15	0	.6524248	.1799121	.1676631	0
446.15	0	.6523457	.1800221	.1676322	0
445.15	0	.6522671	.1801315	.1676014	0
444.15	0	.6521889	.1802403	.1675708	0
443.15	0	.6521113	.1803485	.1675402	0
442.15	0	.6520342	.1804561	.1675098	0
441.15	0	.6519576	.180563	.1674794	0
440.15	0	.6518814	.1806694	.1674492	0
439.15	0	.6518058	.1807751	.1674191	0
438.15	0	.6517307	.1808802	.1673891	0
437.15	0	.6516561	.1809846	.1673593	0
436.15	0	.651582	.1810885	.1673295	0
435.15	0	.6515085	.1811916	.1672999	0
434.15	0	.6514354	.1812942	.1672704	0
433.15	0	.6513629	.1813961	.1672411	0
432.15	0	.6512908	.1814973	.1672118	0
431.15	0	.6512193	.181598	.1671827	0
430.15	0	.6511483	.1816979	.1671538	0
429.15	0	.6510778	.1817972	.167125	0
428.15	0	.6510078	.1818959	.1670963	0
427.15	0	.6509384	.1819939	.1670677	0
426.15	0	.6508694	.1820912	.1670393	0
425.15	0	.650801	.1821879	.1670111	0
424.15	0	.6507331	.182284	.1669829	0
423.15	0	.6506657	.1823793	.166955	0
422.15	0	.6505988	.1824741	.1669271	0
421.15	0	.6505324	.1825682	.1668994	0
420.15	0	.6504665	.1826616	.1668719	0
419.15	0	.6504012	.1827543	.1668445	0
418.15	0	.6503363	.1828464	.1668172	0
417.15	0	.650272	.1829379	.1667901	0
416.15	0	.6502082	.1830286	.1667632	0
415.15	0	.6501448	.1831188	.1667364	0
414.15	0	.650082	.1832082	.1667097	0
413.15	0	.6500197	.1832971	.1666832	0
412.15	0	.6499579	.1833852	.1666569	0
411.15	0	.6498965	.1834728	.1666307	0
410.15	0	.6498357	.1835596	.1666046	0
409.15	0	.6497754	.1836459	.1665787	0
408.15	0	.6497155	.1837315	.166553	0
407.15	0	.6496562	.1838164	.1665274	0
406.15	0	.6495973	.1839007	.166502	0
405.15	0	.649539	.1839843	.1664767	0
404.15	0	.6494811	.1840674	.1664516	0
403.15	0	.6494237	.1841497	.1664266	0
402.15	0	.6493668	.1842315	.1664018	0
401.15	0	.6493103	.1843126	.1663771	0
400.15	0	.6492544	.1843931	.1663526	0
399.15	0	.6491989	.1844729	.1663282	0
398.15	0	.6491439	.1845522	.166304	0
397.15	0	.6490893	.1846308	.1662799	0
396.15	0	.6490352	.1847088	.166256	0
395.15	0	.6489816	.1847862	.1662322	0
394.15	0	.6489284	.1848629	.1662086	0
393.15	0	.6488757	.1849391	.1661852	0
392.15	0	.6488235	.1850147	.1661619	0
391.15	0	.6487717	.1850896	.1661387	0
390.15	0	.6487203	.185164	.1661157	0
389.15	0	.6486694	.1852377	.1660929	0
388.15	0	.648619	.1853109	.1660702	0
387.15	0	.648569	.1853834	.1660476	0
386.15	0	.6485194	.1854554	.1660252	0
385.15	0	.6484703	.1855268	.1660029	0
384.15	0	.6484216	.1855976	.1659808	0
383.15	0	.6483733	.1856679	.1659588	0
382.15	0	.6483255	.1857375	.165937	0
381.15	0	.648278	.1858066	.1659154	0
380.15	0	.648231	.1858751	.1658938	0
379.15	0	.6481845	.1859431	.1658724	0
378.15	0	.6481383	.1860105	.1658512	0
377.15	0	.6480925	.1860774	.1658301	0
376.15	0	.6480472	.1861437	.1658092	0
375.15	0	.6480022	.1862094	.1657883	0
374.15	0	.6479577	.1862747	.1657677	0
373.15	0	.6479135	.1863393	.1657471	0
372.15	0	.6478698	.1864035	.1657267	0
371.15	0	.6478264	.1864671	.1657065	0
370.15	0	.6477835	.1865302	.1656864	0
369.15	0	.6477409	.1865927	.1656664	0
368.15	0	.6476987	.1866547	.1656466	0
367.15	0	.6476569	.1867163	.1656269	0
366.15	0	.6476154	.1867773	.1656073	0
365.15	0	.6475744	.1868378	.1655879	0
364.15	0	.6475337	.1868978	.1655686	0
363.15	0	.6474933	.1869572	.1655494	0
362.15	0	.6474534	.1870162	.1655304	0
361.15	0	.6474138	.1870747	.1655115	0
360.15	0	.6473745	.1871328	.1654927	0
359.15	0	.6473356	.1871903	.1654741	0
358.15	0	.6472971	.1872473	.1654556	0
357.15	0	.6472589	.1873039	.1654372	0
356.15	0	.6472211	.18736	.165419	0
355.15	0	.6471835	.1874156	.1654008	0
354.15	0	.6471464	.1874708	.1653828	0
353.15	0	.6471095	.1875255	.165365	0
352.15	0	.647073	.1875798	.1653472	0
351.15	0	.6470369	.1876336	.1653296	0
350.15	0	.647001	.1876869	.1653121	0
349.15	0	.6469655	.1877398	.1652947	0
348.15	0	.6469303	.1877922	.1652775	0
347.15	0	.6468954	.1878443	.1652603	0
346.15	0	.6468608	.1878959	.1652433	0
345.15	0	.6468266	.187947	.1652264	0
344.15	0	.6467926	.1879977	.1652096	0
343.15	0	.646759	.1880481	.165193	0
342.15	0	.6467256	.188098	.1651764	0
341.15	0	.6466926	.1881474	.16516	0
340.15	0	.6466598	.1881965	.1651437	0
339.15	0	.6466274	.1882452	.1651275	0
338.15	0	.6465952	.1882934	.1651114	0
337.15	0	.6465633	.1883413	.1650954	0
336.15	0	.6465317	.1883888	.1650796	0
335.15	0	.6465004	.1884358	.1650638	0
334.15	0	.6464693	.1884825	.1650482	0
333.15	0	.6464385	.1885288	.1650327	0
332.15	0	.646408	.1885747	.1650173	0
331.15	0	.6463778	.1886203	.1650019	0
330.15	0	.6463478	.1886654	.1649868	0
329.15	0	.6463181	.1887102	.1649717	0
328.15	0	.6462887	.1887547	.1649567	0
327.15	0	.6462595	.1887987	.1649418	0
326.15	0	.6462305	.1888424	.164927	0
325.15	0	.6462019	.1888858	.1649124	0
324.15	0	.6461734	.1889288	.1648978	0
323.15	0	.6461452	.1889715	.1648833	0
322.15	0	.6461173	.1890138	.164869	0
321.15	0	.6460896	.1890557	.1648547	0
320.15	0	.6460621	.1890973	.1648406	0
319.15	0	.6460349	.1891386	.1648265	0
318.15	0	.6460078	.1891796	.1648126	0
317.15	0	.6459811	.1892202	.1647987	0
316.15	0	.6459545	.1892605	.164785	0
315.15	0	.6459282	.1893005	.1647713	0
314.15	0	.6459021	.1893402	.1647578	0
313.15	0	.6458762	.1893795	.1647443	0
312.15	0	.6458505	.1894185	.1647309	0
311.15	0	.6458251	.1894573	.1647177	0
310.15	0	.6457998	.1894957	.1647045	0
309.15	0	.6457748	.1895338	.1646914	0
308.15	0	.64575	.1895716	.1646785	0
307.15	0	.6457253	.1896091	.1646656	0
306.15	0	.6457009	.1896463	.1646528	0
305.15	0	.6456766	.1896832	.1646401	0
304.15	0	.6456526	.1897199	.1646275	0
303.15	0	.6456288	.1897562	.164615	0
302.15	0	.6456051	.1897923	.1646026	0
301.15	0	.6455817	.1898281	.1645903	0
300.15	0	.6455584	.1898636	.164578	0
299.15	0	.6455353	.1898988	.1645659	0
298.15	0	.6455124	.1899338	.1645538	0
