T	 BPW(LIQUID)	BPW(BCC_A2)	BPW(FCC_A1)	BPW(LAVES_PHASE_C14)	BPW(NI3TI)
1473.15	.2196928	.5844364	0	.1958708	0
1472.15	.2143357	.5879604	0	.1977038	0
1471.15	.209079	.5914141	0	.1995069	0
1470.15	.2039199	.5947992	0	.2012809	0
1469.15	.1988557	.5981177	0	.2030266	0
1468.15	.1938839	.6013712	0	.2047448	0
1467.15	.1890021	.6045616	0	.2064363	0
1466.15	.1842079	.6076904	0	.2081017	0
1465.15	.1794989	.6107592	0	.2097418	0
1464.15	.174873	.6137696	0	.2113573	0
1463.15	.1703281	.6167231	0	.2129488	0
1462.15	.165862	.6196211	0	.214517	0
1461.15	.1614727	.6224649	0	.2160624	0
1460.15	.1571584	.625256	0	.2175857	0
1459.15	.152917	.6279956	0	.2190874	0
1458.15	.1487469	.630685	0	.2205681	0
1457.15	.1446463	.6333255	0	.2220283	0
1456.15	.1406134	.6359181	0	.2234685	0
1455.15	.1366466	.6384641	0	.2248893	0
1454.15	.1327443	.6409646	0	.2262911	0
1453.15	.128905	.6434206	0	.2276744	0
1452.15	.1251271	.6458332	0	.2290396	0
1451.15	.1214093	.6482035	0	.2303873	0
1450.15	.11775	.6505323	0	.2317177	0
1449.15	.1141479	.6528206	0	.2330314	0
1448.15	.1106018	.6550695	0	.2343288	0
1447.15	.1071102	.6572797	0	.2356101	0
1446.15	.103672	.6594522	0	.2368759	0
1445.15	.1002859	.6615877	0	.2381264	0
1444.15	.09695077	.6636872	0	.239362	0
1443.15	.09366545	.6657514	0	.2405831	0
1442.15	.09042883	.6677811	0	.2417901	0
1441.15	.08723983	.6697771	0	.2429831	0
1440.15	.0840974	.67174	0	.2441626	0
1439.15	.08100051	.6736707	0	.2453288	0
1438.15	.07794818	.6755697	0	.2464821	0
1437.15	.07493943	.6774378	0	.2476228	0
1436.15	.07197334	.6792757	0	.248751	0
1435.15	.06904899	.6810839	0	.2498671	0
1434.15	.06616549	.6828631	0	.2509714	0
1433.15	.06332197	.6846139	0	.2520642	0
1432.15	.06051761	.6863368	0	.2531455	0
1431.15	.05775157	.6880326	0	.2542158	0
1430.15	.05502307	.6897017	0	.2552753	0
1429.15	.05233133	.6913446	0	.2563241	0
1428.15	.04967559	.6929619	0	.2573625	0
1427.15	.04705513	.6945541	0	.2583907	0
1426.15	.04446921	.6961218	0	.259409	0
1425.15	.04191716	.6976653	0	.2604175	0
1424.15	.03939828	.6991852	0	.2614165	0
1423.15	.03691191	.700682	0	.2624061	0
1422.15	.03445742	.7021561	0	.2633865	0
1421.15	.03203416	.7036079	0	.2643579	0
1420.15	.02964154	.7050379	0	.2653206	0
1419.15	.02727894	.7064465	0	.2662746	0
1418.15	.02494579	.7078341	0	.2672201	0
1417.15	.02264152	.7092011	0	.2681574	0
1416.15	.02036557	.7105479	0	.2690866	0
1415.15	.01811739	.7118749	0	.2700077	0
1414.15	.01589648	.7131824	0	.2709211	0
1413.15	.0137023	.7144709	0	.2718268	0
1412.15	.01153436	.7157406	0	.2727251	0
1411.15	.009392154	.716992	0	.2736159	0
1410.15	.007275217	.7182253	0	.2744995	0
1409.15	.005183076	.7194409	0	.275376	0
1408.15	.003115274	.7206391	0	.2762456	0
1407.15	.001071364	.7218203	0	.2771084	0
1406.621	0	.7224381	0	.2775619	0
1406.621	0	.7224381	0	.2775619	0
1406.15	0	.7221984	0	.2778016	0
1405.15	0	.7216906	0	.2783094	0
1404.15	0	.721184	0	.278816	0
1403.15	0	.7206787	0	.2793213	0
1402.15	0	.7201746	0	.2798254	0
1401.15	0	.7196718	0	.2803282	0
1400.15	0	.7191701	0	.2808299	0
1399.15	0	.7186697	0	.2813303	0
1398.15	0	.7181705	0	.2818295	0
1397.15	0	.7176726	0	.2823274	0
1396.15	0	.7171758	0	.2828242	0
1395.15	0	.7166802	0	.2833198	0
1394.15	0	.7161859	0	.2838141	0
1393.15	0	.7156927	0	.2843073	0
1392.15	0	.7152008	0	.2847993	0
1391.15	0	.71471	0	.28529	0
1390.15	0	.7142204	0	.2857796	0
1389.15	0	.713732	0	.286268	0
1388.15	0	.7132447	0	.2867553	0
1387.15	0	.7127587	0	.2872413	0
1386.15	0	.7122738	0	.2877262	0
1385.15	0	.7117901	0	.2882099	0
1384.15	0	.7113075	0	.2886925	0
1383.15	0	.7108261	0	.2891739	0
1382.15	0	.7103459	0	.2896541	0
1381.15	0	.7098668	0	.2901332	0
1380.15	0	.7093888	0	.2906112	0
1379.15	0	.708912	0	.291088	0
1378.15	0	.7084363	0	.2915637	0
1377.15	0	.7079618	0	.2920382	0
1376.15	0	.7074884	0	.2925116	0
1375.15	0	.7070161	0	.2929839	0
1374.15	0	.706545	0	.293455	0
1373.15	0	.706075	0	.293925	0
1372.15	0	.7056061	0	.294394	0
1371.15	0	.7051383	0	.2948618	0
1370.15	0	.7046716	0	.2953284	0
1369.15	0	.704206	0	.295794	0
1368.15	0	.7037415	0	.2962585	0
1367.15	0	.7032781	0	.2967219	0
1366.15	0	.7028158	0	.2971842	0
1365.15	0	.7023546	0	.2976454	0
1364.15	0	.7018945	0	.2981055	0
1363.15	0	.7014355	0	.2985645	0
1362.15	0	.7009776	0	.2990224	0
1361.15	0	.7005207	0	.2994793	0
1360.15	0	.7000649	0	.2999351	0
1359.15	0	.6996102	0	.3003898	0
1358.15	0	.6991566	0	.3008434	0
1357.15	0	.698704	0	.301296	0
1356.15	0	.6982525	0	.3017476	0
1355.15	0	.697802	0	.302198	0
1354.15	0	.6973526	0	.3026474	0
1353.15	0	.6969042	0	.3030958	0
1352.15	0	.6964569	0	.3035431	0
1351.15	0	.6960106	0	.3039894	0
1350.15	0	.6955654	0	.3044346	0
1349.15	0	.6951212	0	.3048788	0
1348.15	0	.694678	0	.305322	0
1347.15	0	.6942359	0	.3057641	0
1346.15	0	.6937948	0	.3062052	0
1345.15	0	.6933547	0	.3066453	0
1344.15	0	.6929156	0	.3070844	0
1343.15	0	.6924776	0	.3075224	0
1342.15	0	.6920406	0	.3079594	0
1341.15	0	.6916046	0	.3083954	0
1340.15	0	.6911696	0	.3088305	0
1339.15	0	.6907355	0	.3092645	0
1338.15	0	.6903025	0	.3096975	0
1337.15	0	.6898705	0	.3101295	0
1336.15	0	.6894395	0	.3105605	0
1335.15	0	.6890095	0	.3109905	0
1334.15	0	.6885805	0	.3114195	0
1333.15	0	.6881525	0	.3118476	0
1332.15	0	.6877254	0	.3122746	0
1331.15	0	.6872993	0	.3127007	0
1330.15	0	.6868742	0	.3131258	0
1329.15	0	.6864501	0	.3135499	0
1328.15	0	.6860269	0	.3139731	0
1327.15	0	.6856048	0	.3143952	0
1326.15	0	.6851835	0	.3148165	0
1325.15	0	.6847633	0	.3152367	0
1324.15	0	.684344	0	.315656	0
1323.15	0	.6839256	0	.3160744	0
1322.15	0	.6835083	0	.3164918	0
1321.15	0	.6830918	0	.3169082	0
1320.15	0	.6826763	0	.3173237	0
1319.15	0	.6822618	0	.3177382	0
1318.15	0	.6818482	0	.3181518	0
1317.15	0	.6814355	0	.3185645	0
1316.15	0	.6810238	0	.3189762	0
1315.15	0	.680613	0	.319387	0
1314.15	0	.6802031	0	.3197969	0
1313.15	0	.6797942	0	.3202058	0
1312.15	0	.6793862	0	.3206138	0
1311.15	0	.6789791	0	.3210209	0
1310.15	0	.6785729	0	.3214271	0
1309.15	0	.6781677	0	.3218323	0
1308.15	0	.6777633	0	.3222367	0
1307.15	0	.6773599	0	.3226401	0
1306.15	0	.6769574	0	.3230426	0
1305.15	0	.6765557	0	.3234443	0
1304.15	0	.676155	0	.323845	0
1303.15	0	.6757552	0	.3242448	0
1302.15	0	.6753563	0	.3246437	0
1301.15	0	.6749583	0	.3250417	0
1300.15	0	.6745612	0	.3254388	0
1299.15	0	.6741649	0	.3258351	0
1298.15	0	.6737696	0	.3262304	0
1297.15	0	.6733751	0	.3266249	0
1296.15	0	.6729815	0	.3270185	0
1295.15	0	.6725888	0	.3274112	0
1294.15	0	.672197	0	.327803	0
1293.15	0	.6718061	0	.328194	0
1292.15	0	.671416	0	.328584	0
1291.15	0	.6710268	0	.3289732	0
1290.15	0	.6706384	0	.3293616	0
1289.15	0	.6702509	0	.3297491	0
1288.15	0	.6698643	0	.3301357	0
1287.15	0	.6694786	0	.3305214	0
1286.15	0	.6690937	0	.3309063	0
1285.15	0	.6687096	0	.3312904	0
1284.15	0	.6683264	0	.3316736	0
1283.15	0	.6679441	0	.3320559	0
1282.15	0	.6675626	0	.3324374	0
1281.15	0	.6671819	0	.3328181	0
1280.15	0	.6668021	0	.3331979	0
1279.15	0	.6664231	0	.3335769	0
1278.15	0	.666045	0	.333955	0
1277.15	0	.6656677	0	.3343323	0
1276.15	0	.6652912	0	.3347088	0
1275.15	0	.6649156	0	.3350844	0
1274.15	0	.6645408	0	.3354592	0
1273.15	0	.6641668	0	.3358332	0
1272.15	0	.6637936	0	.3362064	0
1271.15	0	.6634213	0	.3365787	0
1270.15	0	.6630498	0	.3369502	0
1269.15	0	.6626791	0	.3373209	0
1268.15	0	.6623092	0	.3376908	0
1267.15	0	.6619401	0	.3380599	0
1266.15	0	.6615718	0	.3384282	0
1265.15	0	.6612044	0	.3387957	0
1264.15	0	.6608377	0	.3391623	0
1263.15	0	.6604718	0	.3395282	0
1262.15	0	.6601068	0	.3398932	0
1261.15	0	.6597425	0	.3402575	0
1260.15	0	.6593791	0	.340621	0
1259.15	0	.6590164	0	.3409836	0
1258.15	0	.6586545	0	.3413455	0
1257.15	0	.6582934	0	.3417066	0
1256.15	0	.6579331	0	.3420669	0
1255.15	0	.6575736	0	.3424264	0
1254.15	0	.6572149	0	.3427851	0
1253.15	0	.6568569	0	.3431431	0
1252.15	0	.6564997	0	.3435003	0
1251.15	0	.6561433	0	.3438567	0
1250.15	0	.6557877	0	.3442123	0
1249.15	0	.6554329	0	.3445671	0
1248.15	0	.6550788	0	.3449212	0
1247.15	0	.6547255	0	.3452745	0
1246.15	0	.6543729	0	.3456271	0
1245.15	0	.6540211	0	.3459789	0
1244.15	0	.6536701	0	.3463299	0
1243.15	0	.6533199	0	.3466801	0
1242.15	0	.6529704	0	.3470296	0
1241.15	0	.6526216	0	.3473784	0
1240.15	0	.6522736	0	.3477264	0
1239.15	0	.6519264	0	.3480736	0
1238.15	0	.6515799	0	.3484201	0
1237.15	0	.6512341	0	.3487659	0
1236.15	0	.6508891	0	.3491109	0
1235.15	0	.6505449	0	.3494551	0
1234.15	0	.6502014	0	.3497986	0
1233.15	0	.6498586	0	.3501414	0
1232.15	0	.6495166	0	.3504834	0
1231.15	0	.6491753	0	.3508247	0
1230.15	0	.6488347	0	.3511653	0
1229.15	0	.6484949	0	.3515051	0
1228.15	0	.6481558	0	.3518442	0
1227.15	0	.6478174	0	.3521826	0
1226.15	0	.6474797	0	.3525203	0
1225.15	0	.6471428	0	.3528572	0
1224.15	0	.6468066	0	.3531934	0
1223.15	0	.6464711	0	.3535289	0
1222.15	0	.6461364	0	.3538636	0
1221.15	0	.6458023	0	.3541977	0
1220.15	0	.645469	0	.354531	0
1219.15	0	.6451364	0	.3548636	0
1218.15	0	.6448045	0	.3551955	0
1217.15	0	.6444733	0	.3555267	0
1216.15	0	.6441428	0	.3558572	0
1215.15	0	.643813	0	.356187	0
1214.15	0	.6434839	0	.3565161	0
1213.15	0	.6431555	0	.3568445	0
1212.15	0	.6428279	0	.3571721	0
1211.15	0	.6425009	0	.3574991	0
1210.15	0	.6421746	0	.3578254	0
1209.15	0	.641849	0	.358151	0
1208.15	0	.6415241	0	.3584759	0
1207.15	0	.6411999	0	.3588001	0
1206.15	0	.6408764	0	.3591236	0
1205.15	0	.6405536	0	.3594464	0
1204.15	0	.6402315	0	.3597685	0
1203.15	0	.63991	0	.36009	0
1202.15	0	.6395893	0	.3604108	0
1201.15	0	.6392692	0	.3607308	0
1200.15	0	.6389498	0	.3610502	0
1199.15	0	.638631	0	.361369	0
1198.15	0	.638313	0	.361687	0
1197.15	0	.6379956	0	.3620044	0
1196.15	0	.6376789	0	.3623211	0
1195.15	0	.6373629	0	.3626371	0
1194.15	0	.6370475	0	.3629525	0
1193.15	0	.6367328	0	.3632672	0
1192.15	0	.6364188	0	.3635812	0
1191.15	0	.6361054	0	.3638946	0
1190.15	0	.6357927	0	.3642073	0
1189.15	0	.6354807	0	.3645193	0
1188.15	0	.6351693	0	.3648307	0
1187.15	0	.6348586	0	.3651414	0
1186.15	0	.6345485	0	.3654515	0
1185.15	0	.6342391	0	.3657609	0
1184.15	0	.6339304	0	.3660696	0
1183.15	0	.6336223	0	.3663777	0
1182.15	0	.6333148	0	.3666852	0
1181.15	0	.633008	0	.366992	0
1180.15	0	.6327019	0	.3672981	0
1179.15	0	.6323964	0	.3676036	0
1178.15	0	.6320915	0	.3679085	0
1177.15	0	.6317873	0	.3682127	0
1176.15	0	.6314837	0	.3685163	0
1175.15	0	.6311808	0	.3688192	0
1174.15	0	.6308785	0	.3691215	0
1173.15	0	.6305768	0	.3694232	0
1172.15	0	.6302758	0	.3697242	0
1171.15	0	.6299754	0	.3700246	0
1170.15	0	.6296756	0	.3703244	0
1169.15	0	.6293765	0	.3706235	0
1168.15	0	.629078	0	.370922	0
1167.15	0	.6287801	0	.3712199	0
1166.15	0	.6284829	0	.3715171	0
1165.15	0	.6281862	0	.3718138	0
1164.15	0	.6278902	0	.3721098	0
1163.15	0	.6275949	0	.3724051	0
1162.15	0	.6273001	0	.3726999	0
1161.15	0	.627006	0	.372994	0
1160.15	0	.6267124	0	.3732876	0
1159.15	0	.6264196	0	.3735805	0
1158.15	0	.6261273	0	.3738727	0
1157.15	0	.6258356	0	.3741644	0
1156.15	0	.6255445	0	.3744555	0
1155.15	0	.6252541	0	.3747459	0
1154.15	0	.6249642	0	.3750358	0
1153.15	0	.624675	0	.375325	0
1152.15	0	.6243864	0	.3756136	0
1151.15	0	.6240984	0	.3759017	0
1150.15	0	.6238109	0	.3761891	0
1149.15	0	.6235241	0	.3764759	0
1148.15	0	.6232379	0	.3767621	0
1147.264	0	.6229849	0	.3770151	0
1147.264	0	.6229849	0	.3770151	0
1147.264	0	.6229849	0	.3770151	0
1147.15	0	.6228728	8.344594E-05	.3770438	0
1146.15	0	.6218935	8.122869E-04	.3772942	0
1145.15	0	.6209169	.001539104	.377544	0
1144.15	0	.619943	.002263897	.3777931	0
1143.15	0	.6189718	.002986666	.3780416	0
1142.15	0	.6180032	.00370741	.3782894	0
1141.15	0	.6170373	.004426131	.3785366	0
1140.15	0	.6160741	.005142828	.3787831	0
1139.15	0	.6151135	.0058575	.379029	0
1138.15	0	.6141556	.006570148	.3792742	0
1137.15	0	.6132004	.007280772	.3795188	0
1136.15	0	.6122478	.007989371	.3797628	0
1135.15	0	.6112979	.008695945	.3800061	0
1134.15	0	.6103507	.009400494	.3802488	0
1133.15	0	.6094061	.01010302	.3804909	0
1132.15	0	.6084642	.01080352	.3807323	0
1131.15	0	.6075249	.01150199	.3809731	0
1130.15	0	.6065883	.01219843	.3812133	0
1129.15	0	.6056543	.01289285	.3814528	0
1128.15	0	.604723	.01358524	.3816917	0
1127.15	0	.6037944	.01427561	.38193	0
1126.15	0	.6028684	.01496394	.3821677	0
1125.15	0	.601945	.01565025	.3824048	0
1124.15	0	.6010243	.01633453	.3826412	0
1123.15	0	.6001062	.01701678	.382877	0
1122.15	0	.5991908	.017697	.3831122	0
1121.15	0	.598278	.01837519	.3833468	0
1120.15	0	.5973679	.01905134	.3835808	0
1119.15	0	.5964604	.01972547	.3838141	0
1118.15	0	.5955556	.02039756	.3840469	0
1117.15	0	.5946534	.02106761	.384279	0
1116.15	0	.5937538	.02173564	.3845106	0
1115.15	0	.5928568	.02240162	.3847415	0
1114.15	0	.5919626	.02306558	.3849719	0
1113.15	0	.5910709	.02372749	.3852016	0
1112.15	0	.5901819	.02438737	.3854307	0
1111.15	0	.5892955	.02504521	.3856593	0
1110.15	0	.5884118	.02570101	.3858872	0
1109.15	0	.5875307	.02635477	.3861146	0
1108.15	0	.5866522	.02700649	.3863413	0
1107.15	0	.5857764	.02765617	.3865675	0
1106.15	0	.5849032	.0283038	.386793	0
1105.15	0	.5840326	.02894939	.387018	0
1104.15	0	.5831647	.02959293	.3872424	0
1103.15	0	.5822994	.03023443	.3874662	0
1102.15	0	.5814367	.03087388	.3876894	0
1101.15	0	.5805767	.03151128	.3879121	0
1100.15	0	.5797193	.03214663	.3881341	0
1099.15	0	.5788645	.03277993	.3883556	0
1098.15	0	.5780124	.03341117	.3885765	0
1097.15	0	.5771629	.03404037	.3887968	0
1096.15	0	.576316	.03466751	.3890165	0
1095.15	0	.5754718	.03529259	.3892356	0
1094.15	0	.5746302	.03591561	.3894542	0
1093.15	0	.5737912	.03653658	.3896722	0
1092.15	0	.5729549	.03715549	.3898896	0
1091.15	0	.5721212	.03777233	.3901065	0
1090.15	0	.5712901	.03838711	.3903228	0
1089.15	0	.5704617	.03899983	.3905385	0
1088.15	0	.5696359	.03961048	.3907536	0
1087.15	0	.5688127	.04021907	.3909682	0
1086.15	0	.5679922	.04082558	.3911822	0
1085.15	0	.5671743	.04143003	.3913957	0
1084.15	0	.5663591	.0420324	.3916085	0
1083.15	0	.5655464	.0426327	.3918208	0
1082.15	0	.5647365	.04323093	.3920326	0
1081.15	0	.5639291	.04382707	.3922438	0
1080.15	0	.5631244	.04442114	.3924544	0
1079.15	0	.5623224	.04501314	.3926645	0
1078.15	0	.5615229	.04560304	.392874	0
1077.15	0	.5607262	.04619087	.393083	0
1076.15	0	.559932	.04677661	.3932914	0
1075.15	0	.5591405	.04736026	.3934992	0
1074.15	0	.5583517	.04794183	.3937065	0
1073.15	0	.5575655	.04852131	.3939132	0
1072.15	0	.5567819	.04909869	.3941194	0
1071.15	0	.556001	.04967398	.394325	0
1070.15	0	.5552227	.05024718	.3945301	0
1069.15	0	.5544471	.05081827	.3947347	0
1068.15	0	.5536741	.05138727	.3949386	0
1067.15	0	.5529038	.05195417	.3951421	0
1066.15	0	.5521361	.05251897	.3953449	0
1065.15	0	.5513711	.05308166	.3955473	0
1064.15	0	.5506087	.05364224	.395749	0
1063.15	0	.549849	.05420071	.3959503	0
1062.15	0	.549092	.05475708	.396151	0
1061.15	0	.5483376	.05531133	.3963511	0
1060.15	0	.5475858	.05586347	.3965507	0
1059.15	0	.5468367	.0564135	.3967498	0
1058.15	0	.5460903	.0569614	.3969483	0
1057.15	0	.5453466	.05750718	.3971463	0
1056.15	0	.5446055	.05805085	.3973437	0
1055.15	0	.543867	.05859239	.3975406	0
1054.15	0	.5431313	.0591318	.3977369	0
1053.15	0	.5423982	.05966908	.3979327	0
1052.15	0	.5416678	.06020424	.398128	0
1051.15	0	.54094	.06073726	.3983227	0
1050.15	0	.5402149	.06126815	.3985169	0
1049.15	0	.5394925	.06179691	.3987106	0
1048.15	0	.5387728	.06232352	.3989037	0
1047.15	0	.5380558	.062848	.3990963	0
1046.15	0	.5373414	.06337033	.3992883	0
1045.15	0	.5366297	.06389052	.3994798	0
1044.15	0	.5359207	.06440856	.3996708	0
1043.15	0	.5352144	.06492446	.3998612	0
1042.15	0	.5345107	.06543821	.4000511	0
1041.15	0	.5338098	.0659498	.4002404	0
1040.15	0	.5331115	.06645924	.4004292	0
1039.15	0	.532416	.06696652	.4006175	0
1038.15	0	.5317231	.06747165	.4008053	0
1037.15	0	.5310329	.06797462	.4009925	0
1036.15	0	.5303454	.06847542	.4011792	0
1035.15	0	.5296606	.06897406	.4013653	0
1034.15	0	.5289786	.06947054	.4015509	0
1033.15	0	.5282992	.06996484	.401736	0
1032.15	0	.5276225	.07045698	.4019205	0
1031.15	0	.5269485	.07094695	.4021045	0
1030.15	0	.5262773	.07143474	.402288	0
1029.15	0	.5256087	.07192036	.4024709	0
1028.15	0	.5249429	.0724038	.4026533	0
1027.15	0	.5242797	.07288506	.4028352	0
1026.15	0	.5236193	.07336414	.4030165	0
1025.15	0	.5229616	.07384104	.4031973	0
1024.15	0	.5223066	.07431575	.4033776	0
1023.15	0	.5216544	.07478828	.4035573	0
1022.15	0	.5210049	.07525862	.4037365	0
1021.15	0	.5203581	.07572677	.4039152	0
1020.15	0	.519714	.07619273	.4040933	0
1019.15	0	.5190726	.07665649	.4042709	0
1018.15	0	.518434	.07711807	.4044479	0
1017.15	0	.5177981	.07757744	.4046244	0
1016.15	0	.517165	.07803462	.4048004	0
1015.15	0	.5165346	.0784896	.4049758	0
1014.15	0	.5159069	.07894238	.4051507	0
1013.15	0	.5152819	.07939296	.4053251	0
1012.15	0	.5146598	.07984134	.4054989	0
1011.15	0	.5140403	.08028751	.4056722	0
1010.15	0	.5134236	.08073148	.4058449	0
1009.15	0	.5128096	.08117324	.4060171	0
1008.15	0	.5121984	.08161279	.4061888	0
1007.15	0	.51159	.08205013	.4063599	0
1006.15	0	.5109843	.08248527	.4065305	0
1005.15	0	.5103813	.08291819	.4067005	0
1004.15	0	.5097811	.0833489	.40687	0
1003.15	0	.5091837	.0837774	.4070389	0
1002.15	0	.508589	.08420369	.4072073	0
1001.15	0	.5079971	.08462776	.4073752	0
1000.15	0	.5074079	.08504961	.4075425	0
999.15	0	.5068215	.08546926	.4077093	0
998.15	0	.5062379	.08588668	.4078754	0
997.15	0	.505657	.0863019	.4080411	0
996.15	0	.5050789	.08671489	.4082062	0
995.15	0	.5045036	.08712567	.4083708	0
994.15	0	.503931	.08753423	.4085348	0
993.15	0	.5033612	.08794058	.4086982	0
992.15	0	.5027942	.08834471	.4088611	0
991.15	0	.5022299	.08874662	.4090234	0
990.15	0	.5016685	.08914632	.4091852	0
989.15	0	.5011098	.08954381	.4093464	0
988.15	0	.5005539	.08993908	.4095071	0
987.15	0	.5000007	.09033213	.4096672	0
986.15	0	.4994503	.09072297	.4098267	0
985.15	0	.4989027	.0911116	.4099857	0
984.15	0	.4983579	.09149802	.4101441	0
983.15	0	.4978159	.09188223	.4103019	0
982.15	0	.4972766	.09226423	.4104591	0
981.15	0	.4967402	.09264402	.4106158	0
980.15	0	.4962065	.0930216	.4107719	0
979.15	0	.4956755	.09339699	.4109275	0
978.15	0	.4951474	.09377017	.4110825	0
977.15	0	.494622	.09414115	.4112368	0
976.15	0	.4940994	.09450993	.4113906	0
975.15	0	.4935796	.09487651	.4115439	0
974.15	0	.4930626	.09524091	.4116965	0
973.15	0	.4925483	.09560311	.4118486	0
972.15	0	.4920368	.09596313	.412	0
971.15	0	.4915281	.09632096	.4121509	0
970.15	0	.4910222	.09667661	.4123012	0
969.15	0	.490519	.09703009	.4124509	0
968.15	0	.4900187	.09738139	.4126	0
967.15	0	.489521	.09773052	.4127484	0
966.15	0	.4890262	.09807749	.4128963	0
965.15	0	.4885341	.0984223	.4130436	0
964.15	0	.4880448	.09876495	.4131903	0
963.15	0	.4875582	.09910545	.4133364	0
962.15	0	.4870744	.0994438	.4134818	0
961.15	0	.4865933	.09978002	.4136267	0
960.15	0	.486115	.1001141	.4137709	0
959.15	0	.4856395	.1004461	.4139145	0
958.15	0	.4851667	.1007759	.4140574	0
957.15	0	.4846966	.1011036	.4141998	0
956.15	0	.4842293	.1014292	.4143415	0
955.15	0	.4837647	.1017527	.4144826	0
954.15	0	.4833028	.1020741	.4146231	0
953.15	0	.4828437	.1023934	.4147629	0
952.15	0	.4823873	.1027107	.414902	0
951.15	0	.4819336	.1030258	.4150406	0
950.15	0	.4814826	.1033389	.4151784	0
949.15	0	.4810344	.10365	.4153156	0
948.15	0	.4805888	.103959	.4154522	0
947.15	0	.4801459	.104266	.4155881	0
946.15	0	.4797057	.104571	.4157234	0
945.15	0	.4792682	.1048739	.4158579	0
944.15	0	.4788333	.1051748	.4159918	0
943.15	0	.4784012	.1054738	.416125	0
942.15	0	.4779717	.1057708	.4162576	0
941.15	0	.4775448	.1060658	.4163894	0
940.15	0	.4771205	.1063589	.4165206	0
939.15	0	.476699	.10665	.4166511	0
938.15	0	.47628	.1069392	.4167808	0
937.15	0	.4758636	.1072265	.4169099	0
936.15	0	.4754499	.1075119	.4170382	0
935.15	0	.4750387	.1077954	.4171659	0
934.15	0	.4746301	.108077	.4172928	0
933.15	0	.4742241	.1083568	.417419	0
932.15	0	.4738207	.1086348	.4175445	0
931.15	0	.4734198	.108911	.4176692	0
930.15	0	.4730214	.1091853	.4177933	0
929.15	0	.4726256	.1094579	.4179165	0
928.15	0	.4722322	.1097288	.418039	0
927.15	0	.4718414	.1099979	.4181608	0
926.15	0	.471453	.1102653	.4182818	0
925.15	0	.4710671	.1105309	.418402	0
924.15	0	.4706836	.110795	.4185215	0
923.15	0	.4703026	.1110573	.4186401	0
922.15	0	.4699239	.1113181	.418758	0
921.15	0	.4695477	.1115772	.4188751	0
920.15	0	.4691738	.1118348	.4189914	0
919.15	0	.4688023	.1120908	.4191069	0
918.15	0	.4684332	.1123453	.4192215	0
917.15	0	.4680663	.1125983	.4193354	0
916.15	0	.4677018	.1128498	.4194484	0
915.15	0	.4673395	.1130999	.4195606	0
914.15	0	.4669795	.1133486	.4196719	0
913.15	0	.4666216	.1135959	.4197824	0
912.15	0	.466266	.1138419	.4198921	0
911.15	0	.4659126	.1140866	.4200008	0
910.15	0	.4655613	.11433	.4201087	0
909.15	0	.4652122	.1145721	.4202157	0
908.15	0	.4648651	.1148131	.4203218	0
907.15	0	.4645201	.1150529	.420427	0
906.15	0	.4641772	.1152915	.4205313	0
905.15	0	.4638362	.1155291	.4206347	0
904.15	0	.4634973	.1157656	.4207371	0
903.15	0	.4631602	.1160012	.4208386	0
902.15	0	.4628251	.1162357	.4209392	0
901.15	0	.4624918	.1164694	.4210388	0
900.15	0	.4621604	.1167022	.4211374	0
899.15	0	.4618308	.1169342	.421235	0
898.15	0	.461503	.1171654	.4213317	0
897.15	0	.4611768	.1173959	.4214273	0
896.15	0	.4608524	.1176257	.4215219	0
895.15	0	.4605296	.1178549	.4216155	0
894.15	0	.4602084	.1180836	.421708	0
893.15	0	.4598887	.1183118	.4217995	0
892.15	0	.4595705	.1185395	.42189	0
891.15	0	.4592538	.1187669	.4219793	0
890.15	0	.4589385	.1189939	.4220676	0
889.15	0	.4586246	.1192207	.4221547	0
888.15	0	.4583119	.1194474	.4222407	0
887.15	0	.4580005	.1196739	.4223256	0
886.15	0	.4576903	.1199004	.4224093	0
885.15	0	.4573812	.1201269	.4224919	0
884.15	0	.4570732	.1203536	.4225733	0
883.15	0	.4567662	.1205804	.4226534	0
882.15	0	.4564601	.1208075	.4227324	0
881.15	0	.4561549	.121035	.4228101	0
880.15	0	.4558505	.121263	.4228866	0
879.15	0	.4555468	.1214914	.4229617	0
878.15	0	.4552438	.1217205	.4230356	0
877.15	0	.4549414	.1219504	.4231082	0
876.15	0	.4546395	.1221811	.4231794	0
875.15	0	.454338	.1224127	.4232493	0
874.15	0	.4540368	.1226454	.4233178	0
873.15	0	.4537359	.1228792	.4233849	0
872.15	0	.4534351	.1231143	.4234506	0
871.15	0	.4531344	.1233508	.4235148	0
870.15	0	.4528337	.1235888	.4235775	0
869.15	0	.4525328	.1238285	.4236388	0
868.15	0	.4522316	.1240699	.4236985	0
867.15	0	.4519301	.1243133	.4237566	0
866.15	0	.4516281	.1245588	.4238131	0
865.15	0	.4513255	.1248064	.4238681	0
864.15	0	.4510222	.1250565	.4239213	0
863.15	0	.450718	.1253091	.4239729	0
862.15	0	.4504128	.1255645	.4240227	0
861.15	0	.4501065	.1258227	.4240708	0
860.15	0	.4497989	.1260841	.424117	0
859.15	0	.4494898	.1263487	.4241615	0
858.15	0	.4491791	.1266169	.424204	0
857.15	0	.4488667	.1268887	.4242446	0
856.15	0	.4485523	.1271646	.4242832	0
855.15	0	.4482357	.1274446	.4243198	0
854.15	0	.4479168	.127729	.4243543	0
853.15	0	.4475953	.1280182	.4243866	0
852.15	0	.447271	.1283123	.4244168	0
851.15	0	.4469437	.1286117	.4244446	0
850.15	0	.4466131	.1289167	.4244702	0
849.15	0	.446279	.1292277	.4244933	0
848.15	0	.445941	.129545	.424514	0
847.15	0	.445599	.1298689	.4245321	0
846.15	0	.4452525	.1301999	.4245476	0
845.15	0	.4449013	.1305383	.4245604	0
844.15	0	.444545	.1308847	.4245703	0
843.15	0	.4441831	.1312396	.4245773	0
842.15	0	.4438153	.1316034	.4245812	0
841.15	0	.4434412	.1319768	.424582	0
840.15	0	.4430602	.1323603	.4245795	0
839.15	0	.4426719	.1327545	.4245736	0
838.15	0	.4422756	.1331603	.4245641	0
837.15	0	.4417838	.1336811	.4245351	0
836.15	0	.4410168	.1345303	.424453	0
835.15	0	.4402915	.1353342	.4243743	0
834.15	0	.4396049	.1360963	.4242988	0
833.15	0	.4389542	.1368195	.4242263	0
832.15	0	.4383372	.1375063	.4241565	0
831.15	0	.4377515	.1381593	.4240892	0
830.15	0	.437195	.1387807	.4240243	0
829.15	0	.436666	.1393725	.4239616	0
828.15	0	.4361627	.1399365	.4239008	0
827.15	0	.4356835	.1404745	.423842	0
826.15	0	.4352271	.1409881	.4237849	0
825.15	0	.4347919	.1414786	.4237295	0
824.15	0	.4343769	.1419476	.4236756	0
823.15	0	.4339808	.1423961	.4236231	0
822.15	0	.4336026	.1428254	.423572	0
821.15	0	.4332413	.1432366	.4235221	0
820.15	0	.4328959	.1436306	.4234735	0
819.15	0	.4325657	.1440084	.4234259	0
818.15	0	.4322497	.1443709	.4233794	0
817.15	0	.4319472	.1447189	.4233339	0
816.15	0	.4316576	.1450532	.4232892	0
815.15	0	.4313801	.1453744	.4232455	0
814.15	0	.4311141	.1456833	.4232026	0
813.15	0	.4308591	.1459804	.4231605	0
812.15	0	.4306145	.1462665	.4231191	0
811.15	0	.4303797	.146542	.4230784	0
810.15	0	.4301543	.1468074	.4230383	0
809.15	0	.4299378	.1470634	.4229989	0
808.15	0	.4297298	.1473102	.42296	0
807.15	0	.4295298	.1475485	.4229217	0
806.15	0	.4293376	.1477785	.4228839	0
805.15	0	.4291526	.1480008	.4228466	0
804.15	0	.4289746	.1482156	.4228098	0
803.15	0	.4288032	.1484234	.4227734	0
802.15	0	.4286382	.1486244	.4227375	0
801.15	0	.4284791	.148819	.4227019	0
800.15	0	.4283259	.1490074	.4226667	0
799.15	0	.428178	.1491901	.4226319	0
798.15	0	.4280354	.1493672	.4225974	0
797.15	0	.4278978	.1495389	.4225633	0
796.15	0	.427765	.1497056	.4225294	0
795.15	0	.4276366	.1498676	.4224958	0
794.15	0	.4275126	.1500248	.4224625	0
793.15	0	.4273928	.1501777	.4224295	0
792.15	0	.4272768	.1503264	.4223967	0
791.15	0	.4271647	.1504711	.4223642	0
790.15	0	.4270561	.150612	.4223319	0
789.15	0	.426951	.1507492	.4222998	0
788.15	0	.4268492	.150883	.4222678	0
787.15	0	.4267505	.1510134	.4222361	0
786.15	0	.4266548	.1511406	.4222046	0
785.15	0	.426562	.1512648	.4221732	0
784.15	0	.4264719	.1513861	.422142	0
783.15	0	.4263844	.1515046	.422111	0
782.15	0	.4262995	.1516204	.4220801	0
781.15	0	.4262169	.1517338	.4220493	0
780.15	0	.4261366	.1518447	.4220187	0
779.15	0	.4260585	.1519533	.4219882	0
778.15	0	.4259825	.1520596	.4219578	0
777.15	0	.4259085	.1521639	.4219276	0
776.15	0	.4258364	.1522662	.4218974	0
775.15	0	.4257662	.1523665	.4218673	0
774.15	0	.4256977	.152465	.4218374	0
773.15	0	.4256308	.1525617	.4218075	0
772.15	0	.4255656	.1526567	.4217777	0
771.15	0	.4255019	.1527501	.421748	0
770.15	0	.4254396	.152842	.4217184	0
769.15	0	.4253788	.1529324	.4216888	0
768.15	0	.4253193	.1530214	.4216593	0
767.15	0	.4252611	.153109	.4216299	0
766.15	0	.4252041	.1531954	.4216005	0
765.15	0	.4251482	.1532806	.4215712	0
764.15	0	.4250935	.1533645	.421542	0
763.15	0	.4250399	.1534474	.4215127	0
762.15	0	.4249873	.1535292	.4214836	0
761.15	0	.4249356	.1536099	.4214545	0
760.15	0	.4248849	.1536897	.4214254	0
759.15	0	.4248351	.1537686	.4213963	0
758.15	0	.4247862	.1538465	.4213673	0
757.15	0	.424738	.1539236	.4213384	0
756.15	0	.4246907	.1539999	.4213094	0
755.15	0	.4246441	.1540755	.4212805	0
754.15	0	.4245982	.1541503	.4212516	0
753.15	0	.4245529	.1542243	.4212227	0
752.15	0	.4245084	.1542978	.4211939	0
751.15	0	.4244644	.1543705	.421165	0
750.15	0	.4244211	.1544427	.4211362	0
749.15	0	.4243799	.1545131	.421107	0
748.15	0	.4243375	.1545842	.4210783	0
747.15	0	.4242957	.1546548	.4210495	0
746.15	0	.4242544	.1547249	.4210208	0
745.15	0	.4242135	.1547945	.4209921	0
744.15	0	.4241731	.1548636	.4209634	0
743.15	0	.4241331	.1549323	.4209346	0
742.15	0	.4240935	.1550006	.4209059	0
741.15	0	.4240544	.1550684	.4208772	0
740.15	0	.4240156	.1551359	.4208485	0
739.15	0	.4239771	.1552031	.4208198	0
738.15	0	.423939	.1552699	.4207911	0
737.15	0	.4239013	.1553364	.4207624	0
736.15	0	.4238638	.1554026	.4207337	0
735.15	0	.4238266	.1554685	.4207049	0
734.15	0	.4237897	.1555341	.4206762	0
733.15	0	.4237531	.1555994	.4206475	0
732.15	0	.4237167	.1556646	.4206187	0
731.15	0	.4236806	.1557294	.42059	0
730.15	0	.4236446	.1557941	.4205612	0
729.15	0	.4236089	.1558586	.4205325	0
728.15	0	.4235734	.1559228	.4205037	0
727.15	0	.4235381	.1559869	.420475	0
726.15	0	.423503	.1560508	.4204462	0
725.15	0	.423468	.1561146	.4204174	0
724.15	0	.4234332	.1561782	.4203886	0
723.15	0	.4233986	.1562417	.4203597	0
722.15	0	.4233641	.156305	.4203309	0
721.15	0	.4233297	.1563682	.4203021	0
720.15	0	.4232955	.1564313	.4202732	0
719.15	0	.4232614	.1564943	.4202443	0
718.15	0	.4232274	.1565572	.4202155	0
717.15	0	.4231935	.15662	.4201866	0
716.15	0	.4231597	.1566827	.4201576	0
715.15	0	.423126	.1567453	.4201287	0
714.15	0	.4230923	.1568079	.4200998	0
713.15	0	.4230588	.1568704	.4200708	0
712.15	0	.4230253	.1569328	.4200419	0
711.15	0	.4229919	.1569952	.4200129	0
710.15	0	.4229586	.1570575	.4199839	0
709.15	0	.4229253	.1571198	.4199549	0
708.15	0	.4228921	.1571821	.4199258	0
707.15	0	.4228589	.1572443	.4198968	0
706.15	0	.4228258	.1573065	.4198677	0
705.15	0	.4227927	.1573687	.4198386	0
704.15	0	.4227596	.1574308	.4198096	0
703.15	0	.4227266	.157493	.4197804	0
702.15	0	.4226936	.1575551	.4197513	0
701.15	0	.4226606	.1576172	.4197222	0
700.15	0	.4226277	.1576793	.419693	0
699.15	0	.4225948	.1577414	.4196638	0
698.15	0	.4225619	.1578035	.4196346	0
697.15	0	.422529	.1578656	.4196054	0
696.15	0	.4224961	.1579277	.4195762	0
695.15	0	.4224632	.1579898	.4195469	0
694.15	0	.4224303	.1580519	.4195177	0
693.15	0	.4223975	.1581141	.4194884	0
692.15	0	.4223646	.1581762	.4194591	0
691.15	0	.4223318	.1582384	.4194298	0
690.15	0	.4222989	.1583006	.4194005	0
689.15	0	.422266	.1583628	.4193712	0
688.15	0	.4222332	.158425	.4193418	0
687.15	0	.4222003	.1584873	.4193124	0
686.15	0	.4221674	.1585496	.4192831	0
685.15	0	.4221345	.1586119	.4192537	0
684.15	0	.4221016	.1586742	.4192242	0
683.15	0	.4220686	.1587366	.4191948	0
682.15	0	.4220357	.158799	.4191654	0
681.15	0	.4220027	.1588614	.4191359	0
680.15	0	.4219697	.1589238	.4191064	0
679.15	0	.4219367	.1589863	.4190769	0
678.15	0	.4219037	.1590489	.4190474	0
677.15	0	.4218707	.1591114	.4190179	0
676.15	0	.4218376	.159174	.4189884	0
675.15	0	.4218045	.1592366	.4189588	0
674.15	0	.4217714	.1592993	.4189293	0
673.15	0	.4217383	.159362	.4188997	0
672.15	0	.4217052	.1594247	.4188701	0
671.15	0	.421672	.1594875	.4188405	0
670.15	0	.4216388	.1595503	.4188109	0
669.15	0	.4216056	.1596132	.4187813	0
668.15	0	.4215723	.159676	.4187517	0
667.15	0	.421539	.159739	.418722	0
666.15	0	.4215057	.1598019	.4186923	0
665.15	0	.4214724	.1598649	.4186627	0
664.15	0	.4214391	.159928	.418633	0
663.15	0	.4214057	.159991	.4186033	0
662.15	0	.4213723	.1600541	.4185736	0
661.15	0	.4213388	.1601173	.4185439	0
660.15	0	.4213054	.1601805	.4185142	0
659.15	0	.4212719	.1602437	.4184844	0
658.15	0	.4212383	.160307	.4184547	0
657.15	0	.4212048	.1603703	.4184249	0
656.15	0	.4211712	.1604336	.4183952	0
655.15	0	.4211376	.160497	.4183654	0
654.15	0	.421104	.1605604	.4183356	0
653.15	0	.4210703	.1606238	.4183058	0
652.15	0	.4210366	.1606873	.4182761	0
651.15	0	.4210029	.1607508	.4182463	0
650.15	0	.4209692	.1608144	.4182165	0
649.15	0	.4209354	.160878	.4181866	0
648.15	0	.4209016	.1609416	.4181568	0
647.15	0	.4208678	.1610052	.418127	0
646.15	0	.4208339	.1610689	.4180972	0
645.15	0	.4208001	.1611326	.4180673	0
644.15	0	.4207662	.1611963	.4180375	0
643.15	0	.4207322	.1612601	.4180076	0
642.15	0	.4206983	.1613239	.4179778	0
641.15	0	.4206643	.1613877	.4179479	0
640.15	0	.4206303	.1614516	.4179181	0
639.15	0	.4205963	.1615155	.4178882	0
638.15	0	.4205622	.1615794	.4178584	0
637.15	0	.4205282	.1616433	.4178285	0
636.15	0	.4204941	.1617073	.4177986	0
635.15	0	.42046	.1617713	.4177688	0
634.15	0	.4204258	.1618353	.4177389	0
633.15	0	.4203917	.1618993	.417709	0
632.15	0	.4203575	.1619634	.4176791	0
631.15	0	.4203233	.1620275	.4176493	0
630.15	0	.420289	.1620916	.4176194	0
629.15	0	.4202548	.1621557	.4175895	0
628.15	0	.4202205	.1622198	.4175597	0
627.15	0	.4201863	.162284	.4175298	0
626.15	0	.420152	.1623481	.4174999	0
625.15	0	.4201176	.1624123	.41747	0
624.15	0	.4200833	.1624765	.4174402	0
623.15	0	.4200489	.1625407	.4174103	0
622.15	0	.4200146	.162605	.4173805	0
621.15	0	.4199802	.1626692	.4173506	0
620.15	0	.4199458	.1627335	.4173207	0
619.15	0	.4199114	.1627977	.4172909	0
618.15	0	.4198769	.162862	.4172611	0
617.15	0	.4198425	.1629263	.4172312	0
616.15	0	.419808	.1629906	.4172014	0
615.15	0	.4197736	.1630549	.4171716	0
614.15	0	.4197391	.1631192	.4171417	0
613.15	0	.4197046	.1631835	.4171119	0
612.15	0	.4196701	.1632478	.4170821	0
611.15	0	.4196356	.1633121	.4170523	0
610.15	0	.419601	.1633765	.4170225	0
609.15	0	.4195665	.1634408	.4169927	0
608.15	0	.4195319	.1635051	.416963	0
607.15	0	.4194974	.1635694	.4169332	0
606.15	0	.4194628	.1636337	.4169034	0
605.15	0	.4194283	.1636981	.4168737	0
604.15	0	.4193937	.1637624	.416844	0
603.15	0	.4193591	.1638267	.4168142	0
602.15	0	.4193245	.163891	.4167845	0
601.15	0	.4192899	.1639553	.4167548	0
600.15	0	.4192553	.1640196	.4167251	0
599.15	0	.4192207	.1640839	.4166954	0
598.15	0	.4191861	.1641481	.4166658	0
597.15	0	.4191515	.1642124	.4166361	0
596.15	0	.4191169	.1642766	.4166065	0
595.15	0	.4190823	.1643409	.4165769	0
594.15	0	.4190476	.1644051	.4165472	0
593.15	0	.419013	.1644693	.4165176	0
592.15	0	.4189784	.1645335	.4164881	0
591.15	0	.4189438	.1645977	.4164585	0
590.15	0	.4189092	.1646618	.416429	0
589.15	0	.4188746	.164726	.4163994	0
588.15	0	.41884	.1647901	.4163699	0
587.15	0	.4188054	.1648542	.4163404	0
586.15	0	.4187708	.1649183	.4163109	0
585.15	0	.4187362	.1649824	.4162815	0
584.15	0	.4187016	.1650464	.416252	0
583.15	0	.418667	.1651104	.4162226	0
582.15	0	.4186324	.1651744	.4161932	0
581.15	0	.4185978	.1652384	.4161638	0
580.15	0	.4185633	.1653023	.4161344	0
579.15	0	.4185287	.1653662	.4161051	0
578.15	0	.4184942	.1654301	.4160758	0
577.15	0	.4184596	.1654939	.4160465	0
576.15	0	.4184251	.1655577	.4160172	0
575.15	0	.4183906	.1656215	.4159879	0
574.15	0	.418356	.1656853	.4159587	0
573.15	0	.4183216	.165749	.4159295	0
572.15	0	.4182871	.1658126	.4159003	0
571.15	0	.4182526	.1658763	.4158711	0
570.15	0	.4182181	.1659399	.415842	0
569.15	0	.4181837	.1660035	.4158129	0
568.15	0	.4181492	.166067	.4157838	0
567.15	0	.4181148	.1661305	.4157548	0
566.15	0	.4180804	.1661939	.4157257	0
565.15	0	.418046	.1662573	.4156967	0
564.15	0	.4180116	.1663207	.4156677	0
563.15	0	.4179772	.166384	.4156388	0
562.15	0	.4179429	.1664473	.4156099	0
561.15	0	.4179086	.1665105	.415581	0
560.15	0	.4178743	.1665737	.4155521	0
559.15	0	.41784	.1666368	.4155233	0
558.15	0	.4178057	.1666999	.4154945	0
557.15	0	.4177714	.1667629	.4154657	0
556.15	0	.4177372	.1668259	.4154369	0
555.15	0	.417703	.1668888	.4154082	0
554.15	0	.4176688	.1669517	.4153795	0
553.15	0	.4176346	.1670145	.4153509	0
552.15	0	.4176005	.1670773	.4153223	0
551.15	0	.4175663	.16714	.4152937	0
550.15	0	.4175323	.1672026	.4152651	0
549.15	0	.4174982	.1672652	.4152366	0
548.15	0	.4174641	.1673277	.4152081	0
547.15	0	.4174301	.1673902	.4151797	0
546.15	0	.4173961	.1674527	.4151513	0
545.15	0	.4173621	.167515	.4151229	0
544.15	0	.4173282	.1675773	.4150946	0
543.15	0	.4172942	.1676395	.4150663	0
542.15	0	.4172603	.1677017	.415038	0
541.15	0	.4172265	.1677638	.4150098	0
540.15	0	.4171926	.1678258	.4149816	0
539.15	0	.4171588	.1678878	.4149534	0
538.15	0	.417125	.1679497	.4149253	0
537.15	0	.4170913	.1680115	.4148972	0
536.15	0	.4170575	.1680733	.4148692	0
535.15	0	.4170238	.168135	.4148412	0
534.15	0	.4169902	.1681966	.4148132	0
533.15	0	.4169565	.1682582	.4147853	0
532.15	0	.4169229	.1683197	.4147574	0
531.15	0	.4168894	.1683811	.4147296	0
530.15	0	.4168558	.1684424	.4147018	0
529.15	0	.4168223	.1685036	.4146741	0
528.15	0	.4167888	.1685648	.4146464	0
527.15	0	.4167554	.1686259	.4146187	0
526.15	0	.416722	.1686869	.4145911	0
525.15	0	.4166886	.1687479	.4145635	0
524.15	0	.4166553	.1688087	.414536	0
523.15	0	.416622	.1688695	.4145085	0
522.15	0	.4165888	.1689302	.414481	0
521.15	0	.4165555	.1689908	.4144537	0
520.15	0	.4165223	.1690514	.4144263	0
519.15	0	.4164892	.1691118	.414399	0
518.15	0	.4164561	.1691722	.4143718	0
517.15	0	.416423	.1692325	.4143445	0
516.15	0	.41639	.1692926	.4143174	0
515.15	0	.416357	.1693528	.4142903	0
514.15	0	.416324	.1694128	.4142632	0
513.15	0	.4162911	.1694727	.4142362	0
512.15	0	.4162582	.1695325	.4142092	0
511.15	0	.4162254	.1695923	.4141823	0
510.15	0	.4161926	.1696519	.4141555	0
509.15	0	.4161599	.1697115	.4141286	0
508.15	0	.4161272	.169771	.4141019	0
507.15	0	.4160945	.1698303	.4140752	0
506.15	0	.4160619	.1698896	.4140485	0
505.15	0	.4160293	.1699488	.4140219	0
504.15	0	.4159967	.1700079	.4139954	0
503.15	0	.4159642	.1700669	.4139689	0
502.15	0	.4159318	.1701258	.4139424	0
501.15	0	.4158994	.1701846	.4139161	0
500.15	0	.415867	.1702433	.4138897	0
499.15	0	.4158347	.1703019	.4138634	0
498.15	0	.4158025	.1703604	.4138371	0
497.15	0	.4157703	.1704187	.413811	0
496.15	0	.4157381	.170477	.4137848	0
495.15	0	.415706	.1705352	.4137588	0
494.15	0	.4156739	.1705933	.4137328	0
493.15	0	.4156419	.1706513	.4137068	0
492.15	0	.4156099	.1707092	.413681	0
491.15	0	.415578	.1707669	.4136551	0
490.15	0	.4155461	.1708246	.4136294	0
489.15	0	.4155142	.1708821	.4136036	0
488.15	0	.4154824	.1709396	.413578	0
487.15	0	.4154507	.1709969	.4135524	0
486.15	0	.415419	.1710542	.4135269	0
485.15	0	.4153873	.1711113	.4135014	0
484.15	0	.4153557	.1711683	.413476	0
483.15	0	.4153242	.1712252	.4134506	0
482.15	0	.4152927	.171282	.4134253	0
481.15	0	.4152613	.1713386	.4134001	0
480.15	0	.4152299	.1713952	.413375	0
479.15	0	.4151985	.1714516	.4133499	0
478.15	0	.4151672	.171508	.4133248	0
477.15	0	.415136	.1715642	.4132998	0
476.15	0	.4151048	.1716203	.4132749	0
475.15	0	.4150737	.1716763	.4132501	0
474.15	0	.4150426	.1717321	.4132253	0
473.15	0	.4150116	.1717879	.4132006	0
472.15	0	.4149806	.1718435	.4131759	0
471.15	0	.4149497	.171899	.4131513	0
470.15	0	.4149188	.1719544	.4131268	0
469.15	0	.414888	.1720097	.4131024	0
468.15	0	.4148572	.1720648	.413078	0
467.15	0	.4148265	.1721198	.4130536	0
466.15	0	.4147959	.1721747	.4130294	0
465.15	0	.4147653	.1722295	.4130052	0
464.15	0	.4147348	.1722842	.4129811	0
463.15	0	.4147043	.1723387	.412957	0
462.15	0	.4146739	.1723931	.412933	0
461.15	0	.4146435	.1724474	.4129091	0
460.15	0	.4146132	.1725015	.4128853	0
459.15	0	.4145829	.1725556	.4128615	0
458.15	0	.4145527	.1726095	.4128378	0
457.15	0	.4145226	.1726633	.4128141	0
456.15	0	.4144925	.1727169	.4127906	0
455.15	0	.4144625	.1727704	.4127671	0
454.15	0	.4144325	.1728238	.4127437	0
454.0659	0	.41443	.1728283	.4127417	0
454.0659	0	.41443	.1728283	.4127417	0
454.0659	0	.41443	.1728283	.4127417	0
453.15	0	.4145651	.1724897	.4125252	4.200008E-04
452.15	0	.414712	.1721209	.4122893	8.777625E-04
451.15	0	.4148584	.171753	.4120539	.00133471
450.15	0	.4150042	.171386	.411819	.00179085
449.15	0	.4151494	.1710199	.4115845	.002246199
448.15	0	.4152941	.1706546	.4113505	.002700758
447.15	0	.4154382	.1702903	.411117	.003154533
446.15	0	.4155818	.1699267	.410884	.003607531
445.15	0	.4157248	.169564	.4106514	.00405976
444.15	0	.4158674	.1692022	.4104192	.004511228
443.15	0	.4160094	.1688411	.4101875	.004961942
442.15	0	.416151	.1684808	.4099563	.005411911
441.15	0	.4162921	.1681213	.4097255	.00586114
440.15	0	.4164326	.1677625	.4094952	.006309639
439.15	0	.4165728	.1674045	.4092653	.006757413
438.15	0	.4167124	.1670472	.4090359	.00720447
437.15	0	.4168516	.1666907	.4088069	.007650817
436.15	0	.4169904	.1663348	.4085783	.008096461
435.15	0	.4171288	.1659797	.4083502	.008541408
434.15	0	.4172667	.1656252	.4081225	.008985666
433.15	0	.4174042	.1652714	.4078952	.009429241
432.15	0	.4175413	.1649182	.4076684	.00987214
431.15	0	.417678	.1645656	.407442	.01031437
430.15	0	.4178143	.1642137	.407216	.01075593
429.15	0	.4179503	.1638625	.4069904	.01119684
428.15	0	.4180858	.1635118	.4067653	.0116371
427.15	0	.418221	.1631617	.4065406	.01207671
426.15	0	.4183559	.1628122	.4063163	.01251569
425.15	0	.4184903	.1624632	.4060924	.01295403
424.15	0	.4186245	.1621149	.4058689	.01339174
423.15	0	.4187583	.161767	.4056458	.01382884
422.15	0	.4188918	.1614198	.4054232	.01426532
421.15	0	.4190249	.161073	.4052009	.01470119
420.15	0	.4191577	.1607268	.4049791	.01513645
419.15	0	.4192902	.160381	.4047576	.01557112
418.15	0	.4194224	.1600358	.4045366	.0160052
417.15	0	.4195543	.1596911	.4043159	.01643869
416.15	0	.419686	.1593468	.4040957	.01687159
415.15	0	.4198173	.159003	.4038758	.01730393
414.15	0	.4199483	.1586597	.4036563	.01773569
413.15	0	.4200791	.1583168	.4034372	.01816688
412.15	0	.4202096	.1579744	.4032185	.01859751
411.15	0	.4203398	.1576324	.4030002	.01902759
410.15	0	.4204698	.1572909	.4027823	.01945712
409.15	0	.4205995	.1569497	.4025647	.0198861
408.15	0	.4207289	.156609	.4023475	.02031454
407.15	0	.4208581	.1562687	.4021307	.02074244
406.15	0	.4209871	.1559288	.4019143	.02116981
405.15	0	.4211159	.1555893	.4016982	.02159666
404.15	0	.4212444	.1552502	.4014825	.02202298
