T	 BPW(LIQUID)	BPW(BCC_A2)	BPW(FCC_A1)	BPW(LAVES_PHASE_C14)	BPW(NI3TI)
1473.15	.0941192	.8630586	0	.04282225	0
1472.15	.088997	.8663096	0	.04469339	0
1471.15	.08397097	.8694934	0	.04653563	0
1470.15	.07903847	.8726117	0	.04834981	0
1469.15	.07419696	.8756663	0	.0501367	0
1468.15	.06944398	.878659	0	.05189706	0
1467.15	.06477716	.8815912	0	.05363163	0
1466.15	.06019422	.8844647	0	.05534111	0
1465.15	.05569292	.8872809	0	.05702618	0
1464.15	.05127115	.8900413	0	.0586875	0
1463.15	.04692683	.8927475	0	.0603257	0
1462.15	.04265797	.8954006	0	.0619414	0
1461.15	.03846262	.8980022	0	.0635352	0
1460.15	.03433893	.9005534	0	.06510766	0
1459.15	.03028507	.9030556	0	.06665934	0
1458.15	.02629932	.9055099	0	.06819077	0
1457.15	.02237995	.9079176	0	.06970249	0
1456.15	.01852534	.9102797	0	.07119497	0
1455.15	.0147339	.9125974	0	.07266873	0
1454.15	.01100408	.9148717	0	.07412421	0
1453.15	.007334398	.9171037	0	.07556188	0
1452.15	.0037234	.9192944	0	.07698219	0
1451.15	1.696877E-04	.9214448	0	.07838554	0
1451.102	0	.9215473	0	.0784527	0
1451.102	0	.9215473	0	.0784527	0
1450.15	0	.9208851	0	.07911488	0
1449.15	0	.9201912	0	.07980882	0
1448.15	0	.919499	0	.08050099	0
1447.15	0	.9188086	0	.08119139	0
1446.15	0	.91812	0	.08188004	0
1445.15	0	.9174331	0	.08256692	0
1444.15	0	.9167479	0	.08325206	0
1443.15	0	.9160645	0	.08393545	0
1442.15	0	.9153829	0	.08461711	0
1441.15	0	.914703	0	.08529704	0
1440.15	0	.9140248	0	.08597524	0
1439.15	0	.9133483	0	.08665172	0
1438.15	0	.9126735	0	.0873265	0
1437.15	0	.9120004	0	.08799956	0
1436.15	0	.9113291	0	.08867093	0
1435.15	0	.9106594	0	.0893406	0
1434.15	0	.9099914	0	.09000858	0
1433.15	0	.9093251	0	.09067488	0
1432.15	0	.9086605	0	.0913395	0
1431.15	0	.9079975	0	.09200246	0
1430.15	0	.9073363	0	.09266374	0
1429.15	0	.9066766	0	.09332337	0
1428.15	0	.9060187	0	.09398135	0
1427.15	0	.9053623	0	.09463767	0
1426.15	0	.9047076	0	.09529236	0
1425.15	0	.9040546	0	.0959454	0
1424.15	0	.9034032	0	.09659682	0
1423.15	0	.9027534	0	.09724661	0
1422.15	0	.9021052	0	.09789478	0
1421.15	0	.9014587	0	.09854134	0
1420.15	0	.9008137	0	.09918629	0
1419.15	0	.9001704	0	.09982963	0
1418.15	0	.8995286	0	.1004714	0
1417.15	0	.8988885	0	.1011115	0
1416.15	0	.8982499	0	.1017501	0
1415.15	0	.8976129	0	.1023871	0
1414.15	0	.8969775	0	.1030225	0
1413.15	0	.8963437	0	.1036563	0
1412.15	0	.8957114	0	.1042886	0
1411.15	0	.8950807	0	.1049193	0
1410.15	0	.8944515	0	.1055485	0
1409.15	0	.8938239	0	.1061761	0
1408.15	0	.8931978	0	.1068022	0
1407.15	0	.8925733	0	.1074267	0
1406.15	0	.8919503	0	.1080497	0
1405.15	0	.8913289	0	.1086711	0
1404.15	0	.8907089	0	.1092911	0
1403.15	0	.8900905	0	.1099095	0
1402.15	0	.8894736	0	.1105264	0
1401.15	0	.8888582	0	.1111418	0
1400.15	0	.8882443	0	.1117557	0
1399.15	0	.8876319	0	.1123681	0
1398.15	0	.887021	0	.112979	0
1397.15	0	.8864116	0	.1135884	0
1396.15	0	.8858037	0	.1141963	0
1395.15	0	.8851972	0	.1148028	0
1394.15	0	.8845922	0	.1154078	0
1393.15	0	.8839887	0	.1160113	0
1392.15	0	.8833867	0	.1166133	0
1391.15	0	.8827861	0	.1172139	0
1390.15	0	.882187	0	.117813	0
1389.15	0	.8815893	0	.1184107	0
1388.15	0	.8809931	0	.1190069	0
1387.15	0	.8803983	0	.1196017	0
1386.15	0	.8798049	0	.1201951	0
1385.15	0	.879213	0	.120787	0
1384.15	0	.8786225	0	.1213775	0
1383.15	0	.8780334	0	.1219666	0
1382.15	0	.8774458	0	.1225542	0
1381.15	0	.8768595	0	.1231405	0
1380.15	0	.8762747	0	.1237253	0
1379.15	0	.8756913	0	.1243087	0
1378.15	0	.8751092	0	.1248908	0
1377.15	0	.8745286	0	.1254714	0
1376.15	0	.8739494	0	.1260507	0
1375.15	0	.8733715	0	.1266285	0
1374.15	0	.872795	0	.127205	0
1373.15	0	.8722199	0	.1277801	0
1372.15	0	.8716462	0	.1283538	0
1371.15	0	.8710738	0	.1289262	0
1370.15	0	.8705028	0	.1294972	0
1369.15	0	.8699332	0	.1300668	0
1368.15	0	.8693649	0	.1306351	0
1367.15	0	.868798	0	.1312021	0
1366.15	0	.8682324	0	.1317676	0
1365.15	0	.8676681	0	.1323319	0
1364.15	0	.8671052	0	.1328948	0
1363.15	0	.8665436	0	.1334564	0
1362.15	0	.8659834	0	.1340166	0
1361.15	0	.8654245	0	.1345755	0
1360.15	0	.8648669	0	.1351331	0
1359.15	0	.8643106	0	.1356894	0
1358.15	0	.8637556	0	.1362444	0
1357.15	0	.863202	0	.136798	0
1356.15	0	.8626496	0	.1373504	0
1355.15	0	.8620986	0	.1379014	0
1354.15	0	.8615488	0	.1384512	0
1353.15	0	.8610004	0	.1389996	0
1352.15	0	.8604532	0	.1395468	0
1351.15	0	.8599073	0	.1400927	0
1350.15	0	.8593627	0	.1406373	0
1349.15	0	.8588194	0	.1411806	0
1348.15	0	.8582773	0	.1417227	0
1347.15	0	.8577365	0	.1422635	0
1346.15	0	.857197	0	.142803	0
1345.15	0	.8566587	0	.1433413	0
1344.15	0	.8561217	0	.1438783	0
1343.15	0	.855586	0	.144414	0
1342.15	0	.8550515	0	.1449485	0
1341.15	0	.8545182	0	.1454818	0
1340.15	0	.8539862	0	.1460138	0
1339.15	0	.8534554	0	.1465446	0
1338.15	0	.8529259	0	.1470741	0
1337.15	0	.8523976	0	.1476024	0
1336.15	0	.8518705	0	.1481295	0
1335.15	0	.8513446	0	.1486554	0
1334.15	0	.85082	0	.14918	0
1333.15	0	.8502966	0	.1497034	0
1332.15	0	.8497744	0	.1502256	0
1331.15	0	.8492534	0	.1507467	0
1330.15	0	.8487336	0	.1512664	0
1329.15	0	.848215	0	.151785	0
1328.15	0	.8476976	0	.1523024	0
1327.15	0	.8471814	0	.1528186	0
1326.15	0	.8466664	0	.1533336	0
1325.15	0	.8461525	0	.1538475	0
1324.15	0	.8456399	0	.1543601	0
1323.15	0	.8451284	0	.1548716	0
1322.15	0	.8446181	0	.1553819	0
1321.15	0	.844109	0	.155891	0
1320.15	0	.8436011	0	.1563989	0
1319.15	0	.8430943	0	.1569057	0
1318.15	0	.8425887	0	.1574113	0
1317.15	0	.8420842	0	.1579158	0
1316.15	0	.8415809	0	.1584191	0
1315.15	0	.8410788	0	.1589212	0
1314.15	0	.8405778	0	.1594222	0
1313.15	0	.840078	0	.159922	0
1312.15	0	.8395793	0	.1604208	0
1311.15	0	.8390817	0	.1609183	0
1310.15	0	.8385853	0	.1614147	0
1309.15	0	.83809	0	.16191	0
1308.15	0	.8375958	0	.1624042	0
1307.15	0	.8371028	0	.1628973	0
1306.15	0	.8366108	0	.1633892	0
1305.15	0	.83612	0	.16388	0
1304.15	0	.8356303	0	.1643697	0
1303.15	0	.8351418	0	.1648582	0
1302.15	0	.8346543	0	.1653457	0
1301.15	0	.834168	0	.165832	0
1300.15	0	.8336827	0	.1663173	0
1299.15	0	.8331986	0	.1668014	0
1298.15	0	.8327155	0	.1672845	0
1297.15	0	.8322336	0	.1677664	0
1296.15	0	.8317527	0	.1682473	0
1295.15	0	.8312729	0	.1687271	0
1294.15	0	.8307942	0	.1692058	0
1293.15	0	.8303166	0	.1696834	0
1292.15	0	.8298401	0	.1701599	0
1291.15	0	.8293646	0	.1706354	0
1290.15	0	.8288903	0	.1711098	0
1289.15	0	.8284169	0	.1715831	0
1288.15	0	.8279447	0	.1720553	0
1287.15	0	.8274735	0	.1725265	0
1286.15	0	.8270034	0	.1729966	0
1285.15	0	.8265343	0	.1734657	0
1284.15	0	.8260663	0	.1739337	0
1283.15	0	.8255994	0	.1744006	0
1282.15	0	.8251335	0	.1748666	0
1281.15	0	.8246686	0	.1753314	0
1280.15	0	.8242048	0	.1757952	0
1279.15	0	.823742	0	.176258	0
1278.15	0	.8232803	0	.1767197	0
1277.15	0	.8228196	0	.1771805	0
1276.15	0	.8223599	0	.1776401	0
1275.15	0	.8219012	0	.1780988	0
1274.15	0	.8214436	0	.1785564	0
1273.15	0	.820987	0	.179013	0
1272.15	0	.8205315	0	.1794686	0
1271.15	0	.8200769	0	.1799231	0
1270.15	0	.8196234	0	.1803767	0
1269.15	0	.8191708	0	.1808292	0
1268.15	0	.8187193	0	.1812807	0
1267.15	0	.8182688	0	.1817312	0
1266.15	0	.8178193	0	.1821807	0
1265.15	0	.8173708	0	.1826292	0
1264.15	0	.8169233	0	.1830767	0
1263.15	0	.8164768	0	.1835232	0
1262.15	0	.8160312	0	.1839688	0
1261.15	0	.8155867	0	.1844133	0
1260.15	0	.8151432	0	.1848568	0
1259.15	0	.8147006	0	.1852994	0
1258.15	0	.8142591	0	.1857409	0
1257.15	0	.8138185	0	.1861815	0
1256.15	0	.8133788	0	.1866212	0
1255.15	0	.8129402	0	.1870598	0
1254.15	0	.8125026	0	.1874975	0
1253.15	0	.8120658	0	.1879342	0
1252.15	0	.8116301	0	.1883699	0
1251.15	0	.8111954	0	.1888046	0
1250.15	0	.8107616	0	.1892384	0
1249.15	0	.8103287	0	.1896713	0
1248.15	0	.8098968	0	.1901032	0
1247.15	0	.8094659	0	.1905341	0
1246.15	0	.8090359	0	.1909641	0
1245.15	0	.8086069	0	.1913931	0
1244.15	0	.8081788	0	.1918212	0
1243.15	0	.8077517	0	.1922483	0
1242.15	0	.8073255	0	.1926745	0
1241.15	0	.8069002	0	.1930998	0
1240.15	0	.8064759	0	.1935241	0
1239.15	0	.8060526	0	.1939475	0
1238.15	0	.8056301	0	.1943699	0
1237.15	0	.8052086	0	.1947914	0
1236.15	0	.804788	0	.195212	0
1235.15	0	.8043683	0	.1956317	0
1234.15	0	.8039496	0	.1960504	0
1233.15	0	.8035318	0	.1964682	0
1232.15	0	.8031149	0	.1968851	0
1231.15	0	.8026989	0	.1973011	0
1230.15	0	.8022838	0	.1977162	0
1229.15	0	.8018697	0	.1981303	0
1228.15	0	.8014564	0	.1985436	0
1227.15	0	.8010441	0	.1989559	0
1226.15	0	.8006326	0	.1993674	0
1225.15	0	.8002221	0	.1997779	0
1224.15	0	.7998125	0	.2001875	0
1223.15	0	.7994037	0	.2005963	0
1222.15	0	.7989959	0	.2010041	0
1221.15	0	.7985889	0	.2014111	0
1220.15	0	.7981829	0	.2018171	0
1219.15	0	.7977777	0	.2022223	0
1218.15	0	.7973734	0	.2026266	0
1217.15	0	.79697	0	.20303	0
1216.15	0	.7965675	0	.2034325	0
1215.15	0	.7961659	0	.2038341	0
1214.15	0	.7957651	0	.2042349	0
1213.15	0	.7953653	0	.2046347	0
1212.15	0	.7949662	0	.2050338	0
1211.15	0	.7945681	0	.2054319	0
1210.15	0	.7941709	0	.2058291	0
1209.15	0	.7937745	0	.2062255	0
1208.15	0	.7933789	0	.2066211	0
1207.15	0	.7929843	0	.2070157	0
1206.15	0	.7925905	0	.2074095	0
1205.15	0	.7921975	0	.2078025	0
1204.15	0	.7918054	0	.2081946	0
1203.15	0	.7914142	0	.2085858	0
1202.15	0	.7910238	0	.2089762	0
1201.15	0	.7906343	0	.2093657	0
1200.15	0	.7902456	0	.2097544	0
1199.15	0	.7898578	0	.2101422	0
1198.15	0	.7894708	0	.2105292	0
1197.15	0	.7890846	0	.2109154	0
1196.15	0	.7886993	0	.2113007	0
1195.15	0	.7883149	0	.2116851	0
1194.15	0	.7879312	0	.2120688	0
1193.15	0	.7875484	0	.2124516	0
1192.15	0	.7871665	0	.2128335	0
1191.15	0	.7867854	0	.2132147	0
1190.15	0	.7864051	0	.213595	0
1189.15	0	.7860256	0	.2139744	0
1188.15	0	.7856469	0	.2143531	0
1187.15	0	.7852691	0	.2147309	0
1186.15	0	.7848921	0	.2151079	0
1185.15	0	.7845159	0	.2154841	0
1184.15	0	.7841406	0	.2158595	0
1183.15	0	.783766	0	.216234	0
1182.15	0	.7833923	0	.2166077	0
1181.15	0	.7830194	0	.2169806	0
1180.15	0	.7826472	0	.2173528	0
1179.15	0	.7822759	0	.2177241	0
1178.15	0	.7819054	0	.2180946	0
1177.15	0	.7815357	0	.2184643	0
1176.15	0	.7811668	0	.2188332	0
1175.15	0	.7807988	0	.2192012	0
1174.15	0	.7804315	0	.2195685	0
1173.15	0	.780065	0	.219935	0
1172.15	0	.7796993	0	.2203007	0
1171.15	0	.7793344	0	.2206656	0
1170.15	0	.7789703	0	.2210297	0
1169.15	0	.778607	0	.2213931	0
1168.15	0	.7782444	0	.2217556	0
1167.15	0	.7778827	0	.2221173	0
1166.15	0	.7775217	0	.2224783	0
1165.15	0	.7771615	0	.2228385	0
1164.15	0	.7768021	0	.2231979	0
1163.15	0	.7764435	0	.2235565	0
1162.15	0	.7760857	0	.2239143	0
1161.15	0	.7757287	0	.2242713	0
1160.15	0	.7753724	0	.2246276	0
1159.15	0	.7750169	0	.2249832	0
1158.15	0	.7746621	0	.2253379	0
1157.15	0	.7743081	0	.2256919	0
1156.15	0	.7739549	0	.2260451	0
1155.15	0	.7736025	0	.2263975	0
1154.15	0	.7732508	0	.2267492	0
1153.15	0	.7728999	0	.2271001	0
1152.15	0	.7725498	0	.2274502	0
1151.15	0	.7722004	0	.2277996	0
1150.15	0	.7718518	0	.2281482	0
1149.15	0	.7715039	0	.2284961	0
1148.15	0	.7711568	0	.2288432	0
1147.15	0	.7708104	0	.2291896	0
1146.15	0	.7704648	0	.2295352	0
1145.15	0	.77012	0	.22988	0
1144.15	0	.7697759	0	.2302242	0
1143.15	0	.7694325	0	.2305675	0
1142.15	0	.7690899	0	.2309101	0
1141.15	0	.768748	0	.231252	0
1140.15	0	.7684069	0	.2315931	0
1139.15	0	.7680665	0	.2319335	0
1138.15	0	.7677268	0	.2322732	0
1137.15	0	.7673879	0	.2326121	0
1136.15	0	.7670497	0	.2329503	0
1135.15	0	.7667123	0	.2332877	0
1134.15	0	.7663756	0	.2336244	0
1133.15	0	.7660396	0	.2339604	0
1132.15	0	.7657044	0	.2342956	0
1131.15	0	.7653699	0	.2346302	0
1130.15	0	.7650361	0	.2349639	0
1129.15	0	.764703	0	.235297	0
1128.15	0	.7643707	0	.2356294	0
1127.15	0	.764039	0	.235961	0
1126.15	0	.7637081	0	.2362919	0
1125.15	0	.763378	0	.236622	0
1124.15	0	.7630485	0	.2369515	0
1123.15	0	.7627198	0	.2372802	0
1122.15	0	.7623917	0	.2376083	0
1121.15	0	.7620644	0	.2379356	0
1120.15	0	.7617378	0	.2382622	0
1119.15	0	.7614119	0	.2385881	0
1118.15	0	.7610868	0	.2389132	0
1117.15	0	.7607623	0	.2392377	0
1116.15	0	.7604385	0	.2395615	0
1115.15	0	.7601155	0	.2398845	0
1114.15	0	.7597931	0	.2402069	0
1113.15	0	.7594715	0	.2405285	0
1112.15	0	.7591505	0	.2408495	0
1111.15	0	.7588303	0	.2411697	0
1110.15	0	.7585107	0	.2414893	0
1109.15	0	.7581919	0	.2418081	0
1108.15	0	.7578737	0	.2421263	0
1107.15	0	.7575563	0	.2424437	0
1106.15	0	.7572395	0	.2427605	0
1105.15	0	.7569234	0	.2430766	0
1104.15	0	.7566081	0	.243392	0
1103.15	0	.7562934	0	.2437066	0
1102.15	0	.7559794	0	.2440206	0
1101.15	0	.755666	0	.244334	0
1100.15	0	.7553534	0	.2446466	0
1099.15	0	.7550415	0	.2449585	0
1098.15	0	.7547302	0	.2452698	0
1097.15	0	.7544196	0	.2455804	0
1096.15	0	.7541097	0	.2458903	0
1095.15	0	.7538005	0	.2461995	0
1094.15	0	.7534919	0	.2465081	0
1093.15	0	.7531841	0	.2468159	0
1092.15	0	.7528769	0	.2471231	0
1091.15	0	.7525704	0	.2474297	0
1090.15	0	.7522645	0	.2477355	0
1089.15	0	.7519593	0	.2480407	0
1088.15	0	.7516548	0	.2483452	0
1087.15	0	.751351	0	.248649	0
1086.15	0	.7510478	0	.2489522	0
1085.15	0	.7507453	0	.2492547	0
1084.15	0	.7504435	0	.2495565	0
1083.15	0	.7501423	0	.2498577	0
1082.15	0	.7498418	0	.2501582	0
1081.15	0	.749542	0	.250458	0
1080.15	0	.7492428	0	.2507572	0
1079.15	0	.7489443	0	.2510558	0
1078.15	0	.7486464	0	.2513536	0
1077.15	0	.7483492	0	.2516508	0
1076.15	0	.7480526	0	.2519474	0
1075.15	0	.7477567	0	.2522433	0
1074.15	0	.7474615	0	.2525385	0
1073.15	0	.7471669	0	.2528331	0
1072.15	0	.746873	0	.253127	0
1071.15	0	.7465797	0	.2534203	0
1070.15	0	.746287	0	.253713	0
1069.15	0	.745995	0	.254005	0
1068.15	0	.7457037	0	.2542963	0
1067.15	0	.745413	0	.254587	0
1066.15	0	.7451229	0	.2548771	0
1065.15	0	.7448335	0	.2551665	0
1064.15	0	.7445448	0	.2554552	0
1063.15	0	.7442566	0	.2557434	0
1062.15	0	.7439692	0	.2560309	0
1061.15	0	.7436823	0	.2563177	0
1060.15	0	.7433961	0	.2566039	0
1059.15	0	.7431105	0	.2568895	0
1058.841	0	.7430225	0	.2569775	0
1058.841	0	.7430225	0	.2569775	0
1058.841	0	.7430225	0	.2569775	0
1058.15	0	.742334	5.152125E-04	.2571508	0
1057.15	0	.7413408	.001258393	.2574008	0
1056.15	0	.7403507	.00199919	.2576501	0
1055.15	0	.7393637	.002737601	.2578988	0
1054.15	0	.7383797	.003473625	.2581467	0
1053.15	0	.7373989	.004207262	.2583939	0
1052.15	0	.7364211	.00493851	.2586404	0
1051.15	0	.7354464	.005667367	.2588862	0
1050.15	0	.7344749	.006393833	.2591313	0
1049.15	0	.7335064	.007117907	.2593757	0
1048.15	0	.732541	.007839588	.2596194	0
1047.15	0	.7315787	.008558874	.2598624	0
1046.15	0	.7306196	.009275764	.2601047	0
1045.15	0	.7296635	.009990257	.2603463	0
1044.15	0	.7287105	.01070235	.2605872	0
1043.15	0	.7277606	.01141205	.2608274	0
1042.15	0	.7268138	.01211935	.2610669	0
1041.15	0	.7258701	.01282424	.2613057	0
1040.15	0	.7249295	.01352673	.2615438	0
1039.15	0	.723992	.01422682	.2617812	0
1038.15	0	.7230576	.01492451	.2620179	0
1037.15	0	.7221263	.01561979	.262254	0
1036.15	0	.7211981	.01631267	.2624893	0
1035.15	0	.720273	.01700313	.2627239	0
1034.15	0	.719351	.01769119	.2629578	0
1033.15	0	.7184321	.01837684	.2631911	0
1032.15	0	.7175163	.01906009	.2634236	0
1031.15	0	.7166036	.01974092	.2636555	0
1030.15	0	.7156941	.02041934	.2638866	0
1029.15	0	.7147876	.02109535	.2641171	0
1028.15	0	.7138842	.02176894	.2643468	0
1027.15	0	.712984	.02244012	.2645759	0
1026.15	0	.7120869	.02310889	.2648043	0
1025.15	0	.7111928	.02377524	.2650319	0
1024.15	0	.7103019	.02443918	.2652589	0
1023.15	0	.7094141	.0251007	.2654852	0
1022.15	0	.7085294	.02575981	.2657108	0
1021.15	0	.7076478	.0264165	.2659357	0
1020.15	0	.7067694	.02707077	.2661599	0
1019.15	0	.705894	.02772262	.2663834	0
1018.15	0	.7050218	.02837206	.2666062	0
1017.15	0	.7041526	.02901907	.2668283	0
1016.15	0	.7032866	.02966367	.2670497	0
1015.15	0	.7024237	.03030585	.2672704	0
1014.15	0	.7015639	.03094562	.2674905	0
1013.15	0	.7007073	.03158296	.2677098	0
1012.15	0	.6998537	.03221788	.2679284	0
1011.15	0	.6990033	.03285039	.2681463	0
1010.15	0	.698156	.03348048	.2683636	0
1009.15	0	.6973118	.03410815	.2685801	0
1008.15	0	.6964707	.0347334	.2687959	0
1007.15	0	.6956327	.03535623	.2690111	0
1006.15	0	.6947979	.03597665	.2692255	0
1005.15	0	.6939662	.03659465	.2694392	0
1004.15	0	.6931375	.03721023	.2696522	0
1003.15	0	.692312	.0378234	.2698645	0
1002.15	0	.6914897	.03843416	.2700762	0
1001.15	0	.6906704	.0390425	.2702871	0
1000.15	0	.6898543	.03964843	.2704973	0
999.15	0	.6890413	.04025195	.2707068	0
998.15	0	.6882314	.04085305	.2709155	0
997.15	0	.6874246	.04145175	.2711236	0
996.15	0	.686621	.04204804	.271331	0
995.15	0	.6858204	.04264193	.2715376	0
994.15	0	.685023	.04323341	.2717436	0
993.15	0	.6842287	.04382249	.2719488	0
992.15	0	.6834375	.04440917	.2721533	0
991.15	0	.6826494	.04499345	.2723571	0
990.15	0	.6818645	.04557533	.2725602	0
989.15	0	.6810827	.04615482	.2727625	0
988.15	0	.6803039	.04673192	.2729642	0
987.15	0	.6795283	.04730663	.2731651	0
986.15	0	.6787558	.04787895	.2733653	0
985.15	0	.6779864	.04844889	.2735647	0
984.15	0	.6772201	.04901644	.2737635	0
983.15	0	.6764569	.04958163	.2739614	0
982.15	0	.6756968	.05014443	.2741587	0
981.15	0	.6749399	.05070487	.2743553	0
980.15	0	.674186	.05126294	.2745511	0
979.15	0	.6734352	.05181864	.2747461	0
978.15	0	.6726875	.05237199	.2749405	0
977.15	0	.671943	.05292299	.2751341	0
976.15	0	.6712015	.05347163	.2753269	0
975.15	0	.6704631	.05401793	.275519	0
974.15	0	.6697278	.05456189	.2757103	0
973.15	0	.6689955	.05510351	.2759009	0
972.15	0	.6682664	.05564281	.2760908	0
971.15	0	.6675403	.05617978	.2762799	0
970.15	0	.6668173	.05671443	.2764682	0
969.15	0	.6660974	.05724677	.2766558	0
968.15	0	.6653806	.0577768	.2768426	0
967.15	0	.6646668	.05830454	.2770287	0
966.15	0	.6639561	.05882998	.2772139	0
965.15	0	.6632484	.05935314	.2773985	0
964.15	0	.6625438	.05987402	.2775822	0
963.15	0	.6618422	.06039263	.2777651	0
962.15	0	.6611437	.06090898	.2779473	0
961.15	0	.6604482	.06142308	.2781287	0
960.15	0	.6597558	.06193493	.2783093	0
959.15	0	.6590663	.06244455	.2784891	0
958.15	0	.6583799	.06295194	.2786681	0
957.15	0	.6576965	.06345712	.2788464	0
956.15	0	.6570161	.06396008	.2790238	0
955.15	0	.6563387	.06446086	.2792004	0
954.15	0	.6556644	.06495945	.2793762	0
953.15	0	.6549929	.06545586	.2795512	0
952.15	0	.6543245	.06595012	.2797254	0
951.15	0	.6536591	.06644222	.2798987	0
950.15	0	.6529966	.06693219	.2800713	0
949.15	0	.652337	.06742003	.280243	0
948.15	0	.6516804	.06790577	.2804138	0
947.15	0	.6510267	.06838941	.2805839	0
946.15	0	.650376	.06887096	.2807531	0
945.15	0	.6497282	.06935045	.2809214	0
944.15	0	.6490832	.06982789	.2810889	0
943.15	0	.6484412	.07030329	.2812555	0
942.15	0	.6478021	.07077667	.2814213	0
941.15	0	.6471658	.07124805	.2815862	0
940.15	0	.6465324	.07171745	.2817502	0
939.15	0	.6459018	.07218488	.2819133	0
938.15	0	.645274	.07265037	.2820756	0
937.15	0	.6446491	.07311393	.282237	0
936.15	0	.644027	.07357558	.2823974	0
935.15	0	.6434076	.07403534	.282557	0
934.15	0	.6427911	.07449324	.2827157	0
933.15	0	.6421773	.0749493	.2828734	0
932.15	0	.6415662	.07540355	.2830302	0
931.15	0	.6409579	.07585599	.2831861	0
930.15	0	.6403522	.07630667	.2833411	0
929.15	0	.6397493	.0767556	.2834951	0
928.15	0	.639149	.07720281	.2836482	0
927.15	0	.6385513	.07764833	.2838003	0
926.15	0	.6379563	.07809219	.2839515	0
925.15	0	.6373639	.07853441	.2841017	0
924.15	0	.6367741	.07897503	.2842509	0
923.15	0	.6361868	.07941408	.2843991	0
922.15	0	.6356021	.07985158	.2845463	0
921.15	0	.6350199	.08028758	.2846925	0
920.15	0	.6344402	.0807221	.2848378	0
919.15	0	.6338629	.08115518	.2849819	0
918.15	0	.633288	.08158686	.2851251	0
917.15	0	.6327156	.08201718	.2852672	0
916.15	0	.6321455	.08244616	.2854083	0
915.15	0	.6315778	.08287386	.2855483	0
914.15	0	.6310124	.08330032	.2856873	0
913.15	0	.6304493	.08372557	.2858251	0
912.15	0	.6298884	.08414966	.2859619	0
911.15	0	.6293298	.08457263	.2860976	0
910.15	0	.6287733	.08499455	.2862322	0
909.15	0	.6282189	.08541544	.2863657	0
908.15	0	.6276667	.08583536	.286498	0
907.15	0	.6271165	.08625436	.2866291	0
906.15	0	.6265683	.0866725	.2867592	0
905.15	0	.6260221	.08708984	.286888	0
904.15	0	.6254779	.08750642	.2870157	0
903.15	0	.6249355	.08792231	.2871422	0
902.15	0	.624395	.08833756	.2872675	0
901.15	0	.6238563	.08875225	.2873915	0
900.15	0	.6233193	.08916643	.2875143	0
899.15	0	.622784	.08958016	.2876359	0
898.15	0	.6222503	.08999354	.2877562	0
897.15	0	.6217182	.09040661	.2878752	0
896.15	0	.6211876	.09081947	.2879929	0
895.15	0	.6206585	.09123217	.2881093	0
894.15	0	.6201308	.09164481	.2882244	0
893.15	0	.6196044	.09205746	.2883382	0
892.15	0	.6190793	.09247021	.2884505	0
891.15	0	.6185553	.09288315	.2885615	0
890.15	0	.6180325	.09329636	.2886711	0
889.15	0	.6175108	.09370994	.2887793	0
888.15	0	.61699	.094124	.288886	0
887.15	0	.6164701	.09453862	.2889913	0
886.15	0	.615951	.09495391	.289095	0
885.15	0	.6154327	.09536999	.2891973	0
884.15	0	.614915	.09578696	.2892981	0
883.15	0	.6143978	.09620494	.2893973	0
882.15	0	.613881	.09662406	.2894949	0
881.15	0	.6133647	.09704443	.2895909	0
880.15	0	.6128485	.09746618	.2896853	0
879.15	0	.6123325	.09788946	.2897781	0
878.15	0	.6118165	.0983144	.2898691	0
877.15	0	.6113004	.09874115	.2899585	0
876.15	0	.610784	.09916986	.2900461	0
875.15	0	.6102674	.09960069	.2901319	0
874.15	0	.6097502	.1000338	.290216	0
873.15	0	.6092325	.1004694	.2902982	0
872.15	0	.6087139	.1009076	.2903785	0
871.15	0	.6081945	.1013486	.2904569	0
870.15	0	.607674	.1017926	.2905334	0
869.15	0	.6071522	.1022399	.2906079	0
868.15	0	.6066291	.1026906	.2906803	0
867.15	0	.6061043	.103145	.2907507	0
866.15	0	.6055778	.1036032	.290819	0
865.15	0	.6050493	.1040656	.2908851	0
864.15	0	.6045187	.1045324	.290949	0
863.15	0	.6039856	.1050038	.2910106	0
862.15	0	.6034499	.1054802	.2910699	0
861.15	0	.6029114	.1059618	.2911268	0
860.15	0	.6023698	.106449	.2911813	0
859.15	0	.6018247	.106942	.2912332	0
858.15	0	.601276	.1074413	.2912827	0
857.15	0	.6007234	.1079472	.2913294	0
856.15	0	.6001664	.1084601	.2913734	0
855.15	0	.5996049	.1089804	.2914147	0
854.15	0	.5990384	.1095086	.2914531	0
853.15	0	.5984665	.110045	.2914885	0
852.15	0	.5978889	.1105903	.2915208	0
851.15	0	.5973052	.1111449	.29155	0
850.15	0	.5967148	.1117094	.2915758	0
849.15	0	.5961173	.1122844	.2915983	0
848.15	0	.5954273	.1129655	.2916072	0
847.15	0	.5944032	.1140241	.2915727	0
846.15	0	.5934218	.1150397	.2915386	0
845.15	0	.5924808	.1160143	.2915049	0
844.15	0	.5915781	.1169503	.2914716	0
843.15	0	.5907119	.1178494	.2914388	0
842.15	0	.5898801	.1187136	.2914063	0
841.15	0	.5890812	.1195447	.2913742	0
840.15	0	.5883134	.1203442	.2913424	0
839.15	0	.5875753	.1211138	.291311	0
838.15	0	.5868653	.1218548	.2912799	0
837.15	0	.5861823	.1225687	.291249	0
836.15	0	.5855247	.1232568	.2912185	0
835.15	0	.5848915	.1239203	.2911881	0
834.15	0	.5842815	.1245604	.2911581	0
833.15	0	.5836936	.1251782	.2911282	0
832.15	0	.5831267	.1257747	.2910986	0
831.15	0	.58258	.1263509	.2910691	0
830.15	0	.5820525	.1269077	.2910398	0
829.15	0	.5815432	.1274461	.2910107	0
828.15	0	.5810515	.1279668	.2909817	0
827.15	0	.5805765	.1284706	.2909529	0
826.15	0	.5801174	.1289584	.2909242	0
825.15	0	.5796736	.1294309	.2908956	0
824.15	0	.5792444	.1298886	.2908671	0
823.15	0	.5788291	.1303323	.2908386	0
822.15	0	.5784272	.1307625	.2908103	0
821.15	0	.578038	.13118	.290782	0
820.15	0	.5776611	.1315851	.2907538	0
819.15	0	.5772958	.1319785	.2907257	0
818.15	0	.5769418	.1323607	.2906976	0
817.15	0	.5765984	.1327321	.2906695	0
816.15	0	.5762654	.1330932	.2906414	0
815.15	0	.5759422	.1334444	.2906134	0
814.15	0	.5756285	.1337861	.2905854	0
813.15	0	.5753238	.1341188	.2905574	0
812.15	0	.5750277	.1344429	.2905294	0
811.15	0	.57474	.1347586	.2905014	0
810.15	0	.5744603	.1350663	.2904734	0
809.15	0	.5741882	.1353664	.2904454	0
808.15	0	.5739234	.1356592	.2904174	0
807.15	0	.5736657	.1359449	.2903894	0
806.15	0	.5734148	.1362239	.2903613	0
805.15	0	.5731703	.1364965	.2903332	0
804.15	0	.5729321	.1367628	.2903051	0
803.15	0	.5726999	.1370231	.290277	0
802.15	0	.5724734	.1372778	.2902488	0
801.15	0	.5722525	.1375269	.2902206	0
800.15	0	.5720369	.1377708	.2901923	0
799.15	0	.5718264	.1380097	.290164	0
798.15	0	.5716207	.1382436	.2901357	0
797.15	0	.5714198	.1384729	.2901073	0
796.15	0	.5712235	.1386977	.2900788	0
795.15	0	.5710315	.1389182	.2900503	0
794.15	0	.5708437	.1391345	.2900218	0
793.15	0	.5706599	.1393469	.2899932	0
792.15	0	.57048	.1395554	.2899645	0
791.15	0	.5703039	.1397603	.2899358	0
790.15	0	.5701314	.1399616	.289907	0
789.15	0	.5699623	.1401595	.2898782	0
788.15	0	.5697966	.1403542	.2898493	0
787.15	0	.569634	.1405457	.2898203	0
786.15	0	.5694746	.1407341	.2897913	0
785.15	0	.5693182	.1409196	.2897622	0
784.15	0	.5691646	.1411024	.289733	0
783.15	0	.5690138	.1412824	.2897038	0
782.15	0	.5688657	.1414598	.2896745	0
781.15	0	.5687201	.1416347	.2896452	0
780.15	0	.5685771	.1418072	.2896157	0
779.15	0	.5684364	.1419774	.2895862	0
778.15	0	.568298	.1421453	.2895567	0
777.15	0	.5681619	.1423111	.289527	0
776.15	0	.5680279	.1424748	.2894973	0
775.15	0	.567896	.1426365	.2894676	0
774.15	0	.5677661	.1427962	.2894377	0
773.15	0	.5676381	.1429541	.2894078	0
772.15	0	.567512	.1431102	.2893778	0
771.15	0	.5673877	.1432646	.2893478	0
770.15	0	.5672651	.1434173	.2893176	0
769.15	0	.5671442	.1435684	.2892874	0
768.15	0	.567025	.1437179	.2892571	0
767.15	0	.5669073	.1438659	.2892268	0
766.15	0	.5667911	.1440125	.2891964	0
765.15	0	.5666764	.1441577	.2891659	0
764.15	0	.5665632	.1443015	.2891353	0
763.15	0	.5664512	.1444441	.2891047	0
762.15	0	.5663407	.1445853	.289074	0
761.15	0	.5662314	.1447254	.2890432	0
760.15	0	.5661234	.1448643	.2890124	0
759.15	0	.5660165	.145002	.2889814	0
758.15	0	.5659109	.1451387	.2889505	0
757.15	0	.5658063	.1452743	.2889194	0
756.15	0	.5657029	.1454089	.2888883	0
755.15	0	.5656005	.1455425	.2888571	0
754.15	0	.5654991	.1456751	.2888258	0
753.15	0	.5653988	.1458068	.2887944	0
752.15	0	.5652994	.1459376	.288763	0
751.15	0	.5652009	.1460676	.2887315	0
750.15	0	.5651034	.1461967	.2887	0
749.15	0	.5650067	.1463249	.2886684	0
748.15	0	.5649109	.1464525	.2886367	0
747.15	0	.5648159	.1465792	.2886049	0
746.15	0	.5647217	.1467052	.2885731	0
745.15	0	.5646283	.1468305	.2885412	0
744.15	0	.5645356	.1469551	.2885092	0
743.15	0	.5644437	.1470791	.2884772	0
742.15	0	.5643525	.1472024	.2884451	0
741.15	0	.564262	.147325	.288413	0
740.15	0	.5641737	.147446	.2883804	0
739.15	0	.5640844	.1475675	.2883481	0
738.15	0	.5639957	.1476885	.2883158	0
737.15	0	.5639077	.1478089	.2882834	0
736.15	0	.5638203	.1479288	.2882509	0
735.15	0	.5637334	.1480481	.2882184	0
734.15	0	.5636472	.148167	.2881858	0
733.15	0	.5635615	.1482853	.2881532	0
732.15	0	.5634764	.1484031	.2881205	0
731.15	0	.5633918	.1485205	.2880877	0
730.15	0	.5633077	.1486374	.2880549	0
729.15	0	.5632241	.1487539	.288022	0
728.15	0	.563141	.1488699	.287989	0
727.15	0	.5630584	.1489856	.287956	0
726.15	0	.5629763	.1491008	.2879229	0
725.15	0	.5628946	.1492156	.2878898	0
724.15	0	.5628134	.14933	.2878566	0
723.15	0	.5627325	.1494441	.2878233	0
722.15	0	.5626522	.1495578	.28779	0
721.15	0	.5625722	.1496711	.2877567	0
720.15	0	.5624926	.1497841	.2877233	0
719.15	0	.5624134	.1498968	.2876898	0
718.15	0	.5623346	.1500091	.2876563	0
717.15	0	.5622562	.1501211	.2876227	0
716.15	0	.5621782	.1502328	.287589	0
715.15	0	.5621004	.1503442	.2875553	0
714.15	0	.5620231	.1504553	.2875216	0
713.15	0	.5619461	.1505661	.2874878	0
712.15	0	.5618694	.1506766	.287454	0
711.15	0	.5617931	.1507869	.2874201	0
710.15	0	.561717	.1508968	.2873861	0
709.15	0	.5616413	.1510065	.2873521	0
708.15	0	.5615659	.151116	.2873181	0
707.15	0	.5614908	.1512252	.287284	0
706.15	0	.561416	.1513341	.2872499	0
705.15	0	.5613415	.1514428	.2872157	0
704.15	0	.5612673	.1515513	.2871814	0
703.15	0	.5611933	.1516596	.2871472	0
702.15	0	.5611196	.1517676	.2871129	0
701.15	0	.5610462	.1518753	.2870785	0
700.15	0	.560973	.1519829	.2870441	0
699.15	0	.5609001	.1520903	.2870096	0
698.15	0	.5608275	.1521974	.2869751	0
697.15	0	.5607551	.1523044	.2869406	0
696.15	0	.5606829	.1524111	.286906	0
695.15	0	.560611	.1525176	.2868714	0
694.15	0	.5605393	.152624	.2868367	0
693.15	0	.5604678	.1527301	.2868021	0
692.15	0	.5603966	.1528361	.2867673	0
691.15	0	.5603256	.1529418	.2867326	0
690.15	0	.5602548	.1530474	.2866978	0
689.15	0	.5601843	.1531528	.2866629	0
688.15	0	.5601139	.1532581	.286628	0
687.15	0	.5600438	.1533631	.2865931	0
686.15	0	.5599738	.153468	.2865582	0
685.15	0	.5599041	.1535727	.2865232	0
684.15	0	.5598346	.1536772	.2864882	0
683.15	0	.5597653	.1537816	.2864531	0
682.15	0	.5596961	.1538858	.286418	0
681.15	0	.5596272	.1539899	.2863829	0
680.15	0	.5595585	.1540938	.2863478	0
679.15	0	.5594899	.1541975	.2863126	0
678.15	0	.5594215	.154301	.2862774	0
677.15	0	.5593533	.1544045	.2862422	0
676.15	0	.5592853	.1545077	.286207	0
675.15	0	.5592175	.1546108	.2861717	0
674.15	0	.5591498	.1547138	.2861364	0
673.15	0	.5590824	.1548166	.286101	0
672.15	0	.5590151	.1549193	.2860657	0
671.15	0	.5589479	.1550218	.2860303	0
670.15	0	.558881	.1551242	.2859949	0
669.15	0	.5588142	.1552264	.2859594	0
668.15	0	.5587476	.1553285	.285924	0
667.15	0	.5586811	.1554304	.2858885	0
666.15	0	.5586148	.1555322	.285853	0
665.15	0	.5585487	.1556338	.2858175	0
664.15	0	.5584827	.1557354	.285782	0
663.15	0	.5584169	.1558367	.2857464	0
662.15	0	.5583512	.155938	.2857108	0
661.15	0	.5582857	.1560391	.2856752	0
660.15	0	.5582204	.15614	.2856396	0
659.15	0	.5581552	.1562409	.285604	0
658.15	0	.5580901	.1563416	.2855683	0
657.15	0	.5580252	.1564421	.2855327	0
656.15	0	.5579605	.1565425	.285497	0
655.15	0	.5578959	.1566428	.2854613	0
654.15	0	.5578315	.156743	.2854256	0
653.15	0	.5577671	.156843	.2853899	0
652.15	0	.557703	.1569428	.2853542	0
651.15	0	.557639	.1570426	.2853184	0
650.15	0	.5575751	.1571422	.2852827	0
649.15	0	.5575114	.1572417	.2852469	0
648.15	0	.5574478	.157341	.2852111	0
647.15	0	.5573844	.1574403	.2851753	0
646.15	0	.5573211	.1575393	.2851395	0
645.15	0	.557258	.1576383	.2851038	0
644.15	0	.5571949	.1577371	.285068	0
643.15	0	.5571321	.1578358	.2850321	0
642.15	0	.5570693	.1579343	.2849963	0
641.15	0	.5570067	.1580328	.2849605	0
640.15	0	.5569443	.158131	.2849247	0
639.15	0	.556882	.1582292	.2848889	0
638.15	0	.5568198	.1583272	.284853	0
637.15	0	.5567577	.1584251	.2848172	0
636.15	0	.5566958	.1585229	.2847813	0
635.15	0	.556634	.1586205	.2847455	0
634.15	0	.5565724	.158718	.2847097	0
633.15	0	.5565108	.1588153	.2846738	0
632.15	0	.5564495	.1589126	.284638	0
631.15	0	.5563882	.1590096	.2846021	0
630.15	0	.5563271	.1591066	.2845663	0
629.15	0	.5562661	.1592034	.2845305	0
628.15	0	.5562052	.1593001	.2844947	0
627.15	0	.5561445	.1593967	.2844588	0
626.15	0	.5560839	.1594931	.284423	0
625.15	0	.5560235	.1595893	.2843872	0
624.15	0	.5559631	.1596855	.2843514	0
623.15	0	.5559029	.1597815	.2843156	0
622.15	0	.5558428	.1598774	.2842798	0
621.15	0	.5557829	.1599731	.284244	0
620.15	0	.5557231	.1600687	.2842082	0
619.15	0	.5556634	.1601642	.2841724	0
618.15	0	.5556039	.1602595	.2841367	0
617.15	0	.5555444	.1603547	.2841009	0
616.15	0	.5554851	.1604497	.2840652	0
615.15	0	.5554259	.1605446	.2840295	0
614.15	0	.5553669	.1606394	.2839937	0
613.15	0	.555308	.160734	.283958	0
612.15	0	.5552492	.1608285	.2839223	0
611.15	0	.5551906	.1609228	.2838867	0
610.15	0	.555132	.161017	.283851	0
609.15	0	.5550736	.161111	.2838153	0
608.15	0	.5550153	.161205	.2837797	0
607.15	0	.5549572	.1612987	.2837441	0
606.15	0	.5548992	.1613923	.2837085	0
605.15	0	.5548413	.1614858	.2836729	0
604.15	0	.5547835	.1615792	.2836374	0
603.15	0	.5547258	.1616723	.2836018	0
602.15	0	.5546683	.1617654	.2835663	0
601.15	0	.5546109	.1618583	.2835308	0
600.15	0	.5545537	.161951	.2834953	0
599.15	0	.5544965	.1620436	.2834599	0
598.15	0	.5544395	.162136	.2834244	0
597.15	0	.5543826	.1622283	.283389	0
596.15	0	.5543259	.1623205	.2833536	0
595.15	0	.5542693	.1624125	.2833182	0
594.15	0	.5542128	.1625043	.2832829	0
593.15	0	.5541564	.162596	.2832476	0
592.15	0	.5541001	.1626876	.2832123	0
591.15	0	.554044	.1627789	.283177	0
590.15	0	.553988	.1628702	.2831418	0
589.15	0	.5539322	.1629612	.2831066	0
588.15	0	.5538764	.1630522	.2830714	0
587.15	0	.5538208	.1631429	.2830363	0
586.15	0	.5537653	.1632335	.2830011	0
585.15	0	.55371	.163324	.2829661	0
584.15	0	.5536547	.1634143	.282931	0
583.15	0	.5535996	.1635044	.282896	0
582.15	0	.5535446	.1635944	.282861	0
581.15	0	.5534898	.1636842	.282826	0
580.15	0	.5534351	.1637738	.2827911	0
579.15	0	.5533805	.1638633	.2827562	0
578.15	0	.553326	.1639527	.2827213	0
577.15	0	.5532717	.1640418	.2826865	0
576.15	0	.5532174	.1641308	.2826517	0
575.15	0	.5531634	.1642197	.282617	0
574.15	0	.5531094	.1643083	.2825822	0
573.15	0	.5530556	.1643969	.2825476	0
572.15	0	.5530019	.1644852	.2825129	0
571.15	0	.5529483	.1645734	.2824783	0
570.15	0	.5528949	.1646614	.2824438	0
569.15	0	.5528416	.1647492	.2824092	0
568.15	0	.5527884	.1648369	.2823748	0
567.15	0	.5527353	.1649244	.2823403	0
566.15	0	.5526824	.1650117	.2823059	0
565.15	0	.5526296	.1650989	.2822716	0
564.15	0	.5525769	.1651858	.2822373	0
563.15	0	.5525244	.1652727	.282203	0
562.15	0	.5524719	.1653593	.2821688	0
561.15	0	.5524197	.1654457	.2821346	0
560.15	0	.5523675	.165532	.2821005	0
559.15	0	.5523155	.1656181	.2820664	0
558.15	0	.5522636	.1657041	.2820323	0
557.15	0	.5522118	.1657898	.2819984	0
556.15	0	.5521602	.1658754	.2819644	0
555.15	0	.5521087	.1659608	.2819305	0
554.15	0	.5520573	.166046	.2818967	0
553.15	0	.5520061	.1661311	.2818629	0
552.15	0	.551955	.1662159	.2818291	0
551.15	0	.551904	.1663006	.2817954	0
550.15	0	.5518531	.1663851	.2817618	0
549.15	0	.5518024	.1664694	.2817282	0
548.15	0	.5517518	.1665535	.2816947	0
547.15	0	.5517014	.1666375	.2816612	0
546.15	0	.551651	.1667212	.2816277	0
545.15	0	.5516009	.1668048	.2815943	0
544.15	0	.5515508	.1668882	.281561	0
543.15	0	.5515009	.1669714	.2815278	0
542.15	0	.5514511	.1670544	.2814946	0
541.15	0	.5514014	.1671372	.2814614	0
540.15	0	.5513519	.1672198	.2814283	0
539.15	0	.5513025	.1673023	.2813953	0
538.15	0	.5512532	.1673845	.2813623	0
537.15	0	.5512041	.1674666	.2813294	0
536.15	0	.5511551	.1675484	.2812965	0
535.15	0	.5511062	.1676301	.2812637	0
534.15	0	.5510575	.1677116	.281231	0
533.15	0	.5510089	.1677929	.2811983	0
532.15	0	.5509604	.1678739	.2811657	0
531.15	0	.5509121	.1679548	.2811331	0
530.15	0	.5508639	.1680355	.2811006	0
529.15	0	.5508158	.168116	.2810682	0
528.15	0	.5507679	.1681963	.2810358	0
527.15	0	.5507201	.1682764	.2810035	0
526.15	0	.5506724	.1683563	.2809713	0
525.15	0	.5506249	.168436	.2809391	0
524.15	0	.5505775	.1685155	.280907	0
523.15	0	.5505302	.1685948	.280875	0
522.15	0	.5504831	.1686739	.280843	0
521.15	0	.5504361	.1687527	.2808111	0
520.15	0	.5503893	.1688314	.2807793	0
519.15	0	.5503426	.1689099	.2807475	0
518.15	0	.550296	.1689882	.2807158	0
517.15	0	.5502496	.1690662	.2806842	0
516.15	0	.5502033	.1691441	.2806527	0
515.15	0	.5501571	.1692218	.2806212	0
514.15	0	.5501111	.1692992	.2805898	0
513.15	0	.5500652	.1693764	.2805584	0
512.15	0	.5500194	.1694535	.2805272	0
511.15	0	.5499738	.1695303	.280496	0
510.15	0	.5499283	.1696069	.2804648	0
509.15	0	.5498829	.1696833	.2804338	0
508.15	0	.5498377	.1697595	.2804028	0
507.15	0	.5497926	.1698354	.2803719	0
506.15	0	.5497477	.1699112	.2803411	0
505.15	0	.5497029	.1699867	.2803104	0
504.15	0	.5496583	.170062	.2802797	0
503.15	0	.5496137	.1701372	.2802491	0
502.15	0	.5495693	.170212	.2802186	0
501.15	0	.5495251	.1702867	.2801882	0
500.15	0	.549481	.1703612	.2801578	0
499.15	0	.549437	.1704354	.2801276	0
498.15	0	.5493932	.1705095	.2800974	0
497.15	0	.5493495	.1705833	.2800673	0
496.15	0	.5493059	.1706568	.2800372	0
495.15	0	.5492625	.1707302	.2800073	0
494.15	0	.5492193	.1708034	.2799773	0
493.15	0	.5491762	.1708763	.2799475	0
492.15	0	.5491332	.170949	.2799178	0
491.15	0	.5490903	.1710215	.2798882	0
490.15	0	.5490476	.1710937	.2798587	0
489.15	0	.549005	.1711657	.2798292	0
488.15	0	.5489626	.1712376	.2797999	0
487.15	0	.5489203	.1713091	.2797706	0
486.15	0	.5488781	.1713805	.2797414	0
485.15	0	.5488361	.1714516	.2797123	0
484.15	0	.5487942	.1715225	.2796832	0
483.15	0	.5487525	.1715932	.2796543	0
482.15	0	.5487109	.1716637	.2796255	0
481.15	0	.5486694	.1717339	.2795967	0
480.15	0	.5486281	.1718039	.279568	0
479.15	0	.5485869	.1718736	.2795395	0
478.15	0	.5485459	.1719432	.279511	0
477.15	0	.548505	.1720125	.2794825	0
476.15	0	.5484642	.1720815	.2794542	0
475.15	0	.5484236	.1721504	.279426	0
474.15	0	.5483831	.172219	.2793979	0
473.15	0	.5483428	.1722874	.2793698	0
472.15	0	.5483026	.1723555	.2793419	0
471.15	0	.5482625	.1724234	.279314	0
470.206	0	.5482249	.1724873	.2792878	0
470.206	0	.5482249	.1724873	.2792878	0
470.206	0	.5482249	.1724873	.2792878	0
470.15	0	.5482352	.1724616	.2792726	3.067938E-05
469.15	0	.5484195	.1720016	.2790006	5.783577E-04
468.15	0	.548603	.1715428	.2787292	.001124961
467.15	0	.5487859	.1710852	.2784585	.0016705
466.15	0	.5489679	.1706287	.2781884	.002214983
465.15	0	.5491493	.1701734	.2779189	.002758419
464.15	0	.54933	.1697192	.27765	.003300819
463.15	0	.54951	.1692661	.2773818	.003842191
462.15	0	.5496893	.1688141	.2771141	.004382544
461.15	0	.5498679	.1683631	.2768471	.004921888
460.15	0	.5500459	.1679133	.2765806	.005460231
459.15	0	.5502232	.1674644	.2763148	.005997583
458.15	0	.5503999	.1670166	.2760495	.006533951
457.15	0	.5505759	.1665699	.2757849	.007069346
456.15	0	.5507514	.1661241	.2755208	.007603775
455.15	0	.5509262	.1656793	.2752573	.008137246
454.15	0	.5511004	.1652354	.2749944	.00866977
453.15	0	.551274	.1647926	.274732	.009201353
452.15	0	.5514471	.1643506	.2744703	.009732004
451.15	0	.5516196	.1639096	.2742091	.01026173
450.15	0	.5517915	.1634695	.2739484	.01079054
449.15	0	.5519629	.1630303	.2736884	.01131846
448.15	0	.5521338	.1625919	.2734289	.01184548
447.15	0	.5523041	.1621544	.2731699	.01237162
446.15	0	.5524739	.1617177	.2729115	.01289687
445.15	0	.5526432	.1612819	.2726537	.01342125
444.15	0	.5528121	.1608468	.2723964	.01394477
443.15	0	.5529804	.1604126	.2721396	.01446743
442.15	0	.5531483	.1599791	.2718834	.01498925
441.15	0	.5533157	.1595464	.2716277	.01551024
440.15	0	.5534827	.1591144	.2713726	.01603039
439.15	0	.5536492	.1586831	.271118	.01654973
438.15	0	.5538153	.1582526	.2708639	.01706826
437.15	0	.553981	.1578227	.2706104	.01758598
436.15	0	.5541463	.1573935	.2703574	.0181029
435.15	0	.5543111	.1569649	.2701049	.01861904
434.15	0	.5544756	.156537	.2698529	.0191344
433.15	0	.5546398	.1561098	.2696015	.01964899
432.15	0	.5548035	.1556831	.2693506	.02016281
431.15	0	.5549669	.1552571	.2691002	.02067588
430.15	0	.5551299	.1548316	.2688503	.02118819
429.15	0	.5552926	.1544067	.2686009	.02169977
428.15	0	.555455	.1539824	.268352	.0222106
427.15	0	.555617	.1535586	.2681037	.02272071
426.15	0	.5557787	.1531354	.2678558	.0232301
425.15	0	.5559401	.1527126	.2676084	.02373877
424.15	0	.5561013	.1522904	.2673616	.02424674
423.15	0	.5562621	.1518687	.2671152	.024754
422.15	0	.5564226	.1514475	.2668694	.02526057
421.15	0	.5565828	.1510267	.266624	.02576646
420.15	0	.5567428	.1506064	.2663791	.02627166
419.15	0	.5569025	.1501866	.2661347	.02677618
418.15	0	.557062	.1497672	.2658908	.02728004
417.15	0	.5572212	.1493482	.2656474	.02778324
416.15	0	.5573801	.1489297	.2654044	.02828577
415.15	0	.5575388	.1485115	.265162	.02878766
414.15	0	.5576973	.1480938	.26492	.02928891
413.15	0	.5578555	.1476765	.2646785	.02978951
412.15	0	.5580136	.1472595	.2644375	.03028948
411.15	0	.5581714	.1468429	.2641969	.03078883
410.15	0	.558329	.1464267	.2639568	.03128755
409.15	0	.5584864	.1460108	.2637172	.03178566
408.15	0	.5586435	.1455953	.263478	.03228315
407.15	0	.5588005	.1451802	.2632393	.03278005
406.15	0	.5589573	.1447653	.263001	.03327634
405.15	0	.559114	.1443508	.2627632	.03377204
404.15	0	.5592704	.1439366	.2625259	.03426715
403.15	0	.5594267	.1435227	.262289	.03476167
402.15	0	.5595828	.143109	.2620526	.03525562
401.15	0	.5597387	.1426957	.2618166	.03574899
400.15	0	.5598945	.1422827	.2615811	.03624179
399.15	0	.5600501	.1418699	.261346	.03673403
398.15	0	.5602055	.1414575	.2611113	.03722571
397.15	0	.5603608	.1410452	.2608771	.03771684
396.15	0	.560516	.1406333	.2606433	.03820742
395.15	0	.560671	.1402216	.26041	.03869745
394.15	0	.5608259	.1398101	.2601771	.03918694
393.15	0	.5609806	.1393988	.2599446	.03967589
392.15	0	.5611352	.1389878	.2597126	.04016432
391.15	0	.5612897	.1385771	.259481	.04065221
390.15	0	.5614441	.1381665	.2592498	.04113958
389.15	0	.5615983	.1377562	.259019	.04162644
388.15	0	.5617525	.137346	.2587887	.04211278
