T	 BPW(LIQUID)	BPW(BCC_A2)	BPW(FCC_A1)	BPW(LAVES_PHASE_C14)	BPW(NI3TI)
1473.15	0	.8070526	.1929474	0	0
1472.15	0	.8050306	.1949694	0	0
1471.15	0	.8030123	.1969877	0	0
1470.15	0	.8009977	.1990023	0	0
1469.15	0	.7989866	.2010134	0	0
1468.15	0	.7969792	.2030208	0	0
1467.15	0	.7949754	.2050246	0	0
1466.15	0	.7929752	.2070248	0	0
1465.15	0	.7909787	.2090213	0	0
1464.15	0	.7889857	.2110143	0	0
1463.15	0	.7869964	.2130036	0	0
1462.15	0	.7850106	.2149894	0	0
1461.15	0	.7830285	.2169715	0	0
1460.15	0	.7810499	.2189501	0	0
1459.15	0	.779075	.220925	0	0
1458.15	0	.7771036	.2228964	0	0
1457.15	0	.7751358	.2248642	0	0
1456.15	0	.7731716	.2268284	0	0
1455.15	0	.771211	.2287891	0	0
1454.15	0	.7692539	.2307461	0	0
1453.15	0	.7673004	.2326996	0	0
1452.15	0	.7653504	.2346496	0	0
1451.15	0	.7634041	.2365959	0	0
1450.15	0	.7614612	.2385388	0	0
1449.15	0	.759522	.240478	0	0
1448.15	0	.7575863	.2424137	0	0
1447.15	0	.7556541	.2443459	0	0
1446.15	0	.7537255	.2462746	0	0
1445.15	0	.7518004	.2481997	0	0
1444.15	0	.7498788	.2501212	0	0
1443.15	0	.7479608	.2520392	0	0
1442.15	0	.7460463	.2539537	0	0
1441.15	0	.7441353	.2558647	0	0
1440.15	0	.7422278	.2577722	0	0
1439.15	0	.7403239	.2596761	0	0
1438.15	0	.7384235	.2615765	0	0
1437.15	0	.7365266	.2634734	0	0
1436.15	0	.7346332	.2653668	0	0
1435.15	0	.7327433	.2672567	0	0
1434.15	0	.7308569	.2691431	0	0
1433.15	0	.728974	.271026	0	0
1432.15	0	.7270946	.2729054	0	0
1431.15	0	.7252187	.2747813	0	0
1430.15	0	.7233463	.2766537	0	0
1429.15	0	.7214774	.2785226	0	0
1428.15	0	.719612	.280388	0	0
1427.15	0	.71775	.28225	0	0
1426.15	0	.7158916	.2841085	0	0
1425.15	0	.7140366	.2859634	0	0
1424.15	0	.7121851	.2878149	0	0
1423.15	0	.710337	.289663	0	0
1422.15	0	.7084925	.2915075	0	0
1421.15	0	.7066514	.2933486	0	0
1420.15	0	.7048138	.2951862	0	0
1419.15	0	.7029796	.2970204	0	0
1418.15	0	.7011489	.2988511	0	0
1417.15	0	.6993217	.3006783	0	0
1416.15	0	.6974979	.3025021	0	0
1415.15	0	.6956776	.3043224	0	0
1414.15	0	.6938607	.3061393	0	0
1413.15	0	.6920473	.3079527	0	0
1412.15	0	.6902374	.3097626	0	0
1411.15	0	.6884309	.3115691	0	0
1410.15	0	.6866278	.3133722	0	0
1409.15	0	.6848282	.3151718	0	0
1408.15	0	.6830321	.3169679	0	0
1407.15	0	.6812393	.3187607	0	0
1406.15	0	.6794501	.32055	0	0
1405.15	0	.6776642	.3223358	0	0
1404.15	0	.6758818	.3241182	0	0
1403.15	0	.6741029	.3258972	0	0
1402.15	0	.6723273	.3276727	0	0
1401.15	0	.6705552	.3294448	0	0
1400.15	0	.6687866	.3312134	0	0
1399.15	0	.6670214	.3329787	0	0
1398.15	0	.6652596	.3347404	0	0
1397.15	0	.6635012	.3364988	0	0
1396.15	0	.6617463	.3382537	0	0
1395.15	0	.6599948	.3400052	0	0
1394.15	0	.6582467	.3417533	0	0
1393.15	0	.6565021	.3434979	0	0
1392.15	0	.6547609	.3452392	0	0
1391.15	0	.6530231	.3469769	0	0
1390.15	0	.6512887	.3487113	0	0
1389.15	0	.6495578	.3504422	0	0
1388.15	0	.6478303	.3521698	0	0
1387.15	0	.6461062	.3538938	0	0
1386.15	0	.6443855	.3556145	0	0
1385.15	0	.6426683	.3573317	0	0
1384.15	0	.6409545	.3590456	0	0
1383.15	0	.6392441	.3607559	0	0
1382.15	0	.6375371	.3624629	0	0
1381.15	0	.6358336	.3641665	0	0
1380.15	0	.6341334	.3658666	0	0
1379.15	0	.6324367	.3675633	0	0
1378.15	0	.6307435	.3692565	0	0
1377.15	0	.6290536	.3709464	0	0
1376.15	0	.6273672	.3726328	0	0
1375.15	0	.6256842	.3743158	0	0
1374.15	0	.6240047	.3759954	0	0
1373.15	0	.6223285	.3776715	0	0
1372.15	0	.6206558	.3793442	0	0
1371.15	0	.6189865	.3810135	0	0
1370.15	0	.6173207	.3826793	0	0
1369.15	0	.6156582	.3843418	0	0
1368.15	0	.6139992	.3860008	0	0
1367.15	0	.6123437	.3876563	0	0
1366.15	0	.6106916	.3893085	0	0
1365.15	0	.6090429	.3909572	0	0
1364.15	0	.6073976	.3926024	0	0
1363.15	0	.6057558	.3942442	0	0
1362.15	0	.6041174	.3958826	0	0
1361.15	0	.6024824	.3975176	0	0
1360.15	0	.6008509	.3991491	0	0
1359.15	0	.5992229	.4007771	0	0
1358.15	0	.5975982	.4024018	0	0
1357.15	0	.5959771	.4040229	0	0
1356.15	0	.5943593	.4056407	0	0
1355.15	0	.592745	.407255	0	0
1354.15	0	.5911342	.4088658	0	0
1353.15	0	.5895268	.4104732	0	0
1352.15	0	.5879229	.4120771	0	0
1351.15	0	.5863225	.4136775	0	0
1350.15	0	.5847254	.4152746	0	0
1349.15	0	.5831319	.4168681	0	0
1348.15	0	.5815418	.4184582	0	0
1347.15	0	.5799552	.4200448	0	0
1346.15	0	.5783721	.4216279	0	0
1345.15	0	.5767924	.4232076	0	0
1344.15	0	.5752162	.4247838	0	0
1343.15	0	.5736435	.4263565	0	0
1342.15	0	.5720743	.4279257	0	0
1341.15	0	.5705085	.4294915	0	0
1340.15	0	.5689463	.4310537	0	0
1339.15	0	.5673875	.4326125	0	0
1338.15	0	.5658322	.4341678	0	0
1337.15	0	.5642804	.4357196	0	0
1336.15	0	.5627321	.4372679	0	0
1335.15	0	.5611874	.4388126	0	0
1334.15	0	.5596461	.4403539	0	0
1333.15	0	.5581083	.4418917	0	0
1332.15	0	.5565741	.4434259	0	0
1331.15	0	.5550433	.4449567	0	0
1330.15	0	.5535161	.4464839	0	0
1329.15	0	.5519925	.4480075	0	0
1328.15	0	.5504723	.4495277	0	0
1327.15	0	.5489557	.4510443	0	0
1326.15	0	.5474426	.4525574	0	0
1325.15	0	.5459331	.4540669	0	0
1324.15	0	.5444271	.4555729	0	0
1323.15	0	.5429247	.4570753	0	0
1322.15	0	.5414258	.4585742	0	0
1321.15	0	.5399305	.4600695	0	0
1320.15	0	.5384388	.4615612	0	0
1319.15	0	.5369506	.4630494	0	0
1318.15	0	.535466	.464534	0	0
1317.15	0	.533985	.466015	0	0
1316.15	0	.5325076	.4674924	0	0
1315.15	0	.5310338	.4689663	0	0
1314.15	0	.5295635	.4704365	0	0
1313.15	0	.5280969	.4719031	0	0
1312.15	0	.5266339	.4733661	0	0
1311.15	0	.5251745	.4748255	0	0
1310.15	0	.5237187	.4762813	0	0
1309.15	0	.5222666	.4777334	0	0
1308.15	0	.5208181	.4791819	0	0
1307.15	0	.5193732	.4806268	0	0
1306.15	0	.517932	.482068	0	0
1305.15	0	.5164944	.4835056	0	0
1304.15	0	.5150605	.4849395	0	0
1303.15	0	.5136303	.4863697	0	0
1302.15	0	.5122037	.4877963	0	0
1301.15	0	.5107808	.4892192	0	0
1300.15	0	.5093616	.4906384	0	0
1299.15	0	.5079461	.4920539	0	0
1298.15	0	.5065343	.4934657	0	0
1297.15	0	.5051262	.4948738	0	0
1296.15	0	.5037218	.4962782	0	0
1295.15	0	.5023212	.4976788	0	0
1294.15	0	.5009243	.4990757	0	0
1293.15	0	.4995311	.5004689	0	0
1292.15	0	.4981416	.5018584	0	0
1291.15	0	.496756	.503244	0	0
1290.15	0	.4953741	.5046259	0	0
1289.15	0	.4939959	.5060041	0	0
1288.15	0	.4926216	.5073784	0	0
1287.15	0	.491251	.508749	0	0
1286.15	0	.4898842	.5101158	0	0
1285.15	0	.4885213	.5114787	0	0
1284.15	0	.4871621	.5128379	0	0
1283.15	0	.4858068	.5141932	0	0
1282.15	0	.4844553	.5155447	0	0
1281.15	0	.4831077	.5168923	0	0
1280.15	0	.4817639	.5182361	0	0
1279.15	0	.480424	.519576	0	0
1278.15	0	.4790879	.5209121	0	0
1277.15	0	.4777558	.5222442	0	0
1276.15	0	.4764275	.5235725	0	0
1275.15	0	.4751031	.5248969	0	0
1274.15	0	.4737827	.5262173	0	0
1273.15	0	.4724661	.5275339	0	0
1272.15	0	.4711535	.5288465	0	0
1271.15	0	.4698449	.5301551	0	0
1270.15	0	.4685402	.5314598	0	0
1269.15	0	.4672395	.5327605	0	0
1268.15	0	.4659427	.5340573	0	0
1267.15	0	.4646499	.5353501	0	0
1266.15	0	.4633612	.5366388	0	0
1265.15	0	.4620764	.5379236	0	0
1264.15	0	.4607957	.5392043	0	0
1263.15	0	.459519	.540481	0	0
1262.15	0	.4582464	.5417536	0	0
1261.15	0	.4569778	.5430222	0	0
1260.15	0	.4557133	.5442867	0	0
1259.15	0	.4544528	.5455472	0	0
1258.15	0	.4531965	.5468035	0	0
1257.15	0	.4519443	.5480557	0	0
1256.15	0	.4506962	.5493038	0	0
1255.15	0	.4494522	.5505478	0	0
1254.15	0	.4482124	.5517876	0	0
1253.15	0	.4469768	.5530232	0	0
1252.15	0	.4457453	.5542547	0	0
1251.15	0	.444518	.555482	0	0
1250.15	0	.443295	.5567051	0	0
1249.15	0	.4420761	.5579239	0	0
1248.15	0	.4408615	.5591385	0	0
1247.15	0	.4396511	.5603489	0	0
1246.15	0	.438445	.561555	0	0
1245.15	0	.4372431	.5627569	0	0
1244.15	0	.4360456	.5639544	0	0
1243.15	0	.4348524	.5651476	0	0
1242.15	0	.4336634	.5663366	0	0
1241.15	0	.4324789	.5675211	0	0
1240.15	0	.4312986	.5687014	0	0
1239.15	0	.4301228	.5698772	0	0
1238.15	0	.4289513	.5710487	0	0
1237.15	0	.4277842	.5722158	0	0
1236.15	0	.4266216	.5733784	0	0
1235.15	0	.4254633	.5745367	0	0
1234.15	0	.4243096	.5756904	0	0
1233.15	0	.4231603	.5768397	0	0
1232.15	0	.4220154	.5779846	0	0
1231.15	0	.4208751	.5791249	0	0
1230.15	0	.4197393	.5802607	0	0
1229.15	0	.4186081	.5813919	0	0
1228.15	0	.4174814	.5825186	0	0
1227.15	0	.4163592	.5836408	0	0
1226.15	0	.4152417	.5847583	0	0
1225.15	0	.4141287	.5858713	0	0
1224.15	0	.4130204	.5869796	0	0
1223.15	0	.4119168	.5880832	0	0
1222.15	0	.4108178	.5891822	0	0
1221.15	0	.4097235	.5902765	0	0
1220.15	0	.4086339	.5913661	0	0
1219.15	0	.407549	.592451	0	0
1218.15	0	.4064689	.5935311	0	0
1217.15	0	.4053935	.5946065	0	0
1216.15	0	.4043229	.5956771	0	0
1215.15	0	.4032572	.5967428	0	0
1214.15	0	.4021962	.5978038	0	0
1213.15	0	.4011401	.5988599	0	0
1212.15	0	.4000889	.5999111	0	0
1211.15	0	.3990425	.6009575	0	0
1210.15	0	.3980011	.6019989	0	0
1209.15	0	.3969646	.6030354	0	0
1208.15	0	.3959331	.6040669	0	0
1207.15	0	.3949065	.6050935	0	0
1206.15	0	.3938849	.6061151	0	0
1205.15	0	.3928684	.6071316	0	0
1204.15	0	.3918569	.6081431	0	0
1203.15	0	.3908504	.6091496	0	0
1202.15	0	.3898491	.6101509	0	0
1201.15	0	.3888529	.6111471	0	0
1200.15	0	.3878618	.6121382	0	0
1199.15	0	.3868759	.6131241	0	0
1198.15	0	.3858952	.6141049	0	0
1197.15	0	.3849196	.6150804	0	0
1196.15	0	.3839494	.6160506	0	0
1195.15	0	.3829843	.6170157	0	0
1194.15	0	.3820246	.6179754	0	0
1193.15	0	.3810702	.6189298	0	0
1192.15	0	.3801211	.6198789	0	0
1191.15	0	.3791774	.6208226	0	0
1190.15	0	.3782391	.6217609	0	0
1189.15	0	.3773062	.6226938	0	0
1188.15	0	.3763787	.6236213	0	0
1187.15	0	.3754568	.6245432	0	0
1186.15	0	.3745403	.6254597	0	0
1185.15	0	.3736293	.6263707	0	0
1184.15	0	.3727239	.6272761	0	0
1183.15	0	.3718241	.6281759	0	0
1182.15	0	.3709299	.6290701	0	0
1181.15	0	.3700413	.6299587	0	0
1180.15	0	.3691584	.6308416	0	0
1179.15	0	.3682813	.6317188	0	0
1178.15	0	.3674098	.6325902	0	0
1177.15	0	.3665441	.6334559	0	0
1176.15	0	.3656841	.6343159	0	0
1175.15	0	.36483	.63517	0	0
1174.15	0	.3639818	.6360182	0	0
1173.15	0	.3631394	.6368606	0	0
1172.15	0	.3623029	.6376971	0	0
1171.15	0	.3614724	.6385276	0	0
1170.15	0	.3606479	.6393521	0	0
1169.15	0	.3598293	.6401707	0	0
1168.15	0	.3590168	.6409832	0	0
1167.15	0	.3582104	.6417896	0	0
1166.15	0	.35741	.64259	0	0
1165.15	0	.3566158	.6433842	0	0
1164.15	0	.3558278	.6441722	0	0
1163.15	0	.355046	.644954	0	0
1162.15	0	.3542704	.6457296	0	0
1161.15	0	.353501	.646499	0	0
1160.15	0	.352738	.647262	0	0
1159.15	0	.3519814	.6480187	0	0
1158.15	0	.351231	.648769	0	0
1157.15	0	.3504872	.6495129	0	0
1156.15	0	.3497497	.6502503	0	0
1155.15	0	.3490188	.6509813	0	0
1154.15	0	.3482943	.6517058	0	0
1153.15	0	.3475764	.6524236	0	0
1152.15	0	.3468651	.6531349	0	0
1151.15	0	.3461604	.6538396	0	0
1150.15	0	.3454624	.6545376	0	0
1149.15	0	.3447711	.6552289	0	0
1148.15	0	.3440865	.6559135	0	0
1147.15	0	.3434088	.6565912	0	0
1146.15	0	.3427378	.6572622	0	0
1145.15	0	.3420737	.6579263	0	0
1144.15	0	.3414165	.6585835	0	0
1143.15	0	.3407662	.6592338	0	0
1142.15	0	.340123	.659877	0	0
1141.15	0	.3394867	.6605133	0	0
1140.15	0	.3388575	.6611425	0	0
1139.15	0	.3382354	.6617646	0	0
1138.15	0	.3376204	.6623796	0	0
1137.15	0	.3370126	.6629874	0	0
1136.15	0	.336412	.663588	0	0
1135.15	0	.3358187	.6641813	0	0
1134.15	0	.3352327	.6647673	0	0
1133.15	0	.3346541	.6653459	0	0
1132.15	0	.3340828	.6659172	0	0
1131.15	0	.333519	.666481	0	0
1130.15	0	.3329627	.6670373	0	0
1129.15	0	.3324139	.6675861	0	0
1128.15	0	.3318726	.6681274	0	0
1127.15	0	.331339	.668661	0	0
1126.15	0	.330813	.669187	0	0
1125.15	0	.3302947	.6697053	0	0
1124.15	0	.3297842	.6702158	0	0
1123.15	0	.3292815	.6707185	0	0
1122.15	0	.3287866	.6712134	0	0
1121.15	0	.3282996	.6717005	0	0
1120.15	0	.3278205	.6721795	0	0
1119.15	0	.3273494	.6726506	0	0
1118.15	0	.3268863	.6731137	0	0
1117.15	0	.3264313	.6735687	0	0
1116.15	0	.3259844	.6740156	0	0
1115.15	0	.3255457	.6744543	0	0
1114.15	0	.3251153	.6748848	0	0
1113.15	0	.324693	.675307	0	0
1112.15	0	.3242791	.6757209	0	0
1111.15	0	.3238736	.6761264	0	0
1110.15	0	.3234765	.6765235	0	0
1109.15	0	.3230878	.6769122	0	0
1108.15	0	.3227077	.6772923	0	0
1107.15	0	.3223361	.6776639	0	0
1106.15	0	.3219732	.6780268	0	0
1105.15	0	.3216189	.6783811	0	0
1104.15	0	.3212733	.6787267	0	0
1103.15	0	.3209365	.6790635	0	0
1102.15	0	.3206085	.6793915	0	0
1101.15	0	.3202894	.6797106	0	0
1100.15	0	.3199793	.6800207	0	0
1099.15	0	.3196781	.6803219	0	0
1098.15	0	.3193859	.6806141	0	0
1097.15	0	.3191028	.6808972	0	0
1096.15	0	.3188289	.6811711	0	0
1095.15	0	.3185642	.6814359	0	0
1094.15	0	.3183087	.6816913	0	0
1093.15	0	.3180625	.6819375	0	0
1092.15	0	.3178256	.6821744	0	0
1091.15	0	.3175982	.6824018	0	0
1090.15	0	.3173802	.6826198	0	0
1089.15	0	.3171718	.6828282	0	0
1088.15	0	.3169729	.6830271	0	0
1087.15	0	.3167836	.6832164	0	0
1086.15	0	.3166041	.6833959	0	0
1085.15	0	.3164343	.6835657	0	0
1084.15	0	.3162742	.6837258	0	0
1083.15	0	.3161241	.6838759	0	0
1082.15	0	.3159838	.6840162	0	0
1081.15	0	.3158535	.6841465	0	0
1080.15	0	.3157332	.6842668	0	0
1079.15	0	.315623	.684377	0	0
1078.15	0	.315523	.684477	0	0
1077.15	0	.3154331	.6845669	0	0
1076.82	0	.3154057	.6845943	0	0
1076.82	0	.3154057	.6845943	0	0
1076.82	0	.3154057	.6845943	0	0
1076.15	0	.3150579	.6847285	2.135958E-04	0
1075.15	0	.3145477	.6849206	5.317577E-04	0
1074.15	0	.3140484	.6851026	8.490045E-04	0
1073.15	0	.3135602	.6852744	.001165336	0
1072.15	0	.3130831	.6854361	.001480754	0
1071.15	0	.3126172	.6855876	.001795256	0
1070.15	0	.3121624	.6857287	.002108845	0
1069.15	0	.311719	.6858595	.002421519	0
1068.15	0	.3112868	.6859799	.002733279	0
1067.15	0	.3108661	.6860898	.003044125	0
1066.15	0	.3104568	.6861891	.003354058	0
1065.15	0	.3100591	.6862779	.003663076	0
1064.15	0	.3096729	.686356	.00397118	0
1063.15	0	.3092983	.6864233	.00427837	0
1062.15	0	.3089355	.6864799	.004584646	0
1061.15	0	.3085844	.6865256	.004890007	0
1060.15	0	.3082451	.6865605	.005194454	0
1059.15	0	.3079177	.6865843	.005497986	0
1058.15	0	.3076022	.6865972	.005800602	0
1057.15	0	.3072988	.6865989	.006102303	0
1056.15	0	.3070074	.6865895	.006403088	0
1055.15	0	.3067282	.6865688	.006702956	0
1054.15	0	.3064612	.6865369	.007001907	0
1053.15	0	.3062064	.6864937	.007299941	0
1052.15	0	.3059639	.686439	.007597058	0
1051.15	0	.3057339	.6863729	.007893255	0
1050.15	0	.3055163	.6862952	.008188533	0
1049.15	0	.3053112	.686206	.008482891	0
1048.15	0	.3051186	.6861051	.008776328	0
1047.15	0	.3049387	.6859924	.009068844	0
1046.15	0	.3047715	.6858681	.009360438	0
1045.15	0	.3046171	.6857318	.009651108	0
1044.15	0	.3044755	.6855837	.009940854	0
1043.15	0	.3043467	.6854236	.01022967	0
1042.15	0	.304231	.6852515	.01051757	0
1041.15	0	.3041282	.6850673	.01080454	0
1040.15	0	.3040385	.6848709	.01109057	0
1039.15	0	.303962	.6846623	.01137568	0
1038.15	0	.3038987	.6844415	.01165986	0
1037.15	0	.3038486	.6842083	.0119431	0
1036.15	0	.3038118	.6839628	.01222541	0
1035.15	0	.3037885	.6837047	.01250679	0
1034.15	0	.3037786	.6834342	.01278723	0
1033.15	0	.3037822	.6831511	.01306673	0
1032.15	0	.3037993	.6828554	.01334529	0
1031.15	0	.3038302	.6825469	.01362291	0
1030.15	0	.3038747	.6822258	.01389959	0
1029.15	0	.3039329	.6818918	.01417532	0
1028.15	0	.304005	.6815449	.0144501	0
1027.15	0	.3040909	.6811852	.01472393	0
1026.15	0	.3041908	.6808124	.01499682	0
1025.15	0	.3043046	.6804266	.01526875	0
1024.15	0	.3044326	.6800277	.01553972	0
1023.15	0	.3045746	.6796157	.01580974	0
1022.15	0	.3047308	.6791904	.0160788	0
1021.15	0	.3049012	.678752	.0163469	0
1020.15	0	.3050858	.6783001	.01661403	0
1019.15	0	.3052849	.677835	.01688019	0
1018.15	0	.3054982	.6773564	.01714539	0
1017.15	0	.3057261	.6768643	.01740961	0
1016.15	0	.3059684	.6763587	.01767286	0
1015.15	0	.3062253	.6758396	.01793513	0
1014.15	0	.3064968	.6753068	.01819642	0
1013.15	0	.3067829	.6747604	.01845672	0
1012.15	0	.3070837	.6742002	.01871604	0
1011.15	0	.3073993	.6736263	.01897437	0
1010.15	0	.3077297	.6730386	.0192317	0
1009.15	0	.3080749	.672437	.01948804	0
1008.15	0	.3084351	.6718216	.01974338	0
1007.15	0	.3088101	.6711921	.01999772	0
1006.15	0	.3092002	.6705488	.02025104	0
1005.15	0	.3096053	.6698914	.02050336	0
1004.15	0	.3100254	.6692199	.02075466	0
1003.15	0	.3104607	.6685343	.02100495	0
1002.15	0	.3109112	.6678346	.02125421	0
1001.15	0	.3113768	.6671208	.02150244	0
1000.15	0	.3118577	.6663927	.02174965	0
999.15	0	.3123538	.6656504	.02199581	0
998.15	0	.3128653	.6648938	.02224094	0
997.15	0	.3133921	.6641229	.02248503	0
996.15	0	.3139342	.6633377	.02272806	0
995.15	0	.3144918	.6625381	.02297004	0
994.15	0	.3150649	.6617242	.02321096	0
993.15	0	.3156534	.6608958	.02345082	0
992.15	0	.3162574	.660053	.02368961	0
991.15	0	.3168769	.6591958	.02392732	0
990.15	0	.317512	.658324	.02416395	0
989.15	0	.3181627	.6574378	.0243995	0
988.15	0	.3188289	.6565371	.02463396	0
987.15	0	.3195108	.6556219	.02486731	0
986.15	0	.3202083	.6546921	.02509957	0
985.15	0	.3209215	.6537478	.02533071	0
984.15	0	.3216504	.6527889	.02556074	0
983.15	0	.3223949	.6518155	.02578964	0
982.15	0	.3231551	.6508275	.02601742	0
981.15	0	.323931	.6498249	.02624406	0
980.15	0	.3247227	.6488078	.02646955	0
979.15	0	.32553	.6477761	.0266939	0
978.15	0	.3263531	.6467298	.02691709	0
977.15	0	.3271919	.645669	.02713911	0
976.15	0	.3280464	.6445936	.02735995	0
975.15	0	.3289167	.6435037	.02757962	0
974.15	0	.3298027	.6423992	.02779809	0
973.15	0	.3307044	.6412803	.02801537	0
972.15	0	.3316218	.6401468	.02823143	0
971.15	0	.3325549	.6389989	.02844629	0
970.15	0	.3335036	.6378365	.02865991	0
969.15	0	.3344681	.6366596	.02887231	0
968.15	0	.3354482	.6354684	.02908345	0
967.15	0	.3364439	.6342628	.02929335	0
966.15	0	.3374552	.6330428	.02950198	0
965.15	0	.3384821	.6318086	.02970933	0
964.15	0	.3395246	.6305601	.0299154	0
963.15	0	.3405825	.6292973	.03012017	0
962.15	0	.341656	.6280204	.03032364	0
961.15	0	.3427449	.6267293	.03052579	0
960.15	0	.3438493	.6254241	.0307266	0
959.15	0	.344969	.6241049	.03092607	0
958.15	0	.3461041	.6227717	.03112419	0
957.15	0	.3472545	.6214246	.03132094	0
956.15	0	.3484201	.6200637	.0315163	0
955.15	0	.3496008	.6186889	.03171027	0
954.15	0	.3507968	.6173004	.03190284	0
953.15	0	.3520078	.6158983	.03209397	0
952.15	0	.3532338	.6144825	.03228367	0
951.15	0	.3544747	.6130533	.03247192	0
950.15	0	.3557306	.6116107	.0326587	0
949.15	0	.3570013	.6101547	.03284399	0
948.15	0	.3582867	.6086856	.03302778	0
947.15	0	.3595867	.6072032	.03321005	0
946.15	0	.3609014	.6057078	.03339079	0
945.15	0	.3622306	.6041995	.03356998	0
944.15	0	.3635741	.6026783	.03374759	0
943.15	0	.364932	.6011444	.03392361	0
942.15	0	.3663041	.5995978	.03409802	0
941.15	0	.3676904	.5980388	.0342708	0
940.15	0	.3690907	.5964674	.03444193	0
939.15	0	.3705049	.5948838	.03461139	0
938.15	0	.3719329	.593288	.03477915	0
937.15	0	.3733746	.5916802	.0349452	0
936.15	0	.3748299	.5900606	.0351095	0
935.15	0	.3762986	.5884293	.03527205	0
934.15	0	.3777807	.5867865	.0354328	0
933.15	0	.379276	.5851323	.03559174	0
932.15	0	.3807844	.5834668	.03574884	0
931.15	0	.3823056	.5817903	.03590407	0
930.15	0	.3838397	.5801029	.0360574	0
929.15	0	.3853864	.5784048	.03620881	0
928.15	0	.3869456	.5766962	.03635826	0
927.15	0	.3885171	.5749772	.03650573	0
926.15	0	.3901007	.5732481	.03665118	0
925.15	0	.3916963	.5715091	.03679458	0
924.15	0	.3933038	.5697604	.0369359	0
923.15	0	.3949228	.5680021	.03707509	0
922.15	0	.3965533	.5662346	.03721213	0
921.15	0	.398195	.564458	.03734698	0
920.15	0	.3998478	.5626726	.03747959	0
919.15	0	.4015113	.5608787	.03760993	0
918.15	0	.4031703	.559092	.03773777	0
917.15	0	.4046786	.5574607	.03786071	0
916.15	0	.406229	.5557906	.03798047	0
915.15	0	.4078192	.5540837	.03809711	0
914.15	0	.409447	.5523423	.03821068	0
913.15	0	.4111105	.5505682	.03832121	0
912.15	0	.4128077	.5487635	.03842877	0
911.15	0	.4145367	.5469299	.03853337	0
910.15	0	.4162957	.5450693	.03863507	0
909.15	0	.4180828	.5431833	.03873391	0
908.15	0	.4198965	.5412736	.03882991	0
907.15	0	.4217351	.5393418	.03892311	0
906.15	0	.4235971	.5373894	.03901354	0
905.15	0	.4254809	.5354178	.03910124	0
904.15	0	.4273851	.5334287	.03918624	0
903.15	0	.4293083	.5314231	.03926856	0
902.15	0	.4312491	.5294027	.03934823	0
901.15	0	.4332063	.5273684	.03942528	0
900.15	0	.4351785	.5253218	.03949975	0
899.15	0	.4371645	.5232639	.03957165	0
898.15	0	.4391632	.5211958	.03964101	0
897.15	0	.4411734	.5191188	.03970785	0
896.15	0	.443194	.5170338	.03977221	0
895.15	0	.4452239	.514942	.03983411	0
894.15	0	.4472622	.5128443	.03989357	0
893.15	0	.4493077	.5107417	.03995061	0
892.15	0	.4513596	.5086352	.04000527	0
891.15	0	.4534168	.5065256	.04005756	0
890.15	0	.4554786	.5044139	.04010751	0
889.15	0	.4575439	.5023009	.04015515	0
888.15	0	.459612	.5001875	.04020049	0
887.15	0	.4616821	.4980743	.04024356	0
886.15	0	.4637533	.4959623	.04028439	0
885.15	0	.4658248	.4938522	.040323	0
884.15	0	.467896	.4917446	.04035941	0
883.15	0	.4699661	.4896402	.04039365	0
882.15	0	.4720344	.4875398	.04042574	0
881.15	0	.4741003	.485444	.04045572	0
880.15	0	.476163	.4833534	.04048359	0
879.15	0	.478222	.4812687	.04050939	0
878.15	0	.4802766	.4791903	.04053314	0
877.15	0	.4823263	.4771188	.04055487	0
876.15	0	.4843705	.4750549	.0405746	0
875.15	0	.4864087	.4729989	.04059235	0
874.15	0	.4884404	.4709515	.04060816	0
873.15	0	.4904649	.468913	.04062205	0
872.15	0	.492482	.466884	.04063404	0
871.15	0	.494491	.4648649	.04064416	0
870.15	0	.4964916	.462856	.04065244	0
869.15	0	.4984833	.4608579	.04065889	0
868.15	0	.5004657	.4588708	.04066356	0
867.15	0	.5024384	.4568952	.04066645	0
866.15	0	.5044011	.4549313	.04066761	0
865.15	0	.5063533	.4529796	.04066706	0
864.15	0	.5082948	.4510404	.04066481	0
863.15	0	.5102253	.4491138	.0406609	0
862.15	0	.5121443	.4472003	.04065537	0
861.15	0	.5140517	.4453001	.04064822	0
860.15	0	.5159471	.4434134	.04063948	0
859.15	0	.5178304	.4415404	.0406292	0
858.15	0	.5197011	.4396815	.04061738	0
857.15	0	.5215592	.4378367	.04060406	0
856.15	0	.5234044	.4360063	.04058926	0
855.15	0	.5252365	.4341905	.04057301	0
854.15	0	.5270553	.4323894	.04055533	0
853.15	0	.5288606	.4306032	.04053625	0
852.15	0	.5306523	.428832	.0405158	0
851.15	0	.5324302	.4270759	.040494	0
850.15	0	.5341941	.425335	.04047087	0
849.15	0	.5359441	.4236095	.04044645	0
848.15	0	.5376799	.4218994	.04042075	0
847.15	0	.5394014	.4202048	.0403938	0
846.15	0	.5411086	.4185258	.04036562	0
845.15	0	.5428014	.4168624	.04033625	0
844.15	0	.5444796	.4152147	.04030569	0
843.15	0	.5461434	.4135827	.04027399	0
842.15	0	.5477925	.4119664	.04024115	0
841.15	0	.549427	.4103658	.0402072	0
840.15	0	.5510468	.4087811	.04017217	0
839.15	0	.5526519	.407212	.04013608	0
838.15	0	.5542423	.4056587	.04009894	0
837.15	0	.555818	.4041212	.04006079	0
836.15	0	.5573791	.4025993	.04002165	0
835.15	0	.5589254	.4010931	.03998152	0
834.15	0	.560457	.3996026	.03994045	0
833.15	0	.561974	.3981276	.03989844	0
832.15	0	.5634764	.3966681	.03985551	0
831.15	0	.5649642	.3952241	.0398117	0
830.15	0	.5664374	.3937956	.03976701	0
829.15	0	.5678962	.3923823	.03972146	0
828.15	0	.5693406	.3909844	.03967508	0
827.15	0	.5707705	.3896016	.03962789	0
826.15	0	.5721862	.3882339	.03957989	0
825.15	0	.5735876	.3868813	.03953112	0
824.15	0	.5749749	.3855436	.03948159	0
823.15	0	.576348	.3842207	.03943131	0
822.15	0	.5777072	.3829125	.0393803	0
821.15	0	.5790524	.381619	.03932859	0
820.15	0	.5803838	.38034	.03927618	0
819.15	0	.5817015	.3790754	.0392231	0
818.15	0	.5830055	.3778252	.03916935	0
817.15	0	.584296	.3765891	.03911496	0
816.15	0	.5855729	.3753671	.03905994	0
815.15	0	.5868366	.3741591	.03900431	0
814.15	0	.588087	.372965	.03894807	0
813.15	0	.5893242	.3717845	.03889125	0
812.15	0	.5905484	.3706177	.03883386	0
811.15	0	.5917597	.3694644	.03877592	0
810.15	0	.5929581	.3683245	.03871743	0
809.15	0	.5941439	.3671977	.03865842	0
808.15	0	.595317	.3660842	.03859888	0
807.15	0	.5964776	.3649836	.03853885	0
806.15	0	.5976259	.3638958	.03847833	0
805.15	0	.5987618	.3628208	.03841734	0
804.15	0	.5998857	.3617585	.03835587	0
803.15	0	.6009975	.3607086	.03829396	0
802.15	0	.6020973	.3596711	.03823161	0
801.15	0	.6031854	.3586458	.03816883	0
800.15	0	.6042617	.3576326	.03810564	0
799.15	0	.6053265	.3566315	.03804204	0
798.15	0	.6063798	.3556421	.03797805	0
797.15	0	.6074218	.3546645	.03791368	0
796.15	0	.6084525	.3536986	.03784894	0
795.15	0	.6094721	.3527441	.03778383	0
794.15	0	.6104807	.3518009	.03771838	0
793.15	0	.6114784	.350869	.03765259	0
792.15	0	.6124653	.3499482	.03758647	0
791.15	0	.6134415	.3490384	.03752003	0
790.15	0	.6144072	.3481395	.03745328	0
789.15	0	.6153624	.3472514	.03738623	0
788.15	0	.6163073	.3463738	.03731889	0
787.15	0	.617242	.3455068	.03725128	0
786.15	0	.6181665	.3446501	.03718338	0
785.15	0	.619081	.3438038	.03711523	0
784.15	0	.6199856	.3429676	.03704682	0
783.15	0	.6208804	.3421414	.03697817	0
782.15	0	.6217655	.3413252	.03690929	0
781.15	0	.622641	.3405188	.03684017	0
780.15	0	.6235071	.3397221	.03677084	0
779.15	0	.6243637	.338935	.03670129	0
778.15	0	.6252111	.3381574	.03663154	0
777.15	0	.6260493	.3373892	.0365616	0
776.15	0	.6268784	.3366302	.03649146	0
775.15	0	.6276985	.3358804	.03642115	0
774.15	0	.6285097	.3351396	.03635066	0
773.15	0	.6293122	.3344078	.03628001	0
772.15	0	.630106	.3336849	.0362092	0
771.15	0	.6308911	.3329706	.03613824	0
770.15	0	.6316678	.3322651	.03606713	0
769.15	0	.6324361	.331568	.03599589	0
768.15	0	.6331961	.3308794	.03592451	0
767.15	0	.6339478	.3301992	.03585301	0
766.15	0	.6346914	.3295272	.03578139	0
765.15	0	.635427	.3288633	.03570966	0
764.15	0	.6361547	.3282075	.03563782	0
763.15	0	.6368744	.3275597	.03556588	0
762.15	0	.6375865	.3269197	.03549385	0
761.15	0	.6382908	.3262875	.03542173	0
760.15	0	.6389875	.325663	.03534953	0
759.15	0	.6396767	.325046	.03527725	0
758.15	0	.6403585	.3244366	.03520489	0
757.15	0	.641033	.3238346	.03513247	0
756.15	0	.6417001	.3232399	.03505999	0
755.15	0	.6423601	.3226524	.03498745	0
754.15	0	.643013	.3220721	.03491486	0
753.15	0	.6436589	.3214989	.03484222	0
752.15	0	.6442978	.3209327	.03476954	0
751.15	0	.6449299	.3203733	.03469682	0
750.15	0	.6455551	.3198208	.03462407	0
749.15	0	.6461737	.319275	.03455129	0
748.15	0	.6467856	.3187359	.03447849	0
747.15	0	.647391	.3182033	.03440566	0
746.15	0	.6479899	.3176773	.03433282	0
745.15	0	.6485824	.3171577	.03425996	0
744.15	0	.6491685	.3166444	.0341871	0
743.15	0	.6497483	.3161374	.03411423	0
742.15	0	.650322	.3156366	.03404135	0
741.15	0	.6508895	.315142	.03396848	0
740.15	0	.651451	.3146534	.03389562	0
739.15	0	.6520065	.3141707	.03382276	0
738.15	0	.6525561	.313694	.03374992	0
737.15	0	.6530998	.3132231	.03367709	0
736.15	0	.6536377	.312758	.03360428	0
735.15	0	.65417	.3122986	.03353148	0
734.15	0	.6546965	.3118448	.03345872	0
733.15	0	.6552175	.3113965	.03338598	0
732.15	0	.6557329	.3109538	.03331327	0
731.15	0	.6562429	.3105165	.03324059	0
730.15	0	.6567475	.3100846	.03316794	0
729.15	0	.6572467	.309658	.03309533	0
728.15	0	.6577407	.3092366	.03302276	0
727.8743	0	.6578759	.3091213	.03300276	0
727.8743	0	.6578759	.3091213	.03300276	0
727.8743	0	.6578759	.3091213	.03300276	0
727.15	0	.6595034	.3068271	.0322533	.001416213
726.15	0	.6617148	.3037012	.03122846	.00335546
725.15	0	.6638859	.3006229	.03021501	.005276211
724.15	0	.6660174	.2975911	.02921276	.007178733
723.15	0	.6681102	.294605	.02822153	.00906329
722.15	0	.670165	.2916637	.02724114	.01093014
721.15	0	.6721827	.2887664	.0262714	.01277954
720.15	0	.674164	.2859121	.02531214	.01461175
719.15	0	.6761096	.2831002	.02436318	.01642701
718.15	0	.6780204	.2803297	.02342437	.01822556
717.15	0	.679897	.2775999	.02249552	.02000765
716.15	0	.6817401	.2749099	.02157647	.02177351
715.15	0	.6835505	.2722591	.02066706	.02352338
714.15	0	.6853287	.2696466	.01976714	.02525749
713.15	0	.6870756	.2670718	.01887654	.02697605
712.15	0	.6887917	.2645339	.01799512	.0286793
711.15	0	.6904776	.2620322	.01712272	.03036746
710.15	0	.692134	.2595661	.01625919	.03204073
709.15	0	.6937615	.2571348	.01540438	.03369934
708.15	0	.6953607	.2547377	.01455816	.03534349
707.15	0	.6969321	.2523741	.01372038	.03697338
706.15	0	.6984764	.2500435	.01289091	.03858923
705.15	0	.6999941	.2477451	.0120696	.04019122
704.15	0	.7014857	.2454784	.01125633	.04177956
703.15	0	.7029518	.2432428	.01045097	.04335443
702.15	0	.7043928	.2410378	.009653377	.04491604
701.15	0	.7058094	.2388626	.008863436	.04646456
700.15	0	.707202	.2367168	.008081019	.04800018
699.15	0	.708571	.2345999	.007306005	.04952308
698.15	0	.709917	.2325113	.006538275	.05103344
697.15	0	.7112405	.2304504	.00577771	.05253144
696.15	0	.7125418	.2284167	.005024195	.05401725
695.15	0	.7138215	.2264099	.004277617	.05549104
694.15	0	.7150799	.2244292	.003537865	.05695298
693.15	0	.7163176	.2224744	.002804829	.05840323
692.15	0	.7175348	.2205448	.002078402	.05984195
691.15	0	.7187321	.2186401	.00135848	.06126931
690.15	0	.7199098	.2167597	6.449573E-04	.06268546
689.2384	0	.7209667	.2150665	0	.06396679
689.2384	0	.7209667	.2150665	0	.06396679
689.15	0	.7209897	.2150114	0	.06399886
688.15	0	.7212476	.2143928	0	.06435961
687.15	0	.7215011	.2137823	0	.06471664
686.15	0	.7217501	.2131799	0	.06507
685.15	0	.7219948	.2125854	0	.06541975
684.15	0	.7222353	.2119988	0	.06576592
683.15	0	.7224716	.2114198	0	.06610857
682.15	0	.7227038	.2108485	0	.06644773
681.15	0	.7229319	.2102847	0	.06678345
680.15	0	.723156	.2097282	0	.06711576
679.15	0	.7233763	.209179	0	.06744473
678.15	0	.7235926	.208637	0	.06777038
677.15	0	.7238052	.2081021	0	.06809276
676.15	0	.724014	.2075741	0	.06841191
675.15	0	.7242191	.2070531	0	.06872787
674.15	0	.7244206	.2065388	0	.06904069
673.15	0	.7246185	.2060311	0	.06935039
672.15	0	.7248129	.2055301	0	.06965703
671.15	0	.7250038	.2050356	0	.06996064
670.15	0	.7251913	.2045474	0	.07026126
669.15	0	.7253755	.2040656	0	.07055892
668.15	0	.7255564	.20359	0	.07085368
667.15	0	.725734	.2031205	0	.07114555
666.15	0	.7259084	.202657	0	.07143459
665.15	0	.7260796	.2021996	0	.07172083
664.15	0	.7262477	.201748	0	.0720043
663.15	0	.7264128	.2013022	0	.07228504
662.15	0	.7265748	.2008621	0	.07256309
661.15	0	.7267339	.2004276	0	.07283848
660.15	0	.72689	.1999987	0	.07311124
659.15	0	.7270433	.1995753	0	.07338142
658.15	0	.7271937	.1991573	0	.07364904
657.15	0	.7273413	.1987446	0	.07391414
656.15	0	.7274862	.1983371	0	.07417675
655.15	0	.7276283	.1979348	0	.0744369
654.15	0	.7277678	.1975376	0	.07469463
653.15	0	.7279046	.1971455	0	.07494997
652.15	0	.7280388	.1967583	0	.07520295
651.15	0	.7281704	.196376	0	.0754536
650.15	0	.7282996	.1959985	0	.07570196
649.15	0	.7284262	.1956258	0	.07594805
648.15	0	.7285504	.1952577	0	.0761919
647.15	0	.7286721	.1948943	0	.07643355
646.15	0	.7287915	.1945355	0	.07667302
645.15	0	.7289086	.1941811	0	.07691035
644.15	0	.7290233	.1938312	0	.07714555
643.15	0	.7291357	.1934856	0	.07737867
642.15	0	.7292459	.1931444	0	.07760973
641.15	0	.7293539	.1928074	0	.07783875
640.15	0	.7294597	.1924746	0	.07806577
639.15	0	.7295633	.1921459	0	.07829081
638.15	0	.7296648	.1918213	0	.0785139
637.15	0	.7297642	.1915007	0	.07873507
636.15	0	.7298616	.1911841	0	.07895433
635.15	0	.7299569	.1908714	0	.07917173
634.15	0	.7300502	.1905625	0	.07938727
633.15	0	.7301415	.1902575	0	.079601
632.15	0	.7302309	.1899562	0	.07981293
631.15	0	.7303184	.1896586	0	.08002309
630.15	0	.7304039	.1893646	0	.0802315
629.15	0	.7304876	.1890742	0	.08043819
628.15	0	.7305694	.1887874	0	.08064318
627.15	0	.7306495	.188504	0	.0808465
626.15	0	.7307277	.1882242	0	.08104816
625.15	0	.7308041	.1879477	0	.08124819
624.15	0	.7308789	.1876745	0	.08144662
623.15	0	.7309519	.1874047	0	.08164346
622.15	0	.7310232	.1871381	0	.08183875
621.15	0	.7310928	.1868747	0	.08203249
620.15	0	.7311608	.1866145	0	.08222471
619.15	0	.7312271	.1863575	0	.08241543
618.15	0	.7312918	.1861035	0	.08260468
617.15	0	.731355	.1858525	0	.08279248
616.15	0	.7314166	.1856046	0	.08297884
615.15	0	.7314766	.1853596	0	.08316378
614.15	0	.7315352	.1851175	0	.08334733
613.15	0	.7315922	.1848783	0	.0835295
612.15	0	.7316478	.1846419	0	.08371032
611.15	0	.7317018	.1844083	0	.08388981
610.15	0	.7317545	.1841775	0	.08406797
609.15	0	.7318057	.1839494	0	.08424484
608.15	0	.7318556	.183724	0	.08442043
607.15	0	.731904	.1835012	0	.08459475
606.15	0	.7319511	.1832811	0	.08476783
605.15	0	.7319968	.1830635	0	.08493969
604.15	0	.7320413	.1828484	0	.08511033
603.15	0	.7320844	.1826359	0	.08527979
602.15	0	.7321262	.1824257	0	.08544807
601.15	0	.7321667	.1822181	0	.0856152
600.15	0	.732206	.1820128	0	.08578118
599.15	0	.7322448	.1818098	0	.08594541
598.15	0	.7322816	.1816092	0	.08610919
597.15	0	.7323172	.181411	0	.08627187
596.15	0	.7323516	.181215	0	.08643348
595.15	0	.7323848	.1810212	0	.08659402
594.15	0	.7324169	.1808296	0	.08675352
593.15	0	.7324478	.1806403	0	.08691199
592.15	0	.7324776	.180453	0	.08706944
591.15	0	.7325063	.1802679	0	.08722589
590.15	0	.7325338	.1800848	0	.08738136
589.15	0	.7325603	.1799038	0	.08753585
588.15	0	.7325858	.1797248	0	.08768939
587.15	0	.7326102	.1795479	0	.08784198
586.15	0	.7326335	.1793729	0	.08799364
585.15	0	.7326558	.1791998	0	.08814438
584.15	0	.7326771	.1790286	0	.08829423
583.15	0	.7326975	.1788594	0	.08844318
582.15	0	.7327168	.178692	0	.08859126
581.15	0	.7327352	.1785264	0	.08873847
580.15	0	.7327526	.1783626	0	.08888484
579.15	0	.732769	.1782006	0	.08903036
578.15	0	.7327845	.1780404	0	.08917506
577.15	0	.7327991	.1778819	0	.08931895
576.15	0	.7328128	.1777251	0	.08946203
575.15	0	.7328257	.17757	0	.08960433
574.15	0	.7328376	.1774166	0	.08974585
573.15	0	.7328486	.1772648	0	.0898866
572.15	0	.7328588	.1771146	0	.09002659
571.15	0	.7328682	.176966	0	.09016584
570.15	0	.7328767	.1768189	0	.09030436
569.15	0	.7328844	.1766735	0	.09044216
568.15	0	.7328913	.1765295	0	.09057925
567.15	0	.7328974	.176387	0	.09071564
566.15	0	.7329027	.176246	0	.09085134
565.15	0	.7329072	.1761065	0	.09098636
564.15	0	.7329109	.1759684	0	.09112071
563.15	0	.7329139	.1758317	0	.0912544
562.15	0	.7329161	.1756964	0	.09138744
561.15	0	.7329177	.1755625	0	.09151985
560.15	0	.7329185	.1754299	0	.09165162
559.15	0	.7329185	.1752987	0	.09178278
558.15	0	.7329179	.1751688	0	.09191332
557.15	0	.7329166	.1750402	0	.09204327
556.15	0	.7329146	.1749128	0	.09217262
555.15	0	.7329119	.1747867	0	.09230139
554.15	0	.7329085	.1746619	0	.09242958
553.15	0	.7329045	.1745383	0	.09255721
552.15	0	.7328999	.1744159	0	.09268429
551.15	0	.7328946	.1742946	0	.09281081
550.15	0	.7328887	.1741745	0	.0929368
549.15	0	.7328821	.1740556	0	.09306225
548.15	0	.732875	.1739378	0	.09318718
547.15	0	.7328672	.1738212	0	.0933116
546.15	0	.7328589	.1737056	0	.09343551
545.15	0	.73285	.1735911	0	.09355892
544.15	0	.7328405	.1734776	0	.09368184
543.15	0	.7328305	.1733652	0	.09380427
542.15	0	.7328199	.1732539	0	.09392623
541.15	0	.7328087	.1731435	0	.09404772
540.15	0	.732797	.1730342	0	.09416875
539.15	0	.7327848	.1729259	0	.09428933
538.15	0	.7327721	.1728185	0	.09440946
537.15	0	.7327588	.172712	0	.09452915
536.15	0	.7327451	.1726065	0	.0946484
535.15	0	.7327308	.172502	0	.09476723
534.15	0	.7327161	.1723983	0	.09488564
533.15	0	.7327008	.1722955	0	.09500364
532.15	0	.7326851	.1721936	0	.09512123
531.15	0	.732669	.1720926	0	.09523842
530.15	0	.7326524	.1719924	0	.09535521
529.15	0	.7326353	.1718931	0	.09547162
528.15	0	.7326178	.1717946	0	.09558765
527.15	0	.7325998	.1716969	0	.09570331
526.15	0	.7325814	.1716	0	.09581859
525.15	0	.7325626	.1715039	0	.09593351
524.15	0	.7325434	.1714085	0	.09604808
523.15	0	.7325238	.1713139	0	.09616229
522.15	0	.7325038	.1712201	0	.09627616
521.15	0	.7324833	.171127	0	.09638969
520.15	0	.7324625	.1710346	0	.09650288
519.15	0	.7324414	.1709429	0	.09661575
518.15	0	.7324198	.1708519	0	.09672829
517.15	0	.7323979	.1707616	0	.09684051
516.15	0	.7323756	.170672	0	.09695242
515.15	0	.732353	.170583	0	.09706402
514.15	0	.73233	.1704946	0	.09717532
513.15	0	.7323067	.170407	0	.09728633
512.15	0	.7322831	.1703199	0	.09739703
511.15	0	.7322591	.1702334	0	.09750746
510.15	0	.7322349	.1701476	0	.09761759
509.15	0	.7322103	.1700623	0	.09772745
508.15	0	.7321854	.1699776	0	.09783704
507.15	0	.7321602	.1698935	0	.09794635
506.15	0	.7321347	.1698099	0	.09805541
505.15	0	.7321089	.1697269	0	.0981642
504.15	0	.7320828	.1696444	0	.09827273
503.15	0	.7320565	.1695625	0	.09838102
502.15	0	.7320299	.169481	0	.09848906
501.15	0	.732003	.1694001	0	.09859685
500.15	0	.7319759	.1693197	0	.09870441
499.15	0	.7319486	.1692397	0	.09881173
498.15	0	.7319209	.1691603	0	.09891882
497.15	0	.7318931	.1690812	0	.09902569
496.15	0	.731865	.1690027	0	.09913233
495.15	0	.7318367	.1689246	0	.09923875
494.15	0	.7318081	.1688469	0	.09934496
493.15	0	.7317794	.1687697	0	.09945096
492.15	0	.7317504	.1686929	0	.09955675
491.15	0	.7317212	.1686164	0	.09966234
490.15	0	.7316918	.1685404	0	.09976773
489.15	0	.7316623	.1684648	0	.09987292
488.15	0	.7316325	.1683896	0	.09997791
487.15	0	.7316026	.1683147	0	.1000827
486.15	0	.7315724	.1682402	0	.1001873
485.15	0	.7315422	.1681661	0	.1002918
484.15	0	.7315117	.1680923	0	.100396
483.15	0	.7314811	.1680188	0	.1005001
482.15	0	.7314503	.1679457	0	.100604
481.15	0	.7314193	.1678729	0	.1007078
480.15	0	.7313882	.1678004	0	.1008114
479.15	0	.731357	.1677282	0	.1009148
478.15	0	.7313256	.1676563	0	.101018
477.15	0	.7312941	.1675848	0	.1011211
476.15	0	.7312625	.1675134	0	.101224
475.15	0	.7312308	.1674424	0	.1013268
474.15	0	.7311989	.1673716	0	.1014295
473.15	0	.7311669	.1673011	0	.101532
472.15	0	.7311348	.1672309	0	.1016343
471.15	0	.7311026	.1671609	0	.1017365
470.15	0	.7310703	.1670911	0	.1018386
469.15	0	.7310379	.1670216	0	.1019405
468.15	0	.7310054	.1669522	0	.1020423
467.15	0	.7309729	.1668831	0	.102144
466.15	0	.7309402	.1668143	0	.1022455
465.15	0	.7309075	.1667456	0	.102347
464.15	0	.7308747	.1666771	0	.1024483
463.15	0	.7308418	.1666088	0	.1025494
462.15	0	.7308089	.1665406	0	.1026505
461.15	0	.7307759	.1664727	0	.1027514
460.15	0	.7307429	.1664049	0	.1028523
459.15	0	.7307098	.1663373	0	.102953
458.15	0	.7306766	.1662698	0	.1030536
457.15	0	.7306434	.1662025	0	.1031541
456.15	0	.7306102	.1661353	0	.1032545
455.15	0	.7305769	.1660683	0	.1033548
454.15	0	.7305436	.1660013	0	.103455
453.15	0	.7305103	.1659346	0	.1035551
452.15	0	.730477	.1658679	0	.1036551
451.15	0	.7304436	.1658013	0	.103755
450.15	0	.7304103	.1657349	0	.1038549
449.15	0	.730377	.1656684	0	.1039546
448.15	0	.7303437	.1656021	0	.1040543
447.15	0	.7303104	.1655358	0	.1041539
446.15	0	.7302771	.1654695	0	.1042534
445.15	0	.7302439	.1654033	0	.1043528
444.15	0	.7302107	.1653371	0	.1044522
443.15	0	.7301776	.165271	0	.1045514
442.15	0	.7301445	.1652049	0	.1046507
441.15	0	.7301115	.1651387	0	.1047498
440.15	0	.7300785	.1650725	0	.1048489
439.15	0	.7300457	.1650063	0	.104948
438.15	0	.730013	.1649401	0	.105047
437.15	0	.7299803	.1648738	0	.1051459
436.15	0	.7299478	.1648074	0	.1052448
435.15	0	.7299154	.164741	0	.1053436
434.15	0	.7298831	.1646745	0	.1054424
433.15	0	.729851	.1646079	0	.1055412
432.15	0	.729819	.1645412	0	.1056399
431.15	0	.7297871	.1644743	0	.1057386
430.15	0	.7297554	.1644074	0	.1058372
429.15	0	.7297238	.1643403	0	.1059358
428.15	0	.7296925	.1642731	0	.1060344
427.15	0	.7296613	.1642058	0	.106133
426.15	0	.7296302	.1641383	0	.1062315
425.15	0	.7295994	.1640706	0	.10633
424.15	0	.7295687	.1640028	0	.1064285
423.15	0	.7295383	.1639348	0	.1065269
422.15	0	.729508	.1638667	0	.1066253
421.15	0	.7294779	.1637983	0	.1067237
420.15	0	.7294481	.1637298	0	.1068221
419.15	0	.7294184	.1636611	0	.1069205
418.15	0	.729389	.1635922	0	.1070188
417.15	0	.7293598	.1635231	0	.1071172
416.15	0	.7293308	.1634537	0	.1072155
415.15	0	.729302	.1633842	0	.1073138
414.15	0	.7292735	.1633144	0	.1074121
413.15	0	.7292452	.1632445	0	.1075104
412.15	0	.7292171	.1631743	0	.1076086
411.15	0	.7291892	.1631039	0	.1077069
410.15	0	.7291616	.1630332	0	.1078051
409.15	0	.7291343	.1629624	0	.1079034
408.15	0	.7291071	.1628913	0	.1080016
407.15	0	.7290803	.1628199	0	.1080998
406.15	0	.7290536	.1627483	0	.108198
405.15	0	.7290273	.1626765	0	.1082963
404.15	0	.7290011	.1626044	0	.1083944
403.15	0	.7289753	.1625321	0	.1084926
402.15	0	.7289496	.1624595	0	.1085908
401.15	0	.7289243	.1623867	0	.108689
400.15	0	.7288992	.1623137	0	.1087872
399.15	0	.7288743	.1622403	0	.1088853
398.15	0	.7288497	.1621668	0	.1089835
397.15	0	.7288254	.162093	0	.1090817
396.15	0	.7288013	.1620189	0	.1091798
395.15	0	.7287775	.1619445	0	.109278
394.15	0	.7287539	.16187	0	.1093761
393.15	0	.7287306	.1617951	0	.1094743
392.15	0	.7287076	.16172	0	.1095724
391.15	0	.7286848	.1616447	0	.1096705
390.15	0	.7286623	.1615691	0	.1097687
389.15	0	.72864	.1614932	0	.1098668
388.15	0	.728618	.1614171	0	.1099649
