T	 BPW(LIQUID)	BPW(BCC_A2)	BPW(FCC_A1)	BPW(LAVES_PHASE_C14)	BPW(NI3TI)
1473.15	.2848862	.6035185	0	.1115954	0
1472.15	.2788115	.6075214	0	.1136671	0
1471.15	.272851	.6114442	0	.1157048	0
1470.15	.2670015	.6152889	0	.1177096	0
1469.15	.2612601	.6190577	0	.1196822	0
1468.15	.2556237	.6227526	0	.1216237	0
1467.15	.2500897	.6263755	0	.1235348	0
1466.15	.2446552	.6299283	0	.1254165	0
1465.15	.2393178	.6334128	0	.1272694	0
1464.15	.2340747	.6368308	0	.1290944	0
1463.15	.2289238	.640184	0	.1308923	0
1462.15	.2238624	.643474	0	.1326636	0
1461.15	.2188884	.6467024	0	.1344092	0
1460.15	.2139995	.6498708	0	.1361297	0
1459.15	.2091937	.6529806	0	.1378257	0
1458.15	.2044688	.6560333	0	.1394979	0
1457.15	.1998228	.6590303	0	.1411469	0
1456.15	.1952538	.6619729	0	.1427733	0
1455.15	.19076	.6648624	0	.1443776	0
1454.15	.1863394	.6677002	0	.1459604	0
1453.15	.1819903	.6704874	0	.1475223	0
1452.15	.1777111	.6732253	0	.1490637	0
1451.15	.1735	.6759149	0	.1505851	0
1450.15	.1693554	.6785575	0	.1520871	0
1449.15	.1652758	.6811541	0	.1535701	0
1448.15	.1612597	.6837057	0	.1550346	0
1447.15	.1573056	.6862135	0	.1564809	0
1446.15	.1534121	.6886783	0	.1579096	0
1445.15	.1495778	.6911012	0	.159321	0
1444.15	.1458014	.6934831	0	.1607156	0
1443.15	.1420815	.6958248	0	.1620937	0
1442.15	.1384168	.6981274	0	.1634557	0
1441.15	.1348063	.7003917	0	.1648021	0
1440.15	.1312485	.7026184	0	.166133	0
1439.15	.1277425	.7048085	0	.167449	0
1438.15	.1242871	.7069626	0	.1687503	0
1437.15	.1208811	.7090817	0	.1700372	0
1436.15	.1175235	.7111663	0	.1713102	0
1435.15	.1142133	.7132173	0	.1725694	0
1434.15	.1109495	.7152354	0	.1738152	0
1433.15	.107731	.7172211	0	.1750478	0
1432.15	.104557	.7191754	0	.1762677	0
1431.15	.1014264	.7210986	0	.1774749	0
1430.15	.09833845	.7229916	0	.1786699	0
1429.15	.09529218	.724855	0	.1798529	0
1428.15	.09228676	.7266892	0	.181024	0
1427.15	.08932135	.728495	0	.1821837	0
1426.15	.08639514	.7302728	0	.183332	0
1425.15	.08350733	.7320234	0	.1844693	0
1424.15	.08065716	.7337471	0	.1855958	0
1423.15	.07784386	.7354445	0	.1867116	0
1422.15	.07506672	.7371162	0	.1878171	0
1421.15	.07232501	.7387626	0	.1889124	0
1420.15	.06961804	.7403842	0	.1899977	0
1419.15	.06694513	.7419816	0	.1910733	0
1418.15	.06430561	.7435552	0	.1921392	0
1417.15	.06169884	.7451054	0	.1931958	0
1416.15	.0591242	.7466327	0	.1942432	0
1415.15	.05658106	.7481375	0	.1952815	0
1414.15	.05406882	.7496202	0	.196311	0
1413.15	.05158691	.7510813	0	.1973318	0
1412.15	.04913474	.7525212	0	.1983441	0
1411.15	.04671177	.7539402	0	.199348	0
1410.15	.04431745	.7553387	0	.2003438	0
1409.15	.04195125	.7567172	0	.2013316	0
1408.15	.03961264	.758076	0	.2023114	0
1407.15	.03730113	.7594154	0	.2032835	0
1406.15	.03501621	.7607358	0	.204248	0
1405.15	.03275741	.7620375	0	.2052051	0
1404.15	.03052425	.7633209	0	.2061548	0
1403.15	.02831627	.7645863	0	.2070974	0
1402.15	.02613303	.7658341	0	.2080329	0
1401.15	.02397407	.7670644	0	.2089615	0
1400.15	.02183897	.7682777	0	.2098833	0
1399.15	.01972731	.7694743	0	.2107984	0
1398.15	.01763868	.7706543	0	.211707	0
1397.15	.01557267	.7718182	0	.2126091	0
1396.15	.0135289	.7729662	0	.2135049	0
1395.15	.01150697	.7740985	0	.2143945	0
1394.15	.009506507	.7752155	0	.215278	0
1393.15	.00752715	.7763174	0	.2161554	0
1392.15	.005568535	.7774045	0	.217027	0
1391.15	.00363031	.7784769	0	.2178928	0
1390.15	.00171213	.779535	0	.2187528	0
1389.249	0	.7804767	0	.2195233	0
1389.249	0	.7804767	0	.2195233	0
1389.15	0	.7804218	0	.2195782	0
1388.15	0	.779866	0	.220134	0
1387.15	0	.7793115	0	.2206885	0
1386.15	0	.7787584	0	.2212416	0
1385.15	0	.7782065	0	.2217935	0
1384.15	0	.7776559	0	.2223441	0
1383.15	0	.7771067	0	.2228933	0
1382.15	0	.7765587	0	.2234413	0
1381.15	0	.776012	0	.223988	0
1380.15	0	.7754666	0	.2245334	0
1379.15	0	.7749224	0	.2250776	0
1378.15	0	.7743796	0	.2256204	0
1377.15	0	.773838	0	.226162	0
1376.15	0	.7732977	0	.2267023	0
1375.15	0	.7727586	0	.2272414	0
1374.15	0	.7722208	0	.2277792	0
1373.15	0	.7716843	0	.2283157	0
1372.15	0	.771149	0	.2288511	0
1371.15	0	.7706149	0	.2293851	0
1370.15	0	.7700821	0	.2299179	0
1369.15	0	.7695505	0	.2304495	0
1368.15	0	.7690202	0	.2309798	0
1367.15	0	.768491	0	.231509	0
1366.15	0	.7679632	0	.2320368	0
1365.15	0	.7674365	0	.2325635	0
1364.15	0	.766911	0	.233089	0
1363.15	0	.7663868	0	.2336132	0
1362.15	0	.7658637	0	.2341363	0
1361.15	0	.7653419	0	.2346581	0
1360.15	0	.7648213	0	.2351787	0
1359.15	0	.7643019	0	.2356981	0
1358.15	0	.7637836	0	.2362164	0
1357.15	0	.7632666	0	.2367334	0
1356.15	0	.7627507	0	.2372493	0
1355.15	0	.762236	0	.237764	0
1354.15	0	.7617225	0	.2382775	0
1353.15	0	.7612102	0	.2387898	0
1352.15	0	.7606991	0	.2393009	0
1351.15	0	.7601891	0	.2398109	0
1350.15	0	.7596802	0	.2403198	0
1349.15	0	.7591726	0	.2408274	0
1348.15	0	.758666	0	.241334	0
1347.15	0	.7581607	0	.2418393	0
1346.15	0	.7576565	0	.2423435	0
1345.15	0	.7571534	0	.2428466	0
1344.15	0	.7566515	0	.2433485	0
1343.15	0	.7561507	0	.2438493	0
1342.15	0	.755651	0	.244349	0
1341.15	0	.7551525	0	.2448475	0
1340.15	0	.7546551	0	.2453449	0
1339.15	0	.7541589	0	.2458412	0
1338.15	0	.7536637	0	.2463363	0
1337.15	0	.7531697	0	.2468304	0
1336.15	0	.7526767	0	.2473233	0
1335.15	0	.7521849	0	.2478151	0
1334.15	0	.7516942	0	.2483058	0
1333.15	0	.7512046	0	.2487954	0
1332.15	0	.7507161	0	.2492839	0
1331.15	0	.7502287	0	.2497713	0
1330.15	0	.7497423	0	.2502577	0
1329.15	0	.7492571	0	.2507429	0
1328.15	0	.748773	0	.251227	0
1327.15	0	.7482899	0	.2517101	0
1326.15	0	.7478079	0	.2521921	0
1325.15	0	.747327	0	.252673	0
1324.15	0	.7468472	0	.2531528	0
1323.15	0	.7463684	0	.2536316	0
1322.15	0	.7458907	0	.2541093	0
1321.15	0	.745414	0	.254586	0
1320.15	0	.7449384	0	.2550616	0
1319.15	0	.7444639	0	.2555361	0
1318.15	0	.7439904	0	.2560096	0
1317.15	0	.743518	0	.256482	0
1316.15	0	.7430466	0	.2569534	0
1315.15	0	.7425763	0	.2574237	0
1314.15	0	.742107	0	.257893	0
1313.15	0	.7416387	0	.2583613	0
1312.15	0	.7411715	0	.2588285	0
1311.15	0	.7407053	0	.2592947	0
1310.15	0	.7402401	0	.2597599	0
1309.15	0	.739776	0	.260224	0
1308.15	0	.7393128	0	.2606872	0
1307.15	0	.7388507	0	.2611493	0
1306.15	0	.7383896	0	.2616104	0
1305.15	0	.7379295	0	.2620705	0
1304.15	0	.7374705	0	.2625295	0
1303.15	0	.7370124	0	.2629876	0
1302.15	0	.7365553	0	.2634447	0
1301.15	0	.7360993	0	.2639007	0
1300.15	0	.7356442	0	.2643558	0
1299.15	0	.7351901	0	.2648099	0
1298.15	0	.734737	0	.265263	0
1297.15	0	.7342849	0	.2657151	0
1296.15	0	.7338338	0	.2661662	0
1295.15	0	.7333837	0	.2666163	0
1294.15	0	.7329345	0	.2670655	0
1293.15	0	.7324864	0	.2675136	0
1292.15	0	.7320392	0	.2679608	0
1291.15	0	.7315929	0	.2684071	0
1290.15	0	.7311477	0	.2688523	0
1289.15	0	.7307034	0	.2692966	0
1288.15	0	.73026	0	.26974	0
1287.15	0	.7298177	0	.2701823	0
1286.15	0	.7293762	0	.2706238	0
1285.15	0	.7289358	0	.2710642	0
1284.15	0	.7284963	0	.2715037	0
1283.15	0	.7280577	0	.2719423	0
1282.15	0	.7276201	0	.2723799	0
1281.15	0	.7271834	0	.2728166	0
1280.15	0	.7267477	0	.2732523	0
1279.15	0	.7263129	0	.2736871	0
1278.15	0	.725879	0	.274121	0
1277.15	0	.7254461	0	.2745539	0
1276.15	0	.7250141	0	.2749859	0
1275.15	0	.724583	0	.275417	0
1274.15	0	.7241528	0	.2758472	0
1273.15	0	.7237236	0	.2762764	0
1272.15	0	.7232953	0	.2767047	0
1271.15	0	.7228679	0	.2771321	0
1270.15	0	.7224414	0	.2775586	0
1269.15	0	.7220158	0	.2779842	0
1268.15	0	.7215912	0	.2784088	0
1267.15	0	.7211674	0	.2788326	0
1266.15	0	.7207446	0	.2792554	0
1265.15	0	.7203226	0	.2796774	0
1264.15	0	.7199016	0	.2800984	0
1263.15	0	.7194814	0	.2805186	0
1262.15	0	.7190621	0	.2809379	0
1261.15	0	.7186438	0	.2813562	0
1260.15	0	.7182263	0	.2817737	0
1259.15	0	.7178097	0	.2821903	0
1258.15	0	.717394	0	.282606	0
1257.15	0	.7169791	0	.2830209	0
1256.15	0	.7165652	0	.2834348	0
1255.15	0	.7161521	0	.2838479	0
1254.15	0	.7157399	0	.2842601	0
1253.15	0	.7153285	0	.2846715	0
1252.15	0	.7149181	0	.2850819	0
1251.15	0	.7145085	0	.2854915	0
1250.15	0	.7140997	0	.2859003	0
1249.15	0	.7136919	0	.2863081	0
1248.15	0	.7132848	0	.2867152	0
1247.15	0	.7128787	0	.2871213	0
1246.15	0	.7124734	0	.2875266	0
1245.15	0	.7120689	0	.2879311	0
1244.15	0	.7116653	0	.2883347	0
1243.15	0	.7112626	0	.2887375	0
1242.15	0	.7108606	0	.2891394	0
1241.15	0	.7104596	0	.2895404	0
1240.15	0	.7100594	0	.2899407	0
1239.15	0	.70966	0	.29034	0
1238.15	0	.7092614	0	.2907386	0
1237.15	0	.7088637	0	.2911363	0
1236.15	0	.7084668	0	.2915332	0
1235.15	0	.7080708	0	.2919293	0
1234.15	0	.7076755	0	.2923245	0
1233.15	0	.7072811	0	.2927189	0
1232.15	0	.7068875	0	.2931125	0
1231.15	0	.7064948	0	.2935052	0
1230.15	0	.7061028	0	.2938972	0
1229.15	0	.7057117	0	.2942883	0
1228.15	0	.7053214	0	.2946786	0
1227.15	0	.7049319	0	.2950681	0
1226.15	0	.7045432	0	.2954568	0
1225.15	0	.7041553	0	.2958447	0
1224.15	0	.7037683	0	.2962317	0
1223.15	0	.703382	0	.296618	0
1222.15	0	.7029965	0	.2970035	0
1221.15	0	.7026119	0	.2973881	0
1220.15	0	.702228	0	.297772	0
1219.15	0	.7018449	0	.2981551	0
1218.15	0	.7014626	0	.2985374	0
1217.15	0	.7010811	0	.2989189	0
1216.15	0	.7007004	0	.2992996	0
1215.15	0	.7003205	0	.2996795	0
1214.15	0	.6999414	0	.3000586	0
1213.15	0	.699563	0	.300437	0
1212.15	0	.6991855	0	.3008145	0
1211.15	0	.6988087	0	.3011913	0
1210.15	0	.6984327	0	.3015673	0
1209.15	0	.6980574	0	.3019426	0
1208.15	0	.697683	0	.302317	0
1207.15	0	.6973093	0	.3026907	0
1206.15	0	.6969364	0	.3030636	0
1205.15	0	.6965642	0	.3034358	0
1204.15	0	.6961928	0	.3038072	0
1203.15	0	.6958222	0	.3041778	0
1202.15	0	.6954523	0	.3045477	0
1201.15	0	.6950832	0	.3049168	0
1200.15	0	.6947149	0	.3052851	0
1199.15	0	.6943473	0	.3056527	0
1198.15	0	.6939805	0	.3060195	0
1197.15	0	.6936144	0	.3063856	0
1196.15	0	.693249	0	.306751	0
1195.15	0	.6928845	0	.3071156	0
1194.15	0	.6925206	0	.3074794	0
1193.15	0	.6921575	0	.3078425	0
1192.15	0	.6917952	0	.3082048	0
1191.15	0	.6914336	0	.3085665	0
1190.15	0	.6910727	0	.3089273	0
1189.15	0	.6907126	0	.3092875	0
1188.15	0	.6903531	0	.3096469	0
1187.15	0	.6899945	0	.3100055	0
1186.15	0	.6896366	0	.3103635	0
1185.15	0	.6892794	0	.3107207	0
1184.15	0	.6889229	0	.3110771	0
1183.15	0	.6885671	0	.3114329	0
1182.15	0	.6882121	0	.3117879	0
1181.15	0	.6878578	0	.3121422	0
1180.15	0	.6875042	0	.3124958	0
1179.15	0	.6871514	0	.3128486	0
1178.15	0	.6867992	0	.3132008	0
1177.15	0	.6864478	0	.3135522	0
1176.15	0	.6860971	0	.3139029	0
1175.15	0	.6857471	0	.3142529	0
1174.15	0	.6853978	0	.3146022	0
1173.15	0	.6850492	0	.3149508	0
1172.15	0	.6847014	0	.3152987	0
1171.15	0	.6843542	0	.3156458	0
1170.15	0	.6840077	0	.3159923	0
1169.15	0	.683662	0	.316338	0
1168.15	0	.6833169	0	.3166831	0
1167.15	0	.6829726	0	.3170274	0
1166.15	0	.6826289	0	.3173711	0
1165.15	0	.6822859	0	.3177141	0
1164.15	0	.6819437	0	.3180563	0
1163.15	0	.6816021	0	.3183979	0
1162.15	0	.6812612	0	.3187388	0
1161.15	0	.680921	0	.319079	0
1160.15	0	.6805815	0	.3194185	0
1159.15	0	.6802427	0	.3197573	0
1158.15	0	.6799046	0	.3200954	0
1157.15	0	.6795671	0	.3204329	0
1156.15	0	.6792304	0	.3207697	0
1155.15	0	.6788943	0	.3211057	0
1154.15	0	.6785588	0	.3214412	0
1153.15	0	.6782241	0	.3217759	0
1152.15	0	.6778901	0	.32211	0
1151.15	0	.6775567	0	.3224433	0
1150.15	0	.677224	0	.322776	0
1149.15	0	.6768919	0	.3231081	0
1148.15	0	.6765606	0	.3234394	0
1147.15	0	.6762299	0	.3237701	0
1146.15	0	.6758998	0	.3241002	0
1145.15	0	.6755705	0	.3244295	0
1144.15	0	.6752418	0	.3247583	0
1143.15	0	.6749137	0	.3250863	0
1142.15	0	.6745863	0	.3254137	0
1141.15	0	.6742596	0	.3257404	0
1140.15	0	.6739335	0	.3260665	0
1139.15	0	.6736081	0	.3263919	0
1138.15	0	.6732834	0	.3267166	0
1137.15	0	.6729593	0	.3270407	0
1136.15	0	.6726358	0	.3273642	0
1135.15	0	.672313	0	.327687	0
1134.15	0	.6719909	0	.3280091	0
1133.15	0	.6716694	0	.3283306	0
1132.15	0	.6713485	0	.3286515	0
1131.15	0	.6710283	0	.3289717	0
1130.15	0	.6707088	0	.3292912	0
1129.15	0	.6703898	0	.3296102	0
1128.15	0	.6700716	0	.3299284	0
1127.15	0	.6697539	0	.3302461	0
1126.15	0	.6694369	0	.3305631	0
1125.15	0	.6691205	0	.3308795	0
1124.15	0	.6688048	0	.3311952	0
1123.15	0	.6684897	0	.3315103	0
1122.15	0	.6681752	0	.3318248	0
1121.15	0	.6678614	0	.3321386	0
1120.15	0	.6675482	0	.3324518	0
1119.15	0	.6672356	0	.3327644	0
1118.15	0	.6669237	0	.3330763	0
1117.15	0	.6666124	0	.3333877	0
1116.15	0	.6663017	0	.3336983	0
1115.867	0	.666214	0	.333786	0
1115.867	0	.666214	0	.333786	0
1115.867	0	.666214	0	.333786	0
1115.15	0	.6655442	4.762894E-04	.3339795	0
1114.15	0	.6646128	.001138586	.3342486	0
1113.15	0	.663684	.001799028	.334517	0
1112.15	0	.6627577	.002457617	.3347847	0
1111.15	0	.6618339	.003114353	.3350518	0
1110.15	0	.6609127	.003769238	.3353181	0
1109.15	0	.659994	.004422273	.3355838	0
1108.15	0	.6590778	.005073457	.3358487	0
1107.15	0	.6581642	.005722794	.336113	0
1106.15	0	.6572531	.006370282	.3363767	0
1105.15	0	.6563445	.007015924	.3366396	0
1104.15	0	.6554384	.00765972	.3369019	0
1103.15	0	.6545349	.00830167	.3371635	0
1102.15	0	.6536338	.008941777	.3374244	0
1101.15	0	.6527353	.00958004	.3376847	0
1100.15	0	.6518393	.01021646	.3379442	0
1099.15	0	.6509458	.01085104	.3382032	0
1098.15	0	.6500548	.01148378	.3384614	0
1097.15	0	.6491664	.01211468	.338719	0
1096.15	0	.6482804	.01274373	.3389759	0
1095.15	0	.6473969	.01337095	.3392322	0
1094.15	0	.6465159	.01399633	.3394878	0
1093.15	0	.6456374	.01461988	.3397427	0
1092.15	0	.6447614	.01524159	.339997	0
1091.15	0	.6438879	.01586146	.3402506	0
1090.15	0	.6430169	.0164795	.3405036	0
1089.15	0	.6421484	.0170957	.3407559	0
1088.15	0	.6412824	.01771007	.3410075	0
1087.15	0	.6404189	.0183226	.3412586	0
1086.15	0	.6395578	.0189333	.3415089	0
1085.15	0	.6386992	.01954217	.3417586	0
1084.15	0	.6378431	.02014921	.3420077	0
1083.15	0	.6369895	.02075442	.3422561	0
1082.15	0	.6361383	.0213578	.3425039	0
1081.15	0	.6352897	.02195935	.342751	0
1080.15	0	.6344435	.02255907	.3429975	0
1079.15	0	.6335997	.02315696	.3432433	0
1078.15	0	.6327585	.02375302	.3434885	0
1077.15	0	.6319197	.02434726	.3437331	0
1076.15	0	.6310833	.02493967	.343977	0
1075.15	0	.6302495	.02553025	.3442203	0
1074.15	0	.6294181	.02611901	.3444629	0
1073.15	0	.6285891	.02670594	.3447049	0
1072.15	0	.6277626	.02729105	.3449463	0
1071.15	0	.6269386	.02787433	.3451871	0
1070.15	0	.6261171	.02845579	.3454272	0
1069.15	0	.6252979	.02903542	.3456666	0
1068.15	0	.6244813	.02961324	.3459055	0
1067.15	0	.6236671	.03018923	.3461437	0
1066.15	0	.6228553	.03076339	.3463813	0
1065.15	0	.622046	.03133574	.3466183	0
1064.15	0	.6212391	.03190627	.3468546	0
1063.15	0	.6204347	.03247497	.3470903	0
1062.15	0	.6196328	.03304186	.3473254	0
1061.15	0	.6188332	.03360692	.3475598	0
1060.15	0	.6180362	.03417017	.3477937	0
1059.15	0	.6172415	.0347316	.3480269	0
1058.15	0	.6164493	.0352912	.3482595	0
1057.15	0	.6156596	.035849	.3484915	0
1056.15	0	.6148722	.03640497	.3487228	0
1055.15	0	.6140874	.03695913	.3489535	0
1054.15	0	.6133049	.03751147	.3491836	0
1053.15	0	.6125249	.03806199	.3494131	0
1052.15	0	.6117473	.0386107	.349642	0
1051.15	0	.6109722	.0391576	.3498702	0
1050.15	0	.6101994	.03970267	.3500979	0
1049.15	0	.6094291	.04024594	.3503249	0
1048.15	0	.6086613	.04078739	.3505513	0
1047.15	0	.6078959	.04132703	.3507771	0
1046.15	0	.6071329	.04186486	.3510023	0
1045.15	0	.6063723	.04240087	.3512269	0
1044.15	0	.6056141	.04293507	.3514508	0
1043.15	0	.6048584	.04346746	.3516742	0
1042.15	0	.6041051	.04399804	.3518969	0
1041.15	0	.6033542	.04452681	.352119	0
1040.15	0	.6026057	.04505378	.3523405	0
1039.15	0	.6018597	.04557893	.3525614	0
1038.15	0	.6011161	.04610227	.3527817	0
1037.15	0	.6003749	.04662381	.3530013	0
1036.15	0	.5996361	.04714354	.3532204	0
1035.15	0	.5988997	.04766146	.3534389	0
1034.15	0	.5981657	.04817758	.3536567	0
1033.15	0	.5974342	.04869189	.3538739	0
1032.15	0	.596705	.0492044	.3540906	0
1031.15	0	.5959783	.0497151	.3543066	0
1030.15	0	.595254	.05022401	.354522	0
1029.15	0	.5945321	.05073111	.3547368	0
1028.15	0	.5938126	.0512364	.354951	0
1027.15	0	.5930955	.0517399	.3551646	0
1026.15	0	.5923809	.0522416	.3553775	0
1025.15	0	.5916686	.0527415	.3555899	0
1024.15	0	.5909587	.0532396	.3558017	0
1023.15	0	.5902513	.0537359	.3560128	0
1022.15	0	.5895462	.05423041	.3562234	0
1021.15	0	.5888436	.05472313	.3564333	0
1020.15	0	.5881433	.05521404	.3566426	0
1019.15	0	.5874455	.05570317	.3568514	0
1018.15	0	.58675	.0561905	.3570595	0
1017.15	0	.586057	.05667605	.357267	0
1016.15	0	.5853663	.0571598	.3574739	0
1015.15	0	.5846781	.05764177	.3576802	0
1014.15	0	.5839922	.05812195	.3578859	0
1013.15	0	.5833087	.05860034	.3580909	0
1012.15	0	.5826276	.05907695	.3582954	0
1011.15	0	.581949	.05955177	.3584993	0
1010.15	0	.5812727	.06002482	.3587025	0
1009.15	0	.5805988	.06049608	.3589051	0
1008.15	0	.5799273	.06096557	.3591072	0
1007.15	0	.5792581	.06143327	.3593086	0
1006.15	0	.5785914	.06189921	.3595094	0
1005.15	0	.577927	.06236337	.3597096	0
1004.15	0	.5772651	.06282575	.3599092	0
1003.15	0	.5766055	.06328637	.3601082	0
1002.15	0	.5759483	.06374522	.3603065	0
1001.15	0	.5752935	.0642023	.3605043	0
1000.15	0	.574641	.06465762	.3607014	0
999.15	0	.5739909	.06511118	.3608979	0
998.15	0	.5733432	.06556298	.3610938	0
997.15	0	.5726979	.06601302	.3612891	0
996.15	0	.5720549	.0664613	.3614838	0
995.15	0	.5714144	.06690784	.3616778	0
994.15	0	.5707761	.06735262	.3618713	0
993.15	0	.5701403	.06779565	.3620641	0
992.15	0	.5695068	.06823694	.3622563	0
991.15	0	.5688757	.06867649	.3624478	0
990.15	0	.5682469	.0691143	.3626388	0
989.15	0	.5676205	.06955037	.3628291	0
988.15	0	.5669965	.0699847	.3630188	0
987.15	0	.5663748	.07041731	.3632079	0
986.15	0	.5657554	.07084819	.3633964	0
985.15	0	.5651385	.07127735	.3635842	0
984.15	0	.5645238	.07170478	.3637714	0
983.15	0	.5639115	.0721305	.363958	0
982.15	0	.5633016	.0725545	.3641439	0
981.15	0	.562694	.0729768	.3643292	0
980.15	0	.5620887	.07339739	.3645139	0
979.15	0	.5614858	.07381628	.364698	0
978.15	0	.5608852	.07423347	.3648814	0
977.15	0	.5602869	.07464897	.3650642	0
976.15	0	.5596909	.07506278	.3652463	0
975.15	0	.5590973	.0754749	.3654278	0
974.15	0	.558506	.07588535	.3656086	0
973.15	0	.557917	.07629412	.3657888	0
972.15	0	.5573304	.07670122	.3659684	0
971.15	0	.556746	.07710666	.3661473	0
970.15	0	.556164	.07751044	.3663256	0
969.15	0	.5555842	.07791256	.3665032	0
968.15	0	.5550067	.07831304	.3666802	0
967.15	0	.5544316	.07871187	.3668565	0
966.15	0	.5538587	.07910907	.3670322	0
965.15	0	.5532882	.07950464	.3672072	0
964.15	0	.5527199	.07989858	.3673816	0
963.15	0	.5521539	.08029091	.3675552	0
962.15	0	.5515901	.08068162	.3677283	0
961.15	0	.5510287	.08107073	.3679006	0
960.15	0	.5504694	.08145824	.3680723	0
959.15	0	.5499125	.08184417	.3682433	0
958.15	0	.5493578	.08222851	.3684137	0
957.15	0	.5488054	.08261128	.3685834	0
956.15	0	.5482552	.08299248	.3687524	0
955.15	0	.5477072	.08337212	.3689207	0
954.15	0	.5471615	.08375022	.3690883	0
953.15	0	.546618	.08412677	.3692553	0
952.15	0	.5460767	.08450178	.3694215	0
951.15	0	.5455376	.08487528	.3695871	0
950.15	0	.5450007	.08524726	.369752	0
949.15	0	.5444661	.08561774	.3699162	0
948.15	0	.5439336	.08598672	.3700797	0
947.15	0	.5434033	.08635422	.3702425	0
946.15	0	.5428752	.08672024	.3704046	0
945.15	0	.5423492	.0870848	.370566	0
944.15	0	.5418255	.08744791	.3707266	0
943.15	0	.5413038	.08780958	.3708866	0
942.15	0	.5407844	.08816982	.3710458	0
941.15	0	.540267	.08852864	.3712043	0
940.15	0	.5397518	.08888605	.3713621	0
939.15	0	.5392387	.08924208	.3715192	0
938.15	0	.5387277	.08959672	.3716756	0
937.15	0	.5382188	.08995	.3718312	0
936.15	0	.537712	.09030192	.371986	0
935.15	0	.5372073	.0906525	.3721402	0
934.15	0	.5367047	.09100176	.3722935	0
933.15	0	.5362041	.09134972	.3724462	0
932.15	0	.5357056	.09169637	.3725981	0
931.15	0	.5352091	.09204175	.3727492	0
930.15	0	.5347146	.09238586	.3728995	0
929.15	0	.5342221	.09272872	.3730491	0
928.15	0	.5337317	.09307036	.373198	0
927.15	0	.5332432	.09341078	.373346	0
926.15	0	.5327567	.09375001	.3734933	0
925.15	0	.5322722	.09408805	.3736398	0
924.15	0	.5317896	.09442494	.3737855	0
923.15	0	.5313089	.09476069	.3739304	0
922.15	0	.5308302	.09509532	.3740745	0
921.15	0	.5303534	.09542884	.3742178	0
920.15	0	.5298784	.09576129	.3743603	0
919.15	0	.5294053	.09609267	.374502	0
918.15	0	.5289341	.09642302	.3746429	0
917.15	0	.5284647	.09675235	.3747829	0
916.15	0	.5279972	.09708069	.3749221	0
915.15	0	.5275314	.09740806	.3750605	0
914.15	0	.5270675	.09773448	.3751981	0
913.15	0	.5266053	.09805998	.3753347	0
912.15	0	.5261448	.09838458	.3754706	0
911.15	0	.5256861	.09870831	.3756056	0
910.15	0	.5252291	.09903119	.3757397	0
909.15	0	.5247738	.09935326	.3758729	0
908.15	0	.5243202	.09967453	.3760053	0
907.15	0	.5238682	.09999504	.3761368	0
906.15	0	.5234178	.1003148	.3762674	0
905.15	0	.5229691	.1006339	.3763971	0
904.15	0	.5225219	.1009523	.3765259	0
903.15	0	.5220762	.10127	.3766537	0
902.15	0	.5216321	.1015872	.3767807	0
901.15	0	.5211895	.1019037	.3769067	0
900.15	0	.5207484	.1022198	.3770318	0
899.15	0	.5203088	.1025353	.377156	0
898.15	0	.5198705	.1028503	.3772792	0
897.15	0	.5194337	.1031649	.3774014	0
896.15	0	.5189982	.1034791	.3775227	0
895.15	0	.5185641	.1037929	.377643	0
894.15	0	.5181313	.1041064	.3777623	0
893.15	0	.5176998	.1044196	.3778806	0
892.15	0	.5172695	.1047326	.377998	0
891.15	0	.5168404	.1050453	.3781143	0
890.15	0	.5164125	.105358	.3782296	0
889.15	0	.5159858	.1056704	.3783438	0
888.15	0	.5155601	.1059829	.378457	0
887.15	0	.5151356	.1062952	.3785692	0
886.15	0	.5147121	.1066077	.3786803	0
885.15	0	.5142896	.1069201	.3787903	0
884.15	0	.513868	.1072327	.3788993	0
883.15	0	.5134474	.1075455	.3790071	0
882.15	0	.5130276	.1078585	.3791138	0
881.15	0	.5126087	.1081718	.3792195	0
880.15	0	.5121906	.1084854	.379324	0
879.15	0	.5117733	.1087994	.3794273	0
878.15	0	.5113566	.1091139	.3795295	0
877.15	0	.5109406	.1094289	.3796305	0
876.15	0	.5105252	.1097444	.3797304	0
875.15	0	.5101104	.1100606	.379829	0
874.15	0	.5096961	.1103775	.3799265	0
873.15	0	.5092822	.1106951	.3800227	0
872.15	0	.5088688	.1110136	.3801176	0
871.15	0	.5084557	.111333	.3802113	0
870.15	0	.5080429	.1116533	.3803038	0
869.15	0	.5076303	.1119748	.3803949	0
868.15	0	.5072179	.1122973	.3804848	0
867.15	0	.5068056	.1126211	.3805733	0
866.15	0	.5063933	.1129462	.3806605	0
865.15	0	.505981	.1132727	.3807463	0
864.15	0	.5055687	.1136006	.3808308	0
863.15	0	.5051561	.1139301	.3809138	0
862.15	0	.5047434	.1142612	.3809955	0
861.15	0	.5043303	.1145941	.3810756	0
860.15	0	.5039168	.1149288	.3811544	0
859.15	0	.5035029	.1152655	.3812316	0
858.15	0	.5030884	.1156043	.3813073	0
857.15	0	.5026733	.1159452	.3813816	0
856.15	0	.5022574	.1162884	.3814542	0
855.15	0	.5018408	.116634	.3815253	0
854.15	0	.5014232	.1169821	.3815947	0
853.15	0	.5010046	.1173329	.3816626	0
852.15	0	.5005849	.1176864	.3817287	0
851.15	0	.500164	.1180429	.3817932	0
850.15	0	.4997417	.1184024	.3818559	0
849.15	0	.499318	.1187651	.3819169	0
848.15	0	.4988927	.1191312	.381976	0
847.15	0	.4984658	.1195008	.3820334	0
846.15	0	.498037	.1198742	.3820888	0
845.15	0	.4976063	.1202514	.3821424	0
844.15	0	.4971734	.1206326	.382194	0
843.15	0	.4967383	.121018	.3822436	0
842.15	0	.4963008	.121408	.3822912	0
841.15	0	.4958608	.1218025	.3823367	0
840.15	0	.495418	.122202	.3823801	0
839.15	0	.4949722	.1226065	.3824212	0
838.15	0	.4945234	.1230164	.3824602	0
837.15	0	.4940713	.1234319	.3824968	0
836.15	0	.4936156	.1238533	.3825311	0
835.15	0	.4931563	.1242808	.3825629	0
834.15	0	.4926929	.1247148	.3825923	0
833.15	0	.4922253	.1251556	.3826191	0
832.15	0	.4917533	.1256035	.3826432	0
831.15	0	.4912765	.1260589	.3826646	0
830.15	0	.4907946	.1265221	.3826833	0
829.15	0	.4903074	.1269936	.3826989	0
828.15	0	.4898145	.1274739	.3827116	0
827.15	0	.4893155	.1279633	.3827212	0
826.15	0	.4888101	.1284624	.3827276	0
825.15	0	.4882977	.1289717	.3827306	0
824.15	0	.4877781	.1294918	.3827301	0
823.15	0	.4872507	.1300233	.382726	0
822.15	0	.4867149	.1305669	.3827181	0
821.15	0	.4861703	.1311234	.3827063	0
820.15	0	.4856161	.1316935	.3826904	0
819.15	0	.4850518	.1322781	.3826701	0
818.15	0	.4844765	.1328782	.3826453	0
817.15	0	.4838896	.1334948	.3826156	0
816.15	0	.4832899	.1341291	.382581	0
815.15	0	.4826767	.1347823	.382541	0
814.15	0	.4820487	.135456	.3824953	0
813.15	0	.480936	.1367244	.3823396	0
812.15	0	.4798337	.137985	.3821813	0
811.15	0	.4787923	.1391758	.382032	0
810.15	0	.4778064	.140303	.3818907	0
809.15	0	.4768711	.1413723	.3817567	0
808.15	0	.4759822	.1423885	.3816293	0
807.15	0	.475136	.1433559	.3815081	0
806.15	0	.4743294	.1442783	.3813924	0
805.15	0	.4735592	.145159	.3812818	0
804.15	0	.4728229	.1460012	.381176	0
803.15	0	.4721181	.1468074	.3810745	0
802.15	0	.4714428	.1475802	.380977	0
801.15	0	.4707949	.1483218	.3808833	0
800.15	0	.4701728	.1490341	.3807931	0
799.15	0	.4695749	.149719	.3807061	0
798.15	0	.4689996	.1503782	.3806221	0
797.15	0	.4684457	.1510133	.380541	0
796.15	0	.4679119	.1516255	.3804626	0
795.15	0	.4673971	.1522163	.3803866	0
794.15	0	.4669003	.1527868	.3803129	0
793.15	0	.4664204	.1533381	.3802414	0
792.15	0	.4659567	.1538713	.380172	0
791.15	0	.4655081	.1543873	.3801046	0
790.15	0	.4650741	.154887	.3800389	0
789.15	0	.4646538	.1553712	.379975	0
788.15	0	.4642466	.1558407	.3799128	0
787.15	0	.4638519	.1562961	.379852	0
786.15	0	.463469	.1567383	.3797928	0
785.15	0	.4630974	.1571677	.3797349	0
784.15	0	.4627366	.1575851	.3796783	0
783.15	0	.4623861	.1579909	.379623	0
782.15	0	.4620455	.1583857	.3795688	0
781.15	0	.4617143	.1587699	.3795158	0
780.15	0	.4613921	.1591441	.3794638	0
779.15	0	.4610785	.1595086	.3794129	0
778.15	0	.4607732	.159864	.3793629	0
777.15	0	.4604758	.1602104	.3793138	0
776.15	0	.4601875	.1605472	.3792652	0
775.15	0	.4599048	.1608772	.3792179	0
774.15	0	.4596292	.1611995	.3791714	0
773.15	0	.4593602	.1615142	.3791256	0
772.15	0	.4590977	.1618218	.3790805	0
771.15	0	.4588414	.1621224	.3790361	0
770.15	0	.4585911	.1624165	.3789924	0
769.15	0	.4583465	.1627042	.3789493	0
768.15	0	.4581075	.1629857	.3789068	0
767.15	0	.4578738	.1632613	.3788649	0
766.15	0	.4576452	.1635313	.3788235	0
765.15	0	.4574215	.1637958	.3787827	0
764.15	0	.4572026	.1640551	.3787423	0
763.15	0	.4569883	.1643092	.3787024	0
762.15	0	.4567785	.1645585	.378663	0
761.15	0	.4565729	.1648031	.378624	0
760.15	0	.4563714	.1650431	.3785855	0
759.15	0	.4561739	.1652788	.3785473	0
758.15	0	.4559803	.1655102	.3785096	0
757.15	0	.4557904	.1657375	.3784722	0
756.15	0	.4556041	.1659608	.3784351	0
755.15	0	.4554212	.1661804	.3783984	0
754.15	0	.4552417	.1663962	.378362	0
753.15	0	.4550655	.1666085	.378326	0
752.15	0	.4548924	.1668174	.3782902	0
751.15	0	.4547224	.1670229	.3782547	0
750.15	0	.4545553	.1672252	.3782195	0
749.15	0	.4543911	.1674244	.3781845	0
748.15	0	.4542296	.1676206	.3781499	0
747.15	0	.4540708	.1678138	.3781154	0
746.15	0	.4539146	.1680042	.3780812	0
745.15	0	.4537609	.1681919	.3780472	0
744.15	0	.4536097	.1683769	.3780134	0
743.15	0	.4534608	.1685594	.3779798	0
742.15	0	.4533142	.1687393	.3779464	0
741.15	0	.4531699	.1689169	.3779132	0
740.15	0	.4530277	.1690921	.3778802	0
739.15	0	.4528876	.169265	.3778474	0
738.15	0	.4527496	.1694357	.3778147	0
737.15	0	.4526135	.1696043	.3777822	0
736.15	0	.4524794	.1697708	.3777498	0
735.15	0	.4523471	.1699353	.3777176	0
734.15	0	.4522166	.1700978	.3776855	0
733.15	0	.452088	.1702585	.3776536	0
732.15	0	.451961	.1704173	.3776218	0
731.15	0	.4518357	.1705743	.3775901	0
730.15	0	.451712	.1707295	.3775585	0
729.15	0	.4515899	.1708831	.377527	0
728.15	0	.4514693	.171035	.3774957	0
727.15	0	.4513502	.1711854	.3774644	0
726.15	0	.4512326	.1713341	.3774333	0
725.15	0	.4511164	.1714814	.3774022	0
724.15	0	.4510016	.1716272	.3773712	0
723.15	0	.4508881	.1717715	.3773404	0
722.15	0	.4507759	.1719145	.3773096	0
721.15	0	.450665	.1720561	.3772788	0
720.15	0	.4505554	.1721964	.3772482	0
719.15	0	.4504469	.1723355	.3772176	0
718.15	0	.4503397	.1724732	.3771871	0
717.15	0	.4502335	.1726098	.3771567	0
716.15	0	.4501285	.1727451	.3771263	0
715.15	0	.4500246	.1728793	.377096	0
714.15	0	.4499218	.1730124	.3770658	0
713.15	0	.44982	.1731444	.3770356	0
712.15	0	.4497193	.1732753	.3770054	0
711.15	0	.4496195	.1734052	.3769753	0
710.15	0	.4495207	.1735341	.3769453	0
709.15	0	.4494228	.173662	.3769153	0
708.15	0	.4493258	.1737889	.3768853	0
707.15	0	.4492298	.1739148	.3768554	0
706.15	0	.4491346	.1740399	.3768255	0
705.15	0	.4490403	.174164	.3767957	0
704.15	0	.4489469	.1742873	.3767658	0
703.15	0	.4488542	.1744097	.3767361	0
702.15	0	.4487624	.1745313	.3767063	0
701.15	0	.4486713	.1746521	.3766766	0
700.15	0	.448581	.1747721	.3766469	0
699.15	0	.4484915	.1748913	.3766172	0
698.15	0	.4484027	.1750097	.3765876	0
697.15	0	.4483146	.1751274	.376558	0
696.15	0	.4482272	.1752444	.3765284	0
695.15	0	.4481406	.1753607	.3764988	0
694.15	0	.4480545	.1754763	.3764692	0
693.15	0	.4479692	.1755912	.3764397	0
692.15	0	.4478845	.1757054	.3764101	0
691.15	0	.4478004	.175819	.3763806	0
690.15	0	.4477169	.175932	.3763511	0
689.15	0	.447634	.1760443	.3763216	0
688.15	0	.4475518	.1761561	.3762921	0
687.15	0	.4474701	.1762672	.3762627	0
686.15	0	.447389	.1763778	.3762332	0
685.15	0	.4473084	.1764878	.3762038	0
684.15	0	.4472284	.1765973	.3761743	0
683.15	0	.4471489	.1767062	.3761449	0
682.15	0	.44707	.1768146	.3761155	0
681.15	0	.4469915	.1769224	.3760861	0
680.15	0	.4469136	.1770297	.3760566	0
679.15	0	.4468362	.1771366	.3760272	0
678.15	0	.4467592	.177243	.3759978	0
677.15	0	.4466828	.1773488	.3759684	0
676.15	0	.4466068	.1774542	.375939	0
675.15	0	.4465312	.1775591	.3759096	0
674.15	0	.4464562	.1776636	.3758802	0
673.15	0	.4463815	.1777677	.3758508	0
672.15	0	.4463073	.1778713	.3758214	0
671.15	0	.4462335	.1779745	.375792	0
670.15	0	.4461602	.1780772	.3757626	0
669.15	0	.4460872	.1781796	.3757332	0
668.15	0	.4460147	.1782815	.3757038	0
667.15	0	.4459426	.1783831	.3756744	0
666.15	0	.4458708	.1784842	.375645	0
665.15	0	.4457994	.178585	.3756156	0
664.15	0	.4457285	.1786854	.3755862	0
663.15	0	.4456578	.1787854	.3755568	0
662.15	0	.4455876	.1788851	.3755273	0
661.15	0	.4455177	.1789844	.3754979	0
660.15	0	.4454482	.1790833	.3754685	0
659.15	0	.445379	.179182	.3754391	0
658.15	0	.4453102	.1792802	.3754096	0
657.15	0	.4452417	.1793782	.3753802	0
656.15	0	.4451735	.1794758	.3753508	0
655.15	0	.4451056	.1795731	.3753213	0
654.15	0	.4450381	.17967	.3752918	0
653.15	0	.4449709	.1797667	.3752624	0
652.15	0	.444904	.1798631	.3752329	0
651.15	0	.4448374	.1799591	.3752035	0
650.15	0	.4447712	.1800549	.375174	0
649.15	0	.4447052	.1801503	.3751445	0
648.15	0	.4446395	.1802455	.375115	0
647.15	0	.4445741	.1803404	.3750855	0
646.15	0	.444509	.180435	.375056	0
645.15	0	.4444441	.1805293	.3750266	0
644.15	0	.4443796	.1806234	.374997	0
643.15	0	.4443153	.1807171	.3749675	0
642.15	0	.4442513	.1808107	.374938	0
641.15	0	.4441876	.1809039	.3749085	0
640.15	0	.4441241	.1809969	.374879	0
639.15	0	.4440609	.1810897	.3748495	0
638.15	0	.4439979	.1811822	.3748199	0
637.15	0	.4439352	.1812744	.3747904	0
636.15	0	.4438727	.1813664	.3747608	0
635.15	0	.4438105	.1814582	.3747313	0
634.15	0	.4437485	.1815497	.3747017	0
633.15	0	.4436868	.181641	.3746722	0
632.15	0	.4436253	.1817321	.3746426	0
631.15	0	.4435641	.1818229	.3746131	0
630.15	0	.443503	.1819135	.3745835	0
629.15	0	.4434422	.1820038	.3745539	0
628.15	0	.4433817	.182094	.3745243	0
627.15	0	.4433213	.1821839	.3744948	0
626.15	0	.4432612	.1822736	.3744652	0
625.15	0	.4432013	.1823631	.3744356	0
624.15	0	.4431416	.1824524	.374406	0
623.15	0	.4430821	.1825415	.3743764	0
622.15	0	.4430228	.1826303	.3743468	0
621.15	0	.4429638	.182719	.3743172	0
620.15	0	.4429049	.1828075	.3742876	0
619.15	0	.4428463	.1828957	.374258	0
618.15	0	.4427878	.1829838	.3742284	0
617.15	0	.4427295	.1830716	.3741988	0
616.15	0	.4426715	.1831593	.3741692	0
615.15	0	.4426137	.1832467	.3741396	0
614.15	0	.442556	.183334	.37411	0
613.15	0	.4424985	.1834211	.3740804	0
612.15	0	.4424412	.1835079	.3740508	0
611.15	0	.4423842	.1835946	.3740212	0
610.15	0	.4423273	.1836811	.3739916	0
609.15	0	.4422705	.1837674	.373962	0
608.15	0	.442214	.1838536	.3739324	0
607.15	0	.4421576	.1839395	.3739028	0
606.15	0	.4421015	.1840253	.3738732	0
605.15	0	.4420455	.1841109	.3738437	0
604.15	0	.4419897	.1841963	.3738141	0
603.15	0	.441934	.1842815	.3737845	0
602.15	0	.4418785	.1843666	.3737549	0
601.15	0	.4418233	.1844514	.3737253	0
600.15	0	.4417681	.1845361	.3736957	0
599.15	0	.4417132	.1846207	.3736662	0
598.15	0	.4416584	.184705	.3736366	0
597.15	0	.4416038	.1847892	.373607	0
596.15	0	.4415493	.1848732	.3735775	0
595.15	0	.441495	.1849571	.3735479	0
594.15	0	.4414409	.1850407	.3735184	0
593.15	0	.4413869	.1851242	.3734888	0
592.15	0	.4413331	.1852076	.3734593	0
591.15	0	.4412795	.1852908	.3734298	0
590.15	0	.441226	.1853738	.3734003	0
589.15	0	.4411726	.1854566	.3733708	0
588.15	0	.4411195	.1855393	.3733413	0
587.15	0	.4410665	.1856218	.3733118	0
586.15	0	.4410136	.1857041	.3732823	0
585.15	0	.4409609	.1857863	.3732528	0
584.15	0	.4409083	.1858683	.3732234	0
583.15	0	.4408559	.1859502	.3731939	0
582.15	0	.4408036	.1860319	.3731644	0
581.15	0	.4407515	.1861135	.373135	0
580.15	0	.4406996	.1861948	.3731056	0
579.15	0	.4406478	.1862761	.3730762	0
578.15	0	.4405961	.1863571	.3730468	0
577.15	0	.4405446	.186438	.3730174	0
576.15	0	.4404932	.1865188	.372988	0
575.15	0	.440442	.1865994	.3729587	0
574.15	0	.4403909	.1866798	.3729293	0
573.15	0	.4403399	.1867601	.3729	0
572.15	0	.4402891	.1868402	.3728707	0
571.15	0	.4402385	.1869202	.3728414	0
570.15	0	.4401879	.187	.3728121	0
569.15	0	.4401376	.1870796	.3727828	0
568.15	0	.4400873	.1871591	.3727536	0
567.15	0	.4400372	.1872385	.3727243	0
566.15	0	.4399872	.1873177	.3726951	0
565.15	0	.4399374	.1873967	.3726659	0
564.15	0	.4398877	.1874756	.3726367	0
563.15	0	.4398381	.1875543	.3726076	0
562.15	0	.4397887	.1876329	.3725784	0
561.15	0	.4397394	.1877113	.3725493	0
560.15	0	.4396903	.1877896	.3725202	0
559.15	0	.4396412	.1878677	.3724911	0
558.15	0	.4395924	.1879456	.372462	0
557.15	0	.4395436	.1880234	.372433	0
556.15	0	.439495	.1881011	.372404	0
555.15	0	.4394465	.1881786	.372375	0
554.15	0	.4393981	.1882559	.372346	0
553.15	0	.4393499	.1883331	.372317	0
552.15	0	.4393018	.1884101	.3722881	0
551.15	0	.4392538	.188487	.3722592	0
550.15	0	.4392059	.1885638	.3722303	0
549.15	0	.4391582	.1886404	.3722014	0
548.15	0	.4391106	.1887168	.3721726	0
547.15	0	.4390632	.1887931	.3721438	0
546.15	0	.4390158	.1888692	.372115	0
545.15	0	.4389686	.1889451	.3720862	0
544.15	0	.4389215	.189021	.3720575	0
543.15	0	.4388746	.1890966	.3720288	0
542.15	0	.4388278	.1891721	.3720001	0
541.15	0	.438781	.1892475	.3719715	0
540.15	0	.4387345	.1893227	.3719429	0
539.15	0	.438688	.1893977	.3719143	0
538.15	0	.4386417	.1894726	.3718857	0
537.15	0	.4385955	.1895474	.3718572	0
536.15	0	.4385494	.189622	.3718287	0
535.15	0	.4385034	.1896964	.3718002	0
534.15	0	.4384576	.1897707	.3717718	0
533.15	0	.4384119	.1898448	.3717434	0
532.15	0	.4383663	.1899188	.371715	0
531.15	0	.4383208	.1899926	.3716866	0
530.15	0	.4382755	.1900662	.3716583	0
529.15	0	.4382302	.1901397	.3716301	0
528.15	0	.4381851	.1902131	.3716018	0
527.15	0	.4381401	.1902863	.3715736	0
526.15	0	.4380953	.1903593	.3715454	0
525.15	0	.4380505	.1904322	.3715173	0
524.15	0	.4380059	.1905049	.3714892	0
523.15	0	.4379614	.1905775	.3714611	0
522.15	0	.437917	.1906499	.3714331	0
521.15	0	.4378727	.1907222	.3714051	0
520.15	0	.4378286	.1907943	.3713772	0
519.15	0	.4377846	.1908662	.3713493	0
518.15	0	.4377408	.190938	.3713213	0
517.15	0	.437697	.1910096	.3712934	0
516.15	0	.4376533	.1910811	.3712656	0
515.15	0	.4376097	.1911524	.3712379	0
514.15	0	.4375663	.1912235	.3712102	0
513.15	0	.437523	.1912945	.3711825	0
512.15	0	.4374798	.1913654	.3711549	0
511.15	0	.4374367	.191436	.3711273	0
510.15	0	.4373937	.1915066	.3710997	0
509.15	0	.4373509	.1915769	.3710722	0
508.15	0	.4373082	.1916471	.3710447	0
507.15	0	.4372656	.1917172	.3710173	0
506.15	0	.4372231	.191787	.3709899	0
505.15	0	.4371807	.1918567	.3709626	0
504.15	0	.4371384	.1919263	.3709353	0
503.15	0	.4370963	.1919957	.3709081	0
502.15	0	.4370542	.1920649	.3708809	0
501.15	0	.4370123	.192134	.3708537	0
500.15	0	.4369705	.1922029	.3708266	0
499.15	0	.4369288	.1922716	.3707996	0
498.15	0	.4368873	.1923402	.3707725	0
497.15	0	.4368458	.1924086	.3707456	0
496.15	0	.4368045	.1924769	.3707187	0
495.15	0	.4367632	.192545	.3706918	0
494.15	0	.4367221	.1926129	.370665	0
493.15	0	.4366811	.1926806	.3706382	0
492.15	0	.4366403	.1927482	.3706115	0
491.15	0	.4365995	.1928157	.3705848	0
490.15	0	.4365589	.1928829	.3705582	0
489.15	0	.4365183	.19295	.3705317	0
488.15	0	.4364779	.1930169	.3705052	0
487.15	0	.4364376	.1930837	.3704787	0
486.15	0	.4363974	.1931503	.3704523	0
485.15	0	.4363573	.1932167	.370426	0
484.15	0	.4363174	.193283	.3703997	0
483.15	0	.4362775	.1933491	.3703734	0
482.15	0	.4362378	.193415	.3703472	0
481.15	0	.4361982	.1934808	.3703211	0
480.15	0	.4361586	.1935463	.370295	0
479.15	0	.4361192	.1936118	.370269	0
478.15	0	.43608	.193677	.370243	0
477.15	0	.4360408	.1937421	.3702171	0
476.15	0	.4360017	.193807	.3701913	0
475.15	0	.4359628	.1938717	.3701655	0
474.15	0	.435924	.1939363	.3701397	0
473.15	0	.4358853	.1940007	.3701141	0
472.15	0	.4358467	.1940649	.3700885	0
471.15	0	.4358082	.1941289	.3700629	0
470.15	0	.4357698	.1941928	.3700374	0
469.15	0	.4357315	.1942565	.370012	0
468.15	0	.4356934	.1943201	.3699866	0
467.15	0	.4356553	.1943834	.3699613	0
466.15	0	.4356174	.1944466	.369936	0
465.15	0	.4355796	.1945096	.3699108	0
464.15	0	.4355419	.1945724	.3698857	0
463.15	0	.4355043	.1946351	.3698606	0
462.15	0	.4354668	.1946976	.3698356	0
461.15	0	.4354295	.1947599	.3698107	0
460.15	0	.4353922	.194822	.3697858	0
459.15	0	.4353551	.194884	.369761	0
458.15	0	.435318	.1949458	.3697362	0
457.15	0	.4352811	.1950074	.3697115	0
456.15	0	.4352443	.1950688	.3696869	0
455.15	0	.4352076	.19513	.3696624	0
454.15	0	.435171	.1951911	.3696379	0
453.15	0	.4351346	.195252	.3696134	0
452.15	0	.4350982	.1953127	.3695891	0
451.15	0	.435062	.1953732	.3695648	0
450.15	0	.4350258	.1954336	.3695406	0
449.15	0	.4349898	.1954937	.3695164	0
448.15	0	.4349539	.1955537	.3694924	0
447.15	0	.4349182	.1956134	.3694684	0
446.15	0	.4348825	.195673	.3694445	0
445.15	0	.434847	.1957324	.3694206	0
444.15	0	.4348116	.1957916	.3693968	0
443.15	0	.4347763	.1958506	.3693731	0
442.15	0	.4347412	.1959093	.3693495	0
441.15	0	.4347062	.1959679	.369326	0
440.15	0	.4346713	.1960262	.3693025	0
439.15	0	.4346365	.1960844	.3692791	0
438.15	0	.4346019	.1961423	.3692558	0
437.15	0	.4345674	.1962	.3692326	0
436.15	0	.434533	.1962575	.3692095	0
435.15	0	.4344988	.1963147	.3691865	0
434.15	0	.4344647	.1963718	.3691635	0
433.15	0	.4344308	.1964286	.3691406	0
432.15	0	.434397	.1964851	.3691179	0
431.15	0	.4343634	.1965415	.3690952	0
430.15	0	.4343299	.1965975	.3690726	0
429.15	0	.4342965	.1966534	.3690501	0
428.15	0	.4342633	.196709	.3690277	0
427.15	0	.4342302	.1967644	.3690054	0
426.15	0	.4341973	.1968196	.3689832	0
425.15	0	.4341645	.1968745	.368961	0
424.15	0	.4341319	.1969291	.368939	0
423.15	0	.4340994	.1969835	.3689171	0
422.15	0	.4340671	.1970377	.3688952	0
421.15	0	.4340349	.1970916	.3688735	0
420.15	0	.4340029	.1971453	.3688518	0
419.15	0	.433971	.1971987	.3688303	0
418.15	0	.4339393	.1972519	.3688088	0
417.15	0	.4339077	.1973048	.3687875	0
416.15	0	.4338762	.1973575	.3687662	0
415.15	0	.433845	.19741	.3687451	0
414.15	0	.4338138	.1974622	.368724	0
413.15	0	.4337828	.1975141	.3687031	0
412.15	0	.433752	.1975658	.3686822	0
411.15	0	.4337213	.1976173	.3686615	0
410.15	0	.4336907	.1976684	.3686408	0
409.15	0	.4336603	.1977194	.3686203	0
408.15	0	.4336301	.1977701	.3685998	0
407.15	0	.4336	.1978206	.3685795	0
406.15	0	.43357	.1978708	.3685592	0
405.15	0	.4335402	.1979207	.3685391	0
404.15	0	.4335105	.1979705	.368519	0
403.15	0	.433481	.1980199	.3684991	0
402.15	0	.4334516	.1980692	.3684792	0
401.15	0	.4334224	.1981182	.3684595	0
400.15	0	.4333933	.1981669	.3684398	0
399.15	0	.4333643	.1982154	.3684203	0
398.15	0	.4333355	.1982637	.3684009	0
397.15	0	.4333068	.1983117	.3683815	0
396.15	0	.4332783	.1983595	.3683623	0
395.15	0	.4332498	.198407	.3683431	0
394.15	0	.4332216	.1984543	.3683241	0
393.15	0	.4331934	.1985014	.3683052	0
392.15	0	.4331654	.1985483	.3682863	0
391.15	0	.4331376	.1985949	.3682676	0
390.15	0	.4331098	.1986412	.368249	0
389.15	0	.4330822	.1986874	.3682304	0
388.15	0	.4330547	.1987333	.368212	0
