T	 BPW(LIQUID)	BPW(BCC_A2)	BPW(FCC_A1)	BPW(LAVES_PHASE_C14)	BPW(NI3TI)
1473.15	.7182815	.1187726	0	.1629459	0
1472.15	.7100348	.1243587	0	.1656064	0
1471.15	.7019337	.1298444	0	.1682219	0
1470.15	.6939742	.1352323	0	.1707935	0
1469.15	.6861528	.1405247	0	.1733225	0
1468.15	.6784661	.1457241	0	.1758099	0
1467.15	.6709105	.1508328	0	.1782567	0
1466.15	.6634829	.155853	0	.1806641	0
1465.15	.65618	.160787	0	.183033	0
1464.15	.6489988	.1656368	0	.1853644	0
1463.15	.6419364	.1704044	0	.1876592	0
1462.15	.6349899	.1750918	0	.1899183	0
1461.15	.6281565	.1797009	0	.1921426	0
1460.15	.6214334	.1842336	0	.194333	0
1459.15	.6148182	.1886916	0	.1964902	0
1458.15	.6083082	.1930767	0	.1986151	0
1457.15	.601901	.1973906	0	.2007085	0
1456.15	.5955942	.2016348	0	.202771	0
1455.15	.5893856	.205811	0	.2048034	0
1454.15	.5832729	.2099207	0	.2068064	0
1453.15	.5772539	.2139654	0	.2087807	0
1452.15	.5713265	.2179466	0	.210727	0
1451.15	.5654887	.2218656	0	.2126458	0
1450.15	.5597384	.2257237	0	.2145378	0
1449.15	.5540739	.2295224	0	.2164037	0
1448.15	.5484931	.233263	0	.2182439	0
1447.15	.5429943	.2369466	0	.2200591	0
1446.15	.5375757	.2405744	0	.2218499	0
1445.15	.5322356	.2441478	0	.2236167	0
1444.15	.5269723	.2476677	0	.22536	0
1443.15	.5217842	.2511354	0	.2270805	0
1442.15	.5166697	.2545518	0	.2287785	0
1441.15	.5116273	.2579182	0	.2304546	0
1440.15	.5066555	.2612354	0	.2321092	0
1439.15	.5017528	.2645045	0	.2337427	0
1438.15	.4969178	.2677265	0	.2353557	0
1437.15	.4921492	.2709023	0	.2369485	0
1436.15	.4874455	.2740329	0	.2385216	0
1435.15	.4828056	.2771191	0	.2400753	0
1434.15	.4782281	.2801618	0	.2416101	0
1433.15	.4737118	.2831619	0	.2431264	0
1432.15	.4692554	.2861202	0	.2446244	0
1431.15	.4648579	.2890375	0	.2461047	0
1430.15	.460518	.2919146	0	.2475675	0
1429.15	.4562346	.2947522	0	.2490131	0
1428.15	.4520067	.2975512	0	.250442	0
1427.15	.4478332	.3003123	0	.2518545	0
1426.15	.4437131	.3030361	0	.2532508	0
1425.15	.4396453	.3057234	0	.2546313	0
1424.15	.4356288	.3083749	0	.2559963	0
1423.15	.4316628	.3109911	0	.2573461	0
1422.15	.4277462	.3135729	0	.2586809	0
1421.15	.4238782	.3161207	0	.2600011	0
1420.15	.4200578	.3186352	0	.261307	0
1419.15	.4162842	.3211171	0	.2625987	0
1418.15	.4125566	.3235668	0	.2638766	0
1418.102	.4123802	.3236826	0	.2639372	0
1418.102	.4123802	.3236826	0	.2639372	0
1418.102	.4123802	.3236826	0	.2639372	0
1417.15	.4019533	.3169784	.01409159	.2669768	0
1416.15	.3911332	.3101048	.02865281	.2701092	0
1415.15	.3804407	.303397	.04297963	.2731827	0
1414.15	.3698723	.2968509	.05707816	.2761987	0
1413.15	.3594243	.2904627	.07095427	.2791587	0
1412.15	.3490935	.2842285	.08461365	.2820643	0
1411.15	.3388767	.2781448	.0980618	.2849167	0
1410.15	.3287705	.2722081	.1113041	.2877173	0
1409.15	.3187721	.2664148	.1243455	.2904675	0
1408.15	.3088784	.2607619	.1371912	.2931685	0
1407.15	.2990865	.255246	.149846	.2958215	0
1406.15	.2893938	.2498641	.1623144	.2984278	0
1405.15	.2797974	.2446132	.1746011	.3009884	0
1404.15	.2702947	.2394906	.1867103	.3035044	0
1403.15	.2608833	.2344933	.1986464	.305977	0
1402.15	.2515606	.2296187	.2104135	.3084072	0
1401.15	.2423243	.2248642	.2220154	.310796	0
1400.15	.2331721	.2202273	.2334562	.3131445	0
1399.15	.2241016	.2157055	.2447395	.3154534	0
1398.15	.2151107	.2112965	.255869	.3177238	0
1397.15	.2061973	.206998	.2668481	.3199566	0
1396.15	.1973593	.2028077	.2776804	.3221526	0
1395.15	.1885947	.1987234	.2883692	.3243127	0
1394.15	.1799015	.1947432	.2989176	.3264377	0
1393.15	.1712779	.190865	.3093288	.3285284	0
1392.15	.162722	.1870867	.3196058	.3305856	0
1391.15	.154232	.1834065	.3297516	.3326099	0
1390.15	.1458061	.1798225	.3397691	.3346023	0
1389.15	.1374427	.176333	.349661	.3365633	0
1388.15	.1291401	.1729361	.3594301	.3384936	0
1387.15	.1208967	.1696303	.3690791	.340394	0
1386.15	.112711	.1664137	.3786103	.342265	0
1385.15	.1045813	.1632849	.3880265	.3441073	0
1384.15	.09650622	.1602422	.3973299	.3459216	0
1383.15	.08848433	.1572843	.406523	.3477084	0
1382.15	.0805142	.1544094	.4156081	.3494683	0
1381.15	.07259445	.1516164	.4245874	.3512018	0
1380.15	.06472374	.1489036	.433463	.3529096	0
1379.15	.05690077	.1462699	.4422371	.3545922	0
1378.15	.04912426	.1437139	.4509118	.35625	0
1377.15	.04139298	.1412343	.4594891	.3578837	0
1376.15	.03370571	.1388298	.4679709	.3594936	0
1375.15	.02606127	.1364992	.4763592	.3610803	0
1374.15	.01845852	.1342414	.4846558	.3626443	0
1373.15	.01089632	.1320552	.4928625	.364186	0
1372.15	.003373584	.1299395	.5009811	.3657058	0
1371.7	0	.1290099	.5046072	.3663829	0
1371.7	0	.1290099	.5046072	.3663829	0
1371.15	0	.1282294	.5052095	.3665611	0
1370.15	0	.126813	.5063028	.3668842	0
1369.15	0	.1254001	.5073936	.3672063	0
1368.15	0	.1239909	.5084817	.3675275	0
1367.15	0	.1225852	.5095672	.3678476	0
1366.15	0	.1211831	.5106502	.3681667	0
1365.15	0	.1197845	.5117306	.3684849	0
1364.15	0	.1183895	.5128084	.3688021	0
1363.15	0	.116998	.5138837	.3691183	0
1362.15	0	.1156101	.5149564	.3694335	0
1361.15	0	.1142257	.5160266	.3697477	0
1360.15	0	.1128447	.5170942	.3700611	0
1359.15	0	.1114673	.5181593	.3703734	0
1358.15	0	.1100933	.5192219	.3706848	0
1357.15	0	.1087229	.5202819	.3709952	0
1356.15	0	.1073559	.5213394	.3713048	0
1355.15	0	.1059923	.5223944	.3716133	0
1354.15	0	.1046322	.5234469	.371921	0
1353.15	0	.1032755	.5244969	.3722277	0
1352.15	0	.1019222	.5255443	.3725335	0
1351.15	0	.1005723	.5265893	.3728384	0
1350.15	0	.09922587	.5276318	.3731423	0
1349.15	0	.09788281	.5286718	.3734454	0
1348.15	0	.09654312	.5297093	.3737476	0
1347.15	0	.09520681	.5307444	.3740488	0
1346.15	0	.09387387	.531777	.3743492	0
1345.15	0	.09254428	.5328071	.3746487	0
1344.15	0	.09121803	.5338347	.3749473	0
1343.15	0	.08989512	.5348599	.375245	0
1342.15	0	.08857553	.5358827	.3755418	0
1341.15	0	.08725927	.5369029	.3758378	0
1340.15	0	.08594631	.5379208	.3761329	0
1339.15	0	.08463666	.5389362	.3764271	0
1338.15	0	.08333029	.5399492	.3767205	0
1337.15	0	.08202721	.5409597	.3770131	0
1336.15	0	.0807274	.5419679	.3773047	0
1335.15	0	.07943086	.5429736	.3775956	0
1334.15	0	.07813758	.5439768	.3778856	0
1333.15	0	.07684754	.5449777	.3781748	0
1332.15	0	.07556075	.5459761	.3784631	0
1331.15	0	.07427719	.5469722	.3787506	0
1330.15	0	.07299685	.5479658	.3790373	0
1329.15	0	.07171973	.5489571	.3793232	0
1328.15	0	.07044582	.5499459	.3796083	0
1327.15	0	.06917511	.5509324	.3798925	0
1326.15	0	.0679076	.5519164	.380176	0
1325.15	0	.06664327	.5528981	.3804586	0
1324.15	0	.06538212	.5538774	.3807405	0
1323.15	0	.06412414	.5548543	.3810215	0
1322.15	0	.06286933	.5558289	.3813018	0
1321.15	0	.06161767	.556801	.3815813	0
1320.15	0	.06036916	.5577708	.38186	0
1319.15	0	.05912379	.5587383	.382138	0
1318.15	0	.05788156	.5597033	.3824151	0
1317.15	0	.05664246	.560666	.3826915	0
1316.15	0	.05540648	.5616264	.3829671	0
1315.15	0	.05417362	.5625844	.383242	0
1314.15	0	.05294386	.56354	.3835161	0
1313.15	0	.0517172	.5644933	.3837895	0
1312.15	0	.05049365	.5654442	.3840621	0
1311.15	0	.04927317	.5663928	.384334	0
1310.15	0	.04805579	.5673391	.3846051	0
1309.15	0	.04684148	.568283	.3848755	0
1308.15	0	.04563023	.5692246	.3851452	0
1307.15	0	.04442206	.5701638	.3854141	0
1306.15	0	.04321694	.5711007	.3856823	0
1305.15	0	.04201488	.5720353	.3859498	0
1304.15	0	.04081586	.5729676	.3862166	0
1303.15	0	.03961988	.5738975	.3864826	0
1302.15	0	.03842694	.5748251	.386748	0
1301.15	0	.03723703	.5757504	.3870126	0
1300.15	0	.03605014	.5766733	.3872766	0
1299.15	0	.03486628	.5775939	.3875398	0
1298.15	0	.03368542	.5785122	.3878024	0
1297.15	0	.03250758	.5794282	.3880642	0
1296.15	0	.03133274	.5803419	.3883254	0
1295.15	0	.0301609	.5812533	.3885858	0
1294.15	0	.02899205	.5821623	.3888456	0
1293.15	0	.0278262	.583069	.3891048	0
1292.15	0	.02666332	.5839735	.3893632	0
1291.15	0	.02550343	.5848756	.389621	0
1290.15	0	.02434651	.5857754	.3898781	0
1289.15	0	.02319257	.5866729	.3901346	0
1288.15	0	.02204159	.5875681	.3903903	0
1287.15	0	.02089357	.588461	.3906455	0
1286.15	0	.01974851	.5893515	.3909	0
1285.15	0	.01860641	.5902398	.3911538	0
1284.15	0	.01746726	.5911258	.391407	0
1283.15	0	.01633105	.5920094	.3916595	0
1282.15	0	.01519779	.5928908	.3919114	0
1281.15	0	.01406746	.5937699	.3921627	0
1280.15	0	.01294007	.5946466	.3924133	0
1279.15	0	.01181562	.5955211	.3926633	0
1278.15	0	.01069409	.5963932	.3929127	0
1277.15	0	.009575483	.5972631	.3931615	0
1276.15	0	.008459802	.5981306	.3934096	0
1275.15	0	.007347039	.5989959	.3936571	0
1274.15	0	.006237193	.5998588	.393904	0
1273.15	0	.005130259	.6007194	.3941503	0
1272.15	0	.004026236	.6015778	.394396	0
1271.15	0	.00292512	.6024338	.3946411	0
1270.15	0	.001826908	.6032875	.3948856	0
1269.15	0	7.315994E-04	.6041389	.3951295	0
1268.481	0	0	.6047076	.3952924	0
1268.481	0	0	.6047076	.3952924	0
1268.15	0	0	.6046371	.3953629	0
1267.15	0	0	.6044242	.3955758	0
1266.15	0	0	.6042115	.3957885	0
1265.15	0	0	.6039992	.3960008	0
1264.15	0	0	.6037872	.3962128	0
1263.15	0	0	.6035755	.3964245	0
1262.15	0	0	.6033641	.3966359	0
1261.15	0	0	.603153	.396847	0
1260.15	0	0	.6029423	.3970577	0
1259.15	0	0	.6027318	.3972682	0
1258.15	0	0	.6025217	.3974783	0
1257.15	0	0	.6023119	.3976881	0
1256.15	0	0	.6021024	.3978976	0
1255.15	0	0	.6018931	.3981069	0
1254.15	0	0	.6016843	.3983158	0
1253.15	0	0	.6014757	.3985244	0
1252.15	0	0	.6012674	.3987326	0
1251.15	0	0	.6010594	.3989406	0
1250.15	0	0	.6008517	.3991483	0
1249.15	0	0	.6006443	.3993557	0
1248.15	0	0	.6004373	.3995628	0
1247.15	0	0	.6002305	.3997695	0
1246.15	0	0	.600024	.399976	0
1245.15	0	0	.5998178	.4001822	0
1244.15	0	0	.599612	.400388	0
1243.15	0	0	.5994064	.4005936	0
1242.15	0	0	.5992011	.4007989	0
1241.15	0	0	.5989961	.4010039	0
1240.15	0	0	.5987915	.4012085	0
1239.15	0	0	.5985871	.4014129	0
1238.15	0	0	.598383	.401617	0
1237.15	0	0	.5981792	.4018208	0
1236.15	0	0	.5979757	.4020243	0
1235.15	0	0	.5977725	.4022275	0
1234.15	0	0	.5975696	.4024304	0
1233.15	0	0	.597367	.402633	0
1232.15	0	0	.5971646	.4028354	0
1231.15	0	0	.5969626	.4030374	0
1230.15	0	0	.5967608	.4032392	0
1229.15	0	0	.5965594	.4034406	0
1228.15	0	0	.5963582	.4036418	0
1227.15	0	0	.5961573	.4038427	0
1226.15	0	0	.5959567	.4040433	0
1225.15	0	0	.5957564	.4042436	0
1224.15	0	0	.5955564	.4044436	0
1223.15	0	0	.5953566	.4046434	0
1222.15	0	0	.5951572	.4048428	0
1221.15	0	0	.594958	.405042	0
1220.15	0	0	.5947591	.4052409	0
1219.15	0	0	.5945605	.4054395	0
1218.15	0	0	.5943622	.4056379	0
1217.15	0	0	.5941641	.4058359	0
1216.15	0	0	.5939663	.4060337	0
1215.15	0	0	.5937688	.4062312	0
1214.15	0	0	.5935716	.4064284	0
1213.15	0	0	.5933747	.4066253	0
1212.15	0	0	.593178	.406822	0
1211.15	0	0	.5929817	.4070183	0
1210.15	0	0	.5927855	.4072145	0
1209.15	0	0	.5925897	.4074103	0
1208.15	0	0	.5923942	.4076058	0
1207.15	0	0	.5921989	.4078011	0
1206.15	0	0	.5920039	.4079961	0
1205.15	0	0	.5918091	.4081909	0
1204.15	0	0	.5916147	.4083853	0
1203.15	0	0	.5914205	.4085795	0
1202.15	0	0	.5912265	.4087735	0
1201.15	0	0	.5910329	.4089671	0
1200.15	0	0	.5908395	.4091605	0
1199.15	0	0	.5906464	.4093536	0
1198.15	0	0	.5904535	.4095465	0
1197.15	0	0	.590261	.409739	0
1196.15	0	0	.5900686	.4099314	0
1195.15	0	0	.5898766	.4101234	0
1194.15	0	0	.5896848	.4103152	0
1193.15	0	0	.5894933	.4105067	0
1192.15	0	0	.589302	.410698	0
1191.15	0	0	.589111	.410889	0
1190.15	0	0	.5889203	.4110797	0
1189.15	0	0	.5887298	.4112702	0
1188.15	0	0	.5885396	.4114604	0
1187.15	0	0	.5883497	.4116503	0
1186.15	0	0	.58816	.41184	0
1185.15	0	0	.5879706	.4120294	0
1184.15	0	0	.5877814	.4122186	0
1183.15	0	0	.5875925	.4124075	0
1182.15	0	0	.5874039	.4125961	0
1181.15	0	0	.5872155	.4127845	0
1180.15	0	0	.5870274	.4129726	0
1179.15	0	0	.5868395	.4131605	0
1178.15	0	0	.5866519	.4133481	0
1177.15	0	0	.5864645	.4135355	0
1176.15	0	0	.5862774	.4137226	0
1175.15	0	0	.5860905	.4139095	0
1174.15	0	0	.5859039	.4140961	0
1173.15	0	0	.5857176	.4142824	0
1172.15	0	0	.5855315	.4144685	0
1171.15	0	0	.5853456	.4146544	0
1170.15	0	0	.58516	.41484	0
1169.15	0	0	.5849747	.4150254	0
1168.15	0	0	.5847895	.4152105	0
1167.15	0	0	.5846047	.4153953	0
1166.15	0	0	.5844201	.4155799	0
1165.15	0	0	.5842357	.4157643	0
1164.15	0	0	.5840516	.4159484	0
1163.15	0	0	.5838678	.4161322	0
1162.15	0	0	.5836841	.4163159	0
1161.15	0	0	.5835008	.4164992	0
1160.15	0	0	.5833177	.4166823	0
1159.15	0	0	.5831348	.4168652	0
1158.15	0	0	.5829521	.4170479	0
1157.15	0	0	.5827697	.4172303	0
1156.15	0	0	.5825876	.4174124	0
1155.15	0	0	.5824057	.4175943	0
1154.15	0	0	.582224	.417776	0
1153.15	0	0	.5820426	.4179574	0
1152.15	0	0	.5818614	.4181386	0
1151.15	0	0	.5816804	.4183196	0
1150.15	0	0	.5814997	.4185003	0
1149.15	0	0	.5813192	.4186807	0
1148.15	0	0	.581139	.418861	0
1147.15	0	0	.580959	.419041	0
1146.15	0	0	.5807793	.4192207	0
1145.15	0	0	.5805998	.4194003	0
1144.15	0	0	.5804205	.4195795	0
1143.15	0	0	.5802414	.4197586	0
1142.15	0	0	.5800626	.4199374	0
1141.15	0	0	.579884	.420116	0
1140.15	0	0	.5797057	.4202943	0
1139.15	0	0	.5795276	.4204724	0
1138.15	0	0	.5793497	.4206503	0
1137.15	0	0	.579172	.420828	0
1136.15	0	0	.5789946	.4210054	0
1135.15	0	0	.5788174	.4211826	0
1134.15	0	0	.5786405	.4213595	0
1133.15	0	0	.5784637	.4215363	0
1132.15	0	0	.5782873	.4217127	0
1131.15	0	0	.578111	.421889	0
1130.15	0	0	.577935	.422065	0
1129.15	0	0	.5777591	.4222409	0
1128.15	0	0	.5775836	.4224164	0
1127.15	0	0	.5774082	.4225918	0
1126.15	0	0	.5772331	.4227669	0
1125.15	0	0	.5770582	.4229418	0
1124.15	0	0	.5768835	.4231165	0
1123.15	0	0	.5767091	.4232909	0
1122.15	0	0	.5765348	.4234652	0
1121.15	0	0	.5763608	.4236392	0
1120.15	0	0	.5761871	.423813	0
1119.15	0	0	.5760135	.4239865	0
1118.15	0	0	.5758402	.4241598	0
1117.15	0	0	.5756671	.4243329	0
1116.15	0	0	.5754942	.4245059	0
1115.15	0	0	.5753215	.4246785	0
1114.15	0	0	.575149	.424851	0
1113.15	0	0	.5749768	.4250232	0
1112.15	0	0	.5748048	.4251952	0
1111.15	0	0	.574633	.425367	0
1110.15	0	0	.5744614	.4255386	0
1109.15	0	0	.5742901	.4257099	0
1108.15	0	0	.574119	.4258811	0
1107.15	0	0	.573948	.426052	0
1106.15	0	0	.5737773	.4262227	0
1105.15	0	0	.5736069	.4263931	0
1104.15	0	0	.5734366	.4265634	0
1103.15	0	0	.5732665	.4267335	0
1102.15	0	0	.5730967	.4269033	0
1101.15	0	0	.5729271	.4270729	0
1100.15	0	0	.5727577	.4272424	0
1099.15	0	0	.5725885	.4274115	0
1098.15	0	0	.5724195	.4275805	0
1097.15	0	0	.5722507	.4277493	0
1096.15	0	0	.5720821	.4279179	0
1095.15	0	0	.5719138	.4280862	0
1094.15	0	0	.5717456	.4282544	0
1093.15	0	0	.5715777	.4284223	0
1092.15	0	0	.57141	.42859	0
1091.15	0	0	.5712425	.4287575	0
1090.15	0	0	.5710752	.4289248	0
1089.15	0	0	.5709081	.4290919	0
1088.15	0	0	.5707412	.4292588	0
1087.15	0	0	.5705746	.4294255	0
1086.15	0	0	.5704081	.4295919	0
1085.15	0	0	.5702418	.4297582	0
1084.15	0	0	.5700758	.4299242	0
1083.15	0	0	.5699099	.4300901	0
1082.15	0	0	.5697443	.4302557	0
1081.15	0	0	.5695789	.4304211	0
1080.15	0	0	.5694136	.4305864	0
1079.15	0	0	.5692486	.4307514	0
1078.15	0	0	.5690838	.4309162	0
1077.15	0	0	.5689192	.4310808	0
1076.15	0	0	.5687548	.4312452	0
1075.15	0	0	.5685905	.4314095	0
1074.15	0	0	.5684265	.4315735	0
1073.15	0	0	.5682627	.4317373	0
1072.15	0	0	.5680991	.4319009	0
1071.15	0	0	.5679357	.4320643	0
1070.15	0	0	.5677725	.4322275	0
1069.15	0	0	.5676095	.4323905	0
1068.15	0	0	.5674467	.4325533	0
1067.15	0	0	.5672841	.4327159	0
1066.15	0	0	.5671217	.4328783	0
1065.15	0	0	.5669595	.4330405	0
1064.15	0	0	.5667975	.4332025	0
1063.15	0	0	.5666357	.4333643	0
1062.15	0	0	.5664741	.4335259	0
1061.15	0	0	.5663126	.4336874	0
1060.15	0	0	.5661514	.4338486	0
1059.15	0	0	.5659904	.4340096	0
1058.15	0	0	.5658296	.4341704	0
1057.15	0	0	.5656689	.4343311	0
1056.15	0	0	.5655085	.4344915	0
1055.15	0	0	.5653483	.4346517	0
1054.15	0	0	.5651882	.4348118	0
1053.15	0	0	.5650284	.4349716	0
1052.15	0	0	.5648687	.4351313	0
1051.15	0	0	.5647093	.4352908	0
1050.15	0	0	.56455	.43545	0
1049.15	0	0	.5643909	.4356091	0
1048.15	0	0	.564232	.435768	0
1047.15	0	0	.5640733	.4359267	0
1046.15	0	0	.5639148	.4360852	0
1045.15	0	0	.5637565	.4362435	0
1044.15	0	0	.5635984	.4364016	0
1043.15	0	0	.5634404	.4365596	0
1042.15	0	0	.5632827	.4367173	0
1041.15	0	0	.5631251	.4368749	0
1040.15	0	0	.5629677	.4370323	0
1039.15	0	0	.5628106	.4371894	0
1038.15	0	0	.5626536	.4373464	0
1037.15	0	0	.5624968	.4375032	0
1036.15	0	0	.5623402	.4376598	0
1035.15	0	0	.5621837	.4378163	0
1034.15	0	0	.5620275	.4379725	0
1033.15	0	0	.5618714	.4381286	0
1032.15	0	0	.5617156	.4382844	0
1031.15	0	0	.5615599	.4384401	0
1030.15	0	0	.5614044	.4385956	0
1029.15	0	0	.5612491	.4387509	0
1028.15	0	0	.5610939	.4389061	0
1027.15	0	0	.560939	.439061	0
1026.15	0	0	.5607843	.4392158	0
1025.15	0	0	.5606297	.4393703	0
1024.15	0	0	.5604753	.4395247	0
1023.15	0	0	.5603211	.4396789	0
1022.15	0	0	.560167	.439833	0
1021.15	0	0	.5600132	.4399868	0
1020.15	0	0	.5598595	.4401405	0
1019.15	0	0	.5597061	.4402939	0
1018.15	0	0	.5595528	.4404472	0
1017.15	0	0	.5593996	.4406004	0
1016.15	0	0	.5592467	.4407533	0
1015.15	0	0	.559094	.440906	0
1014.15	0	0	.5589414	.4410586	0
1013.15	0	0	.558789	.441211	0
1012.15	0	0	.5586368	.4413632	0
1011.15	0	0	.5584847	.4415153	0
1010.15	0	0	.5583329	.4416671	0
1009.15	0	0	.5581812	.4418188	0
1008.15	0	0	.5580297	.4419703	0
1007.15	0	0	.5578784	.4421217	0
1006.15	0	0	.5577272	.4422728	0
1005.15	0	0	.5575762	.4424238	0
1004.15	0	0	.5574254	.4425746	0
1003.15	0	0	.5572748	.4427252	0
1002.15	0	0	.5571244	.4428756	0
1001.15	0	0	.5569741	.4430259	0
1000.15	0	0	.556824	.443176	0
999.15	0	0	.5566741	.4433259	0
998.15	0	0	.5565244	.4434756	0
997.15	0	0	.5563748	.4436252	0
996.15	0	0	.5562254	.4437746	0
995.15	0	0	.5560762	.4439238	0
994.15	0	0	.5559272	.4440728	0
993.15	0	0	.5557783	.4442217	0
992.15	0	0	.5556296	.4443704	0
991.15	0	0	.5554811	.4445189	0
990.15	0	0	.5553327	.4446673	0
989.15	0	0	.5551845	.4448155	0
988.15	0	0	.5550365	.4449635	0
987.15	0	0	.5548887	.4451113	0
986.15	0	0	.554741	.445259	0
985.15	0	0	.5545935	.4454065	0
984.15	0	0	.5544462	.4455538	0
983.15	0	0	.5542991	.4457009	0
982.15	0	0	.5541521	.4458479	0
981.15	0	0	.5540053	.4459947	0
980.15	0	0	.5538587	.4461413	0
979.15	0	0	.5537122	.4462878	0
978.15	0	0	.5535659	.4464341	0
977.15	0	0	.5534198	.4465802	0
976.15	0	0	.5532738	.4467262	0
975.15	0	0	.553128	.446872	0
974.15	0	0	.5529824	.4470176	0
973.15	0	0	.5528369	.4471631	0
972.15	0	0	.5526916	.4473084	0
971.15	0	0	.5525465	.4474535	0
970.15	0	0	.5524016	.4475984	0
969.15	0	0	.5522568	.4477432	0
968.15	0	0	.5521122	.4478878	0
967.15	0	0	.5519677	.4480323	0
966.15	0	0	.5518234	.4481766	0
965.15	0	0	.5516793	.4483207	0
964.15	0	0	.5515353	.4484647	0
963.15	0	0	.5513916	.4486084	0
962.15	0	0	.5512479	.4487521	0
961.15	0	0	.5511045	.4488955	0
960.15	0	0	.5509612	.4490388	0
959.15	0	0	.5508181	.4491819	0
958.15	0	0	.5506751	.4493249	0
957.15	0	0	.5505323	.4494677	0
956.15	0	0	.5503897	.4496103	0
955.15	0	0	.5502472	.4497528	0
954.15	0	0	.5501049	.4498951	0
953.15	0	0	.5499627	.4500373	0
952.15	0	0	.5498208	.4501792	0
951.15	0	0	.5496789	.4503211	0
950.15	0	0	.5495373	.4504627	0
949.15	0	0	.5493958	.4506042	0
948.15	0	0	.5492545	.4507455	0
947.15	0	0	.5491133	.4508867	0
946.15	0	0	.5489723	.4510277	0
945.15	0	0	.5488314	.4511686	0
944.15	0	0	.5486908	.4513092	0
943.15	0	0	.5485502	.4514498	0
942.15	0	0	.5484099	.4515901	0
941.15	0	0	.5482697	.4517303	0
940.15	0	0	.5481296	.4518704	0
939.15	0	0	.5479897	.4520103	0
938.15	0	0	.54785	.45215	0
937.15	0	0	.5477105	.4522895	0
936.15	0	0	.5475711	.452429	0
935.15	0	0	.5474318	.4525682	0
934.15	0	0	.5472927	.4527073	0
933.15	0	0	.5471538	.4528462	0
932.15	0	0	.547015	.452985	0
931.15	0	0	.5468764	.4531236	0
930.15	0	0	.546738	.453262	0
929.15	0	0	.5465997	.4534003	0
928.15	0	0	.5464616	.4535384	0
927.15	0	0	.5463236	.4536764	0
926.15	0	0	.5461858	.4538142	0
925.15	0	0	.5460481	.4539519	0
924.15	0	0	.5459106	.4540894	0
923.15	0	0	.5457733	.4542267	0
922.15	0	0	.5456361	.4543639	0
921.15	0	0	.5454991	.4545009	0
920.15	0	0	.5453622	.4546378	0
919.15	0	0	.5452255	.4547745	0
918.15	0	0	.5450889	.4549111	0
917.15	0	0	.5449525	.4550475	0
916.15	0	0	.5448163	.4551837	0
915.15	0	0	.5446802	.4553198	0
914.15	0	0	.5445443	.4554557	0
913.15	0	0	.5444085	.4555915	0
912.15	0	0	.5442729	.4557271	0
911.15	0	0	.5441374	.4558626	0
910.15	0	0	.5440021	.4559979	0
909.15	0	0	.5438669	.4561331	0
908.15	0	0	.5437319	.4562681	0
907.15	0	0	.5435971	.4564029	0
906.15	0	0	.5434624	.4565376	0
905.15	0	0	.5433278	.4566722	0
904.15	0	0	.5431935	.4568065	0
903.15	0	0	.5430592	.4569408	0
902.15	0	0	.5429252	.4570748	0
901.15	0	0	.5427912	.4572088	0
900.6311	0	0	.5427218	.4572782	0
900.6311	0	0	.5427218	.4572782	0
900.6311	0	0	.5427218	.4572782	0
900.15	0	.001295379	.5414158	.4572889	0
899.15	0	.003989371	.5387012	.4573095	0
898.15	0	.006684431	.5359875	.457328	0
897.15	0	.009379537	.5332759	.4573446	0
896.15	0	.01207372	.5305672	.4573591	0
895.15	0	.01476604	.5278623	.4573717	0
894.15	0	.01745561	.5251621	.4573823	0
893.15	0	.02014157	.5224675	.457391	0
892.15	0	.02282311	.5197792	.4573977	0
891.15	0	.02549945	.5170979	.4574027	0
890.15	0	.02816982	.5144245	.4574057	0
889.15	0	.03083351	.5117595	.457407	0
888.15	0	.03348983	.5091037	.4574064	0
887.15	0	.03613811	.5064578	.4574041	0
886.15	0	.03877773	.5038222	.4574	0
885.15	0	.04140808	.5011977	.4573942	0
884.15	0	.04402856	.4985847	.4573867	0
883.15	0	.04663863	.4959838	.4573776	0
882.15	0	.04923775	.4933955	.4573667	0
881.15	0	.0518254	.4908203	.4573543	0
880.15	0	.05440111	.4882587	.4573402	0
879.15	0	.05696439	.4857111	.4573245	0
878.15	0	.05951481	.4831779	.4573073	0
877.15	0	.06205193	.4806595	.4572886	0
876.15	0	.06457535	.4781563	.4572683	0
875.15	0	.06708468	.4756687	.4572466	0
874.15	0	.06957955	.4731971	.4572234	0
873.15	0	.07205961	.4707417	.4571987	0
872.15	0	.07452452	.4683028	.4571727	0
871.15	0	.07697397	.4658808	.4571452	0
870.15	0	.07940765	.463476	.4571164	0
869.15	0	.08182529	.4610885	.4570862	0
868.15	0	.08422661	.4587186	.4570548	0
867.15	0	.08661136	.4563666	.457022	0
866.15	0	.08897931	.4540327	.456988	0
865.15	0	.09133023	.4517171	.4569527	0
864.15	0	.09366392	.4494199	.4569162	0
863.15	0	.09598018	.4471413	.4568785	0
862.15	0	.09827884	.4448816	.4568396	0
861.15	0	.1005597	.4426407	.4567996	0
860.15	0	.1028227	.4404189	.4567585	0
859.15	0	.1050676	.4382162	.4567162	0
858.15	0	.1072943	.4360328	.4566729	0
857.15	0	.1095027	.4338687	.4566285	0
856.15	0	.1116928	.4317241	.4565831	0
855.15	0	.1138643	.429599	.4565368	0
854.15	0	.1160173	.4274934	.4564894	0
853.15	0	.1181516	.4254073	.456441	0
852.15	0	.1202673	.423341	.4563918	0
851.15	0	.1223642	.4212942	.4563416	0
850.15	0	.1244424	.4192671	.4562905	0
849.15	0	.1265018	.4172597	.4562386	0
848.15	0	.1285423	.4152718	.4561858	0
847.15	0	.1305641	.4133037	.4561322	0
846.15	0	.1325671	.4113551	.4560778	0
845.15	0	.1345514	.409426	.4560226	0
844.15	0	.1365168	.4075165	.4559666	0
843.15	0	.1384636	.4056265	.45591	0
842.15	0	.1403917	.4037558	.4558525	0
841.15	0	.1423011	.4019045	.4557944	0
840.15	0	.144192	.4000724	.4557357	0
839.15	0	.1460643	.3982595	.4556762	0
838.15	0	.1479182	.3964657	.4556161	0
837.15	0	.1497537	.3946908	.4555554	0
836.15	0	.151571	.3929349	.4554941	0
835.15	0	.15337	.3911977	.4554322	0
834.15	0	.155151	.3894792	.4553698	0
833.15	0	.1569139	.3877793	.4553068	0
832.15	0	.158659	.3860978	.4552432	0
831.15	0	.1603863	.3844346	.4551792	0
830.15	0	.1620959	.3827895	.4551146	0
829.15	0	.1637879	.3811625	.4550496	0
828.15	0	.1654626	.3795534	.4549841	0
827.15	0	.1671199	.377962	.4549181	0
826.15	0	.16876	.3763883	.4548517	0
825.15	0	.1703831	.374832	.4547849	0
824.15	0	.1719894	.373293	.4547176	0
823.15	0	.1735788	.3717712	.45465	0
822.15	0	.1751516	.3702664	.454582	0
821.15	0	.176708	.3687784	.4545136	0
820.15	0	.178248	.3673071	.4544449	0
819.15	0	.1797719	.3658523	.4543758	0
818.15	0	.1812797	.3644139	.4543064	0
817.15	0	.1827716	.3629917	.4542367	0
816.15	0	.1842478	.3615855	.4541667	0
815.15	0	.1857085	.3601952	.4540963	0
814.15	0	.1871537	.3588206	.4540257	0
813.15	0	.1885836	.3574615	.4539549	0
812.15	0	.1899985	.3561178	.4538837	0
811.15	0	.1913984	.3547893	.4538123	0
810.15	0	.1927835	.3534758	.4537407	0
809.15	0	.194154	.3521772	.4536688	0
808.15	0	.19551	.3508933	.4535967	0
807.15	0	.1968516	.349624	.4535244	0
806.15	0	.1981792	.348369	.4534519	0
805.15	0	.1994927	.3471282	.4533792	0
804.15	0	.2007923	.3459014	.4533063	0
803.15	0	.2020783	.3446885	.4532332	0
802.15	0	.2033507	.3434894	.45316	0
801.15	0	.2046097	.3423037	.4530866	0
800.15	0	.2058555	.3411315	.453013	0
799.15	0	.2070883	.3399725	.4529393	0
798.15	0	.208308	.3388265	.4528654	0
797.15	0	.2095151	.3376935	.4527914	0
796.15	0	.2107095	.3365732	.4527173	0
795.15	0	.2118914	.3354655	.4526431	0
794.15	0	.2130609	.3343703	.4525688	0
793.15	0	.2142183	.3332873	.4524944	0
792.15	0	.2153637	.3322165	.4524198	0
791.15	0	.2164971	.3311577	.4523452	0
790.15	0	.2176188	.3301107	.4522705	0
789.15	0	.2187289	.3290755	.4521957	0
788.15	0	.2198274	.3280517	.4521208	0
787.15	0	.2209147	.3270394	.4520459	0
786.15	0	.2219907	.3260384	.4519709	0
785.15	0	.2230557	.3250484	.4518959	0
784.15	0	.2241097	.3240695	.4518207	0
783.15	0	.225153	.3231014	.4517456	0
782.15	0	.2261855	.3221441	.4516704	0
781.15	0	.2272075	.3211973	.4515952	0
780.15	0	.2282191	.3202609	.45152	0
779.15	0	.2292204	.3193349	.4514447	0
778.15	0	.2302115	.3184191	.4513694	0
777.15	0	.2311925	.3175134	.4512941	0
776.15	0	.2321636	.3166176	.4512188	0
775.15	0	.233125	.3157316	.4511435	0
774.15	0	.2340766	.3148553	.4510682	0
773.15	0	.2350186	.3139885	.4509929	0
772.15	0	.2359512	.3131313	.4509176	0
771.15	0	.2368744	.3122833	.4508423	0
770.15	0	.2377884	.3114446	.450767	0
769.15	0	.2386932	.310615	.4506917	0
768.15	0	.239589	.3097944	.4506165	0
767.15	0	.2404759	.3089827	.4505413	0
766.15	0	.241354	.3081798	.4504662	0
765.15	0	.2422234	.3073856	.450391	0
764.5505	0	.2427404	.3069135	.450346	0
764.5505	0	.2427404	.3069135	.450346	0
764.5505	0	.2427404	.3069135	.450346	0
764.15	0	.2438575	.3055181	.4499455	6.788004E-04
763.15	0	.246609	.302076	.4489544	.0023605
762.15	0	.249308	.2986925	.4479757	.004023779
761.15	0	.2519554	.2953665	.4470092	.005668924
760.15	0	.2545523	.2920967	.4460547	.007296216
759.15	0	.2570999	.2888821	.445112	.00890593
758.15	0	.2595991	.2857216	.444181	.01049833
757.15	0	.2620509	.282614	.4432614	.01207369
756.15	0	.2644564	.2795584	.442353	.01363226
755.15	0	.2668163	.2765537	.4414557	.01517429
754.15	0	.2691317	.2735989	.4405694	.01670003
753.15	0	.2714035	.270693	.4396937	.01820973
752.15	0	.2736326	.2678351	.4388286	.01970362
751.15	0	.2758198	.2650243	.437974	.02118195
750.15	0	.277966	.2622596	.4371295	.02264492
749.15	0	.280072	.2595401	.4362952	.02409279
748.15	0	.2821386	.2568649	.4354707	.02552575
747.15	0	.2841667	.2542332	.434656	.02694404
746.15	0	.286157	.2516442	.4338509	.02834787
745.15	0	.2881103	.249097	.4330553	.02973745
744.15	0	.2900273	.2465908	.4322689	.03111298
743.15	0	.2919087	.2441249	.4314918	.03247467
742.15	0	.2937553	.2416984	.4307236	.03382271
741.15	0	.2955678	.2393106	.4299643	.03515732
740.15	0	.2973468	.2369607	.4292137	.03647867
739.15	0	.2990931	.2346481	.4284718	.03778696
738.15	0	.3008073	.232372	.4277382	.03908239
737.15	0	.3024901	.2301318	.4270131	.04036512
736.15	0	.304142	.2279266	.426296	.04163535
735.15	0	.3057637	.2257559	.4255871	.04289325
734.15	0	.3073559	.2236191	.4248861	.044139
733.15	0	.308919	.2215154	.4241929	.04537278
732.15	0	.3104537	.2194442	.4235073	.04659475
731.15	0	.3119607	.2174049	.4228294	.04780508
730.15	0	.3134403	.215397	.4221588	.04900394
729.15	0	.3148932	.2134197	.4214956	.05019149
728.15	0	.3163199	.2114726	.4208396	.0513679
727.15	0	.317721	.209555	.4201907	.05253331
726.15	0	.3190969	.2076665	.4195487	.05368789
725.15	0	.3204483	.2058063	.4189136	.0548318
724.15	0	.3217754	.2039741	.4182853	.05596517
723.15	0	.323079	.2021693	.4176636	.05708817
722.15	0	.3243593	.2003913	.4170484	.05820094
721.15	0	.325617	.1986398	.4164397	.05930361
720.15	0	.3268524	.196914	.4158372	.06039635
719.15	0	.328066	.1952137	.4152411	.06147927
718.15	0	.3292583	.1935382	.414651	.06255254
717.15	0	.3304296	.1918872	.414067	.06361627
716.15	0	.3315804	.1902601	.4134889	.06467061
715.15	0	.3327111	.1886566	.4129166	.06571568
714.15	0	.3338221	.1870762	.4123501	.06675162
713.15	0	.3349139	.1855184	.4117892	.06777856
712.15	0	.3359867	.1839829	.4112339	.06879661
711.15	0	.337041	.1824691	.410684	.06980591
710.15	0	.3380771	.1809768	.4101395	.07080658
709.15	0	.3390954	.1795055	.4096003	.07179874
708.15	0	.3400963	.1780548	.4090664	.0727825
707.15	0	.3410801	.1766244	.4085375	.07375799
706.15	0	.3420471	.1752139	.4080137	.07472532
705.15	0	.3429977	.1738228	.4074948	.0756846
704.15	0	.3439323	.1724509	.4069809	.07663595
703.15	0	.344851	.1710978	.4064717	.07757947
702.15	0	.3457543	.1697631	.4059673	.07851527
701.15	0	.3466424	.1684466	.4054675	.07944347
700.15	0	.3475157	.1671478	.4049723	.08036416
699.15	0	.3483744	.1658665	.4044816	.08127745
698.15	0	.3492189	.1646023	.4039954	.08218343
697.15	0	.3500493	.1633549	.4035135	.08308222
696.15	0	.350866	.1621241	.4030359	.08397391
695.15	0	.3516693	.1609095	.4025626	.08485859
694.15	0	.3524594	.1597109	.4020934	.08573637
693.15	0	.3532366	.1585278	.4016283	.08660733
692.15	0	.3540011	.1573602	.4011672	.08747158
691.15	0	.3547531	.1562076	.4007101	.08832919
690.15	0	.355493	.1550698	.4002569	.08918027
689.15	0	.3562209	.1539466	.3998076	.09002489
688.15	0	.3569372	.1528377	.399362	.09086316
687.15	0	.3576419	.1517428	.3989202	.09169514
686.15	0	.3583353	.1506617	.398482	.09252094
685.15	0	.3590177	.1495941	.3980475	.09334062
684.15	0	.3596893	.1485399	.3976165	.09415429
683.15	0	.3603502	.1474987	.397189	.094962
682.15	0	.3610007	.1464704	.396765	.09576385
681.15	0	.361641	.1454547	.3963444	.09655991
680.15	0	.3622713	.1444514	.3959271	.09735026
679.15	0	.3628917	.1434602	.3955131	.09813498
678.15	0	.3635025	.1424811	.3951023	.09891414
677.15	0	.3641038	.1415137	.3946948	.09968781
676.15	0	.3646958	.1405578	.3942904	.1004561
675.15	0	.3652786	.1396133	.3938891	.101219
674.15	0	.3658526	.13868	.3934908	.1019766
673.15	0	.3664178	.1377576	.3930956	.1027291
672.15	0	.3669743	.136846	.3927033	.1034764
671.15	0	.3675225	.135945	.3923139	.1042186
670.15	0	.3680623	.1350544	.3919274	.1049559
669.15	0	.368594	.1341741	.3915437	.1056882
668.15	0	.3691177	.1333038	.3911629	.1064157
667.15	0	.3696336	.1324434	.3907848	.1071383
666.15	0	.3701418	.1315927	.3904093	.1078562
665.15	0	.3706424	.1307516	.3900366	.1085694
664.15	0	.3711357	.1299199	.3896665	.109278
663.15	0	.3716216	.1290974	.389299	.109982
662.15	0	.372102	.1282825	.3889333	.1106822
661.15	0	.3725736	.1274782	.3885709	.1113772
660.15	0	.3730384	.1266827	.388211	.1120678
659.15	0	.3734965	.1258958	.3878536	.1127541
658.15	0	.3739479	.1251174	.3874985	.1134362
657.15	0	.3743929	.1243473	.3871458	.114114
656.15	0	.3748315	.1235854	.3867955	.1147876
655.15	0	.3752638	.1228316	.3864474	.1154572
654.15	0	.37569	.1220857	.3861017	.1161227
653.15	0	.3761102	.1213476	.3857581	.1167842
652.15	0	.3765244	.1206172	.3854168	.1174417
651.15	0	.3769328	.1198943	.3850776	.1180953
650.15	0	.3773355	.1191788	.3847406	.1187451
649.15	0	.3777326	.1184707	.3844057	.119391
648.15	0	.3781242	.1177697	.3840729	.1200332
647.15	0	.3785103	.1170759	.3837422	.1206717
646.15	0	.3788912	.1163889	.3834134	.1213065
645.15	0	.3792668	.1157089	.3830867	.1219377
644.15	0	.3796373	.1150355	.382762	.1225653
643.15	0	.3800027	.1143688	.3824392	.1231893
642.15	0	.3803632	.1137086	.3821183	.1238099
641.15	0	.3807188	.1130548	.3817993	.124427
640.15	0	.3810697	.1124074	.3814822	.1250407
639.15	0	.3814158	.1117661	.381167	.1256511
638.15	0	.3817573	.111131	.3808536	.1262581
637.15	0	.3820943	.1105019	.3805419	.1268619
636.15	0	.3824269	.1098787	.380232	.1274624
635.15	0	.382755	.1092613	.3799239	.1280597
634.15	0	.3830789	.1086497	.3796175	.1286538
633.15	0	.3833986	.1080438	.3793129	.1292448
632.15	0	.3837141	.1074434	.3790098	.1298328
631.15	0	.3840255	.1068484	.3787085	.1304176
630.15	0	.3843329	.1062588	.3784088	.1309995
629.15	0	.3846363	.1056746	.3781107	.1315784
628.15	0	.3849359	.1050955	.3778142	.1321543
627.15	0	.3852317	.1045216	.3775193	.1327274
626.15	0	.3855238	.1039528	.3772259	.1332975
625.15	0	.3858122	.1033889	.376934	.1338649
624.15	0	.3860969	.1028299	.3766437	.1344294
623.15	0	.3863782	.1022758	.3763549	.1349912
622.15	0	.3866559	.1017264	.3760675	.1355502
621.15	0	.3869302	.1011817	.3757816	.1361065
620.15	0	.3872012	.1006416	.3754972	.1366601
619.15	0	.3874688	.100106	.3752141	.1372111
618.15	0	.3877331	.09957486	.3749325	.1377595
617.15	0	.3879943	.09904814	.3746522	.1383053
616.15	0	.3882523	.09852574	.3743733	.1388486
615.15	0	.3885073	.09800761	.3740958	.1393893
614.15	0	.3887592	.09749368	.3738196	.1399276
613.15	0	.389008	.09698387	.3735447	.1404634
612.15	0	.389254	.09647814	.3732711	.1409968
611.15	0	.3894971	.09597642	.3729988	.1415277
610.15	0	.3897373	.09547865	.3727278	.1420563
609.15	0	.3899747	.09498476	.372458	.1425825
608.15	0	.3902094	.09449471	.3721895	.1431064
607.15	0	.3904414	.09400842	.3719221	.143628
606.15	0	.3906708	.09352586	.371656	.1441474
605.15	0	.3908975	.09304695	.3713911	.1446645
604.15	0	.3911216	.09257164	.3711274	.1451793
603.15	0	.3913433	.09209989	.3708648	.145692
602.15	0	.3915624	.09163163	.3706034	.1462025
601.15	0	.3917791	.09116682	.3703432	.1467109
600.15	0	.3919934	.09070541	.370084	.1472172
599.15	0	.3922054	.09024733	.369826	.1477213
598.15	0	.392415	.08979256	.369569	.1482234
597.15	0	.3926223	.08934102	.3693132	.1487235
596.15	0	.3928274	.08889269	.3690584	.1492215
595.15	0	.3930303	.0884475	.3688047	.1497175
594.15	0	.393231	.08800542	.3685521	.1502115
593.15	0	.3934296	.08756639	.3683005	.1507036
592.15	0	.393626	.08713038	.3680499	.1511937
591.15	0	.3938204	.08669733	.3678003	.151682
590.15	0	.3940128	.08626721	.3675517	.1521683
589.15	0	.3942032	.08583997	.3673041	.1526527
588.15	0	.3943916	.08541557	.3670575	.1531353
587.15	0	.394578	.08499397	.3668119	.1536161
586.15	0	.3947626	.08457512	.3665672	.1540951
585.15	0	.3949453	.08415899	.3663235	.1545722
584.15	0	.3951261	.08374554	.3660807	.1550476
583.15	0	.3953051	.08333473	.3658389	.1555212
582.15	0	.3954824	.08292651	.365598	.1559931
581.15	0	.3956579	.08252086	.3653579	.1564633
580.15	0	.3958317	.08211773	.3651188	.1569318
579.15	0	.3960037	.08171709	.3648806	.1573986
578.15	0	.3961741	.08131891	.3646432	.1578638
577.15	0	.3963429	.08092314	.3644067	.1583272
576.15	0	.39651	.08052975	.3641711	.1587891
575.15	0	.3966756	.08013871	.3639364	.1592494
574.15	0	.3968395	.07974998	.3637024	.1597081
573.15	0	.397002	.07936353	.3634694	.1601651
572.15	0	.3971629	.07897933	.3632371	.1606207
571.15	0	.3973223	.07859734	.3630056	.1610747
570.15	0	.3974803	.07821754	.362775	.1615271
569.15	0	.3976368	.07783989	.3625452	.1619781
568.15	0	.3977919	.07746436	.3623161	.1624276
567.15	0	.3979456	.07709092	.3620879	.1628756
566.15	0	.398098	.07671954	.3618604	.1633221
565.15	0	.3982489	.07635019	.3616337	.1637672
564.15	0	.3983986	.07598284	.3614078	.1642108
563.15	0	.3985469	.07561747	.3611826	.164653
562.15	0	.398694	.07525404	.3609582	.1650938
561.15	0	.3988398	.07489253	.3607345	.1655333
560.15	0	.3989843	.0745329	.3605115	.1659713
559.15	0	.3991276	.07417514	.3602893	.166408
558.15	0	.3992697	.07381921	.3600677	.1668434
557.15	0	.3994106	.0734651	.3598469	.1672774
556.15	0	.3995503	.07311277	.3596268	.1677101
555.15	0	.3996889	.07276219	.3594074	.1681415
554.15	0	.3998264	.07241335	.3591887	.1685716
553.15	0	.3999627	.07206622	.3589707	.1690004
552.15	0	.4000979	.07172077	.3587533	.169428
551.15	0	.4002321	.07137698	.3585367	.1698543
550.15	0	.4003652	.07103483	.3583207	.1702793
549.15	0	.4004972	.07069429	.3581053	.1707032
548.15	0	.4006283	.07035534	.3578906	.1711258
547.15	0	.4007583	.07001795	.3576766	.1715472
546.15	0	.4008873	.06968211	.3574632	.1719674
545.15	0	.4010153	.0693478	.3572504	.1723864
544.15	0	.4011424	.06901498	.3570383	.1728043
543.15	0	.4012685	.06868364	.3568268	.173221
542.15	0	.4013937	.06835376	.3566159	.1736366
541.15	0	.401518	.06802532	.3564057	.174051
540.15	0	.4016414	.06769829	.356196	.1744644
539.15	0	.4017638	.06737266	.355987	.1748766
538.15	0	.4018854	.06704841	.3557785	.1752877
537.15	0	.4020062	.06672551	.3555706	.1756977
536.15	0	.4021261	.06640395	.3553634	.1761066
535.15	0	.4022451	.06608371	.3551567	.1765145
534.15	0	.4023634	.06576476	.3549506	.1769213
533.15	0	.4024808	.0654471	.354745	.177327
532.15	0	.4025975	.06513069	.3545401	.1777318
531.15	0	.4027133	.06481553	.3543357	.1781355
530.15	0	.4028284	.0645016	.3541318	.1785381
529.15	0	.4029428	.06418887	.3539286	.1789398
528.15	0	.4030564	.06387733	.3537258	.1793405
527.15	0	.4031692	.06356696	.3535236	.1797402
526.15	0	.4032814	.06325775	.353322	.1801389
525.15	0	.4033928	.06294968	.3531209	.1805366
524.15	0	.4035036	.06264273	.3529203	.1809334
523.15	0	.4036136	.06233689	.3527203	.1813292
522.15	0	.403723	.06203213	.3525208	.1817241
521.15	0	.4038317	.06172845	.3523218	.1821181
520.15	0	.4039398	.06142582	.3521233	.1825111
519.15	0	.4040473	.06112424	.3519253	.1829032
518.15	0	.4041541	.06082369	.3517279	.1832944
517.15	0	.4042603	.06052414	.3515309	.1836847
516.15	0	.4043658	.06022559	.3513344	.1840741
515.15	0	.4044708	.05992803	.3511385	.1844627
514.15	0	.4045752	.05963143	.350943	.1848503
513.15	0	.404679	.05933578	.350748	.1852371
512.15	0	.4047823	.05904108	.3505536	.1856231
511.15	0	.4048849	.05874729	.3503596	.1860082
510.15	0	.4049871	.05845442	.350166	.1863925
509.15	0	.4050887	.05816245	.349973	.1867759
508.15	0	.4051897	.05787135	.3497804	.1871585
507.15	0	.4052903	.05758113	.3495883	.1875403
506.15	0	.4053903	.05729177	.3493967	.1879213
505.15	0	.4054898	.05700324	.3492055	.1883015
504.15	0	.4055889	.05671555	.3490148	.1886809
503.15	0	.4056874	.05642868	.3488245	.1890595
502.15	0	.4057854	.05614261	.3486347	.1894373
501.15	0	.405883	.05585733	.3484453	.1898143
500.15	0	.4059802	.05557284	.3482564	.1901906
499.15	0	.4060768	.05528911	.3480679	.1905661
498.15	0	.4061731	.05500615	.3478799	.1909409
497.15	0	.4062688	.05472392	.3476923	.191315
496.15	0	.4063642	.05444243	.3475051	.1916883
495.15	0	.4064591	.05416166	.3473184	.1920609
494.15	0	.4065536	.0538816	.3471321	.1924327
493.15	0	.4066478	.05360224	.3469462	.1928038
492.15	0	.4067415	.05332357	.3467607	.1931743
491.15	0	.4068348	.05304557	.3465757	.193544
490.15	0	.4069277	.05276825	.346391	.193913
489.15	0	.4070203	.05249157	.3462068	.1942814
488.15	0	.4071125	.05221554	.346023	.194649
487.15	0	.4072043	.05194015	.3458396	.195016
486.15	0	.4072957	.05166538	.3456566	.1953823
485.15	0	.4073868	.05139122	.345474	.1957479
484.15	0	.4074776	.05111766	.3452919	.1961129
483.15	0	.407568	.0508447	.3451101	.1964772
482.15	0	.4076581	.05057232	.3449287	.1968409
481.15	0	.4077478	.05030051	.3447477	.197204
480.15	0	.4078372	.05002927	.3445671	.1975664
479.15	0	.4079264	.04975859	.3443869	.1979281
478.15	0	.4080152	.04948844	.3442071	.1982893
477.15	0	.4081037	.04921884	.3440276	.1986499
476.15	0	.4081919	.04894975	.3438486	.1990098
475.15	0	.4082798	.04868119	.3436699	.1993691
474.15	0	.4083675	.04841314	.3434916	.1997278
473.15	0	.4084548	.04814558	.3433137	.2000859
472.15	0	.4085419	.04787851	.3431361	.2004435
471.15	0	.4086287	.04761193	.3429589	.2008004
470.15	0	.4087153	.04734582	.3427821	.2011568
469.15	0	.4088016	.04708017	.3426056	.2015126
468.15	0	.4088876	.04681498	.3424295	.2018678
467.15	0	.4089735	.04655023	.3422538	.2022225
466.15	0	.409059	.04628593	.3420785	.2025766
465.15	0	.4091443	.04602206	.3419034	.2029302
464.15	0	.4092295	.04575861	.3417288	.2032832
463.15	0	.4093143	.04549557	.3415545	.2036356
462.15	0	.409399	.04523295	.3413805	.2039876
461.15	0	.4094834	.04497072	.3412069	.2043389
460.15	0	.4095676	.04470888	.3410337	.2046898
459.15	0	.4096516	.04444743	.3408608	.2050402
458.15	0	.4097355	.04418636	.3406882	.20539
457.15	0	.4098191	.04392565	.340516	.2057393
456.15	0	.4099025	.04366531	.3403441	.2060881
455.15	0	.4099857	.04340532	.3401726	.2064364
454.15	0	.4100688	.04314568	.3400014	.2067842
453.15	0	.4101516	.04288638	.3398305	.2071314
452.15	0	.4102344	.04262741	.33966	.2074782
451.15	0	.4103169	.04236877	.3394898	.2078246
450.15	0	.4103992	.04211045	.3393199	.2081704
