T	 BPW(LIQUID)	BPW(BCC_A2)	BPW(FCC_A1)	BPW(LAVES_PHASE_C14)	BPW(NI3TI)
1473.15	.0561921	.7186562	.2251517	0	0
1472.15	.05248182	.7167074	.2308108	0	0
1471.15	.04877673	.7147701	.2364531	0	0
1470.15	.04507668	.7128444	.2420789	0	0
1469.15	.04138155	.7109301	.2476884	0	0
1468.15	.0376912	.7090273	.2532816	0	0
1467.15	.0340055	.7071358	.2588587	0	0
1466.15	.03032434	.7052557	.26442	0	0
1465.15	.02664758	.7033868	.2699656	0	0
1464.15	.02297511	.7015293	.2754956	0	0
1463.15	.0193068	.6996829	.2810103	0	0
1462.15	.01564253	.6978477	.2865097	0	0
1461.15	.01198219	.6960237	.2919941	0	0
1460.15	.008325667	.6942107	.2974636	0	0
1459.15	.004672844	.6924088	.3029183	0	0
1458.15	.001023612	.6906179	.3083585	0	0
1457.869	0	.6901173	.3098828	0	0
1457.869	0	.6901173	.3098828	0	0
1457.15	0	.688741	.311259	0	0
1456.15	0	.6868327	.3131673	0	0
1455.15	0	.6849302	.3150698	0	0
1454.15	0	.6830334	.3169666	0	0
1453.15	0	.6811423	.3188577	0	0
1452.15	0	.6792569	.3207431	0	0
1451.15	0	.6773773	.3226227	0	0
1450.15	0	.6755034	.3244966	0	0
1449.15	0	.6736351	.3263649	0	0
1448.15	0	.6717726	.3282274	0	0
1447.948	0	.6713967	.3286033	0	0
1447.948	0	.6713967	.3286033	0	0
1447.948	0	.6713967	.3286033	0	0
1447.15	0	.6684808	.3309295	5.897233E-04	0
1446.15	0	.664835	.3338386	.001326409	0
1445.15	0	.6611996	.3367401	.002060304	0
1444.15	0	.6575744	.3396342	.002791422	0
1443.15	0	.6539595	.3425207	.003519775	0
1442.15	0	.6503548	.3453998	.004245377	0
1441.15	0	.6467604	.3482714	.004968242	0
1440.15	0	.6431761	.3511356	.005688381	0
1439.15	0	.6396019	.3539923	.006405809	0
1438.15	0	.6360379	.3568416	.007120537	0
1437.15	0	.6324839	.3596835	.007832579	0
1436.15	0	.62894	.362518	.008541947	0
1435.15	0	.6254062	.3653452	.009248654	0
1434.15	0	.6218823	.368165	.009952713	0
1433.15	0	.6183685	.3709774	.01065414	0
1432.15	0	.6148646	.3737825	.01135293	0
1431.15	0	.6113706	.3765803	.01204912	0
1430.15	0	.6078865	.3793708	.01274271	0
1429.15	0	.6044123	.382154	.01343371	0
1428.15	0	.600948	.3849299	.01412213	0
1427.15	0	.5974935	.3876985	.014808	0
1426.15	0	.5940488	.3904599	.01549131	0
1425.15	0	.5906139	.393214	.01617208	0
1424.15	0	.5871888	.3959609	.01685032	0
1423.15	0	.5837733	.3987006	.01752605	0
1422.15	0	.5803676	.4014331	.01819927	0
1421.15	0	.5769716	.4041584	.01887	0
1420.15	0	.5735853	.4068765	.01953825	0
1419.15	0	.5702086	.4095874	.02020403	0
1418.15	0	.5668415	.4122912	.02086735	0
1417.15	0	.563484	.4149878	.02152822	0
1416.15	0	.560136	.4176773	.02218666	0
1415.15	0	.5567977	.4203597	.02284267	0
1414.15	0	.5534688	.4230349	.02349626	0
1413.15	0	.5501495	.4257031	.02414746	0
1412.15	0	.5468396	.4283641	.02479626	0
1411.15	0	.5435392	.4310181	.02544268	0
1410.15	0	.5402483	.433665	.02608672	0
1409.15	0	.5369667	.4363048	.02672841	0
1408.15	0	.5336946	.4389376	.02736775	0
1407.15	0	.5304319	.4415634	.02800475	0
1406.15	0	.5271785	.4441821	.02863941	0
1405.15	0	.5239345	.4467938	.02927176	0
1404.15	0	.5206998	.4493984	.02990181	0
1403.15	0	.5174743	.4519961	.03052955	0
1402.15	0	.5142582	.4545868	.03115501	0
1401.15	0	.5110514	.4571705	.03177819	0
1400.15	0	.5078537	.4597472	.0323991	0
1399.15	0	.5046654	.4623169	.03301775	0
1398.15	0	.5014862	.4648797	.03363416	0
1397.15	0	.4983162	.4674355	.03424833	0
1396.15	0	.4951554	.4699843	.03486028	0
1395.15	0	.4920037	.4725263	.03547	0
1394.15	0	.4888612	.4750613	.03607751	0
1393.15	0	.4857278	.4775893	.03668283	0
1392.15	0	.4826035	.4801105	.03728596	0
1391.15	0	.4794884	.4826247	.03788691	0
1390.15	0	.4763822	.4851321	.03848569	0
1389.15	0	.4732852	.4876325	.0390823	0
1388.15	0	.4701972	.4901261	.03967677	0
1387.15	0	.4671182	.4926128	.04026909	0
1386.15	0	.4640482	.4950926	.04085928	0
1385.15	0	.4609872	.4975655	.04144735	0
1384.15	0	.4579352	.5000315	.0420333	0
1383.15	0	.4548921	.5024907	.04261715	0
1382.15	0	.451858	.5049431	.0431989	0
1381.15	0	.4488329	.5073886	.04377856	0
1380.15	0	.4458166	.5098272	.04435614	0
1379.15	0	.4428093	.512259	.04493165	0
1378.15	0	.4398109	.514684	.0455051	0
1377.15	0	.4368214	.5171022	.0460765	0
1376.15	0	.4338407	.5195135	.04664585	0
1375.15	0	.4308689	.521918	.04721317	0
1374.15	0	.4279059	.5243156	.04777846	0
1373.15	0	.4249518	.5267065	.04834174	0
1372.15	0	.4220065	.5290905	.048903	0
1371.15	0	.41907	.5314678	.04946226	0
1370.15	0	.4161423	.5338382	.05001952	0
1369.15	0	.4132233	.5362018	.05057481	0
1368.15	0	.4103132	.5385587	.05112811	0
1367.15	0	.4074119	.5409087	.05167944	0
1366.15	0	.4045192	.5432519	.05222882	0
1365.15	0	.4016354	.5455884	.05277624	0
1364.15	0	.3987603	.547918	.05332172	0
1363.15	0	.3958938	.5502409	.05386526	0
1362.15	0	.3930362	.552557	.05440687	0
1361.15	0	.3901872	.5548662	.05494656	0
1360.15	0	.3873469	.5571687	.05548433	0
1359.15	0	.3845154	.5594644	.05602021	0
1358.15	0	.3816925	.5617534	.05655418	0
1357.15	0	.3788782	.5640355	.05708626	0
1356.15	0	.3760727	.5663109	.05761646	0
1355.15	0	.3732758	.5685794	.05814478	0
1354.15	0	.3704876	.5708412	.05867124	0
1353.15	0	.367708	.5730962	.05919583	0
1352.15	0	.364937	.5753444	.05971858	0
1351.15	0	.3621747	.5775858	.06023947	0
1350.15	0	.3594211	.5798204	.06075853	0
1349.15	0	.356676	.5820482	.06127576	0
1348.15	0	.3539396	.5842693	.06179116	0
1347.15	0	.3512118	.5864835	.06230475	0
1346.15	0	.3484925	.5886909	.06281653	0
1345.15	0	.3457819	.5908916	.0633265	0
1344.15	0	.3430799	.5930854	.06383468	0
1343.15	0	.3403865	.5952724	.06434107	0
1342.15	0	.3377017	.5974526	.06484568	0
1341.15	0	.3350255	.599626	.06534851	0
1340.15	0	.3323578	.6017926	.06584958	0
1339.15	0	.3296987	.6039524	.06634888	0
1338.15	0	.3270483	.6061053	.06684643	0
1337.15	0	.3244064	.6082514	.06734224	0
1336.15	0	.321773	.6103907	.0678363	0
1335.15	0	.3191483	.6125231	.06832862	0
1334.15	0	.3165321	.6146487	.06881922	0
1333.15	0	.3139245	.6167674	.0693081	0
1332.15	0	.3113255	.6188792	.06979526	0
1331.15	0	.308735	.6209842	.07028071	0
1330.15	0	.3061532	.6230824	.07076446	0
1329.15	0	.3035799	.6251736	.07124652	0
1328.15	0	.3010151	.627258	.07172688	0
1327.15	0	.298459	.6293355	.07220556	0
1326.15	0	.2959114	.631406	.07268257	0
1325.15	0	.2933724	.6334697	.0731579	0
1324.15	0	.290842	.6355264	.07363157	0
1323.15	0	.2883202	.6375763	.07410358	0
1322.15	0	.2858069	.6396191	.07457394	0
1321.15	0	.2833023	.6416551	.07504265	0
1320.15	0	.2808062	.6436841	.07550972	0
1319.15	0	.2783187	.6457061	.07597515	0
1318.15	0	.2758399	.6477212	.07643896	0
1317.15	0	.2733696	.6497293	.07690114	0
1316.15	0	.270908	.6517303	.07736171	0
1315.15	0	.2684549	.6537244	.07782066	0
1314.15	0	.2660105	.6557115	.07827801	0
1313.15	0	.2635747	.6576915	.07873376	0
1312.15	0	.2611476	.6596645	.07918791	0
1311.15	0	.258729	.6616305	.07964048	0
1310.15	0	.2563192	.6635894	.08009146	0
1309.15	0	.2539179	.6655412	.08054086	0
1308.15	0	.2515254	.6674859	.08098869	0
1307.15	0	.2491415	.6694236	.08143496	0
1306.15	0	.2467663	.6713541	.08187966	0
1305.15	0	.2443997	.6732775	.08232281	0
1304.15	0	.2420419	.6751937	.0827644	0
1303.15	0	.2396928	.6771028	.08320446	0
1302.15	0	.2373524	.6790047	.08364297	0
1301.15	0	.2350207	.6808994	.08407994	0
1300.15	0	.2326977	.6827869	.08451539	0
1299.15	0	.2303835	.6846672	.08494931	0
1298.15	0	.2280781	.6865402	.08538172	0
1297.15	0	.2257814	.688406	.0858126	0
1296.15	0	.2234935	.6902645	.08624198	0
1295.15	0	.2212144	.6921158	.08666986	0
1294.15	0	.2189441	.6939597	.08709623	0
1293.15	0	.2166826	.6957963	.08752111	0
1292.15	0	.21443	.6976255	.08794451	0
1291.15	0	.2121862	.6994474	.08836641	0
1290.15	0	.2099512	.7012619	.08878684	0
1289.15	0	.2077252	.703069	.08920579	0
1288.15	0	.205508	.7048687	.08962328	0
1287.15	0	.2032998	.7066609	.09003929	0
1286.15	0	.2011005	.7084457	.09045385	0
1285.15	0	.1989101	.710223	.09086695	0
1284.15	0	.1967287	.7119927	.0912786	0
1283.15	0	.1945562	.713755	.0916888	0
1282.15	0	.1923928	.7155096	.09209756	0
1281.15	0	.1902384	.7172568	.09250488	0
1280.15	0	.188093	.7189963	.09291077	0
1279.15	0	.1859566	.7207281	.09331523	0
1278.15	0	.1838294	.7224524	.09371827	0
1277.15	0	.1817112	.7241689	.09411989	0
1276.15	0	.1796021	.7258778	.09452009	0
1275.15	0	.1775022	.7275789	.09491888	0
1274.15	0	.1754114	.7292723	.09531626	0
1273.15	0	.1733299	.7309579	.09571224	0
1272.15	0	.1712575	.7326357	.09610682	0
1271.15	0	.1691943	.7343057	.09650001	0
1270.15	0	.1671404	.7359678	.0968918	0
1269.15	0	.1650958	.737622	.09728221	0
1268.15	0	.1630604	.7392684	.09767124	0
1267.15	0	.1610344	.7409067	.0980589	0
1266.15	0	.1590177	.7425371	.09844517	0
1265.15	0	.1570104	.7441595	.09883008	0
1264.15	0	.1550125	.7457739	.09921363	0
1263.15	0	.1530241	.7473802	.09959581	0
1262.15	0	.151045	.7489783	.09997663	0
1261.15	0	.1490755	.7505684	.1003561	0
1260.15	0	.1471155	.7521503	.1007342	0
1259.15	0	.145165	.753724	.101111	0
1258.15	0	.1432241	.7552895	.1014864	0
1257.15	0	.1412928	.7568467	.1018605	0
1256.15	0	.1393711	.7583956	.1022333	0
1255.15	0	.1374591	.7599362	.1026047	0
1254.15	0	.1355568	.7614684	.1029748	0
1253.15	0	.1336642	.7629923	.1033436	0
1252.15	0	.1317813	.7645076	.103711	0
1251.15	0	.1299083	.7660145	.1040772	0
1250.15	0	.1280451	.7675129	.104442	0
1249.15	0	.1261917	.7690028	.1048055	0
1248.15	0	.1243483	.770484	.1051677	0
1247.15	0	.1225147	.7719566	.1055287	0
1246.15	0	.1206911	.7734206	.1058883	0
1245.15	0	.1188776	.7748758	.1062466	0
1244.15	0	.1170741	.7763223	.1066036	0
1243.15	0	.1152806	.77776	.1069593	0
1242.15	0	.1134973	.7791889	.1073138	0
1241.15	0	.1117241	.7806089	.107667	0
1240.15	0	.1099612	.78202	.1080188	0
1239.15	0	.1082084	.7834221	.1083695	0
1238.15	0	.106466	.7848152	.1087188	0
1237.15	0	.1047338	.7861993	.1090669	0
1236.15	0	.103012	.7875743	.1094137	0
1235.15	0	.1013006	.7889401	.1097592	0
1234.15	0	.09959972	.7902967	.1101035	0
1233.15	0	.09790927	.7916442	.1104466	0
1232.15	0	.09622935	.7929823	.1107883	0
1231.15	0	.09456001	.7943111	.1111289	0
1230.15	0	.09290129	.7956306	.1114682	0
1229.15	0	.09125325	.7969406	.1118062	0
1228.15	0	.08961591	.7982411	.112143	0
1227.15	0	.08798934	.7995321	.1124786	0
1226.15	0	.08637359	.8008135	.1128129	0
1225.15	0	.08476869	.8020853	.113146	0
1224.15	0	.0831747	.8033475	.1134778	0
1223.15	0	.08159167	.8045998	.1138085	0
1222.15	0	.08001964	.8058424	.1141379	0
1221.15	0	.07845868	.8070752	.1144661	0
1220.15	0	.07690883	.8082981	.1147931	0
1219.15	0	.07537014	.809511	.1151188	0
1218.15	0	.07384267	.8107139	.1154434	0
1217.15	0	.07232648	.8119068	.1157668	0
1216.15	0	.0708216	.8130895	.1160889	0
1215.15	0	.06932811	.8142621	.1164098	0
1214.15	0	.06784605	.8154244	.1167296	0
1213.15	0	.06637548	.8165764	.1170481	0
1212.15	0	.06491646	.8177181	.1173655	0
1211.15	0	.06346905	.8188494	.1176816	0
1210.15	0	.0620333	.8199701	.1179966	0
1209.15	0	.06060928	.8210804	.1183103	0
1208.15	0	.05919703	.82218	.1186229	0
1207.15	0	.05779663	.823269	.1189343	0
1206.15	0	.05640814	.8243473	.1192446	0
1205.15	0	.0550316	.8254148	.1195536	0
1204.15	0	.0536671	.8264714	.1198615	0
1203.15	0	.05231468	.8275171	.1201682	0
1202.15	0	.05097442	.8285519	.1204737	0
1201.15	0	.04964638	.8295755	.1207781	0
1200.15	0	.04833062	.8305881	.1210813	0
1199.15	0	.0470272	.8315895	.1213833	0
1198.15	0	.0457362	.8325796	.1216842	0
1197.15	0	.04445768	.8335584	.1219839	0
1196.15	0	.04319171	.8345258	.1222825	0
1195.15	0	.04193835	.8354817	.1225799	0
1194.15	0	.04069767	.8364261	.1228762	0
1193.15	0	.03946975	.8373589	.1231713	0
1192.15	0	.03825466	.8382801	.1234653	0
1191.15	0	.03705246	.8391894	.1237581	0
1190.15	0	.03586322	.840087	.1240498	0
1189.15	0	.03468702	.8409726	.1243403	0
1188.15	0	.03352393	.8418463	.1246298	0
1187.15	0	.03237403	.8427079	.1249181	0
1186.15	0	.03123738	.8435574	.1252052	0
1185.15	0	.03011406	.8443947	.1254912	0
1184.15	0	.02900415	.8452198	.1257761	0
1183.15	0	.02790772	.8460324	.1260599	0
1182.15	0	.02682485	.8468326	.1263425	0
1181.15	0	.02575561	.8476203	.126624	0
1180.15	0	.02470009	.8483955	.1269045	0
1179.15	0	.02365836	.8491579	.1271837	0
1178.15	0	.0226305	.8499076	.1274619	0
1177.15	0	.02161659	.8506444	.127739	0
1176.15	0	.0206167	.8513684	.1280149	0
1175.15	0	.01963093	.8520793	.1282898	0
1174.15	0	.01865935	.8527771	.1285635	0
1173.15	0	.01770204	.8534618	.1288362	0
1172.15	0	.01675908	.8541332	.1291077	0
1171.15	0	.01583056	.8547913	.1293781	0
1170.15	0	.01491656	.8554359	.1296475	0
1169.15	0	.01401716	.8560671	.1299157	0
1168.15	0	.01313246	.8566846	.1301829	0
1167.15	0	.01226252	.8572885	.130449	0
1166.15	0	.01140745	.8578786	.1307139	0
1165.15	0	.01056732	.8584548	.1309779	0
1164.15	0	.009742215	.8590171	.1312407	0
1163.15	0	.008932231	.8595654	.1315024	0
1162.15	0	.008137452	.8600995	.131763	0
1161.15	0	.007357964	.8606194	.1320226	0
1160.15	0	.006593857	.861125	.1322811	0
1159.15	0	.005845218	.8616162	.1325385	0
1158.15	0	.005112136	.862093	.1327949	0
1157.15	0	.004394701	.8625551	.1330502	0
1156.15	0	.003693002	.8630026	.1333044	0
1155.15	0	.003007129	.8634353	.1335575	0
1154.15	0	.002337078	.8638533	.1338096	0
1153.15	0	.001683128	.8642562	.1340607	0
1152.15	0	.001045277	.8646441	.1343106	0
1151.15	0	4.236138E-04	.8650168	.1345595	0
1150.453	0	0	.8652676	.1347324	0
1150.453	0	0	.8652676	.1347324	0
1150.15	0	0	.8651978	.1348022	0
1149.15	0	0	.864968	.135032	0
1148.15	0	0	.8647386	.1352614	0
1147.15	0	0	.8645098	.1354903	0
1146.15	0	0	.8642813	.1357187	0
1145.15	0	0	.8640534	.1359466	0
1144.15	0	0	.863826	.136174	0
1143.15	0	0	.863599	.136401	0
1142.15	0	0	.8633725	.1366275	0
1141.15	0	0	.8631465	.1368535	0
1140.15	0	0	.8629209	.1370791	0
1139.15	0	0	.8626959	.1373042	0
1138.15	0	0	.8624713	.1375288	0
1137.15	0	0	.8622471	.1377529	0
1136.15	0	0	.8620235	.1379765	0
1135.15	0	0	.8618003	.1381997	0
1134.15	0	0	.8615776	.1384224	0
1133.15	0	0	.8613554	.1386446	0
1132.15	0	0	.8611336	.1388664	0
1131.15	0	0	.8609123	.1390877	0
1130.15	0	0	.8606915	.1393085	0
1129.15	0	0	.8604711	.1395289	0
1128.15	0	0	.8602513	.1397488	0
1127.15	0	0	.8600318	.1399682	0
1126.15	0	0	.8598129	.1401871	0
1125.15	0	0	.8595944	.1404056	0
1124.15	0	0	.8593764	.1406236	0
1123.15	0	0	.8591589	.1408411	0
1122.15	0	0	.8589418	.1410582	0
1121.15	0	0	.8587252	.1412748	0
1120.15	0	0	.858509	.141491	0
1119.15	0	0	.8582933	.1417067	0
1118.15	0	0	.8580781	.1419219	0
1117.15	0	0	.8578634	.1421366	0
1116.15	0	0	.8576491	.1423509	0
1115.15	0	0	.8574353	.1425647	0
1114.15	0	0	.8572219	.1427781	0
1113.15	0	0	.857009	.142991	0
1112.15	0	0	.8567966	.1432034	0
1111.15	0	0	.8565846	.1434154	0
1110.15	0	0	.8563731	.1436269	0
1109.15	0	0	.856162	.143838	0
1108.15	0	0	.8559514	.1440486	0
1107.15	0	0	.8557413	.1442587	0
1106.15	0	0	.8555316	.1444684	0
1105.15	0	0	.8553224	.1446776	0
1104.15	0	0	.8551137	.1448864	0
1103.15	0	0	.8549054	.1450946	0
1102.15	0	0	.8546975	.1453025	0
1101.15	0	0	.8544901	.1455099	0
1100.15	0	0	.8542832	.1457168	0
1099.15	0	0	.8540767	.1459233	0
1098.15	0	0	.8538707	.1461293	0
1097.15	0	0	.8536651	.1463349	0
1096.15	0	0	.85346	.14654	0
1095.15	0	0	.8532554	.1467446	0
1094.15	0	0	.8530512	.1469488	0
1093.15	0	0	.8528474	.1471526	0
1092.15	0	0	.8526441	.1473559	0
1091.15	0	0	.8524413	.1475587	0
1090.15	0	0	.8522389	.1477611	0
1089.15	0	0	.852037	.147963	0
1088.15	0	0	.8518355	.1481645	0
1087.15	0	0	.8516344	.1483656	0
1086.15	0	0	.8514339	.1485661	0
1085.15	0	0	.8512337	.1487663	0
1084.71	0	0	.8511457	.1488543	0
1084.71	0	0	.8511457	.1488543	0
1084.71	0	0	.8511457	.1488543	0
1084.15	0	3.732377E-04	.8506697	.1489571	0
1083.15	0	.001057001	.8498029	.1491401	0
1082.15	0	.00176235	.8489154	.1493222	0
1081.15	0	.002489321	.8480071	.1495036	0
1080.15	0	.003237945	.8470781	.149684	0
1079.15	0	.004008253	.8461282	.1498636	0
1078.15	0	.004800272	.8451574	.1500423	0
1077.15	0	.005614027	.8441658	.1502202	0
1076.15	0	.006449542	.8431532	.1503973	0
1075.15	0	.007306837	.8421197	.1505735	0
1074.15	0	.00818593	.8410652	.1507489	0
1073.15	0	.009086836	.8399897	.1509235	0
1072.15	0	.01000957	.8388932	.1510972	0
1071.15	0	.01095414	.8377757	.1512701	0
1070.15	0	.01192055	.8366372	.1514422	0
1069.15	0	.01290881	.8354777	.1516135	0
1068.15	0	.01391892	.8342971	.151784	0
1067.15	0	.01495087	.8330955	.1519537	0
1066.15	0	.01600468	.8318728	.1521226	0
1065.15	0	.01708033	.830629	.1522906	0
1064.15	0	.0181778	.8293643	.1524579	0
1063.15	0	.01929709	.8280785	.1526244	0
1062.15	0	.02043819	.8267717	.1527902	0
1061.15	0	.02160107	.8254438	.1529551	0
1060.15	0	.02278572	.824095	.1531193	0
1059.15	0	.0239921	.8227252	.1532827	0
1058.15	0	.0252202	.8213345	.1534453	0
1057.15	0	.02646998	.8199229	.1536072	0
1056.15	0	.02774141	.8184903	.1537682	0
1055.15	0	.02903445	.8170369	.1539286	0
1054.15	0	.03034906	.8155627	.1540882	0
1053.15	0	.03168521	.8140677	.1542471	0
1052.15	0	.03304284	.812552	.1544052	0
1051.15	0	.03442191	.8110155	.1545626	0
1050.15	0	.03582236	.8094584	.1547192	0
1049.15	0	.03724413	.8078807	.1548751	0
1048.15	0	.03868718	.8062825	.1550303	0
1047.15	0	.04015143	.8046638	.1551848	0
1046.15	0	.04163683	.8030246	.1553386	0
1045.15	0	.0431433	.8013651	.1554916	0
1044.15	0	.04467077	.7996853	.1556439	0
1043.15	0	.04621917	.7979853	.1557956	0
1042.15	0	.04778842	.7962651	.1559465	0
1041.15	0	.04937844	.7945248	.1560967	0
1040.15	0	.05098914	.7927646	.1562463	0
1039.15	0	.05262043	.7909844	.1563951	0
1038.15	0	.05427223	.7891845	.1565433	0
1037.15	0	.05594443	.7873648	.1566908	0
1036.15	0	.05763695	.7855254	.1568376	0
1035.15	0	.05934968	.7836666	.1569838	0
1034.15	0	.06108252	.7817882	.1571292	0
1033.15	0	.06283535	.7798906	.157274	0
1032.15	0	.06460807	.7779737	.1574182	0
1031.15	0	.06640057	.7760377	.1575617	0
1030.15	0	.06821273	.7740827	.1577045	0
1029.15	0	.07004442	.7721089	.1578467	0
1028.15	0	.07189552	.7701162	.1579883	0
1027.15	0	.07376592	.7681049	.1581292	0
1026.15	0	.07565547	.7660751	.1582694	0
1025.15	0	.07756405	.7640269	.1584091	0
1024.15	0	.07949152	.7619604	.1585481	0
1023.15	0	.08143774	.7598758	.1586864	0
1022.15	0	.08340257	.7577733	.1588242	0
1021.15	0	.08538586	.7556529	.1589613	0
1020.15	0	.08738748	.7535148	.1590978	0
1019.15	0	.08940726	.7513591	.1592336	0
1018.15	0	.09144506	.749186	.1593689	0
1017.15	0	.09350071	.7469957	.1595036	0
1016.15	0	.09557407	.7447883	.1596376	0
1015.15	0	.09766496	.742564	.159771	0
1014.15	0	.09977323	.7403229	.1599039	0
1013.15	0	.1018987	.7380652	.1600361	0
1012.15	0	.1040412	.7357911	.1601677	0
1011.15	0	.1062006	.7335007	.1602988	0
1010.15	0	.1083767	.7311941	.1604292	0
1009.15	0	.1105693	.7288717	.160559	0
1008.15	0	.1127782	.7265336	.1606883	0
1007.15	0	.1150032	.7241798	.1608169	0
1006.15	0	.1172443	.7218107	.160945	0
1005.15	0	.1195011	.7194264	.1610725	0
1004.15	0	.1217735	.7170271	.1611994	0
1003.15	0	.1240613	.714613	.1613257	0
1002.15	0	.1263644	.7121842	.1614514	0
1001.15	0	.1286824	.709741	.1615766	0
1000.15	0	.1310152	.7072836	.1617011	0
999.15	0	.1333627	.7048122	.1618251	0
998.15	0	.1357246	.7023269	.1619485	0
997.15	0	.1381007	.699828	.1620713	0
996.15	0	.1404908	.6973157	.1621936	0
995.15	0	.1428947	.6947901	.1623152	0
994.15	0	.1453122	.6922516	.1624363	0
993.15	0	.1477431	.6897002	.1625568	0
992.15	0	.1501871	.6871363	.1626767	0
991.15	0	.1526441	.6845599	.162796	0
990.15	0	.1551138	.6819715	.1629147	0
989.15	0	.1575961	.6793711	.1630329	0
988.15	0	.1600906	.6767589	.1631504	0
987.15	0	.1625973	.6741353	.1632674	0
986.15	0	.1651158	.6715005	.1633838	0
985.15	0	.1676459	.6688545	.1634995	0
984.15	0	.1701875	.6661978	.1636147	0
983.15	0	.1727403	.6635304	.1637293	0
982.15	0	.175304	.6608527	.1638433	0
981.15	0	.1778785	.6581649	.1639567	0
980.15	0	.1804635	.6554671	.1640694	0
979.15	0	.1830588	.6527597	.1641816	0
978.15	0	.1856641	.6500428	.1642931	0
977.15	0	.1882793	.6473167	.164404	0
976.15	0	.1909041	.6445817	.1645143	0
975.15	0	.1935382	.6418379	.164624	0
974.15	0	.1961814	.6390856	.164733	0
973.15	0	.1988336	.6363251	.1648414	0
972.15	0	.2014944	.6335565	.1649491	0
971.15	0	.2041637	.6307802	.1650562	0
970.15	0	.2068411	.6279963	.1651626	0
969.15	0	.2095265	.6252052	.1652683	0
968.15	0	.2122196	.622407	.1653734	0
967.15	0	.2148669	.619651	.1654821	0
966.15	0	.2175087	.6168995	.1655918	0
965.15	0	.2201772	.6141227	.1657001	0
964.15	0	.2228707	.6113225	.1658069	0
963.15	0	.2255876	.6085002	.1659123	0
962.15	0	.2283263	.6056575	.1660162	0
961.15	0	.2310855	.6027958	.1661188	0
960.15	0	.2338636	.5999164	.1662199	0
959.15	0	.2366594	.5970209	.1663197	0
958.15	0	.2394714	.5941104	.1664182	0
957.15	0	.2422984	.5911863	.1665153	0
956.15	0	.2451391	.5882498	.1666111	0
955.15	0	.2479924	.5853021	.1667055	0
954.15	0	.2508571	.5823443	.1667987	0
953.15	0	.253732	.5793775	.1668905	0
952.15	0	.2566162	.5764028	.166981	0
951.15	0	.2595086	.5734212	.1670702	0
950.15	0	.2624081	.5704337	.1671582	0
949.15	0	.2653138	.5674414	.1672449	0
948.15	0	.2682248	.564445	.1673303	0
947.15	0	.2711402	.5614455	.1674144	0
946.15	0	.274059	.5584438	.1674972	0
945.15	0	.2769806	.5554406	.1675788	0
944.15	0	.279904	.5524369	.1676591	0
943.15	0	.2828285	.5494334	.1677381	0
942.15	0	.2857534	.5464307	.1678159	0
941.15	0	.2886778	.5434297	.1678924	0
940.15	0	.2916012	.5404311	.1679677	0
939.15	0	.2945229	.5374355	.1680417	0
938.15	0	.2974421	.5344435	.1681144	0
937.15	0	.3003584	.5314558	.1681859	0
936.15	0	.303271	.5284729	.1682561	0
935.15	0	.3061794	.5254956	.168325	0
934.15	0	.3090831	.5225242	.1683927	0
933.15	0	.3119815	.5195595	.1684591	0
932.15	0	.3148741	.5166017	.1685242	0
931.15	0	.3177603	.5136516	.1685881	0
930.15	0	.3206398	.5107096	.1686507	0
929.15	0	.323512	.507776	.168712	0
928.15	0	.3263765	.5048514	.168772	0
927.15	0	.329233	.5019363	.1688308	0
926.15	0	.3320808	.4990309	.1688882	0
925.15	0	.3349198	.4961358	.1689444	0
924.15	0	.3377494	.4932513	.1689994	0
923.15	0	.3405693	.4903777	.169053	0
922.15	0	.3433792	.4875155	.1691053	0
921.15	0	.3461787	.484665	.1691564	0
920.15	0	.3489675	.4818264	.1692061	0
919.15	0	.3517452	.4790002	.1692546	0
918.15	0	.3545116	.4761867	.1693017	0
917.15	0	.3572664	.473386	.1693476	0
916.15	0	.3600093	.4705986	.1693921	0
915.15	0	.36274	.4678246	.1694354	0
914.15	0	.3654582	.4650645	.1694773	0
913.15	0	.3681638	.4623183	.169518	0
912.15	0	.3708564	.4595864	.1695573	0
911.15	0	.3735358	.4568689	.1695953	0
910.15	0	.3762018	.4541662	.169632	0
909.15	0	.3788542	.4514784	.1696674	0
908.15	0	.3814928	.4488058	.1697015	0
907.15	0	.3841173	.4461485	.1697342	0
906.15	0	.3867276	.4435068	.1697656	0
905.15	0	.3893235	.4408808	.1697958	0
904.15	0	.3919047	.4382707	.1698246	0
903.15	0	.3944712	.4356767	.1698521	0
902.15	0	.3970228	.4330989	.1698783	0
901.15	0	.3995593	.4305376	.1699031	0
900.15	0	.4020804	.4279929	.1699267	0
899.15	0	.4045862	.4254649	.1699489	0
898.15	0	.4070765	.4229537	.1699699	0
897.15	0	.409551	.4204596	.1699895	0
896.15	0	.4120097	.4179826	.1700078	0
895.15	0	.4144524	.4155228	.1700248	0
894.15	0	.416879	.4130805	.1700405	0
893.15	0	.4192894	.4106557	.1700549	0
892.15	0	.4216835	.4082485	.170068	0
891.15	0	.4240611	.4058591	.1700798	0
890.15	0	.4264222	.4034875	.1700903	0
889.15	0	.4287666	.4011338	.1700996	0
888.15	0	.4310943	.3987982	.1701075	0
887.15	0	.4334051	.3964807	.1701142	0
886.15	0	.4356989	.3941814	.1701197	0
885.15	0	.4379757	.3919005	.1701238	0
884.15	0	.4402354	.3896379	.1701267	0
883.15	0	.4424779	.3873937	.1701284	0
882.15	0	.4447031	.3851681	.1701288	0
881.15	0	.4469109	.3829611	.170128	0
880.15	0	.4491013	.3807727	.170126	0
879.15	0	.4512742	.3786031	.1701227	0
878.15	0	.4534295	.3764522	.1701182	0
877.15	0	.4555673	.3743202	.1701126	0
876.15	0	.4576873	.372207	.1701057	0
875.15	0	.4597896	.3701127	.1700977	0
874.15	0	.4618742	.3680374	.1700885	0
873.15	0	.4639409	.365981	.1700781	0
872.15	0	.4659897	.3639437	.1700666	0
871.15	0	.4680207	.3619253	.170054	0
870.15	0	.4700337	.3599261	.1700402	0
869.15	0	.4720288	.3579459	.1700253	0
868.15	0	.4740059	.3559847	.1700094	0
867.15	0	.475965	.3540427	.1699923	0
866.15	0	.4779061	.3521198	.1699741	0
865.15	0	.4798292	.3502159	.1699549	0
864.15	0	.4817342	.3483311	.1699347	0
863.15	0	.4836212	.3464654	.1699134	0
862.15	0	.4854902	.3446187	.1698911	0
861.15	0	.4873411	.3427911	.1698678	0
860.15	0	.4891741	.3409824	.1698435	0
859.15	0	.490989	.3391928	.1698182	0
858.15	0	.492786	.337422	.169792	0
857.15	0	.494565	.3356702	.1697648	0
856.15	0	.4963261	.3339372	.1697367	0
855.15	0	.4980694	.332223	.1697077	0
854.15	0	.4997947	.3305275	.1696778	0
853.15	0	.5015023	.3288507	.169647	0
852.15	0	.5031922	.3271925	.1696153	0
851.15	0	.5048644	.3255529	.1695828	0
850.15	0	.5065189	.3239317	.1695494	0
849.15	0	.5081559	.3223289	.1695152	0
848.15	0	.5097754	.3207444	.1694802	0
847.15	0	.5113774	.3191782	.1694444	0
846.15	0	.5129622	.31763	.1694078	0
845.15	0	.5145296	.3160999	.1693705	0
844.15	0	.5160799	.3145876	.1693324	0
843.15	0	.5176132	.3130932	.1692936	0
842.15	0	.5191294	.3116165	.1692541	0
841.15	0	.5206288	.3101574	.1692138	0
840.15	0	.5221114	.3087157	.1691729	0
839.15	0	.5235773	.3072913	.1691313	0
838.15	0	.5250267	.3058842	.1690891	0
837.15	0	.5264596	.3044942	.1690462	0
836.15	0	.5278763	.3031211	.1690027	0
835.15	0	.5292767	.3017648	.1689585	0
834.15	0	.5306611	.3004252	.1689138	0
833.15	0	.5320295	.2991021	.1688684	0
832.15	0	.5333822	.2977954	.1688225	0
831.15	0	.5347191	.2965049	.168776	0
830.15	0	.5360406	.2952305	.1687289	0
829.15	0	.5373467	.293972	.1686814	0
828.15	0	.5386375	.2927293	.1686332	0
827.15	0	.5399132	.2915022	.1685846	0
826.15	0	.541174	.2902906	.1685354	0
825.2681	0	.5422736	.2892348	.1684917	0
825.2681	0	.5422736	.2892348	.1684917	0
825.2681	0	.5422736	.2892348	.1684917	0
825.15	0	.5432229	.2880761	.1682157	4.853449E-04
824.15	0	.5511167	.2784256	.1659073	.004550356
823.15	0	.5587614	.2690513	.1636488	.008538591
822.15	0	.5661665	.2599426	.1614384	.01245249
821.15	0	.5733411	.2510898	.1592747	.01629435
820.15	0	.5802939	.2424836	.1571561	.0200664
819.15	0	.587033	.2341149	.1550814	.02377073
818.15	0	.5935662	.2259754	.1530491	.02740934
817.15	0	.5999009	.2180569	.151058	.03098413
816.15	0	.6060443	.2103519	.1491069	.03449694
815.15	0	.612003	.2028529	.1471947	.0379495
814.15	0	.6177834	.1955529	.1453202	.04134349
813.15	0	.6233918	.1884454	.1434824	.04468048
812.15	0	.6288339	.1815239	.1416802	.04796202
811.15	0	.6341155	.1747823	.1399127	.05118956
810.15	0	.6392418	.1682148	.1381789	.0543645
809.15	0	.644218	.1618158	.136478	.05748818
808.15	0	.649049	.1555799	.1348091	.0605619
807.15	0	.6537396	.1495022	.1331714	.0635869
806.15	0	.6582941	.1435775	.131564	.06656436
805.15	0	.6627171	.1378013	.1299862	.06949544
804.15	0	.6670125	.132169	.1284372	.07238123
803.15	0	.6711845	.1266763	.1269164	.07522279
802.15	0	.6752368	.1213191	.125423	.07802116
801.15	0	.6791731	.1160932	.1239564	.08077731
800.15	0	.682997	.1109949	.122516	.08349219
799.15	0	.6867118	.1060204	.1211011	.08616673
798.15	0	.690321	.1011662	.1197111	.0888018
797.15	0	.6938275	.09642886	.1183454	.09139827
796.15	0	.6972345	.09180507	.1170035	.09395696
795.15	0	.7005448	.08729162	.1156849	.09647868
794.15	0	.7037614	.08288545	.114389	.0989642
793.15	0	.7068869	.07858358	.1131152	.1014143
792.15	0	.709924	.07438315	.1118632	.1038296
791.15	0	.7128753	.07028138	.1106324	.1062109
790.15	0	.7157431	.06627561	.1094224	.1085589
789.15	0	.7185298	.06236325	.1082327	.1108743
788.15	0	.7212379	.05854179	.1070628	.1131576
787.15	0	.7238693	.05480882	.1059124	.1154095
786.15	0	.7264264	.05116201	.104781	.1176306
785.15	0	.7289113	.04759907	.1036682	.1198215
784.15	0	.7313258	.04411783	.1025737	.1219827
783.15	0	.733672	.04071614	.1014969	.124115
782.15	0	.7359517	.03739196	.1004377	.1262187
781.15	0	.7381668	.03414327	.0993955	.1282944
780.15	0	.7403191	.03096815	.09837007	.1303426
779.15	0	.7424103	.0278647	.09736103	.1323639
778.15	0	.7444421	.02483111	.09636804	.1343587
777.15	0	.7464161	.0218656	.09539077	.1363276
776.15	0	.7483338	.01896644	.0944289	.1382709
775.15	0	.7501968	.01613196	.0934821	.1401892
774.15	0	.7520066	.01336054	.09255007	.1420828
773.15	0	.7537646	.01065059	.09163251	.1439523
772.15	0	.7554723	.00800058	.09072911	.145798
771.15	0	.757131	.005409004	.08983959	.1476204
770.15	0	.758742	.002874409	.08896366	.14942
769.15	0	.7603066	3.95379E-04	.08810105	.151197
768.9884	0	.7605551	0	.08796292	.151482
768.9884	0	.7605551	0	.08796292	.151482
768.15	0	.7604408	0	.08778597	.1517733
767.15	0	.760305	0	.08757552	.1521195
766.15	0	.76017	0	.08736572	.1524643
765.15	0	.7600356	0	.08715658	.1528078
764.15	0	.759902	0	.08694809	.1531499
763.15	0	.759769	0	.08674026	.1534907
762.15	0	.7596367	0	.08653307	.1538302
761.15	0	.7595051	0	.08632654	.1541684
760.15	0	.7593742	0	.08612066	.1545052
759.15	0	.7592439	0	.08591544	.1548407
758.15	0	.7591143	0	.08571086	.1551749
757.15	0	.7589853	0	.08550694	.1555077
756.15	0	.758857	0	.08530367	.1558393
755.15	0	.7587294	0	.08510104	.1561696
754.15	0	.7586024	0	.08489907	.1564986
753.15	0	.758476	0	.08469775	.1568262
752.15	0	.7583503	0	.08449708	.1571526
751.15	0	.7582252	0	.08429706	.1574777
750.15	0	.7581008	0	.08409769	.1578015
749.15	0	.757977	0	.08389896	.1581241
748.15	0	.7578538	0	.08370089	.1584454
747.15	0	.7577312	0	.08350346	.1587654
746.15	0	.7576092	0	.08330668	.1590841
745.15	0	.7574879	0	.08311055	.1594016
744.15	0	.7573671	0	.08291507	.1597178
743.15	0	.757247	0	.08272024	.1600327
742.15	0	.7571275	0	.08252605	.1603464
741.15	0	.7570086	0	.08233251	.1606589
740.15	0	.7568903	0	.08213961	.1609701
739.15	0	.7567725	0	.08194737	.1612801
738.15	0	.7566554	0	.08175577	.1615888
737.15	0	.7565388	0	.08156481	.1618964
736.15	0	.7564229	0	.08137451	.1622026
735.15	0	.7563075	0	.08118484	.1625077
734.15	0	.7561927	0	.08099583	.1628115
733.15	0	.7560784	0	.08080746	.1631141
732.15	0	.7559648	0	.08061973	.1634155
731.15	0	.7558517	0	.08043265	.1637157
730.15	0	.7557392	0	.08024621	.1640146
729.15	0	.7556272	0	.08006042	.1643124
728.15	0	.7555158	0	.07987527	.1646089
727.15	0	.7554049	0	.07969077	.1649043
726.15	0	.7552947	0	.07950691	.1651984
725.15	0	.7551849	0	.07932369	.1654914
724.15	0	.7550757	0	.07914112	.1657831
723.15	0	.7549671	0	.07895919	.1660737
722.15	0	.754859	0	.0787779	.1663631
721.15	0	.7547514	0	.07859726	.1666513
720.15	0	.7546444	0	.07841726	.1669383
719.15	0	.7545379	0	.0782379	.1672242
718.15	0	.754432	0	.07805918	.1675088
717.15	0	.7543266	0	.07788111	.1677923
716.15	0	.7542217	0	.07770368	.1680746
715.15	0	.7541173	0	.07752689	.1683558
714.15	0	.7540135	0	.07735074	.1686358
713.15	0	.7539102	0	.07717524	.1689146
712.15	0	.7538074	0	.07700037	.1691923
711.15	0	.7537051	0	.07682615	.1694688
710.15	0	.7536033	0	.07665257	.1697441
709.15	0	.7535021	0	.07647963	.1700183
708.15	0	.7534013	0	.07630732	.1702913
707.15	0	.7533011	0	.07613566	.1705632
706.15	0	.7532014	0	.07596464	.170834
705.15	0	.7531022	0	.07579426	.1711036
704.15	0	.7530034	0	.07562452	.171372
703.15	0	.7529052	0	.07545542	.1716394
702.15	0	.7528075	0	.07528696	.1719056
701.15	0	.7527102	0	.07511914	.1721706
700.15	0	.7526135	0	.07495196	.1724346
699.15	0	.7525173	0	.07478541	.1726973
698.15	0	.7524215	0	.07461951	.172959
697.15	0	.7523262	0	.07445424	.1732195
696.15	0	.7522314	0	.07428961	.173479
695.15	0	.7521371	0	.07412563	.1737373
694.15	0	.7520433	0	.07396227	.1739944
693.15	0	.7519499	0	.07379956	.1742505
692.15	0	.7518571	0	.07363748	.1745055
691.15	0	.7517647	0	.07347605	.1747593
690.15	0	.7516728	0	.07331525	.175012
689.15	0	.7515813	0	.07315508	.1752636
688.15	0	.7514903	0	.07299555	.1755141
687.15	0	.7513998	0	.07283666	.1757635
686.15	0	.7513098	0	.07267841	.1760118
685.15	0	.7512202	0	.07252079	.176259
684.15	0	.7511311	0	.07236381	.1765051
683.15	0	.7510424	0	.07220747	.1767501
682.15	0	.7509542	0	.07205176	.1769941
681.15	0	.7508665	0	.07189668	.1772369
680.15	0	.7507792	0	.07174224	.1774786
679.15	0	.7506923	0	.07158844	.1777192
678.15	0	.7506059	0	.07143527	.1779588
677.15	0	.75052	0	.07128273	.1781973
676.15	0	.7504345	0	.07113083	.1784347
675.15	0	.7503495	0	.07097957	.178671
674.15	0	.7502649	0	.07082893	.1789062
673.15	0	.7501807	0	.07067893	.1791403
672.15	0	.750097	0	.07052957	.1793734
671.15	0	.7500138	0	.07038083	.1796054
670.15	0	.7499309	0	.07023273	.1798363
669.15	0	.7498485	0	.07008527	.1800662
668.15	0	.7497666	0	.06993843	.180295
667.15	0	.7496851	0	.06979223	.1805227
666.15	0	.749604	0	.06964665	.1807494
665.15	0	.7495233	0	.06950171	.180975
664.15	0	.7494431	0	.0693574	.1811995
663.15	0	.7493633	0	.06921372	.181423
662.15	0	.7492839	0	.06907068	.1816454
661.15	0	.749205	0	.06892826	.1818668
660.15	0	.7491265	0	.06878647	.1820871
659.15	0	.7490484	0	.06864531	.1823063
658.15	0	.7489707	0	.06850478	.1825245
657.15	0	.7488934	0	.06836488	.1827417
656.15	0	.7488166	0	.06822561	.1829578
655.15	0	.7487402	0	.06808696	.1831729
654.15	0	.7486642	0	.06794895	.1833869
653.15	0	.7485886	0	.06781156	.1835999
652.15	0	.7485134	0	.0676748	.1838118
651.15	0	.7484386	0	.06753866	.1840227
650.15	0	.7483643	0	.06740316	.1842326
649.15	0	.7482903	0	.06726828	.1844414
648.15	0	.7482168	0	.06713402	.1846492
647.15	0	.7481436	0	.06700039	.184856
646.15	0	.7480709	0	.06686738	.1850617
645.15	0	.7479986	0	.066735	.1852664
644.15	0	.7479266	0	.06660324	.1854701
643.15	0	.7478551	0	.06647211	.1856728
642.15	0	.747784	0	.0663416	.1858744
641.15	0	.7477133	0	.06621171	.186075
640.15	0	.7476429	0	.06608245	.1862746
639.15	0	.747573	0	.0659538	.1864732
638.15	0	.7475034	0	.06582578	.1866708
637.15	0	.7474343	0	.06569838	.1868673
636.15	0	.7473655	0	.0655716	.1870629
635.15	0	.7472972	0	.06544544	.1872574
634.15	0	.7472292	0	.0653199	.1874509
633.15	0	.7471616	0	.06519498	.1876434
632.15	0	.7470944	0	.06507067	.1878349
631.15	0	.7470276	0	.06494699	.1880254
630.15	0	.7469611	0	.06482392	.1882149
629.15	0	.7468951	0	.06470147	.1884034
628.15	0	.7468294	0	.06457963	.1885909
627.15	0	.7467641	0	.06445841	.1887775
626.15	0	.7466992	0	.06433781	.188963
625.15	0	.7466347	0	.06421782	.1891475
624.15	0	.7465705	0	.06409845	.189331
623.15	0	.7465068	0	.06397969	.1895136
622.15	0	.7464434	0	.06386154	.1896951
621.15	0	.7463803	0	.063744	.1898757
620.15	0	.7463177	0	.06362708	.1900552
619.15	0	.7462554	0	.06351076	.1902338
618.15	0	.7461935	0	.06339506	.1904115
617.15	0	.7461319	0	.06327997	.1905881
616.15	0	.7460708	0	.06316548	.1907638
615.15	0	.7460099	0	.06305161	.1909385
614.15	0	.7459495	0	.06293834	.1911122
613.15	0	.7458894	0	.06282568	.1912849
612.15	0	.7458297	0	.06271363	.1914567
611.15	0	.7457703	0	.06260218	.1916275
610.15	0	.7457113	0	.06249133	.1917973
609.15	0	.7456527	0	.06238109	.1919662
608.15	0	.7455944	0	.06227146	.1921341
607.15	0	.7455365	0	.06216243	.1923011
606.15	0	.7454789	0	.06205399	.1924671
605.15	0	.7454217	0	.06194617	.1926321
604.15	0	.7453649	0	.06183893	.1927962
603.15	0	.7453084	0	.06173231	.1929593
602.15	0	.7452522	0	.06162628	.1931215
601.15	0	.7451964	0	.06152084	.1932827
600.15	0	.745141	0	.06141601	.193443
599.15	0	.7450859	0	.06131177	.1936024
598.15	0	.7450311	0	.06120812	.1937608
597.15	0	.7449767	0	.06110507	.1939182
596.15	0	.7449226	0	.06100262	.1940747
595.15	0	.7448689	0	.06090076	.1942303
594.15	0	.7448156	0	.06079948	.194385
593.15	0	.7447625	0	.0606988	.1945387
592.15	0	.7447098	0	.06059871	.1946915
591.15	0	.7446575	0	.06049921	.1948433
590.15	0	.7446055	0	.0604003	.1949943
589.15	0	.7445538	0	.06030198	.1951443
588.15	0	.7445024	0	.06020424	.1952933
587.15	0	.7444514	0	.06010708	.1954415
586.15	0	.7444008	0	.06001051	.1955887
585.15	0	.7443504	0	.05991453	.1957351
584.15	0	.7443004	0	.05981913	.1958805
583.15	0	.7442507	0	.0597243	.196025
582.15	0	.7442014	0	.05963006	.1961686
581.15	0	.7441524	0	.0595364	.1963112
580.15	0	.7441037	0	.05944331	.196453
579.15	0	.7440553	0	.0593508	.1965939
578.15	0	.7440073	0	.05925887	.1967339
577.15	0	.7439596	0	.05916751	.1968729
576.15	0	.7439122	0	.05907673	.1970111
575.15	0	.7438651	0	.05898652	.1971484
574.15	0	.7438183	0	.05889688	.1972848
573.15	0	.7437719	0	.05880781	.1974203
572.15	0	.7437258	0	.05871931	.1975549
571.15	0	.74368	0	.05863137	.1976886
570.15	0	.7436345	0	.05854401	.1978215
569.15	0	.7435894	0	.05845721	.1979534
568.15	0	.7435445	0	.05837097	.1980845
567.15	0	.7435	0	.0582853	.1982147
566.15	0	.7434558	0	.05820019	.198344
565.15	0	.7434119	0	.05811563	.1984725
564.15	0	.7433683	0	.05803164	.1986001
563.15	0	.743325	0	.05794821	.1987268
562.15	0	.743282	0	.05786533	.1988527
561.15	0	.7432393	0	.05778301	.1989777
560.15	0	.7431969	0	.05770124	.1991018
559.15	0	.7431549	0	.05762002	.1992251
558.15	0	.7431131	0	.05753936	.1993475
557.15	0	.7430716	0	.05745924	.1994691
556.15	0	.7430305	0	.05737967	.1995898
555.15	0	.7429896	0	.05730065	.1997097
554.15	0	.7429491	0	.05722218	.1998288
553.15	0	.7429088	0	.05714425	.199947
552.15	0	.7428688	0	.05706686	.2000643
551.15	0	.7428292	0	.05699001	.2001808
550.15	0	.7427898	0	.05691371	.2002965
549.15	0	.7427507	0	.05683794	.2004114
548.15	0	.7427119	0	.05676271	.2005254
547.15	0	.7426734	0	.05668802	.2006386
546.15	0	.7426352	0	.05661385	.2007509
545.15	0	.7425973	0	.05654022	.2008625
544.15	0	.7425596	0	.05646713	.2009732
543.15	0	.7425223	0	.05639456	.2010832
542.15	0	.7424852	0	.05632252	.2011922
541.15	0	.7424485	0	.056251	.2013005
540.15	0	.742412	0	.05618001	.201408
539.15	0	.7423758	0	.05610954	.2015147
538.15	0	.7423398	0	.05603959	.2016206
537.15	0	.7423042	0	.05597017	.2017257
536.15	0	.7422688	0	.05590126	.20183
535.15	0	.7422337	0	.05583287	.2019334
534.15	0	.7421989	0	.05576499	.2020361
533.15	0	.7421643	0	.05569762	.202138
532.15	0	.7421301	0	.05563077	.2022392
531.15	0	.7420961	0	.05556442	.2023395
530.15	0	.7420623	0	.05549859	.2024391
529.15	0	.7420289	0	.05543326	.2025379
528.15	0	.7419957	0	.05536843	.2026359
527.15	0	.7419628	0	.05530411	.2027331
526.15	0	.7419301	0	.05524028	.2028296
525.15	0	.7418978	0	.05517696	.2029253
524.15	0	.7418656	0	.05511413	.2030202
523.15	0	.7418338	0	.0550518	.2031144
522.15	0	.7418022	0	.05498996	.2032079
521.15	0	.7417708	0	.05492862	.2033005
520.15	0	.7417398	0	.05486776	.2033925
519.15	0	.741709	0	.05480739	.2034837
518.15	0	.7416784	0	.05474751	.2035741
517.15	0	.7416481	0	.05468811	.2036638
516.15	0	.7416181	0	.0546292	.2037527
515.15	0	.7415883	0	.05457076	.203841
514.15	0	.7415587	0	.0545128	.2039285
513.15	0	.7415295	0	.05445532	.2040152
512.15	0	.7415004	0	.05439832	.2041013
511.15	0	.7414716	0	.05434179	.2041866
510.15	0	.7414431	0	.05428572	.2042712
509.15	0	.7414148	0	.05423013	.2043551
508.15	0	.7413868	0	.054175	.2044382
507.15	0	.741359	0	.05412034	.2045207
506.15	0	.7413314	0	.05406614	.2046024
505.15	0	.7413041	0	.0540124	.2046835
504.15	0	.741277	0	.05395912	.2047638
503.15	0	.7412502	0	.0539063	.2048435
502.15	0	.7412236	0	.05385393	.2049225
501.15	0	.7411973	0	.05380202	.2050007
500.15	0	.7411711	0	.05375055	.2050783
499.15	0	.7411453	0	.05369953	.2051552
498.15	0	.7411196	0	.05364896	.2052314
497.15	0	.7410942	0	.05359883	.205307
496.15	0	.741069	0	.05354915	.2053819
495.15	0	.7410441	0	.0534999	.2054561
494.15	0	.7410193	0	.0534511	.2055296
493.15	0	.7409948	0	.05340272	.2056024
492.15	0	.7409706	0	.05335478	.2056747
491.15	0	.7409465	0	.05330728	.2057462
490.15	0	.7409227	0	.0532602	.2058171
489.15	0	.7408991	0	.05321355	.2058874
488.15	0	.7408757	0	.05316732	.205957
487.15	0	.7408526	0	.05312152	.2060259
486.15	0	.7408296	0	.05307613	.2060943
485.15	0	.7408069	0	.05303116	.2061619
484.15	0	.7407844	0	.05298661	.206229
483.15	0	.7407621	0	.05294248	.2062954
482.15	0	.74074	0	.05289875	.2063612
481.15	0	.7407182	0	.05285544	.2064264
480.15	0	.7406965	0	.05281253	.206491
479.15	0	.7406751	0	.05277002	.2065549
478.15	0	.7406539	0	.05272792	.2066182
477.15	0	.7406328	0	.05268622	.206681
476.15	0	.740612	0	.05264491	.2067431
475.15	0	.7405914	0	.052604	.2068046
474.15	0	.740571	0	.05256348	.2068655
473.15	0	.7405508	0	.05252336	.2069258
472.15	0	.7405308	0	.05248362	.2069856
471.15	0	.740511	0	.05244427	.2070447
470.15	0	.7404914	0	.0524053	.2071033
469.15	0	.740472	0	.05236671	.2071613
468.15	0	.7404528	0	.05232851	.2072187
467.15	0	.7404338	0	.05229068	.2072755
466.15	0	.740415	0	.05225322	.2073318
465.15	0	.7403963	0	.05221614	.2073875
464.15	0	.7403779	0	.05217942	.2074427
463.15	0	.7403597	0	.05214307	.2074973
462.15	0	.7403416	0	.05210709	.2075513
461.15	0	.7403238	0	.05207147	.2076048
460.15	0	.7403061	0	.05203621	.2076577
459.15	0	.7402886	0	.05200131	.2077101
