T	 BPW(LIQUID)	BPW(BCC_A2)	BPW(FCC_A1)	BPW(LAVES_PHASE_C14)	BPW(NI3TI)
1473.15	.7807936	.1406473	0	.07855906	0
1472.15	.7717645	.1467979	0	.08143763	0
1471.15	.7628999	.1528336	0	.08426653	0
1470.15	.7541955	.1587574	0	.0870471	0
1469.15	.7456471	.1645722	0	.08978066	0
1468.15	.7372506	.1702809	0	.09246846	0
1467.15	.7290022	.1758861	0	.09511172	0
1466.15	.7208979	.1813905	0	.09771162	0
1465.15	.7129341	.1867966	0	.1002693	0
1464.15	.7051073	.1921069	0	.1027858	0
1463.15	.697414	.1973237	0	.1052623	0
1462.15	.6898509	.2024493	0	.1076998	0
1461.15	.6824148	.207486	0	.1100992	0
1460.15	.6751026	.2124359	0	.1124615	0
1459.15	.6679112	.2173011	0	.1147876	0
1458.15	.6608378	.2220837	0	.1170785	0
1457.15	.6538795	.2267855	0	.119335	0
1456.15	.6470335	.2314085	0	.121558	0
1455.15	.6402973	.2359545	0	.1237482	0
1454.15	.6336681	.2404253	0	.1259065	0
1453.15	.6271436	.2448227	0	.1280337	0
1452.15	.6207213	.2491484	0	.1301304	0
1451.15	.6143988	.2534038	0	.1321974	0
1450.15	.6081739	.2575907	0	.1342354	0
1449.15	.6020444	.2617106	0	.136245	0
1448.15	.596008	.265765	0	.138227	0
1447.15	.5900628	.2697552	0	.140182	0
1446.15	.5842066	.2736829	0	.1421105	0
1445.15	.5784376	.2775492	0	.1440133	0
1444.15	.5727538	.2813555	0	.1458907	0
1443.15	.5671533	.2851031	0	.1477436	0
1442.15	.5616344	.2887934	0	.1495723	0
1441.15	.5561952	.2924274	0	.1513774	0
1440.15	.5508342	.2960064	0	.1531595	0
1439.15	.5455495	.2995315	0	.154919	0
1438.15	.5403397	.3030039	0	.1566564	0
1437.15	.5352031	.3064247	0	.1583723	0
1436.15	.5301381	.3097949	0	.160067	0
1435.15	.5251435	.3131155	0	.161741	0
1434.15	.5202175	.3163877	0	.1633948	0
1433.15	.515359	.3196122	0	.1650288	0
1432.15	.5105664	.3227902	0	.1666434	0
1431.15	.5058385	.3259225	0	.1682389	0
1430.15	.501174	.3290101	0	.1698159	0
1429.15	.4965715	.3320538	0	.1713747	0
1428.15	.4920299	.3350545	0	.1729156	0
1427.15	.4875479	.3380131	0	.174439	0
1426.15	.4831244	.3409303	0	.1759453	0
1425.15	.4787583	.3438069	0	.1774348	0
1424.15	.4744484	.3466438	0	.1789078	0
1423.15	.4701936	.3494417	0	.1803647	0
1422.15	.4659929	.3522013	0	.1818059	0
1421.15	.4618452	.3549234	0	.1832314	0
1420.15	.4577495	.3576086	0	.1846418	0
1419.15	.453705	.3602577	0	.1860374	0
1418.15	.4497105	.3628713	0	.1874182	0
1417.15	.4457651	.3654501	0	.1887848	0
1416.15	.4418681	.3679947	0	.1901373	0
1415.15	.4380183	.3705057	0	.1914759	0
1414.15	.4342151	.3729838	0	.1928011	0
1413.15	.4304575	.3754296	0	.1941129	0
1412.15	.4267447	.3778436	0	.1954117	0
1411.15	.4230759	.3802263	0	.1966978	0
1410.15	.4194503	.3825785	0	.1979712	0
1409.15	.4158671	.3849005	0	.1992324	0
1408.15	.4123256	.387193	0	.2004814	0
1407.15	.4088251	.3894564	0	.2017186	0
1406.15	.4053648	.3916912	0	.202944	0
1405.15	.4019439	.393898	0	.204158	0
1404.15	.3985619	.3960773	0	.2053608	0
1403.15	.3952181	.3982294	0	.2065525	0
1402.15	.3919117	.400355	0	.2077333	0
1401.15	.3886422	.4024543	0	.2089034	0
1400.15	.3854089	.4045279	0	.2100631	0
1399.15	.3822113	.4065763	0	.2112125	0
1398.15	.3790486	.4085997	0	.2123517	0
1397.15	.3759203	.4105987	0	.213481	0
1396.15	.3728259	.4125736	0	.2146005	0
1395.15	.3697647	.4145249	0	.2157104	0
1394.15	.3667362	.4164529	0	.2168108	0
1393.15	.36374	.4183581	0	.217902	0
1392.15	.3607753	.4202407	0	.218984	0
1391.15	.3578419	.4221012	0	.220057	0
1390.15	.354939	.4239399	0	.2211212	0
1389.15	.3520663	.4257571	0	.2221766	0
1388.15	.3492232	.4275532	0	.2232236	0
1387.15	.3464093	.4293286	0	.2242621	0
1386.15	.343624	.4310836	0	.2252924	0
1385.15	.3408671	.4328185	0	.2263145	0
1384.15	.3381379	.4345336	0	.2273286	0
1383.15	.3354361	.4362291	0	.2283348	0
1382.15	.3327612	.4379055	0	.2293333	0
1381.15	.3301128	.4395631	0	.2303241	0
1380.15	.3274906	.441202	0	.2313074	0
1379.15	.324894	.4428227	0	.2322833	0
1378.15	.3223227	.4444253	0	.233252	0
1377.15	.3197763	.4460102	0	.2342135	0
1376.15	.3172545	.4475776	0	.2351679	0
1375.15	.3147568	.4491278	0	.2361154	0
1374.15	.312283	.450661	0	.237056	0
1373.15	.3098325	.4521776	0	.2379899	0
1372.15	.3074051	.4536777	0	.2389172	0
1371.15	.3050005	.4551616	0	.2398379	0
1370.15	.3026183	.4566295	0	.2407523	0
1369.15	.3002581	.4580817	0	.2416602	0
1368.15	.2979197	.4595184	0	.2425619	0
1367.15	.2956027	.4609398	0	.2434575	0
1366.15	.2933068	.4623462	0	.244347	0
1365.15	.2910317	.4637377	0	.2452306	0
1364.15	.2887771	.4651147	0	.2461082	0
1363.15	.2865427	.4664772	0	.2469801	0
1362.15	.2843283	.4678256	0	.2478462	0
1361.15	.2821334	.4691599	0	.2487067	0
1360.15	.2799579	.4704805	0	.2495616	0
1359.15	.2778015	.4717874	0	.2504111	0
1358.15	.2756638	.473081	0	.2512552	0
1357.15	.2735447	.4743613	0	.252094	0
1356.15	.2714439	.4756286	0	.2529275	0
1355.15	.2693611	.4768831	0	.2537558	0
1354.15	.2672961	.4781248	0	.2545791	0
1353.15	.2652486	.4793541	0	.2553973	0
1352.15	.2632183	.4805711	0	.2562105	0
1351.15	.2612052	.4817759	0	.2570189	0
1350.15	.2592088	.4829688	0	.2578225	0
1349.15	.257229	.4841498	0	.2586213	0
1348.15	.2552655	.4853191	0	.2594153	0
1347.15	.2533182	.486477	0	.2602048	0
1346.15	.2513868	.4876235	0	.2609897	0
1345.15	.2494711	.4887588	0	.2617701	0
1344.15	.2475709	.4898831	0	.2625461	0
1343.15	.2456859	.4909965	0	.2633176	0
1342.15	.243816	.4920991	0	.2640849	0
1341.15	.241961	.4931912	0	.2648478	0
1340.15	.2401207	.4942727	0	.2656066	0
1339.15	.2382949	.495344	0	.2663611	0
1338.15	.2364833	.496405	0	.2671116	0
1337.15	.2346859	.497456	0	.2678581	0
1336.15	.2329024	.4984971	0	.2686005	0
1335.15	.2311326	.4995284	0	.269339	0
1334.15	.2293764	.50055	0	.2700735	0
1333.15	.2276336	.5015621	0	.2708043	0
1332.15	.225904	.5025648	0	.2715312	0
1331.15	.2241875	.5035581	0	.2722544	0
1330.15	.2224838	.5045423	0	.2729739	0
1329.15	.2207929	.5055175	0	.2736897	0
1328.15	.2191145	.5064836	0	.2744019	0
1327.15	.2174485	.507441	0	.2751105	0
1326.15	.2157947	.5083897	0	.2758156	0
1325.15	.2141531	.5093297	0	.2765172	0
1324.15	.2125233	.5102612	0	.2772154	0
1323.15	.2109054	.5111844	0	.2779102	0
1322.15	.2092991	.5120993	0	.2786017	0
1321.15	.2077043	.5130059	0	.2792898	0
1320.15	.2061208	.5139046	0	.2799746	0
1319.15	.2045486	.5147952	0	.2806562	0
1318.15	.2029874	.5156779	0	.2813347	0
1317.15	.2014372	.5165529	0	.2820099	0
1316.15	.1998978	.5174202	0	.2826821	0
1315.15	.198369	.5182799	0	.2833511	0
1314.15	.1968508	.5191321	0	.2840171	0
1313.15	.195343	.5199768	0	.2846801	0
1312.15	.1938455	.5208143	0	.2853402	0
1311.15	.1923582	.5216446	0	.2859973	0
1310.15	.1908809	.5224677	0	.2866514	0
1309.15	.1894136	.5232837	0	.2873027	0
1308.15	.187956	.5240928	0	.2879512	0
1307.15	.1865081	.524895	0	.2885969	0
1306.15	.1850699	.5256904	0	.2892397	0
1305.15	.183641	.5264791	0	.2898799	0
1304.15	.1822216	.5272612	0	.2905173	0
1303.15	.1808113	.5280366	0	.291152	0
1302.15	.1794102	.5288056	0	.2917841	0
1301.15	.1780182	.5295682	0	.2924136	0
1300.15	.176635	.5303245	0	.2930405	0
1299.15	.1752581	.5310766	0	.2936653	0
1298.15	.1738925	.5318204	0	.2942871	0
1297.15	.1725355	.5325582	0	.2949064	0
1296.15	.171187	.5332899	0	.2955231	0
1295.15	.1698469	.5340156	0	.2961375	0
1294.15	.1685152	.5347354	0	.2967494	0
1293.15	.1671917	.5354495	0	.2973589	0
1292.15	.1658763	.5361577	0	.297966	0
1291.15	.1645689	.5368603	0	.2985708	0
1290.15	.1632695	.5375572	0	.2991732	0
1289.15	.161978	.5382486	0	.2997734	0
1288.552	.1612089	.5386597	0	.3001314	0
1288.552	.1612089	.5386597	0	.3001314	0
1288.552	.1612089	.5386597	0	.3001314	0
1288.15	.1586428	.5378655	.002934097	.3005576	0
1287.15	.1522575	.5359207	.01020997	.3016119	0
1286.15	.1458779	.5340221	.01744357	.3026564	0
1285.15	.1395038	.5321695	.02463551	.3036912	0
1284.15	.1331349	.5303624	.03178633	.3047164	0
1283.15	.1267709	.5286003	.03889661	.3057321	0
1282.15	.1204116	.526883	.0459669	.3067385	0
1281.15	.1140567	.52521	.05299776	.3077356	0
1280.15	.1077059	.5235808	.05998972	.3087236	0
1279.15	.101359	.5219952	.06694331	.3097025	0
1278.15	.09501571	.5204527	.07385905	.3106726	0
1277.15	.08867585	.5189529	.08073748	.3116338	0
1276.15	.08233917	.5174956	.08757908	.3125862	0
1275.15	.07600543	.5160802	.09438438	.31353	0
1274.15	.06967442	.5147064	.1011538	.3144653	0
1273.15	.06334591	.513374	.107888	.3153921	0
1272.15	.05701971	.5120824	.1145873	.3163106	0
1271.15	.0506956	.5108314	.1212522	.3172208	0
1270.15	.04437339	.5096206	.1278832	.3181228	0
1269.15	.03805287	.5084496	.1344808	.3190168	0
1268.15	.03173386	.5073181	.1410454	.3199027	0
1267.15	.02541618	.5062257	.1475774	.3207807	0
1266.15	.01909964	.5051722	.1540774	.3216509	0
1265.15	.01278407	.504157	.1605456	.3225133	0
1264.15	.006469303	.50318	.1669827	.323368	0
1263.15	1.5517E-04	.5022408	.1733889	.3242151	0
1263.125	0	.5022182	.173546	.3242358	0
1263.125	0	.5022182	.173546	.3242358	0
1262.15	0	.5012645	.1741413	.3245942	0
1261.15	0	.5002898	.1747495	.3249607	0
1260.15	0	.4993181	.1753557	.3253263	0
1259.15	0	.4983494	.1759598	.3256908	0
1258.15	0	.4973838	.1765618	.3260545	0
1257.15	0	.4964211	.1771617	.3264172	0
1256.15	0	.4954615	.1777595	.3267789	0
1255.15	0	.4945049	.1783553	.3271397	0
1254.15	0	.4935513	.1789491	.3274996	0
1253.15	0	.4926007	.1795407	.3278586	0
1252.15	0	.4916531	.1801303	.3282166	0
1251.15	0	.4907084	.1807179	.3285737	0
1250.15	0	.4897667	.1813033	.3289299	0
1249.15	0	.488828	.1818868	.3292852	0
1248.15	0	.4878922	.1824682	.3296396	0
1247.15	0	.4869594	.1830475	.3299931	0
1246.15	0	.4860295	.1836249	.3303456	0
1245.15	0	.4851026	.1842001	.3306973	0
1244.15	0	.4841785	.1847734	.3310481	0
1243.15	0	.4832574	.1853446	.3313979	0
1242.15	0	.4823392	.1859138	.3317469	0
1241.15	0	.481424	.186481	.332095	0
1240.15	0	.4805116	.1870462	.3324423	0
1239.15	0	.4796021	.1876093	.3327886	0
1238.15	0	.4786955	.1881704	.3331341	0
1237.15	0	.4777918	.1887296	.3334787	0
1236.15	0	.4768909	.1892867	.3338224	0
1235.15	0	.4759929	.1898418	.3341653	0
1234.15	0	.4750978	.1903949	.3345073	0
1233.15	0	.4742055	.190946	.3348485	0
1232.15	0	.4733161	.1914951	.3351888	0
1231.15	0	.4724295	.1920422	.3355282	0
1230.15	0	.4715458	.1925874	.3358668	0
1229.15	0	.4706649	.1931305	.3362046	0
1228.15	0	.4697868	.1936717	.3365415	0
1227.15	0	.4689115	.1942109	.3368776	0
1226.15	0	.4680391	.1947481	.3372128	0
1225.15	0	.4671694	.1952834	.3375472	0
1224.15	0	.4663026	.1958166	.3378808	0
1223.15	0	.4654385	.1963479	.3382136	0
1222.15	0	.4645773	.1968772	.3385455	0
1221.15	0	.4637188	.1974046	.3388766	0
1220.15	0	.4628631	.19793	.3392069	0
1219.15	0	.4620102	.1984535	.3395364	0
1218.15	0	.46116	.1989749	.3398651	0
1217.15	0	.4603126	.1994945	.3401929	0
1216.15	0	.4594679	.2000121	.34052	0
1215.15	0	.458626	.2005277	.3408463	0
1214.15	0	.4577869	.2010414	.3411717	0
1213.15	0	.4569505	.2015531	.3414964	0
1212.15	0	.4561168	.2020629	.3418203	0
1211.15	0	.4552858	.2025708	.3421434	0
1210.15	0	.4544576	.2030767	.3424657	0
1209.15	0	.4536321	.2035807	.3427872	0
1208.15	0	.4528093	.2040828	.3431079	0
1207.15	0	.4519892	.2045829	.3434279	0
1206.15	0	.4511718	.2050811	.3437471	0
1205.15	0	.4503571	.2055774	.3440655	0
1204.15	0	.4495451	.2060717	.3443832	0
1203.15	0	.4487358	.2065642	.3447001	0
1202.15	0	.4479291	.2070547	.3450162	0
1201.15	0	.4471252	.2075433	.3453316	0
1200.15	0	.4463239	.20803	.3456462	0
1199.15	0	.4455253	.2085147	.34596	0
1198.15	0	.4447293	.2089976	.3462731	0
1197.15	0	.443936	.2094785	.3465855	0
1196.15	0	.4431454	.2099576	.3468971	0
1195.15	0	.4423574	.2104347	.3472079	0
1194.15	0	.441572	.2109099	.3475181	0
1193.15	0	.4407893	.2113833	.3478274	0
1192.15	0	.4400092	.2118547	.3481361	0
1191.15	0	.4392318	.2123242	.348444	0
1190.15	0	.4384569	.2127919	.3487512	0
1189.15	0	.4376847	.2132576	.3490576	0
1188.15	0	.4369152	.2137215	.3493634	0
1187.15	0	.4361482	.2141834	.3496684	0
1186.15	0	.4353838	.2146435	.3499727	0
1185.15	0	.4346221	.2151017	.3502762	0
1184.15	0	.4338629	.215558	.3505791	0
1183.15	0	.4331063	.2160124	.3508812	0
1182.15	0	.4323524	.216465	.3511827	0
1181.15	0	.431601	.2169156	.3514834	0
1180.15	0	.4308522	.2173644	.3517834	0
1179.15	0	.430106	.2178113	.3520828	0
1178.15	0	.4293623	.2182563	.3523814	0
1177.15	0	.4286212	.2186995	.3526793	0
1176.15	0	.4278827	.2191407	.3529765	0
1175.15	0	.4271468	.2195802	.3532731	0
1174.15	0	.4264134	.2200177	.3535689	0
1173.15	0	.4256826	.2204534	.3538641	0
1172.15	0	.4249543	.2208872	.3541585	0
1171.15	0	.4242286	.2213191	.3544523	0
1170.15	0	.4235054	.2217492	.3547454	0
1169.15	0	.4227848	.2221774	.3550379	0
1168.15	0	.4220667	.2226037	.3553296	0
1167.15	0	.4213511	.2230282	.3556207	0
1166.15	0	.420638	.2234508	.3559111	0
1165.15	0	.4199275	.2238716	.3562009	0
1164.15	0	.4192196	.2242905	.3564899	0
1163.15	0	.4185141	.2247076	.3567783	0
1162.15	0	.4178111	.2251228	.3570661	0
1161.15	0	.4171107	.2255361	.3573532	0
1160.15	0	.4164128	.2259476	.3576396	0
1159.15	0	.4157174	.2263573	.3579254	0
1158.15	0	.4150245	.2267651	.3582105	0
1157.15	0	.414334	.227171	.358495	0
1156.15	0	.4136461	.2275751	.3587788	0
1155.15	0	.4129607	.2279774	.359062	0
1154.15	0	.4122777	.2283778	.3593445	0
1153.15	0	.4115973	.2287764	.3596264	0
1152.15	0	.4109193	.2291731	.3599076	0
1151.15	0	.4102438	.2295679	.3601882	0
1150.15	0	.4095708	.229961	.3604682	0
1149.15	0	.4089003	.2303522	.3607475	0
1148.15	0	.4082323	.2307415	.3610262	0
1147.15	0	.4075667	.231129	.3613043	0
1146.15	0	.4069036	.2315147	.3615817	0
1145.15	0	.4062429	.2318985	.3618585	0
1144.15	0	.4055847	.2322805	.3621347	0
1143.15	0	.404929	.2326607	.3624103	0
1142.15	0	.4042757	.233039	.3626853	0
1141.15	0	.4036249	.2334155	.3629596	0
1140.15	0	.4029765	.2337902	.3632333	0
1139.15	0	.4023306	.234163	.3635064	0
1138.15	0	.4016871	.234534	.3637789	0
1137.15	0	.4010461	.2349031	.3640507	0
1136.15	0	.4004075	.2352705	.364322	0
1135.15	0	.3997714	.235636	.3645927	0
1134.15	0	.3991377	.2359996	.3648627	0
1133.15	0	.3985064	.2363615	.3651322	0
1132.15	0	.3978775	.2367215	.365401	0
1131.15	0	.3972511	.2370796	.3656693	0
1130.15	0	.3966271	.237436	.3659369	0
1129.15	0	.3960055	.2377905	.366204	0
1128.15	0	.3953864	.2381432	.3664704	0
1127.15	0	.3947697	.2384941	.3667363	0
1126.15	0	.3941554	.2388431	.3670016	0
1125.15	0	.3935435	.2391903	.3672663	0
1124.15	0	.392934	.2395357	.3675303	0
1123.15	0	.3923269	.2398792	.3677939	0
1122.15	0	.3917222	.240221	.3680568	0
1121.15	0	.39112	.2405609	.3683191	0
1120.15	0	.3905201	.240899	.3685809	0
1119.15	0	.3899227	.2412352	.3688421	0
1118.15	0	.3893277	.2415697	.3691027	0
1117.15	0	.388735	.2419023	.3693627	0
1116.15	0	.3881448	.242233	.3696222	0
1115.15	0	.3875569	.242562	.3698811	0
1114.15	0	.3869715	.2428891	.3701394	0
1113.15	0	.3863884	.2432144	.3703971	0
1112.15	0	.3858078	.2435379	.3706543	0
1111.15	0	.3852295	.2438596	.3709109	0
1110.15	0	.3846536	.2441794	.371167	0
1109.15	0	.3840801	.2444975	.3714225	0
1108.15	0	.383509	.2448136	.3716774	0
1107.15	0	.3829402	.245128	.3719318	0
1106.15	0	.3823739	.2454406	.3721856	0
1105.15	0	.3818099	.2457513	.3724388	0
1104.15	0	.3812483	.2460602	.3726915	0
1103.15	0	.3806891	.2463673	.3729436	0
1102.15	0	.3801323	.2466725	.3731952	0
1101.15	0	.3795778	.2469759	.3734463	0
1100.15	0	.3790257	.2472776	.3736967	0
1099.15	0	.378476	.2475773	.3739467	0
1098.15	0	.3779286	.2478753	.3741961	0
1097.15	0	.3773837	.2481714	.3744449	0
1096.15	0	.3768411	.2484658	.3746932	0
1095.15	0	.3763008	.2487582	.374941	0
1094.15	0	.3757629	.2490489	.3751882	0
1093.15	0	.3752274	.2493377	.3754348	0
1092.15	0	.3746943	.2496247	.375681	0
1091.15	0	.3741635	.2499099	.3759266	0
1090.15	0	.3736351	.2501933	.3761716	0
1089.15	0	.373109	.2504748	.3764161	0
1088.15	0	.3725853	.2507545	.3766601	0
1087.15	0	.372064	.2510324	.3769036	0
1086.15	0	.371545	.2513085	.3771465	0
1085.15	0	.3710284	.2515827	.3773889	0
1084.15	0	.3705141	.2518551	.3776308	0
1083.15	0	.3700022	.2521257	.3778721	0
1082.15	0	.3694927	.2523944	.3781129	0
1081.15	0	.3689855	.2526613	.3783532	0
1080.15	0	.3684806	.2529264	.3785929	0
1079.15	0	.3679782	.2531897	.3788322	0
1078.15	0	.367478	.2534511	.3790709	0
1077.15	0	.3669802	.2537107	.3793091	0
1076.15	0	.3664848	.2539685	.3795467	0
1075.15	0	.3659917	.2542244	.3797839	0
1074.15	0	.365501	.2544785	.3800205	0
1073.15	0	.3650126	.2547308	.3802566	0
1072.15	0	.3645266	.2549812	.3804922	0
1071.15	0	.3640429	.2552298	.3807273	0
1070.15	0	.3635616	.2554766	.3809618	0
1069.15	0	.3630826	.2557215	.3811959	0
1068.15	0	.3626059	.2559646	.3814294	0
1067.15	0	.3621317	.2562059	.3816625	0
1066.15	0	.3616597	.2564453	.381895	0
1065.15	0	.3611901	.2566829	.382127	0
1064.15	0	.3607229	.2569187	.3823585	0
1063.15	0	.360258	.2571526	.3825894	0
1062.15	0	.3597954	.2573847	.3828199	0
1061.15	0	.3593352	.2576149	.3830499	0
1060.15	0	.3588773	.2578433	.3832793	0
1059.15	0	.3584218	.2580699	.3835083	0
1058.15	0	.3579686	.2582946	.3837368	0
1057.15	0	.3575178	.2585175	.3839647	0
1056.15	0	.3570693	.2587385	.3841922	0
1055.15	0	.3566232	.2589577	.3844191	0
1054.15	0	.3561794	.2591751	.3846455	0
1053.15	0	.3557379	.2593906	.3848715	0
1052.15	0	.3552988	.2596043	.3850969	0
1051.15	0	.3548621	.2598161	.3853219	0
1050.15	0	.3544276	.2600261	.3855463	0
1049.15	0	.3539956	.2602342	.3857702	0
1048.15	0	.3535658	.2604405	.3859937	0
1047.15	0	.3531385	.2606449	.3862166	0
1046.15	0	.3527134	.2608475	.3864391	0
1045.15	0	.3522907	.2610482	.386661	0
1044.15	0	.3518704	.2612471	.3868825	0
1043.15	0	.3514524	.2614441	.3871035	0
1042.15	0	.3510368	.2616393	.3873239	0
1041.15	0	.3506234	.2618327	.3875439	0
1040.15	0	.3502125	.2620241	.3877634	0
1039.15	0	.3498039	.2622138	.3879824	0
1038.15	0	.3493976	.2624015	.3882009	0
1037.15	0	.3489937	.2625874	.3884189	0
1036.15	0	.3485921	.2627715	.3886364	0
1035.15	0	.3481929	.2629537	.3888534	0
1034.15	0	.347796	.2631341	.3890699	0
1033.15	0	.3474015	.2633126	.389286	0
1032.15	0	.3470093	.2634892	.3895015	0
1031.15	0	.3466195	.263664	.3897165	0
1030.15	0	.346232	.2638369	.3899311	0
1029.15	0	.3458469	.264008	.3901452	0
1028.15	0	.3454641	.2641772	.3903588	0
1027.15	0	.3450837	.2643445	.3905718	0
1026.15	0	.3447056	.26451	.3907844	0
1025.15	0	.3443298	.2646736	.3909965	0
1024.15	0	.3439565	.2648354	.3912082	0
1023.15	0	.3435854	.2649953	.3914193	0
1022.15	0	.3432168	.2651533	.3916299	0
1021.15	0	.3428504	.2653095	.3918401	0
1020.15	0	.3424865	.2654638	.3920497	0
1019.15	0	.3421249	.2656162	.3922589	0
1018.15	0	.3417656	.2657668	.3924676	0
1017.15	0	.3414087	.2659155	.3926758	0
1016.15	0	.3410541	.2660624	.3928835	0
1015.15	0	.3407019	.2662074	.3930907	0
1014.15	0	.3403521	.2663505	.3932974	0
1013.15	0	.3400046	.2664918	.3935036	0
1012.15	0	.3396595	.2666311	.3937094	0
1011.15	0	.3393167	.2667687	.3939146	0
1010.15	0	.3389763	.2669043	.3941194	0
1009.15	0	.3386382	.2670381	.3943236	0
1008.15	0	.3383025	.26717	.3945274	0
1007.15	0	.3379692	.2673001	.3947307	0
1006.15	0	.3376382	.2674283	.3949335	0
1005.15	0	.3373096	.2675546	.3951358	0
1004.15	0	.3369833	.2676791	.3953376	0
1003.15	0	.3366594	.2678017	.3955389	0
1002.15	0	.3363379	.2679224	.3957397	0
1001.15	0	.3360187	.2680413	.39594	0
1000.15	0	.3357018	.2681583	.3961399	0
999.15	0	.3353874	.2682734	.3963392	0
998.15	0	.3350753	.2683867	.396538	0
997.15	0	.3347655	.2684981	.3967364	0
996.15	0	.3344581	.2686077	.3969342	0
995.15	0	.3341531	.2687153	.3971316	0
994.15	0	.3338505	.2688211	.3973284	0
993.15	0	.3335502	.2689251	.3975247	0
992.15	0	.3332522	.2690272	.3977206	0
991.15	0	.3329566	.2691274	.3979159	0
990.15	0	.3326634	.2692258	.3981108	0
989.15	0	.3323726	.2693223	.3983051	0
988.15	0	.3320841	.269417	.398499	0
987.15	0	.331798	.2695098	.3986923	0
986.15	0	.3315142	.2696007	.3988851	0
985.15	0	.3312328	.2696898	.3990774	0
984.15	0	.3309537	.269777	.3992692	0
983.15	0	.3306771	.2698624	.3994605	0
982.15	0	.3304027	.2699459	.3996513	0
981.15	0	.3301308	.2700276	.3998416	0
980.15	0	.3298612	.2701075	.4000314	0
979.15	0	.3295939	.2701854	.4002206	0
978.15	0	.329329	.2702616	.4004094	0
977.15	0	.3290665	.2703359	.4005976	0
976.15	0	.3288063	.2704084	.4007853	0
975.15	0	.3285485	.270479	.4009725	0
974.15	0	.3282931	.2705478	.4011592	0
973.15	0	.32804	.2706147	.4013453	0
972.15	0	.3277892	.2706798	.401531	0
971.15	0	.3275408	.2707431	.4017161	0
970.15	0	.3272948	.2708046	.4019006	0
969.15	0	.3270511	.2708642	.4020847	0
968.15	0	.3268097	.2709221	.4022682	0
967.15	0	.3265708	.2709781	.4024512	0
966.15	0	.3263341	.2710323	.4026337	0
965.15	0	.3260998	.2710846	.4028156	0
964.15	0	.3258679	.2711352	.402997	0
963.15	0	.3256383	.271184	.4031778	0
962.15	0	.325411	.2712309	.4033581	0
961.15	0	.3251861	.2712761	.4035379	0
960.15	0	.3249635	.2713194	.4037171	0
959.15	0	.3247432	.271361	.4038958	0
958.15	0	.3245253	.2714008	.4040739	0
957.15	0	.3243097	.2714388	.4042515	0
956.15	0	.3240964	.2714751	.4044285	0
955.15	0	.3238855	.2715095	.404605	0
954.15	0	.3236769	.2715422	.4047809	0
953.15	0	.3234706	.2715732	.4049562	0
952.15	0	.3232667	.2716023	.405131	0
951.15	0	.323065	.2716298	.4053052	0
950.15	0	.3228657	.2716555	.4054789	0
949.15	0	.3226686	.2716794	.405652	0
948.15	0	.3224739	.2717016	.4058245	0
947.15	0	.3222815	.2717221	.4059964	0
946.15	0	.3220914	.2717409	.4061678	0
945.15	0	.3219035	.2717579	.4063386	0
944.15	0	.321718	.2717733	.4065088	0
943.15	0	.3215348	.2717869	.4066784	0
942.15	0	.3213538	.2717988	.4068474	0
941.15	0	.3211751	.2718091	.4070158	0
940.15	0	.3209987	.2718177	.4071836	0
939.15	0	.3208245	.2718246	.4073509	0
938.15	0	.3206527	.2718298	.4075175	0
937.15	0	.320483	.2718334	.4076835	0
936.15	0	.3203157	.2718354	.4078489	0
935.15	0	.3201506	.2718357	.4080137	0
934.15	0	.3199877	.2718344	.4081779	0
933.15	0	.3198271	.2718315	.4083415	0
932.15	0	.3196686	.271827	.4085044	0
931.15	0	.3195125	.2718208	.4086667	0
930.15	0	.3193585	.2718131	.4088284	0
929.15	0	.3192067	.2718039	.4089894	0
928.15	0	.3190572	.271793	.4091498	0
927.15	0	.3189098	.2717806	.4093096	0
926.15	0	.3187646	.2717667	.4094687	0
925.15	0	.3186216	.2717512	.4096272	0
924.15	0	.3184808	.2717342	.409785	0
923.15	0	.3183422	.2717157	.4099421	0
922.15	0	.3182057	.2716958	.4100986	0
921.15	0	.3180713	.2716743	.4102544	0
920.15	0	.3179391	.2716514	.4104095	0
919.15	0	.317809	.2716271	.410564	0
918.15	0	.317681	.2716013	.4107177	0
917.15	0	.3175552	.2715741	.4108708	0
916.15	0	.3174314	.2715454	.4110232	0
915.15	0	.3173097	.2715155	.4111749	0
914.15	0	.3171901	.2714841	.4113258	0
913.15	0	.3170726	.2714514	.4114761	0
912.15	0	.3169571	.2714173	.4116256	0
911.15	0	.3168436	.271382	.4117745	0
910.15	0	.3167322	.2713453	.4119225	0
909.15	0	.3166228	.2713073	.4120699	0
908.15	0	.3165154	.2712681	.4122165	0
907.15	0	.3164099	.2712277	.4123624	0
906.15	0	.3163065	.271186	.4125075	0
905.15	0	.316205	.2711431	.4126519	0
904.15	0	.3161054	.2710991	.4127955	0
903.15	0	.3160078	.2710539	.4129383	0
902.15	0	.3159121	.2710076	.4130803	0
901.15	0	.3158183	.2709601	.4132216	0
900.15	0	.3157264	.2709116	.4133621	0
899.15	0	.3156363	.270862	.4135017	0
898.15	0	.3155481	.2708114	.4136406	0
897.15	0	.3154617	.2707597	.4137786	0
896.15	0	.3153771	.2707071	.4139158	0
895.15	0	.3152943	.2706535	.4140522	0
894.15	0	.3152133	.270599	.4141878	0
893.15	0	.315134	.2705436	.4143225	0
892.15	0	.3150564	.2704873	.4144563	0
891.15	0	.3149806	.2704301	.4145893	0
890.15	0	.3149064	.2703722	.4147214	0
889.15	0	.3148339	.2703135	.4148526	0
888.15	0	.3147631	.270254	.414983	0
887.15	0	.3146938	.2701938	.4151124	0
886.15	0	.3146262	.2701329	.4152409	0
885.15	0	.3145601	.2700714	.4153685	0
884.15	0	.3144955	.2700093	.4154952	0
883.15	0	.3144325	.2699466	.415621	0
882.15	0	.314371	.2698833	.4157457	0
881.15	0	.3143109	.2698196	.4158696	0
880.15	0	.3142522	.2697554	.4159924	0
879.15	0	.314195	.2696908	.4161143	0
878.15	0	.3141391	.2696258	.4162351	0
877.15	0	.3140846	.2695604	.416355	0
876.15	0	.3140313	.2694948	.4164738	0
875.15	0	.3139794	.269429	.4165917	0
874.15	0	.3139286	.2693629	.4167084	0
873.15	0	.3138791	.2692967	.4168241	0
872.15	0	.3138308	.2692305	.4169388	0
871.15	0	.3137836	.2691641	.4170523	0
870.15	0	.3137375	.2690978	.4171648	0
869.15	0	.3136924	.2690315	.4172761	0
868.15	0	.3136484	.2689653	.4173863	0
867.15	0	.3136053	.2688993	.4174954	0
866.15	0	.3135632	.2688335	.4176033	0
865.15	0	.3135219	.268768	.41771	0
864.15	0	.3134815	.2687029	.4178156	0
863.15	0	.313442	.2686382	.4179199	0
862.15	0	.3134031	.2685739	.418023	0
861.15	0	.313365	.2685102	.4181248	0
860.15	0	.3133275	.2684471	.4182254	0
859.15	0	.3132906	.2683847	.4183247	0
858.15	0	.3132543	.2683231	.4184227	0
857.15	0	.3132184	.2682623	.4185193	0
856.15	0	.313183	.2682024	.4186146	0
855.15	0	.313148	.2681435	.4187086	0
854.15	0	.3131132	.2680857	.4188011	0
853.15	0	.3130788	.268029	.4188922	0
852.15	0	.3130445	.2679736	.4189819	0
851.15	0	.3130103	.2679196	.4190701	0
850.15	0	.3129762	.267867	.4191568	0
849.15	0	.312942	.267816	.419242	0
848.15	0	.3129078	.2677666	.4193257	0
847.15	0	.3128733	.267719	.4194077	0
846.15	0	.3128386	.2676733	.4194881	0
845.15	0	.3128036	.2676295	.4195669	0
844.15	0	.3127681	.2675879	.419644	0
843.15	0	.3127321	.2675485	.4197194	0
842.15	0	.3126955	.2675115	.419793	0
841.15	0	.3126581	.2674771	.4198648	0
840.15	0	.31262	.2674453	.4199348	0
839.15	0	.3125809	.2674163	.4200028	0
838.15	0	.3125407	.2673903	.420069	0
837.15	0	.3124994	.2673674	.4201332	0
836.15	0	.3124568	.2673479	.4201953	0
835.15	0	.3124127	.2673319	.4202554	0
834.15	0	.3123671	.2673196	.4203133	0
833.15	0	.3123197	.2673112	.4203691	0
832.15	0	.3122705	.2673069	.4204225	0
831.15	0	.3122193	.2673071	.4204737	0
830.15	0	.3121658	.2673118	.4205224	0
829.15	0	.3121099	.2673214	.4205687	0
828.15	0	.3120514	.2673362	.4206124	0
827.15	0	.3119902	.2673564	.4206535	0
826.15	0	.3119258	.2673824	.4206918	0
825.15	0	.3118582	.2674145	.4207273	0
824.15	0	.3117871	.2674531	.4207598	0
823.15	0	.3117121	.2674986	.4207893	0
822.15	0	.311633	.2675515	.4208155	0
821.15	0	.3115494	.2676121	.4208385	0
820.15	0	.3114611	.267681	.420858	0
819.15	0	.3113675	.2677587	.4208738	0
818.15	0	.3112682	.2678459	.4208858	0
817.15	0	.3111629	.2679432	.4208939	0
816.15	0	.3110509	.2680514	.4208977	0
815.15	0	.3109317	.2681713	.420897	0
814.15	0	.3108047	.2683037	.4208916	0
813.15	0	.3106691	.2684496	.4208812	0
812.15	0	.3105241	.2686104	.4208655	0
811.15	0	.3103688	.2687871	.4208441	0
810.15	0	.3102022	.2689814	.4208165	0
809.15	0	.310023	.2691948	.4207822	0
808.15	0	.3098299	.2694293	.4207408	0
807.15	0	.3096212	.2696873	.4206915	0
806.15	0	.308968	.2705499	.4204821	0
805.15	0	.3083231	.2714063	.4202705	0
804.15	0	.3077725	.2721402	.4200873	0
803.15	0	.3072968	.272777	.4199262	0
802.15	0	.3068827	.2733346	.4197827	0
801.15	0	.3065203	.273826	.4196537	0
800.15	0	.3062019	.2742614	.4195367	0
799.15	0	.3059217	.2746483	.41943	0
798.15	0	.3056747	.2749932	.4193321	0
797.15	0	.3054571	.275301	.4192418	0
796.15	0	.3052657	.2755761	.4191582	0
795.15	0	.3050976	.2758219	.4190805	0
794.15	0	.3049505	.2760414	.4190081	0
793.15	0	.3048224	.2762373	.4189403	0
792.15	0	.3047116	.2764118	.4188767	0
791.15	0	.3046164	.2765668	.4188168	0
790.15	0	.3045356	.276704	.4187604	0
789.15	0	.3044678	.2768251	.4187071	0
788.15	0	.3044122	.2769312	.4186566	0
787.15	0	.3043676	.2770237	.4186087	0
786.15	0	.3043333	.2771036	.4185631	0
785.15	0	.3043083	.2771719	.4185197	0
784.15	0	.3042921	.2772295	.4184784	0
783.15	0	.304284	.2772772	.4184388	0
782.15	0	.3042833	.2773157	.418401	0
781.15	0	.3042896	.2773456	.4183647	0
780.15	0	.3043023	.2773677	.4183299	0
779.15	0	.304321	.2773825	.4182965	0
778.15	0	.3043453	.2773904	.4182643	0
777.15	0	.3043775	.2773898	.4182327	0
776.15	0	.3044116	.2773857	.4182028	0
775.15	0	.3044501	.277376	.4181739	0
774.15	0	.3044928	.2773613	.418146	0
773.15	0	.3045393	.2773417	.418119	0
772.15	0	.3045895	.2773178	.4180927	0
771.15	0	.304643	.2772897	.4180673	0
770.15	0	.3046997	.2772577	.4180426	0
769.15	0	.3047593	.2772222	.4180185	0
768.15	0	.3048215	.2771833	.4179951	0
767.15	0	.3048863	.2771414	.4179723	0
766.15	0	.3049534	.2770965	.41795	0
765.15	0	.3050227	.277049	.4179283	0
764.15	0	.3050939	.276999	.4179071	0
763.15	0	.305167	.2769467	.4178863	0
762.15	0	.3052418	.2768923	.4178659	0
761.15	0	.3053182	.2768358	.417846	0
760.15	0	.305396	.2767776	.4178264	0
759.15	0	.3054752	.2767177	.4178072	0
758.15	0	.3055555	.2766561	.4177883	0
757.15	0	.305637	.2765932	.4177697	0
756.15	0	.3057195	.276529	.4177515	0
755.15	0	.305803	.2764636	.4177335	0
754.15	0	.3058872	.276397	.4177157	0
753.15	0	.3059723	.2763295	.4176983	0
752.15	0	.306058	.2762611	.417681	0
751.15	0	.3061443	.2761918	.4176639	0
750.15	0	.3062311	.2761218	.4176471	0
749.15	0	.3063184	.2760512	.4176304	0
748.15	0	.3064061	.27598	.4176139	0
747.15	0	.3064941	.2759083	.4175976	0
746.15	0	.3065825	.2758362	.4175814	0
745.15	0	.306671	.2757636	.4175654	0
744.15	0	.3067598	.2756908	.4175495	0
743.15	0	.3068487	.2756177	.4175337	0
742.15	0	.3069376	.2755444	.417518	0
741.15	0	.3070267	.2754709	.4175024	0
740.15	0	.3071157	.2753973	.4174869	0
739.15	0	.3072047	.2753237	.4174715	0
738.15	0	.3072937	.2752501	.4174563	0
737.15	0	.3073825	.2751765	.417441	0
736.15	0	.3074713	.2751029	.4174259	0
735.15	0	.3075598	.2750294	.4174108	0
734.15	0	.3076482	.2749561	.4173957	0
733.15	0	.3077364	.2748829	.4173807	0
732.15	0	.3078243	.2748099	.4173658	0
731.15	0	.3079119	.2747372	.4173509	0
730.15	0	.3079993	.2746647	.417336	0
729.15	0	.3080864	.2745925	.4173212	0
728.15	0	.3081731	.2745206	.4173063	0
727.15	0	.3082595	.274449	.4172916	0
726.15	0	.3083455	.2743777	.4172768	0
725.15	0	.3084311	.2743069	.417262	0
724.15	0	.3085164	.2742364	.4172473	0
723.15	0	.3086012	.2741663	.4172325	0
722.15	0	.3086856	.2740967	.4172178	0
721.15	0	.3087695	.2740275	.4172031	0
720.15	0	.308853	.2739587	.4171883	0
719.15	0	.308936	.2738904	.4171736	0
718.15	0	.3090185	.2738226	.4171588	0
717.15	0	.3091006	.2737553	.4171441	0
716.15	0	.3091822	.2736886	.4171293	0
715.15	0	.3092632	.2736223	.4171145	0
714.15	0	.3093437	.2735566	.4170997	0
713.15	0	.3094238	.2734914	.4170849	0
712.15	0	.3095032	.2734267	.41707	0
711.15	0	.3095822	.2733627	.4170552	0
710.15	0	.3096606	.2732992	.4170403	0
709.15	0	.3097384	.2732362	.4170253	0
708.15	0	.3098157	.2731739	.4170104	0
707.15	0	.3098924	.2731121	.4169954	0
706.15	0	.3099686	.273051	.4169804	0
705.15	0	.3100442	.2729904	.4169654	0
704.15	0	.3101193	.2729304	.4169503	0
703.15	0	.3101937	.2728711	.4169352	0
702.15	0	.3102676	.2728124	.41692	0
701.15	0	.3103409	.2727543	.4169048	0
700.15	0	.3104136	.2726968	.4168896	0
699.15	0	.3104857	.2726399	.4168744	0
698.15	0	.3105573	.2725837	.4168591	0
697.15	0	.3106282	.2725281	.4168437	0
696.15	0	.3106986	.2724731	.4168283	0
695.15	0	.3107684	.2724187	.4168129	0
694.15	0	.3108376	.272365	.4167974	0
693.15	0	.3109062	.272312	.4167819	0
692.15	0	.3109741	.2722595	.4167663	0
691.15	0	.3110416	.2722077	.4167507	0
690.15	0	.3111084	.2721566	.4167351	0
689.15	0	.3111746	.2721061	.4167193	0
688.15	0	.3112402	.2720562	.4167036	0
687.15	0	.3113053	.272007	.4166878	0
686.15	0	.3113697	.2719584	.4166719	0
685.15	0	.3114335	.2719104	.416656	0
684.15	0	.3114968	.2718631	.4166401	0
683.15	0	.3115595	.2718164	.4166241	0
682.15	0	.3116216	.2717704	.416608	0
681.15	0	.3116831	.271725	.4165919	0
680.15	0	.311744	.2716802	.4165758	0
679.15	0	.3118044	.2716361	.4165596	0
678.15	0	.3118641	.2715926	.4165433	0
677.15	0	.3119233	.2715497	.416527	0
676.15	0	.3119819	.2715075	.4165106	0
675.15	0	.3120399	.2714659	.4164942	0
674.15	0	.3120974	.2714249	.4164777	0
673.15	0	.3121543	.2713845	.4164612	0
672.15	0	.3122106	.2713448	.4164447	0
671.15	0	.3122663	.2713057	.416428	0
670.15	0	.3123215	.2712672	.4164114	0
669.15	0	.3123761	.2712293	.4163946	0
668.15	0	.3124302	.271192	.4163779	0
667.15	0	.3124837	.2711553	.416361	0
666.15	0	.3125366	.2711192	.4163441	0
665.15	0	.312589	.2710838	.4163272	0
664.15	0	.3126409	.2710489	.4163102	0
663.15	0	.3126922	.2710147	.4162932	0
662.15	0	.3127429	.270981	.4162761	0
661.15	0	.3127932	.2709479	.4162589	0
660.15	0	.3128428	.2709155	.4162417	0
659.15	0	.312892	.2708836	.4162245	0
658.15	0	.3129406	.2708523	.4162071	0
657.15	0	.3129887	.2708216	.4161898	0
656.15	0	.3130362	.2707914	.4161724	0
655.15	0	.3130833	.2707618	.4161549	0
654.15	0	.3131298	.2707328	.4161374	0
653.15	0	.3131758	.2707044	.4161198	0
652.15	0	.3132212	.2706766	.4161022	0
651.15	0	.3132662	.2706493	.4160845	0
650.15	0	.3133107	.2706225	.4160668	0
649.15	0	.3133546	.2705963	.4160491	0
648.15	0	.313398	.2705707	.4160313	0
647.15	0	.313441	.2705456	.4160134	0
646.15	0	.3134834	.2705211	.4159955	0
645.15	0	.3135254	.2704971	.4159775	0
644.15	0	.3135669	.2704737	.4159595	0
643.15	0	.3136078	.2704508	.4159414	0
642.15	0	.3136483	.2704284	.4159233	0
641.15	0	.3136883	.2704065	.4159051	0
640.15	0	.3137279	.2703852	.4158869	0
639.15	0	.3137669	.2703644	.4158687	0
638.15	0	.3138055	.2703442	.4158504	0
637.15	0	.3138436	.2703244	.415832	0
636.15	0	.3138813	.2703051	.4158136	0
635.15	0	.3139184	.2702864	.4157951	0
634.15	0	.3139552	.2702682	.4157766	0
633.15	0	.3139914	.2702505	.4157581	0
632.15	0	.3140272	.2702332	.4157395	0
631.15	0	.3140626	.2702165	.4157209	0
630.15	0	.3140975	.2702003	.4157022	0
629.15	0	.314132	.2701845	.4156835	0
628.15	0	.314166	.2701693	.4156647	0
627.15	0	.3141996	.2701545	.4156459	0
626.15	0	.3142328	.2701402	.415627	0
625.15	0	.3142655	.2701264	.4156082	0
624.15	0	.3142978	.270113	.4155892	0
623.15	0	.3143296	.2701002	.4155702	0
622.15	0	.3143611	.2700877	.4155512	0
621.15	0	.3143921	.2700758	.4155321	0
620.15	0	.3144227	.2700643	.415513	0
619.15	0	.3144529	.2700533	.4154939	0
618.15	0	.3144826	.2700427	.4154747	0
617.15	0	.314512	.2700326	.4154555	0
616.15	0	.314541	.2700229	.4154362	0
615.15	0	.3145695	.2700136	.4154169	0
614.15	0	.3145977	.2700048	.4153975	0
613.15	0	.3146254	.2699965	.4153781	0
612.15	0	.3146528	.2699885	.4153587	0
611.15	0	.3146797	.269981	.4153392	0
610.15	0	.3147063	.2699739	.4153197	0
609.15	0	.3147325	.2699673	.4153002	0
608.15	0	.3147583	.2699611	.4152806	0
607.15	0	.3147837	.2699553	.415261	0
606.15	0	.3148088	.2699498	.4152414	0
605.15	0	.3148335	.2699449	.4152217	0
604.15	0	.3148578	.2699403	.415202	0
603.15	0	.3148817	.2699361	.4151822	0
602.15	0	.3149053	.2699323	.4151624	0
601.15	0	.3149285	.2699289	.4151426	0
600.15	0	.3149513	.2699259	.4151228	0
599.15	0	.3149738	.2699234	.4151029	0
598.15	0	.3149959	.2699211	.415083	0
597.15	0	.3150177	.2699193	.415063	0
596.15	0	.3150391	.2699179	.415043	0
595.15	0	.3150602	.2699168	.415023	0
594.15	0	.3150809	.2699161	.415003	0
593.15	0	.3151013	.2699158	.4149829	0
592.15	0	.3151213	.2699159	.4149628	0
591.15	0	.315141	.2699163	.4149427	0
590.15	0	.3151604	.2699171	.4149225	0
589.15	0	.3151794	.2699183	.4149023	0
588.15	0	.3151981	.2699198	.4148821	0
587.15	0	.3152165	.2699217	.4148619	0
586.15	0	.3152345	.2699239	.4148416	0
585.15	0	.3152522	.2699265	.4148213	0
584.15	0	.3152696	.2699294	.414801	0
583.15	0	.3152867	.2699326	.4147806	0
582.15	0	.3153035	.2699363	.4147603	0
581.15	0	.3153199	.2699402	.4147399	0
580.15	0	.3153361	.2699445	.4147194	0
579.15	0	.3153519	.2699491	.414699	0
578.15	0	.3153674	.269954	.4146785	0
577.15	0	.3153827	.2699593	.414658	0
576.15	0	.3153976	.2699649	.4146375	0
575.15	0	.3154122	.2699708	.414617	0
574.15	0	.3154265	.269977	.4145965	0
573.15	0	.3154405	.2699836	.4145759	0
572.15	0	.3154543	.2699905	.4145553	0
571.15	0	.3154677	.2699976	.4145347	0
570.15	0	.3154809	.2700051	.414514	0
569.15	0	.3154937	.2700129	.4144934	0
568.15	0	.3155063	.270021	.4144727	0
567.15	0	.3155186	.2700294	.414452	0
566.15	0	.3155306	.2700381	.4144313	0
565.15	0	.3155424	.270047	.4144106	0
564.15	0	.3155538	.2700563	.4143899	0
563.15	0	.315565	.2700659	.4143691	0
562.15	0	.3155759	.2700757	.4143483	0
561.15	0	.3155866	.2700859	.4143275	0
560.15	0	.315597	.2700963	.4143068	0
559.15	0	.3156071	.270107	.4142859	0
558.15	0	.315617	.2701179	.4142651	0
557.15	0	.3156266	.2701292	.4142443	0
556.15	0	.3156359	.2701407	.4142234	0
555.15	0	.315645	.2701525	.4142026	0
554.15	0	.3156538	.2701645	.4141817	0
553.15	0	.3156623	.2701769	.4141608	0
552.15	0	.3156707	.2701894	.4141399	0
551.15	0	.3156787	.2702023	.414119	0
550.15	0	.3156866	.2702154	.4140981	0
549.15	0	.3156941	.2702287	.4140771	0
548.15	0	.3157015	.2702423	.4140562	0
547.15	0	.3157086	.2702562	.4140353	0
546.15	0	.3157154	.2702703	.4140143	0
545.15	0	.315722	.2702846	.4139934	0
544.15	0	.3157284	.2702992	.4139724	0
543.15	0	.3157345	.270314	.4139514	0
542.15	0	.3157404	.2703291	.4139305	0
541.15	0	.3157461	.2703444	.4139095	0
540.15	0	.3157516	.27036	.4138885	0
539.15	0	.3157568	.2703757	.4138675	0
538.15	0	.3157618	.2703917	.4138465	0
537.15	0	.3157666	.2704079	.4138255	0
536.15	0	.3157711	.2704244	.4138045	0
535.15	0	.3157754	.2704411	.4137835	0
534.15	0	.3157796	.2704579	.4137625	0
533.15	0	.3157835	.270475	.4137415	0
532.15	0	.3157871	.2704924	.4137205	0
531.15	0	.3157906	.2705099	.4136995	0
530.15	0	.3157939	.2705277	.4136785	0
529.15	0	.3157969	.2705456	.4136575	0
528.15	0	.3157998	.2705638	.4136365	0
527.15	0	.3158024	.2705822	.4136155	0
526.15	0	.3158048	.2706007	.4135945	0
525.15	0	.315807	.2706195	.4135735	0
524.15	0	.3158091	.2706385	.4135525	0
523.15	0	.3158109	.2706576	.4135315	0
522.15	0	.3158125	.270677	.4135105	0
521.15	0	.3158139	.2706966	.4134895	0
520.15	0	.3158151	.2707163	.4134685	0
519.15	0	.3158162	.2707362	.4134476	0
518.15	0	.315817	.2707564	.4134266	0
517.15	0	.3158177	.2707767	.4134056	0
516.15	0	.3158182	.2707972	.4133847	0
515.15	0	.3158184	.2708178	.4133638	0
514.15	0	.3158185	.2708387	.4133428	0
513.15	0	.3158184	.2708597	.4133219	0
512.15	0	.3158183	.2708809	.4133008	0
511.15	0	.3158178	.2709022	.4132799	0
510.15	0	.3158172	.2709238	.413259	0
509.15	0	.3158164	.2709455	.4132381	0
508.15	0	.3158154	.2709674	.4132172	0
507.15	0	.3158142	.2709894	.4131964	0
506.15	0	.3158129	.2710116	.4131755	0
505.15	0	.3158114	.271034	.4131547	0
504.15	0	.3158097	.2710565	.4131338	0
503.15	0	.3158078	.2710792	.413113	0
502.15	0	.3158058	.271102	.4130922	0
501.15	0	.3158036	.271125	.4130714	0
500.15	0	.3158012	.2711482	.4130506	0
499.15	0	.3157987	.2711714	.4130299	0
498.15	0	.315796	.2711949	.4130091	0
497.15	0	.3157931	.2712185	.4129884	0
496.15	0	.3157901	.2712422	.4129677	0
495.15	0	.315787	.2712661	.412947	0
494.15	0	.3157836	.2712901	.4129263	0
493.15	0	.3157801	.2713143	.4129056	0
492.15	0	.3157765	.2713385	.412885	0
491.15	0	.3157727	.271363	.4128643	0
490.15	0	.3157687	.2713875	.4128437	0
489.15	0	.3157646	.2714122	.4128232	0
488.15	0	.3157604	.2714371	.4128026	0
487.15	0	.315756	.271462	.412782	0
486.15	0	.3157514	.2714871	.4127615	0
485.15	0	.3157467	.2715123	.412741	0
484.15	0	.3157419	.2715376	.4127205	0
483.15	0	.3157369	.2715631	.4127001	0
482.15	0	.3157317	.2715886	.4126796	0
481.15	0	.3157265	.2716143	.4126592	0
480.15	0	.315721	.2716402	.4126388	0
479.15	0	.3157155	.2716661	.4126185	0
478.15	0	.3157098	.2716921	.4125981	0
477.15	0	.3157039	.2717183	.4125778	0
476.15	0	.315698	.2717445	.4125575	0
475.15	0	.3156919	.2717709	.4125372	0
474.15	0	.3156856	.2717974	.412517	0
473.15	0	.3156793	.271824	.4124968	0
472.15	0	.3156727	.2718507	.4124766	0
471.15	0	.3156661	.2718775	.4124564	0
470.15	0	.3156593	.2719043	.4124363	0
469.15	0	.3156525	.2719313	.4124162	0
468.15	0	.3156454	.2719584	.4123962	0
467.15	0	.3156383	.2719856	.4123761	0
466.15	0	.315631	.2720129	.4123561	0
465.15	0	.3156236	.2720403	.4123361	0
464.15	0	.3156161	.2720677	.4123162	0
463.15	0	.3156084	.2720953	.4122962	0
462.15	0	.3156007	.272123	.4122764	0
461.15	0	.3155928	.2721507	.4122565	0
460.15	0	.3155848	.2721785	.4122367	0
459.15	0	.3155767	.2722064	.4122169	0
458.15	0	.3155684	.2722344	.4121971	0
457.15	0	.3155601	.2722625	.4121774	0
456.15	0	.3155516	.2722907	.4121577	0
455.15	0	.315543	.2723189	.4121381	0
454.15	0	.3155343	.2723472	.4121185	0
453.15	0	.3155255	.2723756	.4120989	0
452.15	0	.3155166	.2724041	.4120793	0
451.15	0	.3155076	.2724326	.4120598	0
450.15	0	.3154984	.2724612	.4120404	0
449.15	0	.3154892	.2724899	.4120209	0
448.15	0	.3154799	.2725186	.4120015	0
447.15	0	.3154705	.2725474	.4119822	0
446.15	0	.3154609	.2725762	.4119629	0
445.15	0	.3154513	.2726051	.4119436	0
444.15	0	.3154416	.272634	.4119244	0
443.15	0	.3154318	.272663	.4119052	0
442.15	0	.3154219	.2726921	.4118861	0
441.15	0	.3154119	.2727212	.411867	0
440.15	0	.3154018	.2727503	.4118479	0
439.15	0	.3153916	.2727794	.411829	0
438.15	0	.3153814	.2728086	.41181	0
