T	 BPW(LIQUID)	BPW(BCC_A2)	BPW(FCC_A1)	BPW(LAVES_PHASE_C14)	BPW(NI3TI)
1473.15	0	1	0	0	0
1472.15	0	1	0	0	0
1471.15	0	1	0	0	0
1470.15	0	1	0	0	0
1469.15	0	1	0	0	0
1468.15	0	1	0	0	0
1467.15	0	1	0	0	0
1466.15	0	1	0	0	0
1465.15	0	1	0	0	0
1464.15	0	1	0	0	0
1463.15	0	1	0	0	0
1462.15	0	1	0	0	0
1461.15	0	1	0	0	0
1460.15	0	1	0	0	0
1459.15	0	1	0	0	0
1458.15	0	1	0	0	0
1457.15	0	1	0	0	0
1456.15	0	1	0	0	0
1455.15	0	1	0	0	0
1454.15	0	1	0	0	0
1453.15	0	1	0	0	0
1452.15	0	1	0	0	0
1451.15	0	1	0	0	0
1450.15	0	1	0	0	0
1449.15	0	1	0	0	0
1448.15	0	1	0	0	0
1447.15	0	1	0	0	0
1446.15	0	1	0	0	0
1445.15	0	1	0	0	0
1444.15	0	1	0	0	0
1443.15	0	1	0	0	0
1442.15	0	1	0	0	0
1441.15	0	1	0	0	0
1440.15	0	1	0	0	0
1439.15	0	1	0	0	0
1438.15	0	1	0	0	0
1437.15	0	1	0	0	0
1436.15	0	1	0	0	0
1435.15	0	1	0	0	0
1434.15	0	1	0	0	0
1433.15	0	1	0	0	0
1432.15	0	1	0	0	0
1431.15	0	1	0	0	0
1430.15	0	1	0	0	0
1429.15	0	1	0	0	0
1428.15	0	1	0	0	0
1427.15	0	1	0	0	0
1426.15	0	1	0	0	0
1425.15	0	1	0	0	0
1424.15	0	1	0	0	0
1423.15	0	1	0	0	0
1422.15	0	1	0	0	0
1421.15	0	1	0	0	0
1420.15	0	1	0	0	0
1419.15	0	1	0	0	0
1418.15	0	1	0	0	0
1417.15	0	1	0	0	0
1416.15	0	1	0	0	0
1415.15	0	1	0	0	0
1414.15	0	1	0	0	0
1413.15	0	1	0	0	0
1412.15	0	1	0	0	0
1411.15	0	1	0	0	0
1410.15	0	1	0	0	0
1409.15	0	1	0	0	0
1408.15	0	1	0	0	0
1407.15	0	1	0	0	0
1406.15	0	1	0	0	0
1405.15	0	1	0	0	0
1404.15	0	1	0	0	0
1403.15	0	1	0	0	0
1402.15	0	1	0	0	0
1401.15	0	1	0	0	0
1400.15	0	1	0	0	0
1399.15	0	1	0	0	0
1398.15	0	1	0	0	0
1397.15	0	1	0	0	0
1396.15	0	1	0	0	0
1395.15	0	1	0	0	0
1394.15	0	1	0	0	0
1393.15	0	1	0	0	0
1392.15	0	1	0	0	0
1391.15	0	1	0	0	0
1390.15	0	1	0	0	0
1389.15	0	1	0	0	0
1388.15	0	1	0	0	0
1387.15	0	1	0	0	0
1386.15	0	1	0	0	0
1385.15	0	1	0	0	0
1384.15	0	1	0	0	0
1383.15	0	1	0	0	0
1382.15	0	1	0	0	0
1381.15	0	1	0	0	0
1380.15	0	1	0	0	0
1379.15	0	1	0	0	0
1378.15	0	1	0	0	0
1377.15	0	1	0	0	0
1376.15	0	1	0	0	0
1375.15	0	1	0	0	0
1374.15	0	1	0	0	0
1373.15	0	1	0	0	0
1372.15	0	1	0	0	0
1371.15	0	1	0	0	0
1370.15	0	1	0	0	0
1369.15	0	1	0	0	0
1368.15	0	1	0	0	0
1367.15	0	1	0	0	0
1366.15	0	1	0	0	0
1365.15	0	1	0	0	0
1364.15	0	1	0	0	0
1363.15	0	1	0	0	0
1362.15	0	1	0	0	0
1361.15	0	1	0	0	0
1360.15	0	1	0	0	0
1359.15	0	1	0	0	0
1358.15	0	1	0	0	0
1357.15	0	1	0	0	0
1356.15	0	1	0	0	0
1355.15	0	1	0	0	0
1354.15	0	1	0	0	0
1353.15	0	1	0	0	0
1352.15	0	1	0	0	0
1351.15	0	1	0	0	0
1350.15	0	1	0	0	0
1349.15	0	1	0	0	0
1348.15	0	1	0	0	0
1347.15	0	1	0	0	0
1346.15	0	1	0	0	0
1345.15	0	1	0	0	0
1344.15	0	1	0	0	0
1343.15	0	1	0	0	0
1342.15	0	1	0	0	0
1341.15	0	1	0	0	0
1340.15	0	1	0	0	0
1339.15	0	1	0	0	0
1338.15	0	1	0	0	0
1337.15	0	1	0	0	0
1336.15	0	1	0	0	0
1335.15	0	1	0	0	0
1334.15	0	1	0	0	0
1333.15	0	1	0	0	0
1332.15	0	1	0	0	0
1331.15	0	1	0	0	0
1330.15	0	1	0	0	0
1329.15	0	1	0	0	0
1328.15	0	1	0	0	0
1327.15	0	1	0	0	0
1326.15	0	1	0	0	0
1325.15	0	1	0	0	0
1324.15	0	1	0	0	0
1323.15	0	1	0	0	0
1322.15	0	1	0	0	0
1321.15	0	1	0	0	0
1320.15	0	1	0	0	0
1319.15	0	1	0	0	0
1318.15	0	1	0	0	0
1317.15	0	1	0	0	0
1316.15	0	1	0	0	0
1315.15	0	1	0	0	0
1314.15	0	1	0	0	0
1313.15	0	1	0	0	0
1312.15	0	1	0	0	0
1311.15	0	1	0	0	0
1310.15	0	1	0	0	0
1309.15	0	1	0	0	0
1308.15	0	1	0	0	0
1307.15	0	1	0	0	0
1306.15	0	1	0	0	0
1305.15	0	1	0	0	0
1304.15	0	1	0	0	0
1303.15	0	1	0	0	0
1302.15	0	1	0	0	0
1301.15	0	1	0	0	0
1300.15	0	1	0	0	0
1299.15	0	1	0	0	0
1298.15	0	1	0	0	0
1297.15	0	1	0	0	0
1296.15	0	1	0	0	0
1295.15	0	1	0	0	0
1294.15	0	1	0	0	0
1293.15	0	1	0	0	0
1292.899	0	1	0	0	0
1292.899	0	1	0	0	0
1292.899	0	1	0	0	0
1292.15	0	.9989009	.001099079	0	0
1291.15	0	.9974354	.002564633	0	0
1290.15	0	.9959725	.004027516	0	0
1289.15	0	.9945123	.00548773	0	0
1288.15	0	.9930547	.00694527	0	0
1287.15	0	.9915999	.008400137	0	0
1286.15	0	.9901477	.009852328	0	0
1285.15	0	.9886982	.01130184	0	0
1284.15	0	.9872513	.01274868	0	0
1283.15	0	.9858072	.01419283	0	0
1282.15	0	.9843657	.0156343	0	0
1281.15	0	.9829269	.01707309	0	0
1280.15	0	.9814908	.01850919	0	0
1279.15	0	.9800574	.01994261	0	0
1278.15	0	.9786267	.02137333	0	0
1277.15	0	.9771986	.02280136	0	0
1276.15	0	.9757733	.0242267	0	0
1275.15	0	.9743507	.02564934	0	0
1274.15	0	.9729307	.02706929	0	0
1273.15	0	.9715135	.02848653	0	0
1272.15	0	.9700989	.02990108	0	0
1271.15	0	.9686871	.03131291	0	0
1270.15	0	.967278	.03272204	0	0
1269.15	0	.9658715	.03412846	0	0
1268.15	0	.9644678	.03553217	0	0
1267.15	0	.9630668	.03693317	0	0
1266.15	0	.9616685	.03833145	0	0
1265.15	0	.960273	.03972701	0	0
1264.15	0	.9588802	.04111985	0	0
1263.15	0	.95749	.04250996	0	0
1262.15	0	.9561027	.04389735	0	0
1261.15	0	.954718	.04528201	0	0
1260.15	0	.9533361	.04666393	0	0
1259.15	0	.9519569	.04804312	0	0
1258.15	0	.9505804	.04941957	0	0
1257.15	0	.9492067	.05079329	0	0
1256.15	0	.9478357	.05216425	0	0
1255.15	0	.9464675	.05353247	0	0
1254.15	0	.9451021	.05489794	0	0
1253.15	0	.9437393	.05626066	0	0
1252.15	0	.9423794	.05762062	0	0
1251.15	0	.9410222	.05897782	0	0
1250.15	0	.9396677	.06033226	0	0
1249.15	0	.9383161	.06168394	0	0
1248.15	0	.9369672	.06303284	0	0
1247.15	0	.935621	.06437897	0	0
1246.15	0	.9342777	.06572233	0	0
1245.15	0	.9329371	.0670629	0	0
1244.15	0	.9315993	.06840069	0	0
1243.15	0	.9302643	.0697357	0	0
1242.15	0	.9289321	.07106791	0	0
1241.15	0	.9276027	.07239733	0	0
1240.15	0	.9262761	.07372395	0	0
1239.15	0	.9249522	.07504778	0	0
1238.15	0	.9236312	.07636879	0	0
1237.15	0	.922313	.07768699	0	0
1236.15	0	.9209976	.07900238	0	0
1235.15	0	.9196851	.08031496	0	0
1234.15	0	.9183753	.0816247	0	0
1233.15	0	.9170684	.08293163	0	0
1232.15	0	.9157643	.08423572	0	0
1231.15	0	.914463	.08553698	0	0
1230.15	0	.9131646	.0868354	0	0
1229.15	0	.911869	.08813098	0	0
1228.15	0	.9105763	.0894237	0	0
1227.15	0	.9092864	.09071358	0	0
1226.15	0	.9079994	.0920006	0	0
1225.15	0	.9067153	.09328475	0	0
1224.15	0	.905434	.09456604	0	0
1223.15	0	.9041555	.09584446	0	0
1222.15	0	.90288	.09712	0	0
1221.15	0	.9016073	.09839267	0	0
1220.15	0	.9003376	.09966244	0	0
1219.15	0	.8990707	.1009293	0	0
1218.15	0	.8978067	.1021933	0	0
1217.15	0	.8965456	.1034544	0	0
1216.15	0	.8952874	.1047126	0	0
1215.15	0	.8940322	.1059679	0	0
1214.15	0	.8927798	.1072202	0	0
1213.15	0	.8915304	.1084696	0	0
1212.15	0	.8902839	.1097161	0	0
1211.15	0	.8890403	.1109597	0	0
1210.15	0	.8877997	.1122003	0	0
1209.15	0	.886562	.113438	0	0
1208.15	0	.8853272	.1146728	0	0
1207.15	0	.8840955	.1159045	0	0
1206.15	0	.8828667	.1171334	0	0
1205.15	0	.8816408	.1183592	0	0
1204.15	0	.8804179	.1195821	0	0
1203.15	0	.879198	.120802	0	0
1202.15	0	.8779811	.1220189	0	0
1201.15	0	.8767672	.1232328	0	0
1200.15	0	.8755563	.1244437	0	0
1199.15	0	.8743484	.1256516	0	0
1198.15	0	.8731435	.1268565	0	0
1197.15	0	.8719416	.1280584	0	0
1196.15	0	.8707427	.1292573	0	0
1195.15	0	.8695469	.1304531	0	0
1194.15	0	.8683541	.1316459	0	0
1193.15	0	.8671643	.1328357	0	0
1192.15	0	.8659776	.1340224	0	0
1191.15	0	.864794	.135206	0	0
1190.15	0	.8636134	.1363866	0	0
1189.15	0	.8624359	.1375641	0	0
1188.15	0	.8612615	.1387385	0	0
1187.15	0	.8600902	.1399098	0	0
1186.15	0	.8589219	.1410781	0	0
1185.15	0	.8577568	.1422432	0	0
1184.15	0	.8565947	.1434053	0	0
1183.15	0	.8554358	.1445642	0	0
1182.15	0	.85428	.14572	0	0
1181.15	0	.8531274	.1468726	0	0
1180.15	0	.8519778	.1480222	0	0
1179.15	0	.8508315	.1491686	0	0
1178.15	0	.8496882	.1503118	0	0
1177.15	0	.8485482	.1514518	0	0
1176.15	0	.8474113	.1525887	0	0
1175.15	0	.8462775	.1537225	0	0
1174.15	0	.845147	.154853	0	0
1173.15	0	.8440197	.1559803	0	0
1172.15	0	.8428956	.1571044	0	0
1171.15	0	.8417746	.1582254	0	0
1170.15	0	.8406569	.1593431	0	0
1169.15	0	.8395425	.1604575	0	0
1168.15	0	.8384312	.1615688	0	0
1167.15	0	.8373233	.1626768	0	0
1166.15	0	.8362185	.1637815	0	0
1165.15	0	.8351171	.164883	0	0
1164.15	0	.8340189	.1659812	0	0
1163.15	0	.8329239	.1670761	0	0
1162.15	0	.8318323	.1681677	0	0
1161.15	0	.830744	.169256	0	0
1160.15	0	.829659	.170341	0	0
1159.15	0	.8285773	.1714227	0	0
1158.15	0	.8274989	.1725011	0	0
1157.15	0	.8264239	.1735761	0	0
1156.15	0	.8253522	.1746478	0	0
1155.15	0	.8242839	.1757161	0	0
1154.15	0	.8232189	.1767811	0	0
1153.15	0	.8221573	.1778427	0	0
1152.15	0	.8210992	.1789009	0	0
1151.15	0	.8200444	.1799556	0	0
1150.15	0	.818993	.181007	0	0
1149.15	0	.817945	.182055	0	0
1148.15	0	.8169005	.1830995	0	0
1147.15	0	.8158594	.1841406	0	0
1146.15	0	.8148217	.1851783	0	0
1145.15	0	.8137875	.1862125	0	0
1144.15	0	.8127568	.1872432	0	0
1143.15	0	.8117296	.1882704	0	0
1142.15	0	.8107058	.1892942	0	0
1141.15	0	.8096856	.1903144	0	0
1140.15	0	.8086688	.1913312	0	0
1139.15	0	.8076556	.1923444	0	0
1138.15	0	.806646	.193354	0	0
1137.15	0	.8056399	.1943602	0	0
1136.15	0	.8046373	.1953627	0	0
1135.15	0	.8036383	.1963617	0	0
1134.15	0	.8026429	.1973571	0	0
1133.15	0	.8016511	.1983489	0	0
1132.15	0	.8006629	.1993371	0	0
1131.15	0	.7996783	.2003217	0	0
1130.15	0	.7986973	.2013027	0	0
1129.15	0	.79772	.20228	0	0
1128.15	0	.7967463	.2032537	0	0
1127.15	0	.7957763	.2042237	0	0
1126.15	0	.79481	.20519	0	0
1125.15	0	.7938474	.2061526	0	0
1124.15	0	.7928884	.2071116	0	0
1123.15	0	.7919332	.2080668	0	0
1122.15	0	.7909817	.2090183	0	0
1121.15	0	.790034	.209966	0	0
1120.15	0	.78909	.21091	0	0
1119.15	0	.7881498	.2118502	0	0
1118.15	0	.7872134	.2127866	0	0
1117.15	0	.7862807	.2137193	0	0
1116.15	0	.7853519	.2146481	0	0
1115.15	0	.7844269	.2155731	0	0
1114.15	0	.7835057	.2164943	0	0
1113.15	0	.7825884	.2174116	0	0
1112.15	0	.7816749	.2183251	0	0
1111.15	0	.7807653	.2192347	0	0
1110.15	0	.7798596	.2201404	0	0
1109.15	0	.7789578	.2210422	0	0
1108.15	0	.7780599	.2219401	0	0
1107.15	0	.7771659	.2228341	0	0
1106.15	0	.7762759	.2237241	0	0
1105.15	0	.7753899	.2246101	0	0
1104.15	0	.7745078	.2254922	0	0
1103.15	0	.7736297	.2263703	0	0
1102.15	0	.7727556	.2272444	0	0
1101.15	0	.7718856	.2281144	0	0
1100.15	0	.7710196	.2289805	0	0
1099.15	0	.7701576	.2298424	0	0
1098.15	0	.7692997	.2307003	0	0
1097.15	0	.7684458	.2315542	0	0
1096.15	0	.7675961	.2324039	0	0
1095.15	0	.7667504	.2332496	0	0
1094.15	0	.7659089	.2340911	0	0
1093.15	0	.7650715	.2349285	0	0
1092.15	0	.7642383	.2357617	0	0
1091.15	0	.7634093	.2365907	0	0
1090.15	0	.7625844	.2374156	0	0
1089.15	0	.7617638	.2382362	0	0
1088.15	0	.7609473	.2390527	0	0
1087.15	0	.7601351	.2398649	0	0
1086.15	0	.7593272	.2406728	0	0
1085.15	0	.7585235	.2414765	0	0
1084.15	0	.7577241	.2422759	0	0
1083.15	0	.756929	.243071	0	0
1082.15	0	.7561382	.2438618	0	0
1081.15	0	.7553517	.2446483	0	0
1080.15	0	.7545696	.2454304	0	0
1079.15	0	.7537919	.2462081	0	0
1078.15	0	.7530185	.2469815	0	0
1077.15	0	.7522496	.2477505	0	0
1076.15	0	.751485	.248515	0	0
1075.15	0	.7507249	.2492751	0	0
1074.15	0	.7499692	.2500308	0	0
1073.15	0	.7492181	.250782	0	0
1072.15	0	.7484713	.2515287	0	0
1071.15	0	.7477291	.2522709	0	0
1070.15	0	.7469915	.2530086	0	0
1069.15	0	.7462583	.2537417	0	0
1068.15	0	.7455297	.2544703	0	0
1067.15	0	.7448057	.2551943	0	0
1066.15	0	.7440863	.2559137	0	0
1065.15	0	.7433714	.2566286	0	0
1064.15	0	.7426613	.2573388	0	0
1063.15	0	.7419557	.2580443	0	0
1062.15	0	.7412548	.2587452	0	0
1061.15	0	.7405586	.2594414	0	0
1060.15	0	.7398671	.2601329	0	0
1059.15	0	.7391803	.2608197	0	0
1058.15	0	.7384982	.2615018	0	0
1057.15	0	.7378209	.2621791	0	0
1056.15	0	.7371484	.2628516	0	0
1055.15	0	.7364806	.2635194	0	0
1054.15	0	.7358177	.2641823	0	0
1053.15	0	.7351595	.2648405	0	0
1052.15	0	.7345063	.2654937	0	0
1051.15	0	.7338579	.2661422	0	0
1050.15	0	.7332143	.2667857	0	0
1049.15	0	.7325757	.2674243	0	0
1048.15	0	.731942	.268058	0	0
1047.15	0	.7313132	.2686868	0	0
1046.15	0	.7306894	.2693106	0	0
1045.15	0	.7300705	.2699295	0	0
1044.15	0	.7294567	.2705434	0	0
1043.15	0	.7288478	.2711522	0	0
1042.15	0	.728244	.271756	0	0
1041.15	0	.7276452	.2723548	0	0
1040.15	0	.7270515	.2729485	0	0
1039.15	0	.7264629	.2735371	0	0
1038.15	0	.7258794	.2741206	0	0
1037.15	0	.725301	.274699	0	0
1036.15	0	.7247278	.2752722	0	0
1035.15	0	.7241597	.2758403	0	0
1034.15	0	.7235968	.2764032	0	0
1033.15	0	.7230391	.2769609	0	0
1032.15	0	.7224866	.2775134	0	0
1031.15	0	.7219393	.2780607	0	0
1030.15	0	.7213973	.2786027	0	0
1029.15	0	.7208606	.2791394	0	0
1028.15	0	.7203291	.2796709	0	0
1027.15	0	.719803	.280197	0	0
1026.15	0	.7192822	.2807178	0	0
1025.15	0	.7187668	.2812332	0	0
1024.15	0	.7182567	.2817433	0	0
1023.15	0	.717752	.2822481	0	0
1022.15	0	.7172526	.2827474	0	0
1021.15	0	.7167587	.2832413	0	0
1020.15	0	.7162703	.2837297	0	0
1019.15	0	.7157873	.2842127	0	0
1018.15	0	.7153097	.2846903	0	0
1017.15	0	.7148377	.2851623	0	0
1016.15	0	.7143711	.2856289	0	0
1015.15	0	.7139101	.2860899	0	0
1014.15	0	.7134546	.2865454	0	0
1013.15	0	.7130047	.2869953	0	0
1012.15	0	.7125603	.2874397	0	0
1011.15	0	.7121216	.2878784	0	0
1010.643	0	.7119012	.2880988	0	0
1010.643	0	.7119012	.2880988	0	0
1010.643	0	.7119012	.2880988	0	0
1010.15	0	.711589	.2882616	1.494606E-04	0
1009.15	0	.7109601	.288588	4.518959E-04	0
1008.15	0	.7103372	.2889095	7.533445E-04	0
1007.15	0	.7097203	.2892259	.001053805	0
1006.15	0	.7091094	.2895373	.001353274	0
1005.15	0	.7085046	.2898436	.001651751	0
1004.15	0	.7079059	.2901449	.001949234	0
1003.15	0	.7073132	.2904411	.002245721	0
1002.15	0	.7067265	.2907323	.002541209	0
1001.15	0	.706146	.2910183	.002835697	0
1000.15	0	.7055715	.2912993	.003129181	0
999.15	0	.7050032	.2915751	.003421661	0
998.15	0	.704441	.2918459	.003713132	0
997.15	0	.7038849	.2921115	.004003594	0
996.15	0	.7033349	.2923721	.004293042	0
995.15	0	.7027911	.2926275	.004581475	0
994.15	0	.7022534	.2928777	.00486889	0
993.15	0	.7017219	.2931228	.005155284	0
992.15	0	.7011966	.2933628	.005440654	0
991.15	0	.7006774	.2935976	.005724997	0
990.15	0	.7001644	.2938273	.00600831	0
989.15	0	.6996577	.2940517	.006290589	0
988.15	0	.6991571	.2942711	.006571833	0
987.15	0	.6986628	.2944852	.006852036	0
986.15	0	.6981747	.2946942	.007131196	0
985.15	0	.6976928	.2948979	.007409309	0
984.15	0	.6972171	.2950965	.007686372	0
983.15	0	.6967477	.2952899	.007962381	0
982.15	0	.6962845	.2954781	.008237331	0
981.15	0	.6958276	.2956612	.00851122	0
980.15	0	.695377	.295839	.008784043	0
979.15	0	.6949326	.2960116	.009055795	0
978.15	0	.6944945	.296179	.009326473	0
977.15	0	.6940627	.2963412	.009596072	0
976.15	0	.6936372	.2964983	.009864587	0
975.15	0	.6932179	.2966501	.01013202	0
974.15	0	.692805	.2967967	.01039835	0
973.15	0	.6923983	.2969381	.01066359	0
972.15	0	.691998	.2970743	.01092772	0
971.15	0	.6916039	.2972053	.01119075	0
970.15	0	.6912161	.2973312	.01145267	0
969.15	0	.6908347	.2974518	.01171346	0
968.15	0	.6904596	.2975673	.01197314	0
967.15	0	.6900907	.2976776	.01223168	0
966.15	0	.6897282	.2977827	.01248909	0
965.15	0	.689372	.2978827	.01274536	0
964.15	0	.6890221	.2979775	.01300048	0
963.15	0	.6886785	.2980671	.01325445	0
962.15	0	.6883412	.2981516	.01350726	0
961.15	0	.6880102	.2982309	.0137589	0
960.15	0	.6876855	.2983052	.01400937	0
959.15	0	.6873671	.2983743	.01425866	0
958.15	0	.6870549	.2984383	.01450677	0
957.15	0	.6867491	.2984972	.01475368	0
956.15	0	.6864496	.2985511	.0149994	0
955.15	0	.6861563	.2985998	.0152439	0
954.15	0	.6858693	.2986435	.01548719	0
953.15	0	.6855885	.2986823	.01572926	0
952.15	0	.685314	.2987159	.01597009	0
951.15	0	.6850457	.2987446	.01620969	0
950.15	0	.6847837	.2987683	.01644803	0
949.15	0	.6845278	.298787	.01668512	0
948.15	0	.6842782	.2988009	.01692095	0
947.15	0	.6840348	.2988097	.0171555	0
946.15	0	.6837975	.2988137	.01738877	0
945.15	0	.6835664	.2988129	.01762075	0
944.15	0	.6833414	.2988072	.01785142	0
943.15	0	.6831226	.2987966	.01808079	0
942.15	0	.6829099	.2987813	.01830883	0
941.15	0	.6827032	.2987612	.01853553	0
940.15	0	.6825027	.2987364	.0187609	0
939.15	0	.6823081	.298707	.01898491	0
938.15	0	.6821196	.2986728	.01920756	0
937.15	0	.6819371	.298634	.01942883	0
936.15	0	.6817606	.2985907	.01964872	0
935.15	0	.68159	.2985428	.0198672	0
934.15	0	.6814254	.2984904	.02008427	0
933.15	0	.6812666	.2984335	.02029992	0
932.15	0	.6811136	.2983722	.02051414	0
931.15	0	.6809665	.2983066	.0207269	0
930.15	0	.6808252	.2982366	.0209382	0
929.15	0	.6806897	.2981623	.02114803	0
928.15	0	.6805598	.2980838	.02135636	0
927.15	0	.6804356	.2980012	.02156319	0
926.15	0	.6803171	.2979144	.0217685	0
925.15	0	.6802041	.2978236	.02197228	0
924.15	0	.6800967	.2977288	.0221745	0
923.15	0	.6799948	.29763	.02237517	0
922.15	0	.6798984	.2975274	.02257425	0
921.15	0	.6798073	.297421	.02277173	0
920.15	0	.6797216	.2973108	.0229676	0
919.15	0	.6796412	.297197	.02316183	0
918.15	0	.679566	.2970796	.02335441	0
917.15	0	.6794959	.2969588	.02354533	0
916.15	0	.679431	.2968344	.02373456	0
915.15	0	.6793711	.2967068	.02392208	0
914.15	0	.6793162	.2965759	.02410788	0
913.15	0	.6792662	.2964418	.02429193	0
912.15	0	.6792211	.2963047	.02447421	0
911.15	0	.6791807	.2961646	.0246547	0
910.15	0	.6791449	.2960217	.02483338	0
909.15	0	.6791138	.295876	.02501023	0
908.15	0	.6790872	.2957276	.02518522	0
907.15	0	.679065	.2955767	.02535833	0
906.15	0	.6790471	.2954234	.02552954	0
905.15	0	.6790335	.2952677	.02569881	0
904.15	0	.679024	.2951099	.02586613	0
903.15	0	.6790185	.29495	.02603146	0
902.15	0	.679017	.2947882	.02619479	0
901.15	0	.6790193	.2946247	.02635607	0
900.15	0	.6790252	.2944595	.02651528	0
899.15	0	.6790348	.2942928	.0266724	0
898.15	0	.6790478	.2941248	.02682738	0
897.15	0	.6790642	.2939556	.02698021	0
896.15	0	.6790837	.2937855	.02713083	0
895.15	0	.6791063	.2936145	.02727923	0
894.15	0	.6791318	.2934428	.02742536	0
893.15	0	.6791601	.2932707	.02756918	0
892.15	0	.679191	.2930984	.02771067	0
891.15	0	.6792243	.2929259	.02784977	0
890.15	0	.6792599	.2927536	.02798646	0
889.15	0	.6792976	.2925817	.02812068	0
888.15	0	.6793373	.2924104	.02825239	0
887.15	0	.6793786	.2922398	.02838155	0
886.15	0	.6794215	.2920704	.0285081	0
885.15	0	.6794657	.2919022	.02863201	0
884.15	0	.6795111	.2917357	.02875322	0
883.15	0	.6795573	.291571	.02887167	0
882.15	0	.6796043	.2914084	.0289873	0
881.15	0	.6796516	.2912483	.02910007	0
880.15	0	.6796991	.291091	.02920991	0
879.15	0	.6797465	.2909368	.02931676	0
878.15	0	.6797935	.290786	.02942055	0
877.15	0	.6798399	.290639	.0295212	0
876.15	0	.6798852	.2904961	.02961865	0
875.15	0	.6799294	.2903578	.02971283	0
874.15	0	.6799719	.2902245	.02980364	0
873.15	0	.6800124	.2900966	.029891	0
872.15	0	.6800506	.2899745	.02997484	0
871.15	0	.6800861	.2898589	.03005504	0
870.15	0	.6801185	.28975	.03013151	0
869.15	0	.6801473	.2896486	.03020415	0
868.15	0	.6801721	.2895551	.03027284	0
867.15	0	.6801579	.2895088	.0303333	0
866.15	0	.679787	.2898674	.03034565	0
865.15	0	.6794619	.2901807	.03035749	0
864.15	0	.6791798	.2904514	.03036876	0
863.15	0	.6789383	.2906823	.03037946	0
862.15	0	.678735	.2908755	.03038952	0
861.15	0	.6785677	.2910334	.03039895	0
860.15	0	.6784344	.291158	.03040769	0
859.15	0	.678333	.2912513	.03041575	0
858.15	0	.6782618	.2913152	.03042309	0
857.15	0	.678219	.2913513	.03042971	0
856.15	0	.6782029	.2913615	.03043559	0
855.15	0	.6782121	.2913472	.03044071	0
854.15	0	.678245	.2913099	.03044508	0
853.15	0	.6783003	.291251	.03044867	0
852.15	0	.6783767	.2911718	.0304515	0
851.15	0	.6784728	.2910736	.03045355	0
850.15	0	.6785876	.2909576	.03045482	0
849.15	0	.6787199	.2908248	.03045531	0
848.15	0	.6788686	.2906764	.03045503	0
847.15	0	.6790327	.2905134	.03045396	0
846.15	0	.6792112	.2903366	.03045213	0
845.15	0	.6794033	.2901472	.03044952	0
844.15	0	.6796081	.2899458	.03044614	0
843.15	0	.6798246	.2897334	.03044201	0
842.15	0	.6800522	.2895107	.03043712	0
841.15	0	.6802901	.2892784	.03043147	0
840.15	0	.6805376	.2890373	.03042509	0
839.15	0	.6807939	.2887881	.03041797	0
838.15	0	.6810585	.2885313	.03041013	0
837.15	0	.6813307	.2882677	.03040157	0
836.15	0	.68161	.2879977	.0303923	0
835.15	0	.6818958	.2877219	.03038233	0
834.15	0	.6821875	.2874409	.03037168	0
833.15	0	.6824846	.2871551	.03036034	0
832.15	0	.6827867	.286865	.03034834	0
831.15	0	.6830933	.286571	.03033567	0
830.15	0	.683404	.2862737	.03032236	0
829.15	0	.6837183	.2859733	.03030841	0
828.15	0	.6840359	.2856703	.03029383	0
827.15	0	.6843564	.285365	.03027863	0
826.15	0	.6846794	.2850578	.03026283	0
825.15	0	.6850046	.2847489	.03024644	0
824.15	0	.6853317	.2844388	.03022946	0
823.15	0	.6856604	.2841277	.0302119	0
822.15	0	.6859903	.2838159	.03019379	0
821.15	0	.6863213	.2835036	.03017512	0
820.15	0	.686653	.283191	.03015591	0
819.15	0	.6869853	.2828785	.03013617	0
818.15	0	.6873178	.2825663	.03011591	0
817.15	0	.6876504	.2822545	.03009515	0
816.15	0	.6879828	.2819433	.03007388	0
815.15	0	.6883149	.281633	.03005212	0
814.15	0	.6886464	.2813237	.03002989	0
813.15	0	.6889773	.2810155	.03000719	0
812.15	0	.6893073	.2807087	.02998402	0
811.15	0	.6896362	.2804033	.02996041	0
810.15	0	.689964	.2800996	.02993636	0
809.15	0	.6902905	.2797976	.02991188	0
808.15	0	.6906156	.2794974	.02988698	0
807.15	0	.6909391	.2791993	.02986166	0
806.15	0	.6912609	.2789031	.02983594	0
805.15	0	.691581	.2786092	.02980983	0
804.15	0	.6918992	.2783175	.02978333	0
803.15	0	.6922154	.2780281	.02975646	0
802.15	0	.6925296	.2777411	.02972921	0
801.15	0	.6928417	.2774567	.02970161	0
800.15	0	.6931516	.2771748	.02967365	0
799.15	0	.6934592	.2768955	.02964535	0
798.15	0	.6937644	.2766189	.02961671	0
797.15	0	.6940673	.276345	.02958773	0
796.15	0	.6943677	.2760739	.02955844	0
795.15	0	.6946656	.2758055	.02952883	0
794.15	0	.694961	.2755401	.02949891	0
793.15	0	.6952539	.2752775	.02946868	0
792.15	0	.6955441	.2750178	.02943816	0
791.15	0	.6958316	.274761	.02940735	0
790.15	0	.6961165	.2745073	.02937626	0
789.15	0	.6963987	.2742564	.02934489	0
788.15	0	.6966781	.2740086	.02931325	0
787.15	0	.6969548	.2737639	.02928135	0
786.15	0	.6972287	.2735221	.02924918	0
785.15	0	.6974999	.2732833	.02921676	0
784.15	0	.6977683	.2730477	.02918409	0
783.15	0	.6980338	.272815	.02915118	0
782.15	0	.6982966	.2725854	.02911802	0
781.15	0	.6985565	.2723588	.02908464	0
780.15	0	.6988136	.2721353	.02905103	0
779.15	0	.699068	.2719149	.02901719	0
778.15	0	.6993195	.2716974	.02898313	0
777.15	0	.6995681	.271483	.02894886	0
776.15	0	.699814	.2712716	.02891437	0
775.15	0	.7000571	.2710633	.02887968	0
774.15	0	.7002973	.2708579	.02884479	0
773.15	0	.7005348	.2706555	.0288097	0
772.15	0	.7007695	.2704561	.02877442	0
771.15	0	.7010014	.2702597	.02873894	0
770.15	0	.7012306	.2700662	.02870328	0
769.15	0	.701457	.2698756	.02866744	0
768.15	0	.7016807	.2696879	.02863141	0
767.15	0	.7019016	.2695032	.02859521	0
766.15	0	.7021199	.2693213	.02855884	0
765.15	0	.7023355	.2691422	.02852229	0
764.15	0	.7025484	.2689661	.02848558	0
763.15	0	.7027586	.2687927	.02844871	0
762.15	0	.7029662	.2686221	.02841168	0
761.15	0	.7031712	.2684543	.02837448	0
760.15	0	.7033736	.2682892	.02833714	0
759.15	0	.7035734	.2681269	.02829964	0
758.15	0	.7037707	.2679673	.028262	0
757.15	0	.7039654	.2678104	.02822421	0
756.15	0	.7041576	.2676561	.02818627	0
755.15	0	.7043473	.2675045	.0281482	0
754.15	0	.7045346	.2673554	.02810998	0
753.15	0	.7047194	.267209	.02807163	0
752.15	0	.7049017	.2670652	.02803315	0
751.15	0	.7050817	.2669238	.02799453	0
750.15	0	.7052592	.266785	.02795579	0
749.15	0	.7054344	.2666487	.02791691	0
748.15	0	.7056072	.2665148	.02787792	0
747.15	0	.7057778	.2663834	.0278388	0
746.15	0	.705946	.2662544	.02779956	0
745.15	0	.706112	.2661278	.0277602	0
744.15	0	.7062757	.2660036	.02772073	0
743.15	0	.7064371	.2658817	.02768114	0
742.15	0	.7065964	.2657622	.02764144	0
741.15	0	.7067535	.2656449	.02760163	0
740.15	0	.7069084	.2655299	.02756171	0
739.15	0	.7070612	.2654171	.02752169	0
738.15	0	.7072119	.2653066	.02748156	0
737.15	0	.7073604	.2651983	.02744132	0
736.15	0	.7075069	.2650921	.02740099	0
735.15	0	.7076514	.2649881	.02736055	0
734.15	0	.7077938	.2648862	.02732002	0
733.15	0	.7079342	.2647864	.02727939	0
732.15	0	.7080727	.2646887	.02723866	0
731.15	0	.7082092	.264593	.02719785	0
730.15	0	.7083437	.2644994	.02715694	0
729.15	0	.7084763	.2644077	.02711594	0
728.15	0	.7086071	.2643181	.02707485	0
727.15	0	.7087359	.2642304	.02703368	0
726.15	0	.7088629	.2641447	.02699241	0
725.15	0	.7089881	.2640608	.02695107	0
724.15	0	.7091115	.2639789	.02690964	0
723.15	0	.709233	.2638988	.02686814	0
722.15	0	.7093528	.2638206	.02682655	0
721.15	0	.7094709	.2637442	.02678488	0
720.15	0	.7095872	.2636696	.02674314	0
719.15	0	.7097018	.2635968	.02670132	0
718.15	0	.7098148	.2635258	.02665943	0
717.15	0	.709926	.2634565	.02661746	0
716.15	0	.7100356	.2633889	.02657543	0
715.15	0	.7101436	.2633231	.02653332	0
714.15	0	.71025	.2632589	.02649115	0
713.15	0	.7103548	.2631963	.0264489	0
712.15	0	.710458	.2631354	.02640659	0
711.15	0	.7105596	.2630762	.02636422	0
710.15	0	.7106597	.2630185	.02632178	0
709.15	0	.7107583	.2629624	.02627928	0
708.15	0	.7108578	.2629062	.02623598	0
707.15	0	.7109532	.2628534	.02619342	0
706.15	0	.7110472	.262802	.02615079	0
705.15	0	.7111397	.2627522	.0261081	0
704.15	0	.7112308	.2627038	.02606535	0
703.15	0	.7113206	.2626569	.02602255	0
702.15	0	.7114089	.2626115	.02597968	0
701.15	0	.7114958	.2625674	.02593676	0
700.15	0	.7115814	.2625248	.02589379	0
699.15	0	.7116657	.2624835	.02585076	0
698.15	0	.7117486	.2624437	.02580768	0
697.15	0	.7118303	.2624052	.02576455	0
696.15	0	.7119106	.262368	.02572138	0
695.15	0	.7119897	.2623321	.02567815	0
694.15	0	.7120675	.2622976	.02563488	0
693.15	0	.7121441	.2622644	.02559156	0
692.15	0	.7122194	.2622324	.0255482	0
691.15	0	.7122935	.2622017	.02550479	0
690.15	0	.7123664	.2621722	.02546134	0
689.15	0	.7124382	.262144	.02541785	0
688.15	0	.7125087	.262117	.02537433	0
687.15	0	.7125781	.2620911	.02533076	0
686.15	0	.7126463	.2620665	.02528716	0
685.15	0	.7127135	.262043	.02524352	0
684.15	0	.7127794	.2620207	.02519985	0
683.15	0	.7128443	.2619995	.02515614	0
682.15	0	.7129081	.2619795	.0251124	0
681.15	0	.7129708	.2619606	.02506863	0
680.15	0	.7130325	.2619427	.02502483	0
679.15	0	.7130931	.261926	.02498099	0
678.15	0	.7131526	.2619103	.02493714	0
677.15	0	.7132111	.2618956	.02489325	0
676.15	0	.7132686	.2618821	.02484934	0
675.15	0	.7133251	.2618695	.0248054	0
674.15	0	.7133806	.261858	.02476144	0
673.15	0	.7134351	.2618474	.02471746	0
672.15	0	.7134887	.2618379	.02467346	0
671.15	0	.7135413	.2618293	.02462943	0
670.15	0	.7135929	.2618217	.02458539	0
669.15	0	.7136436	.2618151	.02454133	0
668.15	0	.7136934	.2618094	.02449725	0
667.15	0	.7137423	.2618046	.02445315	0
666.15	0	.7137902	.2618007	.02440904	0
665.15	0	.7138373	.2617978	.02436492	0
664.15	0	.7138835	.2617957	.02432078	0
663.15	0	.7139288	.2617945	.02427663	0
662.15	0	.7139733	.2617942	.02423247	0
661.15	0	.7140169	.2617948	.0241883	0
660.15	0	.7140597	.2617962	.02414412	0
659.15	0	.7141017	.2617984	.02409994	0
658.15	0	.7141428	.2618015	.02405574	0
657.15	0	.7141831	.2618053	.02401154	0
656.15	0	.7142227	.26181	.02396734	0
655.15	0	.7142614	.2618155	.02392313	0
654.15	0	.7142994	.2618217	.02387892	0
653.15	0	.7143366	.2618287	.02383471	0
652.15	0	.714373	.2618365	.02379049	0
651.15	0	.7144087	.261845	.02374628	0
650.15	0	.7144436	.2618543	.02370207	0
649.15	0	.7144778	.2618643	.02365785	0
648.15	0	.7145113	.2618751	.02361365	0
647.15	0	.7145441	.2618865	.02356944	0
646.15	0	.7145761	.2618986	.02352525	0
645.15	0	.7146075	.2619115	.02348105	0
644.15	0	.7146381	.261925	.02343687	0
643.15	0	.7146681	.2619392	.02339269	0
642.15	0	.7146975	.261954	.02334852	0
641.15	0	.7147261	.2619695	.02330436	0
640.15	0	.7147541	.2619857	.02326021	0
639.15	0	.7147814	.2620025	.02321608	0
638.15	0	.7148082	.2620199	.02317195	0
637.15	0	.7148342	.2620379	.02312784	0
636.15	0	.7148597	.2620566	.02308375	0
635.15	0	.7148845	.2620758	.02303967	0
634.15	0	.7149087	.2620957	.0229956	0
633.15	0	.7149324	.2621161	.02295156	0
632.15	0	.7149554	.2621371	.02290753	0
631.15	0	.7149778	.2621587	.02286352	0
630.15	0	.7149997	.2621808	.02281953	0
629.15	0	.715021	.2622035	.02277557	0
628.15	0	.7150417	.2622267	.02273162	0
627.15	0	.7150619	.2622504	.0226877	0
626.15	0	.7150815	.2622747	.0226438	0
625.15	0	.7151006	.2622995	.02259992	0
624.15	0	.7151191	.2623248	.02255608	0
623.15	0	.7151371	.2623506	.02251226	0
622.15	0	.7151546	.2623769	.02246846	0
621.15	0	.7151715	.2624037	.0224247	0
620.15	0	.715188	.262431	.02238096	0
619.15	0	.715204	.2624588	.02233725	0
618.15	0	.7152194	.262487	.02229358	0
617.15	0	.7152344	.2625157	.02224994	0
616.15	0	.7152488	.2625448	.02220633	0
615.15	0	.7152628	.2625744	.02216275	0
614.15	0	.7152764	.2626044	.02211921	0
613.15	0	.7152894	.2626349	.0220757	0
612.15	0	.715302	.2626658	.02203224	0
611.15	0	.7153141	.2626971	.0219888	0
610.15	0	.7153258	.2627288	.02194541	0
609.15	0	.7153371	.2627609	.02190206	0
608.15	0	.7153479	.2627934	.02185874	0
607.15	0	.7153582	.2628263	.02181547	0
606.15	0	.7153682	.2628596	.02177224	0
605.15	0	.7153777	.2628932	.02172905	0
604.15	0	.7153868	.2629273	.02168591	0
603.15	0	.7153955	.2629616	.0216428	0
602.15	0	.7154038	.2629964	.02159975	0
601.15	0	.7154117	.2630315	.02155674	0
600.15	0	.7154192	.263067	.02151378	0
599.15	0	.7154264	.2631028	.02147086	0
598.15	0	.7154331	.2631389	.021428	0
597.15	0	.7154395	.2631754	.02138519	0
596.15	0	.7154454	.2632122	.02134242	0
595.15	0	.715451	.2632493	.02129971	0
594.15	0	.7154563	.2632867	.02125705	0
593.15	0	.7154612	.2633244	.02121444	0
592.15	0	.7154657	.2633624	.02117188	0
591.15	0	.7154699	.2634007	.02112938	0
590.15	0	.7154738	.2634393	.02108694	0
589.15	0	.7154773	.2634782	.02104455	0
588.15	0	.7154804	.2635174	.02100223	0
587.15	0	.7154833	.2635568	.02095995	0
586.15	0	.7154858	.2635965	.02091774	0
585.15	0	.715488	.2636365	.02087559	0
584.15	0	.7154898	.2636767	.0208335	0
583.15	0	.7154914	.2637171	.02079147	0
582.15	0	.7154927	.2637579	.0207495	0
581.15	0	.7154936	.2637988	.02070759	0
580.15	0	.7154942	.26384	.02066576	0
579.15	0	.7154946	.2638814	.02062398	0
578.15	0	.7154947	.2639231	.02058227	0
577.15	0	.7154945	.2639649	.02054063	0
576.15	0	.715494	.264007	.02049905	0
575.15	0	.7154932	.2640493	.02045754	0
574.15	0	.7154921	.2640918	.02041611	0
573.15	0	.7154908	.2641345	.02037474	0
572.15	0	.7154892	.2641774	.02033344	0
571.15	0	.7154873	.2642205	.02029221	0
570.15	0	.7154852	.2642637	.02025106	0
569.15	0	.7154828	.2643072	.02020998	0
568.15	0	.7154802	.2643508	.02016897	0
567.15	0	.7154773	.2643946	.02012804	0
566.15	0	.7154742	.2644386	.02008718	0
565.15	0	.7154709	.2644827	.0200464	0
564.15	0	.7154673	.264527	.0200057	0
563.15	0	.7154634	.2645715	.01996508	0
562.15	0	.7154594	.2646161	.01992453	0
561.15	0	.7154551	.2646608	.01988406	0
560.5192	0	.7154523	.2646891	.01985858	0
560.5192	0	.7154523	.2646891	.01985858	0
560.5192	0	.7154523	.2646891	.01985858	0
560.15	0	.7156075	.2643706	.01970031	3.215849E-04
559.15	0	.7160254	.2635113	.0192728	.001190465
558.15	0	.71644	.2626569	.01884699	.002056156
557.15	0	.7168511	.2618073	.01842287	.002918689
556.15	0	.717259	.2609625	.01800042	.003778097
555.15	0	.7176636	.2601224	.01757963	.00463441
554.15	0	.718065	.2592869	.01716048	.00548766
553.15	0	.7184632	.258456	.01674296	.006337878
552.15	0	.7188582	.2576296	.01632704	.007185093
551.15	0	.7192502	.2568077	.01591272	.008029336
550.15	0	.7196392	.2559902	.01549998	.008870635
549.15	0	.7200251	.255177	.0150888	.009709021
548.15	0	.7204082	.2543681	.01467917	.01054452
547.15	0	.7207883	.2535635	.01427108	.01137717
546.15	0	.7211656	.252763	.0138645	.01220698
545.15	0	.72154	.2519666	.01345943	.013034
544.15	0	.7219117	.2511743	.01305585	.01385824
543.15	0	.7222806	.2503859	.01265375	.01467974
542.15	0	.7226468	.2496016	.01225311	.01549852
541.15	0	.7230104	.2488211	.01185392	.0163146
540.15	0	.7233713	.2480445	.01145617	.01712802
539.15	0	.7237297	.2472717	.01105985	.0179388
538.15	0	.7240855	.2465026	.01066493	.01874697
537.15	0	.7244388	.2457372	.01027141	.01955254
536.15	0	.7247897	.2449755	.009879284	.02035556
535.15	0	.7251381	.2442173	.009488527	.02115603
534.15	0	.7254841	.2434628	.009099131	.02195399
533.15	0	.7258278	.2427117	.008711085	.02274945
532.15	0	.7261691	.2419641	.008324376	.02354245
531.15	0	.7265081	.2412199	.007938993	.02433301
530.15	0	.7268449	.240479	.007554923	.02512115
529.15	0	.7271794	.2397416	.007172157	.02590689
528.15	0	.7275118	.2390073	.006790682	.02669025
527.15	0	.7278419	.2382763	.006410487	.02747127
526.15	0	.72817	.2375485	.006031562	.02824996
525.15	0	.7284959	.2368239	.005653895	.02902634
524.15	0	.7288197	.2361023	.005277475	.02980044
523.15	0	.7291416	.2353839	.004902294	.03057227
522.15	0	.7294614	.2346684	.004528339	.03134186
521.15	0	.7297792	.233956	.0041556	.03210923
520.15	0	.7300951	.2332465	.003784068	.0328744
519.15	0	.730409	.2325399	.003413733	.0336374
518.15	0	.7307211	.2318361	.003044584	.03439823
517.15	0	.7310312	.2311352	.002676612	.03515692
516.15	0	.7313396	.2304371	.002309807	.0359135
515.15	0	.7316461	.2297418	.00194416	.03666798
514.15	0	.7319508	.2290492	.001579662	.03742038
513.15	0	.7322538	.2283592	.001216302	.03817072
512.15	0	.732555	.2276719	8.540725E-04	.03891902
511.15	0	.7328545	.2269872	4.92964E-04	.0396653
510.15	0	.7331523	.2263051	1.329675E-04	.04040958
509.7799	0	.7332621	.2260533	0	.04068456
509.7799	0	.7332621	.2260533	0	.04068456
509.15	0	.7332661	.2258843	0	.04084959
508.15	0	.733272	.2256173	0	.04111066
507.15	0	.7332774	.225352	0	.0413706
506.15	0	.7332823	.2250882	0	.04162942
505.15	0	.7332867	.2248261	0	.04188711
504.15	0	.7332907	.2245656	0	.04214371
503.15	0	.7332942	.2243066	0	.04239921
502.15	0	.7332972	.2240492	0	.04265363
501.15	0	.7332997	.2237933	0	.04290697
500.15	0	.7333018	.2235389	0	.04315925
499.15	0	.7333035	.2232861	0	.04341049
498.15	0	.7333047	.2230347	0	.04366068
497.15	0	.7333054	.2227847	0	.04390984
496.15	0	.7333058	.2225362	0	.04415799
495.15	0	.7333057	.2222892	0	.04440512
494.15	0	.7333052	.2220435	0	.04465126
493.15	0	.7333044	.2217993	0	.0448964
492.15	0	.7333031	.2215564	0	.04514057
491.15	0	.7333014	.2213149	0	.04538376
490.15	0	.7332993	.2210747	0	.045626
489.15	0	.7332969	.2208359	0	.04586729
488.15	0	.733294	.2205983	0	.04610764
487.15	0	.7332908	.2203621	0	.04634706
486.15	0	.7332873	.2201272	0	.04658556
485.15	0	.7332834	.2198935	0	.04682315
484.15	0	.7332791	.2196611	0	.04705983
483.15	0	.7332745	.2194299	0	.04729563
482.15	0	.7332695	.2191999	0	.04753054
481.15	0	.7332642	.2189712	0	.04776458
480.15	0	.7332586	.2187436	0	.04799775
479.15	0	.7332527	.2185172	0	.04823007
478.15	0	.7332464	.218292	0	.04846155
477.15	0	.7332399	.218068	0	.04869218
476.15	0	.733233	.217845	0	.04892199
475.15	0	.7332258	.2176232	0	.04915098
474.15	0	.7332184	.2174025	0	.04937915
473.15	0	.7332106	.2171829	0	.04960653
472.15	0	.7332026	.2169643	0	.04983311
471.15	0	.7331943	.2167468	0	.05005891
470.15	0	.7331857	.2165304	0	.05028393
469.15	0	.7331768	.216315	0	.05050818
468.15	0	.7331677	.2161006	0	.05073167
467.15	0	.7331583	.2158873	0	.05095441
466.15	0	.7331487	.2156749	0	.05117641
465.15	0	.7331388	.2154635	0	.05139768
464.15	0	.7331287	.2152532	0	.05161807
463.15	0	.7331184	.2150437	0	.05183788
462.15	0	.7331078	.2148352	0	.05205699
461.15	0	.733097	.2146276	0	.05227539
460.15	0	.7330859	.214421	0	.05249309
459.15	0	.7330747	.2142152	0	.05271011
458.15	0	.7330633	.2140103	0	.05292644
457.15	0	.7330516	.2138063	0	.0531421
456.15	0	.7330397	.2136032	0	.0533571
455.15	0	.7330277	.2134009	0	.05357144
454.15	0	.7330154	.2131995	0	.05378513
453.15	0	.7330029	.2129989	0	.05399818
452.15	0	.7329903	.2127991	0	.05421058
451.15	0	.7329775	.2126001	0	.05442236
450.15	0	.7329645	.212402	0	.05463352
449.15	0	.7329514	.2122045	0	.05484409
448.15	0	.7329382	.2120077	0	.05505407
447.15	0	.7329248	.2118117	0	.05526344
446.15	0	.7329113	.2116165	0	.05547223
445.15	0	.7328976	.2114219	0	.05568044
444.15	0	.7328839	.2112281	0	.05588809
443.15	0	.73287	.2110349	0	.05609518
442.15	0	.732856	.2108423	0	.05630172
441.15	0	.7328419	.2106504	0	.05650771
440.15	0	.7328278	.2104591	0	.05671318
439.15	0	.7328136	.2102683	0	.05691813
438.15	0	.7327993	.2100782	0	.05712256
437.15	0	.7327849	.2098886	0	.05732648
436.15	0	.7327705	.2096996	0	.0575299
435.15	0	.7327561	.2095111	0	.05773284
434.15	0	.7327417	.2093231	0	.05793529
433.15	0	.7327272	.2091356	0	.05813726
432.15	0	.7327127	.2089486	0	.05833877
431.15	0	.7326982	.208762	0	.05853982
430.15	0	.7326837	.2085759	0	.05874041
429.15	0	.7326692	.2083903	0	.05894056
428.15	0	.7326547	.2082051	0	.05914027
427.15	0	.7326402	.2080203	0	.05933954
426.15	0	.7326257	.2078359	0	.05953838
425.15	0	.7326113	.2076519	0	.05973681
424.15	0	.732597	.2074682	0	.05993482
423.15	0	.7325826	.207285	0	.06013242
422.15	0	.7325683	.2071021	0	.06032962
421.15	0	.7325541	.2069195	0	.06052643
420.15	0	.7325399	.2067372	0	.06072284
419.15	0	.7325258	.2065553	0	.06091886
418.15	0	.7325117	.2063738	0	.06111451
417.15	0	.7324978	.2061924	0	.06130978
416.15	0	.7324839	.2060115	0	.06150468
415.15	0	.73247	.2058307	0	.06169922
414.15	0	.7324563	.2056503	0	.06189339
413.15	0	.7324427	.2054701	0	.06208721
412.15	0	.7324291	.2052902	0	.06228068
411.15	0	.7324157	.2051105	0	.06247381
410.15	0	.7324024	.2049311	0	.06266659
409.15	0	.7323891	.2047519	0	.06285903
408.15	0	.732376	.2045729	0	.06305114
407.15	0	.732363	.2043941	0	.06324293
406.15	0	.73235	.2042156	0	.06343438
405.15	0	.7323373	.2040372	0	.06362552
404.15	0	.7323246	.2038591	0	.06381634
403.15	0	.7323121	.2036811	0	.06400684
402.15	0	.7322997	.2035033	0	.06419704
401.15	0	.7322874	.2033257	0	.06438692
400.15	0	.7322752	.2031483	0	.06457651
399.15	0	.7322632	.202971	0	.0647658
398.15	0	.7322513	.2027939	0	.06495478
397.15	0	.7322396	.202617	0	.06514348
396.15	0	.732228	.2024402	0	.06533188
395.15	0	.7322165	.2022635	0	.06552
394.15	0	.7322052	.202087	0	.06570783
393.15	0	.732194	.2019106	0	.06589538
392.15	0	.732183	.2017344	0	.06608265
391.15	0	.7321721	.2015582	0	.06626965
390.15	0	.7321614	.2013822	0	.06645637
389.15	0	.7321508	.2012064	0	.06664281
388.15	0	.7321404	.2010306	0	.066829
387.15	0	.7321302	.2008549	0	.06701491
386.15	0	.7321201	.2006794	0	.06720056
385.15	0	.7321101	.200504	0	.06738595
384.15	0	.7321003	.2003286	0	.06757107
383.15	0	.7320907	.2001534	0	.06775594
382.15	0	.7320812	.1999782	0	.06794055
381.15	0	.7320719	.1998032	0	.06812491
380.15	0	.7320628	.1996282	0	.06830902
379.15	0	.7320538	.1994534	0	.06849288
378.15	0	.732045	.1992786	0	.06867649
377.15	0	.7320363	.1991039	0	.06885985
376.15	0	.7320278	.1989293	0	.06904297
375.15	0	.7320195	.1987547	0	.06922584
374.15	0	.7320113	.1985803	0	.06940847
373.15	0	.7320033	.1984059	0	.06959086
372.15	0	.7319954	.1982316	0	.06977302
371.15	0	.7319878	.1980573	0	.06995493
370.15	0	.7319802	.1978832	0	.07013661
369.15	0	.7319729	.1977091	0	.07031806
368.15	0	.7319657	.197535	0	.07049927
367.15	0	.7319587	.1973611	0	.07068025
366.15	0	.7319518	.1971872	0	.07086099
365.15	0	.7319451	.1970133	0	.07104151
364.15	0	.7319386	.1968396	0	.0712218
363.15	0	.7319323	.1966659	0	.07140186
362.15	0	.7319261	.1964922	0	.0715817
361.15	0	.73192	.1963187	0	.07176131
360.15	0	.7319142	.1961452	0	.07194069
359.15	0	.7319085	.1959717	0	.07211985
358.15	0	.7319029	.1957983	0	.07229879
357.15	0	.7318975	.195625	0	.0724775
356.15	0	.7318923	.1954517	0	.072656
355.15	0	.7318872	.1952785	0	.07283427
354.15	0	.7318823	.1951054	0	.07301232
353.15	0	.7318776	.1949323	0	.07319016
352.15	0	.731873	.1947592	0	.07336777
351.15	0	.7318686	.1945863	0	.07354517
350.15	0	.7318643	.1944133	0	.07372235
349.15	0	.7318602	.1942405	0	.07389932
348.15	0	.7318563	.1940677	0	.07407606
347.15	0	.7318525	.1938949	0	.0742526
346.15	0	.7318488	.1937223	0	.07442891
345.15	0	.7318453	.1935497	0	.07460502
344.15	0	.731842	.1933771	0	.07478091
343.15	0	.7318388	.1932046	0	.07495658
342.15	0	.7318358	.1930322	0	.07513205
341.15	0	.7318329	.1928598	0	.0753073
340.15	0	.7318302	.1926875	0	.07548233
339.15	0	.7318276	.1925152	0	.07565716
338.15	0	.7318252	.192343	0	.07583178
337.15	0	.7318229	.1921709	0	.07600618
336.15	0	.7318208	.1919989	0	.07618037
335.15	0	.7318188	.1918269	0	.07635436
334.15	0	.7318169	.1916549	0	.07652813
333.15	0	.7318152	.1914831	0	.07670169
332.15	0	.7318137	.1913113	0	.07687504
331.15	0	.7318123	.1911396	0	.07704819
330.15	0	.731811	.1909679	0	.07722112
329.15	0	.7318099	.1907963	0	.07739384
328.15	0	.7318089	.1906248	0	.07756636
327.15	0	.731808	.1904533	0	.07773867
326.15	0	.7318073	.190282	0	.07791076
325.15	0	.7318067	.1901106	0	.07808265
324.15	0	.7318063	.1899394	0	.07825433
323.15	0	.7318059	.1897683	0	.07842581
322.15	0	.7318058	.1895972	0	.07859707
321.15	0	.7318057	.1894262	0	.07876813
320.15	0	.7318058	.1892552	0	.07893898
319.15	0	.731806	.1890844	0	.07910962
