T	 BPW(LIQUID)	BPW(BCC_A2)	BPW(FCC_A1)	BPW(LAVES_PHASE_C14)	BPW(NI3TI)
1473.15	.2272591	.7727409	0	0	0
1472.15	.2240918	.7759082	0	0	0
1471.15	.2209488	.7790512	0	0	0
1470.15	.21783	.7821701	0	0	0
1469.15	.214735	.785265	0	0	0
1468.15	.2116639	.7883361	0	0	0
1467.15	.2086163	.7913837	0	0	0
1466.15	.2055922	.7944078	0	0	0
1465.15	.2025912	.7974088	0	0	0
1464.15	.1996134	.8003866	0	0	0
1463.15	.1966584	.8033417	0	0	0
1462.15	.193726	.806274	0	0	0
1461.15	.1908162	.8091838	0	0	0
1460.15	.1879288	.8120712	0	0	0
1459.15	.1850635	.8149365	0	0	0
1458.15	.1822202	.8177798	0	0	0
1457.15	.1793988	.8206012	0	0	0
1456.15	.176599	.823401	0	0	0
1455.15	.1738207	.8261793	0	0	0
1454.15	.1710637	.8289363	0	0	0
1453.15	.1683278	.8316722	0	0	0
1452.15	.165613	.834387	0	0	0
1451.15	.162919	.837081	0	0	0
1450.15	.1602456	.8397544	0	0	0
1449.15	.1575927	.8424073	0	0	0
1448.15	.1549602	.8450398	0	0	0
1447.15	.1523478	.8476522	0	0	0
1446.15	.1497554	.8502446	0	0	0
1445.15	.1471829	.8528171	0	0	0
1444.15	.1446301	.8553699	0	0	0
1443.15	.1420968	.8579032	0	0	0
1442.15	.1395829	.8604171	0	0	0
1441.15	.1370882	.8629118	0	0	0
1440.15	.1346125	.8653875	0	0	0
1439.15	.1321558	.8678442	0	0	0
1438.15	.1297179	.8702821	0	0	0
1437.15	.1272986	.8727014	0	0	0
1436.15	.1248977	.8751023	0	0	0
1435.15	.1225152	.8774848	0	0	0
1434.15	.1201508	.8798492	0	0	0
1433.625	.1189178	.8810822	0	0	0
1433.625	.1189178	.8810822	0	0	0
1433.625	.1189178	.8810822	0	0	0
1433.15	.1171608	.8821446	0	6.945596E-04	0
1432.15	.1135033	.8843522	0	.002144471	0
1431.15	.1098963	.8865239	0	.003579824	0
1430.15	.1063386	.8886605	0	.005000933	0
1429.15	.1028293	.8907626	0	.006408099	0
1428.15	.09936726	.8928311	0	.007801621	0
1427.15	.09595162	.8948666	0	.009181784	0
1426.15	.09258138	.8968698	0	.01054887	0
1425.15	.08925562	.8988412	0	.01190315	0
1424.15	.08597344	.9007817	0	.01324489	0
1423.15	.08273396	.9026917	0	.01457435	0
1422.15	.07953632	.9045719	0	.01589177	0
1421.15	.07637969	.9064229	0	.01719741	0
1420.15	.07326326	.9082452	0	.0184915	0
1419.15	.07018623	.9100395	0	.01977427	0
1418.15	.06714782	.9118062	0	.02104595	0
1417.15	.0641473	.9135459	0	.02230676	0
1416.15	.06118391	.9152592	0	.02355691	0
1415.15	.05825695	.9169464	0	.02479662	0
1414.15	.05536571	.9186082	0	.02602608	0
1413.15	.05250951	.920245	0	.0272455	0
1412.15	.04968769	.9218573	0	.02845506	0
1411.15	.0468996	.9234454	0	.02965496	0
1410.15	.0441446	.92501	0	.03084538	0
1409.15	.04142208	.9265514	0	.0320265	0
1408.15	.03873143	.9280701	0	.0331985	0
1407.15	.03607206	.9295664	0	.03436154	0
1406.15	.03344339	.9310408	0	.0355158	0
1405.15	.03084487	.9324937	0	.03666143	0
1404.15	.02827593	.9339255	0	.03779859	0
1403.15	.02573606	.9353365	0	.03892744	0
1402.15	.02322472	.9367271	0	.04004813	0
1401.15	.0207414	.9380978	0	.04116082	0
1400.15	.01828559	.9394488	0	.04226563	0
1399.15	.01585682	.9407805	0	.04336271	0
1398.15	.0134546	.9420932	0	.0444522	0
1397.15	.01107847	.9433873	0	.04553424	0
1396.15	.008727964	.9446631	0	.04660895	0
1395.15	.006402639	.9459209	0	.04767647	0
1394.15	.004102058	.947161	0	.04873691	0
1393.15	.001825794	.9483838	0	.0497904	0
1392.34	0	.9493615	0	.05063852	0
1392.34	0	.9493615	0	.05063852	0
1392.15	0	.9492263	0	.05077366	0
1391.15	0	.9485168	0	.05148322	0
1390.15	0	.9478089	0	.05219113	0
1389.15	0	.9471026	0	.05289739	0
1388.15	0	.946398	0	.05360201	0
1387.15	0	.945695	0	.054305	0
1386.15	0	.9449937	0	.05500635	0
1385.15	0	.9442939	0	.05570609	0
1384.15	0	.9435958	0	.0564042	0
1383.15	0	.9428993	0	.05710071	0
1382.15	0	.9422044	0	.0577956	0
1381.15	0	.9415111	0	.05848889	0
1380.15	0	.9408194	0	.05918059	0
1379.15	0	.9401293	0	.05987069	0
1378.15	0	.9394408	0	.06055921	0
1377.15	0	.9387539	0	.06124615	0
1376.15	0	.9380685	0	.06193151	0
1375.15	0	.9373847	0	.0626153	0
1374.15	0	.9367025	0	.06329752	0
1373.15	0	.9360218	0	.06397818	0
1372.15	0	.9353427	0	.06465729	0
1371.15	0	.9346652	0	.06533485	0
1370.15	0	.9339891	0	.06601087	0
1369.15	0	.9333147	0	.06668534	0
1368.15	0	.9326417	0	.06735828	0
1367.15	0	.9319703	0	.06802968	0
1366.15	0	.9313004	0	.06869957	0
1365.15	0	.9306321	0	.06936793	0
1364.15	0	.9299652	0	.07003478	0
1363.15	0	.9292999	0	.07070012	0
1362.15	0	.9286361	0	.07136395	0
1361.15	0	.9279737	0	.07202628	0
1360.15	0	.9273129	0	.07268712	0
1359.15	0	.9266535	0	.07334646	0
1358.15	0	.9259957	0	.07400432	0
1357.15	0	.9253393	0	.0746607	0
1356.15	0	.9246844	0	.07531561	0
1355.15	0	.924031	0	.07596904	0
1354.15	0	.923379	0	.076621	0
1353.15	0	.9227285	0	.0772715	0
1352.15	0	.9220795	0	.07792054	0
1351.15	0	.9214319	0	.07856814	0
1350.15	0	.9207857	0	.07921428	0
1349.15	0	.920141	0	.07985898	0
1348.15	0	.9194978	0	.08050224	0
1347.15	0	.9188559	0	.08114406	0
1346.15	0	.9182155	0	.08178446	0
1345.15	0	.9175766	0	.08242343	0
1344.15	0	.916939	0	.08306098	0
1343.15	0	.9163029	0	.08369711	0
1342.15	0	.9156682	0	.08433183	0
1341.15	0	.9150349	0	.08496515	0
1340.15	0	.9144029	0	.08559706	0
1339.15	0	.9137724	0	.08622757	0
1338.15	0	.9131433	0	.08685669	0
1337.15	0	.9125156	0	.08748441	0
1336.15	0	.9118892	0	.08811076	0
1335.15	0	.9112643	0	.08873572	0
1334.15	0	.9106407	0	.0893593	0
1333.15	0	.9100185	0	.08998151	0
1332.15	0	.9093977	0	.09060235	0
1331.15	0	.9087782	0	.09122183	0
1330.15	0	.9081601	0	.09183995	0
1329.15	0	.9075433	0	.09245671	0
1328.15	0	.9069279	0	.09307213	0
1327.15	0	.9063138	0	.09368619	0
1326.15	0	.9057011	0	.09429891	0
1325.15	0	.9050897	0	.09491029	0
1324.15	0	.9044797	0	.09552034	0
1323.15	0	.9038709	0	.09612905	0
1322.15	0	.9032636	0	.09673644	0
1321.15	0	.9026575	0	.09734251	0
1320.15	0	.9020527	0	.09794726	0
1319.15	0	.9014493	0	.09855069	0
1318.15	0	.9008472	0	.09915281	0
1317.15	0	.9002464	0	.09975363	0
1316.15	0	.8996469	0	.1003531	0
1315.15	0	.8990487	0	.1009513	0
1314.15	0	.8984517	0	.1015483	0
1313.15	0	.8978561	0	.1021439	0
1312.15	0	.8972618	0	.1027382	0
1311.15	0	.8966687	0	.1033313	0
1310.15	0	.8960769	0	.1039231	0
1309.15	0	.8954864	0	.1045136	0
1308.15	0	.8948972	0	.1051028	0
1307.15	0	.8943092	0	.1056908	0
1306.15	0	.8937225	0	.1062775	0
1305.15	0	.8931371	0	.1068629	0
1304.15	0	.8925529	0	.1074471	0
1303.15	0	.89197	0	.10803	0
1302.15	0	.8913883	0	.1086117	0
1301.15	0	.8908078	0	.1091922	0
1300.15	0	.8902287	0	.1097714	0
1299.15	0	.8896507	0	.1103493	0
1298.15	0	.889074	0	.110926	0
1297.15	0	.8884985	0	.1115015	0
1296.15	0	.8879242	0	.1120758	0
1295.15	0	.8873512	0	.1126488	0
1294.15	0	.8867793	0	.1132207	0
1293.15	0	.8862087	0	.1137913	0
1292.15	0	.8856393	0	.1143607	0
1291.15	0	.8850711	0	.1149288	0
1290.15	0	.8845042	0	.1154958	0
1289.15	0	.8839384	0	.1160616	0
1288.15	0	.8833738	0	.1166262	0
1287.15	0	.8828104	0	.1171896	0
1286.15	0	.8822482	0	.1177518	0
1285.15	0	.8816872	0	.1183128	0
1284.15	0	.8811274	0	.1188726	0
1283.15	0	.8805688	0	.1194312	0
1282.15	0	.8800113	0	.1199887	0
1281.15	0	.879455	0	.120545	0
1280.15	0	.8788999	0	.1211001	0
1279.15	0	.878346	0	.121654	0
1278.15	0	.8777932	0	.1222068	0
1277.15	0	.8772415	0	.1227585	0
1276.15	0	.8766911	0	.1233089	0
1275.15	0	.8761418	0	.1238582	0
1274.15	0	.8755936	0	.1244064	0
1273.15	0	.8750466	0	.1249534	0
1272.15	0	.8745007	0	.1254993	0
1271.15	0	.873956	0	.126044	0
1270.15	0	.8734124	0	.1265876	0
1269.15	0	.87287	0	.12713	0
1268.15	0	.8723286	0	.1276714	0
1267.15	0	.8717884	0	.1282116	0
1266.15	0	.8712494	0	.1287506	0
1265.15	0	.8707114	0	.1292886	0
1264.15	0	.8701746	0	.1298254	0
1263.15	0	.8696389	0	.1303611	0
1262.15	0	.8691043	0	.1308957	0
1261.15	0	.8685708	0	.1314292	0
1260.15	0	.8680384	0	.1319616	0
1259.15	0	.8675071	0	.1324929	0
1258.15	0	.8669769	0	.1330231	0
1257.15	0	.8664479	0	.1335521	0
1256.15	0	.8659199	0	.1340801	0
1255.15	0	.865393	0	.134607	0
1254.15	0	.8648672	0	.1351328	0
1253.15	0	.8643425	0	.1356575	0
1252.15	0	.8638188	0	.1361812	0
1251.15	0	.8632962	0	.1367038	0
1250.15	0	.8627748	0	.1372252	0
1249.15	0	.8622543	0	.1377457	0
1248.15	0	.861735	0	.138265	0
1247.15	0	.8612167	0	.1387833	0
1246.15	0	.8606995	0	.1393005	0
1245.15	0	.8601834	0	.1398166	0
1244.15	0	.8596683	0	.1403317	0
1243.15	0	.8591542	0	.1408458	0
1242.15	0	.8586413	0	.1413588	0
1241.15	0	.8581293	0	.1418707	0
1240.15	0	.8576184	0	.1423816	0
1239.15	0	.8571086	0	.1428914	0
1238.15	0	.8565998	0	.1434002	0
1237.15	0	.856092	0	.143908	0
1236.15	0	.8555853	0	.1444147	0
1235.15	0	.8550796	0	.1449204	0
1234.15	0	.854575	0	.145425	0
1233.15	0	.8540713	0	.1459287	0
1232.15	0	.8535687	0	.1464313	0
1231.15	0	.8530671	0	.1469329	0
1230.15	0	.8525666	0	.1474334	0
1229.15	0	.852067	0	.147933	0
1228.15	0	.8515685	0	.1484315	0
1227.15	0	.851071	0	.148929	0
1226.15	0	.8505745	0	.1494255	0
1225.15	0	.850079	0	.149921	0
1224.15	0	.8495845	0	.1504156	0
1223.15	0	.849091	0	.1509091	0
1222.15	0	.8485985	0	.1514015	0
1221.15	0	.8481069	0	.1518931	0
1220.15	0	.8476164	0	.1523836	0
1219.15	0	.8471269	0	.1528731	0
1218.15	0	.8466384	0	.1533616	0
1217.15	0	.8461508	0	.1538492	0
1216.15	0	.8456643	0	.1543357	0
1215.15	0	.8451787	0	.1548213	0
1214.15	0	.8446941	0	.155306	0
1213.15	0	.8442104	0	.1557896	0
1212.15	0	.8437278	0	.1562722	0
1211.15	0	.8432461	0	.1567539	0
1210.15	0	.8427654	0	.1572347	0
1209.15	0	.8422856	0	.1577144	0
1208.15	0	.8418068	0	.1581932	0
1207.15	0	.841329	0	.158671	0
1206.15	0	.8408521	0	.1591479	0
1205.15	0	.8403762	0	.1596238	0
1204.15	0	.8399012	0	.1600988	0
1203.15	0	.8394272	0	.1605728	0
1202.15	0	.8389541	0	.1610459	0
1201.15	0	.838482	0	.161518	0
1200.15	0	.8380108	0	.1619892	0
1199.15	0	.8375406	0	.1624594	0
1198.15	0	.8370713	0	.1629287	0
1197.15	0	.8366029	0	.1633971	0
1196.15	0	.8361355	0	.1638645	0
1195.15	0	.835669	0	.164331	0
1194.15	0	.8352034	0	.1647966	0
1193.15	0	.8347388	0	.1652612	0
1192.15	0	.8342751	0	.1657249	0
1191.15	0	.8338123	0	.1661877	0
1190.15	0	.8333504	0	.1666496	0
1189.15	0	.8328895	0	.1671105	0
1188.15	0	.8324295	0	.1675705	0
1187.15	0	.8319703	0	.1680297	0
1186.15	0	.8315121	0	.1684879	0
1185.15	0	.8310548	0	.1689452	0
1184.15	0	.8305984	0	.1694016	0
1183.15	0	.8301429	0	.1698571	0
1182.15	0	.8296884	0	.1703117	0
1181.15	0	.8292347	0	.1707653	0
1180.15	0	.8287819	0	.1712181	0
1179.15	0	.82833	0	.17167	0
1178.15	0	.827879	0	.172121	0
1177.15	0	.8274289	0	.1725711	0
1176.15	0	.8269797	0	.1730203	0
1175.15	0	.8265313	0	.1734687	0
1174.15	0	.8260839	0	.1739161	0
1173.15	0	.8256374	0	.1743626	0
1172.15	0	.8251917	0	.1748083	0
1171.15	0	.8247469	0	.1752531	0
1170.15	0	.824303	0	.175697	0
1169.15	0	.8238599	0	.1761401	0
1168.15	0	.8234177	0	.1765823	0
1167.15	0	.8229765	0	.1770236	0
1166.15	0	.822536	0	.177464	0
1165.15	0	.8220965	0	.1779036	0
1164.15	0	.8216577	0	.1783423	0
1163.15	0	.8212199	0	.1787801	0
1162.15	0	.8207829	0	.1792171	0
1161.15	0	.8203468	0	.1796532	0
1160.15	0	.8199116	0	.1800884	0
1159.15	0	.8194772	0	.1805228	0
1158.15	0	.8190436	0	.1809564	0
1157.15	0	.8186109	0	.1813891	0
1156.15	0	.8181791	0	.1818209	0
1155.15	0	.8177481	0	.1822519	0
1154.15	0	.8173179	0	.1826821	0
1153.15	0	.8168886	0	.1831114	0
1152.15	0	.8164601	0	.1835399	0
1151.15	0	.8160325	0	.1839676	0
1150.15	0	.8156057	0	.1843943	0
1149.15	0	.8151797	0	.1848203	0
1148.15	0	.8147546	0	.1852454	0
1147.15	0	.8143303	0	.1856697	0
1146.15	0	.8139068	0	.1860932	0
1145.15	0	.8134842	0	.1865158	0
1144.15	0	.8130624	0	.1869376	0
1143.15	0	.8126414	0	.1873586	0
1142.15	0	.8122212	0	.1877788	0
1141.15	0	.8118019	0	.1881981	0
1140.15	0	.8113833	0	.1886167	0
1139.15	0	.8109656	0	.1890344	0
1138.15	0	.8105487	0	.1894513	0
1137.15	0	.8101327	0	.1898673	0
1136.15	0	.8097174	0	.1902826	0
1135.15	0	.8093029	0	.1906971	0
1134.15	0	.8088893	0	.1911107	0
1133.15	0	.8084765	0	.1915236	0
1132.15	0	.8080644	0	.1919356	0
1131.15	0	.8076532	0	.1923468	0
1130.15	0	.8072427	0	.1927573	0
1129.15	0	.8068331	0	.1931669	0
1128.15	0	.8064243	0	.1935757	0
1127.15	0	.8060162	0	.1939838	0
1126.15	0	.805609	0	.194391	0
1125.15	0	.8052025	0	.1947975	0
1124.15	0	.8047969	0	.1952031	0
1123.15	0	.804392	0	.195608	0
1122.15	0	.8039879	0	.1960121	0
1121.15	0	.8035846	0	.1964154	0
1120.15	0	.8031821	0	.1968179	0
1119.15	0	.8027804	0	.1972196	0
1118.15	0	.8023794	0	.1976206	0
1117.15	0	.8019792	0	.1980208	0
1116.15	0	.8015798	0	.1984202	0
1115.15	0	.8011812	0	.1988188	0
1114.15	0	.8007834	0	.1992166	0
1113.15	0	.8003863	0	.1996137	0
1112.15	0	.79999	0	.20001	0
1111.15	0	.7995945	0	.2004055	0
1110.15	0	.7991997	0	.2008003	0
1109.15	0	.7988057	0	.2011943	0
1108.15	0	.7984125	0	.2015875	0
1107.15	0	.79802	0	.20198	0
1106.15	0	.7976283	0	.2023717	0
1105.15	0	.7972373	0	.2027627	0
1104.15	0	.7968472	0	.2031528	0
1103.15	0	.7964577	0	.2035423	0
1102.15	0	.7960691	0	.2039309	0
1101.15	0	.7956811	0	.2043189	0
1100.15	0	.795294	0	.2047061	0
1099.15	0	.7949075	0	.2050925	0
1098.15	0	.7945219	0	.2054781	0
1097.15	0	.794137	0	.2058631	0
1096.15	0	.7937528	0	.2062472	0
1095.15	0	.7933693	0	.2066307	0
1094.15	0	.7929867	0	.2070133	0
1093.15	0	.7926047	0	.2073953	0
1092.15	0	.7922235	0	.2077765	0
1091.15	0	.791843	0	.208157	0
1090.15	0	.7914633	0	.2085367	0
1089.15	0	.7910843	0	.2089157	0
1088.15	0	.7907061	0	.2092939	0
1087.15	0	.7903286	0	.2096715	0
1086.15	0	.7899518	0	.2100482	0
1085.15	0	.7895757	0	.2104243	0
1084.15	0	.7892004	0	.2107996	0
1083.15	0	.7888258	0	.2111742	0
1082.15	0	.7884519	0	.2115481	0
1081.15	0	.7880788	0	.2119213	0
1080.15	0	.7877063	0	.2122937	0
1079.15	0	.7873346	0	.2126654	0
1078.15	0	.7869636	0	.2130364	0
1077.15	0	.7865934	0	.2134066	0
1076.15	0	.7862238	0	.2137762	0
1075.15	0	.785855	0	.214145	0
1074.15	0	.7854869	0	.2145131	0
1073.15	0	.7851195	0	.2148805	0
1072.15	0	.7847528	0	.2152472	0
1071.15	0	.7843868	0	.2156132	0
1070.15	0	.7840216	0	.2159784	0
1069.15	0	.783657	0	.216343	0
1068.15	0	.7832932	0	.2167068	0
1067.15	0	.78293	0	.21707	0
1066.15	0	.7825676	0	.2174324	0
1065.15	0	.7822059	0	.2177941	0
1064.15	0	.7818449	0	.2181551	0
1063.15	0	.7814845	0	.2185155	0
1062.15	0	.7811249	0	.2188751	0
1061.15	0	.780766	0	.219234	0
1060.15	0	.7804078	0	.2195923	0
1059.15	0	.7800502	0	.2199498	0
1058.15	0	.7796934	0	.2203066	0
1057.15	0	.7793372	0	.2206628	0
1056.15	0	.7789818	0	.2210182	0
1055.15	0	.778627	0	.221373	0
1054.15	0	.778273	0	.221727	0
1053.15	0	.7779196	0	.2220804	0
1052.15	0	.7775669	0	.2224331	0
1051.15	0	.7772149	0	.2227851	0
1050.15	0	.7768636	0	.2231364	0
1049.15	0	.776513	0	.2234871	0
1048.15	0	.776163	0	.223837	0
1047.15	0	.7758137	0	.2241863	0
1046.15	0	.7754651	0	.2245349	0
1045.15	0	.7751172	0	.2248828	0
1044.15	0	.77477	0	.22523	0
1043.15	0	.7744235	0	.2255765	0
1042.15	0	.7740776	0	.2259224	0
1041.15	0	.7737324	0	.2262676	0
1040.15	0	.7733879	0	.2266121	0
1039.15	0	.773044	0	.226956	0
1038.15	0	.7727008	0	.2272992	0
1037.15	0	.7723583	0	.2276417	0
1036.15	0	.7720165	0	.2279835	0
1035.15	0	.7716753	0	.2283247	0
1034.15	0	.7713348	0	.2286652	0
1033.15	0	.770995	0	.229005	0
1032.15	0	.7706558	0	.2293442	0
1031.15	0	.7703173	0	.2296827	0
1030.15	0	.7699795	0	.2300205	0
1029.15	0	.7696423	0	.2303577	0
1028.15	0	.7693058	0	.2306942	0
1027.15	0	.7689699	0	.2310301	0
1026.15	0	.7686347	0	.2313653	0
1025.15	0	.7683002	0	.2316998	0
1024.15	0	.7679663	0	.2320337	0
1023.942	0	.7678969	0	.2321031	0
1023.942	0	.7678969	0	.2321031	0
1023.942	0	.7678969	0	.2321031	0
1023.15	0	.7671988	4.761705E-04	.232325	0
1022.15	0	.7663193	.001076124	.2326046	0
1021.15	0	.765442	.001674554	.2328834	0
1020.15	0	.7645671	.002271463	.2331614	0
1019.15	0	.7636945	.002866856	.2334387	0
1018.15	0	.7628241	.003460735	.2337152	0
1017.15	0	.761956	.004053106	.2339909	0
1016.15	0	.7610902	.004643971	.2342658	0
1015.15	0	.7602267	.005233333	.23454	0
1014.15	0	.7593655	.005821198	.2348133	0
1013.15	0	.7585065	.006407569	.2350859	0
1012.15	0	.7576498	.00699245	.2353578	0
1011.15	0	.7567953	.007575844	.2356289	0
1010.15	0	.7559431	.008157756	.2358991	0
1009.15	0	.7550932	.008738189	.2361687	0
1008.15	0	.7542454	.009317148	.2364374	0
1007.15	0	.7534	.009894637	.2367054	0
1006.15	0	.7525568	.01047066	.2369726	0
1005.15	0	.7517158	.01104522	.237239	0
1004.15	0	.750877	.01161833	.2375047	0
1003.15	0	.7500405	.01218998	.2377695	0
1002.15	0	.7492062	.01276018	.2380336	0
1001.15	0	.7483741	.01332894	.238297	0
1000.15	0	.7475442	.01389625	.2385595	0
999.15	0	.7467165	.01446214	.2388213	0
998.15	0	.7458911	.01502659	.2390823	0
997.15	0	.7450678	.01558962	.2393426	0
996.15	0	.7442467	.01615122	.239602	0
995.15	0	.7434279	.01671141	.2398607	0
994.15	0	.7426112	.01727019	.2401186	0
993.15	0	.7417967	.01782756	.2403758	0
992.15	0	.7409843	.01838353	.2406321	0
991.15	0	.7401742	.01893811	.2408877	0
990.15	0	.7393662	.01949129	.2411425	0
989.15	0	.7385604	.02004309	.2413965	0
988.15	0	.7377567	.02059351	.2416498	0
987.15	0	.7369552	.02114255	.2419023	0
986.15	0	.7361558	.02169022	.2421539	0
985.15	0	.7353586	.02223653	.2424049	0
984.15	0	.7345635	.02278148	.242655	0
983.15	0	.7337706	.02332508	.2429043	0
982.15	0	.7329798	.02386733	.2431529	0
981.15	0	.7321911	.02440824	.2434007	0
980.15	0	.7314045	.02494782	.2436477	0
979.15	0	.7306201	.02548607	.2438939	0
978.15	0	.7298377	.026023	.2441393	0
977.15	0	.7290575	.02655861	.2443839	0
976.15	0	.7282793	.02709291	.2446278	0
975.15	0	.7275033	.02762591	.2448708	0
974.15	0	.7267293	.02815761	.2451131	0
973.15	0	.7259574	.02868802	.2453546	0
972.15	0	.7251876	.02921716	.2455953	0
971.15	0	.7244198	.02974501	.2458352	0
970.15	0	.7236541	.0302716	.2460743	0
969.15	0	.7228905	.03079693	.2463126	0
968.15	0	.7221289	.031321	.2465501	0
967.15	0	.7213694	.03184383	.2467868	0
966.15	0	.7206119	.03236542	.2470227	0
965.15	0	.7198564	.03288577	.2472578	0
964.15	0	.719103	.03340491	.2474921	0
963.15	0	.7183516	.03392283	.2477256	0
962.15	0	.7176022	.03443954	.2479583	0
961.15	0	.7168548	.03495506	.2481902	0
960.15	0	.7161094	.03546938	.2484212	0
959.15	0	.715366	.03598252	.2486515	0
958.15	0	.7146246	.0364945	.2488809	0
957.15	0	.7138851	.0370053	.2491096	0
956.15	0	.7131476	.03751496	.2493374	0
955.15	0	.7124121	.03802346	.2495644	0
954.15	0	.7116786	.03853083	.2497906	0
953.15	0	.710947	.03903708	.250016	0
952.15	0	.7102173	.03954221	.2502405	0
951.15	0	.7094895	.04004623	.2504642	0
950.15	0	.7087637	.04054915	.2506871	0
949.15	0	.7080398	.04105099	.2509092	0
948.15	0	.7073178	.04155175	.2511304	0
947.15	0	.7065978	.04205145	.2513508	0
946.15	0	.7058796	.04255009	.2515704	0
945.15	0	.7051632	.04304768	.2517891	0
944.15	0	.7044488	.04354425	.252007	0
943.15	0	.7037362	.04403979	.252224	0
942.15	0	.7030255	.04453433	.2524402	0
941.15	0	.7023166	.04502786	.2526555	0
940.15	0	.7016096	.04552041	.25287	0
939.15	0	.7009044	.04601199	.2530837	0
938.15	0	.700201	.04650261	.2532964	0
937.15	0	.6994994	.04699228	.2535084	0
936.15	0	.6987996	.04748101	.2537194	0
935.15	0	.6981016	.04796882	.2539296	0
934.15	0	.6974053	.04845572	.254139	0
933.15	0	.6967109	.04894173	.2543474	0
932.15	0	.6960182	.04942686	.254555	0
931.15	0	.6953272	.04991112	.2547617	0
930.15	0	.694638	.05039452	.2549675	0
929.15	0	.6939504	.05087709	.2551725	0
928.15	0	.6932646	.05135884	.2553765	0
927.15	0	.6925805	.05183978	.2555797	0
926.15	0	.6918981	.05231992	.255782	0
925.15	0	.6912174	.05279929	.2559833	0
924.15	0	.6905383	.0532779	.2561838	0
923.15	0	.6898608	.05375577	.2563834	0
922.15	0	.689185	.05423291	.2565821	0
921.15	0	.6885108	.05470933	.2567798	0
920.15	0	.6878383	.05518507	.2569767	0
919.15	0	.6871673	.05566013	.2571726	0
918.15	0	.6864979	.05613453	.2573676	0
917.15	0	.6858301	.05660829	.2575616	0
916.15	0	.6851638	.05708144	.2577548	0
915.15	0	.684499	.05755398	.257947	0
914.15	0	.6838358	.05802594	.2581383	0
913.15	0	.6831741	.05849733	.2583286	0
912.15	0	.6825139	.05896819	.2585179	0
911.15	0	.6818551	.05943852	.2587063	0
910.15	0	.6811979	.05990835	.2588938	0
909.15	0	.680542	.0603777	.2590803	0
908.15	0	.6798876	.06084659	.2592658	0
907.15	0	.6792346	.06131505	.2594503	0
906.15	0	.678583	.06178309	.2596339	0
905.15	0	.6779328	.06225074	.2598165	0
904.15	0	.6772839	.06271802	.2599981	0
903.15	0	.6766363	.06318496	.2601787	0
902.15	0	.6759901	.06365158	.2603583	0
901.15	0	.6753452	.0641179	.2605369	0
900.15	0	.6747015	.06458395	.2607145	0
899.15	0	.6740592	.06504976	.2608911	0
898.15	0	.673418	.06551534	.2610666	0
897.15	0	.6727781	.06598074	.2612411	0
896.15	0	.6721394	.06644597	.2614146	0
895.15	0	.6715019	.06691106	.261587	0
894.15	0	.6708655	.06737604	.2617584	0
893.15	0	.6702303	.06784094	.2619288	0
892.15	0	.6695962	.06830578	.2620981	0
891.15	0	.6689631	.06877061	.2622663	0
890.15	0	.6683312	.06923544	.2624334	0
889.15	0	.6677002	.06970031	.2625995	0
888.15	0	.6670703	.07016526	.2627644	0
887.15	0	.6664414	.0706303	.2629283	0
886.15	0	.6658135	.07109548	.2630911	0
885.15	0	.6651865	.07156083	.2632527	0
884.15	0	.6645604	.07202638	.2634132	0
883.15	0	.6639352	.07249217	.2635726	0
882.15	0	.6633109	.07295823	.2637309	0
881.15	0	.6626874	.0734246	.263888	0
880.15	0	.6620647	.07389132	.264044	0
879.15	0	.6614428	.07435842	.2641988	0
878.15	0	.6608216	.07482594	.2643525	0
877.15	0	.6602012	.07529392	.2645049	0
876.15	0	.6595814	.07576241	.2646562	0
875.15	0	.6589623	.07623144	.2648063	0
874.15	0	.6583438	.07670105	.2649551	0
873.15	0	.657726	.07717129	.2651028	0
872.15	0	.6571086	.0776422	.2652492	0
871.15	0	.6564918	.07811382	.2653944	0
870.15	0	.6558755	.07858621	.2655383	0
869.15	0	.6552596	.0790594	.265681	0
868.15	0	.6546442	.07953345	.2658224	0
867.15	0	.6540291	.08000841	.2659625	0
866.15	0	.6534144	.08048431	.2661013	0
865.15	0	.6528	.08096122	.2662388	0
864.15	0	.6521858	.08143919	.266375	0
863.15	0	.6515718	.08191827	.2665099	0
862.15	0	.6509581	.08239851	.2666434	0
861.15	0	.6503444	.08287997	.2667756	0
860.15	0	.6497309	.08336271	.2669064	0
859.15	0	.6491174	.08384679	.2670358	0
858.15	0	.6485039	.08433226	.2671638	0
857.15	0	.6478904	.0848192	.2672904	0
856.15	0	.6472768	.08530765	.2674156	0
855.15	0	.646663	.08579769	.2675393	0
854.15	0	.6460491	.08628938	.2676616	0
853.15	0	.6454349	.08678279	.2677824	0
852.15	0	.6448204	.087278	.2679016	0
851.15	0	.6442055	.08777507	.2680194	0
850.15	0	.6435902	.08827407	.2681357	0
849.15	0	.6429745	.08877509	.2682504	0
848.15	0	.6423583	.0892782	.2683636	0
847.15	0	.6417414	.08978348	.2684751	0
846.15	0	.6411239	.09029102	.2685851	0
845.15	0	.6405057	.0908009	.2686934	0
844.15	0	.6398867	.0913132	.2688001	0
843.15	0	.6392669	.09182803	.2689051	0
842.15	0	.6386461	.09234547	.2690085	0
841.15	0	.6380243	.09286561	.2691101	0
840.15	0	.6374015	.09338857	.2692099	0
839.15	0	.6367775	.09391443	.2693081	0
838.15	0	.6361523	.09444331	.2694044	0
837.15	0	.6355258	.09497532	.2694989	0
836.15	0	.6348979	.09551057	.2695916	0
835.15	0	.6342685	.09604918	.2696824	0
834.15	0	.6336375	.09659127	.2697712	0
833.15	0	.6330048	.09713696	.2698582	0
832.15	0	.6323704	.09768639	.2699432	0
831.15	0	.6317341	.09823969	.2700262	0
830.15	0	.6310958	.09879701	.2701072	0
829.15	0	.6304555	.09935849	.2701861	0
828.15	0	.6298129	.09992428	.2702628	0
827.15	0	.629168	.1004945	.2703375	0
826.15	0	.6285206	.1010694	.27041	0
825.15	0	.6278707	.1016492	.2704802	0
824.15	0	.627218	.1022339	.2705481	0
823.15	0	.6265625	.1028237	.2706138	0
822.15	0	.625904	.103419	.270677	0
821.15	0	.6252423	.1040198	.2707379	0
820.15	0	.6245773	.1046265	.2707963	0
819.15	0	.6239087	.1052391	.2708521	0
818.15	0	.6232366	.1058581	.2709054	0
817.15	0	.6225605	.1064835	.270956	0
816.15	0	.6218804	.1071157	.2710039	0
815.15	0	.621196	.107755	.271049	0
814.15	0	.6205071	.1084015	.2710913	0
813.15	0	.6198136	.1090558	.2711307	0
812.15	0	.619115	.109718	.271167	0
811.15	0	.6184112	.1103886	.2712003	0
810.15	0	.6177019	.1110678	.2712303	0
809.15	0	.6169868	.1117561	.2712571	0
808.15	0	.6162657	.1124538	.2712805	0
807.15	0	.615538	.1131615	.2713004	0
806.15	0	.6148036	.1138796	.2713167	0
805.15	0	.6140621	.1146086	.2713293	0
804.15	0	.6133129	.115349	.2713381	0
803.15	0	.6125557	.1161015	.2713428	0
802.15	0	.6117901	.1168665	.2713434	0
801.15	0	.6110155	.1176449	.2713397	0
800.15	0	.6102314	.1184372	.2713315	0
799.15	0	.6094371	.1192443	.2713186	0
798.15	0	.6086321	.1200671	.2713008	0
797.15	0	.6078157	.1209064	.2712779	0
796.15	0	.606987	.1217633	.2712497	0
795.15	0	.6061453	.1226388	.2712159	0
794.15	0	.6052897	.1235342	.2711761	0
793.15	0	.604419	.1244508	.2711301	0
792.15	0	.6035335	.1253892	.2710773	0
791.15	0	.6026294	.1263528	.2710178	0
790.15	0	.6017066	.1273426	.2709509	0
789.15	0	.6007635	.1283605	.270876	0
788.15	0	.5997984	.1294089	.2707927	0
787.15	0	.5988093	.1304904	.2707004	0
786.15	0	.5977939	.1316079	.2705982	0
785.15	0	.5961862	.1334716	.2703422	0
784.15	0	.5943795	.1355913	.2700292	0
783.15	0	.5926839	.1375781	.269738	0
782.15	0	.5910867	.1394474	.2694659	0
781.15	0	.5895773	.1412119	.2692108	0
780.15	0	.5881469	.1428823	.2689709	0
779.15	0	.5867877	.1444677	.2687446	0
778.15	0	.5854933	.145976	.2685306	0
777.15	0	.5842581	.147414	.2683279	0
776.15	0	.5830771	.1487876	.2681352	0
775.15	0	.5819461	.150102	.2679519	0
774.15	0	.5808611	.1513618	.2677771	0
773.15	0	.5798188	.152571	.2676102	0
772.15	0	.5788162	.1537333	.2674505	0
771.15	0	.5778506	.154852	.2672974	0
770.15	0	.5769195	.1559299	.2671506	0
769.15	0	.5760208	.1569696	.2670096	0
768.15	0	.5751523	.1579737	.266874	0
767.15	0	.5743124	.1589443	.2667433	0
766.15	0	.5734994	.1598833	.2666174	0
765.15	0	.5727117	.1607925	.2664959	0
764.15	0	.5719479	.1616737	.2663784	0
763.15	0	.5712067	.1625284	.2662649	0
762.15	0	.5704871	.1633579	.266155	0
761.15	0	.5697878	.1641636	.2660485	0
760.15	0	.569108	.1649467	.2659453	0
759.15	0	.5684465	.1657084	.2658452	0
758.15	0	.5678026	.1664495	.2657479	0
757.15	0	.5671754	.1671712	.2656534	0
756.15	0	.5665642	.1678744	.2655614	0
755.15	0	.5659683	.1685598	.265472	0
754.15	0	.5653869	.1692283	.2653848	0
753.15	0	.5648196	.1698805	.2652999	0
752.15	0	.5642656	.1705173	.2652171	0
751.15	0	.5637245	.1711393	.2651363	0
750.15	0	.5631957	.171747	.2650574	0
749.15	0	.5626787	.172341	.2649803	0
748.15	0	.5621731	.172922	.2649049	0
747.15	0	.5616784	.1734904	.2648312	0
746.15	0	.5611942	.1740467	.2647591	0
745.15	0	.5607201	.1745914	.2646885	0
744.15	0	.5602558	.1751248	.2646193	0
743.15	0	.559801	.1756475	.2645516	0
742.15	0	.5593552	.1761598	.2644851	0
741.15	0	.5589181	.176662	.2644199	0
740.15	0	.5584895	.1771546	.2643559	0
739.15	0	.558069	.1776379	.264293	0
738.15	0	.5576565	.1781122	.2642313	0
737.15	0	.5572516	.1785778	.2641706	0
736.15	0	.556854	.179035	.264111	0
735.15	0	.5564636	.179484	.2640523	0
734.15	0	.5560802	.1799252	.2639946	0
733.15	0	.5557034	.1803588	.2639378	0
732.15	0	.5553332	.180785	.2638818	0
731.15	0	.5549692	.1812041	.2638267	0
730.15	0	.5546113	.1816163	.2637724	0
729.15	0	.5542594	.1820218	.2637188	0
728.15	0	.5539132	.1824208	.263666	0
727.15	0	.5535726	.1828135	.2636139	0
726.15	0	.5532375	.1832	.2635625	0
725.15	0	.5529076	.1835807	.2635117	0
724.15	0	.5525828	.1839556	.2634616	0
723.15	0	.552263	.1843249	.2634121	0
722.15	0	.5519481	.1846888	.2633632	0
721.15	0	.5516378	.1850473	.2633148	0
720.15	0	.5513322	.1854008	.263267	0
719.15	0	.551031	.1857493	.2632197	0
718.15	0	.5507342	.1860929	.263173	0
717.15	0	.5504416	.1864318	.2631267	0
716.15	0	.5501531	.1867661	.2630809	0
715.15	0	.5498686	.1870959	.2630355	0
714.15	0	.5495881	.1874214	.2629906	0
713.15	0	.5493113	.1877426	.2629461	0
712.15	0	.5490383	.1880597	.262902	0
711.15	0	.548769	.1883727	.2628583	0
710.15	0	.5485031	.1886819	.262815	0
709.15	0	.5482408	.1889872	.2627721	0
708.15	0	.5479818	.1892888	.2627295	0
707.15	0	.5477261	.1895867	.2626872	0
706.15	0	.5474736	.1898811	.2626453	0
705.15	0	.5472243	.1901721	.2626037	0
704.15	0	.546978	.1904596	.2625624	0
703.15	0	.5467347	.1907439	.2625214	0
702.15	0	.5464944	.1910249	.2624807	0
701.15	0	.5462569	.1913028	.2624403	0
700.15	0	.5460223	.1915776	.2624001	0
699.15	0	.5457904	.1918494	.2623602	0
698.15	0	.5455612	.1921182	.2623206	0
697.15	0	.5453346	.1923842	.2622812	0
696.15	0	.5451105	.1926474	.262242	0
695.15	0	.544889	.1929079	.2622031	0
694.15	0	.54467	.1931657	.2621644	0
693.15	0	.5444534	.1934208	.2621258	0
692.15	0	.5442391	.1936734	.2620875	0
691.15	0	.5440271	.1939235	.2620494	0
690.15	0	.5438174	.1941711	.2620115	0
689.15	0	.5436099	.1944163	.2619737	0
688.15	0	.5434046	.1946592	.2619362	0
687.15	0	.5432015	.1948998	.2618988	0
686.15	0	.5430004	.1951381	.2618616	0
685.15	0	.5428013	.1953742	.2618245	0
684.15	0	.5426043	.1956081	.2617876	0
683.15	0	.5424093	.1958399	.2617508	0
682.15	0	.5422161	.1960697	.2617142	0
681.15	0	.5420249	.1962974	.2616777	0
680.15	0	.5418355	.1965231	.2616414	0
679.15	0	.541648	.1967468	.2616052	0
678.15	0	.5414622	.1969686	.2615691	0
677.15	0	.5412783	.1971886	.2615332	0
676.15	0	.541096	.1974067	.2614973	0
675.15	0	.5409154	.197623	.2614616	0
674.15	0	.5407365	.1978375	.261426	0
673.15	0	.5405593	.1980503	.2613905	0
672.15	0	.5403836	.1982613	.2613551	0
671.15	0	.5402095	.1984707	.2613198	0
670.15	0	.540037	.1986785	.2612846	0
669.15	0	.539866	.1988846	.2612494	0
668.15	0	.5396965	.1990891	.2612144	0
667.15	0	.5395285	.1992921	.2611795	0
666.15	0	.5393619	.1994935	.2611446	0
665.15	0	.5391967	.1996934	.2611099	0
664.15	0	.5390329	.1998919	.2610752	0
663.15	0	.5388706	.2000889	.2610406	0
662.15	0	.5387095	.2002845	.261006	0
661.15	0	.5385498	.2004786	.2609715	0
660.15	0	.5383914	.2006714	.2609371	0
659.15	0	.5382343	.2008629	.2609028	0
658.15	0	.5380785	.201053	.2608685	0
657.15	0	.5379239	.2012418	.2608343	0
656.15	0	.5377706	.2014293	.2608002	0
655.15	0	.5376184	.2016155	.2607661	0
654.15	0	.5374675	.2018005	.260732	0
653.15	0	.5373177	.2019843	.260698	0
652.15	0	.5371691	.2021668	.2606641	0
651.15	0	.5370216	.2023482	.2606302	0
650.15	0	.5368753	.2025284	.2605964	0
649.15	0	.53673	.2027074	.2605626	0
648.15	0	.5365858	.2028853	.2605288	0
647.15	0	.5364427	.2030621	.2604951	0
646.15	0	.5363007	.2032378	.2604615	0
645.15	0	.5361597	.2034124	.2604279	0
644.15	0	.5360197	.203586	.2603943	0
643.15	0	.5358808	.2037585	.2603607	0
642.15	0	.5357428	.2039299	.2603273	0
641.15	0	.5356058	.2041004	.2602938	0
640.15	0	.5354698	.2042698	.2602603	0
639.15	0	.5353348	.2044383	.260227	0
638.15	0	.5352007	.2046058	.2601936	0
637.15	0	.5350675	.2047723	.2601603	0
636.15	0	.5349352	.2049378	.260127	0
635.15	0	.5348039	.2051025	.2600937	0
634.15	0	.5346734	.2052662	.2600604	0
633.15	0	.5345438	.205429	.2600272	0
632.15	0	.5344151	.2055909	.259994	0
631.15	0	.5342872	.2057519	.2599609	0
630.15	0	.5341602	.2059121	.2599277	0
629.15	0	.5340341	.2060714	.2598946	0
628.15	0	.5339087	.2062298	.2598615	0
627.15	0	.5337842	.2063874	.2598284	0
626.15	0	.5336605	.2065442	.2597954	0
625.15	0	.5335375	.2067001	.2597623	0
624.15	0	.5334154	.2068553	.2597293	0
623.15	0	.533294	.2070097	.2596963	0
622.15	0	.5331734	.2071632	.2596634	0
621.15	0	.5330535	.207316	.2596304	0
620.15	0	.5329344	.2074681	.2595975	0
619.15	0	.5328161	.2076194	.2595646	0
618.15	0	.5326984	.2077699	.2595317	0
617.15	0	.5325815	.2079197	.2594988	0
616.15	0	.5324653	.2080687	.2594659	0
615.15	0	.5323498	.2082171	.2594331	0
614.15	0	.532235	.2083647	.2594003	0
613.15	0	.5321209	.2085116	.2593674	0
612.15	0	.5320075	.2086579	.2593346	0
611.15	0	.5318947	.2088034	.2593019	0
610.15	0	.5317826	.2089483	.2592691	0
609.15	0	.5316712	.2090925	.2592363	0
608.15	0	.5315604	.209236	.2592036	0
607.15	0	.5314503	.2093789	.2591709	0
606.15	0	.5313408	.2095211	.2591382	0
605.15	0	.5312319	.2096626	.2591055	0
604.15	0	.5311237	.2098036	.2590728	0
603.15	0	.531016	.2099439	.2590401	0
602.15	0	.530909	.2100836	.2590074	0
601.15	0	.5308026	.2102226	.2589748	0
600.15	0	.5306968	.2103611	.2589422	0
599.15	0	.5305915	.2104989	.2589095	0
598.15	0	.5304869	.2106362	.2588769	0
597.15	0	.5303828	.2107728	.2588443	0
596.15	0	.5302793	.2109089	.2588118	0
595.15	0	.5301764	.2110444	.2587792	0
594.15	0	.530074	.2111793	.2587466	0
593.15	0	.5299722	.2113137	.2587141	0
592.15	0	.529871	.2114475	.2586816	0
591.15	0	.5297703	.2115807	.258649	0
590.15	0	.5296701	.2117134	.2586165	0
589.15	0	.5295705	.2118455	.2585841	0
588.15	0	.5294714	.2119771	.2585516	0
587.15	0	.5293728	.2121081	.2585191	0
586.15	0	.5292747	.2122386	.2584866	0
585.15	0	.5291772	.2123686	.2584542	0
584.15	0	.5290802	.212498	.2584218	0
583.15	0	.5289837	.212627	.2583894	0
582.15	0	.5288876	.2127554	.258357	0
581.15	0	.5287921	.2128833	.2583246	0
580.15	0	.5286971	.2130107	.2582922	0
579.15	0	.5286025	.2131376	.2582599	0
578.15	0	.5285085	.213264	.2582275	0
577.15	0	.5284149	.2133899	.2581952	0
576.15	0	.5283218	.2135153	.2581629	0
575.15	0	.5282292	.2136402	.2581306	0
574.15	0	.528137	.2137647	.2580983	0
573.15	0	.5280454	.2138886	.258066	0
572.15	0	.5279541	.2140121	.2580338	0
571.15	0	.5278633	.2141351	.2580015	0
570.15	0	.527773	.2142577	.2579693	0
569.15	0	.5276831	.2143797	.2579371	0
568.15	0	.5275937	.2145014	.2579049	0
567.15	0	.5275047	.2146225	.2578727	0
566.15	0	.5274162	.2147432	.2578406	0
565.15	0	.5273281	.2148635	.2578085	0
564.15	0	.5272404	.2149833	.2577763	0
563.15	0	.5271532	.2151026	.2577442	0
562.15	0	.5270664	.2152215	.2577121	0
561.15	0	.52698	.21534	.2576801	0
560.15	0	.526894	.215458	.257648	0
559.15	0	.5268084	.2155756	.257616	0
558.15	0	.5267233	.2156928	.257584	0
557.15	0	.5266385	.2158095	.257552	0
556.15	0	.5265542	.2159258	.25752	0
555.15	0	.5264703	.2160417	.2574881	0
554.15	0	.5263867	.2161571	.2574561	0
553.15	0	.5263036	.2162722	.2574242	0
552.15	0	.5262209	.2163868	.2573924	0
551.15	0	.5261385	.216501	.2573605	0
550.15	0	.5260566	.2166148	.2573286	0
549.15	0	.525975	.2167282	.2572968	0
548.15	0	.5258938	.2168411	.257265	0
547.15	0	.5258131	.2169537	.2572332	0
546.15	0	.5257326	.2170659	.2572015	0
545.15	0	.5256527	.2171776	.2571697	0
544.15	0	.5255731	.217289	.257138	0
543.15	0	.5254938	.2174	.2571063	0
542.15	0	.5254149	.2175105	.2570746	0
541.15	0	.5253363	.2176207	.257043	0
540.15	0	.5252581	.2177305	.2570114	0
539.15	0	.5251803	.2178399	.2569798	0
538.15	0	.5251029	.2179489	.2569482	0
537.15	0	.5250258	.2180575	.2569167	0
536.15	0	.524949	.2181658	.2568852	0
535.15	0	.5248726	.2182736	.2568538	0
534.15	0	.5247966	.2183811	.2568223	0
533.15	0	.5247209	.2184882	.2567909	0
532.15	0	.5246456	.2185949	.2567595	0
531.15	0	.5245706	.2187012	.2567282	0
530.15	0	.524496	.2188072	.2566968	0
529.15	0	.5244217	.2189128	.2566656	0
528.15	0	.5243477	.219018	.2566343	0
527.15	0	.5242741	.2191228	.2566031	0
526.15	0	.5242008	.2192273	.2565719	0
525.15	0	.5241279	.2193314	.2565407	0
524.15	0	.5240553	.2194352	.2565096	0
523.15	0	.523983	.2195386	.2564785	0
522.15	0	.523911	.2196416	.2564474	0
521.15	0	.5238394	.2197442	.2564164	0
520.15	0	.5237681	.2198465	.2563854	0
519.15	0	.5236971	.2199485	.2563544	0
518.15	0	.5236265	.22005	.2563235	0
517.15	0	.5235562	.2201513	.2562926	0
516.15	0	.5234862	.2202521	.2562617	0
515.15	0	.5234165	.2203526	.2562309	0
514.15	0	.5233471	.2204528	.2562001	0
513.15	0	.523278	.2205526	.2561694	0
512.15	0	.5232093	.220652	.2561387	0
511.15	0	.5231409	.2207511	.256108	0
510.15	0	.5230728	.2208499	.2560774	0
509.15	0	.523005	.2209483	.2560468	0
508.15	0	.5229375	.2210463	.2560163	0
507.15	0	.5228702	.221144	.2559858	0
506.15	0	.5228034	.2212414	.2559553	0
505.15	0	.5227368	.2213384	.2559249	0
504.15	0	.5226705	.221435	.2558945	0
503.15	0	.5226045	.2215313	.2558641	0
502.15	0	.5225388	.2216273	.2558339	0
501.15	0	.5224735	.221723	.2558036	0
500.15	0	.5224084	.2218182	.2557734	0
499.15	0	.5223436	.2219132	.2557432	0
498.15	0	.5222791	.2220078	.2557131	0
497.15	0	.5222149	.2221021	.255683	0
496.15	0	.522151	.222196	.255653	0
495.15	0	.5220873	.2222896	.255623	0
494.15	0	.522024	.2223829	.2555931	0
493.15	0	.521961	.2224758	.2555632	0
492.15	0	.5218982	.2225684	.2555334	0
491.15	0	.5218358	.2226606	.2555036	0
490.15	0	.5217736	.2227525	.2554739	0
489.15	0	.5217117	.2228441	.2554442	0
488.15	0	.5216501	.2229354	.2554145	0
487.15	0	.5215888	.2230263	.2553849	0
486.15	0	.5215277	.2231169	.2553554	0
485.15	0	.5214669	.2232071	.2553259	0
484.15	0	.5214065	.223297	.2552965	0
483.15	0	.5213462	.2233866	.2552671	0
482.15	0	.5212863	.2234759	.2552378	0
481.15	0	.5212267	.2235648	.2552085	0
480.15	0	.5211673	.2236534	.2551793	0
479.15	0	.5211081	.2237417	.2551502	0
478.15	0	.5210493	.2238297	.255121	0
477.15	0	.5209908	.2239173	.255092	0
476.15	0	.5209325	.2240045	.255063	0
475.15	0	.5208744	.2240915	.2550341	0
474.15	0	.5208167	.2241782	.2550052	0
473.15	0	.5207592	.2242645	.2549763	0
472.15	0	.520702	.2243504	.2549476	0
471.15	0	.520645	.2244361	.2549189	0
470.15	0	.5205884	.2245214	.2548902	0
469.15	0	.5205319	.2246064	.2548616	0
468.15	0	.5204758	.2246911	.2548331	0
467.15	0	.5204199	.2247755	.2548046	0
466.15	0	.5203642	.2248595	.2547762	0
465.15	0	.5203089	.2249432	.2547479	0
464.15	0	.5202538	.2250266	.2547196	0
463.15	0	.5201989	.2251097	.2546914	0
462.15	0	.5201443	.2251924	.2546632	0
461.15	0	.52009	.2252749	.2546351	0
460.15	0	.5200359	.225357	.2546071	0
459.15	0	.5199821	.2254387	.2545791	0
458.15	0	.5199286	.2255202	.2545513	0
457.15	0	.5198753	.2256013	.2545234	0
456.15	0	.5198222	.2256821	.2544957	0
455.15	0	.5197694	.2257626	.2544679	0
454.15	0	.5197169	.2258428	.2544403	0
453.15	0	.5196646	.2259227	.2544128	0
452.15	0	.5196126	.2260022	.2543853	0
451.15	0	.5195608	.2260814	.2543578	0
450.15	0	.5195092	.2261603	.2543305	0
449.15	0	.519458	.2262388	.2543032	0
448.15	0	.519407	.226317	.254276	0
447.15	0	.5193562	.2263949	.2542489	0
446.15	0	.5193058	.2264724	.2542218	0
445.15	0	.5192555	.2265496	.2541949	0
444.15	0	.5192056	.2266265	.254168	0
443.15	0	.5191559	.226703	.2541412	0
442.15	0	.5191065	.2267791	.2541144	0
441.15	0	.5190573	.2268549	.2540878	0
440.15	0	.5190084	.2269303	.2540613	0
439.15	0	.5189598	.2270054	.2540348	0
438.15	0	.5189115	.2270801	.2540084	0
437.15	0	.5188634	.2271545	.2539822	0
436.15	0	.5188156	.2272284	.253956	0
435.15	0	.5187681	.227302	.2539299	0
434.15	0	.5187209	.2273752	.2539039	0
433.15	0	.5186739	.2274481	.253878	0
432.15	0	.5186273	.2275205	.2538522	0
431.15	0	.5185809	.2275926	.2538265	0
430.15	0	.5185348	.2276643	.253801	0
429.15	0	.518489	.2277356	.2537755	0
428.15	0	.5184434	.2278065	.2537501	0
427.15	0	.5183982	.227877	.2537248	0
426.15	0	.5183532	.2279471	.2536997	0
425.15	0	.5183086	.2280168	.2536746	0
424.15	0	.5182642	.2280862	.2536497	0
423.15	0	.5182201	.2281551	.2536248	0
422.15	0	.5181763	.2282236	.2536001	0
421.15	0	.5181327	.2282918	.2535755	0
420.15	0	.5180895	.2283595	.253551	0
419.15	0	.5180465	.2284269	.2535266	0
418.15	0	.5180039	.2284938	.2535023	0
417.15	0	.5179615	.2285604	.2534782	0
416.15	0	.5179194	.2286265	.2534541	0
415.15	0	.5178776	.2286923	.2534302	0
414.15	0	.517836	.2287576	.2534064	0
413.15	0	.5177948	.2288226	.2533826	0
412.15	0	.5177538	.2288871	.2533591	0
411.15	0	.5177131	.2289513	.2533356	0
410.15	0	.5176728	.229015	.2533122	0
409.15	0	.5176326	.2290784	.253289	0
408.15	0	.5175928	.2291413	.2532659	0
407.15	0	.5175532	.2292039	.2532429	0
406.15	0	.5175139	.2292661	.25322	0
405.15	0	.5174749	.2293278	.2531972	0
404.15	0	.5174362	.2293892	.2531746	0
403.15	0	.5173977	.2294502	.2531521	0
402.15	0	.5173595	.2295108	.2531297	0
401.15	0	.5173216	.229571	.2531074	0
400.15	0	.5172839	.2296309	.2530852	0
399.15	0	.5172466	.2296903	.2530632	0
398.15	0	.5172094	.2297494	.2530412	0
397.15	0	.5171726	.229808	.2530194	0
396.15	0	.517136	.2298663	.2529977	0
395.15	0	.5170997	.2299242	.2529761	0
394.15	0	.5170636	.2299817	.2529547	0
393.15	0	.5170278	.2300389	.2529333	0
392.15	0	.5169922	.2300957	.2529121	0
391.15	0	.5169569	.2301521	.252891	0
390.15	0	.5169219	.2302081	.25287	0
389.15	0	.5168871	.2302637	.2528491	0
388.15	0	.5168526	.230319	.2528284	0
387.15	0	.5168183	.230374	.2528078	0
386.15	0	.5167842	.2304285	.2527872	0
385.15	0	.5167504	.2304827	.2527668	0
384.15	0	.5167169	.2305366	.2527466	0
383.15	0	.5166836	.23059	.2527264	0
382.15	0	.5166505	.2306432	.2527063	0
381.15	0	.5166177	.2306959	.2526864	0
380.15	0	.5165851	.2307484	.2526666	0
379.15	0	.5165527	.2308004	.2526469	0
378.15	0	.5165206	.2308522	.2526273	0
377.15	0	.5164887	.2309035	.2526078	0
376.15	0	.516457	.2309546	.2525884	0
375.15	0	.5164256	.2310053	.2525692	0
374.15	0	.5163943	.2310557	.25255	0
373.15	0	.5163633	.2311057	.252531	0
372.15	0	.5163326	.2311554	.2525121	0
371.15	0	.516302	.2312047	.2524933	0
370.15	0	.5162717	.2312538	.2524746	0
369.15	0	.5162415	.2313025	.252456	0
368.15	0	.5162116	.2313509	.2524375	0
