T	 BPW(LIQUID)	BPW(BCC_A2)	BPW(FCC_A1)	BPW(LAVES_PHASE_C14)	BPW(NI3TI)
1473.15	0	.5925473	.4074527	0	0
1472.15	0	.5904214	.4095786	0	0
1471.15	0	.5883008	.4116992	0	0
1470.15	0	.5861853	.4138147	0	0
1469.15	0	.5840751	.4159249	0	0
1468.15	0	.5819701	.41803	0	0
1467.15	0	.5798702	.4201298	0	0
1466.15	0	.5777756	.4222244	0	0
1465.15	0	.5756862	.4243138	0	0
1464.15	0	.573602	.426398	0	0
1463.15	0	.5715229	.4284771	0	0
1462.15	0	.569449	.430551	0	0
1461.15	0	.5673803	.4326197	0	0
1460.15	0	.5653168	.4346832	0	0
1459.15	0	.5632584	.4367416	0	0
1458.15	0	.5612052	.4387948	0	0
1457.15	0	.5591572	.4408428	0	0
1456.15	0	.5571143	.4428857	0	0
1455.15	0	.5550765	.4449235	0	0
1454.15	0	.5530439	.4469561	0	0
1453.15	0	.5510164	.4489836	0	0
1452.15	0	.5489941	.4510059	0	0
1451.15	0	.5469769	.4530231	0	0
1450.15	0	.5449648	.4550352	0	0
1449.15	0	.5429578	.4570422	0	0
1448.15	0	.540956	.459044	0	0
1447.15	0	.5389593	.4610407	0	0
1446.15	0	.5369676	.4630324	0	0
1445.15	0	.5349811	.4650189	0	0
1444.15	0	.5329997	.4670003	0	0
1443.15	0	.5310234	.4689766	0	0
1442.15	0	.5290521	.4709479	0	0
1441.15	0	.527086	.472914	0	0
1440.15	0	.525125	.474875	0	0
1439.15	0	.523169	.476831	0	0
1438.15	0	.5212181	.4787819	0	0
1437.15	0	.5192723	.4807277	0	0
1436.15	0	.5173316	.4826684	0	0
1435.15	0	.515396	.484604	0	0
1434.15	0	.5134654	.4865346	0	0
1433.15	0	.5115399	.4884601	0	0
1432.15	0	.5096195	.4903805	0	0
1431.15	0	.5077041	.4922959	0	0
1430.15	0	.5057938	.4942062	0	0
1429.15	0	.5038886	.4961114	0	0
1428.15	0	.5019884	.4980116	0	0
1427.15	0	.5000932	.4999068	0	0
1426.15	0	.4982032	.5017968	0	0
1425.15	0	.4963181	.5036819	0	0
1424.15	0	.4944382	.5055618	0	0
1423.15	0	.4925632	.5074368	0	0
1422.15	0	.4906933	.5093067	0	0
1421.15	0	.4888285	.5111715	0	0
1420.15	0	.4869687	.5130313	0	0
1419.15	0	.485114	.514886	0	0
1418.15	0	.4832643	.5167357	0	0
1417.15	0	.4814196	.5185804	0	0
1416.15	0	.47958	.5204201	0	0
1415.15	0	.4777454	.5222546	0	0
1414.15	0	.4759158	.5240842	0	0
1413.15	0	.4740913	.5259087	0	0
1412.15	0	.4722718	.5277282	0	0
1411.15	0	.4704574	.5295426	0	0
1410.15	0	.468648	.531352	0	0
1409.15	0	.4668436	.5331564	0	0
1408.15	0	.4650443	.5349557	0	0
1407.15	0	.46325	.53675	0	0
1406.15	0	.4614607	.5385393	0	0
1405.15	0	.4596765	.5403235	0	0
1404.15	0	.4578973	.5421027	0	0
1403.15	0	.4561232	.5438769	0	0
1402.15	0	.454354	.545646	0	0
1401.15	0	.4525899	.54741	0	0
1400.15	0	.4508309	.5491691	0	0
1399.15	0	.4490769	.5509231	0	0
1398.15	0	.4473279	.5526721	0	0
1397.15	0	.445584	.554416	0	0
1396.15	0	.4438451	.5561549	0	0
1395.15	0	.4421113	.5578887	0	0
1394.15	0	.4403825	.5596175	0	0
1393.15	0	.4386587	.5613413	0	0
1392.15	0	.43694	.56306	0	0
1391.15	0	.4352264	.5647736	0	0
1390.15	0	.4335178	.5664822	0	0
1389.15	0	.4318142	.5681858	0	0
1388.15	0	.4301157	.5698843	0	0
1387.15	0	.4284223	.5715777	0	0
1386.15	0	.4267339	.5732661	0	0
1385.15	0	.4250505	.5749495	0	0
1384.15	0	.4233723	.5766277	0	0
1383.15	0	.421699	.578301	0	0
1382.15	0	.4200309	.5799691	0	0
1381.15	0	.4183678	.5816322	0	0
1380.15	0	.4167098	.5832902	0	0
1379.15	0	.4150569	.5849431	0	0
1378.15	0	.4134091	.5865909	0	0
1377.15	0	.4117663	.5882337	0	0
1376.15	0	.4101286	.5898714	0	0
1375.15	0	.4084961	.5915039	0	0
1374.15	0	.4068686	.5931314	0	0
1373.15	0	.4052462	.5947538	0	0
1372.15	0	.4036289	.5963712	0	0
1371.15	0	.4020167	.5979834	0	0
1370.15	0	.4004096	.5995904	0	0
1369.15	0	.3988076	.6011924	0	0
1368.15	0	.3972107	.6027893	0	0
1367.15	0	.395619	.6043811	0	0
1366.15	0	.3940323	.6059677	0	0
1365.15	0	.3924508	.6075492	0	0
1364.15	0	.3908745	.6091255	0	0
1363.15	0	.3893032	.6106968	0	0
1362.15	0	.3877371	.6122629	0	0
1361.15	0	.3861762	.6138238	0	0
1360.15	0	.3846204	.6153796	0	0
1359.15	0	.3830698	.6169302	0	0
1358.15	0	.3815243	.6184757	0	0
1357.15	0	.379984	.620016	0	0
1356.15	0	.3784489	.6215511	0	0
1355.15	0	.3769189	.6230811	0	0
1354.15	0	.3753942	.6246058	0	0
1353.15	0	.3738746	.6261254	0	0
1352.15	0	.3723602	.6276398	0	0
1351.15	0	.3708511	.6291489	0	0
1350.15	0	.3693471	.6306529	0	0
1349.15	0	.3678484	.6321516	0	0
1348.15	0	.3663549	.6336451	0	0
1347.15	0	.3648666	.6351334	0	0
1346.15	0	.3633835	.6366165	0	0
1345.15	0	.3619057	.6380943	0	0
1344.15	0	.3604331	.6395669	0	0
1343.15	0	.3589658	.6410342	0	0
1342.15	0	.3575038	.6424962	0	0
1341.15	0	.3560471	.643953	0	0
1340.15	0	.3545956	.6454044	0	0
1339.15	0	.3531494	.6468506	0	0
1338.15	0	.3517085	.6482915	0	0
1337.15	0	.3502729	.6497271	0	0
1336.15	0	.3488426	.6511574	0	0
1335.15	0	.3474177	.6525823	0	0
1334.15	0	.3459981	.654002	0	0
1333.15	0	.3445838	.6554162	0	0
1332.15	0	.3431748	.6568252	0	0
1331.15	0	.3417712	.6582288	0	0
1330.15	0	.340373	.659627	0	0
1329.15	0	.3389802	.6610198	0	0
1328.15	0	.3375927	.6624073	0	0
1327.15	0	.3362107	.6637893	0	0
1326.15	0	.334834	.665166	0	0
1325.15	0	.3334628	.6665373	0	0
1324.15	0	.3320969	.6679031	0	0
1323.15	0	.3307365	.6692635	0	0
1322.15	0	.3293816	.6706184	0	0
1321.15	0	.3280321	.6719679	0	0
1320.15	0	.326688	.673312	0	0
1319.15	0	.3253495	.6746505	0	0
1318.15	0	.3240164	.6759836	0	0
1317.15	0	.3226888	.6773112	0	0
1316.15	0	.3213667	.6786333	0	0
1315.15	0	.3200502	.6799498	0	0
1314.15	0	.3187392	.6812608	0	0
1313.15	0	.3174337	.6825663	0	0
1312.15	0	.3161337	.6838663	0	0
1311.15	0	.3148394	.6851606	0	0
1310.15	0	.3135506	.6864494	0	0
1309.15	0	.3122674	.6877326	0	0
1308.15	0	.3109898	.6890102	0	0
1307.15	0	.3097178	.6902822	0	0
1306.15	0	.3084514	.6915486	0	0
1305.15	0	.3071907	.6928093	0	0
1304.15	0	.3059356	.6940644	0	0
1303.15	0	.3046862	.6953138	0	0
1302.15	0	.3034425	.6965575	0	0
1301.15	0	.3022044	.6977956	0	0
1300.15	0	.3009721	.6990279	0	0
1299.15	0	.2997455	.7002545	0	0
1298.15	0	.2985246	.7014754	0	0
1297.15	0	.2973095	.7026906	0	0
1296.15	0	.2961001	.7038999	0	0
1295.15	0	.2948965	.7051035	0	0
1294.15	0	.2936987	.7063013	0	0
1293.15	0	.2925066	.7074934	0	0
1292.15	0	.2913205	.7086795	0	0
1291.15	0	.2901401	.7098599	0	0
1290.15	0	.2889656	.7110344	0	0
1289.15	0	.2877969	.7122031	0	0
1288.15	0	.2866342	.7133658	0	0
1287.15	0	.2854773	.7145227	0	0
1286.15	0	.2843264	.7156736	0	0
1285.15	0	.2831813	.7168187	0	0
1284.15	0	.2820423	.7179577	0	0
1283.15	0	.2809091	.7190909	0	0
1282.15	0	.279782	.720218	0	0
1281.15	0	.2786608	.7213392	0	0
1280.15	0	.2775457	.7224543	0	0
1279.15	0	.2764366	.7235634	0	0
1278.15	0	.2753335	.7246665	0	0
1277.15	0	.2742365	.7257635	0	0
1276.15	0	.2731456	.7268544	0	0
1275.15	0	.2720607	.7279393	0	0
1274.15	0	.270982	.729018	0	0
1273.644	0	.2704388	.7295612	0	0
1273.644	0	.2704388	.7295612	0	0
1273.644	0	.2704388	.7295612	0	0
1273.15	0	.2693823	.7303896	2.281156E-04	0
1272.15	0	.2672507	.7320607	6.885683E-04	0
1271.15	0	.2651273	.7337252	.00114757	0
1270.15	0	.263012	.7353829	.001605125	0
1269.15	0	.2609049	.7370339	.002061239	0
1268.15	0	.2588059	.7386782	.002515916	0
1267.15	0	.2567151	.7403157	.00296916	0
1266.15	0	.2546326	.7419464	.003420976	0
1265.15	0	.2525583	.7435704	.003871369	0
1264.15	0	.2504922	.7451875	.004320343	0
1263.15	0	.2484344	.7467977	.004767902	0
1262.15	0	.2463848	.7484011	.005214052	0
1261.15	0	.2443436	.7499976	.005658795	0
1260.15	0	.2423106	.7515872	.006102137	0
1259.15	0	.240286	.7531699	.006544083	0
1258.15	0	.2382697	.7547456	.006984635	0
1257.15	0	.2362618	.7563144	.007423799	0
1256.15	0	.2342623	.7578761	.007861578	0
1255.15	0	.2322712	.7594308	.008297978	0
1254.15	0	.2302885	.7609785	.008733001	0
1253.15	0	.2283143	.7625191	.009166653	0
1252.15	0	.2263485	.7640526	.009598937	0
1251.15	0	.2243912	.7655789	.01002986	0
1250.15	0	.2224425	.7670981	.01045942	0
1249.15	0	.2205022	.7686102	.01088762	0
1248.15	0	.2185706	.770115	.01131448	0
1247.15	0	.2166475	.7716126	.01173998	0
1246.15	0	.214733	.7731029	.01216414	0
1245.15	0	.2128271	.7745859	.01258697	0
1244.15	0	.2109299	.7760616	.01300845	0
1243.15	0	.2090414	.77753	.01342861	0
1242.15	0	.2071616	.778991	.01384743	0
1241.15	0	.2052905	.7804446	.01426494	0
1240.15	0	.2034282	.7818907	.01468112	0
1239.15	0	.2015746	.7833294	.01509598	0
1238.15	0	.1997299	.7847606	.01550953	0
1237.15	0	.197894	.7861842	.01592177	0
1236.15	0	.196067	.7876003	.01633271	0
1235.15	0	.1942489	.7890088	.01674234	0
1234.15	0	.1924397	.7904096	.01715067	0
1233.15	0	.1906395	.7918028	.01755771	0
1232.15	0	.1888483	.7931883	.01796346	0
1231.15	0	.1870661	.794566	.01836791	0
1230.15	0	.1852929	.795936	.01877109	0
1229.15	0	.1835289	.7972982	.01917298	0
1228.15	0	.1817739	.7986525	.01957359	0
1227.15	0	.1800281	.7999989	.01997293	0
1226.15	0	.1782915	.8013375	.020371	0
1225.15	0	.1765642	.802668	.0207678	0
1224.15	0	.174846	.8039907	.02116334	0
1223.15	0	.1731372	.8053052	.02155761	0
1222.15	0	.1714377	.8066117	.02195063	0
1221.15	0	.1697475	.8079101	.02234239	0
1220.15	0	.1680668	.8092003	.0227329	0
1219.15	0	.1663955	.8104824	.02312216	0
1218.15	0	.1647336	.8117562	.02351018	0
1217.15	0	.1630813	.8130218	.02389695	0
1216.15	0	.1614385	.814279	.02428248	0
1215.15	0	.1598054	.8155279	.02466678	0
1214.15	0	.1581818	.8167683	.02504985	0
1213.15	0	.156568	.8180004	.02543169	0
1212.15	0	.1549638	.8192239	.0258123	0
1211.15	0	.1533694	.8204389	.02619168	0
1210.15	0	.1517848	.8216453	.02656985	0
1209.15	0	.1502101	.8228431	.02694679	0
1208.15	0	.1486452	.8240322	.02732253	0
1207.15	0	.1470903	.8252126	.02769704	0
1206.15	0	.1455454	.8263843	.02807036	0
1205.15	0	.1440105	.8275471	.02844246	0
1204.15	0	.1424856	.828701	.02881336	0
1203.15	0	.1409709	.8298461	.02918306	0
1202.15	0	.1394663	.8309821	.02955156	0
1201.15	0	.1379719	.8321092	.02991886	0
1200.15	0	.1364878	.8332272	.03028497	0
1199.15	0	.135014	.834336	.0306499	0
1198.15	0	.1335506	.8354358	.03101363	0
1197.15	0	.1320976	.8365262	.03137618	0
1196.15	0	.130655	.8376074	.03173755	0
1195.15	0	.129223	.8386793	.03209774	0
1194.15	0	.1278015	.8397417	.03245675	0
1193.15	0	.1263907	.8407948	.03281459	0
1192.15	0	.1249905	.8418383	.03317125	0
1191.15	0	.123601	.8428723	.03352675	0
1190.15	0	.1222223	.8438966	.03388107	0
1189.15	0	.1208545	.8449113	.03423424	0
1188.15	0	.1194975	.8459163	.03458624	0
1187.15	0	.1181515	.8469114	.03493708	0
1186.15	0	.1168165	.8478967	.03528676	0
1185.15	0	.1154926	.8488722	.0356353	0
1184.15	0	.1141797	.8498376	.03598267	0
1183.15	0	.1128781	.850793	.0363289	0
1182.15	0	.1115877	.8517383	.03667398	0
1181.15	0	.1103086	.8526734	.03701791	0
1180.15	0	.1090409	.8535984	.0373607	0
1179.15	0	.1077846	.854513	.03770235	0
1178.15	0	.1065398	.8554173	.03804286	0
1177.15	0	.1053066	.8563112	.03838224	0
1176.15	0	.104085	.8571946	.03872047	0
1175.15	0	.102875	.8580674	.03905758	0
1174.15	0	.1016768	.8589296	.03939356	0
1173.15	0	.1004904	.8597812	.03972841	0
1172.15	0	.0993159	.860622	.04006213	0
1171.15	0	.09815333	.8614519	.04039473	0
1170.15	0	.09700278	.862271	.04072621	0
1169.15	0	.09586432	.8630791	.04105657	0
1168.15	0	.094738	.8638762	.0413858	0
1167.15	0	.09362391	.8646622	.04171393	0
1166.15	0	.09252211	.8654369	.04204094	0
1165.15	0	.09143268	.8662005	.04236684	0
1164.15	0	.09035568	.8669527	.04269163	0
1163.15	0	.08929119	.8676935	.04301531	0
1162.15	0	.08823928	.8684228	.04333789	0
1161.15	0	.08720003	.8691406	.04365936	0
1160.15	0	.08617351	.8698468	.04397973	0
1159.15	0	.08515979	.8705412	.044299	0
1158.15	0	.08415895	.8712239	.04461717	0
1157.15	0	.08317107	.8718947	.04493425	0
1156.15	0	.08219622	.8725535	.04525023	0
1155.15	0	.08123449	.8732004	.04556512	0
1154.15	0	.08028585	.8738352	.04587892	0
1153.15	0	.07935058	.8744578	.04619163	0
1152.15	0	.07842865	.8750681	.04650325	0
1151.15	0	.07752015	.8756661	.04681379	0
1150.15	0	.07662516	.8762516	.04712324	0
1149.15	0	.07574376	.8768246	.04743161	0
1148.15	0	.07487603	.8773851	.0477389	0
1147.15	0	.07402206	.8779328	.04804511	0
1146.15	0	.07318192	.8784678	.04835025	0
1145.15	0	.0723557	.87899	.04865431	0
1144.15	0	.07154349	.8794992	.04895729	0
1143.15	0	.07074537	.8799954	.04925921	0
1142.15	0	.06996142	.8804785	.04956005	0
1141.15	0	.06919173	.8809484	.04985983	0
1140.15	0	.06843639	.8814051	.05015854	0
1139.15	0	.06769548	.8818483	.05045618	0
1138.15	0	.06696909	.8822781	.05075276	0
1137.15	0	.06625731	.8826944	.05104828	0
1136.15	0	.06556023	.883097	.05134274	0
1135.15	0	.06487793	.8834859	.05163614	0
1134.15	0	.06421051	.883861	.05192848	0
1133.15	0	.06355806	.8842222	.05221977	0
1132.15	0	.06292065	.8845693	.05251	0
1131.15	0	.0622984	.8849024	.05279918	0
1130.15	0	.06169138	.8852213	.05308731	0
1129.15	0	.06109968	.8855259	.05337439	0
1128.15	0	.06052341	.8858162	.05366043	0
1127.15	0	.05996265	.8860919	.05394541	0
1126.15	0	.05941749	.8863532	.05422936	0
1125.15	0	.05888803	.8865997	.05451225	0
1124.15	0	.05837435	.8868315	.05479411	0
1123.15	0	.05787657	.8870485	.05507493	0
1122.15	0	.05739476	.8872505	.0553547	0
1121.15	0	.05692901	.8874375	.05563345	0
1120.15	0	.05647944	.8876094	.05591115	0
1119.15	0	.05604612	.887766	.05618782	0
1118.15	0	.05562916	.8879074	.05646346	0
1117.15	0	.05522865	.8880333	.05673807	0
1116.15	0	.05484468	.8881437	.05701165	0
1115.15	0	.05447735	.8882385	.0572842	0
1114.15	0	.05412675	.8883175	.05755572	0
1113.15	0	.05379299	.8883808	.05782622	0
1112.15	0	.05347614	.8884282	.0580957	0
1111.15	0	.05317632	.8884595	.05836415	0
1110.15	0	.05289362	.8884748	.05863158	0
1109.15	0	.05262812	.8884739	.05889799	0
1108.15	0	.05237993	.8884567	.05916339	0
1107.15	0	.05214915	.8884231	.05942777	0
1106.15	0	.05193586	.888373	.05969113	0
1105.15	0	.05174016	.8883064	.05995349	0
1104.15	0	.05156215	.888223	.06021483	0
1103.15	0	.05140192	.8881229	.06047516	0
1102.15	0	.05125957	.888006	.06073448	0
1101.15	0	.05113519	.887872	.06099279	0
1100.15	0	.05102887	.887721	.06125011	0
1099.15	0	.05094071	.8875529	.06150641	0
1098.15	0	.0508708	.8873675	.06176172	0
1097.15	0	.05081924	.8871647	.06201602	0
1096.15	0	.05078612	.8869446	.06226932	0
1095.15	0	.05077152	.8867069	.06252163	0
1094.15	0	.05077555	.8864515	.06277294	0
1093.15	0	.05079828	.8861785	.06302325	0
1092.15	0	.05083983	.8858876	.06327258	0
1091.15	0	.05090026	.8855788	.06352091	0
1090.15	0	.05097967	.8852521	.06376825	0
1089.15	0	.05107816	.8849072	.0640146	0
1088.15	0	.0511958	.8845442	.06425997	0
1087.15	0	.0513327	.884163	.06450435	0
1086.15	0	.05148892	.8837633	.06474775	0
1085.15	0	.05166456	.8833453	.06499017	0
1084.15	0	.0518597	.8829087	.06523161	0
1083.15	0	.05207444	.8824535	.06547207	0
1082.15	0	.05230883	.8819796	.06571155	0
1081.15	0	.05256299	.881487	.06595006	0
1080.15	0	.05283697	.8809754	.06618759	0
1079.15	0	.05313086	.880445	.06642416	0
1078.15	0	.05344475	.8798955	.06665975	0
1077.15	0	.0537787	.8793269	.06689438	0
1076.15	0	.0541328	.8787392	.06712804	0
1075.15	0	.05450711	.8781322	.06736073	0
1074.15	0	.05490172	.8775058	.06759247	0
1073.15	0	.05531669	.8768601	.06782324	0
1072.15	0	.0557521	.8761949	.06805305	0
1071.15	0	.05620801	.8755101	.06828191	0
1070.15	0	.05668449	.8748057	.06850981	0
1069.15	0	.05718162	.8740816	.06873675	0
1068.15	0	.05769944	.8733378	.06896274	0
1067.15	0	.05823804	.8725742	.06918779	0
1066.15	0	.05879746	.8717907	.06941189	0
1065.15	0	.05937776	.8709872	.06963503	0
1064.15	0	.05997902	.8701637	.06985724	0
1063.15	0	.06060127	.8693202	.0700785	0
1062.15	0	.06124459	.8684566	.07029883	0
1061.15	0	.061909	.8675728	.07051821	0
1060.15	0	.06259458	.8666688	.07073665	0
1059.15	0	.06330136	.8657445	.07095417	0
1058.15	0	.0640294	.8647999	.07117075	0
1057.15	0	.06477873	.8638349	.07138639	0
1056.15	0	.0655494	.8628495	.07160111	0
1055.15	0	.06634144	.8618437	.0718149	0
1054.15	0	.0671549	.8608173	.07202777	0
1053.15	0	.06798982	.8597705	.07223971	0
1052.15	0	.06884621	.8587031	.07245073	0
1051.15	0	.06972412	.8576151	.07266083	0
1050.15	0	.07062357	.8565064	.07287002	0
1049.15	0	.07154458	.8553771	.07307828	0
1048.15	0	.07248719	.8542272	.07328564	0
1047.15	0	.07345141	.8530565	.07349208	0
1046.15	0	.07443725	.8518651	.07369762	0
1045.15	0	.07544473	.850653	.07390224	0
1044.15	0	.07647387	.8494202	.07410596	0
1043.15	0	.07752468	.8481665	.07430878	0
1042.15	0	.07859716	.8468922	.07451069	0
1041.15	0	.07969131	.845597	.07471171	0
1040.15	0	.08080714	.844281	.07491183	0
1039.15	0	.08194464	.8429443	.07511105	0
1038.15	0	.08310382	.8415868	.07530937	0
1037.15	0	.08428466	.8402085	.07550681	0
1036.15	0	.08548715	.8388095	.07570335	0
1035.15	0	.08671129	.8373897	.07589901	0
1034.15	0	.08795704	.8359492	.07609377	0
1033.15	0	.0892244	.8344879	.07628766	0
1032.15	0	.09051334	.833006	.07648066	0
1031.15	0	.09182384	.8315034	.07667277	0
1030.15	0	.09315587	.8299801	.07686401	0
1029.15	0	.09450939	.8284362	.07705437	0
1028.15	0	.09588436	.8268718	.07724386	0
1027.15	0	.09728076	.8252868	.07743247	0
1026.15	0	.09869854	.8236812	.0776202	0
1025.15	0	.1001377	.8220553	.07780707	0
1024.15	0	.1015981	.8204089	.07799306	0
1023.15	0	.1030797	.8187421	.07817819	0
1022.15	0	.1045825	.817055	.07836245	0
1021.15	0	.1061065	.8153477	.07854584	0
1020.15	0	.1076515	.8136202	.07872837	0
1019.15	0	.1092175	.8118725	.07891004	0
1018.15	0	.1108044	.8101048	.07909084	0
1017.15	0	.1124122	.808317	.07927079	0
1016.15	0	.1140407	.8065094	.07944987	0
1015.15	0	.11569	.8046819	.07962809	0
1014.15	0	.1173599	.8028346	.07980546	0
1013.15	0	.1190503	.8009677	.07998197	0
1012.15	0	.1207612	.7990812	.08015763	0
1011.15	0	.1224925	.7971751	.08033243	0
1010.15	0	.124244	.7952497	.08050638	0
1009.15	0	.1260157	.7933049	.08067947	0
1008.15	0	.1278074	.7913409	.08085171	0
1007.15	0	.1296191	.7893578	.08102309	0
1006.15	0	.1314507	.7873557	.08119363	0
1005.15	0	.133302	.7853347	.08136331	0
1004.15	0	.1351729	.783295	.08153214	0
1003.15	0	.1370634	.7812365	.08170011	0
1002.15	0	.1389732	.7791596	.08186724	0
1001.15	0	.1409023	.7770642	.08203351	0
1000.15	0	.1428505	.7749505	.08219893	0
999.15	0	.1448178	.7728187	.08236349	0
998.15	0	.1468039	.7706689	.0825272	0
997.15	0	.1488088	.7685011	.08269006	0
996.15	0	.1508323	.7663157	.08285206	0
995.15	0	.1528742	.7641126	.0830132	0
994.15	0	.1549345	.7618921	.08317349	0
993.15	0	.1570129	.7596542	.08333291	0
992.15	0	.1591093	.7573992	.08349148	0
991.15	0	.1612236	.7551273	.08364918	0
990.15	0	.1633555	.7528385	.08380602	0
989.15	0	.1655051	.750533	.08396199	0
988.15	0	.167672	.748211	.08411709	0
987.15	0	.1698561	.7458726	.08427132	0
986.15	0	.1720572	.7435181	.08442468	0
985.15	0	.1742752	.7411476	.08457716	0
984.15	0	.17651	.7387613	.08472876	0
983.15	0	.1787612	.7363593	.08487948	0
982.15	0	.1810288	.7339419	.08502931	0
981.15	0	.1833126	.7315092	.08517825	0
980.15	0	.1856123	.7290614	.0853263	0
979.15	0	.1879278	.7265987	.08547344	0
978.15	0	.1902589	.7241214	.08561969	0
977.15	0	.1926055	.7216295	.08576503	0
976.15	0	.1949672	.7191233	.08590945	0
975.15	0	.197344	.716603	.08605296	0
974.15	0	.1997356	.7140688	.08619554	0
973.15	0	.2021418	.711521	.0863372	0
972.15	0	.2045625	.7089596	.08647792	0
971.15	0	.2069974	.706385	.08661769	0
970.15	0	.2094462	.7037973	.08675652	0
969.15	0	.2119089	.7011967	.08689439	0
968.15	0	.2143852	.6985835	.0870313	0
967.15	0	.2168748	.695958	.08716723	0
966.15	0	.2193776	.6933202	.08730219	0
965.15	0	.2218934	.6906705	.08743615	0
964.15	0	.2244219	.688009	.08756912	0
963.15	0	.2269628	.6853361	.08770108	0
962.15	0	.2295161	.6826519	.08783202	0
961.15	0	.2320815	.6799566	.08796193	0
960.15	0	.2346586	.6772506	.08809081	0
959.15	0	.2372474	.674534	.08821863	0
958.15	0	.2398476	.671807	.08834539	0
957.15	0	.2424589	.6690701	.08847108	0
956.15	0	.2450811	.6663232	.08859568	0
955.15	0	.247675	.6636033	.08872166	0
954.15	0	.2502298	.6609201	.08885008	0
953.15	0	.2528181	.6582055	.08897638	0
952.15	0	.2554381	.6554613	.0891006	0
951.15	0	.2580878	.6526894	.08922277	0
950.15	0	.2607655	.6498915	.08934292	0
949.15	0	.2634696	.6470693	.08946108	0
948.15	0	.2661983	.6442244	.08957728	0
947.15	0	.2689501	.6413584	.08969153	0
946.15	0	.2717234	.6384727	.08980386	0
945.15	0	.2745168	.6355689	.08991428	0
944.15	0	.2773289	.6326483	.09002282	0
943.15	0	.2801582	.6297123	.0901295	0
942.15	0	.2830035	.6267622	.09023432	0
941.15	0	.2858634	.6237993	.09033731	0
940.15	0	.2887368	.6208247	.09043848	0
939.15	0	.2916225	.6178397	.09053783	0
938.15	0	.2945193	.6148454	.09063539	0
937.15	0	.297426	.6118428	.09073116	0
936.15	0	.3003417	.6088331	.09082515	0
935.15	0	.3032653	.6058173	.09091737	0
934.15	0	.3061958	.6027964	.09100783	0
933.15	0	.3091322	.5997712	.09109654	0
932.15	0	.3120737	.5967428	.09118349	0
931.15	0	.3150193	.593712	.09126871	0
930.15	0	.3179681	.5906797	.09135219	0
929.15	0	.3209193	.5876467	.09143394	0
928.15	0	.3238722	.5846139	.09151397	0
927.15	0	.3268259	.5815819	.09159228	0
926.15	0	.3297796	.5785515	.09166887	0
925.15	0	.3327327	.5755235	.09174374	0
924.15	0	.3356845	.5724986	.09181691	0
923.15	0	.3386342	.5694775	.09188838	0
922.15	0	.3415812	.5664607	.09195814	0
921.15	0	.3445249	.5634489	.0920262	0
920.15	0	.3474646	.5604428	.09209256	0
919.15	0	.3503998	.5574429	.09215723	0
918.15	0	.3533299	.5544499	.09222021	0
917.15	0	.3562544	.5514641	.0922815	0
916.15	0	.3591726	.5484863	.0923411	0
915.15	0	.3620841	.5455169	.09239902	0
914.15	0	.3649884	.5425563	.09245525	0
913.15	0	.367885	.5396052	.09250981	0
912.15	0	.3707734	.5366639	.09256268	0
911.15	0	.3736532	.5337329	.09261388	0
910.15	0	.3765239	.5308127	.09266341	0
909.15	0	.3793851	.5279036	.09271126	0
908.15	0	.3822364	.5250061	.09275745	0
907.15	0	.3850774	.5221206	.09280197	0
906.15	0	.3879077	.5192475	.09284484	0
905.15	0	.3907269	.5163871	.09288604	0
904.15	0	.3935347	.5135397	.09292559	0
903.15	0	.3963307	.5107059	.09296348	0
902.15	0	.3991145	.5078858	.09299973	0
901.15	0	.4018859	.5050798	.09303433	0
900.15	0	.4046445	.5022882	.09306729	0
899.15	0	.40739	.4995114	.09309862	0
898.15	0	.4101222	.4967495	.09312832	0
897.15	0	.4128406	.494003	.09315639	0
896.15	0	.4155451	.4912721	.09318284	0
895.15	0	.4182353	.488557	.09320768	0
894.15	0	.420911	.4858581	.09323091	0
893.15	0	.423572	.4831755	.09325254	0
892.15	0	.426218	.4805095	.09327258	0
891.15	0	.4288487	.4778603	.09329103	0
890.15	0	.4314639	.4752282	.0933079	0
889.15	0	.4340634	.4726134	.09332319	0
888.15	0	.436647	.4700161	.09333693	0
887.15	0	.4392144	.4674365	.09334911	0
886.15	0	.4417656	.4648747	.09335974	0
885.15	0	.4443001	.462331	.09336885	0
884.15	0	.446818	.4598056	.09337642	0
883.15	0	.4493189	.4572986	.09338248	0
882.15	0	.4518028	.4548101	.09338703	0
881.15	0	.4542694	.4523405	.0933901	0
880.15	0	.4567187	.4498897	.09339168	0
879.15	0	.4591503	.4474579	.09339179	0
878.15	0	.4615643	.4450453	.09339045	0
877.15	0	.4639603	.442652	.09338766	0
876.15	0	.4663384	.4402781	.09338344	0
875.15	0	.4686984	.4379238	.0933778	0
874.15	0	.4710402	.4355891	.09337077	0
873.15	0	.4733636	.4332741	.09336234	0
872.15	0	.4756685	.4309789	.09335254	0
871.15	0	.4779549	.4287037	.09334138	0
870.15	0	.4802227	.4264484	.09332887	0
869.15	0	.4824717	.4242133	.09331504	0
868.15	0	.4847019	.4219982	.0932999	0
867.15	0	.4869132	.4198033	.09328346	0
866.15	0	.4891056	.4176287	.09326574	0
865.15	0	.4912789	.4154743	.09324676	0
864.15	0	.4934332	.4133403	.09322654	0
863.15	0	.4955683	.4112266	.09320509	0
862.15	0	.4976844	.4091332	.09318242	0
861.15	0	.4997812	.4070602	.09315857	0
860.15	0	.5018588	.4050076	.09313354	0
859.15	0	.5039172	.4029754	.09310735	0
858.15	0	.5059564	.4009636	.09308002	0
857.15	0	.5079763	.3989721	.09305158	0
856.15	0	.5099771	.3970009	.09302203	0
855.15	0	.5119585	.3950501	.09299139	0
854.15	0	.5139208	.3931195	.09295969	0
853.15	0	.5158639	.3912092	.09292694	0
852.15	0	.5177878	.389319	.09289316	0
851.15	0	.5196926	.387449	.09285837	0
850.15	0	.5215784	.385599	.09282259	0
849.15	0	.5234451	.3837691	.09278583	0
848.15	0	.5252928	.381959	.09274812	0
847.15	0	.5271217	.3801689	.09270947	0
846.15	0	.5289317	.3783984	.09266989	0
845.15	0	.5307229	.3766477	.09262942	0
844.15	0	.5324954	.3749165	.09258805	0
843.15	0	.5342494	.3732048	.09254582	0
842.15	0	.5359848	.3715125	.09250274	0
841.15	0	.5377018	.3698394	.09245882	0
840.15	0	.5394005	.3681854	.09241408	0
839.15	0	.541081	.3665505	.09236854	0
838.15	0	.5427434	.3649344	.09232222	0
837.15	0	.5443878	.3633371	.09227513	0
836.15	0	.5460143	.3617584	.09222728	0
835.15	0	.5476231	.3601982	.0921787	0
834.15	0	.5492143	.3586563	.09212939	0
833.15	0	.550788	.3571326	.09207938	0
832.15	0	.5523444	.3556269	.09202867	0
831.15	0	.5538836	.3541391	.09197729	0
830.15	0	.5554057	.3526691	.09192524	0
829.15	0	.5569109	.3512166	.09187254	0
828.15	0	.5583993	.3497815	.0918192	0
827.15	0	.5598711	.3483637	.09176524	0
826.15	0	.5613265	.3469629	.09171066	0
825.15	0	.5627655	.345579	.09165549	0
824.15	0	.5641884	.3442119	.09159973	0
823.15	0	.5655953	.3428613	.09154339	0
822.15	0	.5669864	.3415271	.0914865	0
821.15	0	.5683618	.3402092	.09142905	0
820.15	0	.5697217	.3389072	.09137105	0
819.15	0	.5710663	.3376212	.09131253	0
818.15	0	.5723957	.3363508	.09125349	0
817.15	0	.5737101	.3350959	.09119394	0
816.15	0	.5750097	.3338564	.09113389	0
815.15	0	.5762947	.332632	.09107334	0
814.15	0	.5775651	.3314226	.09101232	0
813.15	0	.5788212	.330228	.09095082	0
812.15	0	.5800632	.329048	.09088886	0
811.15	0	.5812912	.3278824	.09082645	0
810.15	0	.5825053	.3267311	.09076359	0
809.15	0	.5837059	.3255938	.09070029	0
808.15	0	.5848929	.3244705	.09063656	0
807.15	0	.5860667	.3233609	.09057241	0
806.15	0	.5872273	.3222649	.09050785	0
805.15	0	.5883749	.3211822	.09044287	0
804.15	0	.5895097	.3201128	.09037749	0
803.9821	0	.589699	.3199345	.09036648	0
803.9821	0	.589699	.3199345	.09036648	0
803.9821	0	.589699	.3199345	.09036648	0
803.15	0	.594733	.3136188	.08874754	.002900668
802.15	0	.6006389	.3061897	.08683289	.006338496
801.15	0	.6063923	.2989314	.08495122	.009725037
800.15	0	.6119978	.291839	.08310172	.01306147
799.15	0	.6174598	.2849077	.08128365	.01634894
798.15	0	.6227823	.2781329	.07949626	.01958853
797.15	0	.6279696	.2715103	.07773884	.02278132
796.15	0	.6330254	.2650356	.07601069	.02592832
795.15	0	.6379536	.2587048	.07431117	.02903052
794.15	0	.6427577	.2525138	.07263962	.03208889
793.15	0	.6474412	.2464591	.07099542	.03510434
792.15	0	.6520075	.2405368	.06937797	.03807776
791.15	0	.6564598	.2347435	.06778668	.04101003
790.15	0	.6608013	.2290758	.06622098	.04390199
789.15	0	.665035	.2235303	.06468034	.04675444
788.15	0	.6691638	.2181039	.06316421	.04956817
787.15	0	.6731905	.2127935	.06167207	.05234395
786.15	0	.6771179	.2075961	.06020343	.05508253
785.15	0	.6809486	.202509	.0587578	.05778461
784.15	0	.6846853	.1975291	.05733469	.06045091
783.15	0	.6883302	.192654	.05593365	.0630821
782.15	0	.691886	.187881	.05455423	.06567884
781.15	0	.6953548	.1832074	.053196	.06824177
780.15	0	.698739	.178631	.05185851	.07077153
779.15	0	.7020406	.1741493	.05054137	.07326872
778.15	0	.705262	.1697599	.04924416	.07573394
777.15	0	.708405	.1654608	.04796649	.07816776
776.15	0	.7114717	.1612496	.04670797	.08057074
775.15	0	.7144641	.1571242	.04546823	.08294345
774.15	0	.717384	.1530827	.0442469	.08528641
773.15	0	.7202333	.149123	.04304362	.08760015
772.15	0	.7230136	.1452431	.04185804	.08988519
771.15	0	.7257269	.1414413	.04068982	.09214202
770.15	0	.7283746	.1377156	.03953863	.09437113
769.15	0	.7309586	.1340643	.03840413	.096573
768.15	0	.7334803	.1304856	.03728601	.09874809
767.15	0	.7359413	.1269779	.03618395	.1008969
766.15	0	.7383432	.1235394	.03509764	.1030198
765.15	0	.7406873	.1201687	.03402678	.1051173
764.15	0	.7429751	.116864	.03297109	.1071898
763.15	0	.745208	.113624	.03193026	.1092377
762.15	0	.7473874	.1104471	.03090403	.1112614
761.15	0	.7495146	.1073319	.0298921	.1132614
760.15	0	.7515909	.104277	.02889421	.115238
759.15	0	.7536174	.1012809	.02791009	.1171916
758.15	0	.7555955	.09834237	.02693949	.1191226
757.15	0	.7575264	.09546008	.02598213	.1210314
756.15	0	.7594111	.09263275	.02503778	.1229184
755.15	0	.7612509	.08985912	.02410619	.1247838
754.15	0	.7630468	.08713799	.02318711	.1266281
753.15	0	.7647999	.08446817	.02228031	.1284516
752.15	0	.7665113	.08184848	.02138555	.1302546
751.15	0	.768182	.07927781	.02050261	.1320376
750.15	0	.769813	.07675505	.01963126	.1338007
749.15	0	.7714053	.07427911	.01877127	.1355444
748.15	0	.7729597	.07184894	.01792244	.1372689
747.15	0	.7744774	.06946351	.01708456	.1389746
746.15	0	.7759591	.06712182	.0162574	.1406617
745.15	0	.7774057	.06482288	.01544078	.1423306
744.15	0	.7788182	.06256574	.01463448	.1439816
743.15	0	.7801973	.06034945	.01383832	.1456149
742.15	0	.7815439	.0581731	.01305209	.1472309
741.15	0	.7828588	.05603579	.01227561	.1488298
740.15	0	.7841428	.05393665	.0115087	.1504119
739.15	0	.7853966	.05187483	.01075116	.1519774
738.15	0	.7866209	.04984949	.01000282	.1535267
737.15	0	.7878166	.04785982	.009263515	.1550601
736.15	0	.7889843	.04590502	.008533056	.1565776
735.15	0	.7901247	.04398431	.007811281	.1580797
734.15	0	.7912385	.04209693	.007098022	.1595666
733.15	0	.7923263	.04024215	.006393117	.1610384
732.15	0	.7933888	.03841923	.005696407	.1624956
731.15	0	.7944266	.03662746	.005007734	.1639382
730.15	0	.7954404	.03486616	.004326945	.1653665
729.15	0	.7964306	.03313464	.003653889	.1667808
728.15	0	.797398	.03143225	.002988419	.1681813
727.15	0	.7983431	.02975835	.00233039	.1695682
726.15	0	.7992663	.02811229	.00167966	.1709417
725.15	0	.8001684	.02649347	.001036089	.1723021
724.15	0	.8010497	.02490128	3.99541E-04	.1736494
723.5167	0	.8015974	.02390649	0	.1744961
723.5167	0	.8015974	.02390649	0	.1744961
723.15	0	.8015795	.02386594	0	.1745546
722.15	0	.8015289	.02375965	0	.1747114
721.15	0	.8014761	.02365949	0	.1748644
720.15	0	.8014211	.02356534	0	.1750135
719.15	0	.8013639	.02347708	0	.175159
718.15	0	.8013047	.02339457	0	.1753008
717.15	0	.8012433	.02331771	0	.175439
716.15	0	.80118	.02324637	0	.1755737
715.15	0	.8011147	.02318042	0	.1757049
714.15	0	.8010475	.02311977	0	.1758327
713.15	0	.8009785	.02306429	0	.1759572
712.15	0	.8009077	.02301387	0	.1760785
711.15	0	.8008351	.0229684	0	.1761965
710.15	0	.8007608	.02292778	0	.1763115
709.15	0	.8006848	.0228919	0	.1764233
708.15	0	.8006072	.02286066	0	.1765321
707.15	0	.8005281	.02283395	0	.176638
706.15	0	.8004474	.02281168	0	.176741
705.15	0	.8003652	.02279374	0	.1768411
704.15	0	.8002815	.02278004	0	.1769385
703.15	0	.8001964	.02277049	0	.1770331
702.15	0	.8001099	.02276499	0	.1771251
701.15	0	.8000221	.02276346	0	.1772145
700.15	0	.799933	.02276579	0	.1773013
699.15	0	.7998425	.02277191	0	.1773856
698.15	0	.7997509	.02278173	0	.1774674
697.15	0	.799658	.02279517	0	.1775468
696.15	0	.7995639	.02281213	0	.1776239
695.15	0	.7994687	.02283254	0	.1776987
694.15	0	.7993724	.02285633	0	.1777713
693.15	0	.799275	.0228834	0	.1778416
692.15	0	.7991765	.02291369	0	.1779098
691.15	0	.799077	.02294712	0	.1779759
690.15	0	.7989765	.02298361	0	.1780399
689.15	0	.798875	.02302309	0	.1781019
688.15	0	.7987726	.0230655	0	.178162
687.15	0	.7986692	.02311076	0	.1782201
686.15	0	.7985649	.0231588	0	.1782763
685.15	0	.7984598	.02320955	0	.1783307
684.15	0	.7983538	.02326296	0	.1783833
683.15	0	.7982469	.02331895	0	.1784341
682.15	0	.7981393	.02337746	0	.1784832
681.15	0	.7980309	.02343844	0	.1785307
680.15	0	.7979217	.02350181	0	.1785765
679.15	0	.7978118	.02356752	0	.1786207
678.15	0	.7977011	.02363552	0	.1786633
677.15	0	.7975898	.02370574	0	.1787045
676.15	0	.7974778	.02377812	0	.1787441
675.15	0	.7973651	.02385262	0	.1787823
674.15	0	.7972518	.02392918	0	.178819
673.15	0	.7971378	.02400775	0	.1788544
672.15	0	.7970233	.02408827	0	.1788885
671.15	0	.7969081	.02417069	0	.1789212
670.15	0	.7967924	.02425497	0	.1789526
669.15	0	.7966762	.02434106	0	.1789828
668.15	0	.7965594	.0244289	0	.1790117
667.15	0	.796442	.02451845	0	.1790395
666.15	0	.7963242	.02460967	0	.1790661
665.15	0	.7962059	.02470251	0	.1790916
664.15	0	.7960871	.02479693	0	.179116
663.15	0	.7959679	.02489288	0	.1791393
662.15	0	.7958481	.02499033	0	.1791615
661.15	0	.795728	.02508922	0	.1791828
660.15	0	.7956075	.02518953	0	.179203
659.15	0	.7954865	.0252912	0	.1792223
658.15	0	.7953652	.02539421	0	.1792406
657.15	0	.7952435	.02549851	0	.179258
656.15	0	.7951214	.02560407	0	.1792746
655.15	0	.7949989	.02571085	0	.1792902
654.15	0	.7948761	.02581881	0	.1793051
653.15	0	.794753	.02592792	0	.1793191
652.15	0	.7946296	.02603815	0	.1793323
651.15	0	.7945058	.02614946	0	.1793447
650.15	0	.7943818	.02626183	0	.1793564
649.15	0	.7942575	.0263752	0	.1793674
648.15	0	.7941329	.02648957	0	.1793776
647.15	0	.794008	.02660489	0	.1793871
646.15	0	.7938829	.02672114	0	.179396
645.15	0	.7937575	.02683828	0	.1794042
644.15	0	.7936319	.02695628	0	.1794118
643.15	0	.7935061	.02707513	0	.1794188
642.15	0	.79338	.02719479	0	.1794252
641.15	0	.7932538	.02731523	0	.179431
640.15	0	.7931273	.02743643	0	.1794363
639.15	0	.7930007	.02755836	0	.179441
638.15	0	.7928739	.027681	0	.1794452
637.15	0	.7927469	.02780432	0	.1794488
636.15	0	.7926197	.02792829	0	.179452
635.15	0	.7924924	.0280529	0	.1794547
634.15	0	.7923649	.02817812	0	.179457
633.15	0	.7922373	.02830392	0	.1794587
632.15	0	.7921096	.02843028	0	.1794601
631.15	0	.7919818	.0285572	0	.1794611
630.15	0	.7918538	.02868463	0	.1794616
629.15	0	.7917257	.02881256	0	.1794618
628.15	0	.7915975	.02894096	0	.1794615
627.15	0	.7914692	.02906983	0	.179461
626.15	0	.7913409	.02919914	0	.17946
625.15	0	.7912124	.02932886	0	.1794588
624.15	0	.7910839	.02945899	0	.1794572
623.15	0	.7909553	.0295895	0	.1794552
622.15	0	.7908266	.02972038	0	.179453
621.15	0	.7906979	.02985159	0	.1794505
620.15	0	.7905691	.02998314	0	.1794478
619.15	0	.7904403	.030115	0	.1794447
618.15	0	.7903114	.03024716	0	.1794414
617.15	0	.7901825	.03037959	0	.1794379
616.15	0	.7900536	.03051229	0	.1794341
615.15	0	.7899247	.03064523	0	.1794301
614.15	0	.7897957	.03077841	0	.1794259
613.15	0	.7896668	.0309118	0	.1794214
612.15	0	.7895378	.03104539	0	.1794168
611.15	0	.7894088	.03117917	0	.179412
610.15	0	.7892799	.03131312	0	.179407
609.15	0	.7891509	.03144723	0	.1794019
608.15	0	.789022	.03158149	0	.1793966
607.15	0	.788893	.03171588	0	.1793911
606.15	0	.7887641	.03185039	0	.1793855
605.15	0	.7886353	.031985	0	.1793797
604.15	0	.7885065	.03211971	0	.1793738
603.15	0	.7883777	.0322545	0	.1793678
602.15	0	.7882489	.03238935	0	.1793617
601.15	0	.7881202	.03252427	0	.1793555
600.15	0	.7879916	.03265923	0	.1793492
599.15	0	.787863	.03279422	0	.1793428
598.15	0	.7877345	.03292924	0	.1793363
597.15	0	.787606	.03306427	0	.1793297
596.15	0	.7874776	.0331993	0	.1793231
595.15	0	.7873493	.03333433	0	.1793164
594.15	0	.7872211	.03346933	0	.1793096
593.15	0	.7870929	.03360431	0	.1793028
592.15	0	.7869649	.03373924	0	.1792959
591.15	0	.7868369	.03387413	0	.179289
590.15	0	.786709	.03400896	0	.179282
589.15	0	.7865812	.03414372	0	.1792751
588.15	0	.7864535	.0342784	0	.1792681
587.15	0	.786326	.03441299	0	.1792611
586.15	0	.7861985	.0345475	0	.179254
585.15	0	.7860711	.03468189	0	.179247
584.15	0	.7859439	.03481618	0	.1792399
583.15	0	.7858168	.03495035	0	.1792329
582.15	0	.7856898	.03508438	0	.1792258
581.15	0	.7855629	.03521828	0	.1792188
580.15	0	.7854362	.03535204	0	.1792118
579.15	0	.7853096	.03548564	0	.1792048
578.15	0	.7851831	.03561909	0	.1791978
577.15	0	.7850568	.03575236	0	.1791908
576.15	0	.7849306	.03588546	0	.1791839
575.15	0	.7848046	.03601838	0	.179177
574.15	0	.7846787	.03615112	0	.1791702
573.15	0	.784553	.03628365	0	.1791634
572.15	0	.7844274	.03641598	0	.1791566
571.15	0	.784302	.0365481	0	.1791499
570.15	0	.7841768	.03668001	0	.1791432
569.15	0	.7840517	.0368117	0	.1791366
568.15	0	.7839268	.03694315	0	.1791301
567.15	0	.783802	.03707437	0	.1791236
566.15	0	.7836775	.03720535	0	.1791172
565.15	0	.7835531	.03733608	0	.1791108
564.15	0	.7834289	.03746657	0	.1791046
563.15	0	.7833049	.03759679	0	.1790984
562.15	0	.783181	.03772674	0	.1790922
561.15	0	.7830574	.03785643	0	.1790862
560.15	0	.7829339	.03798584	0	.1790802
559.15	0	.7828107	.03811497	0	.1790744
558.15	0	.7826876	.03824381	0	.1790686
557.15	0	.7825648	.03837236	0	.1790629
556.15	0	.7824421	.03850061	0	.1790573
555.15	0	.7823196	.03862856	0	.1790518
554.15	0	.7821974	.0387562	0	.1790464
553.15	0	.7820754	.03888354	0	.1790411
552.15	0	.7819536	.03901055	0	.1790359
551.15	0	.781832	.03913724	0	.1790308
550.15	0	.7817106	.03926361	0	.1790258
549.15	0	.7815894	.03938965	0	.1790209
548.15	0	.7814685	.03951535	0	.1790162
547.15	0	.7813478	.0396407	0	.1790115
546.15	0	.7812273	.03976572	0	.179007
545.15	0	.7811071	.03989039	0	.1790026
544.15	0	.7809871	.0400147	0	.1789983
543.15	0	.7808673	.04013866	0	.1789941
542.15	0	.7807477	.04026225	0	.17899
541.15	0	.7806285	.04038548	0	.1789861
540.15	0	.7805094	.04050834	0	.1789823
539.15	0	.7803906	.04063083	0	.1789786
538.15	0	.780272	.04075294	0	.178975
537.15	0	.7801537	.04087467	0	.1789716
536.15	0	.7800357	.04099601	0	.1789683
535.15	0	.7799179	.04111697	0	.1789651
534.15	0	.7798004	.04123753	0	.1789621
533.15	0	.7796831	.04135769	0	.1789592
532.15	0	.7795661	.04147746	0	.1789565
531.15	0	.7794493	.04159682	0	.1789538
530.15	0	.7793329	.04171578	0	.1789514
529.15	0	.7792166	.04183433	0	.178949
528.15	0	.7791007	.04195246	0	.1789468
527.15	0	.778985	.04207018	0	.1789448
526.15	0	.7788696	.04218748	0	.1789429
525.15	0	.7787545	.04230435	0	.1789411
524.15	0	.7786397	.0424208	0	.1789395
523.15	0	.7785252	.04253682	0	.178938
522.15	0	.7784109	.0426524	0	.1789367
521.15	0	.7782969	.04276755	0	.1789355
520.15	0	.7781832	.04288226	0	.1789345
519.15	0	.7780698	.04299653	0	.1789336
518.15	0	.7779567	.04311036	0	.1789329
517.15	0	.7778439	.04322374	0	.1789323
516.15	0	.7777314	.04333666	0	.1789319
515.15	0	.7776192	.04344914	0	.1789317
514.15	0	.7775073	.04356116	0	.1789315
513.15	0	.7773957	.04367272	0	.1789316
512.15	0	.7772844	.04378381	0	.1789318
511.15	0	.7771734	.04389445	0	.1789322
510.15	0	.7770627	.04400462	0	.1789327
509.15	0	.7769523	.04411432	0	.1789333
508.15	0	.7768423	.04422354	0	.1789342
507.15	0	.7767325	.0443323	0	.1789352
506.15	0	.7766231	.04444057	0	.1789363
505.15	0	.776514	.04454837	0	.1789376
504.15	0	.7764052	.04465568	0	.1789391
503.15	0	.7762968	.04476251	0	.1789407
502.15	0	.7761886	.04486886	0	.1789425
501.15	0	.7760808	.04497471	0	.1789445
500.15	0	.7759733	.04508008	0	.1789466
499.15	0	.7758662	.04518495	0	.1789489
498.15	0	.7757594	.04528932	0	.1789513
497.15	0	.7756529	.0453932	0	.1789539
496.15	0	.7755468	.04549658	0	.1789567
495.15	0	.775441	.04559945	0	.1789596
494.15	0	.7753355	.04570183	0	.1789627
493.15	0	.7752304	.04580369	0	.178966
492.15	0	.7751256	.04590505	0	.1789694
491.15	0	.7750211	.04600589	0	.178973
490.15	0	.774917	.04610623	0	.1789767
489.15	0	.7748133	.04620605	0	.1789806
488.15	0	.7747099	.04630535	0	.1789847
487.15	0	.7746069	.04640413	0	.178989
486.15	0	.7745042	.0465024	0	.1789934
485.15	0	.7744019	.04660014	0	.178998
484.15	0	.7742999	.04669735	0	.1790027
483.15	0	.7741983	.04679405	0	.1790076
482.15	0	.7740971	.04689021	0	.1790127
481.15	0	.7739962	.04698584	0	.179018
480.15	0	.7738957	.04708095	0	.1790234
479.15	0	.7737955	.04717552	0	.179029
478.15	0	.7736957	.04726955	0	.1790347
477.15	0	.7735963	.04736306	0	.1790406
476.15	0	.7734973	.04745602	0	.1790467
475.15	0	.7733986	.04754844	0	.179053
474.15	0	.7733003	.04764032	0	.1790594
473.15	0	.7732024	.04773166	0	.179066
472.15	0	.7731048	.04782245	0	.1790727
471.15	0	.7730077	.0479127	0	.1790796
470.15	0	.7729109	.0480024	0	.1790867
469.15	0	.7728145	.04809155	0	.179094
468.15	0	.7727185	.04818015	0	.1791014
467.15	0	.7726229	.0482682	0	.179109
466.15	0	.7725276	.0483557	0	.1791167
465.15	0	.7724328	.04844264	0	.1791246
464.15	0	.7723383	.04852903	0	.1791327
463.15	0	.7722442	.04861485	0	.1791409
462.15	0	.7721505	.04870012	0	.1791493
461.15	0	.7720573	.04878483	0	.1791579
460.15	0	.7719644	.04886898	0	.1791667
459.15	0	.7718719	.04895257	0	.1791756
458.15	0	.7717798	.04903559	0	.1791846
457.15	0	.7716881	.04911805	0	.1791939
456.15	0	.7715968	.04919994	0	.1792033
455.15	0	.7715059	.04928127	0	.1792128
454.15	0	.7714154	.04936202	0	.1792226
453.15	0	.7713253	.04944221	0	.1792324
452.15	0	.7712357	.04952182	0	.1792425
451.15	0	.7711464	.04960087	0	.1792527
450.15	0	.7710576	.04967934	0	.1792631
449.15	0	.7709692	.04975715	0	.1792737
448.15	0	.7708812	.04983436	0	.1792844
447.15	0	.7707937	.04991099	0	.1792953
446.15	0	.7707067	.04998701	0	.1793063
445.15	0	.77062	.05006242	0	.1793176
444.15	0	.7705339	.05013721	0	.1793289
443.15	0	.7704481	.05021138	0	.1793405
442.15	0	.7703629	.05028491	0	.1793522
