T	 BPW(LIQUID)	BPW(BCC_A2)	BPW(FCC_A1)	BPW(LAVES_PHASE_C14)	BPW(NI3TI)
1473.15	.2129973	.7870027	0	0	0
1472.15	.2100922	.7899078	0	0	0
1471.15	.2072084	.7927916	0	0	0
1470.15	.2043458	.7956542	0	0	0
1469.15	.2015042	.7984958	0	0	0
1468.15	.1986835	.8013165	0	0	0
1467.15	.1958835	.8041165	0	0	0
1466.15	.193104	.806896	0	0	0
1465.15	.190345	.809655	0	0	0
1464.15	.1876063	.8123937	0	0	0
1463.15	.1848877	.8151123	0	0	0
1462.15	.1821891	.8178109	0	0	0
1461.15	.1795103	.8204897	0	0	0
1460.15	.1768512	.8231488	0	0	0
1459.15	.1742116	.8257884	0	0	0
1458.15	.1715914	.8284086	0	0	0
1457.15	.1689905	.8310095	0	0	0
1456.15	.1664087	.8335913	0	0	0
1455.15	.163846	.8361541	0	0	0
1454.15	.161302	.838698	0	0	0
1453.15	.1587767	.8412233	0	0	0
1452.15	.15627	.84373	0	0	0
1451.15	.1537818	.8462182	0	0	0
1450.15	.1513118	.8486882	0	0	0
1449.15	.14886	.85114	0	0	0
1448.15	.1464262	.8535738	0	0	0
1447.15	.1440103	.8559897	0	0	0
1446.15	.1416121	.8583879	0	0	0
1445.15	.1392316	.8607684	0	0	0
1444.15	.1368686	.8631314	0	0	0
1443.15	.1345229	.8654771	0	0	0
1442.15	.1321945	.8678055	0	0	0
1441.15	.1298831	.8701169	0	0	0
1440.15	.1275888	.8724112	0	0	0
1439.15	.1253113	.8746887	0	0	0
1438.15	.1230505	.8769495	0	0	0
1437.15	.1208064	.8791936	0	0	0
1436.15	.1185787	.8814213	0	0	0
1435.15	.1163674	.8836326	0	0	0
1434.15	.1141723	.8858277	0	0	0
1433.15	.1119933	.8880067	0	0	0
1432.29	.1101319	.8898681	0	0	0
1432.29	.1101319	.8898681	0	0	0
1432.29	.1101319	.8898681	0	0	0
1432.15	.1096332	.8901676	0	1.991983E-04	0
1431.15	.1060949	.8922899	0	.00161521	0
1430.15	.102604	.8943787	0	.003017312	0
1429.15	.09915928	.8964349	0	.004405796	0
1428.15	.09575993	.8984591	0	.005780946	0
1427.15	.09240501	.900452	0	.007143038	0
1426.15	.08909361	.902414	0	.00849234	0
1425.15	.08582487	.904346	0	.009829113	0
1424.15	.08259793	.9062485	0	.01115361	0
1423.15	.07941198	.9081219	0	.01246609	0
1422.15	.07626619	.909967	0	.01376678	0
1421.15	.07315978	.9117843	0	.01505592	0
1420.15	.07009199	.9135743	0	.01633374	0
1419.15	.06706207	.9153375	0	.01760046	0
1418.15	.06406928	.9170744	0	.01885631	0
1417.15	.06111292	.9187856	0	.02010149	0
1416.15	.05819229	.9204715	0	.02133621	0
1415.15	.05530672	.9221326	0	.02256067	0
1414.15	.05245553	.9237694	0	.02377507	0
1413.15	.04963809	.9253823	0	.0249796	0
1412.15	.04685377	.9269718	0	.02617445	0
1411.15	.04410195	.9285383	0	.0273598	0
1410.15	.04138203	.9300821	0	.02853583	0
1409.15	.03869342	.9316039	0	.02970271	0
1408.15	.03603555	.9331038	0	.03086062	0
1407.15	.03340786	.9345824	0	.0320097	0
1406.15	.0308098	.9360401	0	.03315014	0
1405.15	.02824085	.9374771	0	.03428209	0
1404.15	.02570047	.9388938	0	.03540569	0
1403.15	.02318816	.9402907	0	.03652111	0
1402.15	.02070342	.9416681	0	.03762848	0
1401.15	.01824576	.9430263	0	.03872796	0
1400.15	.01581471	.9443656	0	.03981968	0
1399.15	.0134098	.9456864	0	.04090377	0
1398.15	.01103057	.946989	0	.04198038	0
1397.15	.008676578	.9482738	0	.04304963	0
1396.15	.006347391	.949541	0	.04411165	0
1395.15	.004042581	.9507908	0	.04516657	0
1394.15	.001761731	.9520238	0	.0462145	0
1393.37	0	.9529733	0	.04702668	0
1393.37	0	.9529733	0	.04702668	0
1393.15	0	.9528251	0	.04717493	0
1392.15	0	.9521535	0	.04784651	0
1391.15	0	.9514835	0	.0485165	0
1390.15	0	.9508151	0	.04918491	0
1389.15	0	.9501483	0	.04985173	0
1388.15	0	.949483	0	.05051697	0
1387.15	0	.9488194	0	.05118064	0
1386.15	0	.9481573	0	.05184275	0
1385.15	0	.9474967	0	.05250329	0
1384.15	0	.9468377	0	.05316228	0
1383.15	0	.9461803	0	.05381971	0
1382.15	0	.9455244	0	.0544756	0
1381.15	0	.9448701	0	.05512994	0
1380.15	0	.9442173	0	.05578275	0
1379.15	0	.943566	0	.05643403	0
1378.15	0	.9429162	0	.05708378	0
1377.15	0	.942268	0	.05773201	0
1376.15	0	.9416213	0	.05837873	0
1375.15	0	.9409761	0	.05902393	0
1374.15	0	.9403324	0	.05966762	0
1373.15	0	.9396902	0	.06030982	0
1372.15	0	.9390495	0	.06095051	0
1371.15	0	.9384103	0	.06158971	0
1370.15	0	.9377726	0	.06222743	0
1369.15	0	.9371363	0	.06286366	0
1368.15	0	.9365016	0	.06349841	0
1367.15	0	.9358683	0	.06413169	0
1366.15	0	.9352365	0	.0647635	0
1365.15	0	.9346062	0	.06539385	0
1364.15	0	.9339773	0	.06602274	0
1363.15	0	.9333498	0	.06665017	0
1362.15	0	.9327239	0	.06727615	0
1361.15	0	.9320993	0	.06790069	0
1360.15	0	.9314762	0	.06852378	0
1359.15	0	.9308546	0	.06914544	0
1358.15	0	.9302343	0	.06976567	0
1357.15	0	.9296155	0	.07038447	0
1356.15	0	.9289982	0	.07100184	0
1355.15	0	.9283822	0	.0716178	0
1354.15	0	.9277677	0	.07223234	0
1353.15	0	.9271545	0	.07284548	0
1352.15	0	.9265428	0	.0734572	0
1351.15	0	.9259325	0	.07406753	0
1350.15	0	.9253235	0	.07467646	0
1349.15	0	.924716	0	.075284	0
1348.15	0	.9241099	0	.07589015	0
1347.15	0	.9235051	0	.07649492	0
1346.15	0	.9229017	0	.0770983	0
1345.15	0	.9222997	0	.07770032	0
1344.15	0	.921699	0	.07830096	0
1343.15	0	.9210998	0	.07890023	0
1342.15	0	.9205019	0	.07949814	0
1341.15	0	.9199053	0	.08009469	0
1340.15	0	.9193101	0	.0806899	0
1339.15	0	.9187163	0	.08128374	0
1338.15	0	.9181238	0	.08187625	0
1337.15	0	.9175326	0	.08246741	0
1336.15	0	.9169428	0	.08305723	0
1335.15	0	.9163543	0	.08364572	0
1334.15	0	.9157671	0	.08423289	0
1333.15	0	.9151813	0	.08481872	0
1332.15	0	.9145968	0	.08540323	0
1331.15	0	.9140136	0	.08598643	0
1330.15	0	.9134317	0	.08656831	0
1329.15	0	.9128511	0	.08714889	0
1328.15	0	.9122718	0	.08772816	0
1327.15	0	.9116939	0	.08830612	0
1326.15	0	.9111172	0	.08888279	0
1325.15	0	.9105418	0	.08945816	0
1324.15	0	.9099678	0	.09003225	0
1323.15	0	.909395	0	.09060505	0
1322.15	0	.9088234	0	.09117656	0
1321.15	0	.9082532	0	.0917468	0
1320.15	0	.9076842	0	.09231576	0
1319.15	0	.9071166	0	.09288346	0
1318.15	0	.9065501	0	.09344988	0
1317.15	0	.905985	0	.09401504	0
1316.15	0	.9054211	0	.09457894	0
1315.15	0	.9048584	0	.09514159	0
1314.15	0	.904297	0	.09570298	0
1313.15	0	.9037369	0	.09626313	0
1312.15	0	.903178	0	.09682203	0
1311.15	0	.9026203	0	.09737968	0
1310.15	0	.9020639	0	.0979361	0
1309.15	0	.9015087	0	.09849129	0
1308.15	0	.9009548	0	.09904525	0
1307.15	0	.900402	0	.09959798	0
1306.15	0	.8998505	0	.1001495	0
1305.15	0	.8993002	0	.1006998	0
1304.15	0	.8987512	0	.1012488	0
1303.15	0	.8982033	0	.1017967	0
1302.15	0	.8976567	0	.1023434	0
1301.15	0	.8971112	0	.1028888	0
1300.15	0	.896567	0	.103433	0
1299.15	0	.8960239	0	.1039761	0
1298.15	0	.8954821	0	.1045179	0
1297.15	0	.8949414	0	.1050586	0
1296.15	0	.894402	0	.105598	0
1295.15	0	.8938637	0	.1061363	0
1294.15	0	.8933266	0	.1066734	0
1293.15	0	.8927907	0	.1072094	0
1292.15	0	.8922559	0	.1077441	0
1291.15	0	.8917223	0	.1082777	0
1290.15	0	.8911899	0	.1088101	0
1289.15	0	.8906587	0	.1093413	0
1288.15	0	.8901286	0	.1098714	0
1287.15	0	.8895997	0	.1104003	0
1286.15	0	.8890719	0	.1109281	0
1285.15	0	.8885453	0	.1114547	0
1284.15	0	.8880198	0	.1119802	0
1283.15	0	.8874955	0	.1125045	0
1282.15	0	.8869723	0	.1130277	0
1281.15	0	.8864503	0	.1135497	0
1280.15	0	.8859294	0	.1140706	0
1279.15	0	.8854096	0	.1145904	0
1278.15	0	.884891	0	.115109	0
1277.15	0	.8843735	0	.1156265	0
1276.15	0	.8838571	0	.1161429	0
1275.15	0	.8833418	0	.1166582	0
1274.15	0	.8828276	0	.1171724	0
1273.15	0	.8823146	0	.1176854	0
1272.15	0	.8818027	0	.1181973	0
1271.15	0	.8812919	0	.1187082	0
1270.15	0	.8807821	0	.1192179	0
1269.15	0	.8802735	0	.1197265	0
1268.15	0	.879766	0	.120234	0
1267.15	0	.8792596	0	.1207404	0
1266.15	0	.8787543	0	.1212457	0
1265.15	0	.87825	0	.12175	0
1264.15	0	.8777469	0	.1222531	0
1263.15	0	.8772448	0	.1227552	0
1262.15	0	.8767438	0	.1232562	0
1261.15	0	.8762439	0	.1237561	0
1260.15	0	.8757451	0	.1242549	0
1259.15	0	.8752473	0	.1247527	0
1258.15	0	.8747506	0	.1252494	0
1257.15	0	.874255	0	.125745	0
1256.15	0	.8737604	0	.1262396	0
1255.15	0	.8732669	0	.1267331	0
1254.15	0	.8727745	0	.1272255	0
1253.15	0	.8722831	0	.1277169	0
1252.15	0	.8717928	0	.1282072	0
1251.15	0	.8713035	0	.1286965	0
1250.15	0	.8708152	0	.1291848	0
1249.15	0	.8703281	0	.129672	0
1248.15	0	.8698419	0	.1301581	0
1247.15	0	.8693568	0	.1306432	0
1246.15	0	.8688727	0	.1311273	0
1245.15	0	.8683897	0	.1316104	0
1244.15	0	.8679076	0	.1320924	0
1243.15	0	.8674267	0	.1325734	0
1242.15	0	.8669467	0	.1330533	0
1241.15	0	.8664677	0	.1335322	0
1240.15	0	.8659898	0	.1340102	0
1239.15	0	.8655129	0	.1344871	0
1238.15	0	.865037	0	.134963	0
1237.15	0	.8645622	0	.1354378	0
1236.15	0	.8640883	0	.1359117	0
1235.15	0	.8636154	0	.1363846	0
1234.15	0	.8631436	0	.1368564	0
1233.15	0	.8626727	0	.1373273	0
1232.15	0	.8622029	0	.1377972	0
1231.15	0	.861734	0	.138266	0
1230.15	0	.8612661	0	.1387339	0
1229.15	0	.8607993	0	.1392008	0
1228.15	0	.8603334	0	.1396666	0
1227.15	0	.8598685	0	.1401315	0
1226.15	0	.8594045	0	.1405955	0
1225.15	0	.8589416	0	.1410584	0
1224.15	0	.8584796	0	.1415204	0
1223.15	0	.8580187	0	.1419813	0
1222.15	0	.8575587	0	.1424413	0
1221.15	0	.8570996	0	.1429004	0
1220.15	0	.8566415	0	.1433584	0
1219.15	0	.8561844	0	.1438155	0
1218.15	0	.8557283	0	.1442717	0
1217.15	0	.8552731	0	.1447269	0
1216.15	0	.8548189	0	.1451811	0
1215.15	0	.8543657	0	.1456343	0
1214.15	0	.8539134	0	.1460867	0
1213.15	0	.853462	0	.146538	0
1212.15	0	.8530116	0	.1469884	0
1211.15	0	.8525621	0	.1474379	0
1210.15	0	.8521136	0	.1478864	0
1209.15	0	.8516661	0	.1483339	0
1208.15	0	.8512194	0	.1487806	0
1207.15	0	.8507737	0	.1492263	0
1206.15	0	.850329	0	.149671	0
1205.15	0	.8498852	0	.1501148	0
1204.15	0	.8494423	0	.1505577	0
1203.15	0	.8490003	0	.1509997	0
1202.15	0	.8485593	0	.1514407	0
1201.15	0	.8481192	0	.1518808	0
1200.15	0	.84768	0	.15232	0
1199.15	0	.8472417	0	.1527583	0
1198.15	0	.8468044	0	.1531956	0
1197.15	0	.8463679	0	.1536321	0
1196.15	0	.8459324	0	.1540676	0
1195.15	0	.8454978	0	.1545022	0
1194.15	0	.8450641	0	.1549359	0
1193.15	0	.8446313	0	.1553687	0
1192.15	0	.8441995	0	.1558006	0
1191.15	0	.8437685	0	.1562315	0
1190.15	0	.8433384	0	.1566616	0
1189.15	0	.8429092	0	.1570908	0
1188.15	0	.8424809	0	.1575191	0
1187.15	0	.8420535	0	.1579465	0
1186.15	0	.841627	0	.158373	0
1185.15	0	.8412014	0	.1587986	0
1184.15	0	.8407767	0	.1592233	0
1183.15	0	.8403529	0	.1596471	0
1182.15	0	.8399299	0	.1600701	0
1181.15	0	.8395078	0	.1604922	0
1180.15	0	.8390867	0	.1609134	0
1179.15	0	.8386663	0	.1613337	0
1178.15	0	.8382469	0	.1617531	0
1177.15	0	.8378283	0	.1621717	0
1176.15	0	.8374107	0	.1625894	0
1175.15	0	.8369938	0	.1630062	0
1174.15	0	.8365779	0	.1634221	0
1173.15	0	.8361628	0	.1638372	0
1172.318	0	.8358181	0	.1641819	0
1172.318	0	.8358181	0	.1641819	0
1172.318	0	.8358181	0	.1641819	0
1172.15	0	.835606	1.482594E-04	.1642457	0
1171.15	0	.8343462	.001028888	.1646249	0
1170.15	0	.8330898	.00190709	.1650031	0
1169.15	0	.8318368	.002782867	.1653803	0
1168.15	0	.8305872	.003656221	.1657565	0
1167.15	0	.829341	.004527152	.1661318	0
1166.15	0	.8280982	.005395663	.1665061	0
1165.15	0	.8268588	.006261755	.1668795	0
1164.15	0	.8256227	.007125429	.1672519	0
1163.15	0	.82439	.007986687	.1676233	0
1162.15	0	.8231607	.008845529	.1679937	0
1161.15	0	.8219348	.009701957	.1683633	0
1160.15	0	.8207122	.01055597	.1687318	0
1159.15	0	.819493	.01140758	.1690995	0
1158.15	0	.8182771	.01225677	.1694661	0
1157.15	0	.8170646	.01310355	.1698319	0
1156.15	0	.8158554	.01394793	.1701967	0
1155.15	0	.8146496	.0147899	.1705605	0
1154.15	0	.8134471	.01562949	.1709234	0
1153.15	0	.8122479	.01646664	.1712854	0
1152.15	0	.8110521	.0173014	.1716465	0
1151.15	0	.8098596	.01813375	.1720066	0
1150.15	0	.8086705	.01896369	.1723658	0
1149.15	0	.8074846	.01979124	.1727241	0
1148.15	0	.8063021	.02061639	.1730815	0
1147.15	0	.8051229	.02143913	.173438	0
1146.15	0	.803947	.02225948	.1737935	0
1145.15	0	.8027745	.02307742	.1741481	0
1144.15	0	.8016052	.02389297	.1745018	0
1143.15	0	.8004392	.02470613	.1748547	0
1142.15	0	.7992766	.02551688	.1752066	0
1141.15	0	.7981172	.02632524	.1755576	0
1140.15	0	.7969611	.0271312	.1759077	0
1139.15	0	.7958083	.02793477	.1762569	0
1138.15	0	.7946588	.02873594	.1766052	0
1137.15	0	.7935126	.02953472	.1769527	0
1136.15	0	.7923697	.03033111	.1772992	0
1135.15	0	.7912301	.0311251	.1776448	0
1134.15	0	.7900937	.0319167	.1779896	0
1133.15	0	.7889606	.0327059	.1783335	0
1132.15	0	.7878308	.03349272	.1786765	0
1131.15	0	.7867042	.03427714	.1790186	0
1130.15	0	.7855809	.03505917	.1793599	0
1129.15	0	.7844609	.0358388	.1797003	0
1128.15	0	.7833442	.03661604	.1800398	0
1127.15	0	.7822307	.0373909	.1803784	0
1126.15	0	.7811204	.03816335	.1807162	0
1125.15	0	.7800135	.03893342	.1810531	0
1124.15	0	.7789098	.0397011	.1813891	0
1123.15	0	.7778093	.04046638	.1817243	0
1122.15	0	.7767121	.04122927	.1820587	0
1121.15	0	.7756181	.04198977	.1823921	0
1120.15	0	.7745274	.04274788	.1827247	0
1119.15	0	.7734399	.04350359	.1830565	0
1118.15	0	.7723557	.04425691	.1833874	0
1117.15	0	.7712747	.04500784	.1837175	0
1116.15	0	.7701969	.04575637	.1840467	0
1115.15	0	.7691224	.04650251	.1843751	0
1114.15	0	.7680512	.04724626	.1847026	0
1113.15	0	.7669831	.04798761	.1850293	0
1112.15	0	.7659183	.04872657	.1853551	0
1111.15	0	.7648567	.04946313	.1856802	0
1110.15	0	.7637984	.05019729	.1860043	0
1109.15	0	.7627433	.05092906	.1863277	0
1108.15	0	.7616914	.05165844	.1866502	0
1107.15	0	.7606427	.05238541	.1869719	0
1106.15	0	.7595973	.05310999	.1872927	0
1105.15	0	.7585551	.05383217	.1876128	0
1104.15	0	.7575161	.05455195	.187932	0
1103.15	0	.7564803	.05526932	.1882504	0
1102.15	0	.7554478	.0559843	.1885679	0
1101.15	0	.7544184	.05669688	.1888847	0
1100.15	0	.7533923	.05740705	.1892006	0
1099.15	0	.7523694	.05811483	.1895157	0
1098.15	0	.7513498	.0588202	.18983	0
1097.15	0	.7503333	.05952316	.1901435	0
1096.15	0	.7493201	.06022372	.1904562	0
1095.15	0	.7483101	.06092187	.1907681	0
1094.15	0	.7473033	.06161761	.1910791	0
1093.15	0	.7462997	.06231095	.1913894	0
1092.15	0	.7452993	.06300187	.1916988	0
1091.15	0	.7443021	.06369039	.1920075	0
1090.15	0	.7433082	.0643765	.1923153	0
1089.15	0	.7423174	.06506019	.1926224	0
1088.15	0	.7413299	.06574147	.1929286	0
1087.15	0	.7403456	.06642033	.1932341	0
1086.15	0	.7393645	.06709678	.1935387	0
1085.15	0	.7383866	.06777081	.1938426	0
1084.15	0	.7374119	.06844242	.1941457	0
1083.15	0	.7364404	.06911162	.1944479	0
1082.15	0	.7354722	.06977839	.1947494	0
1081.15	0	.7345071	.07044274	.1950501	0
1080.15	0	.7335453	.07110467	.19535	0
1079.15	0	.7325867	.07176418	.1956492	0
1078.15	0	.7316312	.07242126	.1959475	0
1077.15	0	.730679	.07307591	.1962451	0
1076.15	0	.72973	.07372813	.1965418	0
1075.15	0	.7287843	.07437793	.1968378	0
1074.15	0	.7278417	.07502529	.197133	0
1073.15	0	.7269023	.07567022	.1974275	0
1072.15	0	.7259662	.07631272	.1977211	0
1071.15	0	.7250332	.07695278	.198014	0
1070.15	0	.7241035	.0775904	.1983061	0
1069.15	0	.723177	.07822559	.1985974	0
1068.15	0	.7222537	.07885833	.198888	0
1067.15	0	.7213336	.07948864	.1991778	0
1066.15	0	.7204167	.0801165	.1994668	0
1065.15	0	.7195031	.08074192	.199755	0
1064.15	0	.7185926	.08136489	.2000425	0
1063.15	0	.7176854	.08198542	.2003292	0
1062.15	0	.7167814	.08260349	.2006151	0
1061.15	0	.7158806	.08321912	.2009003	0
1060.15	0	.714983	.08383229	.2011847	0
1059.15	0	.7140887	.08444301	.2014683	0
1058.15	0	.7131975	.08505128	.2017512	0
1057.15	0	.7123096	.08565709	.2020333	0
1056.15	0	.7114249	.08626044	.2023146	0
1055.15	0	.7105435	.08686133	.2025952	0
1054.15	0	.7096652	.08745975	.202875	0
1053.15	0	.7087902	.08805572	.2031541	0
1052.15	0	.7079184	.08864922	.2034324	0
1051.15	0	.7070498	.08924025	.2037099	0
1050.15	0	.7061845	.08982882	.2039867	0
1049.15	0	.7053224	.09041491	.2042627	0
1048.15	0	.7044635	.09099854	.204538	0
1047.15	0	.7036078	.09157969	.2048125	0
1046.15	0	.7027554	.09215836	.2050863	0
1045.15	0	.7019062	.09273456	.2053592	0
1044.15	0	.7010602	.09330828	.2056315	0
1043.15	0	.7002175	.09387953	.205903	0
1042.15	0	.699378	.09444829	.2061737	0
1041.15	0	.6985418	.09501457	.2064437	0
1040.15	0	.6977088	.09557836	.2067129	0
1039.15	0	.696879	.09613967	.2069813	0
1038.15	0	.6960525	.09669849	.207249	0
1037.15	0	.6952292	.09725482	.207516	0
1036.15	0	.6944091	.09780867	.2077822	0
1035.15	0	.6935923	.09836002	.2080477	0
1034.15	0	.6927788	.09890887	.2083124	0
1033.15	0	.6919685	.09945523	.2085763	0
1032.15	0	.6911614	.0999991	.2088395	0
1031.15	0	.6903576	.1005405	.2091019	0
1030.15	0	.689557	.1010793	.2093636	0
1029.15	0	.6887597	.1016157	.2096246	0
1028.15	0	.6879657	.1021496	.2098847	0
1027.15	0	.6871749	.1026809	.2101442	0
1026.15	0	.6863874	.1032098	.2104028	0
1025.15	0	.6856031	.1037362	.2106608	0
1024.15	0	.6848221	.10426	.2109179	0
1023.15	0	.6840443	.1047813	.2111744	0
1022.15	0	.6832698	.1053002	.21143	0
1021.15	0	.6824986	.1058165	.2116849	0
1020.15	0	.6817306	.1063303	.2119391	0
1019.15	0	.6809659	.1068416	.2121925	0
1018.15	0	.6802045	.1073504	.2124452	0
1017.15	0	.6794463	.1078566	.2126971	0
1016.15	0	.6786914	.1083604	.2129482	0
1015.15	0	.6779398	.1088616	.2131986	0
1014.15	0	.6771914	.1093603	.2134482	0
1013.15	0	.6764464	.1098566	.2136971	0
1012.15	0	.6757046	.1103502	.2139452	0
1011.15	0	.674966	.1108414	.2141926	0
1010.15	0	.6742308	.1113301	.2144392	0
1009.15	0	.6734988	.1118162	.214685	0
1008.15	0	.6727701	.1122998	.2149301	0
1007.15	0	.6720447	.1127809	.2151744	0
1006.15	0	.6713226	.1132595	.215418	0
1005.15	0	.6706037	.1137355	.2156608	0
1004.15	0	.6698882	.1142091	.2159028	0
1003.15	0	.6691759	.1146801	.2161441	0
1002.15	0	.6684669	.1151486	.2163846	0
1001.15	0	.6677612	.1156145	.2166243	0
1000.15	0	.6670587	.116078	.2168633	0
999.15	0	.6663596	.1165389	.2171015	0
998.15	0	.6656637	.1169973	.2173389	0
997.15	0	.6649712	.1174532	.2175756	0
996.15	0	.6642819	.1179066	.2178115	0
995.15	0	.6635959	.1183575	.2180466	0
994.15	0	.6629132	.1188058	.218281	0
993.15	0	.6622338	.1192517	.2185145	0
992.15	0	.6615577	.119695	.2187473	0
991.15	0	.6608848	.1201358	.2189793	0
990.15	0	.6602153	.1205741	.2192106	0
989.15	0	.6595491	.1210099	.219441	0
988.15	0	.6588861	.1214432	.2196707	0
987.15	0	.6582264	.121874	.2198996	0
986.15	0	.65757	.1223023	.2201277	0
985.15	0	.6569169	.1227281	.220355	0
984.15	0	.6562671	.1231514	.2205815	0
983.15	0	.6556206	.1235721	.2208073	0
982.15	0	.6549773	.1239905	.2210322	0
981.15	0	.6543374	.1244063	.2212563	0
980.15	0	.6537007	.1248196	.2214797	0
979.15	0	.6530673	.1252304	.2217022	0
978.15	0	.6524372	.1256388	.221924	0
977.15	0	.6518104	.1260447	.2221449	0
976.15	0	.6511868	.1264481	.2223651	0
975.15	0	.6505665	.1268491	.2225844	0
974.15	0	.6499495	.1272476	.2228029	0
973.15	0	.6493358	.1276436	.2230206	0
972.15	0	.6487253	.1280372	.2232375	0
971.15	0	.6481181	.1284284	.2234535	0
970.15	0	.6475142	.1288171	.2236688	0
969.15	0	.6469135	.1292033	.2238832	0
968.15	0	.6463161	.1295872	.2240968	0
967.15	0	.6457219	.1299686	.2243095	0
966.15	0	.645131	.1303476	.2245215	0
965.15	0	.6445433	.1307241	.2247325	0
964.15	0	.6439589	.1310983	.2249428	0
963.15	0	.6433777	.1314701	.2251522	0
962.15	0	.6427998	.1318395	.2253608	0
961.15	0	.6422251	.1322065	.2255685	0
960.15	0	.6416536	.1325711	.2257753	0
959.15	0	.6410853	.1329334	.2259813	0
958.15	0	.6405202	.1332933	.2261865	0
957.15	0	.6399584	.1336508	.2263908	0
956.15	0	.6393998	.1340061	.2265942	0
955.15	0	.6388443	.134359	.2267967	0
954.15	0	.638292	.1347096	.2269984	0
953.15	0	.637743	.1350579	.2271992	0
952.15	0	.6371971	.1354039	.2273991	0
951.15	0	.6366543	.1357476	.2275981	0
950.15	0	.6361148	.136089	.2277962	0
949.15	0	.6355784	.1364282	.2279935	0
948.15	0	.6350451	.1367651	.2281898	0
947.15	0	.6345149	.1370998	.2283852	0
946.15	0	.6339879	.1374323	.2285797	0
945.15	0	.633464	.1377626	.2287733	0
944.15	0	.6329433	.1380907	.228966	0
943.15	0	.6324256	.1384167	.2291578	0
942.15	0	.6319109	.1387404	.2293486	0
941.15	0	.6313994	.1390621	.2295385	0
940.15	0	.6308909	.1393816	.2297275	0
939.15	0	.6303855	.139699	.2299155	0
938.15	0	.6298831	.1400143	.2301026	0
937.15	0	.6293838	.1403276	.2302887	0
936.15	0	.6288874	.1406388	.2304738	0
935.15	0	.6283941	.140948	.230658	0
934.15	0	.6279037	.1412551	.2308412	0
933.15	0	.6274163	.1415603	.2310234	0
932.15	0	.6269318	.1418636	.2312047	0
931.15	0	.6264503	.1421648	.2313849	0
930.15	0	.6259716	.1424642	.2315641	0
929.15	0	.6254959	.1427617	.2317424	0
928.15	0	.6250231	.1430573	.2319196	0
927.15	0	.6245531	.1433511	.2320958	0
926.15	0	.624086	.143643	.232271	0
925.15	0	.6236217	.1439332	.2324451	0
924.15	0	.6231602	.1442216	.2326183	0
923.15	0	.6227014	.1445083	.2327903	0
922.15	0	.6222455	.1447932	.2329613	0
921.15	0	.6217922	.1450765	.2331313	0
920.15	0	.6213417	.1453582	.2333001	0
919.15	0	.6208939	.1456383	.2334679	0
918.15	0	.6204487	.1459168	.2336346	0
917.15	0	.6200061	.1461937	.2338002	0
916.15	0	.6195662	.1464692	.2339647	0
915.15	0	.6191288	.1467432	.234128	0
914.15	0	.618694	.1470158	.2342903	0
913.15	0	.6182617	.1472869	.2344514	0
912.15	0	.6178319	.1475568	.2346113	0
911.15	0	.6174045	.1478253	.2347702	0
910.15	0	.6169796	.1480926	.2349278	0
909.15	0	.6165571	.1483587	.2350843	0
908.15	0	.6161369	.1486236	.2352396	0
907.15	0	.615719	.1488873	.2353936	0
906.15	0	.6153034	.14915	.2355465	0
905.15	0	.6148901	.1494117	.2356982	0
904.15	0	.614479	.1496724	.2358486	0
903.15	0	.61407	.1499322	.2359978	0
902.15	0	.6136632	.1501911	.2361458	0
901.15	0	.6132584	.1504492	.2362924	0
900.15	0	.6128557	.1507065	.2364378	0
899.15	0	.612455	.1509631	.2365819	0
898.15	0	.6120562	.1512191	.2367247	0
897.15	0	.6116593	.1514746	.2368662	0
896.15	0	.6112642	.1517295	.2370064	0
895.15	0	.6108709	.1519839	.2371452	0
894.15	0	.6104794	.152238	.2372826	0
893.15	0	.6100895	.1524918	.2374187	0
892.15	0	.6097013	.1527454	.2375533	0
891.15	0	.6093146	.1529988	.2376866	0
890.15	0	.6089295	.1532521	.2378184	0
889.15	0	.6085458	.1535054	.2379488	0
888.15	0	.6081635	.1537588	.2380777	0
887.15	0	.6077824	.1540124	.2382052	0
886.15	0	.6074027	.1542661	.2383312	0
885.15	0	.6070241	.1545203	.2384556	0
884.15	0	.6066466	.1547749	.2385786	0
883.15	0	.6062701	.1550299	.2386999	0
882.15	0	.6058946	.1552857	.2388197	0
881.15	0	.60552	.1555421	.2389379	0
880.15	0	.6051461	.1557994	.2390545	0
879.15	0	.6047729	.1560576	.2391695	0
878.15	0	.6044004	.1563168	.2392828	0
877.15	0	.6040284	.1565772	.2393944	0
876.15	0	.6036568	.1568389	.2395043	0
875.15	0	.6032855	.157102	.2396125	0
874.15	0	.6029145	.1573666	.2397189	0
873.15	0	.6025436	.1576329	.2398235	0
872.15	0	.6021727	.157901	.2399264	0
871.15	0	.6018017	.158171	.2400273	0
870.15	0	.6014305	.1584431	.2401264	0
869.15	0	.601059	.1587174	.2402236	0
868.15	0	.600687	.1589941	.2403189	0
867.15	0	.6003144	.1592734	.2404122	0
866.15	0	.5999411	.1595554	.2405035	0
865.15	0	.599567	.1598403	.2405927	0
864.15	0	.5991918	.1601282	.2406799	0
863.15	0	.5988155	.1604195	.240765	0
862.15	0	.5984379	.1607142	.2408479	0
861.15	0	.5980588	.1610126	.2409286	0
860.15	0	.5976781	.1613148	.2410071	0
859.15	0	.5972956	.1616212	.2410832	0
858.15	0	.596911	.161932	.241157	0
857.15	0	.5965242	.1622473	.2412285	0
856.15	0	.596135	.1625675	.2412975	0
855.15	0	.5957432	.1628928	.241364	0
854.15	0	.5953486	.1632235	.2414279	0
853.15	0	.5949509	.1635599	.2414893	0
852.15	0	.5945498	.1639023	.2415479	0
851.15	0	.5941452	.164251	.2416038	0
850.15	0	.5937367	.1646064	.2416568	0
849.15	0	.5933241	.1649689	.241707	0
848.15	0	.592907	.1653388	.2417542	0
847.15	0	.5924852	.1657165	.2417983	0
846.15	0	.5920583	.1661025	.2418392	0
845.15	0	.5916258	.1664972	.2418769	0
844.15	0	.5911876	.1669011	.2419113	0
843.15	0	.590743	.1673148	.2419422	0
842.15	0	.5902918	.1677388	.2419694	0
841.15	0	.5898334	.1681736	.241993	0
840.15	0	.5893674	.1686199	.2420127	0
839.15	0	.5888931	.1690784	.2420285	0
838.15	0	.5884101	.1695498	.2420401	0
837.15	0	.5879176	.170035	.2420474	0
836.15	0	.5874152	.1705347	.2420502	0
835.15	0	.5869019	.1710499	.2420483	0
834.15	0	.586377	.1715816	.2420414	0
833.15	0	.5854333	.1726121	.2419546	0
832.15	0	.584463	.1736793	.2418577	0
831.15	0	.583544	.1746909	.2417651	0
830.15	0	.5826726	.1756508	.2416766	0
829.15	0	.5818455	.1765628	.2415917	0
828.15	0	.5810596	.1774301	.2415103	0
827.15	0	.5803122	.1782556	.2414321	0
826.15	0	.5796009	.1790422	.2413568	0
825.15	0	.5789233	.1797924	.2412843	0
824.15	0	.5782774	.1805083	.2412143	0
823.15	0	.5776611	.1811922	.2411466	0
822.15	0	.5770728	.181846	.2410812	0
821.15	0	.5765108	.1824714	.2410178	0
820.15	0	.5759735	.1830702	.2409564	0
819.15	0	.5754595	.1836438	.2408967	0
818.15	0	.5749676	.1841936	.2408387	0
817.15	0	.5744966	.1847211	.2407823	0
816.15	0	.5740452	.1852274	.2407274	0
815.15	0	.5736124	.1857137	.2406739	0
814.15	0	.5731974	.186181	.2406217	0
813.15	0	.572799	.1866304	.2405707	0
812.15	0	.5724165	.1870627	.2405208	0
811.15	0	.572049	.187479	.240472	0
810.15	0	.5716958	.1878799	.2404243	0
809.15	0	.5713562	.1882663	.2403775	0
808.15	0	.5710295	.1886389	.2403316	0
807.15	0	.5707151	.1889984	.2402866	0
806.15	0	.5704123	.1893454	.2402424	0
805.15	0	.5701206	.1896805	.2401989	0
804.15	0	.5698395	.1900043	.2401562	0
803.15	0	.5695684	.1903174	.2401141	0
802.15	0	.569307	.1906203	.2400727	0
801.15	0	.5690547	.1909134	.2400319	0
800.15	0	.5688111	.1911972	.2399916	0
799.15	0	.5685759	.1914722	.2399519	0
798.15	0	.5683486	.1917387	.2399127	0
797.15	0	.5681289	.1919971	.239874	0
796.15	0	.5679164	.1922478	.2398358	0
795.15	0	.5677108	.1924912	.239798	0
794.15	0	.5675119	.1927276	.2397606	0
793.15	0	.5673192	.1929573	.2397235	0
792.15	0	.5671326	.1931805	.2396869	0
791.15	0	.5669517	.1933977	.2396506	0
790.15	0	.5667764	.193609	.2396146	0
789.15	0	.5666064	.1938147	.2395789	0
788.15	0	.5664414	.1940151	.2395436	0
787.15	0	.5662812	.1942103	.2395085	0
786.15	0	.5661257	.1944007	.2394736	0
785.15	0	.5659746	.1945864	.2394391	0
784.15	0	.5658277	.1947676	.2394047	0
783.15	0	.5656849	.1949445	.2393706	0
782.15	0	.565546	.1951173	.2393367	0
781.15	0	.5654108	.1952862	.2393029	0
780.15	0	.5652792	.1954514	.2392694	0
779.15	0	.565151	.1956129	.2392361	0
778.15	0	.5650262	.195771	.2392028	0
777.15	0	.5649044	.1959258	.2391698	0
776.15	0	.5647857	.1960774	.2391369	0
775.15	0	.5646698	.196226	.2391042	0
774.15	0	.5645568	.1963717	.2390716	0
773.15	0	.5644464	.1965146	.2390391	0
772.15	0	.5643385	.1966548	.2390067	0
771.15	0	.5642331	.1967925	.2389744	0
770.15	0	.5641301	.1969277	.2389422	0
769.15	0	.5640293	.1970605	.2389101	0
768.15	0	.5639307	.1971912	.2388781	0
767.15	0	.5638342	.1973196	.2388462	0
766.15	0	.5637397	.197446	.2388144	0
765.15	0	.563647	.1975703	.2387826	0
764.15	0	.5635563	.1976928	.2387509	0
763.15	0	.5634673	.1978135	.2387193	0
762.15	0	.56338	.1979324	.2386877	0
761.15	0	.5632943	.1980496	.2386562	0
760.15	0	.5632102	.1981652	.2386247	0
759.15	0	.5631276	.1982792	.2385932	0
758.15	0	.5630464	.1983918	.2385618	0
757.15	0	.5629667	.1985029	.2385305	0
756.15	0	.5628882	.1986126	.2384991	0
755.15	0	.5628111	.1987211	.2384678	0
754.15	0	.5627372	.1988268	.238436	0
753.15	0	.5626623	.1989329	.2384048	0
752.15	0	.5625886	.1990378	.2383736	0
751.15	0	.562516	.1991417	.2383424	0
750.15	0	.5624444	.1992444	.2383112	0
749.15	0	.5623739	.1993461	.23828	0
748.15	0	.5623043	.1994468	.2382488	0
747.15	0	.5622357	.1995466	.2382177	0
746.15	0	.562168	.1996455	.2381865	0
745.15	0	.5621012	.1997435	.2381553	0
744.15	0	.5620352	.1998406	.2381242	0
743.15	0	.56197	.199937	.238093	0
742.15	0	.5619056	.2000326	.2380618	0
741.15	0	.561842	.2001274	.2380306	0
740.15	0	.5617791	.2002215	.2379994	0
739.15	0	.5617168	.200315	.2379682	0
738.15	0	.5616552	.2004078	.237937	0
737.15	0	.5615943	.2005	.2379057	0
736.15	0	.561534	.2005916	.2378745	0
735.15	0	.5614742	.2006826	.2378432	0
734.15	0	.5614151	.200773	.2378119	0
733.15	0	.5613565	.200863	.2377806	0
732.15	0	.5612984	.2009524	.2377493	0
731.15	0	.5612408	.2010413	.2377179	0
730.15	0	.5611837	.2011298	.2376866	0
729.15	0	.561127	.2012178	.2376552	0
728.15	0	.5610709	.2013054	.2376237	0
727.15	0	.5610151	.2013926	.2375923	0
726.15	0	.5609598	.2014794	.2375608	0
725.15	0	.5609048	.2015658	.2375293	0
724.15	0	.5608503	.2016519	.2374978	0
723.15	0	.5607961	.2017376	.2374663	0
722.15	0	.5607423	.201823	.2374347	0
721.15	0	.5606888	.2019081	.2374031	0
720.15	0	.5606357	.2019929	.2373714	0
719.15	0	.5605828	.2020774	.2373398	0
718.15	0	.5605303	.2021616	.2373081	0
717.15	0	.5604781	.2022455	.2372764	0
716.15	0	.5604261	.2023293	.2372446	0
715.15	0	.5603745	.2024127	.2372128	0
714.15	0	.5603231	.2024959	.237181	0
713.15	0	.5602719	.2025789	.2371491	0
712.15	0	.560221	.2026617	.2371173	0
711.15	0	.5601703	.2027443	.2370853	0
710.15	0	.5601199	.2028267	.2370534	0
709.15	0	.5600696	.202909	.2370214	0
708.15	0	.5600196	.202991	.2369894	0
707.15	0	.5599698	.2030729	.2369574	0
706.15	0	.5599201	.2031546	.2369253	0
705.15	0	.5598707	.2032362	.2368932	0
704.15	0	.5598214	.2033176	.236861	0
703.15	0	.5597723	.2033988	.2368288	0
702.15	0	.5597234	.20348	.2367966	0
701.15	0	.5596746	.203561	.2367644	0
700.15	0	.559626	.2036419	.2367321	0
699.15	0	.5595775	.2037227	.2366998	0
698.15	0	.5595292	.2038034	.2366674	0
697.15	0	.559481	.2038839	.2366351	0
696.15	0	.559433	.2039644	.2366026	0
695.15	0	.559385	.2040448	.2365702	0
694.15	0	.5593372	.2041251	.2365377	0
693.15	0	.5592895	.2042053	.2365052	0
692.15	0	.559242	.2042854	.2364727	0
691.15	0	.5591945	.2043654	.2364401	0
690.15	0	.5591471	.2044454	.2364075	0
689.15	0	.5590999	.2045253	.2363748	0
688.15	0	.5590527	.2046051	.2363422	0
687.15	0	.5590057	.2046849	.2363095	0
686.15	0	.5589587	.2047646	.2362767	0
685.15	0	.5589118	.2048442	.236244	0
684.15	0	.558865	.2049238	.2362112	0
683.15	0	.5588183	.2050033	.2361784	0
682.15	0	.5587717	.2050828	.2361455	0
681.15	0	.5587251	.2051623	.2361126	0
680.15	0	.5586786	.2052417	.2360797	0
679.15	0	.5586322	.205321	.2360467	0
678.15	0	.5585859	.2054003	.2360138	0
677.15	0	.5585396	.2054796	.2359808	0
676.15	0	.5584934	.2055588	.2359478	0
675.15	0	.5584473	.205638	.2359147	0
674.15	0	.5584012	.2057172	.2358816	0
673.15	0	.5583552	.2057963	.2358485	0
672.15	0	.5583093	.2058754	.2358154	0
671.15	0	.5582634	.2059545	.2357822	0
670.15	0	.5582175	.2060335	.235749	0
669.15	0	.5581717	.2061125	.2357158	0
668.15	0	.558126	.2061915	.2356825	0
667.15	0	.5580803	.2062705	.2356493	0
666.15	0	.5580346	.2063494	.235616	0
665.15	0	.557989	.2064283	.2355827	0
664.15	0	.5579435	.2065072	.2355493	0
663.15	0	.557898	.2065861	.235516	0
662.15	0	.5578525	.2066649	.2354826	0
661.15	0	.5578071	.2067437	.2354491	0
660.15	0	.5577617	.2068225	.2354157	0
659.15	0	.5577164	.2069013	.2353823	0
658.15	0	.5576711	.2069801	.2353488	0
657.15	0	.5576259	.2070588	.2353153	0
656.15	0	.5575807	.2071376	.2352818	0
655.15	0	.5575355	.2072163	.2352483	0
654.15	0	.5574904	.2072949	.2352147	0
653.15	0	.5574453	.2073736	.2351811	0
652.15	0	.5574002	.2074523	.2351475	0
651.15	0	.5573552	.2075309	.2351139	0
650.15	0	.5573102	.2076095	.2350803	0
649.15	0	.5572653	.2076881	.2350467	0
648.15	0	.5572203	.2077666	.235013	0
647.15	0	.5571755	.2078452	.2349794	0
646.15	0	.5571306	.2079237	.2349457	0
645.15	0	.5570858	.2080022	.234912	0
644.15	0	.557041	.2080807	.2348783	0
643.15	0	.5569963	.2081592	.2348445	0
642.15	0	.5569516	.2082377	.2348108	0
641.15	0	.5569069	.2083161	.234777	0
640.15	0	.5568622	.2083945	.2347433	0
639.15	0	.5568176	.2084729	.2347095	0
638.15	0	.5567731	.2085513	.2346757	0
637.15	0	.5567285	.2086296	.2346419	0
636.15	0	.556684	.2087079	.2346081	0
635.15	0	.5566395	.2087862	.2345743	0
634.15	0	.5565951	.2088645	.2345405	0
633.15	0	.5565507	.2089427	.2345066	0
632.15	0	.5565063	.2090209	.2344728	0
631.15	0	.5564619	.2090991	.2344389	0
630.15	0	.5564176	.2091773	.2344051	0
629.15	0	.5563733	.2092555	.2343712	0
628.15	0	.5563291	.2093336	.2343374	0
627.15	0	.5562849	.2094117	.2343035	0
626.15	0	.5562407	.2094897	.2342696	0
625.15	0	.5561965	.2095677	.2342357	0
624.15	0	.5561524	.2096457	.2342019	0
623.15	0	.5561084	.2097237	.234168	0
622.15	0	.5560643	.2098016	.2341341	0
621.15	0	.5560203	.2098795	.2341002	0
620.15	0	.5559763	.2099574	.2340663	0
619.15	0	.5559324	.2100352	.2340324	0
618.15	0	.5558885	.210113	.2339986	0
617.15	0	.5558446	.2101907	.2339647	0
616.15	0	.5558008	.2102685	.2339308	0
615.15	0	.555757	.2103461	.2338969	0
614.15	0	.5557132	.2104238	.233863	0
613.15	0	.5556695	.2105014	.2338292	0
612.15	0	.5556258	.2105789	.2337953	0
611.15	0	.5555821	.2106564	.2337614	0
610.15	0	.5555385	.2107339	.2337276	0
609.15	0	.555495	.2108113	.2336937	0
608.15	0	.5554514	.2108887	.2336599	0
607.15	0	.5554079	.2109661	.233626	0
606.15	0	.5553645	.2110433	.2335922	0
605.15	0	.5553211	.2111206	.2335584	0
604.15	0	.5552777	.2111978	.2335246	0
603.15	0	.5552343	.2112749	.2334907	0
602.15	0	.555191	.211352	.233457	0
601.15	0	.5551478	.211429	.2334232	0
600.15	0	.5551046	.211506	.2333894	0
599.15	0	.5550614	.2115829	.2333556	0
598.15	0	.5550183	.2116598	.2333219	0
597.15	0	.5549752	.2117367	.2332882	0
596.15	0	.5549321	.2118134	.2332545	0
595.15	0	.5548892	.2118901	.2332207	0
594.15	0	.5548462	.2119667	.2331871	0
593.15	0	.5548033	.2120433	.2331534	0
592.15	0	.5547604	.2121199	.2331197	0
591.15	0	.5547176	.2121963	.2330861	0
590.15	0	.5546748	.2122727	.2330525	0
589.15	0	.5546321	.212349	.2330189	0
588.15	0	.5545894	.2124253	.2329853	0
587.15	0	.5545468	.2125015	.2329517	0
586.15	0	.5545042	.2125776	.2329181	0
585.15	0	.5544617	.2126537	.2328846	0
584.15	0	.5544192	.2127297	.2328511	0
583.15	0	.5543768	.2128056	.2328176	0
582.15	0	.5543344	.2128814	.2327842	0
581.15	0	.5542921	.2129572	.2327507	0
580.15	0	.5542498	.2130329	.2327173	0
579.15	0	.5542076	.2131085	.2326839	0
578.15	0	.5541654	.2131841	.2326506	0
577.15	0	.5541232	.2132595	.2326172	0
576.15	0	.5540812	.2133349	.2325839	0
575.15	0	.5540392	.2134102	.2325506	0
574.15	0	.5539972	.2134854	.2325174	0
573.15	0	.5539553	.2135606	.2324841	0
572.15	0	.5539134	.2136356	.2324509	0
571.15	0	.5538716	.2137106	.2324178	0
570.15	0	.5538299	.2137855	.2323846	0
569.15	0	.5537882	.2138603	.2323515	0
568.15	0	.5537466	.213935	.2323184	0
567.15	0	.553705	.2140096	.2322854	0
566.15	0	.5536635	.2140842	.2322523	0
565.15	0	.553622	.2141586	.2322194	0
564.15	0	.5535807	.2142329	.2321864	0
563.15	0	.5535393	.2143072	.2321535	0
562.15	0	.553498	.2143813	.2321206	0
561.15	0	.5534568	.2144554	.2320878	0
560.15	0	.5534157	.2145294	.232055	0
559.15	0	.5533746	.2146032	.2320222	0
558.15	0	.5533335	.214677	.2319895	0
557.15	0	.5532926	.2147507	.2319568	0
556.15	0	.5532517	.2148242	.2319241	0
555.15	0	.5532108	.2148977	.2318915	0
554.15	0	.5531701	.214971	.2318589	0
553.15	0	.5531294	.2150443	.2318264	0
552.15	0	.5530887	.2151174	.2317939	0
551.15	0	.5530481	.2151905	.2317614	0
550.15	0	.5530076	.2152634	.231729	0
549.15	0	.5529672	.2153362	.2316966	0
548.15	0	.5529268	.2154089	.2316643	0
547.15	0	.5528865	.2154815	.231632	0
546.15	0	.5528462	.215554	.2315998	0
545.15	0	.5528061	.2156264	.2315676	0
544.15	0	.552766	.2156986	.2315354	0
543.15	0	.5527259	.2157708	.2315033	0
542.15	0	.552686	.2158428	.2314713	0
541.15	0	.5526461	.2159147	.2314393	0
540.15	0	.5526062	.2159865	.2314073	0
539.15	0	.5525665	.2160581	.2313754	0
538.15	0	.5525268	.2161297	.2313435	0
537.15	0	.5524872	.2162011	.2313117	0
536.15	0	.5524477	.2162724	.23128	0
535.15	0	.5524082	.2163435	.2312482	0
534.15	0	.5523688	.2164146	.2312166	0
533.15	0	.5523295	.2164855	.231185	0
532.15	0	.5522903	.2165563	.2311534	0
531.15	0	.5522511	.2166269	.2311219	0
530.15	0	.552212	.2166975	.2310905	0
529.15	0	.552173	.2167679	.2310591	0
528.15	0	.5521341	.2168381	.2310278	0
527.15	0	.5520952	.2169083	.2309965	0
526.15	0	.5520565	.2169783	.2309653	0
525.15	0	.5520178	.2170481	.2309341	0
524.15	0	.5519791	.2171178	.230903	0
523.15	0	.5519406	.2171874	.230872	0
522.15	0	.5519021	.2172569	.230841	0
521.15	0	.5518638	.2173262	.2308101	0
520.15	0	.5518255	.2173953	.2307792	0
519.15	0	.5517873	.2174644	.2307484	0
518.15	0	.5517491	.2175333	.2307176	0
517.15	0	.5517111	.217602	.230687	0
516.15	0	.5516731	.2176706	.2306563	0
515.15	0	.5516352	.217739	.2306258	0
514.15	0	.5515974	.2178073	.2305953	0
513.15	0	.5515597	.2178755	.2305649	0
512.15	0	.551522	.2179435	.2305345	0
511.15	0	.5514845	.2180113	.2305042	0
510.15	0	.551447	.218079	.230474	0
509.15	0	.5514096	.2181466	.2304438	0
508.15	0	.5513723	.218214	.2304137	0
507.15	0	.5513351	.2182812	.2303837	0
506.15	0	.551298	.2183483	.2303537	0
505.15	0	.551261	.2184152	.2303238	0
504.15	0	.551224	.218482	.230294	0
503.15	0	.5511873	.2185486	.2302641	0
502.15	0	.5511505	.2186151	.2302344	0
501.15	0	.5511138	.2186814	.2302048	0
500.15	0	.5510772	.2187475	.2301753	0
499.15	0	.5510407	.2188135	.2301458	0
498.15	0	.5510043	.2188793	.2301164	0
497.15	0	.550968	.2189449	.2300871	0
496.15	0	.5509318	.2190104	.2300578	0
495.15	0	.5508956	.2190758	.2300286	0
494.15	0	.5508596	.2191409	.2299995	0
493.15	0	.5508236	.2192059	.2299705	0
492.15	0	.5507878	.2192707	.2299415	0
491.15	0	.550752	.2193354	.2299127	0
490.15	0	.5507163	.2193998	.2298839	0
489.15	0	.5506807	.2194641	.2298552	0
488.15	0	.5506452	.2195283	.2298265	0
487.15	0	.5506098	.2195923	.2297979	0
486.15	0	.5505745	.219656	.2297695	0
485.15	0	.5505393	.2197197	.229741	0
484.15	0	.5505042	.2197831	.2297127	0
483.15	0	.5504692	.2198464	.2296845	0
482.15	0	.5504343	.2199095	.2296563	0
481.15	0	.5503994	.2199724	.2296282	0
480.15	0	.5503647	.2200351	.2296002	0
479.15	0	.5503301	.2200977	.2295723	0
478.15	0	.5502955	.22016	.2295445	0
477.15	0	.5502611	.2202222	.2295167	0
476.15	0	.5502267	.2202842	.229489	0
475.15	0	.5501925	.220346	.2294615	0
474.15	0	.5501584	.2204077	.229434	0
473.15	0	.5501243	.2204692	.2294065	0
472.15	0	.5500904	.2205304	.2293792	0
471.15	0	.5500565	.2205915	.229352	0
470.15	0	.5500228	.2206524	.2293248	0
469.15	0	.5499891	.2207131	.2292978	0
468.15	0	.5499556	.2207737	.2292708	0
467.15	0	.5499221	.220834	.2292439	0
466.15	0	.5498888	.2208941	.2292171	0
465.15	0	.5498555	.2209541	.2291904	0
464.15	0	.5498224	.2210139	.2291638	0
463.15	0	.5497893	.2210734	.2291372	0
462.15	0	.5497564	.2211328	.2291108	0
461.15	0	.5497236	.221192	.2290844	0
460.15	0	.5496908	.221251	.2290582	0
459.15	0	.5496582	.2213098	.229032	0
458.15	0	.5496257	.2213684	.229006	0
457.15	0	.5495932	.2214268	.22898	0
456.15	0	.5495609	.221485	.2289541	0
455.15	0	.5495287	.221543	.2289283	0
454.15	0	.5494966	.2216008	.2289026	0
453.15	0	.5494646	.2216584	.228877	0
452.15	0	.5494327	.2217158	.2288515	0
451.15	0	.5494009	.2217731	.2288261	0
450.15	0	.5493692	.2218301	.2288008	0
449.15	0	.5493376	.2218868	.2287756	0
448.15	0	.5493062	.2219434	.2287505	0
447.15	0	.5492748	.2219997	.2287255	0
446.15	0	.5492436	.2220559	.2287006	0
445.15	0	.5492125	.2221118	.2286758	0
444.15	0	.5491815	.2221674	.2286511	0
443.15	0	.5491506	.2222229	.2286265	0
442.15	0	.5491199	.2222781	.228602	0
441.15	0	.5490893	.2223331	.2285776	0
440.15	0	.5490588	.2223878	.2285534	0
439.15	0	.5490285	.2224423	.2285292	0
438.15	0	.5489983	.2224966	.2285052	0
437.15	0	.5489682	.2225505	.2284813	0
436.15	0	.5489383	.2226043	.2284575	0
435.15	0	.5489085	.2226577	.2284338	0
434.15	0	.5488788	.222711	.2284102	0
433.15	0	.5488493	.2227639	.2283868	0
432.15	0	.54882	.2228166	.2283634	0
431.15	0	.5487907	.222869	.2283402	0
430.15	0	.5487617	.2229212	.2283171	0
429.15	0	.5487328	.2229731	.2282942	0
428.7884	0	.5487224	.2229917	.2282859	0
428.7884	0	.5487224	.2229917	.2282859	0
428.7884	0	.5487224	.2229917	.2282859	0
428.15	0	.5488459	.2226899	.2281116	3.525521E-04
427.15	0	.549039	.2222178	.2278392	9.040518E-04
426.15	0	.5492316	.2217465	.2275672	.001454694
425.15	0	.5494237	.2212759	.2272959	.002004488
424.15	0	.5496154	.2208061	.227025	.002553439
423.15	0	.5498066	.2203371	.2267548	.003101558
422.15	0	.5499974	.2198687	.2264851	.00364885
421.15	0	.5501877	.2194011	.2262159	.004195325
420.15	0	.5503775	.2189342	.2259472	.004740989
419.15	0	.550567	.218468	.2256791	.005285849
418.15	0	.550756	.2180025	.2254116	.005829914
417.15	0	.5509447	.2175376	.2251445	.00637319
416.15	0	.5511329	.2170734	.2248781	.006915685
415.15	0	.5513207	.2166098	.2246121	.007457405
414.15	0	.5515081	.2161469	.2243466	.007998358
413.15	0	.5516952	.2156845	.2240817	.008538551
412.15	0	.5518819	.2152228	.2238173	.00907799
411.15	0	.5520682	.2147617	.2235534	.009616682
410.15	0	.5522542	.2143011	.22329	.01015463
409.15	0	.5524398	.2138412	.2230272	.01069185
408.15	0	.5526251	.2133817	.2227648	.01122834
407.15	0	.55281	.2129229	.222503	.01176411
406.15	0	.5529947	.2124645	.2222416	.01229917
405.15	0	.553179	.2120067	.2219808	.01283352
404.15	0	.5533629	.2115495	.2217204	.01336716
