T	 BPW(LIQUID)	BPW(BCC_A2)	BPW(FCC_A1)	BPW(LAVES_PHASE_C14)	BPW(NI3TI)
1473.15	.1332	.8668	0	0	0
1472.15	.1310174	.8689826	0	0	0
1471.15	.1288486	.8711514	0	0	0
1470.15	.1266935	.8733065	0	0	0
1469.15	.1245519	.8754481	0	0	0
1468.15	.1224238	.8775762	0	0	0
1467.15	.120309	.879691	0	0	0
1466.15	.1182074	.8817926	0	0	0
1465.15	.1161189	.8838811	0	0	0
1464.15	.1140433	.8859567	0	0	0
1463.15	.1119807	.8880194	0	0	0
1462.15	.1099307	.8900693	0	0	0
1461.15	.1078934	.8921066	0	0	0
1460.15	.1058686	.8941314	0	0	0
1459.15	.1038562	.8961438	0	0	0
1458.15	.1018561	.8981439	0	0	0
1457.15	.0998682	.9001318	0	0	0
1456.15	.09789241	.9021076	0	0	0
1455.15	.0959286	.9040714	0	0	0
1454.15	.09397669	.9060233	0	0	0
1453.15	.09203656	.9079634	0	0	0
1452.15	.09010811	.9098919	0	0	0
1451.15	.08819126	.9118087	0	0	0
1450.15	.08628589	.9137141	0	0	0
1449.15	.08439192	.9156081	0	0	0
1448.15	.08250924	.9174908	0	0	0
1447.15	.08063777	.9193622	0	0	0
1446.15	.07877741	.9212226	0	0	0
1445.15	.07692807	.9230719	0	0	0
1444.15	.07508965	.9249104	0	0	0
1443.15	.07326207	.9267379	0	0	0
1442.15	.07144524	.9285548	0	0	0
1441.15	.06963907	.9303609	0	0	0
1440.15	.06784347	.9321565	0	0	0
1439.15	.06605836	.9339416	0	0	0
1438.15	.06428365	.9357164	0	0	0
1437.15	.06251926	.9374807	0	0	0
1436.15	.0607651	.9392349	0	0	0
1435.15	.05902109	.9409789	0	0	0
1434.15	.05728716	.9427128	0	0	0
1433.15	.05556321	.9444368	0	0	0
1432.15	.05384917	.9461508	0	0	0
1431.15	.05214497	.947855	0	0	0
1430.15	.05045052	.9495495	0	0	0
1429.15	.04876575	.9512343	0	0	0
1428.15	.04709057	.9529094	0	0	0
1427.15	.04542493	.9545751	0	0	0
1426.15	.04376873	.9562313	0	0	0
1425.15	.04212192	.9578781	0	0	0
1424.15	.04048441	.9595156	0	0	0
1423.15	.03885613	.9611439	0	0	0
1422.15	.03723701	.962763	0	0	0
1421.15	.03562699	.964373	0	0	0
1420.15	.03402599	.965974	0	0	0
1419.15	.03243394	.9675661	0	0	0
1418.15	.03085078	.9691492	0	0	0
1417.15	.02927644	.9707236	0	0	0
1416.15	.02771085	.9722891	0	0	0
1415.15	.02615394	.9738461	0	0	0
1414.15	.02460566	.9753943	0	0	0
1413.15	.02306593	.9769341	0	0	0
1412.15	.02153469	.9784653	0	0	0
1411.15	.02001189	.9799881	0	0	0
1410.15	.01849745	.9815026	0	0	0
1409.15	.01699131	.9830087	0	0	0
1408.15	.01549343	.9845066	0	0	0
1407.15	.01400372	.9859963	0	0	0
1406.15	.01252215	.9874778	0	0	0
1405.15	.01104863	.9889514	0	0	0
1404.15	.00958313	.9904169	0	0	0
1403.15	.008125576	.9918744	0	0	0
1402.15	.006675914	.9933241	0	0	0
1401.15	.005234089	.9947659	0	0	0
1400.15	.003800044	.9962	0	0	0
1399.15	.002373724	.9976263	0	0	0
1398.15	9.550748E-04	.9990449	0	0	0
1397.474	0	1	0	0	0
1397.474	0	1	0	0	0
1397.15	0	1	0	0	0
1396.15	0	1	0	0	0
1395.15	0	1	0	0	0
1394.15	0	1	0	0	0
1393.15	0	1	0	0	0
1392.15	0	1	0	0	0
1391.15	0	1	0	0	0
1390.15	0	1	0	0	0
1389.15	0	1	0	0	0
1388.15	0	1	0	0	0
1387.15	0	1	0	0	0
1386.15	0	1	0	0	0
1385.15	0	1	0	0	0
1384.15	0	1	0	0	0
1383.15	0	1	0	0	0
1382.15	0	1	0	0	0
1381.15	0	1	0	0	0
1380.15	0	1	0	0	0
1379.15	0	1	0	0	0
1378.15	0	1	0	0	0
1377.15	0	1	0	0	0
1376.15	0	1	0	0	0
1375.15	0	1	0	0	0
1374.15	0	1	0	0	0
1373.15	0	1	0	0	0
1372.15	0	1	0	0	0
1371.15	0	1	0	0	0
1370.15	0	1	0	0	0
1369.15	0	1	0	0	0
1368.15	0	1	0	0	0
1367.15	0	1	0	0	0
1366.15	0	1	0	0	0
1365.15	0	1	0	0	0
1364.15	0	1	0	0	0
1363.15	0	1	0	0	0
1362.15	0	1	0	0	0
1361.15	0	1	0	0	0
1360.15	0	1	0	0	0
1359.15	0	1	0	0	0
1358.15	0	1	0	0	0
1357.15	0	1	0	0	0
1356.15	0	1	0	0	0
1355.15	0	1	0	0	0
1354.15	0	1	0	0	0
1353.15	0	1	0	0	0
1352.15	0	1	0	0	0
1351.15	0	1	0	0	0
1350.15	0	1	0	0	0
1349.15	0	1	0	0	0
1348.15	0	1	0	0	0
1347.15	0	1	0	0	0
1346.15	0	1	0	0	0
1345.15	0	1	0	0	0
1344.15	0	1	0	0	0
1343.15	0	1	0	0	0
1342.15	0	1	0	0	0
1341.15	0	1	0	0	0
1340.15	0	1	0	0	0
1339.15	0	1	0	0	0
1338.15	0	1	0	0	0
1337.15	0	1	0	0	0
1336.15	0	1	0	0	0
1335.15	0	1	0	0	0
1334.15	0	1	0	0	0
1333.15	0	1	0	0	0
1332.15	0	1	0	0	0
1331.15	0	1	0	0	0
1330.15	0	1	0	0	0
1329.15	0	1	0	0	0
1328.15	0	1	0	0	0
1327.15	0	1	0	0	0
1326.15	0	1	0	0	0
1325.15	0	1	0	0	0
1324.15	0	1	0	0	0
1323.15	0	1	0	0	0
1322.15	0	1	0	0	0
1321.15	0	1	0	0	0
1320.15	0	1	0	0	0
1319.15	0	1	0	0	0
1318.15	0	1	0	0	0
1317.15	0	1	0	0	0
1316.15	0	1	0	0	0
1315.15	0	1	0	0	0
1314.15	0	1	0	0	0
1313.15	0	1	0	0	0
1312.15	0	1	0	0	0
1311.15	0	1	0	0	0
1310.15	0	1	0	0	0
1309.15	0	1	0	0	0
1308.15	0	1	0	0	0
1307.15	0	1	0	0	0
1306.15	0	1	0	0	0
1305.15	0	1	0	0	0
1304.15	0	1	0	0	0
1303.15	0	1	0	0	0
1302.15	0	1	0	0	0
1301.15	0	1	0	0	0
1300.15	0	1	0	0	0
1299.15	0	1	0	0	0
1298.15	0	1	0	0	0
1297.15	0	1	0	0	0
1296.15	0	1	0	0	0
1295.15	0	1	0	0	0
1294.15	0	1	0	0	0
1293.15	0	1	0	0	0
1292.15	0	1	0	0	0
1291.15	0	1	0	0	0
1290.15	0	1	0	0	0
1289.15	0	1	0	0	0
1288.15	0	1	0	0	0
1287.15	0	1	0	0	0
1286.15	0	1	0	0	0
1285.15	0	1	0	0	0
1284.15	0	1	0	0	0
1283.15	0	1	0	0	0
1282.15	0	1	0	0	0
1281.15	0	1	0	0	0
1280.15	0	1	0	0	0
1279.15	0	1	0	0	0
1278.15	0	1	0	0	0
1277.15	0	1	0	0	0
1276.15	0	1	0	0	0
1275.15	0	1	0	0	0
1274.15	0	1	0	0	0
1273.15	0	1	0	0	0
1272.15	0	1	0	0	0
1271.15	0	1	0	0	0
1270.15	0	1	0	0	0
1269.15	0	1	0	0	0
1268.15	0	1	0	0	0
1267.15	0	1	0	0	0
1266.15	0	1	0	0	0
1265.15	0	1	0	0	0
1264.15	0	1	0	0	0
1263.76	0	1	0	0	0
1263.76	0	1	0	0	0
1263.76	0	1	0	0	0
1263.15	0	.9992647	7.353216E-04	0	0
1262.15	0	.9980617	.001938277	0	0
1261.15	0	.9968608	.003139224	0	0
1260.15	0	.9956618	.004338159	0	0
1259.15	0	.9944649	.005535082	0	0
1258.15	0	.99327	.006729991	0	0
1257.15	0	.9920771	.007922885	0	0
1256.15	0	.9908862	.009113762	0	0
1255.15	0	.9896974	.01030262	0	0
1254.15	0	.9885105	.01148946	0	0
1253.15	0	.9873257	.01267428	0	0
1252.15	0	.9861429	.01385708	0	0
1251.15	0	.9849621	.01503785	0	0
1250.15	0	.9837834	.0162166	0	0
1249.15	0	.9826067	.01739331	0	0
1248.15	0	.981432	.018568	0	0
1247.15	0	.9802593	.01974066	0	0
1246.15	0	.9790887	.02091129	0	0
1245.15	0	.9779201	.02207988	0	0
1244.15	0	.9767536	.02324644	0	0
1243.15	0	.975589	.02441096	0	0
1242.15	0	.9744266	.02557344	0	0
1241.15	0	.9732661	.02673388	0	0
1240.15	0	.9721077	.02789227	0	0
1239.15	0	.9709514	.02904862	0	0
1238.15	0	.9697971	.03020292	0	0
1237.15	0	.9686448	.03135518	0	0
1236.15	0	.9674946	.03250538	0	0
1235.15	0	.9663465	.03365353	0	0
1234.15	0	.9652004	.03479962	0	0
1233.15	0	.9640563	.03594366	0	0
1232.15	0	.9629144	.03708564	0	0
1231.15	0	.9617745	.03822555	0	0
1230.15	0	.9606366	.03936341	0	0
1229.15	0	.9595008	.04049919	0	0
1228.15	0	.9583671	.04163291	0	0
1227.15	0	.9572354	.04276456	0	0
1226.15	0	.9561059	.04389413	0	0
1225.15	0	.9549784	.04502163	0	0
1224.15	0	.9538529	.04614705	0	0
1223.15	0	.9527296	.0472704	0	0
1222.15	0	.9516083	.04839166	0	0
1221.15	0	.9504892	.04951083	0	0
1220.15	0	.9493721	.05062792	0	0
1219.15	0	.9482571	.05174292	0	0
1218.15	0	.9471442	.05285582	0	0
1217.15	0	.9460334	.05396663	0	0
1216.15	0	.9449247	.05507534	0	0
1215.15	0	.943818	.05618195	0	0
1214.15	0	.9427135	.05728646	0	0
1213.15	0	.9416111	.05838886	0	0
1212.15	0	.9405108	.05948916	0	0
1211.15	0	.9394127	.06058734	0	0
1210.15	0	.9383166	.06168341	0	0
1209.15	0	.9372226	.06277736	0	0
1208.15	0	.9361308	.06386919	0	0
1207.15	0	.9350411	.0649589	0	0
1206.15	0	.9339535	.06604648	0	0
1205.15	0	.9328681	.06713193	0	0
1204.15	0	.9317847	.06821525	0	0
1203.15	0	.9307036	.06929644	0	0
1202.15	0	.9296245	.07037548	0	0
1201.15	0	.9285476	.07145239	0	0
1200.15	0	.9274729	.07252715	0	0
1199.15	0	.9264002	.07359976	0	0
1198.15	0	.9253298	.07467022	0	0
1197.15	0	.9242615	.07573853	0	0
1196.15	0	.9231953	.07680468	0	0
1195.15	0	.9221313	.07786867	0	0
1194.15	0	.9210695	.07893049	0	0
1193.15	0	.9200099	.07999014	0	0
1192.15	0	.9189524	.08104762	0	0
1191.15	0	.9178971	.08210293	0	0
1190.15	0	.9168439	.08315606	0	0
1189.15	0	.915793	.08420701	0	0
1188.15	0	.9147442	.08525577	0	0
1187.15	0	.9136977	.08630234	0	0
1186.15	0	.9126533	.08734671	0	0
1185.15	0	.9116111	.08838889	0	0
1184.15	0	.9105711	.08942887	0	0
1183.15	0	.9095334	.09046664	0	0
1182.15	0	.9084978	.09150221	0	0
1181.15	0	.9074644	.09253556	0	0
1180.15	0	.9064333	.0935667	0	0
1179.15	0	.9054044	.09459561	0	0
1178.15	0	.9043777	.0956223	0	0
1177.15	0	.9033532	.09664676	0	0
1176.15	0	.902331	.09766899	0	0
1175.15	0	.901311	.09868898	0	0
1174.15	0	.9002933	.09970672	0	0
1173.15	0	.8992778	.1007222	0	0
1172.15	0	.8982645	.1017355	0	0
1171.15	0	.8972535	.1027465	0	0
1170.15	0	.8962448	.1037552	0	0
1169.15	0	.8952383	.1047617	0	0
1168.15	0	.8942341	.1057659	0	0
1167.15	0	.8932322	.1067678	0	0
1166.15	0	.8922325	.1077675	0	0
1165.15	0	.8912351	.1087649	0	0
1164.15	0	.89024	.10976	0	0
1163.15	0	.8892472	.1107528	0	0
1162.15	0	.8882567	.1117433	0	0
1161.15	0	.8872685	.1127315	0	0
1160.15	0	.8862826	.1137174	0	0
1159.15	0	.885299	.114701	0	0
1158.15	0	.8843177	.1156823	0	0
1157.15	0	.8833388	.1166612	0	0
1156.15	0	.8823622	.1176379	0	0
1155.15	0	.8813878	.1186122	0	0
1154.15	0	.8804158	.1195842	0	0
1153.15	0	.8794462	.1205538	0	0
1152.15	0	.8784789	.1215211	0	0
1151.15	0	.877514	.122486	0	0
1150.15	0	.8765514	.1234486	0	0
1149.15	0	.8755912	.1244088	0	0
1148.15	0	.8746334	.1253666	0	0
1147.15	0	.8736779	.1263221	0	0
1146.15	0	.8727248	.1272752	0	0
1145.15	0	.871774	.128226	0	0
1144.15	0	.8708257	.1291743	0	0
1143.15	0	.8698798	.1301202	0	0
1142.15	0	.8689362	.1310638	0	0
1141.15	0	.8679951	.1320049	0	0
1140.15	0	.8670564	.1329436	0	0
1139.15	0	.86612	.13388	0	0
1138.15	0	.8651862	.1348139	0	0
1137.15	0	.8642547	.1357453	0	0
1136.15	0	.8633257	.1366744	0	0
1135.73	0	.8629359	.1370641	0	0
1135.73	0	.8629359	.1370641	0	0
1135.73	0	.8629359	.1370641	0	0
1135.15	0	.862249	.1374969	2.541289E-04	0
1134.15	0	.8610671	.1382412	6.916481E-04	0
1133.15	0	.8598891	.1389828	.001128092	0
1132.15	0	.8587148	.1397217	.001563462	0
1131.15	0	.8575443	.1404579	.001997762	0
1130.15	0	.8563777	.1411913	.002430995	0
1129.15	0	.8552148	.141922	.002863162	0
1128.15	0	.8540558	.14265	.003294267	0
1127.15	0	.8529005	.1433752	.003724311	0
1126.15	0	.851749	.1440977	.004153299	0
1125.15	0	.8506013	.1448175	.004581231	0
1124.15	0	.8494574	.1455345	.005008111	0
1123.15	0	.8483172	.1462488	.005433942	0
1122.15	0	.8471809	.1469604	.005858725	0
1121.15	0	.8460483	.1476692	.006282462	0
1120.15	0	.8449195	.1483753	.006705158	0
1119.15	0	.8437945	.1490787	.007126813	0
1118.15	0	.8426732	.1497793	.00754743	0
1117.15	0	.8415558	.1504772	.007967012	0
1116.15	0	.840442	.1511724	.008385561	0
1115.15	0	.8393321	.1518648	.008803079	0
1114.15	0	.8382259	.1525546	.009219569	0
1113.15	0	.8371234	.1532415	.009635033	0
1112.15	0	.8360248	.1539257	.01004947	0
1111.15	0	.8349299	.1546072	.01046289	0
1110.15	0	.8338387	.155286	.01087529	0
1109.15	0	.8327513	.155962	.01128667	0
1108.15	0	.8316677	.1566353	.01169704	0
1107.15	0	.8305878	.1573058	.01210639	0
1106.15	0	.8295116	.1579737	.01251473	0
1105.15	0	.8284392	.1586387	.01292206	0
1104.15	0	.8273706	.159301	.01332839	0
1103.15	0	.8263057	.1599606	.01373371	0
1102.15	0	.8252445	.1606175	.01413803	0
1101.15	0	.8241871	.1612716	.01454135	0
1100.15	0	.8231334	.1619229	.01494367	0
1099.15	0	.8220835	.1625715	.01534499	0
1098.15	0	.8210373	.1632174	.01574532	0
1097.15	0	.8199948	.1638605	.01614466	0
1096.15	0	.8189561	.1645009	.016543	0
1095.15	0	.8179211	.1651385	.01694036	0
1094.15	0	.8168899	.1657734	.01733673	0
1093.15	0	.8158624	.1664055	.01773211	0
1092.15	0	.8148387	.1670348	.01812651	0
1091.15	0	.8138186	.1676614	.01851993	0
1090.15	0	.8128023	.1682853	.01891236	0
1089.15	0	.8117898	.1689064	.01930382	0
1088.15	0	.8107809	.1695248	.01969431	0
1087.15	0	.8097758	.1701403	.02008381	0
1086.15	0	.8087745	.1707532	.02047235	0
1085.15	0	.8077769	.1713632	.02085991	0
1084.15	0	.806783	.1719705	.0212465	0
1083.15	0	.8057928	.1725751	.02163213	0
1082.15	0	.8048064	.1731768	.02201678	0
1081.15	0	.8038237	.1737758	.02240048	0
1080.15	0	.8028447	.1743721	.0227832	0
1079.15	0	.8018695	.1749655	.02316497	0
1078.15	0	.800898	.1755562	.02354577	0
1077.15	0	.7999302	.1761442	.02392562	0
1076.15	0	.7989662	.1767293	.02430451	0
1075.15	0	.7980059	.1773117	.02468244	0
1074.15	0	.7970493	.1778913	.02505941	0
1073.15	0	.7960965	.1784681	.02543543	0
1072.15	0	.7951474	.1790421	.0258105	0
1071.15	0	.794202	.1796134	.02618462	0
1070.15	0	.7932604	.1801818	.02655779	0
1069.15	0	.7923225	.1807475	.02693001	0
1068.15	0	.7913883	.1813104	.02730128	0
1067.15	0	.7904579	.1818705	.0276716	0
1066.15	0	.7895312	.1824278	.02804098	0
1065.15	0	.7886083	.1829823	.02840941	0
1064.15	0	.7876891	.183534	.0287769	0
1063.15	0	.7867736	.1840829	.02914345	0
1062.15	0	.7858619	.184629	.02950906	0
1061.15	0	.7849539	.1851724	.02987373	0
1060.15	0	.7840497	.1857129	.03023746	0
1059.15	0	.7831492	.1862506	.03060025	0
1058.15	0	.7822524	.1867855	.03096211	0
1057.15	0	.7813594	.1873176	.03132302	0
1056.15	0	.7804701	.1878469	.03168301	0
1055.15	0	.7795846	.1883734	.03204205	0
1054.15	0	.7787028	.188897	.03240017	0
1053.15	0	.7778248	.1894179	.03275735	0
1052.15	0	.7769505	.1899359	.0331136	0
1051.15	0	.77608	.1904511	.03346892	0
1050.15	0	.7752132	.1909635	.03382331	0
1049.15	0	.7743502	.191473	.03417676	0
1048.15	0	.773491	.1919798	.03452929	0
1047.15	0	.7726355	.1924837	.03488089	0
1046.15	0	.7717837	.1929847	.03523156	0
1045.15	0	.7709357	.193483	.03558131	0
1044.15	0	.7700915	.1939784	.03593012	0
1043.15	0	.769251	.194471	.03627801	0
1042.15	0	.7684143	.1949607	.03662497	0
1041.15	0	.7675814	.1954476	.03697101	0
1040.15	0	.7667522	.1959317	.03731612	0
1039.15	0	.7659268	.1964129	.03766031	0
1038.15	0	.7651052	.1968912	.03800357	0
1037.15	0	.7642873	.1973668	.03834591	0
1036.15	0	.7634733	.1978394	.03868732	0
1035.15	0	.7626629	.1983092	.03902781	0
1034.15	0	.7618564	.1987762	.03936738	0
1033.15	0	.7610537	.1992403	.03970602	0
1032.15	0	.7602547	.1997016	.04004374	0
1031.15	0	.7594595	.20016	.04038053	0
1030.15	0	.7586681	.2006155	.0407164	0
1029.15	0	.7578804	.2010682	.04105135	0
1028.15	0	.7570966	.201518	.04138538	0
1027.15	0	.7563165	.201965	.04171848	0
1026.15	0	.7555403	.2024091	.04205065	0
1025.15	0	.7547678	.2028503	.0423819	0
1024.15	0	.7539991	.2032887	.04271223	0
1023.15	0	.7532342	.2037242	.04304164	0
1022.15	0	.7524731	.2041568	.04337012	0
1021.15	0	.7517158	.2045865	.04369767	0
1020.15	0	.7509623	.2050134	.0440243	0
1019.15	0	.7502126	.2054374	.04435	0
1018.15	0	.7494667	.2058585	.04467478	0
1017.15	0	.7487246	.2062768	.04499863	0
1016.15	0	.7479863	.2066921	.04532155	0
1015.15	0	.7472518	.2071046	.04564355	0
1014.15	0	.7465212	.2075142	.04596462	0
1013.15	0	.7457943	.207921	.04628476	0
1012.15	0	.7450712	.2083248	.04660397	0
1011.15	0	.744352	.2087258	.04692225	0
1010.15	0	.7436366	.2091238	.04723959	0
1009.15	0	.742925	.209519	.04755601	0
1008.15	0	.7422172	.2099114	.04787149	0
1007.15	0	.7415132	.2103008	.04818604	0
1006.15	0	.740813	.2106873	.04849965	0
1005.15	0	.7401167	.211071	.04881233	0
1004.15	0	.7394241	.2114518	.04912408	0
1003.15	0	.7387354	.2118297	.04943488	0
1002.15	0	.7380506	.2122047	.04974475	0
1001.15	0	.7373695	.2125768	.05005367	0
1000.15	0	.7366923	.2129461	.05036165	0
999.15	0	.7360189	.2133124	.05066869	0
998.15	0	.7353493	.2136759	.05097479	0
997.15	0	.7346836	.2140365	.05127994	0
996.15	0	.7340216	.2143942	.05158414	0
995.15	0	.7333635	.2147491	.0518874	0
994.15	0	.7327093	.215101	.0521897	0
993.15	0	.7320588	.2154501	.05249105	0
992.15	0	.7314122	.2157963	.05279145	0
991.15	0	.7307695	.2161397	.0530909	0
990.15	0	.7301305	.2164801	.05338938	0
989.15	0	.7294954	.2168177	.05368691	0
988.15	0	.7288641	.2171524	.05398348	0
987.15	0	.7282366	.2174843	.05427908	0
986.15	0	.727613	.2178133	.05457372	0
985.15	0	.7269932	.2181394	.05486739	0
984.15	0	.7263772	.2184627	.05516009	0
983.15	0	.725765	.2187831	.05545182	0
982.15	0	.7251567	.2191007	.05574258	0
981.15	0	.7245522	.2194154	.05603236	0
980.15	0	.7239515	.2197273	.05632116	0
979.15	0	.7233546	.2200364	.05660899	0
978.15	0	.7227616	.2203426	.05689582	0
977.15	0	.7221724	.220646	.05718167	0
976.15	0	.721587	.2209465	.05746654	0
975.15	0	.7210054	.2212442	.05775041	0
974.15	0	.7204276	.2215392	.05803328	0
973.15	0	.7198536	.2218313	.05831516	0
972.15	0	.7192834	.2221205	.05859604	0
971.15	0	.718717	.222407	.05887591	0
970.15	0	.7181545	.2226907	.05915478	0
969.15	0	.7175957	.2229717	.05943263	0
968.15	0	.7170407	.2232498	.05970948	0
967.15	0	.7164895	.2235252	.0599853	0
966.15	0	.7159421	.2237978	.06026011	0
965.15	0	.7153985	.2240676	.06053389	0
964.15	0	.7148586	.2243347	.06080665	0
963.15	0	.7143226	.2245991	.06107837	0
962.15	0	.7137903	.2248607	.06134906	0
961.15	0	.7132617	.2251196	.06161871	0
960.15	0	.7127369	.2253758	.06188732	0
959.15	0	.7122159	.2256293	.06215488	0
958.15	0	.7116986	.22588	.06242139	0
957.15	0	.711185	.2261282	.06268684	0
956.15	0	.7106752	.2263736	.06295124	0
955.15	0	.7101691	.2266164	.06321457	0
954.15	0	.7096667	.2268565	.06347683	0
953.15	0	.7091679	.227094	.06373802	0
952.15	0	.708673	.2273289	.06399813	0
951.15	0	.7081817	.2275612	.06425715	0
950.15	0	.707694	.2277909	.0645151	0
949.15	0	.7072101	.228018	.06477194	0
948.15	0	.7067298	.2282425	.06502769	0
947.15	0	.7062532	.2284645	.06528233	0
946.15	0	.7057802	.228684	.06553587	0
945.15	0	.7053108	.2289009	.06578829	0
944.15	0	.704845	.2291154	.0660396	0
943.15	0	.7043829	.2293273	.06628977	0
942.15	0	.7039244	.2295368	.06653882	0
941.15	0	.7034694	.2297439	.06678672	0
940.15	0	.703018	.2299485	.06703349	0
939.15	0	.7025701	.2301508	.0672791	0
938.15	0	.7021258	.2303506	.06752356	0
937.15	0	.701685	.2305481	.06776686	0
936.15	0	.7012477	.2307433	.06800898	0
935.15	0	.700814	.2309361	.06824993	0
934.15	0	.7003836	.2311267	.0684897	0
933.15	0	.6999568	.231315	.06872828	0
932.15	0	.6995334	.231501	.06896566	0
931.15	0	.6991134	.2316848	.06920184	0
930.15	0	.6986967	.2318665	.0694368	0
929.15	0	.6982835	.2320459	.06967055	0
928.15	0	.6978737	.2322233	.06990306	0
927.15	0	.6974671	.2323985	.07013435	0
926.15	0	.6970639	.2325717	.07036439	0
925.15	0	.696664	.2327428	.07059317	0
924.15	0	.6962674	.2329119	.0708207	0
923.15	0	.695874	.2330791	.07104696	0
922.15	0	.6954838	.2332443	.07127194	0
921.15	0	.6950968	.2334075	.07149564	0
920.15	0	.694713	.2335689	.07171804	0
919.15	0	.6943323	.2337285	.07193914	0
918.15	0	.6939548	.2338863	.07215892	0
917.15	0	.6935803	.2340423	.07237737	0
916.15	0	.6932089	.2341966	.0725945	0
915.15	0	.6928405	.2343493	.07281028	0
914.15	0	.6924751	.2345002	.0730247	0
913.15	0	.6921126	.2346496	.07323776	0
912.15	0	.691753	.2347975	.07344945	0
911.15	0	.6913964	.2349439	.07365975	0
910.15	0	.6910426	.2350888	.07386865	0
909.15	0	.6906916	.2352323	.07407614	0
908.15	0	.6903434	.2353744	.07428221	0
907.15	0	.6899979	.2355153	.07448685	0
906.15	0	.6896551	.2356549	.07469004	0
905.15	0	.689315	.2357933	.07489178	0
904.15	0	.6889774	.2359305	.07509204	0
903.15	0	.6886425	.2360667	.07529082	0
902.15	0	.68831	.2362019	.0754881	0
901.15	0	.68798	.2363361	.07568388	0
900.15	0	.6876525	.2364694	.07587813	0
899.15	0	.6873273	.2366019	.07607084	0
898.15	0	.6870044	.2367336	.076262	0
897.15	0	.6866838	.2368646	.07645159	0
896.15	0	.6863655	.236995	.07663959	0
895.15	0	.6860492	.2371248	.076826	0
894.15	0	.6857351	.2372541	.07701079	0
893.15	0	.685423	.237383	.07719396	0
892.15	0	.6851129	.2375116	.07737547	0
891.15	0	.6848047	.2376399	.07755532	0
890.15	0	.6844984	.2377681	.07773348	0
889.15	0	.6841939	.2378962	.07790995	0
888.15	0	.683891	.2380243	.07808469	0
887.15	0	.6835899	.2381524	.0782577	0
886.15	0	.6832903	.2382808	.07842895	0
885.15	0	.6829922	.2384094	.07859842	0
884.15	0	.6826955	.2385384	.0787661	0
883.15	0	.6824001	.2386679	.07893195	0
882.15	0	.6821061	.2387979	.07909596	0
881.15	0	.6818132	.2389287	.07925811	0
880.15	0	.6815214	.2390602	.07941838	0
879.15	0	.6812307	.2391926	.07957673	0
878.15	0	.6809408	.239326	.07973315	0
877.15	0	.6806518	.2394606	.07988761	0
876.15	0	.6803635	.2395964	.08004009	0
875.15	0	.6800758	.2397336	.08019056	0
874.15	0	.6797887	.2398723	.08033899	0
873.15	0	.679502	.2400127	.08048535	0
872.15	0	.6792156	.2401548	.08062962	0
871.15	0	.6789294	.2402989	.08077176	0
870.15	0	.6786432	.240445	.08091174	0
869.15	0	.678357	.2405934	.08104954	0
868.15	0	.6780707	.2407442	.08118511	0
867.15	0	.6777841	.2408975	.08131843	0
866.15	0	.677497	.2410535	.08144946	0
865.15	0	.6772094	.2412124	.08157816	0
864.15	0	.6769211	.2413744	.08170449	0
863.15	0	.6766319	.2415396	.08182842	0
862.15	0	.6763418	.2417083	.0819499	0
861.15	0	.6760505	.2418807	.08206889	0
860.15	0	.6757578	.2420568	.08218534	0
859.15	0	.6754637	.2422371	.08229922	0
858.15	0	.6751678	.2424217	.08241046	0
857.15	0	.6748702	.2426108	.08251902	0
856.15	0	.6745705	.2428047	.08262486	0
855.15	0	.6742685	.2430036	.0827279	0
854.15	0	.6739641	.2432078	.0828281	0
853.15	0	.673657	.2434176	.08292539	0
852.15	0	.673347	.2436333	.08301972	0
851.15	0	.6730339	.2438552	.083111	0
850.15	0	.6727173	.2440835	.08319919	0
849.15	0	.6723972	.2443186	.0832842	0
848.15	0	.6720731	.2445609	.08336595	0
847.15	0	.6717449	.2448108	.08344437	0
846.15	0	.6714121	.2450686	.08351936	0
845.15	0	.6710745	.2453347	.08359084	0
844.15	0	.6707317	.2456096	.08365872	0
843.15	0	.6703835	.2458936	.08372288	0
842.15	0	.6700293	.2461874	.08378322	0
841.15	0	.6696689	.2464915	.08383964	0
840.15	0	.6693018	.2468062	.08389199	0
839.15	0	.6689275	.2471323	.08394016	0
838.15	0	.6685456	.2474704	.08398401	0
837.15	0	.6681556	.247821	.08402338	0
836.15	0	.6677569	.248185	.08405811	0
835.15	0	.6673489	.2485631	.08408804	0
834.15	0	.666931	.2489561	.08411298	0
833.15	0	.6665025	.2493648	.08413272	0
832.15	0	.6660627	.2497902	.08414704	0
831.15	0	.6656108	.2502335	.08415573	0
830.15	0	.6651459	.2506956	.0841585	0
829.15	0	.6646671	.2511778	.0841551	0
828.15	0	.6641733	.2516815	.0841452	0
827.15	0	.6636635	.2522081	.08412847	0
826.15	0	.6626533	.2533502	.08399646	0
825.15	0	.6615972	.2545549	.08384792	0
824.15	0	.6606093	.2556822	.08370856	0
823.15	0	.6596835	.256739	.08357744	0
822.15	0	.6588146	.2577316	.08345376	0
821.15	0	.6579979	.2586653	.08333682	0
820.15	0	.6572291	.2595449	.083226	0
819.15	0	.6565048	.2603745	.08312076	0
818.15	0	.6558214	.261158	.08302063	0
817.15	0	.6551761	.2618987	.08292518	0
816.15	0	.6545663	.2625997	.08283403	0
815.15	0	.6539894	.2632638	.08274684	0
814.15	0	.6534432	.2638935	.08266331	0
813.15	0	.6529257	.2644911	.08258317	0
812.15	0	.6524352	.2650587	.08250616	0
811.15	0	.6519698	.2655981	.08243206	0
810.15	0	.6515281	.2661112	.08236066	0
809.15	0	.6511086	.2665996	.08229178	0
808.15	0	.65071	.2670647	.08222524	0
807.15	0	.6503311	.267508	.0821609	0
806.15	0	.6499706	.2679308	.0820986	0
805.15	0	.6496277	.2683341	.08203821	0
804.15	0	.6493012	.2687192	.08197961	0
803.15	0	.6489902	.2690871	.08192268	0
802.15	0	.648694	.2694387	.08186733	0
801.15	0	.6484117	.2697749	.08181345	0
800.15	0	.6481426	.2700965	.08176096	0
799.15	0	.6478859	.2704044	.08170977	0
798.15	0	.647641	.2706992	.08165981	0
797.15	0	.6474073	.2709817	.081611	0
796.15	0	.6471842	.2712525	.08156328	0
795.15	0	.6469712	.2715122	.08151657	0
794.15	0	.6467678	.2717614	.08147083	0
793.15	0	.6465734	.2720006	.081426	0
792.15	0	.6463876	.2722304	.08138203	0
791.15	0	.64621	.2724511	.08133886	0
790.15	0	.6460402	.2726633	.08129646	0
789.15	0	.6458778	.2728674	.08125478	0
788.15	0	.6457224	.2730638	.08121378	0
787.15	0	.6455737	.2732529	.08117342	0
786.15	0	.6454313	.273435	.08113367	0
785.15	0	.6452951	.2736104	.08109449	0
784.15	0	.6451646	.2737796	.08105585	0
783.15	0	.6450395	.2739428	.08101773	0
782.15	0	.6449197	.2741002	.08098009	0
781.15	0	.6448049	.2742522	.0809429	0
780.15	0	.6446948	.2743991	.08090615	0
779.15	0	.6445892	.274541	.08086981	0
778.15	0	.6444879	.2746783	.08083385	0
777.15	0	.6443907	.274811	.08079826	0
776.15	0	.6442974	.2749396	.08076301	0
775.15	0	.6442079	.2750641	.08072808	0
774.15	0	.6441218	.2751847	.08069347	0
773.15	0	.6440392	.2753017	.08065914	0
772.15	0	.6439598	.2754152	.08062508	0
771.15	0	.6438834	.2755253	.08059129	0
770.15	0	.64381	.2756323	.08055773	0
769.15	0	.6437393	.2757363	.0805244	0
768.15	0	.6436713	.2758374	.08049129	0
767.15	0	.6436059	.2759357	.08045838	0
766.15	0	.6435428	.2760315	.08042567	0
765.15	0	.6434821	.2761248	.08039313	0
764.15	0	.6434235	.2762157	.08036075	0
763.15	0	.6433671	.2763044	.08032854	0
762.15	0	.6433126	.2763909	.08029647	0
761.15	0	.6432629	.2764733	.08026386	0
760.15	0	.6432119	.276556	.08023211	0
759.15	0	.6431626	.2766369	.08020047	0
758.15	0	.643115	.2767161	.08016895	0
757.15	0	.6430689	.2767935	.08013753	0
756.15	0	.6430244	.2768694	.0801062	0
755.15	0	.6429813	.2769438	.08007495	0
754.15	0	.6429395	.2770167	.08004379	0
753.15	0	.6428991	.2770882	.0800127	0
752.15	0	.6428598	.2771585	.07998168	0
751.15	0	.6428217	.2772276	.07995072	0
750.15	0	.6427848	.2772954	.07991981	0
749.15	0	.6427488	.2773622	.07988896	0
748.15	0	.6427139	.2774279	.07985816	0
747.15	0	.64268	.2774927	.07982739	0
746.15	0	.6426469	.2775565	.07979666	0
745.15	0	.6426147	.2776194	.07976596	0
744.15	0	.6425833	.2776814	.07973529	0
743.15	0	.6425527	.2777427	.07970464	0
742.15	0	.6425228	.2778032	.07967401	0
741.15	0	.6424935	.2778631	.0796434	0
740.15	0	.642465	.2779222	.0796128	0
739.15	0	.642437	.2779808	.07958221	0
738.15	0	.6424097	.2780387	.07955163	0
737.15	0	.6423829	.2780961	.07952105	0
736.15	0	.6423566	.278153	.07949047	0
735.15	0	.6423308	.2782094	.07945989	0
734.15	0	.6423054	.2782653	.0794293	0
733.15	0	.6422805	.2783208	.0793987	0
732.15	0	.642256	.2783759	.0793681	0
731.15	0	.6422319	.2784307	.07933748	0
730.15	0	.6422081	.2784851	.07930685	0
729.15	0	.6421847	.2785391	.0792762	0
728.15	0	.6421616	.2785929	.07924553	0
727.15	0	.6421387	.2786464	.07921484	0
726.15	0	.6421162	.2786997	.07918413	0
725.15	0	.6420939	.2787527	.0791534	0
724.15	0	.6420718	.2788055	.07912264	0
723.15	0	.64205	.2788582	.07909185	0
722.15	0	.6420283	.2789106	.07906103	0
721.15	0	.6420069	.2789629	.07903019	0
720.15	0	.6419856	.2790151	.07899931	0
719.15	0	.6419644	.2790672	.0789684	0
718.15	0	.6419435	.2791191	.07893746	0
717.15	0	.6419226	.2791709	.07890648	0
716.15	0	.6419018	.2792227	.07887547	0
715.15	0	.6418812	.2792744	.07884442	0
714.15	0	.6418606	.2793261	.07881333	0
713.15	0	.6418401	.2793777	.07878221	0
712.15	0	.6418197	.2794293	.07875105	0
711.15	0	.6417993	.2794808	.07871984	0
710.15	0	.641779	.2795324	.0786886	0
709.15	0	.6417588	.2795839	.07865731	0
708.15	0	.6417385	.2796355	.07862599	0
707.15	0	.6417183	.2796871	.07859462	0
706.15	0	.6416981	.2797387	.0785632	0
705.15	0	.6416779	.2797904	.07853175	0
704.15	0	.6416577	.2798421	.07850025	0
703.15	0	.6416375	.2798938	.07846871	0
702.15	0	.6416172	.2799456	.07843712	0
701.15	0	.641597	.2799975	.07840549	0
700.15	0	.6415767	.2800495	.07837381	0
699.15	0	.6415564	.2801015	.07834209	0
698.15	0	.6415361	.2801536	.07831032	0
697.15	0	.6415157	.2802058	.0782785	0
696.15	0	.6414952	.2802581	.07824664	0
695.15	0	.6414747	.2803105	.07821474	0
694.15	0	.6414542	.280363	.07818279	0
693.15	0	.6414336	.2804156	.07815079	0
692.15	0	.6414129	.2804683	.07811874	0
691.15	0	.6413922	.2805212	.07808665	0
690.15	0	.6413714	.2805741	.07805452	0
689.15	0	.6413505	.2806272	.07802233	0
688.15	0	.6413295	.2806804	.07799011	0
687.15	0	.6413085	.2807337	.07795783	0
686.15	0	.6412873	.2807872	.07792551	0
685.15	0	.6412661	.2808408	.07789315	0
684.15	0	.6412448	.2808945	.07786074	0
683.15	0	.6412234	.2809483	.07782828	0
682.15	0	.6412019	.2810023	.07779578	0
681.15	0	.6411803	.2810565	.07776323	0
680.15	0	.6411586	.2811108	.07773064	0
679.15	0	.6411368	.2811652	.077698	0
678.15	0	.6411149	.2812197	.07766532	0
677.15	0	.6410929	.2812745	.0776326	0
676.15	0	.6410709	.2813293	.07759983	0
675.15	0	.6410487	.2813843	.07756702	0
674.15	0	.6410264	.2814395	.07753416	0
673.15	0	.6410039	.2814948	.07750126	0
672.15	0	.6409814	.2815503	.07746833	0
671.15	0	.6409588	.2816059	.07743534	0
670.15	0	.6409361	.2816616	.07740232	0
669.15	0	.6409132	.2817175	.07736925	0
668.15	0	.6408903	.2817736	.07733615	0
667.15	0	.6408672	.2818298	.077303	0
666.15	0	.640844	.2818862	.07726982	0
665.15	0	.6408207	.2819427	.07723659	0
664.15	0	.6407973	.2819993	.07720333	0
663.15	0	.6407738	.2820562	.07717002	0
662.15	0	.6407502	.2821131	.07713668	0
661.15	0	.6407265	.2821702	.0771033	0
660.15	0	.6407026	.2822275	.07706988	0
659.15	0	.6406787	.2822849	.07703643	0
658.15	0	.6406546	.2823425	.07700294	0
657.15	0	.6406304	.2824002	.07696941	0
656.15	0	.6406061	.282458	.07693585	0
655.15	0	.6405817	.282516	.07690226	0
654.15	0	.6405572	.2825742	.07686863	0
653.15	0	.6405326	.2826325	.07683497	0
652.15	0	.6405079	.2826909	.07680127	0
651.15	0	.640483	.2827495	.07676754	0
650.15	0	.6404581	.2828082	.07673378	0
649.15	0	.640433	.282867	.07669999	0
648.15	0	.6404078	.282926	.07666616	0
647.15	0	.6403826	.2829851	.07663231	0
646.15	0	.6403572	.2830444	.07659843	0
645.15	0	.6403317	.2831038	.07656452	0
644.15	0	.6403061	.2831633	.07653058	0
643.15	0	.6402805	.2832229	.07649661	0
642.15	0	.6402547	.2832827	.07646261	0
641.15	0	.6402288	.2833426	.07642859	0
640.15	0	.6402028	.2834027	.07639455	0
639.15	0	.6401767	.2834628	.07636047	0
638.15	0	.6401505	.2835231	.07632638	0
637.15	0	.6401242	.2835836	.07629226	0
636.15	0	.6400978	.2836441	.07625811	0
635.15	0	.6400713	.2837047	.07622394	0
634.15	0	.6400448	.2837655	.07618975	0
633.15	0	.6400181	.2838264	.07615554	0
632.15	0	.6399913	.2838874	.07612131	0
631.15	0	.6399644	.2839485	.07608706	0
630.15	0	.6399375	.2840097	.07605279	0
629.15	0	.6399105	.2840711	.0760185	0
628.15	0	.6398833	.2841325	.07598419	0
627.15	0	.6398561	.284194	.07594987	0
626.15	0	.6398288	.2842557	.07591553	0
625.15	0	.6398014	.2843174	.07588117	0
624.15	0	.6397739	.2843793	.0758468	0
623.15	0	.6397464	.2844412	.07581241	0
622.15	0	.6397187	.2845033	.07577801	0
621.15	0	.639691	.2845654	.0757436	0
620.15	0	.6396632	.2846276	.07570917	0
619.15	0	.6396353	.28469	.07567473	0
618.15	0	.6396074	.2847524	.07564028	0
617.15	0	.6395793	.2848149	.07560583	0
616.15	0	.6395512	.2848775	.07557136	0
615.15	0	.639523	.2849401	.07553688	0
614.15	0	.6394948	.2850029	.07550239	0
613.15	0	.6394664	.2850657	.0754679	0
612.15	0	.639438	.2851286	.0754334	0
611.15	0	.6394095	.2851916	.0753989	0
610.15	0	.639381	.2852546	.07536438	0
609.15	0	.6393524	.2853177	.07532987	0
608.15	0	.6393237	.2853809	.07529535	0
607.15	0	.639295	.2854442	.07526083	0
606.15	0	.6392662	.2855075	.0752263	0
605.15	0	.6392373	.2855709	.07519178	0
604.15	0	.6392084	.2856344	.07515725	0
603.15	0	.6391794	.2856979	.07512272	0
602.15	0	.6391504	.2857614	.0750882	0
601.15	0	.6391213	.2858251	.07505367	0
600.15	0	.6390921	.2858887	.07501915	0
599.15	0	.6390629	.2859525	.07498463	0
598.15	0	.6390336	.2860163	.07495012	0
597.15	0	.6390043	.2860801	.0749156	0
596.15	0	.638975	.2861439	.0748811	0
595.15	0	.6389455	.2862079	.0748466	0
594.15	0	.6389161	.2862718	.0748121	0
593.15	0	.6388866	.2863358	.07477762	0
592.15	0	.638857	.2863999	.07474314	0
591.15	0	.6388274	.2864639	.07470867	0
590.15	0	.6387978	.286528	.07467421	0
589.15	0	.6387681	.2865922	.07463976	0
588.15	0	.6387384	.2866563	.07460533	0
587.15	0	.6387086	.2867205	.0745709	0
586.15	0	.6386788	.2867847	.07453649	0
585.15	0	.6386489	.286849	.07450209	0
584.15	0	.6386191	.2869132	.0744677	0
583.15	0	.6385891	.2869775	.07443333	0
582.15	0	.6385592	.2870418	.07439898	0
581.15	0	.6385292	.2871061	.07436464	0
580.15	0	.6384992	.2871705	.07433032	0
579.15	0	.6384692	.2872348	.07429602	0
578.15	0	.6384391	.2872992	.07426173	0
577.15	0	.638409	.2873635	.07422747	0
576.15	0	.6383789	.2874279	.07419323	0
575.15	0	.6383487	.2874923	.074159	0
574.15	0	.6383186	.2875566	.0741248	0
573.15	0	.6382884	.287621	.07409063	0
572.15	0	.6382581	.2876854	.07405647	0
571.15	0	.6382279	.2877498	.07402234	0
570.15	0	.6381977	.2878141	.07398824	0
569.15	0	.6381674	.2878785	.07395416	0
568.15	0	.6381371	.2879428	.0739201	0
567.15	0	.6381068	.2880071	.07388608	0
566.15	0	.6380765	.2880715	.07385208	0
565.15	0	.6380461	.2881358	.07381811	0
564.15	0	.6380158	.2882001	.07378417	0
563.15	0	.6379854	.2882643	.07375026	0
562.15	0	.637955	.2883286	.07371638	0
561.15	0	.6379247	.2883928	.07368254	0
560.15	0	.6378943	.288457	.07364872	0
559.15	0	.6378639	.2885212	.07361494	0
558.15	0	.6378335	.2885853	.0735812	0
557.15	0	.6378031	.2886494	.07354749	0
556.15	0	.6377727	.2887135	.07351381	0
555.15	0	.6377423	.2887775	.07348017	0
554.15	0	.6377119	.2888415	.07344657	0
553.15	0	.6376815	.2889055	.073413	0
552.15	0	.6376511	.2889694	.07337948	0
551.15	0	.6376207	.2890333	.07334599	0
550.15	0	.6375903	.2890972	.07331255	0
549.15	0	.6375599	.289161	.07327914	0
548.15	0	.6375295	.2892247	.07324578	0
547.15	0	.6374991	.2892884	.07321246	0
546.15	0	.6374688	.2893521	.07317918	0
545.15	0	.6374384	.2894157	.07314594	0
544.15	0	.637408	.2894792	.07311276	0
543.15	0	.6373777	.2895427	.07307961	0
542.15	0	.6373474	.2896061	.07304651	0
541.15	0	.6373171	.2896695	.07301346	0
540.15	0	.6372868	.2897328	.07298046	0
539.15	0	.6372565	.289796	.07294751	0
538.15	0	.6372262	.2898592	.0729146	0
537.15	0	.6371959	.2899223	.07288174	0
536.15	0	.6371657	.2899853	.07284894	0
535.15	0	.6371355	.2900483	.07281619	0
534.15	0	.6371053	.2901112	.07278349	0
533.15	0	.6370751	.290174	.07275084	0
532.15	0	.637045	.2902368	.07271824	0
531.15	0	.6370148	.2902995	.0726857	0
530.15	0	.6369847	.2903621	.07265322	0
529.15	0	.6369547	.2904246	.07262079	0
528.15	0	.6369246	.290487	.07258842	0
527.15	0	.6368946	.2905493	.0725561	0
526.15	0	.6368646	.2906116	.07252384	0
525.15	0	.6368346	.2906737	.07249164	0
524.15	0	.6368047	.2907358	.07245951	0
523.15	0	.6367748	.2907978	.07242743	0
522.15	0	.6367449	.2908597	.07239541	0
521.15	0	.6367151	.2909215	.07236345	0
520.15	0	.6366853	.2909832	.07233156	0
519.15	0	.6366555	.2910448	.07229973	0
518.15	0	.6366257	.2911063	.07226796	0
517.15	0	.636596	.2911677	.07223626	0
516.15	0	.6365664	.291229	.07220462	0
515.15	0	.6365368	.2912902	.07217305	0
514.15	0	.6365072	.2913513	.07214155	0
513.15	0	.6364776	.2914123	.07211011	0
512.15	0	.6364481	.2914731	.07207874	0
511.15	0	.6364187	.2915339	.07204744	0
510.15	0	.6363893	.2915945	.07201621	0
509.15	0	.6363599	.2916551	.07198505	0
508.15	0	.6363307	.2917155	.07195382	0
507.15	0	.6363014	.2917758	.0719228	0
506.15	0	.6362722	.291836	.07189185	0
505.15	0	.636243	.291896	.07186097	0
504.15	0	.6362139	.291956	.07183017	0
503.15	0	.6361848	.2920158	.07179945	0
502.15	0	.6361558	.2920755	.0717688	0
501.15	0	.6361268	.292135	.07173822	0
500.15	0	.6360978	.2921944	.07170772	0
499.15	0	.6360689	.2922538	.0716773	0
498.15	0	.6360401	.2923129	.07164696	0
497.15	0	.6360113	.292372	.07161669	0
496.15	0	.6359826	.2924309	.0715865	0
495.15	0	.635954	.2924896	.0715564	0
494.15	0	.6359253	.2925483	.07152637	0
493.15	0	.6358968	.2926068	.07149643	0
492.15	0	.6358683	.2926651	.07146656	0
491.15	0	.6358399	.2927234	.07143678	0
490.15	0	.6358115	.2927814	.07140709	0
489.15	0	.6357832	.2928394	.07137747	0
488.15	0	.6357549	.2928971	.07134794	0
487.15	0	.6357267	.2929548	.0713185	0
486.15	0	.6356986	.2930123	.07128914	0
485.15	0	.6356705	.2930696	.07125987	0
484.15	0	.6356425	.2931268	.07123069	0
483.15	0	.6356146	.2931838	.07120159	0
482.15	0	.6355867	.2932407	.07117259	0
481.15	0	.6355589	.2932974	.07114367	0
480.15	0	.6355312	.293354	.07111484	0
479.15	0	.6355035	.2934104	.0710861	0
478.15	0	.6354759	.2934666	.07105746	0
477.15	0	.6354484	.2935227	.0710289	0
476.15	0	.6354209	.2935787	.07100044	0
475.15	0	.6353935	.2936344	.07097207	0
474.15	0	.6353662	.29369	.07094379	0
473.15	0	.6353389	.2937455	.07091561	0
472.15	0	.6353118	.2938007	.07088752	0
471.15	0	.6352847	.2938558	.07085953	0
470.15	0	.6352576	.2939107	.07083163	0
469.15	0	.6352307	.2939655	.07080383	0
468.15	0	.6352038	.2940201	.07077613	0
467.15	0	.635177	.2940745	.07074852	0
466.15	0	.6351503	.2941287	.07072102	0
465.15	0	.6351236	.2941828	.07069361	0
464.15	0	.635097	.2942367	.0706663	0
463.15	0	.6350706	.2942904	.07063909	0
462.15	0	.6350441	.2943439	.07061199	0
461.15	0	.6350178	.2943972	.07058498	0
460.15	0	.6349915	.2944504	.07055808	0
459.15	0	.6349654	.2945033	.07053128	0
458.15	0	.6349393	.2945561	.07050458	0
457.15	0	.6349133	.2946088	.07047799	0
456.15	0	.6348873	.2946612	.0704515	0
455.15	0	.6348615	.2947134	.07042511	0
454.15	0	.6348357	.2947654	.07039883	0
453.15	0	.6348101	.2948173	.07037266	0
452.15	0	.6347845	.294869	.07034659	0
451.15	0	.634759	.2949204	.07032063	0
450.15	0	.6347335	.2949717	.07029478	0
449.15	0	.6347082	.2950227	.07026905	0
448.15	0	.634683	.2950735	.07024344	0
447.15	0	.6346579	.2951241	.07021794	0
446.15	0	.6346329	.2951745	.07019255	0
445.15	0	.634608	.2952247	.07016728	0
444.15	0	.6345832	.2952747	.07014212	0
443.15	0	.6345585	.2953244	.07011709	0
442.15	0	.6345339	.2953739	.07009218	0
441.15	0	.6345095	.2954232	.07006739	0
440.15	0	.6344851	.2954722	.07004272	0
439.15	0	.6344609	.2955209	.07001819	0
438.15	0	.6344368	.2955694	.06999378	0
437.15	0	.6344128	.2956177	.0699695	0
436.15	0	.634389	.2956657	.06994536	0
435.15	0	.6343653	.2957134	.06992135	0
434.15	0	.6343417	.2957608	.06989747	0
433.15	0	.6343183	.295808	.06987373	0
432.15	0	.634295	.2958549	.06985012	0
431.15	0	.6342718	.2959016	.06982665	0
430.15	0	.6342488	.2959479	.06980333	0
429.15	0	.6342259	.295994	.06978014	0
428.15	0	.6342032	.2960397	.06975709	0
427.15	0	.6341806	.2960852	.06973419	0
426.15	0	.6341582	.2961304	.06971143	0
425.15	0	.6341359	.2961753	.06968881	0
424.15	0	.6341138	.2962199	.06966634	0
423.15	0	.6340918	.2962642	.06964402	0
422.15	0	.63407	.2963082	.06962184	0
421.15	0	.6340483	.2963519	.06959981	0
420.15	0	.6340268	.2963953	.06957793	0
419.15	0	.6340054	.2964384	.06955619	0
418.15	0	.6339842	.2964812	.06953461	0
417.15	0	.6339632	.2965237	.06951317	0
416.15	0	.6339423	.2965658	.06949188	0
415.15	0	.6339216	.2966077	.06947075	0
414.15	0	.633901	.2966493	.06944976	0
413.15	0	.6338806	.2966905	.06942893	0
412.15	0	.6338603	.2967315	.06940825	0
411.15	0	.6338402	.2967721	.06938772	0
410.15	0	.6338202	.2968124	.06936735	0
409.15	0	.6338005	.2968524	.06934712	0
408.15	0	.6337808	.2968921	.06932705	0
407.15	0	.6337614	.2969315	.06930713	0
406.15	0	.633742	.2969706	.06928737	0
405.8993	0	.6337372	.2969804	.06928244	0
405.8993	0	.6337372	.2969804	.06928244	0
405.8993	0	.6337372	.2969804	.06928244	0
405.15	0	.6339171	.2965571	.06905366	4.721642E-04
404.15	0	.6341567	.2959929	.06874887	.001101496
403.15	0	.6343959	.2954295	.0684447	.001729937
402.15	0	.6346346	.2948668	.06814112	.002357494
401.15	0	.6348729	.2943048	.06783815	.002984177
400.15	0	.6351107	.2937435	.06753578	.003609991
399.15	0	.6353482	.2931829	.067234	.004234945
398.15	0	.6355852	.292623	.06693282	.004859045
397.15	0	.6358217	.2920637	.06663222	.0054823
396.15	0	.6360579	.2915052	.06633221	.006104715
395.15	0	.6362937	.2909472	.06603278	.006726298
394.15	0	.6365291	.2903899	.06573393	.007347057
393.15	0	.6367641	.2898333	.06543565	.007966997
392.15	0	.6369987	.2892772	.06513795	.008586126
391.15	0	.637233	.2887218	.06484082	.00920445
390.15	0	.6374668	.2881669	.06454425	.009821976
389.15	0	.6377004	.2876127	.06424825	.01043871
388.15	0	.6379336	.287059	.06395281	.01105466
387.15	0	.6381664	.2865059	.06365793	.01166983
386.15	0	.6383989	.2859533	.0633636	.01228423
385.15	0	.638631	.2854013	.06306982	.01289786
384.15	0	.6388628	.2848498	.06277659	.01351074
383.15	0	.6390944	.2842989	.06248391	.01412286
382.15	0	.6393255	.2837485	.06219177	.01473423
381.15	0	.6395564	.2831986	.06190017	.01534486
380.15	0	.639787	.2826492	.06160911	.01595475
379.15	0	.6400172	.2821003	.06131858	.01656391
378.15	0	.6402472	.2815519	.06102858	.01717235
377.15	0	.6404769	.2810039	.06073912	.01778007
376.15	0	.6407063	.2804565	.06045018	.01838708
375.15	0	.6409354	.2799095	.06016176	.01899338
374.15	0	.6411642	.2793629	.05987387	.01959898
373.15	0	.6413928	.2788169	.05958649	.02020388
372.15	0	.6416211	.2782712	.05929963	.02080809
371.15	0	.6418491	.277726	.05901328	.02141161
370.15	0	.6420769	.2771813	.05872744	.02201445
369.15	0	.6423044	.2766369	.05844211	.02261662
368.15	0	.6425316	.276093	.05815729	.02321811
367.15	0	.6427587	.2755494	.05787297	.02381894
366.15	0	.6429854	.2750063	.05758915	.02441911
365.15	0	.643212	.2744636	.05730582	.02501862
364.15	0	.6434383	.2739212	.05702299	.02561749
363.15	0	.6436643	.2733793	.05674066	.0262157
362.15	0	.6438902	.2728377	.05645881	.02681328
361.15	0	.6441158	.2722965	.05617746	.02741021
360.15	0	.6443412	.2717557	.05589659	.02800651
