T	 BPW(LIQUID)	BPW(BCC_A2)	BPW(FCC_A1)	BPW(LAVES_PHASE_C14)	BPW(NI3TI)
1473.15	.3664224	.6335776	0	0	0
1472.15	.3633495	.6366505	0	0	0
1471.15	.3602972	.6397028	0	0	0
1470.15	.3572654	.6427346	0	0	0
1469.15	.354254	.645746	0	0	0
1468.15	.3512628	.6487372	0	0	0
1467.15	.3482916	.6517084	0	0	0
1466.15	.3453403	.6546597	0	0	0
1465.15	.3424088	.6575912	0	0	0
1464.15	.339497	.660503	0	0	0
1463.15	.3366046	.6633954	0	0	0
1462.15	.3337316	.6662684	0	0	0
1461.15	.3308778	.6691222	0	0	0
1460.15	.3280431	.6719569	0	0	0
1459.15	.3252273	.6747727	0	0	0
1458.15	.3224304	.6775696	0	0	0
1457.15	.3196521	.6803479	0	0	0
1456.15	.3168923	.6831077	0	0	0
1455.15	.314151	.685849	0	0	0
1454.15	.3114279	.6885721	0	0	0
1453.15	.308723	.691277	0	0	0
1452.15	.3060361	.6939639	0	0	0
1451.15	.3033671	.6966329	0	0	0
1450.15	.3007159	.6992841	0	0	0
1449.15	.2980823	.7019177	0	0	0
1448.15	.2954662	.7045338	0	0	0
1447.15	.2928675	.7071325	0	0	0
1446.15	.2902861	.7097139	0	0	0
1445.15	.2877218	.7122782	0	0	0
1444.15	.2851746	.7148254	0	0	0
1443.15	.2826442	.7173558	0	0	0
1442.15	.2801307	.7198693	0	0	0
1441.15	.2776338	.7223662	0	0	0
1440.15	.2751535	.7248465	0	0	0
1439.15	.2726896	.7273104	0	0	0
1438.15	.270242	.729758	0	0	0
1437.15	.2678107	.7321894	0	0	0
1436.15	.2653954	.7346046	0	0	0
1435.15	.2629961	.7370039	0	0	0
1434.15	.2606127	.7393873	0	0	0
1433.15	.258245	.741755	0	0	0
1432.15	.255893	.7441071	0	0	0
1431.15	.2535564	.7464436	0	0	0
1430.15	.2512354	.7487646	0	0	0
1429.15	.2489296	.7510704	0	0	0
1428.15	.2466391	.7533609	0	0	0
1427.15	.2443637	.7556363	0	0	0
1426.15	.2421032	.7578968	0	0	0
1425.15	.2398577	.7601423	0	0	0
1424.15	.2376269	.7623731	0	0	0
1423.15	.2354109	.7645892	0	0	0
1422.15	.2332094	.7667906	0	0	0
1421.15	.2310224	.7689776	0	0	0
1420.15	.2288497	.7711503	0	0	0
1419.15	.2266914	.7733086	0	0	0
1418.15	.2245472	.7754528	0	0	0
1417.15	.2224172	.7775828	0	0	0
1416.15	.2203011	.7796989	0	0	0
1415.15	.2181989	.7818011	0	0	0
1414.15	.2161104	.7838896	0	0	0
1413.15	.2140357	.7859643	0	0	0
1412.15	.2119746	.7880254	0	0	0
1411.15	.209927	.790073	0	0	0
1410.15	.2078928	.7921072	0	0	0
1409.15	.2058719	.7941281	0	0	0
1408.15	.2038642	.7961358	0	0	0
1407.15	.2018697	.7981303	0	0	0
1406.15	.1998882	.8001118	0	0	0
1405.15	.1979197	.8020803	0	0	0
1404.15	.195964	.804036	0	0	0
1403.822	.1953262	.8046738	0	0	0
1403.822	.1953262	.8046738	0	0	0
1403.822	.1953262	.8046738	0	0	0
1403.15	.1932456	.8059053	0	8.490993E-04	0
1402.15	.1901799	.8077167	0	.002103398	0
1401.15	.1871475	.8095046	0	.003347874	0
1400.15	.184148	.8112693	0	.004582696	0
1399.15	.1811807	.8130113	0	.005808032	0
1398.15	.178245	.8147309	0	.007024046	0
1397.15	.1753405	.8164286	0	.008230897	0
1396.15	.1724666	.8181046	0	.009428742	0
1395.15	.1696228	.8197594	0	.01061773	0
1394.15	.1668086	.8213933	0	.01179802	0
1393.15	.1640236	.8230067	0	.01296975	0
1392.15	.1612671	.8245999	0	.01413307	0
1391.15	.1585388	.8261731	0	.0152881	0
1390.15	.1558381	.8277269	0	.016435	0
1389.15	.1531647	.8292614	0	.0175739	0
1388.15	.1505181	.8307769	0	.01870492	0
1387.15	.1478979	.8322739	0	.0198282	0
1386.15	.1453036	.8337526	0	.02094385	0
1385.15	.1427348	.8352132	0	.02205201	0
1384.15	.1401911	.8366561	0	.0231528	0
1383.15	.1376721	.8380816	0	.02424632	0
1382.15	.1351774	.8394899	0	.02533269	0
1381.15	.1327067	.8408813	0	.02641204	0
1380.15	.1302595	.842256	0	.02748447	0
1379.15	.1278355	.8436144	0	.02855008	0
1378.15	.1254344	.8449566	0	.02960899	0
1377.15	.1230557	.846283	0	.03066129	0
1376.15	.1206991	.8475938	0	.0317071	0
1375.15	.1183644	.8488891	0	.0327465	0
1374.15	.1160511	.8501694	0	.0337796	0
1373.15	.1137589	.8514347	0	.03480649	0
1372.15	.1114875	.8526853	0	.03582726	0
1371.15	.1092366	.8539214	0	.03684202	0
1370.15	.1070059	.8551433	0	.03785084	0
1369.15	.104795	.8563512	0	.03885382	0
1368.15	.1026038	.8575452	0	.03985104	0
1367.15	.1004318	.8587256	0	.04084259	0
1366.15	.09827883	.8598926	0	.04182855	0
1365.15	.09614459	.8610464	0	.04280901	0
1364.15	.09402879	.8621872	0	.04378404	0
1363.15	.09193117	.8633151	0	.04475372	0
1362.15	.08985147	.8644304	0	.04571813	0
1361.15	.08778941	.8655333	0	.04667734	0
1360.15	.08574475	.8666238	0	.04763143	0
1359.15	.08371723	.8677023	0	.04858048	0
1358.15	.0817066	.8687689	0	.04952454	0
1357.15	.07971264	.8698237	0	.0504637	0
1356.15	.07773508	.8708669	0	.05139802	0
1355.15	.07577372	.8718987	0	.05232758	0
1354.15	.0738283	.8729193	0	.05325242	0
1353.15	.07189861	.8739288	0	.05417263	0
1352.15	.06998444	.8749273	0	.05508826	0
1351.15	.06808554	.8759151	0	.05599939	0
1350.15	.06620173	.8768922	0	.05690606	0
1349.15	.06433278	.8778589	0	.05780833	0
1348.15	.06247849	.8788152	0	.05870628	0
1347.15	.06063866	.8797614	0	.05959996	0
1346.15	.05881308	.8806975	0	.06048942	0
1345.15	.05700157	.8816237	0	.06137472	0
1344.15	.05520392	.8825402	0	.06225592	0
1343.15	.05341995	.883447	0	.06313306	0
1342.15	.05164948	.8843443	0	.06400621	0
1341.15	.04989231	.8852323	0	.06487542	0
1340.15	.04814828	.886111	0	.06574073	0
1339.15	.0464172	.8869806	0	.06660221	0
1338.15	.04469889	.8878412	0	.06745989	0
1337.15	.0429932	.888693	0	.06831383	0
1336.15	.04129994	.889536	0	.06916407	0
1335.15	.03961896	.8903704	0	.07001067	0
1334.15	.03795009	.8911962	0	.07085366	0
1333.15	.03629318	.8920137	0	.0716931	0
1332.15	.03464805	.8928229	0	.07252903	0
1331.15	.03301457	.8936239	0	.07336149	0
1330.15	.03139257	.8944169	0	.07419053	0
1329.15	.0297819	.8952019	0	.07501619	0
1328.15	.02818243	.8959791	0	.07583851	0
1327.15	.02659399	.8967485	0	.07665753	0
1326.744	.02595186	.8970588	0	.07698931	0
1326.744	.02595186	.8970588	0	.07698931	0
1326.744	.02595186	.8970588	0	.07698931	0
1326.15	.02098772	.894767	.006252752	.07799256	0
1325.15	.01264313	.8909698	.01671905	.07966802	0
1324.15	.004317591	.8872505	.02710596	.08132594	0
1323.631	0	.8853489	.03247076	.08218035	0
1323.631	0	.8853489	.03247076	.08218035	0
1323.15	0	.8845223	.03302681	.08245088	0
1322.15	0	.8828057	.03418162	.08301267	0
1321.15	0	.8810939	.03533327	.08357283	0
1320.15	0	.8793868	.03648177	.08413139	0
1319.15	0	.8776845	.03762713	.08468835	0
1318.15	0	.875987	.03876934	.08524371	0
1317.15	0	.8742941	.03990842	.08579748	0
1316.15	0	.872606	.04104437	.08634967	0
1315.15	0	.8709225	.04217721	.08690028	0
1314.15	0	.8692437	.04330693	.08744932	0
1313.15	0	.8675697	.04443355	.0879968	0
1312.15	0	.8659002	.04555708	.08854272	0
1311.15	0	.8642354	.04667751	.08908709	0
1310.15	0	.8625752	.04779486	.08962992	0
1309.15	0	.8609197	.04890914	.09017121	0
1308.15	0	.8592687	.05002034	.09071096	0
1307.15	0	.8576223	.05112848	.09124919	0
1306.15	0	.8559805	.05223357	.0917859	0
1305.15	0	.8543433	.05333561	.09232109	0
1304.15	0	.8527106	.0544346	.09285478	0
1303.15	0	.8510825	.05553056	.09338697	0
1302.15	0	.8494589	.05662348	.09391766	0
1301.15	0	.8478398	.05771338	.09444686	0
1300.15	0	.8462252	.05880027	.09497458	0
1299.15	0	.844615	.05988414	.09550082	0
1298.15	0	.8430094	.06096501	.09602559	0
1297.15	0	.8414082	.06204288	.09654889	0
1296.15	0	.8398115	.06311775	.09707073	0
1295.15	0	.8382192	.06418964	.09759112	0
1294.15	0	.8366314	.06525855	.09811006	0
1293.15	0	.835048	.06632448	.09862756	0
1292.15	0	.8334689	.06738745	.09914362	0
1291.15	0	.8318943	.06844745	.09965825	0
1290.15	0	.830324	.06950449	.1001715	0
1289.15	0	.8287582	.07055858	.1006832	0
1288.15	0	.8271967	.07160972	.1011936	0
1287.15	0	.8256395	.07265793	.1017026	0
1286.15	0	.8240867	.0737032	.1022101	0
1285.15	0	.8225382	.07474554	.1027163	0
1284.15	0	.820994	.07578495	.1032211	0
1283.15	0	.8194541	.07682145	.1037244	0
1282.15	0	.8179185	.07785503	.1042264	0
1281.15	0	.8163872	.0788857	.1047271	0
1280.15	0	.8148602	.07991347	.1052263	0
1279.15	0	.8133375	.08093835	.1057242	0
1278.15	0	.8118189	.08196033	.1062207	0
1277.15	0	.8103047	.08297942	.1067159	0
1276.15	0	.8087946	.08399563	.1072097	0
1275.15	0	.8072888	.08500896	.1077022	0
1274.15	0	.8057872	.08601942	.1081933	0
1273.15	0	.8042898	.08702701	.1086832	0
1272.15	0	.8027966	.08803174	.1091716	0
1271.15	0	.8013076	.08903361	.1096588	0
1270.15	0	.7998228	.09003263	.1101446	0
1269.15	0	.7983421	.0910288	.1106291	0
1268.15	0	.7968655	.09202212	.1111123	0
1267.15	0	.7953932	.0930126	.1115943	0
1266.15	0	.7939249	.09400025	.1120749	0
1265.15	0	.7924608	.09498506	.1125542	0
1264.15	0	.7910008	.09596706	.1130322	0
1263.15	0	.7895448	.09694622	.1135089	0
1262.15	0	.788093	.09792257	.1139844	0
1261.15	0	.7866453	.09889611	.1144586	0
1260.15	0	.7852017	.09986684	.1149315	0
1259.15	0	.7837621	.1008348	.1154031	0
1258.15	0	.7823266	.1017999	.1158735	0
1257.15	0	.7808951	.1027622	.1163427	0
1256.15	0	.7794677	.1037217	.1168106	0
1255.15	0	.7780443	.1046785	.1172772	0
1254.15	0	.776625	.1056324	.1177426	0
1253.15	0	.7752096	.1065836	.1182068	0
1252.15	0	.7737983	.107532	.1186697	0
1251.15	0	.772391	.1084776	.1191314	0
1250.15	0	.7709877	.1094205	.1195919	0
1249.15	0	.7695883	.1103606	.1200511	0
1248.15	0	.7681929	.1112979	.1205092	0
1247.15	0	.7668015	.1122324	.120966	0
1246.15	0	.7654141	.1131642	.1214217	0
1245.15	0	.7640306	.1140933	.1218761	0
1244.15	0	.7626511	.1150196	.1223293	0
1243.15	0	.7612755	.1159432	.1227814	0
1242.15	0	.7599038	.116864	.1232322	0
1241.15	0	.7585361	.117782	.1236819	0
1240.15	0	.7571722	.1186974	.1241304	0
1239.15	0	.7558123	.11961	.1245777	0
1238.15	0	.7544563	.1205199	.1250238	0
1237.15	0	.7531042	.121427	.1254688	0
1236.15	0	.7517559	.1223315	.1259126	0
1235.15	0	.7504116	.1232331	.1263553	0
1234.15	0	.749071	.1241321	.1267968	0
1233.15	0	.7477344	.1250284	.1272372	0
1232.15	0	.7464017	.125922	.1276764	0
1231.15	0	.7450727	.1268128	.1281144	0
1230.15	0	.7437477	.127701	.1285514	0
1229.15	0	.7424264	.1285864	.1289872	0
1228.15	0	.741109	.1294691	.1294219	0
1227.15	0	.7397954	.1303492	.1298554	0
1226.15	0	.7384857	.1312265	.1302878	0
1225.15	0	.7371797	.1321012	.1307191	0
1224.15	0	.7358776	.1329731	.1311493	0
1223.15	0	.7345792	.1338424	.1315784	0
1222.15	0	.7332847	.1347089	.1320064	0
1221.15	0	.7319939	.1355728	.1324333	0
1220.15	0	.7307069	.136434	.1328591	0
1219.15	0	.7294237	.1372926	.1332837	0
1218.15	0	.7281443	.1381484	.1337073	0
1217.15	0	.7268686	.1390016	.1341298	0
1216.15	0	.7255966	.1398521	.1345513	0
1215.15	0	.7243285	.1406999	.1349716	0
1214.15	0	.723064	.1415451	.1353909	0
1213.15	0	.7218034	.1423875	.1358091	0
1212.15	0	.7205464	.1432274	.1362262	0
1211.15	0	.7192932	.1440645	.1366423	0
1210.15	0	.7180437	.144899	.1370573	0
1209.15	0	.7167979	.1457308	.1374713	0
1208.15	0	.7155558	.14656	.1378842	0
1207.15	0	.7143175	.1473865	.138296	0
1206.15	0	.7130828	.1482104	.1387068	0
1205.15	0	.7118519	.1490315	.1391166	0
1204.15	0	.7106246	.1498501	.1395253	0
1203.15	0	.709401	.150666	.139933	0
1202.15	0	.7081811	.1514792	.1403397	0
1201.15	0	.7069649	.1522898	.1407453	0
1200.15	0	.7057524	.1530977	.1411499	0
1199.15	0	.7045435	.153903	.1415535	0
1198.15	0	.7033383	.1547056	.141956	0
1197.15	0	.7021368	.1555056	.1423576	0
1196.15	0	.7009389	.156303	.1427581	0
1195.15	0	.6997447	.1570977	.1431576	0
1194.15	0	.6985541	.1578898	.1435562	0
1193.15	0	.6973672	.1586792	.1439537	0
1192.15	0	.6961839	.1594659	.1443502	0
1191.15	0	.6950042	.1602501	.1447457	0
1190.15	0	.6938282	.1610316	.1451403	0
1189.15	0	.6926558	.1618104	.1455338	0
1188.15	0	.691487	.1625866	.1459264	0
1187.15	0	.6903218	.1633602	.146318	0
1186.15	0	.6891603	.1641312	.1467086	0
1185.15	0	.6880023	.1648995	.1470982	0
1184.15	0	.686848	.1656651	.1474869	0
1183.15	0	.6856973	.1664282	.1478745	0
1182.15	0	.6845502	.1671886	.1482613	0
1181.15	0	.6834067	.1679463	.148647	0
1180.15	0	.6822668	.1687014	.1490318	0
1179.15	0	.6811304	.1694539	.1494156	0
1178.15	0	.6799977	.1702038	.1497985	0
1177.15	0	.6788686	.170951	.1501805	0
1176.15	0	.677743	.1716956	.1505614	0
1175.15	0	.676621	.1724375	.1509415	0
1174.15	0	.6755026	.1731768	.1513206	0
1173.15	0	.6743878	.1739135	.1516987	0
1172.15	0	.6732765	.1746475	.1520759	0
1171.15	0	.6721689	.1753789	.1524522	0
1170.15	0	.6710647	.1761077	.1528276	0
1169.15	0	.6699642	.1768338	.153202	0
1168.15	0	.6688672	.1775573	.1535755	0
1167.15	0	.6677738	.1782782	.1539481	0
1166.15	0	.6666839	.1789964	.1543197	0
1165.15	0	.6655976	.179712	.1546905	0
1164.15	0	.6645148	.1804249	.1550603	0
1163.15	0	.6634356	.1811352	.1554292	0
1162.15	0	.66236	.1818428	.1557972	0
1161.15	0	.6612878	.1825478	.1561643	0
1160.15	0	.6602193	.1832502	.1565305	0
1159.15	0	.6591543	.1839499	.1568958	0
1158.15	0	.6580928	.184647	.1572602	0
1157.15	0	.6570348	.1853415	.1576237	0
1156.15	0	.6559804	.1860332	.1579863	0
1155.15	0	.6549296	.1867224	.158348	0
1154.15	0	.6538822	.1874089	.1587089	0
1153.15	0	.6528384	.1880928	.1590689	0
1152.15	0	.6517981	.1887739	.1594279	0
1151.15	0	.6507614	.1894525	.1597861	0
1150.15	0	.6497282	.1901284	.1601434	0
1149.15	0	.6486985	.1908016	.1604998	0
1148.15	0	.6476724	.1914722	.1608554	0
1147.15	0	.6466498	.1921401	.1612101	0
1146.15	0	.6456307	.1928054	.1615639	0
1145.15	0	.6446152	.193468	.1619169	0
1144.15	0	.6436031	.1941279	.162269	0
1143.15	0	.6425946	.1947852	.1626202	0
1142.15	0	.6415896	.1954398	.1629706	0
1141.15	0	.6405882	.1960917	.1633201	0
1140.15	0	.6395902	.196741	.1636688	0
1139.15	0	.6385958	.1973876	.1640166	0
1138.15	0	.6376049	.1980315	.1643636	0
1137.15	0	.6366175	.1986728	.1647097	0
1136.15	0	.6356337	.1993113	.165055	0
1135.15	0	.6346534	.1999472	.1653994	0
1134.15	0	.6336766	.2005804	.165743	0
1133.15	0	.6327033	.201211	.1660858	0
1132.15	0	.6317335	.2018388	.1664277	0
1131.15	0	.6307673	.2024639	.1667688	0
1130.15	0	.6298045	.2030864	.1671091	0
1129.15	0	.6288453	.2037062	.1674485	0
1128.15	0	.6278897	.2043232	.1677871	0
1127.15	0	.6269375	.2049376	.1681249	0
1126.15	0	.6259889	.2055493	.1684619	0
1125.15	0	.6250438	.2061582	.168798	0
1124.15	0	.6241022	.2067645	.1691333	0
1123.15	0	.6231641	.2073681	.1694678	0
1122.15	0	.6222296	.2079689	.1698015	0
1121.15	0	.6212986	.208567	.1701344	0
1120.15	0	.6203711	.2091624	.1704665	0
1119.15	0	.6194472	.2097551	.1707977	0
1118.15	0	.6185268	.2103451	.1711282	0
1117.15	0	.6176099	.2109323	.1714578	0
1116.15	0	.6166966	.2115168	.1717867	0
1115.15	0	.6157867	.2120986	.1721147	0
1114.15	0	.6148805	.2126776	.172442	0
1113.15	0	.6139777	.2132539	.1727684	0
1112.15	0	.6130785	.2138274	.173094	0
1111.15	0	.6121829	.2143982	.1734189	0
1110.15	0	.6112907	.2149663	.173743	0
1109.15	0	.6104022	.2155316	.1740663	0
1108.15	0	.6095171	.2160941	.1743888	0
1107.15	0	.6086356	.2166539	.1747104	0
1106.15	0	.6077577	.2172109	.1750314	0
1105.15	0	.6068833	.2177652	.1753515	0
1104.15	0	.6060125	.2183167	.1756709	0
1103.15	0	.6051452	.2188654	.1759894	0
1102.15	0	.6042815	.2194113	.1763072	0
1101.15	0	.6034214	.2199544	.1766242	0
1100.15	0	.6025648	.2204947	.1769405	0
1099.15	0	.6017117	.2210323	.177256	0
1098.15	0	.6008623	.2215671	.1775707	0
1097.15	0	.6000164	.222099	.1778846	0
1096.15	0	.5991741	.2226282	.1781977	0
1095.15	0	.5983353	.2231545	.1785101	0
1094.15	0	.5975002	.2236781	.1788218	0
1093.15	0	.5966686	.2241988	.1791326	0
1092.15	0	.5958406	.2247167	.1794427	0
1091.15	0	.5950162	.2252317	.1797521	0
1090.15	0	.5941954	.225744	.1800606	0
1089.15	0	.5933782	.2262534	.1803685	0
1088.15	0	.5925645	.22676	.1806755	0
1087.15	0	.5917545	.2272637	.1809818	0
1086.15	0	.5909481	.2277645	.1812874	0
1085.15	0	.5901453	.2282626	.1815922	0
1084.15	0	.5893461	.2287577	.1818962	0
1083.15	0	.5885505	.22925	.1821995	0
1082.15	0	.5877586	.2297394	.182502	0
1081.15	0	.5869702	.230226	.1828038	0
1080.15	0	.5861855	.2307096	.1831049	0
1079.15	0	.5854044	.2311904	.1834052	0
1078.15	0	.584627	.2316683	.1837047	0
1077.15	0	.5838532	.2321433	.1840035	0
1076.15	0	.583083	.2326154	.1843016	0
1075.15	0	.5823165	.2330846	.1845989	0
1074.15	0	.5815536	.2335509	.1848955	0
1073.15	0	.5807944	.2340143	.1851913	0
1072.15	0	.5800388	.2344748	.1854864	0
1071.15	0	.5792869	.2349323	.1857808	0
1070.15	0	.5785387	.2353869	.1860744	0
1069.15	0	.5777942	.2358385	.1863673	0
1068.15	0	.5770533	.2362872	.1866595	0
1067.15	0	.5763161	.236733	.1869509	0
1066.15	0	.5755826	.2371758	.1872416	0
1065.15	0	.5748528	.2376157	.1875315	0
1064.15	0	.5741267	.2380526	.1878207	0
1063.15	0	.5734043	.2384865	.1881092	0
1062.15	0	.5726856	.2389174	.188397	0
1061.15	0	.5719706	.2393454	.188684	0
1060.15	0	.5712594	.2397703	.1889703	0
1059.15	0	.5705518	.2401923	.1892559	0
1058.15	0	.569848	.2406113	.1895407	0
1057.15	0	.5691479	.2410272	.1898248	0
1056.15	0	.5684516	.2414402	.1901082	0
1055.15	0	.567759	.2418501	.1903909	0
1054.15	0	.5670702	.242257	.1906728	0
1053.15	0	.5663851	.2426609	.190954	0
1052.15	0	.5657038	.2430617	.1912345	0
1051.15	0	.5650262	.2434595	.1915142	0
1050.15	0	.5643525	.2438543	.1917933	0
1049.15	0	.5636825	.2442459	.1920716	0
1048.15	0	.5630163	.2446346	.1923492	0
1047.15	0	.5623538	.2450201	.1926261	0
1046.15	0	.5616952	.2454026	.1929022	0
1045.15	0	.5610404	.245782	.1931776	0
1044.15	0	.5603894	.2461583	.1934523	0
1043.15	0	.5597422	.2465315	.1937263	0
1042.15	0	.5590989	.2469016	.1939995	0
1041.15	0	.5584593	.2472686	.1942721	0
1040.15	0	.5578237	.2476325	.1945439	0
1039.15	0	.5571918	.2479932	.194815	0
1038.15	0	.5565638	.2483509	.1950853	0
1037.15	0	.5559397	.2487054	.195355	0
1036.15	0	.5553194	.2490567	.1956239	0
1035.15	0	.554703	.2494049	.1958921	0
1034.15	0	.5540904	.24975	.1961596	0
1033.15	0	.5534818	.2500919	.1964263	0
1032.15	0	.552877	.2504306	.1966924	0
1031.15	0	.5522761	.2507662	.1969577	0
1030.15	0	.5516792	.2510985	.1972223	0
1029.15	0	.5510861	.2514277	.1974862	0
1028.15	0	.550497	.2517537	.1977493	0
1027.15	0	.5499118	.2520765	.1980117	0
1026.15	0	.5493305	.2523961	.1982734	0
1025.15	0	.5487531	.2527125	.1985344	0
1024.15	0	.5481797	.2530256	.1987947	0
1023.15	0	.5476103	.2533356	.1990542	0
1022.15	0	.5470448	.2536422	.199313	0
1021.15	0	.5464833	.2539457	.199571	0
1020.15	0	.5459257	.2542459	.1998284	0
1019.15	0	.5453722	.2545428	.200085	0
1018.15	0	.5448226	.2548365	.2003409	0
1017.15	0	.544277	.2551269	.2005961	0
1016.15	0	.5437354	.2554141	.2008505	0
1015.15	0	.5431978	.255698	.2011042	0
1014.15	0	.5426643	.2559785	.2013572	0
1013.15	0	.5421347	.2562558	.2016094	0
1012.15	0	.5416093	.2565298	.2018609	0
1011.15	0	.5410878	.2568005	.2021117	0
1010.15	0	.5405704	.2570679	.2023617	0
1009.15	0	.540057	.2573319	.202611	0
1008.15	0	.5395477	.2575927	.2028596	0
1007.15	0	.5390425	.2578501	.2031074	0
1006.15	0	.5385413	.2581042	.2033545	0
1005.15	0	.5380443	.2583549	.2036008	0
1004.15	0	.5375513	.2586023	.2038465	0
1003.15	0	.5370624	.2588463	.2040913	0
1002.15	0	.5365776	.259087	.2043354	0
1001.15	0	.536097	.2593243	.2045788	0
1000.15	0	.5356204	.2595582	.2048214	0
999.15	0	.535148	.2597888	.2050633	0
998.15	0	.5346797	.2600159	.2053044	0
997.15	0	.5342155	.2602397	.2055448	0
996.15	0	.5337555	.2604601	.2057844	0
995.15	0	.5332997	.2606771	.2060232	0
994.15	0	.532848	.2608908	.2062613	0
993.15	0	.5324004	.2611009	.2064986	0
992.15	0	.5319571	.2613077	.2067352	0
991.15	0	.5315179	.2615111	.206971	0
990.15	0	.5310829	.2617111	.207206	0
989.15	0	.5306521	.2619076	.2074403	0
988.15	0	.5302255	.2621007	.2076738	0
987.15	0	.5298031	.2622904	.2079065	0
986.15	0	.5293849	.2624766	.2081385	0
985.15	0	.528971	.2626594	.2083696	0
984.15	0	.5285612	.2628387	.2086	0
983.15	0	.5281557	.2630147	.2088296	0
982.15	0	.5277544	.2631871	.2090585	0
981.15	0	.5273574	.2633561	.2092865	0
980.15	0	.5269646	.2635216	.2095137	0
979.15	0	.5265761	.2636837	.2097402	0
978.15	0	.5261918	.2638424	.2099658	0
977.15	0	.5258118	.2639975	.2101907	0
976.15	0	.525436	.2641492	.2104147	0
975.15	0	.5250646	.2642975	.210638	0
974.15	0	.5246974	.2644423	.2108604	0
973.15	0	.5243344	.2645836	.211082	0
972.15	0	.5239758	.2647214	.2113028	0
971.15	0	.5236215	.2648558	.2115228	0
970.15	0	.5232714	.2649866	.211742	0
969.15	0	.5229256	.2651141	.2119603	0
968.15	0	.5225842	.265238	.2121778	0
967.15	0	.522247	.2653585	.2123945	0
966.15	0	.5219142	.2654756	.2126103	0
965.15	0	.5215856	.2655891	.2128253	0
964.15	0	.5212614	.2656992	.2130394	0
963.15	0	.5209415	.2658058	.2132527	0
962.15	0	.5206259	.265909	.2134651	0
961.15	0	.5203146	.2660087	.2136767	0
960.15	0	.5200076	.266105	.2138874	0
959.15	0	.5197049	.2661978	.2140973	0
958.15	0	.5194066	.2662871	.2143063	0
957.15	0	.5191126	.2663731	.2145144	0
956.15	0	.5188229	.2664555	.2147216	0
955.15	0	.5185375	.2665346	.2149279	0
954.15	0	.5182564	.2666102	.2151333	0
953.15	0	.5179797	.2666824	.2153379	0
952.15	0	.5177073	.2667512	.2155415	0
951.15	0	.5174391	.2668166	.2157442	0
950.15	0	.5171753	.2668786	.2159461	0
949.15	0	.5169158	.2669372	.216147	0
948.15	0	.5166606	.2669924	.2163469	0
947.15	0	.5164097	.2670443	.2165459	0
946.15	0	.5161631	.2670928	.2167441	0
945.15	0	.5159208	.267138	.2169412	0
944.15	0	.5156828	.2671798	.2171374	0
943.15	0	.5154491	.2672183	.2173327	0
942.15	0	.5152196	.2672534	.217527	0
941.15	0	.5149944	.2672853	.2177203	0
940.15	0	.5147735	.2673139	.2179126	0
939.15	0	.5145568	.2673392	.218104	0
938.15	0	.5143443	.2673613	.2182944	0
937.15	0	.5141361	.2673801	.2184838	0
936.15	0	.5139321	.2673958	.2186721	0
935.15	0	.5137324	.2674082	.2188595	0
934.15	0	.5135368	.2674174	.2190458	0
933.15	0	.5133454	.2674235	.2192311	0
932.15	0	.5131582	.2674264	.2194154	0
931.15	0	.5129752	.2674262	.2195986	0
930.15	0	.5127963	.2674229	.2197808	0
929.15	0	.5126215	.2674166	.2199619	0
928.15	0	.5124509	.2674072	.220142	0
927.15	0	.5122844	.2673947	.2203209	0
926.15	0	.5121219	.2673793	.2204988	0
925.15	0	.5119635	.2673609	.2206756	0
924.15	0	.5118092	.2673395	.2208513	0
923.15	0	.5116589	.2673153	.2210258	0
922.15	0	.5115126	.2672882	.2211993	0
921.15	0	.5113703	.2672582	.2213716	0
920.15	0	.5112319	.2672254	.2215427	0
919.15	0	.5110975	.2671899	.2217127	0
918.15	0	.5109669	.2671516	.2218815	0
917.15	0	.5108403	.2671106	.2220491	0
916.15	0	.5107175	.2670669	.2222156	0
915.15	0	.5105986	.2670206	.2223808	0
914.15	0	.5104834	.2669717	.2225449	0
913.15	0	.510372	.2669203	.2227077	0
912.15	0	.5102644	.2668664	.2228692	0
911.15	0	.5101604	.2668101	.2230295	0
910.15	0	.5100601	.2667513	.2231886	0
909.15	0	.5099635	.2666902	.2233463	0
908.15	0	.5098704	.2666268	.2235028	0
907.15	0	.5097809	.2665612	.223658	0
906.15	0	.5096948	.2664934	.2238118	0
905.15	0	.5096123	.2664234	.2239643	0
904.15	0	.5095331	.2663514	.2241155	0
903.15	0	.5094574	.2662773	.2242653	0
902.15	0	.5093849	.2662014	.2244137	0
901.15	0	.5093158	.2661235	.2245607	0
900.15	0	.5092499	.2660438	.2247063	0
899.15	0	.5091871	.2659624	.2248505	0
898.15	0	.5091275	.2658793	.2249932	0
897.15	0	.5090709	.2657946	.2251345	0
896.15	0	.5090173	.2657084	.2252743	0
895.15	0	.5089667	.2656208	.2254126	0
894.15	0	.5089189	.2655318	.2255493	0
893.15	0	.508874	.2654415	.2256845	0
892.15	0	.5088318	.26535	.2258182	0
891.15	0	.5087923	.2652575	.2259503	0
890.15	0	.5087554	.2651639	.2260807	0
889.15	0	.508721	.2650694	.2262096	0
888.15	0	.508689	.2649742	.2263368	0
887.15	0	.5086595	.2648782	.2264623	0
886.15	0	.5086322	.2647817	.2265861	0
885.15	0	.5086071	.2646846	.2267083	0
884.15	0	.5085842	.2645872	.2268286	0
883.15	0	.5085632	.2644896	.2269472	0
882.15	0	.5085442	.2643918	.227064	0
881.15	0	.508527	.2642941	.227179	0
880.15	0	.5085115	.2641964	.2272921	0
879.15	0	.5084976	.2640991	.2274033	0
878.15	0	.5084852	.2640021	.2275127	0
877.15	0	.5084742	.2639057	.22762	0
876.15	0	.5084645	.2638101	.2277254	0
875.15	0	.508456	.2637153	.2278288	0
874.15	0	.5084484	.2636215	.2279301	0
873.15	0	.5084418	.2635289	.2280293	0
872.15	0	.5084358	.2634377	.2281264	0
871.15	0	.5084305	.2633481	.2282214	0
870.15	0	.5084257	.2632602	.2283141	0
869.15	0	.5084211	.2631743	.2284046	0
868.15	0	.5084167	.2630905	.2284928	0
867.15	0	.5084123	.2630091	.2285786	0
866.15	0	.5084076	.2629303	.2286621	0
865.15	0	.5084026	.2628544	.2287431	0
864.15	0	.508397	.2627815	.2288216	0
863.15	0	.5083906	.2627119	.2288975	0
862.15	0	.5083832	.262646	.2289708	0
861.15	0	.5083746	.2625839	.2290415	0
860.15	0	.5083646	.262526	.2291094	0
859.15	0	.5083529	.2624726	.2291745	0
858.15	0	.5083393	.262424	.2292367	0
857.15	0	.5083234	.2623806	.229296	0
856.15	0	.5083051	.2623427	.2293522	0
855.15	0	.5082841	.2623107	.2294053	0
854.15	0	.5082599	.262285	.2294551	0
853.15	0	.5082323	.262266	.2295017	0
852.15	0	.508201	.2622542	.2295448	0
851.15	0	.5081655	.2622501	.2295844	0
850.15	0	.5081255	.2622541	.2296204	0
849.15	0	.5080805	.2622669	.2296525	0
848.15	0	.5080302	.2622891	.2296808	0
847.15	0	.5079739	.2623211	.229705	0
846.15	0	.5079112	.2623638	.229725	0
845.15	0	.5078415	.2624179	.2297406	0
844.15	0	.5077642	.2624841	.2297517	0
843.15	0	.5076787	.2625633	.229758	0
842.15	0	.5075314	.2627214	.2297472	0
841.15	0	.5070549	.2632885	.2296566	0
840.15	0	.5066275	.2638008	.2295718	0
839.15	0	.5062448	.2642631	.2294921	0
838.15	0	.5059031	.2646799	.229417	0
837.15	0	.505599	.265055	.229346	0
836.15	0	.5053295	.2653919	.2292787	0
835.15	0	.5050918	.2656936	.2292147	0
834.15	0	.5048835	.2659628	.2291537	0
833.15	0	.5047024	.2662021	.2290955	0
832.15	0	.5045464	.2664138	.2290398	0
831.15	0	.5044139	.2665998	.2289863	0
830.15	0	.504303	.2667621	.2289349	0
829.15	0	.5042123	.2669023	.2288853	0
828.15	0	.5041403	.2670221	.2288376	0
827.15	0	.5040858	.2671229	.2287913	0
826.15	0	.5040475	.267206	.2287466	0
825.15	0	.5040242	.2672726	.2287032	0
824.15	0	.5040151	.2673239	.228661	0
823.15	0	.504019	.267361	.22862	0
822.15	0	.5040352	.2673848	.22858	0
821.15	0	.5040628	.2673962	.228541	0
820.15	0	.5041009	.2673962	.2285029	0
819.15	0	.5041489	.2673855	.2284656	0
818.15	0	.5042062	.2673648	.2284291	0
817.15	0	.5042719	.2673348	.2283933	0
816.15	0	.5043457	.2672962	.2283581	0
815.15	0	.5044268	.2672496	.2283236	0
814.15	0	.5045148	.2671956	.2282896	0
813.15	0	.5046092	.2671347	.2282561	0
812.15	0	.5047095	.2670673	.2282231	0
811.15	0	.5048153	.2669941	.2281906	0
810.15	0	.5049262	.2669153	.2281585	0
809.15	0	.5050418	.2668314	.2281268	0
808.15	0	.5051617	.2667429	.2280954	0
807.15	0	.5052856	.26665	.2280643	0
806.15	0	.5054132	.2665532	.2280336	0
805.15	0	.5055441	.2664527	.2280031	0
804.15	0	.5056781	.2663489	.227973	0
803.15	0	.505815	.266242	.227943	0
802.15	0	.5059543	.2661324	.2279133	0
801.15	0	.5060961	.2660202	.2278838	0
800.15	0	.5062398	.2659057	.2278545	0
799.15	0	.5063855	.2657891	.2278253	0
798.15	0	.5065329	.2656707	.2277964	0
797.15	0	.5066818	.2655507	.2277675	0
796.15	0	.506832	.2654292	.2277388	0
795.15	0	.5069833	.2653065	.2277103	0
794.15	0	.5071356	.2651826	.2276818	0
793.15	0	.5072888	.2650577	.2276535	0
792.15	0	.5074426	.2649321	.2276253	0
791.15	0	.5075971	.2648059	.2275971	0
790.15	0	.5077519	.264679	.227569	0
789.15	0	.5079072	.2645518	.227541	0
788.15	0	.5080626	.2644244	.2275131	0
787.15	0	.5082181	.2642967	.2274852	0
786.15	0	.5083737	.264169	.2274574	0
785.15	0	.5085292	.2640413	.2274296	0
784.15	0	.5086845	.2639137	.2274018	0
783.15	0	.5088396	.2637864	.2273741	0
782.15	0	.5089943	.2636593	.2273464	0
781.15	0	.5091487	.2635326	.2273187	0
780.15	0	.5093026	.2634063	.2272911	0
779.15	0	.509456	.2632806	.2272635	0
778.15	0	.5096088	.2631554	.2272358	0
777.15	0	.509761	.2630308	.2272082	0
776.15	0	.5099125	.262907	.2271806	0
775.15	0	.5100632	.2627838	.227153	0
774.15	0	.5102132	.2626615	.2271254	0
773.15	0	.5103623	.2625399	.2270977	0
772.15	0	.5105106	.2624193	.2270701	0
771.15	0	.510658	.2622995	.2270425	0
770.15	0	.5108045	.2621808	.2270148	0
769.15	0	.5109499	.2620629	.2269871	0
768.15	0	.5110944	.2619461	.2269594	0
767.15	0	.5112379	.2618304	.2269317	0
766.15	0	.5113804	.2617157	.226904	0
765.15	0	.5115217	.2616021	.2268762	0
764.15	0	.511662	.2614896	.2268484	0
763.15	0	.5118012	.2613783	.2268206	0
762.15	0	.5119392	.2612681	.2267927	0
761.15	0	.5120761	.2611591	.2267648	0
760.15	0	.5122119	.2610512	.2267369	0
759.15	0	.5123465	.2609446	.226709	0
758.15	0	.5124799	.2608392	.226681	0
757.15	0	.5126121	.260735	.2266529	0
756.15	0	.5127431	.2606321	.2266249	0
755.15	0	.5128729	.2605304	.2265968	0
754.15	0	.5130015	.2604299	.2265686	0
753.15	0	.5131288	.2603307	.2265404	0
752.15	0	.513255	.2602328	.2265122	0
751.15	0	.5133799	.2601362	.2264839	0
750.15	0	.5135035	.2600408	.2264556	0
749.15	0	.513626	.2599468	.2264273	0
748.15	0	.5137472	.259854	.2263989	0
747.15	0	.5138671	.2597625	.2263704	0
746.15	0	.5139858	.2596723	.2263419	0
745.15	0	.5141033	.2595833	.2263134	0
744.15	0	.5142195	.2594957	.2262848	0
743.15	0	.5143345	.2594093	.2262561	0
742.15	0	.5144483	.2593242	.2262275	0
741.15	0	.5145608	.2592404	.2261987	0
740.15	0	.5146721	.2591579	.22617	0
739.15	0	.5147822	.2590767	.2261411	0
738.15	0	.514891	.2589967	.2261123	0
737.15	0	.515001	.2589163	.2260827	0
736.15	0	.5151073	.258839	.2260538	0
735.15	0	.5152123	.2587629	.2260248	0
734.15	0	.5153161	.2586881	.2259958	0
733.15	0	.5154188	.2586145	.2259667	0
732.15	0	.5155202	.2585422	.2259375	0
731.15	0	.5156205	.2584711	.2259084	0
730.15	0	.5157196	.2584012	.2258791	0
729.15	0	.5158176	.2583326	.2258498	0
728.15	0	.5159144	.2582651	.2258205	0
727.15	0	.51601	.2581989	.2257911	0
726.15	0	.5161045	.2581339	.2257617	0
725.15	0	.5161978	.25807	.2257321	0
724.15	0	.5162901	.2580073	.2257026	0
723.15	0	.5163811	.2579458	.225673	0
722.15	0	.5164711	.2578855	.2256434	0
721.15	0	.51656	.2578264	.2256137	0
720.15	0	.5166477	.2577683	.2255839	0
719.15	0	.5167344	.2577115	.2255541	0
718.15	0	.51682	.2576558	.2255243	0
717.15	0	.5169045	.2576012	.2254944	0
716.15	0	.5169879	.2575477	.2254644	0
715.15	0	.5170703	.2574953	.2254344	0
714.15	0	.5171516	.2574441	.2254044	0
713.15	0	.5172318	.2573939	.2253743	0
712.15	0	.517311	.2573448	.2253442	0
711.15	0	.5173892	.2572968	.225314	0
710.15	0	.5174664	.2572499	.2252837	0
709.15	0	.5175425	.2572041	.2252534	0
708.15	0	.5176176	.2571593	.2252231	0
707.15	0	.5176918	.2571155	.2251927	0
706.15	0	.5177649	.2570728	.2251623	0
705.15	0	.5178371	.2570311	.2251319	0
704.15	0	.5179083	.2569904	.2251014	0
703.15	0	.5179785	.2569507	.2250708	0
702.15	0	.5180478	.256912	.2250402	0
701.15	0	.5181161	.2568744	.2250096	0
700.15	0	.5181835	.2568377	.2249789	0
699.15	0	.5182499	.2568019	.2249482	0
698.15	0	.5183154	.2567672	.2249174	0
697.15	0	.51838	.2567334	.2248866	0
696.15	0	.5184437	.2567005	.2248557	0
695.15	0	.5185066	.2566686	.2248248	0
694.15	0	.5185685	.2566376	.2247939	0
693.15	0	.5186295	.2566076	.2247629	0
692.15	0	.5186897	.2565784	.2247319	0
691.15	0	.5187489	.2565502	.2247009	0
690.15	0	.5188074	.2565229	.2246698	0
689.15	0	.518865	.2564964	.2246386	0
688.15	0	.5189217	.2564708	.2246075	0
687.15	0	.5189776	.2564461	.2245763	0
686.15	0	.5190327	.2564223	.224545	0
685.15	0	.519087	.2563993	.2245138	0
684.15	0	.5191404	.2563771	.2244825	0
683.15	0	.5191931	.2563558	.2244511	0
682.15	0	.5192449	.2563354	.2244197	0
681.15	0	.519296	.2563157	.2243883	0
680.15	0	.5193463	.2562969	.2243569	0
679.15	0	.5193958	.2562788	.2243254	0
678.15	0	.5194446	.2562616	.2242939	0
677.15	0	.5194926	.2562451	.2242623	0
676.15	0	.5195398	.2562294	.2242307	0
675.15	0	.5195863	.2562145	.2241991	0
674.15	0	.5196321	.2562004	.2241675	0
673.15	0	.5196772	.256187	.2241358	0
672.15	0	.5197215	.2561744	.2241041	0
671.15	0	.5197651	.2561625	.2240724	0
670.15	0	.519808	.2561513	.2240407	0
669.15	0	.5198502	.2561409	.2240089	0
668.15	0	.5198918	.2561312	.2239771	0
667.15	0	.5199326	.2561222	.2239452	0
666.15	0	.5199728	.2561139	.2239134	0
665.15	0	.5200123	.2561063	.2238815	0
664.15	0	.5200511	.2560994	.2238496	0
663.15	0	.5200893	.2560931	.2238176	0
662.15	0	.5201268	.2560876	.2237857	0
661.15	0	.5201637	.2560827	.2237537	0
660.15	0	.5201999	.2560784	.2237217	0
659.15	0	.5202355	.2560749	.2236896	0
658.15	0	.5202705	.2560719	.2236576	0
657.15	0	.5203049	.2560696	.2236255	0
656.15	0	.5203386	.2560679	.2235934	0
655.15	0	.5203718	.2560669	.2235613	0
654.15	0	.5204043	.2560665	.2235292	0
653.15	0	.5204363	.2560667	.223497	0
652.15	0	.5204677	.2560675	.2234649	0
651.15	0	.5204985	.2560689	.2234327	0
650.15	0	.5205287	.2560708	.2234005	0
649.15	0	.5205583	.2560734	.2233683	0
648.15	0	.5205874	.2560766	.223336	0
647.15	0	.520616	.2560803	.2233038	0
646.15	0	.5206439	.2560845	.2232715	0
645.15	0	.5206714	.2560894	.2232392	0
644.15	0	.5206983	.2560948	.223207	0
643.15	0	.5207246	.2561007	.2231747	0
642.15	0	.5207505	.2561072	.2231423	0
641.15	0	.5207758	.2561142	.22311	0
640.15	0	.5208006	.2561218	.2230777	0
639.15	0	.5208249	.2561298	.2230453	0
638.15	0	.5208487	.2561384	.223013	0
637.15	0	.5208719	.2561475	.2229806	0
636.15	0	.5208947	.2561571	.2229482	0
635.15	0	.520917	.2561672	.2229158	0
634.15	0	.5209388	.2561777	.2228834	0
633.15	0	.5209601	.2561888	.222851	0
632.15	0	.520981	.2562004	.2228186	0
631.15	0	.5210014	.2562124	.2227862	0
630.15	0	.5210213	.2562249	.2227538	0
629.15	0	.5210407	.2562379	.2227214	0
628.15	0	.5210598	.2562513	.222689	0
627.15	0	.5210783	.2562651	.2226566	0
626.15	0	.5210964	.2562795	.2226241	0
625.15	0	.5211141	.2562942	.2225917	0
624.15	0	.5211313	.2563094	.2225593	0
623.15	0	.5211481	.2563251	.2225268	0
622.15	0	.5211645	.2563411	.2224944	0
621.15	0	.5211804	.2563576	.222462	0
620.15	0	.5211959	.2563745	.2224295	0
619.15	0	.5212111	.2563918	.2223971	0
618.15	0	.5212258	.2564096	.2223647	0
617.15	0	.5212401	.2564277	.2223323	0
616.15	0	.521254	.2564462	.2222998	0
615.15	0	.5212675	.2564651	.2222674	0
614.15	0	.5212806	.2564844	.222235	0
613.15	0	.5212934	.256504	.2222026	0
612.15	0	.5213057	.2565241	.2221702	0
611.15	0	.5213177	.2565445	.2221378	0
610.15	0	.5213293	.2565653	.2221054	0
609.15	0	.5213405	.2565865	.222073	0
608.15	0	.5213514	.256608	.2220407	0
607.15	0	.5213619	.2566298	.2220083	0
606.15	0	.521372	.256652	.221976	0
605.15	0	.5213818	.2566746	.2219436	0
604.15	0	.5213912	.2566975	.2219113	0
603.15	0	.5214003	.2567207	.221879	0
602.15	0	.5214091	.2567443	.2218467	0
601.15	0	.5214175	.2567682	.2218144	0
600.15	0	.5214256	.2567924	.2217821	0
599.15	0	.5214333	.2568169	.2217498	0
598.15	0	.5214407	.2568417	.2217176	0
597.15	0	.5214478	.2568669	.2216853	0
596.15	0	.5214546	.2568923	.2216531	0
595.15	0	.521461	.2569181	.2216209	0
594.15	0	.5214671	.2569441	.2215887	0
593.15	0	.521473	.2569705	.2215565	0
592.15	0	.5214785	.2569971	.2215244	0
591.15	0	.5214837	.257024	.2214923	0
590.15	0	.5214886	.2570512	.2214602	0
589.15	0	.5214933	.2570787	.2214281	0
588.15	0	.5214976	.2571064	.221396	0
587.15	0	.5215016	.2571344	.221364	0
586.15	0	.5215054	.2571627	.2213319	0
585.15	0	.5215089	.2571912	.2212999	0
584.15	0	.5215121	.25722	.2212679	0
583.15	0	.521515	.257249	.221236	0
582.15	0	.5215176	.2572783	.2212041	0
581.15	0	.52152	.2573079	.2211721	0
580.15	0	.5215221	.2573377	.2211403	0
579.15	0	.5215239	.2573677	.2211084	0
578.15	0	.5215255	.2573979	.2210766	0
577.15	0	.5215268	.2574284	.2210448	0
576.15	0	.5215279	.2574591	.221013	0
575.15	0	.5215287	.25749	.2209813	0
574.15	0	.5215293	.2575212	.2209495	0
573.15	0	.5215296	.2575525	.2209179	0
572.15	0	.5215297	.2575841	.2208862	0
571.15	0	.5215295	.2576159	.2208546	0
570.15	0	.5215291	.2576479	.220823	0
569.15	0	.5215285	.2576801	.2207914	0
568.15	0	.5215276	.2577125	.2207599	0
567.15	0	.5215265	.2577451	.2207284	0
566.15	0	.5215252	.2577778	.220697	0
565.15	0	.5215237	.2578108	.2206655	0
564.15	0	.5215219	.2578439	.2206342	0
563.15	0	.5215199	.2578773	.2206028	0
562.15	0	.5215177	.2579108	.2205715	0
561.15	0	.5215153	.2579445	.2205402	0
560.15	0	.5215127	.2579784	.220509	0
559.15	0	.5215098	.2580124	.2204778	0
558.15	0	.5215068	.2580466	.2204466	0
557.15	0	.5215036	.2580809	.2204155	0
556.15	0	.5215001	.2581155	.2203844	0
555.15	0	.5214965	.2581501	.2203534	0
554.15	0	.5214926	.258185	.2203224	0
553.15	0	.5214886	.2582199	.2202914	0
552.15	0	.5214844	.2582551	.2202605	0
551.15	0	.52148	.2582903	.2202297	0
550.15	0	.5214754	.2583258	.2201988	0
549.15	0	.5214706	.2583613	.2201681	0
548.15	0	.5214657	.258397	.2201373	0
547.15	0	.5214605	.2584328	.2201066	0
546.15	0	.5214552	.2584688	.220076	0
545.15	0	.5214497	.2585049	.2200454	0
544.15	0	.5214441	.2585411	.2200149	0
543.15	0	.5214382	.2585774	.2199844	0
542.15	0	.5214323	.2586138	.2199539	0
541.15	0	.5214261	.2586504	.2199235	0
540.15	0	.5214198	.2586871	.2198932	0
539.15	0	.5214133	.2587238	.2198629	0
538.15	0	.5214067	.2587607	.2198326	0
537.15	0	.5213998	.2587977	.2198024	0
536.15	0	.5213929	.2588348	.2197723	0
535.15	0	.5213858	.258872	.2197422	0
534.15	0	.5213785	.2589093	.2197122	0
533.15	0	.5213711	.2589467	.2196822	0
532.15	0	.5213636	.2589842	.2196522	0
531.15	0	.5213559	.2590217	.2196224	0
530.15	0	.521348	.2590594	.2195926	0
529.15	0	.52134	.2590972	.2195628	0
528.15	0	.5213319	.259135	.2195331	0
527.15	0	.5213237	.2591729	.2195035	0
526.15	0	.5213153	.2592109	.2194739	0
525.15	0	.5213068	.2592489	.2194443	0
524.15	0	.5212981	.259287	.2194149	0
523.15	0	.5212893	.2593252	.2193855	0
522.15	0	.5212804	.2593635	.2193561	0
521.15	0	.5212714	.2594018	.2193268	0
520.15	0	.5212622	.2594402	.2192976	0
519.15	0	.5212529	.2594786	.2192684	0
518.15	0	.5212435	.2595171	.2192394	0
517.15	0	.521234	.2595557	.2192103	0
516.15	0	.5212244	.2595943	.2191813	0
515.15	0	.5212146	.259633	.2191524	0
514.15	0	.5212047	.2596717	.2191236	0
513.15	0	.5211948	.2597104	.2190948	0
512.15	0	.5211847	.2597492	.2190661	0
511.15	0	.5211745	.2597881	.2190375	0
510.15	0	.5211642	.2598269	.2190089	0
509.15	0	.5211538	.2598659	.2189804	0
508.15	0	.5211433	.2599048	.2189519	0
507.15	0	.5211327	.2599438	.2189236	0
506.15	0	.5211219	.2599828	.2188953	0
505.15	0	.5211111	.2600218	.218867	0
504.15	0	.5211002	.2600609	.2188389	0
503.15	0	.5210892	.2601	.2188108	0
502.15	0	.5210781	.2601391	.2187828	0
501.15	0	.521067	.2601782	.2187548	0
500.15	0	.5210557	.2602174	.2187269	0
499.15	0	.5210443	.2602566	.2186991	0
498.15	0	.5210328	.2602957	.2186714	0
497.15	0	.5210213	.2603349	.2186438	0
496.15	0	.5210097	.2603741	.2186162	0
495.15	0	.520998	.2604133	.2185887	0
494.15	0	.5209862	.2604526	.2185613	0
493.15	0	.5209743	.2604918	.2185339	0
492.15	0	.5209624	.260531	.2185066	0
491.15	0	.5209505	.2605702	.2184793	0
490.15	0	.5209384	.2606094	.2184522	0
489.15	0	.5209262	.2606486	.2184252	0
488.15	0	.520914	.2606878	.2183982	0
487.15	0	.5209017	.260727	.2183713	0
487.1325	0	.5209014	.2607277	.2183708	0
487.1325	0	.5209014	.2607277	.2183708	0
487.1325	0	.5209014	.2607277	.2183708	0
486.15	0	.5211446	.2601861	.2180672	6.021589E-04
485.15	0	.5213908	.2596367	.217759	.001213574
484.15	0	.5216356	.2590893	.2174516	.001823517
483.15	0	.5218792	.2585438	.217145	.002432001
482.15	0	.5221215	.2580003	.2168391	.00303904
481.15	0	.5223626	.2574586	.2165341	.003644645
480.15	0	.5226025	.2569188	.2162299	.00424883
479.15	0	.5228411	.2563808	.2159265	.004851607
478.15	0	.5230786	.2558446	.2156238	.00545299
477.15	0	.5233149	.2553102	.2153219	.006052989
476.15	0	.52355	.2547776	.2150208	.006651619
475.15	0	.5237839	.2542468	.2147204	.00724889
474.15	0	.5240168	.2537176	.2144208	.007844815
473.15	0	.5242485	.2531902	.2141219	.008439406
472.15	0	.5244791	.2526644	.2138238	.009032674
471.15	0	.5247086	.2521403	.2135264	.009624632
470.15	0	.5249371	.2516179	.2132298	.01021529
469.15	0	.5251645	.251097	.2129338	.01080466
468.15	0	.5253909	.2505777	.2126386	.01139276
467.15	0	.5256162	.2500601	.2123441	.01197959
466.15	0	.5258405	.249544	.2120504	.01256516
465.15	0	.5260638	.2490294	.2117573	.0131495
464.15	0	.5262862	.2485163	.2114649	.0137326
463.15	0	.5265076	.2480047	.2111732	.01431448
462.15	0	.526728	.2474947	.2108822	.01489515
461.15	0	.5269474	.246986	.2105919	.01547462
460.15	0	.527166	.2464788	.2103023	.0160529
459.15	0	.5273836	.2459731	.2100134	.01663001
458.15	0	.5276003	.2454687	.2097251	.01720594
457.15	0	.5278161	.2449657	.2094375	.01778072
456.15	0	.5280311	.2444641	.2091505	.01835435
455.15	0	.5282451	.2439638	.2088642	.01892684
454.15	0	.5284584	.2434648	.2085786	.01949821
453.15	0	.5286707	.2429672	.2082936	.02006845
452.15	0	.5288823	.2424709	.2080093	.02063759
451.15	0	.529093	.2419758	.2077256	.02120563
450.15	0	.5293029	.241482	.2074425	.02177259
449.15	0	.5295121	.2409894	.2071601	.02233847
448.15	0	.5297205	.240498	.2068783	.02290329
447.15	0	.5299281	.2400078	.2065971	.02346705
446.15	0	.5301349	.2395188	.2063165	.02402976
445.15	0	.530341	.2390309	.2060366	.02459144
444.15	0	.5305465	.2385442	.2057572	.02515209
443.15	0	.5307511	.2380586	.2054785	.02571172
