T	 BPW(LIQUID)	BPW(BCC_A2)	BPW(FCC_A1)	BPW(LAVES_PHASE_C14)	BPW(NI3TI)
1473.15	.1008463	.6321397	0	.2670141	0
1472.15	.09635813	.6350178	0	.2686241	0
1471.15	.0919545	.6378376	0	.2702079	0
1470.15	.08763312	.6406007	0	.2717662	0
1469.15	.08339182	.6433084	0	.2732998	0
1468.15	.07922853	.6459623	0	.2748092	0
1467.15	.07514121	.6485636	0	.2762951	0
1466.15	.07112791	.6511139	0	.2777582	0
1465.15	.06718673	.6536142	0	.2791991	0
1464.15	.06331586	.6560659	0	.2806182	0
1463.15	.05951353	.6584702	0	.2820163	0
1462.15	.05577802	.6608283	0	.2833937	0
1461.15	.05210768	.6631412	0	.2847511	0
1460.15	.0485009	.6654102	0	.2860889	0
1459.15	.04495613	.6676362	0	.2874077	0
1458.15	.04147187	.6698203	0	.2887079	0
1457.15	.03804666	.6719634	0	.2899899	0
1456.15	.03467909	.6740666	0	.2912543	0
1455.15	.03136779	.6761308	0	.2925015	0
1454.15	.02811143	.6781568	0	.2937318	0
1453.15	.02490873	.6801456	0	.2949456	0
1453.075	.02467156	.6802928	0	.2950357	0
1453.075	.02467156	.6802928	0	.2950357	0
1453.075	.02467156	.6802928	0	.2950357	0
1452.15	.01303866	.6692402	.01887249	.2988486	0
1451.15	7.072019E-04	.6576369	.03879692	.302859	0
1451.092	0	.6569751	.03993699	.303088	0
1451.092	0	.6569751	.03993699	.303088	0
1450.15	0	.6543388	.04210252	.3035587	0
1449.15	0	.6515475	.04439605	.3040564	0
1448.15	0	.6487637	.0466842	.3045522	0
1447.15	0	.6459871	.04896698	.3050459	0
1446.15	0	.643218	.0512444	.3055376	0
1445.15	0	.6404561	.05351647	.3060274	0
1444.15	0	.6377016	.0557832	.3065152	0
1443.15	0	.6349543	.05804459	.3070011	0
1442.15	0	.6322144	.06030065	.307485	0
1441.15	0	.6294816	.0625514	.307967	0
1440.15	0	.6267561	.06479684	.308447	0
1439.15	0	.6240379	.06703698	.3089252	0
1438.15	0	.6213268	.06927182	.3094014	0
1437.15	0	.6186229	.07150138	.3098757	0
1436.15	0	.6159262	.07372567	.3103482	0
1435.15	0	.6132366	.07594469	.3108188	0
1434.15	0	.6105541	.07815845	.3112875	0
1433.15	0	.6078788	.08036695	.3117543	0
1432.15	0	.6052105	.08257021	.3122193	0
1431.15	0	.6025493	.08476824	.3126824	0
1430.15	0	.5998952	.08696103	.3131438	0
1429.15	0	.5972481	.0891486	.3136033	0
1428.15	0	.5946081	.09133096	.3140609	0
1427.15	0	.5919751	.09350811	.3145168	0
1426.15	0	.589349	.09568007	.3149709	0
1425.15	0	.58673	.09784683	.3154232	0
1424.15	0	.5841179	.1000084	.3158737	0
1423.15	0	.5815127	.1021648	.3163225	0
1422.15	0	.5789145	.104316	.3167695	0
1421.15	0	.5763232	.1064621	.3172147	0
1420.15	0	.5737388	.108603	.3176582	0
1419.15	0	.5711613	.1107387	.3180999	0
1418.15	0	.5685907	.1128693	.31854	0
1417.15	0	.5660269	.1149948	.3189783	0
1416.15	0	.56347	.1171151	.3194149	0
1415.15	0	.5609199	.1192303	.3198498	0
1414.15	0	.5583766	.1213404	.320283	0
1413.15	0	.5558401	.1234454	.3207145	0
1412.15	0	.5533104	.1255453	.3211443	0
1411.15	0	.5507875	.12764	.3215725	0
1410.15	0	.5482713	.1297297	.321999	0
1409.15	0	.5457618	.1318143	.3224239	0
1408.15	0	.5432591	.1338938	.3228471	0
1407.15	0	.5407631	.1359682	.3232687	0
1406.15	0	.5382739	.1380375	.3236886	0
1405.15	0	.5357913	.1401018	.3241069	0
1404.15	0	.5333154	.142161	.3245236	0
1403.15	0	.5308461	.1442152	.3249388	0
1402.15	0	.5283835	.1462643	.3253523	0
1401.15	0	.5259275	.1483083	.3257642	0
1400.15	0	.5234782	.1503473	.3261745	0
1399.15	0	.5210355	.1523813	.3265832	0
1398.15	0	.5185994	.1544102	.3269904	0
1397.15	0	.5161699	.1564341	.327396	0
1396.15	0	.5137469	.158453	.3278001	0
1395.15	0	.5113305	.1604669	.3282026	0
1394.15	0	.5089207	.1624757	.3286036	0
1393.15	0	.5065174	.1644795	.3290031	0
1392.15	0	.5041207	.1664783	.329401	0
1391.15	0	.5017305	.1684722	.3297974	0
1390.15	0	.4993467	.170461	.3301923	0
1389.15	0	.4969695	.1724448	.3305857	0
1388.15	0	.4945988	.1744236	.3309776	0
1387.15	0	.4922346	.1763975	.331368	0
1386.15	0	.4898768	.1783663	.3317569	0
1385.15	0	.4875255	.1803302	.3321443	0
1384.15	0	.4851806	.1822891	.3325303	0
1383.15	0	.4828422	.184243	.3329148	0
1382.15	0	.4805102	.1861919	.3332979	0
1381.15	0	.4781847	.1881359	.3336795	0
1380.15	0	.4758655	.1900749	.3340596	0
1379.15	0	.4735527	.1920089	.3344384	0
1378.15	0	.4712464	.193938	.3348157	0
1377.15	0	.4689464	.1958621	.3351915	0
1376.15	0	.4666528	.1977812	.335566	0
1375.15	0	.4643656	.1996954	.3359391	0
1374.15	0	.4620847	.2016046	.3363107	0
1373.15	0	.4598101	.2035089	.3366809	0
1372.15	0	.4575419	.2054082	.3370498	0
1371.15	0	.4552801	.2073026	.3374173	0
1370.15	0	.4530246	.2091921	.3377834	0
1369.15	0	.4507754	.2110766	.3381481	0
1368.15	0	.4485325	.2129561	.3385114	0
1367.15	0	.4462959	.2148307	.3388734	0
1366.15	0	.4440656	.2167004	.3392341	0
1365.15	0	.4418416	.2185651	.3395934	0
1364.15	0	.4396238	.2204249	.3399513	0
1363.15	0	.4374124	.2222797	.3403079	0
1362.15	0	.4352072	.2241296	.3406632	0
1361.15	0	.4330083	.2259745	.3410172	0
1360.15	0	.4308156	.2278145	.3413698	0
1359.15	0	.4286292	.2296496	.3417212	0
1358.15	0	.426449	.2314798	.3420712	0
1357.15	0	.4242751	.233305	.3424199	0
1356.15	0	.4221074	.2351252	.3427674	0
1355.15	0	.419946	.2369405	.3431135	0
1354.15	0	.4177907	.2387509	.3434584	0
1353.15	0	.4156417	.2405564	.3438019	0
1352.15	0	.4134989	.2423569	.3441442	0
1351.15	0	.4113623	.2441524	.3444853	0
1350.15	0	.4092319	.245943	.3448251	0
1349.15	0	.4071077	.2477287	.3451636	0
1348.15	0	.4049897	.2495094	.3455009	0
1347.15	0	.4028779	.2512852	.3458369	0
1346.15	0	.4007723	.253056	.3461717	0
1345.15	0	.3986729	.2548219	.3465052	0
1344.15	0	.3965797	.2565828	.3468376	0
1343.15	0	.3944926	.2583388	.3471687	0
1342.15	0	.3924117	.2600898	.3474985	0
1341.15	0	.390337	.2618358	.3478272	0
1340.15	0	.3882684	.2635769	.3481547	0
1339.15	0	.386206	.265313	.3484809	0
1338.15	0	.3841498	.2670442	.348806	0
1337.15	0	.3820998	.2687704	.3491299	0
1336.15	0	.3800559	.2704916	.3494526	0
1335.15	0	.3780181	.2722078	.349774	0
1334.15	0	.3759866	.2739191	.3500944	0
1333.15	0	.3739612	.2756253	.3504135	0
1332.15	0	.3719419	.2773266	.3507315	0
1331.15	0	.3699288	.2790229	.3510483	0
1330.15	0	.3679218	.2807142	.351364	0
1329.15	0	.365921	.2824005	.3516785	0
1328.15	0	.3639264	.2840818	.3519918	0
1327.15	0	.3619379	.2857581	.352304	0
1326.15	0	.3599555	.2874294	.3526151	0
1325.15	0	.3579793	.2890956	.3529251	0
1324.15	0	.3560093	.2907568	.3532339	0
1323.15	0	.3540454	.292413	.3535416	0
1322.15	0	.3520877	.2940642	.3538481	0
1321.15	0	.3501361	.2957103	.3541536	0
1320.15	0	.3481907	.2973514	.3544579	0
1319.15	0	.3462514	.2989875	.3547611	0
1318.15	0	.3443183	.3006184	.3550633	0
1317.15	0	.3423914	.3022444	.3553643	0
1316.15	0	.3404706	.3038652	.3556642	0
1315.15	0	.338556	.305481	.3559631	0
1314.15	0	.3366475	.3070916	.3562608	0
1313.15	0	.3347452	.3086972	.3565575	0
1312.15	0	.3328491	.3102977	.3568531	0
1311.15	0	.3309592	.3118931	.3571477	0
1310.15	0	.3290755	.3134834	.3574411	0
1309.15	0	.3271979	.3150686	.3577336	0
1308.15	0	.3253265	.3166486	.3580249	0
1307.15	0	.3234613	.3182235	.3583152	0
1306.15	0	.3216024	.3197932	.3586044	0
1305.15	0	.3197496	.3213578	.3588926	0
1304.15	0	.317903	.3229172	.3591798	0
1303.15	0	.3160626	.3244715	.3594659	0
1302.15	0	.3142284	.3260206	.359751	0
1301.15	0	.3124005	.3275645	.360035	0
1300.15	0	.3105788	.3291032	.3603181	0
1299.15	0	.3087633	.3306367	.3606001	0
1298.15	0	.306954	.3321649	.360881	0
1297.15	0	.305151	.333688	.361161	0
1296.15	0	.3033543	.3352058	.36144	0
1295.15	0	.3015638	.3367183	.3617179	0
1294.15	0	.2997795	.3382256	.3619949	0
1293.15	0	.2980015	.3397276	.3622708	0
1292.15	0	.2962299	.3412244	.3625458	0
1291.15	0	.2944644	.3427158	.3628198	0
1290.15	0	.2927053	.3442019	.3630927	0
1289.15	0	.2909525	.3456827	.3633647	0
1288.15	0	.289206	.3471582	.3636358	0
1287.15	0	.2874658	.3486284	.3639058	0
1286.15	0	.285732	.3500932	.3641749	0
1285.15	0	.2840045	.3515526	.364443	0
1284.15	0	.2822833	.3530066	.3647101	0
1283.15	0	.2805685	.3544553	.3649763	0
1282.15	0	.27886	.3558985	.3652415	0
1281.15	0	.277158	.3573363	.3655057	0
1280.15	0	.2754623	.3587687	.365769	0
1279.15	0	.273773	.3601956	.3660314	0
1278.15	0	.2720901	.3616171	.3662928	0
1277.15	0	.2704137	.3630331	.3665533	0
1276.15	0	.2687436	.3644436	.3668128	0
1275.15	0	.2670801	.3658485	.3670714	0
1274.15	0	.2654229	.367248	.3673291	0
1273.15	0	.2637723	.3686419	.3675858	0
1272.15	0	.2621281	.3700303	.3678416	0
1271.15	0	.2604904	.3714131	.3680965	0
1270.15	0	.2588592	.3727903	.3683505	0
1269.15	0	.2572346	.3741619	.3686036	0
1268.15	0	.2556164	.3755278	.3688557	0
1267.15	0	.2540049	.3768882	.369107	0
1266.15	0	.2523999	.3782428	.3693573	0
1265.15	0	.2508014	.3795918	.3696067	0
1264.15	0	.2492096	.3809351	.3698553	0
1263.15	0	.2476243	.3822727	.3701029	0
1262.15	0	.2460457	.3836046	.3703497	0
1261.15	0	.2444738	.3849307	.3705955	0
1260.15	0	.2429084	.386251	.3708405	0
1259.15	0	.2413498	.3875656	.3710846	0
1258.15	0	.2397978	.3888743	.3713278	0
1257.15	0	.2382526	.3901773	.3715702	0
1256.15	0	.236714	.3914743	.3718116	0
1255.15	0	.2351822	.3927655	.3720522	0
1254.15	0	.2336572	.3940508	.372292	0
1253.15	0	.232139	.3953302	.3725308	0
1252.15	0	.2306275	.3966037	.3727688	0
1251.15	0	.2291228	.3978712	.373006	0
1250.15	0	.227625	.3991327	.3732422	0
1249.15	0	.2261341	.4003883	.3734777	0
1248.15	0	.22465	.4016378	.3737123	0
1247.15	0	.2231728	.4028813	.373946	0
1246.15	0	.2217025	.4041187	.3741789	0
1245.15	0	.2202391	.40535	.3744109	0
1244.15	0	.2187827	.4065752	.3746421	0
1243.15	0	.2173333	.4077942	.3748725	0
1242.15	0	.2158909	.4090071	.375102	0
1241.15	0	.2144555	.4102138	.3753307	0
1240.15	0	.2130272	.4114143	.3755586	0
1239.15	0	.2116059	.4126085	.3757856	0
1238.15	0	.2101917	.4137965	.3760118	0
1237.15	0	.2087846	.4149782	.3762372	0
1236.15	0	.2073847	.4161536	.3764618	0
1235.15	0	.2059919	.4173226	.3766856	0
1234.15	0	.2046063	.4184852	.3769085	0
1233.15	0	.2032279	.4196415	.3771307	0
1232.15	0	.2018567	.4207913	.377352	0
1231.15	0	.2004929	.4219347	.3775725	0
1230.15	0	.1991363	.4230715	.3777922	0
1229.15	0	.197787	.4242019	.3780111	0
1228.15	0	.196445	.4253257	.3782293	0
1227.15	0	.1951104	.426443	.3784466	0
1226.15	0	.1937833	.4275536	.3786631	0
1225.15	0	.1924635	.4286576	.3788788	0
1224.15	0	.1911512	.429755	.3790938	0
1223.15	0	.1898464	.4308457	.379308	0
1222.15	0	.1885491	.4319296	.3795213	0
1221.15	0	.1872593	.4330068	.3797339	0
1220.15	0	.1859771	.4340772	.3799458	0
1219.15	0	.1847025	.4351407	.3801568	0
1218.15	0	.1834355	.4361975	.3803671	0
1217.15	0	.1821762	.4372473	.3805766	0
1216.15	0	.1809245	.4382902	.3807853	0
1215.15	0	.1796806	.4393262	.3809932	0
1214.15	0	.1784445	.4403551	.3812004	0
1213.15	0	.1772161	.4413771	.3814068	0
1212.15	0	.1759955	.442392	.3816125	0
1211.15	0	.1747828	.4433998	.3818174	0
1210.15	0	.173578	.4444004	.3820215	0
1209.15	0	.1723811	.4453939	.3822249	0
1208.15	0	.1711922	.4463803	.3824276	0
1207.15	0	.1700112	.4473593	.3826295	0
1206.15	0	.1688383	.4483311	.3828306	0
1205.15	0	.1676734	.4492956	.383031	0
1204.15	0	.1665166	.4502527	.3832306	0
1203.15	0	.165368	.4512025	.3834295	0
1202.15	0	.1642275	.4521448	.3836277	0
1201.15	0	.1630952	.4530797	.3838251	0
1200.15	0	.1619712	.454007	.3840218	0
1199.15	0	.1608554	.4549269	.3842177	0
1198.15	0	.159748	.4558391	.384413	0
1197.15	0	.1586489	.4567437	.3846075	0
1196.15	0	.1575582	.4576406	.3848012	0
1195.15	0	.1564759	.4585299	.3849942	0
1194.15	0	.1554021	.4594113	.3851866	0
1193.15	0	.1543368	.460285	.3853781	0
1192.15	0	.1532801	.4611509	.385569	0
1191.15	0	.152232	.4620089	.3857591	0
1190.15	0	.1511925	.462859	.3859486	0
1189.15	0	.1501616	.4637011	.3861373	0
1188.15	0	.1491395	.4645352	.3863253	0
1187.15	0	.1481262	.4653613	.3865126	0
1186.15	0	.1471216	.4661793	.3866991	0
1185.15	0	.1461259	.4669891	.386885	0
1184.15	0	.1451391	.4677908	.3870702	0
1183.15	0	.1441612	.4685842	.3872546	0
1182.15	0	.1431923	.4693693	.3874384	0
1181.15	0	.1422324	.4701462	.3876214	0
1180.15	0	.1412816	.4709146	.3878038	0
1179.15	0	.1403399	.4716747	.3879855	0
1178.15	0	.1394073	.4724263	.3881664	0
1177.15	0	.138484	.4731694	.3883467	0
1176.15	0	.1375698	.4739039	.3885263	0
1175.15	0	.136665	.4746298	.3887052	0
1174.15	0	.1357696	.4753471	.3888834	0
1173.15	0	.1348835	.4760556	.3890609	0
1172.15	0	.1340069	.4767555	.3892377	0
1171.15	0	.1331397	.4774465	.3894138	0
1170.15	0	.1322821	.4781286	.3895893	0
1169.15	0	.131434	.4788019	.3897641	0
1168.15	0	.1305956	.4794662	.3899382	0
1167.15	0	.1297669	.4801215	.3901116	0
1166.15	0	.1289479	.4807678	.3902844	0
1165.15	0	.1281386	.4814049	.3904565	0
1164.15	0	.1273393	.4820329	.3906279	0
1163.15	0	.1265497	.4826517	.3907986	0
1162.15	0	.1257702	.4832612	.3909687	0
1161.15	0	.1250005	.4838614	.3911381	0
1160.15	0	.124241	.4844522	.3913068	0
1159.15	0	.1234915	.4850336	.3914749	0
1158.15	0	.1227522	.4856056	.3916423	0
1157.15	0	.122023	.486168	.391809	0
1156.15	0	.1213041	.4867208	.3919751	0
1155.15	0	.1205954	.487264	.3921406	0
1154.15	0	.1198971	.4877976	.3923054	0
1153.15	0	.1192092	.4883213	.3924695	0
1152.15	0	.1185318	.4888353	.392633	0
1151.15	0	.1178649	.4893394	.3927958	0
1150.15	0	.1172085	.4898336	.392958	0
1149.15	0	.1165627	.4903178	.3931195	0
1148.15	0	.1159277	.490792	.3932804	0
1147.15	0	.1153033	.4912561	.3934406	0
1146.15	0	.1146897	.4917101	.3936002	0
1145.15	0	.1140869	.4921539	.3937592	0
1144.15	0	.1134951	.4925875	.3939175	0
1143.15	0	.1129141	.4930107	.3940751	0
1142.15	0	.1123442	.4934236	.3942322	0
1141.15	0	.1117853	.4938261	.3943886	0
1140.15	0	.1112375	.4942181	.3945444	0
1139.15	0	.1107009	.4945996	.3946995	0
1138.15	0	.1101755	.4949705	.394854	0
1137.15	0	.1096613	.4953308	.3950079	0
1136.15	0	.1091585	.4956804	.3951611	0
1135.15	0	.1086671	.4960192	.3953138	0
1134.15	0	.108187	.4963472	.3954658	0
1133.15	0	.1077185	.4966643	.3956171	0
1132.15	0	.1072615	.4969705	.3957679	0
1131.15	0	.1068162	.4972658	.395918	0
1130.15	0	.1063825	.49755	.3960676	0
1129.15	0	.1059605	.4978231	.3962165	0
1128.15	0	.1055502	.498085	.3963648	0
1127.15	0	.1051518	.4983357	.3965124	0
1126.15	0	.1047653	.4985752	.3966595	0
1125.15	0	.1043907	.4988034	.396806	0
1124.15	0	.104028	.4990201	.3969518	0
1123.15	0	.1036775	.4992255	.3970971	0
1122.15	0	.103339	.4994193	.3972417	0
1121.15	0	.1030126	.4996017	.3973857	0
1120.15	0	.1026985	.4997724	.3975292	0
1119.15	0	.1023966	.4999314	.397672	0
1118.15	0	.102107	.5000788	.3978142	0
1117.15	0	.1018298	.5002144	.3979559	0
1116.15	0	.101565	.5003381	.3980969	0
1115.15	0	.1013126	.50045	.3982374	0
1114.15	0	.1010728	.50055	.3983772	0
1113.15	0	.1008455	.500638	.3985165	0
1112.15	0	.1006309	.500714	.3986552	0
1111.15	0	.1004289	.5007778	.3987932	0
1110.15	0	.1002396	.5008296	.3989308	0
1109.15	0	.1000631	.5008692	.3990677	0
1108.15	0	.09989949	.5008965	.399204	0
1107.15	0	.09974869	.5009115	.3993398	0
1106.15	0	.0996108	.5009142	.399475	0
1105.15	0	.09948588	.5009046	.3996096	0
1104.15	0	.09937397	.5008824	.3997436	0
1103.15	0	.09927511	.5008478	.399877	0
1102.15	0	.09918936	.5008007	.4000099	0
1101.15	0	.09911676	.500741	.4001422	0
1100.15	0	.09905734	.5006687	.400274	0
1099.15	0	.09901116	.5005837	.4004052	0
1098.15	0	.09897826	.500486	.4005358	0
1097.15	0	.09895868	.5003755	.4006658	0
1096.15	0	.09895246	.5002522	.4007953	0
1095.15	0	.09895964	.5001161	.4009242	0
1094.15	0	.09898027	.4999671	.4010526	0
1093.15	0	.09901437	.4998052	.4011804	0
1092.15	0	.09906199	.4996303	.4013077	0
1091.15	0	.09912317	.4994424	.4014344	0
1090.15	0	.09919794	.4992415	.4015606	0
1089.15	0	.09928633	.4990275	.4016862	0
1088.15	0	.09938839	.4988004	.4018112	0
1087.15	0	.09950413	.4985601	.4019358	0
1086.15	0	.09963361	.4983067	.4020597	0
1085.15	0	.09977683	.49804	.4021832	0
1084.15	0	.09993384	.4977601	.4023061	0
1083.15	0	.1001047	.4974669	.4024284	0
1082.15	0	.1002893	.4971604	.4025502	0
1081.15	0	.1004879	.4968406	.4026715	0
1080.15	0	.1007003	.4965074	.4027923	0
1079.15	0	.1009266	.4961608	.4029125	0
1078.15	0	.1011669	.4958009	.4030322	0
1077.15	0	.1014211	.4954275	.4031514	0
1076.15	0	.1016893	.4950406	.40327	0
1075.15	0	.1019716	.4946403	.4033882	0
1074.15	0	.1022678	.4942264	.4035058	0
1073.15	0	.102578	.4937991	.4036229	0
1072.15	0	.1029023	.4933582	.4037394	0
1071.15	0	.1032407	.4929038	.4038555	0
1070.15	0	.1035931	.4924359	.4039711	0
1069.15	0	.1039595	.4919544	.4040861	0
1068.15	0	.1043401	.4914593	.4042006	0
1067.15	0	.1047347	.4909506	.4043147	0
1066.15	0	.1051435	.4904283	.4044282	0
1065.15	0	.1055663	.4898925	.4045412	0
1064.15	0	.1060032	.489343	.4046537	0
1063.15	0	.1064543	.48878	.4047657	0
1062.15	0	.1069194	.4882033	.4048773	0
1061.15	0	.1073986	.4876131	.4049883	0
1060.15	0	.1078919	.4870093	.4050988	0
1059.15	0	.1083993	.4863918	.4052089	0
1058.15	0	.1089207	.4857608	.4053185	0
1057.15	0	.1094562	.4851163	.4054275	0
1056.15	0	.1100058	.4844581	.4055361	0
1055.15	0	.1105693	.4837865	.4056442	0
1054.15	0	.1111469	.4831012	.4057519	0
1053.15	0	.1117385	.4824025	.405859	0
1052.15	0	.112344	.4816903	.4059657	0
1051.15	0	.1129635	.4809646	.4060719	0
1050.15	0	.1135969	.4802254	.4061776	0
1049.15	0	.1142443	.4794729	.4062829	0
1048.15	0	.1149055	.4787069	.4063877	0
1047.15	0	.1155805	.4779275	.406492	0
1046.15	0	.1162693	.4771348	.4065958	0
1045.15	0	.116972	.4763288	.4066992	0
1044.15	0	.1176883	.4755095	.4068022	0
1043.15	0	.1184184	.474677	.4069047	0
1042.15	0	.1191621	.4738312	.4070067	0
1041.15	0	.1199194	.4729723	.4071083	0
1040.15	0	.1206903	.4721003	.4072094	0
1039.15	0	.1214748	.4712152	.40731	0
1038.15	0	.1222727	.4703171	.4074103	0
1037.15	0	.123084	.469406	.40751	0
1036.15	0	.1239087	.4684819	.4076093	0
1035.15	0	.1247468	.467545	.4077082	0
1034.15	0	.1255981	.4665953	.4078067	0
1033.15	0	.1264626	.4656328	.4079046	0
1032.15	0	.1273402	.4646576	.4080022	0
1031.15	0	.1282309	.4636698	.4080993	0
1030.15	0	.1291347	.4626693	.408196	0
1029.15	0	.1300514	.4616564	.4082922	0
1028.15	0	.1309809	.460631	.4083881	0
1027.15	0	.1319233	.4595933	.4084834	0
1026.15	0	.1328784	.4585432	.4085784	0
1025.15	0	.1338461	.4574809	.4086729	0
1024.15	0	.1348265	.4564065	.408767	0
1023.15	0	.1358193	.45532	.4088607	0
1022.15	0	.1368246	.4542215	.4089539	0
1021.15	0	.1378422	.4531111	.4090468	0
1020.15	0	.138872	.4519888	.4091392	0
1019.15	0	.139914	.4508548	.4092311	0
1018.15	0	.1409681	.4497092	.4093227	0
1017.15	0	.1420341	.448552	.4094138	0
1016.15	0	.1431121	.4473833	.4095046	0
1015.15	0	.1442018	.4462033	.4095949	0
1014.15	0	.1453032	.445012	.4096848	0
1013.15	0	.1464163	.4438095	.4097742	0
1012.15	0	.1475408	.4425959	.4098633	0
1011.15	0	.1486767	.4413714	.409952	0
1010.15	0	.1498239	.4401359	.4100402	0
1009.15	0	.1509822	.4388898	.410128	0
1008.15	0	.1521517	.4376329	.4102154	0
1007.15	0	.1533321	.4363655	.4103024	0
1006.15	0	.1545233	.4350877	.410389	0
1005.15	0	.1557253	.4337995	.4104752	0
1004.15	0	.1569379	.4325012	.4105609	0
1003.15	0	.158161	.4311927	.4106463	0
1002.15	0	.1593945	.4298743	.4107312	0
1001.15	0	.1606382	.428546	.4108158	0
1000.15	0	.1618921	.427208	.4108999	0
999.15	0	.163156	.4258604	.4109836	0
998.15	0	.1644298	.4245033	.4110669	0
997.15	0	.1657134	.4231368	.4111498	0
996.15	0	.1670066	.4217612	.4112323	0
995.15	0	.1683093	.4203764	.4113143	0
994.15	0	.1696214	.4189827	.4113959	0
993.15	0	.1709427	.4175801	.4114772	0
992.15	0	.1722732	.4161688	.411558	0
991.15	0	.1736126	.414749	.4116384	0
990.15	0	.1749609	.4133208	.4117183	0
989.15	0	.1763179	.4118842	.4117979	0
988.15	0	.1776834	.4104396	.411877	0
987.15	0	.1790574	.4089869	.4119557	0
986.15	0	.1804397	.4075264	.412034	0
985.15	0	.18183	.4060581	.4121119	0
984.15	0	.1832284	.4045823	.4121893	0
983.15	0	.1846347	.403099	.4122663	0
982.15	0	.1860487	.4016085	.4123428	0
981.15	0	.1874702	.4001109	.4124189	0
980.15	0	.1888991	.3986063	.4124946	0
979.15	0	.1903353	.3970948	.4125699	0
978.15	0	.1917787	.3955767	.4126447	0
977.15	0	.193229	.394052	.412719	0
976.15	0	.1946861	.3925211	.4127929	0
975.15	0	.1961498	.3909838	.4128663	0
974.15	0	.1976201	.3894406	.4129393	0
973.15	0	.1990968	.3878914	.4130118	0
972.15	0	.2005796	.3863365	.4130838	0
971.15	0	.2020685	.3847761	.4131554	0
970.15	0	.2035633	.3832102	.4132265	0
969.15	0	.2050639	.381639	.4132971	0
968.15	0	.20657	.3800628	.4133672	0
967.15	0	.2080815	.3784816	.4134369	0
966.15	0	.2095983	.3768957	.413506	0
965.15	0	.2111202	.3753051	.4135746	0
964.15	0	.2126471	.3737102	.4136428	0
963.15	0	.2141787	.3721109	.4137104	0
962.15	0	.2157149	.3705076	.4137774	0
961.15	0	.2172045	.3689484	.4138471	0
960.15	0	.2186672	.3674145	.4139183	0
959.15	0	.22015	.3658617	.4139884	0
958.15	0	.2216516	.3642912	.4140572	0
957.15	0	.223171	.3627041	.4141249	0
956.15	0	.2247072	.3611014	.4141915	0
955.15	0	.226259	.3594841	.4142569	0
954.15	0	.2278256	.3578532	.4143213	0
953.15	0	.2294059	.3562097	.4143845	0
952.15	0	.230999	.3545544	.4144466	0
951.15	0	.2326041	.3528882	.4145077	0
950.15	0	.2342202	.3512121	.4145677	0
949.15	0	.2358466	.3495267	.4146267	0
948.15	0	.2374825	.347833	.4146846	0
947.15	0	.239127	.3461316	.4147415	0
946.15	0	.2407794	.3444233	.4147973	0
945.15	0	.2424391	.3427088	.4148521	0
944.15	0	.2441053	.3409888	.414906	0
943.15	0	.2457773	.339264	.4149588	0
942.15	0	.2474545	.337535	.4150106	0
941.15	0	.2491362	.3358024	.4150614	0
940.15	0	.250822	.3340668	.4151112	0
939.15	0	.2525111	.3323289	.41516	0
938.15	0	.2542031	.3305891	.4152079	0
937.15	0	.2558973	.328848	.4152547	0
936.15	0	.2575933	.3271061	.4153006	0
935.15	0	.2592906	.3253639	.4153455	0
934.15	0	.2609886	.3236219	.4153895	0
933.15	0	.262687	.3218806	.4154324	0
932.15	0	.2643852	.3201403	.4154744	0
931.15	0	.2660829	.3184017	.4155155	0
930.15	0	.2677795	.3166649	.4155556	0
929.15	0	.2694747	.3149306	.4155947	0
928.15	0	.2711682	.313199	.4156328	0
927.15	0	.2728595	.3114705	.41567	0
926.15	0	.2745482	.3097455	.4157063	0
925.15	0	.2762341	.3080244	.4157416	0
924.15	0	.2779167	.3063074	.4157759	0
923.15	0	.2795958	.3045949	.4158093	0
922.15	0	.2812711	.3028872	.4158417	0
921.15	0	.2829421	.3011847	.4158732	0
920.15	0	.2846088	.2994875	.4159037	0
919.15	0	.2862707	.2977961	.4159333	0
918.15	0	.2879276	.2961105	.4159619	0
917.15	0	.2895792	.2944312	.4159896	0
916.15	0	.2912254	.2927584	.4160163	0
915.15	0	.2928657	.2910922	.4160421	0
914.15	0	.2945001	.289433	.4160669	0
913.15	0	.2961283	.287781	.4160908	0
912.15	0	.29775	.2861363	.4161137	0
911.15	0	.2993651	.2844992	.4161357	0
910.15	0	.3009733	.2828699	.4161568	0
909.15	0	.3025745	.2812486	.4161769	0
908.15	0	.3041685	.2796355	.416196	0
907.15	0	.3057551	.2780307	.4162143	0
906.15	0	.307334	.2764344	.4162316	0
905.15	0	.3089053	.2748468	.4162479	0
904.15	0	.3104686	.2732681	.4162633	0
903.15	0	.3120238	.2716984	.4162778	0
902.15	0	.3135708	.2701378	.4162914	0
901.15	0	.3151095	.2685866	.416304	0
900.15	0	.3166396	.2670447	.4163157	0
899.15	0	.3181611	.2655125	.4163264	0
898.15	0	.3196738	.2639899	.4163363	0
897.15	0	.3211776	.2624772	.4163452	0
896.15	0	.3226723	.2609744	.4163532	0
895.15	0	.324158	.2594817	.4163603	0
894.15	0	.3256344	.2579992	.4163665	0
893.15	0	.3271014	.2565269	.4163718	0
892.15	0	.3285589	.255065	.4163761	0
891.15	0	.3300069	.2536135	.4163796	0
890.15	0	.3314452	.2521727	.4163822	0
889.15	0	.3328737	.2507425	.4163838	0
888.15	0	.3342924	.249323	.4163846	0
887.15	0	.3357012	.2479143	.4163845	0
886.15	0	.3370999	.2465166	.4163836	0
885.15	0	.3384885	.2451298	.4163817	0
884.15	0	.339867	.243754	.416379	0
883.15	0	.3412352	.2423894	.4163754	0
882.15	0	.3425931	.2410359	.416371	0
881.15	0	.3439406	.2396937	.4163657	0
880.15	0	.3452777	.2383627	.4163596	0
879.15	0	.3466043	.2370431	.4163526	0
878.15	0	.3479203	.2357349	.4163448	0
877.15	0	.3492257	.2344381	.4163362	0
876.15	0	.3505205	.2331528	.4163268	0
875.15	0	.3518045	.231879	.4163165	0
874.15	0	.3530778	.2306168	.4163054	0
873.15	0	.3543403	.2293661	.4162936	0
872.15	0	.355592	.228127	.416281	0
871.15	0	.3568328	.2268996	.4162676	0
870.15	0	.3580628	.2256838	.4162534	0
869.15	0	.3592819	.2244797	.4162384	0
868.15	0	.36049	.2232873	.4162227	0
867.15	0	.3616871	.2221066	.4162063	0
866.15	0	.3628733	.2209376	.4161891	0
865.15	0	.3640485	.2197803	.4161712	0
864.15	0	.3652127	.2186347	.4161526	0
863.15	0	.3663659	.2175008	.4161333	0
862.15	0	.3675081	.2163786	.4161133	0
861.15	0	.3686393	.2152681	.4160926	0
860.15	0	.3697595	.2141693	.4160712	0
859.15	0	.3708687	.2130822	.4160492	0
858.15	0	.3719669	.2120066	.4160265	0
857.15	0	.3730542	.2109427	.4160031	0
856.15	0	.3741305	.2098904	.4159791	0
855.15	0	.3751958	.2088497	.4159545	0
854.15	0	.3762503	.2078204	.4159293	0
853.15	0	.3772939	.2068027	.4159034	0
852.15	0	.3783266	.2057964	.415877	0
851.15	0	.3793485	.2048015	.41585	0
850.15	0	.3803597	.2038179	.4158224	0
849.15	0	.3813601	.2028457	.4157942	0
848.15	0	.3823498	.2018847	.4157655	0
847.15	0	.3833288	.2009349	.4157362	0
846.15	0	.3842973	.1999963	.4157065	0
845.15	0	.3852552	.1990687	.4156761	0
844.15	0	.3862026	.1981521	.4156453	0
843.15	0	.3871396	.1972465	.415614	0
842.15	0	.3880662	.1963517	.4155821	0
841.15	0	.3889825	.1954677	.4155498	0
840.15	0	.3898885	.1945945	.415517	0
839.15	0	.3907843	.1937319	.4154837	0
838.15	0	.3916701	.1928799	.41545	0
837.15	0	.3925458	.1920384	.4154158	0
836.15	0	.3934115	.1912073	.4153812	0
835.15	0	.3942674	.1903865	.4153461	0
834.15	0	.3951134	.1895759	.4153107	0
833.15	0	.3959497	.1887755	.4152748	0
832.15	0	.3967764	.1879851	.4152385	0
831.15	0	.3975935	.1872047	.4152018	0
830.15	0	.3984012	.1864341	.4151647	0
829.15	0	.3991994	.1856733	.4151273	0
828.15	0	.3999884	.1849222	.4150894	0
827.15	0	.4007681	.1841806	.4150513	0
826.15	0	.4015387	.1834486	.4150127	0
825.15	0	.4023003	.1827259	.4149738	0
824.15	0	.403053	.1820125	.4149345	0
823.15	0	.4037968	.1813082	.4148949	0
822.15	0	.4045319	.1806131	.414855	0
821.15	0	.4052583	.1799269	.4148148	0
820.15	0	.4059762	.1792495	.4147742	0
819.15	0	.4066857	.178581	.4147334	0
818.15	0	.4073867	.1779211	.4146922	0
817.15	0	.4080796	.1772698	.4146507	0
816.15	0	.4087642	.1766269	.4146089	0
815.15	0	.4094408	.1759924	.4145669	0
814.15	0	.4101094	.1753661	.4145245	0
813.15	0	.4107702	.1747479	.4144819	0
812.15	0	.4114231	.1741379	.414439	0
811.8476	0	.4116191	.1739549	.414426	0
811.8476	0	.4116191	.1739549	.414426	0
811.8476	0	.4116191	.1739549	.414426	0
811.15	0	.414542	.1702956	.413455	.001707334
810.15	0	.418631	.1651626	.412085	.004121459
809.15	0	.4226045	.1601583	.41074	.006497207
808.15	0	.4264662	.1552788	.4094194	.008835552
807.15	0	.4302199	.1505202	.4081226	.01113743
806.15	0	.4338688	.1458786	.4068489	.01340373
805.15	0	.4374163	.1413506	.4055978	.01563532
804.15	0	.4408656	.1369327	.4043686	.01783303
803.15	0	.4442197	.1326216	.403161	.01999765
802.15	0	.4474815	.1284142	.4019743	.02212997
801.15	0	.4506539	.1243073	.4008081	.02423071
800.15	0	.4537394	.1202981	.3996618	.0263006
799.15	0	.4567409	.1163838	.3985351	.02834033
798.15	0	.4596606	.1125615	.3974273	.03035055
797.15	0	.4625011	.1088289	.3963382	.03233192
796.15	0	.4652646	.1051832	.3952672	.03428505
795.15	0	.4679534	.1016221	.394214	.03621055
794.15	0	.4705696	.09814327	.3931782	.03810899
793.15	0	.4731153	.09474443	.3921593	.03998095
792.15	0	.4755926	.09142341	.3911571	.04182696
791.15	0	.4780033	.08817812	.390171	.04364756
790.15	0	.4803493	.08500651	.3892009	.04544325
789.15	0	.4826325	.08190663	.3882464	.04721454
788.15	0	.4848545	.07887658	.387307	.0489619
787.15	0	.4870171	.07591453	.3863825	.05068581
786.15	0	.4891219	.07301871	.3854727	.05238672
785.15	0	.4911705	.07018739	.3845771	.05406507
784.15	0	.4931644	.0674189	.3836954	.05572129
783.15	0	.4951051	.06471165	.3828275	.0573558
782.15	0	.496994	.06206407	.3819729	.05896901
781.15	0	.4988325	.05947463	.3811315	.06056131
780.15	0	.500622	.05694189	.380303	.0621331
779.15	0	.5023638	.0544644	.379487	.06368474
778.15	0	.5040592	.05204079	.3786834	.0652166
777.15	0	.5057093	.04966971	.3778919	.06672905
776.15	0	.5073155	.04734986	.3771123	.06822243
775.15	0	.5088787	.04507998	.3763442	.06969709
774.15	0	.5104003	.04285882	.3755875	.07115335
773.15	0	.5118812	.04068521	.374842	.07259155
772.15	0	.5133226	.03855796	.3741074	.074012
771.15	0	.5147255	.03647596	.3733835	.07541501
770.15	0	.5160908	.0344381	.3726702	.07680089
769.15	0	.5174197	.0324433	.3719671	.07816994
768.15	0	.518713	.03049053	.3712741	.07952245
767.15	0	.5199716	.02857877	.370591	.08085871
766.15	0	.5211965	.02670702	.3699175	.08217899
765.15	0	.5223885	.02487434	.3692536	.08348356
764.15	0	.5235485	.02307977	.368599	.08477271
763.15	0	.5246774	.02132241	.3679535	.0860467
762.15	0	.5257759	.01960137	.367317	.08730577
761.15	0	.5268449	.01791576	.3666892	.08855019
760.15	0	.527885	.01626475	.36607	.0897802
759.15	0	.5288972	.01464752	.3654593	.09099604
758.15	0	.529882	.01306325	.3648568	.09219797
757.15	0	.5308402	.01151116	.3642624	.09338621
756.15	0	.5317726	.009990482	.363676	.094561
755.15	0	.5326797	.008500473	.3630973	.09572255
754.15	0	.5335623	.0070404	.3625262	.0968711
753.15	0	.5344209	.005609553	.3619626	.09800686
752.15	0	.5352563	.004207238	.3614064	.09913005
751.15	0	.5360691	.002832776	.3608573	.1002409
750.15	0	.5368597	.001485507	.3603153	.1013396
749.15	0	.5376288	1.647854E-04	.3597801	.1024263
749.0238	0	.5377244	0	.3597131	.1025625
749.0238	0	.5377244	0	.3597131	.1025625
748.15	0	.5376411	0	.3595533	.1028056
747.15	0	.5375461	0	.3593711	.1030829
746.15	0	.5374515	0	.3591894	.1033592
745.15	0	.5373572	0	.3590082	.1036345
744.15	0	.5372634	0	.3588276	.103909
743.15	0	.5371699	0	.3586476	.1041825
742.15	0	.5370768	0	.3584681	.104455
741.15	0	.5369841	0	.3582892	.1047267
740.15	0	.5368918	0	.3581108	.1049974
739.15	0	.5367998	0	.357933	.1052672
738.15	0	.5367083	0	.3577557	.105536
737.15	0	.536617	0	.357579	.105804
736.15	0	.5365262	0	.3574028	.106071
735.15	0	.5364357	0	.3572272	.1063371
734.15	0	.5363455	0	.3570522	.1066023
733.15	0	.5362558	0	.3568776	.1068666
732.15	0	.5361664	0	.3567036	.10713
731.15	0	.5360773	0	.3565302	.1073925
730.15	0	.5359886	0	.3563573	.1076541
729.15	0	.5359002	0	.356185	.1079148
728.15	0	.5358123	0	.3560132	.1081746
727.15	0	.5357246	0	.3558419	.1084335
726.15	0	.5356373	0	.3556712	.1086915
725.15	0	.5355504	0	.355501	.1089487
724.15	0	.5354638	0	.3553313	.1092049
723.15	0	.5353775	0	.3551622	.1094603
722.15	0	.5352916	0	.3549936	.1097148
721.15	0	.5352061	0	.3548255	.1099684
720.15	0	.5351208	0	.354658	.1102211
719.15	0	.5350359	0	.3544911	.110473
718.15	0	.5349514	0	.3543246	.110724
717.15	0	.5348672	0	.3541587	.1109741
716.15	0	.5347833	0	.3539933	.1112234
715.15	0	.5346998	0	.3538284	.1114718
714.15	0	.5346165	0	.3536641	.1117194
713.15	0	.5345337	0	.3535003	.1119661
712.15	0	.5344511	0	.353337	.1122119
711.15	0	.5343689	0	.3531742	.1124569
710.15	0	.534287	0	.353012	.112701
709.15	0	.5342054	0	.3528503	.1129443
708.15	0	.5341242	0	.3526891	.1131868
707.15	0	.5340433	0	.3525284	.1134283
706.15	0	.5339627	0	.3523683	.1136691
705.15	0	.5338824	0	.3522086	.113909
704.15	0	.5338024	0	.3520495	.1141481
703.15	0	.5337228	0	.3518909	.1143863
702.15	0	.5336435	0	.3517329	.1146237
701.15	0	.5335645	0	.3515753	.1148602
700.15	0	.5334858	0	.3514182	.115096
699.15	0	.5334074	0	.3512617	.1153309
698.15	0	.5333293	0	.3511057	.115565
697.15	0	.5332516	0	.3509502	.1157982
696.15	0	.5331742	0	.3507952	.1160306
695.15	0	.533097	0	.3506407	.1162622
694.15	0	.5330202	0	.3504868	.116493
693.15	0	.5329437	0	.3503333	.116723
692.15	0	.5328675	0	.3501804	.1169521
691.15	0	.5327916	0	.3500279	.1171805
690.15	0	.532716	0	.349876	.117408
689.15	0	.5326407	0	.3497246	.1176347
688.15	0	.5325658	0	.3495736	.1178606
687.15	0	.5324911	0	.3494232	.1180857
686.15	0	.5324167	0	.3492733	.11831
685.15	0	.5323427	0	.3491239	.1185335
684.15	0	.5322689	0	.348975	.1187561
683.15	0	.5321954	0	.3488266	.118978
682.15	0	.5321222	0	.3486787	.1191991
681.15	0	.5320494	0	.3485313	.1194194
680.15	0	.5319768	0	.3483844	.1196389
679.15	0	.5319045	0	.348238	.1198575
678.15	0	.5318325	0	.3480921	.1200754
677.15	0	.5317608	0	.3479467	.1202925
676.15	0	.5316894	0	.3478018	.1205088
675.15	0	.5316183	0	.3476573	.1207244
674.15	0	.5315475	0	.3475134	.1209391
673.15	0	.5314769	0	.34737	.1211531
672.15	0	.5314067	0	.3472271	.1213662
671.15	0	.5313368	0	.3470846	.1215786
670.15	0	.5312671	0	.3469427	.1217902
669.15	0	.5311977	0	.3468013	.122001
668.15	0	.5311286	0	.3466603	.1222111
667.15	0	.5310598	0	.3465198	.1224203
666.15	0	.5309913	0	.3463799	.1226288
665.15	0	.5309231	0	.3462404	.1228365
664.15	0	.5308552	0	.3461014	.1230435
663.15	0	.5307875	0	.3459629	.1232497
662.15	0	.5307201	0	.3458248	.1234551
661.15	0	.530653	0	.3456873	.1236597
660.15	0	.5305862	0	.3455502	.1238636
659.15	0	.5305197	0	.3454137	.1240667
658.15	0	.5304534	0	.3452776	.124269
657.15	0	.5303874	0	.345142	.1244706
656.15	0	.5303217	0	.3450069	.1246714
655.15	0	.5302563	0	.3448722	.1248715
654.15	0	.5301912	0	.3447381	.1250708
653.15	0	.5301263	0	.3446044	.1252693
652.15	0	.5300617	0	.3444712	.1254671
651.15	0	.5299974	0	.3443385	.1256641
650.15	0	.5299333	0	.3442063	.1258604
649.15	0	.5298696	0	.3440745	.1260559
648.15	0	.5298061	0	.3439433	.1262507
647.15	0	.5297428	0	.3438125	.1264447
646.15	0	.5296799	0	.3436822	.126638
645.15	0	.5296172	0	.3435523	.1268305
644.15	0	.5295548	0	.3434229	.1270223
643.15	0	.5294926	0	.343294	.1272133
642.15	0	.5294308	0	.3431656	.1274036
641.15	0	.5293692	0	.3430377	.1275932
640.15	0	.5293078	0	.3429102	.127782
639.15	0	.5292468	0	.3427832	.1279701
638.15	0	.529186	0	.3426567	.1281574
637.15	0	.5291254	0	.3425306	.128344
636.15	0	.5290651	0	.342405	.1285299
635.15	0	.5290051	0	.3422799	.128715
634.15	0	.5289454	0	.3421552	.1288994
633.15	0	.5288859	0	.3420311	.129083
632.15	0	.5288267	0	.3419073	.129266
631.15	0	.5287677	0	.3417841	.1294482
630.15	0	.528709	0	.3416613	.1296297
629.15	0	.5286506	0	.341539	.1298104
628.15	0	.5285924	0	.3414171	.1299904
627.15	0	.5285345	0	.3412957	.1301698
626.15	0	.5284769	0	.3411748	.1303483
625.15	0	.5284195	0	.3410543	.1305262
624.15	0	.5283623	0	.3409343	.1307033
623.15	0	.5283055	0	.3408148	.1308798
622.15	0	.5282488	0	.3406957	.1310555
621.15	0	.5281925	0	.3405771	.1312304
620.15	0	.5281364	0	.3404589	.1314047
619.15	0	.5280805	0	.3403412	.1315783
618.15	0	.5280249	0	.340224	.1317511
617.15	0	.5279696	0	.3401072	.1319233
616.15	0	.5279145	0	.3399909	.1320947
615.15	0	.5278596	0	.339875	.1322654
614.15	0	.527805	0	.3397596	.1324354
613.15	0	.5277507	0	.3396446	.1326047
612.15	0	.5276966	0	.3395301	.1327733
611.15	0	.5276428	0	.339416	.1329412
610.15	0	.5275892	0	.3393024	.1331084
609.15	0	.5275359	0	.3391892	.1332749
608.15	0	.5274828	0	.3390765	.1334407
607.15	0	.5274299	0	.3389643	.1336058
606.15	0	.5273773	0	.3388525	.1337702
605.15	0	.527325	0	.3387411	.1339339
604.15	0	.5272729	0	.3386302	.1340969
603.15	0	.527221	0	.3385197	.1342592
602.15	0	.5271694	0	.3384097	.1344209
601.15	0	.5271181	0	.3383002	.1345818
600.15	0	.5270669	0	.338191	.134742
599.15	0	.5270161	0	.3380823	.1349016
598.15	0	.5269654	0	.3379741	.1350605
597.15	0	.526915	0	.3378663	.1352187
596.15	0	.5268649	0	.337759	.1353762
595.15	0	.526815	0	.337652	.135533
594.15	0	.5267653	0	.3375456	.1356891
593.15	0	.5267159	0	.3374395	.1358446
592.15	0	.5266667	0	.3373339	.1359994
591.15	0	.5266177	0	.3372288	.1361535
590.15	0	.526569	0	.3371241	.1363069
589.15	0	.5265206	0	.3370198	.1364597
588.15	0	.5264723	0	.3369159	.1366118
587.15	0	.5264243	0	.3368125	.1367632
586.15	0	.5263765	0	.3367095	.1369139
585.15	0	.526329	0	.336607	.137064
584.15	0	.5262817	0	.3365049	.1372134
583.15	0	.5262346	0	.3364032	.1373622
582.15	0	.5261878	0	.336302	.1375102
581.15	0	.5261412	0	.3362011	.1376577
580.15	0	.5260948	0	.3361007	.1378044
579.15	0	.5260487	0	.3360008	.1379505
578.15	0	.5260028	0	.3359012	.138096
577.15	0	.5259571	0	.3358021	.1382407
576.15	0	.5259117	0	.3357034	.1383849
575.15	0	.5258665	0	.3356052	.1385283
574.15	0	.5258215	0	.3355073	.1386712
573.15	0	.5257767	0	.3354099	.1388134
572.15	0	.5257322	0	.3353129	.1389549
571.15	0	.5256879	0	.3352164	.1390958
570.15	0	.5256438	0	.3351202	.139236
569.15	0	.5255999	0	.3350245	.1393756
568.15	0	.5255563	0	.3349292	.1395145
567.15	0	.5255129	0	.3348343	.1396528
566.15	0	.5254697	0	.3347398	.1397905
565.15	0	.5254268	0	.3346457	.1399275
564.15	0	.525384	0	.3345521	.1400639
563.15	0	.5253415	0	.3344589	.1401997
562.15	0	.5252992	0	.334366	.1403348
561.15	0	.5252571	0	.3342736	.1404693
560.15	0	.5252153	0	.3341816	.1406031
559.15	0	.5251736	0	.33409	.1407364
558.15	0	.5251322	0	.3339988	.140869
557.15	0	.525091	0	.3339081	.141001
556.15	0	.52505	0	.3338177	.1411323
555.15	0	.5250092	0	.3337277	.141263
554.15	0	.5249687	0	.3336382	.1413931
553.15	0	.5249283	0	.333549	.1415226
552.15	0	.5248882	0	.3334603	.1416515
551.15	0	.5248483	0	.3333719	.1417798
550.15	0	.5248086	0	.3332839	.1419075
549.15	0	.5247691	0	.3331964	.1420345
548.15	0	.5247298	0	.3331093	.1421609
547.15	0	.5246908	0	.3330225	.1422867
546.15	0	.5246519	0	.3329361	.142412
545.15	0	.5246133	0	.3328502	.1425366
544.15	0	.5245748	0	.3327646	.1426606
543.15	0	.5245366	0	.3326794	.142784
542.15	0	.5244986	0	.3325946	.1429068
541.15	0	.5244607	0	.3325102	.143029
540.15	0	.5244231	0	.3324262	.1431507
539.15	0	.5243857	0	.3323426	.1432717
538.15	0	.5243485	0	.3322594	.1433921
537.15	0	.5243115	0	.3321765	.143512
536.15	0	.5242747	0	.3320941	.1436312
535.15	0	.5242381	0	.332012	.1437499
534.15	0	.5242017	0	.3319303	.143868
533.15	0	.5241656	0	.331849	.1439855
532.15	0	.5241295	0	.331768	.1441024
531.15	0	.5240938	0	.3316875	.1442188
530.15	0	.5240582	0	.3316073	.1443345
529.15	0	.5240228	0	.3315275	.1444497
528.15	0	.5239876	0	.3314481	.1445644
527.15	0	.5239526	0	.331369	.1446784
526.15	0	.5239178	0	.3312903	.1447919
525.15	0	.5238831	0	.331212	.1449048
524.15	0	.5238487	0	.3311341	.1450172
523.15	0	.5238145	0	.3310565	.145129
522.15	0	.5237805	0	.3309793	.1452402
521.15	0	.5237466	0	.3309025	.1453509
520.15	0	.523713	0	.330826	.145461
519.15	0	.5236795	0	.3307499	.1455706
518.15	0	.5236463	0	.3306741	.1456796
517.15	0	.5236132	0	.3305987	.1457881
516.15	0	.5235803	0	.3305237	.145896
515.15	0	.5235476	0	.330449	.1460034
514.15	0	.5235151	0	.3303747	.1461102
513.15	0	.5234827	0	.3303008	.1462165
512.15	0	.5234506	0	.3302272	.1463223
511.15	0	.5234186	0	.3301539	.1464275
510.15	0	.5233869	0	.330081	.1465321
509.15	0	.5233553	0	.3300084	.1466363
508.15	0	.5233238	0	.3299362	.1467399
507.15	0	.5232926	0	.3298644	.146843
506.15	0	.5232616	0	.3297929	.1469456
505.15	0	.5232307	0	.3297217	.1470476
504.15	0	.5232	0	.3296509	.1471491
503.15	0	.5231695	0	.3295804	.1472501
502.15	0	.5231391	0	.3295103	.1473506
501.15	0	.523109	0	.3294405	.1474506
500.15	0	.523079	0	.329371	.14755
499.15	0	.5230492	0	.3293019	.147649
498.15	0	.5230195	0	.3292331	.1477474
497.15	0	.5229901	0	.3291646	.1478454
496.15	0	.5229608	0	.3290964	.1479428
495.15	0	.5229316	0	.3290286	.1480397
494.15	0	.5229027	0	.3289612	.1481362
493.15	0	.5228739	0	.328894	.1482321
492.15	0	.5228453	0	.3288272	.1483275
491.15	0	.5228168	0	.3287607	.1484225
490.15	0	.5227886	0	.3286945	.148517
489.15	0	.5227604	0	.3286286	.1486109
488.15	0	.5227325	0	.3285631	.1487044
487.15	0	.5227047	0	.3284979	.1487974
486.15	0	.5226771	0	.3284329	.14889
485.15	0	.5226496	0	.3283683	.148982
484.15	0	.5226223	0	.3283041	.1490736
483.15	0	.5225952	0	.3282401	.1491647
482.15	0	.5225682	0	.3281764	.1492554
481.15	0	.5225414	0	.3281131	.1493455
480.15	0	.5225148	0	.32805	.1494352
479.15	0	.5224882	0	.3279872	.1495245
478.15	0	.5224619	0	.3279248	.1496133
477.15	0	.5224357	0	.3278627	.1497016
476.15	0	.5224097	0	.3278008	.1497895
475.15	0	.5223838	0	.3277393	.1498769
474.15	0	.5223581	0	.327678	.1499639
473.15	0	.5223325	0	.327617	.1500504
472.15	0	.5223071	0	.3275564	.1501365
471.15	0	.5222818	0	.327496	.1502222
470.15	0	.5222567	0	.3274359	.1503074
469.15	0	.5222317	0	.3273761	.1503922
468.15	0	.5222069	0	.3273166	.1504765
467.15	0	.5221823	0	.3272574	.1505604
466.15	0	.5221577	0	.3271984	.1506439
465.15	0	.5221333	0	.3271397	.1507269
464.15	0	.5221091	0	.3270813	.1508096
463.15	0	.522085	0	.3270232	.1508918
462.15	0	.5220611	0	.3269654	.1509736
461.15	0	.5220373	0	.3269078	.1510549
460.15	0	.5220136	0	.3268505	.1511359
459.15	0	.52199	0	.3267935	.1512165
458.15	0	.5219667	0	.3267368	.1512966
457.15	0	.5219434	0	.3266803	.1513763
456.15	0	.5219203	0	.326624	.1514557
455.15	0	.5218973	0	.3265681	.1515346
454.15	0	.5218745	0	.3265124	.1516132
453.15	0	.5218518	0	.3264569	.1516913
