T	 BPW(LIQUID)	BPW(BCC_A2)	BPW(FCC_A1)	BPW(LAVES_PHASE_C14)	BPW(NI3TI)
1473.15	0	1	0	0	0
1472.15	0	1	0	0	0
1471.15	0	1	0	0	0
1470.15	0	1	0	0	0
1469.15	0	1	0	0	0
1468.15	0	1	0	0	0
1467.15	0	1	0	0	0
1466.15	0	1	0	0	0
1465.15	0	1	0	0	0
1464.15	0	1	0	0	0
1463.15	0	1	0	0	0
1462.15	0	1	0	0	0
1461.15	0	1	0	0	0
1460.15	0	1	0	0	0
1459.15	0	1	0	0	0
1458.15	0	1	0	0	0
1457.15	0	1	0	0	0
1456.15	0	1	0	0	0
1455.15	0	1	0	0	0
1454.15	0	1	0	0	0
1453.15	0	1	0	0	0
1452.15	0	1	0	0	0
1451.15	0	1	0	0	0
1450.15	0	1	0	0	0
1449.15	0	1	0	0	0
1448.15	0	1	0	0	0
1447.15	0	1	0	0	0
1446.15	0	1	0	0	0
1445.15	0	1	0	0	0
1444.15	0	1	0	0	0
1443.15	0	1	0	0	0
1442.15	0	1	0	0	0
1441.15	0	1	0	0	0
1440.15	0	1	0	0	0
1439.15	0	1	0	0	0
1438.15	0	1	0	0	0
1437.15	0	1	0	0	0
1436.15	0	1	0	0	0
1435.15	0	1	0	0	0
1434.15	0	1	0	0	0
1433.15	0	1	0	0	0
1432.15	0	1	0	0	0
1431.15	0	1	0	0	0
1430.15	0	1	0	0	0
1429.15	0	1	0	0	0
1428.15	0	1	0	0	0
1427.15	0	1	0	0	0
1426.15	0	1	0	0	0
1425.15	0	1	0	0	0
1424.15	0	1	0	0	0
1423.15	0	1	0	0	0
1422.15	0	1	0	0	0
1421.15	0	1	0	0	0
1420.15	0	1	0	0	0
1419.15	0	1	0	0	0
1418.15	0	1	0	0	0
1417.15	0	1	0	0	0
1416.15	0	1	0	0	0
1415.15	0	1	0	0	0
1414.15	0	1	0	0	0
1413.15	0	1	0	0	0
1412.15	0	1	0	0	0
1411.15	0	1	0	0	0
1410.15	0	1	0	0	0
1409.15	0	1	0	0	0
1408.15	0	1	0	0	0
1407.15	0	1	0	0	0
1406.15	0	1	0	0	0
1405.15	0	1	0	0	0
1404.15	0	1	0	0	0
1403.15	0	1	0	0	0
1402.15	0	1	0	0	0
1401.15	0	1	0	0	0
1400.15	0	1	0	0	0
1399.15	0	1	0	0	0
1398.15	0	1	0	0	0
1397.15	0	1	0	0	0
1396.15	0	1	0	0	0
1395.15	0	1	0	0	0
1394.15	0	1	0	0	0
1393.15	0	1	0	0	0
1392.15	0	1	0	0	0
1391.15	0	1	0	0	0
1390.15	0	1	0	0	0
1389.15	0	1	0	0	0
1388.15	0	1	0	0	0
1387.15	0	1	0	0	0
1386.15	0	1	0	0	0
1385.15	0	1	0	0	0
1384.15	0	1	0	0	0
1383.15	0	1	0	0	0
1382.15	0	1	0	0	0
1381.15	0	1	0	0	0
1380.15	0	1	0	0	0
1379.15	0	1	0	0	0
1378.15	0	1	0	0	0
1377.15	0	1	0	0	0
1376.15	0	1	0	0	0
1375.15	0	1	0	0	0
1374.15	0	1	0	0	0
1373.15	0	1	0	0	0
1372.15	0	1	0	0	0
1371.15	0	1	0	0	0
1370.15	0	1	0	0	0
1369.15	0	1	0	0	0
1368.15	0	1	0	0	0
1367.15	0	1	0	0	0
1366.15	0	1	0	0	0
1365.15	0	1	0	0	0
1364.15	0	1	0	0	0
1363.15	0	1	0	0	0
1362.15	0	1	0	0	0
1361.15	0	1	0	0	0
1360.15	0	1	0	0	0
1359.15	0	1	0	0	0
1358.15	0	1	0	0	0
1357.15	0	1	0	0	0
1356.15	0	1	0	0	0
1355.15	0	1	0	0	0
1354.15	0	1	0	0	0
1353.15	0	1	0	0	0
1352.15	0	1	0	0	0
1351.15	0	1	0	0	0
1350.15	0	1	0	0	0
1349.15	0	1	0	0	0
1348.15	0	1	0	0	0
1347.15	0	1	0	0	0
1346.15	0	1	0	0	0
1345.15	0	1	0	0	0
1344.15	0	1	0	0	0
1343.15	0	1	0	0	0
1342.15	0	1	0	0	0
1341.15	0	1	0	0	0
1340.15	0	1	0	0	0
1339.15	0	1	0	0	0
1338.15	0	1	0	0	0
1337.15	0	1	0	0	0
1336.15	0	1	0	0	0
1335.15	0	1	0	0	0
1334.15	0	1	0	0	0
1333.15	0	1	0	0	0
1332.15	0	1	0	0	0
1331.15	0	1	0	0	0
1330.15	0	1	0	0	0
1329.15	0	1	0	0	0
1328.15	0	1	0	0	0
1327.15	0	1	0	0	0
1326.15	0	1	0	0	0
1325.15	0	1	0	0	0
1324.15	0	1	0	0	0
1323.15	0	1	0	0	0
1322.15	0	1	0	0	0
1321.15	0	1	0	0	0
1320.15	0	1	0	0	0
1319.15	0	1	0	0	0
1318.15	0	1	0	0	0
1317.15	0	1	0	0	0
1316.15	0	1	0	0	0
1315.15	0	1	0	0	0
1314.15	0	1	0	0	0
1313.15	0	1	0	0	0
1312.15	0	1	0	0	0
1311.15	0	1	0	0	0
1310.15	0	1	0	0	0
1309.15	0	1	0	0	0
1308.15	0	1	0	0	0
1307.15	0	1	0	0	0
1306.15	0	1	0	0	0
1305.15	0	1	0	0	0
1304.15	0	1	0	0	0
1303.15	0	1	0	0	0
1302.15	0	1	0	0	0
1301.15	0	1	0	0	0
1300.15	0	1	0	0	0
1299.15	0	1	0	0	0
1298.15	0	1	0	0	0
1297.15	0	1	0	0	0
1296.15	0	1	0	0	0
1295.15	0	1	0	0	0
1294.15	0	1	0	0	0
1293.15	0	1	0	0	0
1292.15	0	1	0	0	0
1291.15	0	1	0	0	0
1290.15	0	1	0	0	0
1289.15	0	1	0	0	0
1288.15	0	1	0	0	0
1287.15	0	1	0	0	0
1286.15	0	1	0	0	0
1285.15	0	1	0	0	0
1284.15	0	1	0	0	0
1283.15	0	1	0	0	0
1282.15	0	1	0	0	0
1281.15	0	1	0	0	0
1280.15	0	1	0	0	0
1279.15	0	1	0	0	0
1278.15	0	1	0	0	0
1277.15	0	1	0	0	0
1276.15	0	1	0	0	0
1275.15	0	1	0	0	0
1274.15	0	1	0	0	0
1273.15	0	1	0	0	0
1272.15	0	1	0	0	0
1271.15	0	1	0	0	0
1270.15	0	1	0	0	0
1269.15	0	1	0	0	0
1268.15	0	1	0	0	0
1267.15	0	1	0	0	0
1266.15	0	1	0	0	0
1265.15	0	1	0	0	0
1264.15	0	1	0	0	0
1263.15	0	1	0	0	0
1262.15	0	1	0	0	0
1261.15	0	1	0	0	0
1260.15	0	1	0	0	0
1259.15	0	1	0	0	0
1258.15	0	1	0	0	0
1257.15	0	1	0	0	0
1256.15	0	1	0	0	0
1255.15	0	1	0	0	0
1254.15	0	1	0	0	0
1253.15	0	1	0	0	0
1252.15	0	1	0	0	0
1251.15	0	1	0	0	0
1250.15	0	1	0	0	0
1249.15	0	1	0	0	0
1248.15	0	1	0	0	0
1247.15	0	1	0	0	0
1246.15	0	1	0	0	0
1245.15	0	1	0	0	0
1244.15	0	1	0	0	0
1243.15	0	1	0	0	0
1242.15	0	1	0	0	0
1241.15	0	1	0	0	0
1240.15	0	1	0	0	0
1239.15	0	1	0	0	0
1238.15	0	1	0	0	0
1237.15	0	1	0	0	0
1236.15	0	1	0	0	0
1235.15	0	1	0	0	0
1234.15	0	1	0	0	0
1233.15	0	1	0	0	0
1232.15	0	1	0	0	0
1231.15	0	1	0	0	0
1230.15	0	1	0	0	0
1229.15	0	1	0	0	0
1228.15	0	1	0	0	0
1227.15	0	1	0	0	0
1226.15	0	1	0	0	0
1225.15	0	1	0	0	0
1224.15	0	1	0	0	0
1223.15	0	1	0	0	0
1222.15	0	1	0	0	0
1221.15	0	1	0	0	0
1220.15	0	1	0	0	0
1219.15	0	1	0	0	0
1218.15	0	1	0	0	0
1217.15	0	1	0	0	0
1216.15	0	1	0	0	0
1215.15	0	1	0	0	0
1214.15	0	1	0	0	0
1213.15	0	1	0	0	0
1212.15	0	1	0	0	0
1211.15	0	1	0	0	0
1210.15	0	1	0	0	0
1209.578	0	1	0	0	0
1209.578	0	1	0	0	0
1209.578	0	1	0	0	0
1209.15	0	.9997793	0	2.20743E-04	0
1208.15	0	.9992642	0	7.358471E-04	0
1207.15	0	.9987502	0	.00124983	0
1206.15	0	.9982373	0	.001762695	0
1205.15	0	.9977256	0	.002274443	0
1204.15	0	.9972149	0	.002785079	0
1203.15	0	.9967054	0	.003294603	0
1202.15	0	.996197	0	.00380302	0
1201.15	0	.9956897	0	.004310332	0
1200.15	0	.9951835	0	.00481654	0
1199.15	0	.9946784	0	.005321649	0
1198.15	0	.9941743	0	.005825659	0
1197.15	0	.9936714	0	.006328575	0
1196.15	0	.9931696	0	.006830397	0
1195.15	0	.9926689	0	.00733113	0
1194.15	0	.9921692	0	.007830775	0
1193.15	0	.9916707	0	.008329336	0
1192.15	0	.9911732	0	.008826813	0
1191.15	0	.9906768	0	.009323211	0
1190.15	0	.9901815	0	.00981853	0
1189.15	0	.9896872	0	.01031278	0
1188.15	0	.9891941	0	.01080595	0
1187.15	0	.9887019	0	.01129805	0
1186.15	0	.9882109	0	.01178908	0
1185.15	0	.9877209	0	.01227905	0
1184.15	0	.987232	0	.01276796	0
1183.15	0	.9867442	0	.0132558	0
1182.15	0	.9862574	0	.01374259	0
1181.15	0	.9857717	0	.01422832	0
1180.15	0	.985287	0	.01471299	0
1179.15	0	.9848034	0	.01519662	0
1178.15	0	.9843208	0	.0156792	0
1177.15	0	.9838393	0	.01616073	0
1176.15	0	.9833588	0	.01664122	0
1175.15	0	.9828793	0	.01712066	0
1174.15	0	.9824009	0	.01759906	0
1173.15	0	.9819236	0	.01807643	0
1172.15	0	.9814472	0	.01855276	0
1171.15	0	.9809719	0	.01902807	0
1170.15	0	.9804977	0	.01950233	0
1169.15	0	.9800244	0	.01997558	0
1168.15	0	.9795522	0	.02044779	0
1167.15	0	.979081	0	.02091898	0
1166.15	0	.9786108	0	.02138915	0
1165.15	0	.9781417	0	.0218583	0
1164.15	0	.9776736	0	.02232644	0
1163.15	0	.9772065	0	.02279355	0
1162.15	0	.9767403	0	.02325966	0
1161.15	0	.9762752	0	.02372476	0
1160.15	0	.9758112	0	.02418884	0
1159.15	0	.9753481	0	.02465192	0
1158.15	0	.974886	0	.025114	0
1157.15	0	.9744249	0	.02557507	0
1156.15	0	.9739648	0	.02603515	0
1155.15	0	.9735058	0	.02649422	0
1154.15	0	.9730477	0	.02695232	0
1153.15	0	.9725906	0	.02740941	0
1152.15	0	.9721345	0	.02786551	0
1151.15	0	.9716794	0	.02832062	0
1150.15	0	.9712253	0	.02877473	0
1149.15	0	.9707721	0	.02922787	0
1148.15	0	.97032	0	.02968002	0
1147.15	0	.9698688	0	.03013119	0
1146.15	0	.9694186	0	.03058138	0
1145.15	0	.9689694	0	.03103059	0
1144.15	0	.9685212	0	.03147883	0
1143.15	0	.9680739	0	.0319261	0
1142.15	0	.9676276	0	.03237239	0
1141.15	0	.9671823	0	.03281772	0
1140.15	0	.9667379	0	.03326207	0
1139.15	0	.9662945	0	.03370547	0
1138.15	0	.9658521	0	.0341479	0
1137.15	0	.9654106	0	.03458937	0
1136.15	0	.9649701	0	.03502988	0
1135.15	0	.9645306	0	.03546943	0
1134.15	0	.964092	0	.03590803	0
1133.15	0	.9636543	0	.03634567	0
1132.15	0	.9632176	0	.03678237	0
1131.15	0	.9627819	0	.03721811	0
1130.15	0	.9623471	0	.03765291	0
1129.15	0	.9619132	0	.03808676	0
1128.15	0	.9614803	0	.03851966	0
1127.15	0	.9610484	0	.03895163	0
1126.15	0	.9606174	0	.03938265	0
1125.15	0	.9601873	0	.03981274	0
1124.15	0	.9597581	0	.04024189	0
1123.15	0	.9593299	0	.0406701	0
1122.15	0	.9589026	0	.04109738	0
1121.15	0	.9584763	0	.04152373	0
1120.15	0	.9580509	0	.04194915	0
1119.15	0	.9576263	0	.04237365	0
1118.15	0	.9572028	0	.04279722	0
1117.15	0	.9567801	0	.04321986	0
1116.15	0	.9563584	0	.04364159	0
1115.15	0	.9559376	0	.04406239	0
1114.15	0	.9555177	0	.04448228	0
1113.15	0	.9550988	0	.04490124	0
1112.15	0	.9546807	0	.0453193	0
1111.15	0	.9542636	0	.04573644	0
1110.15	0	.9538473	0	.04615267	0
1109.15	0	.953432	0	.04656799	0
1108.15	0	.9530176	0	.0469824	0
1107.15	0	.9526041	0	.0473959	0
1106.15	0	.9521915	0	.0478085	0
1105.15	0	.9517798	0	.0482202	0
1104.15	0	.951369	0	.048631	0
1103.15	0	.9509591	0	.04904089	0
1102.15	0	.9505501	0	.04944989	0
1101.15	0	.950142	0	.049858	0
1100.15	0	.9497348	0	.05026521	0
1099.15	0	.9493285	0	.05067152	0
1098.15	0	.948923	0	.05107694	0
1097.15	0	.9485185	0	.05148148	0
1096.15	0	.9481149	0	.05188513	0
1095.15	0	.9477121	0	.05228789	0
1094.15	0	.9473102	0	.05268976	0
1093.15	0	.9469092	0	.05309076	0
1092.15	0	.9465091	0	.05349087	0
1091.15	0	.9461099	0	.0538901	0
1090.15	0	.9457116	0	.05428845	0
1089.15	0	.9453141	0	.05468593	0
1088.15	0	.9449175	0	.05508253	0
1087.15	0	.9445217	0	.05547826	0
1086.15	0	.9441269	0	.05587312	0
1085.15	0	.9437329	0	.0562671	0
1084.15	0	.9433398	0	.05666022	0
1083.15	0	.9429475	0	.05705247	0
1082.15	0	.9425562	0	.05744385	0
1081.15	0	.9421656	0	.05783437	0
1080.15	0	.941776	0	.05822402	0
1079.15	0	.9413872	0	.05861282	0
1078.15	0	.9409992	0	.05900075	0
1077.15	0	.9406122	0	.05938783	0
1076.15	0	.9402259	0	.05977405	0
1075.15	0	.9398406	0	.06015941	0
1074.15	0	.9394561	0	.06054392	0
1073.15	0	.9390724	0	.06092758	0
1072.15	0	.9386896	0	.06131039	0
1071.15	0	.9383077	0	.06169234	0
1070.15	0	.9379266	0	.06207345	0
1069.15	0	.9375463	0	.06245371	0
1068.15	0	.9371669	0	.06283313	0
1067.15	0	.9367883	0	.0632117	0
1066.15	0	.9364106	0	.06358943	0
1065.15	0	.9360337	0	.06396632	0
1064.15	0	.9356576	0	.06434237	0
1063.15	0	.9352824	0	.06471758	0
1062.15	0	.934908	0	.06509196	0
1061.15	0	.9345345	0	.0654655	0
1060.15	0	.9341618	0	.0658382	0
1059.15	0	.9337899	0	.06621008	0
1058.15	0	.9334189	0	.06658112	0
1057.15	0	.9330487	0	.06695133	0
1056.15	0	.9326793	0	.06732071	0
1055.15	0	.9323107	0	.06768927	0
1054.15	0	.931943	0	.068057	0
1053.15	0	.9315761	0	.0684239	0
1052.15	0	.93121	0	.06878999	0
1051.15	0	.9308447	0	.06915525	0
1050.15	0	.9304803	0	.06951969	0
1049.15	0	.9301167	0	.06988331	0
1048.15	0	.9297539	0	.07024611	0
1047.15	0	.9293919	0	.0706081	0
1046.15	0	.9290307	0	.07096927	0
1045.15	0	.9286704	0	.07132962	0
1044.15	0	.9283108	0	.07168916	0
1043.15	0	.9279521	0	.0720479	0
1042.15	0	.9275942	0	.07240582	0
1041.15	0	.9272371	0	.07276293	0
1040.15	0	.9268808	0	.07311924	0
1039.15	0	.9265253	0	.07347473	0
1038.15	0	.9261706	0	.07382943	0
1037.15	0	.9258167	0	.07418332	0
1036.15	0	.9254636	0	.0745364	0
1035.15	0	.9251113	0	.07488869	0
1034.15	0	.9247598	0	.07524017	0
1033.15	0	.9244091	0	.07559086	0
1032.15	0	.9240592	0	.07594075	0
1031.15	0	.9237102	0	.07628984	0
1030.15	0	.9233619	0	.07663813	0
1029.15	0	.9230144	0	.07698563	0
1028.15	0	.9226677	0	.07733234	0
1027.15	0	.9223217	0	.07767826	0
1026.15	0	.9219766	0	.07802338	0
1025.15	0	.9216323	0	.07836772	0
1024.15	0	.9212887	0	.07871127	0
1023.15	0	.920946	0	.07905403	0
1022.15	0	.920604	0	.079396	0
1021.15	0	.9202628	0	.07973719	0
1020.15	0	.9199224	0	.0800776	0
1019.15	0	.9195828	0	.08041722	0
1018.15	0	.9192439	0	.08075606	0
1017.15	0	.9189059	0	.08109413	0
1016.15	0	.9185686	0	.08143141	0
1015.15	0	.9182321	0	.08176791	0
1014.15	0	.9178964	0	.08210364	0
1013.15	0	.9175614	0	.08243859	0
1012.15	0	.9172272	0	.08277277	0
1011.15	0	.9168938	0	.08310617	0
1010.15	0	.9165612	0	.0834388	0
1009.15	0	.9162293	0	.08377066	0
1008.15	0	.9158983	0	.08410175	0
1007.15	0	.9155679	0	.08443207	0
1006.15	0	.9152384	0	.08476163	0
1005.15	0	.9149096	0	.08509041	0
1004.15	0	.9145816	0	.08541843	0
1003.15	0	.9142543	0	.08574569	0
1002.15	0	.9139278	0	.08607218	0
1001.15	0	.9136021	0	.0863979	0
1000.15	0	.9132771	0	.08672287	0
999.15	0	.9129529	0	.08704708	0
998.15	0	.9126295	0	.08737052	0
997.15	0	.9123068	0	.08769321	0
996.15	0	.9119849	0	.08801514	0
995.15	0	.9116637	0	.08833631	0
994.15	0	.9113433	0	.08865673	0
993.15	0	.9110236	0	.08897639	0
992.15	0	.9107047	0	.08929531	0
991.15	0	.9103865	0	.08961346	0
990.15	0	.9100691	0	.08993087	0
989.15	0	.9097525	0	.09024753	0
988.15	0	.9094366	0	.09056344	0
987.15	0	.9091214	0	.09087859	0
986.15	0	.908807	0	.09119301	0
985.15	0	.9084933	0	.09150667	0
984.15	0	.9081804	0	.09181959	0
983.15	0	.9078682	0	.09213177	0
982.15	0	.9075568	0	.0924432	0
981.15	0	.9072461	0	.09275389	0
980.15	0	.9069362	0	.09306384	0
979.15	0	.906627	0	.09337305	0
978.15	0	.9063185	0	.09368152	0
977.15	0	.9060108	0	.09398925	0
976.15	0	.9057038	0	.09429625	0
975.15	0	.9053975	0	.0946025	0
974.15	0	.905092	0	.09490802	0
973.15	0	.9047872	0	.09521281	0
972.15	0	.9044831	0	.09551687	0
971.15	0	.9041798	0	.09582019	0
970.15	0	.9038772	0	.09612278	0
969.15	0	.9035754	0	.09642464	0
968.15	0	.9032742	0	.09672577	0
967.15	0	.9029738	0	.09702617	0
966.15	0	.9026742	0	.09732584	0
965.15	0	.9023752	0	.09762479	0
964.15	0	.902077	0	.097923	0
963.15	0	.9017795	0	.0982205	0
962.15	0	.9014827	0	.09851727	0
961.15	0	.9011867	0	.09881332	0
960.15	0	.9008914	0	.09910865	0
959.15	0	.9005968	0	.09940325	0
958.15	0	.9003029	0	.09969713	0
957.15	0	.9000097	0	.0999903	0
956.15	0	.8997173	0	.1002828	0
955.15	0	.8994255	0	.1005745	0
954.15	0	.8991345	0	.1008655	0
953.15	0	.8988442	0	.1011558	0
952.15	0	.8985546	0	.1014454	0
951.15	0	.8982658	0	.1017342	0
950.15	0	.8979776	0	.1020224	0
949.15	0	.8976902	0	.1023098	0
948.15	0	.8974034	0	.1025966	0
947.15	0	.8971174	0	.1028826	0
946.15	0	.8968321	0	.1031679	0
945.15	0	.8965475	0	.1034525	0
944.15	0	.8962636	0	.1037364	0
943.15	0	.8959804	0	.1040196	0
942.15	0	.8956979	0	.1043021	0
941.15	0	.8954161	0	.1045838	0
940.15	0	.8951351	0	.1048649	0
939.15	0	.8948547	0	.1051453	0
938.15	0	.894575	0	.105425	0
937.15	0	.8942961	0	.1057039	0
936.15	0	.8940178	0	.1059822	0
935.15	0	.8937402	0	.1062598	0
934.15	0	.8934633	0	.1065367	0
933.15	0	.8931872	0	.1068128	0
932.15	0	.8929117	0	.1070883	0
931.15	0	.8926369	0	.1073631	0
930.15	0	.8923628	0	.1076372	0
929.15	0	.8920894	0	.1079106	0
928.15	0	.8918167	0	.1081833	0
927.15	0	.8915447	0	.1084553	0
926.15	0	.8912734	0	.1087266	0
925.15	0	.8910028	0	.1089972	0
924.15	0	.8907328	0	.1092672	0
923.15	0	.8904636	0	.1095364	0
922.15	0	.890195	0	.109805	0
921.15	0	.8899271	0	.1100729	0
920.15	0	.8896599	0	.1103401	0
919.15	0	.8893934	0	.1106066	0
918.15	0	.8891276	0	.1108724	0
917.15	0	.8888625	0	.1111375	0
916.15	0	.888598	0	.111402	0
915.15	0	.8883342	0	.1116658	0
914.15	0	.8880711	0	.1119289	0
913.15	0	.8878087	0	.1121913	0
912.15	0	.8875469	0	.1124531	0
911.15	0	.8872859	0	.1127141	0
910.7661	0	.8871858	0	.1128142	0
910.7661	0	.8871858	0	.1128142	0
910.7661	0	.8871858	0	.1128142	0
910.15	0	.8865643	5.040859E-04	.1129316	0
909.15	0	.8855571	.001321648	.1131213	0
908.15	0	.8845519	.002138503	.1133096	0
907.15	0	.8835488	.00295469	.1134966	0
906.15	0	.8825475	.003770249	.1136822	0
905.15	0	.8815482	.004585225	.1138665	0
904.15	0	.8805508	.005399659	.1140495	0
903.15	0	.8795553	.006213598	.1142311	0
902.15	0	.8785616	.007027088	.1144113	0
901.15	0	.8775697	.007840179	.1145902	0
900.15	0	.8765795	.008652919	.1147676	0
899.15	0	.875591	.009465359	.1149436	0
898.15	0	.8746042	.01027756	.1151182	0
897.15	0	.8736191	.01108957	.1152914	0
896.15	0	.8726355	.01190145	.1154631	0
895.15	0	.8716535	.01271326	.1156333	0
894.15	0	.8706729	.01352506	.115802	0
893.15	0	.8696939	.01433692	.1159692	0
892.15	0	.8687162	.0151489	.1161349	0
891.15	0	.8677398	.01596106	.1162991	0
890.15	0	.8667648	.01677349	.1164617	0
889.15	0	.865791	.01758625	.1166227	0
888.15	0	.8648184	.01839943	.1167822	0
887.15	0	.8638469	.01921309	.11694	0
886.15	0	.8628764	.02002733	.1170963	0
885.15	0	.861907	.02084222	.1172508	0
884.15	0	.8609384	.02165786	.1174037	0
883.15	0	.8599707	.02247434	.117555	0
882.15	0	.8590038	.02329174	.1177045	0
881.15	0	.8580376	.02411018	.1178522	0
880.15	0	.857072	.02492974	.1179983	0
879.15	0	.8561069	.02575055	.1181425	0
878.15	0	.8551423	.0265727	.118285	0
877.15	0	.8541781	.02739631	.1184256	0
876.15	0	.8532141	.0282215	.1185644	0
875.15	0	.8522503	.0290484	.1187013	0
874.15	0	.8512866	.02987712	.1188363	0
873.15	0	.8503229	.03070781	.1189693	0
872.15	0	.849359	.0315406	.1191004	0
871.15	0	.8483949	.03237564	.1192295	0
870.15	0	.8474303	.03321308	.1193566	0
869.15	0	.8464653	.03405306	.1194816	0
868.15	0	.8454997	.03489576	.1196046	0
867.15	0	.8445333	.03574135	.1197254	0
866.15	0	.843566	.03658999	.119844	0
865.15	0	.8425977	.03744189	.1199605	0
864.15	0	.8416281	.03829721	.1200747	0
863.15	0	.8406572	.03915618	.1201866	0
862.15	0	.8396848	.04001899	.1202962	0
861.15	0	.8387106	.04088587	.1204035	0
860.15	0	.8377346	.04175704	.1205084	0
859.15	0	.8367565	.04263275	.1206107	0
858.15	0	.8357761	.04351325	.1207106	0
857.15	0	.8347932	.04439879	.120808	0
856.15	0	.8338076	.04528967	.1209027	0
855.15	0	.8328191	.04618615	.1209947	0
854.15	0	.8318274	.04708856	.1210841	0
853.15	0	.8308322	.04799721	.1211706	0
852.15	0	.8298333	.04891243	.1212543	0
851.15	0	.8288304	.04983458	.121335	0
850.15	0	.8278232	.05076403	.1214128	0
849.15	0	.8268113	.05170119	.1214875	0
848.15	0	.8257945	.05264646	.1215591	0
847.15	0	.8247724	.05360028	.1216274	0
846.15	0	.8237445	.05456312	.1216923	0
845.15	0	.8227106	.05553547	.1217539	0
844.15	0	.8216702	.05651787	.121812	0
843.15	0	.8206228	.05751085	.1218664	0
842.15	0	.8195679	.05851503	.1219171	0
841.15	0	.818505	.05953102	.1219639	0
840.15	0	.8174337	.0605595	.1220068	0
839.15	0	.8163533	.0616012	.1220456	0
838.15	0	.8152631	.06265689	.12208	0
837.15	0	.8141625	.06372738	.1221101	0
836.15	0	.8130508	.06481358	.1221356	0
835.15	0	.811622	.06625575	.1221223	0
834.15	0	.8099215	.06800549	.1220731	0
833.15	0	.8082773	.06969861	.1220241	0
832.15	0	.8066868	.07133769	.1219756	0
831.15	0	.8051475	.07292517	.1219273	0
830.15	0	.8036571	.07446335	.1218795	0
829.15	0	.8022134	.07595446	.1218321	0
828.15	0	.8008143	.07740056	.1217851	0
827.15	0	.7994578	.07880365	.1217385	0
826.15	0	.798142	.08016559	.1216924	0
825.15	0	.7968652	.08148817	.1216467	0
824.15	0	.7956256	.08277307	.1216014	0
823.15	0	.7944216	.0840219	.1215565	0
822.15	0	.7932518	.08523618	.1215121	0
821.15	0	.7921147	.08641734	.121468	0
820.15	0	.7910089	.08756677	.1214243	0
819.15	0	.7899332	.08868576	.1213811	0
818.15	0	.7888863	.08977555	.1213382	0
817.15	0	.7878671	.09083731	.1212956	0
816.15	0	.7868744	.09187217	.1212535	0
815.15	0	.7859072	.09288117	.1212116	0
814.15	0	.7849646	.09386534	.1211701	0
813.15	0	.7840455	.09482563	.1211289	0
812.15	0	.783149	.09576297	.121088	0
811.15	0	.7822744	.09667823	.1210474	0
810.15	0	.7814207	.09757223	.1210071	0
809.15	0	.7805872	.09844577	.120967	0
808.15	0	.7797732	.09929961	.1209272	0
807.15	0	.7789779	.1001345	.1208876	0
806.15	0	.7782007	.100951	.1208483	0
805.15	0	.7774409	.10175	.1208092	0
804.15	0	.7766978	.1025319	.1207703	0
803.15	0	.775971	.1032974	.1207316	0
802.15	0	.7752598	.1040471	.120693	0
801.15	0	.7745638	.1047815	.1206547	0
800.15	0	.7738823	.1055012	.1206165	0
799.15	0	.7732149	.1062066	.1205785	0
798.15	0	.7725611	.1068982	.1205407	0
797.15	0	.7719205	.1075766	.1205029	0
796.15	0	.7712926	.108242	.1204654	0
795.15	0	.7706771	.108895	.1204279	0
794.15	0	.7700734	.109536	.1203905	0
793.15	0	.7694814	.1101653	.1203533	0
792.15	0	.7689004	.1107834	.1203162	0
791.15	0	.7683304	.1113905	.1202791	0
790.15	0	.7677707	.1119871	.1202422	0
789.15	0	.7672213	.1125734	.1202053	0
788.15	0	.7666817	.1131498	.1201685	0
787.15	0	.7661517	.1137166	.1201318	0
786.15	0	.7656309	.114274	.1200951	0
785.15	0	.7651191	.1148224	.1200585	0
784.15	0	.764616	.1153621	.1200219	0
783.15	0	.7641214	.1158932	.1199854	0
782.15	0	.763635	.116416	.1199489	0
781.15	0	.7631567	.1169309	.1199125	0
780.15	0	.762686	.1174379	.1198761	0
779.15	0	.7622229	.1179374	.1198397	0
778.15	0	.7617672	.1184295	.1198033	0
777.15	0	.7613185	.1189145	.119767	0
776.15	0	.7608768	.1193926	.1197307	0
775.15	0	.7604418	.1198638	.1196943	0
774.15	0	.7600134	.1203286	.119658	0
773.15	0	.7595913	.1207869	.1196217	0
772.15	0	.7591755	.1212391	.1195854	0
771.15	0	.7587657	.1216852	.1195491	0
770.15	0	.7583618	.1221254	.1195128	0
769.15	0	.7579636	.1225599	.1194765	0
768.15	0	.757571	.1229889	.1194401	0
767.15	0	.7571839	.1234124	.1194038	0
766.15	0	.756802	.1238306	.1193674	0
765.15	0	.7564253	.1242436	.119331	0
764.15	0	.7560537	.1246517	.1192946	0
763.15	0	.755687	.1250548	.1192582	0
762.15	0	.7553251	.1254532	.1192217	0
761.15	0	.7549679	.1258469	.1191852	0
760.15	0	.7546166	.1262351	.1191484	0
759.15	0	.7542682	.1266199	.1191118	0
758.15	0	.7539243	.1270004	.1190753	0
757.15	0	.7535846	.1273767	.1190387	0
756.15	0	.7532491	.1277489	.119002	0
755.15	0	.7529176	.1281171	.1189653	0
754.15	0	.7525901	.1284813	.1189286	0
753.15	0	.7522665	.1288417	.1188919	0
752.15	0	.7519467	.1291983	.1188551	0
751.15	0	.7516305	.1295513	.1188182	0
750.15	0	.751318	.1299007	.1187813	0
749.15	0	.7510091	.1302466	.1187444	0
748.15	0	.7507036	.130589	.1187074	0
747.15	0	.7504015	.1309282	.1186703	0
746.15	0	.7501027	.1312641	.1186332	0
745.15	0	.7498072	.1315967	.1185961	0
744.15	0	.7495149	.1319263	.1185589	0
743.15	0	.7492256	.1322528	.1185216	0
742.15	0	.7489394	.1325763	.1184843	0
741.15	0	.7486562	.1328968	.118447	0
740.15	0	.7483759	.1332145	.1184096	0
739.15	0	.7480985	.1335294	.1183721	0
738.15	0	.7478239	.1338415	.1183346	0
737.15	0	.7475521	.1341509	.118297	0
736.15	0	.7472829	.1344577	.1182594	0
735.15	0	.7470164	.1347619	.1182217	0
734.15	0	.7467524	.1350636	.118184	0
733.15	0	.7464911	.1353628	.1181462	0
732.15	0	.7462321	.1356595	.1181083	0
731.15	0	.7459757	.1359539	.1180704	0
730.15	0	.7457217	.1362459	.1180324	0
729.15	0	.74547	.1365356	.1179944	0
728.15	0	.7452206	.1368231	.1179563	0
727.15	0	.7449734	.1371084	.1179182	0
726.15	0	.7447285	.1373915	.11788	0
725.15	0	.7444858	.1376724	.1178417	0
724.15	0	.7442453	.1379513	.1178034	0
723.15	0	.7440068	.1382281	.117765	0
722.15	0	.7437704	.1385029	.1177266	0
721.15	0	.7435361	.1387758	.1176881	0
720.15	0	.7433037	.1390467	.1176496	0
719.15	0	.7430733	.1393157	.117611	0
718.15	0	.7428449	.1395828	.1175724	0
717.15	0	.7426183	.1398481	.1175337	0
716.15	0	.7423936	.1401115	.1174949	0
715.15	0	.7421708	.1403732	.1174561	0
714.15	0	.7419497	.1406331	.1174172	0
713.15	0	.7417304	.1408913	.1173783	0
712.15	0	.7415129	.1411479	.1173393	0
711.15	0	.7412971	.1414027	.1173002	0
710.15	0	.7410829	.1416559	.1172611	0
709.15	0	.7408705	.1419076	.117222	0
708.15	0	.7406596	.1421576	.1171828	0
707.15	0	.7404504	.1424061	.1171435	0
706.15	0	.7402428	.142653	.1171042	0
705.15	0	.7400367	.1428984	.1170648	0
704.15	0	.7398322	.1431424	.1170254	0
703.15	0	.7396292	.1433849	.116986	0
702.15	0	.7394276	.1436259	.1169464	0
701.15	0	.7392276	.1438656	.1169069	0
700.15	0	.739029	.1441038	.1168672	0
699.15	0	.7388318	.1443407	.1168276	0
698.15	0	.738636	.1445761	.1167879	0
697.15	0	.7384416	.1448103	.1167481	0
696.15	0	.7382486	.1450432	.1167083	0
695.15	0	.7380569	.1452747	.1166684	0
694.15	0	.7378665	.145505	.1166285	0
693.15	0	.7376775	.145734	.1165885	0
692.15	0	.7374897	.1459618	.1165485	0
691.15	0	.7373033	.1461883	.1165085	0
690.15	0	.737118	.1464136	.1164684	0
689.15	0	.736934	.1466378	.1164282	0
688.15	0	.7367513	.1468607	.116388	0
687.15	0	.7365697	.1470825	.1163478	0
686.15	0	.7363893	.1473032	.1163075	0
685.15	0	.7362101	.1475227	.1162672	0
684.15	0	.7360321	.1477411	.1162268	0
683.15	0	.7358552	.1479584	.1161865	0
682.15	0	.7356794	.1481746	.116146	0
681.15	0	.7355047	.1483897	.1161055	0
680.15	0	.7353312	.1486038	.116065	0
679.15	0	.7351587	.1488169	.1160245	0
678.15	0	.7349873	.1490289	.1159839	0
677.15	0	.734817	.1492398	.1159432	0
676.15	0	.7346476	.1494498	.1159026	0
675.15	0	.7344794	.1496587	.1158619	0
674.15	0	.7343122	.1498667	.1158211	0
673.15	0	.7341459	.1500737	.1157804	0
672.15	0	.7339807	.1502798	.1157395	0
671.15	0	.7338165	.1504848	.1156987	0
670.15	0	.7336532	.150689	.1156578	0
669.15	0	.7334909	.1508922	.1156169	0
668.15	0	.7333295	.1510945	.115576	0
667.15	0	.7331691	.1512959	.115535	0
666.15	0	.7330096	.1514963	.115494	0
665.15	0	.7328511	.1516959	.115453	0
664.15	0	.7326934	.1518946	.1154119	0
663.15	0	.7325367	.1520925	.1153709	0
662.15	0	.7323808	.1522894	.1153298	0
661.15	0	.7322259	.1524855	.1152886	0
660.15	0	.7320718	.1526808	.1152475	0
659.15	0	.7319185	.1528752	.1152063	0
658.15	0	.7317661	.1530688	.1151651	0
657.15	0	.7316146	.1532616	.1151238	0
656.15	0	.7314639	.1534535	.1150826	0
655.15	0	.731314	.1536447	.1150413	0
654.15	0	.731165	.153835	.115	0
653.15	0	.7310167	.1540246	.1149587	0
652.15	0	.7308693	.1542134	.1149174	0
651.15	0	.7307226	.1544014	.114876	0
650.15	0	.7305767	.1545886	.1148346	0
649.15	0	.7304317	.1547751	.1147933	0
648.15	0	.7302874	.1549608	.1147518	0
647.15	0	.7301438	.1551458	.1147104	0
646.15	0	.730001	.15533	.114669	0
645.15	0	.729859	.1555135	.1146275	0
644.15	0	.7297177	.1556963	.1145861	0
643.15	0	.7295771	.1558783	.1145446	0
642.15	0	.7294373	.1560596	.1145031	0
641.15	0	.7292982	.1562402	.1144616	0
640.15	0	.7291598	.1564201	.1144201	0
639.15	0	.7290221	.1565993	.1143786	0
638.15	0	.7288851	.1567778	.1143371	0
637.15	0	.7287488	.1569556	.1142955	0
636.15	0	.7286132	.1571328	.114254	0
635.15	0	.7284783	.1573092	.1142124	0
634.15	0	.7283441	.157485	.1141709	0
633.15	0	.7282106	.1576601	.1141293	0
632.15	0	.7280777	.1578346	.1140878	0
631.15	0	.7279455	.1580084	.1140462	0
630.15	0	.7278139	.1581815	.1140046	0
629.15	0	.727683	.158354	.1139631	0
628.15	0	.7275527	.1585258	.1139215	0
627.15	0	.7274231	.158697	.1138799	0
626.15	0	.7272941	.1588675	.1138384	0
625.15	0	.7271657	.1590375	.1137968	0
624.15	0	.727038	.1592068	.1137552	0
623.15	0	.7269109	.1593755	.1137136	0
622.15	0	.7267844	.1595435	.1136721	0
621.15	0	.7266585	.1597109	.1136305	0
620.15	0	.7265332	.1598778	.113589	0
619.15	0	.7264086	.160044	.1135474	0
618.15	0	.7262845	.1602096	.1135059	0
617.15	0	.726161	.1603746	.1134644	0
616.15	0	.7260381	.160539	.1134229	0
615.15	0	.7259158	.1607028	.1133814	0
614.15	0	.7257941	.1608661	.1133399	0
613.15	0	.7256729	.1610287	.1132984	0
612.15	0	.7255524	.1611907	.1132569	0
611.15	0	.7254323	.1613522	.1132154	0
610.15	0	.7253129	.1615131	.113174	0
609.15	0	.725194	.1616734	.1131326	0
608.15	0	.7250757	.1618332	.1130911	0
607.15	0	.7249579	.1619924	.1130497	0
606.15	0	.7248407	.162151	.1130084	0
605.15	0	.724724	.162309	.112967	0
604.15	0	.7246079	.1624665	.1129256	0
603.15	0	.7244923	.1626234	.1128843	0
602.15	0	.7243772	.1627798	.112843	0
601.15	0	.7242627	.1629356	.1128017	0
600.15	0	.7241487	.1630909	.1127604	0
599.15	0	.7240352	.1632456	.1127192	0
598.15	0	.7239222	.1633998	.112678	0
597.15	0	.7238098	.1635534	.1126368	0
596.15	0	.7236979	.1637066	.1125956	0
595.15	0	.7235865	.1638591	.1125544	0
594.15	0	.7234756	.1640111	.1125133	0
593.15	0	.7233652	.1641626	.1124722	0
592.15	0	.7232553	.1643136	.1124311	0
591.15	0	.7231459	.164464	.1123901	0
590.15	0	.723037	.1646139	.1123491	0
589.15	0	.7229286	.1647633	.1123081	0
588.15	0	.7228207	.1649122	.1122672	0
587.15	0	.7227133	.1650605	.1122262	0
586.15	0	.7226063	.1652083	.1121854	0
585.15	0	.7224999	.1653556	.1121445	0
584.15	0	.7223939	.1655024	.1121037	0
583.15	0	.7222884	.1656487	.1120629	0
582.15	0	.7221834	.1657944	.1120222	0
581.15	0	.7220789	.1659397	.1119815	0
580.15	0	.7219748	.1660844	.1119408	0
579.15	0	.7218712	.1662286	.1119002	0
578.15	0	.7217681	.1663724	.1118596	0
577.15	0	.7216654	.1665156	.111819	0
576.15	0	.7215632	.1666583	.1117785	0
575.15	0	.7214615	.1668005	.111738	0
574.15	0	.7213602	.1669422	.1116976	0
573.15	0	.7212593	.1670835	.1116572	0
572.15	0	.7211589	.1672242	.1116169	0
571.15	0	.721059	.1673644	.1115766	0
570.15	0	.7209595	.1675042	.1115363	0
569.15	0	.7208605	.1676434	.1114961	0
568.15	0	.7207619	.1677822	.1114559	0
567.15	0	.7206637	.1679204	.1114158	0
566.15	0	.720566	.1680582	.1113757	0
565.15	0	.7204687	.1681955	.1113357	0
564.15	0	.7203719	.1683323	.1112958	0
563.15	0	.7202755	.1684686	.1112559	0
562.15	0	.7201795	.1686045	.111216	0
561.15	0	.720084	.1687399	.1111762	0
560.15	0	.7199889	.1688747	.1111364	0
559.15	0	.7198942	.1690091	.1110967	0
558.15	0	.7197999	.169143	.1110571	0
557.15	0	.7197061	.1692765	.1110175	0
556.15	0	.7196126	.1694094	.1109779	0
555.15	0	.7195196	.1695419	.1109385	0
554.15	0	.719427	.1696739	.110899	0
553.15	0	.7193349	.1698055	.1108597	0
552.15	0	.7192431	.1699365	.1108204	0
551.15	0	.7191518	.1700671	.1107811	0
550.15	0	.7190608	.1701973	.1107419	0
549.15	0	.7189703	.1703269	.1107028	0
548.15	0	.7188802	.1704561	.1106637	0
547.15	0	.7187905	.1705848	.1106247	0
546.15	0	.7187012	.170713	.1105858	0
545.15	0	.7186123	.1708408	.1105469	0
544.15	0	.7185238	.1709681	.1105081	0
543.15	0	.7184357	.1710949	.1104694	0
542.15	0	.718348	.1712213	.1104307	0
541.15	0	.7182607	.1713472	.1103921	0
540.15	0	.7181738	.1714727	.1103536	0
539.15	0	.7180872	.1715977	.1103151	0
538.15	0	.7180011	.1717222	.1102767	0
537.15	0	.7179154	.1718463	.1102384	0
536.15	0	.71783	.1719698	.1102001	0
535.15	0	.7177451	.172093	.1101619	0
534.15	0	.7176605	.1722157	.1101238	0
533.15	0	.7175764	.1723379	.1100858	0
532.15	0	.7174926	.1724596	.1100478	0
531.15	0	.7174092	.1725809	.1100099	0
530.15	0	.7173261	.1727018	.1099721	0
529.15	0	.7172435	.1728222	.1099344	0
528.15	0	.7171612	.1729421	.1098967	0
527.15	0	.7170793	.1730616	.1098591	0
526.15	0	.7169978	.1731806	.1098216	0
525.15	0	.7169167	.1732991	.1097842	0
524.15	0	.7168359	.1734172	.1097469	0
523.15	0	.7167556	.1735349	.1097096	0
522.15	0	.7166755	.1736521	.1096724	0
521.15	0	.7165959	.1737688	.1096353	0
520.15	0	.7165166	.1738851	.1095983	0
519.15	0	.7164377	.1740009	.1095613	0
518.15	0	.7163592	.1741163	.1095245	0
517.15	0	.7162811	.1742312	.1094877	0
516.15	0	.7162033	.1743457	.109451	0
515.15	0	.7161258	.1744597	.1094145	0
514.15	0	.7160488	.1745733	.1093779	0
513.15	0	.7159721	.1746864	.1093415	0
512.15	0	.7158957	.1747991	.1093052	0
511.15	0	.7158199	.1749113	.1092689	0
510.15	0	.7157442	.1750231	.1092327	0
509.15	0	.715669	.1751344	.1091966	0
508.15	0	.7155941	.1752453	.1091607	0
507.15	0	.7155195	.1753557	.1091248	0
506.15	0	.7154454	.1754657	.109089	0
505.15	0	.7153715	.1755752	.1090533	0
504.15	0	.7152981	.1756842	.1090177	0
503.15	0	.7152249	.1757929	.1089822	0
502.15	0	.7151522	.1759011	.1089468	0
501.15	0	.7150798	.1760088	.1089115	0
500.15	0	.7150077	.1761161	.1088762	0
499.15	0	.714936	.1762229	.1088411	0
498.15	0	.7148646	.1763293	.1088061	0
497.15	0	.7147936	.1764353	.1087711	0
496.15	0	.7147229	.1765407	.1087363	0
495.15	0	.7146526	.1766458	.1087016	0
494.15	0	.7145826	.1767504	.108667	0
493.15	0	.714513	.1768546	.1086324	0
492.15	0	.7144437	.1769583	.108598	0
491.15	0	.7143748	.1770615	.1085637	0
490.15	0	.7143062	.1771644	.1085295	0
489.15	0	.7142379	.1772667	.1084953	0
488.15	0	.71417	.1773687	.1084613	0
487.15	0	.7141024	.1774701	.1084274	0
486.15	0	.7140352	.1775712	.1083936	0
485.15	0	.7139683	.1776718	.1083599	0
484.15	0	.7139017	.1777719	.1083263	0
483.15	0	.7138355	.1778717	.1082928	0
482.15	0	.7137696	.1779709	.1082595	0
481.15	0	.7137041	.1780697	.1082262	0
480.15	0	.7136389	.1781681	.108193	0
479.15	0	.713574	.1782661	.10816	0
478.15	0	.7135094	.1783635	.1081271	0
477.15	0	.7134452	.1784606	.1080942	0
476.15	0	.7133813	.1785572	.1080615	0
475.15	0	.7133178	.1786533	.1080289	0
474.15	0	.7132545	.1787491	.1079964	0
473.15	0	.7131916	.1788443	.107964	0
472.15	0	.7131291	.1789392	.1079318	0
471.15	0	.7130668	.1790336	.1078996	0
470.15	0	.7130049	.1791275	.1078676	0
469.15	0	.7129433	.179221	.1078357	0
468.15	0	.7128821	.1793141	.1078038	0
467.15	0	.7128212	.1794067	.1077722	0
466.15	0	.7127605	.1794989	.1077406	0
465.15	0	.7127003	.1795906	.1077091	0
464.15	0	.7126403	.1796819	.1076778	0
463.15	0	.7125807	.1797728	.1076466	0
462.15	0	.7125213	.1798632	.1076155	0
461.15	0	.7124623	.1799531	.1075845	0
460.15	0	.7124037	.1800427	.1075537	0
459.15	0	.7123453	.1801318	.1075229	0
458.15	0	.7122873	.1802204	.1074923	0
457.15	0	.7122296	.1803086	.1074618	0
456.15	0	.7121722	.1803964	.1074315	0
455.15	0	.7121151	.1804837	.1074012	0
454.15	0	.7120583	.1805706	.1073711	0
453.15	0	.7120019	.180657	.1073411	0
452.15	0	.7119457	.1807431	.1073112	0
451.15	0	.7118899	.1808286	.1072815	0
450.15	0	.7118344	.1809138	.1072518	0
449.15	0	.7117793	.1809984	.1072224	0
448.15	0	.7117244	.1810826	.107193	0
447.15	0	.7116699	.1811663	.1071638	0
446.15	0	.7116157	.1812496	.1071347	0
445.15	0	.7115619	.1813324	.1071057	0
444.15	0	.7115083	.1814147	.1070769	0
443.15	0	.7114551	.1814966	.1070483	0
442.15	0	.7114023	.181578	.1070197	0
441.15	0	.7113497	.1816589	.1069913	0
440.15	0	.7112976	.1817394	.1069631	0
439.15	0	.7112457	.1818193	.106935	0
438.15	0	.7111942	.1818988	.1069071	0
437.15	0	.711143	.1819777	.1068793	0
436.15	0	.7110922	.1820562	.1068516	0
435.15	0	.7110417	.1821342	.1068241	0
434.15	0	.7109916	.1822116	.1067968	0
433.15	0	.7109419	.1822886	.1067696	0
432.15	0	.7108924	.182365	.1067425	0
431.15	0	.7108434	.182441	.1067157	0
430.15	0	.7107946	.1825164	.106689	0
429.15	0	.7107463	.1825913	.1066624	0
428.15	0	.7106983	.1826657	.106636	0
427.15	0	.7106507	.1827395	.1066098	0
426.15	0	.7106034	.1828129	.1065838	0
425.15	0	.7105564	.1828857	.1065579	0
424.15	0	.7105099	.182958	.1065321	0
423.15	0	.7104636	.1830298	.1065066	0
422.15	0	.7104178	.1831011	.1064812	0
421.15	0	.7103723	.1831718	.1064559	0
420.15	0	.7103271	.183242	.1064309	0
419.15	0	.7102823	.1833117	.106406	0
418.15	0	.7102379	.1833809	.1063813	0
417.15	0	.7101938	.1834495	.1063567	0
416.15	0	.7101501	.1835176	.1063323	0
415.15	0	.7101067	.1835852	.1063081	0
414.15	0	.7100637	.1836523	.1062841	0
413.15	0	.710021	.1837188	.1062602	0
412.15	0	.7099787	.1837848	.1062365	0
411.15	0	.7099367	.1838503	.106213	0
410.15	0	.7098951	.1839153	.1061896	0
409.15	0	.7098538	.1839797	.1061664	0
408.15	0	.7098129	.1840437	.1061434	0
407.15	0	.7097723	.1841071	.1061206	0
406.15	0	.7097321	.18417	.1060979	0
405.15	0	.7096922	.1842324	.1060754	0
404.15	0	.7096527	.1842943	.1060531	0
403.15	0	.7096134	.1843556	.1060309	0
402.15	0	.7095746	.1844165	.1060089	0
401.15	0	.709536	.1844768	.1059871	0
400.15	0	.7094978	.1845367	.1059655	0
399.15	0	.70946	.184596	.105944	0
398.15	0	.7094224	.1846548	.1059227	0
397.15	0	.7093852	.1847132	.1059016	0
396.15	0	.7093483	.184771	.1058807	0
395.15	0	.7093118	.1848283	.1058599	0
394.15	0	.7092756	.1848852	.1058393	0
393.15	0	.7092397	.1849415	.1058188	0
392.15	0	.7092041	.1849974	.1057985	0
391.15	0	.7091688	.1850528	.1057784	0
391.1421	0	.7091685	.1850532	.1057783	0
391.1421	0	.7091685	.1850532	.1057783	0
391.1421	0	.7091685	.1850532	.1057783	0
390.15	0	.7093745	.1845274	.1055034	5.946435E-04
389.15	0	.709582	.1839978	.1052269	.001193354
388.15	0	.7097893	.1834684	.1049509	.001791397
387.15	0	.7099965	.1829393	.1046754	.002388778
386.15	0	.7102035	.1824105	.1044005	.002985502
385.15	0	.7104104	.1818819	.1041262	.003581574
384.15	0	.7106171	.1813536	.1038523	.004177
383.15	0	.7108236	.1808255	.1035791	.004771785
382.15	0	.7110301	.1802977	.1033063	.005365933
381.15	0	.7112363	.1797702	.1030341	.00595945
380.15	0	.7114425	.1792428	.1027623	.00655234
379.15	0	.7116485	.1787157	.1024912	.007144609
378.15	0	.7118545	.1781888	.1022205	.007736261
377.15	0	.7120602	.1776621	.1019503	.0083273
376.15	0	.7122659	.1771357	.1016807	.008917732
375.15	0	.7124715	.1766094	.1014116	.009507561
374.15	0	.7126769	.1760833	.101143	.01009679
373.15	0	.7128822	.1755575	.1008749	.01068543
372.15	0	.7130875	.1750318	.1006073	.01127347
371.15	0	.7132926	.1745063	.1003402	.01186094
370.15	0	.7134976	.173981	.1000736	.01244782
369.15	0	.7137025	.1734558	.09980751	.01303412
368.15	0	.7139074	.1729309	.09954192	.01361985
367.15	0	.7141121	.1724061	.09927682	.01420501
366.15	0	.7143167	.1718814	.09901222	.01478961
365.15	0	.7145213	.171357	.09874811	.01537365
364.15	0	.7147258	.1708326	.09848448	.01595713
363.15	0	.7149301	.1703085	.09822135	.01654006
362.15	0	.7151344	.1697844	.0979587	.01712244
361.15	0	.7153387	.1692605	.09769653	.01770427
360.15	0	.7155428	.1687368	.09743485	.01828557
359.15	0	.7157469	.1682132	.09717364	.01886632
358.15	0	.7159509	.1676897	.09691291	.01944654
357.15	0	.7161548	.1671664	.09665265	.02002623
356.15	0	.7163586	.1666431	.09639287	.02060539
355.15	0	.7165624	.16612	.09613356	.02118403
354.15	0	.7167661	.165597	.09587471	.02176215
353.15	0	.7169698	.1650742	.09561633	.02233976
352.15	0	.7171733	.1645514	.09535842	.02291684
351.15	0	.7173768	.1640288	.09510097	.02349342
350.15	0	.7175803	.1635062	.09484399	.02406949
349.15	0	.7177837	.1629838	.09458746	.02464506
348.15	0	.717987	.1624614	.09433139	.02522013
347.15	0	.7181903	.1619392	.09407577	.0257947
346.15	0	.7183935	.1614171	.09382061	.02636877
345.15	0	.7185967	.160895	.09356591	.02694235
344.15	0	.7187998	.1603731	.09331165	.02751544
343.15	0	.7190029	.1598512	.09305784	.02808805
342.15	0	.7192059	.1593294	.09280448	.02866017
341.15	0	.7194089	.1588078	.09255157	.02923182
340.15	0	.7196118	.1582862	.09229909	.02980298
339.15	0	.7198146	.1577646	.09204707	.03037367
338.15	0	.7200174	.1572432	.09179548	.03094389
337.15	0	.7202202	.1567218	.09154433	.03151364
336.15	0	.7204229	.1562006	.09129362	.03208292
335.15	0	.7206256	.1556793	.09104334	.03265174
334.15	0	.7208282	.1551582	.0907935	.03322009
333.15	0	.7210308	.1546371	.09054409	.03378798
332.15	0	.7212333	.1541161	.09029512	.03435542
331.15	0	.7214358	.1535952	.09004657	.0349224
330.15	0	.7216383	.1530743	.08979845	.03548893
329.15	0	.7218407	.1525535	.08955076	.03605501
328.15	0	.7220431	.1520328	.0893035	.03662064
327.15	0	.7222454	.1515121	.08905666	.03718582
326.15	0	.7224477	.1509915	.08881024	.03775056
325.15	0	.7226499	.150471	.08856425	.03831486
324.15	0	.7228522	.1499505	.08831867	.03887871
323.15	0	.7230543	.14943	.08807352	.03944213
322.15	0	.7232565	.1489097	.08782878	.04000511
321.15	0	.7234586	.1483893	.08758446	.04056766
320.15	0	.7236606	.1478691	.08734055	.04112978
319.15	0	.7238626	.1473489	.08709706	.04169146
318.15	0	.7240646	.1468287	.08685398	.04225272
317.15	0	.7242666	.1463086	.08661132	.04281355
316.15	0	.7244685	.1457885	.08636906	.04337395
315.15	0	.7246703	.1452685	.08612722	.04393394
314.15	0	.7248722	.1447486	.08588578	.04449349
313.15	0	.725074	.1442287	.08564475	.04505263
312.15	0	.7252757	.1437088	.08540413	.04561135
311.15	0	.7254774	.143189	.08516391	.04616966
310.15	0	.7256791	.1426692	.0849241	.04672754
309.15	0	.7258807	.1421495	.08468469	.04728502
308.15	0	.7260824	.1416299	.08444568	.04784208
307.15	0	.7262839	.1411103	.08420708	.04839873
306.15	0	.7264855	.1405907	.08396887	.04895496
305.15	0	.726687	.1400712	.08373107	.04951079
304.15	0	.7268884	.1395517	.08349366	.05006621
303.15	0	.7270898	.1390323	.08325665	.05062123
302.15	0	.7272912	.1385129	.08302004	.05117584
301.15	0	.7274926	.1379936	.08278383	.05173005
300.15	0	.7276939	.1374743	.08254801	.05228385
299.15	0	.7278951	.136955	.08231259	.05283725
298.15	0	.7280964	.1364358	.08207756	.05339025
