T	 BPW(LIQUID)	BPW(BCC_A2)	BPW(FCC_A1)	BPW(LAVES_PHASE_C14)	BPW(NI3TI)
1473.15	.003245413	.9967546	0	0	0
1472.15	6.265246E-04	.9993735	0	0	0
1471.909	0	1	0	0	0
1471.909	0	1	0	0	0
1471.15	0	1	0	0	0
1470.15	0	1	0	0	0
1469.15	0	1	0	0	0
1468.15	0	1	0	0	0
1467.15	0	1	0	0	0
1466.15	0	1	0	0	0
1465.15	0	1	0	0	0
1464.15	0	1	0	0	0
1463.15	0	1	0	0	0
1462.15	0	1	0	0	0
1461.15	0	1	0	0	0
1460.15	0	1	0	0	0
1459.15	0	1	0	0	0
1458.15	0	1	0	0	0
1457.15	0	1	0	0	0
1456.15	0	1	0	0	0
1455.15	0	1	0	0	0
1454.15	0	1	0	0	0
1453.15	0	1	0	0	0
1452.15	0	1	0	0	0
1451.15	0	1	0	0	0
1450.15	0	1	0	0	0
1449.15	0	1	0	0	0
1448.15	0	1	0	0	0
1447.15	0	1	0	0	0
1446.15	0	1	0	0	0
1445.15	0	1	0	0	0
1444.15	0	1	0	0	0
1443.15	0	1	0	0	0
1442.15	0	1	0	0	0
1441.15	0	1	0	0	0
1440.15	0	1	0	0	0
1439.15	0	1	0	0	0
1438.15	0	1	0	0	0
1437.15	0	1	0	0	0
1436.15	0	1	0	0	0
1435.15	0	1	0	0	0
1434.15	0	1	0	0	0
1433.15	0	1	0	0	0
1432.15	0	1	0	0	0
1431.15	0	1	0	0	0
1430.15	0	1	0	0	0
1429.15	0	1	0	0	0
1428.15	0	1	0	0	0
1427.15	0	1	0	0	0
1426.15	0	1	0	0	0
1425.15	0	1	0	0	0
1424.15	0	1	0	0	0
1423.15	0	1	0	0	0
1422.15	0	1	0	0	0
1421.15	0	1	0	0	0
1420.15	0	1	0	0	0
1419.15	0	1	0	0	0
1419.041	0	1	0	0	0
1419.041	0	1	0	0	0
1419.041	0	1	0	0	0
1418.15	0	.9993129	0	6.871176E-04	0
1417.15	0	.9985439	0	.001456109	0
1416.15	0	.9977768	0	.002223244	0
1415.15	0	.9970115	0	.002988528	0
1414.15	0	.996248	0	.003751968	0
1413.15	0	.9954864	0	.00451357	0
1412.15	0	.9947267	0	.005273341	0
1411.15	0	.9939687	0	.006031287	0
1410.15	0	.9932126	0	.006787414	0
1409.15	0	.9924583	0	.007541729	0
1408.15	0	.9917058	0	.008294237	0
1407.15	0	.9909551	0	.009044944	0
1406.15	0	.9902061	0	.009793858	0
1405.15	0	.989459	0	.01054098	0
1404.15	0	.9887137	0	.01128633	0
1403.15	0	.9879701	0	.01202989	0
1402.15	0	.9872283	0	.01277169	0
1401.15	0	.9864883	0	.01351173	0
1400.15	0	.98575	0	.01425	0
1399.15	0	.9850135	0	.01498653	0
1398.15	0	.9842787	0	.0157213	0
1397.15	0	.9835457	0	.01645434	0
1396.15	0	.9828144	0	.01718564	0
1395.15	0	.9820848	0	.01791522	0
1394.15	0	.9813569	0	.01864307	0
1393.15	0	.9806308	0	.01936921	0
1392.15	0	.9799064	0	.02009363	0
1391.15	0	.9791837	0	.02081635	0
1390.15	0	.9784626	0	.02153737	0
1389.15	0	.9777433	0	.02225669	0
1388.15	0	.9770257	0	.02297433	0
1387.15	0	.9763097	0	.02369028	0
1386.15	0	.9755954	0	.02440456	0
1385.15	0	.9748828	0	.02511716	0
1384.15	0	.9741719	0	.0258281	0
1383.15	0	.9734626	0	.02653737	0
1382.15	0	.972755	0	.02724499	0
1381.15	0	.972049	0	.02795097	0
1380.15	0	.9713447	0	.02865529	0
1379.15	0	.970642	0	.02935798	0
1378.15	0	.969941	0	.03005904	0
1377.15	0	.9692415	0	.03075846	0
1376.15	0	.9685437	0	.03145627	0
1375.15	0	.9678476	0	.03215245	0
1374.15	0	.967153	0	.03284703	0
1373.15	0	.96646	0	.03353999	0
1372.15	0	.9657687	0	.03423135	0
1371.15	0	.9650789	0	.03492112	0
1370.15	0	.9643907	0	.0356093	0
1369.15	0	.9637041	0	.03629589	0
1368.15	0	.9630191	0	.0369809	0
1367.15	0	.9623357	0	.03766433	0
1366.15	0	.9616538	0	.03834619	0
1365.15	0	.9609735	0	.03902648	0
1364.15	0	.9602948	0	.03970522	0
1363.15	0	.9596176	0	.0403824	0
1362.15	0	.958942	0	.04105802	0
1361.15	0	.9582679	0	.0417321	0
1360.15	0	.9575954	0	.04240464	0
1359.15	0	.9569244	0	.04307565	0
1358.15	0	.9562549	0	.04374512	0
1357.15	0	.9555869	0	.04441307	0
1356.15	0	.9549205	0	.04507949	0
1355.15	0	.9542556	0	.0457444	0
1354.15	0	.9535922	0	.0464078	0
1353.15	0	.9529303	0	.04706969	0
1352.15	0	.9522699	0	.04773008	0
1351.15	0	.951611	0	.04838896	0
1350.15	0	.9509536	0	.04904636	0
1349.15	0	.9502977	0	.04970227	0
1348.15	0	.9496433	0	.05035669	0
1347.15	0	.9489904	0	.05100964	0
1346.15	0	.9483389	0	.05166111	0
1345.15	0	.9476889	0	.05231111	0
1344.15	0	.9470403	0	.05295965	0
1343.15	0	.9463933	0	.05360673	0
1342.15	0	.9457477	0	.05425235	0
1341.15	0	.9451035	0	.05489652	0
1340.15	0	.9444608	0	.05553924	0
1339.15	0	.9438195	0	.05618052	0
1338.15	0	.9431796	0	.05682037	0
1337.15	0	.9425412	0	.05745877	0
1336.15	0	.9419042	0	.05809576	0
1335.15	0	.9412687	0	.05873131	0
1334.15	0	.9406346	0	.05936545	0
1333.15	0	.9400018	0	.05999817	0
1332.15	0	.9393705	0	.06062948	0
1331.15	0	.9387406	0	.06125938	0
1330.15	0	.9381121	0	.06188787	0
1329.15	0	.937485	0	.06251497	0
1328.15	0	.9368593	0	.06314068	0
1327.15	0	.936235	0	.06376499	0
1326.15	0	.9356121	0	.06438792	0
1325.15	0	.9349905	0	.06500947	0
1324.15	0	.9343704	0	.06562964	0
1323.15	0	.9337516	0	.06624844	0
1322.15	0	.9331341	0	.06686587	0
1321.15	0	.9325181	0	.06748193	0
1320.15	0	.9319034	0	.06809664	0
1319.15	0	.93129	0	.06870998	0
1318.15	0	.930678	0	.06932197	0
1317.15	0	.9300674	0	.06993262	0
1316.15	0	.9294581	0	.07054192	0
1315.15	0	.9288501	0	.07114988	0
1314.15	0	.9282435	0	.0717565	0
1313.15	0	.9276382	0	.07236179	0
1312.15	0	.9270342	0	.07296576	0
1311.15	0	.9264316	0	.07356839	0
1310.15	0	.9258303	0	.07416971	0
1309.15	0	.9252303	0	.07476971	0
1308.15	0	.9246316	0	.0753684	0
1307.15	0	.9240342	0	.07596578	0
1306.15	0	.9234381	0	.07656185	0
1305.15	0	.9228434	0	.07715662	0
1304.15	0	.9222499	0	.0777501	0
1303.15	0	.9216577	0	.07834228	0
1302.15	0	.9210668	0	.07893317	0
1301.15	0	.9204772	0	.07952278	0
1300.15	0	.9198889	0	.0801111	0
1299.15	0	.9193019	0	.08069814	0
1298.15	0	.9187161	0	.08128391	0
1297.15	0	.9181316	0	.08186841	0
1296.15	0	.9175484	0	.08245165	0
1295.15	0	.9169664	0	.08303361	0
1294.15	0	.9163857	0	.08361432	0
1293.15	0	.9158062	0	.08419377	0
1292.15	0	.915228	0	.08477197	0
1291.15	0	.9146511	0	.08534892	0
1290.15	0	.9140754	0	.08592463	0
1289.15	0	.9135009	0	.08649909	0
1288.15	0	.9129277	0	.08707232	0
1287.15	0	.9123557	0	.0876443	0
1286.15	0	.9117849	0	.08821506	0
1285.15	0	.9112154	0	.08878459	0
1284.15	0	.9106471	0	.0893529	0
1283.15	0	.91008	0	.08991999	0
1282.15	0	.9095142	0	.09048585	0
1281.15	0	.9089495	0	.09105051	0
1280.15	0	.9083861	0	.09161395	0
1279.15	0	.9078238	0	.09217619	0
1278.15	0	.9072628	0	.09273722	0
1277.15	0	.9067029	0	.09329706	0
1276.15	0	.9061443	0	.09385569	0
1275.15	0	.9055869	0	.09441314	0
1274.15	0	.9050306	0	.09496939	0
1273.15	0	.9044755	0	.09552446	0
1272.15	0	.9039217	0	.09607834	0
1271.15	0	.903369	0	.09663104	0
1270.15	0	.9028174	0	.09718257	0
1269.15	0	.9022671	0	.09773292	0
1268.15	0	.9017179	0	.09828211	0
1267.15	0	.9011699	0	.09883012	0
1266.15	0	.900623	0	.09937697	0
1265.15	0	.9000773	0	.09992267	0
1264.15	0	.8995328	0	.1004672	0
1263.15	0	.8989894	0	.1010106	0
1262.15	0	.8984472	0	.1015528	0
1261.15	0	.8979061	0	.1020939	0
1260.15	0	.8973662	0	.1026338	0
1259.15	0	.8968274	0	.1031726	0
1258.15	0	.8962897	0	.1037103	0
1257.15	0	.8957532	0	.1042468	0
1256.15	0	.8952178	0	.1047822	0
1255.15	0	.8946836	0	.1053165	0
1254.15	0	.8941504	0	.1058496	0
1253.15	0	.8936184	0	.1063816	0
1252.15	0	.8930875	0	.1069125	0
1251.15	0	.8925577	0	.1074423	0
1250.15	0	.8920291	0	.1079709	0
1249.15	0	.8915015	0	.1084985	0
1248.15	0	.8909751	0	.1090249	0
1247.15	0	.8904498	0	.1095503	0
1246.15	0	.8899255	0	.1100745	0
1245.15	0	.8894024	0	.1105976	0
1244.15	0	.8888803	0	.1111197	0
1243.15	0	.8883594	0	.1116406	0
1242.15	0	.8878395	0	.1121605	0
1241.15	0	.8873208	0	.1126792	0
1240.15	0	.8868031	0	.1131969	0
1239.15	0	.8862865	0	.1137135	0
1238.15	0	.885771	0	.1142291	0
1237.15	0	.8852565	0	.1147435	0
1236.15	0	.8847431	0	.1152569	0
1235.15	0	.8842308	0	.1157692	0
1234.15	0	.8837196	0	.1162804	0
1233.15	0	.8832094	0	.1167906	0
1232.15	0	.8827003	0	.1172997	0
1231.15	0	.8821923	0	.1178078	0
1230.15	0	.8816853	0	.1183147	0
1229.15	0	.8811793	0	.1188207	0
1228.15	0	.8806744	0	.1193256	0
1227.15	0	.8801706	0	.1198294	0
1226.15	0	.8796678	0	.1203322	0
1225.15	0	.879166	0	.120834	0
1224.15	0	.8786653	0	.1213347	0
1223.15	0	.8781656	0	.1218344	0
1222.15	0	.877667	0	.122333	0
1221.15	0	.8771694	0	.1228306	0
1220.15	0	.8766728	0	.1233272	0
1219.15	0	.8761773	0	.1238228	0
1218.15	0	.8756827	0	.1243173	0
1217.15	0	.8751892	0	.1248108	0
1216.15	0	.8746967	0	.1253033	0
1215.15	0	.8742053	0	.1257948	0
1214.15	0	.8737148	0	.1262852	0
1213.15	0	.8732253	0	.1267747	0
1212.15	0	.8727369	0	.1272631	0
1211.15	0	.8722495	0	.1277505	0
1210.15	0	.871763	0	.128237	0
1209.15	0	.8712776	0	.1287224	0
1208.15	0	.8707932	0	.1292068	0
1207.15	0	.8703098	0	.1296903	0
1206.15	0	.8698273	0	.1301727	0
1205.15	0	.8693459	0	.1306541	0
1204.15	0	.8688654	0	.1311346	0
1203.15	0	.8683859	0	.1316141	0
1202.15	0	.8679074	0	.1320926	0
1201.15	0	.8674299	0	.1325701	0
1200.15	0	.8669534	0	.1330466	0
1199.15	0	.8664779	0	.1335222	0
1198.15	0	.8660033	0	.1339967	0
1197.15	0	.8655297	0	.1344703	0
1196.15	0	.865057	0	.134943	0
1195.15	0	.8645854	0	.1354146	0
1194.15	0	.8641147	0	.1358853	0
1193.15	0	.8636449	0	.1363551	0
1192.15	0	.8631761	0	.1368239	0
1191.15	0	.8627083	0	.1372917	0
1190.15	0	.8622414	0	.1377586	0
1189.15	0	.8617755	0	.1382245	0
1188.15	0	.8613106	0	.1386894	0
1187.15	0	.8608465	0	.1391535	0
1186.15	0	.8603835	0	.1396165	0
1185.15	0	.8599214	0	.1400786	0
1184.15	0	.8594602	0	.1405398	0
1183.15	0	.8589999	0	.1410001	0
1182.15	0	.8585406	0	.1414594	0
1181.15	0	.8580823	0	.1419178	0
1180.15	0	.8576248	0	.1423752	0
1179.15	0	.8571683	0	.1428317	0
1178.15	0	.8567127	0	.1432873	0
1177.15	0	.8562581	0	.1437419	0
1176.15	0	.8558044	0	.1441956	0
1175.15	0	.8553515	0	.1446485	0
1174.15	0	.8548997	0	.1451003	0
1173.15	0	.8544487	0	.1455513	0
1172.15	0	.8539986	0	.1460014	0
1171.15	0	.8535495	0	.1464505	0
1170.15	0	.8531013	0	.1468987	0
1169.15	0	.852654	0	.147346	0
1168.15	0	.8522076	0	.1477924	0
1167.15	0	.8517621	0	.148238	0
1166.15	0	.8513174	0	.1486826	0
1165.15	0	.8508737	0	.1491263	0
1164.15	0	.8504309	0	.1495691	0
1163.15	0	.849989	0	.150011	0
1162.15	0	.849548	0	.150452	0
1161.15	0	.8491079	0	.1508921	0
1160.15	0	.8486687	0	.1513313	0
1159.15	0	.8482304	0	.1517697	0
1158.15	0	.8477929	0	.1522071	0
1157.15	0	.8473563	0	.1526437	0
1156.15	0	.8469207	0	.1530793	0
1155.15	0	.8464859	0	.1535141	0
1154.15	0	.8460519	0	.1539481	0
1153.15	0	.8456189	0	.1543811	0
1152.15	0	.8451867	0	.1548133	0
1151.15	0	.8447554	0	.1552446	0
1150.15	0	.844325	0	.155675	0
1149.15	0	.8438954	0	.1561046	0
1148.15	0	.8434667	0	.1565333	0
1147.15	0	.8430389	0	.1569611	0
1146.15	0	.842612	0	.1573881	0
1145.15	0	.8421859	0	.1578141	0
1144.15	0	.8417606	0	.1582394	0
1143.15	0	.8413362	0	.1586638	0
1142.15	0	.8409127	0	.1590873	0
1141.15	0	.84049	0	.15951	0
1140.15	0	.8400682	0	.1599318	0
1139.15	0	.8396473	0	.1603527	0
1138.15	0	.8392271	0	.1607729	0
1137.15	0	.8388079	0	.1611921	0
1136.15	0	.8383894	0	.1616106	0
1135.15	0	.8379719	0	.1620281	0
1134.15	0	.8375551	0	.1624449	0
1133.15	0	.8371392	0	.1628608	0
1132.15	0	.8367242	0	.1632759	0
1131.15	0	.8363099	0	.1636901	0
1130.15	0	.8358965	0	.1641035	0
1129.15	0	.835484	0	.164516	0
1128.15	0	.8350722	0	.1649278	0
1127.15	0	.8346613	0	.1653387	0
1126.15	0	.8342513	0	.1657487	0
1125.15	0	.833842	0	.166158	0
1124.15	0	.8334336	0	.1665664	0
1123.15	0	.833026	0	.166974	0
1122.15	0	.8326192	0	.1673808	0
1121.15	0	.8322132	0	.1677868	0
1120.15	0	.8318081	0	.1681919	0
1119.15	0	.8314038	0	.1685962	0
1118.15	0	.8310002	0	.1689998	0
1117.15	0	.8305975	0	.1694025	0
1116.15	0	.8301956	0	.1698044	0
1115.15	0	.8297946	0	.1702055	0
1114.15	0	.8293943	0	.1706057	0
1113.15	0	.8289948	0	.1710052	0
1112.15	0	.8285961	0	.1714039	0
1111.15	0	.8281983	0	.1718017	0
1110.15	0	.8278012	0	.1721988	0
1109.15	0	.8274049	0	.1725951	0
1108.15	0	.8270095	0	.1729906	0
1107.15	0	.8266148	0	.1733852	0
1106.15	0	.8262209	0	.1737791	0
1105.15	0	.8258278	0	.1741722	0
1104.15	0	.8254355	0	.1745645	0
1103.15	0	.825044	0	.174956	0
1102.15	0	.8246533	0	.1753467	0
1101.15	0	.8242633	0	.1757367	0
1100.15	0	.8238742	0	.1761258	0
1099.15	0	.8234858	0	.1765142	0
1098.15	0	.8230982	0	.1769018	0
1097.15	0	.8227114	0	.1772886	0
1096.15	0	.8223254	0	.1776746	0
1095.15	0	.8219402	0	.1780598	0
1094.15	0	.8215557	0	.1784443	0
1093.15	0	.821172	0	.178828	0
1092.15	0	.8207891	0	.1792109	0
1091.15	0	.8204069	0	.1795931	0
1090.15	0	.8200255	0	.1799745	0
1089.15	0	.8196449	0	.1803551	0
1088.15	0	.8192651	0	.1807349	0
1087.15	0	.818886	0	.181114	0
1086.15	0	.8185077	0	.1814923	0
1085.15	0	.8181301	0	.1818699	0
1084.15	0	.8177533	0	.1822467	0
1083.15	0	.8173773	0	.1826227	0
1082.15	0	.817002	0	.182998	0
1081.15	0	.8166275	0	.1833725	0
1080.15	0	.8162537	0	.1837463	0
1079.15	0	.8158807	0	.1841193	0
1078.15	0	.8155085	0	.1844915	0
1077.15	0	.815137	0	.184863	0
1076.15	0	.8147662	0	.1852338	0
1075.15	0	.8143962	0	.1856038	0
1074.15	0	.814027	0	.185973	0
1073.15	0	.8136585	0	.1863415	0
1072.15	0	.8132907	0	.1867093	0
1071.15	0	.8129237	0	.1870763	0
1070.15	0	.8125574	0	.1874426	0
1069.15	0	.8121919	0	.1878082	0
1068.15	0	.811827	0	.188173	0
1067.15	0	.811463	0	.188537	0
1066.15	0	.8110997	0	.1889003	0
1065.15	0	.8107371	0	.1892629	0
1064.15	0	.8103752	0	.1896248	0
1063.15	0	.8100141	0	.1899859	0
1062.15	0	.8096537	0	.1903463	0
1061.15	0	.809294	0	.190706	0
1060.15	0	.8089351	0	.1910649	0
1059.15	0	.8085769	0	.1914231	0
1058.15	0	.8082194	0	.1917806	0
1057.15	0	.8078627	0	.1921373	0
1056.15	0	.8075067	0	.1924933	0
1055.15	0	.8071514	0	.1928486	0
1054.15	0	.8067968	0	.1932032	0
1053.15	0	.8064429	0	.1935571	0
1052.15	0	.8060898	0	.1939102	0
1051.15	0	.8057374	0	.1942626	0
1050.15	0	.8053857	0	.1946144	0
1049.15	0	.8050347	0	.1949653	0
1048.15	0	.8046844	0	.1953156	0
1047.15	0	.8043348	0	.1956652	0
1046.15	0	.803986	0	.196014	0
1045.15	0	.8036378	0	.1963622	0
1044.15	0	.8032904	0	.1967096	0
1043.15	0	.8029437	0	.1970563	0
1042.15	0	.8025977	0	.1974023	0
1041.15	0	.8022524	0	.1977476	0
1040.15	0	.8019078	0	.1980922	0
1039.15	0	.8015639	0	.1984361	0
1038.15	0	.8012207	0	.1987793	0
1037.15	0	.8008782	0	.1991218	0
1036.15	0	.8005364	0	.1994636	0
1035.15	0	.8001953	0	.1998047	0
1034.15	0	.7998549	0	.2001451	0
1033.15	0	.7995153	0	.2004847	0
1032.15	0	.7991763	0	.2008237	0
1031.15	0	.798838	0	.201162	0
1030.15	0	.7985003	0	.2014997	0
1029.15	0	.7981634	0	.2018366	0
1028.15	0	.7978272	0	.2021728	0
1027.15	0	.7974917	0	.2025083	0
1026.15	0	.7971568	0	.2028432	0
1025.15	0	.7968227	0	.2031773	0
1024.15	0	.7964892	0	.2035108	0
1023.15	0	.7961565	0	.2038435	0
1022.15	0	.7958244	0	.2041756	0
1021.15	0	.795493	0	.204507	0
1020.15	0	.7951623	0	.2048378	0
1019.15	0	.7948322	0	.2051678	0
1018.15	0	.7945029	0	.2054971	0
1017.15	0	.7941742	0	.2058258	0
1016.15	0	.7938462	0	.2061538	0
1015.15	0	.7935189	0	.2064811	0
1014.15	0	.7931922	0	.2068078	0
1013.15	0	.7928663	0	.2071337	0
1012.15	0	.792541	0	.207459	0
1011.15	0	.7922164	0	.2077836	0
1010.15	0	.7918925	0	.2081075	0
1009.15	0	.7915692	0	.2084308	0
1008.15	0	.7912466	0	.2087534	0
1007.15	0	.7909247	0	.2090753	0
1006.15	0	.7906034	0	.2093966	0
1005.15	0	.7902829	0	.2097171	0
1004.15	0	.789963	0	.210037	0
1003.15	0	.7896437	0	.2103563	0
1002.15	0	.7893252	0	.2106749	0
1001.15	0	.7890073	0	.2109928	0
1000.15	0	.78869	0	.21131	0
999.15	0	.7883734	0	.2116266	0
998.15	0	.7880575	0	.2119425	0
997.15	0	.7877423	0	.2122577	0
996.15	0	.7874277	0	.2125723	0
995.15	0	.7871137	0	.2128863	0
994.15	0	.7868005	0	.2131995	0
993.15	0	.7864878	0	.2135122	0
992.15	0	.7861759	0	.2138241	0
991.15	0	.7858646	0	.2141354	0
990.15	0	.785554	0	.2144461	0
989.15	0	.785244	0	.214756	0
988.15	0	.7849346	0	.2150654	0
987.15	0	.784626	0	.2153741	0
986.15	0	.7843179	0	.2156821	0
985.15	0	.7840106	0	.2159895	0
984.15	0	.7837038	0	.2162962	0
983.15	0	.7833978	0	.2166022	0
982.15	0	.7830923	0	.2169077	0
981.15	0	.7827876	0	.2172124	0
980.15	0	.7824834	0	.2175166	0
979.15	0	.78218	0	.21782	0
978.15	0	.7818771	0	.2181229	0
977.15	0	.7815749	0	.2184251	0
976.15	0	.7812734	0	.2187266	0
975.15	0	.7809725	0	.2190275	0
974.15	0	.7806722	0	.2193278	0
973.15	0	.7803726	0	.2196274	0
972.15	0	.7800737	0	.2199263	0
971.15	0	.7797753	0	.2202247	0
970.15	0	.7794776	0	.2205224	0
969.15	0	.7791806	0	.2208194	0
968.15	0	.7788842	0	.2211158	0
967.15	0	.7785884	0	.2214116	0
966.15	0	.7782933	0	.2217067	0
965.15	0	.7779988	0	.2220012	0
964.15	0	.7777049	0	.2222951	0
963.15	0	.7774117	0	.2225883	0
962.15	0	.7771191	0	.2228809	0
961.15	0	.7768271	0	.2231729	0
960.15	0	.7765358	0	.2234642	0
959.15	0	.7762451	0	.2237549	0
958.15	0	.775955	0	.224045	0
957.15	0	.7756656	0	.2243344	0
956.15	0	.7753768	0	.2246232	0
955.15	0	.7750886	0	.2249114	0
954.15	0	.7748011	0	.2251989	0
953.15	0	.7745142	0	.2254858	0
952.15	0	.7742279	0	.2257721	0
951.15	0	.7739422	0	.2260578	0
950.15	0	.7736572	0	.2263428	0
949.15	0	.7733728	0	.2266272	0
948.15	0	.773089	0	.226911	0
947.15	0	.7728058	0	.2271942	0
946.15	0	.7725233	0	.2274767	0
945.15	0	.7722414	0	.2277586	0
944.15	0	.7719601	0	.2280399	0
943.15	0	.7716794	0	.2283206	0
942.15	0	.7713994	0	.2286006	0
941.15	0	.7711199	0	.2288801	0
940.15	0	.7708411	0	.2291589	0
939.15	0	.7705629	0	.2294371	0
938.15	0	.7702854	0	.2297146	0
937.15	0	.7700084	0	.2299916	0
936.15	0	.7697321	0	.2302679	0
935.15	0	.7694564	0	.2305436	0
934.15	0	.7691813	0	.2308187	0
933.15	0	.7689068	0	.2310932	0
932.15	0	.7686329	0	.2313671	0
931.15	0	.7683597	0	.2316403	0
930.15	0	.768087	0	.231913	0
929.15	0	.767815	0	.232185	0
928.15	0	.7675436	0	.2324564	0
927.15	0	.7672728	0	.2327272	0
926.15	0	.7670026	0	.2329974	0
925.15	0	.766733	0	.233267	0
924.15	0	.766464	0	.233536	0
923.15	0	.7661957	0	.2338043	0
922.15	0	.7659279	0	.2340721	0
921.15	0	.7656608	0	.2343392	0
920.15	0	.7653942	0	.2346058	0
919.15	0	.7651283	0	.2348717	0
918.15	0	.764863	0	.235137	0
917.15	0	.7645983	0	.2354017	0
916.15	0	.7643342	0	.2356658	0
915.15	0	.7640707	0	.2359293	0
914.15	0	.7638078	0	.2361922	0
913.15	0	.7635455	0	.2364545	0
912.15	0	.7632838	0	.2367162	0
911.15	0	.7630228	0	.2369773	0
910.15	0	.7627623	0	.2372377	0
909.15	0	.7625024	0	.2374976	0
908.15	0	.7622431	0	.2377569	0
907.15	0	.7619845	0	.2380155	0
906.15	0	.7617264	0	.2382736	0
905.15	0	.7614689	0	.2385311	0
904.15	0	.7612121	0	.2387879	0
903.15	0	.7609558	0	.2390442	0
902.15	0	.7607001	0	.2392999	0
901.15	0	.7604451	0	.239555	0
900.15	0	.7601906	0	.2398094	0
899.15	0	.7599367	0	.2400633	0
898.15	0	.7596834	0	.2403166	0
897.15	0	.7594308	0	.2405692	0
896.15	0	.7591787	0	.2408213	0
895.15	0	.7589272	0	.2410728	0
894.15	0	.7586763	0	.2413237	0
893.15	0	.758426	0	.241574	0
892.15	0	.7581763	0	.2418237	0
891.15	0	.7579272	0	.2420728	0
890.15	0	.7576787	0	.2423213	0
889.15	0	.7574308	0	.2425692	0
888.15	0	.7571835	0	.2428165	0
887.15	0	.7569368	0	.2430632	0
886.15	0	.7566906	0	.2433094	0
885.15	0	.7564451	0	.2435549	0
884.15	0	.7562001	0	.2437999	0
883.15	0	.7559558	0	.2440443	0
882.15	0	.755712	0	.244288	0
881.15	0	.7554688	0	.2445312	0
880.15	0	.7552262	0	.2447738	0
879.15	0	.7549842	0	.2450158	0
878.15	0	.7547428	0	.2452572	0
877.15	0	.754502	0	.245498	0
876.15	0	.7542617	0	.2457383	0
875.15	0	.7540221	0	.2459779	0
874.15	0	.753783	0	.246217	0
873.15	0	.7535446	0	.2464554	0
872.15	0	.7533067	0	.2466933	0
871.15	0	.7530694	0	.2469306	0
870.15	0	.7528327	0	.2471673	0
869.1957	0	.7526073	0	.2473927	0
869.1957	0	.7526073	0	.2473927	0
869.1957	0	.7526073	0	.2473927	0
869.15	0	.7525692	3.167213E-05	.2473991	0
868.15	0	.7517363	7.252705E-04	.2475385	0
867.15	0	.750904	.001419509	.2476765	0
866.15	0	.7500724	.00211444	.2478132	0
865.15	0	.7492414	.002810114	.2479485	0
864.15	0	.7484109	.003506586	.2480825	0
863.15	0	.747581	.004203911	.2482151	0
862.15	0	.7467516	.004902146	.2483463	0
861.15	0	.7459226	.005601349	.248476	0
860.15	0	.745094	.006301581	.2486044	0
859.15	0	.7442658	.007002902	.2487313	0
858.15	0	.7434379	.007705377	.2488567	0
857.15	0	.7426102	.00840907	.2489807	0
856.15	0	.7417828	.009114048	.2491032	0
855.15	0	.7409554	.009820381	.2492242	0
854.15	0	.7401282	.01052814	.2493436	0
853.15	0	.739301	.0112374	.2494616	0
852.15	0	.7384738	.01194823	.2495779	0
851.15	0	.7376466	.01266071	.2496927	0
850.15	0	.7368192	.01337493	.2498059	0
849.15	0	.7359915	.01409096	.2499175	0
848.15	0	.7351636	.01480889	.2500275	0
847.15	0	.7343354	.0155288	.2501358	0
846.15	0	.7335068	.01625079	.2502424	0
845.15	0	.7326777	.01697496	.2503474	0
844.15	0	.731848	.01770139	.2504506	0
843.15	0	.7310178	.01843018	.2505521	0
842.15	0	.7301868	.01916145	.2506518	0
841.15	0	.729355	.01989529	.2507497	0
840.15	0	.7285224	.02063182	.2508458	0
839.15	0	.7276888	.02137116	.2509401	0
838.15	0	.7268541	.0221134	.2510325	0
837.15	0	.7260184	.0228587	.251123	0
836.15	0	.7251813	.02360715	.2512115	0
835.15	0	.724343	.02435891	.2512981	0
834.15	0	.7235031	.02511411	.2513828	0
833.15	0	.7226618	.02587288	.2514654	0
832.15	0	.7218187	.02663538	.2515459	0
831.15	0	.7209739	.02740175	.2516243	0
830.15	0	.7201272	.02817217	.2517007	0
829.15	0	.7192784	.02894678	.2517748	0
828.15	0	.7184274	.02972578	.2518468	0
827.15	0	.7175742	.03050933	.2519165	0
826.15	0	.7167185	.03129762	.2519839	0
825.15	0	.7158602	.03209086	.252049	0
824.15	0	.7149991	.03288924	.2521117	0
823.15	0	.7141351	.03369298	.2521719	0
822.15	0	.713268	.03450231	.2522297	0
821.15	0	.7123976	.03531745	.2522849	0
820.15	0	.7115238	.03613867	.2523376	0
819.15	0	.7106462	.03696621	.2523876	0
818.15	0	.7097648	.03780034	.2524348	0
817.15	0	.7088793	.03864136	.2524793	0
816.15	0	.7079895	.03948957	.2525209	0
815.15	0	.7070951	.04034528	.2525596	0
814.15	0	.7061958	.04120883	.2525953	0
813.15	0	.7052915	.04208057	.252628	0
812.15	0	.7043817	.04296087	.2526574	0
811.15	0	.7034662	.04385014	.2526836	0
810.15	0	.7025448	.0447488	.2527064	0
809.15	0	.7016169	.04565729	.2527258	0
808.15	0	.7006823	.04657608	.2527417	0
807.15	0	.6997405	.0475057	.2527538	0
806.15	0	.6987912	.04844666	.2527621	0
805.15	0	.6978339	.04939957	.2527665	0
804.15	0	.6968681	.05036503	.2527668	0
803.15	0	.6958934	.05134372	.2527629	0
802.15	0	.6949091	.05233633	.2527546	0
801.15	0	.6939146	.05334366	.2527417	0
800.15	0	.6929093	.05436654	.2527241	0
799.15	0	.6918926	.05540585	.2527016	0
798.15	0	.6908636	.05646259	.2526738	0
797.15	0	.6898215	.05753781	.2526407	0
796.15	0	.6887655	.05863269	.2526018	0
795.15	0	.6876945	.05974849	.252557	0
794.15	0	.6866075	.06088662	.2525059	0
793.15	0	.6855032	.06204861	.2524482	0
792.15	0	.6843803	.06323617	.2523835	0
791.15	0	.6832374	.0644512	.2523114	0
790.15	0	.6820735	.0656953	.2522312	0
789.15	0	.6808854	.06697191	.2521427	0
788.15	0	.6790589	.06902846	.2519126	0
787.15	0	.6771258	.07122157	.2516527	0
786.15	0	.6752804	.07331441	.2514052	0
785.15	0	.6735159	.07531491	.2511692	0
784.15	0	.6718261	.07723016	.2509438	0
783.15	0	.6702053	.0790665	.2507282	0
782.15	0	.6686486	.0808296	.2505218	0
781.15	0	.6671515	.08252459	.2503239	0
780.15	0	.66571	.08415608	.2501339	0
779.15	0	.6643204	.08572825	.2499513	0
778.15	0	.6629795	.0872449	.2497756	0
777.15	0	.6616842	.08870948	.2496064	0
776.15	0	.6604317	.09012514	.2494432	0
775.15	0	.6592195	.09149477	.2492857	0
774.15	0	.6580455	.092821	.2491336	0
773.15	0	.6569073	.09410627	.2489864	0
772.15	0	.6558031	.09535282	.2488441	0
771.15	0	.6547311	.0965627	.2487062	0
770.15	0	.6536897	.09773784	.2485725	0
769.15	0	.6526772	.09887999	.2484428	0
768.15	0	.6516922	.09999081	.248317	0
767.15	0	.6507335	.1010718	.2481946	0
766.15	0	.6497998	.1021244	.2480758	0
765.15	0	.64889	.1031499	.2479601	0
764.15	0	.6480029	.1041497	.2478475	0
763.15	0	.6471376	.1051247	.2477378	0
762.15	0	.6462931	.1060761	.2476308	0
761.15	0	.6454685	.107005	.2475265	0
760.15	0	.644663	.1079123	.2474248	0
759.15	0	.6438758	.1087988	.2473254	0
758.15	0	.6431062	.1096655	.2472283	0
757.15	0	.6423535	.1105131	.2471334	0
756.15	0	.6416171	.1113424	.2470406	0
755.15	0	.6408962	.112154	.2469498	0
754.15	0	.6401904	.1129488	.2468609	0
753.15	0	.639499	.1137272	.2467738	0
752.15	0	.6388216	.1144899	.2466884	0
751.15	0	.6381577	.1152375	.2466048	0
750.15	0	.6375067	.1159706	.2465227	0
749.15	0	.6368683	.1166895	.2464422	0
748.15	0	.6362419	.1173949	.2463632	0
747.15	0	.6356273	.1180871	.2462856	0
746.15	0	.635024	.1187667	.2462093	0
745.15	0	.6344316	.119434	.2461344	0
744.15	0	.6338498	.1200895	.2460607	0
743.15	0	.6332783	.1207335	.2459882	0
742.15	0	.6327167	.1213664	.2459169	0
741.15	0	.6321648	.1219886	.2458467	0
740.15	0	.6316221	.1226003	.2457776	0
739.15	0	.6310886	.123202	.2457095	0
738.15	0	.6305638	.1237938	.2456424	0
737.15	0	.6300475	.1243762	.2455763	0
736.15	0	.6295396	.1249494	.2455111	0
735.15	0	.6290397	.1255136	.2454467	0
734.15	0	.6285476	.1260692	.2453833	0
733.15	0	.6280631	.1266163	.2453207	0
732.15	0	.627586	.1271552	.2452589	0
731.15	0	.6271161	.1276861	.2451978	0
730.15	0	.6266532	.1282093	.2451375	0
729.15	0	.6261971	.128725	.2450779	0
728.15	0	.6257476	.1292334	.245019	0
727.15	0	.6253047	.1297346	.2449608	0
726.15	0	.624868	.1302288	.2449032	0
725.15	0	.6244374	.1307163	.2448463	0
724.15	0	.6240128	.1311973	.2447899	0
723.15	0	.6235941	.1316717	.2447342	0
722.15	0	.6231811	.13214	.244679	0
721.15	0	.6227736	.1326021	.2446243	0
720.15	0	.6223715	.1330583	.2445702	0
719.15	0	.6219747	.1335087	.2445166	0
718.15	0	.6215831	.1339535	.2444635	0
717.15	0	.6211965	.1343927	.2444109	0
716.15	0	.6208148	.1348265	.2443587	0
715.15	0	.620438	.135255	.244307	0
714.15	0	.6200659	.1356785	.2442557	0
713.15	0	.6196983	.1360969	.2442048	0
712.15	0	.6193353	.1365104	.2441543	0
711.15	0	.6189767	.1369191	.2441043	0
710.15	0	.6186223	.1373231	.2440546	0
709.15	0	.6182722	.1377225	.2440053	0
708.15	0	.6179262	.1381175	.2439563	0
707.15	0	.6175842	.1385081	.2439077	0
706.15	0	.6172462	.1388944	.2438594	0
705.15	0	.616912	.1392765	.2438115	0
704.15	0	.6165816	.1396545	.2437639	0
703.15	0	.616255	.1400285	.2437165	0
702.15	0	.6159319	.1403986	.2436695	0
701.15	0	.6156124	.1407648	.2436228	0
700.15	0	.6152964	.1411273	.2435763	0
699.15	0	.6149839	.141486	.2435301	0
698.15	0	.6146746	.1418412	.2434842	0
697.15	0	.6143687	.1421928	.2434385	0
696.15	0	.614066	.1425409	.2433931	0
695.15	0	.6137664	.1428857	.2433479	0
694.15	0	.61347	.1432271	.243303	0
693.15	0	.6131766	.1435652	.2432582	0
692.15	0	.6128861	.1439001	.2432137	0
691.15	0	.6125986	.1442319	.2431694	0
690.15	0	.612314	.1445606	.2431254	0
689.15	0	.6120322	.1448863	.2430815	0
688.15	0	.6117532	.145209	.2430378	0
687.15	0	.6114769	.1455288	.2429943	0
686.15	0	.6112033	.1458457	.242951	0
685.15	0	.6109324	.1461598	.2429078	0
684.15	0	.610664	.1464712	.2428649	0
683.15	0	.6103981	.1467798	.2428221	0
682.15	0	.6101347	.1470858	.2427795	0
681.15	0	.6098738	.1473892	.242737	0
680.15	0	.6096153	.14769	.2426947	0
679.15	0	.6093592	.1479883	.2426525	0
678.15	0	.6091054	.1482841	.2426105	0
677.15	0	.6088539	.1485775	.2425686	0
676.15	0	.6086047	.1488685	.2425269	0
675.15	0	.6083576	.1491571	.2424853	0
674.15	0	.6081128	.1494434	.2424438	0
673.15	0	.6078701	.1497275	.2424024	0
672.15	0	.6076295	.1500093	.2423612	0
671.15	0	.607391	.1502889	.2423201	0
670.15	0	.6071545	.1505664	.2422791	0
669.15	0	.6069201	.1508417	.2422382	0
668.15	0	.6066876	.1511149	.2421975	0
667.15	0	.6064571	.1513861	.2421568	0
666.15	0	.6062285	.1516552	.2421163	0
665.15	0	.6060019	.1519223	.2420758	0
664.15	0	.605777	.1521875	.2420355	0
663.15	0	.6055541	.1524507	.2419952	0
662.15	0	.6053329	.1527121	.241955	0
661.15	0	.6051135	.1529715	.241915	0
660.15	0	.6048959	.1532291	.241875	0
659.15	0	.60468	.1534849	.2418351	0
658.15	0	.6044658	.1537389	.2417953	0
657.15	0	.6042533	.1539911	.2417556	0
656.15	0	.6040425	.1542416	.2417159	0
655.15	0	.6038333	.1544904	.2416763	0
654.15	0	.6036257	.1547375	.2416368	0
653.15	0	.6034197	.1549829	.2415974	0
652.15	0	.6032153	.1552266	.2415581	0
651.15	0	.6030124	.1554688	.2415188	0
650.15	0	.6028111	.1557093	.2414796	0
649.15	0	.6026113	.1559483	.2414404	0
648.15	0	.6024129	.1561857	.2414014	0
647.15	0	.602216	.1564216	.2413624	0
646.15	0	.6020206	.156656	.2413234	0
645.15	0	.6018266	.1568889	.2412845	0
644.15	0	.601634	.1571203	.2412457	0
643.15	0	.6014428	.1573503	.2412069	0
642.15	0	.601253	.1575788	.2411682	0
641.15	0	.6010645	.157806	.2411296	0
640.15	0	.6008774	.1580317	.2410909	0
639.15	0	.6006916	.1582561	.2410524	0
638.15	0	.6005071	.1584791	.2410139	0
637.15	0	.6003238	.1587007	.2409755	0
636.15	0	.6001419	.158921	.2409371	0
635.15	0	.5999612	.1591401	.2408987	0
634.15	0	.5997818	.1593578	.2408604	0
633.15	0	.5996036	.1595743	.2408222	0
632.15	0	.5994266	.1597894	.240784	0
631.15	0	.5992508	.1600034	.2407458	0
630.15	0	.5990762	.1602161	.2407077	0
629.15	0	.5989028	.1604276	.2406696	0
628.15	0	.5987305	.1606379	.2406316	0
627.15	0	.5985593	.1608471	.2405936	0
626.15	0	.5983893	.161055	.2405557	0
625.15	0	.5982205	.1612618	.2405178	0
624.15	0	.5980527	.1614674	.2404799	0
623.15	0	.597886	.161672	.2404421	0
622.15	0	.5977204	.1618754	.2404043	0
621.15	0	.5975558	.1620776	.2403665	0
620.15	0	.5973924	.1622788	.2403288	0
619.15	0	.5972299	.1624789	.2402911	0
618.15	0	.5970686	.162678	.2402535	0
617.15	0	.5969082	.1628759	.2402159	0
616.15	0	.5967488	.1630729	.2401783	0
615.15	0	.5965904	.1632687	.2401408	0
614.15	0	.5964331	.1634636	.2401033	0
613.15	0	.5962767	.1636575	.2400658	0
612.15	0	.5961213	.1638503	.2400284	0
611.15	0	.5959668	.1640422	.239991	0
610.15	0	.5958133	.164233	.2399537	0
609.15	0	.5956607	.1644229	.2399163	0
608.15	0	.5955091	.1646119	.239879	0
607.15	0	.5953584	.1647998	.2398418	0
606.15	0	.5952086	.1649869	.2398045	0
605.15	0	.5950597	.165173	.2397673	0
604.15	0	.5949117	.1653581	.2397302	0
603.15	0	.5947646	.1655424	.239693	0
602.15	0	.5946183	.1657257	.2396559	0
601.15	0	.594473	.1659082	.2396189	0
600.15	0	.5943285	.1660897	.2395818	0
599.15	0	.5941848	.1662704	.2395448	0
598.15	0	.594042	.1664502	.2395078	0
597.15	0	.5939	.1666291	.2394709	0
596.15	0	.5937589	.1668072	.239434	0
595.15	0	.5936185	.1669844	.2393971	0
594.15	0	.593479	.1671607	.2393602	0
593.15	0	.5933403	.1673363	.2393234	0
592.15	0	.5932024	.167511	.2392866	0
591.15	0	.5930653	.1676849	.2392499	0
590.15	0	.5929289	.1678579	.2392131	0
589.15	0	.5927934	.1680302	.2391764	0
588.15	0	.5926586	.1682016	.2391398	0
587.15	0	.5925246	.1683723	.2391031	0
586.15	0	.5923913	.1685422	.2390665	0
585.15	0	.5922588	.1687113	.2390299	0
584.15	0	.592127	.1688796	.2389934	0
583.15	0	.591996	.1690472	.2389569	0
582.15	0	.5918657	.1692139	.2389204	0
581.15	0	.5917361	.16938	.2388839	0
580.15	0	.5916073	.1695453	.2388475	0
579.15	0	.5914791	.1697098	.2388111	0
578.15	0	.5913517	.1698736	.2387747	0
577.15	0	.5912249	.1700367	.2387384	0
576.15	0	.5910989	.170199	.2387021	0
575.15	0	.5909736	.1703606	.2386658	0
574.15	0	.5908489	.1705215	.2386296	0
573.15	0	.5907249	.1706817	.2385934	0
572.15	0	.5906016	.1708412	.2385572	0
571.15	0	.590479	.1709999	.2385211	0
570.15	0	.590357	.171158	.238485	0
569.15	0	.5902357	.1713154	.2384489	0
568.15	0	.590115	.1714721	.2384129	0
567.15	0	.589995	.1716281	.2383769	0
566.15	0	.5898756	.1717835	.2383409	0
565.15	0	.5897569	.1719381	.238305	0
564.15	0	.5896388	.1720921	.2382691	0
563.15	0	.5895213	.1722455	.2382332	0
562.15	0	.5894045	.1723981	.2381974	0
561.15	0	.5892883	.1725502	.2381616	0
560.15	0	.5891727	.1727015	.2381258	0
559.15	0	.5890577	.1728523	.2380901	0
558.15	0	.5889433	.1730023	.2380544	0
557.15	0	.5888295	.1731518	.2380187	0
556.15	0	.5887163	.1733006	.2379831	0
555.15	0	.5886037	.1734487	.2379475	0
554.15	0	.5884917	.1735963	.237912	0
553.15	0	.5883803	.1737432	.2378765	0
552.15	0	.5882695	.1738895	.237841	0
551.15	0	.5881592	.1740352	.2378056	0
550.15	0	.5880496	.1741803	.2377702	0
549.15	0	.5879404	.1743247	.2377348	0
548.15	0	.5878319	.1744686	.2376995	0
547.15	0	.587724	.1746118	.2376641	0
546.15	0	.5876166	.1747545	.2376289	0
545.15	0	.5875097	.1748966	.2375937	0
544.15	0	.5874034	.175038	.2375586	0
543.15	0	.5872977	.1751789	.2375234	0
542.15	0	.5871925	.1753192	.2374884	0
541.15	0	.5870878	.1754589	.2374533	0
540.15	0	.5869837	.175598	.2374183	0
539.15	0	.5868801	.1757366	.2373834	0
538.15	0	.586777	.1758745	.2373485	0
537.15	0	.5866745	.1760119	.2373136	0
536.15	0	.5865725	.1761487	.2372788	0
535.15	0	.586471	.176285	.237244	0
534.15	0	.58637	.1764207	.2372093	0
533.15	0	.5862695	.1765559	.2371746	0
532.15	0	.5861696	.1766904	.23714	0
531.15	0	.5860702	.1768245	.2371054	0
530.15	0	.5859713	.1769579	.2370708	0
529.15	0	.5858728	.1770909	.2370363	0
528.15	0	.5857749	.1772232	.2370019	0
527.15	0	.5856775	.1773551	.2369674	0
526.15	0	.5855806	.1774863	.2369331	0
525.15	0	.5854842	.1776171	.2368988	0
524.15	0	.5853882	.1777473	.2368645	0
523.15	0	.5852928	.1778769	.2368303	0
522.15	0	.5851978	.1780061	.2367961	0
521.15	0	.5851033	.1781347	.236762	0
520.15	0	.5850093	.1782627	.2367279	0
519.15	0	.5849158	.1783903	.2366939	0
518.15	0	.5848228	.1785173	.2366599	0
517.15	0	.5847302	.1786438	.236626	0
516.15	0	.5846381	.1787698	.2365922	0
515.15	0	.5845465	.1788952	.2365584	0
514.15	0	.5844553	.1790201	.2365246	0
513.15	0	.5843646	.1791445	.2364909	0
512.15	0	.5842743	.1792684	.2364572	0
511.15	0	.5841845	.1793918	.2364237	0
510.15	0	.5840952	.1795147	.2363901	0
509.15	0	.5840063	.1796371	.2363566	0
508.15	0	.5839179	.1797589	.2363232	0
507.15	0	.5838299	.1798803	.2362898	0
506.15	0	.5837424	.1800011	.2362565	0
505.15	0	.5836553	.1801215	.2362232	0
504.15	0	.5835687	.1802413	.23619	0
503.15	0	.5834824	.1803607	.2361569	0
502.15	0	.5833967	.1804795	.2361238	0
501.15	0	.5833114	.1805979	.2360908	0
500.15	0	.5832265	.1807157	.2360578	0
499.15	0	.583142	.1808331	.2360249	0
498.15	0	.583058	.18095	.2359921	0
497.15	0	.5829744	.1810664	.2359593	0
496.15	0	.5828912	.1811823	.2359266	0
495.15	0	.5828084	.1812977	.2358939	0
494.15	0	.5827261	.1814126	.2358613	0
493.15	0	.5826442	.181527	.2358288	0
492.15	0	.5825627	.181641	.2357963	0
491.15	0	.5824816	.1817545	.2357639	0
490.15	0	.582401	.1818675	.2357315	0
489.15	0	.5823207	.18198	.2356993	0
488.15	0	.5822409	.182092	.235667	0
487.15	0	.5821615	.1822036	.2356349	0
486.15	0	.5820825	.1823147	.2356028	0
485.15	0	.5820039	.1824253	.2355708	0
484.15	0	.5819257	.1825355	.2355388	0
483.15	0	.5818479	.1826451	.235507	0
482.15	0	.5817705	.1827543	.2354751	0
481.15	0	.5816935	.1828631	.2354434	0
480.15	0	.5816169	.1829713	.2354117	0
479.15	0	.5815407	.1830791	.2353801	0
478.15	0	.5814649	.1831865	.2353486	0
477.15	0	.5813895	.1832933	.2353171	0
476.15	0	.5813145	.1833997	.2352857	0
475.15	0	.5812399	.1835057	.2352544	0
474.15	0	.5811657	.1836112	.2352232	0
473.15	0	.5810918	.1837162	.235192	0
472.15	0	.5810184	.1838207	.2351609	0
471.15	0	.5809453	.1839248	.2351299	0
470.15	0	.5808726	.1840285	.2350989	0
469.15	0	.5808003	.1841317	.235068	0
468.15	0	.5807284	.1842344	.2350372	0
467.15	0	.5806569	.1843367	.2350065	0
466.15	0	.5805857	.1844385	.2349758	0
465.15	0	.5805149	.1845399	.2349452	0
464.15	0	.5804445	.1846408	.2349147	0
463.15	0	.5803744	.1847412	.2348843	0
462.15	0	.5803048	.1848413	.234854	0
461.15	0	.5802355	.1849408	.2348237	0
460.15	0	.5801665	.18504	.2347935	0
459.15	0	.580098	.1851386	.2347634	0
458.15	0	.5800298	.1852368	.2347334	0
457.15	0	.579962	.1853346	.2347034	0
456.15	0	.5798945	.1854319	.2346736	0
455.15	0	.5798274	.1855288	.2346438	0
454.15	0	.5797607	.1856253	.2346141	0
453.15	0	.5796943	.1857213	.2345844	0
452.15	0	.5796283	.1858168	.2345549	0
451.15	0	.5795626	.1859119	.2345254	0
450.15	0	.5794973	.1860066	.2344961	0
449.15	0	.5794324	.1861008	.2344668	0
448.15	0	.5793679	.1861945	.2344376	0
447.15	0	.5793037	.1862878	.2344085	0
446.15	0	.5792399	.1863806	.2343795	0
445.15	0	.5791765	.1864729	.2343506	0
444.15	0	.5791134	.1865648	.2343218	0
443.15	0	.5790507	.1866562	.2342931	0
442.15	0	.5789883	.1867472	.2342645	0
441.15	0	.5789264	.1868377	.234236	0
440.15	0	.5788648	.1869277	.2342076	0
439.15	0	.5788036	.1870172	.2341793	0
438.15	0	.5787427	.1871062	.2341511	0
437.15	0	.5786823	.1871947	.234123	0
436.15	0	.5786222	.1872828	.234095	0
435.15	0	.5785625	.1873703	.2340672	0
434.15	0	.5785032	.1874573	.2340394	0
433.15	0	.5784443	.1875439	.2340118	0
432.15	0	.5783858	.1876299	.2339843	0
431.15	0	.5783277	.1877155	.2339569	0
430.15	0	.5782699	.1878005	.2339296	0
429.15	0	.5782125	.187885	.2339025	0
428.15	0	.5781556	.187969	.2338754	0
427.15	0	.578099	.1880525	.2338485	0
426.15	0	.5780428	.1881355	.2338218	0
425.15	0	.5779869	.1882179	.2337951	0
424.15	0	.5779315	.1882999	.2337686	0
423.15	0	.5778765	.1883814	.2337422	0
422.15	0	.5778218	.1884623	.2337159	0
421.15	0	.5777676	.1885427	.2336898	0
420.15	0	.5777137	.1886226	.2336638	0
419.15	0	.5776602	.188702	.2336379	0
418.15	0	.5776071	.1887808	.2336121	0
417.15	0	.5775543	.1888592	.2335865	0
416.15	0	.577502	.188937	.233561	0
415.15	0	.57745	.1890143	.2335357	0
414.15	0	.5773984	.1890911	.2335105	0
413.15	0	.5773472	.1891674	.2334854	0
412.15	0	.5772964	.1892432	.2334604	0
411.15	0	.577246	.1893185	.2334356	0
410.15	0	.5771959	.1893932	.2334109	0
409.15	0	.5771462	.1894675	.2333864	0
408.15	0	.5770969	.1895412	.233362	0
407.15	0	.5770479	.1896144	.2333377	0
406.15	0	.5769993	.1896871	.2333135	0
405.15	0	.5769511	.1897594	.2332895	0
404.15	0	.5769033	.1898311	.2332657	0
403.15	0	.5768558	.1899023	.2332419	0
402.15	0	.5768087	.189973	.2332183	0
401.15	0	.5767619	.1900432	.2331949	0
400.15	0	.5767155	.1901129	.2331716	0
399.15	0	.5766695	.1901821	.2331484	0
398.15	0	.5766238	.1902509	.2331253	0
397.15	0	.5765785	.1903191	.2331024	0
396.15	0	.5765335	.1903869	.2330796	0
395.15	0	.5764889	.1904541	.233057	0
394.15	0	.5764447	.1905209	.2330344	0
393.15	0	.5764007	.1905872	.2330121	0
392.15	0	.5763572	.190653	.2329898	0
391.15	0	.5763139	.1907184	.2329677	0
390.15	0	.576271	.1907833	.2329457	0
389.15	0	.5762285	.1908477	.2329239	0
388.15	0	.5761862	.1909116	.2329022	0
387.15	0	.5761443	.1909751	.2328806	0
386.15	0	.5761028	.1910381	.2328592	0
385.15	0	.5760616	.1911006	.2328379	0
384.15	0	.5760206	.1911627	.2328167	0
383.15	0	.5759801	.1912243	.2327956	0
382.15	0	.5759398	.1912855	.2327747	0
381.15	0	.5758999	.1913462	.2327539	0
380.15	0	.5758602	.1914065	.2327333	0
379.15	0	.5758209	.1914663	.2327127	0
378.15	0	.5757819	.1915257	.2326923	0
377.15	0	.5757432	.1915847	.2326721	0
376.15	0	.5757049	.1916432	.2326519	0
375.15	0	.5756668	.1917013	.2326319	0
374.15	0	.575629	.191759	.232612	0
373.15	0	.5755915	.1918162	.2325923	0
372.15	0	.5755543	.191873	.2325726	0
371.15	0	.5755175	.1919294	.2325531	0
370.15	0	.5754809	.1919854	.2325337	0
369.15	0	.5754446	.192041	.2325145	0
368.15	0	.5754086	.1920961	.2324953	0
367.15	0	.5753728	.1921509	.2324763	0
366.15	0	.5753374	.1922052	.2324574	0
365.15	0	.5753022	.1922592	.2324386	0
364.15	0	.5752673	.1923127	.23242	0
363.15	0	.5752327	.1923659	.2324015	0
362.15	0	.5751983	.1924186	.2323831	0
361.15	0	.5751642	.192471	.2323648	0
360.15	0	.5751304	.192523	.2323466	0
359.15	0	.5750969	.1925746	.2323285	0
358.15	0	.5750636	.1926258	.2323106	0
357.15	0	.5750305	.1926767	.2322928	0
356.15	0	.5749978	.1927272	.2322751	0
355.15	0	.5749652	.1927773	.2322575	0
354.15	0	.574933	.192827	.23224	0
353.15	0	.5749009	.1928764	.2322226	0
352.15	0	.5748692	.1929254	.2322054	0
351.15	0	.5748376	.1929741	.2321883	0
350.15	0	.5748063	.1930224	.2321712	0
349.15	0	.5747753	.1930704	.2321543	0
348.15	0	.5747445	.193118	.2321375	0
347.15	0	.5747139	.1931653	.2321208	0
346.15	0	.5746835	.1932122	.2321043	0
345.15	0	.5746534	.1932588	.2320878	0
344.15	0	.5746235	.1933051	.2320714	0
343.15	0	.5745938	.193351	.2320552	0
342.15	0	.5745643	.1933966	.232039	0
341.15	0	.5745351	.1934419	.232023	0
340.15	0	.5745061	.1934869	.232007	0
339.15	0	.5744773	.1935315	.2319912	0
338.15	0	.5744487	.1935758	.2319755	0
337.15	0	.5744203	.1936199	.2319599	0
336.15	0	.5743921	.1936636	.2319444	0
335.15	0	.5743641	.193707	.2319289	0
334.15	0	.5743363	.19375	.2319136	0
333.15	0	.5743088	.1937928	.2318984	0
332.15	0	.5742814	.1938353	.2318833	0
331.15	0	.5742542	.1938775	.2318683	0
330.15	0	.5742272	.1939194	.2318534	0
329.15	0	.5742004	.193961	.2318386	0
328.15	0	.5741738	.1940024	.2318239	0
327.15	0	.5741473	.1940434	.2318093	0
326.15	0	.5741211	.1940842	.2317947	0
325.15	0	.574095	.1941246	.2317803	0
324.15	0	.5740692	.1941648	.231766	0
323.15	0	.5740435	.1942048	.2317518	0
322.15	0	.5740179	.1942444	.2317377	0
321.15	0	.5739926	.1942838	.2317236	0
320.15	0	.5739674	.194323	.2317097	0
319.15	0	.5739423	.1943618	.2316959	0
318.15	0	.5739175	.1944004	.2316821	0
317.15	0	.5738928	.1944388	.2316685	0
316.15	0	.5738682	.1944769	.2316549	0
315.15	0	.5738439	.1945147	.2316414	0
314.15	0	.5738197	.1945523	.231628	0
313.15	0	.5737956	.1945897	.2316148	0
312.15	0	.5737717	.1946268	.2316016	0
311.15	0	.5737479	.1946636	.2315885	0
310.15	0	.5737243	.1947002	.2315754	0
