T	 BPW(LIQUID)	BPW(BCC_A2)	BPW(FCC_A1)	BPW(LAVES_PHASE_C14)	BPW(NI3TI)
1473.15	0	.9396478	.06035223	0	0
1472.15	0	.9372576	.06274238	0	0
1471.15	0	.9348736	.06512639	0	0
1470.15	0	.9324957	.06750428	0	0
1469.15	0	.930124	.06987606	0	0
1468.15	0	.9277583	.07224172	0	0
1467.15	0	.9253987	.07460128	0	0
1466.15	0	.9230452	.07695475	0	0
1465.15	0	.9206979	.07930214	0	0
1464.15	0	.9183566	.08164345	0	0
1463.15	0	.9160213	.08397869	0	0
1462.15	0	.9136921	.08630786	0	0
1461.15	0	.911369	.08863098	0	0
1460.15	0	.9090519	.09094805	0	0
1459.15	0	.9067409	.09325908	0	0
1458.15	0	.9044359	.09556408	0	0
1457.15	0	.902137	.09786305	0	0
1456.15	0	.899844	.100156	0	0
1455.15	0	.8975571	.1024429	0	0
1454.15	0	.8952761	.1047239	0	0
1453.15	0	.8930012	.1069988	0	0
1452.15	0	.8907323	.1092677	0	0
1451.15	0	.8884693	.1115307	0	0
1450.15	0	.8862123	.1137877	0	0
1449.15	0	.8839614	.1160387	0	0
1448.15	0	.8817163	.1182837	0	0
1447.15	0	.8794773	.1205227	0	0
1446.15	0	.8772441	.1227559	0	0
1445.15	0	.875017	.124983	0	0
1444.15	0	.8727958	.1272042	0	0
1443.15	0	.8705805	.1294195	0	0
1442.15	0	.8683711	.1316289	0	0
1441.15	0	.8661677	.1338323	0	0
1440.15	0	.8639702	.1360298	0	0
1439.15	0	.8617786	.1382214	0	0
1438.15	0	.8595929	.1404071	0	0
1437.15	0	.8574131	.1425869	0	0
1436.15	0	.8552392	.1447608	0	0
1435.15	0	.8530712	.1469288	0	0
1434.15	0	.850909	.1490909	0	0
1433.15	0	.8487528	.1512472	0	0
1432.15	0	.8466025	.1533975	0	0
1431.15	0	.844458	.155542	0	0
1430.15	0	.8423193	.1576807	0	0
1429.15	0	.8401865	.1598135	0	0
1428.15	0	.8380596	.1619404	0	0
1427.15	0	.8359386	.1640614	0	0
1426.15	0	.8338234	.1661766	0	0
1425.15	0	.831714	.168286	0	0
1424.15	0	.8296104	.1703896	0	0
1423.15	0	.8275127	.1724873	0	0
1422.15	0	.8254209	.1745792	0	0
1421.15	0	.8233348	.1766652	0	0
1420.15	0	.8212546	.1787454	0	0
1419.15	0	.8191801	.1808199	0	0
1418.15	0	.8171115	.1828885	0	0
1417.15	0	.8150487	.1849513	0	0
1416.15	0	.8129917	.1870083	0	0
1415.15	0	.8109405	.1890595	0	0
1414.15	0	.8088951	.1911049	0	0
1413.15	0	.8068555	.1931445	0	0
1412.15	0	.8048217	.1951783	0	0
1411.15	0	.8027936	.1972064	0	0
1410.15	0	.8007714	.1992286	0	0
1409.15	0	.7987549	.2012451	0	0
1408.15	0	.7967442	.2032558	0	0
1407.15	0	.7947393	.2052607	0	0
1406.15	0	.7927401	.2072599	0	0
1405.15	0	.7907467	.2092533	0	0
1404.15	0	.7887591	.2112409	0	0
1403.15	0	.7867772	.2132228	0	0
1402.15	0	.7848011	.2151989	0	0
1401.15	0	.7828307	.2171693	0	0
1400.15	0	.7808661	.2191339	0	0
1399.15	0	.7789073	.2210927	0	0
1398.15	0	.7769542	.2230458	0	0
1397.15	0	.7750068	.2249932	0	0
1396.15	0	.7730652	.2269348	0	0
1395.15	0	.7711293	.2288707	0	0
1394.15	0	.7691992	.2308009	0	0
1393.15	0	.7672748	.2327253	0	0
1392.15	0	.7653561	.2346439	0	0
1391.15	0	.7634432	.2365569	0	0
1390.15	0	.761536	.2384641	0	0
1389.15	0	.7596345	.2403655	0	0
1388.15	0	.7577387	.2422613	0	0
1387.15	0	.7558487	.2441513	0	0
1386.15	0	.7539644	.2460356	0	0
1385.15	0	.7520859	.2479141	0	0
1384.15	0	.750213	.249787	0	0
1383.15	0	.7483459	.2516541	0	0
1382.15	0	.7464845	.2535155	0	0
1381.15	0	.7446289	.2553711	0	0
1380.15	0	.7427789	.2572211	0	0
1379.15	0	.7409347	.2590653	0	0
1378.15	0	.7390962	.2609038	0	0
1377.15	0	.7372634	.2627366	0	0
1376.15	0	.7354363	.2645637	0	0
1375.15	0	.733615	.266385	0	0
1374.15	0	.7317993	.2682007	0	0
1373.15	0	.7299894	.2700106	0	0
1372.15	0	.7281852	.2718148	0	0
1371.15	0	.7263867	.2736133	0	0
1370.15	0	.724594	.275406	0	0
1369.15	0	.7228069	.2771931	0	0
1368.15	0	.7210256	.2789744	0	0
1367.15	0	.71925	.28075	0	0
1366.15	0	.7174801	.2825199	0	0
1365.15	0	.715716	.284284	0	0
1364.15	0	.7139575	.2860425	0	0
1363.15	0	.7122048	.2877952	0	0
1362.15	0	.7104578	.2895422	0	0
1361.15	0	.7087166	.2912834	0	0
1360.15	0	.706981	.293019	0	0
1359.15	0	.7052512	.2947488	0	0
1358.15	0	.7035271	.2964729	0	0
1357.15	0	.7018088	.2981913	0	0
1356.15	0	.7000961	.2999039	0	0
1355.15	0	.6983892	.3016108	0	0
1354.15	0	.6966881	.3033119	0	0
1353.15	0	.6949927	.3050074	0	0
1352.15	0	.693303	.306697	0	0
1351.15	0	.691619	.308381	0	0
1350.15	0	.6899408	.3100592	0	0
1349.15	0	.6882684	.3117316	0	0
1348.15	0	.6866017	.3133983	0	0
1347.15	0	.6849407	.3150593	0	0
1346.15	0	.6832855	.3167145	0	0
1345.15	0	.6816361	.3183639	0	0
1344.15	0	.6799924	.3200076	0	0
1343.15	0	.6783545	.3216456	0	0
1342.15	0	.6767223	.3232777	0	0
1341.15	0	.6750959	.3249041	0	0
1340.15	0	.6734753	.3265247	0	0
1339.15	0	.6718604	.3281396	0	0
1338.15	0	.6702513	.3297487	0	0
1337.15	0	.668648	.331352	0	0
1336.15	0	.6670505	.3329495	0	0
1335.15	0	.6654588	.3345412	0	0
1334.15	0	.6638729	.3361271	0	0
1333.15	0	.6622927	.3377073	0	0
1332.15	0	.6607184	.3392816	0	0
1331.15	0	.6591498	.3408502	0	0
1330.15	0	.6575871	.3424129	0	0
1329.15	0	.6560302	.3439698	0	0
1328.15	0	.6544791	.3455209	0	0
1327.15	0	.6529338	.3470662	0	0
1326.15	0	.6513943	.3486057	0	0
1325.15	0	.6498607	.3501393	0	0
1324.15	0	.6483329	.3516671	0	0
1323.15	0	.646811	.353189	0	0
1322.15	0	.6452949	.3547051	0	0
1321.15	0	.6437846	.3562154	0	0
1320.15	0	.6422802	.3577198	0	0
1319.15	0	.6407817	.3592184	0	0
1318.15	0	.639289	.360711	0	0
1317.15	0	.6378022	.3621978	0	0
1316.15	0	.6363212	.3636788	0	0
1315.15	0	.6348462	.3651538	0	0
1314.15	0	.633377	.366623	0	0
1313.15	0	.6319138	.3680862	0	0
1312.15	0	.6304564	.3695436	0	0
1311.15	0	.629005	.370995	0	0
1310.15	0	.6275594	.3724406	0	0
1309.15	0	.6261198	.3738802	0	0
1308.15	0	.6246861	.3753139	0	0
1307.15	0	.6232583	.3767417	0	0
1306.15	0	.6218365	.3781635	0	0
1305.15	0	.6204207	.3795793	0	0
1304.15	0	.6190107	.3809893	0	0
1303.15	0	.6176068	.3823932	0	0
1302.15	0	.6162088	.3837912	0	0
1301.15	0	.6148168	.3851832	0	0
1300.15	0	.6134308	.3865692	0	0
1299.15	0	.6120507	.3879493	0	0
1298.15	0	.6106767	.3893233	0	0
1297.15	0	.6093086	.3906914	0	0
1296.15	0	.6079466	.3920534	0	0
1295.15	0	.6065906	.3934094	0	0
1294.15	0	.6052406	.3947594	0	0
1293.15	0	.6038967	.3961033	0	0
1292.15	0	.6025588	.3974412	0	0
1291.15	0	.601227	.398773	0	0
1290.15	0	.5999012	.4000988	0	0
1289.15	0	.5985815	.4014185	0	0
1288.15	0	.5972679	.4027321	0	0
1287.15	0	.5959604	.4040396	0	0
1286.15	0	.5946589	.4053411	0	0
1285.15	0	.5933636	.4066364	0	0
1284.15	0	.5920744	.4079256	0	0
1283.15	0	.5907913	.4092087	0	0
1282.15	0	.5895144	.4104856	0	0
1281.15	0	.5882436	.4117564	0	0
1280.15	0	.586979	.413021	0	0
1279.15	0	.5857205	.4142795	0	0
1278.453	0	.5848467	.4151533	0	0
1278.453	0	.5848467	.4151533	0	0
1278.453	0	.5848467	.4151533	0	0
1278.15	0	.5841503	.415703	1.467964E-04	0
1277.15	0	.5818557	.4175137	6.306022E-04	0
1276.15	0	.57957	.4193172	.001112819	0
1275.15	0	.5772929	.4211136	.001593451	0
1274.15	0	.5750247	.4229028	.002072505	0
1273.15	0	.5727653	.4246848	.002549985	0
1272.15	0	.5705146	.4264595	.003025897	0
1271.15	0	.5682728	.428227	.003500245	0
1270.15	0	.5660398	.4299872	.003973035	0
1269.15	0	.5638156	.4317401	.004444271	0
1268.15	0	.5616003	.4334858	.004913959	0
1267.15	0	.5593938	.4352241	.005382104	0
1266.15	0	.5571962	.4369551	.00584871	0
1265.15	0	.5550075	.4386787	.006313782	0
1264.15	0	.5528277	.4403949	.006777326	0
1263.15	0	.5506569	.4421038	.007239346	0
1262.15	0	.5484949	.4438052	.007699847	0
1261.15	0	.5463419	.4454993	.008158834	0
1260.15	0	.5441979	.4471858	.008616311	0
1259.15	0	.5420628	.4488649	.009072283	0
1258.15	0	.5399368	.4505365	.009526756	0
1257.15	0	.5378197	.4522006	.009979733	0
1256.15	0	.5357116	.4538571	.01043122	0
1255.15	0	.5336127	.4555061	.01088122	0
1254.15	0	.5315227	.4571475	.01132974	0
1253.15	0	.5294419	.4587814	.01177678	0
1252.15	0	.5273701	.4604076	.01222235	0
1251.15	0	.5253074	.4620261	.01266645	0
1250.15	0	.5232539	.463637	.01310909	0
1249.15	0	.5212096	.4652402	.01355027	0
1248.15	0	.5191743	.4668357	.01398999	0
1247.15	0	.5171483	.4684234	.01442827	0
1246.15	0	.5151315	.4700034	.0148651	0
1245.15	0	.5131239	.4715756	.01530048	0
1244.15	0	.5111256	.47314	.01573443	0
1243.15	0	.5091365	.4746965	.01616695	0
1242.15	0	.5071567	.4762452	.01659804	0
1241.15	0	.5051863	.477786	.0170277	0
1240.15	0	.5032251	.4793189	.01745595	0
1239.15	0	.5012734	.4808439	.01788278	0
1238.15	0	.4993309	.4823609	.01830819	0
1237.15	0	.4973979	.4838699	.0187322	0
1236.15	0	.4954743	.4853708	.01915481	0
1235.15	0	.4935602	.4868638	.01957602	0
1234.15	0	.4916555	.4883486	.01999583	0
1233.15	0	.4897603	.4898254	.02041425	0
1232.15	0	.4878747	.491294	.02083129	0
1231.15	0	.4859985	.4927545	.02124694	0
1230.15	0	.484132	.4942068	.02166121	0
1229.15	0	.482275	.4956509	.0220741	0
1228.15	0	.4804277	.4970867	.02248563	0
1227.15	0	.47859	.4985142	.02289579	0
1226.15	0	.4767619	.4999335	.02330458	0
1225.15	0	.4749436	.5013444	.02371202	0
1224.15	0	.473135	.5027469	.0241181	0
1223.15	0	.4713361	.5041411	.02452282	0
1222.15	0	.469547	.5055268	.0249262	0
1221.15	0	.4677677	.506904	.02532824	0
1220.15	0	.4659983	.5082728	.02572893	0
1219.15	0	.4642387	.509633	.02612829	0
1218.15	0	.462489	.5109847	.02652632	0
1217.15	0	.4607492	.5123278	.02692301	0
1216.15	0	.4590194	.5136622	.02731838	0
1215.15	0	.4572996	.514988	.02771243	0
1214.15	0	.4555898	.5163051	.02810516	0
1213.15	0	.45389	.5176135	.02849658	0
1212.15	0	.4522003	.5189131	.02888668	0
1211.15	0	.4505207	.5202039	.02927548	0
1210.15	0	.4488512	.5214858	.02966297	0
1209.15	0	.4471919	.5227589	.03004916	0
1208.15	0	.4455428	.5240231	.03043406	0
1207.15	0	.4439039	.5252784	.03081766	0
1206.15	0	.4422753	.5265247	.03119997	0
1205.15	0	.440657	.527762	.031581	0
1204.15	0	.4390491	.5289902	.03196074	0
1203.15	0	.4374515	.5302093	.0323392	0
1202.15	0	.4358643	.5314193	.03271639	0
1201.15	0	.4342876	.5326201	.0330923	0
1200.15	0	.4327213	.5338118	.03346695	0
1199.15	0	.4311655	.5349942	.03384033	0
1198.15	0	.4296203	.5361673	.03421244	0
1197.15	0	.4280856	.5373311	.0345833	0
1196.15	0	.4265616	.5384855	.0349529	0
1195.15	0	.4250482	.5396305	.03532125	0
1194.15	0	.4235456	.5407661	.03568835	0
1193.15	0	.4220536	.5418922	.0360542	0
1192.15	0	.4205724	.5430088	.03641881	0
1191.15	0	.419102	.5441158	.03678218	0
1190.15	0	.4176425	.5452132	.03714431	0
1189.15	0	.4161938	.546301	.03750521	0
1188.15	0	.4147561	.547379	.03786488	0
1187.15	0	.4133293	.5484474	.03822332	0
1186.15	0	.4119135	.5495059	.03858054	0
1185.15	0	.4105088	.5505547	.03893654	0
1184.15	0	.4091151	.5515936	.03929132	0
1183.15	0	.4077326	.5526226	.03964489	0
1182.15	0	.4063612	.5536416	.03999725	0
1181.15	0	.405001	.5546506	.04034839	0
1180.15	0	.4036521	.5556496	.04069833	0
1179.15	0	.4023144	.5566385	.04104707	0
1178.15	0	.4009881	.5576173	.04139461	0
1177.15	0	.3996731	.558586	.04174096	0
1176.15	0	.3983695	.5595444	.04208611	0
1175.15	0	.3970774	.5604925	.04243007	0
1174.15	0	.3957968	.5614303	.04277285	0
1173.15	0	.3945278	.5623578	.04311444	0
1172.15	0	.3932703	.5632749	.04345485	0
1171.15	0	.3920244	.5641815	.04379408	0
1170.15	0	.3907902	.5650776	.04413214	0
1169.15	0	.3895677	.5659632	.04446902	0
1168.15	0	.388357	.5668382	.04480474	0
1167.15	0	.3871581	.5677026	.04513928	0
1166.15	0	.3859711	.5685563	.04547267	0
1165.15	0	.3847959	.5693992	.04580489	0
1164.15	0	.3836327	.5702314	.04613596	0
1163.15	0	.3824814	.5710527	.04646587	0
1162.15	0	.3813422	.5718632	.04679463	0
1161.15	0	.380215	.5726627	.04712225	0
1160.15	0	.3791	.5734513	.04744871	0
1159.15	0	.3779972	.5742288	.04777403	0
1158.15	0	.3769065	.5749952	.04809821	0
1157.15	0	.3758282	.5757506	.04842126	0
1156.15	0	.3747621	.5764947	.04874317	0
1155.15	0	.3737084	.5772277	.04906394	0
1154.15	0	.372667	.5779494	.0493836	0
1153.15	0	.3716381	.5786598	.04970212	0
1152.15	0	.3706218	.5793587	.05001952	0
1151.15	0	.369618	.5800463	.0503358	0
1150.15	0	.3686267	.5807223	.05065095	0
1149.15	0	.3676481	.5813869	.050965	0
1148.15	0	.3666822	.5820399	.05127793	0
1147.15	0	.365729	.5826812	.05158975	0
1146.15	0	.3647887	.5833109	.05190047	0
1145.15	0	.3638611	.5839288	.05221008	0
1144.15	0	.3629464	.584535	.05251858	0
1143.15	0	.3620446	.5851294	.05282599	0
1142.15	0	.3611558	.5857119	.05313231	0
1141.15	0	.3602801	.5862824	.05343753	0
1140.15	0	.3594174	.586841	.05374166	0
1139.15	0	.3585678	.5873875	.0540447	0
1138.15	0	.3577314	.587922	.05434665	0
1137.15	0	.3569082	.5884443	.05464753	0
1136.15	0	.3560982	.5889545	.05494732	0
1135.15	0	.3553016	.5894524	.05524604	0
1134.15	0	.3545183	.589938	.05554368	0
1133.15	0	.3537484	.5904113	.05584025	0
1132.15	0	.352992	.5908723	.05613576	0
1131.15	0	.3522491	.5913208	.05643019	0
1130.15	0	.3515197	.5917568	.05672357	0
1129.15	0	.3508039	.5921803	.05701588	0
1128.15	0	.3501017	.5925911	.05730713	0
1127.15	0	.3494133	.5929894	.05759733	0
1126.15	0	.3487385	.593375	.05788648	0
1125.15	0	.3480776	.5937479	.05817457	0
1124.15	0	.3474304	.594108	.05846162	0
1123.15	0	.3467972	.5944552	.05874762	0
1122.15	0	.3461778	.5947896	.05903258	0
1121.15	0	.3455725	.595111	.05931651	0
1120.15	0	.3449811	.5954195	.05959939	0
1119.15	0	.3444038	.595715	.05988124	0
1118.15	0	.3438406	.5959974	.06016206	0
1117.15	0	.3432915	.5962666	.06044186	0
1116.15	0	.3427566	.5965228	.06072062	0
1115.15	0	.342236	.5967657	.06099836	0
1114.15	0	.3417296	.5969953	.06127508	0
1113.15	0	.3412375	.5972117	.06155079	0
1112.15	0	.3407598	.5974147	.06182548	0
1111.15	0	.3402965	.5976043	.06209915	0
1110.15	0	.3398477	.5977805	.06237182	0
1109.15	0	.3394133	.5979432	.06264348	0
1108.15	0	.3389935	.5980924	.06291413	0
1107.15	0	.3385882	.5982281	.06318378	0
1106.15	0	.3381975	.5983501	.06345244	0
1105.15	0	.3378215	.5984585	.06372009	0
1104.15	0	.3374601	.5985531	.06398676	0
1103.15	0	.3371135	.5986341	.06425243	0
1102.15	0	.3367816	.5987013	.06451711	0
1101.15	0	.3364645	.5987547	.06478081	0
1100.15	0	.3361623	.5987942	.06504353	0
1099.15	0	.3358749	.5988199	.06530526	0
1098.15	0	.3356024	.5988316	.06556602	0
1097.15	0	.3353449	.5988293	.0658258	0
1096.15	0	.3351023	.5988131	.06608461	0
1095.15	0	.3348747	.5987828	.06634245	0
1094.15	0	.3346622	.5987385	.06659933	0
1093.15	0	.3344647	.5986801	.06685523	0
1092.15	0	.3342823	.5986075	.06711018	0
1091.15	0	.334115	.5985208	.06736417	0
1090.15	0	.3339629	.5984199	.06761721	0
1089.15	0	.333826	.5983047	.06786929	0
1088.15	0	.3337043	.5981753	.06812042	0
1087.15	0	.3335978	.5980316	.0683706	0
1086.15	0	.3335066	.5978736	.06861984	0
1085.15	0	.3334306	.5977013	.06886813	0
1084.15	0	.33337	.5975146	.06911548	0
1083.15	0	.3333246	.5973135	.0693619	0
1082.15	0	.3332947	.597098	.06960738	0
1081.15	0	.33328	.596868	.06985194	0
1080.15	0	.3332808	.5966236	.07009556	0
1079.15	0	.333297	.5963647	.07033825	0
1078.15	0	.3333286	.5960914	.07058003	0
1077.15	0	.3333757	.5958035	.07082088	0
1076.15	0	.3334381	.5955011	.07106081	0
1075.15	0	.3335161	.5951841	.07129983	0
1074.15	0	.3336095	.5948526	.07153794	0
1073.15	0	.3337184	.5945065	.07177513	0
1072.15	0	.3338428	.5941458	.07201142	0
1071.15	0	.3339827	.5937705	.0722468	0
1070.15	0	.3341381	.5933806	.07248128	0
1069.15	0	.3343091	.5929761	.07271487	0
1068.15	0	.3344955	.5925569	.07294755	0
1067.15	0	.3346975	.5921232	.07317934	0
1066.15	0	.334915	.5916748	.07341024	0
1065.15	0	.335148	.5912117	.07364025	0
1064.15	0	.3353966	.5907341	.07386938	0
1063.15	0	.3356606	.5902418	.07409762	0
1062.15	0	.3359402	.5897348	.07432498	0
1061.15	0	.3362353	.5892133	.07455146	0
1060.15	0	.3365459	.5886771	.07477707	0
1059.15	0	.3368719	.5881263	.0750018	0
1058.15	0	.3372135	.5875608	.07522567	0
1057.15	0	.3375706	.5869808	.07544866	0
1056.15	0	.337943	.5863862	.07567079	0
1055.15	0	.338331	.585777	.07589206	0
1054.15	0	.3387344	.5851532	.07611247	0
1053.15	0	.3391531	.5845149	.07633202	0
1052.15	0	.3395873	.583862	.07655071	0
1051.15	0	.3400368	.5831946	.07676855	0
1050.15	0	.3405017	.5825128	.07698554	0
1049.15	0	.3409819	.5818164	.07720169	0
1048.15	0	.3414774	.5811056	.07741699	0
1047.15	0	.3419881	.5803804	.07763144	0
1046.15	0	.3425141	.5796408	.07784505	0
1045.15	0	.3430553	.5788869	.07805783	0
1044.15	0	.3436117	.5781186	.07826977	0
1043.15	0	.3441832	.577336	.07848088	0
1042.15	0	.3447697	.5765391	.07869115	0
1041.15	0	.3453714	.575728	.0789006	0
1040.15	0	.3459881	.5749027	.07910922	0
1039.15	0	.3466197	.5740633	.07931701	0
1038.15	0	.3472663	.5732097	.07952398	0
1037.15	0	.3479278	.5723421	.07973013	0
1036.15	0	.3486041	.5714604	.07993547	0
1035.15	0	.3492952	.5705648	.08013998	0
1034.15	0	.350001	.5696553	.08034369	0
1033.15	0	.3507216	.5687319	.08054658	0
1032.15	0	.3514567	.5677946	.08074866	0
1031.15	0	.3522064	.5668436	.08094993	0
1030.15	0	.3529707	.5658789	.08115039	0
1029.15	0	.3537494	.5649006	.08135005	0
1028.15	0	.3545425	.5639086	.08154891	0
1027.15	0	.3553499	.5629032	.08174697	0
1026.15	0	.3561716	.5618842	.08194422	0
1025.15	0	.3570074	.5608519	.08214068	0
1024.15	0	.3578574	.5598062	.08233635	0
1023.15	0	.3587215	.5587473	.08253122	0
1022.15	0	.3595995	.5576752	.08272529	0
1021.15	0	.3604915	.55659	.08291857	0
1020.15	0	.3613972	.5554917	.08311107	0
1019.15	0	.3623167	.5543805	.08330277	0
1018.15	0	.3632499	.5532564	.08349368	0
1017.15	0	.3641966	.5521195	.08368381	0
1016.15	0	.3651569	.55097	.08387316	0
1015.15	0	.3661306	.5498077	.08406171	0
1014.15	0	.3671176	.548633	.08424949	0
1013.15	0	.3681178	.5474457	.08443648	0
1012.15	0	.3691312	.5462461	.08462269	0
1011.15	0	.3701576	.5450343	.08480812	0
1010.15	0	.371197	.5438103	.08499276	0
1009.15	0	.3722492	.5425742	.08517663	0
1008.15	0	.3733142	.5413261	.08535972	0
1007.15	0	.3743918	.5400662	.08554202	0
1006.15	0	.375482	.5387944	.08572355	0
1005.15	0	.3765847	.537511	.0859043	0
1004.15	0	.3776997	.5362161	.08608427	0
1003.15	0	.3788269	.5349097	.08626347	0
1002.15	0	.3799662	.5335919	.08644188	0
1001.15	0	.3811176	.5322629	.08661951	0
1000.15	0	.3822809	.5309227	.08679637	0
999.15	0	.383456	.5295716	.08697244	0
998.15	0	.3846427	.5282096	.08714773	0
997.15	0	.385841	.5268368	.08732225	0
996.15	0	.3870507	.5254533	.08749598	0
995.15	0	.3882718	.5240593	.08766892	0
994.15	0	.389504	.5226549	.08784109	0
993.15	0	.3907473	.5212402	.08801247	0
992.15	0	.3920016	.5198154	.08818306	0
991.15	0	.3932666	.5183805	.08835286	0
990.15	0	.3945424	.5169357	.08852187	0
989.15	0	.3958287	.5154812	.0886901	0
988.15	0	.3971255	.514017	.08885753	0
987.15	0	.3984325	.5125433	.08902416	0
986.15	0	.3997497	.5110603	.08919	0
985.15	0	.4010769	.5095681	.08935503	0
984.15	0	.402414	.5080667	.08951926	0
983.15	0	.4037609	.5065565	.08968269	0
982.15	0	.4051173	.5050374	.08984531	0
981.15	0	.4064832	.5035097	.09000712	0
980.15	0	.4078585	.5019734	.09016811	0
979.15	0	.4092429	.5004288	.09032828	0
978.15	0	.4106363	.498876	.09048763	0
977.15	0	.4120387	.4973152	.09064616	0
976.15	0	.4134498	.4957464	.09080385	0
975.15	0	.4148694	.4941699	.09096071	0
974.15	0	.4162975	.4925858	.09111673	0
973.15	0	.4177339	.4909942	.0912719	0
972.15	0	.4191784	.4893954	.09142623	0
971.15	0	.4206309	.4877894	.0915797	0
970.15	0	.4220912	.4861765	.09173231	0
969.15	0	.4235591	.4845568	.09188405	0
968.15	0	.4250346	.4829305	.09203492	0
967.15	0	.4265174	.4812976	.09218491	0
966.15	0	.4280074	.4796586	.09233401	0
965.15	0	.4295045	.4780133	.09248222	0
964.15	0	.4310083	.4763621	.09262953	0
963.15	0	.4325189	.4747052	.09277593	0
962.15	0	.434036	.4730426	.09292141	0
961.15	0	.4355594	.4713746	.09306597	0
960.15	0	.4370891	.4697013	.0932096	0
959.15	0	.4386247	.468023	.09335227	0
958.15	0	.4401662	.4663398	.093494	0
957.15	0	.4417134	.4646518	.09363476	0
956.15	0	.4432661	.4629593	.09377455	0
955.15	0	.4448241	.4612625	.09391336	0
954.15	0	.4463873	.4595616	.09405117	0
953.15	0	.4478682	.4579385	.09419333	0
952.15	0	.4492536	.4564056	.09434078	0
951.15	0	.4506698	.4548445	.09448578	0
950.15	0	.4521152	.4532565	.09462838	0
949.15	0	.4535884	.451643	.09476863	0
948.15	0	.4550881	.4500054	.09490657	0
947.15	0	.4566129	.4483449	.09504224	0
946.15	0	.4581616	.4466627	.09517568	0
945.15	0	.459733	.44496	.09530692	0
944.15	0	.4613259	.4432381	.095436	0
943.15	0	.4629391	.441498	.09556296	0
942.15	0	.4645715	.4397407	.09568781	0
941.15	0	.466222	.4379674	.09581059	0
940.15	0	.4678896	.4361791	.09593133	0
939.15	0	.4695733	.4343767	.09605005	0
938.15	0	.4712721	.4325612	.09616678	0
937.15	0	.472985	.4307334	.09628154	0
936.15	0	.4747113	.4288944	.09639434	0
935.15	0	.4764498	.4270449	.09650522	0
934.15	0	.4781999	.4251859	.09661419	0
933.15	0	.4799607	.423318	.09672126	0
932.15	0	.4817314	.4214422	.09682646	0
931.15	0	.4835112	.419559	.0969298	0
930.15	0	.4852993	.4176694	.0970313	0
929.15	0	.4870951	.4157739	.09713097	0
928.15	0	.4888978	.4138734	.09722883	0
927.15	0	.4907067	.4119684	.09732489	0
926.15	0	.4925213	.4100596	.09741916	0
925.15	0	.4943408	.4081476	.09751165	0
924.15	0	.4961646	.4062331	.09760238	0
923.15	0	.4979921	.4043165	.09769136	0
922.15	0	.4998228	.4023986	.0977786	0
921.15	0	.5016561	.4004798	.0978641	0
920.15	0	.5034914	.3985608	.09794788	0
919.15	0	.5053282	.3966419	.09802995	0
918.15	0	.507166	.3947237	.09811032	0
917.15	0	.5090043	.3928067	.09818899	0
916.15	0	.5108426	.3908914	.09826598	0
915.15	0	.5126805	.3889782	.09834128	0
914.15	0	.5145175	.3870676	.09841492	0
913.15	0	.5163531	.38516	.09848689	0
912.15	0	.518187	.3832558	.09855721	0
911.15	0	.5200187	.3813554	.09862588	0
910.15	0	.5218478	.3794593	.09869291	0
909.15	0	.523674	.3775677	.0987583	0
908.15	0	.5254968	.3756812	.09882208	0
907.15	0	.5273159	.3737999	.09888423	0
906.15	0	.5291309	.3719244	.09894477	0
905.15	0	.5309415	.3700548	.09900371	0
904.15	0	.5327473	.3681916	.09906105	0
903.15	0	.5345481	.3663351	.0991168	0
902.15	0	.5363435	.3644856	.09917097	0
901.15	0	.5381331	.3626433	.09922356	0
900.15	0	.5399168	.3608086	.09927458	0
899.15	0	.5416942	.3589817	.09932405	0
898.15	0	.543465	.357163	.09937195	0
897.15	0	.545229	.3553527	.09941832	0
896.15	0	.5469859	.353551	.09946314	0
895.15	0	.5487354	.3517581	.09950643	0
894.15	0	.5504773	.3499745	.0995482	0
893.15	0	.5522114	.3482002	.09958846	0
892.15	0	.5539373	.3464355	.09962721	0
891.15	0	.555655	.3446806	.09966446	0
890.15	0	.557364	.3429357	.09970023	0
889.15	0	.5590644	.3412011	.09973451	0
888.15	0	.5607558	.3394769	.09976732	0
887.15	0	.5624379	.3377634	.09979867	0
886.15	0	.5641108	.3360606	.09982858	0
885.15	0	.5657741	.3343689	.09985703	0
884.15	0	.5674276	.3326883	.09988406	0
883.15	0	.5690712	.3310191	.09990967	0
882.15	0	.5707048	.3293614	.09993386	0
881.15	0	.5723281	.3277153	.09995666	0
880.15	0	.573941	.326081	.09997806	0
879.15	0	.5755433	.3244586	.09999809	0
878.15	0	.5771349	.3228483	.1000168	0
877.15	0	.5787157	.3212503	.1000341	0
876.15	0	.5802855	.3196645	.10005	0
875.15	0	.5818441	.3180912	.1000647	0
874.15	0	.5833915	.3165305	.100078	0
873.15	0	.5849276	.3149824	.10009	0
872.15	0	.5864522	.3134471	.1001007	0
871.15	0	.5879652	.3119247	.1001102	0
870.15	0	.5894665	.3104152	.1001184	0
869.15	0	.590956	.3089187	.1001253	0
868.15	0	.5924337	.3074353	.100131	0
867.15	0	.5938994	.3059651	.1001354	0
866.15	0	.5953531	.3045082	.1001387	0
865.15	0	.5967947	.3030645	.1001408	0
864.15	0	.5982242	.3016342	.1001416	0
863.15	0	.5996414	.3002173	.1001414	0
862.15	0	.6010463	.2988138	.1001399	0
861.15	0	.6024389	.2974238	.1001373	0
860.15	0	.6038191	.2960473	.1001336	0
859.15	0	.6051869	.2946843	.1001288	0
858.15	0	.6065422	.2933349	.1001229	0
857.15	0	.6078851	.291999	.100116	0
856.15	0	.6092154	.2906767	.1001079	0
855.15	0	.6105333	.2893679	.1000988	0
854.15	0	.6118386	.2880727	.1000887	0
853.15	0	.6131314	.2867911	.1000776	0
852.15	0	.6144116	.285523	.1000654	0
851.15	0	.6156794	.2842684	.1000523	0
850.15	0	.6169346	.2830273	.1000382	0
849.15	0	.6181773	.2817996	.1000231	0
848.15	0	.6194075	.2805854	.1000071	0
847.15	0	.6206253	.2793846	.09999016	0
846.15	0	.6218306	.2781971	.09997231	0
845.15	0	.6230236	.2770229	.09995356	0
844.15	0	.6242042	.2758619	.09993392	0
843.15	0	.6253725	.2747141	.09991342	0
842.15	0	.6265285	.2735795	.09989205	0
841.15	0	.6276723	.2724579	.09986984	0
840.15	0	.628804	.2713492	.0998468	0
839.15	0	.6299235	.2702535	.09982294	0
838.15	0	.6310311	.2691707	.09979828	0
837.15	0	.6321266	.2681005	.09977283	0
836.15	0	.6332103	.2670431	.0997466	0
835.15	0	.6342822	.2659982	.09971961	0
834.15	0	.6353422	.2649659	.09969187	0
833.15	0	.6363907	.2639459	.09966339	0
832.15	0	.6374275	.2629383	.09963418	0
831.15	0	.6384529	.2619428	.09960425	0
830.15	0	.6394669	.2609595	.09957362	0
829.15	0	.6404695	.2599882	.0995423	0
828.15	0	.6414609	.2590288	.0995103	0
827.15	0	.6424412	.2580811	.09947763	0
826.15	0	.6434105	.2571452	.0994443	0
825.15	0	.6443688	.2562209	.09941033	0
824.15	0	.6453163	.255308	.09937571	0
823.15	0	.6462531	.2544065	.09934047	0
822.15	0	.6471792	.2535162	.09930461	0
821.15	0	.6480948	.252637	.09926814	0
820.15	0	.649	.2517689	.09923108	0
819.15	0	.6498949	.2509116	.09919342	0
818.15	0	.6507796	.2500652	.09915519	0
817.15	0	.6516542	.2492294	.09911639	0
816.15	0	.6525189	.2484041	.09907702	0
815.15	0	.6533736	.2475893	.0990371	0
814.15	0	.6542186	.2467848	.09899664	0
813.15	0	.6550539	.2459904	.09895564	0
812.15	0	.6558797	.2452062	.09891411	0
811.15	0	.6566961	.2444318	.09887206	0
810.15	0	.6575032	.2436674	.0988295	0
809.15	0	.658301	.2429126	.09878643	0
808.15	0	.6590897	.2421674	.09874286	0
807.15	0	.6598695	.2414317	.0986988	0
806.15	0	.6606404	.2407054	.09865426	0
805.15	0	.6614025	.2399883	.09860924	0
804.15	0	.6621559	.2392803	.09856375	0
803.15	0	.6629008	.2385814	.0985178	0
802.15	0	.6636373	.2378913	.09847139	0
801.15	0	.6643654	.2372101	.09842453	0
800.15	0	.6650853	.2365375	.09837722	0
799.15	0	.6657971	.2358735	.09832948	0
798.15	0	.6665008	.2352179	.0982813	0
797.15	0	.6671967	.2345706	.0982327	0
796.15	0	.6678847	.2339316	.09818368	0
795.15	0	.668565	.2333008	.09813424	0
794.15	0	.6692377	.2326779	.09808439	0
793.15	0	.6699029	.2320629	.09803414	0
793.0461	0	.6699716	.2319995	.0980289	0
793.0461	0	.6699716	.2319995	.0980289	0
793.0461	0	.6699716	.2319995	.0980289	0
792.15	0	.6739944	.2267544	.09658224	.002668977
791.15	0	.6783763	.2210228	.09499269	.005608276
790.15	0	.6826479	.2154162	.0934288	.008507117
789.15	0	.6868122	.2099314	.09189001	.01136632
788.15	0	.6908723	.2045653	.09037579	.01418666
787.15	0	.6948308	.1993146	.08888562	.01696892
786.15	0	.6986907	.1941765	.087419	.01971384
785.15	0	.7024543	.1891481	.08597542	.02242214
784.15	0	.7061244	.1842266	.08455443	.02509452
783.15	0	.7097035	.1794093	.08315555	.02773166
782.15	0	.7131938	.1746937	.08177833	.03033423
781.15	0	.7165978	.170077	.08042233	.03290287
780.15	0	.7199176	.1655571	.07908712	.03543822
779.15	0	.7231555	.1611313	.07777228	.03794087
778.15	0	.7263136	.1567975	.07647742	.04041144
777.15	0	.729394	.1525534	.07520212	.0428505
776.15	0	.7323986	.1483968	.07394601	.04525861
775.15	0	.7353293	.1443256	.0727087	.04763634
774.15	0	.7381881	.1403378	.07148983	.04998421
773.15	0	.7409768	.1364314	.07028903	.05230277
772.15	0	.7436972	.1326044	.06910595	.05459251
771.15	0	.7463509	.1288549	.06794025	.05685394
770.15	0	.7489397	.1251811	.06679159	.05908757
769.15	0	.7514652	.1215813	.06565963	.06129385
768.15	0	.753929	.1180536	.06454407	.06347327
767.15	0	.7563327	.1145965	.06344458	.06562629
766.15	0	.7586776	.1112082	.06236084	.06775335
765.15	0	.7609654	.1078871	.06129257	.0698549
764.15	0	.7631974	.1046318	.06023946	.07193136
763.15	0	.765375	.1014406	.05920122	.07398317
762.15	0	.7674996	.09831205	.05817757	.07601073
761.15	0	.7695726	.09524477	.05716822	.07801445
760.15	0	.771595	.09223731	.05617291	.07999474
759.15	0	.7735684	.0892883	.05519137	.08195198
758.15	0	.7754937	.0863964	.05422332	.08388654
757.15	0	.7773724	.08356029	.05326853	.08579883
756.15	0	.7792054	.08077871	.05232672	.08768919
755.15	0	.780994	.0780504	.05139766	.08955799
754.15	0	.7827392	.07537415	.05048109	.09140559
753.15	0	.7844421	.07274877	.04957679	.09323234
752.15	0	.7861038	.0701731	.0486845	.09503858
751.15	0	.7877253	.06764602	.04780402	.09682465
750.15	0	.7893076	.06516641	.04693511	.09859088
749.15	0	.7908517	.06273321	.04607754	.1003376
748.15	0	.7923585	.06034534	.0452311	.1020651
747.15	0	.7938289	.0580018	.04439558	.1037737
746.15	0	.7952639	.05570156	.04357076	.1054638
745.15	0	.7966643	.05344366	.04275645	.1071356
744.15	0	.798031	.05122713	.04195244	.1087894
743.15	0	.7993649	.04905104	.04115853	.1104256
742.15	0	.8006667	.04691447	.04037452	.1120443
741.15	0	.8019372	.04481653	.03960023	.113646
740.15	0	.8031774	.04275635	.03883547	.1152308
739.15	0	.8043878	.04073308	.03808006	.1167991
738.15	0	.8055692	.03874588	.03733381	.1183511
737.15	0	.8067225	.03679394	.03659655	.119887
736.15	0	.8078482	.03487647	.03586811	.1214073
735.15	0	.808947	.03299269	.03514831	.122912
734.15	0	.8100198	.03114184	.03443699	.1244014
733.15	0	.811067	.02932319	.03373398	.1258759
732.15	0	.8120893	.02753601	.03303913	.1273356
731.15	0	.8130874	.0257796	.03235228	.1287807
730.15	0	.8140618	.02405326	.03167327	.1302116
729.15	0	.8150132	.02235633	.03100195	.1316285
728.15	0	.8159422	.02068813	.03033818	.1330315
727.15	0	.8168492	.01904805	.02968181	.1344209
726.15	0	.817735	.01743543	.02903269	.1357969
725.15	0	.8185999	.01584968	.02839069	.1371598
724.15	0	.8194445	.01429019	.02775567	.1385097
723.15	0	.8202693	.01275638	.02712749	.1398468
722.15	0	.8210748	.01124768	.02650603	.1411715
721.15	0	.8218616	.009763529	.02589116	.1424837
720.15	0	.82263	.008303382	.02528275	.1437839
719.15	0	.8233806	.006866709	.02468067	.1450721
718.15	0	.8241137	.005452991	.02408481	.1463485
717.15	0	.8248299	.004061719	.02349505	.1476134
716.15	0	.8255295	.0026924	.02291127	.1488668
715.15	0	.826213	.001344549	.02233336	.1501091
714.15	0	.8268807	1.769387E-05	.0217612	.1513404
714.1366	0	.8268896	0	.02175355	.1513569
714.1366	0	.8268896	0	.02175355	.1513569
713.15	0	.8267623	0	.02154711	.1516906
712.15	0	.826634	0	.02133853	.1520275
711.15	0	.8265062	0	.0211306	.1523632
710.15	0	.8263791	0	.02092334	.1526975
709.15	0	.8262526	0	.02071675	.1530306
708.15	0	.8261268	0	.02051082	.1533624
707.15	0	.8260015	0	.02030556	.1536929
706.15	0	.8258769	0	.02010097	.1540221
705.15	0	.8257529	0	.01989704	.1543501
704.15	0	.8256295	0	.01969378	.1546767
703.15	0	.8255067	0	.01949119	.1550021
702.15	0	.8253845	0	.01928927	.1553262
701.15	0	.8252629	0	.01908801	.1556491
700.15	0	.8251419	0	.01888742	.1559707
699.15	0	.8250215	0	.01868751	.156291
698.15	0	.8249017	0	.01848826	.15661
697.15	0	.8247825	0	.01828968	.1569278
696.15	0	.8246639	0	.01809177	.1572444
695.15	0	.8245458	0	.01789453	.1575597
694.15	0	.8244284	0	.01769796	.1578737
693.15	0	.8243115	0	.01750206	.1581865
692.15	0	.8241952	0	.01730683	.158498
691.15	0	.8240794	0	.01711228	.1588083
690.15	0	.8239643	0	.0169184	.1591173
689.15	0	.8238497	0	.01672519	.1594251
688.15	0	.8237357	0	.01653265	.1597317
687.15	0	.8236222	0	.01634078	.160037
686.15	0	.8235093	0	.01614959	.1603411
685.15	0	.823397	0	.01595907	.1606439
684.15	0	.8232852	0	.01576923	.1609455
683.15	0	.823174	0	.01558006	.1612459
682.15	0	.8230634	0	.01539157	.1615451
681.15	0	.8229533	0	.01520375	.161843
680.15	0	.8228437	0	.0150166	.1621397
679.15	0	.8227347	0	.01483014	.1624352
678.15	0	.8226262	0	.01464434	.1627294
677.15	0	.8225183	0	.01445923	.1630225
676.15	0	.8224109	0	.01427479	.1633143
675.15	0	.8223041	0	.01409103	.1636049
674.15	0	.8221977	0	.01390795	.1638943
673.15	0	.822092	0	.01372554	.1641825
672.15	0	.8219867	0	.01354382	.1644695
671.15	0	.821882	0	.01336277	.1647552
670.15	0	.8217778	0	.0131824	.1650398
669.15	0	.8216742	0	.01300271	.1653231
668.15	0	.821571	0	.0128237	.1656053
667.15	0	.8214684	0	.01264537	.1658862
666.15	0	.8213663	0	.01246772	.166166
665.15	0	.8212648	0	.01229075	.1664445
664.15	0	.8211637	0	.01211446	.1667218
663.15	0	.8210632	0	.01193885	.166998
662.15	0	.8209631	0	.01176393	.1672729
661.15	0	.8208636	0	.01158969	.1675467
660.15	0	.8207646	0	.01141612	.1678193
659.15	0	.8206661	0	.01124325	.1680906
658.15	0	.8205681	0	.01107105	.1683608
657.15	0	.8204706	0	.01089954	.1686298
656.15	0	.8203737	0	.01072871	.1688976
655.15	0	.8202772	0	.01055857	.1691643
654.15	0	.8201812	0	.01038911	.1694297
653.15	0	.8200857	0	.01022033	.169694
652.15	0	.8199907	0	.01005224	.1699571
651.15	0	.8198962	0	.00988483	.170219
650.15	0	.8198022	0	.009718108	.1704797
649.15	0	.8197087	0	.009552072	.1707393
648.15	0	.8196157	0	.009386722	.1709976
647.15	0	.8195231	0	.009222057	.1712548
646.15	0	.8194311	0	.009058079	.1715109
645.15	0	.8193395	0	.008894787	.1717657
644.15	0	.8192484	0	.008732183	.1720194
643.15	0	.8191578	0	.008570265	.1722719
642.15	0	.8190677	0	.008409034	.1725233
641.15	0	.818978	0	.008248491	.1727735
640.15	0	.8188889	0	.008088635	.1730225
639.15	0	.8188002	0	.007929468	.1732704
638.15	0	.8187119	0	.007770988	.1735171
637.15	0	.8186242	0	.007613196	.1737626
636.15	0	.8185369	0	.007456093	.174007
635.15	0	.8184501	0	.007299679	.1742502
634.15	0	.8183638	0	.007143954	.1744923
633.15	0	.8182779	0	.006988917	.1747332
632.15	0	.8181925	0	.00683457	.1749729
631.15	0	.8181075	0	.006680911	.1752115
630.15	0	.8180231	0	.006527943	.175449
629.15	0	.817939	0	.006375664	.1756853
628.15	0	.8178555	0	.006224074	.1759204
627.15	0	.8177724	0	.006073175	.1761544
626.15	0	.8176897	0	.005922965	.1763873
625.15	0	.8176075	0	.005773445	.176619
624.15	0	.8175258	0	.005624616	.1768496
623.15	0	.8174445	0	.005476476	.177079
622.15	0	.8173637	0	.005329027	.1773073
621.15	0	.8172833	0	.005182269	.1775344
620.15	0	.8172034	0	.0050362	.1777604
619.15	0	.8171239	0	.004890823	.1779853
618.15	0	.8170448	0	.004746135	.178209
617.15	0	.8169663	0	.004602139	.1784316
616.15	0	.8168881	0	.004458832	.1786531
615.15	0	.8168104	0	.004316217	.1788734
614.15	0	.8167331	0	.004174291	.1790926
613.15	0	.8166563	0	.004033057	.1793106
612.15	0	.8165799	0	.003892513	.1795276
611.15	0	.816504	0	.003752659	.1797434
610.15	0	.8164285	0	.003613496	.1799581
609.15	0	.8163534	0	.003475023	.1801716
608.15	0	.8162787	0	.003337241	.180384
607.15	0	.8162045	0	.003200149	.1805953
606.15	0	.8161307	0	.003063747	.1808055
605.15	0	.8160574	0	.002928035	.1810146
604.15	0	.8159845	0	.002793013	.1812225
603.15	0	.815912	0	.00265868	.1814293
602.15	0	.8158399	0	.002525038	.1816351
601.15	0	.8157683	0	.002392085	.1818397
600.15	0	.8156971	0	.002259821	.1820431
599.15	0	.8156263	0	.002128246	.1822455
598.15	0	.8155559	0	.001997361	.1824467
597.15	0	.8154859	0	.001867164	.1826469
596.15	0	.8154164	0	.001737656	.1828459
595.15	0	.8153473	0	.001608836	.1830439
594.15	0	.8152786	0	.001480704	.1832407
593.15	0	.8152103	0	.00135326	.1834364
592.15	0	.8151424	0	.001226504	.1836311
591.15	0	.815075	0	.001100435	.1838246
590.15	0	.815008	0	9.75053E-04	.184017
589.15	0	.8149413	0	8.503578E-04	.1842083
588.15	0	.8148751	0	7.26349E-04	.1843985
587.15	0	.8148093	0	6.030262E-04	.1845877
586.15	0	.8147439	0	4.803891E-04	.1847757
585.15	0	.8146789	0	3.584374E-04	.1849627
584.15	0	.8146143	0	2.371706E-04	.1851485
583.15	0	.8145502	0	1.165884E-04	.1853333
582.1777	0	.8144881	0	0	.1855119
582.1777	0	.8144881	0	0	.1855119
582.15	0	.8144868	0	0	.1855132
581.15	0	.8144386	0	0	.1855614
580.15	0	.8143914	0	0	.1856086
579.15	0	.8143453	0	0	.1856547
578.15	0	.8143003	0	0	.1856997
577.15	0	.8142562	0	0	.1857438
576.15	0	.8142133	0	0	.1857867
575.15	0	.8141713	0	0	.1858287
574.15	0	.8141303	0	0	.1858697
573.15	0	.8140904	0	0	.1859096
572.15	0	.8140514	0	0	.1859486
571.15	0	.8140134	0	0	.1859866
570.15	0	.8139764	0	0	.1860236
569.15	0	.8139403	0	0	.1860597
568.15	0	.8139052	0	0	.1860948
567.15	0	.813871	0	0	.186129
566.15	0	.8138377	0	0	.1861623
565.15	0	.8138053	0	0	.1861947
564.15	0	.8137738	0	0	.1862262
563.15	0	.8137432	0	0	.1862568
562.15	0	.8137134	0	0	.1862866
561.15	0	.8136845	0	0	.1863155
560.15	0	.8136565	0	0	.1863435
559.15	0	.8136292	0	0	.1863708
558.15	0	.8136028	0	0	.1863973
557.15	0	.8135771	0	0	.1864229
556.15	0	.8135522	0	0	.1864478
555.15	0	.8135281	0	0	.1864719
554.15	0	.8135047	0	0	.1864953
553.15	0	.8134821	0	0	.186518
552.15	0	.8134601	0	0	.1865399
551.15	0	.8134389	0	0	.1865611
550.15	0	.8134183	0	0	.1865817
549.15	0	.8133984	0	0	.1866016
548.15	0	.8133792	0	0	.1866208
547.15	0	.8133606	0	0	.1866394
546.15	0	.8133426	0	0	.1866574
545.15	0	.8133253	0	0	.1866747
544.15	0	.8133085	0	0	.1866915
543.15	0	.8132923	0	0	.1867077
542.15	0	.8132767	0	0	.1867233
541.15	0	.8132616	0	0	.1867384
540.15	0	.813247	0	0	.186753
539.15	0	.813233	0	0	.186767
538.15	0	.8132195	0	0	.1867805
537.15	0	.8132064	0	0	.1867936
536.15	0	.8131939	0	0	.1868061
535.15	0	.8131818	0	0	.1868182
534.15	0	.8131701	0	0	.1868299
533.15	0	.8131589	0	0	.1868411
532.15	0	.8131481	0	0	.1868519
531.15	0	.8131377	0	0	.1868623
530.15	0	.8131277	0	0	.1868723
529.15	0	.8131181	0	0	.1868819
528.15	0	.8131089	0	0	.1868911
527.15	0	.8131	0	0	.1869
526.15	0	.8130915	0	0	.1869085
525.15	0	.8130833	0	0	.1869167
524.15	0	.8130755	0	0	.1869245
523.15	0	.8130679	0	0	.1869321
522.15	0	.8130607	0	0	.1869393
521.15	0	.8130537	0	0	.1869463
520.15	0	.8130471	0	0	.1869529
519.15	0	.8130407	0	0	.1869593
518.15	0	.8130346	0	0	.1869654
517.15	0	.8130287	0	0	.1869713
516.15	0	.8130231	0	0	.1869769
515.15	0	.8130177	0	0	.1869823
514.15	0	.8130125	0	0	.1869875
513.15	0	.8130076	0	0	.1869924
512.15	0	.8130028	0	0	.1869972
511.15	0	.8129983	0	0	.1870017
510.15	0	.812994	0	0	.187006
509.15	0	.8129898	0	0	.1870102
508.15	0	.8129859	0	0	.1870141
507.15	0	.8129821	0	0	.1870179
506.15	0	.8129785	0	0	.1870215
505.15	0	.812975	0	0	.187025
504.15	0	.8129717	0	0	.1870283
503.15	0	.8129685	0	0	.1870315
502.15	0	.8129655	0	0	.1870345
501.15	0	.8129626	0	0	.1870374
500.15	0	.8129599	0	0	.1870401
499.15	0	.8129573	0	0	.1870427
498.15	0	.8129548	0	0	.1870452
497.15	0	.8129524	0	0	.1870476
496.15	0	.8129501	0	0	.1870499
495.15	0	.8129479	0	0	.1870521
494.15	0	.8129459	0	0	.1870541
493.15	0	.8129439	0	0	.1870561
492.15	0	.812942	0	0	.187058
491.15	0	.8129402	0	0	.1870598
490.15	0	.8129385	0	0	.1870615
489.15	0	.8129369	0	0	.1870631
488.15	0	.8129354	0	0	.1870646
487.15	0	.8129339	0	0	.1870661
486.15	0	.8129325	0	0	.1870675
485.15	0	.8129312	0	0	.1870689
484.15	0	.8129299	0	0	.1870701
483.15	0	.8129287	0	0	.1870713
482.15	0	.8129275	0	0	.1870725
481.15	0	.8129264	0	0	.1870736
480.15	0	.8129254	0	0	.1870746
479.15	0	.8129244	0	0	.1870756
478.15	0	.8129235	0	0	.1870765
477.15	0	.8129226	0	0	.1870774
476.15	0	.8129218	0	0	.1870782
475.15	0	.812921	0	0	.187079
474.15	0	.8129202	0	0	.1870798
473.15	0	.8129195	0	0	.1870805
473.1258	0	.8129195	0	0	.1870805
473.1258	0	.8129195	0	0	.1870805
473.1258	0	.8129195	0	0	.1870805
472.15	0	.8127945	1.584552E-04	0	.1870471
471.15	0	.8126669	3.199555E-04	0	.1870131
470.15	0	.8125399	4.805623E-04	0	.1869796
469.15	0	.8124133	6.402759E-04	0	.1869464
468.15	0	.8122874	7.990968E-04	0	.1869136
467.15	0	.8121619	9.570253E-04	0	.1868811
466.15	0	.8120369	.001114062	0	.186849
465.15	0	.8119125	.001270208	0	.1868173
464.15	0	.8117887	.001425462	0	.1867859
463.15	0	.8116653	.001579827	0	.1867549
462.15	0	.8115425	.001733301	0	.1867242
461.15	0	.8114202	.001885886	0	.1866939
460.15	0	.8112985	.002037583	0	.1866639
459.15	0	.8111773	.002188392	0	.1866343
458.15	0	.8110566	.002338313	0	.1866051
457.15	0	.8109365	.002487347	0	.1865762
456.15	0	.8108169	.002635495	0	.1865476
455.15	0	.8106979	.002782757	0	.1865194
454.15	0	.8105794	.002929134	0	.1864915
453.15	0	.8104614	.003074626	0	.186464
452.15	0	.810344	.003219235	0	.1864368
451.15	0	.8102271	.003362961	0	.1864099
450.15	0	.8101108	.003505804	0	.1863834
449.15	0	.8099951	.003647669	0	.1863573
448.15	0	.8098799	.003788629	0	.1863314
447.15	0	.8097654	.003928692	0	.1863059
446.15	0	.8096514	.004067848	0	.1862808
445.15	0	.8095379	.004206091	0	.186256
444.15	0	.8094251	.004343411	0	.1862315
443.15	0	.8093129	.004479803	0	.1862073
442.15	0	.8092012	.004615257	0	.1861835
441.15	0	.8090902	.004749768	0	.18616
440.15	0	.8089798	.004883329	0	.1861369
439.15	0	.80887	.005015935	0	.1861141
438.15	0	.8087608	.005147579	0	.1860916
437.15	0	.8086523	.005278257	0	.1860695
436.15	0	.8085444	.005407964	0	.1860477
435.15	0	.8084371	.005536694	0	.1860262
434.15	0	.8083305	.005664445	0	.186005
433.15	0	.8082246	.005791212	0	.1859842
432.15	0	.8081193	.005916991	0	.1859637
431.15	0	.8080147	.00604178	0	.1859436
430.15	0	.8079107	.006165575	0	.1859237
429.15	0	.8078074	.006288374	0	.1859042
428.15	0	.8077048	.006410175	0	.185885
427.15	0	.8076029	.006530975	0	.1858662
426.15	0	.8075016	.006650772	0	.1858476
425.15	0	.807401	.006769566	0	.1858294
