T	 BPW(LIQUID)	BPW(BCC_A2)	BPW(FCC_A1)	BPW(LAVES_PHASE_C14)	BPW(NI3TI)
1473.15	0	1	0	0	0
1472.15	0	1	0	0	0
1471.15	0	1	0	0	0
1470.15	0	1	0	0	0
1469.15	0	1	0	0	0
1468.15	0	1	0	0	0
1467.15	0	1	0	0	0
1466.15	0	1	0	0	0
1465.15	0	1	0	0	0
1464.15	0	1	0	0	0
1463.15	0	1	0	0	0
1462.15	0	1	0	0	0
1461.15	0	1	0	0	0
1460.15	0	1	0	0	0
1459.15	0	1	0	0	0
1458.15	0	1	0	0	0
1457.15	0	1	0	0	0
1456.15	0	1	0	0	0
1455.15	0	1	0	0	0
1454.15	0	1	0	0	0
1453.15	0	1	0	0	0
1452.15	0	1	0	0	0
1451.15	0	1	0	0	0
1450.15	0	1	0	0	0
1449.15	0	1	0	0	0
1448.15	0	1	0	0	0
1447.15	0	1	0	0	0
1446.15	0	1	0	0	0
1445.15	0	1	0	0	0
1444.15	0	1	0	0	0
1443.15	0	1	0	0	0
1442.15	0	1	0	0	0
1441.15	0	1	0	0	0
1440.15	0	1	0	0	0
1439.15	0	1	0	0	0
1438.15	0	1	0	0	0
1437.15	0	1	0	0	0
1436.15	0	1	0	0	0
1435.15	0	1	0	0	0
1434.15	0	1	0	0	0
1433.15	0	1	0	0	0
1432.15	0	1	0	0	0
1431.15	0	1	0	0	0
1430.15	0	1	0	0	0
1429.15	0	1	0	0	0
1428.15	0	1	0	0	0
1427.15	0	1	0	0	0
1426.15	0	1	0	0	0
1425.15	0	1	0	0	0
1424.15	0	1	0	0	0
1423.15	0	1	0	0	0
1422.15	0	1	0	0	0
1421.15	0	1	0	0	0
1420.15	0	1	0	0	0
1419.15	0	1	0	0	0
1418.15	0	1	0	0	0
1417.15	0	1	0	0	0
1416.15	0	1	0	0	0
1415.15	0	1	0	0	0
1414.15	0	1	0	0	0
1413.15	0	1	0	0	0
1412.15	0	1	0	0	0
1411.15	0	1	0	0	0
1410.15	0	1	0	0	0
1409.15	0	1	0	0	0
1408.15	0	1	0	0	0
1407.15	0	1	0	0	0
1406.15	0	1	0	0	0
1405.15	0	1	0	0	0
1404.15	0	1	0	0	0
1403.15	0	1	0	0	0
1402.15	0	1	0	0	0
1401.15	0	1	0	0	0
1400.15	0	1	0	0	0
1399.15	0	1	0	0	0
1398.15	0	1	0	0	0
1397.15	0	1	0	0	0
1396.15	0	1	0	0	0
1395.15	0	1	0	0	0
1394.15	0	1	0	0	0
1393.15	0	1	0	0	0
1392.15	0	1	0	0	0
1391.15	0	1	0	0	0
1390.15	0	1	0	0	0
1389.15	0	1	0	0	0
1388.15	0	1	0	0	0
1387.15	0	1	0	0	0
1386.15	0	1	0	0	0
1385.15	0	1	0	0	0
1384.15	0	1	0	0	0
1383.15	0	1	0	0	0
1382.15	0	1	0	0	0
1381.15	0	1	0	0	0
1380.15	0	1	0	0	0
1379.15	0	1	0	0	0
1378.15	0	1	0	0	0
1377.15	0	1	0	0	0
1376.15	0	1	0	0	0
1375.15	0	1	0	0	0
1374.15	0	1	0	0	0
1373.15	0	1	0	0	0
1372.15	0	1	0	0	0
1371.15	0	1	0	0	0
1370.15	0	1	0	0	0
1369.15	0	1	0	0	0
1368.15	0	1	0	0	0
1367.15	0	1	0	0	0
1366.15	0	1	0	0	0
1365.15	0	1	0	0	0
1364.15	0	1	0	0	0
1363.15	0	1	0	0	0
1362.15	0	1	0	0	0
1361.15	0	1	0	0	0
1360.15	0	1	0	0	0
1359.15	0	1	0	0	0
1358.15	0	1	0	0	0
1357.15	0	1	0	0	0
1356.15	0	1	0	0	0
1355.15	0	1	0	0	0
1354.15	0	1	0	0	0
1353.15	0	1	0	0	0
1352.15	0	1	0	0	0
1351.15	0	1	0	0	0
1350.15	0	1	0	0	0
1349.15	0	1	0	0	0
1348.15	0	1	0	0	0
1347.15	0	1	0	0	0
1346.15	0	1	0	0	0
1345.15	0	1	0	0	0
1344.15	0	1	0	0	0
1343.15	0	1	0	0	0
1342.15	0	1	0	0	0
1341.15	0	1	0	0	0
1340.15	0	1	0	0	0
1339.15	0	1	0	0	0
1338.15	0	1	0	0	0
1337.15	0	1	0	0	0
1336.15	0	1	0	0	0
1335.15	0	1	0	0	0
1334.15	0	1	0	0	0
1333.15	0	1	0	0	0
1332.15	0	1	0	0	0
1331.15	0	1	0	0	0
1330.15	0	1	0	0	0
1329.15	0	1	0	0	0
1328.15	0	1	0	0	0
1327.15	0	1	0	0	0
1326.15	0	1	0	0	0
1325.15	0	1	0	0	0
1324.15	0	1	0	0	0
1323.15	0	1	0	0	0
1322.15	0	1	0	0	0
1321.15	0	1	0	0	0
1320.15	0	1	0	0	0
1319.15	0	1	0	0	0
1318.15	0	1	0	0	0
1317.15	0	1	0	0	0
1316.15	0	1	0	0	0
1315.15	0	1	0	0	0
1314.15	0	1	0	0	0
1313.15	0	1	0	0	0
1312.15	0	1	0	0	0
1311.15	0	1	0	0	0
1310.15	0	1	0	0	0
1309.15	0	1	0	0	0
1308.15	0	1	0	0	0
1307.15	0	1	0	0	0
1306.15	0	1	0	0	0
1305.15	0	1	0	0	0
1304.15	0	1	0	0	0
1303.15	0	1	0	0	0
1302.15	0	1	0	0	0
1301.15	0	1	0	0	0
1300.15	0	1	0	0	0
1299.15	0	1	0	0	0
1298.15	0	1	0	0	0
1297.15	0	1	0	0	0
1296.15	0	1	0	0	0
1295.15	0	1	0	0	0
1294.15	0	1	0	0	0
1293.15	0	1	0	0	0
1292.15	0	1	0	0	0
1291.15	0	1	0	0	0
1290.15	0	1	0	0	0
1289.15	0	1	0	0	0
1288.15	0	1	0	0	0
1287.15	0	1	0	0	0
1286.15	0	1	0	0	0
1285.15	0	1	0	0	0
1284.15	0	1	0	0	0
1283.15	0	1	0	0	0
1282.15	0	1	0	0	0
1281.15	0	1	0	0	0
1280.15	0	1	0	0	0
1279.15	0	1	0	0	0
1278.15	0	1	0	0	0
1277.15	0	1	0	0	0
1276.15	0	1	0	0	0
1275.15	0	1	0	0	0
1274.15	0	1	0	0	0
1273.15	0	1	0	0	0
1272.15	0	1	0	0	0
1271.15	0	1	0	0	0
1270.15	0	1	0	0	0
1269.15	0	1	0	0	0
1268.15	0	1	0	0	0
1267.15	0	1	0	0	0
1266.15	0	1	0	0	0
1265.15	0	1	0	0	0
1264.15	0	1	0	0	0
1263.15	0	1	0	0	0
1262.15	0	1	0	0	0
1261.15	0	1	0	0	0
1260.15	0	1	0	0	0
1259.15	0	1	0	0	0
1258.15	0	1	0	0	0
1257.15	0	1	0	0	0
1256.15	0	1	0	0	0
1255.15	0	1	0	0	0
1254.15	0	1	0	0	0
1253.15	0	1	0	0	0
1252.15	0	1	0	0	0
1251.15	0	1	0	0	0
1250.15	0	1	0	0	0
1249.15	0	1	0	0	0
1248.15	0	1	0	0	0
1247.15	0	1	0	0	0
1246.15	0	1	0	0	0
1245.15	0	1	0	0	0
1244.15	0	1	0	0	0
1243.15	0	1	0	0	0
1242.15	0	1	0	0	0
1241.15	0	1	0	0	0
1240.15	0	1	0	0	0
1239.15	0	1	0	0	0
1238.15	0	1	0	0	0
1237.15	0	1	0	0	0
1236.15	0	1	0	0	0
1235.15	0	1	0	0	0
1234.15	0	1	0	0	0
1233.15	0	1	0	0	0
1232.15	0	1	0	0	0
1231.15	0	1	0	0	0
1230.15	0	1	0	0	0
1229.15	0	1	0	0	0
1228.15	0	1	0	0	0
1227.15	0	1	0	0	0
1226.15	0	1	0	0	0
1225.15	0	1	0	0	0
1224.15	0	1	0	0	0
1223.15	0	1	0	0	0
1222.15	0	1	0	0	0
1221.15	0	1	0	0	0
1220.15	0	1	0	0	0
1219.15	0	1	0	0	0
1218.15	0	1	0	0	0
1217.15	0	1	0	0	0
1216.15	0	1	0	0	0
1215.15	0	1	0	0	0
1214.15	0	1	0	0	0
1213.15	0	1	0	0	0
1212.15	0	1	0	0	0
1211.15	0	1	0	0	0
1210.15	0	1	0	0	0
1209.15	0	1	0	0	0
1208.15	0	1	0	0	0
1207.15	0	1	0	0	0
1206.15	0	1	0	0	0
1205.15	0	1	0	0	0
1204.15	0	1	0	0	0
1203.15	0	1	0	0	0
1202.15	0	1	0	0	0
1201.15	0	1	0	0	0
1200.15	0	1	0	0	0
1199.15	0	1	0	0	0
1198.15	0	1	0	0	0
1197.15	0	1	0	0	0
1196.15	0	1	0	0	0
1195.15	0	1	0	0	0
1194.15	0	1	0	0	0
1193.15	0	1	0	0	0
1192.15	0	1	0	0	0
1191.15	0	1	0	0	0
1190.15	0	1	0	0	0
1189.15	0	1	0	0	0
1188.15	0	1	0	0	0
1187.15	0	1	0	0	0
1186.15	0	1	0	0	0
1185.15	0	1	0	0	0
1184.15	0	1	0	0	0
1183.15	0	1	0	0	0
1182.15	0	1	0	0	0
1181.15	0	1	0	0	0
1180.15	0	1	0	0	0
1179.15	0	1	0	0	0
1178.15	0	1	0	0	0
1177.15	0	1	0	0	0
1176.15	0	1	0	0	0
1175.15	0	1	0	0	0
1174.15	0	1	0	0	0
1173.15	0	1	0	0	0
1172.15	0	1	0	0	0
1171.15	0	1	0	0	0
1170.15	0	1	0	0	0
1169.15	0	1	0	0	0
1168.15	0	1	0	0	0
1167.15	0	1	0	0	0
1166.15	0	1	0	0	0
1165.15	0	1	0	0	0
1164.15	0	1	0	0	0
1163.15	0	1	0	0	0
1162.15	0	1	0	0	0
1161.15	0	1	0	0	0
1160.15	0	1	0	0	0
1159.15	0	1	0	0	0
1158.15	0	1	0	0	0
1157.15	0	1	0	0	0
1156.15	0	1	0	0	0
1155.15	0	1	0	0	0
1154.15	0	1	0	0	0
1153.15	0	1	0	0	0
1152.15	0	1	0	0	0
1151.15	0	1	0	0	0
1150.15	0	1	0	0	0
1149.15	0	1	0	0	0
1148.15	0	1	0	0	0
1147.15	0	1	0	0	0
1146.15	0	1	0	0	0
1145.15	0	1	0	0	0
1144.15	0	1	0	0	0
1143.15	0	1	0	0	0
1142.15	0	1	0	0	0
1141.15	0	1	0	0	0
1140.15	0	1	0	0	0
1139.15	0	1	0	0	0
1138.15	0	1	0	0	0
1137.15	0	1	0	0	0
1136.15	0	1	0	0	0
1135.15	0	1	0	0	0
1134.15	0	1	0	0	0
1133.15	0	1	0	0	0
1132.15	0	1	0	0	0
1131.15	0	1	0	0	0
1130.15	0	1	0	0	0
1129.15	0	1	0	0	0
1128.15	0	1	0	0	0
1127.15	0	1	0	0	0
1126.15	0	1	0	0	0
1125.15	0	1	0	0	0
1124.15	0	1	0	0	0
1123.15	0	1	0	0	0
1122.15	0	1	0	0	0
1121.15	0	1	0	0	0
1120.15	0	1	0	0	0
1119.15	0	1	0	0	0
1118.15	0	1	0	0	0
1117.15	0	1	0	0	0
1116.15	0	1	0	0	0
1115.15	0	1	0	0	0
1114.15	0	1	0	0	0
1113.15	0	1	0	0	0
1112.15	0	1	0	0	0
1111.15	0	1	0	0	0
1110.15	0	1	0	0	0
1109.15	0	1	0	0	0
1108.15	0	1	0	0	0
1107.15	0	1	0	0	0
1106.15	0	1	0	0	0
1105.15	0	1	0	0	0
1104.15	0	1	0	0	0
1103.15	0	1	0	0	0
1102.15	0	1	0	0	0
1101.15	0	1	0	0	0
1100.15	0	1	0	0	0
1099.15	0	1	0	0	0
1098.15	0	1	0	0	0
1097.15	0	1	0	0	0
1096.15	0	1	0	0	0
1095.15	0	1	0	0	0
1094.15	0	1	0	0	0
1093.15	0	1	0	0	0
1092.15	0	1	0	0	0
1091.15	0	1	0	0	0
1090.15	0	1	0	0	0
1089.15	0	1	0	0	0
1088.15	0	1	0	0	0
1087.15	0	1	0	0	0
1086.15	0	1	0	0	0
1085.15	0	1	0	0	0
1084.15	0	1	0	0	0
1083.15	0	1	0	0	0
1082.15	0	1	0	0	0
1081.15	0	1	0	0	0
1080.15	0	1	0	0	0
1079.15	0	1	0	0	0
1078.15	0	1	0	0	0
1077.15	0	1	0	0	0
1076.15	0	1	0	0	0
1075.15	0	1	0	0	0
1074.15	0	1	0	0	0
1073.15	0	1	0	0	0
1072.15	0	1	0	0	0
1071.15	0	1	0	0	0
1070.15	0	1	0	0	0
1069.15	0	1	0	0	0
1068.15	0	1	0	0	0
1067.15	0	1	0	0	0
1066.15	0	1	0	0	0
1065.15	0	1	0	0	0
1064.15	0	1	0	0	0
1063.15	0	1	0	0	0
1062.15	0	1	0	0	0
1061.15	0	1	0	0	0
1060.15	0	1	0	0	0
1059.15	0	1	0	0	0
1058.15	0	1	0	0	0
1057.15	0	1	0	0	0
1056.15	0	1	0	0	0
1055.15	0	1	0	0	0
1054.15	0	1	0	0	0
1053.15	0	1	0	0	0
1052.15	0	1	0	0	0
1051.15	0	1	0	0	0
1050.15	0	1	0	0	0
1049.15	0	1	0	0	0
1048.15	0	1	0	0	0
1047.15	0	1	0	0	0
1046.15	0	1	0	0	0
1045.15	0	1	0	0	0
1044.15	0	1	0	0	0
1043.15	0	1	0	0	0
1042.15	0	1	0	0	0
1041.15	0	1	0	0	0
1040.15	0	1	0	0	0
1039.15	0	1	0	0	0
1038.15	0	1	0	0	0
1037.15	0	1	0	0	0
1036.15	0	1	0	0	0
1035.15	0	1	0	0	0
1034.15	0	1	0	0	0
1033.15	0	1	0	0	0
1032.15	0	1	0	0	0
1031.15	0	1	0	0	0
1030.15	0	1	0	0	0
1029.15	0	1	0	0	0
1028.15	0	1	0	0	0
1027.15	0	1	0	0	0
1026.15	0	1	0	0	0
1025.15	0	1	0	0	0
1024.15	0	1	0	0	0
1023.15	0	1	0	0	0
1022.15	0	1	0	0	0
1021.161	0	1	0	0	0
1021.161	0	1	0	0	0
1021.161	0	1	0	0	0
1021.15	0	.9999958	0	4.176539E-06	0
1020.15	0	.9996159	0	3.84135E-04	0
1019.15	0	.9992368	0	7.632355E-04	0
1018.15	0	.9988585	0	.001141479	0
1017.15	0	.9984811	0	.001518867	0
1016.15	0	.9981046	0	.001895401	0
1015.15	0	.9977289	0	.002271082	0
1014.15	0	.9973541	0	.00264591	0
1013.15	0	.9969801	0	.003019888	0
1012.15	0	.996607	0	.003393016	0
1011.15	0	.9962347	0	.003765295	0
1010.15	0	.9958633	0	.004136727	0
1009.15	0	.9954927	0	.004507313	0
1008.15	0	.995123	0	.004877054	0
1007.15	0	.9947541	0	.005245951	0
1006.15	0	.994386	0	.005614006	0
1005.15	0	.9940188	0	.005981219	0
1004.15	0	.9936524	0	.006347591	0
1003.15	0	.9932869	0	.006713124	0
1002.15	0	.9929222	0	.007077819	0
1001.15	0	.9925583	0	.007441677	0
1000.15	0	.9921953	0	.007804698	0
999.15	0	.9918331	0	.008166885	0
998.15	0	.9914718	0	.008528238	0
997.15	0	.9911112	0	.008888759	0
996.15	0	.9907516	0	.009248447	0
995.15	0	.9903927	0	.009607306	0
994.15	0	.9900347	0	.009965335	0
993.15	0	.9896775	0	.01032253	0
992.15	0	.9893211	0	.01067891	0
991.15	0	.9889655	0	.01103446	0
990.15	0	.9886108	0	.01138918	0
989.15	0	.9882569	0	.01174308	0
988.15	0	.9879039	0	.01209615	0
987.15	0	.9875516	0	.0124484	0
986.15	0	.9872002	0	.01279983	0
985.15	0	.9868496	0	.01315045	0
984.15	0	.9864998	0	.01350024	0
983.15	0	.9861508	0	.01384921	0
982.15	0	.9858026	0	.01419737	0
981.15	0	.9854553	0	.01454471	0
980.15	0	.9851088	0	.01489124	0
979.15	0	.984763	0	.01523695	0
978.15	0	.9844181	0	.01558185	0
977.15	0	.9840741	0	.01592594	0
976.15	0	.9837308	0	.01626922	0
975.15	0	.9833883	0	.01661169	0
974.15	0	.9830467	0	.01695335	0
973.7473	0	.9829093	0	.01709069	0
973.7473	0	.9829093	0	.01709069	0
973.7473	0	.9829093	0	.01709069	0
973.15	0	.9822576	4.79852E-04	.01726256	0
972.15	0	.981169	.001281574	.01754943	0
971.15	0	.9800835	.002081299	.01783524	0
970.15	0	.979001	.002879033	.01811998	0
969.15	0	.9779216	.003674784	.01840365	0
968.15	0	.9768452	.00446856	.01868626	0
967.15	0	.9757718	.005260369	.01896778	0
966.15	0	.9747016	.006050218	.01924823	0
965.15	0	.9736343	.006838116	.01952761	0
964.15	0	.97257	.007624071	.0198059	0
963.15	0	.9715088	.008408092	.0200831	0
962.15	0	.9704506	.009190189	.02035922	0
961.15	0	.9693954	.00997037	.02063424	0
960.15	0	.9683432	.01074864	.02090817	0
959.15	0	.967294	.01152502	.021181	0
958.15	0	.9662478	.01229952	.02145272	0
957.15	0	.9652045	.01307214	.02172334	0
956.15	0	.9641643	.01384289	.02199286	0
955.15	0	.963127	.01461179	.02226125	0
954.15	0	.9620926	.01537885	.02252854	0
953.15	0	.9610612	.01614408	.0227947	0
952.15	0	.9600328	.01690749	.02305973	0
951.15	0	.9590073	.01766909	.02332364	0
950.15	0	.9579847	.01842891	.02358641	0
949.15	0	.956965	.01918694	.02384805	0
948.15	0	.9559483	.01994321	.02410854	0
947.15	0	.9549344	.02069772	.02436788	0
946.15	0	.9539234	.0214505	.02462608	0
945.15	0	.9529153	.02220156	.02488311	0
944.15	0	.9519101	.02295091	.02513899	0
943.15	0	.9509077	.02369857	.0253937	0
942.15	0	.9499082	.02444455	.02564724	0
941.15	0	.9489115	.02518888	.0258996	0
940.15	0	.9479177	.02593156	.02615078	0
939.15	0	.9469266	.02667263	.02640077	0
938.15	0	.9459384	.02741209	.02664956	0
937.15	0	.9449529	.02814996	.02689716	0
936.15	0	.9439702	.02888627	.02714355	0
935.15	0	.9429902	.02962103	.02738873	0
934.15	0	.942013	.03035427	.02763269	0
933.15	0	.9410386	.031086	.02787543	0
932.15	0	.9400668	.03181625	.02811694	0
931.15	0	.9390978	.03254504	.02835721	0
930.15	0	.9381314	.0332724	.02859623	0
929.15	0	.9371677	.03399834	.02883401	0
928.15	0	.9362066	.0347229	.02907052	0
927.15	0	.9352481	.0354461	.02930577	0
926.15	0	.9342923	.03616796	.02953975	0
925.15	0	.9333391	.03688851	.02977244	0
924.15	0	.9323884	.03760778	.03000385	0
923.15	0	.9314402	.03832579	.03023396	0
922.15	0	.9304946	.03904259	.03046277	0
921.15	0	.9295516	.03975819	.03069026	0
920.15	0	.9286109	.04047263	.03091643	0
919.15	0	.9276728	.04118595	.03114127	0
918.15	0	.9267371	.04189817	.03136477	0
917.15	0	.9258038	.04260933	.03158692	0
916.15	0	.9248728	.04331946	.03180771	0
915.15	0	.9239443	.0440286	.03202713	0
914.15	0	.923018	.04473679	.03224518	0
913.15	0	.9220941	.04544407	.03246184	0
912.15	0	.9211724	.04615047	.0326771	0
911.15	0	.920253	.04685604	.03289095	0
910.15	0	.9193358	.04756083	.03310338	0
909.15	0	.9184208	.04826486	.03331438	0
908.15	0	.9175079	.04896819	.03352394	0
907.15	0	.9165971	.04967087	.03373205	0
906.15	0	.9156884	.05037294	.03393869	0
905.15	0	.9147817	.05107445	.03414385	0
904.15	0	.913877	.05177545	.03434753	0
903.15	0	.9129743	.052476	.03454969	0
902.15	0	.9120735	.05317615	.03475035	0
901.15	0	.9111746	.05387594	.03494948	0
900.15	0	.9102775	.05457545	.03514706	0
899.15	0	.9093822	.05527473	.03534308	0
898.15	0	.9084886	.05597384	.03553754	0
897.15	0	.9075968	.05667284	.03573041	0
896.15	0	.9067065	.0573718	.03592167	0
895.15	0	.9058179	.05807078	.03611132	0
894.15	0	.9049308	.05876986	.03629934	0
893.15	0	.9040452	.05946911	.03648571	0
892.15	0	.903161	.06016859	.03667041	0
891.15	0	.9022782	.06086838	.03685344	0
890.15	0	.9013967	.06156857	.03703476	0
889.15	0	.9005164	.06226923	.03721436	0
888.15	0	.8996373	.06297044	.03739222	0
887.15	0	.8987594	.0636723	.03756833	0
886.15	0	.8978824	.06437489	.03774267	0
885.15	0	.8970065	.0650783	.0379152	0
884.15	0	.8961315	.06578263	.03808592	0
883.15	0	.8952572	.06648797	.03825481	0
882.15	0	.8943837	.06719443	.03842183	0
881.15	0	.8935109	.06790211	.03858697	0
880.15	0	.8926387	.06861113	.0387502	0
879.15	0	.8917669	.06932158	.03891151	0
878.15	0	.8908955	.07003359	.03907086	0
877.15	0	.8900245	.07074728	.03922823	0
876.15	0	.8891536	.07146277	.03938359	0
875.15	0	.8882829	.07218019	.03953692	0
874.15	0	.8874121	.07289968	.03968819	0
873.15	0	.8865413	.07362137	.03983737	0
872.15	0	.8856702	.07434541	.03998443	0
871.15	0	.8847987	.07507194	.04012934	0
870.15	0	.8839268	.07580112	.04027207	0
869.15	0	.8830543	.07653311	.04041258	0
868.15	0	.8821811	.07726807	.04055084	0
867.15	0	.881307	.07800618	.04068682	0
866.15	0	.8804319	.07874763	.04082048	0
865.15	0	.8795557	.07949258	.04095178	0
864.15	0	.8786781	.08024124	.04108067	0
863.15	0	.8777991	.08099382	.04120713	0
862.15	0	.8769184	.08175051	.04133111	0
861.15	0	.8760359	.08251155	.04145256	0
860.15	0	.8751514	.08327716	.04157144	0
859.15	0	.8742647	.08404757	.04168769	0
858.15	0	.8733757	.08482305	.04180128	0
857.15	0	.872484	.08560384	.04191215	0
856.15	0	.8715895	.08639023	.04202023	0
855.15	0	.870692	.08718249	.04212549	0
854.15	0	.8697912	.08798093	.04222785	0
853.15	0	.8688869	.08878586	.04232726	0
852.15	0	.8679788	.08959761	.04242365	0
851.15	0	.8670665	.09041652	.04251695	0
850.15	0	.86615	.09124295	.04260709	0
849.15	0	.8652287	.09207729	.04269399	0
848.15	0	.8643025	.09291994	.04277758	0
847.15	0	.8633709	.09377133	.04285777	0
846.15	0	.8624336	.09463189	.04293448	0
845.15	0	.8614903	.09550211	.04300761	0
844.15	0	.8605405	.09638248	.04307706	0
843.15	0	.8595837	.09727353	.04314273	0
842.15	0	.8586197	.09817583	.04320451	0
841.15	0	.8576477	.09908997	.04326228	0
840.15	0	.8566675	.1000166	.04331592	0
839.15	0	.8556783	.1009564	.0433653	0
838.15	0	.8546797	.10191	.04341027	0
837.15	0	.853671	.1028783	.04345068	0
836.15	0	.8526515	.1038621	.04348637	0
835.15	0	.8516206	.1048623	.04351718	0
834.15	0	.8505774	.1058798	.0435429	0
833.15	0	.8495211	.1069156	.04356334	0
832.15	0	.8484508	.1079709	.04357829	0
831.15	0	.8468512	.1096305	.04351834	0
830.15	0	.8451654	.1113943	.04344029	0
829.15	0	.8435418	.1130941	.04336412	0
828.15	0	.8419771	.1147332	.04328977	0
827.15	0	.840468	.1163148	.04321718	0
826.15	0	.8390119	.1178419	.04314627	0
825.15	0	.8376058	.1193172	.04307699	0
824.15	0	.8362474	.1207433	.04300928	0
823.15	0	.8349342	.1221228	.04294306	0
822.15	0	.833664	.1234577	.04287827	0
821.15	0	.8324348	.1247504	.04281485	0
820.15	0	.8312445	.1260028	.04275275	0
819.15	0	.8300913	.1272168	.0426919	0
818.15	0	.8289735	.1283942	.04263225	0
817.15	0	.8278895	.1295367	.04257374	0
816.15	0	.8268378	.1306459	.04251632	0
815.15	0	.8258168	.1317233	.04245995	0
814.15	0	.8248253	.1327702	.04240456	0
813.15	0	.8238619	.133788	.04235013	0
812.15	0	.8229254	.134778	.04229659	0
811.15	0	.8220147	.1357414	.04224392	0
810.15	0	.8211287	.1366793	.04219206	0
809.15	0	.8202663	.1375927	.04214099	0
808.15	0	.8194267	.1384827	.04209066	0
807.15	0	.8186088	.1393502	.04204103	0
806.15	0	.8178118	.1401962	.04199208	0
805.15	0	.8170348	.1410214	.04194377	0
804.15	0	.8162771	.1418268	.04189607	0
803.15	0	.815538	.1426131	.04184895	0
802.15	0	.8148167	.143381	.04180238	0
801.15	0	.8141124	.1441312	.04175634	0
800.15	0	.8134247	.1448645	.04171079	0
799.15	0	.8127529	.1455814	.04166572	0
798.15	0	.8120963	.1462826	.0416211	0
797.15	0	.8114544	.1469687	.04157691	0
796.15	0	.8108268	.1476401	.04153313	0
795.15	0	.8102128	.1482975	.04148973	0
794.15	0	.8096121	.1489412	.04144669	0
793.15	0	.809024	.149572	.04140401	0
792.15	0	.8084483	.15019	.04136165	0
791.15	0	.8078845	.1507959	.0413196	0
790.15	0	.8073321	.1513901	.04127786	0
789.15	0	.8067908	.1519728	.04123639	0
788.15	0	.8062602	.1525446	.04119518	0
787.15	0	.80574	.1531058	.04115423	0
786.15	0	.8052298	.1536567	.04111351	0
785.15	0	.8047292	.1541978	.04107302	0
784.15	0	.8042381	.1547292	.04103273	0
783.15	0	.803756	.1552513	.04099265	0
782.15	0	.8032828	.1557645	.04095275	0
781.15	0	.802818	.1562689	.04091303	0
780.15	0	.8023615	.156765	.04087348	0
779.15	0	.801913	.1572529	.04083408	0
778.15	0	.8014723	.1577329	.04079483	0
777.15	0	.8010391	.1582052	.04075571	0
776.15	0	.8006132	.1586701	.04071673	0
775.15	0	.8001943	.1591278	.04067786	0
774.15	0	.7997824	.1595785	.0406391	0
773.15	0	.7993771	.1600225	.04060045	0
772.15	0	.7989782	.1604599	.0405619	0
771.15	0	.7985857	.1608909	.04052343	0
770.15	0	.7981993	.1613157	.04048504	0
769.15	0	.7978188	.1617344	.04044674	0
768.15	0	.7974441	.1621474	.0404085	0
767.15	0	.797075	.1625546	.04037032	0
766.15	0	.7967114	.1629564	.0403322	0
765.15	0	.7963531	.1633528	.04029414	0
764.15	0	.796	.1637439	.04025612	0
763.15	0	.7956519	.16413	.04021814	0
762.15	0	.7953103	.1645099	.0401798	0
761.15	0	.7949717	.1648864	.04014193	0
760.15	0	.7946378	.1652582	.04010408	0
759.15	0	.7943084	.1656254	.04006625	0
758.15	0	.7939834	.1659882	.04002845	0
757.15	0	.7936627	.1663466	.03999065	0
756.15	0	.7933462	.1667009	.03995287	0
755.15	0	.7930338	.1670511	.0399151	0
754.15	0	.7927254	.1673973	.03987733	0
753.15	0	.7924209	.1677396	.03983956	0
752.15	0	.7921202	.1680781	.03980179	0
751.15	0	.7918231	.1684129	.03976402	0
750.15	0	.7915297	.168744	.03972623	0
749.15	0	.7912398	.1690717	.03968844	0
748.15	0	.7909534	.169396	.03965064	0
747.15	0	.7906703	.1697169	.03961282	0
746.15	0	.7903905	.1700345	.03957498	0
745.15	0	.7901139	.1703489	.03953712	0
744.15	0	.7898405	.1706603	.03949925	0
743.15	0	.7895701	.1709686	.03946135	0
742.15	0	.7893027	.1712739	.03942342	0
741.15	0	.7890382	.1715763	.03938547	0
740.15	0	.7887766	.1718759	.03934749	0
739.15	0	.7885178	.1721727	.03930947	0
738.15	0	.7882618	.1724668	.03927143	0
737.15	0	.7880084	.1727583	.03923335	0
736.15	0	.7877576	.1730471	.03919524	0
735.15	0	.7875094	.1733335	.0391571	0
734.15	0	.7872638	.1736173	.03911891	0
733.15	0	.7870206	.1738988	.03908069	0
732.15	0	.7867797	.1741778	.03904243	0
731.15	0	.7865413	.1744546	.03900413	0
730.15	0	.7863052	.174729	.03896579	0
729.15	0	.7860713	.1750013	.03892741	0
728.15	0	.7858397	.1752714	.03888899	0
727.15	0	.7856102	.1755393	.03885052	0
726.15	0	.7853828	.1758052	.03881201	0
725.15	0	.7851576	.176069	.03877345	0
724.15	0	.7849344	.1763308	.03873484	0
723.15	0	.7847132	.1765906	.0386962	0
722.15	0	.784494	.1768485	.0386575	0
721.15	0	.7842767	.1771045	.03861876	0
720.15	0	.7840614	.1773587	.03857997	0
719.15	0	.7838479	.177611	.03854113	0
718.15	0	.7836362	.1778616	.03850225	0
717.15	0	.7834263	.1781104	.03846331	0
716.15	0	.7832182	.1783575	.03842433	0
715.15	0	.7830118	.1786029	.0383853	0
714.15	0	.7828071	.1788467	.03834622	0
713.15	0	.7826041	.1790888	.03830709	0
712.15	0	.7824028	.1793293	.03826791	0
711.15	0	.782203	.1795683	.03822869	0
710.15	0	.7820048	.1798058	.03818941	0
709.15	0	.7818082	.1800417	.03815008	0
708.15	0	.7816132	.1802761	.0381107	0
707.15	0	.7814196	.1805091	.03807128	0
706.15	0	.7812275	.1807407	.0380318	0
705.15	0	.7810369	.1809708	.03799228	0
704.15	0	.7808477	.1811996	.0379527	0
703.15	0	.7806599	.181427	.03791308	0
702.15	0	.7804735	.1816531	.03787341	0
701.15	0	.7802885	.1818778	.03783369	0
700.15	0	.7801048	.1821012	.03779392	0
699.15	0	.7799225	.1823234	.0377541	0
698.15	0	.7797414	.1825443	.03771423	0
697.15	0	.7795617	.182764	.03767432	0
696.15	0	.7793832	.1829825	.03763436	0
695.15	0	.7792059	.1831997	.03759435	0
694.15	0	.7790299	.1834158	.03755429	0
693.15	0	.778855	.1836308	.03751419	0
692.15	0	.7786814	.1838446	.03747404	0
691.15	0	.7785089	.1840572	.03743385	0
690.15	0	.7783376	.1842688	.03739361	0
689.15	0	.7781675	.1844792	.03735332	0
688.15	0	.7779984	.1846886	.03731299	0
687.15	0	.7778305	.1848969	.03727261	0
686.15	0	.7776636	.1851042	.0372322	0
685.15	0	.7774979	.1853104	.03719173	0
684.15	0	.7773331	.1855156	.03715123	0
683.15	0	.7771695	.1857198	.03711068	0
682.15	0	.7770069	.1859231	.03707009	0
681.15	0	.7768452	.1861253	.03702946	0
680.15	0	.7766846	.1863266	.03698878	0
679.15	0	.776525	.1865269	.03694807	0
678.15	0	.7763664	.1867263	.03690732	0
677.15	0	.7762087	.1869248	.03686653	0
676.15	0	.776052	.1871223	.03682569	0
675.15	0	.7758962	.1873189	.03678482	0
674.15	0	.7757414	.1875147	.03674392	0
673.15	0	.7755875	.1877096	.03670297	0
672.15	0	.7754345	.1879035	.03666199	0
671.15	0	.7752824	.1880967	.03662098	0
670.15	0	.7751311	.188289	.03657992	0
669.15	0	.7749808	.1884804	.03653884	0
668.15	0	.7748313	.188671	.03649772	0
667.15	0	.7746826	.1888608	.03645656	0
666.15	0	.7745349	.1890498	.03641537	0
665.15	0	.7743879	.1892379	.03637415	0
664.15	0	.7742418	.1894253	.03633291	0
663.15	0	.7740965	.1896119	.03629162	0
662.15	0	.773952	.1897977	.03625031	0
661.15	0	.7738082	.1899828	.03620897	0
660.15	0	.7736653	.1901671	.0361676	0
659.15	0	.7735232	.1903506	.03612621	0
658.15	0	.7733818	.1905334	.03608478	0
657.15	0	.7732412	.1907155	.03604333	0
656.15	0	.7731014	.1908968	.03600185	0
655.15	0	.7729623	.1910774	.03596035	0
654.15	0	.7728239	.1912573	.03591882	0
653.15	0	.7726863	.1914365	.03587727	0
652.15	0	.7725494	.1916149	.0358357	0
651.15	0	.7724132	.1917927	.0357941	0
650.15	0	.7722777	.1919698	.03575248	0
649.15	0	.7721429	.1921462	.03571085	0
648.15	0	.7720088	.192322	.03566919	0
647.15	0	.7718755	.192497	.03562751	0
646.15	0	.7717427	.1926714	.03558581	0
645.15	0	.7716107	.1928452	.0355441	0
644.15	0	.7714794	.1930183	.03550237	0
643.15	0	.7713487	.1931907	.03546062	0
642.15	0	.7712186	.1933625	.03541886	0
641.15	0	.7710892	.1935337	.03537708	0
640.15	0	.7709605	.1937042	.03533529	0
639.15	0	.7708324	.1938741	.03529349	0
638.15	0	.7707049	.1940434	.03525167	0
637.15	0	.770578	.1942121	.03520984	0
636.15	0	.7704518	.1943802	.035168	0
635.15	0	.7703262	.1945476	.03512615	0
634.15	0	.7702012	.1947145	.0350843	0
633.15	0	.7700768	.1948807	.03504243	0
632.15	0	.769953	.1950464	.03500056	0
631.15	0	.7698299	.1952115	.03495868	0
630.15	0	.7697073	.195376	.03491679	0
629.15	0	.7695852	.1955399	.0348749	0
628.15	0	.7694638	.1957032	.034833	0
627.15	0	.7693429	.195866	.0347911	0
626.15	0	.7692227	.1960281	.0347492	0
625.15	0	.769103	.1961898	.0347073	0
624.15	0	.7689838	.1963508	.03466539	0
623.15	0	.7688652	.1965113	.03462349	0
622.15	0	.7687472	.1966713	.03458158	0
621.15	0	.7686297	.1968306	.03453968	0
620.15	0	.7685127	.1969895	.03449778	0
619.15	0	.7683963	.1971478	.03445588	0
618.15	0	.7682805	.1973055	.03441398	0
617.15	0	.7681652	.1974628	.03437209	0
616.15	0	.7680504	.1976194	.03433021	0
615.15	0	.7679361	.1977756	.03428833	0
614.15	0	.7678223	.1979312	.03424646	0
613.15	0	.7677091	.1980863	.0342046	0
612.15	0	.7675964	.1982409	.03416274	0
611.15	0	.7674842	.1983949	.0341209	0
610.15	0	.7673725	.1985484	.03407907	0
609.15	0	.7672613	.1987014	.03403725	0
608.15	0	.7671507	.1988539	.03399544	0
607.15	0	.7670405	.1990059	.03395364	0
606.15	0	.7669308	.1991574	.03391186	0
605.15	0	.7668216	.1993083	.03387009	0
604.15	0	.7667129	.1994588	.03382833	0
603.15	0	.7666047	.1996087	.0337866	0
602.15	0	.766497	.1997582	.03374488	0
601.15	0	.7663897	.1999071	.03370318	0
600.15	0	.7662829	.2000556	.0336615	0
599.15	0	.7661766	.2002036	.03361984	0
598.15	0	.7660708	.200351	.03357819	0
597.15	0	.7659654	.200498	.03353657	0
596.15	0	.7658605	.2006445	.03349498	0
595.15	0	.7657561	.2007905	.0334534	0
594.15	0	.7656521	.200936	.03341185	0
593.15	0	.7655486	.2010811	.03337032	0
592.15	0	.7654456	.2012256	.03332883	0
591.15	0	.765343	.2013697	.03328735	0
590.15	0	.7652408	.2015133	.03324591	0
589.15	0	.7651391	.2016564	.03320449	0
588.15	0	.7650378	.2017991	.0331631	0
587.15	0	.764937	.2019412	.03312174	0
586.15	0	.7648367	.2020829	.03308041	0
585.15	0	.7647367	.2022242	.03303912	0
584.15	0	.7646372	.2023649	.03299785	0
583.15	0	.7645382	.2025052	.03295662	0
582.15	0	.7644395	.202645	.03291543	0
581.15	0	.7643413	.2027844	.03287427	0
580.15	0	.7642436	.2029233	.03283314	0
579.15	0	.7641462	.2030617	.03279205	0
578.15	0	.7640493	.2031997	.032751	0
577.15	0	.7639528	.2033372	.03270999	0
576.15	0	.7638567	.2034743	.03266901	0
575.15	0	.7637611	.2036109	.03262808	0
574.15	0	.7636658	.203747	.03258719	0
573.15	0	.763571	.2038827	.03254634	0
572.15	0	.7634766	.2040179	.03250553	0
571.15	0	.7633826	.2041527	.03246476	0
570.15	0	.763289	.204287	.03242404	0
569.15	0	.7631958	.2044209	.03238337	0
568.15	0	.763103	.2045543	.03234274	0
567.15	0	.7630106	.2046872	.03230216	0
566.15	0	.7629186	.2048198	.03226162	0
565.15	0	.7628271	.2049518	.03222113	0
564.15	0	.7627359	.2050834	.0321807	0
563.15	0	.7626451	.2052146	.03214031	0
562.15	0	.7625547	.2053453	.03209997	0
561.15	0	.7624647	.2054756	.03205969	0
560.15	0	.7623751	.2056054	.03201946	0
559.15	0	.7622859	.2057348	.03197928	0
558.15	0	.7621971	.2058638	.03193915	0
557.15	0	.7621086	.2059923	.03189908	0
556.15	0	.7620206	.2061203	.03185907	0
555.15	0	.7619329	.2062479	.03181911	0
554.15	0	.7618457	.2063751	.03177921	0
553.15	0	.7617588	.2065018	.03173937	0
552.15	0	.7616723	.2066282	.03169959	0
551.15	0	.7615861	.206754	.03165987	0
550.15	0	.7615004	.2068794	.03162021	0
549.15	0	.761415	.2070044	.03158061	0
548.15	0	.76133	.2071289	.03154108	0
547.15	0	.7612454	.207253	.0315016	0
546.15	0	.7611611	.2073767	.03146219	0
545.15	0	.7610772	.2074999	.03142285	0
544.15	0	.7609937	.2076227	.03138357	0
543.15	0	.7609106	.207745	.03134436	0
542.15	0	.7608278	.207867	.03130522	0
541.15	0	.7607454	.2079884	.03126614	0
540.15	0	.7606634	.2081095	.03122713	0
539.15	0	.7605817	.2082301	.0311882	0
538.15	0	.7605004	.2083503	.03114933	0
537.15	0	.7604195	.20847	.03111053	0
536.15	0	.7603389	.2085893	.03107181	0
535.15	0	.7602587	.2087082	.03103316	0
534.15	0	.7601788	.2088266	.03099458	0
533.15	0	.7600993	.2089446	.03095608	0
532.15	0	.7600201	.2090622	.03091766	0
531.15	0	.7599414	.2091793	.03087931	0
530.15	0	.7598629	.2092961	.03084103	0
529.15	0	.7597848	.2094123	.03080284	0
528.15	0	.7597071	.2095282	.03076472	0
527.15	0	.7596298	.2096436	.03072668	0
526.15	0	.7595527	.2097585	.03068873	0
525.15	0	.7594761	.2098731	.03065085	0
524.15	0	.7593998	.2099872	.03061305	0
523.15	0	.7593238	.2101009	.03057534	0
522.15	0	.7592482	.2102141	.03053771	0
521.15	0	.7591729	.2103269	.03050016	0
520.15	0	.759098	.2104393	.0304627	0
519.15	0	.7590234	.2105513	.03042533	0
518.15	0	.7589492	.2106628	.03038804	0
517.15	0	.7588753	.2107739	.03035084	0
516.15	0	.7588017	.2108846	.03031372	0
515.15	0	.7587285	.2109948	.0302767	0
514.15	0	.7586557	.2111046	.03023976	0
513.15	0	.7585832	.2112139	.03020292	0
512.15	0	.7585111	.2113229	.03016605	0
511.15	0	.7584392	.2114314	.03012939	0
510.15	0	.7583678	.2115394	.03009281	0
509.15	0	.7582966	.2116471	.03005633	0
508.15	0	.7582258	.2117543	.03001994	0
507.15	0	.7581553	.2118611	.02998365	0
506.15	0	.7580851	.2119674	.02994746	0
505.15	0	.7580153	.2120733	.02991136	0
504.15	0	.7579458	.2121788	.02987535	0
503.15	0	.7578767	.2122839	.02983944	0
502.15	0	.7578079	.2123885	.02980364	0
501.15	0	.7577394	.2124927	.02976793	0
500.15	0	.7576712	.2125964	.02973232	0
499.15	0	.7576034	.2126998	.02969681	0
498.15	0	.7575359	.2128027	.0296614	0
497.15	0	.7574688	.2129051	.02962609	0
496.15	0	.7574019	.2130072	.02959089	0
495.15	0	.7573354	.2131088	.02955579	0
494.15	0	.7572693	.2132099	.02952079	0
493.15	0	.7572034	.2133107	.0294859	0
492.15	0	.7571379	.213411	.02945111	0
491.15	0	.7570727	.2135109	.02941643	0
490.15	0	.7570078	.2136103	.02938186	0
489.15	0	.7569433	.2137093	.02934739	0
488.15	0	.7568791	.2138079	.02931303	0
487.15	0	.7568152	.213906	.02927878	0
486.15	0	.7567516	.2140038	.02924464	0
485.15	0	.7566884	.214101	.02921061	0
484.15	0	.7566254	.2141979	.02917669	0
483.15	0	.7565628	.2142943	.02914288	0
482.15	0	.7565005	.2143903	.02910919	0
481.15	0	.7564386	.2144858	.0290756	0
480.15	0	.7563769	.2145809	.02904213	0
479.15	0	.7563156	.2146756	.02900878	0
478.15	0	.7562546	.2147699	.02897554	0
477.15	0	.7561939	.2148637	.02894241	0
476.15	0	.7561335	.2149571	.0289094	0
475.15	0	.7560735	.21505	.02887651	0
474.15	0	.7560137	.2151426	.02884374	0
473.15	0	.7559543	.2152346	.02881108	0
472.15	0	.7558952	.2153263	.02877854	0
471.15	0	.7558364	.2154175	.02874612	0
470.15	0	.7557779	.2155083	.02871383	0
469.15	0	.7557197	.2155986	.02868165	0
468.15	0	.7556619	.2156885	.02864959	0
467.15	0	.7556043	.215778	.02861766	0
466.15	0	.7555471	.215867	.02858584	0
465.15	0	.7554902	.2159556	.02855415	0
464.15	0	.7554336	.2160438	.02852259	0
463.15	0	.7553773	.2161316	.02849115	0
462.15	0	.7553213	.2162189	.02845983	0
461.15	0	.7552656	.2163057	.02842864	0
460.15	0	.7552103	.2163922	.02839758	0
459.15	0	.7551552	.2164782	.02836664	0
458.15	0	.7551005	.2165637	.02833583	0
457.15	0	.755046	.2166488	.02830514	0
456.15	0	.7549919	.2167335	.02827459	0
455.15	0	.7549381	.2168178	.02824416	0
454.15	0	.7548845	.2169016	.02821387	0
453.15	0	.7548313	.216985	.0281837	0
452.15	0	.7547784	.2170679	.02815367	0
451.15	0	.7547258	.2171504	.02812376	0
450.15	0	.7546735	.2172325	.02809399	0
449.15	0	.7546215	.2173141	.02806437	0
448.15	0	.7545699	.2173952	.02803489	0
447.15	0	.7545186	.2174759	.02800554	0
446.15	0	.7544675	.2175561	.02797634	0
445.15	0	.7544168	.2176359	.02794727	0
444.15	0	.7543665	.2177152	.02791835	0
443.15	0	.7543164	.217794	.02788958	0
442.15	0	.7542667	.2178724	.02786096	0
441.15	0	.7542173	.2179502	.02783248	0
440.15	0	.7541682	.2180276	.02780416	0
439.15	0	.7541195	.2181045	.027776	0
438.15	0	.7540711	.2181809	.02774799	0
437.15	0	.754023	.2182568	.02772014	0
436.15	0	.7539753	.2183322	.02769245	0
435.15	0	.753928	.2184071	.02766492	0
434.15	0	.7538809	.2184815	.02763755	0
433.15	0	.7538343	.2185554	.02761035	0
432.15	0	.7537879	.2186288	.02758331	0
431.15	0	.753742	.2187016	.02755644	0
430.15	0	.7536963	.2187739	.02752975	0
429.15	0	.7536511	.2188457	.02750322	0
428.15	0	.7536061	.218917	.02747686	0
427.15	0	.7535616	.2189878	.02745067	0
426.15	0	.7535173	.219058	.02742466	0
425.15	0	.7534735	.2191277	.02739882	0
424.15	0	.75343	.2191969	.02737316	0
423.15	0	.7533868	.2192655	.02734767	0
422.15	0	.753344	.2193336	.02732236	0
421.15	0	.7533016	.2194012	.02729723	0
420.15	0	.7532595	.2194682	.02727227	0
419.15	0	.7532178	.2195347	.02724749	0
418.15	0	.7531764	.2196007	.0272229	0
417.15	0	.7531354	.2196662	.02719848	0
416.15	0	.7530947	.2197311	.02717424	0
415.15	0	.7530544	.2197954	.02715019	0
414.15	0	.7530144	.2198593	.02712631	0
413.15	0	.7529748	.2199226	.02710262	0
412.15	0	.7529356	.2199853	.02707911	0
411.15	0	.7528967	.2200476	.02705578	0
410.15	0	.7528581	.2201093	.02703263	0
409.15	0	.7528199	.2201704	.02700967	0
408.15	0	.752782	.2202311	.02698689	0
407.15	0	.7527445	.2202912	.02696429	0
406.15	0	.7527073	.2203508	.02694188	0
405.15	0	.7526705	.2204098	.02691964	0
404.15	0	.752634	.2204684	.02689759	0
403.15	0	.7525979	.2205264	.02687572	0
402.15	0	.7525621	.2205839	.02685404	0
401.15	0	.7525266	.2206408	.02683254	0
400.15	0	.7524915	.2206973	.02681122	0
399.15	0	.7524567	.2207532	.02679008	0
398.15	0	.7524222	.2208086	.02676913	0
397.15	0	.7523881	.2208636	.02674835	0
396.15	0	.7523543	.2209179	.02672776	0
395.15	0	.7523208	.2209718	.02670735	0
394.15	0	.7522877	.2210252	.02668712	0
393.15	0	.7522549	.2210781	.02666707	0
392.15	0	.7522223	.2211305	.0266472	0
391.15	0	.7521902	.2211823	.02662751	0
390.15	0	.7521583	.2212337	.026608	0
389.15	0	.7521267	.2212846	.02658867	0
388.15	0	.7520955	.221335	.02656952	0
387.15	0	.7520646	.2213849	.02655055	0
386.15	0	.752034	.2214343	.02653175	0
385.15	0	.7520036	.2214832	.02651313	0
384.15	0	.7519736	.2215317	.02649469	0
383.15	0	.7519439	.2215797	.02647642	0
382.5601	0	.7519265	.2216077	.02646572	0
382.5601	0	.7519265	.2216077	.02646572	0
382.5601	0	.7519265	.2216077	.02646572	0
382.15	0	.752022	.2213703	.0263453	2.623765E-04
381.15	0	.7522546	.2207916	.02605205	9.016882E-04
380.15	0	.7524871	.2202132	.02575938	.001540293
379.15	0	.7527194	.2196352	.02546728	.002178196
378.15	0	.7529515	.2190574	.02517574	.002815402
377.15	0	.7531834	.2184799	.02488477	.003451918
376.15	0	.7534151	.2179028	.02459437	.004087748
375.15	0	.7536467	.2173259	.02430452	.004722897
374.15	0	.7538782	.2167492	.02401524	.005357371
373.15	0	.7541094	.2161729	.02372651	.005991174
372.15	0	.7543405	.2155968	.02343833	.006624312
371.15	0	.7545715	.215021	.0231507	.00725679
370.15	0	.7548023	.2144454	.02286363	.007888612
369.15	0	.755033	.2138701	.02257709	.008519783
368.15	0	.7552635	.2132951	.0222911	.009150308
367.15	0	.7554939	.2127202	.02200565	.009780192
366.15	0	.7557242	.2121456	.02172074	.01040944
365.15	0	.7559543	.2115713	.02143637	.01103805
364.15	0	.7561843	.2109971	.02115252	.01166604
363.15	0	.7564142	.2104232	.02086921	.0122934
362.15	0	.7566439	.2098495	.02058643	.01292015
361.15	0	.7568735	.209276	.02030418	.01354628
360.15	0	.757103	.2087027	.02002245	.0141718
359.15	0	.7573324	.2081297	.01974124	.01479671
358.15	0	.7575617	.2075568	.01946055	.01542102
357.15	0	.7577908	.2069841	.01918038	.01604473
356.15	0	.7580199	.2064116	.01890072	.01666785
355.15	0	.7582488	.2058392	.01862158	.01729037
354.15	0	.7584777	.2052671	.01834295	.01791231
353.15	0	.7587064	.2046951	.01806482	.01853367
352.15	0	.758935	.2041233	.01778721	.01915445
351.15	0	.7591636	.2035517	.0175101	.01977466
350.15	0	.759392	.2029802	.01723349	.02039429
349.15	0	.7596204	.2024089	.01695738	.02101335
348.15	0	.7598486	.2018378	.01668177	.02163186
347.15	0	.7600768	.2012668	.01640666	.02224979
346.15	0	.7603049	.2006959	.01613204	.02286718
345.15	0	.7605328	.2001252	.01585792	.02348401
344.15	0	.7607607	.1995547	.01558428	.02410028
343.15	0	.7609885	.1989843	.01531114	.02471601
342.15	0	.7612163	.198414	.01503848	.0253312
341.15	0	.7614439	.1978439	.0147663	.02594585
340.15	0	.7616715	.1972739	.01449461	.02655995
339.15	0	.761899	.1967041	.01422341	.02717353
338.15	0	.7621264	.1961344	.01395268	.02778657
337.15	0	.7623538	.1955647	.01368243	.02839908
336.15	0	.762581	.1949953	.01341265	.02901107
335.15	0	.7628082	.1944259	.01314335	.02962253
334.15	0	.7630353	.1938567	.01287453	.03023348
333.15	0	.7632624	.1932876	.01260617	.0308439
332.15	0	.7634893	.1927186	.01233829	.03145382
331.15	0	.7637162	.1921497	.01207087	.03206322
330.15	0	.7639431	.1915809	.01180392	.03267211
329.15	0	.7641699	.1910122	.01153744	.0332805
328.15	0	.7643966	.1904437	.01127141	.03388838
327.15	0	.7646232	.1898752	.01100585	.03449576
326.15	0	.7648498	.1893068	.01074075	.03510264
325.15	0	.7650763	.1887386	.01047611	.03570902
324.15	0	.7653027	.1881704	.01021193	.03631491
323.15	0	.7655291	.1876024	.009948201	.03692031
322.15	0	.7657554	.1870344	.009684929	.03752522
321.15	0	.7659817	.1864666	.009422109	.03812964
320.15	0	.7662079	.1858988	.009159742	.03873357
319.15	0	.766434	.1853311	.008897826	.03933702
318.15	0	.7666601	.1847635	.008636358	.03993999
317.15	0	.7668862	.184196	.00837534	.04054249
316.15	0	.7671121	.1836286	.008114768	.0411445
315.15	0	.767338	.1830613	.007854641	.04174604
314.15	0	.7675639	.182494	.00759496	.04234711
313.15	0	.7677897	.1819269	.007335721	.04294771
312.15	0	.7680154	.1813598	.007076925	.04354783
311.15	0	.7682411	.1807929	.00681857	.04414749
310.15	0	.7684667	.1802259	.006560655	.04474668
309.15	0	.7686923	.1796591	.006303179	.04534541
308.15	0	.7689178	.1790924	.00604614	.04594368
307.15	0	.7691433	.1785257	.005789539	.04654148
306.15	0	.7693687	.1779591	.005533374	.04713883
305.15	0	.769594	.1773926	.005277643	.04773571
304.15	0	.7698193	.1768262	.005022347	.04833215
303.15	0	.7700446	.1762598	.004767483	.04892812
302.15	0	.7702697	.1756936	.004513052	.04952364
301.15	0	.7704949	.1751274	.004259052	.05011871
300.15	0	.7707199	.1745613	.004005482	.05071333
299.15	0	.770945	.1739952	.003752342	.0513075
298.15	0	.7711699	.1734292	.003499631	.05190123
