T	 BPW(LIQUID)	BPW(BCC_A2)	BPW(FCC_A1)	BPW(LAVES_PHASE_C14)	BPW(NI3TI)
1473.15	0	1	0	0	0
1472.15	0	1	0	0	0
1471.15	0	1	0	0	0
1470.15	0	1	0	0	0
1469.15	0	1	0	0	0
1468.15	0	1	0	0	0
1467.15	0	1	0	0	0
1466.15	0	1	0	0	0
1465.15	0	1	0	0	0
1464.15	0	1	0	0	0
1463.15	0	1	0	0	0
1462.15	0	1	0	0	0
1461.15	0	1	0	0	0
1460.15	0	1	0	0	0
1459.15	0	1	0	0	0
1458.15	0	1	0	0	0
1457.15	0	1	0	0	0
1456.15	0	1	0	0	0
1455.15	0	1	0	0	0
1454.15	0	1	0	0	0
1453.15	0	1	0	0	0
1452.15	0	1	0	0	0
1451.15	0	1	0	0	0
1450.15	0	1	0	0	0
1449.15	0	1	0	0	0
1448.15	0	1	0	0	0
1447.15	0	1	0	0	0
1446.15	0	1	0	0	0
1445.15	0	1	0	0	0
1444.15	0	1	0	0	0
1443.15	0	1	0	0	0
1442.15	0	1	0	0	0
1441.15	0	1	0	0	0
1440.15	0	1	0	0	0
1439.15	0	1	0	0	0
1438.15	0	1	0	0	0
1437.15	0	1	0	0	0
1436.15	0	1	0	0	0
1435.15	0	1	0	0	0
1434.15	0	1	0	0	0
1433.15	0	1	0	0	0
1432.15	0	1	0	0	0
1431.15	0	1	0	0	0
1430.15	0	1	0	0	0
1429.15	0	1	0	0	0
1428.15	0	1	0	0	0
1427.15	0	1	0	0	0
1426.15	0	1	0	0	0
1425.15	0	1	0	0	0
1424.15	0	1	0	0	0
1423.15	0	1	0	0	0
1422.15	0	1	0	0	0
1421.15	0	1	0	0	0
1420.15	0	1	0	0	0
1419.15	0	1	0	0	0
1418.15	0	1	0	0	0
1417.15	0	1	0	0	0
1416.15	0	1	0	0	0
1415.15	0	1	0	0	0
1414.15	0	1	0	0	0
1413.15	0	1	0	0	0
1412.15	0	1	0	0	0
1411.15	0	1	0	0	0
1410.15	0	1	0	0	0
1409.15	0	1	0	0	0
1408.15	0	1	0	0	0
1407.15	0	1	0	0	0
1406.15	0	1	0	0	0
1405.15	0	1	0	0	0
1404.15	0	1	0	0	0
1403.15	0	1	0	0	0
1402.15	0	1	0	0	0
1401.15	0	1	0	0	0
1400.15	0	1	0	0	0
1399.15	0	1	0	0	0
1398.15	0	1	0	0	0
1397.15	0	1	0	0	0
1396.15	0	1	0	0	0
1395.15	0	1	0	0	0
1394.15	0	1	0	0	0
1393.15	0	1	0	0	0
1392.15	0	1	0	0	0
1391.15	0	1	0	0	0
1390.15	0	1	0	0	0
1389.15	0	1	0	0	0
1388.15	0	1	0	0	0
1387.15	0	1	0	0	0
1386.15	0	1	0	0	0
1385.15	0	1	0	0	0
1384.15	0	1	0	0	0
1383.15	0	1	0	0	0
1382.15	0	1	0	0	0
1381.15	0	1	0	0	0
1380.15	0	1	0	0	0
1379.15	0	1	0	0	0
1378.15	0	1	0	0	0
1377.15	0	1	0	0	0
1376.15	0	1	0	0	0
1375.15	0	1	0	0	0
1374.15	0	1	0	0	0
1373.15	0	1	0	0	0
1372.15	0	1	0	0	0
1371.15	0	1	0	0	0
1370.15	0	1	0	0	0
1369.15	0	1	0	0	0
1368.15	0	1	0	0	0
1367.15	0	1	0	0	0
1366.15	0	1	0	0	0
1365.15	0	1	0	0	0
1364.15	0	1	0	0	0
1363.15	0	1	0	0	0
1362.15	0	1	0	0	0
1361.15	0	1	0	0	0
1360.15	0	1	0	0	0
1359.15	0	1	0	0	0
1358.15	0	1	0	0	0
1357.15	0	1	0	0	0
1356.15	0	1	0	0	0
1355.15	0	1	0	0	0
1354.15	0	1	0	0	0
1353.15	0	1	0	0	0
1352.15	0	1	0	0	0
1351.15	0	1	0	0	0
1350.15	0	1	0	0	0
1349.15	0	1	0	0	0
1348.15	0	1	0	0	0
1347.15	0	1	0	0	0
1346.15	0	1	0	0	0
1345.15	0	1	0	0	0
1344.15	0	1	0	0	0
1343.15	0	1	0	0	0
1342.15	0	1	0	0	0
1341.15	0	1	0	0	0
1340.15	0	1	0	0	0
1339.15	0	1	0	0	0
1338.15	0	1	0	0	0
1337.15	0	1	0	0	0
1336.15	0	1	0	0	0
1335.15	0	1	0	0	0
1334.15	0	1	0	0	0
1333.15	0	1	0	0	0
1332.15	0	1	0	0	0
1331.15	0	1	0	0	0
1330.15	0	1	0	0	0
1329.15	0	1	0	0	0
1328.15	0	1	0	0	0
1327.15	0	1	0	0	0
1326.15	0	1	0	0	0
1325.15	0	1	0	0	0
1324.15	0	1	0	0	0
1323.15	0	1	0	0	0
1322.15	0	1	0	0	0
1321.15	0	1	0	0	0
1320.15	0	1	0	0	0
1319.15	0	1	0	0	0
1318.15	0	1	0	0	0
1317.15	0	1	0	0	0
1316.15	0	1	0	0	0
1315.15	0	1	0	0	0
1314.15	0	1	0	0	0
1313.15	0	1	0	0	0
1312.15	0	1	0	0	0
1311.15	0	1	0	0	0
1310.15	0	1	0	0	0
1309.15	0	1	0	0	0
1308.15	0	1	0	0	0
1307.15	0	1	0	0	0
1306.15	0	1	0	0	0
1305.15	0	1	0	0	0
1304.15	0	1	0	0	0
1303.15	0	1	0	0	0
1302.15	0	1	0	0	0
1301.15	0	1	0	0	0
1300.15	0	1	0	0	0
1299.15	0	1	0	0	0
1298.15	0	1	0	0	0
1297.15	0	1	0	0	0
1296.15	0	1	0	0	0
1295.15	0	1	0	0	0
1294.15	0	1	0	0	0
1293.15	0	1	0	0	0
1292.15	0	1	0	0	0
1291.15	0	1	0	0	0
1290.15	0	1	0	0	0
1289.15	0	1	0	0	0
1288.15	0	1	0	0	0
1287.15	0	1	0	0	0
1286.15	0	1	0	0	0
1285.15	0	1	0	0	0
1284.15	0	1	0	0	0
1283.15	0	1	0	0	0
1282.15	0	1	0	0	0
1281.15	0	1	0	0	0
1280.15	0	1	0	0	0
1279.15	0	1	0	0	0
1278.15	0	1	0	0	0
1277.15	0	1	0	0	0
1276.15	0	1	0	0	0
1275.15	0	1	0	0	0
1274.15	0	1	0	0	0
1273.15	0	1	0	0	0
1272.15	0	1	0	0	0
1271.15	0	1	0	0	0
1270.15	0	1	0	0	0
1269.15	0	1	0	0	0
1268.15	0	1	0	0	0
1267.15	0	1	0	0	0
1266.15	0	1	0	0	0
1265.15	0	1	0	0	0
1264.15	0	1	0	0	0
1263.15	0	1	0	0	0
1262.15	0	1	0	0	0
1261.15	0	1	0	0	0
1260.15	0	1	0	0	0
1259.15	0	1	0	0	0
1258.15	0	1	0	0	0
1257.15	0	1	0	0	0
1256.15	0	1	0	0	0
1255.15	0	1	0	0	0
1254.15	0	1	0	0	0
1253.15	0	1	0	0	0
1252.15	0	1	0	0	0
1251.15	0	1	0	0	0
1250.15	0	1	0	0	0
1249.15	0	1	0	0	0
1248.15	0	1	0	0	0
1247.15	0	1	0	0	0
1246.15	0	1	0	0	0
1245.15	0	1	0	0	0
1244.15	0	1	0	0	0
1243.15	0	1	0	0	0
1242.15	0	1	0	0	0
1241.15	0	1	0	0	0
1240.15	0	1	0	0	0
1239.15	0	1	0	0	0
1238.15	0	1	0	0	0
1237.15	0	1	0	0	0
1236.15	0	1	0	0	0
1235.15	0	1	0	0	0
1234.15	0	1	0	0	0
1233.15	0	1	0	0	0
1232.15	0	1	0	0	0
1231.15	0	1	0	0	0
1230.15	0	1	0	0	0
1229.15	0	1	0	0	0
1228.15	0	1	0	0	0
1227.15	0	1	0	0	0
1226.15	0	1	0	0	0
1225.15	0	1	0	0	0
1224.15	0	1	0	0	0
1223.15	0	1	0	0	0
1222.15	0	1	0	0	0
1221.15	0	1	0	0	0
1220.15	0	1	0	0	0
1219.15	0	1	0	0	0
1218.15	0	1	0	0	0
1217.15	0	1	0	0	0
1216.15	0	1	0	0	0
1215.15	0	1	0	0	0
1214.15	0	1	0	0	0
1213.15	0	1	0	0	0
1212.15	0	1	0	0	0
1211.15	0	1	0	0	0
1210.15	0	1	0	0	0
1209.15	0	1	0	0	0
1208.15	0	1	0	0	0
1207.15	0	1	0	0	0
1206.15	0	1	0	0	0
1205.15	0	1	0	0	0
1204.15	0	1	0	0	0
1203.15	0	1	0	0	0
1202.15	0	1	0	0	0
1201.15	0	1	0	0	0
1200.15	0	1	0	0	0
1199.15	0	1	0	0	0
1198.15	0	1	0	0	0
1197.15	0	1	0	0	0
1196.15	0	1	0	0	0
1195.15	0	1	0	0	0
1194.15	0	1	0	0	0
1193.15	0	1	0	0	0
1192.15	0	1	0	0	0
1191.15	0	1	0	0	0
1190.15	0	1	0	0	0
1189.15	0	1	0	0	0
1188.15	0	1	0	0	0
1187.15	0	1	0	0	0
1186.15	0	1	0	0	0
1185.15	0	1	0	0	0
1184.15	0	1	0	0	0
1183.15	0	1	0	0	0
1182.15	0	1	0	0	0
1181.15	0	1	0	0	0
1180.15	0	1	0	0	0
1179.15	0	1	0	0	0
1178.15	0	1	0	0	0
1177.15	0	1	0	0	0
1176.15	0	1	0	0	0
1175.15	0	1	0	0	0
1174.15	0	1	0	0	0
1173.15	0	1	0	0	0
1172.15	0	1	0	0	0
1171.15	0	1	0	0	0
1170.15	0	1	0	0	0
1169.15	0	1	0	0	0
1168.15	0	1	0	0	0
1167.15	0	1	0	0	0
1166.15	0	1	0	0	0
1165.15	0	1	0	0	0
1164.15	0	1	0	0	0
1163.15	0	1	0	0	0
1162.15	0	1	0	0	0
1161.15	0	1	0	0	0
1160.15	0	1	0	0	0
1159.15	0	1	0	0	0
1158.15	0	1	0	0	0
1157.15	0	1	0	0	0
1156.15	0	1	0	0	0
1155.15	0	1	0	0	0
1154.15	0	1	0	0	0
1153.15	0	1	0	0	0
1152.15	0	1	0	0	0
1151.15	0	1	0	0	0
1150.15	0	1	0	0	0
1149.15	0	1	0	0	0
1148.15	0	1	0	0	0
1147.15	0	1	0	0	0
1146.15	0	1	0	0	0
1145.15	0	1	0	0	0
1144.15	0	1	0	0	0
1143.15	0	1	0	0	0
1142.15	0	1	0	0	0
1141.15	0	1	0	0	0
1140.15	0	1	0	0	0
1139.15	0	1	0	0	0
1138.15	0	1	0	0	0
1137.15	0	1	0	0	0
1136.15	0	1	0	0	0
1135.15	0	1	0	0	0
1134.15	0	1	0	0	0
1133.15	0	1	0	0	0
1132.15	0	1	0	0	0
1131.15	0	1	0	0	0
1130.15	0	1	0	0	0
1129.15	0	1	0	0	0
1128.15	0	1	0	0	0
1127.15	0	1	0	0	0
1126.15	0	1	0	0	0
1125.15	0	1	0	0	0
1124.15	0	1	0	0	0
1123.15	0	1	0	0	0
1122.15	0	1	0	0	0
1121.15	0	1	0	0	0
1120.15	0	1	0	0	0
1119.15	0	1	0	0	0
1118.15	0	1	0	0	0
1117.15	0	1	0	0	0
1116.15	0	1	0	0	0
1115.15	0	1	0	0	0
1114.15	0	1	0	0	0
1113.15	0	1	0	0	0
1112.15	0	1	0	0	0
1111.15	0	1	0	0	0
1110.15	0	1	0	0	0
1109.15	0	1	0	0	0
1108.15	0	1	0	0	0
1107.15	0	1	0	0	0
1106.15	0	1	0	0	0
1105.15	0	1	0	0	0
1104.15	0	1	0	0	0
1103.15	0	1	0	0	0
1102.15	0	1	0	0	0
1101.15	0	1	0	0	0
1100.15	0	1	0	0	0
1099.15	0	1	0	0	0
1098.15	0	1	0	0	0
1097.15	0	1	0	0	0
1096.15	0	1	0	0	0
1095.15	0	1	0	0	0
1094.15	0	1	0	0	0
1093.15	0	1	0	0	0
1092.15	0	1	0	0	0
1091.15	0	1	0	0	0
1090.15	0	1	0	0	0
1089.15	0	1	0	0	0
1088.15	0	1	0	0	0
1087.15	0	1	0	0	0
1086.15	0	1	0	0	0
1085.15	0	1	0	0	0
1084.15	0	1	0	0	0
1083.15	0	1	0	0	0
1082.15	0	1	0	0	0
1081.15	0	1	0	0	0
1080.15	0	1	0	0	0
1079.642	0	1	0	0	0
1079.642	0	1	0	0	0
1079.642	0	1	0	0	0
1079.15	0	.999468	5.320276E-04	0	0
1078.15	0	.9983881	.001611857	0	0
1077.15	0	.9973111	.002688951	0	0
1076.15	0	.9962367	.003763303	0	0
1075.15	0	.9951651	.004834908	0	0
1074.15	0	.9940962	.005903758	0	0
1073.15	0	.9930302	.006969849	0	0
1072.15	0	.9919668	.008033173	0	0
1071.15	0	.9909063	.009093724	0	0
1070.15	0	.9898485	.0101515	0	0
1069.15	0	.9887935	.01120648	0	0
1068.15	0	.9877413	.01225868	0	0
1067.15	0	.9866919	.01330808	0	0
1066.15	0	.9856453	.01435467	0	0
1065.15	0	.9846016	.01539845	0	0
1064.15	0	.9835606	.01643942	0	0
1063.15	0	.9825224	.01747756	0	0
1062.15	0	.9814871	.01851287	0	0
1061.15	0	.9804547	.01954534	0	0
1060.15	0	.979425	.02057497	0	0
1059.15	0	.9783983	.02160175	0	0
1058.15	0	.9773743	.02262567	0	0
1057.15	0	.9763533	.02364673	0	0
1056.15	0	.9753351	.02466492	0	0
1055.15	0	.9743198	.02568024	0	0
1054.15	0	.9733073	.02669267	0	0
1053.15	0	.9722978	.02770221	0	0
1052.15	0	.9712912	.02870885	0	0
1051.15	0	.9702874	.02971259	0	0
1050.15	0	.9692866	.03071343	0	0
1049.15	0	.9682887	.03171134	0	0
1048.15	0	.9672937	.03270633	0	0
1047.15	0	.9663016	.03369839	0	0
1046.15	0	.9653125	.03468752	0	0
1045.15	0	.9643263	.0356737	0	0
1044.15	0	.9633431	.03665693	0	0
1043.15	0	.9623628	.0376372	0	0
1042.15	0	.9613855	.03861451	0	0
1041.15	0	.9604112	.03958885	0	0
1040.15	0	.9594398	.04056022	0	0
1039.15	0	.9584714	.0415286	0	0
1038.15	0	.957506	.04249398	0	0
1037.15	0	.9565436	.04345638	0	0
1036.15	0	.9555842	.04441576	0	0
1035.15	0	.9546279	.04537214	0	0
1034.15	0	.9536745	.0463255	0	0
1033.15	0	.9527242	.04727583	0	0
1032.15	0	.9517769	.04822314	0	0
1031.15	0	.9508326	.04916741	0	0
1030.15	0	.9498914	.05010863	0	0
1029.15	0	.9489532	.05104681	0	0
1028.15	0	.9480181	.05198192	0	0
1027.15	0	.947086	.05291398	0	0
1026.15	0	.946157	.05384296	0	0
1025.15	0	.9452311	.05476887	0	0
1024.15	0	.9443083	.05569169	0	0
1023.15	0	.9433886	.05661143	0	0
1022.15	0	.9424719	.05752807	0	0
1021.15	0	.9415584	.05844161	0	0
1020.15	0	.940648	.05935205	0	0
1019.15	0	.9397406	.06025937	0	0
1018.15	0	.9388364	.06116357	0	0
1017.15	0	.9379354	.06206464	0	0
1016.15	0	.9370374	.06296258	0	0
1015.15	0	.9361426	.06385739	0	0
1014.15	0	.935251	.06474905	0	0
1013.15	0	.9343624	.06563756	0	0
1012.15	0	.9334771	.06652292	0	0
1011.15	0	.9325949	.06740512	0	0
1010.15	0	.9317159	.06828415	0	0
1009.15	0	.93084	.06916001	0	0
1008.15	0	.9299673	.0700327	0	0
1007.15	0	.9290978	.0709022	0	0
1006.15	0	.9282315	.07176852	0	0
1005.15	0	.9273684	.07263164	0	0
1004.259	0	.9266019	.07339808	0	0
1004.259	0	.9266019	.07339808	0	0
1004.259	0	.9266019	.07339808	0	0
1004.15	0	.9264937	.0734716	3.469468E-05	0
1003.15	0	.925502	.07414528	3.527177E-04	0
1002.15	0	.924514	.07481626	6.697207E-04	0
1001.15	0	.9235297	.07548456	9.857026E-04	0
1000.15	0	.9225492	.07615018	.001300662	0
999.15	0	.9215723	.07681311	.001614599	0
998.15	0	.9205991	.07747337	.001927511	0
997.15	0	.9196297	.07813095	.002239398	0
996.15	0	.9186639	.07878585	.002550257	0
995.15	0	.9177018	.07943809	.002860089	0
994.15	0	.9167435	.08008766	.00316889	0
993.15	0	.9157888	.08073456	.003476661	0
992.15	0	.9148378	.0813788	.003783398	0
991.15	0	.9138905	.08202039	.004089102	0
990.15	0	.9129469	.08265932	.004393769	0
989.15	0	.912007	.0832956	.004697399	0
988.15	0	.9110708	.08392923	.00499999	0
987.15	0	.9101382	.08456023	.005301539	0
986.15	0	.9092094	.08518858	.005602046	0
985.15	0	.9082842	.08581431	.005901507	0
984.15	0	.9073627	.0864374	.006199921	0
983.15	0	.9064448	.08705787	.006497286	0
982.15	0	.9055307	.08767573	.0067936	0
981.15	0	.9046202	.08829097	.00708886	0
980.15	0	.9037133	.0889036	.007383065	0
979.15	0	.9028102	.08951364	.007676211	0
978.15	0	.9019106	.09012108	.007968297	0
977.15	0	.9010148	.09072593	.008259319	0
976.15	0	.9001225	.09132819	.008549276	0
975.15	0	.899234	.09192788	.008838165	0
974.15	0	.898349	.092525	.009125982	0
973.15	0	.8974677	.09311957	.009412726	0
972.15	0	.89659	.09371157	.009698392	0
971.15	0	.895716	.09430103	.009982979	0
970.15	0	.8948456	.09488796	.01026648	0
969.15	0	.8939788	.09547235	.0105489	0
968.15	0	.8931155	.09605422	.01083023	0
967.15	0	.892256	.09663358	.01111047	0
966.15	0	.8913999	.09721044	.01138961	0
965.15	0	.8905475	.0977848	.01166765	0
964.15	0	.8896987	.09835669	.01194459	0
963.15	0	.8888535	.09892609	.01222042	0
962.15	0	.8880118	.09949304	.01249514	0
961.15	0	.8871737	.1000575	.01276875	0
960.15	0	.8863392	.1006196	.01304124	0
959.15	0	.8855082	.1011792	.01331261	0
958.15	0	.8846807	.1017364	.01358285	0
957.15	0	.8838568	.1022913	.01385196	0
956.15	0	.8830364	.1028437	.01411993	0
955.15	0	.8822195	.1033937	.01438677	0
954.15	0	.8814061	.1039414	.01465246	0
953.15	0	.8805962	.1044868	.01491701	0
952.15	0	.8797898	.1050298	.0151804	0
951.15	0	.8789869	.1055705	.01544263	0
950.15	0	.8781875	.1061088	.0157037	0
949.15	0	.8773915	.1066449	.0159636	0
948.15	0	.8765989	.1071788	.01622233	0
947.15	0	.8758098	.1077104	.01647987	0
946.15	0	.875024	.1082397	.01673624	0
945.15	0	.8742417	.1087669	.01699141	0
944.15	0	.8734628	.1092918	.01724539	0
943.15	0	.8726873	.1098146	.01749817	0
942.15	0	.8719151	.1103352	.01774973	0
941.15	0	.8711462	.1108537	.01800009	0
940.15	0	.8703807	.1113701	.01824922	0
939.15	0	.8696185	.1118844	.01849713	0
938.15	0	.8688596	.1123966	.01874381	0
937.15	0	.868104	.1129068	.01898924	0
936.15	0	.8673516	.1134149	.01923343	0
935.15	0	.8666025	.1139211	.01947637	0
934.15	0	.8658566	.1144253	.01971804	0
933.15	0	.865114	.1149276	.01995845	0
932.15	0	.8643745	.115428	.02019758	0
931.15	0	.8636382	.1159264	.02043542	0
930.15	0	.862905	.1164231	.02067198	0
929.15	0	.8621749	.1169179	.02090724	0
928.15	0	.8614479	.1174109	.02114119	0
927.15	0	.860724	.1179021	.02137382	0
926.15	0	.8600032	.1183917	.02160513	0
925.15	0	.8592854	.1188795	.02183511	0
924.15	0	.8585706	.1193657	.02206374	0
923.15	0	.8578587	.1198502	.02229102	0
922.15	0	.8571498	.1203332	.02251695	0
921.15	0	.8564439	.1208147	.0227415	0
920.15	0	.8557407	.1212946	.02296467	0
919.15	0	.8550405	.1217731	.02318645	0
918.15	0	.8543431	.1222501	.02340684	0
917.15	0	.8536484	.1227258	.02362581	0
916.15	0	.8529565	.1232001	.02384336	0
915.15	0	.8522674	.1236732	.02405948	0
914.15	0	.8515809	.124145	.02427415	0
913.15	0	.8508971	.1246156	.02448738	0
912.15	0	.8502158	.125085	.02469913	0
911.15	0	.8495372	.1255534	.0249094	0
910.15	0	.8488611	.1260207	.02511819	0
909.15	0	.8481874	.1264871	.02532547	0
908.15	0	.8475162	.1269525	.02553124	0
907.15	0	.8468474	.1274171	.02573548	0
906.15	0	.846181	.1278808	.02593817	0
905.15	0	.8455169	.1283438	.02613931	0
904.15	0	.844855	.1288062	.02633888	0
903.15	0	.8441953	.1292678	.02653686	0
902.15	0	.8435378	.129729	.02673324	0
901.15	0	.8428824	.1301896	.02692801	0
900.15	0	.842229	.1306499	.02712114	0
899.15	0	.8415776	.1311098	.02731263	0
898.15	0	.8409281	.1315694	.02750246	0
897.15	0	.8402805	.1320289	.02769061	0
896.15	0	.8396347	.1324882	.02787706	0
895.15	0	.8389907	.1329475	.0280618	0
894.15	0	.8383483	.1334069	.0282448	0
893.15	0	.8377076	.1338664	.02842606	0
892.15	0	.8370683	.1343261	.02860554	0
891.15	0	.8364305	.1347862	.02878324	0
890.15	0	.8357941	.1352467	.02895912	0
889.15	0	.835159	.1357078	.02913317	0
888.15	0	.8345252	.1361694	.02930538	0
887.15	0	.8338924	.1366318	.02947571	0
886.15	0	.8332608	.1370951	.02964414	0
885.15	0	.8326301	.1375593	.02981065	0
884.15	0	.8320002	.1380245	.02997523	0
883.15	0	.8313712	.138491	.03013783	0
882.15	0	.8307428	.1389588	.03029844	0
881.15	0	.830115	.139428	.03045703	0
880.15	0	.8294877	.1398988	.03061358	0
879.15	0	.8288607	.1403713	.03076805	0
878.15	0	.828234	.1408456	.03092043	0
877.15	0	.8276074	.1413219	.03107067	0
876.15	0	.8269808	.1418004	.03121875	0
875.15	0	.8263542	.1422812	.03136463	0
874.15	0	.8257273	.1427644	.03150829	0
873.15	0	.8251	.1432503	.03164969	0
872.15	0	.8244722	.143739	.0317888	0
871.15	0	.8238437	.1442307	.03192558	0
870.15	0	.8232145	.1447256	.03205999	0
869.15	0	.8225842	.1452238	.03219199	0
868.15	0	.8219529	.1457256	.03232154	0
867.15	0	.8213202	.1462312	.03244861	0
866.15	0	.8206861	.1467408	.03257314	0
865.15	0	.8200503	.1472546	.0326951	0
864.15	0	.8194127	.1477729	.03281443	0
863.15	0	.8187731	.1482959	.03293109	0
862.15	0	.8181312	.1488238	.03304502	0
861.15	0	.8174868	.149357	.03315617	0
860.15	0	.8168398	.1498957	.03326449	0
859.15	0	.8161898	.1504403	.03336992	0
858.15	0	.8155367	.1509909	.03347239	0
857.15	0	.8148801	.151548	.03357185	0
856.15	0	.8142199	.1521119	.03366822	0
855.15	0	.8135557	.1526829	.03376143	0
854.15	0	.8128872	.1532614	.03385142	0
853.15	0	.8122141	.1538478	.0339381	0
852.15	0	.8115361	.1544425	.03402139	0
851.15	0	.8108528	.155046	.03410121	0
850.15	0	.8101639	.1556586	.03417747	0
849.15	0	.809469	.1562809	.03425006	0
848.15	0	.8087677	.1569134	.03431889	0
847.15	0	.8080595	.1575566	.03438384	0
846.15	0	.807344	.1582111	.03444482	0
845.15	0	.8066207	.1588776	.03450168	0
844.15	0	.8058891	.1595566	.03455431	0
843.15	0	.8051486	.1602488	.03460256	0
842.15	0	.8043987	.160955	.03464629	0
841.15	0	.8036386	.161676	.03468534	0
840.15	0	.8028678	.1624127	.03471953	0
839.15	0	.8020855	.1631658	.0347487	0
838.15	0	.8012909	.1639365	.03477263	0
837.15	0	.8004831	.1647257	.03479112	0
836.15	0	.7993259	.1659198	.03475428	0
835.15	0	.7979325	.1673911	.03467644	0
834.15	0	.7965997	.1687991	.03460123	0
833.15	0	.7953239	.1701476	.03452849	0
832.15	0	.7941019	.17144	.03445808	0
831.15	0	.7929304	.1726798	.03438986	0
830.15	0	.7918066	.1738697	.03432369	0
829.15	0	.7907278	.1750127	.03425947	0
828.15	0	.7896915	.1761114	.03419707	0
827.15	0	.7886955	.1771681	.03413639	0
826.15	0	.7877375	.1781852	.03407733	0
825.15	0	.7868156	.1791646	.03401978	0
824.15	0	.7859278	.1801085	.03396367	0
823.15	0	.7850725	.1810186	.03390891	0
822.15	0	.784248	.1818966	.03385542	0
821.15	0	.7834527	.1827442	.03380313	0
820.15	0	.7826853	.1835628	.03375196	0
819.15	0	.7819442	.1843539	.03370186	0
818.15	0	.7812284	.1851189	.03365276	0
817.15	0	.7805365	.1858589	.0336046	0
816.15	0	.7798675	.1865751	.03355733	0
815.15	0	.7792203	.1872688	.03351089	0
814.15	0	.7785939	.1879409	.03346525	0
813.15	0	.7779873	.1885923	.03342035	0
812.15	0	.7773997	.1892242	.03337615	0
811.15	0	.7768301	.1898373	.03333261	0
810.15	0	.7762779	.1904324	.0332897	0
809.15	0	.7757422	.1910104	.03324737	0
808.15	0	.7752223	.1915721	.03320559	0
807.15	0	.7747176	.1921181	.03316434	0
806.15	0	.7742274	.192649	.03312357	0
805.15	0	.773751	.1931657	.03308327	0
804.15	0	.773288	.1936686	.0330434	0
803.15	0	.7728377	.1941583	.03300393	0
802.15	0	.7723997	.1946355	.03296486	0
801.15	0	.7719734	.1951005	.03292614	0
800.15	0	.7715583	.1955539	.03288776	0
799.15	0	.7711541	.1959963	.0328497	0
798.15	0	.7707602	.1964279	.03281194	0
797.15	0	.7703762	.1968493	.03277446	0
796.15	0	.7700019	.1972609	.03273724	0
795.15	0	.7696367	.197663	.03270027	0
794.15	0	.7692804	.1980561	.03266353	0
793.15	0	.7689326	.1984404	.032627	0
792.15	0	.768593	.1988164	.03259067	0
791.15	0	.7682612	.1991843	.03255453	0
790.15	0	.767937	.1995444	.03251856	0
789.15	0	.7676201	.1998971	.03248275	0
788.15	0	.7673102	.2002427	.0324471	0
787.15	0	.7670071	.2005813	.03241158	0
786.15	0	.7667105	.2009133	.03237619	0
785.15	0	.7664202	.2012389	.03234091	0
784.15	0	.766136	.2015583	.03230575	0
783.15	0	.7658575	.2018718	.03227068	0
782.15	0	.7655848	.2021795	.0322357	0
781.15	0	.7653174	.2024818	.03220081	0
780.15	0	.7650553	.2027787	.03216599	0
779.15	0	.7647982	.2030705	.03213124	0
778.15	0	.7645461	.2033574	.03209654	0
777.15	0	.7642986	.2036395	.0320619	0
776.15	0	.7640557	.203917	.0320273	0
775.15	0	.7638172	.20419	.03199275	0
774.15	0	.763583	.2044588	.03195822	0
773.15	0	.7633529	.2047234	.03192373	0
772.15	0	.7631267	.204984	.03188926	0
771.15	0	.7629044	.2052408	.03185481	0
770.15	0	.7626858	.2054938	.03182037	0
769.15	0	.7624708	.2057433	.03178594	0
768.15	0	.7622593	.2059892	.03175151	0
767.15	0	.7620512	.2062317	.03171708	0
766.15	0	.7618463	.2064711	.03168265	0
765.15	0	.7616446	.2067072	.03164821	0
764.15	0	.7614459	.2069403	.03161376	0
763.15	0	.7612502	.2071705	.0315793	0
762.15	0	.7610574	.2073978	.03154482	0
761.15	0	.7608674	.2076223	.03151031	0
760.15	0	.76068	.2078442	.03147578	0
759.15	0	.7604953	.2080635	.03144123	0
758.15	0	.7603131	.2082802	.03140664	0
757.15	0	.7601334	.2084946	.03137202	0
756.15	0	.7599561	.2087066	.03133737	0
755.15	0	.7597811	.2089163	.03130268	0
754.15	0	.7596104	.2091222	.03126743	0
753.15	0	.7594396	.2093277	.0312327	0
752.15	0	.759271	.2095311	.03119793	0
751.15	0	.7591045	.2097324	.03116311	0
750.15	0	.7589399	.2099318	.03112824	0
749.15	0	.7587774	.2101293	.03109332	0
748.15	0	.7586167	.210325	.03105835	0
747.15	0	.7584579	.2105188	.03102332	0
746.15	0	.7583008	.2107109	.03098824	0
745.15	0	.7581456	.2109013	.03095311	0
744.15	0	.757992	.2110901	.03091792	0
743.15	0	.75784	.2112773	.03088267	0
742.15	0	.7576897	.2114629	.03084736	0
741.15	0	.757541	.2116471	.030812	0
740.15	0	.7573937	.2118297	.03077657	0
739.15	0	.757248	.212011	.03074108	0
738.15	0	.7571036	.2121908	.03070553	0
737.15	0	.7569607	.2123693	.03066992	0
736.15	0	.7568192	.2125466	.03063425	0
735.15	0	.756679	.2127225	.03059851	0
734.15	0	.7565401	.2128972	.03056271	0
733.15	0	.7564025	.2130707	.03052684	0
732.15	0	.7562661	.213243	.03049091	0
731.15	0	.7561309	.2134142	.03045491	0
730.15	0	.7559969	.2135843	.03041885	0
729.15	0	.755864	.2137533	.03038272	0
728.15	0	.7557323	.2139212	.03034652	0
727.15	0	.7556016	.2140881	.03031026	0
726.15	0	.7554721	.214254	.03027393	0
725.15	0	.7553435	.2144189	.03023754	0
724.15	0	.755216	.2145829	.03020108	0
723.15	0	.7550895	.214746	.03016455	0
722.15	0	.7549639	.2149081	.03012796	0
721.15	0	.7548393	.2150694	.0300913	0
720.15	0	.7547157	.2152298	.03005457	0
719.15	0	.7545929	.2153893	.03001778	0
718.15	0	.754471	.2155481	.02998092	0
717.15	0	.75435	.215706	.02994399	0
716.15	0	.7542298	.2158632	.029907	0
715.15	0	.7541105	.2160196	.02986994	0
714.15	0	.753992	.2161752	.02983282	0
713.15	0	.7538743	.2163301	.02979563	0
712.15	0	.7537573	.2164843	.02975837	0
711.15	0	.7536412	.2166378	.02972105	0
710.15	0	.7535258	.2167906	.02968367	0
709.15	0	.7534111	.2169427	.02964622	0
708.15	0	.7532971	.2170942	.02960871	0
707.15	0	.7531838	.2172451	.02957113	0
706.15	0	.7530712	.2173953	.02953349	0
705.15	0	.7529593	.2175449	.02949579	0
704.15	0	.7528481	.2176939	.02945803	0
703.15	0	.7527375	.2178423	.0294202	0
702.15	0	.7526276	.2179901	.02938232	0
701.15	0	.7525183	.2181374	.02934437	0
700.15	0	.7524096	.2182841	.02930636	0
699.15	0	.7523015	.2184302	.02926829	0
698.15	0	.752194	.2185759	.02923016	0
697.15	0	.752087	.218721	.02919197	0
696.15	0	.7519807	.2188656	.02915373	0
695.15	0	.7518749	.2190097	.02911542	0
694.15	0	.7517697	.2191533	.02907706	0
693.15	0	.751665	.2192964	.02903864	0
692.15	0	.7515609	.219439	.02900017	0
691.15	0	.7514572	.2195811	.02896164	0
690.15	0	.7513541	.2197228	.02892305	0
689.15	0	.7512515	.219864	.02888441	0
688.15	0	.7511494	.2200048	.02884571	0
687.15	0	.7510478	.2201452	.02880697	0
686.15	0	.7509467	.2202851	.02876817	0
685.15	0	.7508461	.2204246	.02872932	0
684.15	0	.7507459	.2205637	.02869041	0
683.15	0	.7506462	.2207023	.02865146	0
682.15	0	.750547	.2208406	.02861245	0
681.15	0	.7504482	.2209784	.0285734	0
680.15	0	.7503499	.2211159	.0285343	0
679.15	0	.7502519	.2212529	.02849515	0
678.15	0	.7501545	.2213896	.02845596	0
677.15	0	.7500574	.2215259	.02841671	0
676.15	0	.7499608	.2216618	.02837742	0
675.15	0	.7498646	.2217974	.02833809	0
674.15	0	.7497687	.2219325	.02829871	0
673.15	0	.7496733	.2220674	.02825929	0
672.15	0	.7495783	.2222018	.02821983	0
671.15	0	.7494837	.222336	.02818032	0
670.15	0	.7493895	.2224697	.02814077	0
669.15	0	.7492957	.2226032	.02810118	0
668.15	0	.7492022	.2227362	.02806155	0
667.15	0	.7491091	.222869	.02802189	0
666.15	0	.7490164	.2230014	.02798218	0
665.15	0	.748924	.2231335	.02794244	0
664.15	0	.7488321	.2232653	.02790266	0
663.15	0	.7487404	.2233967	.02786284	0
662.15	0	.7486491	.2235279	.02782299	0
661.15	0	.7485582	.2236587	.02778311	0
660.15	0	.7484676	.2237892	.02774319	0
659.15	0	.7483774	.2239194	.02770324	0
658.15	0	.7482875	.2240492	.02766326	0
657.15	0	.7481979	.2241788	.02762324	0
656.15	0	.7481087	.2243081	.0275832	0
655.15	0	.7480198	.2244371	.02754312	0
654.15	0	.7479312	.2245658	.02750302	0
653.15	0	.747843	.2246941	.02746289	0
652.15	0	.747755	.2248222	.02742273	0
651.15	0	.7476674	.22495	.02738255	0
650.15	0	.7475801	.2250775	.02734234	0
649.15	0	.7474931	.2252048	.02730211	0
648.15	0	.7474065	.2253317	.02726185	0
647.15	0	.7473201	.2254584	.02722157	0
646.15	0	.747234	.2255847	.02718126	0
645.15	0	.7471482	.2257108	.02714094	0
644.15	0	.7470627	.2258367	.0271006	0
643.15	0	.7469776	.2259622	.02706024	0
642.15	0	.7468927	.2260875	.02701985	0
641.15	0	.7468081	.2262125	.02697945	0
640.15	0	.7467238	.2263372	.02693904	0
639.15	0	.7466398	.2264616	.0268986	0
638.15	0	.746556	.2265858	.02685815	0
637.15	0	.7464726	.2267097	.02681769	0
636.15	0	.7463894	.2268334	.02677722	0
635.15	0	.7463065	.2269568	.02673673	0
634.15	0	.7462239	.2270799	.02669623	0
633.15	0	.7461416	.2272027	.02665571	0
632.15	0	.7460595	.2273253	.02661519	0
631.15	0	.7459777	.2274476	.02657466	0
630.15	0	.7458962	.2275697	.02653412	0
629.15	0	.7458149	.2276915	.02649358	0
628.15	0	.7457339	.227813	.02645302	0
627.15	0	.7456532	.2279343	.02641246	0
626.15	0	.7455728	.2280553	.0263719	0
625.15	0	.7454926	.2281761	.02633133	0
624.15	0	.7454126	.2282966	.02629076	0
623.15	0	.7453329	.2284169	.02625018	0
622.15	0	.7452535	.2285369	.02620961	0
621.15	0	.7451744	.2286566	.02616903	0
620.15	0	.7450955	.2287761	.02612846	0
619.15	0	.7450168	.2288953	.02608788	0
618.15	0	.7449384	.2290143	.02604731	0
617.15	0	.7448603	.229133	.02600674	0
616.15	0	.7447824	.2292515	.02596618	0
615.15	0	.7447047	.2293697	.02592562	0
614.15	0	.7446273	.2294876	.02588506	0
613.15	0	.7445502	.2296053	.02584451	0
612.15	0	.7444733	.2297228	.02580397	0
611.15	0	.7443966	.2298399	.02576344	0
610.15	0	.7443202	.2299569	.02572291	0
609.15	0	.744244	.2300736	.0256824	0
608.15	0	.7441681	.23019	.02564189	0
607.15	0	.7440924	.2303062	.0256014	0
606.15	0	.744017	.2304221	.02556092	0
605.15	0	.7439418	.2305378	.02552046	0
604.15	0	.7438668	.2306532	.02548	0
603.15	0	.7437921	.2307684	.02543957	0
602.15	0	.7437176	.2308833	.02539915	0
601.15	0	.7436433	.2309979	.02535874	0
600.15	0	.7435693	.2311123	.02531836	0
599.15	0	.7434955	.2312265	.02527799	0
598.15	0	.743422	.2313404	.02523764	0
597.15	0	.7433487	.231454	.02519731	0
596.15	0	.7432756	.2315674	.02515701	0
595.15	0	.7432027	.2316806	.02511672	0
594.15	0	.7431301	.2317934	.02507646	0
593.15	0	.7430577	.2319061	.02503623	0
592.15	0	.7429856	.2320184	.02499601	0
591.15	0	.7429136	.2321305	.02495583	0
590.15	0	.742842	.2322424	.02491567	0
589.15	0	.7427705	.232354	.02487553	0
588.15	0	.7426992	.2324653	.02483543	0
587.15	0	.7426282	.2325764	.02479535	0
586.15	0	.7425575	.2326872	.02475531	0
585.15	0	.7424869	.2327978	.02471529	0
584.15	0	.7424166	.2329081	.02467531	0
583.15	0	.7423465	.2330182	.02463536	0
582.15	0	.7422766	.233128	.02459544	0
581.15	0	.7422069	.2332375	.02455556	0
580.15	0	.7421375	.2333468	.02451571	0
579.15	0	.7420683	.2334558	.0244759	0
578.15	0	.7419993	.2335646	.02443613	0
577.15	0	.7419306	.233673	.02439639	0
576.15	0	.741862	.2337813	.02435669	0
575.15	0	.7417937	.2338892	.02431703	0
574.15	0	.7417257	.2339969	.02427741	0
573.15	0	.7416578	.2341044	.02423784	0
572.15	0	.7415902	.2342116	.0241983	0
571.15	0	.7415227	.2343185	.02415881	0
570.15	0	.7414555	.2344251	.02411936	0
569.15	0	.7413886	.2345315	.02407996	0
568.15	0	.7413218	.2346376	.0240406	0
567.15	0	.7412553	.2347434	.02400129	0
566.15	0	.741189	.234849	.02396203	0
565.15	0	.7411229	.2349543	.02392281	0
564.15	0	.741057	.2350594	.02388364	0
563.15	0	.7409914	.2351641	.02384452	0
562.15	0	.7409259	.2352686	.02380546	0
561.15	0	.7408607	.2353728	.02376644	0
560.15	0	.7407957	.2354768	.02372748	0
559.15	0	.7407309	.2355805	.02368856	0
558.15	0	.7406664	.2356839	.02364971	0
557.15	0	.7406021	.235787	.02361091	0
556.15	0	.7405379	.2358899	.02357216	0
555.15	0	.740474	.2359925	.02353347	0
554.15	0	.7404104	.2360948	.02349484	0
553.15	0	.7403469	.2361968	.02345626	0
552.15	0	.7402837	.2362986	.02341775	0
551.15	0	.7402206	.2364001	.02337929	0
550.15	0	.7401578	.2365013	.0233409	0
549.15	0	.7400952	.2366022	.02330256	0
548.15	0	.7400329	.2367029	.02326429	0
547.15	0	.7399707	.2368032	.02322608	0
546.15	0	.7399088	.2369033	.02318794	0
545.15	0	.7398471	.2370031	.02314986	0
544.15	0	.7397856	.2371026	.02311184	0
543.15	0	.7397243	.2372018	.02307389	0
542.15	0	.7396632	.2373008	.02303601	0
541.15	0	.7396024	.2373994	.0229982	0
540.15	0	.7395417	.2374978	.02296046	0
539.15	0	.7394813	.2375959	.02292278	0
538.15	0	.7394211	.2376937	.02288518	0
537.15	0	.7393611	.2377912	.02284764	0
536.15	0	.7393014	.2378884	.02281019	0
535.15	0	.7392418	.2379854	.0227728	0
534.15	0	.7391825	.238082	.02273548	0
533.15	0	.7391234	.2381784	.02269824	0
532.15	0	.7390645	.2382744	.02266108	0
531.15	0	.7390058	.2383702	.02262399	0
530.15	0	.7389474	.2384657	.02258698	0
529.15	0	.7388891	.2385608	.02255004	0
528.15	0	.7388311	.2386557	.02251319	0
527.15	0	.7387733	.2387503	.02247641	0
526.15	0	.7387157	.2388446	.02243971	0
525.15	0	.7386583	.2389386	.0224031	0
524.15	0	.7386012	.2390323	.02236657	0
523.15	0	.7385442	.2391257	.02233011	0
522.15	0	.7384875	.2392188	.02229375	0
521.15	0	.738431	.2393116	.02225746	0
520.15	0	.7383747	.2394041	.02222126	0
519.15	0	.7383186	.2394963	.02218514	0
518.15	0	.7382628	.2395881	.02214912	0
517.15	0	.7382071	.2396797	.02211317	0
516.15	0	.7381517	.239771	.02207732	0
515.15	0	.7380965	.239862	.02204156	0
514.15	0	.7380415	.2399526	.02200588	0
513.15	0	.7379867	.240043	.02197029	0
512.15	0	.7379322	.240133	.0219348	0
511.15	0	.7378778	.2402228	.02189939	0
510.15	0	.7378237	.2403122	.02186408	0
509.15	0	.7377698	.2404013	.02182886	0
508.15	0	.7377161	.2404902	.02179374	0
507.15	0	.7376627	.2405787	.0217587	0
506.15	0	.7376094	.2406668	.02172377	0
505.15	0	.7375565	.2407547	.02168881	0
504.15	0	.7375037	.2408423	.02165406	0
503.15	0	.7374511	.2409295	.02161941	0
502.15	0	.7373987	.2410164	.02158486	0
501.15	0	.7373465	.241103	.02155041	0
500.15	0	.7372946	.2411893	.02151606	0
499.15	0	.7372429	.2412753	.02148181	0
498.15	0	.7371914	.241361	.02144766	0
497.15	0	.7371401	.2414463	.02141361	0
496.15	0	.737089	.2415313	.02137966	0
495.15	0	.7370382	.241616	.02134582	0
494.15	0	.7369875	.2417004	.02131208	0
493.15	0	.7369371	.2417845	.02127845	0
492.15	0	.7368869	.2418682	.02124492	0
491.15	0	.7368369	.2419516	.02121149	0
490.15	0	.7367872	.2420347	.02117818	0
489.15	0	.7367376	.2421174	.02114497	0
488.15	0	.7366883	.2421999	.02111186	0
487.15	0	.7366392	.242282	.02107887	0
486.15	0	.7365903	.2423637	.02104599	0
485.15	0	.7365416	.2424452	.02101321	0
484.15	0	.7364931	.2425263	.02098055	0
483.15	0	.7364449	.2426071	.020948	0
482.15	0	.7363969	.2426876	.02091556	0
481.15	0	.7363491	.2427677	.02088323	0
480.15	0	.7363015	.2428475	.02085102	0
479.15	0	.7362542	.2429269	.02081892	0
478.15	0	.736207	.2430061	.02078693	0
477.15	0	.7361601	.2430849	.02075506	0
476.15	0	.7361134	.2431633	.02072331	0
475.15	0	.7360669	.2432414	.02069167	0
474.15	0	.7360206	.2433192	.02066015	0
473.15	0	.7359746	.2433967	.02062875	0
472.15	0	.7359287	.2434738	.02059746	0
471.15	0	.7358831	.2435506	.0205663	0
470.15	0	.7358377	.243627	.02053525	0
469.15	0	.7357926	.2437031	.02050433	0
468.15	0	.7357476	.2437789	.02047352	0
467.15	0	.7357029	.2438543	.02044284	0
466.15	0	.7356584	.2439294	.02041228	0
465.15	0	.7356141	.2440041	.02038184	0
464.15	0	.73557	.2440785	.02035153	0
463.15	0	.7355261	.2441526	.02032134	0
462.15	0	.7354825	.2442263	.02029127	0
461.15	0	.7354391	.2442996	.02026133	0
460.15	0	.7353958	.2443726	.02023152	0
459.15	0	.7353529	.2444453	.02020183	0
458.15	0	.7353101	.2445176	.02017227	0
457.15	0	.7352676	.2445896	.02014284	0
456.15	0	.7352252	.2446613	.02011353	0
455.15	0	.7351831	.2447325	.02008436	0
454.15	0	.7351412	.2448035	.02005531	0
453.15	0	.7350996	.2448741	.02002639	0
452.15	0	.7350581	.2449443	.0199976	0
451.15	0	.7350169	.2450142	.01996895	0
450.15	0	.7349759	.2450837	.01994042	0
449.15	0	.7349351	.2451529	.01991204	0
448.15	0	.7348946	.2452216	.01988381	0
447.15	0	.7348543	.24529	.01985571	0
446.15	0	.7348142	.2453581	.01982774	0
445.15	0	.7347744	.2454257	.01979992	0
444.15	0	.7347348	.245493	.01977224	0
443.15	0	.7346954	.2455599	.01974471	0
442.15	0	.7346563	.2456264	.01971732	0
441.15	0	.7346174	.2456925	.01969008	0
440.15	0	.7345788	.2457582	.019663	0
439.15	0	.7345405	.2458235	.01963607	0
438.15	0	.7345023	.2458884	.01960929	0
437.15	0	.7344645	.2459529	.01958266	0
436.15	0	.7344269	.2460169	.0195562	0
435.15	0	.7343896	.2460805	.01952989	0
434.15	0	.7343525	.2461438	.01950375	0
433.15	0	.7343157	.2462065	.01947777	0
432.15	0	.7342792	.2462689	.01945195	0
431.15	0	.7342429	.2463308	.01942629	0
430.15	0	.7342069	.2463923	.01940081	0
429.15	0	.7341712	.2464533	.01937549	0
428.15	0	.7341358	.2465139	.01935033	0
427.15	0	.7341006	.246574	.01932535	0
426.15	0	.7340657	.2466338	.01930054	0
425.15	0	.7340311	.246693	.01927589	0
424.15	0	.7339967	.2467518	.01925142	0
423.15	0	.7339627	.2468102	.01922713	0
422.15	0	.7339289	.2468681	.019203	0
421.15	0	.7338954	.2469256	.01917906	0
420.15	0	.7338622	.2469826	.01915528	0
419.15	0	.7338292	.2470391	.01913168	0
418.15	0	.7337965	.2470952	.01910826	0
417.15	0	.7337642	.2471508	.01908502	0
416.7999	0	.7337529	.2471702	.01907692	0
416.7999	0	.7337529	.2471702	.01907692	0
416.7999	0	.7337529	.2471702	.01907692	0
416.15	0	.7339113	.2467841	.0188735	4.311055E-04
415.15	0	.7341547	.2461906	.01856106	.001093663
414.15	0	.7343976	.2455978	.01824929	.001755275
413.15	0	.7346402	.2450057	.01793819	.00241595
412.15	0	.7348824	.2444142	.01762775	.003075695
411.15	0	.7351241	.2438234	.01731798	.00373452
410.15	0	.7353655	.2432332	.01700887	.004392432
409.15	0	.7356065	.2426436	.01670042	.00504944
408.15	0	.7358472	.2420547	.01639262	.005705552
407.15	0	.7360875	.2414663	.01608547	.006360774
406.15	0	.7363274	.2408785	.01577897	.007015116
405.15	0	.736567	.2402913	.01547311	.007668585
404.15	0	.7368063	.2397046	.0151679	.008321188
403.15	0	.7370452	.2391185	.01486332	.008972934
402.15	0	.7372839	.238533	.01455938	.009623828
401.15	0	.7375222	.2379479	.01425607	.01027388
400.15	0	.7377602	.2373634	.01395338	.01092309
399.15	0	.7379979	.2367793	.01365133	.01157148
398.15	0	.7382353	.2361958	.01334989	.01221904
397.15	0	.7384724	.2356127	.01304908	.01286579
396.15	0	.7387092	.2350301	.01274888	.01351173
395.15	0	.7389458	.234448	.0124493	.01415687
394.15	0	.7391821	.2338663	.01215033	.01480122
393.15	0	.7394182	.2332851	.01185196	.01544477
392.15	0	.739654	.2327043	.0115542	.01608755
391.15	0	.7398895	.2321239	.01125704	.01672954
390.15	0	.7401248	.231544	.01096048	.01737077
389.15	0	.7403599	.2309644	.01066452	.01801124
388.15	0	.7405947	.2303852	.01036915	.01865095
387.15	0	.7408293	.2298065	.01007437	.01928991
386.15	0	.7410636	.2292281	.00978018	.01992812
385.15	0	.7412978	.22865	.009486574	.0205656
384.15	0	.7415317	.2280724	.009193549	.02120235
383.15	0	.7417655	.2274951	.008901104	.02183836
382.15	0	.741999	.2269181	.008609236	.02247366
381.15	0	.7422323	.2263415	.008317942	.02310824
380.15	0	.7424654	.2257653	.008027219	.02374211
379.15	0	.7426984	.2251893	.007737064	.02437527
378.15	0	.7429311	.2246137	.007447476	.02500774
377.15	0	.7431637	.2240384	.00715845	.02563951
376.15	0	.7433961	.2234634	.006869985	.0262706
375.15	0	.7436283	.2228887	.006582078	.026901
374.15	0	.7438603	.2223142	.006294727	.02753072
373.15	0	.7440922	.2217401	.006007929	.02815977
372.15	0	.7443239	.2211663	.00572168	.02878815
371.15	0	.7445554	.2205927	.00543598	.02941587
370.15	0	.7447868	.2200194	.005150825	.03004293
369.15	0	.745018	.2194464	.004866212	.03066934
368.15	0	.7452491	.2188737	.004582141	.0312951
367.15	0	.7454801	.2183011	.004298607	.03192021
366.15	0	.7457108	.2177289	.004015608	.03254469
365.15	0	.7459415	.2171568	.003733143	.03316853
364.15	0	.746172	.2165851	.003451208	.03379174
363.15	0	.7464024	.2160135	.003169802	.03441432
362.15	0	.7466326	.2154422	.002888922	.03503629
361.15	0	.7468627	.2148711	.002608566	.03565763
360.15	0	.7470927	.2143002	.002328731	.03627837
359.15	0	.7473226	.2137295	.002049416	.03689849
358.15	0	.7475523	.2131591	.001770617	.03751801
357.15	0	.7477819	.2125888	.001492333	.03813693
356.15	0	.7480114	.2120188	.001214562	.03875525
355.15	0	.7482408	.2114489	9.373014E-04	.03937298
354.15	0	.7484701	.2108793	6.605489E-04	.03999013
353.15	0	.7486992	.2103098	3.843025E-04	.04060668
352.15	0	.7489283	.2097405	1.085602E-04	.04122266
351.7558	0	.7490185	.2095161	0	.04146532
351.7558	0	.7490185	.2095161	0	.04146532
351.15	0	.7490254	.2093575	0	.04161714
350.15	0	.7490368	.2090959	0	.04186736
349.15	0	.7490482	.2088346	0	.04211712
348.15	0	.7490598	.2085737	0	.04236642
347.15	0	.7490715	.2083132	0	.04261525
346.15	0	.7490834	.208053	0	.04286363
345.15	0	.7490952	.2077932	0	.04311155
344.15	0	.7491073	.2075337	0	.04335901
343.15	0	.7491194	.2072746	0	.04360603
342.15	0	.7491316	.2070158	0	.04385259
341.15	0	.7491439	.2067574	0	.04409871
340.15	0	.7491563	.2064993	0	.04434438
339.15	0	.7491689	.2062415	0	.04458961
338.15	0	.7491815	.2059841	0	.04483441
337.15	0	.7491942	.205727	0	.04507876
336.15	0	.749207	.2054703	0	.04532268
335.15	0	.74922	.2052139	0	.04556616
334.15	0	.749233	.2049578	0	.04580922
333.15	0	.7492461	.2047021	0	.04605184
332.15	0	.7492593	.2044467	0	.04629404
331.15	0	.7492726	.2041916	0	.04653581
330.15	0	.749286	.2039368	0	.04677715
329.15	0	.7492995	.2036824	0	.04701808
328.15	0	.7493131	.2034283	0	.04725859
327.15	0	.7493268	.2031745	0	.04749868
326.15	0	.7493406	.2029211	0	.04773835
325.15	0	.7493544	.202668	0	.04797761
324.15	0	.7493684	.2024151	0	.04821645
323.15	0	.7493824	.2021627	0	.04845489
322.15	0	.7493966	.2019105	0	.04869292
321.15	0	.7494108	.2016587	0	.04893053
320.15	0	.7494251	.2014071	0	.04916775
319.15	0	.7494395	.2011559	0	.04940456
318.15	0	.749454	.200905	0	.04964096
317.15	0	.7494686	.2006545	0	.04987697
316.15	0	.7494833	.2004042	0	.05011257
315.15	0	.749498	.2001542	0	.05034778
314.15	0	.7495128	.1999046	0	.05058259
313.15	0	.7495277	.1996553	0	.050817
312.15	0	.7495427	.1994063	0	.05105102
311.15	0	.7495578	.1991576	0	.05128465
310.15	0	.7495729	.1989092	0	.05151788
309.15	0	.7495882	.1986611	0	.05175073
308.15	0	.7496035	.1984133	0	.05198318
307.15	0	.7496189	.1981659	0	.05221525
306.15	0	.7496344	.1979187	0	.05244693
305.15	0	.7496499	.1976719	0	.05267822
304.15	0	.7496655	.1974254	0	.05290913
303.15	0	.7496812	.1971791	0	.05313966
302.15	0	.749697	.1969332	0	.0533698
301.15	0	.7497128	.1966876	0	.05359957
300.15	0	.7497287	.1964423	0	.05382895
299.15	0	.7497447	.1961973	0	.05405795
298.15	0	.7497608	.1959526	0	.05428658
