T	 BPW(LIQUID)	BPW(BCC_A2)	BPW(FCC_A1)	BPW(LAVES_PHASE_C14)	BPW(NI3TI)
1473.15	0	1	0	0	0
1472.15	0	1	0	0	0
1471.15	0	1	0	0	0
1470.15	0	1	0	0	0
1469.15	0	1	0	0	0
1468.15	0	1	0	0	0
1467.15	0	1	0	0	0
1466.15	0	1	0	0	0
1465.15	0	1	0	0	0
1464.15	0	1	0	0	0
1463.15	0	1	0	0	0
1462.15	0	1	0	0	0
1461.15	0	1	0	0	0
1460.15	0	1	0	0	0
1459.15	0	1	0	0	0
1458.15	0	1	0	0	0
1457.15	0	1	0	0	0
1456.15	0	1	0	0	0
1455.15	0	1	0	0	0
1454.15	0	1	0	0	0
1453.15	0	1	0	0	0
1452.15	0	1	0	0	0
1451.15	0	1	0	0	0
1450.15	0	1	0	0	0
1449.15	0	1	0	0	0
1448.15	0	1	0	0	0
1447.15	0	1	0	0	0
1446.15	0	1	0	0	0
1445.15	0	1	0	0	0
1444.15	0	1	0	0	0
1443.15	0	1	0	0	0
1442.15	0	1	0	0	0
1441.15	0	1	0	0	0
1440.15	0	1	0	0	0
1439.15	0	1	0	0	0
1438.15	0	1	0	0	0
1437.15	0	1	0	0	0
1436.15	0	1	0	0	0
1435.15	0	1	0	0	0
1434.15	0	1	0	0	0
1433.15	0	1	0	0	0
1432.15	0	1	0	0	0
1431.15	0	1	0	0	0
1430.15	0	1	0	0	0
1429.15	0	1	0	0	0
1428.15	0	1	0	0	0
1427.15	0	1	0	0	0
1426.15	0	1	0	0	0
1425.15	0	1	0	0	0
1424.15	0	1	0	0	0
1423.15	0	1	0	0	0
1422.15	0	1	0	0	0
1421.15	0	1	0	0	0
1420.15	0	1	0	0	0
1419.15	0	1	0	0	0
1418.15	0	1	0	0	0
1417.15	0	1	0	0	0
1416.15	0	1	0	0	0
1415.15	0	1	0	0	0
1414.15	0	1	0	0	0
1413.15	0	1	0	0	0
1412.15	0	1	0	0	0
1411.15	0	1	0	0	0
1410.15	0	1	0	0	0
1409.15	0	1	0	0	0
1408.15	0	1	0	0	0
1407.15	0	1	0	0	0
1406.15	0	1	0	0	0
1405.15	0	1	0	0	0
1404.15	0	1	0	0	0
1403.15	0	1	0	0	0
1402.15	0	1	0	0	0
1401.15	0	1	0	0	0
1400.15	0	1	0	0	0
1399.15	0	1	0	0	0
1398.15	0	1	0	0	0
1397.15	0	1	0	0	0
1396.15	0	1	0	0	0
1395.15	0	1	0	0	0
1394.15	0	1	0	0	0
1393.15	0	1	0	0	0
1392.15	0	1	0	0	0
1391.15	0	1	0	0	0
1390.15	0	1	0	0	0
1389.15	0	1	0	0	0
1388.15	0	1	0	0	0
1387.15	0	1	0	0	0
1386.15	0	1	0	0	0
1385.15	0	1	0	0	0
1384.15	0	1	0	0	0
1383.15	0	1	0	0	0
1382.15	0	1	0	0	0
1381.15	0	1	0	0	0
1380.15	0	1	0	0	0
1379.15	0	1	0	0	0
1378.15	0	1	0	0	0
1377.15	0	1	0	0	0
1376.15	0	1	0	0	0
1375.15	0	1	0	0	0
1374.15	0	1	0	0	0
1373.15	0	1	0	0	0
1372.15	0	1	0	0	0
1371.15	0	1	0	0	0
1370.15	0	1	0	0	0
1369.15	0	1	0	0	0
1368.15	0	1	0	0	0
1367.15	0	1	0	0	0
1366.15	0	1	0	0	0
1365.15	0	1	0	0	0
1364.15	0	1	0	0	0
1363.15	0	1	0	0	0
1362.15	0	1	0	0	0
1361.15	0	1	0	0	0
1360.15	0	1	0	0	0
1359.15	0	1	0	0	0
1358.15	0	1	0	0	0
1357.15	0	1	0	0	0
1356.15	0	1	0	0	0
1355.15	0	1	0	0	0
1354.15	0	1	0	0	0
1353.15	0	1	0	0	0
1352.15	0	1	0	0	0
1351.15	0	1	0	0	0
1350.15	0	1	0	0	0
1349.15	0	1	0	0	0
1348.15	0	1	0	0	0
1347.15	0	1	0	0	0
1346.15	0	1	0	0	0
1345.15	0	1	0	0	0
1344.15	0	1	0	0	0
1343.15	0	1	0	0	0
1342.15	0	1	0	0	0
1341.15	0	1	0	0	0
1340.15	0	1	0	0	0
1339.15	0	1	0	0	0
1338.15	0	1	0	0	0
1337.15	0	1	0	0	0
1336.15	0	1	0	0	0
1335.15	0	1	0	0	0
1334.15	0	1	0	0	0
1333.15	0	1	0	0	0
1332.15	0	1	0	0	0
1331.15	0	1	0	0	0
1330.15	0	1	0	0	0
1329.15	0	1	0	0	0
1328.15	0	1	0	0	0
1327.15	0	1	0	0	0
1326.15	0	1	0	0	0
1325.15	0	1	0	0	0
1324.15	0	1	0	0	0
1323.15	0	1	0	0	0
1322.15	0	1	0	0	0
1321.15	0	1	0	0	0
1320.15	0	1	0	0	0
1319.15	0	1	0	0	0
1318.15	0	1	0	0	0
1317.15	0	1	0	0	0
1316.15	0	1	0	0	0
1315.15	0	1	0	0	0
1314.15	0	1	0	0	0
1313.15	0	1	0	0	0
1312.15	0	1	0	0	0
1311.15	0	1	0	0	0
1310.15	0	1	0	0	0
1309.15	0	1	0	0	0
1308.15	0	1	0	0	0
1307.15	0	1	0	0	0
1306.15	0	1	0	0	0
1305.15	0	1	0	0	0
1304.15	0	1	0	0	0
1303.15	0	1	0	0	0
1302.15	0	1	0	0	0
1301.15	0	1	0	0	0
1300.15	0	1	0	0	0
1299.15	0	1	0	0	0
1298.15	0	1	0	0	0
1297.15	0	1	0	0	0
1296.15	0	1	0	0	0
1295.15	0	1	0	0	0
1294.15	0	1	0	0	0
1293.15	0	1	0	0	0
1292.15	0	1	0	0	0
1291.15	0	1	0	0	0
1290.15	0	1	0	0	0
1289.15	0	1	0	0	0
1288.15	0	1	0	0	0
1287.15	0	1	0	0	0
1286.15	0	1	0	0	0
1285.15	0	1	0	0	0
1284.15	0	1	0	0	0
1283.15	0	1	0	0	0
1282.15	0	1	0	0	0
1281.15	0	1	0	0	0
1280.15	0	1	0	0	0
1279.15	0	1	0	0	0
1278.15	0	1	0	0	0
1277.15	0	1	0	0	0
1276.15	0	1	0	0	0
1275.15	0	1	0	0	0
1274.15	0	1	0	0	0
1273.15	0	1	0	0	0
1272.15	0	1	0	0	0
1271.15	0	1	0	0	0
1270.15	0	1	0	0	0
1269.15	0	1	0	0	0
1268.15	0	1	0	0	0
1267.15	0	1	0	0	0
1266.15	0	1	0	0	0
1265.15	0	1	0	0	0
1264.15	0	1	0	0	0
1263.15	0	1	0	0	0
1262.15	0	1	0	0	0
1261.15	0	1	0	0	0
1260.15	0	1	0	0	0
1259.15	0	1	0	0	0
1258.15	0	1	0	0	0
1257.15	0	1	0	0	0
1256.15	0	1	0	0	0
1255.15	0	1	0	0	0
1254.15	0	1	0	0	0
1253.15	0	1	0	0	0
1252.15	0	1	0	0	0
1251.15	0	1	0	0	0
1250.15	0	1	0	0	0
1249.15	0	1	0	0	0
1248.15	0	1	0	0	0
1247.15	0	1	0	0	0
1246.15	0	1	0	0	0
1245.15	0	1	0	0	0
1244.15	0	1	0	0	0
1243.15	0	1	0	0	0
1242.15	0	1	0	0	0
1241.15	0	1	0	0	0
1240.15	0	1	0	0	0
1239.15	0	1	0	0	0
1238.15	0	1	0	0	0
1237.15	0	1	0	0	0
1236.15	0	1	0	0	0
1235.15	0	1	0	0	0
1234.15	0	1	0	0	0
1233.15	0	1	0	0	0
1232.15	0	1	0	0	0
1231.15	0	1	0	0	0
1230.15	0	1	0	0	0
1229.15	0	1	0	0	0
1228.15	0	1	0	0	0
1227.15	0	1	0	0	0
1226.628	0	1	0	0	0
1226.628	0	1	0	0	0
1226.628	0	1	0	0	0
1226.15	0	.9997279	0	2.720846E-04	0
1225.15	0	.9991601	0	8.398611E-04	0
1224.15	0	.9985936	0	.001406447	0
1223.15	0	.9980282	0	.001971844	0
1222.15	0	.9974639	0	.002536057	0
1221.15	0	.9969009	0	.003099088	0
1220.15	0	.9963391	0	.003660939	0
1219.15	0	.9957784	0	.004221615	0
1218.15	0	.9952189	0	.004781118	0
1217.15	0	.9946606	0	.00533945	0
1216.15	0	.9941034	0	.005896616	0
1215.15	0	.9935474	0	.006452617	0
1214.15	0	.9929925	0	.007007456	0
1213.15	0	.9924389	0	.007561137	0
1212.15	0	.9918863	0	.008113663	0
1211.15	0	.991335	0	.008665035	0
1210.15	0	.9907847	0	.009215258	0
1209.15	0	.9902357	0	.009764333	0
1208.15	0	.9896877	0	.01031226	0
1207.15	0	.989141	0	.01085905	0
1206.15	0	.9885953	0	.0114047	0
1205.15	0	.9880508	0	.01194922	0
1204.15	0	.9875074	0	.0124926	0
1203.15	0	.9869652	0	.01303485	0
1202.15	0	.986424	0	.01357598	0
1201.15	0	.985884	0	.01411598	0
1200.15	0	.9853452	0	.01465485	0
1199.15	0	.9848074	0	.01519261	0
1198.15	0	.9842707	0	.01572925	0
1197.15	0	.9837352	0	.01626478	0
1196.15	0	.9832008	0	.01679919	0
1195.15	0	.9826675	0	.0173325	0
1194.15	0	.9821353	0	.0178647	0
1193.15	0	.9816042	0	.01839579	0
1192.15	0	.9810742	0	.01892579	0
1191.15	0	.9805453	0	.01945468	0
1190.15	0	.9800175	0	.01998249	0
1189.15	0	.9794908	0	.0205092	0
1188.15	0	.9789652	0	.02103481	0
1187.15	0	.9784407	0	.02155934	0
1186.15	0	.9779172	0	.02208279	0
1185.15	0	.9773949	0	.02260515	0
1184.15	0	.9768736	0	.02312643	0
1183.15	0	.9763534	0	.02364663	0
1182.15	0	.9758342	0	.02416576	0
1181.15	0	.9753162	0	.02468382	0
1180.15	0	.9747992	0	.0252008	0
1179.15	0	.9742833	0	.02571672	0
1178.15	0	.9737684	0	.02623157	0
1177.15	0	.9732546	0	.02674536	0
1176.15	0	.9727419	0	.02725809	0
1175.15	0	.9722302	0	.02776976	0
1174.15	0	.9717196	0	.02828038	0
1173.15	0	.9712101	0	.02878994	0
1172.15	0	.9707016	0	.02929845	0
1171.15	0	.9701941	0	.02980591	0
1170.15	0	.9696877	0	.03031233	0
1169.15	0	.9691823	0	.0308177	0
1168.15	0	.968678	0	.03132204	0
1167.15	0	.9681747	0	.03182533	0
1166.15	0	.9676724	0	.03232758	0
1165.15	0	.9671712	0	.03282881	0
1164.15	0	.966671	0	.033329	0
1163.15	0	.9661718	0	.03382816	0
1162.15	0	.9656737	0	.03432629	0
1161.15	0	.9651766	0	.0348234	0
1160.15	0	.9646805	0	.03531948	0
1159.15	0	.9641855	0	.03581455	0
1158.15	0	.9636914	0	.03630859	0
1157.15	0	.9631984	0	.03680162	0
1156.15	0	.9627064	0	.03729364	0
1155.15	0	.9622154	0	.03778465	0
1154.15	0	.9617253	0	.03827466	0
1153.15	0	.9612364	0	.03876365	0
1152.15	0	.9607484	0	.03925164	0
1151.15	0	.9602614	0	.03973862	0
1150.15	0	.9597754	0	.0402246	0
1149.15	0	.9592904	0	.04070958	0
1148.15	0	.9588064	0	.04119356	0
1147.15	0	.9583234	0	.04167656	0
1146.15	0	.9578415	0	.04215855	0
1145.15	0	.9573604	0	.04263956	0
1144.15	0	.9568804	0	.04311959	0
1143.15	0	.9564014	0	.04359862	0
1142.15	0	.9559233	0	.04407668	0
1141.15	0	.9554463	0	.04455375	0
1140.15	0	.9549702	0	.04502984	0
1139.15	0	.954495	0	.04550496	0
1138.15	0	.9540209	0	.0459791	0
1137.15	0	.9535477	0	.04645226	0
1136.15	0	.9530755	0	.04692446	0
1135.15	0	.9526043	0	.04739569	0
1134.15	0	.9521341	0	.04786595	0
1133.15	0	.9516648	0	.04833524	0
1132.15	0	.9511964	0	.04880358	0
1131.15	0	.9507291	0	.04927095	0
1130.15	0	.9502626	0	.04973736	0
1129.15	0	.9497972	0	.05020282	0
1128.15	0	.9493327	0	.05066732	0
1127.15	0	.9488691	0	.05113087	0
1126.15	0	.9484065	0	.05159347	0
1125.15	0	.9479449	0	.05205511	0
1124.15	0	.9474842	0	.05251582	0
1123.15	0	.9470244	0	.05297557	0
1122.15	0	.9465656	0	.05343439	0
1121.15	0	.9461077	0	.05389226	0
1120.15	0	.9456508	0	.05434919	0
1119.15	0	.9451948	0	.05480519	0
1118.15	0	.9447397	0	.05526025	0
1117.15	0	.9442856	0	.05571437	0
1116.15	0	.9438324	0	.05616757	0
1115.15	0	.9433802	0	.05661983	0
1114.15	0	.9429288	0	.05707117	0
1113.15	0	.9424784	0	.05752158	0
1112.15	0	.9420289	0	.05797106	0
1111.15	0	.9415804	0	.05841963	0
1110.15	0	.9411327	0	.05886727	0
1109.15	0	.940686	0	.05931399	0
1108.15	0	.9402402	0	.0597598	0
1107.15	0	.9397953	0	.06020469	0
1106.15	0	.9393513	0	.06064866	0
1105.15	0	.9389083	0	.06109173	0
1104.15	0	.9384661	0	.06153388	0
1103.15	0	.9380249	0	.06197513	0
1102.15	0	.9375845	0	.06241547	0
1101.15	0	.9371451	0	.06285491	0
1100.15	0	.9367066	0	.06329344	0
1099.15	0	.9362689	0	.06373107	0
1098.15	0	.9358322	0	.0641678	0
1097.15	0	.9353964	0	.06460364	0
1096.15	0	.9349614	0	.06503858	0
1095.15	0	.9345274	0	.06547262	0
1094.15	0	.9340942	0	.06590577	0
1093.15	0	.933662	0	.06633803	0
1092.15	0	.9332306	0	.0667694	0
1091.15	0	.9328001	0	.06719988	0
1090.15	0	.9323705	0	.06762948	0
1089.15	0	.9319418	0	.06805819	0
1088.15	0	.931514	0	.06848602	0
1087.15	0	.931087	0	.06891297	0
1086.15	0	.930661	0	.06933903	0
1085.15	0	.9302358	0	.06976422	0
1084.15	0	.9298115	0	.07018854	0
1083.15	0	.929388	0	.07061198	0
1082.15	0	.9289655	0	.07103455	0
1081.15	0	.9285438	0	.07145624	0
1080.15	0	.9281229	0	.07187706	0
1079.15	0	.927703	0	.07229702	0
1078.15	0	.9272839	0	.07271611	0
1077.15	0	.9268657	0	.07313434	0
1076.15	0	.9264483	0	.0735517	0
1075.15	0	.9260318	0	.07396819	0
1074.15	0	.9256162	0	.07438383	0
1073.15	0	.9252014	0	.07479861	0
1072.15	0	.9247875	0	.07521253	0
1071.15	0	.9243744	0	.0756256	0
1070.15	0	.9239622	0	.07603781	0
1069.15	0	.9235508	0	.07644916	0
1068.15	0	.9231403	0	.07685967	0
1067.15	0	.9227307	0	.07726932	0
1066.15	0	.9223219	0	.07767813	0
1065.15	0	.9219139	0	.07808609	0
1064.15	0	.9215068	0	.0784932	0
1063.15	0	.9211005	0	.07889947	0
1062.15	0	.9206951	0	.0793049	0
1061.15	0	.9202905	0	.07970949	0
1060.15	0	.9198868	0	.08011323	0
1059.15	0	.9194839	0	.08051614	0
1058.15	0	.9190818	0	.08091821	0
1057.15	0	.9186806	0	.08131944	0
1056.15	0	.9182802	0	.08171984	0
1055.15	0	.9178806	0	.08211941	0
1054.15	0	.9174819	0	.08251815	0
1053.15	0	.9170839	0	.08291605	0
1052.15	0	.9166869	0	.08331313	0
1051.15	0	.9162906	0	.08370938	0
1050.15	0	.9158952	0	.0841048	0
1049.15	0	.9155006	0	.0844994	0
1048.15	0	.9151068	0	.08489317	0
1047.15	0	.9147139	0	.08528613	0
1046.15	0	.9143217	0	.08567826	0
1045.15	0	.9139304	0	.08606957	0
1044.15	0	.9135399	0	.08646007	0
1043.15	0	.9131503	0	.08684975	0
1042.15	0	.9127614	0	.08723861	0
1041.15	0	.9123733	0	.08762666	0
1040.15	0	.9119861	0	.08801389	0
1039.15	0	.9115997	0	.08840032	0
1038.15	0	.9112141	0	.08878593	0
1037.15	0	.9108293	0	.08917074	0
1036.15	0	.9104453	0	.08955473	0
1035.15	0	.9100621	0	.08993793	0
1034.15	0	.9096797	0	.09032031	0
1033.15	0	.9092981	0	.09070189	0
1032.15	0	.9089173	0	.09108267	0
1031.15	0	.9085374	0	.09146265	0
1030.15	0	.9081582	0	.09184183	0
1029.15	0	.9077798	0	.09222021	0
1028.15	0	.9074022	0	.09259779	0
1027.15	0	.9070254	0	.09297457	0
1026.15	0	.9066494	0	.09335056	0
1025.15	0	.9062742	0	.09372576	0
1024.15	0	.9058998	0	.09410016	0
1023.15	0	.9055262	0	.09447377	0
1022.15	0	.9051534	0	.09484659	0
1021.15	0	.9047814	0	.09521862	0
1020.15	0	.9044101	0	.09558986	0
1019.15	0	.9040397	0	.09596031	0
1018.15	0	.90367	0	.09632998	0
1017.15	0	.9033011	0	.09669886	0
1016.15	0	.902933	0	.09706696	0
1015.15	0	.9025657	0	.09743428	0
1014.15	0	.9021992	0	.09780081	0
1013.15	0	.9018334	0	.09816657	0
1012.15	0	.9014685	0	.09853154	0
1011.15	0	.9011043	0	.09889574	0
1010.15	0	.9007408	0	.09925916	0
1009.15	0	.9003782	0	.09962181	0
1008.15	0	.9000163	0	.09998368	0
1007.15	0	.8996552	0	.1003448	0
1006.15	0	.8992949	0	.1007051	0
1005.15	0	.8989354	0	.1010647	0
1004.15	0	.8985766	0	.1014234	0
1003.15	0	.8982186	0	.1017814	0
1002.15	0	.8978613	0	.1021387	0
1001.15	0	.8975048	0	.1024952	0
1000.15	0	.8971491	0	.1028509	0
999.15	0	.8967942	0	.1032058	0
998.15	0	.89644	0	.10356	0
997.15	0	.8960866	0	.1039134	0
996.15	0	.8957339	0	.1042661	0
995.15	0	.895382	0	.104618	0
994.15	0	.8950309	0	.1049691	0
993.15	0	.8946805	0	.1053195	0
992.15	0	.8943309	0	.1056691	0
991.15	0	.8939821	0	.1060179	0
990.15	0	.893634	0	.106366	0
989.15	0	.8932866	0	.1067134	0
988.15	0	.89294	0	.10706	0
987.15	0	.8925942	0	.1074058	0
986.15	0	.8922491	0	.1077509	0
985.15	0	.8919048	0	.1080953	0
984.15	0	.8915612	0	.1084388	0
983.15	0	.8912183	0	.1087817	0
982.15	0	.8908762	0	.1091238	0
981.15	0	.8905349	0	.1094651	0
980.15	0	.8901943	0	.1098057	0
979.15	0	.8898545	0	.1101455	0
978.15	0	.8895154	0	.1104846	0
977.15	0	.889177	0	.110823	0
976.15	0	.8888394	0	.1111606	0
975.15	0	.8885025	0	.1114975	0
974.15	0	.8881664	0	.1118336	0
973.15	0	.887831	0	.112169	0
972.15	0	.8874963	0	.1125037	0
971.15	0	.8871624	0	.1128376	0
970.15	0	.8868292	0	.1131708	0
969.15	0	.8864968	0	.1135032	0
968.15	0	.8861651	0	.1138349	0
967.15	0	.8858341	0	.1141659	0
966.15	0	.8855039	0	.1144961	0
965.15	0	.8851744	0	.1148256	0
964.15	0	.8848456	0	.1151544	0
963.15	0	.8845176	0	.1154824	0
962.15	0	.8841903	0	.1158098	0
961.15	0	.8838637	0	.1161363	0
960.15	0	.8835378	0	.1164622	0
959.15	0	.8832127	0	.1167873	0
958.15	0	.8828883	0	.1171117	0
957.15	0	.8825646	0	.1174354	0
956.15	0	.8822417	0	.1177583	0
955.15	0	.8819195	0	.1180805	0
954.15	0	.881598	0	.118402	0
953.15	0	.8812772	0	.1187228	0
952.15	0	.8809572	0	.1190428	0
951.15	0	.8806378	0	.1193622	0
950.15	0	.8803192	0	.1196808	0
949.15	0	.8800014	0	.1199987	0
948.15	0	.8796842	0	.1203158	0
947.15	0	.8793677	0	.1206323	0
946.15	0	.879052	0	.120948	0
945.15	0	.878737	0	.121263	0
944.15	0	.8784227	0	.1215773	0
943.15	0	.8781091	0	.1218909	0
942.15	0	.8777962	0	.1222038	0
941.15	0	.8774841	0	.1225159	0
940.15	0	.8771726	0	.1228274	0
939.15	0	.8768619	0	.1231381	0
938.15	0	.8765519	0	.1234481	0
937.15	0	.8762426	0	.1237574	0
936.15	0	.875934	0	.124066	0
935.15	0	.8756261	0	.1243739	0
934.15	0	.8753189	0	.1246811	0
933.15	0	.8750125	0	.1249875	0
932.15	0	.8747067	0	.1252933	0
931.15	0	.8744017	0	.1255983	0
930.15	0	.8740973	0	.1259027	0
929.15	0	.8737937	0	.1262063	0
928.15	0	.8734907	0	.1265093	0
927.15	0	.8731885	0	.1268115	0
926.15	0	.872887	0	.127113	0
925.15	0	.8725861	0	.1274139	0
924.15	0	.872286	0	.127714	0
923.15	0	.8719866	0	.1280134	0
922.15	0	.8716878	0	.1283122	0
921.15	0	.8713898	0	.1286102	0
920.15	0	.8710925	0	.1289075	0
919.15	0	.8707959	0	.1292042	0
918.15	0	.8704999	0	.1295001	0
917.15	0	.8702047	0	.1297953	0
916.15	0	.8699101	0	.1300899	0
915.15	0	.8696163	0	.1303837	0
914.15	0	.8693232	0	.1306769	0
913.15	0	.8690307	0	.1309693	0
912.15	0	.8687389	0	.1312611	0
911.15	0	.8684479	0	.1315521	0
910.15	0	.8681575	0	.1318425	0
909.15	0	.8678678	0	.1321322	0
908.15	0	.8675788	0	.1324212	0
907.15	0	.8672905	0	.1327095	0
906.15	0	.8670029	0	.1329971	0
905.15	0	.866716	0	.1332841	0
904.15	0	.8664297	0	.1335703	0
903.15	0	.8661442	0	.1338558	0
902.15	0	.8658593	0	.1341407	0
901.15	0	.8655751	0	.1344249	0
900.15	0	.8652916	0	.1347084	0
899.15	0	.8650088	0	.1349912	0
898.15	0	.8647267	0	.1352733	0
897.15	0	.8644453	0	.1355547	0
896.15	0	.8641645	0	.1358355	0
895.15	0	.8638845	0	.1361156	0
894.15	0	.8636051	0	.1363949	0
893.15	0	.8633264	0	.1366737	0
892.15	0	.8630483	0	.1369517	0
891.15	0	.862771	0	.137229	0
890.15	0	.8624943	0	.1375057	0
889.15	0	.8622183	0	.1377817	0
888.15	0	.861943	0	.138057	0
887.15	0	.8616684	0	.1383316	0
886.15	0	.8613944	0	.1386056	0
885.15	0	.8611211	0	.1388789	0
884.15	0	.8608485	0	.1391515	0
883.15	0	.8605766	0	.1394234	0
882.15	0	.8603053	0	.1396947	0
881.15	0	.8600348	0	.1399652	0
880.15	0	.8597649	0	.1402351	0
879.15	0	.8594956	0	.1405044	0
878.15	0	.8592271	0	.1407729	0
877.15	0	.8589592	0	.1410408	0
876.15	0	.858692	0	.141308	0
875.15	0	.8584254	0	.1415746	0
874.15	0	.8581595	0	.1418405	0
873.15	0	.8578943	0	.1421057	0
872.15	0	.8576298	0	.1423702	0
871.15	0	.8573659	0	.1426341	0
870.15	0	.8571027	0	.1428973	0
869.15	0	.8568402	0	.1431598	0
868.15	0	.8565783	0	.1434217	0
867.15	0	.8563171	0	.1436829	0
866.15	0	.8560565	0	.1439435	0
865.15	0	.8557966	0	.1442034	0
864.15	0	.8555374	0	.1444626	0
863.15	0	.8552789	0	.1447211	0
862.15	0	.855021	0	.144979	0
861.15	0	.8547637	0	.1452363	0
860.15	0	.8545072	0	.1454928	0
859.15	0	.8542513	0	.1457487	0
858.15	0	.853996	0	.146004	0
857.15	0	.8537414	0	.1462586	0
856.15	0	.8534875	0	.1465125	0
855.15	0	.8532342	0	.1467658	0
854.15	0	.8529816	0	.1470184	0
853.15	0	.8527296	0	.1472704	0
852.15	0	.8524783	0	.1475217	0
851.15	0	.8522276	0	.1477724	0
850.15	0	.8519776	0	.1480224	0
849.15	0	.8517283	0	.1482717	0
848.15	0	.8514796	0	.1485204	0
847.15	0	.8512316	0	.1487685	0
846.15	0	.8509842	0	.1490158	0
845.15	0	.8507374	0	.1492626	0
844.15	0	.8504913	0	.1495087	0
843.15	0	.8502459	0	.1497541	0
842.15	0	.8500011	0	.1499989	0
841.15	0	.8497569	0	.1502431	0
840.15	0	.8495134	0	.1504866	0
839.15	0	.8492706	0	.1507294	0
838.15	0	.8490284	0	.1509716	0
837.15	0	.8487868	0	.1512132	0
836.15	0	.8485459	0	.1514541	0
835.15	0	.8483056	0	.1516944	0
834.15	0	.848066	0	.151934	0
833.15	0	.847827	0	.152173	0
832.15	0	.8475886	0	.1524114	0
831.15	0	.8473509	0	.1526491	0
830.15	0	.8471138	0	.1528862	0
829.15	0	.8468774	0	.1531226	0
828.15	0	.8466416	0	.1533584	0
827.15	0	.8464064	0	.1535936	0
826.15	0	.8461719	0	.1538281	0
825.7127	0	.8460695	0	.1539305	0
825.7127	0	.8460695	0	.1539305	0
825.7127	0	.8460695	0	.1539305	0
825.15	0	.8454691	5.587952E-04	.1539721	0
824.15	0	.8443995	.00155653	.1540439	0
823.15	0	.8433266	.002560503	.1541129	0
822.15	0	.84225	.003570994	.154179	0
821.15	0	.8411696	.004588296	.1542421	0
820.15	0	.840085	.005612717	.1543023	0
819.15	0	.8389961	.006644581	.1543593	0
818.15	0	.8379026	.007684228	.1544132	0
817.15	0	.8368042	.008732017	.1544638	0
816.15	0	.8357006	.009788327	.1545111	0
815.15	0	.8345915	.01085356	.154555	0
814.15	0	.8334765	.01192813	.1545954	0
813.15	0	.8323553	.01301249	.1546322	0
812.15	0	.8312276	.01410711	.1546652	0
811.15	0	.830093	.0152125	.1546945	0
810.15	0	.828951	.01632919	.1547198	0
809.15	0	.8278011	.01745774	.1547411	0
808.15	0	.826643	.01859877	.1547582	0
807.15	0	.8254761	.01975292	.154771	0
806.15	0	.8242998	.02092088	.1547793	0
805.15	0	.8231137	.02210339	.1547829	0
804.15	0	.821917	.02330125	.1547818	0
803.15	0	.820709	.02451532	.1547756	0
802.15	0	.8194892	.02574651	.1547643	0
801.15	0	.8182566	.02699582	.1547476	0
800.15	0	.8170105	.02826434	.1547252	0
799.15	0	.8157499	.02955323	.1546969	0
798.15	0	.8144738	.03086377	.1546624	0
797.15	0	.8131811	.03219735	.1546215	0
796.15	0	.8118707	.0335555	.1545738	0
795.15	0	.8105412	.03493989	.154519	0
794.15	0	.8091911	.03635237	.1544565	0
793.15	0	.8078189	.03779499	.1543861	0
792.15	0	.8063961	.03930174	.1543022	0
791.15	0	.8041491	.04179701	.1540539	0
790.15	0	.8019923	.04419264	.1538151	0
789.15	0	.7999186	.04649586	.1535855	0
788.15	0	.7979232	.0487122	.1533646	0
787.15	0	.7960012	.0508471	.1531517	0
786.15	0	.7941479	.05290559	.1529466	0
785.15	0	.7923592	.05489225	.1527486	0
784.15	0	.7906312	.05681133	.1525575	0
783.15	0	.7889604	.05866672	.1523729	0
782.15	0	.7873436	.06046203	.1521943	0
781.15	0	.7857778	.06220058	.1520216	0
780.15	0	.7842602	.06388545	.1518543	0
779.15	0	.7827883	.06551949	.1516923	0
778.15	0	.7813596	.06710533	.1515351	0
777.15	0	.7799719	.06864544	.1513826	0
776.15	0	.7786233	.07014211	.1512346	0
775.15	0	.7773118	.07159744	.1510908	0
774.15	0	.7760356	.07301343	.150951	0
773.15	0	.7747931	.07439193	.150815	0
772.15	0	.7735827	.07573467	.1506826	0
771.15	0	.7724031	.07704327	.1505537	0
770.15	0	.7712527	.07831925	.1504281	0
769.15	0	.7701304	.07956403	.1503056	0
768.15	0	.7690349	.08077895	.1501861	0
767.15	0	.7679652	.08196528	.1500695	0
766.15	0	.7669202	.08312418	.1499556	0
765.15	0	.7658988	.08425679	.1498444	0
764.15	0	.7649002	.08536415	.1497356	0
763.15	0	.7639235	.08644726	.1496293	0
762.15	0	.7629678	.08750705	.1495252	0
761.15	0	.7620323	.08854443	.1494233	0
760.15	0	.7611162	.08956022	.1493235	0
759.15	0	.760219	.09055523	.1492258	0
758.15	0	.7593398	.09153021	.14913	0
757.15	0	.7584781	.09248588	.149036	0
756.15	0	.7576333	.09342292	.1489438	0
755.15	0	.7568047	.09434199	.1488533	0
754.15	0	.7559918	.0952437	.1487645	0
753.15	0	.7551941	.09612864	.1486773	0
752.15	0	.7544111	.09699736	.1485915	0
751.15	0	.7536424	.0978504	.1485073	0
750.15	0	.7528873	.09868827	.1484244	0
749.15	0	.7521457	.09951146	.1483428	0
748.15	0	.7514169	.1003204	.1482626	0
747.15	0	.7507007	.1011156	.1481837	0
746.15	0	.7499966	.1018975	.1481059	0
745.15	0	.7493043	.1026664	.1480293	0
744.15	0	.7486235	.1034227	.1479538	0
743.15	0	.7479537	.1041669	.1478794	0
742.15	0	.7472947	.1048992	.147806	0
741.15	0	.7466462	.1056201	.1477337	0
740.15	0	.7460079	.1063298	.1476623	0
739.15	0	.7453795	.1070287	.1475918	0
738.15	0	.7447607	.107717	.1475223	0
737.15	0	.7441513	.1083951	.1474536	0
736.15	0	.743551	.1090633	.1473857	0
735.15	0	.7429596	.1097217	.1473187	0
734.15	0	.7423768	.1103707	.1472525	0
733.15	0	.7418025	.1110106	.147187	0
732.15	0	.7412363	.1116415	.1471222	0
731.15	0	.7406782	.1122637	.1470582	0
730.15	0	.7401279	.1128774	.1469948	0
729.15	0	.7395851	.1134828	.1469321	0
728.15	0	.7390498	.1140801	.1468701	0
727.15	0	.7385217	.1146697	.1468086	0
726.15	0	.7380007	.1152515	.1467478	0
725.15	0	.7374866	.1158258	.1466875	0
724.15	0	.7369793	.1163929	.1466278	0
723.15	0	.7364785	.1169528	.1465687	0
722.15	0	.7359842	.1175058	.1465101	0
721.15	0	.7354961	.118052	.1464519	0
720.15	0	.7350142	.1185915	.1463943	0
719.15	0	.7345383	.1191246	.1463372	0
718.15	0	.7340682	.1196513	.1462805	0
717.15	0	.7336039	.1201718	.1462243	0
716.15	0	.7331453	.1206863	.1461685	0
715.15	0	.7326921	.1211948	.1461131	0
714.15	0	.7322443	.1216976	.1460581	0
713.15	0	.7318018	.1221947	.1460036	0
712.15	0	.7313644	.1226862	.1459494	0
711.15	0	.7309321	.1231723	.1458956	0
710.15	0	.7305047	.1236531	.1458422	0
709.15	0	.7300822	.1241287	.1457891	0
708.15	0	.7296644	.1245993	.1457363	0
707.15	0	.7292513	.1250648	.1456839	0
706.15	0	.7288428	.1255255	.1456318	0
705.15	0	.7284387	.1259813	.14558	0
704.15	0	.728039	.1264325	.1455285	0
703.15	0	.7276436	.1268791	.1454773	0
702.15	0	.7272524	.1273212	.1454264	0
701.15	0	.7268654	.1277589	.1453757	0
700.15	0	.7264824	.1281922	.1453253	0
699.15	0	.7261034	.1286213	.1452752	0
698.15	0	.7257284	.1290463	.1452254	0
697.15	0	.7253571	.1294671	.1451758	0
696.15	0	.7249897	.1298839	.1451264	0
695.15	0	.7246259	.1302968	.1450772	0
694.15	0	.7242658	.1307059	.1450283	0
693.15	0	.7239093	.1311111	.1449796	0
692.15	0	.7235562	.1315127	.1449311	0
691.15	0	.7232066	.1319105	.1448828	0
690.15	0	.7228604	.1323048	.1448347	0
689.15	0	.7225176	.1326956	.1447868	0
688.15	0	.722178	.1330829	.1447392	0
687.15	0	.7218416	.1334668	.1446916	0
686.15	0	.7215084	.1338473	.1446443	0
685.15	0	.7211783	.1342246	.1445971	0
684.15	0	.7208512	.1345987	.1445501	0
683.15	0	.7205272	.1349695	.1445033	0
682.15	0	.7202061	.1353373	.1444566	0
681.15	0	.719888	.1357019	.1444101	0
680.15	0	.7195727	.1360636	.1443637	0
679.15	0	.7192602	.1364223	.1443175	0
678.15	0	.7189505	.1367781	.1442714	0
677.15	0	.7186435	.137131	.1442255	0
676.15	0	.7183393	.137481	.1441797	0
675.15	0	.7180376	.1378283	.144134	0
674.15	0	.7177386	.1381729	.1440885	0
673.15	0	.7174422	.1385147	.1440431	0
672.15	0	.7171483	.138854	.1439978	0
671.15	0	.7168568	.1391905	.1439526	0
670.15	0	.7165679	.1395246	.1439075	0
669.15	0	.7162813	.1398561	.1438626	0
668.15	0	.7159972	.1401851	.1438178	0
667.15	0	.7157153	.1405116	.143773	0
666.15	0	.7154358	.1408358	.1437284	0
665.15	0	.7151586	.1411575	.1436839	0
664.15	0	.7148836	.1414769	.1436395	0
663.15	0	.7146109	.141794	.1435951	0
662.15	0	.7143403	.1421088	.1435509	0
661.15	0	.7140719	.1424213	.1435068	0
660.15	0	.7138056	.1427317	.1434627	0
659.15	0	.7135414	.1430398	.1434188	0
658.15	0	.7132793	.1433458	.1433749	0
657.15	0	.7130192	.1436497	.1433311	0
656.15	0	.7127612	.1439515	.1432874	0
655.15	0	.7125051	.1442512	.1432437	0
654.15	0	.7122509	.1445489	.1432002	0
653.15	0	.7119988	.1448446	.1431567	0
652.15	0	.7117485	.1451382	.1431133	0
651.15	0	.7115001	.14543	.1430699	0
650.15	0	.7112535	.1457198	.1430267	0
649.15	0	.7110088	.1460077	.1429835	0
648.15	0	.7107659	.1462937	.1429404	0
647.15	0	.7105248	.1465779	.1428973	0
646.15	0	.7102855	.1468602	.1428543	0
645.15	0	.7100479	.1471407	.1428114	0
644.15	0	.7098121	.1474194	.1427685	0
643.15	0	.7095779	.1476964	.1427257	0
642.15	0	.7093454	.1479716	.142683	0
641.15	0	.7091146	.1482452	.1426403	0
640.15	0	.7088854	.148517	.1425976	0
639.15	0	.7086578	.1487871	.1425551	0
638.15	0	.7084319	.1490556	.1425125	0
637.15	0	.7082075	.1493224	.1424701	0
636.15	0	.7079847	.1495876	.1424277	0
635.15	0	.7077634	.1498512	.1423853	0
634.15	0	.7075437	.1501133	.142343	0
633.15	0	.7073255	.1503738	.1423008	0
632.15	0	.7071088	.1506327	.1422586	0
631.15	0	.7068935	.1508901	.1422164	0
630.15	0	.7066797	.151146	.1421743	0
629.15	0	.7064674	.1514004	.1421322	0
628.15	0	.7062564	.1516533	.1420902	0
627.15	0	.7060469	.1519048	.1420482	0
626.15	0	.7058388	.1521548	.1420063	0
625.15	0	.7056321	.1524034	.1419645	0
624.15	0	.7054267	.1526506	.1419226	0
623.15	0	.7052227	.1528964	.1418809	0
622.15	0	.70502	.1531408	.1418391	0
621.15	0	.7048187	.1533839	.1417974	0
620.15	0	.7046187	.1536256	.1417558	0
619.15	0	.7044199	.153866	.1417141	0
618.15	0	.7042225	.154105	.1416726	0
617.15	0	.7040263	.1543427	.141631	0
616.15	0	.7038313	.1545791	.1415896	0
615.15	0	.7036376	.1548143	.1415481	0
614.15	0	.7034452	.1550481	.1415067	0
613.15	0	.7032539	.1552808	.1414653	0
612.15	0	.7030639	.1555121	.141424	0
611.15	0	.702875	.1557422	.1413827	0
610.15	0	.7026874	.1559712	.1413415	0
609.15	0	.7025009	.1561989	.1413003	0
608.15	0	.7023156	.1564254	.1412591	0
607.15	0	.7021314	.1566507	.141218	0
606.15	0	.7019483	.1568748	.1411769	0
605.15	0	.7017664	.1570978	.1411358	0
604.15	0	.7015856	.1573196	.1410948	0
603.15	0	.7014059	.1575403	.1410538	0
602.15	0	.7012273	.1577598	.1410129	0
601.15	0	.7010498	.1579782	.140972	0
600.15	0	.7008734	.1581955	.1409311	0
599.15	0	.700698	.1584117	.1408903	0
598.15	0	.7005237	.1586268	.1408495	0
597.15	0	.7003504	.1588408	.1408088	0
596.15	0	.7001782	.1590538	.1407681	0
595.15	0	.700007	.1592656	.1407274	0
594.15	0	.6998368	.1594765	.1406867	0
593.15	0	.6996676	.1596862	.1406461	0
592.15	0	.6994994	.159895	.1406056	0
591.15	0	.6993323	.1601027	.1405651	0
590.15	0	.6991661	.1603094	.1405246	0
589.15	0	.6990008	.160515	.1404841	0
588.15	0	.6988366	.1607197	.1404437	0
587.15	0	.6986733	.1609234	.1404034	0
586.15	0	.6985109	.161126	.140363	0
585.15	0	.6983495	.1613277	.1403227	0
584.15	0	.6981891	.1615285	.1402825	0
583.15	0	.6980295	.1617282	.1402423	0
582.15	0	.6978709	.161927	.1402021	0
581.15	0	.6977132	.1621248	.140162	0
580.15	0	.6975564	.1623217	.1401219	0
579.15	0	.6974005	.1625177	.1400818	0
578.15	0	.6972455	.1627127	.1400418	0
577.15	0	.6970914	.1629068	.1400018	0
576.15	0	.6969381	.1631	.1399619	0
575.15	0	.6967857	.1632923	.139922	0
574.15	0	.6966342	.1634836	.1398822	0
573.15	0	.6964836	.1636741	.1398423	0
572.15	0	.6963337	.1638637	.1398026	0
571.15	0	.6961848	.1640524	.1397628	0
570.15	0	.6960367	.1642402	.1397232	0
569.15	0	.6958894	.1644271	.1396835	0
568.15	0	.6957429	.1646132	.1396439	0
567.15	0	.6955973	.1647984	.1396044	0
566.15	0	.6954524	.1649827	.1395648	0
565.15	0	.6953084	.1651662	.1395254	0
564.15	0	.6951652	.1653489	.1394859	0
563.15	0	.6950228	.1655307	.1394466	0
562.15	0	.6948811	.1657117	.1394072	0
561.15	0	.6947403	.1658918	.1393679	0
560.15	0	.6946002	.1660711	.1393287	0
559.15	0	.6944609	.1662496	.1392895	0
558.15	0	.6943224	.1664273	.1392503	0
557.15	0	.6941846	.1666042	.1392112	0
556.15	0	.6940476	.1667803	.1391722	0
555.15	0	.6939113	.1669555	.1391331	0
554.15	0	.6937758	.16713	.1390942	0
553.15	0	.6936411	.1673037	.1390552	0
552.15	0	.6935071	.1674766	.1390164	0
551.15	0	.6933738	.1676487	.1389775	0
550.15	0	.6932412	.16782	.1389388	0
549.15	0	.6931094	.1679906	.1389	0
548.15	0	.6929783	.1681604	.1388614	0
547.15	0	.6928479	.1683294	.1388227	0
546.15	0	.6927183	.1684977	.1387841	0
545.15	0	.6925893	.1686652	.1387456	0
544.15	0	.692461	.1688319	.1387071	0
543.15	0	.6923334	.1689979	.1386687	0
542.15	0	.6922065	.1691632	.1386303	0
541.15	0	.6920803	.1693277	.138592	0
540.15	0	.6919548	.1694915	.1385537	0
539.15	0	.69183	.1696545	.1385155	0
538.15	0	.6917058	.1698168	.1384774	0
537.15	0	.6915823	.1699784	.1384393	0
536.15	0	.6914595	.1701393	.1384012	0
535.15	0	.6913374	.1702994	.1383632	0
534.15	0	.6912159	.1704588	.1383253	0
533.15	0	.691095	.1706175	.1382874	0
532.15	0	.6909749	.1707755	.1382496	0
531.15	0	.6908553	.1709328	.1382119	0
530.15	0	.6907364	.1710894	.1381742	0
529.15	0	.6906182	.1712453	.1381365	0
528.15	0	.6905006	.1714005	.1380989	0
527.15	0	.6903836	.171555	.1380614	0
526.15	0	.6902673	.1717088	.138024	0
525.15	0	.6901516	.1718619	.1379866	0
524.15	0	.6900365	.1720143	.1379492	0
523.15	0	.689922	.1721661	.1379119	0
522.15	0	.6898082	.1723171	.1378747	0
521.15	0	.6896949	.1724675	.1378376	0
520.15	0	.6895823	.1726172	.1378005	0
519.15	0	.6894703	.1727662	.1377634	0
518.15	0	.6893589	.1729146	.1377265	0
517.15	0	.6892481	.1730623	.1376896	0
516.15	0	.6891379	.1732093	.1376527	0
515.15	0	.6890283	.1733557	.137616	0
514.15	0	.6889193	.1735014	.1375793	0
513.15	0	.6888109	.1736465	.1375427	0
512.15	0	.688703	.1737909	.1375061	0
511.15	0	.6885958	.1739346	.1374696	0
510.15	0	.6884891	.1740777	.1374332	0
509.15	0	.688383	.1742202	.1373968	0
508.15	0	.6882775	.174362	.1373605	0
507.15	0	.6881726	.1745031	.1373243	0
506.15	0	.6880682	.1746436	.1372882	0
505.15	0	.6879644	.1747835	.1372521	0
504.15	0	.6878612	.1749228	.1372161	0
503.15	0	.6877585	.1750614	.1371801	0
502.15	0	.6876564	.1751993	.1371443	0
501.15	0	.6875548	.1753367	.1371085	0
500.15	0	.6874538	.1754734	.1370728	0
499.15	0	.6873534	.1756095	.1370371	0
498.15	0	.6872535	.1757449	.1370016	0
497.15	0	.6871541	.1758798	.1369661	0
496.15	0	.6870553	.176014	.1369307	0
495.15	0	.6869571	.1761476	.1368953	0
494.15	0	.6868594	.1762806	.1368601	0
493.15	0	.6867622	.1764129	.1368249	0
492.15	0	.6866655	.1765447	.1367898	0
491.15	0	.6865694	.1766758	.1367548	0
490.15	0	.6864738	.1768063	.1367198	0
489.15	0	.6863788	.1769363	.136685	0
488.15	0	.6862842	.1770656	.1366502	0
487.15	0	.6861902	.1771943	.1366155	0
486.15	0	.6860968	.1773224	.1365809	0
485.15	0	.6860038	.1774499	.1365463	0
484.15	0	.6859114	.1775768	.1365119	0
483.15	0	.6858194	.1777031	.1364775	0
482.15	0	.685728	.1778288	.1364432	0
481.15	0	.6856371	.1779539	.136409	0
480.15	0	.6855467	.1780784	.1363749	0
479.15	0	.6854568	.1782023	.1363409	0
478.15	0	.6853674	.1783256	.1363069	0
477.15	0	.6852786	.1784484	.1362731	0
476.15	0	.6851902	.1785705	.1362393	0
475.15	0	.6851023	.1786921	.1362056	0
474.15	0	.6850149	.178813	.136172	0
473.15	0	.6849281	.1789334	.1361385	0
472.15	0	.6848417	.1790532	.1361051	0
471.15	0	.6847558	.1791725	.1360718	0
470.15	0	.6846704	.1792911	.1360385	0
469.15	0	.6845855	.1794092	.1360054	0
468.15	0	.684501	.1795266	.1359723	0
467.15	0	.6844171	.1796435	.1359394	0
466.15	0	.6843336	.1797599	.1359065	0
465.15	0	.6842506	.1798756	.1358737	0
464.15	0	.6841681	.1799908	.1358411	0
463.15	0	.6840861	.1801054	.1358085	0
462.15	0	.6840046	.1802195	.135776	0
461.15	0	.6839235	.1803329	.1357436	0
460.15	0	.6838429	.1804458	.1357113	0
459.15	0	.6837628	.1805582	.1356791	0
458.15	0	.6836831	.1806699	.135647	0
457.15	0	.6836039	.1807811	.135615	0
456.15	0	.6835252	.1808918	.1355831	0
455.15	0	.6834469	.1810018	.1355513	0
454.15	0	.6833691	.1811113	.1355195	0
453.15	0	.6832918	.1812203	.1354879	0
452.15	0	.6832149	.1813287	.1354564	0
451.15	0	.6831385	.1814365	.135425	0
450.15	0	.6830625	.1815438	.1353937	0
449.15	0	.6829871	.1816504	.1353625	0
448.15	0	.6829121	.1817565	.1353314	0
447.15	0	.6828375	.181862	.1353005	0
446.15	0	.6827635	.1819669	.1352696	0
445.15	0	.6826899	.1820713	.1352388	0
444.15	0	.6826167	.1821751	.1352082	0
443.15	0	.6825441	.1822782	.1351777	0
442.15	0	.6824719	.1823808	.1351473	0
441.15	0	.6824001	.1824828	.1351171	0
440.15	0	.6823289	.1825842	.1350869	0
439.15	0	.6822581	.182685	.1350569	0
438.15	0	.6821879	.1827851	.135027	0
437.15	0	.6821181	.1828847	.1349973	0
436.15	0	.6820488	.1829836	.1349676	0
435.15	0	.6819799	.1830819	.1349381	0
434.15	0	.6819116	.1831796	.1349088	0
433.15	0	.6818437	.1832767	.1348796	0
432.15	0	.6817763	.1833731	.1348505	0
431.15	0	.6817095	.183469	.1348216	0
430.15	0	.6816431	.1835641	.1347928	0
429.15	0	.6815772	.1836587	.1347642	0
428.15	0	.6815118	.1837526	.1347357	0
427.15	0	.6814468	.1838458	.1347073	0
426.15	0	.6813824	.1839385	.1346791	0
425.15	0	.6813184	.1840305	.1346511	0
424.15	0	.681255	.1841218	.1346232	0
423.15	0	.681192	.1842125	.1345955	0
422.15	0	.6811295	.1843026	.1345679	0
421.15	0	.6810675	.184392	.1345405	0
420.15	0	.681006	.1844808	.1345132	0
419.15	0	.680945	.184569	.1344861	0
418.15	0	.6808844	.1846565	.1344591	0
417.15	0	.6808244	.1847433	.1344323	0
416.15	0	.6807648	.1848295	.1344057	0
415.15	0	.6807057	.1849151	.1343792	0
414.15	0	.6806471	.1850001	.1343528	0
413.15	0	.680589	.1850844	.1343267	0
412.15	0	.6805313	.1851681	.1343006	0
411.15	0	.6804741	.1852511	.1342748	0
410.15	0	.6804174	.1853335	.1342491	0
409.15	0	.6803612	.1854153	.1342236	0
408.15	0	.6803054	.1854964	.1341982	0
407.15	0	.6802501	.1855769	.134173	0
406.15	0	.6801953	.1856568	.134148	0
405.15	0	.6801409	.185736	.1341231	0
404.15	0	.680087	.1858146	.1340984	0
403.15	0	.6800336	.1858926	.1340738	0
402.15	0	.6799806	.18597	.1340494	0
401.15	0	.6799281	.1860468	.1340252	0
400.15	0	.679876	.1861229	.1340011	0
399.15	0	.6798244	.1861985	.1339772	0
398.15	0	.6797732	.1862734	.1339534	0
397.15	0	.6797225	.1863477	.1339298	0
396.15	0	.6796722	.1864214	.1339064	0
395.15	0	.6796223	.1864945	.1338831	0
394.15	0	.6795729	.186567	.13386	0
393.15	0	.679524	.186639	.1338371	0
392.15	0	.6794754	.1867103	.1338143	0
391.15	0	.6794273	.186781	.1337917	0
390.15	0	.6793797	.1868511	.1337692	0
389.15	0	.6793324	.1869207	.1337469	0
388.15	0	.6792856	.1869897	.1337247	0
387.15	0	.6792392	.1870581	.1337027	0
386.15	0	.6791932	.1871259	.1336809	0
385.15	0	.6791477	.1871931	.1336592	0
384.15	0	.6791025	.1872598	.1336377	0
383.15	0	.6790578	.1873259	.1336163	0
382.15	0	.6790135	.1873915	.1335951	0
381.15	0	.6789695	.1874565	.133574	0
380.15	0	.678926	.1875209	.1335531	0
379.15	0	.6788829	.1875848	.1335323	0
378.15	0	.6788401	.1876481	.1335117	0
377.15	0	.6787978	.1877109	.1334913	0
376.15	0	.6787558	.1877732	.133471	0
375.15	0	.6787142	.1878349	.1334508	0
374.15	0	.678673	.1878961	.1334308	0
373.15	0	.6786322	.1879568	.133411	0
372.15	0	.6785918	.1880169	.1333913	0
371.15	0	.6785517	.1880765	.1333717	0
370.15	0	.6785121	.1881356	.1333523	0
369.15	0	.6784727	.1881942	.1333331	0
368.15	0	.6784338	.1882523	.133314	0
367.15	0	.6783952	.1883098	.133295	0
366.15	0	.6783569	.1883669	.1332762	0
365.15	0	.6783191	.1884235	.1332575	0
364.15	0	.6782815	.1884795	.133239	0
363.15	0	.6782443	.1885351	.1332205	0
362.15	0	.6782075	.1885902	.1332023	0
361.15	0	.678171	.1886448	.1331842	0
360.15	0	.6781348	.188699	.1331662	0
359.15	0	.678099	.1887526	.1331484	0
358.15	0	.6780635	.1888058	.1331307	0
357.15	0	.6780284	.1888585	.1331131	0
356.15	0	.6779935	.1889108	.1330957	0
355.15	0	.677959	.1889626	.1330784	0
354.15	0	.6779248	.1890139	.1330612	0
353.15	0	.677891	.1890648	.1330442	0
352.15	0	.6778574	.1891152	.1330273	0
351.15	0	.6778242	.1891652	.1330106	0
350.15	0	.6777912	.1892148	.132994	0
349.15	0	.6777586	.1892639	.1329775	0
348.15	0	.6777263	.1893126	.1329611	0
347.15	0	.6776943	.1893609	.1329449	0
346.15	0	.6776625	.1894087	.1329288	0
345.15	0	.6776311	.1894561	.1329128	0
344.15	0	.6776	.1895031	.132897	0
343.15	0	.6775691	.1895497	.1328812	0
342.15	0	.6775385	.1895958	.1328657	0
341.15	0	.6775082	.1896416	.1328502	0
340.15	0	.6774782	.189687	.1328348	0
339.15	0	.6774485	.1897319	.1328196	0
338.15	0	.677419	.1897765	.1328045	0
337.15	0	.6773898	.1898207	.1327895	0
336.15	0	.6773609	.1898645	.1327747	0
335.15	0	.6773322	.1899079	.1327599	0
334.15	0	.6773038	.1899509	.1327453	0
333.15	0	.6772757	.1899935	.1327308	0
332.15	0	.6772478	.1900358	.1327164	0
331.15	0	.6772201	.1900777	.1327022	0
330.15	0	.6771927	.1901192	.132688	0
329.15	0	.6771656	.1901604	.132674	0
328.15	0	.6771387	.1902012	.1326601	0
327.15	0	.677112	.1902417	.1326463	0
326.15	0	.6770856	.1902818	.1326326	0
325.15	0	.6770595	.1903216	.132619	0
324.15	0	.6770335	.190361	.1326055	0
323.15	0	.6770078	.1904	.1325922	0
322.15	0	.6769823	.1904388	.132579	0
321.15	0	.676957	.1904771	.1325658	0
320.15	0	.676932	.1905152	.1325528	0
319.15	0	.6769072	.1905529	.1325399	0
318.15	0	.6768826	.1905904	.1325271	0
317.15	0	.6768582	.1906274	.1325144	0
316.15	0	.676834	.1906642	.1325018	0
315.15	0	.67681	.1907006	.1324893	0
314.15	0	.6767863	.1907368	.132477	0
313.15	0	.6767627	.1907726	.1324647	0
312.15	0	.6767393	.1908081	.1324526	0
311.15	0	.6767162	.1908433	.1324405	0
310.15	0	.6766932	.1908782	.1324285	0
309.15	0	.6766705	.1909128	.1324167	0
308.15	0	.6766479	.1909472	.132405	0
307.15	0	.6766255	.1909812	.1323933	0
306.15	0	.6766033	.1910149	.1323818	0
305.15	0	.6765813	.1910484	.1323703	0
304.15	0	.6765595	.1910815	.132359	0
303.15	0	.6765378	.1911144	.1323478	0
302.15	0	.6765164	.191147	.1323366	0
301.15	0	.6764951	.1911793	.1323256	0
300.15	0	.676474	.1912114	.1323147	0
299.15	0	.676453	.1912432	.1323038	0
298.15	0	.6764322	.1912747	.1322931	0
