T	 BPW(LIQUID)	BPW(BCC_A2)	BPW(FCC_A1)	BPW(LAVES_PHASE_C14)	BPW(NI3TI)
1473.15	0	1	0	0	0
1472.15	0	1	0	0	0
1471.15	0	1	0	0	0
1470.15	0	1	0	0	0
1469.15	0	1	0	0	0
1468.15	0	1	0	0	0
1467.15	0	1	0	0	0
1466.15	0	1	0	0	0
1465.15	0	1	0	0	0
1464.15	0	1	0	0	0
1463.15	0	1	0	0	0
1462.15	0	1	0	0	0
1461.15	0	1	0	0	0
1460.15	0	1	0	0	0
1459.15	0	1	0	0	0
1458.15	0	1	0	0	0
1457.15	0	1	0	0	0
1456.15	0	1	0	0	0
1455.15	0	1	0	0	0
1454.15	0	1	0	0	0
1453.15	0	1	0	0	0
1452.15	0	1	0	0	0
1451.15	0	1	0	0	0
1450.15	0	1	0	0	0
1449.15	0	1	0	0	0
1448.15	0	1	0	0	0
1447.15	0	1	0	0	0
1446.15	0	1	0	0	0
1445.15	0	1	0	0	0
1444.15	0	1	0	0	0
1443.15	0	1	0	0	0
1442.15	0	1	0	0	0
1441.15	0	1	0	0	0
1440.15	0	1	0	0	0
1439.15	0	1	0	0	0
1438.15	0	1	0	0	0
1437.15	0	1	0	0	0
1436.15	0	1	0	0	0
1435.15	0	1	0	0	0
1434.15	0	1	0	0	0
1433.15	0	1	0	0	0
1432.15	0	1	0	0	0
1431.15	0	1	0	0	0
1430.15	0	1	0	0	0
1429.15	0	1	0	0	0
1428.15	0	1	0	0	0
1427.15	0	1	0	0	0
1426.15	0	1	0	0	0
1425.15	0	1	0	0	0
1424.15	0	1	0	0	0
1423.15	0	1	0	0	0
1422.15	0	1	0	0	0
1421.15	0	1	0	0	0
1420.15	0	1	0	0	0
1419.15	0	1	0	0	0
1418.15	0	1	0	0	0
1417.15	0	1	0	0	0
1416.15	0	1	0	0	0
1415.15	0	1	0	0	0
1414.15	0	1	0	0	0
1413.15	0	1	0	0	0
1412.15	0	1	0	0	0
1411.15	0	1	0	0	0
1410.15	0	1	0	0	0
1409.15	0	1	0	0	0
1408.15	0	1	0	0	0
1407.15	0	1	0	0	0
1406.15	0	1	0	0	0
1405.15	0	1	0	0	0
1404.15	0	1	0	0	0
1403.15	0	1	0	0	0
1402.15	0	1	0	0	0
1401.15	0	1	0	0	0
1400.15	0	1	0	0	0
1399.15	0	1	0	0	0
1398.15	0	1	0	0	0
1397.15	0	1	0	0	0
1396.15	0	1	0	0	0
1395.15	0	1	0	0	0
1394.15	0	1	0	0	0
1393.15	0	1	0	0	0
1392.15	0	1	0	0	0
1391.15	0	1	0	0	0
1390.15	0	1	0	0	0
1389.15	0	1	0	0	0
1388.15	0	1	0	0	0
1387.15	0	1	0	0	0
1386.15	0	1	0	0	0
1385.15	0	1	0	0	0
1384.15	0	1	0	0	0
1383.15	0	1	0	0	0
1382.15	0	1	0	0	0
1381.15	0	1	0	0	0
1380.15	0	1	0	0	0
1379.15	0	1	0	0	0
1378.15	0	1	0	0	0
1377.15	0	1	0	0	0
1376.15	0	1	0	0	0
1375.15	0	1	0	0	0
1374.15	0	1	0	0	0
1373.15	0	1	0	0	0
1372.15	0	1	0	0	0
1371.15	0	1	0	0	0
1370.15	0	1	0	0	0
1369.15	0	1	0	0	0
1368.15	0	1	0	0	0
1367.15	0	1	0	0	0
1366.15	0	1	0	0	0
1365.15	0	1	0	0	0
1364.15	0	1	0	0	0
1363.15	0	1	0	0	0
1362.15	0	1	0	0	0
1361.15	0	1	0	0	0
1360.15	0	1	0	0	0
1359.15	0	1	0	0	0
1358.15	0	1	0	0	0
1357.15	0	1	0	0	0
1356.15	0	1	0	0	0
1355.15	0	1	0	0	0
1354.15	0	1	0	0	0
1353.15	0	1	0	0	0
1352.15	0	1	0	0	0
1351.15	0	1	0	0	0
1350.15	0	1	0	0	0
1349.15	0	1	0	0	0
1348.15	0	1	0	0	0
1347.15	0	1	0	0	0
1346.15	0	1	0	0	0
1345.15	0	1	0	0	0
1344.15	0	1	0	0	0
1343.15	0	1	0	0	0
1342.15	0	1	0	0	0
1341.15	0	1	0	0	0
1340.15	0	1	0	0	0
1339.15	0	1	0	0	0
1338.15	0	1	0	0	0
1337.15	0	1	0	0	0
1336.15	0	1	0	0	0
1335.15	0	1	0	0	0
1334.15	0	1	0	0	0
1333.15	0	1	0	0	0
1332.15	0	1	0	0	0
1331.15	0	1	0	0	0
1330.15	0	1	0	0	0
1329.15	0	1	0	0	0
1328.15	0	1	0	0	0
1327.15	0	1	0	0	0
1326.15	0	1	0	0	0
1325.15	0	1	0	0	0
1324.15	0	1	0	0	0
1323.15	0	1	0	0	0
1322.15	0	1	0	0	0
1321.15	0	1	0	0	0
1320.15	0	1	0	0	0
1319.15	0	1	0	0	0
1318.15	0	1	0	0	0
1317.15	0	1	0	0	0
1316.15	0	1	0	0	0
1315.15	0	1	0	0	0
1314.15	0	1	0	0	0
1313.15	0	1	0	0	0
1312.15	0	1	0	0	0
1311.15	0	1	0	0	0
1310.15	0	1	0	0	0
1309.15	0	1	0	0	0
1308.15	0	1	0	0	0
1307.15	0	1	0	0	0
1306.15	0	1	0	0	0
1305.15	0	1	0	0	0
1304.15	0	1	0	0	0
1303.15	0	1	0	0	0
1302.15	0	1	0	0	0
1301.15	0	1	0	0	0
1300.15	0	1	0	0	0
1299.15	0	1	0	0	0
1298.15	0	1	0	0	0
1297.15	0	1	0	0	0
1296.15	0	1	0	0	0
1295.15	0	1	0	0	0
1294.15	0	1	0	0	0
1293.15	0	1	0	0	0
1292.15	0	1	0	0	0
1291.15	0	1	0	0	0
1290.15	0	1	0	0	0
1289.15	0	1	0	0	0
1288.15	0	1	0	0	0
1287.15	0	1	0	0	0
1286.15	0	1	0	0	0
1285.15	0	1	0	0	0
1284.15	0	1	0	0	0
1283.15	0	1	0	0	0
1282.15	0	1	0	0	0
1281.15	0	1	0	0	0
1280.15	0	1	0	0	0
1279.15	0	1	0	0	0
1278.15	0	1	0	0	0
1277.15	0	1	0	0	0
1276.15	0	1	0	0	0
1275.15	0	1	0	0	0
1274.15	0	1	0	0	0
1273.15	0	1	0	0	0
1272.15	0	1	0	0	0
1271.15	0	1	0	0	0
1270.15	0	1	0	0	0
1269.15	0	1	0	0	0
1268.15	0	1	0	0	0
1267.15	0	1	0	0	0
1266.15	0	1	0	0	0
1265.15	0	1	0	0	0
1264.15	0	1	0	0	0
1263.15	0	1	0	0	0
1262.15	0	1	0	0	0
1261.15	0	1	0	0	0
1260.15	0	1	0	0	0
1259.15	0	1	0	0	0
1258.15	0	1	0	0	0
1257.15	0	1	0	0	0
1256.15	0	1	0	0	0
1255.15	0	1	0	0	0
1254.15	0	1	0	0	0
1253.15	0	1	0	0	0
1252.15	0	1	0	0	0
1251.15	0	1	0	0	0
1250.15	0	1	0	0	0
1249.15	0	1	0	0	0
1248.15	0	1	0	0	0
1247.15	0	1	0	0	0
1246.15	0	1	0	0	0
1245.15	0	1	0	0	0
1244.15	0	1	0	0	0
1243.15	0	1	0	0	0
1242.15	0	1	0	0	0
1241.15	0	1	0	0	0
1240.15	0	1	0	0	0
1239.15	0	1	0	0	0
1238.15	0	1	0	0	0
1237.15	0	1	0	0	0
1236.15	0	1	0	0	0
1235.15	0	1	0	0	0
1234.15	0	1	0	0	0
1233.15	0	1	0	0	0
1232.15	0	1	0	0	0
1231.15	0	1	0	0	0
1230.15	0	1	0	0	0
1229.15	0	1	0	0	0
1228.15	0	1	0	0	0
1227.15	0	1	0	0	0
1226.15	0	1	0	0	0
1225.15	0	1	0	0	0
1224.15	0	1	0	0	0
1223.15	0	1	0	0	0
1222.15	0	1	0	0	0
1221.15	0	1	0	0	0
1220.15	0	1	0	0	0
1219.15	0	1	0	0	0
1218.15	0	1	0	0	0
1217.15	0	1	0	0	0
1216.15	0	1	0	0	0
1215.15	0	1	0	0	0
1214.15	0	1	0	0	0
1213.15	0	1	0	0	0
1212.15	0	1	0	0	0
1211.15	0	1	0	0	0
1210.15	0	1	0	0	0
1209.15	0	1	0	0	0
1208.15	0	1	0	0	0
1207.15	0	1	0	0	0
1206.15	0	1	0	0	0
1205.15	0	1	0	0	0
1204.15	0	1	0	0	0
1203.15	0	1	0	0	0
1202.15	0	1	0	0	0
1201.15	0	1	0	0	0
1200.15	0	1	0	0	0
1199.15	0	1	0	0	0
1198.15	0	1	0	0	0
1197.15	0	1	0	0	0
1196.15	0	1	0	0	0
1195.15	0	1	0	0	0
1194.15	0	1	0	0	0
1193.15	0	1	0	0	0
1192.15	0	1	0	0	0
1191.15	0	1	0	0	0
1190.15	0	1	0	0	0
1189.15	0	1	0	0	0
1188.15	0	1	0	0	0
1187.15	0	1	0	0	0
1186.15	0	1	0	0	0
1185.15	0	1	0	0	0
1184.15	0	1	0	0	0
1183.15	0	1	0	0	0
1182.15	0	1	0	0	0
1181.15	0	1	0	0	0
1180.15	0	1	0	0	0
1179.15	0	1	0	0	0
1178.15	0	1	0	0	0
1177.15	0	1	0	0	0
1176.15	0	1	0	0	0
1175.15	0	1	0	0	0
1174.15	0	1	0	0	0
1173.15	0	1	0	0	0
1172.15	0	1	0	0	0
1171.15	0	1	0	0	0
1170.15	0	1	0	0	0
1169.15	0	1	0	0	0
1168.15	0	1	0	0	0
1167.15	0	1	0	0	0
1166.15	0	1	0	0	0
1165.15	0	1	0	0	0
1164.15	0	1	0	0	0
1163.15	0	1	0	0	0
1162.15	0	1	0	0	0
1161.15	0	1	0	0	0
1160.15	0	1	0	0	0
1159.15	0	1	0	0	0
1158.15	0	1	0	0	0
1157.15	0	1	0	0	0
1156.15	0	1	0	0	0
1155.15	0	1	0	0	0
1154.15	0	1	0	0	0
1153.15	0	1	0	0	0
1152.15	0	1	0	0	0
1151.15	0	1	0	0	0
1150.15	0	1	0	0	0
1149.15	0	1	0	0	0
1148.15	0	1	0	0	0
1147.15	0	1	0	0	0
1146.15	0	1	0	0	0
1145.15	0	1	0	0	0
1144.15	0	1	0	0	0
1143.15	0	1	0	0	0
1142.15	0	1	0	0	0
1141.15	0	1	0	0	0
1140.15	0	1	0	0	0
1139.15	0	1	0	0	0
1138.15	0	1	0	0	0
1137.15	0	1	0	0	0
1136.15	0	1	0	0	0
1135.15	0	1	0	0	0
1134.15	0	1	0	0	0
1133.15	0	1	0	0	0
1132.15	0	1	0	0	0
1131.15	0	1	0	0	0
1130.15	0	1	0	0	0
1129.15	0	1	0	0	0
1128.15	0	1	0	0	0
1127.15	0	1	0	0	0
1126.15	0	1	0	0	0
1125.15	0	1	0	0	0
1124.15	0	1	0	0	0
1123.15	0	1	0	0	0
1122.15	0	1	0	0	0
1121.15	0	1	0	0	0
1120.15	0	1	0	0	0
1119.15	0	1	0	0	0
1118.15	0	1	0	0	0
1117.15	0	1	0	0	0
1116.15	0	1	0	0	0
1115.15	0	1	0	0	0
1114.15	0	1	0	0	0
1113.15	0	1	0	0	0
1112.15	0	1	0	0	0
1111.15	0	1	0	0	0
1110.15	0	1	0	0	0
1109.15	0	1	0	0	0
1108.15	0	1	0	0	0
1107.15	0	1	0	0	0
1106.15	0	1	0	0	0
1105.15	0	1	0	0	0
1104.15	0	1	0	0	0
1103.15	0	1	0	0	0
1102.15	0	1	0	0	0
1101.15	0	1	0	0	0
1100.15	0	1	0	0	0
1099.15	0	1	0	0	0
1098.15	0	1	0	0	0
1097.15	0	1	0	0	0
1096.15	0	1	0	0	0
1095.15	0	1	0	0	0
1094.15	0	1	0	0	0
1093.15	0	1	0	0	0
1092.15	0	1	0	0	0
1091.15	0	1	0	0	0
1090.15	0	1	0	0	0
1089.15	0	1	0	0	0
1088.15	0	1	0	0	0
1087.15	0	1	0	0	0
1086.15	0	1	0	0	0
1085.15	0	1	0	0	0
1084.15	0	1	0	0	0
1083.15	0	1	0	0	0
1082.15	0	1	0	0	0
1081.15	0	1	0	0	0
1080.15	0	1	0	0	0
1079.15	0	1	0	0	0
1078.15	0	1	0	0	0
1077.15	0	1	0	0	0
1076.15	0	1	0	0	0
1075.15	0	1	0	0	0
1074.15	0	1	0	0	0
1073.15	0	1	0	0	0
1072.15	0	1	0	0	0
1071.15	0	1	0	0	0
1070.15	0	1	0	0	0
1069.15	0	1	0	0	0
1068.15	0	1	0	0	0
1067.15	0	1	0	0	0
1066.15	0	1	0	0	0
1065.15	0	1	0	0	0
1064.15	0	1	0	0	0
1063.15	0	1	0	0	0
1062.15	0	1	0	0	0
1061.15	0	1	0	0	0
1060.15	0	1	0	0	0
1059.15	0	1	0	0	0
1058.15	0	1	0	0	0
1057.15	0	1	0	0	0
1056.15	0	1	0	0	0
1055.15	0	1	0	0	0
1054.15	0	1	0	0	0
1053.15	0	1	0	0	0
1052.15	0	1	0	0	0
1051.15	0	1	0	0	0
1050.15	0	1	0	0	0
1049.15	0	1	0	0	0
1048.15	0	1	0	0	0
1047.15	0	1	0	0	0
1046.15	0	1	0	0	0
1045.15	0	1	0	0	0
1044.15	0	1	0	0	0
1043.15	0	1	0	0	0
1042.15	0	1	0	0	0
1041.15	0	1	0	0	0
1040.15	0	1	0	0	0
1039.15	0	1	0	0	0
1038.15	0	1	0	0	0
1037.15	0	1	0	0	0
1036.15	0	1	0	0	0
1035.15	0	1	0	0	0
1034.15	0	1	0	0	0
1033.15	0	1	0	0	0
1032.15	0	1	0	0	0
1031.15	0	1	0	0	0
1030.15	0	1	0	0	0
1029.15	0	1	0	0	0
1028.15	0	1	0	0	0
1027.15	0	1	0	0	0
1026.15	0	1	0	0	0
1025.15	0	1	0	0	0
1024.15	0	1	0	0	0
1023.15	0	1	0	0	0
1022.15	0	1	0	0	0
1021.15	0	1	0	0	0
1020.15	0	1	0	0	0
1019.15	0	1	0	0	0
1018.15	0	1	0	0	0
1017.15	0	1	0	0	0
1016.15	0	1	0	0	0
1015.15	0	1	0	0	0
1014.15	0	1	0	0	0
1013.15	0	1	0	0	0
1012.15	0	1	0	0	0
1011.15	0	1	0	0	0
1010.15	0	1	0	0	0
1009.15	0	1	0	0	0
1008.15	0	1	0	0	0
1007.15	0	1	0	0	0
1006.15	0	1	0	0	0
1005.15	0	1	0	0	0
1004.15	0	1	0	0	0
1003.15	0	1	0	0	0
1002.15	0	1	0	0	0
1001.15	0	1	0	0	0
1000.15	0	1	0	0	0
999.15	0	1	0	0	0
998.15	0	1	0	0	0
997.15	0	1	0	0	0
996.15	0	1	0	0	0
995.15	0	1	0	0	0
994.15	0	1	0	0	0
993.15	0	1	0	0	0
992.15	0	1	0	0	0
991.15	0	1	0	0	0
990.15	0	1	0	0	0
989.15	0	1	0	0	0
988.15	0	1	0	0	0
987.15	0	1	0	0	0
986.15	0	1	0	0	0
985.15	0	1	0	0	0
984.15	0	1	0	0	0
983.15	0	1	0	0	0
982.15	0	1	0	0	0
981.15	0	1	0	0	0
980.15	0	1	0	0	0
979.15	0	1	0	0	0
978.15	0	1	0	0	0
977.15	0	1	0	0	0
976.15	0	1	0	0	0
975.15	0	1	0	0	0
974.15	0	1	0	0	0
973.15	0	1	0	0	0
972.15	0	1	0	0	0
971.15	0	1	0	0	0
970.15	0	1	0	0	0
969.15	0	1	0	0	0
968.15	0	1	0	0	0
967.15	0	1	0	0	0
966.15	0	1	0	0	0
965.15	0	1	0	0	0
964.15	0	1	0	0	0
963.15	0	1	0	0	0
962.15	0	1	0	0	0
961.15	0	1	0	0	0
960.15	0	1	0	0	0
959.15	0	1	0	0	0
958.15	0	1	0	0	0
957.15	0	1	0	0	0
956.15	0	1	0	0	0
955.15	0	1	0	0	0
954.15	0	1	0	0	0
953.15	0	1	0	0	0
952.15	0	1	0	0	0
951.15	0	1	0	0	0
950.15	0	1	0	0	0
949.15	0	1	0	0	0
948.15	0	1	0	0	0
947.15	0	1	0	0	0
946.15	0	1	0	0	0
945.15	0	1	0	0	0
944.15	0	1	0	0	0
943.15	0	1	0	0	0
942.15	0	1	0	0	0
941.15	0	1	0	0	0
940.15	0	1	0	0	0
939.15	0	1	0	0	0
938.15	0	1	0	0	0
937.15	0	1	0	0	0
936.15	0	1	0	0	0
935.15	0	1	0	0	0
934.15	0	1	0	0	0
933.15	0	1	0	0	0
932.7461	0	1	0	0	0
932.7461	0	1	0	0	0
932.7461	0	1	0	0	0
932.15	0	.9998162	0	1.837873E-04	0
931.15	0	.9995085	0	4.914828E-04	0
930.15	0	.9992016	0	7.983922E-04	0
929.15	0	.9988955	0	.001104517	0
928.15	0	.9985901	0	.001409857	0
927.15	0	.9982856	0	.001714415	0
926.15	0	.9979818	0	.002018191	0
925.15	0	.9976788	0	.002321187	0
924.15	0	.9973766	0	.002623403	0
923.15	0	.9970752	0	.00292484	0
922.15	0	.9967745	0	.0032255	0
921.15	0	.9964746	0	.003525384	0
920.15	0	.9961755	0	.003824493	0
919.15	0	.9958772	0	.004122828	0
918.15	0	.9955796	0	.00442039	0
917.15	0	.9952828	0	.00471718	0
916.15	0	.9949868	0	.005013199	0
915.15	0	.9946915	0	.005308449	0
914.15	0	.9943971	0	.00560293	0
913.15	0	.9941034	0	.005896644	0
912.15	0	.9938104	0	.006189592	0
911.15	0	.9935182	0	.006481775	0
910.15	0	.9932268	0	.006773194	0
909.15	0	.9929362	0	.00706385	0
908.15	0	.9926462	0	.007353745	0
907.15	0	.9923571	0	.00764288	0
906.15	0	.9920687	0	.007931255	0
905.15	0	.9917811	0	.008218873	0
904.15	0	.9914943	0	.008505733	0
903.15	0	.9912082	0	.008791838	0
902.15	0	.9909228	0	.009077189	0
901.15	0	.9906382	0	.009361786	0
900.15	0	.9903544	0	.009645632	0
899.15	0	.9900713	0	.009928727	0
898.15	0	.9897889	0	.01021107	0
897.6536	0	.9896491	0	.01035095	0
897.6536	0	.9896491	0	.01035095	0
897.6536	0	.9896491	0	.01035095	0
897.15	0	.9890789	4.702341E-04	.0104509	0
896.15	0	.9879479	.001403952	.01064816	0
895.15	0	.9868186	.002337685	.01084376	0
894.15	0	.9856908	.003271499	.0110377	0
893.15	0	.9845646	.004205466	.01122995	0
892.15	0	.9834398	.005139657	.01142051	0
891.15	0	.9823165	.006074148	.01160935	0
890.15	0	.9811945	.007009016	.01179644	0
889.15	0	.9800739	.007944343	.01198179	0
888.15	0	.9789544	.008880213	.01216535	0
887.15	0	.9778362	.009816712	.01234712	0
886.15	0	.976719	.01075393	.01252707	0
885.15	0	.9756029	.01169196	.01270518	0
884.15	0	.9744877	.01263091	.01288142	0
883.15	0	.9733734	.01357086	.01305578	0
882.15	0	.9722598	.01451193	.01322823	0
881.15	0	.971147	.01545423	.01339875	0
880.15	0	.9700348	.01639787	.01356731	0
879.15	0	.9689232	.01734296	.01373388	0
878.15	0	.9678119	.01828963	.01389844	0
877.15	0	.966701	.01923801	.01406095	0
876.15	0	.9655904	.02018822	.0142214	0
875.15	0	.9644798	.02114041	.01437976	0
874.15	0	.9633693	.02209471	.01453598	0
873.15	0	.9622587	.02305128	.01469004	0
872.15	0	.9611478	.02401027	.01484191	0
871.15	0	.9600366	.02497184	.01499156	0
870.15	0	.9589249	.02593616	.01513894	0
869.15	0	.9578126	.0269034	.01528402	0
868.15	0	.9566995	.02787375	.01542677	0
867.15	0	.9555855	.0288474	.01556715	0
866.15	0	.9544704	.02982454	.01570511	0
865.15	0	.953354	.03080538	.01584061	0
864.15	0	.9522362	.03179015	.01597361	0
863.15	0	.9511169	.03277905	.01610407	0
862.15	0	.9499957	.03377234	.01623194	0
861.15	0	.9488726	.03477025	.01635716	0
860.15	0	.9477473	.03577305	.01647969	0
859.15	0	.9466195	.036781	.01659948	0
858.15	0	.9454891	.0377944	.01671646	0
857.15	0	.9443559	.03881353	.01683059	0
856.15	0	.9432195	.03983872	.0169418	0
855.15	0	.9420797	.04087029	.01705002	0
854.15	0	.9409362	.04190858	.01715519	0
853.15	0	.9397888	.04295395	.01725724	0
852.15	0	.9386371	.0440068	.0173561	0
851.15	0	.9374808	.04506752	.01745169	0
850.15	0	.9363195	.04613653	.01754393	0
849.15	0	.935153	.04721429	.01763274	0
848.15	0	.9339807	.04830127	.01771802	0
847.15	0	.9328024	.04939797	.01779968	0
846.15	0	.9316175	.05050492	.01787762	0
845.15	0	.9304256	.05162268	.01795173	0
844.15	0	.9292262	.05275186	.01802191	0
843.15	0	.9280189	.05389308	.01808804	0
842.15	0	.926803	.05504704	.01814998	0
841.15	0	.925578	.05621444	.01820761	0
840.15	0	.9243432	.05739605	.01826078	0
839.15	0	.923098	.05859272	.01830933	0
838.15	0	.9218416	.05980531	.01835311	0
837.15	0	.9205733	.06103478	.01839195	0
836.15	0	.9188136	.0628102	.01837618	0
835.15	0	.9169127	.06474795	.01833937	0
834.15	0	.9150723	.06662543	.0183023	0
833.15	0	.9132898	.06844523	.01826502	0
832.15	0	.9115625	.07020986	.0182276	0
831.15	0	.9098883	.07192167	.01819008	0
830.15	0	.9082646	.07358292	.01815251	0
829.15	0	.9066893	.07519576	.01811492	0
828.15	0	.9051604	.07676223	.01807733	0
827.15	0	.9036759	.07828427	.01803979	0
826.15	0	.902234	.07976373	.01800229	0
825.15	0	.9008328	.08120237	.01796487	0
824.15	0	.8994706	.08260186	.01792753	0
823.15	0	.8981459	.08396379	.01789029	0
822.15	0	.8968572	.08528968	.01785314	0
821.15	0	.895603	.08658096	.0178161	0
820.15	0	.8943818	.08783901	.01777916	0
819.15	0	.8931925	.08906514	.01774234	0
818.15	0	.8920338	.09026058	.01770562	0
817.15	0	.8909044	.09142654	.01766902	0
816.15	0	.8898034	.09256412	.01763253	0
815.15	0	.8887294	.09367442	.01759614	0
814.15	0	.8876817	.09475847	.01755985	0
813.15	0	.8866591	.09581723	.01752367	0
812.15	0	.8856608	.09685164	.01748757	0
811.15	0	.8846858	.0978626	.01745157	0
810.15	0	.8837334	.09885097	.01741566	0
809.15	0	.8828026	.09981754	.01737983	0
808.15	0	.8818928	.1007631	.01734407	0
807.15	0	.8810032	.1016884	.01730838	0
806.15	0	.8801331	.1025942	.01727276	0
805.15	0	.8792818	.1034811	.0172372	0
804.15	0	.8784486	.1043497	.0172017	0
803.15	0	.877633	.1052008	.01716624	0
802.15	0	.8768344	.1060348	.01713083	0
801.15	0	.8760521	.1068524	.01709546	0
800.15	0	.8752857	.1076542	.01706012	0
799.15	0	.8745346	.1084406	.01702481	0
798.15	0	.8737984	.1092121	.01698952	0
797.15	0	.8730765	.1099693	.01695425	0
796.15	0	.8723685	.1107125	.01691899	0
795.15	0	.871674	.1114423	.01688375	0
794.15	0	.8709925	.112159	.0168485	0
793.15	0	.8703236	.1128631	.01681326	0
792.15	0	.869667	.113555	.01677801	0
791.15	0	.8690222	.114235	.01674276	0
790.15	0	.868389	.1149035	.01670749	0
789.15	0	.8677669	.1155609	.0166722	0
788.15	0	.8671557	.1162074	.0166369	0
787.15	0	.8665549	.1168435	.01660157	0
786.15	0	.8659644	.1174694	.01656621	0
785.15	0	.8653838	.1180854	.01653082	0
784.15	0	.8648128	.1186918	.0164954	0
783.15	0	.8642511	.1192889	.01645994	0
782.15	0	.8636986	.119877	.01642444	0
781.15	0	.8631548	.1204563	.0163889	0
780.15	0	.8626197	.121027	.01635331	0
779.15	0	.8620929	.1215894	.01631767	0
778.15	0	.8615742	.1221438	.01628198	0
777.15	0	.8610635	.1226903	.01624624	0
776.15	0	.8605604	.1232291	.01621044	0
775.15	0	.8600649	.1237606	.01617459	0
774.15	0	.8595766	.1242848	.01613867	0
773.15	0	.8590954	.1248019	.01610269	0
772.15	0	.8586211	.1253122	.01606664	0
771.15	0	.8581536	.1258159	.01603053	0
770.15	0	.8576926	.126313	.01599436	0
769.15	0	.857238	.1268038	.01595811	0
768.15	0	.8567897	.1272885	.01592179	0
767.15	0	.8563475	.1277671	.0158854	0
766.15	0	.8559112	.1282399	.01584893	0
765.15	0	.8554807	.1287069	.01581239	0
764.15	0	.8550558	.1291684	.01577577	0
763.15	0	.8546365	.1296245	.01573907	0
762.15	0	.8542225	.1300752	.0157023	0
761.15	0	.8538138	.1305208	.01566544	0
760.15	0	.8534102	.1309613	.01562851	0
759.15	0	.853013	.1313959	.01559116	0
758.15	0	.8526192	.1318267	.01555409	0
757.15	0	.8522302	.1322529	.01551693	0
756.15	0	.8518459	.1326744	.01547968	0
755.15	0	.8514662	.1330915	.01544235	0
754.15	0	.8510909	.1335042	.01540493	0
753.15	0	.85072	.1339125	.01536742	0
752.15	0	.8503534	.1343167	.01532983	0
751.15	0	.849991	.1347168	.01529215	0
750.15	0	.8496327	.1351129	.01525438	0
749.15	0	.8492784	.1355051	.01521652	0
748.15	0	.848928	.1358934	.01517858	0
747.15	0	.8485815	.136278	.01514054	0
746.15	0	.8482387	.1366589	.01510242	0
745.15	0	.8478996	.1370362	.0150642	0
744.15	0	.8475641	.13741	.0150259	0
743.15	0	.8472322	.1377803	.0149875	0
742.15	0	.8469037	.1381473	.01494902	0
741.15	0	.8465786	.138511	.01491045	0
740.15	0	.8462568	.1388714	.01487179	0
739.15	0	.8459383	.1392287	.01483303	0
738.15	0	.8456229	.1395829	.01479419	0
737.15	0	.8453107	.139934	.01475526	0
736.15	0	.8450016	.1402822	.01471624	0
735.15	0	.8446955	.1406274	.01467713	0
734.15	0	.8443923	.1409698	.01463794	0
733.15	0	.844092	.1413093	.01459866	0
732.15	0	.8437946	.1416461	.01455928	0
731.15	0	.8435	.1419802	.01451982	0
730.15	0	.8432081	.1423116	.01448028	0
729.15	0	.8429189	.1426405	.01444064	0
728.15	0	.8426324	.1429667	.01440092	0
727.15	0	.8423484	.1432905	.01436111	0
726.15	0	.842067	.1436118	.01432122	0
725.15	0	.8417881	.1439307	.01428124	0
724.15	0	.8415116	.1442472	.01424118	0
723.15	0	.8412376	.1445614	.01420103	0
722.15	0	.840966	.1448732	.0141608	0
721.15	0	.8406966	.1451829	.01412049	0
720.15	0	.8404296	.1454903	.01408009	0
719.15	0	.8401648	.1457955	.01403961	0
718.15	0	.8399023	.1460986	.01399905	0
717.15	0	.8396419	.1463997	.01395841	0
716.15	0	.8393837	.1466986	.01391769	0
715.15	0	.8391276	.1469955	.01387689	0
714.15	0	.8388736	.1472904	.01383601	0
713.15	0	.8386216	.1475834	.01379505	0
712.15	0	.8383716	.1478744	.01375401	0
711.15	0	.8381236	.1481635	.01371289	0
710.15	0	.8378776	.1484507	.0136717	0
709.15	0	.8376334	.1487361	.01363044	0
708.15	0	.8373912	.1490197	.01358909	0
707.15	0	.8371508	.1493015	.01354768	0
706.15	0	.8369123	.1495816	.01350619	0
705.15	0	.8366755	.1498599	.01346462	0
704.15	0	.8364406	.1501365	.01342299	0
703.15	0	.8362073	.1504114	.01338128	0
702.15	0	.8359759	.1506847	.0133395	0
701.15	0	.8357461	.1509563	.01329765	0
700.15	0	.8355179	.1512263	.01325573	0
699.15	0	.8352915	.1514948	.01321375	0
698.15	0	.8350666	.1517617	.01317169	0
697.15	0	.8348434	.152027	.01312957	0
696.15	0	.8346218	.1522909	.01308738	0
695.15	0	.8344017	.1525532	.01304513	0
694.15	0	.8341831	.1528141	.01300281	0
693.15	0	.8339661	.1530735	.01296043	0
692.15	0	.8337506	.1533314	.01291799	0
691.15	0	.8335365	.153588	.01287549	0
690.15	0	.8333239	.1538432	.01283292	0
689.15	0	.8331128	.1540969	.01279029	0
688.15	0	.832903	.1543494	.01274761	0
687.15	0	.8326947	.1546005	.01270486	0
686.15	0	.8324877	.1548502	.01266206	0
685.15	0	.8322822	.1550987	.0126192	0
684.15	0	.8320779	.1553458	.01257628	0
683.15	0	.831875	.1555917	.01253331	0
682.15	0	.8316734	.1558363	.01249029	0
681.15	0	.8314731	.1560797	.01244721	0
680.15	0	.8312741	.1563218	.01240408	0
679.15	0	.8310763	.1565628	.0123609	0
678.15	0	.8308799	.1568025	.01231767	0
677.15	0	.8306846	.157041	.01227438	0
676.15	0	.8304906	.1572784	.01223105	0
675.15	0	.8302977	.1575146	.01218767	0
674.15	0	.8301061	.1577497	.01214425	0
673.15	0	.8299156	.1579836	.01210077	0
672.15	0	.8297263	.1582164	.01205726	0
671.15	0	.8295382	.1584481	.01201369	0
670.15	0	.8293512	.1586787	.01197009	0
669.15	0	.8291653	.1589083	.01192644	0
668.15	0	.8289805	.1591367	.01188275	0
667.15	0	.8287969	.1593641	.01183902	0
666.15	0	.8286143	.1595905	.01179525	0
665.15	0	.8284328	.1598158	.01175145	0
664.15	0	.8282524	.16004	.0117076	0
663.15	0	.828073	.1602633	.01166372	0
662.15	0	.8278947	.1604856	.0116198	0
661.15	0	.8277174	.1607068	.01157584	0
660.15	0	.8275411	.1609271	.01153186	0
659.15	0	.8273658	.1611464	.01148784	0
658.15	0	.8271915	.1613647	.01144378	0
657.15	0	.8270182	.1615821	.0113997	0
656.15	0	.8268459	.1617985	.01135558	0
655.15	0	.8266746	.162014	.01131144	0
654.15	0	.8265042	.1622285	.01126727	0
653.15	0	.8263348	.1624421	.01122307	0
652.15	0	.8261663	.1626548	.01117884	0
651.15	0	.8259988	.1628666	.01113459	0
650.15	0	.8258322	.1630775	.01109032	0
649.15	0	.8256665	.1632875	.01104602	0
648.15	0	.8255017	.1634966	.01100169	0
647.15	0	.8253378	.1637049	.01095735	0
646.15	0	.8251748	.1639123	.01091299	0
645.15	0	.8250126	.1641188	.0108686	0
644.15	0	.8248514	.1643244	.0108242	0
643.15	0	.824691	.1645293	.01077978	0
642.15	0	.8245314	.1647332	.01073534	0
641.15	0	.8243727	.1649364	.01069088	0
640.15	0	.8242149	.1651387	.01064641	0
639.15	0	.8240579	.1653402	.01060193	0
638.15	0	.8239017	.1655409	.01055743	0
637.15	0	.8237463	.1657407	.01051293	0
636.15	0	.8235918	.1659398	.01046841	0
635.15	0	.823438	.1661381	.01042388	0
634.15	0	.8232851	.1663356	.01037934	0
633.15	0	.8231329	.1665323	.01033479	0
632.15	0	.8229816	.1667282	.01029024	0
631.15	0	.822831	.1669234	.01024568	0
630.15	0	.8226812	.1671177	.01020111	0
629.15	0	.8225321	.1673113	.01015654	0
628.15	0	.8223838	.1675042	.01011196	0
627.15	0	.8222363	.1676963	.01006739	0
626.15	0	.8220895	.1678877	.01002281	0
625.15	0	.8219435	.1680783	.00997823	0
624.15	0	.8217982	.1682682	.009933651	0
623.15	0	.8216536	.1684573	.009889074	0
622.15	0	.8215097	.1686458	.009844499	0
621.15	0	.8213666	.1688334	.009799928	0
620.15	0	.8212242	.1690204	.00975536	0
619.15	0	.8210825	.1692067	.009710798	0
618.15	0	.8209415	.1693922	.009666242	0
617.15	0	.8208012	.1695771	.009621693	0
616.15	0	.8206616	.1697612	.009577152	0
615.15	0	.8205227	.1699447	.00953262	0
614.15	0	.8203845	.1701274	.009488097	0
613.15	0	.8202469	.1703095	.009443586	0
612.15	0	.8201101	.1704909	.009399087	0
611.15	0	.8199739	.1706715	.0093546	0
610.15	0	.8198383	.1708515	.009310127	0
609.15	0	.8197035	.1710309	.009265669	0
608.15	0	.8195692	.1712096	.009221227	0
607.15	0	.8194357	.1713875	.009176801	0
606.15	0	.8193027	.1715649	.009132392	0
605.15	0	.8191705	.1717415	.009088002	0
604.15	0	.8190388	.1719175	.009043632	0
603.15	0	.8189078	.1720929	.008999282	0
602.15	0	.8187775	.1722676	.008954953	0
601.15	0	.8186477	.1724416	.008910647	0
600.15	0	.8185186	.172615	.008866364	0
599.15	0	.8183901	.1727878	.008822105	0
598.15	0	.8182622	.1729599	.008777871	0
597.15	0	.818135	.1731314	.008733663	0
596.15	0	.8180083	.1733022	.008689482	0
595.15	0	.8178823	.1734724	.008645329	0
594.15	0	.8177568	.173642	.008601205	0
593.15	0	.8176319	.1738109	.008557111	0
592.15	0	.8175077	.1739793	.008513048	0
591.15	0	.817384	.174147	.008469016	0
590.15	0	.8172609	.174314	.008425017	0
589.15	0	.8171384	.1744805	.008381051	0
588.15	0	.8170165	.1746464	.00833712	0
587.15	0	.8168952	.1748116	.008293225	0
586.15	0	.8167744	.1749762	.008249365	0
585.15	0	.8166542	.1751402	.008205543	0
584.15	0	.8165346	.1753037	.008161759	0
583.15	0	.8164155	.1754665	.008118015	0
582.15	0	.816297	.1756287	.00807431	0
581.15	0	.8161791	.1757903	.008030646	0
580.15	0	.8160617	.1759513	.007987025	0
579.15	0	.8159449	.1761117	.007943446	0
578.15	0	.8158286	.1762715	.007899911	0
577.15	0	.8157129	.1764307	.00785642	0
576.15	0	.8155977	.1765894	.007812975	0
575.15	0	.815483	.1767474	.007769577	0
574.15	0	.8153689	.1769049	.007726226	0
573.15	0	.8152554	.1770617	.007682923	0
572.15	0	.8151423	.177218	.00763967	0
571.15	0	.8150298	.1773737	.007596466	0
570.15	0	.8149178	.1775289	.007553314	0
569.15	0	.8148064	.1776834	.007510214	0
568.15	0	.8146955	.1778374	.007467166	0
567.15	0	.8145851	.1779908	.007424173	0
566.15	0	.8144752	.1781436	.007381234	0
565.15	0	.8143658	.1782958	.00733835	0
564.15	0	.814257	.1784475	.007295523	0
563.15	0	.8141486	.1785986	.007252754	0
562.15	0	.8140408	.1787492	.007210042	0
561.15	0	.8139335	.1788991	.00716739	0
560.15	0	.8138267	.1790485	.007124798	0
559.15	0	.8137204	.1791974	.007082267	0
558.15	0	.8136146	.1793457	.007039798	0
557.15	0	.8135092	.1794934	.006997391	0
556.15	0	.8134044	.1796405	.006955048	0
555.15	0	.8133001	.1797871	.006912769	0
554.15	0	.8131963	.1799332	.006870556	0
553.15	0	.813093	.1800786	.006828409	0
552.15	0	.8129901	.1802236	.00678633	0
551.15	0	.8128878	.1803679	.006744318	0
550.15	0	.8127859	.1805117	.006702375	0
549.15	0	.8126845	.180655	.006660502	0
548.15	0	.8125836	.1807977	.006618699	0
547.15	0	.8124832	.1809399	.006576968	0
546.15	0	.8123832	.1810815	.00653531	0
545.15	0	.8122837	.1812225	.006493724	0
544.15	0	.8121848	.181363	.006452213	0
543.15	0	.8120862	.181503	.006410776	0
542.15	0	.8119882	.1816424	.006369415	0
541.15	0	.8118906	.1817813	.006328131	0
540.15	0	.8117935	.1819196	.006286925	0
539.15	0	.8116968	.1820574	.006245797	0
538.15	0	.8116006	.1821946	.006204748	0
537.15	0	.8115049	.1823313	.006163779	0
536.15	0	.8114096	.1824675	.006122891	0
535.15	0	.8113148	.1826031	.006082085	0
534.15	0	.8112205	.1827382	.006041362	0
533.15	0	.8111266	.1828727	.006000721	0
532.15	0	.8110332	.1830067	.005960166	0
531.15	0	.8109402	.1831401	.005919695	0
530.15	0	.8108477	.183273	.00587931	0
529.15	0	.8107556	.1834054	.005839012	0
528.15	0	.8106639	.1835373	.005798801	0
527.15	0	.8105728	.1836686	.005758679	0
526.15	0	.810482	.1837993	.005718646	0
525.15	0	.8103917	.1839296	.005678704	0
524.15	0	.8103019	.1840593	.005638852	0
523.15	0	.8102125	.1841885	.005599092	0
522.15	0	.8101235	.1843171	.005559424	0
521.15	0	.810035	.1844452	.00551985	0
520.15	0	.8099469	.1845728	.005480369	0
519.15	0	.8098592	.1846998	.005440984	0
518.15	0	.809772	.1848263	.005401694	0
517.15	0	.8096852	.1849523	.005362501	0
516.15	0	.8095989	.1850777	.005323405	0
515.15	0	.8095129	.1852027	.005284408	0
514.15	0	.8094274	.1853271	.005245509	0
513.15	0	.8093424	.1854509	.00520671	0
512.15	0	.8092578	.1855742	.005168012	0
511.15	0	.8091736	.185697	.005129318	0
510.15	0	.8090899	.1858193	.005090821	0
509.15	0	.8090065	.1859411	.005052427	0
508.15	0	.8089236	.1860623	.005014136	0
507.15	0	.8088411	.186183	.00497595	0
506.15	0	.808759	.1863032	.004937869	0
505.15	0	.8086773	.1864228	.004899894	0
504.15	0	.808596	.1865419	.004862025	0
503.15	0	.8085152	.1866605	.004824264	0
502.15	0	.8084348	.1867786	.004786611	0
501.15	0	.8083548	.1868962	.004749067	0
500.15	0	.8082752	.1870132	.004711632	0
499.15	0	.808196	.1871297	.004674308	0
498.15	0	.8081172	.1872457	.004637095	0
497.15	0	.8080389	.1873611	.004599994	0
496.15	0	.807961	.1874761	.004563006	0
495.15	0	.8078834	.1875905	.004526131	0
494.15	0	.8078063	.1877043	.00448937	0
493.15	0	.8077296	.1878177	.004452724	0
492.15	0	.8076533	.1879306	.004416193	0
491.15	0	.8075773	.1880429	.004379779	0
490.15	0	.8075018	.1881547	.004343482	0
489.15	0	.8074267	.188266	.004307302	0
488.15	0	.807352	.1883767	.004271241	0
487.15	0	.8072777	.188487	.004235299	0
486.15	0	.8072039	.1885967	.004199477	0
485.15	0	.8071304	.1887059	.004163775	0
484.15	0	.8070573	.1888146	.004128194	0
483.15	0	.8069846	.1889227	.004092736	0
482.15	0	.8069122	.1890304	.0040574	0
481.15	0	.8068403	.1891375	.004022187	0
480.15	0	.8067688	.1892441	.003987099	0
479.15	0	.8066977	.1893502	.003952135	0
478.15	0	.806627	.1894557	.003917296	0
477.15	0	.8065566	.1895608	.003882583	0
476.15	0	.8064867	.1896653	.003847997	0
475.15	0	.8064171	.1897693	.003813539	0
474.15	0	.806348	.1898728	.003779208	0
473.15	0	.8062792	.1899758	.003745006	0
472.15	0	.8062108	.1900783	.003710933	0
471.15	0	.8061428	.1901802	.00367699	0
470.15	0	.8060752	.1902816	.003643178	0
469.15	0	.806008	.1903825	.003609497	0
468.15	0	.8059411	.1904829	.003575948	0
467.15	0	.8058747	.1905828	.003542532	0
466.15	0	.8058086	.1906822	.003509248	0
465.15	0	.8057429	.190781	.003476098	0
464.15	0	.8056776	.1908794	.003443083	0
463.15	0	.8056126	.1909772	.003410203	0
462.15	0	.8055481	.1910745	.003377458	0
461.15	0	.8054839	.1911713	.003344849	0
460.15	0	.8054201	.1912675	.003312378	0
459.15	0	.8053567	.1913633	.003280043	0
458.15	0	.8052936	.1914585	.003247847	0
457.15	0	.805231	.1915533	.003215789	0
456.15	0	.8051687	.1916475	.003183871	0
455.15	0	.8051067	.1917412	.003152092	0
454.15	0	.8050452	.1918344	.003120453	0
453.15	0	.804984	.191927	.003088956	0
452.15	0	.8049232	.1920192	.0030576	0
451.15	0	.8048628	.1921108	.003026386	0
450.15	0	.8048027	.192202	.002995314	0
449.15	0	.8047431	.1922925	.002964407	0
448.15	0	.8046838	.1923825	.002933649	0
447.15	0	.8046249	.1924721	.002903039	0
446.15	0	.8045664	.192561	.00287258	0
445.15	0	.8045083	.1926494	.002842274	0
444.15	0	.8044505	.1927374	.002812123	0
443.15	0	.8043932	.1928247	.00278213	0
442.15	0	.8043362	.1929115	.002752298	0
441.15	0	.8042797	.1929977	.002722627	0
440.15	0	.8042235	.1930834	.002693122	0
439.15	0	.8041677	.1931685	.002663783	0
438.15	0	.8041123	.1932531	.002634612	0
437.15	0	.8040574	.193337	.002605611	0
436.15	0	.8040028	.1934204	.002576783	0
435.15	0	.8039487	.1935032	.002548128	0
434.15	0	.8038949	.1935854	.002519649	0
433.15	0	.8038416	.193667	.002491347	0
432.15	0	.8037887	.1937481	.002463222	0
431.15	0	.8037362	.1938285	.002435278	0
430.15	0	.8036841	.1939084	.002407515	0
429.15	0	.8036324	.1939876	.002379934	0
428.15	0	.8035812	.1940663	.002352537	0
427.15	0	.8035303	.1941443	.002325324	0
426.15	0	.8034799	.1942218	.002298297	0
425.15	0	.8034299	.1942986	.002271456	0
424.15	0	.8033803	.1943749	.002244804	0
423.15	0	.8033311	.1944505	.002218339	0
422.15	0	.8032824	.1945256	.002192064	0
421.15	0	.8032341	.1946	.00216598	0
420.15	0	.8031861	.1946738	.002140085	0
419.15	0	.8031386	.194747	.002114382	0
418.15	0	.8030915	.1948196	.002088872	0
417.15	0	.8030449	.1948916	.002063553	0
416.15	0	.8029986	.194963	.002038428	0
415.15	0	.8029528	.1950337	.002013495	0
414.15	0	.8029073	.1951039	.001988757	0
413.15	0	.8028623	.1951735	.001964213	0
412.15	0	.8028177	.1952424	.001939863	0
411.15	0	.8027735	.1953108	.001915707	0
410.15	0	.8027297	.1953785	.001891746	0
409.15	0	.8026863	.1954457	.001867981	0
408.15	0	.8026434	.1955122	.00184441	0
407.15	0	.8026008	.1955782	.001821034	0
406.15	0	.8025586	.1956435	.001797853	0
405.15	0	.8025168	.1957083	.001774867	0
404.15	0	.8024755	.1957724	.001752077	0
403.15	0	.8024345	.195836	.001729481	0
402.15	0	.8023939	.195899	.001707079	0
401.15	0	.8023538	.1959614	.001684873	0
400.15	0	.802314	.1960232	.00166286	0
399.15	0	.8022746	.1960844	.001641042	0
398.15	0	.8022356	.196145	.001619418	0
397.15	0	.802197	.1962051	.001597987	0
396.15	0	.8021587	.1962645	.00157675	0
395.15	0	.8021209	.1963234	.001555705	0
394.15	0	.8020834	.1963818	.001534853	0
393.15	0	.8020463	.1964395	.001514193	0
392.15	0	.8020096	.1964967	.001493724	0
391.15	0	.8019732	.1965534	.001473447	0
390.15	0	.8019372	.1966094	.00145336	0
389.15	0	.8019016	.1966649	.001433464	0
388.4693	0	.8018776	.1967024	.001420029	0
388.4693	0	.8018776	.1967024	.001420029	0
388.4693	0	.8018776	.1967024	.001420029	0
388.15	0	.8019526	.1965128	.001325162	2.094853E-04
387.15	0	.8021873	.1959192	.001028466	8.65053E-04
386.15	0	.8024219	.1953259	7.323766E-04	.001519893
385.15	0	.8026563	.1947328	4.368917E-04	.002174011
384.15	0	.8028906	.19414	1.420081E-04	.002827414
383.6677	0	.8030035	.1938542	0	.003142295
383.6677	0	.8030035	.1938542	0	.003142295
383.15	0	.8030033	.1937292	0	.003267494
382.15	0	.8030031	.193488	0	.003508903
381.15	0	.803003	.1932473	0	.003749751
380.15	0	.803003	.193007	0	.003990045
379.15	0	.8030032	.192767	0	.004229788
378.15	0	.8030035	.1925275	0	.004468984
377.15	0	.803004	.1922884	0	.004707639
376.15	0	.8030046	.1920497	0	.004945757
375.15	0	.8030053	.1918113	0	.005183342
374.15	0	.8030063	.1915733	0	.005420398
373.15	0	.8030073	.1913358	0	.005656929
372.15	0	.8030085	.1910985	0	.00589294
371.15	0	.8030099	.1908617	0	.006128435
370.15	0	.8030114	.1906252	0	.006363418
369.15	0	.803013	.1903891	0	.006597892
368.15	0	.8030148	.1901533	0	.006831861
367.15	0	.8030167	.1899179	0	.007065329
366.15	0	.8030188	.1896829	0	.007298301
365.15	0	.8030211	.1894482	0	.007530778
364.15	0	.8030234	.1892138	0	.007762766
363.15	0	.8030259	.1889798	0	.007994267
362.15	0	.8030286	.1887461	0	.008225286
361.15	0	.8030314	.1885128	0	.008455824
360.15	0	.8030344	.1882797	0	.008685886
359.15	0	.8030375	.1880471	0	.008915475
358.15	0	.8030407	.1878147	0	.009144594
357.15	0	.8030441	.1875827	0	.009373246
356.15	0	.8030476	.187351	0	.009601435
355.15	0	.8030513	.1871196	0	.009829163
354.15	0	.8030551	.1868885	0	.01005643
353.15	0	.803059	.1866577	0	.01028325
352.15	0	.8030631	.1864273	0	.01050961
351.15	0	.8030673	.1861971	0	.01073552
350.15	0	.8030717	.1859673	0	.01096099
349.15	0	.8030762	.1857378	0	.01118601
348.15	0	.8030808	.1855086	0	.0114106
347.15	0	.8030856	.1852796	0	.01163474
346.15	0	.8030905	.185051	0	.01185845
345.15	0	.8030956	.1848227	0	.01208172
344.15	0	.8031008	.1845947	0	.01230456
343.15	0	.8031061	.184367	0	.01252697
342.15	0	.8031115	.1841395	0	.01274896
341.15	0	.8031171	.1839124	0	.01297052
340.15	0	.8031228	.1836855	0	.01319166
339.15	0	.8031287	.183459	0	.01341238
338.15	0	.8031346	.1832327	0	.01363268
337.15	0	.8031407	.1830067	0	.01385256
336.15	0	.803147	.182781	0	.01407203
335.15	0	.8031533	.1825556	0	.01429109
334.15	0	.8031598	.1823305	0	.01450974
333.15	0	.8031664	.1821056	0	.01472798
332.15	0	.8031731	.1818811	0	.01494582
331.15	0	.80318	.1816568	0	.01516325
330.15	0	.803187	.1814328	0	.01538027
329.15	0	.803194	.1812091	0	.0155969
328.15	0	.8032013	.1809856	0	.01581313
327.15	0	.8032086	.1807624	0	.01602896
326.15	0	.8032161	.1805396	0	.01624439
325.15	0	.8032236	.1803169	0	.01645943
324.15	0	.8032313	.1800946	0	.01667407
323.15	0	.8032391	.1798726	0	.01688833
322.15	0	.8032471	.1796508	0	.01710219
321.15	0	.8032551	.1794293	0	.01731567
320.15	0	.8032632	.179208	0	.01752876
319.15	0	.8032715	.1789871	0	.01774146
318.15	0	.8032799	.1787664	0	.01795377
317.15	0	.8032884	.1785459	0	.01816571
316.15	0	.8032969	.1783258	0	.01837726
315.15	0	.8033056	.1781059	0	.01858843
314.15	0	.8033145	.1778863	0	.01879922
313.15	0	.8033234	.177667	0	.01900963
312.15	0	.8033324	.177448	0	.01921967
311.15	0	.8033415	.1772292	0	.01942933
310.15	0	.8033507	.1770107	0	.01963861
309.15	0	.8033601	.1767924	0	.01984752
308.15	0	.8033695	.1765745	0	.02005606
307.15	0	.803379	.1763568	0	.02026422
306.15	0	.8033887	.1761393	0	.02047201
305.15	0	.8033984	.1759222	0	.02067943
304.15	0	.8034082	.1757053	0	.02088649
303.15	0	.8034181	.1754887	0	.02109317
302.15	0	.8034282	.1752724	0	.02129949
301.15	0	.8034383	.1750563	0	.02150544
300.15	0	.8034485	.1748405	0	.02171102
299.15	0	.8034588	.174625	0	.02191624
298.15	0	.8034692	.1744098	0	.02212109
