T	 BPW(LIQUID)	BPW(BCC_A2)	BPW(FCC_A1)	BPW(LAVES_PHASE_C14)	BPW(NI3TI)
1473.15	.5728567	.4271433	0	0	0
1472.15	.5693518	.4306482	0	0	0
1471.15	.5658691	.4341309	0	0	0
1470.15	.5624082	.4375918	0	0	0
1469.15	.5589691	.4410309	0	0	0
1468.15	.5555516	.4444484	0	0	0
1467.15	.5521556	.4478444	0	0	0
1466.15	.5487809	.4512191	0	0	0
1465.15	.5454274	.4545726	0	0	0
1464.15	.5420948	.4579052	0	0	0
1463.15	.5387832	.4612168	0	0	0
1462.15	.5354922	.4645078	0	0	0
1461.15	.5322219	.4677781	0	0	0
1460.15	.528972	.471028	0	0	0
1459.15	.5257424	.4742577	0	0	0
1458.15	.5225329	.4774671	0	0	0
1457.15	.5193434	.4806566	0	0	0
1456.15	.5161739	.4838261	0	0	0
1455.15	.5130241	.4869759	0	0	0
1454.15	.5098938	.4901062	0	0	0
1453.15	.5067831	.4932169	0	0	0
1452.15	.5036917	.4963083	0	0	0
1451.15	.5006195	.4993805	0	0	0
1450.15	.4975664	.5024336	0	0	0
1449.15	.4945323	.5054677	0	0	0
1448.15	.491517	.5084831	0	0	0
1447.15	.4885203	.5114797	0	0	0
1446.15	.4855423	.5144577	0	0	0
1445.15	.4825827	.5174173	0	0	0
1444.15	.4796414	.5203586	0	0	0
1443.15	.4767183	.5232817	0	0	0
1442.15	.4738133	.5261868	0	0	0
1441.15	.4709262	.5290738	0	0	0
1440.15	.468057	.5319431	0	0	0
1439.15	.4652054	.5347946	0	0	0
1438.15	.4623715	.5376285	0	0	0
1437.15	.4595551	.5404449	0	0	0
1436.15	.456756	.543244	0	0	0
1435.15	.4539742	.5460258	0	0	0
1434.15	.4512095	.5487905	0	0	0
1433.15	.4484618	.5515382	0	0	0
1432.15	.445731	.554269	0	0	0
1431.15	.443017	.556983	0	0	0
1430.15	.4403197	.5596803	0	0	0
1429.15	.437639	.562361	0	0	0
1428.15	.4349748	.5650253	0	0	0
1427.15	.4323269	.5676731	0	0	0
1426.15	.4296952	.5703048	0	0	0
1425.15	.4270797	.5729203	0	0	0
1424.15	.4244802	.5755198	0	0	0
1423.15	.4218966	.5781034	0	0	0
1422.15	.4193289	.5806711	0	0	0
1421.15	.4167768	.5832232	0	0	0
1420.15	.4142404	.5857596	0	0	0
1419.15	.4117195	.5882805	0	0	0
1418.15	.4092141	.590786	0	0	0
1417.15	.4067239	.5932761	0	0	0
1416.15	.4042489	.5957511	0	0	0
1415.15	.4017891	.5982109	0	0	0
1414.15	.3993442	.6006558	0	0	0
1413.15	.3969143	.6030857	0	0	0
1412.15	.3944992	.6055008	0	0	0
1411.15	.3920988	.6079012	0	0	0
1410.15	.389713	.610287	0	0	0
1409.15	.3873418	.6126582	0	0	0
1408.15	.384985	.615015	0	0	0
1407.15	.3826426	.6173574	0	0	0
1406.15	.3803144	.6196857	0	0	0
1405.15	.3780003	.6219997	0	0	0
1404.15	.3757003	.6242997	0	0	0
1403.15	.3734143	.6265857	0	0	0
1402.504	.3719446	.6280554	0	0	0
1402.504	.3719446	.6280554	0	0	0
1402.504	.3719446	.6280554	0	0	0
1402.15	.3706672	.628847	0	4.858786E-04	0
1401.15	.3670839	.6310651	0	.001851034	0
1400.15	.3635394	.6332559	0	.003204716	0
1399.15	.3600332	.6354197	0	.004547121	0
1398.15	.3565645	.6375571	0	.00587844	0
1397.15	.3531327	.6396685	0	.007198863	0
1396.15	.3497372	.6417542	0	.008508574	0
1395.15	.3463775	.6438148	0	.009807751	0
1394.15	.3430528	.6458506	0	.01109657	0
1393.15	.3397627	.6478621	0	.01237521	0
1392.15	.3365066	.6498496	0	.01364383	0
1391.15	.3332838	.6518136	0	.01490259	0
1390.15	.330094	.6537543	0	.01615167	0
1389.15	.3269366	.6556722	0	.01739121	0
1388.15	.3238109	.6575677	0	.01862138	0
1387.15	.3207166	.6594411	0	.01984232	0
1386.15	.3176531	.6612927	0	.02105418	0
1385.15	.3146199	.663123	0	.0222571	0
1384.15	.3116166	.6649321	0	.02345123	0
1383.15	.3086427	.6667205	0	.02463671	0
1382.15	.3056978	.6684886	0	.02581367	0
1381.15	.3027813	.6702365	0	.02698225	0
1380.15	.2998928	.6719646	0	.02814257	0
1379.15	.297032	.6736732	0	.02929477	0
1378.15	.2941984	.6753626	0	.03043897	0
1377.15	.2913915	.6770332	0	.03157529	0
1376.15	.288611	.6786851	0	.03270385	0
1375.15	.2858565	.6803188	0	.03382478	0
1374.15	.2831275	.6819343	0	.03493818	0
1373.15	.2804237	.6835321	0	.03604417	0
1372.15	.2777448	.6851124	0	.03714285	0
1371.15	.2750903	.6866754	0	.03823435	0
1370.15	.2724598	.6882214	0	.03931877	0
1369.15	.2698531	.6897507	0	.0403962	0
1368.15	.2672698	.6912635	0	.04146676	0
1367.15	.2647095	.69276	0	.04253054	0
1366.15	.2621719	.6942405	0	.04358765	0
1365.15	.2596566	.6957052	0	.04463817	0
1364.15	.2571635	.6971543	0	.04568221	0
1363.15	.254692	.6985881	0	.04671985	0
1362.15	.2522419	.7000069	0	.0477512	0
1361.15	.249813	.7014107	0	.04877633	0
1360.15	.2474049	.7027998	0	.04979534	0
1359.15	.2450172	.7041744	0	.05080832	0
1358.15	.2426499	.7055348	0	.05181534	0
1357.15	.2403024	.7068811	0	.05281649	0
1356.15	.2379746	.7082136	0	.05381185	0
1355.15	.2356662	.7095323	0	.05480151	0
1354.15	.2333769	.7108376	0	.05578554	0
1353.15	.2311064	.7121296	0	.05676402	0
1352.15	.2288545	.7134085	0	.05773702	0
1351.15	.226621	.7146744	0	.05870462	0
1350.15	.2244055	.7159276	0	.05966689	0
1349.15	.2222079	.7171682	0	.06062391	0
1348.15	.2200279	.7183964	0	.06157575	0
1347.15	.2178652	.7196124	0	.06252246	0
1346.15	.2157196	.7208163	0	.06346413	0
1345.15	.2135909	.7220083	0	.06440082	0
1344.15	.2114789	.7231885	0	.06533259	0
1343.15	.2093833	.7243572	0	.06625952	0
1342.15	.2073039	.7255144	0	.06718165	0
1341.15	.2052405	.7266604	0	.06809907	0
1340.15	.203193	.7277952	0	.06901182	0
1339.15	.201161	.7289191	0	.06991996	0
1338.15	.1991443	.7300321	0	.07082356	0
1337.15	.1971429	.7311344	0	.07172268	0
1336.15	.1951564	.7322262	0	.07261737	0
1335.15	.1931847	.7333076	0	.07350769	0
1334.15	.1912276	.7343787	0	.07439369	0
1333.15	.1892849	.7354397	0	.07527543	0
1332.15	.1873564	.7364907	0	.07615296	0
1331.15	.1854419	.7375318	0	.07702633	0
1330.15	.1835413	.7385631	0	.0778956	0
1329.15	.1816544	.7395848	0	.07876082	0
1328.15	.1797809	.7405971	0	.07962203	0
1327.526	.1786193	.7412236	0	.08015713	0
1327.526	.1786193	.7412236	0	.08015713	0
1327.526	.1786193	.7412236	0	.08015713	0
1327.15	.175376	.7398008	.003997305	.08082591	0
1326.15	.1667737	.736074	.0145623	.08259002	0
1325.15	.1581938	.7324248	.02504585	.08433549	0
1324.15	.1496358	.7288524	.03544918	.0860626	0
1323.15	.1410989	.7253559	.04577354	.08777163	0
1322.15	.1325825	.7219345	.05602013	.08946284	0
1321.15	.124086	.7185874	.06619013	.09113648	0
1320.15	.1156087	.7153137	.07628471	.09279282	0
1319.15	.1071501	.7121128	.08630501	.0944321	0
1318.15	.09870946	.7089838	.09625214	.09605457	0
1317.15	.09028629	.705926	.1061272	.09766047	0
1316.15	.08187998	.7029387	.1159313	.09925004	0
1315.15	.07348997	.700021	.1256655	.1008235	0
1314.15	.06511571	.6971723	.1353309	.1023811	0
1313.15	.05675667	.6943919	.1449284	.103923	0
1312.15	.04841229	.6916791	.1544591	.1054495	0
1311.15	.04008207	.6890333	.1639239	.1069608	0
1310.15	.03176549	.6864536	.1733239	.108457	0
1309.15	.02346205	.6839395	.18266	.1099385	0
1308.15	.01517127	.6814903	.1919332	.1114053	0
1307.15	.00689265	.6791054	.2011443	.1128577	0
1306.316	0	.6771658	.2087766	.1140576	0
1306.316	0	.6771658	.2087766	.1140576	0
1306.15	0	.6769266	.2089303	.1141431	0
1305.15	0	.6754908	.2098531	.1146562	0
1304.15	0	.6740593	.210773	.1151678	0
1303.15	0	.6726321	.2116899	.115678	0
1302.15	0	.6712092	.212604	.1161868	0
1301.15	0	.6697905	.2135152	.1166942	0
1300.15	0	.6683762	.2144236	.1172003	0
1299.15	0	.666966	.215329	.117705	0
1298.15	0	.6655601	.2162317	.1182083	0
1297.15	0	.6641584	.2171314	.1187102	0
1296.15	0	.662761	.2180283	.1192107	0
1295.15	0	.6613677	.2189224	.1197099	0
1294.15	0	.6599786	.2198136	.1202078	0
1293.15	0	.6585937	.220702	.1207043	0
1292.15	0	.657213	.2215876	.1211994	0
1291.15	0	.6558364	.2224704	.1216932	0
1290.15	0	.654464	.2233503	.1221857	0
1289.15	0	.6530957	.2242274	.1226769	0
1288.15	0	.6517315	.2251018	.1231667	0
1287.15	0	.6503715	.2259733	.1236553	0
1286.15	0	.6490155	.226842	.1241425	0
1285.15	0	.6476637	.2277079	.1246284	0
1284.15	0	.6463159	.2285711	.125113	0
1283.15	0	.6449722	.2294315	.1255963	0
1282.15	0	.6436326	.2302891	.1260784	0
1281.15	0	.642297	.2311439	.1265591	0
1280.15	0	.6409655	.2319959	.1270386	0
1279.15	0	.639638	.2328452	.1275168	0
1278.15	0	.6383145	.2336918	.1279937	0
1277.15	0	.6369951	.2345355	.1284694	0
1276.15	0	.6356797	.2353766	.1289438	0
1275.15	0	.6343682	.2362149	.1294169	0
1274.15	0	.6330608	.2370504	.1298888	0
1273.15	0	.6317573	.2378832	.1303595	0
1272.15	0	.6304578	.2387133	.1308289	0
1271.15	0	.6291622	.2395407	.1312971	0
1270.15	0	.6278706	.2403653	.1317641	0
1269.15	0	.626583	.2411872	.1322298	0
1268.15	0	.6252993	.2420064	.1326943	0
1267.15	0	.6240195	.2428229	.1331576	0
1266.15	0	.6227436	.2436367	.1336197	0
1265.15	0	.6214716	.2444478	.1340806	0
1264.15	0	.6202035	.2452562	.1345403	0
1263.15	0	.6189393	.2460619	.1349988	0
1262.15	0	.617679	.2468649	.1354561	0
1261.15	0	.6164226	.2476652	.1359122	0
1260.15	0	.61517	.2484628	.1363672	0
1259.15	0	.6139213	.2492578	.1368209	0
1258.15	0	.6126764	.2500501	.1372735	0
1257.15	0	.6114354	.2508397	.1377249	0
1256.15	0	.6101982	.2516266	.1381752	0
1255.15	0	.6089649	.2524109	.1386243	0
1254.15	0	.6077353	.2531925	.1390722	0
1253.15	0	.6065096	.2539714	.139519	0
1252.15	0	.6052876	.2547477	.1399647	0
1251.15	0	.6040695	.2555214	.1404092	0
1250.15	0	.6028551	.2562924	.1408525	0
1249.15	0	.6016445	.2570607	.1412948	0
1248.15	0	.6004377	.2578264	.1417359	0
1247.15	0	.5992346	.2585895	.1421759	0
1246.15	0	.5980353	.2593499	.1426147	0
1245.15	0	.5968398	.2601077	.1430525	0
1244.15	0	.595648	.2608629	.1434891	0
1243.15	0	.5944599	.2616154	.1439247	0
1242.15	0	.5932755	.2623654	.1443591	0
1241.15	0	.5920949	.2631127	.1447924	0
1240.15	0	.590918	.2638573	.1452247	0
1239.15	0	.5897448	.2645994	.1456558	0
1238.15	0	.5885753	.2653388	.1460859	0
1237.15	0	.5874095	.2660757	.1465149	0
1236.15	0	.5862473	.2668099	.1469428	0
1235.15	0	.5850889	.2675415	.1473696	0
1234.15	0	.5839341	.2682705	.1477953	0
1233.15	0	.582783	.268997	.14822	0
1232.15	0	.5816356	.2697208	.1486437	0
1231.15	0	.5804918	.270442	.1490662	0
1230.15	0	.5793516	.2711606	.1494878	0
1229.15	0	.5782151	.2718766	.1499082	0
1228.15	0	.5770823	.2725901	.1503277	0
1227.15	0	.575953	.2733009	.150746	0
1226.15	0	.5748274	.2740092	.1511634	0
1225.15	0	.5737054	.2747149	.1515797	0
1224.15	0	.572587	.275418	.151995	0
1223.15	0	.5714723	.2761185	.1524092	0
1222.15	0	.5703611	.2768165	.1528224	0
1221.15	0	.5692535	.2775118	.1532346	0
1220.15	0	.5681496	.2782046	.1536458	0
1219.15	0	.5670492	.2788949	.154056	0
1218.15	0	.5659523	.2795825	.1544652	0
1217.15	0	.5648591	.2802676	.1548733	0
1216.15	0	.5637694	.2809501	.1552805	0
1215.15	0	.5626833	.28163	.1556867	0
1214.15	0	.5616008	.2823074	.1560918	0
1213.15	0	.5605218	.2829822	.156496	0
1212.15	0	.5594463	.2836545	.1568992	0
1211.15	0	.5583744	.2843242	.1573014	0
1210.15	0	.5573061	.2849913	.1577026	0
1209.15	0	.5562412	.2856559	.1581029	0
1208.15	0	.5551799	.2863179	.1585022	0
1207.15	0	.5541221	.2869774	.1589005	0
1206.15	0	.5530679	.2876343	.1592978	0
1205.15	0	.5520172	.2882886	.1596942	0
1204.15	0	.5509699	.2889404	.1600896	0
1203.15	0	.5499262	.2895897	.1604841	0
1202.15	0	.548886	.2902364	.1608776	0
1201.15	0	.5478493	.2908805	.1612702	0
1200.15	0	.5468161	.2915221	.1616618	0
1199.15	0	.5457864	.2921612	.1620525	0
1198.15	0	.5447601	.2927977	.1624422	0
1197.15	0	.5437374	.2934316	.162831	0
1196.15	0	.5427181	.294063	.1632189	0
1195.15	0	.5417023	.2946919	.1636058	0
1194.15	0	.54069	.2953182	.1639918	0
1193.15	0	.5396811	.295942	.1643769	0
1192.15	0	.5386757	.2965632	.1647611	0
1191.15	0	.5376738	.2971819	.1651443	0
1190.15	0	.5366753	.297798	.1655266	0
1189.15	0	.5356803	.2984116	.1659081	0
1188.15	0	.5346887	.2990227	.1662886	0
1187.15	0	.5337006	.2996312	.1666682	0
1186.15	0	.5327159	.3002371	.1670469	0
1185.15	0	.5317347	.3008405	.1674248	0
1184.15	0	.5307569	.3014414	.1678017	0
1183.15	0	.5297826	.3020397	.1681777	0
1182.15	0	.5288116	.3026355	.1685528	0
1181.15	0	.5278441	.3032288	.1689271	0
1180.15	0	.5268801	.3038194	.1693005	0
1179.15	0	.5259194	.3044076	.169673	0
1178.15	0	.5249622	.3049932	.1700446	0
1177.15	0	.5240084	.3055763	.1704153	0
1176.15	0	.5230581	.3061568	.1707852	0
1175.15	0	.5221111	.3067348	.1711542	0
1174.15	0	.5211675	.3073102	.1715223	0
1173.15	0	.5202274	.307883	.1718896	0
1172.15	0	.5192907	.3084534	.172256	0
1171.15	0	.5183573	.3090211	.1726215	0
1170.15	0	.5174274	.3095864	.1729862	0
1169.15	0	.5165009	.3101491	.1733501	0
1168.15	0	.5155778	.3107092	.1737131	0
1167.15	0	.514658	.3112667	.1740752	0
1166.15	0	.5137417	.3118218	.1744365	0
1165.15	0	.5128288	.3123742	.174797	0
1164.15	0	.5119192	.3129241	.1751566	0
1163.15	0	.5110131	.3134715	.1755154	0
1162.15	0	.5101103	.3140163	.1758734	0
1161.15	0	.509211	.3145585	.1762305	0
1160.15	0	.508315	.3150982	.1765868	0
1159.15	0	.5074224	.3156353	.1769423	0
1158.15	0	.5065332	.3161699	.1772969	0
1157.15	0	.5056474	.3167019	.1776508	0
1156.15	0	.5047649	.3172313	.1780038	0
1155.15	0	.5038859	.3177582	.178356	0
1154.15	0	.5030102	.3182825	.1787074	0
1153.15	0	.5021378	.3188042	.1790579	0
1152.15	0	.5012689	.3193234	.1794077	0
1151.15	0	.5004034	.3198399	.1797567	0
1150.15	0	.4995412	.3203539	.1801048	0
1149.15	0	.4986824	.3208654	.1804522	0
1148.15	0	.497827	.3213742	.1807988	0
1147.15	0	.496975	.3218805	.1811445	0
1146.15	0	.4961264	.3223841	.1814895	0
1145.15	0	.4952811	.3228852	.1818337	0
1144.15	0	.4944392	.3233837	.1821771	0
1143.15	0	.4936006	.3238797	.1825197	0
1142.15	0	.4927655	.324373	.1828615	0
1141.15	0	.4919337	.3248637	.1832026	0
1140.15	0	.4911053	.3253518	.1835428	0
1139.15	0	.4902803	.3258374	.1838823	0
1138.15	0	.4894586	.3263203	.184221	0
1137.15	0	.4886404	.3268006	.184559	0
1136.15	0	.4878255	.3272784	.1848962	0
1135.15	0	.487014	.3277535	.1852326	0
1134.15	0	.4862058	.328226	.1855682	0
1133.15	0	.4854011	.3286959	.1859031	0
1132.15	0	.4845997	.3291631	.1862372	0
1131.15	0	.4838017	.3296278	.1865706	0
1130.15	0	.483007	.3300898	.1869032	0
1129.15	0	.4822158	.3305492	.187235	0
1128.15	0	.4814279	.331006	.1875661	0
1127.15	0	.4806435	.3314601	.1878964	0
1126.15	0	.4798624	.3319116	.188226	0
1125.15	0	.4790847	.3323605	.1885549	0
1124.15	0	.4783103	.3328067	.188883	0
1123.15	0	.4775394	.3332503	.1892103	0
1122.15	0	.4767719	.3336912	.1895369	0
1121.15	0	.4760077	.3341295	.1898628	0
1120.15	0	.475247	.3345651	.1901879	0
1119.15	0	.4744896	.3349981	.1905123	0
1118.15	0	.4737356	.3354284	.190836	0
1117.15	0	.4729851	.335856	.1911589	0
1116.15	0	.4722379	.3362809	.1914811	0
1115.15	0	.4714942	.3367032	.1918026	0
1114.15	0	.4707538	.3371228	.1921234	0
1113.15	0	.4700168	.3375398	.1924434	0
1112.15	0	.4692833	.337954	.1927627	0
1111.15	0	.4685532	.3383655	.1930813	0
1110.15	0	.4678264	.3387744	.1933992	0
1109.15	0	.4671031	.3391805	.1937163	0
1108.15	0	.4663833	.339584	.1940328	0
1107.15	0	.4656668	.3399847	.1943485	0
1106.15	0	.4649538	.3403828	.1946635	0
1105.15	0	.4642442	.3407781	.1949778	0
1104.15	0	.463538	.3411707	.1952914	0
1103.15	0	.4628352	.3415605	.1956043	0
1102.15	0	.4621359	.3419477	.1959164	0
1101.15	0	.46144	.342332	.1962279	0
1100.15	0	.4607476	.3427137	.1965387	0
1099.15	0	.4600586	.3430926	.1968488	0
1098.15	0	.4593731	.3434688	.1971581	0
1097.15	0	.458691	.3438422	.1974668	0
1096.15	0	.4580124	.3442129	.1977748	0
1095.15	0	.4573372	.3445807	.198082	0
1094.15	0	.4566655	.3449459	.1983886	0
1093.15	0	.4559973	.3453082	.1986945	0
1092.15	0	.4553325	.3456678	.1989997	0
1091.15	0	.4546712	.3460246	.1993042	0
1090.15	0	.4540134	.3463785	.1996081	0
1089.15	0	.4533591	.3467297	.1999112	0
1088.15	0	.4527082	.3470781	.2002137	0
1087.15	0	.4520609	.3474237	.2005154	0
1086.15	0	.451417	.3477665	.2008165	0
1085.15	0	.4507767	.3481064	.2011169	0
1084.15	0	.4501398	.3484435	.2014167	0
1083.15	0	.4495065	.3487778	.2017157	0
1082.15	0	.4488766	.3491093	.2020141	0
1081.15	0	.4482503	.3494379	.2023118	0
1080.15	0	.4476276	.3497637	.2026088	0
1079.15	0	.4470083	.3500866	.2029051	0
1078.15	0	.4463926	.3504066	.2032008	0
1077.15	0	.4457804	.3507238	.2034958	0
1076.15	0	.4451718	.3510381	.2037901	0
1075.15	0	.4445667	.3513495	.2040838	0
1074.15	0	.4439652	.3516581	.2043768	0
1073.15	0	.4433672	.3519637	.2046691	0
1072.15	0	.4427728	.3522665	.2049607	0
1071.15	0	.442182	.3525663	.2052517	0
1070.15	0	.4415947	.3528632	.205542	0
1069.15	0	.4410111	.3531573	.2058317	0
1068.15	0	.440431	.3534483	.2061207	0
1067.15	0	.4398545	.3537365	.206409	0
1066.15	0	.4392816	.3540217	.2066967	0
1065.15	0	.4387123	.354304	.2069837	0
1064.15	0	.4381467	.3545833	.20727	0
1063.15	0	.4375847	.3548596	.2075557	0
1062.15	0	.4370262	.355133	.2078408	0
1061.15	0	.4364715	.3554034	.2081251	0
1060.15	0	.4359203	.3556708	.2084089	0
1059.15	0	.4353729	.3559352	.2086919	0
1058.15	0	.434829	.3561967	.2089743	0
1057.15	0	.4342889	.3564551	.2092561	0
1056.15	0	.4337523	.3567105	.2095372	0
1055.15	0	.4332195	.3569629	.2098176	0
1054.15	0	.4326904	.3572123	.2100974	0
1053.15	0	.4321649	.3574586	.2103765	0
1052.15	0	.4316432	.3577019	.210655	0
1051.15	0	.4311251	.3579421	.2109328	0
1050.15	0	.4306108	.3581793	.21121	0
1049.15	0	.4301001	.3584134	.2114865	0
1048.15	0	.4295932	.3586444	.2117624	0
1047.15	0	.4290901	.3588723	.2120376	0
1046.15	0	.4285907	.3590972	.2123122	0
1045.15	0	.428095	.3593189	.2125861	0
1044.15	0	.4276031	.3595376	.2128593	0
1043.15	0	.4271149	.3597531	.213132	0
1042.15	0	.4266306	.3599655	.2134039	0
1041.15	0	.42615	.3601748	.2136753	0
1040.15	0	.4256732	.3603809	.2139459	0
1039.15	0	.4252002	.3605839	.2142159	0
1038.15	0	.424731	.3607837	.2144853	0
1037.15	0	.4242656	.3609803	.214754	0
1036.15	0	.4238041	.3611738	.2150221	0
1035.15	0	.4233464	.3613641	.2152895	0
1034.15	0	.4228925	.3615512	.2155563	0
1033.15	0	.4224425	.361735	.2158224	0
1032.15	0	.4219964	.3619157	.2160879	0
1031.15	0	.4215541	.3620932	.2163527	0
1030.15	0	.4211157	.3622674	.2166169	0
1029.15	0	.4206812	.3624384	.2168804	0
1028.15	0	.4202506	.3626061	.2171433	0
1027.15	0	.4198239	.3627706	.2174055	0
1026.15	0	.4194011	.3629318	.2176671	0
1025.15	0	.4189822	.3630898	.217928	0
1024.15	0	.4185673	.3632444	.2181883	0
1023.15	0	.4181563	.3633958	.2184479	0
1022.15	0	.4177493	.3635439	.2187069	0
1021.15	0	.4173462	.3636886	.2189652	0
1020.15	0	.4169471	.36383	.2192228	0
1019.15	0	.416552	.3639681	.2194798	0
1018.15	0	.4161609	.3641029	.2197362	0
1017.15	0	.4157738	.3642343	.2199918	0
1016.15	0	.4153908	.3643624	.2202469	0
1015.15	0	.4150117	.3644871	.2205012	0
1014.15	0	.4146367	.3646084	.220755	0
1013.15	0	.4142657	.3647263	.221008	0
1012.15	0	.4138987	.3648408	.2212604	0
1011.15	0	.4135359	.364952	.2215121	0
1010.15	0	.4131771	.3650597	.2217632	0
1009.15	0	.4128224	.365164	.2220136	0
1008.15	0	.4124718	.3652648	.2222633	0
1007.15	0	.4121253	.3653623	.2225124	0
1006.15	0	.411783	.3654562	.2227608	0
1005.15	0	.4114447	.3655467	.2230085	0
1004.15	0	.4111106	.3656338	.2232556	0
1003.15	0	.4107807	.3657173	.223502	0
1002.15	0	.4104549	.3657974	.2237477	0
1001.15	0	.4101333	.365874	.2239928	0
1000.15	0	.4098158	.365947	.2242371	0
999.15	0	.4095026	.3660166	.2244808	0
998.15	0	.4091936	.3660826	.2247238	0
997.15	0	.4088887	.3661451	.2249662	0
996.15	0	.4085881	.3662041	.2252078	0
995.15	0	.4082918	.3662594	.2254488	0
994.15	0	.4079997	.3663113	.2256891	0
993.15	0	.4077118	.3663595	.2259287	0
992.15	0	.4074282	.3664042	.2261675	0
991.15	0	.4071489	.3664453	.2264057	0
990.15	0	.4068739	.3664828	.2266433	0
989.15	0	.4066032	.3665167	.2268801	0
988.15	0	.4063368	.366547	.2271162	0
987.15	0	.4060748	.3665736	.2273516	0
986.15	0	.405817	.3665966	.2275863	0
985.15	0	.4055637	.366616	.2278203	0
984.15	0	.4053146	.3666317	.2280536	0
983.15	0	.40507	.3666438	.2282862	0
982.15	0	.4048297	.3666522	.2285181	0
981.15	0	.4045938	.366657	.2287493	0
980.15	0	.4043623	.366658	.2289797	0
979.15	0	.4041352	.3666554	.2292094	0
978.15	0	.4039125	.3666491	.2294384	0
977.15	0	.4036943	.3666391	.2296667	0
976.15	0	.4034805	.3666253	.2298942	0
975.15	0	.4032711	.3666079	.230121	0
974.15	0	.4030663	.3665867	.230347	0
973.15	0	.4028658	.3665618	.2305724	0
972.15	0	.4026699	.3665332	.2307969	0
971.15	0	.4024785	.3665008	.2310208	0
970.15	0	.4022915	.3664647	.2312438	0
969.15	0	.4021091	.3664248	.2314662	0
968.15	0	.4019312	.3663811	.2316877	0
967.15	0	.4017578	.3663337	.2319085	0
966.15	0	.4015889	.3662825	.2321285	0
965.15	0	.4014246	.3662276	.2323478	0
964.15	0	.4012649	.3661688	.2325663	0
963.15	0	.4011097	.3661063	.232784	0
962.15	0	.4009591	.36604	.2330009	0
961.15	0	.4008131	.3659699	.233217	0
960.15	0	.4006716	.365896	.2334324	0
959.15	0	.4005348	.3658183	.2336469	0
958.15	0	.4004025	.3657368	.2338607	0
957.15	0	.4002749	.3656515	.2340736	0
956.15	0	.4001519	.3655624	.2342857	0
955.15	0	.4000335	.3654695	.234497	0
954.15	0	.3999198	.3653727	.2347075	0
953.15	0	.3998107	.3652722	.2349172	0
952.15	0	.3997062	.3651678	.235126	0
951.15	0	.3996064	.3650596	.235334	0
950.15	0	.3995112	.3649477	.2355411	0
949.15	0	.3994207	.3648319	.2357474	0
948.15	0	.3993349	.3647123	.2359529	0
947.15	0	.3992537	.3645888	.2361574	0
946.15	0	.3991772	.3644616	.2363611	0
945.15	0	.3991054	.3643306	.236564	0
944.15	0	.3990383	.3641958	.2367659	0
943.15	0	.3989759	.3640571	.236967	0
942.15	0	.3989181	.3639147	.2371672	0
941.15	0	.3988651	.3637685	.2373664	0
940.15	0	.3988167	.3636185	.2375648	0
939.15	0	.398773	.3634647	.2377623	0
938.15	0	.3987341	.3633072	.2379588	0
937.15	0	.3986998	.3631458	.2381544	0
936.15	0	.3986702	.3629808	.2383491	0
935.15	0	.3986453	.362812	.2385428	0
934.15	0	.3986251	.3626394	.2387355	0
933.15	0	.3986095	.3624631	.2389273	0
932.15	0	.3985987	.3622832	.2391182	0
931.15	0	.3985925	.3620995	.239308	0
930.15	0	.398591	.3619121	.2394969	0
929.15	0	.3985942	.361721	.2396848	0
928.15	0	.3986021	.3615263	.2398716	0
927.15	0	.3986146	.3613279	.2400575	0
926.15	0	.3986318	.3611258	.2402423	0
925.15	0	.3986536	.3609202	.2404262	0
924.15	0	.3986801	.360711	.2406089	0
923.15	0	.3987112	.3604982	.2407906	0
922.15	0	.3987469	.3602818	.2409713	0
921.15	0	.3987873	.3600619	.2411509	0
920.15	0	.3988322	.3598384	.2413293	0
919.15	0	.3988817	.3596115	.2415068	0
918.15	0	.3989358	.3593811	.241683	0
917.15	0	.3989945	.3591473	.2418582	0
916.15	0	.3990577	.35891	.2420323	0
915.15	0	.3991254	.3586694	.2422052	0
914.15	0	.3991976	.3584254	.2423769	0
913.15	0	.3992744	.3581781	.2425475	0
912.15	0	.3993556	.3579275	.2427169	0
911.15	0	.3994412	.3576736	.2428852	0
910.15	0	.3995313	.3574165	.2430522	0
909.15	0	.3996258	.3571562	.243218	0
908.15	0	.3997246	.3568928	.2433826	0
907.15	0	.3998279	.3566263	.2435459	0
906.15	0	.3999354	.3563566	.243708	0
905.15	0	.4000473	.356084	.2438687	0
904.15	0	.4001634	.3558084	.2440283	0
903.15	0	.4002837	.3555298	.2441864	0
902.15	0	.4004083	.3552484	.2443433	0
901.15	0	.400537	.3549641	.2444989	0
900.15	0	.4006699	.3546771	.2446531	0
899.15	0	.4008069	.3543873	.2448059	0
898.15	0	.4009479	.3540948	.2449573	0
897.15	0	.4010929	.3537998	.2451073	0
896.15	0	.401242	.3535021	.2452559	0
895.15	0	.4013949	.353202	.2454031	0
894.15	0	.4015517	.3528995	.2455487	0
893.15	0	.4017124	.3525946	.2456929	0
892.15	0	.4018769	.3522875	.2458356	0
891.15	0	.4020451	.3519781	.2459768	0
890.15	0	.4022169	.3516666	.2461164	0
889.15	0	.4023924	.3513531	.2462545	0
888.15	0	.4025715	.3510376	.246391	0
887.15	0	.402754	.3507202	.2465258	0
886.15	0	.40294	.350401	.246659	0
885.15	0	.4031294	.3500801	.2467906	0
884.15	0	.403322	.3497575	.2469204	0
883.15	0	.4035179	.3494335	.2470486	0
882.15	0	.403717	.3491081	.247175	0
881.15	0	.4039191	.3487813	.2472996	0
880.15	0	.4041242	.3484534	.2474224	0
879.15	0	.4043322	.3481244	.2475434	0
878.15	0	.404543	.3477944	.2476626	0
877.15	0	.4047566	.3474636	.2477798	0
876.15	0	.4049728	.3471321	.2478951	0
875.15	0	.4051916	.3468	.2480085	0
874.15	0	.4054127	.3464674	.2481199	0
873.15	0	.4056363	.3461345	.2482292	0
872.15	0	.405862	.3458015	.2483365	0
871.15	0	.4060899	.3454685	.2484416	0
870.15	0	.4063197	.3451357	.2485446	0
869.15	0	.4065514	.3448032	.2486454	0
868.15	0	.4067848	.3444712	.248744	0
867.15	0	.4070198	.3441399	.2488403	0
866.15	0	.4072563	.3438095	.2489342	0
865.15	0	.4074941	.3434801	.2490258	0
864.15	0	.407733	.3431521	.2491149	0
863.15	0	.4079729	.3428255	.2492016	0
862.15	0	.4082137	.3425007	.2492857	0
861.15	0	.4084551	.3421778	.2493671	0
860.15	0	.4086969	.3418572	.2494459	0
859.15	0	.408939	.341539	.249522	0
858.15	0	.4091812	.3412236	.2495952	0
857.15	0	.4094233	.3409112	.2496656	0
856.15	0	.4096649	.3406021	.249733	0
855.15	0	.4099059	.3402968	.2497973	0
854.15	0	.4101461	.3399954	.2498585	0
853.15	0	.4103851	.3396985	.2499164	0
852.15	0	.4106227	.3394063	.249971	0
851.15	0	.4108586	.3391192	.2500222	0
850.15	0	.4110925	.3388377	.2500698	0
849.15	0	.411324	.3385624	.2501137	0
848.15	0	.4115527	.3382935	.2501538	0
847.15	0	.4117783	.3380318	.2501899	0
846.15	0	.4120003	.3377777	.250222	0
845.15	0	.4122184	.3375319	.2502497	0
844.15	0	.4124319	.3372951	.250273	0
843.15	0	.4126405	.3370679	.2502917	0
842.15	0	.4128434	.3368511	.2503055	0
841.15	0	.4130402	.3366457	.2503141	0
840.15	0	.41323	.3364525	.2503175	0
839.15	0	.4133432	.3363636	.2502932	0
838.15	0	.4132044	.3366125	.2501831	0
837.15	0	.4131167	.3368	.2500833	0
836.15	0	.4130743	.3369336	.2499921	0
835.15	0	.4130719	.3370197	.2499084	0
834.15	0	.4131054	.3370635	.2498311	0
833.15	0	.4131711	.3370696	.2497593	0
832.15	0	.4132658	.3370417	.2496925	0
831.15	0	.4133867	.3369833	.24963	0
830.15	0	.4135313	.3368973	.2495714	0
829.15	0	.4136975	.3367864	.2495161	0
828.15	0	.4138833	.3366528	.2494639	0
827.15	0	.414087	.3364986	.2494144	0
826.15	0	.414307	.3363257	.2493673	0
825.15	0	.4145418	.3361357	.2493225	0
824.15	0	.4147902	.3359302	.2492796	0
823.15	0	.4150509	.3357106	.2492385	0
822.15	0	.4153228	.3354781	.2491991	0
821.15	0	.415605	.3352338	.2491611	0
820.15	0	.4158966	.3349789	.2491245	0
819.15	0	.4161966	.3347143	.2490891	0
818.15	0	.4165043	.3344409	.2490548	0
817.15	0	.416819	.3341594	.2490216	0
816.15	0	.41714	.3338708	.2489893	0
815.15	0	.4174666	.3335756	.2489578	0
814.15	0	.4177983	.3332746	.2489271	0
813.15	0	.4181346	.3329683	.2488971	0
812.15	0	.4184749	.3326573	.2488678	0
811.15	0	.4188188	.3323422	.248839	0
810.15	0	.4191658	.3320234	.2488109	0
809.15	0	.4195155	.3317013	.2487832	0
808.15	0	.4198676	.3313765	.248756	0
807.15	0	.4202217	.3310492	.2487292	0
806.15	0	.4205774	.3307199	.2487027	0
805.15	0	.4209345	.3303888	.2486767	0
804.15	0	.4212926	.3300564	.2486509	0
803.15	0	.4216515	.3297229	.2486255	0
802.15	0	.422011	.3293887	.2486003	0
801.15	0	.4223708	.3290538	.2485754	0
800.15	0	.4227306	.3287187	.2485507	0
799.15	0	.4230903	.3283834	.2485262	0
798.15	0	.4234497	.3280484	.2485019	0
797.15	0	.4238086	.3277136	.2484778	0
796.15	0	.4241668	.3273794	.2484538	0
795.15	0	.4245242	.3270458	.24843	0
794.15	0	.4248806	.3267131	.2484062	0
793.15	0	.4252359	.3263814	.2483827	0
792.15	0	.42559	.3260509	.2483591	0
791.15	0	.4259427	.3257216	.2483357	0
790.15	0	.4262939	.3253937	.2483124	0
789.15	0	.4266436	.3250673	.2482891	0
788.15	0	.4269916	.3247425	.2482659	0
787.15	0	.4273379	.3244194	.2482428	0
786.15	0	.4276823	.3240981	.2482197	0
785.15	0	.4280248	.3237786	.2481966	0
784.15	0	.4283653	.3234611	.2481736	0
783.15	0	.4287038	.3231457	.2481506	0
782.15	0	.4290402	.3228323	.2481276	0
781.15	0	.4293744	.322521	.2481046	0
780.15	0	.4297064	.322212	.2480817	0
779.15	0	.4300361	.3219052	.2480587	0
778.15	0	.4303636	.3216007	.2480357	0
777.15	0	.4306887	.3212985	.2480128	0
776.15	0	.4310115	.3209987	.2479898	0
775.15	0	.4313318	.3207014	.2479668	0
774.15	0	.4316498	.3204064	.2479438	0
773.15	0	.4319653	.320114	.2479208	0
772.15	0	.4322783	.319824	.2478977	0
771.15	0	.4325888	.3195366	.2478747	0
770.15	0	.4328968	.3192516	.2478516	0
769.15	0	.4332023	.3189693	.2478285	0
768.15	0	.4335053	.3186895	.2478053	0
767.15	0	.4338057	.3184122	.2477821	0
766.15	0	.4341035	.3181376	.2477589	0
765.15	0	.4343988	.3178655	.2477356	0
764.15	0	.4346916	.3175961	.2477123	0
763.15	0	.4349818	.3173293	.247689	0
762.15	0	.4352694	.317065	.2476656	0
761.15	0	.4355544	.3168034	.2476422	0
760.15	0	.4358369	.3165444	.2476187	0
759.15	0	.4361169	.3162879	.2475952	0
758.15	0	.4363942	.3160341	.2475716	0
757.15	0	.4366691	.3157829	.247548	0
756.15	0	.4369414	.3155343	.2475244	0
755.15	0	.4372111	.3152882	.2475007	0
754.15	0	.4374783	.3150448	.2474769	0
753.15	0	.437743	.3148039	.2474531	0
752.15	0	.4380052	.3145655	.2474292	0
751.15	0	.4382649	.3143298	.2474053	0
750.15	0	.4385222	.3140965	.2473813	0
749.15	0	.4387769	.3138658	.2473573	0
748.15	0	.4390292	.3136376	.2473332	0
747.15	0	.439279	.3134119	.2473091	0
746.15	0	.4395264	.3131887	.2472849	0
745.15	0	.4397714	.3129679	.2472607	0
744.15	0	.4400139	.3127497	.2472364	0
743.15	0	.4402541	.3125339	.247212	0
742.15	0	.4404919	.3123205	.2471876	0
741.15	0	.4407274	.3121095	.2471631	0
740.15	0	.4409605	.3119009	.2471386	0
739.15	0	.4411913	.3116947	.247114	0
738.15	0	.4414197	.3114909	.2470894	0
737.15	0	.4416459	.3112894	.2470647	0
736.15	0	.4418698	.3110902	.24704	0
735.15	0	.4420944	.3108913	.2470144	0
734.15	0	.4423135	.3106969	.2469896	0
733.15	0	.4425305	.3105048	.2469647	0
732.15	0	.4427453	.310315	.2469398	0
731.15	0	.4429579	.3101274	.2469148	0
730.15	0	.4431683	.309942	.2468897	0
729.15	0	.4433766	.3097588	.2468646	0
728.15	0	.4435828	.3095778	.2468395	0
727.15	0	.4437868	.309399	.2468142	0
726.15	0	.4439888	.3092223	.2467889	0
725.15	0	.4441887	.3090477	.2467636	0
724.15	0	.4443865	.3088753	.2467382	0
723.15	0	.4445823	.3087049	.2467127	0
722.15	0	.4447761	.3085367	.2466872	0
721.15	0	.4449679	.3083705	.2466616	0
720.15	0	.4451577	.3082063	.246636	0
719.15	0	.4453456	.3080441	.2466103	0
718.15	0	.4455315	.307884	.2465846	0
717.15	0	.4457154	.3077259	.2465587	0
716.15	0	.4458974	.3075697	.2465329	0
715.15	0	.4460776	.3074154	.246507	0
714.15	0	.4462559	.3072631	.246481	0
713.15	0	.4464323	.3071127	.246455	0
712.15	0	.4466068	.3069643	.2464289	0
711.15	0	.4467796	.3068177	.2464028	0
710.15	0	.4469505	.3066729	.2463766	0
709.15	0	.4471196	.3065301	.2463504	0
708.15	0	.4472869	.306389	.2463241	0
707.15	0	.4474525	.3062498	.2462977	0
706.15	0	.4476164	.3061123	.2462713	0
705.15	0	.4477785	.3059766	.2462449	0
704.15	0	.4479389	.3058427	.2462184	0
703.15	0	.4480976	.3057106	.2461918	0
702.15	0	.4482546	.3055801	.2461653	0
701.15	0	.44841	.3054514	.2461386	0
700.15	0	.4485637	.3053244	.2461119	0
699.15	0	.4487158	.305199	.2460852	0
698.15	0	.4488663	.3050753	.2460584	0
697.15	0	.4490151	.3049533	.2460316	0
696.15	0	.4491624	.3048329	.2460047	0
695.15	0	.4493082	.3047141	.2459777	0
694.15	0	.4494523	.3045969	.2459508	0
693.15	0	.449595	.3044813	.2459237	0
692.15	0	.4497361	.3043673	.2458967	0
691.15	0	.4498757	.3042548	.2458696	0
690.15	0	.4500138	.3041438	.2458424	0
689.15	0	.4501504	.3040344	.2458152	0
688.15	0	.4502856	.3039265	.245788	0
687.15	0	.4504193	.3038201	.2457607	0
686.15	0	.4505515	.3037151	.2457334	0
685.15	0	.4506824	.3036116	.245706	0
684.15	0	.4508118	.3035096	.2456786	0
683.15	0	.4509399	.303409	.2456511	0
682.15	0	.4510666	.3033098	.2456237	0
681.15	0	.4511919	.303212	.2455961	0
680.15	0	.4513158	.3031156	.2455685	0
679.15	0	.4514385	.3030206	.2455409	0
678.15	0	.4515597	.302927	.2455133	0
677.15	0	.4516797	.3028347	.2454856	0
676.15	0	.4517984	.3027437	.2454579	0
675.15	0	.4519158	.3026541	.2454302	0
674.15	0	.4520319	.3025658	.2454023	0
673.15	0	.4521467	.3024787	.2453745	0
672.15	0	.4522603	.302393	.2453467	0
671.15	0	.4523727	.3023085	.2453188	0
670.15	0	.4524838	.3022253	.2452908	0
669.15	0	.4525938	.3021434	.2452629	0
668.15	0	.4527025	.3020626	.2452349	0
667.15	0	.45281	.3019831	.2452069	0
666.15	0	.4529164	.3019048	.2451788	0
665.15	0	.4530216	.3018277	.2451507	0
664.15	0	.4531256	.3017518	.2451226	0
663.15	0	.4532285	.301677	.2450944	0
662.15	0	.4533303	.3016034	.2450663	0
661.15	0	.4534309	.301531	.2450381	0
660.15	0	.4535305	.3014597	.2450098	0
659.15	0	.4536289	.3013895	.2449816	0
658.15	0	.4537263	.3013205	.2449533	0
657.15	0	.4538225	.3012525	.244925	0
656.15	0	.4539178	.3011857	.2448966	0
655.15	0	.4540119	.3011199	.2448682	0
654.15	0	.454105	.3010552	.2448398	0
653.15	0	.4541971	.3009915	.2448114	0
652.15	0	.4542881	.3009289	.244783	0
651.15	0	.4543782	.3008673	.2447545	0
650.15	0	.4544672	.3008068	.244726	0
649.15	0	.4545552	.3007473	.2446975	0
648.15	0	.4546423	.3006887	.244669	0
647.15	0	.4547283	.3006312	.2446404	0
646.15	0	.4548135	.3005747	.2446119	0
645.15	0	.4548976	.3005191	.2445833	0
644.15	0	.4549808	.3004645	.2445546	0
643.15	0	.4550631	.3004109	.244526	0
642.15	0	.4551444	.3003582	.2444974	0
641.15	0	.4552248	.3003065	.2444687	0
640.15	0	.4553043	.3002556	.24444	0
639.15	0	.4553829	.3002057	.2444113	0
638.15	0	.4554607	.3001568	.2443826	0
637.15	0	.4555375	.3001087	.2443539	0
636.15	0	.4556134	.3000615	.2443251	0
635.15	0	.4556885	.3000151	.2442963	0
634.15	0	.4557627	.2999697	.2442676	0
633.15	0	.4558361	.2999251	.2442388	0
632.15	0	.4559087	.2998814	.24421	0
631.15	0	.4559804	.2998385	.2441812	0
630.15	0	.4560512	.2997964	.2441523	0
629.15	0	.4561213	.2997552	.2441235	0
628.15	0	.4561905	.2997148	.2440946	0
627.15	0	.456259	.2996752	.2440658	0
626.15	0	.4563266	.2996364	.2440369	0
625.15	0	.4563935	.2995985	.2440081	0
624.15	0	.4564596	.2995613	.2439792	0
623.15	0	.4565249	.2995248	.2439503	0
622.15	0	.4565894	.2994892	.2439214	0
621.15	0	.4566532	.2994543	.2438925	0
620.15	0	.4567163	.2994202	.2438636	0
619.15	0	.4567786	.2993868	.2438347	0
618.15	0	.4568401	.2993542	.2438057	0
617.15	0	.456901	.2993222	.2437768	0
616.15	0	.4569611	.2992911	.2437479	0
615.15	0	.4570205	.2992606	.243719	0
614.15	0	.4570792	.2992308	.24369	0
613.15	0	.4571371	.2992018	.2436611	0
612.15	0	.4571944	.2991734	.2436322	0
611.15	0	.457251	.2991457	.2436032	0
610.15	0	.457307	.2991187	.2435743	0
609.15	0	.4573622	.2990924	.2435453	0
608.15	0	.4574168	.2990668	.2435164	0
607.15	0	.4574707	.2990418	.2434875	0
606.15	0	.457524	.2990174	.2434586	0
605.15	0	.4575766	.2989937	.2434296	0
604.15	0	.4576286	.2989707	.2434007	0
603.15	0	.4576799	.2989483	.2433718	0
602.15	0	.4577307	.2989265	.2433429	0
601.15	0	.4577807	.2989053	.243314	0
600.15	0	.4578302	.2988847	.2432851	0
599.15	0	.4578791	.2988648	.2432562	0
598.15	0	.4579273	.2988454	.2432273	0
597.15	0	.457975	.2988267	.2431984	0
596.15	0	.458022	.2988085	.2431695	0
595.15	0	.4580685	.2987909	.2431407	0
594.15	0	.4581143	.2987739	.2431118	0
593.15	0	.4581596	.2987574	.2430829	0
592.15	0	.4582043	.2987416	.2430541	0
591.15	0	.4582485	.2987262	.2430253	0
590.15	0	.4582921	.2987115	.2429965	0
589.15	0	.4583351	.2986972	.2429677	0
588.15	0	.4583776	.2986835	.2429389	0
587.15	0	.4584195	.2986704	.2429101	0
586.15	0	.4584609	.2986577	.2428813	0
585.15	0	.4585018	.2986456	.2428526	0
584.15	0	.4585421	.298634	.2428239	0
583.15	0	.4585819	.298623	.2427951	0
582.15	0	.4586212	.2986124	.2427664	0
581.15	0	.4586599	.2986023	.2427378	0
580.15	0	.4586982	.2985927	.2427091	0
579.15	0	.4587359	.2985837	.2426804	0
578.15	0	.4587731	.298575	.2426518	0
577.15	0	.4588099	.2985669	.2426232	0
576.15	0	.4588461	.2985593	.2425946	0
575.15	0	.4588819	.2985521	.2425661	0
574.15	0	.4589171	.2985454	.2425375	0
573.15	0	.4589519	.2985391	.242509	0
572.15	0	.4589863	.2985333	.2424805	0
571.15	0	.4590201	.2985279	.242452	0
570.15	0	.4590535	.298523	.2424235	0
569.15	0	.4590864	.2985185	.2423951	0
568.15	0	.4591189	.2985145	.2423667	0
567.15	0	.4591509	.2985108	.2423383	0
566.15	0	.4591824	.2985076	.2423099	0
565.15	0	.4592136	.2985049	.2422816	0
564.15	0	.4592442	.2985025	.2422533	0
563.15	0	.4592745	.2985005	.242225	0
562.15	0	.4593043	.298499	.2421968	0
561.15	0	.4593336	.2984978	.2421685	0
560.15	0	.4593626	.2984971	.2421403	0
559.15	0	.4593911	.2984967	.2421122	0
558.15	0	.4594192	.2984967	.242084	0
557.15	0	.459447	.2984971	.2420559	0
556.15	0	.4594742	.2984979	.2420278	0
555.15	0	.4595011	.2984991	.2419998	0
554.15	0	.4595276	.2985006	.2419718	0
553.15	0	.4595537	.2985025	.2419438	0
552.15	0	.4595794	.2985047	.2419159	0
551.15	0	.4596047	.2985073	.241888	0
550.15	0	.4596296	.2985103	.2418601	0
549.15	0	.4596542	.2985136	.2418322	0
548.15	0	.4596783	.2985172	.2418044	0
547.15	0	.4597021	.2985212	.2417767	0
546.15	0	.4597255	.2985255	.2417489	0
545.15	0	.4597486	.2985302	.2417212	0
544.15	0	.4597713	.2985352	.2416936	0
543.15	0	.4597936	.2985405	.241666	0
542.15	0	.4598155	.2985461	.2416384	0
541.15	0	.4598371	.298552	.2416109	0
540.15	0	.4598584	.2985583	.2415834	0
539.15	0	.4598793	.2985648	.2415559	0
538.15	0	.4598998	.2985717	.2415285	0
537.15	0	.4599201	.2985788	.2415011	0
536.15	0	.4599399	.2985863	.2414738	0
535.15	0	.4599595	.298594	.2414465	0
534.15	0	.4599787	.2986021	.2414193	0
533.15	0	.4599976	.2986104	.2413921	0
532.15	0	.4600161	.298619	.2413649	0
531.15	0	.4600343	.2986278	.2413378	0
530.15	0	.4600523	.298637	.2413108	0
529.15	0	.4600699	.2986464	.2412837	0
528.15	0	.4600871	.2986561	.2412568	0
527.15	0	.4601041	.2986661	.2412298	0
526.15	0	.4601208	.2986763	.241203	0
525.15	0	.4601371	.2986868	.2411762	0
524.15	0	.4601532	.2986975	.2411494	0
523.15	0	.4601689	.2987084	.2411227	0
522.15	0	.4601844	.2987197	.241096	0
521.15	0	.4601995	.2987311	.2410693	0
520.15	0	.4602144	.2987428	.2410428	0
519.15	0	.460229	.2987548	.2410163	0
518.15	0	.4602433	.2987669	.2409898	0
517.15	0	.4602573	.2987793	.2409634	0
516.15	0	.460271	.298792	.240937	0
515.15	0	.4602845	.2988048	.2409107	0
514.15	0	.4602976	.2988179	.2408845	0
513.15	0	.4603105	.2988312	.2408583	0
512.15	0	.4603232	.2988447	.2408321	0
511.15	0	.4603355	.2988584	.240806	0
510.15	0	.4603476	.2988724	.24078	0
509.15	0	.4603595	.2988865	.240754	0
508.15	0	.4603711	.2989008	.2407281	0
507.15	0	.4603824	.2989153	.2407023	0
506.15	0	.4603935	.2989301	.2406765	0
505.15	0	.4604043	.298945	.2406507	0
504.15	0	.4604148	.2989601	.2406251	0
503.15	0	.4604252	.2989754	.2405994	0
502.15	0	.4604352	.2989909	.2405739	0
501.2204	0	.4604444	.2990054	.2405502	0
501.2204	0	.4604444	.2990054	.2405502	0
501.2204	0	.4604444	.2990054	.2405502	0
501.15	0	.460464	.2989644	.2405277	4.396819E-05
500.15	0	.4607419	.2983823	.2402083	6.675161E-04
499.15	0	.4610181	.2978028	.2398898	.001289345
498.15	0	.4612925	.2972257	.2395723	.00190947
497.15	0	.4615653	.2966512	.2392556	.002527908
496.15	0	.4618365	.296079	.2389399	.003144672
495.15	0	.462106	.2955092	.238625	.003759779
494.15	0	.4623739	.2949418	.2383111	.004373243
493.15	0	.4626402	.2943768	.237998	.004985079
492.15	0	.4629049	.2938141	.2376858	.005595302
491.15	0	.4631681	.2932536	.2373744	.006203925
490.15	0	.4634299	.2926953	.2370637	.00681102
489.15	0	.4636901	.2921394	.2367541	.007416489
488.15	0	.4639487	.2915856	.2364453	.008020402
487.15	0	.4642059	.2910341	.2361373	.008622772
486.15	0	.4644616	.2904846	.2358301	.009223614
485.15	0	.4647159	.2899373	.2355238	.00982294
484.15	0	.4649688	.2893921	.2352183	.01042077
483.15	0	.4652203	.288849	.2349136	.0110171
482.15	0	.4654704	.288308	.2346097	.01161196
481.15	0	.4657192	.2877689	.2343066	.01220536
480.15	0	.4659666	.2872319	.2340042	.01279732
479.15	0	.4662127	.2866968	.2337027	.01338783
478.15	0	.4664575	.2861637	.2334019	.01397692
477.15	0	.466701	.2856325	.2331019	.0145646
476.15	0	.4669432	.2851033	.2328027	.01515089
475.15	0	.4671841	.2845759	.2325042	.01573578
474.15	0	.4674238	.2840503	.2322065	.01631931
473.15	0	.4676623	.2835266	.2319095	.01690147
472.15	0	.4678996	.2830048	.2316133	.01748228
471.15	0	.4681357	.2824847	.2313178	.01806176
470.15	0	.4683706	.2819664	.231023	.01863991
469.15	0	.4686044	.2814499	.230729	.01921674
468.15	0	.468837	.280935	.2304356	.01979228
467.15	0	.4690685	.2804219	.230143	.02036652
466.15	0	.4692989	.2799105	.2298511	.02093948
465.15	0	.4695282	.2794008	.2295599	.02151117
464.15	0	.4697563	.2788927	.2292694	.02208161
463.15	0	.4699834	.2783862	.2289796	.0226508
462.15	0	.4702095	.2778813	.2286905	.02321876
461.15	0	.4704345	.277378	.228402	.02378549
460.15	0	.4706585	.2768763	.2281142	.024351
459.15	0	.4708814	.2763761	.2278271	.02491532
458.15	0	.4711034	.2758775	.2275407	.02547844
457.15	0	.4713244	.2753803	.2272549	.02604038
456.15	0	.4715444	.2748847	.2269698	.02660115
455.15	0	.4717634	.2743905	.2266853	.02716075
454.15	0	.4719815	.2738978	.2264015	.02771921
453.15	0	.4721986	.2734065	.2261183	.02827652
452.15	0	.4724149	.2729167	.2258358	.0288327
451.15	0	.4726302	.2724282	.2255539	.02938776
450.15	0	.4728446	.2719411	.2252726	.02994171
449.15	0	.4730581	.2714554	.2249919	.03049457
448.15	0	.4732708	.270971	.2247119	.03104633
447.15	0	.4734826	.2704879	.2244325	.03159702
446.15	0	.4736936	.2700061	.2241537	.03214664
445.15	0	.4739038	.2695255	.2238755	.03269519
