T	 BPW(LIQUID)	BPW(BCC_A2)	BPW(FCC_A1)	BPW(LAVES_PHASE_C14)	BPW(NI3TI)
1473.15	.3470106	.6529894	0	0	0
1472.15	.3441058	.6558942	0	0	0
1471.15	.3412205	.6587795	0	0	0
1470.15	.3383544	.6616456	0	0	0
1469.15	.3355074	.6644926	0	0	0
1468.15	.3326794	.6673207	0	0	0
1467.15	.3298701	.6701299	0	0	0
1466.15	.3270795	.6729205	0	0	0
1465.15	.3243074	.6756926	0	0	0
1464.15	.3215536	.6784464	0	0	0
1463.15	.318818	.681182	0	0	0
1462.15	.3161004	.6838996	0	0	0
1461.15	.3134007	.6865993	0	0	0
1460.15	.3107187	.6892813	0	0	0
1459.15	.3080543	.6919457	0	0	0
1458.15	.3054074	.6945927	0	0	0
1457.15	.3027777	.6972223	0	0	0
1456.15	.3001652	.6998348	0	0	0
1455.15	.2975697	.7024303	0	0	0
1454.15	.2949911	.7050089	0	0	0
1453.15	.2924292	.7075708	0	0	0
1452.15	.2898839	.7101161	0	0	0
1451.15	.2873551	.7126449	0	0	0
1450.15	.2848426	.7151574	0	0	0
1449.15	.2823463	.7176537	0	0	0
1448.15	.2798661	.7201339	0	0	0
1447.15	.2774018	.7225982	0	0	0
1446.15	.2749533	.7250467	0	0	0
1445.15	.2725206	.7274795	0	0	0
1444.15	.2701033	.7298967	0	0	0
1443.15	.2677015	.7322985	0	0	0
1442.15	.265315	.734685	0	0	0
1441.15	.2629437	.7370563	0	0	0
1440.15	.2605875	.7394125	0	0	0
1439.15	.2582462	.7417538	0	0	0
1438.15	.2559197	.7440803	0	0	0
1437.15	.253608	.746392	0	0	0
1436.15	.2513108	.7486892	0	0	0
1435.15	.2490281	.7509719	0	0	0
1434.15	.2467598	.7532402	0	0	0
1433.15	.2445057	.7554943	0	0	0
1432.15	.2422658	.7577342	0	0	0
1431.15	.2400399	.7599601	0	0	0
1430.15	.2378279	.7621721	0	0	0
1429.15	.2356297	.7643703	0	0	0
1428.15	.2334452	.7665548	0	0	0
1427.15	.2312743	.7687258	0	0	0
1426.15	.2291168	.7708832	0	0	0
1425.15	.2269728	.7730272	0	0	0
1424.15	.224842	.775158	0	0	0
1423.15	.2227244	.7772756	0	0	0
1422.15	.2206199	.7793801	0	0	0
1421.15	.2185283	.7814717	0	0	0
1420.15	.2164496	.7835504	0	0	0
1419.15	.2143837	.7856163	0	0	0
1418.15	.2123305	.7876696	0	0	0
1417.15	.2102898	.7897102	0	0	0
1416.15	.2082616	.7917384	0	0	0
1415.15	.2062458	.7937543	0	0	0
1414.15	.2042422	.7957578	0	0	0
1413.15	.2022509	.7977491	0	0	0
1412.15	.2002717	.7997283	0	0	0
1411.15	.1983044	.8016956	0	0	0
1410.15	.1963491	.8036509	0	0	0
1409.15	.1944056	.8055944	0	0	0
1408.15	.1924739	.8075261	0	0	0
1407.15	.1905538	.8094462	0	0	0
1406.15	.1886453	.8113547	0	0	0
1405.15	.1867482	.8132518	0	0	0
1404.15	.1848626	.8151374	0	0	0
1403.15	.1829882	.8170118	0	0	0
1402.15	.1811251	.8188749	0	0	0
1401.15	.1792731	.8207269	0	0	0
1400.15	.1774322	.8225679	0	0	0
1399.15	.1756022	.8243978	0	0	0
1398.15	.1737831	.8262169	0	0	0
1397.15	.1719748	.8280252	0	0	0
1396.15	.1701773	.8298227	0	0	0
1395.15	.1683904	.8316096	0	0	0
1394.15	.1666141	.8333859	0	0	0
1393.15	.1648483	.8351518	0	0	0
1392.15	.1630928	.8369072	0	0	0
1391.15	.1613478	.8386522	0	0	0
1390.15	.159613	.840387	0	0	0
1389.15	.1578884	.8421116	0	0	0
1388.15	.1561739	.8438261	0	0	0
1387.15	.1544695	.8455305	0	0	0
1386.15	.152775	.847225	0	0	0
1385.15	.1510905	.8489096	0	0	0
1384.15	.1494157	.8505843	0	0	0
1383.15	.1477508	.8522493	0	0	0
1382.15	.1460955	.8539045	0	0	0
1381.15	.1444498	.8555502	0	0	0
1380.15	.1428137	.8571863	0	0	0
1379.15	.1411871	.8588129	0	0	0
1378.15	.1395699	.8604301	0	0	0
1377.15	.137962	.862038	0	0	0
1376.15	.1363635	.8636365	0	0	0
1375.15	.1347741	.8652259	0	0	0
1374.15	.1331939	.8668061	0	0	0
1373.15	.1316228	.8683772	0	0	0
1372.15	.1300607	.8699393	0	0	0
1371.15	.1285076	.8714924	0	0	0
1370.15	.1269634	.8730366	0	0	0
1369.15	.1254281	.8745719	0	0	0
1368.15	.1239015	.8760985	0	0	0
1367.15	.1223836	.8776164	0	0	0
1366.15	.1208744	.8791256	0	0	0
1365.15	.1193738	.8806262	0	0	0
1364.15	.1178817	.8821183	0	0	0
1363.15	.1163981	.8836019	0	0	0
1362.15	.114923	.885077	0	0	0
1361.15	.1134562	.8865438	0	0	0
1360.15	.1119977	.8880023	0	0	0
1359.15	.1105475	.8894525	0	0	0
1358.15	.1091055	.8908945	0	0	0
1357.15	.1076716	.8923284	0	0	0
1356.15	.1062458	.8937542	0	0	0
1355.15	.104828	.895172	0	0	0
1354.15	.1034183	.8965817	0	0	0
1353.15	.1020164	.8979836	0	0	0
1352.15	.1006225	.8993775	0	0	0
1351.15	.09923633	.9007637	0	0	0
1350.15	.09785796	.902142	0	0	0
1349.15	.09648732	.9035127	0	0	0
1348.15	.09512436	.9048756	0	0	0
1347.15	.09376902	.906231	0	0	0
1346.15	.09242125	.9075788	0	0	0
1345.15	.091081	.908919	0	0	0
1344.15	.08974823	.9102518	0	0	0
1343.15	.08842289	.9115771	0	0	0
1342.15	.08710493	.9128951	0	0	0
1341.15	.0857943	.9142057	0	0	0
1340.15	.08449096	.915509	0	0	0
1339.15	.08319486	.9168051	0	0	0
1338.15	.08190595	.9180941	0	0	0
1337.15	.08062419	.9193758	0	0	0
1336.15	.07934953	.9206505	0	0	0
1335.15	.07808194	.9219181	0	0	0
1334.15	.07682136	.9231786	0	0	0
1333.15	.07556775	.9244322	0	0	0
1332.15	.07432107	.9256789	0	0	0
1331.15	.07308127	.9269187	0	0	0
1330.15	.07184832	.9281517	0	0	0
1329.15	.07062217	.9293778	0	0	0
1328.15	.06940278	.9305972	0	0	0
1327.15	.0681901	.9318099	0	0	0
1326.15	.06698411	.9330159	0	0	0
1325.15	.06578475	.9342152	0	0	0
1324.15	.06459198	.935408	0	0	0
1323.15	.06340578	.9365942	0	0	0
1322.15	.06222609	.9377739	0	0	0
1321.15	.06105288	.9389471	0	0	0
1320.15	.05988611	.9401139	0	0	0
1319.15	.05872575	.9412743	0	0	0
1318.15	.05757175	.9424283	0	0	0
1317.15	.05642407	.9435759	0	0	0
1316.15	.05528269	.9447173	0	0	0
1315.15	.05414756	.9458524	0	0	0
1314.15	.05301865	.9469814	0	0	0
1313.15	.05189592	.9481041	0	0	0
1312.15	.05077933	.9492207	0	0	0
1311.15	.04966885	.9503312	0	0	0
1310.15	.04856445	.9514356	0	0	0
1309.15	.04746609	.9525339	0	0	0
1308.15	.04637374	.9536263	0	0	0
1307.15	.04528736	.9547126	0	0	0
1306.15	.04420692	.9557931	0	0	0
1305.15	.04313238	.9568676	0	0	0
1304.15	.04206372	.9579363	0	0	0
1303.589	.04146715	.9585328	0	0	0
1303.589	.04146715	.9585328	0	0	0
1303.589	.04146715	.9585328	0	0	0
1303.15	.04078601	.9588399	0	3.740912E-04	0
1302.15	.03924252	.959534	0	.001223448	0
1301.15	.03770832	.9602217	0	.002069966	0
1300.15	.0361833	.960903	0	.002913677	0
1299.15	.0346638	.9615811	0	.003755096	0
1298.15	.03315682	.9622499	0	.00459328	0
1297.15	.0316587	.9629126	0	.005428747	0
1296.15	.03016932	.9635692	0	.006261526	0
1295.15	.02868859	.9642198	0	.007091647	0
1294.15	.0272164	.9648645	0	.007919137	0
1293.15	.02575264	.9655033	0	.008744024	0
1292.15	.02429723	.9661364	0	.009566336	0
1291.15	.02285006	.9667638	0	.0103861	0
1290.15	.02141103	.9673856	0	.01120334	0
1289.15	.01998004	.9680019	0	.01201809	0
1288.15	.01855702	.9686126	0	.01283038	0
1287.15	.01714185	.9692179	0	.01364021	0
1286.15	.01573445	.9698179	0	.01444763	0
1285.15	.01433472	.9704126	0	.01525266	0
1284.15	.01294258	.9710021	0	.01605532	0
1283.15	.01155794	.9715864	0	.01685564	0
1282.15	.01018071	.9721656	0	.01765363	0
1281.15	.008810813	.9727398	0	.01844933	0
1280.15	.007448151	.9733091	0	.01924276	0
1279.15	.006092645	.9738734	0	.02003394	0
1278.15	.004744213	.9744329	0	.02082289	0
1277.523	.003902811	.974781	0	.02131615	0
1277.523	.003902811	.974781	0	.02131615	0
1277.523	.003902811	.974781	0	.02131615	0
1277.15	7.552251E-04	.9738755	.003546414	.02182283	0
1277.06	0	.9736595	.004396331	.02194417	0
1277.06	0	.9736595	.004396331	.02194417	0
1276.15	0	.9722337	.005281055	.02248522	0
1275.15	0	.9706719	.006250127	.02307801	0
1274.15	0	.9691144	.007216361	.02366923	0
1273.15	0	.9675613	.008179763	.02425889	0
1272.15	0	.9660127	.00914034	.02484699	0
1271.15	0	.9644684	.0100981	.02543354	0
1270.15	0	.9629284	.01105305	.02601854	0
1269.15	0	.9613928	.01200519	.026602	0
1268.15	0	.9598615	.01295454	.02718393	0
1267.15	0	.9583346	.01390109	.02776433	0
1266.15	0	.9568119	.01484486	.0283432	0
1265.15	0	.9552936	.01578586	.02892055	0
1264.15	0	.9537795	.01672408	.0294964	0
1263.15	0	.9522697	.01765953	.03007073	0
1262.15	0	.9507642	.01859223	.03064357	0
1261.15	0	.9492629	.01952218	.03121491	0
1260.15	0	.9477659	.02044938	.03178476	0
1259.15	0	.946273	.02137384	.03235312	0
1258.15	0	.9447844	.02229557	.03292001	0
1257.15	0	.9433	.02321457	.03348542	0
1256.15	0	.9418198	.02413085	.03404936	0
1255.15	0	.9403438	.02504441	.03461184	0
1254.15	0	.9388719	.02595527	.03517286	0
1253.15	0	.9374042	.02686342	.03573243	0
1252.15	0	.9359406	.02776888	.03629056	0
1251.15	0	.9344811	.02867164	.03684724	0
1250.15	0	.9330258	.02957173	.03740248	0
1249.15	0	.9315746	.03046913	.03795629	0
1248.15	0	.9301275	.03136386	.03850868	0
1247.15	0	.9286844	.03225592	.03905965	0
1246.15	0	.9272455	.03314533	.03960919	0
1245.15	0	.9258106	.03403208	.04015733	0
1244.15	0	.9243798	.03491617	.04070406	0
1243.15	0	.922953	.03579762	.04124939	0
1242.15	0	.9215302	.03667644	.04179333	0
1241.15	0	.9201115	.03755262	.04233587	0
1240.15	0	.9186968	.03842617	.04287703	0
1239.15	0	.9172861	.03929711	.04341681	0
1238.15	0	.9158794	.04016542	.04395521	0
1237.15	0	.9144766	.04103113	.04449224	0
1236.15	0	.9130779	.04189423	.0450279	0
1235.15	0	.9116831	.04275473	.0455622	0
1234.15	0	.9102922	.04361263	.04609514	0
1233.15	0	.9089053	.04446795	.04662673	0
1232.15	0	.9075224	.04532068	.04715697	0
1231.15	0	.9061433	.04617083	.04768587	0
1230.15	0	.9047682	.04701841	.04821344	0
1229.15	0	.9033969	.04786342	.04873966	0
1228.15	0	.9020296	.04870586	.04926456	0
1227.15	0	.9006661	.04954575	.04978814	0
1226.15	0	.8993065	.05038309	.05031039	0
1225.15	0	.8979508	.05121787	.05083133	0
1224.15	0	.8965989	.05205011	.05135096	0
1223.15	0	.8952509	.05287982	.05186928	0
1222.15	0	.8939067	.05370698	.05238631	0
1221.15	0	.8925663	.05453163	.05290203	0
1220.15	0	.8912298	.05535374	.05341646	0
1219.15	0	.8898971	.05617334	.0539296	0
1218.15	0	.8885681	.05699042	.05444146	0
1217.15	0	.887243	.057805	.05495204	0
1216.15	0	.8859216	.05861707	.05546134	0
1215.15	0	.884604	.05942663	.05596938	0
1214.15	0	.8832902	.06023371	.05647614	0
1213.15	0	.8819801	.06103829	.05698164	0
1212.15	0	.8806737	.06184038	.05748589	0
1211.15	0	.8793711	.06264	.05798888	0
1210.15	0	.8780722	.06343713	.05849062	0
1209.15	0	.8767771	.06423179	.05899111	0
1208.15	0	.8754857	.06502399	.05949036	0
1207.15	0	.8741979	.06581372	.05998838	0
1206.15	0	.8729138	.06660099	.06048516	0
1205.15	0	.8716335	.0673858	.06098071	0
1204.15	0	.8703568	.06816817	.06147504	0
1203.15	0	.8690838	.06894809	.06196814	0
1202.15	0	.8678144	.06972556	.06246003	0
1201.15	0	.8665487	.07050059	.0629507	0
1200.15	0	.8652866	.0712732	.06344017	0
1199.15	0	.8640282	.07204337	.06392843	0
1198.15	0	.8627734	.07281111	.06441548	0
1197.15	0	.8615222	.07357644	.06490134	0
1196.15	0	.8602747	.07433934	.06538601	0
1195.15	0	.8590307	.07509983	.06586949	0
1194.15	0	.8577903	.07585791	.06635178	0
1193.15	0	.8565535	.07661359	.06683288	0
1192.15	0	.8553203	.07736687	.06731281	0
1191.15	0	.8540907	.07811774	.06779156	0
1190.15	0	.8528646	.07886622	.06826915	0
1189.15	0	.8516421	.07961232	.06874556	0
1188.15	0	.8504232	.08035602	.06922081	0
1187.15	0	.8492078	.08109734	.0696949	0
1186.15	0	.8479959	.08183629	.07016784	0
1185.15	0	.8467875	.08257286	.07063962	0
1184.15	0	.8455827	.08330705	.07111025	0
1183.15	0	.8443814	.08403888	.07157974	0
1182.15	0	.8431836	.08476835	.07204809	0
1181.15	0	.8419893	.08549545	.07251529	0
1180.15	0	.8407984	.0862202	.07298136	0
1179.15	0	.8396111	.08694259	.0734463	0
1178.15	0	.8384273	.08766264	.07391011	0
1177.15	0	.8372469	.08838034	.0743728	0
1176.15	0	.8360699	.08909569	.07483437	0
1175.15	0	.8348965	.08980871	.07529481	0
1174.15	0	.8337265	.09051939	.07575415	0
1173.15	0	.8325599	.09122773	.07621237	0
1172.15	0	.8313968	.09193375	.07666949	0
1171.15	0	.8302371	.09263744	.0771255	0
1170.15	0	.8290808	.09333882	.07758041	0
1169.15	0	.8279279	.09403787	.07803422	0
1168.15	0	.8267785	.0947346	.07848693	0
1167.15	0	.8256324	.09542902	.07893856	0
1166.15	0	.8244898	.09612113	.0793891	0
1165.15	0	.8233505	.09681094	.07983855	0
1164.15	0	.8222146	.09749844	.08028692	0
1163.15	0	.8210821	.09818364	.08073422	0
1162.15	0	.819953	.09886655	.08118044	0
1161.15	0	.8188273	.09954716	.08162558	0
1160.15	0	.8177049	.1002255	.08206966	0
1159.15	0	.8165858	.1009015	.08251267	0
1158.15	0	.8154701	.1015753	.08295462	0
1157.15	0	.8143578	.1022467	.0833955	0
1156.15	0	.8132488	.1029159	.08383534	0
1155.15	0	.8121431	.1035828	.08427411	0
1154.15	0	.8110407	.1042475	.08471186	0
1153.15	0	.8099416	.1049099	.08514854	0
1152.15	0	.8088459	.10557	.08558417	0
1151.15	0	.8077534	.1062278	.08601876	0
1150.15	0	.8066643	.1068834	.08645232	0
1149.15	0	.8055785	.1075367	.08688483	0
1148.15	0	.8044959	.1081878	.08731632	0
1147.15	0	.8034167	.1088366	.08774677	0
1146.15	0	.8023407	.1094831	.0881762	0
1145.15	0	.801268	.1101274	.0886046	0
1144.15	0	.8001985	.1107695	.08903198	0
1143.15	0	.7991324	.1114093	.08945834	0
1142.15	0	.7980694	.1120469	.08988368	0
1141.15	0	.7970097	.1126823	.09030801	0
1140.15	0	.7959533	.1133154	.09073133	0
1139.15	0	.7949001	.1139462	.09115364	0
1138.15	0	.7938502	.1145749	.09157495	0
1137.15	0	.7928034	.1152013	.09199525	0
1136.15	0	.7917599	.1158255	.09241456	0
1135.15	0	.7907196	.1164475	.09283286	0
1134.15	0	.7896826	.1170673	.09325017	0
1133.15	0	.7886487	.1176848	.09366649	0
1132.15	0	.787618	.1183001	.09408182	0
1131.15	0	.7865906	.1189133	.09449616	0
1130.15	0	.7855663	.1195242	.09490952	0
1129.15	0	.7845452	.1201329	.09532189	0
1128.15	0	.7835273	.1207394	.09573329	0
1127.15	0	.7825126	.1213437	.09614371	0
1126.15	0	.7815011	.1219458	.09655315	0
1125.15	0	.7804927	.1225457	.09696162	0
1124.15	0	.7794875	.1231434	.09736912	0
1123.15	0	.7784855	.1237389	.09777566	0
1122.15	0	.7774866	.1243322	.09818123	0
1121.15	0	.7764908	.1249233	.09858583	0
1120.15	0	.7754982	.1255123	.09898948	0
1119.15	0	.7745088	.1260991	.09939217	0
1118.15	0	.7735225	.1266836	.0997939	0
1117.15	0	.7725393	.127266	.1001947	0
1116.15	0	.7715592	.1278463	.1005945	0
1115.15	0	.7705823	.1284243	.1009934	0
1114.15	0	.7696085	.1290002	.1013913	0
1113.15	0	.7686378	.1295739	.1017883	0
1112.15	0	.7676702	.1301454	.1021843	0
1111.15	0	.7667057	.1307148	.1025795	0
1110.15	0	.7657444	.131282	.1029736	0
1109.15	0	.7647861	.1318471	.1033669	0
1108.15	0	.7638309	.1324099	.1037592	0
1107.15	0	.7628788	.1329707	.1041505	0
1106.15	0	.7619298	.1335292	.104541	0
1105.15	0	.7609839	.1340857	.1049305	0
1104.15	0	.760041	.1346399	.105319	0
1103.15	0	.7591013	.135192	.1057067	0
1102.15	0	.7581646	.135742	.1060934	0
1101.15	0	.7572309	.1362898	.1064793	0
1100.15	0	.7563003	.1368355	.1068642	0
1099.15	0	.7553728	.137379	.1072482	0
1098.15	0	.7544484	.1379204	.1076312	0
1097.15	0	.753527	.1384597	.1080134	0
1096.15	0	.7526086	.1389968	.1083946	0
1095.15	0	.7516933	.1395318	.108775	0
1094.15	0	.750781	.1400646	.1091544	0
1093.15	0	.7498717	.1405953	.109533	0
1092.15	0	.7489655	.1411239	.1099106	0
1091.15	0	.7480623	.1416504	.1102873	0
1090.15	0	.7471621	.1421747	.1106631	0
1089.15	0	.746265	.1426969	.1110381	0
1088.15	0	.7453709	.143217	.1114121	0
1087.15	0	.7444797	.143735	.1117853	0
1086.15	0	.7435917	.1442509	.1121575	0
1085.15	0	.7427066	.1447646	.1125289	0
1084.15	0	.7418245	.1452762	.1128993	0
1083.15	0	.7409454	.1457857	.1132689	0
1082.15	0	.7400693	.1462931	.1136376	0
1081.15	0	.7391962	.1467984	.1140054	0
1080.15	0	.738326	.1473016	.1143724	0
1079.15	0	.7374589	.1478027	.1147384	0
1078.15	0	.7365948	.1483017	.1151036	0
1077.15	0	.7357336	.1487986	.1154679	0
1076.15	0	.7348754	.1492933	.1158313	0
1075.15	0	.7340202	.149786	.1161938	0
1074.15	0	.7331679	.1502766	.1165555	0
1073.15	0	.7323186	.1507651	.1169163	0
1072.15	0	.7314723	.1512515	.1172762	0
1071.15	0	.7306289	.1517358	.1176353	0
1070.15	0	.7297885	.152218	.1179935	0
1069.15	0	.7289511	.1526982	.1183508	0
1068.15	0	.7281166	.1531762	.1187072	0
1067.15	0	.727285	.1536522	.1190628	0
1066.15	0	.7264564	.1541261	.1194176	0
1065.15	0	.7256307	.1545979	.1197714	0
1064.15	0	.724808	.1550676	.1201244	0
1063.15	0	.7239882	.1555353	.1204766	0
1062.15	0	.7231713	.1560008	.1208278	0
1061.15	0	.7223574	.1564643	.1211783	0
1060.15	0	.7215464	.1569258	.1215278	0
1059.15	0	.7207383	.1573852	.1218766	0
1058.15	0	.7199331	.1578425	.1222244	0
1057.15	0	.7191309	.1582977	.1225714	0
1056.15	0	.7183315	.1587509	.1229176	0
1055.15	0	.7175351	.159202	.1232629	0
1054.15	0	.7167416	.1596511	.1236074	0
1053.15	0	.715951	.1600981	.123951	0
1052.15	0	.7151632	.160543	.1242937	0
1051.15	0	.7143784	.1609859	.1246357	0
1050.15	0	.7135965	.1614268	.1249767	0
1049.15	0	.7128175	.1618656	.1253169	0
1048.15	0	.7120413	.1623024	.1256563	0
1047.15	0	.7112681	.1627371	.1259949	0
1046.15	0	.7104977	.1631698	.1263326	0
1045.15	0	.7097302	.1636004	.1266694	0
1044.15	0	.7089656	.164029	.1270054	0
1043.15	0	.7082039	.1644556	.1273406	0
1042.15	0	.707445	.1648801	.1276749	0
1041.15	0	.706689	.1653026	.1280084	0
1040.15	0	.7059359	.1657231	.128341	0
1039.15	0	.7051856	.1661415	.1286729	0
1038.15	0	.7044382	.1665579	.1290038	0
1037.15	0	.7036937	.1669723	.129334	0
1036.15	0	.702952	.1673847	.1296633	0
1035.15	0	.7022132	.1677951	.1299917	0
1034.15	0	.7014772	.1682035	.1303194	0
1033.15	0	.700744	.1686098	.1306462	0
1032.15	0	.7000137	.1690142	.1309721	0
1031.15	0	.6992863	.1694165	.1312973	0
1030.15	0	.6985616	.1698168	.1316216	0
1029.15	0	.6978398	.1702152	.131945	0
1028.15	0	.6971209	.1706115	.1322676	0
1027.15	0	.6964047	.1710058	.1325894	0
1026.15	0	.6956914	.1713982	.1329104	0
1025.15	0	.6949809	.1717885	.1332305	0
1024.15	0	.6942733	.1721769	.1335498	0
1023.15	0	.6935684	.1725633	.1338683	0
1022.15	0	.6928664	.1729477	.1341859	0
1021.15	0	.6921671	.1733301	.1345027	0
1020.15	0	.6914707	.1737106	.1348187	0
1019.15	0	.6907771	.1740891	.1351338	0
1018.15	0	.6900863	.1744656	.1354481	0
1017.15	0	.6893982	.1748402	.1357616	0
1016.15	0	.688713	.1752128	.1360743	0
1015.15	0	.6880305	.1755834	.1363861	0
1014.15	0	.6873509	.1759521	.136697	0
1013.15	0	.686674	.1763188	.1370072	0
1012.15	0	.6859999	.1766836	.1373165	0
1011.15	0	.6853286	.1770464	.137625	0
1010.15	0	.68466	.1774074	.1379327	0
1009.15	0	.6839942	.1777663	.1382395	0
1008.15	0	.6833312	.1781234	.1385455	0
1007.15	0	.6826709	.1784785	.1388506	0
1006.15	0	.6820134	.1788317	.1391549	0
1005.15	0	.6813587	.1791829	.1394584	0
1004.15	0	.6807067	.1795323	.1397611	0
1003.15	0	.6800574	.1798797	.1400629	0
1002.15	0	.6794109	.1802252	.1403639	0
1001.15	0	.6787671	.1805689	.140664	0
1000.15	0	.6781261	.1809106	.1409633	0
999.15	0	.6774878	.1812504	.1412618	0
998.15	0	.6768522	.1815884	.1415594	0
997.15	0	.6762193	.1819245	.1418562	0
996.15	0	.6755892	.1822587	.1421522	0
995.15	0	.6749617	.182591	.1424473	0
994.15	0	.674337	.1829214	.1427416	0
993.15	0	.673715	.18325	.143035	0
992.15	0	.6730957	.1835768	.1433276	0
991.15	0	.672479	.1839016	.1436194	0
990.15	0	.6718651	.1842247	.1439102	0
989.15	0	.6712538	.1845459	.1442003	0
988.15	0	.6706453	.1848652	.1444895	0
987.15	0	.6700394	.1851828	.1447779	0
986.15	0	.6694361	.1854985	.1450654	0
985.15	0	.6688356	.1858124	.1453521	0
984.15	0	.6682377	.1861244	.1456379	0
983.15	0	.6676424	.1864347	.1459228	0
982.15	0	.6670499	.1867432	.146207	0
981.15	0	.6664599	.1870499	.1464902	0
980.15	0	.6658726	.1873548	.1467726	0
979.15	0	.6652879	.1876579	.1470541	0
978.15	0	.6647059	.1879593	.1473348	0
977.15	0	.6641264	.1882589	.1476147	0
976.15	0	.6635496	.1885568	.1478936	0
975.15	0	.6629754	.1888529	.1481717	0
974.15	0	.6624038	.1891472	.1484489	0
973.15	0	.6618348	.1894399	.1487253	0
972.15	0	.6612684	.1897308	.1490008	0
971.15	0	.6607046	.19002	.1492754	0
970.15	0	.6601433	.1903075	.1495492	0
969.15	0	.6595846	.1905933	.1498221	0
968.15	0	.6590285	.1908774	.1500941	0
967.15	0	.6584749	.1911599	.1503652	0
966.15	0	.6579239	.1914407	.1506354	0
965.15	0	.6573754	.1917198	.1509048	0
964.15	0	.6568295	.1919972	.1511733	0
963.15	0	.6562861	.1922731	.1514409	0
962.15	0	.6557452	.1925473	.1517076	0
961.15	0	.6552068	.1928198	.1519734	0
960.15	0	.6546709	.1930908	.1522383	0
959.15	0	.6541375	.1933602	.1525023	0
958.15	0	.6536066	.193628	.1527655	0
957.15	0	.6530782	.1938942	.1530277	0
956.15	0	.6525522	.1941588	.153289	0
955.15	0	.6520287	.1944219	.1535494	0
954.15	0	.6515076	.1946835	.1538089	0
953.15	0	.650989	.1949435	.1540675	0
952.15	0	.6504728	.195202	.1543252	0
951.15	0	.649959	.1954591	.1545819	0
950.15	0	.6494476	.1957146	.1548378	0
949.15	0	.6489387	.1959686	.1550927	0
948.15	0	.6484321	.1962212	.1553467	0
947.15	0	.6479279	.1964724	.1555998	0
946.15	0	.647426	.1967221	.1558519	0
945.15	0	.6469266	.1969704	.1561031	0
944.15	0	.6464294	.1972172	.1563533	0
943.15	0	.6459346	.1974627	.1566026	0
942.15	0	.6454422	.1977069	.156851	0
941.15	0	.644952	.1979496	.1570984	0
940.15	0	.6444641	.198191	.1573449	0
939.15	0	.6439785	.1984311	.1575904	0
938.15	0	.6434952	.1986699	.1578349	0
937.15	0	.6430141	.1989074	.1580785	0
936.15	0	.6425353	.1991436	.1583211	0
935.15	0	.6420587	.1993786	.1585628	0
934.15	0	.6415843	.1996123	.1588034	0
933.15	0	.6411121	.1998448	.1590431	0
932.15	0	.6406422	.2000761	.1592818	0
931.15	0	.6401743	.2003062	.1595195	0
930.15	0	.6397087	.2005351	.1597562	0
929.15	0	.6392452	.2007629	.1599919	0
928.15	0	.6387838	.2009896	.1602266	0
927.15	0	.6383245	.2012152	.1604603	0
926.15	0	.6378673	.2014397	.160693	0
925.15	0	.6374122	.2016631	.1609247	0
924.15	0	.6369592	.2018855	.1611553	0
923.15	0	.6365082	.2021069	.1613849	0
922.15	0	.6360592	.2023273	.1616135	0
921.15	0	.6356122	.2025467	.1618411	0
920.15	0	.6351672	.2027652	.1620676	0
919.15	0	.6347242	.2029828	.162293	0
918.15	0	.6342831	.2031995	.1625174	0
917.15	0	.633844	.2034153	.1627407	0
916.15	0	.6334068	.2036302	.162963	0
915.15	0	.6329714	.2038444	.1631842	0
914.15	0	.632538	.2040577	.1634044	0
913.15	0	.6321063	.2042703	.1636234	0
912.15	0	.6316766	.2044821	.1638413	0
911.15	0	.6312486	.2046933	.1640582	0
910.15	0	.6308223	.2049037	.1642739	0
909.15	0	.6303979	.2051135	.1644886	0
908.15	0	.6299752	.2053227	.1647021	0
907.15	0	.6295542	.2055313	.1649145	0
906.15	0	.6291348	.2057394	.1651258	0
905.15	0	.6287172	.2059469	.1653359	0
904.15	0	.6283012	.206154	.1655449	0
903.15	0	.6278867	.2063605	.1657527	0
902.15	0	.6274739	.2065667	.1659594	0
901.15	0	.6270626	.2067725	.1661649	0
900.15	0	.6266529	.2069779	.1663692	0
899.15	0	.6262447	.207183	.1665724	0
898.15	0	.6258379	.2073878	.1667744	0
897.15	0	.6254326	.2075923	.1669751	0
896.15	0	.6250286	.2077967	.1671747	0
895.15	0	.6246261	.2080009	.167373	0
894.15	0	.6242249	.208205	.1675701	0
893.15	0	.6238251	.208409	.167766	0
892.15	0	.6234265	.2086129	.1679606	0
891.15	0	.6230292	.2088168	.168154	0
890.15	0	.6226331	.2090208	.1683461	0
889.15	0	.6222382	.2092249	.168537	0
888.15	0	.6218444	.2094291	.1687265	0
887.15	0	.6214518	.2096334	.1689148	0
886.15	0	.6210602	.209838	.1691017	0
885.15	0	.6206697	.2100429	.1692874	0
884.15	0	.6202802	.2102481	.1694717	0
883.15	0	.6198917	.2104536	.1696547	0
882.15	0	.6195041	.2106596	.1698364	0
881.15	0	.6191174	.210866	.1700166	0
880.15	0	.6187315	.211073	.1701956	0
879.15	0	.6183464	.2112805	.1703731	0
878.15	0	.6179621	.2114887	.1705492	0
877.15	0	.6175785	.2116975	.170724	0
876.15	0	.6171956	.2119071	.1708973	0
875.15	0	.6168134	.2121175	.1710691	0
874.15	0	.6164316	.2123288	.1712396	0
873.15	0	.6160505	.212541	.1714085	0
872.15	0	.6156698	.2127541	.171576	0
871.15	0	.6152896	.2129684	.171742	0
870.15	0	.6149098	.2131837	.1719065	0
869.15	0	.6145302	.2134002	.1720695	0
868.15	0	.614151	.213618	.172231	0
867.15	0	.613772	.2138372	.1723908	0
866.15	0	.6133932	.2140576	.1725492	0
865.15	0	.6130145	.2142796	.1727059	0
864.15	0	.6126358	.2145032	.172861	0
863.15	0	.6122572	.2147283	.1730145	0
862.15	0	.6118785	.2149551	.1731664	0
861.15	0	.6114996	.2151838	.1733166	0
860.15	0	.6111206	.2154143	.1734652	0
859.15	0	.6107413	.2156467	.173612	0
858.15	0	.6103617	.2158812	.1737571	0
857.15	0	.6099817	.2161178	.1739005	0
856.15	0	.6096013	.2163566	.1740421	0
855.15	0	.6092203	.2165978	.174182	0
854.15	0	.6088387	.2168413	.17432	0
853.15	0	.6084564	.2170874	.1744562	0
852.15	0	.6080734	.2173361	.1745905	0
851.15	0	.6076895	.2175875	.174723	0
850.15	0	.6073047	.2178418	.1748535	0
849.15	0	.6069189	.218099	.1749822	0
848.15	0	.6065319	.2183593	.1751088	0
847.15	0	.6061438	.2186227	.1752335	0
846.15	0	.6057544	.2188895	.1753561	0
845.15	0	.6053636	.2191597	.1754767	0
844.15	0	.6049714	.2194335	.1755952	0
843.15	0	.6045775	.2197109	.1757116	0
842.15	0	.6041819	.2199923	.1758258	0
841.15	0	.6037846	.2202776	.1759379	0
840.15	0	.6033853	.2205671	.1760477	0
839.15	0	.602984	.2208608	.1761552	0
838.15	0	.6025805	.2211591	.1762604	0
837.15	0	.6021747	.221462	.1763633	0
836.15	0	.6017665	.2217697	.1764638	0
835.15	0	.6013557	.2220824	.1765619	0
834.15	0	.6009422	.2224004	.1766574	0
833.15	0	.6005259	.2227237	.1767504	0
832.15	0	.6001065	.2230526	.1768409	0
831.15	0	.599684	.2233874	.1769287	0
830.15	0	.5992581	.2237282	.1770137	0
829.15	0	.5988287	.2240753	.177096	0
828.15	0	.5983955	.224429	.1771755	0
827.15	0	.5979585	.2247895	.1772521	0
826.15	0	.5975173	.225157	.1773257	0
825.15	0	.5970717	.225532	.1773963	0
824.15	0	.5966216	.2259147	.1774637	0
823.15	0	.5961667	.2263053	.1775279	0
822.15	0	.5957067	.2267044	.1775889	0
821.15	0	.5952414	.2271122	.1776464	0
820.15	0	.5947704	.2275291	.1777005	0
819.15	0	.5942935	.2279555	.177751	0
818.15	0	.5938103	.2283919	.1777978	0
817.15	0	.5933205	.2288387	.1778407	0
816.15	0	.5928238	.2292965	.1778798	0
815.15	0	.5923197	.2297657	.1779147	0
814.15	0	.5918077	.2302469	.1779454	0
813.15	0	.5912875	.2307408	.1779717	0
812.15	0	.5907586	.231248	.1779934	0
811.15	0	.5902204	.2317692	.1780104	0
810.15	0	.5896724	.2323052	.1780225	0
809.15	0	.5891138	.2328568	.1780294	0
808.15	0	.5885441	.233425	.1780309	0
807.15	0	.5879626	.2340107	.1780268	0
806.15	0	.5873683	.234615	.1780167	0
805.15	0	.5867604	.2352391	.1780004	0
804.15	0	.586138	.2358844	.1779776	0
803.15	0	.5854999	.2365523	.1779478	0
802.15	0	.5848449	.2372444	.1779107	0
801.15	0	.5841716	.2379625	.1778658	0
800.15	0	.5834786	.2387088	.1778126	0
799.15	0	.5827641	.2394855	.1777504	0
798.15	0	.5820261	.2402952	.1776787	0
797.15	0	.5812624	.2411409	.1775967	0
796.15	0	.5800494	.2425654	.1773852	0
795.15	0	.5784828	.244449	.1770682	0
794.15	0	.5770437	.2461759	.1767804	0
793.15	0	.5757135	.2477692	.1765172	0
792.15	0	.5744778	.249247	.1762752	0
791.15	0	.5733248	.2506239	.1760513	0
790.15	0	.5722451	.2519116	.1758433	0
789.15	0	.5712329	.2531183	.1756488	0
788.15	0	.5702769	.2542557	.1754674	0
787.15	0	.5693738	.2553291	.1752971	0
786.15	0	.5685189	.2563443	.1751368	0
785.15	0	.5677079	.2573065	.1749856	0
784.15	0	.5669372	.2582203	.1748425	0
783.15	0	.5662036	.2590896	.1747068	0
782.15	0	.5655041	.2599179	.174578	0
781.15	0	.5648364	.2607083	.1744554	0
780.15	0	.564198	.2614635	.1743385	0
779.15	0	.563587	.2621861	.1742269	0
778.15	0	.5630016	.2628782	.1741202	0
777.15	0	.5624401	.2635419	.1740181	0
776.15	0	.5619009	.264179	.1739201	0
775.15	0	.5613828	.2647912	.1738261	0
774.15	0	.5608844	.26538	.1737357	0
773.15	0	.5604046	.2659468	.1736487	0
772.15	0	.5599424	.2664928	.1735648	0
771.15	0	.5594967	.2670193	.173484	0
770.15	0	.5590667	.2675273	.173406	0
769.15	0	.5586516	.2680178	.1733306	0
768.15	0	.5582505	.2684919	.1732576	0
767.15	0	.5578628	.2689502	.173187	0
766.15	0	.5574878	.2693937	.1731185	0
765.15	0	.5571248	.269823	.1730522	0
764.15	0	.5567733	.2702389	.1729877	0
763.15	0	.5564328	.2706421	.1729251	0
762.15	0	.5561026	.2710331	.1728642	0
761.15	0	.5557824	.2714125	.172805	0
760.15	0	.5554717	.2717809	.1727474	0
759.15	0	.5551701	.2721387	.1726912	0
758.15	0	.5548771	.2724865	.1726364	0
757.15	0	.5545924	.2728246	.1725829	0
756.15	0	.5543157	.2731536	.1725307	0
755.15	0	.5540466	.2734737	.1724797	0
754.15	0	.5537847	.2737854	.1724299	0
753.15	0	.5535298	.2740891	.1723811	0
752.15	0	.5532817	.274385	.1723333	0
751.15	0	.55304	.2746735	.1722865	0
750.15	0	.5528044	.2749549	.1722407	0
749.15	0	.5525748	.2752295	.1721957	0
748.15	0	.5523509	.2754975	.1721516	0
747.15	0	.5521325	.2757592	.1721083	0
746.15	0	.5519194	.2760149	.1720657	0
745.15	0	.5517113	.2762648	.1720239	0
744.15	0	.5515081	.2765091	.1719828	0
743.15	0	.5513097	.276748	.1719423	0
742.15	0	.5511158	.2769817	.1719025	0
741.15	0	.5509262	.2772105	.1718633	0
740.15	0	.5507409	.2774344	.1718247	0
739.15	0	.5505596	.2776538	.1717866	0
738.15	0	.5503823	.2778687	.171749	0
737.15	0	.5502088	.2780793	.171712	0
736.15	0	.5500389	.2782857	.1716754	0
735.15	0	.5498725	.2784882	.1716393	0
734.15	0	.5497096	.2786868	.1716036	0
733.15	0	.5495499	.2788817	.1715684	0
732.15	0	.5493934	.2790731	.1715335	0
731.15	0	.54924	.2792609	.171499	0
730.15	0	.5490896	.2794455	.1714649	0
729.15	0	.5489421	.2796267	.1714312	0
728.15	0	.5487973	.2798049	.1713978	0
727.15	0	.5486553	.2799801	.1713647	0
726.15	0	.5485158	.2801523	.1713319	0
725.15	0	.5483789	.2803217	.1712994	0
724.15	0	.5482444	.2804884	.1712671	0
723.15	0	.5481124	.2806525	.1712352	0
722.15	0	.5479826	.280814	.1712034	0
721.15	0	.547855	.2809731	.171172	0
720.15	0	.5477296	.2811297	.1711407	0
719.15	0	.5476062	.2812841	.1711097	0
718.15	0	.5474849	.2814362	.1710789	0
717.15	0	.5473656	.2815861	.1710483	0
716.15	0	.5472482	.281734	.1710179	0
715.15	0	.5471326	.2818798	.1709876	0
714.15	0	.5470188	.2820236	.1709576	0
713.15	0	.5469068	.2821656	.1709277	0
712.15	0	.5467964	.2823057	.1708979	0
711.15	0	.5466877	.282444	.1708683	0
710.15	0	.5465806	.2825805	.1708389	0
709.15	0	.546475	.2827154	.1708096	0
708.15	0	.546371	.2828486	.1707804	0
707.15	0	.5462684	.2829803	.1707513	0
706.15	0	.5461672	.2831104	.1707224	0
705.15	0	.5460674	.283239	.1706935	0
704.15	0	.545969	.2833662	.1706648	0
703.15	0	.5458719	.283492	.1706362	0
702.15	0	.545776	.2836164	.1706076	0
701.15	0	.5456814	.2837395	.1705792	0
700.15	0	.5455879	.2838613	.1705508	0
699.15	0	.5454957	.2839818	.1705225	0
698.15	0	.5454045	.2841012	.1704943	0
697.15	0	.5453145	.2842194	.1704661	0
696.15	0	.5452256	.2843364	.170438	0
695.15	0	.5451377	.2844523	.17041	0
694.15	0	.5450508	.2845671	.170382	0
693.15	0	.5449649	.2846809	.1703541	0
692.15	0	.54488	.2847937	.1703263	0
691.15	0	.544796	.2849055	.1702984	0
690.15	0	.544713	.2850163	.1702707	0
689.15	0	.5446309	.2851262	.1702429	0
688.15	0	.5445496	.2852352	.1702152	0
687.15	0	.5444692	.2853433	.1701876	0
686.15	0	.5443895	.2854505	.17016	0
685.15	0	.5443108	.2855569	.1701323	0
684.15	0	.5442328	.2856625	.1701048	0
683.15	0	.5441555	.2857673	.1700772	0
682.15	0	.544079	.2858713	.1700497	0
681.15	0	.5440033	.2859746	.1700222	0
680.15	0	.5439282	.2860771	.1699947	0
679.15	0	.5438539	.2861789	.1699672	0
678.15	0	.5437802	.2862801	.1699397	0
677.15	0	.5437072	.2863805	.1699122	0
676.15	0	.5436349	.2864803	.1698848	0
675.15	0	.5435631	.2865795	.1698573	0
674.15	0	.543492	.2866781	.1698299	0
673.15	0	.5434215	.286776	.1698025	0
672.15	0	.5433516	.2868734	.169775	0
671.15	0	.5432823	.2869702	.1697476	0
670.15	0	.5432135	.2870664	.1697201	0
669.15	0	.5431452	.2871621	.1696927	0
668.15	0	.5430775	.2872572	.1696652	0
667.15	0	.5430104	.2873518	.1696378	0
666.15	0	.5429437	.287446	.1696103	0
665.15	0	.5428775	.2875396	.1695829	0
664.15	0	.5428119	.2876327	.1695554	0
663.15	0	.5427467	.2877254	.1695279	0
662.15	0	.5426819	.2878177	.1695004	0
661.15	0	.5426177	.2879094	.1694729	0
660.15	0	.5425539	.2880008	.1694454	0
659.15	0	.5424905	.2880917	.1694178	0
658.15	0	.5424275	.2881822	.1693903	0
657.15	0	.542365	.2882723	.1693627	0
656.15	0	.5423029	.2883621	.1693351	0
655.15	0	.5422411	.2884514	.1693075	0
654.15	0	.5421798	.2885403	.1692799	0
653.15	0	.5421189	.2886289	.1692522	0
652.15	0	.5420583	.2887171	.1692246	0
651.15	0	.5419981	.288805	.1691969	0
650.15	0	.5419383	.2888926	.1691692	0
649.15	0	.5418788	.2889798	.1691415	0
648.15	0	.5418196	.2890666	.1691137	0
647.15	0	.5417608	.2891532	.169086	0
646.15	0	.5417024	.2892394	.1690582	0
645.15	0	.5416442	.2893254	.1690304	0
644.15	0	.5415864	.289411	.1690026	0
643.15	0	.541529	.2894963	.1689747	0
642.15	0	.5414718	.2895814	.1689468	0
641.15	0	.5414149	.2896662	.1689189	0
640.15	0	.5413583	.2897507	.168891	0
639.15	0	.541302	.2898349	.1688631	0
638.15	0	.541246	.2899189	.1688351	0
637.15	0	.5411903	.2900026	.1688071	0
636.15	0	.5411348	.2900861	.1687791	0
635.15	0	.5410796	.2901693	.168751	0
634.15	0	.5410247	.2902523	.168723	0
633.15	0	.5409701	.2903351	.1686949	0
632.15	0	.5409157	.2904176	.1686667	0
631.15	0	.5408615	.2904999	.1686386	0
630.15	0	.5408076	.2905819	.1686104	0
629.15	0	.540754	.2906638	.1685822	0
628.15	0	.5407006	.2907454	.168554	0
627.15	0	.5406474	.2908268	.1685258	0
626.15	0	.5405945	.290908	.1684975	0
625.15	0	.5405418	.290989	.1684692	0
624.15	0	.5404893	.2910698	.1684409	0
623.15	0	.540437	.2911505	.1684125	0
622.15	0	.5403849	.2912309	.1683842	0
621.15	0	.5403331	.2913111	.1683558	0
620.15	0	.5402815	.2913912	.1683274	0
619.15	0	.5402301	.291471	.1682989	0
618.15	0	.5401788	.2915507	.1682705	0
617.15	0	.5401278	.2916302	.168242	0
616.15	0	.540077	.2917095	.1682135	0
615.15	0	.5400264	.2917887	.1681849	0
614.15	0	.5399759	.2918677	.1681564	0
613.15	0	.5399257	.2919465	.1681278	0
612.15	0	.5398756	.2920252	.1680992	0
611.15	0	.5398258	.2921036	.1680706	0
610.15	0	.5397761	.292182	.1680419	0
609.15	0	.5397266	.2922602	.1680133	0
608.15	0	.5396772	.2923382	.1679846	0
607.15	0	.5396281	.2924161	.1679559	0
606.15	0	.5395791	.2924938	.1679272	0
605.15	0	.5395302	.2925714	.1678984	0
604.15	0	.5394816	.2926488	.1678696	0
603.15	0	.5394331	.2927261	.1678409	0
602.15	0	.5393848	.2928032	.167812	0
601.15	0	.5393366	.2928802	.1677832	0
600.15	0	.5392886	.292957	.1677544	0
599.15	0	.5392408	.2930337	.1677255	0
598.15	0	.5391931	.2931103	.1676966	0
597.15	0	.5391455	.2931867	.1676677	0
596.15	0	.5390982	.293263	.1676388	0
595.15	0	.5390509	.2933392	.1676099	0
594.15	0	.5390038	.2934153	.1675809	0
593.15	0	.5389569	.2934912	.167552	0
592.15	0	.5389101	.2935669	.167523	0
591.15	0	.5388635	.2936426	.167494	0
590.15	0	.538817	.2937181	.167465	0
589.15	0	.5387706	.2937935	.1674359	0
588.15	0	.5387244	.2938687	.1674069	0
587.15	0	.5386783	.2939439	.1673779	0
586.15	0	.5386323	.2940189	.1673488	0
585.15	0	.5385865	.2940938	.1673197	0
584.15	0	.5385408	.2941685	.1672906	0
583.15	0	.5384953	.2942432	.1672615	0
582.15	0	.5384499	.2943177	.1672324	0
581.15	0	.5384046	.2943921	.1672033	0
580.15	0	.5383595	.2944664	.1671742	0
579.15	0	.5383144	.2945405	.167145	0
578.15	0	.5382695	.2946146	.1671159	0
577.15	0	.5382248	.2946885	.1670867	0
576.15	0	.5381801	.2947623	.1670576	0
575.15	0	.5381356	.294836	.1670284	0
574.15	0	.5380913	.2949095	.1669992	0
573.15	0	.538047	.294983	.16697	0
572.15	0	.5380028	.2950563	.1669409	0
571.15	0	.5379588	.2951295	.1669117	0
570.15	0	.5379149	.2952026	.1668825	0
569.15	0	.5378711	.2952756	.1668533	0
568.15	0	.5378275	.2953485	.1668241	0
567.15	0	.5377839	.2954212	.1667949	0
566.15	0	.5377405	.2954938	.1667657	0
565.15	0	.5376972	.2955664	.1667364	0
564.15	0	.537654	.2956388	.1667072	0
563.15	0	.5376109	.295711	.166678	0
562.15	0	.537568	.2957832	.1666488	0
561.15	0	.5375251	.2958553	.1666196	0
560.15	0	.5374824	.2959272	.1665904	0
559.15	0	.5374398	.295999	.1665612	0
558.15	0	.5373973	.2960707	.166532	0
557.15	0	.5373549	.2961423	.1665028	0
556.15	0	.5373126	.2962138	.1664736	0
555.15	0	.5372705	.2962852	.1664444	0
554.15	0	.5372284	.2963564	.1664152	0
553.15	0	.5371864	.2964275	.166386	0
552.15	0	.5371446	.2964986	.1663568	0
551.15	0	.5371029	.2965695	.1663277	0
550.15	0	.5370613	.2966402	.1662985	0
549.15	0	.5370198	.2967109	.1662693	0
548.15	0	.5369784	.2967815	.1662402	0
547.15	0	.5369371	.2968519	.166211	0
546.15	0	.5368959	.2969222	.1661819	0
545.15	0	.5368548	.2969924	.1661528	0
544.15	0	.5368139	.2970625	.1661237	0
543.15	0	.536773	.2971324	.1660946	0
542.15	0	.5367323	.2972022	.1660655	0
541.15	0	.5366916	.297272	.1660364	0
540.15	0	.5366511	.2973416	.1660074	0
539.15	0	.5366106	.297411	.1659783	0
538.15	0	.5365703	.2974804	.1659493	0
537.15	0	.5365301	.2975496	.1659203	0
536.15	0	.53649	.2976187	.1658913	0
535.15	0	.53645	.2976877	.1658623	0
534.15	0	.5364101	.2977566	.1658333	0
533.15	0	.5363703	.2978254	.1658044	0
532.15	0	.5363306	.297894	.1657755	0
531.15	0	.5362912	.2979625	.1657464	0
530.15	0	.5362517	.2980308	.1657175	0
529.15	0	.5362123	.2980991	.1656886	0
528.15	0	.536173	.2981672	.1656598	0
527.15	0	.5361339	.2982352	.1656309	0
526.15	0	.5360948	.2983031	.1656021	0
525.15	0	.5360558	.2983708	.1655734	0
524.15	0	.536017	.2984385	.1655446	0
523.15	0	.5359782	.2985059	.1655158	0
522.15	0	.5359396	.2985733	.1654871	0
521.15	0	.535901	.2986405	.1654584	0
520.15	0	.5358626	.2987076	.1654298	0
519.15	0	.5358242	.2987746	.1654011	0
518.15	0	.535786	.2988415	.1653725	0
517.15	0	.5357479	.2989082	.165344	0
516.15	0	.5357099	.2989748	.1653154	0
515.15	0	.5356719	.2990412	.1652869	0
514.15	0	.5356341	.2991075	.1652584	0
513.15	0	.5355964	.2991737	.1652299	0
512.15	0	.5355588	.2992397	.1652015	0
511.15	0	.5355213	.2993056	.1651731	0
510.15	0	.5354839	.2993714	.1651447	0
509.15	0	.5354466	.2994371	.1651164	0
508.15	0	.5354094	.2995025	.1650881	0
507.15	0	.5353723	.2995679	.1650598	0
506.15	0	.5353353	.2996331	.1650316	0
505.15	0	.5352984	.2996982	.1650034	0
504.15	0	.5352616	.2997631	.1649752	0
503.15	0	.535225	.299828	.1649471	0
502.15	0	.5351884	.2998926	.164919	0
501.15	0	.5351519	.2999571	.164891	0
500.15	0	.5351156	.3000215	.164863	0
499.15	0	.5350793	.3000857	.164835	0
498.15	0	.5350431	.3001498	.1648071	0
497.15	0	.5350071	.3002137	.1647792	0
496.15	0	.5349711	.3002775	.1647513	0
495.15	0	.5349353	.3003412	.1647235	0
494.15	0	.5348996	.3004047	.1646957	0
493.15	0	.5348639	.300468	.164668	0
492.15	0	.5348284	.3005312	.1646403	0
491.15	0	.534793	.3005943	.1646127	0
490.15	0	.5347577	.3006572	.1645851	0
489.15	0	.5347225	.3007199	.1645576	0
488.15	0	.5346874	.3007825	.1645301	0
487.15	0	.5346524	.300845	.1645026	0
486.15	0	.5346175	.3009073	.1644752	0
485.15	0	.5345827	.3009694	.1644479	0
484.15	0	.534548	.3010314	.1644206	0
483.15	0	.5345135	.3010932	.1643933	0
482.15	0	.534479	.3011549	.1643661	0
481.15	0	.5344446	.3012164	.164339	0
480.15	0	.5344104	.3012778	.1643119	0
479.15	0	.5343762	.301339	.1642848	0
478.15	0	.5343422	.3014	.1642578	0
477.15	0	.5343083	.3014609	.1642309	0
476.15	0	.5342744	.3015216	.164204	0
475.15	0	.5342407	.3015821	.1641771	0
474.15	0	.5342071	.3016425	.1641504	0
473.15	0	.5341736	.3017027	.1641237	0
472.15	0	.5341402	.3017628	.164097	0
471.15	0	.5341069	.3018227	.1640704	0
470.15	0	.5340738	.3018824	.1640438	0
469.15	0	.5340407	.301942	.1640173	0
468.15	0	.5340077	.3020014	.1639909	0
467.15	0	.5339749	.3020606	.1639645	0
466.15	0	.5339421	.3021197	.1639382	0
465.15	0	.5339095	.3021786	.1639119	0
464.15	0	.533877	.3022373	.1638857	0
463.15	0	.5338446	.3022958	.1638596	0
462.15	0	.5338123	.3023542	.1638335	0
461.15	0	.5337801	.3024124	.1638075	0
460.15	0	.533748	.3024704	.1637816	0
459.15	0	.533716	.3025283	.1637557	0
458.15	0	.5336841	.302586	.1637299	0
457.15	0	.5336524	.3026435	.1637041	0
456.15	0	.5336208	.3027008	.1636785	0
455.15	0	.5335892	.3027579	.1636528	0
454.15	0	.5335578	.3028149	.1636273	0
453.15	0	.5335265	.3028717	.1636018	0
452.15	0	.5334953	.3029283	.1635764	0
451.15	0	.5334642	.3029848	.1635511	0
450.15	0	.5334332	.303041	.1635258	0
449.15	0	.5334024	.303097	.1635006	0
448.15	0	.5333717	.3031528	.1634755	0
447.15	0	.5333411	.3032085	.1634504	0
446.15	0	.5333106	.3032639	.1634255	0
445.15	0	.5332803	.3033191	.1634006	0
444.15	0	.5332501	.3033741	.1633758	0
443.15	0	.53322	.303429	.163351	0
442.15	0	.53319	.3034835	.1633264	0
441.15	0	.5331602	.3035379	.1633019	0
440.15	0	.5331306	.303592	.1632774	0
439.15	0	.533101	.3036459	.163253	0
438.15	0	.5330717	.3036996	.1632287	0
437.15	0	.5330424	.303753	.1632045	0
436.15	0	.5330133	.3038062	.1631804	0
435.15	0	.5329844	.3038592	.1631564	0
434.15	0	.5329556	.3039118	.1631325	0
433.15	0	.532927	.3039643	.1631087	0
432.15	0	.5328985	.3040164	.163085	0
431.15	0	.5328702	.3040684	.1630614	0
430.15	0	.5328421	.30412	.1630379	0
429.15	0	.5328141	.3041714	.1630145	0
428.15	0	.5327862	.3042225	.1629912	0
427.15	0	.5327586	.3042734	.162968	0
426.15	0	.5327311	.304324	.162945	0
425.15	0	.5327037	.3043743	.162922	0
424.15	0	.5326766	.3044243	.1628991	0
423.15	0	.5326496	.3044741	.1628764	0
422.15	0	.5326227	.3045236	.1628537	0
421.15	0	.532596	.3045728	.1628312	0
420.15	0	.5325696	.3046217	.1628088	0
419.15	0	.5325432	.3046703	.1627865	0
418.15	0	.5325171	.3047187	.1627642	0
417.15	0	.5324911	.3047668	.1627422	0
416.15	0	.5324653	.3048145	.1627202	0
415.15	0	.5324396	.304862	.1626984	0
