T	 BPW(LIQUID)	BPW(BCC_A2)	BPW(FCC_A1)	BPW(LAVES_PHASE_C14)	BPW(NI3TI)
1473.15	.6011869	.3878616	0	.01095147	0
1472.15	.5928634	.3934591	0	.01367748	0
1471.15	.5846945	.3989482	0	.0163573	0
1470.15	.576676	.4043318	0	.0189922	0
1469.15	.5688038	.4096127	0	.02158343	0
1468.15	.5610741	.4147937	0	.02413217	0
1467.15	.5534832	.4198772	0	.02663959	0
1466.15	.5460274	.4248659	0	.02910678	0
1465.15	.5387032	.429762	0	.03153482	0
1464.15	.5315072	.4345681	0	.03392474	0
1463.15	.5244361	.4392863	0	.03627756	0
1462.15	.5174869	.4439189	0	.03859424	0
1461.15	.5106563	.448468	0	.04087571	0
1460.15	.5039416	.4529356	0	.04312288	0
1459.15	.4973397	.4573237	0	.04533662	0
1458.15	.4908479	.4616343	0	.04751778	0
1457.15	.4844636	.4658692	0	.04966718	0
1456.15	.4781841	.4700303	0	.05178561	0
1455.15	.4720069	.4741193	0	.05387384	0
1454.15	.4659295	.4781379	0	.05593261	0
1453.15	.4599496	.4820877	0	.05796265	0
1452.15	.4540649	.4859705	0	.05996464	0
1451.15	.4482732	.4897876	0	.06193927	0
1450.15	.4425722	.4935406	0	.06388719	0
1449.15	.4369599	.497231	0	.06580904	0
1448.15	.4314343	.5008603	0	.06770543	0
1447.15	.4259934	.5044297	0	.06957696	0
1446.15	.4206352	.5079406	0	.07142421	0
1445.15	.4153579	.5113943	0	.07324774	0
1444.15	.4101597	.5147922	0	.07504809	0
1443.15	.4050389	.5181353	0	.07682579	0
1442.15	.3999937	.5214249	0	.07858136	0
1441.15	.3950225	.5246622	0	.0803153	0
1440.15	.3901236	.5278483	0	.0820281	0
1439.15	.3852955	.5309843	0	.08372021	0
1438.15	.3805367	.5340712	0	.0853921	0
1437.15	.3758457	.5371101	0	.08704421	0
1436.15	.371221	.540102	0	.08867698	0
1435.15	.3666613	.5430479	0	.09029083	0
1434.15	.3621652	.5459487	0	.09188615	0
1433.15	.3577313	.5488053	0	.09346336	0
1432.15	.3533584	.5516187	0	.09502283	0
1431.15	.3490453	.5543898	0	.09656493	0
1430.15	.3447906	.5571194	0	.09809005	0
1429.15	.3405932	.5598083	0	.09959852	0
1428.15	.3364519	.5624574	0	.1010907	0
1427.15	.3323657	.5650674	0	.1025669	0
1426.15	.3283334	.5676391	0	.1040275	0
1425.15	.3243539	.5701733	0	.1054728	0
1424.15	.3204262	.5726708	0	.1069031	0
1423.15	.3165493	.5751321	0	.1083186	0
1422.15	.3127221	.5775581	0	.1097198	0
1421.15	.3089438	.5799494	0	.1111069	0
1420.15	.3052133	.5823066	0	.1124801	0
1419.15	.3015298	.5846305	0	.1138397	0
1418.15	.2978923	.5869216	0	.1151861	0
1417.15	.2943001	.5891806	0	.1165194	0
1416.15	.2907521	.591408	0	.1178399	0
1415.15	.2872476	.5936045	0	.1191479	0
1414.15	.2837858	.5957707	0	.1204436	0
1413.15	.2803658	.597907	0	.1217272	0
1412.15	.276987	.6000141	0	.1229989	0
1411.15	.2736485	.6020924	0	.1242591	0
1410.15	.2703496	.6041426	0	.1255078	0
1409.15	.2670897	.606165	0	.1267454	0
1408.15	.2638678	.6081603	0	.1279719	0
1407.15	.2606835	.6101288	0	.1291877	0
1406.15	.257536	.6120711	0	.1303929	0
1405.15	.2544247	.6139876	0	.1315877	0
1404.15	.2513489	.6158788	0	.1327723	0
1403.15	.248308	.6177451	0	.1339469	0
1402.15	.2453013	.619587	0	.1351117	0
1401.15	.2423284	.6214049	0	.1362667	0
1400.15	.2393885	.6231992	0	.1374123	0
1399.15	.2364811	.6249703	0	.1385486	0
1398.15	.2336058	.6267186	0	.1396757	0
1397.15	.2307618	.6284444	0	.1407938	0
1396.15	.2279487	.6301483	0	.141903	0
1395.15	.225166	.6318305	0	.1430036	0
1394.15	.2224131	.6334914	0	.1440956	0
1393.15	.2196895	.6351313	0	.1451791	0
1392.15	.2169948	.6367507	0	.1462545	0
1391.15	.2143285	.6383498	0	.1473217	0
1390.15	.21169	.6399291	0	.1483809	0
1389.15	.209079	.6414887	0	.1494323	0
1388.15	.206495	.643029	0	.150476	0
1387.15	.2039375	.6445505	0	.151512	0
1386.15	.2014062	.6460532	0	.1525406	0
1385.15	.1989005	.6475376	0	.1535618	0
1384.15	.1964201	.649004	0	.1545759	0
1383.15	.1939646	.6504526	0	.1555828	0
1382.15	.1915336	.6518838	0	.1565827	0
1381.15	.1891266	.6532977	0	.1575757	0
1380.15	.1867433	.6546947	0	.158562	0
1379.15	.1843834	.656075	0	.1595416	0
1378.15	.1820464	.657439	0	.1605146	0
1377.15	.1797321	.6587868	0	.1614811	0
1376.15	.17744	.6601187	0	.1624414	0
1375.15	.1751698	.6614349	0	.1633953	0
1374.15	.1729212	.6627358	0	.1643431	0
1373.15	.1706938	.6640214	0	.1652848	0
1372.15	.1684873	.6652922	0	.1662205	0
1371.15	.1663014	.6665482	0	.1671504	0
1370.15	.1641358	.6677897	0	.1680744	0
1369.15	.1619902	.669017	0	.1689928	0
1368.15	.1598643	.6702302	0	.1699055	0
1367.15	.1577577	.6714295	0	.1708127	0
1366.15	.1556703	.6726153	0	.1717144	0
1365.15	.1536016	.6737876	0	.1726108	0
1364.15	.1515515	.6749466	0	.1735019	0
1363.15	.1495197	.6760926	0	.1743877	0
1362.15	.1475058	.6772258	0	.1752684	0
1361.15	.1455097	.6783463	0	.176144	0
1360.15	.143531	.6794543	0	.1770147	0
1359.15	.1415696	.6805501	0	.1778804	0
1358.15	.1396251	.6816337	0	.1787412	0
1357.15	.1376974	.6827053	0	.1795973	0
1356.15	.1357861	.6837653	0	.1804487	0
1355.15	.1338911	.6848136	0	.1812954	0
1354.15	.1320121	.6858504	0	.1821375	0
1353.15	.1301489	.6868761	0	.1829751	0
1352.15	.1283013	.6878905	0	.1838082	0
1351.15	.126469	.6888941	0	.184637	0
1350.15	.1246518	.6898868	0	.1854614	0
1349.15	.1228496	.6908689	0	.1862815	0
1348.15	.1210621	.6918405	0	.1870974	0
1347.15	.1192891	.6928017	0	.1879091	0
1346.15	.1175305	.6937528	0	.1887168	0
1345.15	.1157859	.6946937	0	.1895204	0
1344.15	.1140553	.6956248	0	.19032	0
1343.15	.1123384	.696546	0	.1911156	0
1342.15	.110635	.6974576	0	.1919074	0
1341.15	.1089451	.6983597	0	.1926953	0
1340.15	.1072683	.6992523	0	.1934794	0
1339.15	.1056045	.7001357	0	.1942598	0
1338.15	.1039535	.70101	0	.1950365	0
1337.15	.1023152	.7018753	0	.1958096	0
1336.15	.1006894	.7027316	0	.196579	0
1335.15	.0990759	.7035792	0	.1973449	0
1334.15	.09747458	.7044181	0	.1981073	0
1333.15	.09588526	.7052485	0	.1988663	0
1332.15	.09430779	.7060704	0	.1996218	0
1331.15	.09274201	.706884	0	.200374	0
1330.15	.09118776	.7076895	0	.2011228	0
1329.15	.08964491	.7084868	0	.2018683	0
1328.15	.08811329	.7092761	0	.2026106	0
1327.15	.08659277	.7100575	0	.2033497	0
1326.15	.0850832	.7108312	0	.2040856	0
1325.15	.08358444	.7115972	0	.2048184	0
1324.15	.08209636	.7123556	0	.2055481	0
1323.15	.08061881	.7131065	0	.2062747	0
1322.15	.07915167	.71385	0	.2069983	0
1321.15	.07769479	.7145862	0	.207719	0
1320.15	.07624806	.7153153	0	.2084367	0
1319.15	.07481134	.7160372	0	.2091514	0
1318.15	.07338451	.7167522	0	.2098633	0
1317.15	.07196744	.7174601	0	.2105724	0
1316.15	.07056001	.7181613	0	.2112787	0
1315.15	.0691621	.7188557	0	.2119822	0
1314.15	.0677736	.7195435	0	.2126829	0
1313.15	.06639438	.7202247	0	.2133809	0
1312.15	.06502434	.7208994	0	.2140763	0
1311.15	.06366336	.7215676	0	.214769	0
1310.15	.06231132	.7222296	0	.2154591	0
1309.15	.06096812	.7228853	0	.2161466	0
1308.15	.05963365	.7235348	0	.2168316	0
1307.15	.05830781	.7241782	0	.217514	0
1306.15	.05699049	.7248156	0	.2181939	0
1305.15	.05568158	.7254471	0	.2188714	0
1304.15	.05438099	.7260726	0	.2195464	0
1303.15	.05308861	.7266924	0	.220219	0
1302.15	.05180434	.7273065	0	.2208892	0
1301.15	.0505281	.7279149	0	.221557	0
1300.15	.04925978	.7285177	0	.2222225	0
1299.15	.04799634	.7291175	0	.2228862	0
1298.15	.04674359	.7297094	0	.2235471	0
1297.15	.04549848	.7302958	0	.2242057	0
1296.15	.04426093	.730877	0	.2248621	0
1295.15	.04303084	.7314528	0	.2255163	0
1294.15	.04180812	.7320236	0	.2261683	0
1293.15	.0405927	.7325891	0	.2268182	0
1292.15	.03938448	.7331496	0	.2274659	0
1291.15	.03818337	.7337052	0	.2281115	0
1290.15	.0369893	.7342557	0	.228755	0
1289.15	.03580219	.7348014	0	.2293964	0
1288.15	.03462195	.7353423	0	.2300358	0
1287.15	.0334485	.7358784	0	.2306731	0
1286.15	.03228177	.7364098	0	.2313084	0
1285.15	.03112167	.7369365	0	.2319418	0
1284.15	.02996813	.7374587	0	.2325732	0
1283.15	.02882108	.7379763	0	.2332026	0
1282.15	.02768044	.7384894	0	.2338301	0
1281.15	.02654613	.7389981	0	.2344557	0
1280.15	.02541809	.7395025	0	.2350794	0
1279.15	.02429625	.7400025	0	.2357013	0
1278.15	.02318052	.7404982	0	.2363213	0
1277.15	.02207085	.7409897	0	.2369395	0
1276.15	.02096716	.741477	0	.2375558	0
1275.15	.01986939	.7419602	0	.2381704	0
1274.15	.01877746	.7424394	0	.2387832	0
1273.15	.01769132	.7429145	0	.2393942	0
1272.15	.0166109	.7433856	0	.2400035	0
1271.15	.01553613	.7438528	0	.2406111	0
1270.15	.01446695	.7443161	0	.241217	0
1269.15	.01340329	.7447756	0	.2418212	0
1268.15	.01234511	.7452312	0	.2424237	0
1267.15	.01129232	.7456832	0	.2430245	0
1266.236	.01033492	.7460929	0	.2435722	0
1266.236	.01033492	.7460929	0	.2435722	0
1266.236	.01033492	.7460929	0	.2435722	0
1266.15	.009766912	.7459467	6.309843E-04	.2436555	0
1265.15	.003174619	.7442733	.007934649	.2446174	0
1264.668	0	.7434833	.01143902	.2450777	0
1264.668	0	.7434833	.01143902	.2450777	0
1264.15	0	.7428466	.0118474	.245306	0
1263.15	0	.7416211	.01263341	.2457455	0
1262.15	0	.740399	.01341715	.2461838	0
1261.15	0	.7391804	.01419864	.246621	0
1260.15	0	.7379651	.01497787	.247057	0
1259.15	0	.7367533	.01575485	.2474919	0
1258.15	0	.7355448	.01652959	.2479256	0
1257.15	0	.7343397	.01730209	.2483582	0
1256.15	0	.733138	.01807236	.2487896	0
1255.15	0	.7319397	.01884039	.2492199	0
1254.15	0	.7307447	.01960621	.2496491	0
1253.15	0	.7295531	.0203698	.2500772	0
1252.15	0	.7283648	.02113117	.2505041	0
1251.15	0	.7271798	.02189034	.2509299	0
1250.15	0	.7259981	.0226473	.2513546	0
1249.15	0	.7248198	.02340206	.2517781	0
1248.15	0	.7236448	.02415463	.2522006	0
1247.15	0	.722473	.024905	.252622	0
1246.15	0	.7213045	.02565319	.2530423	0
1245.15	0	.7201394	.02639919	.2534615	0
1244.15	0	.7189774	.02714302	.2538796	0
1243.15	0	.7178188	.02788467	.2542966	0
1242.15	0	.7166634	.02862416	.2547125	0
1241.15	0	.7155112	.02936148	.2551273	0
1240.15	0	.7143622	.03009664	.2555411	0
1239.15	0	.7132165	.03082965	.2559538	0
1238.15	0	.712074	.0315605	.2563655	0
1237.15	0	.7109347	.03228921	.256776	0
1236.15	0	.7097986	.03301578	.2571856	0
1235.15	0	.7086657	.03374021	.257594	0
1234.15	0	.707536	.03446251	.2580015	0
1233.15	0	.7064095	.03518267	.2584078	0
1232.15	0	.7052861	.03590071	.2588132	0
1231.15	0	.7041659	.03661663	.2592175	0
1230.15	0	.7030489	.03733044	.2596207	0
1229.15	0	.7019349	.03804213	.2600229	0
1228.15	0	.7008241	.03875171	.2604241	0
1227.15	0	.6997165	.03945919	.2608243	0
1226.15	0	.698612	.04016456	.2612235	0
1225.15	0	.6975106	.04086785	.2616216	0
1224.15	0	.6964122	.04156903	.2620187	0
1223.15	0	.695317	.04226813	.2624148	0
1222.15	0	.6942249	.04296515	.26281	0
1221.15	0	.6931359	.04366008	.2632041	0
1220.15	0	.6920499	.04435294	.2635972	0
1219.15	0	.690967	.04504373	.2639893	0
1218.15	0	.6898872	.04573244	.2643804	0
1217.15	0	.6888104	.0464191	.2647705	0
1216.15	0	.6877366	.04710368	.2651597	0
1215.15	0	.6866659	.04778622	.2655478	0
1214.15	0	.6855983	.0484667	.265935	0
1213.15	0	.6845336	.04914512	.2663213	0
1212.15	0	.683472	.04982151	.2667065	0
1211.15	0	.6824134	.05049584	.2670908	0
1210.15	0	.6813578	.05116814	.2674741	0
1209.15	0	.6803052	.05183841	.2678564	0
1208.15	0	.6792555	.05250664	.2682378	0
1207.15	0	.6782089	.05317284	.2686183	0
1206.15	0	.6771652	.05383702	.2689977	0
1205.15	0	.6761245	.05449918	.2693763	0
1204.15	0	.6750868	.05515932	.2697539	0
1203.15	0	.674052	.05581744	.2701305	0
1202.15	0	.6730202	.05647356	.2705062	0
1201.15	0	.6719913	.05712766	.270881	0
1200.15	0	.6709654	.05777976	.2712549	0
1199.15	0	.6699424	.05842986	.2716278	0
1198.15	0	.6689223	.05907797	.2719998	0
1197.15	0	.6679051	.05972408	.2723708	0
1196.15	0	.6668908	.0603682	.272741	0
1195.15	0	.6658794	.06101033	.2731102	0
1194.15	0	.664871	.06165047	.2734786	0
1193.15	0	.6638654	.06228864	.273846	0
1192.15	0	.6628627	.06292483	.2742125	0
1191.15	0	.6618629	.06355904	.2745781	0
1190.15	0	.6608659	.06419128	.2749428	0
1189.15	0	.6598719	.06482155	.2753066	0
1188.15	0	.6588807	.06544986	.2756695	0
1187.15	0	.6578923	.06607621	.2760315	0
1186.15	0	.6569068	.06670059	.2763926	0
1185.15	0	.6559241	.06732302	.2767529	0
1184.15	0	.6549443	.0679435	.2771122	0
1183.15	0	.6539673	.06856203	.2774707	0
1182.15	0	.6529931	.06917861	.2778283	0
1181.15	0	.6520218	.06979325	.278185	0
1180.15	0	.6510532	.07040594	.2785409	0
1179.15	0	.6500875	.0710167	.2788958	0
1178.15	0	.6491245	.07162552	.2792499	0
1177.15	0	.6481644	.07223241	.2796032	0
1176.15	0	.6472071	.07283737	.2799556	0
1175.15	0	.6462525	.0734404	.2803071	0
1174.15	0	.6453007	.07404151	.2806578	0
1173.15	0	.6443517	.0746407	.2810076	0
1172.15	0	.6434055	.07523797	.2813566	0
1171.15	0	.642462	.07583333	.2817047	0
1170.15	0	.6415213	.07642677	.282052	0
1169.15	0	.6405833	.0770183	.2823984	0
1168.15	0	.6396481	.07760793	.282744	0
1167.15	0	.6387156	.07819565	.2830888	0
1166.15	0	.6377858	.07878147	.2834327	0
1165.15	0	.6368588	.07936539	.2837758	0
1164.15	0	.6359345	.07994741	.2841181	0
1163.15	0	.635013	.08052754	.2844595	0
1162.15	0	.6340941	.08110578	.2848001	0
1161.15	0	.633178	.08168212	.2851399	0
1160.15	0	.6322646	.08225659	.2854789	0
1159.15	0	.6313538	.08282916	.285817	0
1158.15	0	.6304458	.08339986	.2861544	0
1157.15	0	.6295404	.08396868	.2864909	0
1156.15	0	.6286378	.08453562	.2868266	0
1155.15	0	.6277378	.08510069	.2871615	0
1154.15	0	.6268404	.08566391	.2874956	0
1153.15	0	.6259458	.08622524	.287829	0
1152.15	0	.6250538	.0867847	.2881614	0
1151.15	0	.6241645	.0873423	.2884932	0
1150.15	0	.6232779	.08789804	.2888241	0
1149.15	0	.6223939	.08845192	.2891542	0
1148.15	0	.6215125	.08900394	.2894835	0
1147.15	0	.6206338	.08955411	.2898121	0
1146.15	0	.6197578	.09010242	.2901398	0
1145.15	0	.6188843	.09064889	.2904668	0
1144.15	0	.6180135	.0911935	.290793	0
1143.15	0	.6171453	.09173628	.2911184	0
1142.15	0	.6162798	.09227721	.291443	0
1141.15	0	.6154168	.0928163	.2917669	0
1140.15	0	.6145565	.09335355	.29209	0
1139.15	0	.6136987	.09388896	.2924123	0
1138.15	0	.6128436	.09442255	.2927339	0
1137.15	0	.6119911	.0949543	.2930546	0
1136.15	0	.6111411	.09548422	.2933747	0
1135.15	0	.6102938	.09601231	.2936939	0
1134.15	0	.609449	.09653858	.2940124	0
1133.15	0	.6086068	.09706302	.2943302	0
1132.15	0	.6077672	.09758565	.2946472	0
1131.15	0	.6069302	.09810645	.2949634	0
1130.15	0	.6060957	.09862544	.2952789	0
1129.15	0	.6052638	.09914261	.2955936	0
1128.15	0	.6044344	.09965798	.2959076	0
1127.15	0	.6036076	.1001715	.2962208	0
1126.15	0	.6027834	.1006833	.2965333	0
1125.15	0	.6019617	.1011932	.2968451	0
1124.15	0	.6011426	.1017013	.2971561	0
1123.15	0	.600326	.1022077	.2974664	0
1122.15	0	.5995119	.1027122	.2977759	0
1121.15	0	.5987003	.1032149	.2980847	0
1120.15	0	.5978913	.1037159	.2983928	0
1119.15	0	.5970848	.104215	.2987002	0
1118.15	0	.5962809	.1047124	.2990068	0
1117.15	0	.5954794	.1052079	.2993127	0
1116.15	0	.5946805	.1057017	.2996179	0
1115.15	0	.593884	.1061937	.2999223	0
1114.15	0	.5930901	.1066839	.300226	0
1113.15	0	.5922987	.1071723	.300529	0
1112.15	0	.5915098	.1076589	.3008313	0
1111.15	0	.5907233	.1081438	.3011329	0
1110.15	0	.5899394	.1086268	.3014338	0
1109.15	0	.589158	.1091081	.3017339	0
1108.15	0	.588379	.1095877	.3020334	0
1107.15	0	.5876025	.1100654	.3023321	0
1106.15	0	.5868285	.1105414	.3026301	0
1105.15	0	.5860569	.1110156	.3029274	0
1104.15	0	.5852879	.1114881	.3032241	0
1103.15	0	.5845213	.1119588	.30352	0
1102.15	0	.5837571	.1124277	.3038152	0
1101.15	0	.5829954	.1128949	.3041097	0
1100.15	0	.5822362	.1133603	.3044035	0
1099.15	0	.5814794	.1138239	.3046966	0
1098.15	0	.5807251	.1142858	.3049891	0
1097.15	0	.5799732	.114746	.3052808	0
1096.15	0	.5792238	.1152044	.3055718	0
1095.15	0	.5784768	.115661	.3058622	0
1094.15	0	.5777322	.1161159	.3061519	0
1093.15	0	.5769901	.116569	.3064409	0
1092.15	0	.5762504	.1170204	.3067292	0
1091.15	0	.5755131	.1174701	.3070168	0
1090.15	0	.5747783	.117918	.3073037	0
1089.15	0	.5740458	.1183642	.30759	0
1088.15	0	.5733158	.1188086	.3078755	0
1087.15	0	.5725882	.1192513	.3081604	0
1086.15	0	.571863	.1196923	.3084446	0
1085.15	0	.5711403	.1201316	.3087282	0
1084.15	0	.5704199	.1205691	.3090111	0
1083.15	0	.5697019	.1210048	.3092933	0
1082.15	0	.5689863	.1214389	.3095748	0
1081.15	0	.5682732	.1218712	.3098556	0
1080.15	0	.5675624	.1223018	.3101358	0
1079.15	0	.566854	.1227307	.3104153	0
1078.15	0	.5661479	.1231579	.3106942	0
1077.15	0	.5654443	.1235833	.3109724	0
1076.15	0	.5647431	.124007	.3112499	0
1075.15	0	.5640442	.124429	.3115268	0
1074.15	0	.5633477	.1248493	.311803	0
1073.15	0	.5626536	.1252679	.3120785	0
1072.15	0	.5619618	.1256848	.3123534	0
1071.15	0	.5612724	.1261	.3126276	0
1070.15	0	.5605854	.1265134	.3129012	0
1069.15	0	.5599007	.1269252	.3131741	0
1068.15	0	.5592184	.1273353	.3134464	0
1067.15	0	.5585384	.1277436	.313718	0
1066.15	0	.5578608	.1281503	.3139889	0
1065.15	0	.5571856	.1285552	.3142592	0
1064.15	0	.5565127	.1289585	.3145289	0
1063.15	0	.5558421	.1293601	.3147979	0
1062.15	0	.5551738	.1297599	.3150662	0
1061.15	0	.554508	.1301581	.3153339	0
1060.15	0	.5538444	.1305546	.315601	0
1059.15	0	.5531832	.1309494	.3158674	0
1058.15	0	.5525243	.1313426	.3161332	0
1057.15	0	.5518677	.131734	.3163983	0
1056.15	0	.5512135	.1321238	.3166628	0
1055.15	0	.5505615	.1325119	.3169266	0
1054.15	0	.5499119	.1328983	.3171898	0
1053.15	0	.5492646	.133283	.3174523	0
1052.15	0	.5486197	.1336661	.3177143	0
1051.15	0	.547977	.1340475	.3179755	0
1050.15	0	.5473366	.1344272	.3182362	0
1049.15	0	.5466986	.1348053	.3184962	0
1048.15	0	.5460628	.1351816	.3187555	0
1047.15	0	.5454294	.1355564	.3190143	0
1046.15	0	.5447982	.1359294	.3192724	0
1045.15	0	.5441694	.1363008	.3195298	0
1044.15	0	.5435428	.1366706	.3197866	0
1043.15	0	.5429185	.1370387	.3200428	0
1042.15	0	.5422965	.1374051	.3202984	0
1041.15	0	.5416768	.1377699	.3205533	0
1040.15	0	.5410594	.1381331	.3208076	0
1039.15	0	.5404442	.1384945	.3210613	0
1038.15	0	.5398313	.1388544	.3213143	0
1037.15	0	.5392207	.1392126	.3215667	0
1036.15	0	.5386124	.1395692	.3218185	0
1035.15	0	.5380063	.1399241	.3220696	0
1034.15	0	.5374025	.1402774	.3223201	0
1033.15	0	.5368009	.1406291	.32257	0
1032.15	0	.5362016	.1409791	.3228193	0
1031.15	0	.5356046	.1413275	.3230679	0
1030.15	0	.5350098	.1416743	.3233159	0
1029.15	0	.5344173	.1420195	.3235633	0
1028.15	0	.533827	.142363	.32381	0
1027.15	0	.5332389	.1427049	.3240561	0
1026.15	0	.5326532	.1430452	.3243016	0
1025.15	0	.5320696	.1433839	.3245465	0
1024.15	0	.5314883	.143721	.3247907	0
1023.15	0	.5309092	.1440565	.3250344	0
1022.15	0	.5303323	.1443904	.3252773	0
1021.15	0	.5297577	.1447226	.3255197	0
1020.15	0	.5291853	.1450533	.3257615	0
1019.15	0	.5286151	.1453824	.3260026	0
1018.15	0	.5280471	.1457099	.3262431	0
1017.15	0	.5274813	.1460357	.3264829	0
1016.15	0	.5269178	.14636	.3267222	0
1015.15	0	.5263564	.1466828	.3269608	0
1014.15	0	.5257973	.1470039	.3271988	0
1013.15	0	.5252404	.1473234	.3274362	0
1012.15	0	.5246857	.1476414	.3276729	0
1011.15	0	.5241331	.1479578	.327909	0
1010.15	0	.5235828	.1482727	.3281445	0
1009.15	0	.5230346	.148586	.3283794	0
1008.15	0	.5224887	.1488977	.3286137	0
1007.15	0	.5219449	.1492078	.3288473	0
1006.15	0	.5214033	.1495164	.3290803	0
1005.15	0	.5208639	.1498235	.3293127	0
1004.15	0	.5203266	.150129	.3295444	0
1003.15	0	.5197916	.1504329	.3297755	0
1002.15	0	.5192587	.1507354	.330006	0
1001.15	0	.5187279	.1510362	.3302359	0
1000.15	0	.5181993	.1513356	.3304651	0
999.15	0	.5176729	.1516334	.3306937	0
998.15	0	.5171486	.1519297	.3309217	0
997.15	0	.5166265	.1522245	.3311491	0
996.15	0	.5161065	.1525177	.3313758	0
995.15	0	.5155887	.1528095	.3316019	0
994.15	0	.5150729	.1530997	.3318274	0
993.15	0	.5145594	.1533884	.3320522	0
992.15	0	.5140479	.1536757	.3322764	0
991.15	0	.5135386	.1539614	.3325	0
990.15	0	.5130314	.1542456	.3327229	0
989.15	0	.5125264	.1545284	.3329452	0
988.15	0	.5120234	.1548097	.3331669	0
987.15	0	.5115226	.1550895	.333388	0
986.15	0	.5110238	.1553678	.3336083	0
985.15	0	.5105272	.1556447	.3338281	0
984.15	0	.5100326	.1559201	.3340473	0
983.15	0	.5095402	.1561941	.3342658	0
982.15	0	.5090498	.1564666	.3344836	0
981.15	0	.5085615	.1567377	.3347008	0
980.15	0	.5080753	.1570073	.3349174	0
979.15	0	.5075912	.1572755	.3351333	0
978.15	0	.5071091	.1575422	.3353487	0
977.15	0	.5066291	.1578076	.3355633	0
976.15	0	.5061512	.1580715	.3357773	0
975.15	0	.5056753	.158334	.3359907	0
974.15	0	.5052015	.1585951	.3362034	0
973.15	0	.5047297	.1588549	.3364155	0
972.15	0	.5042599	.1591132	.3366269	0
971.15	0	.5037922	.1593701	.3368377	0
970.15	0	.5033265	.1596257	.3370478	0
969.15	0	.5028628	.1598799	.3372572	0
968.15	0	.5024012	.1601328	.337466	0
967.15	0	.5019416	.1603843	.3376742	0
966.15	0	.5014839	.1606344	.3378817	0
965.15	0	.5010283	.1608832	.3380885	0
964.15	0	.5005747	.1611306	.3382947	0
963.15	0	.500123	.1613768	.3385002	0
962.15	0	.4996733	.1616216	.3387051	0
961.15	0	.4992256	.1618651	.3389093	0
960.15	0	.4987799	.1621073	.3391128	0
959.15	0	.4983361	.1623482	.3393156	0
958.15	0	.4978943	.1625879	.3395178	0
957.15	0	.4974544	.1628262	.3397193	0
956.15	0	.4970165	.1630633	.3399202	0
955.15	0	.4965805	.1632992	.3401203	0
954.15	0	.4961465	.1635337	.3403198	0
953.15	0	.4957143	.1637671	.3405186	0
952.15	0	.4952841	.1639992	.3407167	0
951.15	0	.4948558	.1642301	.3409142	0
950.15	0	.4944293	.1644598	.3411109	0
949.15	0	.4940048	.1646882	.341307	0
948.15	0	.4935821	.1649155	.3415024	0
947.15	0	.4931613	.1651416	.341697	0
946.15	0	.4927424	.1653666	.341891	0
945.15	0	.4923253	.1655903	.3420843	0
944.15	0	.4919101	.165813	.3422769	0
943.15	0	.4914967	.1660345	.3424688	0
942.15	0	.4910852	.1662548	.34266	0
941.15	0	.4906755	.1664741	.3428504	0
940.15	0	.4902675	.1666923	.3430402	0
939.15	0	.4898614	.1669093	.3432293	0
938.15	0	.4894571	.1671253	.3434176	0
937.15	0	.4890546	.1673402	.3436052	0
936.15	0	.4886538	.1675541	.3437921	0
935.15	0	.4882548	.1677669	.3439783	0
934.15	0	.4878575	.1679788	.3441637	0
933.15	0	.487462	.1681895	.3443484	0
932.15	0	.4870682	.1683993	.3445324	0
931.15	0	.4866762	.1686082	.3447157	0
930.15	0	.4862858	.168816	.3448982	0
929.15	0	.4858972	.1690229	.3450799	0
928.15	0	.4855102	.1692288	.345261	0
927.15	0	.4851249	.1694339	.3454412	0
926.15	0	.4847413	.169638	.3456207	0
925.15	0	.4843593	.1698412	.3457995	0
924.15	0	.483979	.1700435	.3459775	0
923.15	0	.4836003	.170245	.3461547	0
922.15	0	.4832232	.1704456	.3463312	0
921.15	0	.4828477	.1706455	.3465069	0
920.15	0	.4824738	.1708444	.3466818	0
919.15	0	.4821014	.1710426	.346856	0
918.15	0	.4817306	.1712401	.3470293	0
917.15	0	.4813614	.1714367	.3472019	0
916.15	0	.4809937	.1716327	.3473737	0
915.15	0	.4806275	.1718279	.3475446	0
914.15	0	.4802628	.1720224	.3477148	0
913.15	0	.4798996	.1722162	.3478842	0
912.15	0	.4795379	.1724094	.3480528	0
911.15	0	.4791776	.1726019	.3482205	0
910.15	0	.4788188	.1727938	.3483875	0
909.15	0	.4784614	.1729851	.3485536	0
908.15	0	.4781053	.1731758	.3487189	0
907.15	0	.4777507	.1733659	.3488833	0
906.15	0	.4773975	.1735556	.3490469	0
905.15	0	.4770456	.1737447	.3492097	0
904.15	0	.476695	.1739333	.3493716	0
903.15	0	.4763458	.1741215	.3495327	0
902.15	0	.4759979	.1743092	.3496929	0
901.15	0	.4756512	.1744965	.3498523	0
900.15	0	.4753058	.1746834	.3500107	0
899.15	0	.4749617	.17487	.3501683	0
898.15	0	.4746188	.1750562	.3503251	0
897.15	0	.4742771	.1752421	.3504809	0
896.15	0	.4739365	.1754277	.3506358	0
895.15	0	.4735972	.175613	.3507898	0
894.15	0	.4732589	.1757981	.350943	0
893.15	0	.4729218	.175983	.3510952	0
892.15	0	.4725858	.1761678	.3512465	0
891.15	0	.4722508	.1763523	.3513968	0
890.15	0	.4719169	.1765368	.3515463	0
889.15	0	.4715841	.1767212	.3516948	0
888.15	0	.4712522	.1769055	.3518423	0
887.15	0	.4709213	.1770898	.3519889	0
886.15	0	.4705914	.1772741	.3521345	0
885.15	0	.4702624	.1774585	.3522792	0
884.15	0	.4699343	.1776429	.3524228	0
883.15	0	.4696071	.1778274	.3525655	0
882.15	0	.4692807	.1780121	.3527072	0
881.15	0	.4689551	.178197	.3528479	0
880.15	0	.4686304	.178382	.3529876	0
879.15	0	.4683064	.1785674	.3531263	0
878.15	0	.4679831	.178753	.3532639	0
877.15	0	.4676606	.1789389	.3534005	0
876.15	0	.4673387	.1791252	.353536	0
875.15	0	.4670175	.1793119	.3536705	0
874.15	0	.4666969	.1794991	.353804	0
873.15	0	.4663769	.1796868	.3539363	0
872.15	0	.4660574	.179875	.3540676	0
871.15	0	.4657385	.1800638	.3541977	0
870.15	0	.46542	.1802532	.3543268	0
869.15	0	.465102	.1804432	.3544547	0
868.15	0	.4647844	.180634	.3545815	0
867.15	0	.4644672	.1808256	.3547072	0
866.15	0	.4641503	.1810179	.3548317	0
865.15	0	.4638338	.1812111	.3549551	0
864.15	0	.4635175	.1814053	.3550773	0
863.15	0	.4632014	.1816004	.3551983	0
862.15	0	.4628855	.1817965	.355318	0
861.15	0	.4625697	.1819936	.3554366	0
860.15	0	.4622541	.1821919	.355554	0
859.15	0	.4619385	.1823914	.3556701	0
858.15	0	.4616229	.1825922	.3557849	0
857.15	0	.4613073	.1827942	.3558985	0
856.15	0	.4609916	.1829976	.3560108	0
855.15	0	.4606758	.1832024	.3561217	0
854.15	0	.4603599	.1834087	.3562314	0
853.15	0	.4600437	.1836166	.3563397	0
852.15	0	.4597272	.1838261	.3564467	0
851.15	0	.4594104	.1840373	.3565523	0
850.15	0	.4590932	.1842503	.3566565	0
849.15	0	.4587756	.1844651	.3567594	0
848.15	0	.4584574	.1846818	.3568607	0
847.15	0	.4581388	.1849006	.3569607	0
846.15	0	.4578195	.1851214	.3570591	0
845.15	0	.4574995	.1853443	.3571561	0
844.15	0	.4571788	.1855696	.3572516	0
843.15	0	.4568573	.1857971	.3573456	0
842.15	0	.4565349	.1860271	.357438	0
841.15	0	.4562116	.1862596	.3575288	0
840.15	0	.4558873	.1864948	.357618	0
839.15	0	.4555618	.1867326	.3577056	0
838.15	0	.4552352	.1869733	.3577915	0
837.15	0	.4549074	.1872169	.3578757	0
836.15	0	.4545782	.1874636	.3579582	0
835.15	0	.4542476	.1877134	.358039	0
834.15	0	.4539155	.1879666	.358118	0
833.15	0	.4535817	.1882231	.3581952	0
832.15	0	.4532463	.1884832	.3582705	0
831.15	0	.4529091	.1887469	.358344	0
830.15	0	.45257	.1890145	.3584155	0
829.15	0	.4522288	.189286	.3584851	0
828.15	0	.4518856	.1895617	.3585527	0
827.15	0	.4515401	.1898417	.3586183	0
826.15	0	.4511922	.1901261	.3586817	0
825.15	0	.4508418	.1904151	.3587431	0
824.15	0	.4504888	.190709	.3588022	0
823.15	0	.450133	.1910078	.3588592	0
822.15	0	.4497743	.1913119	.3589138	0
821.15	0	.4494125	.1916214	.3589661	0
820.15	0	.4490474	.1919366	.359016	0
819.15	0	.448679	.1922576	.3590634	0
818.15	0	.4483069	.1925848	.3591083	0
817.15	0	.447931	.1929184	.3591506	0
816.15	0	.447551	.1932588	.3591902	0
815.15	0	.4471669	.1936061	.3592271	0
814.15	0	.4467783	.1939607	.3592611	0
813.15	0	.4463849	.194323	.3592921	0
812.15	0	.4459866	.1946933	.3593201	0
811.15	0	.445583	.195072	.359345	0
810.15	0	.4451738	.1954595	.3593667	0
809.15	0	.4447588	.1958563	.3593849	0
808.15	0	.4443375	.1962629	.3593997	0
807.15	0	.4439095	.1966797	.3594108	0
806.15	0	.4434745	.1971073	.3594182	0
805.15	0	.4430321	.1975464	.3594216	0
804.15	0	.4425816	.1979975	.3594209	0
803.15	0	.4421227	.1984615	.3594159	0
802.15	0	.4416547	.198939	.3594063	0
801.15	0	.441177	.199431	.359392	0
800.15	0	.4406889	.1999384	.3593727	0
799.15	0	.4401896	.2004622	.3593482	0
798.15	0	.4396783	.2010037	.359318	0
797.15	0	.439154	.201564	.359282	0
796.15	0	.4386156	.2021448	.3592396	0
795.15	0	.438062	.2027475	.3591905	0
794.15	0	.4374918	.2033741	.3591342	0
793.15	0	.4369033	.2040266	.3590701	0
792.15	0	.4362949	.2047075	.3589976	0
791.15	0	.4356644	.2054196	.358916	0
790.15	0	.4350113	.2061648	.3588239	0
789.15	0	.4337516	.2077012	.3585473	0
788.15	0	.4324125	.2093467	.3582409	0
787.15	0	.4311994	.2108337	.3579669	0
786.15	0	.4300906	.21219	.3577194	0
785.15	0	.4290698	.2134363	.3574939	0
784.15	0	.4281244	.2145885	.3572871	0
783.15	0	.4272447	.2156592	.3570962	0
782.15	0	.4264225	.2166583	.3569191	0
781.15	0	.4256515	.2175943	.3567542	0
780.15	0	.4249261	.2184738	.3566001	0
779.15	0	.4242418	.2193027	.3564554	0
778.15	0	.4235947	.220086	.3563193	0
777.15	0	.4229815	.2208276	.3561909	0
776.15	0	.4223991	.2215314	.3560695	0
775.15	0	.4218452	.2222005	.3559543	0
774.15	0	.4213174	.2228377	.3558449	0
773.15	0	.4208138	.2234454	.3557408	0
772.15	0	.4203325	.2240259	.3556415	0
771.15	0	.4198721	.2245812	.3555467	0
770.15	0	.4194311	.2251129	.355456	0
769.15	0	.4190083	.2256226	.3553691	0
768.15	0	.4186024	.2261119	.3552858	0
767.15	0	.4182124	.226582	.3552057	0
766.15	0	.4178373	.227034	.3551286	0
765.15	0	.4174764	.2274692	.3550545	0
764.15	0	.4171287	.2278884	.354983	0
763.15	0	.4167935	.2282926	.354914	0
762.15	0	.4164701	.2286826	.3548473	0
761.15	0	.416158	.2290592	.3547828	0
760.15	0	.4158564	.2294232	.3547204	0
759.15	0	.4155649	.2297752	.3546599	0
758.15	0	.415283	.2301157	.3546013	0
757.15	0	.4150101	.2304455	.3545444	0
756.15	0	.4147459	.230765	.3544891	0
755.15	0	.4144899	.2310747	.3544353	0
754.15	0	.4142418	.2313752	.354383	0
753.15	0	.4140011	.2316668	.3543321	0
752.15	0	.4137676	.2319499	.3542825	0
751.15	0	.4135409	.232225	.3542341	0
750.15	0	.4133208	.2324924	.3541869	0
749.15	0	.4131068	.2327524	.3541408	0
748.15	0	.4128988	.2330054	.3540958	0
747.15	0	.4126966	.2332517	.3540517	0
746.15	0	.4124998	.2334916	.3540086	0
745.15	0	.4123083	.2337253	.3539664	0
744.15	0	.4121218	.2339531	.3539251	0
743.15	0	.4119402	.2341752	.3538846	0
742.15	0	.4117631	.2343919	.3538449	0
741.15	0	.4115906	.2346035	.3538059	0
740.15	0	.4114223	.23481	.3537677	0
739.15	0	.4112582	.2350117	.3537301	0
738.15	0	.411098	.2352088	.3536932	0
737.15	0	.4109417	.2354015	.3536569	0
736.15	0	.410789	.2355899	.3536211	0
735.15	0	.4106398	.2357742	.353586	0
734.15	0	.4104941	.2359546	.3535513	0
733.15	0	.4103517	.2361311	.3535172	0
732.15	0	.4102124	.236304	.3534836	0
731.15	0	.4100761	.2364734	.3534504	0
730.15	0	.4099429	.2366394	.3534177	0
729.15	0	.4098124	.2368022	.3533854	0
728.15	0	.4096847	.2369617	.3533535	0
727.15	0	.4095597	.2371183	.3533221	0
726.15	0	.4094372	.2372719	.3532909	0
725.15	0	.4093172	.2374227	.3532602	0
724.15	0	.4091995	.2375707	.3532298	0
723.15	0	.4090842	.2377161	.3531997	0
722.15	0	.4089711	.237859	.3531699	0
721.15	0	.4088602	.2379994	.3531404	0
720.15	0	.4087514	.2381374	.3531112	0
719.15	0	.4086445	.2382732	.3530823	0
718.15	0	.4085397	.2384067	.3530536	0
717.15	0	.4084367	.2385381	.3530252	0
716.15	0	.4083356	.2386674	.3529971	0
715.15	0	.4082362	.2387947	.3529691	0
714.15	0	.4081386	.23892	.3529414	0
713.15	0	.4080426	.2390435	.3529139	0
712.15	0	.4079483	.2391652	.3528866	0
711.15	0	.4078555	.2392851	.3528594	0
710.15	0	.4077642	.2394033	.3528325	0
709.15	0	.4076744	.2395199	.3528057	0
708.15	0	.407586	.2396349	.3527791	0
707.15	0	.407499	.2397483	.3527527	0
706.15	0	.4074133	.2398603	.3527264	0
705.15	0	.407329	.2399708	.3527002	0
704.15	0	.4072459	.2400799	.3526742	0
703.15	0	.407164	.2401876	.3526483	0
702.15	0	.4070834	.2402941	.3526226	0
701.15	0	.4070038	.2403992	.3525969	0
700.15	0	.4069254	.2405032	.3525714	0
699.15	0	.4068481	.2406059	.352546	0
698.15	0	.4067719	.2407075	.3525207	0
697.15	0	.4066966	.2408079	.3524955	0
696.15	0	.4066224	.2409072	.3524704	0
695.15	0	.4065492	.2410055	.3524453	0
694.15	0	.4064769	.2411028	.3524204	0
693.15	0	.4064055	.241199	.3523955	0
692.15	0	.406335	.2412943	.3523707	0
691.15	0	.4062653	.2413887	.352346	0
690.15	0	.4061965	.2414822	.3523213	0
689.15	0	.4061285	.2415747	.3522967	0
688.15	0	.4060614	.2416664	.3522722	0
687.15	0	.405995	.2417573	.3522477	0
686.15	0	.4059293	.2418474	.3522233	0
685.15	0	.4058644	.2419367	.3521989	0
684.15	0	.4058002	.2420252	.3521746	0
683.15	0	.4057367	.242113	.3521503	0
682.15	0	.4056739	.2422	.3521261	0
681.15	0	.4056117	.2422864	.3521019	0
680.15	0	.4055502	.2423721	.3520777	0
679.15	0	.4054893	.2424571	.3520536	0
678.15	0	.405429	.2425415	.3520295	0
677.15	0	.4053693	.2426253	.3520054	0
676.15	0	.4053102	.2427085	.3519814	0
675.15	0	.4052516	.2427911	.3519574	0
674.15	0	.4051936	.2428731	.3519334	0
673.15	0	.4051361	.2429545	.3519094	0
672.15	0	.4050791	.2430355	.3518854	0
671.15	0	.4050227	.2431159	.3518615	0
670.15	0	.4049667	.2431957	.3518375	0
669.15	0	.4049112	.2432751	.3518136	0
668.15	0	.4048562	.243354	.3517897	0
667.15	0	.4048017	.2434325	.3517658	0
666.15	0	.4047476	.2435105	.3517419	0
665.15	0	.4046939	.2435881	.351718	0
664.15	0	.4046407	.2436652	.3516942	0
663.15	0	.4045878	.2437419	.3516703	0
662.15	0	.4045354	.2438182	.3516464	0
661.15	0	.4044834	.2438941	.3516225	0
660.15	0	.4044317	.2439696	.3515987	0
659.15	0	.4043805	.2440448	.3515748	0
658.15	0	.4043296	.2441195	.3515509	0
657.15	0	.404279	.244194	.351527	0
656.15	0	.4042288	.244268	.3515031	0
655.15	0	.404179	.2443418	.3514793	0
654.15	0	.4041294	.2444152	.3514553	0
653.15	0	.4040802	.2444883	.3514314	0
652.15	0	.4040314	.2445611	.3514075	0
651.15	0	.4039828	.2446336	.3513836	0
650.15	0	.4039345	.2447058	.3513597	0
649.15	0	.4038866	.2447777	.3513357	0
648.15	0	.4038389	.2448494	.3513118	0
647.15	0	.4037915	.2449207	.3512878	0
646.15	0	.4037443	.2449918	.3512638	0
645.15	0	.4036975	.2450627	.3512398	0
644.15	0	.4036509	.2451333	.3512158	0
643.15	0	.4036046	.2452036	.3511918	0
642.15	0	.4035585	.2452738	.3511678	0
641.15	0	.4035126	.2453436	.3511437	0
640.15	0	.4034671	.2454133	.3511197	0
639.15	0	.4034217	.2454827	.3510956	0
638.15	0	.4033766	.245552	.3510715	0
637.15	0	.4033317	.245621	.3510473	0
636.15	0	.403287	.2456898	.3510232	0
635.15	0	.4032425	.2457584	.350999	0
634.15	0	.4031983	.2458268	.3509749	0
633.15	0	.4031542	.2458951	.3509507	0
632.15	0	.4031104	.2459631	.3509265	0
631.15	0	.4030668	.246031	.3509023	0
630.15	0	.4030233	.2460987	.350878	0
629.15	0	.4029801	.2461662	.3508537	0
628.15	0	.402937	.2462336	.3508295	0
627.15	0	.4028941	.2463008	.3508052	0
626.15	0	.4028514	.2463678	.3507808	0
625.15	0	.4028088	.2464347	.3507565	0
624.15	0	.4027665	.2465014	.3507321	0
623.15	0	.4027243	.246568	.3507077	0
622.15	0	.4026822	.2466344	.3506833	0
621.15	0	.4026404	.2467007	.3506589	0
620.15	0	.4025987	.2467669	.3506344	0
619.15	0	.4025571	.2468329	.35061	0
618.15	0	.4025157	.2468988	.3505855	0
617.15	0	.4024744	.2469646	.350561	0
616.15	0	.4024333	.2470302	.3505364	0
615.15	0	.4023924	.2470957	.3505119	0
614.15	0	.4023516	.2471611	.3504873	0
613.15	0	.4023109	.2472264	.3504627	0
612.15	0	.4022703	.2472916	.3504381	0
611.15	0	.4022299	.2473566	.3504135	0
610.15	0	.4021896	.2474216	.3503888	0
609.15	0	.4021495	.2474864	.3503642	0
608.15	0	.4021094	.2475511	.3503395	0
607.15	0	.4020695	.2476157	.3503148	0
606.15	0	.4020298	.2476802	.35029	0
605.15	0	.4019901	.2477446	.3502653	0
604.15	0	.4019506	.247809	.3502405	0
603.15	0	.4019111	.2478732	.3502157	0
602.15	0	.4018718	.2479373	.3501909	0
601.15	0	.4018326	.2480013	.3501661	0
600.15	0	.4017935	.2480653	.3501412	0
599.15	0	.4017545	.2481291	.3501163	0
598.15	0	.4017156	.2481929	.3500915	0
597.15	0	.4016769	.2482566	.3500666	0
596.15	0	.4016382	.2483202	.3500416	0
595.15	0	.4015997	.2483837	.3500167	0
594.15	0	.4015612	.2484471	.3499917	0
593.15	0	.4015228	.2485104	.3499668	0
592.15	0	.4014845	.2485737	.3499417	0
591.15	0	.4014464	.2486369	.3499167	0
590.15	0	.4014083	.2487	.3498917	0
589.15	0	.4013703	.248763	.3498667	0
588.15	0	.4013324	.248826	.3498416	0
587.15	0	.4012946	.2488888	.3498165	0
586.15	0	.4012569	.2489517	.3497914	0
585.15	0	.4012193	.2490144	.3497663	0
584.15	0	.4011817	.2490771	.3497412	0
583.15	0	.4011443	.2491396	.3497161	0
582.15	0	.4011069	.2492022	.3496909	0
581.15	0	.4010696	.2492646	.3496658	0
580.15	0	.4010324	.249327	.3496406	0
579.15	0	.4009953	.2493893	.3496154	0
578.15	0	.4009583	.2494515	.3495902	0
577.15	0	.4009213	.2495137	.349565	0
576.15	0	.4008844	.2495758	.3495397	0
575.15	0	.4008476	.2496379	.3495145	0
574.15	0	.4008109	.2496999	.3494892	0
573.15	0	.4007742	.2497618	.349464	0
572.15	0	.4007377	.2498236	.3494387	0
571.15	0	.4007012	.2498854	.3494134	0
570.15	0	.4006647	.2499472	.3493881	0
569.15	0	.4006284	.2500088	.3493628	0
568.15	0	.4005921	.2500704	.3493375	0
567.15	0	.4005559	.250132	.3493122	0
566.15	0	.4005198	.2501934	.3492868	0
565.15	0	.4004837	.2502549	.3492615	0
564.15	0	.4004477	.2503162	.3492361	0
563.15	0	.4004118	.2503775	.3492108	0
562.15	0	.4003759	.2504387	.3491854	0
561.15	0	.4003401	.2504999	.34916	0
560.15	0	.4003044	.250561	.3491346	0
559.15	0	.4002687	.250622	.3491093	0
558.15	0	.4002331	.250683	.3490839	0
557.15	0	.4001976	.250744	.3490585	0
556.15	0	.4001621	.2508048	.3490331	0
555.15	0	.4001267	.2508656	.3490077	0
554.15	0	.4000914	.2509264	.3489822	0
553.15	0	.4000561	.2509871	.3489568	0
552.15	0	.4000209	.2510477	.3489314	0
551.15	0	.3999857	.2511083	.348906	0
550.15	0	.3999507	.2511688	.3488806	0
549.15	0	.3999156	.2512292	.3488552	0
548.15	0	.3998807	.2512896	.3488297	0
547.15	0	.3998458	.2513499	.3488043	0
546.15	0	.3998109	.2514102	.3487789	0
545.15	0	.3997762	.2514704	.3487535	0
544.15	0	.3997414	.2515305	.348728	0
543.15	0	.3997068	.2515906	.3487026	0
542.15	0	.3996722	.2516506	.3486772	0
541.15	0	.3996376	.2517106	.3486518	0
540.15	0	.3996032	.2517705	.3486264	0
539.15	0	.3995688	.2518303	.348601	0
538.15	0	.3995344	.2518901	.3485755	0
537.15	0	.3995001	.2519498	.3485501	0
536.15	0	.3994658	.2520094	.3485247	0
535.15	0	.3994317	.252069	.3484993	0
534.15	0	.3993977	.2521285	.3484738	0
533.15	0	.3993636	.252188	.3484484	0
532.15	0	.3993296	.2522474	.348423	0
531.15	0	.3992956	.2523067	.3483977	0
530.15	0	.3992617	.252366	.3483723	0
529.15	0	.3992279	.2524252	.3483469	0
528.15	0	.3991941	.2524843	.3483216	0
527.15	0	.3991604	.2525434	.3482962	0
526.15	0	.3991267	.2526024	.3482709	0
525.15	0	.3990931	.2526613	.3482456	0
524.15	0	.3990596	.2527202	.3482202	0
523.15	0	.3990261	.252779	.3481949	0
522.15	0	.3989926	.2528377	.3481696	0
521.15	0	.3989592	.2528964	.3481444	0
520.15	0	.3989259	.252955	.3481191	0
519.15	0	.3988926	.2530135	.3480938	0
518.15	0	.3988594	.253072	.3480686	0
517.15	0	.3988263	.2531304	.3480433	0
516.15	0	.3987932	.2531887	.3480181	0
515.15	0	.3987601	.253247	.3479929	0
514.15	0	.3987271	.2533052	.3479677	0
513.15	0	.3986942	.2533633	.3479425	0
512.15	0	.3986613	.2534213	.3479174	0
511.15	0	.3986285	.2534793	.3478922	0
510.15	0	.3985957	.2535372	.3478671	0
509.15	0	.398563	.253595	.347842	0
508.15	0	.3985303	.2536528	.3478169	0
507.15	0	.3984977	.2537105	.3477918	0
506.15	0	.3984652	.2537681	.3477667	0
505.15	0	.3984327	.2538256	.3477417	0
504.15	0	.3984003	.253883	.3477167	0
503.15	0	.3983679	.2539404	.3476917	0
502.15	0	.3983356	.2539977	.3476667	0
501.15	0	.3983033	.2540549	.3476417	0
500.15	0	.3982711	.2541121	.3476168	0
499.15	0	.398239	.2541692	.3475919	0
498.15	0	.3982069	.2542261	.347567	0
497.15	0	.3981748	.2542831	.3475421	0
496.15	0	.3981428	.2543399	.3475173	0
495.15	0	.3981109	.2543966	.3474925	0
494.15	0	.398079	.2544533	.3474677	0
493.15	0	.3980472	.2545099	.3474429	0
492.15	0	.3980155	.2545664	.3474181	0
491.15	0	.3979838	.2546228	.3473934	0
490.15	0	.3979521	.2546791	.3473687	0
489.15	0	.3979206	.2547354	.3473441	0
488.15	0	.397889	.2547916	.3473194	0
487.15	0	.3978575	.2548477	.3472948	0
486.15	0	.3978261	.2549037	.3472702	0
485.15	0	.3977948	.2549596	.3472457	0
484.15	0	.3977635	.2550154	.3472211	0
483.15	0	.3977322	.2550711	.3471967	0
482.15	0	.397701	.2551268	.3471722	0
481.15	0	.3976699	.2551823	.3471477	0
480.15	0	.3976388	.2552378	.3471233	0
479.15	0	.3976078	.2552932	.347099	0
478.15	0	.3975769	.2553485	.3470746	0
477.15	0	.397546	.2554037	.3470503	0
476.15	0	.3975151	.2554588	.3470261	0
475.15	0	.3974844	.2555138	.3470018	0
474.15	0	.3974536	.2555687	.3469776	0
473.15	0	.397423	.2556236	.3469534	0
472.15	0	.3973924	.2556783	.3469293	0
471.15	0	.3973618	.255733	.3469052	0
470.15	0	.3973314	.2557875	.3468812	0
469.15	0	.3973009	.255842	.3468571	0
468.15	0	.3972706	.2558963	.3468331	0
467.15	0	.3972402	.2559506	.3468092	0
466.15	0	.39721	.2560047	.3467853	0
465.15	0	.3971798	.2560588	.3467614	0
464.15	0	.3971497	.2561128	.3467376	0
463.15	0	.3971196	.2561666	.3467138	0
462.15	0	.3970896	.2562204	.34669	0
461.15	0	.3970597	.256274	.3466663	0
460.15	0	.3970298	.2563276	.3466426	0
459.15	0	.3969999	.2563811	.346619	0
458.15	0	.3969702	.2564344	.3465954	0
457.15	0	.3969405	.2564877	.3465719	0
456.15	0	.3969108	.2565408	.3465484	0
455.15	0	.3968812	.2565939	.3465249	0
454.15	0	.3968517	.2566468	.3465015	0
453.15	0	.3968222	.2566997	.3464781	0
452.15	0	.3967928	.2567524	.3464548	0
451.15	0	.3967635	.256805	.3464315	0
450.15	0	.3967342	.2568575	.3464083	0
449.15	0	.396705	.2569099	.3463851	0
448.15	0	.3966759	.2569622	.3463619	0
447.15	0	.3966468	.2570143	.3463389	0
446.15	0	.3966179	.2570663	.3463158	0
445.15	0	.3965889	.2571182	.3462928	0
444.15	0	.3965601	.25717	.3462699	0
443.15	0	.3965314	.2572216	.3462471	0
442.15	0	.3965027	.2572731	.3462243	0
441.15	0	.3964741	.2573244	.3462015	0
440.15	0	.3964456	.2573756	.3461788	0
