T	 BPW(LIQUID)	BPW(BCC_A2)	BPW(FCC_A1)	BPW(LAVES_PHASE_C14)	BPW(NI3TI)
1473.15	.2164004	.590496	.1931037	0	0
1472.15	.212433	.5888827	.1986843	0	0
1471.15	.2084729	.5872794	.2042477	0	0
1470.15	.20452	.585686	.209794	0	0
1469.15	.2005742	.5841025	.2153233	0	0
1468.15	.1966353	.5825288	.2208359	0	0
1467.15	.192703	.580965	.226332	0	0
1466.15	.1887774	.579411	.2318116	0	0
1465.15	.1848582	.5778667	.2372751	0	0
1464.15	.1809453	.5763321	.2427226	0	0
1463.15	.1770386	.5748072	.2481542	0	0
1462.15	.1731379	.573292	.2535701	0	0
1461.15	.169243	.5717864	.2589705	0	0
1460.15	.1653539	.5702904	.2643556	0	0
1459.15	.1614705	.568804	.2697255	0	0
1458.15	.1575925	.5673272	.2750804	0	0
1457.15	.1537198	.5658598	.2804204	0	0
1456.15	.1498524	.5644019	.2857456	0	0
1455.15	.1459901	.5629535	.2910564	0	0
1454.15	.1421328	.5615145	.2963527	0	0
1453.15	.1382804	.5600849	.3016347	0	0
1452.416	.1354546	.5590412	.3055043	0	0
1452.416	.1354546	.5590412	.3055043	0	0
1452.416	.1354546	.5590412	.3055043	0	0
1452.15	.1305947	.5551632	.3126563	.001585864	0
1451.15	.1125296	.5408658	.3391525	.007452106	0
1450.15	.09481053	.527026	.3650022	.01316127	0
1449.15	.07742436	.5136272	.3902293	.01871916	0
1448.15	.06035861	.5006537	.4148564	.02413132	0
1447.15	.04360138	.4880903	.4389053	.029403	0
1446.15	.0271413	.4759229	.4623966	.03453925	0
1445.15	.01096751	.4641376	.48535	.03954486	0
1444.462	0	.456244	.5008405	.04291549	0
1444.462	0	.456244	.5008405	.04291549	0
1444.15	0	.4552228	.5016522	.04312493	0
1443.15	0	.4519554	.5042499	.04379468	0
1442.15	0	.4486971	.5068409	.04446193	0
1441.15	0	.4454479	.5094254	.0451267	0
1440.15	0	.4422078	.5120032	.04578901	0
1439.15	0	.4389767	.5145745	.04644887	0
1438.15	0	.4357545	.5171392	.04710628	0
1437.15	0	.4325414	.5196973	.04776127	0
1436.15	0	.4293372	.5222489	.04841383	0
1435.15	0	.426142	.5247941	.04906399	0
1434.15	0	.4229556	.5273327	.04971176	0
1433.15	0	.4197781	.5298648	.05035714	0
1432.15	0	.4166094	.5323905	.05100015	0
1431.15	0	.4134495	.5349097	.05164081	0
1430.15	0	.4102984	.5374225	.05227911	0
1429.15	0	.4071561	.5399289	.05291508	0
1428.15	0	.4040224	.5424289	.05354873	0
1427.15	0	.4008975	.5449224	.05418006	0
1426.15	0	.3977812	.5474097	.05480909	0
1425.15	0	.3946736	.5498905	.05543583	0
1424.15	0	.3915747	.5523651	.05606028	0
1423.15	0	.3884843	.5548333	.05668247	0
1422.15	0	.3854024	.5572952	.0573024	0
1421.15	0	.3823291	.5597508	.05792008	0
1420.15	0	.3792644	.5622001	.05853553	0
1419.15	0	.3762081	.5646431	.05914875	0
1418.15	0	.3731603	.5670799	.05975975	0
1417.15	0	.3701209	.5695105	.06036855	0
1416.15	0	.36709	.5719348	.06097516	0
1415.15	0	.3640675	.574353	.06157958	0
1414.15	0	.3610533	.5767649	.06218183	0
1413.15	0	.3580475	.5791706	.06278191	0
1412.15	0	.35505	.5815702	.06337984	0
1411.15	0	.3520608	.5839636	.06397563	0
1410.15	0	.3490799	.5863509	.06456928	0
1409.15	0	.3461072	.588732	.06516082	0
1408.15	0	.3431428	.591107	.06575024	0
1407.15	0	.3401866	.5934759	.06633755	0
1406.15	0	.3372385	.5958387	.06692277	0
1405.15	0	.3342987	.5981954	.06750591	0
1404.15	0	.331367	.600546	.06808698	0
1403.15	0	.3284434	.6028906	.06866598	0
1402.15	0	.3255279	.6052291	.06924293	0
1401.15	0	.3226205	.6075616	.06981783	0
1400.15	0	.3197212	.6098881	.0703907	0
1399.15	0	.3168299	.6122085	.07096154	0
1398.15	0	.3139467	.614523	.07153036	0
1397.15	0	.3110714	.6168314	.07209718	0
1396.15	0	.3082041	.6191339	.07266199	0
1395.15	0	.3053448	.6214304	.07322482	0
1394.15	0	.3024935	.6237209	.07378567	0
1393.15	0	.29965	.6260055	.07434455	0
1392.15	0	.2968145	.6282841	.07490146	0
1391.15	0	.2939868	.6305568	.07545642	0
1390.15	0	.291167	.6328235	.07600944	0
1389.15	0	.2883551	.6350844	.07656053	0
1388.15	0	.285551	.6373393	.07710968	0
1387.15	0	.2827547	.6395883	.07765692	0
1386.15	0	.2799663	.6418315	.07820224	0
1385.15	0	.2771856	.6440688	.07874567	0
1384.15	0	.2744126	.6463002	.0792872	0
1383.15	0	.2716475	.6485257	.07982686	0
1382.15	0	.26889	.6507454	.08036463	0
1381.15	0	.2661403	.6529592	.08090054	0
1380.15	0	.2633982	.6551672	.08143459	0
1379.15	0	.2606639	.6573693	.08196678	0
1378.15	0	.2579372	.6595657	.08249714	0
1377.15	0	.2552182	.6617562	.08302566	0
1376.15	0	.2525068	.6639409	.08355236	0
1375.15	0	.249803	.6661198	.08407723	0
1374.15	0	.2471068	.6682929	.0846003	0
1373.15	0	.2444182	.6704602	.08512156	0
1372.15	0	.2417373	.6726217	.08564103	0
1371.15	0	.2390638	.6747775	.08615872	0
1370.15	0	.2363979	.6769274	.08667462	0
1369.15	0	.2337396	.6790716	.08718875	0
1368.15	0	.2310888	.6812101	.08770112	0
1367.15	0	.2284455	.6833428	.08821174	0
1366.15	0	.2258097	.6854697	.0887206	0
1365.15	0	.2231814	.6875909	.08922773	0
1364.15	0	.2205605	.6897063	.08973312	0
1363.15	0	.2179472	.6918161	.09023678	0
1362.15	0	.2153412	.69392	.09073873	0
1361.15	0	.2127428	.6960183	.09123897	0
1360.15	0	.2101517	.6981108	.0917375	0
1359.15	0	.2075681	.7001976	.09223434	0
1358.15	0	.2049918	.7022787	.09272948	0
1357.15	0	.202423	.7043541	.09322295	0
1356.15	0	.1998616	.7064237	.09371473	0
1355.15	0	.1973075	.7084877	.09420486	0
1354.15	0	.1947608	.7105459	.09469331	0
1353.15	0	.1922215	.7125984	.09518012	0
1352.15	0	.1896895	.7146453	.09566528	0
1351.15	0	.1871648	.7166864	.09614879	0
1350.15	0	.1846475	.7187219	.09663068	0
1349.15	0	.1821375	.7207516	.09711093	0
1348.15	0	.1796348	.7227756	.09758957	0
1347.15	0	.1771394	.724794	.09806659	0
1346.15	0	.1746513	.7268067	.09854201	0
1345.15	0	.1721705	.7288137	.09901582	0
1344.15	0	.169697	.7308149	.09948805	0
1343.15	0	.1672308	.7328105	.09995868	0
1342.15	0	.1647718	.7348004	.1004277	0
1341.15	0	.1623201	.7367846	.1008952	0
1340.15	0	.1598757	.7387632	.1013611	0
1339.15	0	.1574385	.740736	.1018255	0
1338.15	0	.1550086	.7427031	.1022883	0
1337.15	0	.1525859	.7446646	.1027495	0
1336.15	0	.1501705	.7466203	.1032092	0
1335.15	0	.1477623	.7485704	.1036674	0
1334.15	0	.1453613	.7505147	.104124	0
1333.15	0	.1429675	.7524534	.1045791	0
1332.15	0	.140581	.7543863	.1050327	0
1331.15	0	.1382017	.7563135	.1054848	0
1330.15	0	.1358296	.7582351	.1059354	0
1329.15	0	.1334647	.7601509	.1063844	0
1328.15	0	.131107	.762061	.106832	0
1327.15	0	.1287565	.7639654	.1072781	0
1326.15	0	.1264133	.7658641	.1077227	0
1325.15	0	.1240772	.767757	.1081658	0
1324.15	0	.1217483	.7696442	.1086075	0
1323.15	0	.1194267	.7715257	.1090477	0
1322.15	0	.1171122	.7734014	.1094864	0
1321.15	0	.114805	.7752714	.1099237	0
1320.15	0	.1125049	.7771356	.1103595	0
1319.15	0	.1102121	.7789941	.1107939	0
1318.15	0	.1079264	.7808468	.1112268	0
1317.15	0	.105648	.7826937	.1116583	0
1316.15	0	.1033767	.7845349	.1120884	0
1315.15	0	.1011127	.7863703	.1125171	0
1314.15	0	.09885583	.7881999	.1129443	0
1313.15	0	.09660621	.7900237	.1133702	0
1312.15	0	.09436379	.7918416	.1137946	0
1311.15	0	.0921286	.7936538	.1142176	0
1310.15	0	.08990062	.7954602	.1146392	0
1309.15	0	.08767986	.7972607	.1150595	0
1308.15	0	.08546632	.7990554	.1154783	0
1307.15	0	.08326002	.8008442	.1158958	0
1306.15	0	.08106095	.8026272	.1163119	0
1305.15	0	.07886912	.8044043	.1167266	0
1304.15	0	.07668453	.8061755	.11714	0
1303.15	0	.07450719	.8079409	.117552	0
1302.15	0	.07233711	.8097003	.1179626	0
1301.15	0	.07017429	.8114538	.1183719	0
1300.15	0	.06801873	.8132014	.1187798	0
1299.15	0	.06587045	.8149431	.1191864	0
1298.15	0	.06372946	.8166788	.1195917	0
1297.15	0	.06159575	.8184086	.1199956	0
1296.15	0	.05946935	.8201324	.1203982	0
1295.15	0	.05735025	.8218502	.1207995	0
1294.15	0	.05523847	.823562	.1211995	0
1293.15	0	.05313401	.8252678	.1215982	0
1292.15	0	.05103689	.8269676	.1219955	0
1291.15	0	.04894711	.8286613	.1223915	0
1290.15	0	.04686469	.830349	.1227863	0
1289.15	0	.04478963	.8320306	.1231797	0
1288.15	0	.04272195	.8337062	.1235719	0
1287.15	0	.04066166	.8353756	.1239627	0
1286.15	0	.03860877	.8370389	.1243523	0
1285.15	0	.0365633	.8386961	.1247406	0
1284.15	0	.03452525	.8403471	.1251277	0
1283.15	0	.03249464	.8419919	.1255134	0
1282.15	0	.03047149	.8436306	.1258979	0
1281.15	0	.0284558	.845263	.1262812	0
1280.15	0	.0264476	.8468893	.1266631	0
1279.15	0	.02444689	.8485093	.1270439	0
1278.15	0	.02245369	.850123	.1274233	0
1277.15	0	.02046803	.8517304	.1278016	0
1276.15	0	.01848991	.8533315	.1281786	0
1275.15	0	.01651934	.8549263	.1285543	0
1274.15	0	.01455636	.8565148	.1289288	0
1273.15	0	.01260098	.8580969	.1293021	0
1272.15	0	.01065321	.8596726	.1296742	0
1271.15	0	.008713072	.8612419	.130045	0
1270.15	0	.006780587	.8628048	.1304147	0
1269.15	0	.004855773	.8643612	.1307831	0
1268.15	0	.002938652	.8659111	.1311503	0
1267.15	0	.001029243	.8674545	.1315163	0
1266.609	0	0	.8682863	.1317137	0
1266.609	0	0	.8682863	.1317137	0
1266.15	0	0	.8681534	.1318466	0
1265.15	0	0	.8678644	.1321356	0
1264.15	0	0	.8675759	.1324241	0
1263.15	0	0	.867288	.132712	0
1262.15	0	0	.8670005	.1329995	0
1261.15	0	0	.8667136	.1332864	0
1260.15	0	0	.8664272	.1335728	0
1259.15	0	0	.8661413	.1338587	0
1258.15	0	0	.8658559	.1341441	0
1257.15	0	0	.8655711	.1344289	0
1256.15	0	0	.8652867	.1347133	0
1255.15	0	0	.8650029	.1349971	0
1254.15	0	0	.8647196	.1352804	0
1253.15	0	0	.8644367	.1355633	0
1252.15	0	0	.8641544	.1358456	0
1251.15	0	0	.8638727	.1361274	0
1250.15	0	0	.8635914	.1364086	0
1249.15	0	0	.8633106	.1366894	0
1248.15	0	0	.8630304	.1369696	0
1247.15	0	0	.8627506	.1372494	0
1246.15	0	0	.8624714	.1375287	0
1245.15	0	0	.8621926	.1378074	0
1244.15	0	0	.8619144	.1380856	0
1243.15	0	0	.8616366	.1383634	0
1242.15	0	0	.8613594	.1386406	0
1241.15	0	0	.8610827	.1389173	0
1240.15	0	0	.8608065	.1391935	0
1239.15	0	0	.8605307	.1394693	0
1238.15	0	0	.8602555	.1397445	0
1237.15	0	0	.8599808	.1400192	0
1236.15	0	0	.8597065	.1402935	0
1235.15	0	0	.8594328	.1405672	0
1234.15	0	0	.8591596	.1408404	0
1233.15	0	0	.8588868	.1411132	0
1232.15	0	0	.8586146	.1413854	0
1231.15	0	0	.8583429	.1416571	0
1230.15	0	0	.8580716	.1419284	0
1229.15	0	0	.8578008	.1421992	0
1228.15	0	0	.8575306	.1424694	0
1227.15	0	0	.8572608	.1427392	0
1226.15	0	0	.8569915	.1430085	0
1225.15	0	0	.8567227	.1432773	0
1224.15	0	0	.8564544	.1435456	0
1223.15	0	0	.8561866	.1438134	0
1222.15	0	0	.8559193	.1440808	0
1221.15	0	0	.8556524	.1443476	0
1220.15	0	0	.8553861	.144614	0
1219.15	0	0	.8551202	.1448798	0
1218.15	0	0	.8548548	.1451452	0
1217.15	0	0	.8545899	.1454101	0
1216.15	0	0	.8543255	.1456745	0
1215.15	0	0	.8540615	.1459385	0
1214.15	0	0	.8537981	.1462019	0
1213.15	0	0	.8535351	.1464649	0
1212.15	0	0	.8532726	.1467274	0
1211.15	0	0	.8530106	.1469894	0
1210.15	0	0	.8527491	.1472509	0
1209.15	0	0	.852488	.147512	0
1208.15	0	0	.8522275	.1477725	0
1207.15	0	0	.8519674	.1480326	0
1206.15	0	0	.8517077	.1482923	0
1205.15	0	0	.8514486	.1485514	0
1204.15	0	0	.8511899	.1488101	0
1203.15	0	0	.8509317	.1490683	0
1202.15	0	0	.850674	.149326	0
1201.15	0	0	.8504168	.1495832	0
1200.15	0	0	.85016	.14984	0
1199.15	0	0	.8499037	.1500963	0
1198.15	0	0	.8496479	.1503521	0
1197.15	0	0	.8493925	.1506075	0
1196.15	0	0	.8491376	.1508624	0
1195.15	0	0	.8488832	.1511168	0
1194.15	0	0	.8486292	.1513708	0
1193.15	0	0	.8483757	.1516243	0
1192.15	0	0	.8481227	.1518773	0
1191.15	0	0	.8478702	.1521298	0
1190.15	0	0	.8476181	.1523819	0
1189.15	0	0	.8473665	.1526335	0
1188.15	0	0	.8471153	.1528847	0
1187.15	0	0	.8468646	.1531354	0
1186.15	0	0	.8466144	.1533856	0
1185.15	0	0	.8463646	.1536354	0
1184.15	0	0	.8461154	.1538847	0
1183.15	0	0	.8458665	.1541335	0
1182.15	0	0	.8456181	.1543819	0
1181.15	0	0	.8453702	.1546298	0
1180.15	0	0	.8451228	.1548772	0
1179.15	0	0	.8448758	.1551242	0
1178.15	0	0	.8446292	.1553708	0
1177.15	0	0	.8443832	.1556169	0
1176.15	0	0	.8441375	.1558625	0
1175.15	0	0	.8438924	.1561076	0
1174.15	0	0	.8436476	.1563524	0
1173.15	0	0	.8434034	.1565966	0
1172.15	0	0	.8431596	.1568404	0
1171.15	0	0	.8429163	.1570837	0
1170.15	0	0	.8426734	.1573266	0
1169.15	0	0	.8424309	.1575691	0
1168.15	0	0	.842189	.1578111	0
1167.15	0	0	.8419474	.1580526	0
1166.15	0	0	.8417063	.1582937	0
1165.15	0	0	.8414657	.1585343	0
1164.15	0	0	.8412255	.1587745	0
1163.15	0	0	.8409858	.1590142	0
1162.15	0	0	.8407465	.1592535	0
1161.15	0	0	.8405077	.1594923	0
1160.15	0	0	.8402693	.1597307	0
1159.15	0	0	.8400314	.1599686	0
1158.15	0	0	.8397939	.1602061	0
1157.15	0	0	.8395569	.1604431	0
1156.15	0	0	.8393203	.1606797	0
1155.15	0	0	.8390841	.1609159	0
1154.15	0	0	.8388484	.1611516	0
1153.15	0	0	.8386132	.1613868	0
1152.15	0	0	.8383784	.1616216	0
1151.15	0	0	.838144	.161856	0
1150.15	0	0	.8379101	.1620899	0
1149.15	0	0	.8376766	.1623234	0
1148.15	0	0	.8374435	.1625565	0
1147.15	0	0	.8372109	.1627891	0
1146.15	0	0	.8369788	.1630212	0
1145.15	0	0	.8367471	.1632529	0
1144.15	0	0	.8365158	.1634842	0
1143.15	0	0	.836285	.1637151	0
1142.15	0	0	.8360546	.1639455	0
1141.15	0	0	.8358246	.1641754	0
1140.15	0	0	.8355951	.1644049	0
1139.15	0	0	.835366	.164634	0
1138.15	0	0	.8351373	.1648627	0
1137.15	0	0	.8349091	.1650909	0
1136.15	0	0	.8346813	.1653187	0
1135.15	0	0	.834454	.165546	0
1134.15	0	0	.8342271	.1657729	0
1133.15	0	0	.8340006	.1659994	0
1132.15	0	0	.8337746	.1662254	0
1131.15	0	0	.833549	.166451	0
1130.15	0	0	.8333238	.1666762	0
1129.15	0	0	.8330991	.1669009	0
1128.15	0	0	.8328748	.1671252	0
1127.15	0	0	.8326509	.1673491	0
1126.15	0	0	.8324274	.1675726	0
1125.15	0	0	.8322044	.1677956	0
1124.15	0	0	.8319819	.1680181	0
1123.15	0	0	.8317597	.1682403	0
1122.15	0	0	.831538	.168462	0
1121.15	0	0	.8313167	.1686833	0
1120.15	0	0	.8310958	.1689042	0
1119.15	0	0	.8308754	.1691246	0
1118.15	0	0	.8306554	.1693446	0
1117.15	0	0	.8304358	.1695642	0
1116.15	0	0	.8302166	.1697834	0
1115.15	0	0	.8299979	.1700021	0
1114.15	0	0	.8297796	.1702204	0
1113.15	0	0	.8295617	.1704383	0
1112.15	0	0	.8293443	.1706557	0
1111.15	0	0	.8291272	.1708728	0
1110.15	0	0	.8289106	.1710894	0
1109.15	0	0	.8286944	.1713056	0
1108.15	0	0	.8284787	.1715213	0
1107.15	0	0	.8282633	.1717367	0
1106.15	0	0	.8280484	.1719516	0
1105.15	0	0	.8278339	.1721661	0
1104.15	0	0	.8276199	.1723801	0
1103.15	0	0	.8274062	.1725938	0
1102.15	0	0	.827193	.172807	0
1101.15	0	0	.8269802	.1730198	0
1100.15	0	0	.8267678	.1732322	0
1099.15	0	0	.8265558	.1734442	0
1098.15	0	0	.8263443	.1736557	0
1097.15	0	0	.8261331	.1738669	0
1096.15	0	0	.8259224	.1740776	0
1095.15	0	0	.8257121	.1742879	0
1094.15	0	0	.8255023	.1744977	0
1093.15	0	0	.8252928	.1747072	0
1092.15	0	0	.8250838	.1749162	0
1091.15	0	0	.8248751	.1751249	0
1090.15	0	0	.8246669	.1753331	0
1089.15	0	0	.8244591	.1755409	0
1088.15	0	0	.8242517	.1757483	0
1087.15	0	0	.8240448	.1759552	0
1086.15	0	0	.8238382	.1761618	0
1085.15	0	0	.8236321	.1763679	0
1084.15	0	0	.8234264	.1765736	0
1083.15	0	0	.8232211	.176779	0
1082.15	0	0	.8230161	.1769839	0
1081.15	0	0	.8228117	.1771883	0
1080.15	0	0	.8226076	.1773924	0
1079.15	0	0	.8224039	.1775961	0
1078.15	0	0	.8222007	.1777993	0
1077.15	0	0	.8219978	.1780022	0
1076.15	0	0	.8217954	.1782046	0
1075.15	0	0	.8215934	.1784066	0
1074.15	0	0	.8213918	.1786082	0
1073.15	0	0	.8211906	.1788094	0
1072.15	0	0	.8209898	.1790102	0
1071.15	0	0	.8207894	.1792106	0
1070.15	0	0	.8205895	.1794105	0
1069.15	0	0	.8203899	.1796101	0
1068.15	0	0	.8201908	.1798093	0
1067.15	0	0	.819992	.180008	0
1066.15	0	0	.8197937	.1802063	0
1065.15	0	0	.8195957	.1804043	0
1064.15	0	0	.8193982	.1806018	0
1063.15	0	0	.8192011	.1807989	0
1062.15	0	0	.8190044	.1809956	0
1061.15	0	0	.8188081	.1811919	0
1060.15	0	0	.8186122	.1813878	0
1059.15	0	0	.8184167	.1815833	0
1058.15	0	0	.8182216	.1817784	0
1057.15	0	0	.8180269	.1819731	0
1056.15	0	0	.8178326	.1821674	0
1055.15	0	0	.8176388	.1823613	0
1054.15	0	0	.8174453	.1825547	0
1053.15	0	0	.8172522	.1827478	0
1052.15	0	0	.8170595	.1829405	0
1051.15	0	0	.8168673	.1831327	0
1050.15	0	0	.8166754	.1833246	0
1049.15	0	0	.8164839	.1835161	0
1048.15	0	0	.8162929	.1837071	0
1047.15	0	0	.8161022	.1838978	0
1046.15	0	0	.815912	.184088	0
1045.15	0	0	.8157221	.1842779	0
1044.15	0	0	.8155327	.1844673	0
1043.15	0	0	.8153436	.1846564	0
1042.15	0	0	.815155	.184845	0
1041.15	0	0	.8149667	.1850333	0
1040.15	0	0	.8147789	.1852211	0
1039.15	0	0	.8145914	.1854086	0
1038.15	0	0	.8144044	.1855957	0
1037.15	0	0	.8142177	.1857823	0
1036.15	0	0	.8140314	.1859686	0
1035.15	0	0	.8138456	.1861544	0
1034.15	0	0	.8136601	.1863399	0
1033.15	0	0	.813475	.186525	0
1032.15	0	0	.8132904	.1867096	0
1031.15	0	0	.8131061	.1868939	0
1030.15	0	0	.8129222	.1870778	0
1029.15	0	0	.8127388	.1872612	0
1028.15	0	0	.8125557	.1874443	0
1027.15	0	0	.812373	.187627	0
1026.15	0	0	.8121907	.1878093	0
1025.15	0	0	.8120088	.1879912	0
1024.15	0	0	.8118273	.1881727	0
1023.15	0	0	.8116462	.1883538	0
1022.15	0	0	.8114655	.1885345	0
1021.15	0	0	.8112852	.1887148	0
1020.15	0	0	.8111053	.1888947	0
1019.15	0	0	.8109258	.1890742	0
1018.15	0	0	.8107466	.1892534	0
1017.15	0	0	.8105679	.1894321	0
1016.15	0	0	.8103895	.1896105	0
1015.15	0	0	.8102116	.1897884	0
1014.15	0	0	.810034	.189966	0
1013.15	0	0	.8098569	.1901431	0
1012.15	0	0	.8096801	.1903199	0
1011.15	0	0	.8095037	.1904963	0
1010.15	0	0	.8093277	.1906723	0
1009.15	0	0	.8091521	.1908479	0
1008.15	0	0	.8089769	.1910231	0
1007.15	0	0	.8088021	.1911979	0
1006.15	0	0	.8086277	.1913723	0
1005.15	0	0	.8084537	.1915463	0
1004.15	0	0	.80828	.19172	0
1003.15	0	0	.8081068	.1918932	0
1002.15	0	0	.8079339	.1920661	0
1001.15	0	0	.8077615	.1922385	0
1000.15	0	0	.8075894	.1924106	0
999.15	0	0	.8074177	.1925823	0
998.15	0	0	.8072464	.1927536	0
997.15	0	0	.8070755	.1929245	0
996.15	0	0	.806905	.193095	0
995.15	0	0	.8067348	.1932652	0
994.15	0	0	.8065651	.1934349	0
993.15	0	0	.8063957	.1936043	0
992.15	0	0	.8062268	.1937732	0
991.15	0	0	.8060582	.1939418	0
990.15	0	0	.80589	.19411	0
989.5182	0	0	.8057839	.1942161	0
989.5182	0	0	.8057839	.1942161	0
989.5182	0	0	.8057839	.1942161	0
989.15	0	.001044053	.8047	.194256	0
988.15	0	.00389211	.801744	.1943639	0
987.15	0	.006758289	.7987706	.1944711	0
986.15	0	.009642354	.79578	.1945776	0
985.15	0	.01254406	.7927724	.1946835	0
984.15	0	.01546318	.7897481	.1947887	0
983.15	0	.01839945	.7867073	.1948932	0
982.15	0	.02135263	.7836503	.1949971	0
981.15	0	.02432248	.7805773	.1951002	0
980.15	0	.02730874	.7774886	.1952026	0
979.15	0	.03031116	.7743845	.1953044	0
978.15	0	.03332948	.7712651	.1954055	0
977.15	0	.03636346	.7681307	.1955058	0
976.15	0	.03941282	.7649817	.1956055	0
975.15	0	.04247731	.7618183	.1957044	0
974.15	0	.04555666	.7586407	.1958026	0
973.15	0	.04865062	.7554493	.1959001	0
972.15	0	.05175892	.7522442	.1959969	0
971.15	0	.05488128	.7490258	.1960929	0
970.15	0	.05801745	.7457944	.1961882	0
969.15	0	.06116716	.7425501	.1962827	0
968.15	0	.06433012	.7392934	.1963765	0
967.15	0	.06750608	.7360244	.1964695	0
966.15	0	.07069476	.7327435	.1965618	0
965.15	0	.07389224	.7294543	.1966535	0
964.15	0	.07708818	.7261657	.1967461	0
963.15	0	.08031509	.7228474	.1968375	0
962.15	0	.08357098	.7195015	.1969276	0
961.15	0	.0868539	.7161297	.1970164	0
960.15	0	.09016198	.712734	.1971041	0
959.15	0	.09349345	.7093161	.1971905	0
958.15	0	.09684657	.7058778	.1972756	0
957.15	0	.1002197	.7024207	.1973596	0
956.15	0	.1036112	.6989465	.1974424	0
955.15	0	.1070196	.6954565	.1975239	0
954.15	0	.1104433	.6919524	.1976043	0
953.15	0	.113881	.6884356	.1976834	0
952.15	0	.1173312	.6849074	.1977614	0
951.15	0	.1207927	.6813691	.1978382	0
950.15	0	.1242641	.6778221	.1979138	0
949.15	0	.1277443	.6742675	.1979882	0
948.15	0	.1312321	.6707066	.1980614	0
947.15	0	.1347262	.6671404	.1981334	0
946.15	0	.1382257	.6635701	.1982042	0
945.15	0	.1417294	.6599967	.1982738	0
944.15	0	.1452364	.6564213	.1983422	0
943.15	0	.1487457	.6528449	.1984094	0
942.15	0	.1522563	.6492683	.1984754	0
941.15	0	.1557673	.6456925	.1985403	0
940.15	0	.1592778	.6421184	.1986038	0
939.15	0	.162787	.6385468	.1986662	0
938.15	0	.1662942	.6349785	.1987274	0
937.15	0	.1697984	.6314144	.1987873	0
936.15	0	.1732989	.6278551	.198846	0
935.15	0	.1767951	.6243014	.1989035	0
934.15	0	.1802863	.6207541	.1989597	0
933.15	0	.1837716	.6172137	.1990147	0
932.15	0	.1872506	.613681	.1990684	0
931.15	0	.1907226	.6101565	.1991209	0
930.15	0	.194187	.6066409	.1991721	0
929.15	0	.1976432	.6031348	.199222	0
928.15	0	.2010906	.5996387	.1992707	0
927.15	0	.2045288	.5961531	.1993181	0
926.15	0	.2079572	.5926785	.1993643	0
925.15	0	.2113753	.5892156	.1994091	0
924.15	0	.2147827	.5857647	.1994527	0
923.15	0	.2181788	.5823263	.1994949	0
922.15	0	.2215633	.5789008	.1995359	0
921.15	0	.2249357	.5754888	.1995755	0
920.15	0	.2282956	.5720905	.1996139	0
919.15	0	.2316427	.5687064	.1996509	0
918.15	0	.2349764	.565337	.1996866	0
917.15	0	.2382966	.5619824	.199721	0
916.15	0	.2416027	.5586432	.1997541	0
915.15	0	.2448946	.5553196	.1997858	0
914.15	0	.2481718	.552012	.1998162	0
913.15	0	.2514341	.5487207	.1998452	0
912.15	0	.2546811	.545446	.1998729	0
911.15	0	.2579125	.5421882	.1998993	0
910.15	0	.2611282	.5389475	.1999243	0
909.15	0	.2643277	.5357244	.199948	0
908.15	0	.2675109	.5325189	.1999703	0
907.15	0	.2706774	.5293313	.1999912	0
906.15	0	.2738272	.526162	.2000108	0
905.15	0	.2769598	.5230112	.200029	0
904.15	0	.2800752	.519879	.2000459	0
903.15	0	.283173	.5167656	.2000614	0
902.15	0	.2862531	.5136714	.2000755	0
901.15	0	.2893153	.5105965	.2000882	0
900.15	0	.2923593	.507541	.2000996	0
899.15	0	.2953851	.5045053	.2001097	0
898.15	0	.2983923	.5014894	.2001184	0
897.15	0	.3013809	.4984935	.2001257	0
896.15	0	.3043506	.4955178	.2001316	0
895.15	0	.3073014	.4925624	.2001362	0
894.15	0	.310233	.4896276	.2001394	0
893.15	0	.3131453	.4867134	.2001413	0
892.15	0	.3160381	.4838201	.2001418	0
891.15	0	.3189114	.4809477	.2001409	0
890.15	0	.3217649	.4780963	.2001388	0
889.15	0	.3245986	.4752661	.2001352	0
888.15	0	.3274124	.4724572	.2001304	0
887.15	0	.330206	.4696698	.2001242	0
886.15	0	.3329794	.4669039	.2001167	0
885.15	0	.3357325	.4641596	.2001079	0
884.15	0	.3384652	.4614371	.2000977	0
883.15	0	.3411774	.4587364	.2000863	0
882.15	0	.3438689	.4560576	.2000735	0
881.15	0	.3465398	.4534008	.2000595	0
880.15	0	.3491898	.4507661	.2000442	0
879.15	0	.3518189	.4481535	.2000276	0
878.15	0	.3544271	.4455632	.2000097	0
877.15	0	.3570143	.4429951	.1999906	0
876.15	0	.3595803	.4404494	.1999703	0
875.15	0	.3621252	.4379261	.1999487	0
874.15	0	.3646489	.4354252	.1999259	0
873.15	0	.3671513	.4329468	.1999019	0
872.15	0	.3696323	.4304909	.1998768	0
871.15	0	.372092	.4280576	.1998504	0
870.15	0	.3745303	.4256468	.1998229	0
869.15	0	.3769471	.4232587	.1997942	0
868.15	0	.3793425	.4208932	.1997644	0
867.15	0	.3817163	.4185503	.1997334	0
866.15	0	.3840687	.41623	.1997013	0
865.15	0	.3863995	.4139324	.1996682	0
864.15	0	.3887087	.4116573	.1996339	0
863.15	0	.3909965	.4094049	.1995986	0
862.15	0	.3932626	.4071751	.1995623	0
861.15	0	.3955073	.4049679	.1995249	0
860.15	0	.3977304	.4027832	.1994865	0
859.15	0	.399932	.400621	.1994471	0
858.15	0	.4021121	.3984812	.1994067	0
857.15	0	.4042708	.3963639	.1993653	0
856.15	0	.4064081	.394269	.199323	0
855.15	0	.408524	.3921963	.1992798	0
854.15	0	.4106185	.3901459	.1992356	0
853.15	0	.4126918	.3881176	.1991906	0
852.15	0	.4147439	.3861114	.1991446	0
851.15	0	.4167749	.3841273	.1990979	0
850.15	0	.4187848	.382165	.1990502	0
849.15	0	.4207737	.3802246	.1990018	0
848.15	0	.4227416	.3783059	.1989525	0
847.15	0	.4246888	.3764088	.1989024	0
846.15	0	.4266152	.3745333	.1988516	0
845.15	0	.428521	.3726791	.1988	0
844.15	0	.4304062	.3708462	.1987476	0
843.15	0	.432271	.3690344	.1986946	0
842.15	0	.4341155	.3672437	.1986408	0
841.15	0	.4359398	.3654738	.1985864	0
840.15	0	.4377441	.3637247	.1985312	0
839.15	0	.4395284	.3619962	.1984754	0
838.15	0	.4412929	.3602881	.198419	0
837.15	0	.4430378	.3586003	.1983619	0
836.15	0	.4447631	.3569326	.1983043	0
835.15	0	.446469	.3552849	.198246	0
834.15	0	.4481558	.3536571	.1981872	0
833.15	0	.4498234	.3520488	.1981278	0
832.15	0	.4514722	.35046	.1980678	0
831.15	0	.4531021	.3488905	.1980073	0
830.15	0	.4547135	.3473402	.1979463	0
829.15	0	.4563065	.3458087	.1978848	0
828.15	0	.4578813	.344296	.1978227	0
827.15	0	.4594379	.3428019	.1977602	0
826.15	0	.4609766	.3413261	.1976972	0
825.15	0	.4624977	.3398686	.1976338	0
824.9015	0	.4628728	.3395092	.197618	0
824.9015	0	.4628728	.3395092	.197618	0
824.9015	0	.4628728	.3395092	.197618	0
824.15	0	.4690311	.3320646	.1958715	.003032897
823.15	0	.4770042	.3224032	.193591	.007001655
822.15	0	.4847339	.313011	.1913587	.01089641
821.15	0	.4922293	.3038782	.189173	.0147195
820.15	0	.4994993	.2949953	.1870323	.01847312
819.15	0	.5065519	.2863532	.1849355	.02215939
818.15	0	.5133952	.2779435	.182881	.02578032
817.15	0	.5200367	.2697579	.1808676	.02933783
816.15	0	.5264835	.2617886	.1788942	.03283374
815.15	0	.5327423	.2540284	.1769595	.0362698
814.15	0	.5388199	.24647	.1750625	.03964768
813.15	0	.5447222	.2391067	.173202	.04296898
812.15	0	.5504554	.2319322	.1713772	.04623523
811.15	0	.556025	.2249402	.1695869	.04944789
810.15	0	.5614366	.2181248	.1678303	.05260838
809.15	0	.5666951	.2114804	.1661064	.05571802
808.15	0	.5718058	.2050016	.1644145	.05877812
807.15	0	.5767733	.1986832	.1627536	.06178992
806.15	0	.5816021	.1925203	.161123	.0647546
805.15	0	.5862967	.1865081	.1595219	.06767332
804.15	0	.5908613	.180642	.1579495	.07054717
803.15	0	.5952998	.1749177	.1564052	.07337722
802.15	0	.5996163	.169331	.1548883	.07616448
801.15	0	.6038143	.1638777	.153398	.07890995
800.15	0	.6078975	.1585541	.1519339	.08161457
799.15	0	.6118693	.1533564	.1504951	.08427926
798.15	0	.615733	.1482809	.1490812	.08690489
797.15	0	.6194918	.1433242	.1476916	.08949234
796.15	0	.6231488	.138483	.1463257	.09204241
795.15	0	.626707	.1337541	.144983	.09455591
794.15	0	.6301692	.1291343	.143663	.09703361
793.15	0	.6335381	.1246206	.142365	.09947625
792.15	0	.6368164	.1202102	.1410888	.1018846
791.15	0	.6400068	.1159003	.1398337	.1042593
790.15	0	.6431116	.1116882	.1385993	.106601
789.15	0	.6461332	.1075712	.1373852	.1089104
788.15	0	.649074	.1035469	.1361909	.1111882
787.15	0	.6519362	.09961281	.135016	.113435
786.15	0	.654722	.09576658	.1338601	.1156513
785.15	0	.6574335	.09200593	.1327228	.1178378
784.15	0	.6600726	.08832865	.1316037	.119995
783.15	0	.6626414	.08473261	.1305025	.1221235
782.15	0	.6651418	.08121572	.1294186	.1242238
781.15	0	.6675756	.07777597	.1283519	.1262965
780.15	0	.6699446	.07441143	.1273019	.1283421
779.15	0	.6722505	.0711202	.1262684	.1303609
778.15	0	.674495	.06790043	.1252508	.1323537
777.15	0	.6766798	.06475035	.124249	.1343208
776.15	0	.6788065	.06166824	.1232627	.1362626
775.15	0	.6808765	.0586524	.1222914	.1381797
774.15	0	.6828914	.0557012	.121335	.1400724
773.15	0	.6848526	.05281305	.120393	.1419413
772.15	0	.6867616	.04998641	.1194653	.1437867
771.15	0	.6886197	.04721979	.1185515	.1456091
770.15	0	.6904282	.0445117	.1176513	.1474088
769.15	0	.6921885	.04186075	.1167645	.1491862
768.15	0	.6939018	.03926553	.1158909	.1509418
767.15	0	.6955694	.0367247	.11503	.1526758
766.15	0	.6971924	.03423696	.1141818	.1543888
765.15	0	.6987721	.03180101	.1133459	.156081
764.15	0	.7003094	.02941562	.1125222	.1577528
763.15	0	.7018057	.02707957	.1117102	.1594046
762.15	0	.7032618	.02479168	.1109099	.1610366
761.15	0	.704679	.02255079	.110121	.1626492
760.15	0	.7060581	.02035579	.1093432	.1642429
759.15	0	.7074002	.01820557	.1085764	.1658178
758.15	0	.7087063	.01609907	.1078203	.1673743
757.15	0	.7099773	.01403524	.1070748	.1689127
756.15	0	.7112142	.01201307	.1063395	.1704333
755.15	0	.7124177	.01003157	.1056143	.1719364
754.15	0	.7135889	.008089757	.104899	.1734223
753.15	0	.7147285	.006186702	.1041934	.1748914
752.15	0	.7158374	.004321478	.1034973	.1763438
751.15	0	.7169165	.002493186	.1028105	.1777798
750.15	0	.7179664	7.009497E-04	.1021329	.1791999
749.7534	0	.7183748	0	.1018666	.1797586
749.7534	0	.7183748	0	.1018666	.1797586
749.15	0	.7183001	0	.1017467	.1799531
748.15	0	.7181769	0	.1015486	.1802745
747.15	0	.7180542	0	.1013511	.1805947
746.15	0	.7179321	0	.1011542	.1809136
745.15	0	.7178107	0	.100958	.1812314
744.15	0	.7176898	0	.1007623	.1815479
743.15	0	.7175696	0	.1005672	.1818632
742.15	0	.7174499	0	.1003728	.1821773
741.15	0	.7173308	0	.100179	.1824902
740.15	0	.7172123	0	.09998576	.1828019
739.15	0	.7170944	0	.09979315	.1831125
738.15	0	.716977	0	.09960116	.1834218
737.15	0	.7168603	0	.09940977	.18373
736.15	0	.7167441	0	.099219	.1840369
735.15	0	.7166284	0	.09902883	.1843427
734.15	0	.7165134	0	.09883928	.1846473
733.15	0	.7163989	0	.09865034	.1849508
732.15	0	.716285	0	.09846201	.1852531
731.15	0	.7161716	0	.09827428	.1855542
730.15	0	.7160587	0	.09808717	.1858541
729.15	0	.7159465	0	.09790066	.1861529
728.15	0	.7158347	0	.09771477	.1864505
727.15	0	.7157235	0	.09752948	.186747
726.15	0	.7156129	0	.09734481	.1870423
725.15	0	.7155028	0	.09716074	.1873365
724.15	0	.7153932	0	.09697728	.1876295
723.15	0	.7152842	0	.09679443	.1879214
722.15	0	.7151756	0	.09661219	.1882122
721.15	0	.7150677	0	.09643056	.1885018
720.15	0	.7149602	0	.09624953	.1887903
719.15	0	.7148533	0	.09606911	.1890776
718.15	0	.7147469	0	.0958893	.1893638
717.15	0	.714641	0	.0957101	.1896489
716.15	0	.7145356	0	.09553151	.1899329
715.15	0	.7144307	0	.09535352	.1902157
714.15	0	.7143264	0	.09517614	.1904975
713.15	0	.7142225	0	.09499937	.1907781
712.15	0	.7141192	0	.09482321	.1910576
711.15	0	.7140164	0	.09464765	.191336
710.15	0	.713914	0	.0944727	.1916133
709.15	0	.7138122	0	.09429836	.1918895
708.15	0	.7137109	0	.09412462	.1921645
707.15	0	.71361	0	.09395149	.1924385
706.15	0	.7135097	0	.09377897	.1927114
705.15	0	.7134098	0	.09360705	.1929831
704.15	0	.7133104	0	.09343574	.1932538
703.15	0	.7132116	0	.09326503	.1935234
702.15	0	.7131132	0	.09309494	.1937919
701.15	0	.7130152	0	.09292544	.1940593
700.15	0	.7129178	0	.09275656	.1943256
699.15	0	.7128208	0	.09258828	.1945909
698.15	0	.7127244	0	.09242061	.194855
697.15	0	.7126283	0	.09225354	.1951181
696.15	0	.7125328	0	.09208707	.1953801
695.15	0	.7124377	0	.09192122	.1956411
694.15	0	.7123431	0	.09175597	.1959009
693.15	0	.712249	0	.09159132	.1961597
692.15	0	.7121553	0	.09142728	.1964174
691.15	0	.7120621	0	.09126384	.196674
690.15	0	.7119694	0	.09110101	.1969296
689.15	0	.7118771	0	.09093879	.1971841
688.15	0	.7117852	0	.09077717	.1974376
687.15	0	.7116939	0	.09061615	.19769
686.15	0	.7116029	0	.09045574	.1979413
685.15	0	.7115125	0	.09029594	.1981916
684.15	0	.7114225	0	.09013673	.1984408
683.15	0	.7113329	0	.08997814	.198689
682.15	0	.7112438	0	.08982014	.1989361
681.15	0	.7111551	0	.08966275	.1991822
680.15	0	.7110668	0	.08950597	.1994272
679.15	0	.710979	0	.08934979	.1996712
678.15	0	.7108917	0	.08919422	.1999141
677.15	0	.7108047	0	.08903924	.200156
676.15	0	.7107183	0	.08888488	.2003969
675.15	0	.7106322	0	.08873111	.2006367
674.15	0	.7105466	0	.08857795	.2008755
673.15	0	.7104614	0	.08842539	.2011132
672.15	0	.7103767	0	.08827344	.2013499
671.15	0	.7102924	0	.08812209	.2015856
670.15	0	.7102085	0	.08797134	.2018202
669.15	0	.710125	0	.08782119	.2020538
668.15	0	.7100419	0	.08767165	.2022864
667.15	0	.7099593	0	.08752271	.202518
666.15	0	.7098771	0	.08737438	.2027485
665.15	0	.7097953	0	.08722664	.202978
664.15	0	.709714	0	.08707951	.2032065
663.15	0	.709633	0	.08693298	.203434
662.15	0	.7095525	0	.08678705	.2036605
661.15	0	.7094724	0	.08664173	.2038859
660.15	0	.7093927	0	.086497	.2041103
659.15	0	.7093134	0	.08635288	.2043337
658.15	0	.7092345	0	.08620936	.2045561
657.15	0	.709156	0	.08606644	.2047775
656.15	0	.709078	0	.08592412	.2049979
655.15	0	.7090003	0	.08578241	.2052173
654.15	0	.7089231	0	.08564129	.2054357
653.15	0	.7088462	0	.08550078	.205653
652.15	0	.7087698	0	.08536086	.2058694
651.15	0	.7086937	0	.08522154	.2060848
650.15	0	.7086181	0	.08508283	.2062991
649.15	0	.7085428	0	.08494471	.2065125
648.15	0	.708468	0	.0848072	.2067248
647.15	0	.7083935	0	.08467028	.2069362
646.15	0	.7083194	0	.08453397	.2071466
645.15	0	.7082458	0	.08439825	.207356
644.15	0	.7081725	0	.08426313	.2075644
643.15	0	.7080996	0	.08412861	.2077718
642.15	0	.7080271	0	.08399468	.2079782
641.15	0	.707955	0	.08386136	.2081836
640.15	0	.7078833	0	.08372863	.2083881
639.15	0	.7078119	0	.0835965	.2085915
638.15	0	.707741	0	.08346497	.208794
637.15	0	.7076704	0	.08333404	.2089955
636.15	0	.7076003	0	.0832037	.209196
635.15	0	.7075305	0	.08307396	.2093956
634.15	0	.707461	0	.08294481	.2095942
633.15	0	.707392	0	.08281626	.2097917
632.15	0	.7073233	0	.08268831	.2099884
631.15	0	.707255	0	.08256095	.210184
630.15	0	.7071871	0	.08243419	.2103787
629.15	0	.7071196	0	.08230802	.2105724
628.15	0	.7070524	0	.08218244	.2107651
627.15	0	.7069856	0	.08205746	.2109569
626.15	0	.7069192	0	.08193307	.2111477
625.15	0	.7068532	0	.08180928	.2113376
624.15	0	.7067875	0	.08168608	.2115265
623.15	0	.7067222	0	.08156347	.2117144
622.15	0	.7066572	0	.08144145	.2119013
621.15	0	.7065926	0	.08132003	.2120873
620.15	0	.7065284	0	.08119919	.2122724
619.15	0	.7064646	0	.08107895	.2124565
618.15	0	.7064011	0	.0809593	.2126396
617.15	0	.7063379	0	.08084024	.2128218
616.15	0	.7062752	0	.08072176	.2130031
615.15	0	.7062128	0	.08060388	.2131834
614.15	0	.7061507	0	.08048658	.2133627
613.15	0	.706089	0	.08036988	.2135411
612.15	0	.7060277	0	.08025376	.2137186
611.15	0	.7059667	0	.08013823	.2138951
610.15	0	.7059061	0	.08002328	.2140707
609.15	0	.7058458	0	.07990892	.2142453
608.15	0	.7057858	0	.07979515	.214419
607.15	0	.7057263	0	.07968196	.2145918
606.15	0	.705667	0	.07956936	.2147636
605.15	0	.7056082	0	.07945734	.2149345
604.15	0	.7055496	0	.07934591	.2151045
603.15	0	.7054915	0	.07923506	.2152735
602.15	0	.7054336	0	.07912479	.2154416
601.15	0	.7053761	0	.0790151	.2156088
600.15	0	.705319	0	.078906	.215775
599.15	0	.7052622	0	.07879747	.2159404
598.15	0	.7052057	0	.07868953	.2161048
597.15	0	.7051496	0	.07858216	.2162683
596.15	0	.7050938	0	.07847537	.2164308
595.15	0	.7050383	0	.07836917	.2165925
594.15	0	.7049832	0	.07826354	.2167532
593.15	0	.7049285	0	.07815848	.2169131
592.15	0	.704874	0	.07805401	.217072
591.15	0	.7048199	0	.07795011	.21723
590.15	0	.7047662	0	.07784678	.2173871
589.15	0	.7047127	0	.07774403	.2175433
588.15	0	.7046596	0	.07764185	.2176985
587.15	0	.7046068	0	.07754024	.2178529
586.15	0	.7045544	0	.07743921	.2180064
585.15	0	.7045023	0	.07733875	.218159
584.15	0	.7044505	0	.07723885	.2183107
583.15	0	.704399	0	.07713953	.2184614
582.15	0	.7043479	0	.07704078	.2186113
581.15	0	.7042971	0	.07694259	.2187603
580.15	0	.7042466	0	.07684497	.2189084
579.15	0	.7041964	0	.07674792	.2190557
578.15	0	.7041466	0	.07665143	.219202
577.15	0	.7040971	0	.07655551	.2193474
576.15	0	.7040479	0	.07646015	.219492
575.15	0	.703999	0	.07636536	.2196357
574.15	0	.7039504	0	.07627112	.2197785
573.15	0	.7039022	0	.07617745	.2199204
572.15	0	.7038542	0	.07608434	.2200614
571.15	0	.7038066	0	.07599179	.2202016
570.15	0	.7037593	0	.07589979	.2203409
569.15	0	.7037123	0	.07580836	.2204794
568.15	0	.7036656	0	.07571748	.2206169
567.15	0	.7036192	0	.07562715	.2207536
566.15	0	.7035732	0	.07553738	.2208895
565.15	0	.7035274	0	.07544816	.2210244
564.15	0	.703482	0	.0753595	.2211585
563.15	0	.7034368	0	.07527139	.2212918
562.15	0	.703392	0	.07518382	.2214242
561.15	0	.7033475	0	.07509681	.2215557
560.15	0	.7033032	0	.07501034	.2216864
559.15	0	.7032593	0	.07492443	.2218163
558.15	0	.7032157	0	.07483905	.2219453
557.15	0	.7031724	0	.07475423	.2220734
556.15	0	.7031294	0	.07466994	.2222007
555.15	0	.7030866	0	.0745862	.2223272
554.15	0	.7030442	0	.074503	.2224528
553.15	0	.7030021	0	.07442034	.2225776
552.15	0	.7029602	0	.07433822	.2227015
551.15	0	.7029187	0	.07425664	.2228247
550.15	0	.7028775	0	.07417559	.222947
549.15	0	.7028365	0	.07409508	.2230684
548.15	0	.7027958	0	.07401511	.223189
547.15	0	.7027555	0	.07393566	.2233089
546.15	0	.7027154	0	.07385675	.2234279
545.15	0	.7026756	0	.07377837	.223546
544.15	0	.7026361	0	.07370052	.2236634
543.15	0	.7025969	0	.07362319	.2237799
542.15	0	.7025579	0	.0735464	.2238957
541.15	0	.7025193	0	.07347012	.2240106
540.15	0	.7024809	0	.07339437	.2241247
539.15	0	.7024428	0	.07331915	.224238
538.15	0	.702405	0	.07324444	.2243505
537.15	0	.7023675	0	.07317025	.2244622
536.15	0	.7023303	0	.07309659	.2245731
535.15	0	.7022933	0	.07302343	.2246833
534.15	0	.7022566	0	.0729508	.2247926
533.15	0	.7022202	0	.07287868	.2249011
532.15	0	.7021841	0	.07280707	.2250089
531.15	0	.7021482	0	.07273597	.2251158
530.15	0	.7021126	0	.07266538	.225222
529.15	0	.7020773	0	.0725953	.2253274
528.15	0	.7020422	0	.07252573	.225432
527.15	0	.7020074	0	.07245666	.2255359
526.15	0	.7019729	0	.07238809	.225639
525.15	0	.7019387	0	.07232003	.2257413
524.15	0	.7019047	0	.07225246	.2258428
523.15	0	.701871	0	.0721854	.2259436
522.15	0	.7018376	0	.07211883	.2260436
521.15	0	.7018044	0	.07205276	.2261429
520.15	0	.7017715	0	.07198718	.2262414
519.15	0	.7017388	0	.07192209	.2263391
518.15	0	.7017064	0	.07185749	.2264361
517.15	0	.7016742	0	.07179339	.2265324
516.15	0	.7016424	0	.07172977	.2266279
515.15	0	.7016107	0	.07166663	.2267226
514.15	0	.7015794	0	.07160398	.2268167
513.15	0	.7015482	0	.07154181	.2269099
512.15	0	.7015174	0	.07148012	.2270025
511.15	0	.7014868	0	.07141891	.2270943
510.15	0	.7014564	0	.07135818	.2271854
509.15	0	.7014263	0	.07129792	.2272758
508.15	0	.7013964	0	.07123814	.2273654
507.15	0	.7013668	0	.07117883	.2274544
506.15	0	.7013374	0	.07111998	.2275426
505.15	0	.7013083	0	.07106161	.2276301
504.15	0	.7012794	0	.0710037	.2277169
503.15	0	.7012508	0	.07094625	.227803
502.15	0	.7012224	0	.07088927	.2278883
501.15	0	.7011943	0	.07083274	.227973
500.15	0	.7011663	0	.07077668	.228057
499.15	0	.7011387	0	.07072107	.2281403
498.15	0	.7011112	0	.07066592	.2282229
497.15	0	.701084	0	.07061122	.2283048
496.15	0	.7010571	0	.07055697	.228386
495.15	0	.7010303	0	.07050317	.2284665
494.15	0	.7010038	0	.07044982	.2285464
493.15	0	.7009776	0	.07039691	.2286255
492.15	0	.7009515	0	.07034444	.228704
491.15	0	.7009257	0	.07029242	.2287819
490.15	0	.7009002	0	.07024083	.228859
489.15	0	.7008748	0	.07018968	.2289355
488.15	0	.7008497	0	.07013897	.2290114
487.15	0	.7008248	0	.07008869	.2290865
486.15	0	.7008001	0	.07003884	.2291611
485.15	0	.7007757	0	.06998942	.2292349
484.15	0	.7007514	0	.06994042	.2293082
483.15	0	.7007274	0	.06989185	.2293807
482.15	0	.7007036	0	.06984371	.2294527
481.15	0	.70068	0	.06979598	.229524
480.15	0	.7006567	0	.06974867	.2295946
479.15	0	.7006336	0	.06970178	.2296647
478.15	0	.7006106	0	.0696553	.2297341
477.15	0	.7005879	0	.06960924	.2298029
476.15	0	.7005654	0	.06956358	.229871
475.15	0	.7005431	0	.06951833	.2299386
474.15	0	.700521	0	.06947349	.2300055
473.15	0	.7004992	0	.06942905	.2300718
472.15	0	.7004775	0	.06938501	.2301375
471.15	0	.700456	0	.06934137	.2302026
470.15	0	.7004348	0	.06929813	.2302671
469.15	0	.7004137	0	.06925528	.230331
468.15	0	.7003929	0	.06921282	.2303943
467.15	0	.7003722	0	.06917076	.230457
466.15	0	.7003518	0	.06912908	.2305191
465.15	0	.7003315	0	.06908779	.2305807
464.15	0	.7003115	0	.06904688	.2306417
463.15	0	.7002916	0	.06900635	.230702
462.15	0	.700272	0	.0689662	.2307618
461.15	0	.7002525	0	.06892642	.2308211
460.15	0	.7002332	0	.06888702	.2308798
459.15	0	.7002141	0	.068848	.2309379
458.15	0	.7001952	0	.06880934	.2309954
457.15	0	.7001765	0	.06877105	.2310524
456.15	0	.700158	0	.06873312	.2311089
455.15	0	.7001397	0	.06869556	.2311648
454.15	0	.7001215	0	.06865836	.2312201
453.15	0	.7001036	0	.06862151	.2312749
452.15	0	.7000858	0	.06858502	.2313292
451.15	0	.7000682	0	.06854889	.2313829
450.15	0	.7000508	0	.0685131	.2314361
449.15	0	.7000336	0	.06847767	.2314888
448.15	0	.7000165	0	.06844259	.2315409
447.15	0	.6999996	0	.06840786	.2315925
446.15	0	.6999829	0	.06837347	.2316436
445.15	0	.6999664	0	.06833943	.2316942
444.15	0	.6999501	0	.06830572	.2317442
443.15	0	.6999339	0	.06827235	.2317938
442.15	0	.6999179	0	.06823932	.2318428
441.15	0	.6999021	0	.06820663	.2318913
440.15	0	.6998864	0	.06817427	.2319393
439.15	0	.6998709	0	.06814224	.2319869
438.15	0	.6998556	0	.06811054	.2320339
437.15	0	.6998404	0	.06807917	.2320804
436.15	0	.6998254	0	.06804813	.2321264
435.15	0	.6998106	0	.06801741	.232172
434.15	0	.699796	0	.06798701	.232217
433.15	0	.6997815	0	.06795693	.2322616
432.15	0	.6997671	0	.06792717	.2323057
431.15	0	.699753	0	.06789772	.2323493
430.15	0	.6997389	0	.06786859	.2323925
429.15	0	.6997251	0	.06783976	.2324352
428.15	0	.6997114	0	.06781124	.2324774
427.15	0	.6996979	0	.06778303	.2325191
426.15	0	.6996845	0	.06775512	.2325604
425.15	0	.6996712	0	.06772752	.2326013
424.15	0	.6996581	0	.06770021	.2326417
423.15	0	.6996452	0	.06767319	.2326816
