T	 BPW(LIQUID)	BPW(BCC_A2)	BPW(FCC_A1)	BPW(LAVES_PHASE_C14)	BPW(NI3TI)
1473.15	0	1	0	0	0
1472.15	0	1	0	0	0
1471.15	0	1	0	0	0
1470.15	0	1	0	0	0
1469.15	0	1	0	0	0
1468.15	0	1	0	0	0
1467.15	0	1	0	0	0
1466.15	0	1	0	0	0
1465.15	0	1	0	0	0
1464.15	0	1	0	0	0
1463.15	0	1	0	0	0
1462.15	0	1	0	0	0
1461.15	0	1	0	0	0
1460.15	0	1	0	0	0
1459.15	0	1	0	0	0
1458.15	0	1	0	0	0
1457.15	0	1	0	0	0
1456.15	0	1	0	0	0
1455.15	0	1	0	0	0
1454.15	0	1	0	0	0
1453.15	0	1	0	0	0
1452.15	0	1	0	0	0
1451.15	0	1	0	0	0
1450.15	0	1	0	0	0
1449.15	0	1	0	0	0
1448.15	0	1	0	0	0
1447.15	0	1	0	0	0
1446.15	0	1	0	0	0
1445.15	0	1	0	0	0
1444.15	0	1	0	0	0
1443.15	0	1	0	0	0
1442.15	0	1	0	0	0
1441.15	0	1	0	0	0
1440.15	0	1	0	0	0
1439.15	0	1	0	0	0
1438.15	0	1	0	0	0
1437.15	0	1	0	0	0
1436.15	0	1	0	0	0
1435.15	0	1	0	0	0
1434.15	0	1	0	0	0
1433.15	0	1	0	0	0
1432.15	0	1	0	0	0
1431.15	0	1	0	0	0
1430.15	0	1	0	0	0
1429.15	0	1	0	0	0
1428.15	0	1	0	0	0
1427.15	0	1	0	0	0
1426.15	0	1	0	0	0
1425.15	0	1	0	0	0
1424.15	0	1	0	0	0
1423.15	0	1	0	0	0
1422.15	0	1	0	0	0
1421.15	0	1	0	0	0
1420.15	0	1	0	0	0
1419.15	0	1	0	0	0
1418.15	0	1	0	0	0
1417.15	0	1	0	0	0
1416.15	0	1	0	0	0
1415.15	0	1	0	0	0
1414.15	0	1	0	0	0
1413.15	0	1	0	0	0
1412.15	0	1	0	0	0
1411.15	0	1	0	0	0
1410.15	0	1	0	0	0
1409.15	0	1	0	0	0
1408.15	0	1	0	0	0
1407.15	0	1	0	0	0
1406.15	0	1	0	0	0
1405.15	0	1	0	0	0
1404.15	0	1	0	0	0
1403.15	0	1	0	0	0
1402.15	0	1	0	0	0
1401.15	0	1	0	0	0
1400.15	0	1	0	0	0
1399.15	0	1	0	0	0
1398.15	0	1	0	0	0
1397.15	0	1	0	0	0
1396.15	0	1	0	0	0
1395.15	0	1	0	0	0
1394.15	0	1	0	0	0
1393.15	0	1	0	0	0
1392.15	0	1	0	0	0
1391.15	0	1	0	0	0
1390.15	0	1	0	0	0
1389.15	0	1	0	0	0
1388.15	0	1	0	0	0
1387.15	0	1	0	0	0
1386.15	0	1	0	0	0
1385.15	0	1	0	0	0
1384.15	0	1	0	0	0
1383.15	0	1	0	0	0
1382.15	0	1	0	0	0
1381.15	0	1	0	0	0
1380.15	0	1	0	0	0
1379.15	0	1	0	0	0
1378.15	0	1	0	0	0
1377.15	0	1	0	0	0
1376.15	0	1	0	0	0
1375.15	0	1	0	0	0
1374.15	0	1	0	0	0
1373.15	0	1	0	0	0
1372.15	0	1	0	0	0
1371.15	0	1	0	0	0
1370.15	0	1	0	0	0
1369.15	0	1	0	0	0
1368.15	0	1	0	0	0
1367.15	0	1	0	0	0
1366.15	0	1	0	0	0
1365.312	0	1	0	0	0
1365.312	0	1	0	0	0
1365.312	0	1	0	0	0
1365.15	0	.9998941	0	1.059041E-04	0
1364.15	0	.99924	0	7.599654E-04	0
1363.15	0	.9985875	0	.001412483	0
1362.15	0	.9979365	0	.002063463	0
1361.15	0	.9972871	0	.002712908	0
1360.15	0	.9966392	0	.003360824	0
1359.15	0	.9959928	0	.004007216	0
1358.15	0	.9953479	0	.004652089	0
1357.15	0	.9947046	0	.005295446	0
1356.15	0	.9940627	0	.005937293	0
1355.15	0	.9934224	0	.006577635	0
1354.15	0	.9927835	0	.007216475	0
1353.15	0	.9921462	0	.007853819	0
1352.15	0	.9915103	0	.008489671	0
1351.15	0	.990876	0	.009124036	0
1350.15	0	.9902431	0	.009756918	0
1349.15	0	.9896117	0	.01038832	0
1348.15	0	.9889817	0	.01101825	0
1347.15	0	.9883533	0	.01164671	0
1346.15	0	.9877263	0	.01227371	0
1345.15	0	.9871007	0	.01289925	0
1344.15	0	.9864767	0	.01352333	0
1343.15	0	.9858541	0	.01414595	0
1342.15	0	.9852329	0	.01476714	0
1341.15	0	.9846131	0	.01538687	0
1340.15	0	.9839948	0	.01600517	0
1339.15	0	.983378	0	.01662204	0
1338.15	0	.9827625	0	.01723748	0
1337.15	0	.9821485	0	.01785149	0
1336.15	0	.9815359	0	.01846408	0
1335.15	0	.9809248	0	.01907525	0
1334.15	0	.980315	0	.01968501	0
1333.15	0	.9797066	0	.02029336	0
1332.15	0	.9790997	0	.0209003	0
1331.15	0	.9784942	0	.02150585	0
1330.15	0	.97789	0	.02211	0
1329.15	0	.9772872	0	.02271276	0
1328.15	0	.9766859	0	.02331413	0
1327.15	0	.9760859	0	.02391411	0
1326.15	0	.9754873	0	.02451272	0
1325.15	0	.97489	0	.02510995	0
1324.15	0	.9742942	0	.02570581	0
1323.15	0	.9736997	0	.0263003	0
1322.15	0	.9731066	0	.02689343	0
1321.15	0	.9725148	0	.02748519	0
1320.15	0	.9719244	0	.02807561	0
1319.15	0	.9713353	0	.02866467	0
1318.15	0	.9707476	0	.02925238	0
1317.15	0	.9701612	0	.02983875	0
1316.15	0	.9695762	0	.03042378	0
1315.15	0	.9689925	0	.03100747	0
1314.15	0	.9684102	0	.03158983	0
1313.15	0	.9678291	0	.03217086	0
1312.15	0	.9672494	0	.03275056	0
1311.15	0	.9666711	0	.03332895	0
1310.15	0	.966094	0	.03390602	0
1309.15	0	.9655182	0	.03448177	0
1308.15	0	.9649438	0	.03505622	0
1307.15	0	.9643706	0	.03562936	0
1306.15	0	.9637988	0	.03620119	0
1305.15	0	.9632283	0	.03677173	0
1304.15	0	.962659	0	.03734098	0
1303.15	0	.9620911	0	.03790893	0
1302.15	0	.9615244	0	.0384756	0
1301.15	0	.960959	0	.03904098	0
1300.15	0	.9603949	0	.03960508	0
1299.15	0	.9598321	0	.0401679	0
1298.15	0	.9592705	0	.04072946	0
1297.15	0	.9587103	0	.04128974	0
1296.15	0	.9581512	0	.04184876	0
1295.15	0	.9575935	0	.04240651	0
1294.15	0	.957037	0	.042963	0
1293.15	0	.9564818	0	.04351825	0
1292.15	0	.9559278	0	.04407223	0
1291.15	0	.955375	0	.04462497	0
1290.15	0	.9548235	0	.04517647	0
1289.15	0	.9542733	0	.04572672	0
1288.15	0	.9537243	0	.04627574	0
1287.15	0	.9531765	0	.04682352	0
1286.15	0	.9526299	0	.04737007	0
1285.15	0	.9520846	0	.04791539	0
1284.15	0	.9515405	0	.04845949	0
1283.15	0	.9509976	0	.04900237	0
1282.15	0	.950456	0	.04954403	0
1281.15	0	.9499155	0	.05008447	0
1280.15	0	.9493763	0	.0506237	0
1279.15	0	.9488383	0	.05116173	0
1278.15	0	.9483014	0	.05169855	0
1277.15	0	.9477658	0	.05223417	0
1276.15	0	.9472314	0	.05276859	0
1275.15	0	.9466982	0	.05330182	0
1274.15	0	.9461661	0	.05383385	0
1273.15	0	.9456353	0	.0543647	0
1272.15	0	.9451056	0	.05489437	0
1271.15	0	.9445772	0	.05542284	0
1270.15	0	.9440499	0	.05595015	0
1269.15	0	.9435237	0	.05647627	0
1268.15	0	.9429988	0	.05700123	0
1267.15	0	.942475	0	.05752501	0
1266.15	0	.9419524	0	.05804763	0
1265.15	0	.9414309	0	.05856908	0
1264.15	0	.9409106	0	.05908937	0
1263.15	0	.9403915	0	.05960851	0
1262.15	0	.9398735	0	.06012649	0
1261.15	0	.9393567	0	.06064333	0
1260.15	0	.938841	0	.06115901	0
1259.15	0	.9383264	0	.06167355	0
1258.15	0	.937813	0	.06218695	0
1257.15	0	.9373008	0	.0626992	0
1256.15	0	.9367897	0	.06321033	0
1255.15	0	.9362797	0	.06372032	0
1254.15	0	.9357708	0	.06422918	0
1253.15	0	.9352631	0	.06473691	0
1252.15	0	.9347565	0	.06524352	0
1251.15	0	.934251	0	.065749	0
1250.15	0	.9337466	0	.06625337	0
1249.15	0	.9332434	0	.06675662	0
1248.15	0	.9327412	0	.06725876	0
1247.15	0	.9322402	0	.0677598	0
1246.15	0	.9317403	0	.06825972	0
1245.15	0	.9312415	0	.06875854	0
1244.15	0	.9307437	0	.06925626	0
1243.15	0	.9302471	0	.06975288	0
1242.15	0	.9297516	0	.0702484	0
1241.15	0	.9292572	0	.07074283	0
1240.15	0	.9287638	0	.07123617	0
1239.15	0	.9282716	0	.07172843	0
1238.15	0	.9277804	0	.0722196	0
1237.15	0	.9272903	0	.07270969	0
1236.15	0	.9268013	0	.07319869	0
1235.15	0	.9263134	0	.07368663	0
1234.15	0	.9258265	0	.07417348	0
1233.15	0	.9253407	0	.07465927	0
1232.15	0	.924856	0	.07514399	0
1231.15	0	.9243724	0	.07562764	0
1230.15	0	.9238898	0	.07611023	0
1229.15	0	.9234082	0	.07659176	0
1228.15	0	.9229278	0	.07707223	0
1227.15	0	.9224484	0	.07755165	0
1226.15	0	.92197	0	.07803001	0
1225.15	0	.9214927	0	.07850733	0
1224.15	0	.9210164	0	.07898359	0
1223.15	0	.9205412	0	.07945881	0
1222.15	0	.920067	0	.07993299	0
1221.15	0	.9195939	0	.08040613	0
1220.15	0	.9191218	0	.08087824	0
1219.15	0	.9186507	0	.0813493	0
1218.15	0	.9181807	0	.08181934	0
1217.15	0	.9177117	0	.08228834	0
1216.15	0	.9172437	0	.08275632	0
1215.15	0	.9167767	0	.08322328	0
1214.15	0	.9163108	0	.08368921	0
1213.15	0	.9158459	0	.08415412	0
1212.15	0	.915382	0	.08461801	0
1211.15	0	.9149191	0	.08508089	0
1210.15	0	.9144572	0	.08554276	0
1209.15	0	.9139964	0	.08600362	0
1208.15	0	.9135365	0	.08646347	0
1207.15	0	.9130777	0	.08692231	0
1206.15	0	.9126199	0	.08738015	0
1205.15	0	.912163	0	.08783699	0
1204.15	0	.9117072	0	.08829284	0
1203.15	0	.9112523	0	.08874768	0
1202.15	0	.9107985	0	.08920153	0
1201.15	0	.9103456	0	.0896544	0
1200.15	0	.9098937	0	.09010627	0
1199.15	0	.9094428	0	.09055716	0
1198.15	0	.9089929	0	.09100706	0
1197.15	0	.908544	0	.09145598	0
1196.15	0	.9080961	0	.09190392	0
1195.15	0	.9076491	0	.09235088	0
1194.15	0	.9072031	0	.09279687	0
1193.15	0	.9067581	0	.09324189	0
1192.15	0	.9063141	0	.09368593	0
1191.15	0	.905871	0	.09412901	0
1190.15	0	.9054289	0	.09457112	0
1189.15	0	.9049877	0	.09501227	0
1188.15	0	.9045476	0	.09545245	0
1187.15	0	.9041083	0	.09589168	0
1186.15	0	.9036701	0	.09632995	0
1185.15	0	.9032327	0	.09676726	0
1184.15	0	.9027964	0	.09720362	0
1183.15	0	.902361	0	.09763903	0
1182.15	0	.9019265	0	.09807349	0
1181.15	0	.901493	0	.098507	0
1180.15	0	.9010604	0	.09893957	0
1179.15	0	.9006288	0	.09937119	0
1178.15	0	.9001981	0	.09980188	0
1177.15	0	.8997684	0	.1002316	0
1176.15	0	.8993396	0	.1006604	0
1175.15	0	.8989117	0	.1010883	0
1174.15	0	.8984847	0	.1015153	0
1173.15	0	.8980587	0	.1019413	0
1172.15	0	.8976336	0	.1023664	0
1171.15	0	.8972095	0	.1027905	0
1170.15	0	.8967862	0	.1032138	0
1169.15	0	.8963639	0	.1036361	0
1168.15	0	.8959425	0	.1040575	0
1167.15	0	.895522	0	.1044779	0
1166.15	0	.8951025	0	.1048975	0
1165.15	0	.8946838	0	.1053162	0
1164.15	0	.8942661	0	.1057339	0
1163.15	0	.8938493	0	.1061507	0
1162.15	0	.8934334	0	.1065666	0
1161.15	0	.8930184	0	.1069816	0
1160.15	0	.8926042	0	.1073958	0
1159.15	0	.892191	0	.107809	0
1158.15	0	.8917787	0	.1082213	0
1157.15	0	.8913673	0	.1086327	0
1156.15	0	.8909568	0	.1090432	0
1155.15	0	.8905472	0	.1094528	0
1154.15	0	.8901385	0	.1098616	0
1153.15	0	.8897306	0	.1102694	0
1152.15	0	.8893237	0	.1106763	0
1151.15	0	.8889176	0	.1110824	0
1150.15	0	.8885124	0	.1114876	0
1149.15	0	.8881082	0	.1118919	0
1148.15	0	.8877047	0	.1122953	0
1147.15	0	.8873022	0	.1126978	0
1146.15	0	.8869006	0	.1130994	0
1145.15	0	.8864998	0	.1135002	0
1144.15	0	.8860999	0	.1139001	0
1143.15	0	.8857009	0	.1142991	0
1142.15	0	.8853027	0	.1146973	0
1141.15	0	.8849054	0	.1150946	0
1140.15	0	.884509	0	.115491	0
1139.15	0	.8841134	0	.1158866	0
1138.15	0	.8837187	0	.1162813	0
1137.15	0	.8833249	0	.1166751	0
1136.15	0	.8829319	0	.1170681	0
1135.15	0	.8825398	0	.1174602	0
1134.15	0	.8821486	0	.1178514	0
1133.15	0	.8817582	0	.1182418	0
1132.15	0	.8813686	0	.1186314	0
1131.15	0	.8809799	0	.1190201	0
1130.15	0	.8805921	0	.1194079	0
1129.15	0	.8802051	0	.1197949	0
1128.15	0	.8798189	0	.1201811	0
1127.15	0	.8794336	0	.1205664	0
1126.15	0	.8790491	0	.1209509	0
1125.15	0	.8786655	0	.1213345	0
1124.15	0	.8782827	0	.1217173	0
1123.15	0	.8779008	0	.1220992	0
1122.15	0	.8775196	0	.1224804	0
1121.15	0	.8771394	0	.1228606	0
1120.15	0	.8767599	0	.1232401	0
1119.15	0	.8763813	0	.1236187	0
1118.15	0	.8760035	0	.1239965	0
1117.15	0	.8756266	0	.1243734	0
1116.15	0	.8752504	0	.1247496	0
1115.15	0	.8748751	0	.1251249	0
1114.15	0	.8745006	0	.1254994	0
1113.15	0	.874127	0	.125873	0
1112.15	0	.8737541	0	.1262459	0
1111.15	0	.8733821	0	.1266179	0
1110.15	0	.8730109	0	.1269891	0
1109.15	0	.8726405	0	.1273595	0
1108.15	0	.8722709	0	.1277291	0
1107.15	0	.8719022	0	.1280978	0
1106.15	0	.8715342	0	.1284658	0
1105.15	0	.8711671	0	.1288329	0
1104.15	0	.8708008	0	.1291993	0
1103.15	0	.8704352	0	.1295648	0
1102.15	0	.8700705	0	.1299295	0
1101.15	0	.8697066	0	.1302934	0
1100.15	0	.8693435	0	.1306566	0
1099.15	0	.8689811	0	.1310189	0
1098.15	0	.8686196	0	.1313804	0
1097.15	0	.8682589	0	.1317411	0
1096.15	0	.867899	0	.132101	0
1095.15	0	.8675398	0	.1324602	0
1094.15	0	.8671815	0	.1328185	0
1093.15	0	.8668239	0	.1331761	0
1092.15	0	.8664672	0	.1335328	0
1091.15	0	.8661112	0	.1338888	0
1090.15	0	.865756	0	.134244	0
1089.15	0	.8654016	0	.1345984	0
1088.15	0	.865048	0	.134952	0
1087.15	0	.8646952	0	.1353048	0
1086.15	0	.8643432	0	.1356569	0
1085.15	0	.8639919	0	.1360081	0
1084.15	0	.8636414	0	.1363586	0
1083.15	0	.8632917	0	.1367083	0
1082.15	0	.8629428	0	.1370572	0
1081.15	0	.8625946	0	.1374054	0
1080.15	0	.8622472	0	.1377528	0
1079.15	0	.8619006	0	.1380994	0
1078.15	0	.8615548	0	.1384452	0
1077.15	0	.8612097	0	.1387903	0
1076.15	0	.8608654	0	.1391346	0
1075.15	0	.8605219	0	.1394782	0
1074.15	0	.8601791	0	.1398209	0
1073.15	0	.8598371	0	.1401629	0
1072.15	0	.8594958	0	.1405042	0
1071.15	0	.8591553	0	.1408447	0
1070.15	0	.8588156	0	.1411844	0
1069.15	0	.8584767	0	.1415234	0
1068.15	0	.8581384	0	.1418616	0
1067.15	0	.857801	0	.142199	0
1066.15	0	.8574643	0	.1425357	0
1065.15	0	.8571284	0	.1428716	0
1064.15	0	.8567932	0	.1432068	0
1063.15	0	.8564587	0	.1435413	0
1062.15	0	.856125	0	.143875	0
1061.15	0	.8557921	0	.1442079	0
1060.15	0	.8554599	0	.1445401	0
1059.15	0	.8551285	0	.1448715	0
1058.15	0	.8547978	0	.1452022	0
1057.15	0	.8544678	0	.1455322	0
1056.15	0	.8541386	0	.1458614	0
1055.15	0	.8538101	0	.1461899	0
1054.15	0	.8534824	0	.1465176	0
1053.15	0	.8531554	0	.1468446	0
1052.15	0	.8528292	0	.1471708	0
1051.15	0	.8525036	0	.1474964	0
1050.15	0	.8521789	0	.1478211	0
1049.15	0	.8518548	0	.1481452	0
1048.15	0	.8515315	0	.1484685	0
1047.15	0	.8512089	0	.1487911	0
1046.15	0	.8508871	0	.1491129	0
1045.15	0	.850566	0	.1494341	0
1044.15	0	.8502456	0	.1497544	0
1043.15	0	.8499259	0	.1500741	0
1042.15	0	.849607	0	.1503931	0
1041.15	0	.8492887	0	.1507113	0
1040.15	0	.8489712	0	.1510288	0
1039.15	0	.8486545	0	.1513455	0
1038.15	0	.8483384	0	.1516616	0
1037.15	0	.8480231	0	.1519769	0
1036.15	0	.8477085	0	.1522915	0
1035.15	0	.8473946	0	.1526054	0
1034.15	0	.8470815	0	.1529185	0
1033.15	0	.846769	0	.153231	0
1032.15	0	.8464573	0	.1535427	0
1031.15	0	.8461462	0	.1538538	0
1030.15	0	.8458359	0	.1541641	0
1029.15	0	.8455263	0	.1544737	0
1028.15	0	.8452175	0	.1547825	0
1027.15	0	.8449093	0	.1550907	0
1026.15	0	.8446018	0	.1553982	0
1025.15	0	.8442951	0	.1557049	0
1024.15	0	.843989	0	.156011	0
1023.15	0	.8436837	0	.1563163	0
1023.036	0	.8436488	0	.1563512	0
1023.036	0	.8436488	0	.1563512	0
1023.036	0	.8436488	0	.1563512	0
1022.15	0	.8427263	6.857561E-04	.156588	0
1021.15	0	.8416878	.001457669	.1568545	0
1020.15	0	.8406527	.00222713	.1571202	0
1019.15	0	.8396208	.002994138	.1573851	0
1018.15	0	.8385921	.003758696	.1576492	0
1017.15	0	.8375668	.004520803	.1579124	0
1016.15	0	.8365447	.005280461	.1581748	0
1015.15	0	.8355259	.006037669	.1584364	0
1014.15	0	.8345104	.006792431	.1586972	0
1013.15	0	.8334981	.007544745	.1589572	0
1012.15	0	.8324891	.008294613	.1592163	0
1011.15	0	.8314834	.009042037	.1594746	0
1010.15	0	.8304809	.009787018	.1597321	0
1009.15	0	.8294817	.01052956	.1599887	0
1008.15	0	.8284858	.01126965	.1602445	0
1007.15	0	.8274932	.01200731	.1604995	0
1006.15	0	.8265038	.01274253	.1607537	0
1005.15	0	.8255177	.01347531	.161007	0
1004.15	0	.8245348	.01420566	.1612595	0
1003.15	0	.8235552	.01493358	.1615112	0
1002.15	0	.8225789	.01565906	.1617621	0
1001.15	0	.8216058	.01638212	.1620121	0
1000.15	0	.820636	.01710275	.1622613	0
999.15	0	.8196695	.01782095	.1625096	0
998.15	0	.8187062	.01853673	.1627571	0
997.15	0	.8177461	.01925009	.1630038	0
996.15	0	.8167893	.01996103	.1632496	0
995.15	0	.8158358	.02066956	.1634946	0
994.15	0	.8148855	.02137567	.1637388	0
993.15	0	.8139385	.02207938	.1639821	0
992.15	0	.8129947	.02278068	.1642246	0
991.15	0	.8120542	.02347957	.1644662	0
990.15	0	.8111169	.02417606	.164707	0
989.15	0	.8101829	.02487016	.164947	0
988.15	0	.8092521	.02556186	.1651861	0
987.15	0	.8083245	.02625117	.1654243	0
986.15	0	.8074002	.02693809	.1656617	0
985.15	0	.8064791	.02762264	.1658983	0
984.15	0	.8055612	.0283048	.166134	0
983.15	0	.8046466	.02898459	.1663688	0
982.15	0	.8037352	.02966201	.1666028	0
981.15	0	.802827	.03033707	.1668359	0
980.15	0	.801922	.03100976	.1670682	0
979.15	0	.8010203	.0316801	.1672996	0
978.15	0	.8001218	.03234809	.1675301	0
977.15	0	.7992265	.03301374	.1677598	0
976.15	0	.7983344	.03367705	.1679886	0
975.15	0	.7974455	.03433802	.1682165	0
974.15	0	.7965598	.03499667	.1684436	0
973.15	0	.7956773	.035653	.1686697	0
972.15	0	.794798	.03630701	.168895	0
971.15	0	.7939219	.03695872	.1691194	0
970.15	0	.7930489	.03760812	.169343	0
969.15	0	.7921792	.03825523	.1695656	0
968.15	0	.7913126	.03890006	.1697873	0
967.15	0	.7904492	.03954261	.1700082	0
966.15	0	.789589	.04018289	.1702282	0
965.15	0	.7887319	.0408209	.1704472	0
964.15	0	.787878	.04145667	.1706654	0
963.15	0	.7870272	.04209019	.1708826	0
962.15	0	.7861796	.04272148	.1710989	0
961.15	0	.7853351	.04335054	.1713144	0
960.15	0	.7844937	.04397739	.1715289	0
959.15	0	.7836555	.04460203	.1717425	0
958.15	0	.7828204	.04522448	.1719551	0
957.15	0	.7819884	.04584474	.1721669	0
956.15	0	.7811595	.04646284	.1723777	0
955.15	0	.7803337	.04707877	.1725876	0
954.15	0	.779511	.04769256	.1727965	0
953.15	0	.7786913	.04830421	.1730045	0
952.15	0	.7778747	.04891374	.1732115	0
951.15	0	.7770612	.04952117	.1734176	0
950.15	0	.7762508	.0501265	.1736228	0
949.15	0	.7754433	.05072974	.1738269	0
948.15	0	.774639	.05133093	.1740301	0
947.15	0	.7738376	.05193006	.1742324	0
946.15	0	.7730392	.05252716	.1744336	0
945.15	0	.7722439	.05312225	.1746339	0
944.15	0	.7714515	.05371533	.1748332	0
943.15	0	.7706621	.05430643	.1750315	0
942.15	0	.7698756	.05489557	.1752288	0
941.15	0	.7690922	.05548276	.1754251	0
940.15	0	.7683116	.05606802	.1756204	0
939.15	0	.767534	.05665138	.1758147	0
938.15	0	.7667592	.05723285	.1760079	0
937.15	0	.7659874	.05781246	.1762001	0
936.15	0	.7652184	.05839022	.1763914	0
935.15	0	.7644523	.05896617	.1765815	0
934.15	0	.7636891	.05954031	.1767706	0
933.15	0	.7629286	.06011269	.1769587	0
932.15	0	.762171	.06068332	.1771457	0
931.15	0	.7614162	.06125222	.1773316	0
930.15	0	.7606641	.06181944	.1775165	0
929.15	0	.7599148	.06238498	.1777002	0
928.15	0	.7591682	.06294889	.1778829	0
927.15	0	.7584243	.06351119	.1780645	0
926.15	0	.7576831	.06407191	.178245	0
925.15	0	.7569446	.06463108	.1784244	0
924.15	0	.7562087	.06518873	.1786026	0
923.15	0	.7554754	.0657449	.1787797	0
922.15	0	.7547447	.06629963	.1789557	0
921.15	0	.7540165	.06685294	.1791305	0
920.15	0	.7532909	.06740488	.1793042	0
919.15	0	.7525678	.06795548	.1794767	0
918.15	0	.7518472	.06850478	.179648	0
917.15	0	.751129	.06905282	.1798182	0
916.15	0	.7504132	.06959965	.1799871	0
915.15	0	.7496999	.07014531	.1801548	0
914.15	0	.7489888	.07068983	.1803214	0
913.15	0	.7482801	.07123327	.1804866	0
912.15	0	.7475736	.07177568	.1806507	0
911.15	0	.7468694	.0723171	.1808135	0
910.15	0	.7461674	.07285758	.180975	0
909.15	0	.7454676	.07339718	.1811352	0
908.15	0	.7447698	.07393595	.1812942	0
907.15	0	.7440742	.07447395	.1814519	0
906.15	0	.7433806	.07501123	.1816082	0
905.15	0	.742689	.07554785	.1817632	0
904.15	0	.7419993	.07608388	.1819169	0
903.15	0	.7413114	.07661937	.1820692	0
902.15	0	.7406255	.0771544	.1822201	0
901.15	0	.7399413	.07768903	.1823697	0
900.15	0	.7392589	.07822333	.1825178	0
899.15	0	.7385781	.07875737	.1826645	0
898.15	0	.7378989	.07929123	.1828098	0
897.15	0	.7372213	.079825	.1829537	0
896.15	0	.7365452	.08035873	.1830961	0
895.15	0	.7358705	.08089253	.1832369	0
894.15	0	.7351972	.08142648	.1833763	0
893.15	0	.7345252	.08196065	.1835142	0
892.15	0	.7338543	.08249516	.1836505	0
891.15	0	.7331847	.08303009	.1837853	0
890.15	0	.732516	.08356554	.1839184	0
889.15	0	.7318484	.08410161	.18405	0
888.15	0	.7311817	.08463841	.1841799	0
887.15	0	.7305157	.08517605	.1843082	0
886.15	0	.7298505	.08571465	.1844348	0
885.15	0	.729186	.08625431	.1845597	0
884.15	0	.7285219	.08679517	.1846829	0
883.15	0	.7278583	.08733735	.1848044	0
882.15	0	.727195	.08788098	.1849241	0
881.15	0	.7265319	.0884262	.1850419	0
880.15	0	.7258689	.08897315	.185158	0
879.15	0	.7252059	.08952198	.1852721	0
878.15	0	.7245427	.09007285	.1853844	0
877.15	0	.7238793	.09062591	.1854948	0
876.15	0	.7232155	.09118133	.1856032	0
875.15	0	.7225511	.09173929	.1857096	0
874.15	0	.721886	.09229995	.185814	0
873.15	0	.7212201	.09286353	.1859164	0
872.15	0	.7205532	.0934302	.1860166	0
871.15	0	.7198851	.09400017	.1861147	0
870.15	0	.7192157	.09457367	.1862106	0
869.15	0	.7185448	.0951509	.1863043	0
868.15	0	.7178721	.09573211	.1863958	0
867.15	0	.7171976	.09631755	.1864849	0
866.15	0	.7165209	.09690746	.1865716	0
865.15	0	.7158419	.09750211	.186656	0
864.15	0	.7151604	.09810179	.1867378	0
863.15	0	.7144761	.09870679	.1868171	0
862.15	0	.7137887	.09931743	.1868939	0
861.15	0	.713098	.09993403	.186968	0
860.15	0	.7124037	.1005569	.1870394	0
859.15	0	.7117055	.1011865	.187108	0
858.15	0	.7110032	.1018231	.1871737	0
857.15	0	.7102963	.1024672	.1872365	0
856.15	0	.7095846	.1031191	.1872963	0
855.15	0	.7088676	.1037794	.187353	0
854.15	0	.708145	.1044485	.1874065	0
853.15	0	.7074163	.1051269	.1874568	0
852.15	0	.7066812	.1058152	.1875036	0
851.15	0	.7059392	.1065139	.1875469	0
850.15	0	.7051897	.1072236	.1875867	0
849.15	0	.7044322	.1079451	.1876227	0
848.15	0	.7035853	.1087686	.1876462	0
847.15	0	.7023331	.1100445	.1876224	0
846.15	0	.7011288	.1112726	.1875985	0
845.15	0	.6999701	.1124553	.1875745	0
844.15	0	.6988548	.1135948	.1875505	0
843.15	0	.6977806	.114693	.1875264	0
842.15	0	.6967458	.1157519	.1875022	0
841.15	0	.6957484	.1167735	.1874781	0
840.15	0	.6947868	.1177594	.1874539	0
839.15	0	.6938591	.1187113	.1874296	0
838.15	0	.6929639	.1196307	.1874054	0
837.15	0	.6920997	.1205192	.1873811	0
836.15	0	.691265	.1213782	.1873568	0
835.15	0	.6904586	.122209	.1873324	0
834.15	0	.6896791	.1230128	.1873081	0
833.15	0	.6889254	.1237909	.1872837	0
832.15	0	.6881964	.1245443	.1872593	0
831.15	0	.6874909	.1252743	.1872348	0
830.15	0	.686808	.1259817	.1872103	0
829.15	0	.6861466	.1266676	.1871858	0
828.15	0	.6855059	.1273329	.1871612	0
827.15	0	.684885	.1279785	.1871365	0
826.15	0	.6842829	.1286053	.1871118	0
825.15	0	.6836991	.1292139	.187087	0
824.15	0	.6831326	.1298052	.1870622	0
823.15	0	.6825828	.1303799	.1870373	0
822.15	0	.6820489	.1309388	.1870123	0
821.15	0	.6815304	.1314823	.1869873	0
820.15	0	.6810266	.1320113	.1869621	0
819.15	0	.6805369	.1325262	.1869369	0
818.15	0	.6800607	.1330277	.1869116	0
817.15	0	.6795975	.1335162	.1868862	0
816.15	0	.6791469	.1339924	.1868607	0
815.15	0	.6787082	.1344566	.1868352	0
814.15	0	.6782811	.1349095	.1868095	0
813.15	0	.677865	.1353513	.1867837	0
812.15	0	.6774595	.1357826	.1867578	0
811.15	0	.6770643	.1362038	.1867319	0
810.15	0	.676679	.1366152	.1867058	0
809.15	0	.6763031	.1370173	.1866796	0
808.15	0	.6759363	.1374104	.1866533	0
807.15	0	.6755783	.1377948	.1866269	0
806.15	0	.6752288	.1381709	.1866004	0
805.15	0	.6748873	.138539	.1865737	0
804.15	0	.6745537	.1388993	.186547	0
803.15	0	.6742276	.1392523	.1865201	0
802.15	0	.6739088	.1395981	.1864932	0
801.15	0	.6735969	.139937	.1864661	0
800.15	0	.6732918	.1402693	.1864389	0
799.15	0	.6729932	.1405952	.1864115	0
798.15	0	.6727009	.140915	.1863841	0
797.15	0	.6724146	.1412289	.1863565	0
796.15	0	.6721342	.141537	.1863288	0
795.15	0	.6718594	.1418396	.186301	0
794.15	0	.6715899	.142137	.1862731	0
793.15	0	.6713258	.1424292	.186245	0
792.15	0	.6710667	.1427165	.1862169	0
791.15	0	.6708125	.142999	.1861886	0
790.15	0	.6705629	.1432769	.1861601	0
789.15	0	.670318	.1435504	.1861316	0
788.15	0	.6700775	.1438196	.186103	0
787.15	0	.6698412	.1440847	.1860742	0
786.15	0	.669609	.1443457	.1860453	0
785.15	0	.6693808	.144603	.1860163	0
784.15	0	.6691564	.1448564	.1859871	0
783.15	0	.6689358	.1451064	.1859579	0
782.15	0	.6687188	.1453528	.1859285	0
781.15	0	.6685052	.1455958	.185899	0
780.15	0	.6682951	.1458356	.1858693	0
779.15	0	.6680881	.1460723	.1858396	0
778.15	0	.6678844	.1463059	.1858097	0
777.15	0	.6676837	.1465366	.1857797	0
776.15	0	.667486	.1467644	.1857496	0
775.15	0	.6672911	.1469895	.1857194	0
774.15	0	.667099	.1472119	.1856891	0
773.15	0	.6669097	.1474317	.1856586	0
772.15	0	.6667229	.1476491	.185628	0
771.15	0	.6665387	.147864	.1855973	0
770.15	0	.6663569	.1480765	.1855665	0
769.15	0	.6661776	.1482868	.1855356	0
768.15	0	.6660005	.1484949	.1855046	0
767.15	0	.6658257	.1487009	.1854734	0
766.15	0	.6656531	.1489048	.1854422	0
765.15	0	.6654826	.1491066	.1854108	0
764.15	0	.6653142	.1493066	.1853793	0
763.15	0	.6651477	.1495046	.1853477	0
762.15	0	.6649832	.1497008	.185316	0
761.15	0	.6648206	.1498952	.1852842	0
760.15	0	.6646599	.1500879	.1852522	0
759.15	0	.6645009	.150279	.1852202	0
758.15	0	.6643436	.1504684	.185188	0
757.15	0	.6641881	.1506562	.1851558	0
756.15	0	.6640341	.1508424	.1851234	0
755.15	0	.6638818	.1510272	.1850909	0
754.15	0	.6637311	.1512106	.1850584	0
753.15	0	.6635818	.1513925	.1850257	0
752.15	0	.6634341	.151573	.1849929	0
751.15	0	.6632877	.1517523	.18496	0
750.15	0	.6631428	.1519302	.184927	0
749.15	0	.6629993	.1521068	.1848939	0
748.15	0	.662857	.1522823	.1848607	0
747.15	0	.6627161	.1524565	.1848274	0
746.15	0	.6625764	.1526296	.184794	0
745.15	0	.662438	.1528015	.1847605	0
744.15	0	.6623007	.1529723	.184727	0
743.15	0	.6621647	.1531421	.1846933	0
742.15	0	.6620313	.1533096	.1846591	0
741.15	0	.6618974	.1534774	.1846252	0
740.15	0	.6617645	.1536442	.1845913	0
739.15	0	.6616328	.15381	.1845572	0
738.15	0	.6615021	.1539748	.1845231	0
737.15	0	.6613724	.1541387	.1844889	0
736.15	0	.6612437	.1543017	.1844546	0
735.15	0	.661116	.1544639	.1844201	0
734.15	0	.6609893	.1546251	.1843856	0
733.15	0	.6608635	.1547855	.1843511	0
732.15	0	.6607385	.1549451	.1843164	0
731.15	0	.6606145	.1551039	.1842816	0
730.15	0	.6604914	.1552619	.1842467	0
729.15	0	.6603691	.1554191	.1842118	0
728.15	0	.6602477	.1555756	.1841768	0
727.15	0	.6601271	.1557313	.1841417	0
726.15	0	.6600072	.1558863	.1841065	0
725.15	0	.6598882	.1560406	.1840712	0
724.15	0	.65977	.1561943	.1840358	0
723.15	0	.6596524	.1563472	.1840004	0
722.15	0	.6595357	.1564995	.1839648	0
721.15	0	.6594196	.1566511	.1839292	0
720.15	0	.6593043	.1568022	.1838935	0
719.15	0	.6591896	.1569526	.1838578	0
718.15	0	.6590757	.1571024	.183822	0
717.15	0	.6589624	.1572516	.1837861	0
716.15	0	.6588498	.1574002	.1837501	0
715.15	0	.6587378	.1575482	.183714	0
714.15	0	.6586264	.1576957	.1836779	0
713.15	0	.6585157	.1578427	.1836417	0
712.15	0	.6584055	.1579891	.1836054	0
711.15	0	.658296	.1581349	.1835691	0
710.15	0	.6581871	.1582803	.1835326	0
709.15	0	.6580787	.1584251	.1834961	0
708.15	0	.6579709	.1585695	.1834596	0
707.15	0	.6578637	.1587133	.183423	0
706.15	0	.657757	.1588567	.1833863	0
705.15	0	.6576509	.1589996	.1833496	0
704.15	0	.6575453	.159142	.1833128	0
703.15	0	.6574402	.159284	.1832759	0
702.15	0	.6573356	.1594254	.1832389	0
701.15	0	.6572315	.1595665	.183202	0
700.15	0	.657128	.1597071	.1831649	0
699.15	0	.6570249	.1598473	.1831278	0
698.15	0	.6569223	.1599871	.1830906	0
697.15	0	.6568202	.1601265	.1830534	0
696.15	0	.6567185	.1602654	.1830161	0
695.15	0	.6566173	.1604039	.1829787	0
694.15	0	.6565166	.160542	.1829413	0
693.15	0	.6564163	.1606798	.1829039	0
692.15	0	.6563165	.1608171	.1828664	0
691.15	0	.6562171	.1609541	.1828288	0
690.15	0	.6561181	.1610907	.1827912	0
689.15	0	.6560196	.1612269	.1827536	0
688.15	0	.6559215	.1613627	.1827159	0
687.15	0	.6558237	.1614982	.1826781	0
686.15	0	.6557264	.1616333	.1826403	0
685.15	0	.6556295	.161768	.1826024	0
684.15	0	.655533	.1619024	.1825645	0
683.15	0	.6554369	.1620365	.1825266	0
682.15	0	.6553412	.1621702	.1824886	0
681.15	0	.6552459	.1623036	.1824506	0
680.15	0	.6551509	.1624366	.1824125	0
679.15	0	.6550563	.1625693	.1823744	0
678.15	0	.6549621	.1627017	.1823362	0
677.15	0	.6548682	.1628337	.182298	0
676.15	0	.6547748	.1629654	.1822598	0
675.15	0	.6546816	.1630968	.1822215	0
674.15	0	.6545889	.1632279	.1821832	0
673.15	0	.6544964	.1633587	.1821449	0
672.15	0	.6544044	.1634892	.1821065	0
671.15	0	.6543126	.1636193	.1820681	0
670.15	0	.6542212	.1637491	.1820296	0
669.15	0	.6541302	.1638787	.1819911	0
668.15	0	.6540394	.1640079	.1819526	0
667.15	0	.653949	.1641369	.1819141	0
666.15	0	.653859	.1642655	.1818755	0
665.15	0	.6537692	.1643939	.1818369	0
664.15	0	.6536798	.1645219	.1817983	0
663.15	0	.6535907	.1646497	.1817596	0
662.15	0	.6535019	.1647772	.1817209	0
661.15	0	.6534134	.1649044	.1816822	0
660.15	0	.6533252	.1650313	.1816435	0
659.15	0	.6532374	.1651579	.1816047	0
658.15	0	.6531498	.1652843	.1815659	0
657.15	0	.6530625	.1654104	.1815271	0
656.15	0	.6529756	.1655362	.1814882	0
655.15	0	.6528889	.1656617	.1814494	0
654.15	0	.6528025	.165787	.1814105	0
653.15	0	.6527165	.1659119	.1813716	0
652.15	0	.6526307	.1660366	.1813327	0
651.15	0	.6525452	.1661611	.1812938	0
650.15	0	.6524599	.1662853	.1812548	0
649.15	0	.652375	.1664092	.1812158	0
648.15	0	.6522904	.1665328	.1811769	0
647.15	0	.652206	.1666562	.1811379	0
646.15	0	.6521219	.1667793	.1810989	0
645.15	0	.6520381	.1669021	.1810598	0
644.15	0	.6519545	.1670247	.1810208	0
643.15	0	.6518712	.167147	.1809817	0
642.15	0	.6517882	.1672691	.1809427	0
641.15	0	.6517055	.1673909	.1809036	0
640.15	0	.651623	.1675125	.1808646	0
639.15	0	.6515408	.1676338	.1808255	0
638.15	0	.6514588	.1677548	.1807864	0
637.15	0	.6513772	.1678756	.1807473	0
636.15	0	.6512957	.1679961	.1807082	0
635.15	0	.6512146	.1681164	.1806691	0
634.15	0	.6511337	.1682364	.18063	0
633.15	0	.651053	.1683562	.1805909	0
632.15	0	.6509726	.1684757	.1805517	0
631.15	0	.6508925	.1685949	.1805126	0
630.15	0	.6508126	.1687139	.1804735	0
629.15	0	.6507329	.1688327	.1804344	0
628.15	0	.6506535	.1689512	.1803953	0
627.15	0	.6505744	.1690695	.1803562	0
626.15	0	.6504955	.1691875	.180317	0
625.15	0	.6504169	.1693052	.1802779	0
624.15	0	.6503385	.1694227	.1802388	0
623.15	0	.6502603	.16954	.1801997	0
622.15	0	.6501824	.169657	.1801606	0
621.15	0	.6501047	.1697738	.1801215	0
620.15	0	.6500273	.1698903	.1800825	0
619.15	0	.6499501	.1700066	.1800434	0
618.15	0	.6498731	.1701226	.1800043	0
617.15	0	.6497964	.1702383	.1799653	0
616.15	0	.6497199	.1703539	.1799262	0
615.15	0	.6496437	.1704692	.1798872	0
614.15	0	.6495676	.1705842	.1798482	0
613.15	0	.6494919	.170699	.1798092	0
612.15	0	.6494163	.1708135	.1797702	0
611.15	0	.649341	.1709278	.1797312	0
610.15	0	.6492659	.1710418	.1796922	0
609.15	0	.6491911	.1711556	.1796533	0
608.15	0	.6491164	.1712692	.1796144	0
607.15	0	.6490421	.1713825	.1795755	0
606.15	0	.6489679	.1714955	.1795366	0
605.15	0	.648894	.1716084	.1794977	0
604.15	0	.6488202	.1717209	.1794588	0
603.15	0	.6487468	.1718332	.17942	0
602.15	0	.6486735	.1719453	.1793812	0
601.15	0	.6486005	.1720571	.1793424	0
600.15	0	.6485277	.1721687	.1793036	0
599.15	0	.6484551	.17228	.1792649	0
598.15	0	.6483827	.1723911	.1792262	0
597.15	0	.6483106	.1725019	.1791875	0
596.15	0	.6482387	.1726125	.1791488	0
595.15	0	.648167	.1727229	.1791102	0
594.15	0	.6480955	.1728329	.1790716	0
593.15	0	.6480243	.1729428	.179033	0
592.15	0	.6479532	.1730523	.1789944	0
591.15	0	.6478824	.1731617	.1789559	0
590.15	0	.6478118	.1732708	.1789174	0
589.15	0	.6477414	.1733796	.1788789	0
588.15	0	.6476713	.1734882	.1788405	0
587.15	0	.6476013	.1735965	.1788021	0
586.15	0	.6475316	.1737046	.1787637	0
585.15	0	.6474621	.1738125	.1787254	0
584.15	0	.6473928	.17392	.1786871	0
583.15	0	.6473238	.1740274	.1786489	0
582.15	0	.6472549	.1741344	.1786107	0
581.15	0	.6471863	.1742413	.1785725	0
580.15	0	.6471178	.1743478	.1785343	0
579.15	0	.6470496	.1744542	.1784962	0
578.15	0	.6469816	.1745602	.1784582	0
577.15	0	.6469138	.174666	.1784201	0
576.15	0	.6468463	.1747716	.1783822	0
575.15	0	.6467789	.1748769	.1783442	0
574.15	0	.6467118	.174982	.1783063	0
573.15	0	.6466448	.1750867	.1782685	0
572.15	0	.6465781	.1751913	.1782306	0
571.15	0	.6465116	.1752956	.1781929	0
570.15	0	.6464453	.1753996	.1781552	0
569.15	0	.6463792	.1755033	.1781175	0
568.15	0	.6463133	.1756068	.1780799	0
567.15	0	.6462476	.1757101	.1780423	0
566.15	0	.6461822	.1758131	.1780047	0
565.15	0	.6461169	.1759158	.1779673	0
564.15	0	.6460519	.1760183	.1779298	0
563.15	0	.6459871	.1761205	.1778925	0
562.15	0	.6459225	.1762224	.1778551	0
561.15	0	.645858	.1763241	.1778179	0
560.15	0	.6457938	.1764255	.1777806	0
559.15	0	.6457299	.1765267	.1777435	0
558.15	0	.6456661	.1766276	.1777063	0
557.15	0	.6456025	.1767282	.1776693	0
556.15	0	.6455391	.1768286	.1776323	0
555.15	0	.645476	.1769287	.1775953	0
554.15	0	.645413	.1770286	.1775584	0
553.15	0	.6453503	.1771281	.1775216	0
552.15	0	.6452877	.1772275	.1774848	0
551.15	0	.6452254	.1773265	.1774481	0
550.15	0	.6451633	.1774253	.1774115	0
549.15	0	.6451014	.1775238	.1773749	0
548.15	0	.6450396	.177622	.1773383	0
547.15	0	.6449781	.17772	.1773019	0
546.15	0	.6449168	.1778177	.1772655	0
545.15	0	.6448558	.1779151	.1772291	0
544.15	0	.6447949	.1780123	.1771928	0
543.15	0	.6447342	.1781092	.1771566	0
542.15	0	.6446737	.1782058	.1771205	0
541.15	0	.6446134	.1783022	.1770844	0
540.15	0	.6445534	.1783983	.1770484	0
539.15	0	.6444935	.1784941	.1770124	0
538.15	0	.6444339	.1785896	.1769765	0
537.15	0	.6443744	.1786849	.1769407	0
536.15	0	.6443152	.1787798	.176905	0
535.15	0	.6442561	.1788745	.1768693	0
534.15	0	.6441973	.178969	.1768337	0
533.15	0	.6441387	.1790631	.1767982	0
532.15	0	.6440803	.179157	.1767627	0
531.15	0	.644022	.1792506	.1767274	0
530.15	0	.643964	.1793439	.176692	0
529.15	0	.6439062	.179437	.1766568	0
528.15	0	.6438486	.1795297	.1766216	0
527.15	0	.6437912	.1796222	.1765866	0
526.15	0	.643734	.1797144	.1765516	0
525.15	0	.643677	.1798064	.1765166	0
524.15	0	.6436202	.179898	.1764818	0
523.15	0	.6435637	.1799894	.176447	0
522.15	0	.6435073	.1800804	.1764123	0
521.15	0	.6434511	.1801712	.1763777	0
520.15	0	.6433951	.1802617	.1763431	0
519.15	0	.6433393	.180352	.1763087	0
518.15	0	.6432838	.1804419	.1762743	0
517.15	0	.6432284	.1805316	.17624	0
516.15	0	.6431733	.1806209	.1762058	0
515.15	0	.6431183	.18071	.1761717	0
514.15	0	.6430635	.1807988	.1761377	0
513.15	0	.643009	.1808873	.1761037	0
512.15	0	.6429546	.1809756	.1760698	0
511.15	0	.6429005	.1810635	.176036	0
510.15	0	.6428465	.1811511	.1760023	0
509.15	0	.6427928	.1812385	.1759687	0
508.15	0	.6427393	.1813255	.1759352	0
507.15	0	.6426859	.1814123	.1759018	0
506.15	0	.6426328	.1814988	.1758684	0
505.15	0	.6425799	.181585	.1758352	0
504.15	0	.6425271	.1816709	.175802	0
503.15	0	.6424746	.1817565	.1757689	0
502.15	0	.6424223	.1818418	.1757359	0
501.15	0	.6423702	.1819268	.175703	0
500.15	0	.6423183	.1820115	.1756702	0
499.15	0	.6422665	.1820959	.1756375	0
498.15	0	.642215	.1821801	.1756049	0
497.15	0	.6421638	.1822639	.1755723	0
496.15	0	.6421127	.1823474	.1755399	0
495.15	0	.6420618	.1824307	.1755075	0
494.15	0	.6420111	.1825136	.1754753	0
493.15	0	.6419606	.1825962	.1754432	0
492.15	0	.6419103	.1826786	.1754111	0
491.15	0	.6418602	.1827606	.1753792	0
490.15	0	.6418103	.1828424	.1753473	0
489.15	0	.6417606	.1829238	.1753156	0
488.15	0	.6417111	.1830049	.1752839	0
487.15	0	.6416618	.1830858	.1752524	0
486.15	0	.6416127	.1831663	.175221	0
485.15	0	.6415639	.1832465	.1751896	0
484.15	0	.6415152	.1833265	.1751584	0
483.15	0	.6414667	.1834061	.1751272	0
482.15	0	.6414184	.1834854	.1750962	0
481.15	0	.6413703	.1835644	.1750653	0
480.15	0	.6413224	.1836432	.1750344	0
479.15	0	.6412748	.1837216	.1750037	0
478.15	0	.6412273	.1837997	.1749731	0
477.15	0	.64118	.1838774	.1749426	0
476.15	0	.6411329	.183955	.1749122	0
475.15	0	.641086	.1840321	.1748818	0
474.15	0	.6410394	.184109	.1748517	0
473.15	0	.6409929	.1841856	.1748216	0
472.15	0	.6409466	.1842618	.1747916	0
471.15	0	.6409005	.1843378	.1747617	0
470.15	0	.6408546	.1844134	.1747319	0
469.15	0	.640809	.1844888	.1747023	0
468.15	0	.6407635	.1845638	.1746727	0
467.15	0	.6407182	.1846385	.1746433	0
466.15	0	.6406731	.1847129	.174614	0
465.15	0	.6406283	.184787	.1745848	0
464.15	0	.6405836	.1848608	.1745557	0
463.15	0	.6405391	.1849342	.1745267	0
462.15	0	.6404948	.1850074	.1744978	0
461.15	0	.6404508	.1850802	.174469	0
460.15	0	.6404069	.1851527	.1744404	0
459.2486	0	.6403675	.1852179	.1744147	0
459.2486	0	.6403675	.1852179	.1744147	0
459.2486	0	.6403675	.1852179	.1744147	0
459.15	0	.6403879	.1851669	.1743858	5.938101E-05
458.15	0	.6405941	.1846511	.1740939	6.609452E-04
457.15	0	.6407996	.1841364	.1738026	.0012614
456.15	0	.6410044	.1836228	.173512	.001860756
455.15	0	.6412086	.1831103	.1732221	.002459021
454.15	0	.6414121	.1825989	.1729328	.003056207
453.15	0	.6416149	.1820886	.1726442	.003652322
452.15	0	.6418171	.1815793	.1723563	.004247376
451.15	0	.6420187	.181071	.172069	.004841379
450.15	0	.6422196	.1805638	.1717823	.005434339
449.15	0	.64242	.1800574	.1714963	.00602628
448.15	0	.6426197	.1795521	.171211	.006617201
447.15	0	.6428189	.1790477	.1709263	.007207109
446.15	0	.6430175	.1785443	.1706422	.007796016
445.15	0	.6432156	.1780417	.1703588	.00838393
444.15	0	.6434131	.1775401	.1700759	.008970863
443.15	0	.6436101	.1770393	.1697938	.009556824
442.15	0	.6438065	.1765394	.1695122	.01014182
441.15	0	.6440025	.1760404	.1692313	.01072587
440.15	0	.644198	.1755421	.168951	.01130897
439.15	0	.644393	.1750447	.1686713	.01189115
438.15	0	.6445875	.174548	.1683922	.01247239
437.15	0	.6447815	.1740521	.1681137	.01305273
436.15	0	.6449751	.1735569	.1678358	.01363215
435.15	0	.6451683	.1730624	.1675586	.01421068
434.15	0	.6453611	.1725687	.1672819	.01478832
433.15	0	.6455534	.1720757	.1670059	.01536509
432.15	0	.6457454	.1715833	.1667304	.01594098
431.15	0	.6459369	.1710916	.1664555	.01651601
430.15	0	.6461281	.1706005	.1661813	.01709019
429.15	0	.6463189	.1701101	.1659076	.01766352
428.15	0	.6465093	.1696202	.1656345	.01823602
427.15	0	.6466994	.169131	.165362	.01880768
426.15	0	.6468891	.1686423	.16509	.01937853
425.15	0	.6470785	.1681543	.1648187	.01994856
424.15	0	.6472676	.1676668	.1645479	.02051779
423.15	0	.6474563	.1671798	.1642777	.02108621
422.15	0	.6476447	.1666933	.1640081	.02165385
421.15	0	.6478329	.1662074	.163739	.02222071
420.15	0	.6480207	.165722	.1634705	.02278678
419.15	0	.6482083	.165237	.1632026	.02335209
418.15	0	.6483956	.1647526	.1629352	.02391664
417.15	0	.6485826	.1642686	.1626684	.02448044
416.15	0	.6487693	.163785	.1624022	.02504348
415.15	0	.6489558	.1633019	.1621365	.02560579
414.15	0	.649142	.1628193	.1618713	.02616736
413.15	0	.649328	.162337	.1616067	.02672821
412.15	0	.6495138	.1618552	.1613427	.02728833
411.15	0	.6496993	.1613738	.1610792	.02784775
410.15	0	.6498846	.1608927	.1608162	.02840645
409.15	0	.6500697	.1604121	.1605538	.02896445
408.15	0	.6502546	.1599318	.1602919	.02952176
407.15	0	.6504393	.1594519	.1600305	.03007838
406.15	0	.6506237	.1589723	.1597697	.03063431
405.15	0	.650808	.158493	.1595094	.03118957
404.15	0	.6509921	.1580141	.1592496	.03174416
403.15	0	.651176	.1575356	.1589904	.03229808
402.15	0	.6513597	.1570573	.1587317	.03285134
401.15	0	.6515433	.1565794	.1584735	.03340395
400.15	0	.6517266	.1561017	.1582158	.03395592
399.15	0	.6519099	.1556243	.1579586	.03450724
398.15	0	.6520929	.1551473	.1577019	.03505792
397.15	0	.6522758	.1546704	.1574458	.03560797
396.15	0	.6524586	.1541939	.1571901	.0361574
395.15	0	.6526412	.1537176	.156935	.0367062
394.15	0	.6528236	.1532416	.1566804	.03725439
393.15	0	.653006	.1527658	.1564262	.03780197
392.15	0	.6531882	.1522903	.1561726	.03834894
391.15	0	.6533702	.151815	.1559195	.03889531
390.15	0	.6535522	.1513399	.1556668	.03944109
389.15	0	.653734	.1508651	.1554147	.03998627
388.15	0	.6539157	.1503904	.155163	.04053087
387.15	0	.6540973	.149916	.1549118	.04107488
386.15	0	.6542788	.1494418	.1546611	.04161833
385.15	0	.6544601	.1489678	.1544109	.04216119
384.15	0	.6546414	.1484939	.1541612	.0427035
383.15	0	.6548225	.1480203	.153912	.04324523
382.15	0	.6550036	.1475468	.1536632	.04378641
381.15	0	.6551846	.1470735	.1534149	.04432704
380.15	0	.6553654	.1466004	.1531671	.04486711
379.15	0	.6555462	.1461274	.1529197	.04540664
378.15	0	.6557269	.1456546	.1526728	.04594563
377.15	0	.6559075	.145182	.1524264	.04648407
376.15	0	.656088	.1447095	.1521805	.04702199
375.15	0	.6562685	.1442372	.151935	.04755938
374.15	0	.6564489	.143765	.1516899	.04809624
373.15	0	.6566292	.1432929	.1514454	.04863258
372.15	0	.6568094	.142821	.1512012	.0491684
371.15	0	.6569895	.1423492	.1509576	.0497037
370.15	0	.6571696	.1418775	.1507144	.0502385
369.15	0	.6573496	.141406	.1504716	.05077279
368.15	0	.6575296	.1409346	.1502293	.05130658
367.15	0	.6577095	.1404633	.1499874	.05183987
366.15	0	.6578893	.1399921	.149746	.05237266
365.15	0	.6580691	.139521	.149505	.05290496
364.15	0	.6582488	.13905	.1492645	.05343677
363.15	0	.6584284	.1385791	.1490244	.0539681
362.15	0	.658608	.1381083	.1487847	.05449894
361.15	0	.6587876	.1376376	.1485455	.0550293
360.15	0	.6589671	.137167	.1483067	.05555919
359.15	0	.6591465	.1366965	.1480683	.05608861
358.15	0	.659326	.1362261	.1478304	.05661755
357.15	0	.6595053	.1357558	.1475929	.05714603
356.15	0	.6596846	.1352855	.1473558	.05767405
355.15	0	.6598639	.1348154	.1471191	.05820161
354.15	0	.6600431	.1343453	.1468829	.05872871
353.15	0	.6602223	.1338753	.1466471	.05925535
352.15	0	.6604015	.1334053	.1464117	.05978155
351.15	0	.6605806	.1329354	.1461767	.06030729
350.15	0	.6607597	.1324656	.1459421	.06083259
349.15	0	.6609387	.1319959	.145708	.06135745
348.15	0	.6611177	.1315262	.1454742	.06188187
347.15	0	.6612967	.1310566	.1452409	.06240585
