T	 BPW(LIQUID)	BPW(BCC_A2)	BPW(FCC_A1)	BPW(LAVES_PHASE_C14)	BPW(NI3TI)
1473.15	.07559846	.9244015	0	0	0
1472.15	.07368042	.9263196	0	0	0
1471.15	.07177392	.9282261	0	0	0
1470.15	.06987886	.9301211	0	0	0
1469.15	.06799513	.9320049	0	0	0
1468.15	.06612263	.9338774	0	0	0
1467.15	.06426126	.9357387	0	0	0
1466.15	.06241093	.9375891	0	0	0
1465.15	.06057154	.9394285	0	0	0
1464.15	.05874299	.941257	0	0	0
1463.15	.0569252	.9430748	0	0	0
1462.15	.05511806	.9448819	0	0	0
1461.15	.05332149	.9466785	0	0	0
1460.15	.05153539	.9484646	0	0	0
1459.15	.04975969	.9502403	0	0	0
1458.15	.04799428	.9520057	0	0	0
1457.15	.04623908	.9537609	0	0	0
1456.15	.04449401	.955506	0	0	0
1455.15	.04275898	.957241	0	0	0
1454.15	.0410339	.9589661	0	0	0
1453.15	.03931871	.9606813	0	0	0
1452.15	.0376133	.9623867	0	0	0
1451.15	.03591761	.9640824	0	0	0
1450.15	.03423155	.9657685	0	0	0
1449.15	.03255505	.9674449	0	0	0
1448.15	.03088802	.969112	0	0	0
1447.15	.0292304	.9707696	0	0	0
1446.15	.02758209	.9724179	0	0	0
1445.15	.02594304	.974057	0	0	0
1444.15	.02431316	.9756868	0	0	0
1443.15	.02269239	.9773076	0	0	0
1442.15	.02108064	.9789194	0	0	0
1441.15	.01947786	.9805221	0	0	0
1440.15	.01788396	.982116	0	0	0
1439.15	.01629889	.9837011	0	0	0
1438.15	.01472256	.9852774	0	0	0
1437.15	.01315492	.9868451	0	0	0
1436.15	.0115959	.9884041	0	0	0
1435.15	.01004542	.9899546	0	0	0
1434.15	.008503432	.9914966	0	0	0
1433.15	.006969862	.9930301	0	0	0
1432.15	.005444648	.9945554	0	0	0
1431.15	.003927727	.9960723	0	0	0
1431.068	.003804032	.996196	0	0	0
1431.068	.003804032	.996196	0	0	0
1431.068	.003804032	.996196	0	0	0
1430.259	0	.9943302	.005669771	0	0
1430.259	0	.9943302	.005669771	0	0
1430.15	0	.9941481	.005851923	0	0
1429.15	0	.99248	.007519997	0	0
1428.15	0	.9908145	.009185468	0	0
1427.15	0	.9891517	.01084834	0	0
1426.15	0	.9874914	.01250861	0	0
1425.15	0	.9858337	.01416628	0	0
1424.15	0	.9841786	.01582136	0	0
1423.15	0	.9825261	.01747385	0	0
1422.15	0	.9808763	.01912374	0	0
1421.15	0	.979229	.02077105	0	0
1420.15	0	.9775842	.02241577	0	0
1419.15	0	.9759421	.02405791	0	0
1418.15	0	.9743025	.02569746	0	0
1417.15	0	.9726656	.02733443	0	0
1416.15	0	.9710312	.02896882	0	0
1415.15	0	.9693994	.03060064	0	0
1414.15	0	.9677701	.03222988	0	0
1413.15	0	.9661435	.03385655	0	0
1412.15	0	.9645194	.03548064	0	0
1411.15	0	.9628978	.03710216	0	0
1410.15	0	.9612789	.03872112	0	0
1409.15	0	.9596625	.04033751	0	0
1408.15	0	.9580487	.04195133	0	0
1407.15	0	.9564374	.04356259	0	0
1406.15	0	.9548287	.04517129	0	0
1405.15	0	.9532226	.04677743	0	0
1404.15	0	.951619	.04838101	0	0
1403.15	0	.950018	.04998204	0	0
1402.15	0	.9484195	.0515805	0	0
1401.15	0	.9468236	.05317642	0	0
1400.15	0	.9452302	.05476978	0	0
1399.15	0	.9436394	.05636059	0	0
1398.15	0	.9420512	.05794886	0	0
1397.15	0	.9404654	.05953457	0	0
1396.15	0	.9388823	.06111774	0	0
1395.15	0	.9373016	.06269836	0	0
1394.15	0	.9357236	.06427644	0	0
1393.15	0	.934148	.06585197	0	0
1392.15	0	.932575	.06742497	0	0
1391.15	0	.9310046	.06899542	0	0
1390.15	0	.9294367	.07056334	0	0
1389.15	0	.9278713	.07212872	0	0
1388.15	0	.9263084	.07369156	0	0
1387.15	0	.9247481	.07525187	0	0
1386.15	0	.9231904	.07680964	0	0
1385.15	0	.9216351	.07836488	0	0
1384.15	0	.9200824	.07991759	0	0
1383.15	0	.9185322	.08146777	0	0
1382.15	0	.9169846	.08301542	0	0
1381.15	0	.9154395	.08456054	0	0
1380.15	0	.9138969	.08610313	0	0
1379.15	0	.9123568	.08764319	0	0
1378.15	0	.9108193	.08918073	0	0
1377.15	0	.9092843	.09071575	0	0
1376.15	0	.9077518	.09224824	0	0
1375.15	0	.9062218	.09377821	0	0
1374.15	0	.9046943	.09530565	0	0
1373.15	0	.9031694	.09683057	0	0
1372.15	0	.901647	.09835297	0	0
1371.15	0	.9001271	.09987285	0	0
1370.15	0	.8986098	.1013902	0	0
1369.15	0	.8970949	.1029051	0	0
1368.15	0	.8955826	.1044174	0	0
1367.15	0	.8940728	.1059272	0	0
1366.15	0	.8925655	.1074345	0	0
1365.15	0	.8910607	.1089393	0	0
1364.15	0	.8895585	.1104415	0	0
1363.15	0	.8880588	.1119412	0	0
1362.15	0	.8865615	.1134385	0	0
1361.15	0	.8850668	.1149332	0	0
1360.15	0	.8835746	.1164254	0	0
1359.15	0	.8820849	.1179151	0	0
1358.15	0	.8805978	.1194022	0	0
1357.15	0	.8791131	.1208869	0	0
1356.15	0	.877631	.122369	0	0
1355.15	0	.8761513	.1238487	0	0
1354.15	0	.8746742	.1253258	0	0
1353.15	0	.8731996	.1268004	0	0
1352.15	0	.8717275	.1282725	0	0
1351.15	0	.870258	.129742	0	0
1350.15	0	.8687909	.1312091	0	0
1349.15	0	.8673264	.1326737	0	0
1348.15	0	.8658643	.1341357	0	0
1347.15	0	.8644048	.1355952	0	0
1346.15	0	.8629478	.1370522	0	0
1345.15	0	.8614933	.1385067	0	0
1344.15	0	.8600413	.1399587	0	0
1343.15	0	.8585918	.1414082	0	0
1342.15	0	.8571448	.1428552	0	0
1341.15	0	.8557004	.1442996	0	0
1340.15	0	.8542585	.1457415	0	0
1339.15	0	.852819	.147181	0	0
1338.15	0	.8513821	.1486179	0	0
1337.15	0	.8499477	.1500523	0	0
1336.15	0	.8485159	.1514841	0	0
1335.15	0	.8470865	.1529135	0	0
1334.15	0	.8456596	.1543404	0	0
1333.15	0	.8442353	.1557647	0	0
1332.15	0	.8428135	.1571865	0	0
1331.15	0	.8413942	.1586058	0	0
1330.15	0	.8399775	.1600225	0	0
1329.15	0	.8385632	.1614368	0	0
1328.15	0	.8371515	.1628485	0	0
1327.15	0	.8357423	.1642577	0	0
1326.15	0	.8343356	.1656644	0	0
1325.15	0	.8329314	.1670686	0	0
1324.15	0	.8315298	.1684702	0	0
1323.15	0	.8301307	.1698694	0	0
1322.15	0	.8287341	.1712659	0	0
1321.15	0	.82734	.17266	0	0
1320.15	0	.8259485	.1740515	0	0
1319.15	0	.8245594	.1754406	0	0
1318.15	0	.823173	.176827	0	0
1317.15	0	.821789	.178211	0	0
1316.15	0	.8204076	.1795924	0	0
1315.15	0	.8190287	.1809713	0	0
1314.15	0	.8176524	.1823476	0	0
1313.15	0	.8162786	.1837214	0	0
1312.15	0	.8149073	.1850927	0	0
1311.15	0	.8135386	.1864614	0	0
1310.15	0	.8121724	.1878276	0	0
1309.15	0	.8108087	.1891913	0	0
1308.15	0	.8094476	.1905524	0	0
1307.15	0	.8080891	.1919109	0	0
1306.15	0	.8067331	.1932669	0	0
1305.15	0	.8053796	.1946204	0	0
1304.15	0	.8040287	.1959713	0	0
1303.15	0	.8026803	.1973197	0	0
1302.15	0	.8013345	.1986655	0	0
1301.15	0	.7999913	.2000087	0	0
1300.15	0	.7986506	.2013494	0	0
1299.15	0	.7973124	.2026876	0	0
1298.15	0	.7959769	.2040231	0	0
1297.15	0	.7946439	.2053561	0	0
1296.15	0	.7933134	.2066866	0	0
1295.15	0	.7919856	.2080144	0	0
1294.15	0	.7906603	.2093397	0	0
1293.15	0	.7893375	.2106625	0	0
1292.15	0	.7880174	.2119826	0	0
1291.15	0	.7866998	.2133002	0	0
1290.15	0	.7853848	.2146152	0	0
1289.15	0	.7840724	.2159276	0	0
1288.15	0	.7827626	.2172374	0	0
1287.15	0	.7814553	.2185447	0	0
1286.15	0	.7801507	.2198493	0	0
1285.15	0	.7788486	.2211514	0	0
1284.15	0	.7775492	.2224508	0	0
1283.15	0	.7762523	.2237477	0	0
1282.15	0	.7749581	.2250419	0	0
1281.15	0	.7736664	.2263336	0	0
1280.15	0	.7723774	.2276226	0	0
1279.15	0	.7710909	.2289091	0	0
1278.15	0	.7698071	.2301929	0	0
1277.15	0	.7685259	.2314741	0	0
1276.15	0	.7672473	.2327527	0	0
1275.15	0	.7659713	.2340287	0	0
1274.15	0	.764698	.235302	0	0
1273.15	0	.7634273	.2365727	0	0
1272.15	0	.7621592	.2378408	0	0
1271.15	0	.7608938	.2391062	0	0
1270.15	0	.759631	.240369	0	0
1269.15	0	.7583708	.2416292	0	0
1268.15	0	.7571133	.2428867	0	0
1267.15	0	.7558585	.2441416	0	0
1266.15	0	.7546062	.2453938	0	0
1265.15	0	.7533567	.2466433	0	0
1264.15	0	.7521098	.2478902	0	0
1263.15	0	.7508656	.2491344	0	0
1262.15	0	.749624	.250376	0	0
1261.15	0	.7483852	.2516148	0	0
1260.15	0	.747149	.252851	0	0
1259.15	0	.7459155	.2540845	0	0
1258.15	0	.7446846	.2553154	0	0
1257.15	0	.7434565	.2565435	0	0
1256.15	0	.7422311	.2577689	0	0
1255.15	0	.7410083	.2589917	0	0
1254.15	0	.7397883	.2602117	0	0
1253.15	0	.7385709	.2614291	0	0
1252.15	0	.7373563	.2626437	0	0
1251.15	0	.7361444	.2638556	0	0
1250.15	0	.7349353	.2650648	0	0
1249.15	0	.7337288	.2662712	0	0
1248.15	0	.7325251	.2674749	0	0
1247.15	0	.7313241	.2686759	0	0
1246.15	0	.7301259	.2698741	0	0
1245.15	0	.7289304	.2710696	0	0
1244.15	0	.7277377	.2722624	0	0
1243.15	0	.7265477	.2734523	0	0
1242.15	0	.7253605	.2746396	0	0
1241.15	0	.724176	.275824	0	0
1240.15	0	.7229943	.2770057	0	0
1239.15	0	.7218154	.2781846	0	0
1238.15	0	.7206393	.2793607	0	0
1237.15	0	.719466	.280534	0	0
1236.15	0	.7182955	.2817045	0	0
1235.15	0	.7171278	.2828722	0	0
1234.15	0	.7159629	.2840372	0	0
1233.15	0	.7148008	.2851992	0	0
1232.15	0	.7136415	.2863585	0	0
1231.15	0	.712485	.287515	0	0
1230.15	0	.7113314	.2886686	0	0
1229.15	0	.7101806	.2898194	0	0
1228.15	0	.7090327	.2909673	0	0
1227.15	0	.7078876	.2921124	0	0
1226.15	0	.7067454	.2932546	0	0
1225.15	0	.705606	.294394	0	0
1224.15	0	.7044695	.2955305	0	0
1223.15	0	.7033359	.2966641	0	0
1222.15	0	.7022052	.2977948	0	0
1221.15	0	.7010774	.2989227	0	0
1220.15	0	.6999524	.3000476	0	0
1219.15	0	.6988304	.3011696	0	0
1218.15	0	.6977113	.3022887	0	0
1217.15	0	.6965951	.3034049	0	0
1216.15	0	.6954818	.3045182	0	0
1215.15	0	.6943714	.3056286	0	0
1214.15	0	.6932641	.3067359	0	0
1213.15	0	.6921596	.3078404	0	0
1212.15	0	.6910581	.3089419	0	0
1211.15	0	.6899596	.3100404	0	0
1210.15	0	.688864	.311136	0	0
1209.15	0	.6877715	.3122285	0	0
1208.15	0	.6866819	.3133181	0	0
1207.15	0	.6855953	.3144047	0	0
1206.15	0	.6845117	.3154883	0	0
1205.15	0	.6834312	.3165688	0	0
1204.15	0	.6823536	.3176464	0	0
1203.15	0	.6812791	.3187209	0	0
1202.15	0	.6802077	.3197924	0	0
1201.15	0	.6791392	.3208608	0	0
1200.15	0	.6780739	.3219261	0	0
1199.15	0	.6770116	.3229884	0	0
1198.15	0	.6759523	.3240477	0	0
1197.15	0	.6748962	.3251038	0	0
1196.15	0	.6738431	.3261569	0	0
1195.15	0	.6727932	.3272068	0	0
1194.15	0	.6717464	.3282536	0	0
1193.15	0	.6707026	.3292974	0	0
1192.15	0	.6696621	.3303379	0	0
1191.15	0	.6686246	.3313754	0	0
1190.15	0	.6675903	.3324097	0	0
1189.15	0	.6665592	.3334408	0	0
1188.15	0	.6655312	.3344688	0	0
1187.15	0	.6645064	.3354936	0	0
1186.15	0	.6634848	.3365152	0	0
1185.15	0	.6624665	.3375336	0	0
1184.15	0	.6614513	.3385487	0	0
1183.15	0	.6604393	.3395607	0	0
1182.15	0	.6594306	.3405694	0	0
1181.15	0	.6584251	.3415749	0	0
1180.15	0	.6574229	.3425771	0	0
1179.15	0	.6564239	.3435761	0	0
1178.15	0	.6554282	.3445718	0	0
1177.15	0	.6544358	.3455642	0	0
1176.15	0	.6534467	.3465533	0	0
1175.15	0	.6524609	.3475391	0	0
1174.15	0	.6514784	.3485216	0	0
1173.15	0	.6504993	.3495007	0	0
1172.15	0	.6495235	.3504765	0	0
1171.15	0	.648551	.351449	0	0
1170.15	0	.647582	.352418	0	0
1169.15	0	.6466163	.3533837	0	0
1168.15	0	.645654	.354346	0	0
1167.15	0	.6446951	.3553049	0	0
1166.15	0	.6437396	.3562604	0	0
1165.15	0	.6427875	.3572125	0	0
1164.15	0	.6418389	.3581611	0	0
1163.15	0	.6408938	.3591062	0	0
1162.15	0	.6399521	.3600479	0	0
1161.15	0	.6390139	.3609861	0	0
1160.15	0	.6380792	.3619208	0	0
1159.15	0	.637148	.362852	0	0
1158.15	0	.6362204	.3637796	0	0
1157.15	0	.6352962	.3647038	0	0
1156.15	0	.6343756	.3656244	0	0
1155.15	0	.6334586	.3665414	0	0
1154.15	0	.6325452	.3674548	0	0
1153.15	0	.6316353	.3683647	0	0
1152.15	0	.6307291	.3692709	0	0
1151.15	0	.6298265	.3701736	0	0
1150.15	0	.6289275	.3710725	0	0
1149.15	0	.6280321	.3719679	0	0
1148.15	0	.6271405	.3728596	0	0
1147.15	0	.6262524	.3737476	0	0
1146.15	0	.6253682	.3746318	0	0
1145.15	0	.6244876	.3755124	0	0
1144.15	0	.6236107	.3763893	0	0
1143.15	0	.6227376	.3772624	0	0
1142.15	0	.6218682	.3781318	0	0
1141.15	0	.6210026	.3789974	0	0
1140.15	0	.6201408	.3798592	0	0
1139.15	0	.6192828	.3807172	0	0
1138.15	0	.6184286	.3815714	0	0
1137.15	0	.6175783	.3824217	0	0
1136.15	0	.6167318	.3832682	0	0
1135.15	0	.6158892	.3841108	0	0
1134.15	0	.6150504	.3849496	0	0
1133.15	0	.6142156	.3857844	0	0
1132.15	0	.6133847	.3866153	0	0
1131.15	0	.6125577	.3874423	0	0
1130.15	0	.6117347	.3882653	0	0
1129.15	0	.6109157	.3890843	0	0
1128.15	0	.6101006	.3898994	0	0
1127.15	0	.6092896	.3907104	0	0
1126.15	0	.6084826	.3915174	0	0
1125.15	0	.6076796	.3923204	0	0
1124.15	0	.6068807	.3931193	0	0
1123.15	0	.6060859	.3939141	0	0
1122.15	0	.6052952	.3947048	0	0
1121.15	0	.6045086	.3954914	0	0
1120.15	0	.6037261	.3962739	0	0
1119.15	0	.6029479	.3970522	0	0
1118.15	0	.6021737	.3978263	0	0
1117.15	0	.6014038	.3985962	0	0
1116.15	0	.6006381	.3993619	0	0
1115.15	0	.5998767	.4001233	0	0
1114.15	0	.5991194	.4008806	0	0
1113.15	0	.5983665	.4016335	0	0
1112.15	0	.5976179	.4023821	0	0
1111.15	0	.5968736	.4031264	0	0
1110.15	0	.5961336	.4038664	0	0
1109.15	0	.595398	.404602	0	0
1108.15	0	.5946667	.4053333	0	0
1107.15	0	.5939399	.4060601	0	0
1106.15	0	.5932175	.4067825	0	0
1105.15	0	.5924995	.4075005	0	0
1104.15	0	.591786	.408214	0	0
1103.15	0	.591077	.408923	0	0
1102.15	0	.5903725	.4096275	0	0
1101.15	0	.5896725	.4103275	0	0
1100.15	0	.5889772	.4110228	0	0
1099.15	0	.5882863	.4117137	0	0
1098.15	0	.5876001	.4123999	0	0
1097.15	0	.5869185	.4130815	0	0
1096.15	0	.5862415	.4137585	0	0
1095.15	0	.5855692	.4144308	0	0
1094.15	0	.5849017	.4150984	0	0
1093.15	0	.5842388	.4157612	0	0
1092.15	0	.5835806	.4164194	0	0
1091.15	0	.5829273	.4170727	0	0
1090.15	0	.5822787	.4177213	0	0
1089.15	0	.5816349	.4183651	0	0
1088.15	0	.580996	.419004	0	0
1087.15	0	.5803619	.4196381	0	0
1086.15	0	.5797328	.4202672	0	0
1085.15	0	.5791085	.4208915	0	0
1084.15	0	.5784892	.4215108	0	0
1083.15	0	.5778748	.4221252	0	0
1082.15	0	.5772655	.4227345	0	0
1081.15	0	.5766611	.4233389	0	0
1080.15	0	.5760618	.4239382	0	0
1079.15	0	.5754676	.4245324	0	0
1078.15	0	.5748784	.4251216	0	0
1077.15	0	.5742944	.4257056	0	0
1076.15	0	.5737155	.4262845	0	0
1075.15	0	.5731418	.4268582	0	0
1074.15	0	.5725733	.4274267	0	0
1073.15	0	.5720101	.4279899	0	0
1072.15	0	.571452	.428548	0	0
1071.15	0	.5708993	.4291007	0	0
1070.15	0	.5703519	.4296481	0	0
1069.15	0	.5698098	.4301902	0	0
1068.15	0	.5692731	.4307269	0	0
1067.15	0	.5687418	.4312582	0	0
1066.15	0	.5682159	.4317841	0	0
1065.15	0	.5676955	.4323045	0	0
1064.15	0	.5671805	.4328195	0	0
1063.15	0	.5666711	.4333289	0	0
1062.15	0	.5661672	.4338328	0	0
1061.15	0	.5656689	.4343311	0	0
1060.15	0	.5651761	.4348239	0	0
1059.15	0	.564689	.435311	0	0
1058.15	0	.5642076	.4357924	0	0
1057.15	0	.5637318	.4362682	0	0
1056.15	0	.5632618	.4367382	0	0
1055.15	0	.5627975	.4372025	0	0
1054.15	0	.562339	.437661	0	0
1053.15	0	.5618863	.4381137	0	0
1052.15	0	.5614395	.4385605	0	0
1051.15	0	.5609985	.4390015	0	0
1050.15	0	.5605634	.4394366	0	0
1049.15	0	.5601343	.4398657	0	0
1048.15	0	.5597111	.4402889	0	0
1047.15	0	.5592939	.4407061	0	0
1046.15	0	.5588827	.4411173	0	0
1045.15	0	.5584777	.4415224	0	0
1044.15	0	.5580787	.4419213	0	0
1043.15	0	.5576858	.4423142	0	0
1042.15	0	.5572991	.4427009	0	0
1041.15	0	.5569185	.4430815	0	0
1040.15	0	.5565442	.4434558	0	0
1039.15	0	.5561762	.4438239	0	0
1038.15	0	.5558144	.4441856	0	0
1037.15	0	.5554589	.4445411	0	0
1036.15	0	.5551098	.4448902	0	0
1035.15	0	.5547671	.4452329	0	0
1034.15	0	.5544308	.4455692	0	0
1033.15	0	.554101	.445899	0	0
1032.15	0	.5537776	.4462224	0	0
1031.15	0	.5534607	.4465393	0	0
1030.15	0	.5531504	.4468496	0	0
1029.15	0	.5528467	.4471533	0	0
1028.15	0	.5525496	.4474504	0	0
1027.15	0	.5522592	.4477408	0	0
1026.15	0	.5519754	.4480246	0	0
1025.15	0	.5516984	.4483016	0	0
1024.15	0	.5514281	.448572	0	0
1023.15	0	.5511645	.4488355	0	0
1022.15	0	.5509078	.4490922	0	0
1021.15	0	.550658	.449342	0	0
1020.15	0	.550415	.449585	0	0
1019.15	0	.550179	.449821	0	0
1018.15	0	.5499499	.4500501	0	0
1017.15	0	.5497278	.4502722	0	0
1016.15	0	.5495127	.4504873	0	0
1015.15	0	.5493046	.4506954	0	0
1014.15	0	.5491037	.4508963	0	0
1013.15	0	.5489099	.4510902	0	0
1012.15	0	.5487232	.4512768	0	0
1011.15	0	.5485437	.4514563	0	0
1010.15	0	.5483714	.4516286	0	0
1009.15	0	.5482063	.4517937	0	0
1008.15	0	.5480486	.4519514	0	0
1007.15	0	.5478982	.4521018	0	0
1006.15	0	.5477551	.4522449	0	0
1005.15	0	.5476194	.4523806	0	0
1004.15	0	.5474911	.4525089	0	0
1003.15	0	.5473703	.4526298	0	0
1002.15	0	.5472569	.4527431	0	0
1001.15	0	.547151	.452849	0	0
1000.15	0	.5470527	.4529473	0	0
999.15	0	.546962	.453038	0	0
998.15	0	.5468788	.4531212	0	0
997.15	0	.5468033	.4531967	0	0
996.15	0	.5467355	.4532645	0	0
995.15	0	.5466753	.4533247	0	0
994.15	0	.5466229	.4533771	0	0
993.15	0	.5465782	.4534218	0	0
992.15	0	.5465413	.4534587	0	0
991.15	0	.5465122	.4534878	0	0
990.15	0	.546491	.453509	0	0
989.15	0	.5464776	.4535224	0	0
988.15	0	.5464721	.4535279	0	0
987.15	0	.5464746	.4535254	0	0
986.15	0	.5464849	.4535151	0	0
985.15	0	.5465033	.4534967	0	0
984.15	0	.5465296	.4534704	0	0
983.15	0	.546564	.453436	0	0
982.15	0	.5466064	.4533936	0	0
981.15	0	.5466569	.4533431	0	0
980.15	0	.5467155	.4532845	0	0
979.15	0	.5467822	.4532178	0	0
978.15	0	.5468571	.4531429	0	0
977.15	0	.54694	.45306	0	0
976.15	0	.5470312	.4529688	0	0
975.15	0	.5471306	.4528694	0	0
974.9209	0	.5471545	.4528455	0	0
974.9209	0	.5471545	.4528455	0	0
974.9209	0	.5471545	.4528455	0	0
974.15	0	.5470706	.4527205	2.089357E-04	0
973.15	0	.5469691	.4525519	4.789713E-04	0
972.15	0	.5468759	.4523763	7.478888E-04	0
971.15	0	.5467909	.4521934	.001015682	0
970.15	0	.5467142	.4520034	.001282344	0
969.15	0	.5466459	.4518062	.001547867	0
968.15	0	.5465859	.4516018	.001812246	0
967.15	0	.5465343	.4513902	.002075473	0
966.15	0	.5464911	.4511714	.002337541	0
965.15	0	.5464562	.4509453	.002598441	0
964.15	0	.5464298	.450712	.002858167	0
963.15	0	.5464118	.4504715	.003116711	0
962.15	0	.5464022	.4502237	.003374064	0
961.15	0	.5464011	.4499687	.003630219	0
960.15	0	.5464084	.4497064	.003885168	0
959.15	0	.5464242	.4494369	.0041389	0
958.15	0	.5464485	.4491601	.004391409	0
957.15	0	.5464813	.448876	.004642684	0
956.15	0	.5465226	.4485847	.004892717	0
955.15	0	.5465724	.4482861	.005141498	0
954.15	0	.5466307	.4479803	.005389018	0
953.15	0	.5466976	.4476671	.005635267	0
952.15	0	.546773	.4473468	.005880234	0
951.15	0	.5468569	.4470192	.006123911	0
950.15	0	.5469494	.4466843	.006366285	0
949.15	0	.5470504	.4463422	.006607346	0
948.15	0	.54716	.4459929	.006847083	0
947.15	0	.5472782	.4456364	.007085486	0
946.15	0	.5474048	.4452726	.007322542	0
945.15	0	.5475401	.4449017	.00755824	0
944.15	0	.5476839	.4445236	.007792567	0
943.15	0	.5478362	.4441383	.008025512	0
942.15	0	.547997	.4437459	.008257061	0
941.15	0	.5481664	.4433464	.008487202	0
940.15	0	.5483443	.4429398	.008715922	0
939.15	0	.5485307	.4425261	.008943207	0
938.15	0	.5487256	.4421053	.009169043	0
937.15	0	.548929	.4416775	.009393417	0
936.15	0	.5491409	.4412428	.009616313	0
935.15	0	.5493613	.440801	.009837717	0
934.15	0	.54959	.4403524	.01005761	0
933.15	0	.5498272	.4398968	.01027599	0
932.15	0	.5500728	.4394344	.01049282	0
931.15	0	.5503268	.4389651	.0107081	0
930.15	0	.5505891	.4384891	.01092181	0
929.15	0	.5508597	.4380064	.01113393	0
928.15	0	.5511386	.4375169	.01134444	0
927.15	0	.5514258	.4370208	.01155333	0
926.15	0	.5517213	.4365182	.01176058	0
925.15	0	.5520249	.436009	.01196617	0
924.15	0	.5523366	.4354933	.01217007	0
923.15	0	.5526565	.4349712	.01237228	0
922.15	0	.5529844	.4344428	.01257276	0
921.15	0	.5533204	.4339081	.01277151	0
920.15	0	.5536644	.4333672	.01296849	0
919.15	0	.5540162	.4328201	.01316369	0
918.15	0	.554376	.432267	.01335708	0
917.15	0	.5547435	.4317079	.01354864	0
916.15	0	.5551188	.4311428	.01373835	0
915.15	0	.5555018	.430572	.01392618	0
914.15	0	.5558924	.4299955	.01411211	0
913.15	0	.5562906	.4294133	.01429612	0
912.15	0	.5566962	.4288256	.01447817	0
911.15	0	.5571093	.4282325	.01465824	0
910.15	0	.5575296	.4276341	.0148363	0
909.15	0	.5579572	.4270305	.01501233	0
908.15	0	.558392	.4264217	.01518629	0
907.15	0	.5588338	.4258081	.01535815	0
906.15	0	.5592825	.4251896	.01552789	0
905.15	0	.5597382	.4245664	.01569547	0
904.15	0	.5602005	.4239386	.01586086	0
903.15	0	.5606695	.4233064	.01602403	0
902.15	0	.5611451	.42267	.01618493	0
901.15	0	.561627	.4220294	.01634354	0
900.15	0	.5621152	.421385	.01649982	0
899.15	0	.5626096	.4207367	.01665372	0
898.15	0	.56311	.4200848	.01680522	0
897.15	0	.5636163	.4194295	.01695426	0
896.15	0	.5641282	.418771	.01710081	0
895.15	0	.5646458	.4181094	.01724482	0
894.15	0	.5651687	.417445	.01738625	0
893.15	0	.5656969	.4167781	.01752505	0
892.15	0	.5662301	.4161087	.01766117	0
891.15	0	.5667682	.4154372	.01779457	0
890.15	0	.567311	.4147638	.01792518	0
889.15	0	.5678583	.4140887	.01805295	0
888.15	0	.5684099	.4134123	.01817783	0
887.15	0	.5689655	.4127347	.01829976	0
886.15	0	.569525	.4120564	.01841868	0
885.15	0	.570088	.4113775	.01853452	0
884.15	0	.5706544	.4106984	.01864722	0
883.15	0	.5712239	.4100194	.0187567	0
882.15	0	.5717962	.4093409	.0188629	0
881.15	0	.5723711	.4086632	.01896573	0
880.15	0	.5729481	.4079868	.01906512	0
879.15	0	.5735271	.4073119	.01916098	0
878.15	0	.5741078	.406639	.01925322	0
877.15	0	.5746896	.4059686	.01934175	0
876.15	0	.5752724	.4053012	.01942648	0
875.15	0	.5758556	.4046371	.01950729	0
874.15	0	.576439	.4039769	.01958408	0
873.15	0	.5770221	.4033212	.01965674	0
872.15	0	.577522	.4027661	.01971183	0
871.15	0	.5778168	.4024557	.01972757	0
870.15	0	.5781544	.4021025	.0197431	0
869.15	0	.5785322	.4017095	.01975831	0
868.15	0	.5789473	.4012796	.01977308	0
867.15	0	.5793974	.4008153	.01978732	0
866.15	0	.5798799	.4003191	.01980096	0
865.15	0	.5803929	.3997932	.01981392	0
864.15	0	.5809341	.3992397	.01982614	0
863.15	0	.5815017	.3986607	.01983758	0
862.15	0	.5820939	.3980579	.01984819	0
861.15	0	.5827089	.3974331	.01985794	0
860.15	0	.5833452	.3967881	.01986679	0
859.15	0	.5840011	.3961242	.01987471	0
858.15	0	.5846753	.3954431	.01988169	0
857.15	0	.5853663	.394746	.01988771	0
856.15	0	.5860729	.3940344	.01989275	0
855.15	0	.5867938	.3933094	.01989681	0
854.15	0	.5875279	.3925722	.01989987	0
853.15	0	.5882741	.391824	.01990193	0
852.15	0	.5890313	.3910657	.019903	0
851.15	0	.5897985	.3902985	.01990306	0
850.15	0	.5905747	.3895232	.01990212	0
849.15	0	.5913591	.3887407	.01990019	0
848.15	0	.5921508	.387952	.01989726	0
847.15	0	.5929489	.3871577	.01989335	0
846.15	0	.5937528	.3863587	.01988846	0
845.15	0	.5945617	.3855557	.0198826	0
844.15	0	.5953748	.3847494	.01987579	0
843.15	0	.5961915	.3839405	.01986802	0
842.15	0	.5970112	.3831295	.01985931	0
841.15	0	.5978333	.382317	.01984968	0
840.15	0	.5986572	.3815037	.01983914	0
839.15	0	.5994823	.38069	.01982769	0
838.15	0	.6003083	.3798764	.01981537	0
837.15	0	.6011345	.3790634	.01980216	0
836.15	0	.6019605	.3782514	.0197881	0
835.15	0	.6027859	.3774409	.0197732	0
834.15	0	.6036102	.3766323	.01975747	0
833.15	0	.6044332	.3758259	.01974093	0
832.15	0	.6052543	.3750221	.01972359	0
831.15	0	.6060733	.3742212	.01970547	0
830.15	0	.6068899	.3734235	.01968658	0
829.15	0	.6077037	.3726294	.01966694	0
828.15	0	.6085144	.3718391	.01964657	0
827.15	0	.6093217	.3710528	.01962548	0
826.15	0	.6101255	.3702708	.01960368	0
825.15	0	.6109254	.3694934	.0195812	0
824.15	0	.6117213	.3687207	.01955804	0
823.15	0	.6125128	.3679529	.01953423	0
822.15	0	.6132999	.3671903	.01950978	0
821.15	0	.6140823	.366433	.01948469	0
820.15	0	.6148599	.3656811	.019459	0
819.15	0	.6156325	.3649348	.01943271	0
818.15	0	.6163999	.3641943	.01940583	0
817.15	0	.617162	.3634596	.01937839	0
816.15	0	.6179187	.3627309	.01935039	0
815.15	0	.6186698	.3620083	.01932185	0
814.15	0	.6194153	.3612919	.01929279	0
813.15	0	.6201551	.3605817	.01926321	0
812.15	0	.620889	.3598779	.01923313	0
811.15	0	.621617	.3591804	.01920257	0
810.15	0	.622339	.3584895	.01917154	0
809.15	0	.6230549	.3578051	.01914004	0
808.15	0	.6237647	.3571272	.01910809	0
807.15	0	.6244683	.356456	.01907571	0
806.15	0	.6251657	.3557914	.01904291	0
805.15	0	.6258568	.3551336	.01900969	0
804.15	0	.6265416	.3544824	.01897607	0
803.15	0	.62722	.3538379	.01894205	0
802.15	0	.6278922	.3532002	.01890766	0
801.15	0	.6285579	.3525692	.0188729	0
800.15	0	.6292173	.351945	.01883778	0
799.15	0	.6298702	.3513275	.01880232	0
798.15	0	.6305168	.3507167	.01876651	0
797.15	0	.6311569	.3501127	.01873038	0
796.15	0	.6317907	.3495154	.01869393	0
795.15	0	.632418	.3489248	.01865716	0
794.15	0	.633039	.3483409	.0186201	0
793.15	0	.6336536	.3477637	.01858274	0
792.15	0	.6342618	.3471931	.0185451	0
791.15	0	.6348637	.3466291	.01850718	0
790.15	0	.6354593	.3460717	.01846899	0
789.15	0	.6360486	.3455208	.01843055	0
788.15	0	.6366317	.3449765	.01839185	0
787.15	0	.6372085	.3444386	.0183529	0
786.15	0	.6377791	.3439072	.01831372	0
785.15	0	.6383435	.3433822	.01827431	0
784.15	0	.6389018	.3428635	.01823467	0
783.15	0	.639454	.3423512	.01819481	0
782.15	0	.6400002	.3418451	.01815475	0
781.15	0	.6405403	.3413452	.01811447	0
780.15	0	.6410744	.3408516	.018074	0
779.15	0	.6416026	.340364	.01803334	0
778.15	0	.642125	.3398826	.01799248	0
777.15	0	.6426414	.3394071	.01795145	0
776.15	0	.6431521	.3389377	.01791024	0
775.15	0	.643657	.3384741	.01786885	0
774.15	0	.6441562	.3380165	.0178273	0
773.15	0	.6446498	.3375646	.01778559	0
772.15	0	.6451377	.3371186	.01774372	0
771.15	0	.6456201	.3366782	.01770169	0
770.15	0	.646097	.3362435	.01765952	0
769.15	0	.6465684	.3358144	.0176172	0
768.15	0	.6470344	.3353909	.01757475	0
767.15	0	.647495	.3349728	.01753215	0
766.15	0	.6479503	.3345602	.01748943	0
765.15	0	.6484004	.334153	.01744658	0
764.15	0	.6488453	.3337511	.0174036	0
763.15	0	.649285	.3333545	.0173605	0
762.15	0	.6497196	.3329631	.01731728	0
761.15	0	.6501492	.3325769	.01727395	0
760.15	0	.6505738	.3321957	.01723051	0
759.15	0	.6509934	.3318197	.01718696	0
758.15	0	.6514081	.3314486	.01714331	0
757.15	0	.651818	.3310824	.01709955	0
756.15	0	.6522231	.3307212	.01705569	0
755.15	0	.6526235	.3303647	.01701174	0
754.15	0	.6530192	.3300131	.01696769	0
753.15	0	.6534103	.3296662	.01692355	0
752.15	0	.6537967	.3293239	.01687933	0
751.15	0	.6541787	.3289863	.01683501	0
750.15	0	.6545562	.3286532	.01679062	0
749.15	0	.6549292	.3283247	.01674614	0
748.15	0	.6552978	.3280006	.01670158	0
747.15	0	.6556622	.3276809	.01665694	0
746.15	0	.6560222	.3273656	.01661223	0
745.15	0	.656378	.3270545	.01656745	0
744.15	0	.6567297	.3267478	.01652259	0
743.15	0	.6570772	.3264452	.01647767	0
742.15	0	.6574206	.3261468	.01643268	0
741.15	0	.6577599	.3258525	.01638762	0
740.15	0	.6580953	.3255622	.0163425	0
739.15	0	.6584267	.3252759	.01629731	0
738.15	0	.6587543	.3249937	.01625207	0
737.15	0	.659078	.3247153	.01620677	0
736.15	0	.6593978	.3244408	.01616141	0
735.15	0	.6597139	.3241701	.016116	0
734.15	0	.6600263	.3239031	.01607053	0
733.15	0	.6603351	.3236399	.01602501	0
732.15	0	.6606402	.3233804	.01597943	0
731.15	0	.6609417	.3231245	.01593381	0
730.15	0	.6612396	.3228723	.01588814	0
729.15	0	.6615341	.3226235	.01584243	0
728.15	0	.6618251	.3223783	.01579666	0
727.15	0	.6621127	.3221365	.01575086	0
726.15	0	.6623969	.3218981	.01570501	0
725.15	0	.6626777	.3216632	.01565911	0
724.15	0	.6629553	.3214315	.01561318	0
723.15	0	.6632296	.3212032	.01556721	0
722.15	0	.6635007	.3209781	.0155212	0
721.15	0	.6637686	.3207562	.01547516	0
720.15	0	.6640334	.3205376	.01542908	0
719.15	0	.664295	.320322	.01538296	0
718.15	0	.6645537	.3201096	.01533681	0
717.15	0	.6648092	.3199002	.01529063	0
716.15	0	.6650618	.3196938	.01524441	0
715.15	0	.6653114	.3194904	.01519817	0
714.15	0	.6655581	.31929	.01515189	0
713.15	0	.665802	.3190925	.01510559	0
712.15	0	.6660429	.3188978	.01505926	0
711.15	0	.6662811	.318706	.01501291	0
710.15	0	.6665164	.318517	.01496652	0
709.15	0	.666749	.3183308	.01492012	0
708.15	0	.666979	.3181474	.01487369	0
707.15	0	.6672062	.3179666	.01482724	0
706.15	0	.6674307	.3177885	.01478077	0
705.15	0	.6676527	.3176131	.01473427	0
704.15	0	.667872	.3174402	.01468776	0
703.15	0	.6680888	.31727	.01464123	0
702.15	0	.6683031	.3171023	.01459468	0
701.15	0	.6685149	.316937	.01454811	0
700.15	0	.6687242	.3167743	.01450153	0
699.15	0	.668931	.3166141	.01445493	0
698.15	0	.6691355	.3164562	.01440832	0
697.15	0	.6693375	.3163008	.01436169	0
696.15	0	.6695373	.3161477	.01431505	0
695.15	0	.6697347	.3159969	.0142684	0
694.15	0	.6699326	.3158466	.01422083	0
693.15	0	.6701252	.3157006	.01417423	0
692.15	0	.6703155	.3155569	.01412762	0
691.15	0	.6705037	.3154153	.01408099	0
690.15	0	.6706897	.315276	.01403435	0
689.15	0	.6708735	.3151388	.0139877	0
688.15	0	.6710552	.3150037	.01394105	0
687.15	0	.6712348	.3148708	.01389438	0
686.15	0	.6714124	.3147399	.01384771	0
685.15	0	.6715878	.3146111	.01380103	0
684.15	0	.6717613	.3144844	.01375434	0
683.15	0	.6719327	.3143596	.01370765	0
682.15	0	.6721022	.3142369	.01366096	0
681.15	0	.6722697	.3141161	.01361426	0
680.15	0	.6724352	.3139972	.01356757	0
679.15	0	.6725988	.3138803	.01352087	0
678.15	0	.6727606	.3137653	.01347417	0
677.15	0	.6729204	.3136521	.01342747	0
676.15	0	.6730784	.3135408	.01338078	0
675.15	0	.6732346	.3134313	.01333409	0
674.15	0	.673389	.3133237	.0132874	0
673.15	0	.6735415	.3132178	.01324072	0
672.15	0	.6736923	.3131136	.01319404	0
671.15	0	.6738414	.3130113	.01314737	0
670.15	0	.6739887	.3129106	.01310071	0
669.15	0	.6741343	.3128117	.01305406	0
668.15	0	.6742782	.3127144	.01300741	0
667.15	0	.6744204	.3126188	.01296078	0
666.15	0	.674561	.3125248	.01291416	0
665.15	0	.6747	.3124325	.01286754	0
664.15	0	.6748373	.3123418	.01282095	0
663.15	0	.674973	.3122526	.01277436	0
662.15	0	.6751072	.312165	.01272779	0
661.15	0	.6752398	.312079	.01268124	0
660.15	0	.6753708	.3119945	.0126347	0
659.15	0	.6755003	.3119115	.01258818	0
658.15	0	.6756283	.31183	.01254167	0
657.15	0	.6757548	.31175	.01249519	0
656.15	0	.6758799	.3116714	.01244873	0
655.15	0	.6760034	.3115943	.01240228	0
654.15	0	.6761255	.3115186	.01235586	0
653.15	0	.6762462	.3114443	.01230946	0
652.15	0	.6763655	.3113714	.01226308	0
651.15	0	.6764834	.3112999	.01221673	0
650.15	0	.6765999	.3112297	.0121704	0
649.15	0	.676715	.3111609	.0121241	0
648.15	0	.6768288	.3110934	.01207782	0
647.15	0	.6769412	.3110272	.01203157	0
646.15	0	.6770523	.3109623	.01198535	0
645.15	0	.6771621	.3108987	.01193916	0
644.15	0	.6772706	.3108364	.01189299	0
643.15	0	.6773779	.3107753	.01184686	0
642.15	0	.6774838	.3107154	.01180076	0
641.15	0	.6775886	.3106568	.01175469	0
640.15	0	.6776921	.3105993	.01170865	0
639.15	0	.6777943	.3105431	.01166265	0
638.15	0	.6778954	.310488	.01161668	0
637.15	0	.6779952	.3104341	.01157075	0
636.15	0	.6780939	.3103813	.01152485	0
635.15	0	.6781914	.3103297	.01147899	0
634.15	0	.6782877	.3102792	.01143316	0
633.15	0	.6783829	.3102297	.01138738	0
632.15	0	.6784769	.3101814	.01134163	0
631.15	0	.6785699	.3101342	.01129593	0
630.15	0	.6786617	.310088	.01125026	0
629.15	0	.6787524	.3100429	.01120464	0
628.15	0	.6788421	.3099989	.01115906	0
627.15	0	.6789306	.3099558	.01111352	0
626.15	0	.6790182	.3099138	.01106803	0
625.15	0	.6791046	.3098728	.01102258	0
624.15	0	.67919	.3098328	.01097717	0
623.15	0	.6792744	.3097938	.01093182	0
622.15	0	.6793578	.3097557	.0108865	0
621.15	0	.6794402	.3097186	.01084124	0
620.15	0	.6795216	.3096824	.01079603	0
619.15	0	.679602	.3096472	.01075086	0
618.15	0	.6796814	.3096129	.01070575	0
617.15	0	.6797598	.3095795	.01066068	0
616.15	0	.6798374	.309547	.01061567	0
615.15	0	.6799139	.3095154	.01057071	0
614.15	0	.6799896	.3094846	.0105258	0
613.15	0	.6800643	.3094548	.01048095	0
612.15	0	.6801381	.3094258	.01043615	0
611.15	0	.680211	.3093976	.01039141	0
610.15	0	.680283	.3093703	.01034673	0
609.15	0	.6803541	.3093438	.0103021	0
608.15	0	.6804244	.3093181	.01025753	0
607.15	0	.6804938	.3092932	.01021301	0
606.15	0	.6805623	.3092691	.01016856	0
605.15	0	.68063	.3092458	.01012417	0
604.15	0	.6806969	.3092233	.01007983	0
603.15	0	.6807629	.3092015	.01003556	0
602.15	0	.6808281	.3091805	.009991352	0
601.15	0	.6808925	.3091603	.009947207	0
600.15	0	.6809561	.3091408	.009903125	0
599.15	0	.6810189	.309122	.009859108	0
598.15	0	.681081	.3091039	.009815156	0
597.4188	0	.6811258	.3090911	.009783061	0
597.4188	0	.6811258	.3090911	.009783061	0
597.4188	0	.6811258	.3090911	.009783061	0
597.15	0	.6812876	.308793	.009647501	2.71932E-04
596.15	0	.6818856	.3076891	.009144839	.001280523
595.15	0	.6824774	.3065935	.008644733	.00228438
594.15	0	.6830633	.305506	.008147155	.003283555
593.15	0	.6836432	.3044266	.007652074	.004278099
592.15	0	.6842174	.3033551	.007159462	.005268062
591.15	0	.6847858	.3022914	.006669292	.006253494
590.15	0	.6853486	.3012355	.006181535	.007234445
589.15	0	.6859058	.3001871	.005696164	.008210962
588.15	0	.6864576	.2991462	.005213153	.009183093
587.15	0	.687004	.2981127	.004732475	.01015089
586.15	0	.687545	.2970865	.004254103	.01111439
585.15	0	.6880809	.2960674	.003778013	.01207364
584.15	0	.6886117	.2950555	.003304178	.01302869
583.15	0	.6891373	.2940505	.002832575	.01397959
582.15	0	.689658	.2930524	.002363178	.01492638
581.15	0	.6901738	.2920611	.001895964	.0158691
580.15	0	.6906848	.2910765	.001430908	.01680779
579.15	0	.691191	.2900985	9.679866E-04	.0177425
578.15	0	.6916925	.2891271	5.071775E-04	.01867327
577.15	0	.6921894	.288162	4.845752E-05	.01960014
577.0441	0	.6922417	.2880602	0	.01969807
577.0441	0	.6922417	.2880602	0	.01969807
576.15	0	.6923251	.2876742	0	.02000068
575.15	0	.6924169	.2872457	0	.02033742
574.15	0	.6925072	.2868204	0	.02067238
573.15	0	.692596	.2863984	0	.02100557
572.15	0	.6926833	.2859797	0	.02133702
571.15	0	.6927691	.2855642	0	.02166672
570.15	0	.6928534	.2851519	0	.02199471
569.15	0	.6929364	.2847426	0	.022321
568.15	0	.6930179	.2843365	0	.0226456
567.15	0	.693098	.2839335	0	.02296853
566.15	0	.6931767	.2835335	0	.02328981
565.15	0	.6932541	.2831365	0	.02360945
564.15	0	.6933301	.2827425	0	.02392747
563.15	0	.6934048	.2823514	0	.02424389
562.15	0	.6934781	.2819632	0	.02455871
561.15	0	.6935502	.2815779	0	.02487196
560.15	0	.6936209	.2811954	0	.02518365
559.15	0	.6936905	.2808158	0	.02549379
558.15	0	.6937587	.2804389	0	.02580241
557.15	0	.6938257	.2800648	0	.02610951
556.15	0	.6938915	.2796934	0	.02641511
555.15	0	.6939561	.2793247	0	.02671923
554.15	0	.6940195	.2789586	0	.02702188
553.15	0	.6940817	.2785952	0	.02732307
552.15	0	.6941427	.2782344	0	.02762281
551.15	0	.6942026	.2778762	0	.02792113
550.15	0	.6942614	.2775206	0	.02821804
549.15	0	.694319	.2771674	0	.02851355
548.15	0	.6943756	.2768168	0	.02880767
547.15	0	.694431	.2764686	0	.02910042
546.15	0	.6944854	.2761228	0	.02939181
545.15	0	.6945387	.2757795	0	.02968185
544.15	0	.6945909	.2754386	0	.02997057
543.15	0	.6946421	.2751	0	.03025796
542.15	0	.6946922	.2747637	0	.03054405
541.15	0	.6947414	.2744298	0	.03082885
540.15	0	.6947895	.2740981	0	.03111237
539.15	0	.6948367	.2737687	0	.03139462
538.15	0	.6948829	.2734415	0	.03167562
537.15	0	.6949281	.2731166	0	.03195537
536.15	0	.6949723	.2727938	0	.0322339
535.15	0	.6950156	.2724732	0	.03251121
534.15	0	.695058	.2721547	0	.03278732
533.15	0	.6950995	.2718383	0	.03306223
532.15	0	.69514	.271524	0	.03333597
531.15	0	.6951797	.2712118	0	.03360853
530.15	0	.6952184	.2709016	0	.03387994
529.15	0	.6952563	.2705935	0	.03415021
528.15	0	.6952933	.2702873	0	.03441934
527.15	0	.6953295	.2699831	0	.03468735
526.15	0	.6953649	.2696809	0	.03495426
525.15	0	.6953994	.2693806	0	.03522006
524.15	0	.695433	.2690822	0	.03548477
523.15	0	.6954659	.2687857	0	.03574841
522.15	0	.695498	.268491	0	.03601099
521.15	0	.6955293	.2681982	0	.03627251
520.15	0	.6955598	.2679073	0	.03653299
519.15	0	.6955895	.2676181	0	.03679243
518.15	0	.6956185	.2673307	0	.03705085
517.15	0	.6956467	.267045	0	.03730826
516.15	0	.6956742	.2667611	0	.03756467
515.15	0	.6957009	.266479	0	.03782009
514.15	0	.695727	.2661985	0	.03807453
513.15	0	.6957523	.2659197	0	.038328
512.15	0	.6957769	.2656426	0	.03858051
511.15	0	.6958009	.2653671	0	.03883206
510.15	0	.6958241	.2650932	0	.03908268
509.15	0	.6958467	.264821	0	.03933237
508.15	0	.6958686	.2645503	0	.03958113
507.15	0	.6958898	.2642812	0	.03982899
506.15	0	.6959104	.2640136	0	.04007594
505.15	0	.6959304	.2637476	0	.040322
504.15	0	.6959497	.2634831	0	.04056718
503.15	0	.6959684	.2632201	0	.04081148
502.15	0	.6959865	.2629585	0	.04105492
501.15	0	.696004	.2626985	0	.0412975
500.15	0	.6960209	.2624398	0	.04153924
499.15	0	.6960373	.2621826	0	.04178014
498.15	0	.696053	.2619268	0	.04202021
497.15	0	.6960681	.2616724	0	.04225946
496.15	0	.6960827	.2614194	0	.0424979
495.15	0	.6960968	.2611677	0	.04273553
494.15	0	.6961103	.2609173	0	.04297238
493.15	0	.6961232	.2606683	0	.04320843
492.15	0	.6961356	.2604206	0	.04344371
491.15	0	.6961476	.2601742	0	.04367822
490.15	0	.6961589	.2599291	0	.04391197
489.15	0	.6961698	.2596852	0	.04414496
488.15	0	.6961802	.2594426	0	.04437721
487.15	0	.6961901	.2592012	0	.04460872
486.15	0	.6961995	.258961	0	.04483951
485.15	0	.6962084	.2587221	0	.04506957
484.15	0	.6962168	.2584843	0	.04529892
483.15	0	.6962248	.2582477	0	.04552756
482.15	0	.6962323	.2580122	0	.0457555
481.15	0	.6962394	.2577779	0	.04598276
480.15	0	.696246	.2575447	0	.04620932
479.15	0	.6962522	.2573126	0	.04643522
478.15	0	.6962579	.2570816	0	.04666044
477.15	0	.6962633	.2568517	0	.046885
476.15	0	.6962682	.2566229	0	.0471089
475.15	0	.6962727	.2563951	0	.04733216
474.15	0	.6962768	.2561684	0	.04755478
473.15	0	.6962805	.2559427	0	.04777676
472.15	0	.6962839	.255718	0	.04799812
471.15	0	.6962868	.2554944	0	.04821886
470.15	0	.6962894	.2552717	0	.04843898
469.15	0	.6962916	.25505	0	.04865849
468.15	0	.6962934	.2548292	0	.04887741
467.15	0	.6962949	.2546094	0	.04909573
466.15	0	.696296	.2543906	0	.04931346
465.15	0	.6962968	.2541726	0	.04953061
464.15	0	.6962972	.2539556	0	.04974719
463.15	0	.6962973	.2537395	0	.0499632
462.15	0	.6962971	.2535243	0	.05017864
461.15	0	.6962965	.2533099	0	.05039353
460.15	0	.6962957	.2530964	0	.05060787
459.15	0	.6962945	.2528838	0	.05082166
458.15	0	.6962931	.252672	0	.05103492
457.15	0	.6962913	.2524611	0	.05124764
456.15	0	.6962892	.2522509	0	.05145983
455.15	0	.6962869	.2520416	0	.05167151
454.15	0	.6962843	.251833	0	.05188267
453.15	0	.6962814	.2516253	0	.05209332
452.15	0	.6962782	.2514183	0	.05230346
451.15	0	.6962748	.2512121	0	.0525131
450.15	0	.6962711	.2510066	0	.05272226
449.15	0	.6962673	.2508018	0	.05293095
448.15	0	.6962632	.2505977	0	.05313916
447.15	0	.6962588	.2503943	0	.0533469
446.15	0	.6962543	.2501915	0	.05355417
445.15	0	.6962495	.2499895	0	.05376099
444.15	0	.6962446	.2497881	0	.05396736
443.15	0	.6962394	.2495873	0	.05417328
442.15	0	.6962341	.2493871	0	.05437877
441.15	0	.6962286	.2491875	0	.05458383
440.15	0	.696223	.2489885	0	.05478847
439.15	0	.6962172	.2487901	0	.05499269
438.15	0	.6962113	.2485922	0	.0551965
437.15	0	.6962052	.2483949	0	.05539991
436.15	0	.6961991	.248198	0	.05560293
435.15	0	.6961928	.2480017	0	.05580555
434.15	0	.6961864	.2478058	0	.05600779
433.15	0	.6961799	.2476104	0	.05620965
432.15	0	.6961734	.2474155	0	.05641114
431.15	0	.6961667	.247221	0	.05661226
430.15	0	.69616	.247027	0	.05681302
429.15	0	.6961533	.2468333	0	.05701342
428.15	0	.6961464	.2466401	0	.05721348
427.15	0	.6961396	.2464473	0	.05741318
426.15	0	.6961327	.2462548	0	.05761255
425.15	0	.6961257	.2460627	0	.05781158
424.15	0	.6961187	.245871	0	.05801027
423.15	0	.6961117	.2456796	0	.05820864
422.15	0	.6961047	.2454886	0	.05840669
421.15	0	.6960977	.2452979	0	.05860442
420.15	0	.6960906	.2451075	0	.05880183
419.15	0	.6960836	.2449175	0	.05899894
418.15	0	.6960766	.2447277	0	.05919574
417.15	0	.6960696	.2445382	0	.05939223
416.15	0	.6960626	.244349	0	.05958843
415.15	0	.6960556	.2441601	0	.05978434
414.15	0	.6960486	.2439714	0	.05997995
413.15	0	.6960417	.243783	0	.06017528
412.15	0	.6960348	.2435949	0	.06037032
411.15	0	.696028	.2434069	0	.06056508
410.15	0	.6960212	.2432193	0	.06075957
409.15	0	.6960144	.2430318	0	.06095378
408.15	0	.6960077	.2428446	0	.06114773
407.15	0	.696001	.2426576	0	.0613414
406.15	0	.6959945	.2424707	0	.06153481
405.15	0	.6959879	.2422841	0	.06172796
404.15	0	.6959814	.2420977	0	.06192085
403.15	0	.695975	.2419115	0	.06211348
402.15	0	.6959687	.2417254	0	.06230586
401.15	0	.6959625	.2415396	0	.06249799
400.15	0	.6959563	.2413539	0	.06268987
399.15	0	.6959502	.2411683	0	.0628815
398.15	0	.6959441	.240983	0	.06307289
397.15	0	.6959382	.2407978	0	.06326404
396.15	0	.6959324	.2406127	0	.06345494
395.15	0	.6959266	.2404278	0	.06364562
394.15	0	.6959209	.240243	0	.06383605
393.15	0	.6959153	.2400584	0	.06402626
392.15	0	.6959099	.2398739	0	.06421623
391.15	0	.6959045	.2396896	0	.06440597
390.15	0	.6958992	.2395053	0	.06459549
389.15	0	.695894	.2393212	0	.06478478
388.15	0	.6958889	.2391373	0	.06497384
387.15	0	.6958839	.2389534	0	.06516269
386.15	0	.695879	.2387697	0	.06535131
385.15	0	.6958743	.238586	0	.06553972
384.15	0	.6958696	.2384025	0	.06572791
383.15	0	.695865	.2382191	0	.06591588
382.15	0	.6958606	.2380358	0	.06610364
381.15	0	.6958562	.2378526	0	.06629118
380.15	0	.695852	.2376695	0	.06647852
379.15	0	.6958479	.2374865	0	.06666564
378.15	0	.6958439	.2373036	0	.06685255
377.15	0	.69584	.2371208	0	.06703926
376.15	0	.6958362	.236938	0	.06722576
375.15	0	.6958325	.2367554	0	.06741205
374.15	0	.695829	.2365729	0	.06759814
