T	 BPW(LIQUID)	BPW(BCC_A2)	BPW(FCC_A1)	BPW(LAVES_PHASE_C14)	BPW(NI3TI)
1473.15	.1060487	.8939513	0	0	0
1472.15	.1034969	.8965031	0	0	0
1471.15	.1009645	.8990355	0	0	0
1470.15	.09845126	.9015487	0	0	0
1469.15	.09595715	.9040429	0	0	0
1468.15	.09348198	.906518	0	0	0
1467.15	.0910256	.9089744	0	0	0
1466.15	.08858786	.9114121	0	0	0
1465.15	.08616862	.9138314	0	0	0
1464.15	.08376774	.9162323	0	0	0
1463.15	.08138507	.9186149	0	0	0
1462.15	.07902048	.9209795	0	0	0
1461.15	.07667381	.9233262	0	0	0
1460.15	.07434494	.9256551	0	0	0
1459.15	.07203372	.9279663	0	0	0
1458.15	.06974001	.93026	0	0	0
1457.15	.06746368	.9325363	0	0	0
1456.15	.0652046	.9347954	0	0	0
1455.15	.06296263	.9370374	0	0	0
1454.15	.06073763	.9392624	0	0	0
1453.15	.05852947	.9414705	0	0	0
1452.15	.05633802	.943662	0	0	0
1451.15	.05416315	.9458369	0	0	0
1450.15	.05200472	.9479953	0	0	0
1449.15	.04986262	.9501374	0	0	0
1448.15	.04773671	.9522633	0	0	0
1447.15	.04562686	.9543731	0	0	0
1446.15	.04353295	.9564671	0	0	0
1445.15	.04145486	.9585451	0	0	0
1444.15	.03939245	.9606075	0	0	0
1443.15	.03734561	.9626544	0	0	0
1442.15	.03531421	.9646858	0	0	0
1441.15	.03329814	.9667019	0	0	0
1440.15	.03129726	.9687027	0	0	0
1439.15	.02931147	.9706885	0	0	0
1438.15	.02734063	.9726594	0	0	0
1437.15	.02538464	.9746154	0	0	0
1436.15	.02344338	.9765566	0	0	0
1435.15	.02151673	.9784833	0	0	0
1434.15	.01960458	.9803954	0	0	0
1433.15	.01770681	.9822932	0	0	0
1432.15	.01582331	.9841767	0	0	0
1431.15	.01395396	.986046	0	0	0
1430.15	.01209866	.9879013	0	0	0
1429.15	.01025729	.9897427	0	0	0
1428.15	.00842975	.9915703	0	0	0
1427.15	.006615922	.9933841	0	0	0
1426.15	.0048157	.9951843	0	0	0
1425.15	.003028979	.996971	0	0	0
1424.15	.001255651	.9987443	0	0	0
1423.437	0	1	0	0	0
1423.437	0	1	0	0	0
1423.15	0	1	0	0	0
1422.15	0	1	0	0	0
1421.15	0	1	0	0	0
1420.15	0	1	0	0	0
1419.15	0	1	0	0	0
1418.15	0	1	0	0	0
1417.15	0	1	0	0	0
1416.15	0	1	0	0	0
1415.15	0	1	0	0	0
1414.15	0	1	0	0	0
1413.15	0	1	0	0	0
1412.706	0	1	0	0	0
1412.706	0	1	0	0	0
1412.706	0	1	0	0	0
1412.15	0	.9996003	0	3.996668E-04	0
1411.15	0	.9988831	0	.001116898	0
1410.15	0	.9981676	0	.001832386	0
1409.15	0	.9974539	0	.002546138	0
1408.15	0	.9967418	0	.003258159	0
1407.15	0	.9960316	0	.003968455	0
1406.15	0	.995323	0	.004677031	0
1405.15	0	.9946161	0	.005383894	0
1404.15	0	.993911	0	.00608905	0
1403.15	0	.9932075	0	.006792503	0
1402.15	0	.9925057	0	.00749426	0
1401.15	0	.9918057	0	.008194326	0
1400.15	0	.9911073	0	.008892707	0
1399.15	0	.9904106	0	.009589408	0
1398.15	0	.9897156	0	.01028444	0
1397.15	0	.9890222	0	.01097779	0
1396.15	0	.9883305	0	.01166949	0
1395.15	0	.9876405	0	.01235953	0
1394.15	0	.9869521	0	.01304791	0
1393.15	0	.9862654	0	.01373465	0
1392.15	0	.9855802	0	.01441975	0
1391.15	0	.9848968	0	.01510321	0
1390.15	0	.984215	0	.01578504	0
1389.15	0	.9835348	0	.01646525	0
1388.15	0	.9828562	0	.01714383	0
1387.15	0	.9821792	0	.01782081	0
1386.15	0	.9815038	0	.01849617	0
1385.15	0	.9808301	0	.01916993	0
1384.15	0	.9801579	0	.01984208	0
1383.15	0	.9794873	0	.02051265	0
1382.15	0	.9788184	0	.02118162	0
1381.15	0	.978151	0	.02184901	0
1380.15	0	.9774852	0	.02251483	0
1379.15	0	.9768209	0	.02317907	0
1378.15	0	.9761583	0	.02384174	0
1377.15	0	.9754972	0	.02450285	0
1376.15	0	.9748376	0	.0251624	0
1375.15	0	.9741796	0	.0258204	0
1374.15	0	.9735232	0	.02647684	0
1373.15	0	.9728682	0	.02713175	0
1372.15	0	.9722149	0	.02778511	0
1371.15	0	.971563	0	.02843695	0
1370.15	0	.9709127	0	.02908725	0
1369.15	0	.970264	0	.02973603	0
1368.15	0	.9696167	0	.03038329	0
1367.15	0	.968971	0	.03102904	0
1366.15	0	.9683267	0	.03167327	0
1365.15	0	.967684	0	.03231601	0
1364.15	0	.9670428	0	.03295724	0
1363.15	0	.966403	0	.03359697	0
1362.15	0	.9657648	0	.03423522	0
1361.15	0	.965128	0	.03487198	0
1360.15	0	.9644927	0	.03550726	0
1359.15	0	.9638589	0	.03614106	0
1358.15	0	.9632266	0	.03677338	0
1357.15	0	.9625958	0	.03740425	0
1356.15	0	.9619663	0	.03803364	0
1355.15	0	.9613384	0	.03866158	0
1354.15	0	.9607119	0	.03928807	0
1353.15	0	.9600869	0	.03991311	0
1352.15	0	.9594633	0	.0405367	0
1351.15	0	.9588412	0	.04115885	0
1350.15	0	.9582204	0	.04177957	0
1349.15	0	.9576012	0	.04239885	0
1348.15	0	.9569833	0	.04301671	0
1347.15	0	.9563669	0	.04363314	0
1346.15	0	.9557519	0	.04424815	0
1345.15	0	.9551383	0	.04486175	0
1344.15	0	.9545261	0	.04547394	0
1343.15	0	.9539153	0	.04608473	0
1342.15	0	.9533059	0	.04669411	0
1341.15	0	.9526979	0	.0473021	0
1340.15	0	.9520913	0	.04790869	0
1339.15	0	.9514861	0	.0485139	0
1338.15	0	.9508823	0	.04911772	0
1337.15	0	.9502798	0	.04972016	0
1336.15	0	.9496788	0	.05032122	0
1335.15	0	.9490791	0	.05092092	0
1334.15	0	.9484808	0	.05151924	0
1333.15	0	.9478838	0	.0521162	0
1332.15	0	.9472882	0	.0527118	0
1331.15	0	.946694	0	.05330605	0
1330.15	0	.9461011	0	.05389894	0
1329.15	0	.9455095	0	.05449049	0
1328.15	0	.9449193	0	.05508069	0
1327.15	0	.9443304	0	.05566956	0
1326.15	0	.9437429	0	.05625709	0
1325.15	0	.9431567	0	.05684328	0
1324.15	0	.9425719	0	.05742815	0
1323.15	0	.9419883	0	.0580117	0
1322.15	0	.9414061	0	.05859392	0
1321.15	0	.9408252	0	.05917483	0
1320.15	0	.9402456	0	.05975443	0
1319.15	0	.9396673	0	.06033272	0
1318.15	0	.9390903	0	.06090971	0
1317.15	0	.9385146	0	.06148539	0
1316.15	0	.9379402	0	.06205978	0
1315.15	0	.9373671	0	.06263288	0
1314.15	0	.9367953	0	.06320468	0
1313.15	0	.9362248	0	.0637752	0
1312.15	0	.9356556	0	.06434444	0
1311.15	0	.9350876	0	.06491241	0
1310.15	0	.9345209	0	.06547909	0
1309.15	0	.9339555	0	.06604451	0
1308.15	0	.9333913	0	.06660866	0
1307.15	0	.9328285	0	.06717154	0
1306.15	0	.9322668	0	.06773317	0
1305.15	0	.9317065	0	.06829354	0
1304.15	0	.9311473	0	.06885266	0
1303.15	0	.9305895	0	.06941053	0
1302.15	0	.9300328	0	.06996716	0
1301.15	0	.9294775	0	.07052254	0
1300.15	0	.9289233	0	.07107668	0
1299.15	0	.9283704	0	.07162959	0
1298.15	0	.9278187	0	.07218127	0
1297.15	0	.9272683	0	.07273172	0
1296.15	0	.926719	0	.07328095	0
1295.15	0	.926171	0	.07382896	0
1294.15	0	.9256243	0	.07437575	0
1293.15	0	.9250787	0	.07492132	0
1292.15	0	.9245343	0	.07546569	0
1291.15	0	.9239912	0	.07600884	0
1290.15	0	.9234492	0	.0765508	0
1289.15	0	.9229085	0	.07709155	0
1288.15	0	.9223689	0	.07763111	0
1287.15	0	.9218305	0	.07816947	0
1286.15	0	.9212934	0	.07870664	0
1285.15	0	.9207574	0	.07924263	0
1284.15	0	.9202226	0	.07977743	0
1283.15	0	.9196889	0	.08031105	0
1282.15	0	.9191565	0	.0808435	0
1281.15	0	.9186252	0	.08137477	0
1280.15	0	.9180951	0	.08190487	0
1279.15	0	.9175662	0	.0824338	0
1278.15	0	.9170384	0	.08296157	0
1277.15	0	.9165118	0	.08348818	0
1276.15	0	.9159864	0	.08401363	0
1275.15	0	.9154621	0	.08453792	0
1274.15	0	.9149389	0	.08506107	0
1273.15	0	.9144169	0	.08558306	0
1272.15	0	.9138961	0	.08610391	0
1271.15	0	.9133764	0	.08662362	0
1270.15	0	.9128578	0	.08714219	0
1269.15	0	.9123404	0	.08765962	0
1268.15	0	.9118241	0	.08817592	0
1267.15	0	.9113089	0	.08869109	0
1266.15	0	.9107949	0	.08920513	0
1265.15	0	.910282	0	.08971805	0
1264.15	0	.9097701	0	.09022985	0
1263.15	0	.9092595	0	.09074053	0
1262.15	0	.9087499	0	.0912501	0
1261.15	0	.9082415	0	.09175855	0
1260.15	0	.9077341	0	.09226589	0
1259.15	0	.9072279	0	.09277213	0
1258.15	0	.9067227	0	.09327727	0
1257.15	0	.9062187	0	.0937813	0
1256.15	0	.9057158	0	.09428424	0
1255.15	0	.9052139	0	.09478609	0
1254.15	0	.9047132	0	.09528684	0
1253.15	0	.9042135	0	.0957865	0
1252.15	0	.9037149	0	.09628508	0
1251.15	0	.9032174	0	.09678258	0
1250.15	0	.902721	0	.09727899	0
1249.15	0	.9022257	0	.09777433	0
1248.15	0	.9017314	0	.09826859	0
1247.15	0	.9012382	0	.09876179	0
1246.15	0	.9007461	0	.09925391	0
1245.15	0	.900255	0	.09974497	0
1244.15	0	.899765	0	.100235	0
1243.15	0	.8992761	0	.1007239	0
1242.15	0	.8987882	0	.1012118	0
1241.15	0	.8983014	0	.1016986	0
1240.15	0	.8978156	0	.1021844	0
1239.15	0	.8973309	0	.1026691	0
1238.15	0	.8968473	0	.1031527	0
1237.15	0	.8963646	0	.1036354	0
1236.15	0	.895883	0	.104117	0
1235.15	0	.8954025	0	.1045975	0
1234.15	0	.894923	0	.105077	0
1233.15	0	.8944445	0	.1055555	0
1232.15	0	.8939671	0	.1060329	0
1231.15	0	.8934907	0	.1065094	0
1230.15	0	.8930153	0	.1069847	0
1229.15	0	.8925409	0	.1074591	0
1228.15	0	.8920676	0	.1079325	0
1227.15	0	.8915952	0	.1084048	0
1226.15	0	.8911239	0	.1088761	0
1225.15	0	.8906536	0	.1093464	0
1224.15	0	.8901843	0	.1098157	0
1223.15	0	.8897161	0	.110284	0
1222.15	0	.8892488	0	.1107512	0
1221.15	0	.8887825	0	.1112175	0
1220.15	0	.8883172	0	.1116828	0
1219.15	0	.887853	0	.112147	0
1218.15	0	.8873897	0	.1126103	0
1217.15	0	.8869274	0	.1130726	0
1216.15	0	.8864661	0	.1135339	0
1215.15	0	.8860058	0	.1139942	0
1214.15	0	.8855465	0	.1144535	0
1213.15	0	.8850882	0	.1149118	0
1212.15	0	.8846308	0	.1153692	0
1211.15	0	.8841744	0	.1158256	0
1210.15	0	.883719	0	.116281	0
1209.15	0	.8832646	0	.1167354	0
1208.15	0	.8828112	0	.1171888	0
1207.15	0	.8823587	0	.1176413	0
1206.15	0	.8819072	0	.1180928	0
1205.15	0	.8814566	0	.1185434	0
1204.15	0	.8810071	0	.118993	0
1203.15	0	.8805584	0	.1194416	0
1202.15	0	.8801108	0	.1198893	0
1201.15	0	.879664	0	.120336	0
1200.15	0	.8792183	0	.1207817	0
1199.15	0	.8787735	0	.1212265	0
1198.15	0	.8783296	0	.1216704	0
1197.15	0	.8778867	0	.1221133	0
1196.15	0	.8774447	0	.1225553	0
1195.15	0	.8770037	0	.1229963	0
1194.15	0	.8765636	0	.1234364	0
1193.15	0	.8761245	0	.1238755	0
1192.15	0	.8756863	0	.1243137	0
1191.15	0	.875249	0	.124751	0
1190.15	0	.8748127	0	.1251873	0
1189.15	0	.8743772	0	.1256228	0
1188.15	0	.8739427	0	.1260572	0
1187.15	0	.8735092	0	.1264908	0
1186.15	0	.8730766	0	.1269235	0
1185.15	0	.8726448	0	.1273552	0
1184.15	0	.872214	0	.127786	0
1183.15	0	.8717841	0	.1282159	0
1182.15	0	.8713552	0	.1286448	0
1181.15	0	.8709271	0	.1290729	0
1180.15	0	.8705	0	.1295	0
1179.15	0	.8700737	0	.1299263	0
1178.15	0	.8696484	0	.1303516	0
1177.15	0	.8692239	0	.1307761	0
1176.15	0	.8688004	0	.1311996	0
1175.15	0	.8683778	0	.1316222	0
1174.15	0	.8679561	0	.1320439	0
1173.15	0	.8675352	0	.1324648	0
1172.15	0	.8671153	0	.1328847	0
1171.15	0	.8666963	0	.1333038	0
1170.15	0	.8662781	0	.1337219	0
1169.15	0	.8658608	0	.1341392	0
1168.15	0	.8654444	0	.1345556	0
1167.15	0	.8650289	0	.1349711	0
1166.15	0	.8646143	0	.1353857	0
1165.15	0	.8642006	0	.1357994	0
1164.15	0	.8637877	0	.1362123	0
1163.15	0	.8633757	0	.1366243	0
1162.15	0	.8629646	0	.1370354	0
1161.15	0	.8625544	0	.1374456	0
1160.15	0	.862145	0	.137855	0
1159.15	0	.8617365	0	.1382635	0
1158.15	0	.8613289	0	.1386711	0
1157.15	0	.8609222	0	.1390779	0
1156.15	0	.8605163	0	.1394837	0
1155.15	0	.8601112	0	.1398888	0
1154.15	0	.859707	0	.140293	0
1153.15	0	.8593037	0	.1406963	0
1152.15	0	.8589012	0	.1410988	0
1151.15	0	.8584996	0	.1415004	0
1150.15	0	.8580989	0	.1419011	0
1149.15	0	.857699	0	.1423011	0
1148.15	0	.8572999	0	.1427001	0
1147.15	0	.8569017	0	.1430983	0
1146.15	0	.8565043	0	.1434957	0
1145.15	0	.8561078	0	.1438922	0
1144.15	0	.8557121	0	.1442879	0
1143.15	0	.8553173	0	.1446827	0
1142.15	0	.8549233	0	.1450767	0
1141.15	0	.8545301	0	.1454699	0
1140.15	0	.8541378	0	.1458622	0
1139.15	0	.8537463	0	.1462537	0
1138.15	0	.8533556	0	.1466444	0
1137.15	0	.8529657	0	.1470343	0
1136.15	0	.8525767	0	.1474233	0
1135.15	0	.8521885	0	.1478115	0
1134.15	0	.8518012	0	.1481988	0
1133.15	0	.8514146	0	.1485854	0
1132.751	0	.8512605	0	.1487395	0
1132.751	0	.8512605	0	.1487395	0
1132.751	0	.8512605	0	.1487395	0
1132.15	0	.8505227	5.264578E-04	.1489509	0
1131.15	0	.8492971	.001400847	.149302	0
1130.15	0	.848075	.002272712	.1496523	0
1129.15	0	.8468564	.003142053	.1500016	0
1128.15	0	.8456411	.00400887	.15035	0
1127.15	0	.8444293	.004873163	.1506975	0
1126.15	0	.8432209	.005734931	.1510441	0
1125.15	0	.842016	.006594175	.1513899	0
1124.15	0	.8408145	.007450894	.1517346	0
1123.15	0	.8396164	.008305088	.1520786	0
1122.15	0	.8384217	.009156756	.1524216	0
1121.15	0	.8372304	.0100059	.1527637	0
1120.15	0	.8360426	.01085251	.1531049	0
1119.15	0	.8348582	.0116966	.1534452	0
1118.15	0	.8336772	.01253817	.1537847	0
1117.15	0	.8324996	.0133772	.1541232	0
1116.15	0	.8313254	.01421371	.1544609	0
1115.15	0	.8301546	.01504768	.1547977	0
1114.15	0	.8289873	.01587913	.1551336	0
1113.15	0	.8278233	.01670805	.1554686	0
1112.15	0	.8266628	.01753444	.1558028	0
1111.15	0	.8255057	.0183583	.1561361	0
1110.15	0	.8243519	.01917962	.1564685	0
1109.15	0	.8232016	.01999842	.1568	0
1108.15	0	.8220547	.02081468	.1571307	0
1107.15	0	.8209111	.0216284	.1574605	0
1106.15	0	.819771	.02243959	.1577894	0
1105.15	0	.8186343	.02324825	.1581175	0
1104.15	0	.817501	.02405436	.1584447	0
1103.15	0	.816371	.02485794	.158771	0
1102.15	0	.8152445	.02565898	.1590965	0
1101.15	0	.8141213	.02645748	.1594212	0
1100.15	0	.8130016	.02725344	.159745	0
1099.15	0	.8118853	.02804686	.1600679	0
1098.15	0	.8107723	.02883774	.16039	0
1097.15	0	.8096627	.02962607	.1607112	0
1096.15	0	.8085566	.03041186	.1610316	0
1095.15	0	.8074538	.0311951	.1613511	0
1094.15	0	.8063544	.03197579	.1616698	0
1093.15	0	.8052584	.03275393	.1619877	0
1092.15	0	.8041658	.03352953	.1623047	0
1091.15	0	.8030766	.03430257	.1626209	0
1090.15	0	.8019907	.03507306	.1629362	0
1089.15	0	.8009083	.035841	.1632507	0
1088.15	0	.7998293	.03660638	.1635644	0
1087.15	0	.7987536	.03736921	.1638772	0
1086.15	0	.7976813	.03812948	.1641892	0
1085.15	0	.7966125	.03888718	.1645004	0
1084.15	0	.795547	.03964233	.1648107	0
1083.15	0	.7944849	.04039492	.1651202	0
1082.15	0	.7934262	.04114494	.1654289	0
1081.15	0	.7923708	.0418924	.1657368	0
1080.15	0	.7913189	.04263729	.1660438	0
1079.15	0	.7902704	.04337961	.16635	0
1078.15	0	.7892252	.04411936	.1666554	0
1077.15	0	.7881835	.04485654	.16696	0
1076.15	0	.7871451	.04559115	.1672638	0
1075.15	0	.7861101	.04632318	.1675667	0
1074.15	0	.7850785	.04705264	.1678688	0
1073.15	0	.7840503	.04777952	.1681702	0
1072.15	0	.7830255	.04850382	.1684707	0
1071.15	0	.7820041	.04922553	.1687703	0
1070.15	0	.7809861	.04994467	.1690692	0
1069.15	0	.7799715	.05066122	.1693673	0
1068.15	0	.7789603	.05137518	.1696646	0
1067.15	0	.7779525	.05208656	.169961	0
1066.15	0	.776948	.05279534	.1702566	0
1065.15	0	.775947	.05350154	.1705515	0
1064.15	0	.7749493	.05420514	.1708455	0
1063.15	0	.7739551	.05490614	.1711387	0
1062.15	0	.7729643	.05560455	.1714312	0
1061.15	0	.7719769	.05630036	.1717228	0
1060.15	0	.7709928	.05699357	.1720136	0
1059.15	0	.7700122	.05768417	.1723036	0
1058.15	0	.769035	.05837217	.1725929	0
1057.15	0	.7680611	.05905757	.1728813	0
1056.15	0	.7670907	.05974036	.1731689	0
1055.15	0	.7661237	.06042053	.1734558	0
1054.15	0	.7651601	.0610981	.1737418	0
1053.15	0	.7641999	.06177305	.174027	0
1052.15	0	.7632431	.06244538	.1743115	0
1051.15	0	.7622898	.0631151	.1745951	0
1050.15	0	.7613398	.0637822	.174878	0
1049.15	0	.7603933	.06444668	.1751601	0
1048.15	0	.7594502	.06510853	.1754413	0
1047.15	0	.7585104	.06576777	.1757218	0
1046.15	0	.7575741	.06642437	.1760015	0
1045.15	0	.7566413	.06707834	.1762804	0
1044.15	0	.7557118	.06772969	.1765585	0
1043.15	0	.7547858	.0683784	.1768358	0
1042.15	0	.7538632	.06902448	.1771124	0
1041.15	0	.752944	.06966793	.1773881	0
1040.15	0	.7520282	.07030873	.177663	0
1039.15	0	.7511159	.0709469	.1779372	0
1038.15	0	.750207	.07158242	.1782106	0
1037.15	0	.7493015	.07221531	.1784832	0
1036.15	0	.7483995	.07284555	.178755	0
1035.15	0	.7475009	.07347314	.179026	0
1034.15	0	.7466057	.07409808	.1792962	0
1033.15	0	.745714	.07472038	.1795657	0
1032.15	0	.7448257	.07534003	.1798343	0
1031.15	0	.7439408	.07595702	.1801022	0
1030.15	0	.7430594	.07657136	.1803693	0
1029.15	0	.7421814	.07718304	.1806356	0
1028.15	0	.7413069	.07779207	.1809011	0
1027.15	0	.7404358	.07839843	.1811658	0
1026.15	0	.7395681	.07900214	.1814297	0
1025.15	0	.738704	.07960319	.1816929	0
1024.15	0	.7378432	.08020157	.1819552	0
1023.15	0	.7369859	.08079729	.1822168	0
1022.15	0	.7361321	.08139035	.1824776	0
1021.15	0	.7352817	.08198073	.1827376	0
1020.15	0	.7344348	.08256845	.1829968	0
1019.15	0	.7335913	.08315351	.1832552	0
1018.15	0	.7327513	.08373589	.1835129	0
1017.15	0	.7319147	.0843156	.1837697	0
1016.15	0	.7310816	.08489264	.1840258	0
1015.15	0	.730252	.08546701	.184281	0
1014.15	0	.7294258	.0860387	.1845355	0
1013.15	0	.7286031	.08660772	.1847892	0
1012.15	0	.7277838	.08717407	.1850421	0
1011.15	0	.7269681	.08773774	.1852942	0
1010.15	0	.7261558	.08829874	.1855455	0
1009.15	0	.7253469	.08885705	.185796	0
1008.15	0	.7245416	.0894127	.1860457	0
1007.15	0	.7237397	.08996566	.1862947	0
1006.15	0	.7229412	.09051595	.1865428	0
1005.15	0	.7221463	.09106356	.1867901	0
1004.15	0	.7213548	.0916085	.1870367	0
1003.15	0	.7205668	.09215075	.1872824	0
1002.15	0	.7197823	.09269033	.1875274	0
1001.15	0	.7190013	.09322724	.1877715	0
1000.15	0	.7182237	.09376146	.1880148	0
999.15	0	.7174496	.09429302	.1882574	0
998.15	0	.716679	.09482189	.1884991	0
997.15	0	.7159119	.0953481	.18874	0
996.15	0	.7151482	.09587163	.1889801	0
995.15	0	.7143881	.09639248	.1892195	0
994.15	0	.7136314	.09691067	.1894579	0
993.15	0	.7128782	.09742619	.1896956	0
992.15	0	.7121285	.09793903	.1899325	0
991.15	0	.7113822	.09844921	.1901686	0
990.15	0	.7106394	.09895673	.1904038	0
989.15	0	.7099002	.09946158	.1906383	0
988.15	0	.7091643	.09996377	.1908719	0
987.15	0	.708432	.1004633	.1911047	0
986.15	0	.7077032	.1009602	.1913366	0
985.15	0	.7069778	.1014544	.1915678	0
984.15	0	.7062559	.101946	.1917981	0
983.15	0	.7055375	.1024349	.1920276	0
982.15	0	.7048226	.1029212	.1922563	0
981.15	0	.7041111	.1034048	.1924841	0
980.15	0	.7034031	.1038858	.1927111	0
979.15	0	.7026986	.1043642	.1929372	0
978.15	0	.7019976	.1048399	.1931626	0
977.15	0	.7013	.105313	.193387	0
976.15	0	.7006059	.1057835	.1936107	0
975.15	0	.6999152	.1062513	.1938334	0
974.15	0	.699228	.1067166	.1940554	0
973.15	0	.6985443	.1071792	.1942765	0
972.15	0	.6978641	.1076393	.1944967	0
971.15	0	.6971872	.1080967	.1947161	0
970.15	0	.6965139	.1085516	.1949346	0
969.15	0	.6958439	.1090038	.1951522	0
968.15	0	.6951775	.1094535	.195369	0
967.15	0	.6945145	.1099007	.1955849	0
966.15	0	.6938549	.1103452	.1958	0
965.15	0	.6931987	.1107872	.1960141	0
964.15	0	.6925459	.1112267	.1962274	0
963.15	0	.6918966	.1116636	.1964398	0
962.15	0	.6912508	.1120979	.1966513	0
961.15	0	.6906083	.1125298	.1968619	0
960.15	0	.6899692	.1129591	.1970717	0
959.15	0	.6893335	.113386	.1972805	0
958.15	0	.6887013	.1138103	.1974884	0
957.15	0	.6880724	.1142322	.1976955	0
956.15	0	.6874469	.1146516	.1979016	0
955.15	0	.6868247	.1150685	.1981068	0
954.15	0	.686206	.115483	.1983111	0
953.15	0	.6855906	.115895	.1985144	0
952.15	0	.6849785	.1163046	.1987169	0
951.15	0	.6843698	.1167118	.1989184	0
950.15	0	.6837644	.1171166	.199119	0
949.15	0	.6831624	.117519	.1993186	0
948.15	0	.6825637	.117919	.1995173	0
947.15	0	.6819683	.1183167	.199715	0
946.15	0	.6813761	.1187121	.1999118	0
945.15	0	.6807873	.1191051	.2001076	0
944.15	0	.6802017	.1194958	.2003025	0
943.15	0	.6796194	.1198842	.2004964	0
942.15	0	.6790404	.1202704	.2006893	0
941.15	0	.6784646	.1206543	.2008812	0
940.15	0	.677892	.1210359	.2010721	0
939.15	0	.6773226	.1214154	.2012621	0
938.15	0	.6767564	.1217926	.201451	0
937.15	0	.6761934	.1221677	.2016389	0
936.15	0	.6756335	.1225406	.2018259	0
935.15	0	.6750768	.1229114	.2020118	0
934.15	0	.6745233	.1232801	.2021966	0
933.15	0	.6739728	.1236467	.2023805	0
932.15	0	.6734255	.1240113	.2025633	0
931.15	0	.6728812	.1243738	.202745	0
930.15	0	.67234	.1247343	.2029257	0
929.15	0	.6718018	.1250929	.2031054	0
928.15	0	.6712666	.1254495	.2032839	0
927.15	0	.6707344	.1258042	.2034614	0
926.15	0	.6702052	.126157	.2036378	0
925.15	0	.669679	.1265079	.2038131	0
924.15	0	.6691557	.126857	.2039873	0
923.15	0	.6686352	.1272044	.2041604	0
922.15	0	.6681177	.1275499	.2043324	0
921.15	0	.667603	.1278938	.2045032	0
920.15	0	.6670911	.1282359	.204673	0
919.15	0	.6665821	.1285764	.2048415	0
918.15	0	.6660757	.1289153	.2050089	0
917.15	0	.6655722	.1292527	.2051752	0
916.15	0	.6650713	.1295885	.2053402	0
915.15	0	.6645731	.1299228	.2055041	0
914.15	0	.6640775	.1302557	.2056668	0
913.15	0	.6635845	.1305872	.2058283	0
912.15	0	.6630941	.1309173	.2059885	0
911.15	0	.6626063	.1312462	.2061476	0
910.15	0	.6621209	.1315738	.2063054	0
909.15	0	.661638	.1319002	.2064619	0
908.15	0	.6611574	.1322254	.2066172	0
907.15	0	.6606793	.1325496	.2067712	0
906.15	0	.6602035	.1328727	.2069239	0
905.15	0	.6597299	.1331948	.2070753	0
904.15	0	.6592586	.133516	.2072254	0
903.15	0	.6587895	.1338364	.2073741	0
902.15	0	.6583225	.134156	.2075215	0
901.15	0	.6578576	.1344748	.2076676	0
900.15	0	.6573947	.134793	.2078123	0
899.15	0	.6569338	.1351106	.2079556	0
898.15	0	.6564749	.1354277	.2080975	0
897.15	0	.6560178	.1357443	.2082379	0
896.15	0	.6555624	.1360606	.208377	0
895.15	0	.6551089	.1363766	.2085146	0
894.15	0	.654657	.1366923	.2086507	0
893.15	0	.6542067	.137008	.2087853	0
892.15	0	.653758	.1373236	.2089185	0
891.15	0	.6533107	.1376392	.2090501	0
890.15	0	.6528648	.1379551	.2091801	0
889.15	0	.6524203	.1382711	.2093086	0
888.15	0	.651977	.1385875	.2094355	0
887.15	0	.6515348	.1389043	.2095609	0
886.15	0	.6510938	.1392217	.2096846	0
885.15	0	.6506537	.1395397	.2098066	0
884.15	0	.6502145	.1398585	.209927	0
883.15	0	.6497761	.1401782	.2100457	0
882.15	0	.6493385	.1404989	.2101626	0
881.15	0	.6489014	.1408207	.2102778	0
880.15	0	.6484649	.1411438	.2103913	0
879.15	0	.6480288	.1414683	.2105029	0
878.15	0	.6475929	.1417943	.2106128	0
877.15	0	.6471573	.142122	.2107208	0
876.15	0	.6467217	.1424515	.2108268	0
875.15	0	.646286	.142783	.210931	0
874.15	0	.6458501	.1431166	.2110333	0
873.15	0	.6454139	.1434526	.2111335	0
872.15	0	.6449773	.143791	.2112318	0
871.15	0	.64454	.1441321	.2113279	0
870.15	0	.644102	.144476	.2114221	0
869.15	0	.643663	.144823	.211514	0
868.15	0	.643223	.1451732	.2116038	0
867.15	0	.6427817	.1455269	.2116914	0
866.15	0	.642339	.1458843	.2117768	0
865.15	0	.6418946	.1462455	.2118598	0
864.15	0	.6414485	.146611	.2119406	0
863.15	0	.6410004	.1469808	.2120189	0
862.15	0	.64055	.1473553	.2120947	0
861.15	0	.6400972	.1477347	.2121681	0
860.15	0	.6396417	.1481194	.2122389	0
859.15	0	.6391833	.1485097	.212307	0
858.15	0	.6387217	.1489057	.2123725	0
857.15	0	.6382567	.149308	.2124353	0
856.15	0	.637788	.1497168	.2124952	0
855.15	0	.6373152	.1501326	.2125522	0
854.15	0	.6368381	.1505557	.2126062	0
853.15	0	.6363563	.1509865	.2126572	0
852.15	0	.6358695	.1514255	.212705	0
851.15	0	.6353773	.1518731	.2127496	0
850.15	0	.6348793	.1523299	.2127909	0
849.15	0	.634375	.1527963	.2128287	0
848.15	0	.6338641	.153273	.2128629	0
847.15	0	.6333461	.1537605	.2128935	0
846.15	0	.6328204	.1542594	.2129202	0
845.15	0	.6322864	.1547706	.212943	0
844.15	0	.6317437	.1552946	.2129617	0
843.15	0	.6311915	.1558324	.2129761	0
842.15	0	.630401	.1566468	.2129522	0
841.15	0	.6293942	.1577146	.2128912	0
840.15	0	.6284356	.1587322	.2128323	0
839.15	0	.6275222	.1597026	.2127752	0
838.15	0	.6266514	.1606288	.2127198	0
837.15	0	.6258206	.1615133	.2126661	0
836.15	0	.6250275	.1623585	.2126139	0
835.15	0	.62427	.1631668	.2125632	0
834.15	0	.6235461	.1639401	.2125138	0
833.15	0	.6228539	.1646805	.2124656	0
832.15	0	.6221916	.1653898	.2124186	0
831.15	0	.6215577	.1660696	.2123727	0
830.15	0	.6209507	.1667215	.2123278	0
829.15	0	.620369	.1673471	.2122839	0
828.15	0	.6198114	.1679478	.2122408	0
827.15	0	.6192767	.1685247	.2121986	0
826.15	0	.6187636	.1690791	.2121572	0
825.15	0	.6182711	.1696123	.2121166	0
824.15	0	.6177982	.1701252	.2120766	0
823.15	0	.6173439	.1706189	.2120373	0
822.15	0	.6169072	.1710943	.2119985	0
821.15	0	.6164873	.1715524	.2119604	0
820.15	0	.6160833	.1719939	.2119228	0
819.15	0	.6156946	.1724198	.2118856	0
818.15	0	.6153204	.1728306	.211849	0
817.15	0	.61496	.1732273	.2118127	0
816.15	0	.6146127	.1736104	.2117769	0
815.15	0	.6142779	.1739805	.2117415	0
814.15	0	.6139552	.1743384	.2117064	0
813.15	0	.6136438	.1746845	.2116717	0
812.15	0	.6133433	.1750195	.2116373	0
811.15	0	.6130531	.1753437	.2116031	0
810.15	0	.6127729	.1756578	.2115693	0
809.15	0	.6125022	.1759622	.2115357	0
808.15	0	.6122404	.1762573	.2115023	0
807.15	0	.6119873	.1765435	.2114692	0
806.15	0	.6117425	.1768213	.2114362	0
805.15	0	.6115055	.177091	.2114035	0
804.15	0	.6112761	.177353	.2113709	0
803.15	0	.6110539	.1776077	.2113385	0
802.15	0	.6108385	.1778552	.2113063	0
801.15	0	.6106298	.1780961	.2112741	0
800.15	0	.6104273	.1783305	.2112422	0
799.15	0	.6102309	.1785588	.2112103	0
798.15	0	.6100402	.1787812	.2111785	0
797.15	0	.6098551	.178998	.2111469	0
796.15	0	.6096753	.1792094	.2111153	0
795.15	0	.6095005	.1794156	.2110839	0
794.15	0	.6093306	.179617	.2110525	0
793.15	0	.6091653	.1798136	.2110212	0
792.15	0	.6090044	.1800057	.2109899	0
791.15	0	.6088478	.1801935	.2109587	0
790.15	0	.6086953	.1803771	.2109275	0
789.15	0	.6085468	.1805569	.2108964	0
788.15	0	.6084019	.1807328	.2108653	0
787.15	0	.6082607	.1809051	.2108343	0
786.15	0	.6081229	.1810739	.2108033	0
785.15	0	.6079884	.1812394	.2107722	0
784.15	0	.607857	.1814017	.2107413	0
783.15	0	.6077287	.181561	.2107103	0
782.15	0	.6076033	.1817173	.2106794	0
781.15	0	.6074808	.1818709	.2106484	0
780.15	0	.6073608	.1820217	.2106174	0
779.15	0	.6072435	.18217	.2105865	0
778.15	0	.6071286	.1823159	.2105555	0
777.15	0	.6070161	.1824593	.2105246	0
776.15	0	.6069059	.1826005	.2104936	0
775.15	0	.6067978	.1827396	.2104626	0
774.15	0	.6066919	.1828766	.2104316	0
773.15	0	.6065879	.1830115	.2104006	0
772.15	0	.6064859	.1831446	.2103695	0
771.15	0	.6063857	.1832758	.2103384	0
770.15	0	.6062874	.1834053	.2103073	0
769.15	0	.6061907	.1835331	.2102762	0
768.15	0	.6060956	.1836593	.210245	0
767.15	0	.6060022	.183784	.2102138	0
766.15	0	.6059102	.1839072	.2101826	0
765.15	0	.6058197	.1840289	.2101513	0
764.15	0	.6057307	.1841493	.21012	0
763.15	0	.6056429	.1842684	.2100887	0
762.15	0	.6055564	.1843862	.2100573	0
761.15	0	.6054712	.1845029	.2100259	0
760.15	0	.6053872	.1846184	.2099944	0
759.15	0	.6053043	.1847328	.2099629	0
758.15	0	.6052226	.1848461	.2099314	0
757.15	0	.6051418	.1849584	.2098998	0
756.15	0	.6050621	.1850697	.2098681	0
755.15	0	.6049834	.1851801	.2098364	0
754.15	0	.6049057	.1852897	.2098047	0
753.15	0	.6048288	.1853983	.2097729	0
752.15	0	.6047528	.1855062	.2097411	0
751.15	0	.6046776	.1856132	.2097092	0
750.15	0	.6046033	.1857195	.2096772	0
749.15	0	.6045297	.1858251	.2096452	0
748.15	0	.6044569	.18593	.2096132	0
747.15	0	.6043848	.1860342	.2095811	0
746.15	0	.6043133	.1861378	.2095489	0
745.15	0	.6042444	.1862394	.2095162	0
744.15	0	.6041741	.1863419	.209484	0
743.15	0	.6041045	.1864438	.2094517	0
742.15	0	.6040355	.1865452	.2094194	0
741.15	0	.603967	.186646	.209387	0
740.15	0	.6038991	.1867464	.2093545	0
739.15	0	.6038317	.1868463	.209322	0
738.15	0	.6037649	.1869457	.2092895	0
737.15	0	.6036985	.1870446	.2092568	0
736.15	0	.6036327	.1871432	.2092242	0
735.15	0	.6035672	.1872413	.2091914	0
734.15	0	.6035023	.1873391	.2091586	0
733.15	0	.6034377	.1874365	.2091258	0
732.15	0	.6033736	.1875335	.2090928	0
731.15	0	.6033099	.1876302	.2090599	0
730.15	0	.6032465	.1877266	.2090269	0
729.15	0	.6031836	.1878227	.2089938	0
728.15	0	.6031209	.1879184	.2089606	0
727.15	0	.6030587	.1880139	.2089275	0
726.15	0	.6029967	.1881091	.2088942	0
725.15	0	.6029351	.188204	.2088609	0
724.15	0	.6028737	.1882987	.2088275	0
723.15	0	.6028127	.1883932	.2087941	0
722.15	0	.602752	.1884874	.2087606	0
721.15	0	.6026915	.1885814	.2087271	0
720.15	0	.6026313	.1886752	.2086935	0
719.15	0	.6025713	.1887688	.2086599	0
718.15	0	.6025116	.1888622	.2086262	0
717.15	0	.6024521	.1889554	.2085925	0
716.15	0	.6023929	.1890484	.2085587	0
715.15	0	.6023339	.1891413	.2085248	0
714.15	0	.6022751	.189234	.2084909	0
713.15	0	.6022165	.1893265	.208457	0
712.15	0	.6021581	.1894189	.208423	0
711.15	0	.6020999	.1895112	.2083889	0
710.15	0	.6020419	.1896033	.2083548	0
709.15	0	.601984	.1896953	.2083207	0
708.15	0	.6019264	.1897872	.2082864	0
707.15	0	.6018689	.1898789	.2082522	0
706.15	0	.6018115	.1899706	.2082179	0
705.15	0	.6017544	.1900621	.2081835	0
704.15	0	.6016974	.1901535	.2081491	0
703.15	0	.6016405	.1902449	.2081147	0
702.15	0	.6015837	.1903361	.2080802	0
701.15	0	.6015272	.1904272	.2080456	0
700.15	0	.6014707	.1905183	.208011	0
699.15	0	.6014144	.1906092	.2079764	0
698.15	0	.6013582	.1907001	.2079417	0
697.15	0	.6013021	.1907909	.207907	0
696.15	0	.6012461	.1908816	.2078722	0
695.15	0	.6011903	.1909723	.2078374	0
694.15	0	.6011346	.1910629	.2078026	0
693.15	0	.6010789	.1911534	.2077677	0
692.15	0	.6010234	.1912439	.2077327	0
691.15	0	.600968	.1913343	.2076978	0
690.15	0	.6009127	.1914246	.2076627	0
689.15	0	.6008575	.1915149	.2076277	0
688.15	0	.6008024	.1916051	.2075926	0
687.15	0	.6007473	.1916952	.2075574	0
686.15	0	.6006924	.1917854	.2075222	0
685.15	0	.6006376	.1918754	.207487	0
684.15	0	.6005828	.1919654	.2074518	0
683.15	0	.6005281	.1920554	.2074165	0
682.15	0	.6004735	.1921453	.2073812	0
681.15	0	.600419	.1922352	.2073458	0
680.15	0	.6003646	.192325	.2073104	0
679.15	0	.6003102	.1924148	.207275	0
678.15	0	.6002559	.1925046	.2072395	0
677.15	0	.6002017	.1925943	.207204	0
676.15	0	.6001476	.1926839	.2071685	0
675.15	0	.6000935	.1927736	.2071329	0
674.15	0	.6000395	.1928632	.2070973	0
673.15	0	.5999856	.1929527	.2070617	0
672.15	0	.5999318	.1930422	.207026	0
671.15	0	.599878	.1931317	.2069903	0
670.15	0	.5998243	.1932211	.2069546	0
669.15	0	.5997706	.1933105	.2069189	0
668.15	0	.599717	.1933999	.2068831	0
667.15	0	.5996635	.1934892	.2068473	0
666.15	0	.59961	.1935785	.2068115	0
665.15	0	.5995566	.1936677	.2067756	0
664.15	0	.5995033	.1937569	.2067398	0
663.15	0	.59945	.1938461	.2067039	0
662.15	0	.5993968	.1939353	.206668	0
661.15	0	.5993436	.1940244	.206632	0
660.15	0	.5992905	.1941134	.2065961	0
659.15	0	.5992375	.1942024	.2065601	0
658.15	0	.5991845	.1942914	.206524	0
657.15	0	.5991316	.1943804	.206488	0
656.15	0	.5990787	.1944693	.206452	0
655.15	0	.5990259	.1945582	.2064159	0
654.15	0	.5989732	.194647	.2063798	0
653.15	0	.5989205	.1947358	.2063437	0
652.15	0	.5988678	.1948246	.2063076	0
651.15	0	.5988152	.1949133	.2062715	0
650.15	0	.5987627	.195002	.2062353	0
649.15	0	.5987102	.1950906	.2061991	0
648.15	0	.5986578	.1951792	.206163	0
647.15	0	.5986055	.1952678	.2061268	0
646.15	0	.5985532	.1953563	.2060905	0
645.15	0	.5985009	.1954448	.2060543	0
644.15	0	.5984487	.1955332	.2060181	0
643.15	0	.5983966	.1956216	.2059818	0
642.15	0	.5983445	.1957099	.2059456	0
641.15	0	.5982925	.1957982	.2059093	0
640.15	0	.5982405	.1958864	.2058731	0
639.15	0	.5981886	.1959746	.2058368	0
638.15	0	.5981368	.1960628	.2058005	0
637.15	0	.598085	.1961509	.2057642	0
636.15	0	.5980332	.1962389	.2057279	0
635.15	0	.5979815	.1963269	.2056916	0
634.15	0	.5979299	.1964148	.2056553	0
633.15	0	.5978783	.1965027	.2056189	0
632.15	0	.5978268	.1965906	.2055826	0
631.15	0	.5977754	.1966783	.2055463	0
630.15	0	.597724	.1967661	.20551	0
629.15	0	.5976726	.1968537	.2054736	0
628.15	0	.5976214	.1969413	.2054373	0
627.15	0	.5975701	.1970289	.205401	0
626.15	0	.597519	.1971164	.2053647	0
625.15	0	.5974679	.1972038	.2053283	0
624.15	0	.5974168	.1972912	.205292	0
623.15	0	.5973658	.1973785	.2052557	0
622.15	0	.5973149	.1974657	.2052194	0
621.15	0	.5972641	.1975529	.205183	0
620.15	0	.5972133	.19764	.2051467	0
619.15	0	.5971625	.1977271	.2051104	0
618.15	0	.5971119	.197814	.2050741	0
617.15	0	.5970612	.1979009	.2050378	0
616.15	0	.5970107	.1979878	.2050015	0
615.15	0	.5969602	.1980745	.2049653	0
614.15	0	.5969098	.1981612	.204929	0
613.15	0	.5968594	.1982479	.2048927	0
612.15	0	.5968091	.1983344	.2048565	0
611.15	0	.5967589	.1984209	.2048202	0
610.15	0	.5967087	.1985073	.204784	0
609.15	0	.5966586	.1985936	.2047478	0
608.15	0	.5966086	.1986798	.2047116	0
607.15	0	.5965586	.198766	.2046754	0
606.15	0	.5965087	.1988521	.2046392	0
605.15	0	.5964589	.1989381	.2046031	0
604.15	0	.5964091	.199024	.2045669	0
603.15	0	.5963594	.1991098	.2045308	0
602.15	0	.5963098	.1991955	.2044947	0
601.15	0	.5962602	.1992812	.2044586	0
600.15	0	.5962107	.1993668	.2044225	0
599.15	0	.5961613	.1994522	.2043865	0
598.15	0	.596112	.1995376	.2043504	0
597.15	0	.5960627	.1996229	.2043144	0
596.15	0	.5960135	.1997081	.2042784	0
595.15	0	.5959643	.1997932	.2042424	0
594.15	0	.5959153	.1998782	.2042065	0
593.15	0	.5958663	.1999632	.2041706	0
592.15	0	.5958174	.200048	.2041347	0
591.15	0	.5957685	.2001327	.2040988	0
590.15	0	.5957198	.2002173	.2040629	0
589.15	0	.5956711	.2003018	.2040271	0
588.15	0	.5956225	.2003863	.2039913	0
587.15	0	.5955739	.2004706	.2039555	0
586.15	0	.5955255	.2005548	.2039198	0
585.15	0	.5954771	.2006389	.2038841	0
584.15	0	.5954287	.2007229	.2038484	0
583.15	0	.5953805	.2008068	.2038127	0
582.15	0	.5953324	.2008906	.2037771	0
581.15	0	.5952843	.2009742	.2037415	0
580.15	0	.5952363	.2010578	.2037059	0
579.15	0	.5951884	.2011412	.2036704	0
578.15	0	.5951405	.2012246	.2036349	0
577.15	0	.5950928	.2013078	.2035994	0
576.15	0	.5950451	.2013909	.203564	0
575.15	0	.5949975	.2014739	.2035286	0
574.15	0	.59495	.2015567	.2034932	0
573.15	0	.5949026	.2016395	.2034579	0
572.15	0	.5948553	.2017221	.2034226	0
571.15	0	.594808	.2018046	.2033874	0
570.15	0	.5947608	.201887	.2033522	0
569.15	0	.5947138	.2019693	.203317	0
568.15	0	.5946668	.2020514	.2032819	0
567.15	0	.5946198	.2021334	.2032468	0
566.15	0	.594573	.2022152	.2032117	0
565.15	0	.5945263	.202297	.2031767	0
564.15	0	.5944796	.2023786	.2031418	0
563.15	0	.5944331	.2024601	.2031069	0
562.15	0	.5943866	.2025415	.203072	0
561.15	0	.5943402	.2026227	.2030372	0
560.15	0	.5942939	.2027038	.2030024	0
559.15	0	.5942477	.2027847	.2029676	0
558.15	0	.5942016	.2028655	.2029329	0
557.15	0	.5941555	.2029462	.2028983	0
556.15	0	.5941096	.2030267	.2028637	0
555.15	0	.5940638	.2031071	.2028291	0
554.15	0	.594018	.2031873	.2027946	0
553.15	0	.5939724	.2032674	.2027602	0
552.15	0	.5939268	.2033474	.2027258	0
551.15	0	.5938813	.2034272	.2026915	0
550.15	0	.593836	.2035069	.2026572	0
549.15	0	.5937907	.2035864	.2026229	0
548.15	0	.5937455	.2036658	.2025887	0
547.15	0	.5937004	.203745	.2025546	0
546.15	0	.5936554	.2038241	.2025205	0
545.15	0	.5936105	.203903	.2024865	0
544.15	0	.5935657	.2039817	.2024525	0
543.15	0	.593521	.2040604	.2024186	0
542.15	0	.5934764	.2041388	.2023848	0
541.15	0	.5934319	.2042171	.202351	0
540.15	0	.5933875	.2042953	.2023172	0
539.15	0	.5933432	.2043732	.2022835	0
538.15	0	.593299	.204451	.2022499	0
537.15	0	.5932549	.2045287	.2022164	0
536.15	0	.5932109	.2046062	.2021828	0
535.15	0	.593167	.2046835	.2021494	0
534.15	0	.5931232	.2047607	.202116	0
533.15	0	.5930796	.2048377	.2020827	0
532.15	0	.593036	.2049146	.2020495	0
531.15	0	.5929925	.2049912	.2020163	0
530.15	0	.5929491	.2050677	.2019832	0
529.15	0	.5929058	.2051441	.2019501	0
528.15	0	.5928626	.2052202	.2019171	0
527.15	0	.5928196	.2052962	.2018842	0
526.15	0	.5927766	.2053721	.2018513	0
525.15	0	.5927338	.2054477	.2018186	0
524.15	0	.592691	.2055232	.2017858	0
523.15	0	.5926484	.2055985	.2017532	0
522.15	0	.5926058	.2056736	.2017206	0
521.15	0	.5925634	.2057485	.2016881	0
520.15	0	.5925211	.2058233	.2016557	0
519.15	0	.5924789	.2058978	.2016233	0
518.15	0	.5924368	.2059722	.201591	0
517.15	0	.5923948	.2060465	.2015588	0
516.15	0	.5923529	.2061205	.2015266	0
515.15	0	.5923111	.2061943	.2014945	0
514.15	0	.5922695	.206268	.2014625	0
513.15	0	.5922279	.2063415	.2014306	0
512.15	0	.5921865	.2064148	.2013987	0
511.15	0	.5921451	.2064879	.201367	0
510.15	0	.5921039	.2065608	.2013353	0
509.15	0	.5920628	.2066335	.2013037	0
508.15	0	.5920218	.2067061	.2012721	0
507.15	0	.5919809	.2067784	.2012407	0
506.15	0	.5919402	.2068506	.2012093	0
505.15	0	.5918995	.2069225	.201178	0
504.15	0	.591859	.2069943	.2011467	0
503.15	0	.5918186	.2070658	.2011156	0
502.15	0	.5917783	.2071372	.2010845	0
501.15	0	.5917381	.2072084	.2010535	0
500.15	0	.591698	.2072793	.2010226	0
499.15	0	.5916581	.2073501	.2009918	0
498.15	0	.5916183	.2074207	.200961	0
497.15	0	.5915786	.207491	.2009303	0
496.15	0	.591539	.2075612	.2008998	0
495.15	0	.5914995	.2076312	.2008693	0
494.15	0	.5914602	.2077009	.2008389	0
493.15	0	.5914209	.2077705	.2008086	0
492.15	0	.5913818	.2078398	.2007784	0
491.15	0	.5913428	.207909	.2007483	0
490.15	0	.5913039	.2079779	.2007182	0
489.15	0	.5912651	.2080466	.2006883	0
488.15	0	.5912265	.2081152	.2006584	0
487.15	0	.5911879	.2081835	.2006286	0
486.15	0	.5911495	.2082516	.2005989	0
485.15	0	.5911112	.2083195	.2005693	0
484.15	0	.591073	.2083871	.2005398	0
483.15	0	.591035	.2084546	.2005104	0
482.15	0	.5909971	.2085219	.2004811	0
481.15	0	.5909593	.2085889	.2004519	0
480.15	0	.5909216	.2086557	.2004227	0
479.15	0	.590884	.2087223	.2003937	0
478.15	0	.5908466	.2087887	.2003647	0
477.15	0	.5908093	.2088548	.2003359	0
476.15	0	.5907721	.2089208	.2003071	0
475.15	0	.590735	.2089865	.2002785	0
474.15	0	.5906981	.209052	.2002499	0
473.15	0	.5906613	.2091173	.2002215	0
472.15	0	.5906246	.2091823	.2001931	0
471.15	0	.590588	.2092472	.2001648	0
470.15	0	.5905516	.2093118	.2001366	0
469.15	0	.5905152	.2093762	.2001086	0
468.15	0	.5904791	.2094404	.2000806	0
467.15	0	.590443	.2095043	.2000527	0
466.15	0	.590407	.209568	.2000249	0
465.15	0	.5903712	.2096315	.1999973	0
464.15	0	.5903356	.2096948	.1999697	0
463.15	0	.5903	.2097578	.1999422	0
462.15	0	.5902646	.2098206	.1999149	0
461.15	0	.5902293	.2098832	.1998876	0
460.15	0	.5901941	.2099455	.1998604	0
459.15	0	.590159	.2100076	.1998334	0
458.15	0	.5901241	.2100695	.1998064	0
457.15	0	.5900893	.2101311	.1997796	0
456.15	0	.5900546	.2101925	.1997528	0
455.15	0	.5900201	.2102537	.1997262	0
454.1598	0	.589986	.2103141	.1996999	0
454.1598	0	.589986	.2103141	.1996999	0
454.1598	0	.589986	.2103141	.1996999	0
454.15	0	.5899881	.2103091	.1996971	5.749507E-06
453.15	0	.5901948	.2098048	.1994092	5.911637E-04
452.15	0	.5904009	.2093016	.199122	.001175496
451.15	0	.5906062	.2087996	.1988355	.001758754
450.15	0	.5908108	.2082987	.1985496	.00234095
449.15	0	.5910148	.2077988	.1982643	.002922105
448.15	0	.591218	.2073	.1979797	.003502219
447.15	0	.5914206	.2068023	.1976957	.0040813
446.15	0	.5916226	.2063057	.1974124	.004659358
445.15	0	.5918239	.2058101	.1971296	.005236404
444.15	0	.5920246	.2053154	.1968475	.005812447
443.15	0	.5922247	.2048218	.196566	.006387498
442.15	0	.5924242	.2043291	.1962851	.006961567
441.15	0	.5926231	.2038374	.1960049	.007534663
440.15	0	.5928214	.2033466	.1957252	.008106797
439.15	0	.5930191	.2028567	.1954462	.008677977
438.15	0	.5932163	.2023677	.1951677	.009248213
437.15	0	.593413	.2018796	.1948899	.009817515
436.15	0	.5936092	.2013923	.1946126	.01038589
435.15	0	.5938048	.2009059	.194336	.01095335
434.15	0	.5939999	.2004202	.1940599	.0115199
433.15	0	.5941946	.1999354	.1937845	.01208556
432.15	0	.5943887	.1994514	.1935096	.01265032
431.15	0	.5945824	.1989681	.1932353	.0132142
430.15	0	.5947756	.1984856	.1929616	.01377721
429.15	0	.5949684	.1980038	.1926885	.01433935
428.15	0	.5951608	.1975227	.1924159	.01490064
427.15	0	.5953527	.1970423	.1921439	.01546108
426.15	0	.5955442	.1965627	.1918725	.01602068
425.15	0	.5957352	.1960837	.1916017	.01657945
424.15	0	.5959259	.1956053	.1913314	.01713739
423.15	0	.5961162	.1951277	.1910617	.01769451
422.15	0	.5963061	.1946506	.1907925	.01825083
421.15	0	.5964956	.1941742	.1905239	.01880635
420.15	0	.5966847	.1936984	.1902558	.01936107
419.15	0	.5968735	.1932231	.1899883	.019915
418.15	0	.597062	.1927485	.1897214	.02046816
417.15	0	.5972501	.1922744	.189455	.02102054
416.15	0	.5974378	.1918009	.1891891	.02157215
415.15	0	.5976252	.191328	.1889238	.02212301
414.15	0	.5978124	.1908555	.188659	.02267312
413.15	0	.5979992	.1903836	.1883947	.02322248
412.15	0	.5981856	.1899122	.188131	.02377111
411.15	0	.5983718	.1894413	.1878678	.024319
410.15	0	.5985577	.1889709	.1876052	.02486617
409.15	0	.5987433	.188501	.187343	.02541262
408.15	0	.5989287	.1880316	.1870814	.02595836
407.15	0	.5991137	.1875626	.1868203	.02650339
406.15	0	.5992985	.1870941	.1865597	.02704772
405.15	0	.599483	.186626	.1862997	.02759136
404.15	0	.5996673	.1861583	.1860401	.02813431
403.15	0	.5998513	.185691	.1857811	.02867658
402.15	0	.6000351	.1852242	.1855225	.02921818
401.15	0	.6002186	.1847578	.1852645	.0297591
400.15	0	.6004019	.1842918	.185007	.03029937
399.15	0	.600585	.1838261	.1847499	.03083897
398.15	0	.6007678	.1833609	.1844934	.03137792
397.15	0	.6009505	.182896	.1842373	.03191622
396.15	0	.6011329	.1824314	.1839818	.03245389
395.15	0	.6013151	.1819672	.1837267	.03299091
394.15	0	.6014971	.1815034	.1834722	.03352731
393.15	0	.6016789	.1810399	.1832181	.03406308
