T	 BPW(LIQUID)	BPW(BCC_A2)	BPW(FCC_A1)	BPW(LAVES_PHASE_C14)	BPW(NI3TI)
1473.15	0	1	0	0	0
1472.15	0	1	0	0	0
1471.15	0	1	0	0	0
1470.15	0	1	0	0	0
1469.15	0	1	0	0	0
1468.15	0	1	0	0	0
1467.15	0	1	0	0	0
1466.15	0	1	0	0	0
1465.15	0	1	0	0	0
1464.15	0	1	0	0	0
1463.15	0	1	0	0	0
1462.15	0	1	0	0	0
1461.15	0	1	0	0	0
1460.15	0	1	0	0	0
1459.15	0	1	0	0	0
1458.15	0	1	0	0	0
1457.15	0	1	0	0	0
1456.15	0	1	0	0	0
1455.15	0	1	0	0	0
1454.15	0	1	0	0	0
1453.15	0	1	0	0	0
1452.15	0	1	0	0	0
1451.15	0	1	0	0	0
1450.15	0	1	0	0	0
1449.15	0	1	0	0	0
1448.15	0	1	0	0	0
1447.15	0	1	0	0	0
1446.15	0	1	0	0	0
1445.15	0	1	0	0	0
1444.15	0	1	0	0	0
1443.15	0	1	0	0	0
1442.15	0	1	0	0	0
1441.15	0	1	0	0	0
1440.15	0	1	0	0	0
1439.15	0	1	0	0	0
1438.15	0	1	0	0	0
1437.15	0	1	0	0	0
1436.15	0	1	0	0	0
1435.15	0	1	0	0	0
1434.15	0	1	0	0	0
1433.15	0	1	0	0	0
1432.15	0	1	0	0	0
1431.15	0	1	0	0	0
1430.15	0	1	0	0	0
1429.15	0	1	0	0	0
1428.15	0	1	0	0	0
1427.15	0	1	0	0	0
1426.15	0	1	0	0	0
1425.15	0	1	0	0	0
1424.15	0	1	0	0	0
1423.15	0	1	0	0	0
1422.15	0	1	0	0	0
1421.15	0	1	0	0	0
1420.15	0	1	0	0	0
1419.15	0	1	0	0	0
1418.15	0	1	0	0	0
1417.15	0	1	0	0	0
1416.15	0	1	0	0	0
1415.15	0	1	0	0	0
1414.15	0	1	0	0	0
1413.15	0	1	0	0	0
1412.15	0	1	0	0	0
1411.15	0	1	0	0	0
1410.15	0	1	0	0	0
1409.15	0	1	0	0	0
1408.15	0	1	0	0	0
1407.15	0	1	0	0	0
1406.15	0	1	0	0	0
1405.15	0	1	0	0	0
1404.15	0	1	0	0	0
1403.15	0	1	0	0	0
1402.15	0	1	0	0	0
1401.15	0	1	0	0	0
1400.15	0	1	0	0	0
1399.15	0	1	0	0	0
1398.15	0	1	0	0	0
1397.15	0	1	0	0	0
1396.15	0	1	0	0	0
1395.15	0	1	0	0	0
1394.15	0	1	0	0	0
1393.15	0	1	0	0	0
1392.15	0	1	0	0	0
1391.15	0	1	0	0	0
1390.15	0	1	0	0	0
1389.15	0	1	0	0	0
1388.15	0	1	0	0	0
1387.15	0	1	0	0	0
1386.15	0	1	0	0	0
1385.15	0	1	0	0	0
1384.15	0	1	0	0	0
1383.15	0	1	0	0	0
1382.15	0	1	0	0	0
1381.15	0	1	0	0	0
1380.15	0	1	0	0	0
1379.15	0	1	0	0	0
1378.15	0	1	0	0	0
1377.15	0	1	0	0	0
1376.15	0	1	0	0	0
1375.15	0	1	0	0	0
1374.15	0	1	0	0	0
1373.15	0	1	0	0	0
1372.15	0	1	0	0	0
1371.15	0	1	0	0	0
1370.15	0	1	0	0	0
1369.15	0	1	0	0	0
1368.15	0	1	0	0	0
1367.15	0	1	0	0	0
1366.15	0	1	0	0	0
1365.15	0	1	0	0	0
1364.15	0	1	0	0	0
1363.15	0	1	0	0	0
1362.15	0	1	0	0	0
1361.15	0	1	0	0	0
1360.15	0	1	0	0	0
1359.15	0	1	0	0	0
1358.15	0	1	0	0	0
1357.15	0	1	0	0	0
1356.15	0	1	0	0	0
1355.15	0	1	0	0	0
1354.15	0	1	0	0	0
1353.15	0	1	0	0	0
1352.15	0	1	0	0	0
1351.15	0	1	0	0	0
1350.15	0	1	0	0	0
1349.15	0	1	0	0	0
1348.15	0	1	0	0	0
1347.15	0	1	0	0	0
1346.15	0	1	0	0	0
1345.15	0	1	0	0	0
1344.15	0	1	0	0	0
1343.15	0	1	0	0	0
1342.15	0	1	0	0	0
1341.15	0	1	0	0	0
1340.15	0	1	0	0	0
1339.15	0	1	0	0	0
1338.15	0	1	0	0	0
1337.15	0	1	0	0	0
1336.15	0	1	0	0	0
1335.15	0	1	0	0	0
1334.15	0	1	0	0	0
1333.15	0	1	0	0	0
1332.15	0	1	0	0	0
1331.15	0	1	0	0	0
1330.15	0	1	0	0	0
1329.15	0	1	0	0	0
1328.15	0	1	0	0	0
1327.15	0	1	0	0	0
1326.15	0	1	0	0	0
1325.15	0	1	0	0	0
1324.15	0	1	0	0	0
1323.15	0	1	0	0	0
1322.15	0	1	0	0	0
1321.15	0	1	0	0	0
1320.15	0	1	0	0	0
1319.15	0	1	0	0	0
1318.15	0	1	0	0	0
1317.15	0	1	0	0	0
1316.15	0	1	0	0	0
1315.15	0	1	0	0	0
1314.15	0	1	0	0	0
1313.15	0	1	0	0	0
1312.15	0	1	0	0	0
1311.15	0	1	0	0	0
1310.15	0	1	0	0	0
1309.15	0	1	0	0	0
1308.15	0	1	0	0	0
1307.15	0	1	0	0	0
1306.15	0	1	0	0	0
1305.15	0	1	0	0	0
1304.15	0	1	0	0	0
1303.15	0	1	0	0	0
1302.15	0	1	0	0	0
1301.15	0	1	0	0	0
1300.15	0	1	0	0	0
1299.15	0	1	0	0	0
1298.15	0	1	0	0	0
1297.15	0	1	0	0	0
1296.15	0	1	0	0	0
1295.15	0	1	0	0	0
1294.15	0	1	0	0	0
1293.15	0	1	0	0	0
1292.15	0	1	0	0	0
1291.15	0	1	0	0	0
1290.15	0	1	0	0	0
1289.15	0	1	0	0	0
1288.15	0	1	0	0	0
1287.15	0	1	0	0	0
1286.15	0	1	0	0	0
1285.15	0	1	0	0	0
1284.15	0	1	0	0	0
1283.15	0	1	0	0	0
1282.15	0	1	0	0	0
1281.15	0	1	0	0	0
1280.15	0	1	0	0	0
1279.15	0	1	0	0	0
1278.15	0	1	0	0	0
1277.15	0	1	0	0	0
1276.15	0	1	0	0	0
1275.15	0	1	0	0	0
1274.15	0	1	0	0	0
1273.15	0	1	0	0	0
1272.15	0	1	0	0	0
1271.15	0	1	0	0	0
1270.15	0	1	0	0	0
1269.15	0	1	0	0	0
1268.15	0	1	0	0	0
1267.15	0	1	0	0	0
1266.15	0	1	0	0	0
1265.15	0	1	0	0	0
1264.15	0	1	0	0	0
1263.15	0	1	0	0	0
1262.15	0	1	0	0	0
1261.15	0	1	0	0	0
1260.15	0	1	0	0	0
1259.15	0	1	0	0	0
1258.15	0	1	0	0	0
1257.15	0	1	0	0	0
1256.15	0	1	0	0	0
1255.15	0	1	0	0	0
1254.15	0	1	0	0	0
1253.15	0	1	0	0	0
1252.15	0	1	0	0	0
1251.15	0	1	0	0	0
1250.15	0	1	0	0	0
1249.15	0	1	0	0	0
1248.15	0	1	0	0	0
1247.15	0	1	0	0	0
1246.15	0	1	0	0	0
1245.15	0	1	0	0	0
1244.15	0	1	0	0	0
1243.15	0	1	0	0	0
1242.15	0	1	0	0	0
1241.15	0	1	0	0	0
1240.15	0	1	0	0	0
1239.15	0	1	0	0	0
1238.15	0	1	0	0	0
1237.15	0	1	0	0	0
1236.15	0	1	0	0	0
1235.15	0	1	0	0	0
1234.15	0	1	0	0	0
1233.15	0	1	0	0	0
1232.15	0	1	0	0	0
1231.15	0	1	0	0	0
1230.15	0	1	0	0	0
1229.15	0	1	0	0	0
1228.15	0	1	0	0	0
1227.15	0	1	0	0	0
1226.15	0	1	0	0	0
1225.15	0	1	0	0	0
1224.15	0	1	0	0	0
1223.15	0	1	0	0	0
1222.15	0	1	0	0	0
1221.15	0	1	0	0	0
1220.15	0	1	0	0	0
1219.15	0	1	0	0	0
1218.15	0	1	0	0	0
1217.15	0	1	0	0	0
1216.15	0	1	0	0	0
1215.15	0	1	0	0	0
1214.15	0	1	0	0	0
1213.15	0	1	0	0	0
1212.15	0	1	0	0	0
1211.15	0	1	0	0	0
1210.15	0	1	0	0	0
1209.15	0	1	0	0	0
1208.15	0	1	0	0	0
1207.15	0	1	0	0	0
1206.15	0	1	0	0	0
1205.15	0	1	0	0	0
1204.15	0	1	0	0	0
1203.15	0	1	0	0	0
1202.15	0	1	0	0	0
1201.15	0	1	0	0	0
1200.15	0	1	0	0	0
1199.15	0	1	0	0	0
1198.15	0	1	0	0	0
1197.15	0	1	0	0	0
1196.15	0	1	0	0	0
1195.15	0	1	0	0	0
1194.15	0	1	0	0	0
1193.15	0	1	0	0	0
1192.15	0	1	0	0	0
1191.15	0	1	0	0	0
1190.15	0	1	0	0	0
1189.15	0	1	0	0	0
1188.15	0	1	0	0	0
1187.15	0	1	0	0	0
1186.15	0	1	0	0	0
1185.15	0	1	0	0	0
1184.15	0	1	0	0	0
1183.15	0	1	0	0	0
1182.15	0	1	0	0	0
1181.15	0	1	0	0	0
1180.15	0	1	0	0	0
1179.15	0	1	0	0	0
1178.15	0	1	0	0	0
1177.15	0	1	0	0	0
1176.15	0	1	0	0	0
1175.15	0	1	0	0	0
1174.15	0	1	0	0	0
1173.15	0	1	0	0	0
1172.15	0	1	0	0	0
1171.15	0	1	0	0	0
1170.15	0	1	0	0	0
1169.15	0	1	0	0	0
1168.15	0	1	0	0	0
1167.15	0	1	0	0	0
1166.15	0	1	0	0	0
1165.15	0	1	0	0	0
1164.355	0	1	0	0	0
1164.355	0	1	0	0	0
1164.355	0	1	0	0	0
1164.15	0	.9998962	0	1.037544E-04	0
1163.15	0	.9993911	0	6.08925E-04	0
1162.15	0	.998887	0	.00111305	0
1161.15	0	.9983839	0	.001616131	0
1160.15	0	.9978818	0	.002118171	0
1159.15	0	.9973808	0	.002619172	0
1158.15	0	.9968809	0	.003119136	0
1157.15	0	.9963819	0	.003618065	0
1156.15	0	.995884	0	.004115962	0
1155.15	0	.9953872	0	.004612829	0
1154.15	0	.9948913	0	.005108692	0
1153.15	0	.9943965	0	.005603505	0
1152.15	0	.9939027	0	.006097295	0
1151.15	0	.9934099	0	.006590064	0
1150.15	0	.9929182	0	.007081814	0
1149.15	0	.9924274	0	.007572547	0
1148.15	0	.9919377	0	.008062266	0
1147.15	0	.991449	0	.008550972	0
1146.15	0	.9909613	0	.009038667	0
1145.15	0	.9904747	0	.009525354	0
1144.15	0	.989989	0	.01001104	0
1143.15	0	.9895043	0	.01049571	0
1142.15	0	.9890206	0	.01097939	0
1141.15	0	.9885379	0	.01146206	0
1140.15	0	.9880563	0	.01194374	0
1139.15	0	.9875756	0	.01242442	0
1138.15	0	.9870959	0	.01290411	0
1137.15	0	.9866172	0	.01338281	0
1136.15	0	.9861395	0	.01386052	0
1135.15	0	.9856628	0	.01433724	0
1134.15	0	.985187	0	.01481297	0
1133.15	0	.9847123	0	.01528773	0
1132.15	0	.9842385	0	.0157615	0
1131.15	0	.9837657	0	.01623429	0
1130.15	0	.9832939	0	.0167061	0
1129.15	0	.9828231	0	.01717694	0
1128.15	0	.9823532	0	.0176468	0
1127.15	0	.9818843	0	.0181157	0
1126.15	0	.9814164	0	.01858362	0
1125.15	0	.9809494	0	.01905058	0
1124.15	0	.9804834	0	.01951657	0
1123.15	0	.9800184	0	.0199816	0
1122.15	0	.9795543	0	.02044567	0
1121.15	0	.9790912	0	.02090877	0
1120.15	0	.9786291	0	.02137092	0
1119.15	0	.9781679	0	.02183211	0
1118.15	0	.9777077	0	.02229235	0
1117.15	0	.9772484	0	.02275164	0
1116.15	0	.97679	0	.02320997	0
1115.15	0	.9763326	0	.02366736	0
1114.15	0	.9758762	0	.0241238	0
1113.15	0	.9754207	0	.0245793	0
1112.15	0	.9749662	0	.02503385	0
1111.15	0	.9745125	0	.02548746	0
1110.15	0	.9740599	0	.02594014	0
1109.15	0	.9736081	0	.02639187	0
1108.15	0	.9731573	0	.02684267	0
1107.15	0	.9727075	0	.02729254	0
1106.15	0	.9722585	0	.02774147	0
1105.15	0	.9718105	0	.02818948	0
1104.15	0	.9713635	0	.02863655	0
1103.15	0	.9709173	0	.0290827	0
1102.15	0	.9704721	0	.02952792	0
1101.15	0	.9700278	0	.02997222	0
1100.15	0	.9695844	0	.0304156	0
1099.15	0	.9691419	0	.03085806	0
1098.15	0	.9687004	0	.0312996	0
1097.15	0	.9682598	0	.03174022	0
1096.15	0	.9678201	0	.03217993	0
1095.15	0	.9673813	0	.03261873	0
1094.15	0	.9669434	0	.03305661	0
1093.15	0	.9665064	0	.03349359	0
1092.15	0	.9660703	0	.03392966	0
1091.15	0	.9656352	0	.03436482	0
1090.15	0	.9652009	0	.03479908	0
1089.15	0	.9647676	0	.03523243	0
1088.15	0	.9643351	0	.03566488	0
1087.15	0	.9639036	0	.03609643	0
1086.15	0	.9634729	0	.03652709	0
1085.15	0	.9630432	0	.03695685	0
1084.15	0	.9626143	0	.03738571	0
1083.15	0	.9621863	0	.03781368	0
1082.15	0	.9617592	0	.03824076	0
1081.15	0	.9613331	0	.03866695	0
1080.15	0	.9609078	0	.03909224	0
1079.15	0	.9604833	0	.03951666	0
1078.15	0	.9600598	0	.03994018	0
1077.15	0	.9596372	0	.04036283	0
1076.15	0	.9592154	0	.04078459	0
1075.15	0	.9587945	0	.04120547	0
1074.15	0	.9583745	0	.04162547	0
1073.15	0	.9579554	0	.04204459	0
1072.15	0	.9575372	0	.04246284	0
1071.15	0	.9571198	0	.04288021	0
1070.15	0	.9567033	0	.04329671	0
1069.15	0	.9562877	0	.04371233	0
1068.15	0	.9558729	0	.04412709	0
1067.15	0	.955459	0	.04454098	0
1066.15	0	.955046	0	.044954	0
1065.15	0	.9546339	0	.04536615	0
1064.15	0	.9542226	0	.04577744	0
1063.15	0	.9538121	0	.04618787	0
1062.15	0	.9534026	0	.04659744	0
1061.15	0	.9529939	0	.04700614	0
1060.15	0	.952586	0	.04741399	0
1059.15	0	.952179	0	.04782098	0
1058.15	0	.9517729	0	.04822711	0
1057.15	0	.9513676	0	.04863239	0
1056.15	0	.9509632	0	.04903682	0
1055.15	0	.9505596	0	.04944039	0
1054.15	0	.9501569	0	.04984312	0
1053.15	0	.949755	0	.050245	0
1052.15	0	.949354	0	.05064602	0
1051.15	0	.9489538	0	.05104621	0
1050.15	0	.9485545	0	.05144554	0
1049.15	0	.948156	0	.05184404	0
1048.15	0	.9477583	0	.05224169	0
1047.15	0	.9473615	0	.0526385	0
1046.15	0	.9469655	0	.05303447	0
1045.15	0	.9465704	0	.0534296	0
1044.15	0	.9461761	0	.0538239	0
1043.15	0	.9457826	0	.05421736	0
1042.15	0	.94539	0	.05460999	0
1041.15	0	.9449982	0	.05500178	0
1040.15	0	.9446073	0	.05539275	0
1039.15	0	.9442171	0	.05578288	0
1038.15	0	.9438278	0	.05617218	0
1037.15	0	.9434393	0	.05656066	0
1036.15	0	.9430517	0	.0569483	0
1035.15	0	.9426649	0	.05733513	0
1034.15	0	.9422789	0	.05772113	0
1033.15	0	.9418937	0	.0581063	0
1032.15	0	.9415093	0	.05849066	0
1031.15	0	.9411258	0	.05887419	0
1030.15	0	.9407431	0	.05925691	0
1029.15	0	.9403612	0	.0596388	0
1028.15	0	.9399801	0	.06001989	0
1027.15	0	.9395999	0	.06040015	0
1026.15	0	.9392204	0	.0607796	0
1025.15	0	.9388418	0	.06115824	0
1024.15	0	.9384639	0	.06153606	0
1023.15	0	.9380869	0	.06191308	0
1022.15	0	.9377107	0	.06228928	0
1021.15	0	.9373353	0	.06266468	0
1020.15	0	.9369607	0	.06303927	0
1019.15	0	.936587	0	.06341305	0
1018.15	0	.936214	0	.06378603	0
1017.15	0	.9358418	0	.06415821	0
1016.15	0	.9354704	0	.06452958	0
1015.15	0	.9350998	0	.06490015	0
1014.15	0	.9347301	0	.06526992	0
1013.15	0	.9343611	0	.06563889	0
1012.15	0	.9339929	0	.06600706	0
1011.15	0	.9336256	0	.06637443	0
1010.15	0	.933259	0	.06674101	0
1009.15	0	.9328932	0	.0671068	0
1008.15	0	.9325282	0	.06747179	0
1007.15	0	.932164	0	.06783598	0
1006.15	0	.9318006	0	.06819939	0
1005.15	0	.931438	0	.068562	0
1004.15	0	.9310762	0	.06892383	0
1003.15	0	.9307151	0	.06928486	0
1002.15	0	.9303549	0	.06964511	0
1001.15	0	.9299954	0	.07000457	0
1000.15	0	.9296368	0	.07036325	0
999.15	0	.9292789	0	.07072114	0
998.15	0	.9289217	0	.07107825	0
997.15	0	.9285654	0	.07143457	0
996.15	0	.9282099	0	.07179012	0
995.15	0	.9278551	0	.07214488	0
994.15	0	.9275011	0	.07249887	0
993.15	0	.9271479	0	.07285207	0
992.15	0	.9267955	0	.0732045	0
991.15	0	.9264439	0	.07355615	0
990.15	0	.926093	0	.07390703	0
989.15	0	.9257429	0	.07425713	0
988.15	0	.9253935	0	.07460646	0
987.15	0	.925045	0	.07495502	0
986.15	0	.9246972	0	.0753028	0
985.15	0	.9243502	0	.07564982	0
984.15	0	.9240039	0	.07599606	0
983.15	0	.9236585	0	.07634154	0
982.15	0	.9233138	0	.07668624	0
981.15	0	.9229698	0	.07703018	0
980.5395	0	.9227602	0	.07723977	0
980.5395	0	.9227602	0	.07723977	0
980.5395	0	.9227602	0	.07723977	0
980.15	0	.9223662	2.825074E-04	.07735134	0
979.15	0	.9213564	.001006523	.07763706	0
978.15	0	.9203494	.001728796	.0779218	0
977.15	0	.9193451	.002449334	.07820557	0
976.15	0	.9183435	.003168142	.07848834	0
975.15	0	.9173446	.003885226	.07877014	0
974.15	0	.9163485	.004600594	.07905094	0
973.15	0	.915355	.005314252	.07933076	0
972.15	0	.9143642	.006026206	.07960959	0
971.15	0	.9133761	.006736463	.07988743	0
970.15	0	.9123907	.007445031	.08016427	0
969.15	0	.911408	.008151916	.08044011	0
968.15	0	.9104279	.008857127	.08071496	0
967.15	0	.9094505	.009560671	.0809888	0
966.15	0	.9084758	.01026255	.08126165	0
965.15	0	.9075037	.01096279	.08153349	0
964.15	0	.9065343	.01166138	.08180431	0
963.15	0	.9055675	.01235833	.08207413	0
962.15	0	.9046034	.01305366	.08234294	0
961.15	0	.9036419	.01374737	.08261073	0
960.15	0	.902683	.01443948	.08287751	0
959.15	0	.9017268	.01512998	.08314326	0
958.15	0	.9007731	.01581889	.08340799	0
957.15	0	.8998221	.01650623	.08367169	0
956.15	0	.8988736	.01719199	.08393437	0
955.15	0	.8979278	.0178762	.08419601	0
954.15	0	.8969845	.01855885	.08445662	0
953.15	0	.8960438	.01923997	.08471619	0
952.15	0	.8951057	.01991956	.08497471	0
951.15	0	.8941702	.02059763	.0852322	0
950.15	0	.8932372	.0212742	.08548863	0
949.15	0	.8923067	.02194928	.08574401	0
948.15	0	.8913788	.02262288	.08599834	0
947.15	0	.8904534	.02329501	.08625161	0
946.15	0	.8895305	.02396568	.08650382	0
945.15	0	.8886101	.02463491	.08675496	0
944.15	0	.8876923	.02530272	.08700502	0
943.15	0	.8867769	.02596911	.08725402	0
942.15	0	.885864	.0266341	.08750194	0
941.15	0	.8849535	.0272977	.08774877	0
940.15	0	.8840456	.02795993	.08799452	0
939.15	0	.88314	.02862081	.08823917	0
938.15	0	.8822369	.02928034	.08848273	0
937.15	0	.8813363	.02993856	.08872519	0
936.15	0	.880438	.03059547	.08896655	0
935.15	0	.8795421	.03125108	.0892068	0
934.15	0	.8786487	.03190542	.08944593	0
933.15	0	.8777575	.03255851	.08968394	0
932.15	0	.8768688	.03321036	.08992083	0
931.15	0	.8759824	.033861	.09015658	0
930.15	0	.8750984	.03451043	.09039121	0
929.15	0	.8742166	.03515869	.09062469	0
928.15	0	.8733372	.03580578	.09085703	0
927.15	0	.87246	.03645174	.09108821	0
926.15	0	.8715852	.03709658	.09131824	0
925.15	0	.8707126	.03774033	.09154711	0
924.15	0	.8698422	.038383	.0917748	0
923.15	0	.868974	.03902463	.09200132	0
922.15	0	.8681081	.03966523	.09222666	0
921.15	0	.8672444	.04030483	.09245081	0
920.15	0	.8663828	.04094345	.09267377	0
919.15	0	.8655234	.04158112	.09289553	0
918.15	0	.8646661	.04221786	.09311607	0
917.15	0	.8638109	.04285371	.09333541	0
916.15	0	.8629578	.04348869	.09355352	0
915.15	0	.8621068	.04412282	.0937704	0
914.15	0	.8612578	.04475614	.09398604	0
913.15	0	.8604109	.04538867	.09420044	0
912.15	0	.859566	.04602045	.09441359	0
911.15	0	.858723	.04665151	.09462548	0
910.15	0	.857882	.04728188	.0948361	0
909.15	0	.857043	.04791159	.09504545	0
908.15	0	.8562058	.04854068	.09525351	0
907.15	0	.8553705	.04916918	.09546027	0
906.15	0	.8545371	.04979712	.09566574	0
905.15	0	.8537056	.05042455	.09586989	0
904.15	0	.8528758	.05105149	.09607273	0
903.15	0	.8520478	.051678	.09627423	0
902.15	0	.8512215	.0523041	.0964744	0
901.15	0	.8503969	.05292985	.09667321	0
900.15	0	.8495741	.05355527	.09687067	0
899.15	0	.8487528	.05418041	.09706676	0
898.15	0	.8479332	.05480532	.09726147	0
897.15	0	.8471152	.05543004	.09745479	0
896.15	0	.8462987	.05605462	.09764671	0
895.15	0	.8454837	.0566791	.09783722	0
894.15	0	.8446702	.05730353	.0980263	0
893.15	0	.8438581	.05792797	.09821395	0
892.15	0	.8430474	.05855246	.09840015	0
891.15	0	.842238	.05917706	.09858489	0
890.15	0	.84143	.05980182	.09876816	0
889.15	0	.8406233	.06042679	.09894994	0
888.15	0	.8398177	.06105203	.09913023	0
887.15	0	.8390134	.06167761	.09930901	0
886.15	0	.8382102	.06230358	.09948626	0
885.15	0	.837408	.06293	.09966198	0
884.15	0	.8366069	.06355693	.09983614	0
883.15	0	.8358068	.06418445	.1000087	0
882.15	0	.8350077	.06481261	.1001797	0
881.15	0	.8342094	.0654415	.1003491	0
880.15	0	.8334119	.06607117	.100517	0
879.15	0	.8326152	.0667017	.1006831	0
878.15	0	.8318192	.06733316	.1008476	0
877.15	0	.8310239	.06796564	.1010105	0
876.15	0	.8302291	.06859921	.1011717	0
875.15	0	.8294349	.06923396	.1013311	0
874.15	0	.8286412	.06986996	.1014889	0
873.15	0	.8278478	.07050731	.1016449	0
872.15	0	.8270547	.0711461	.1017992	0
871.15	0	.826262	.0717864	.1019516	0
870.15	0	.8254693	.07242833	.1021023	0
869.15	0	.8246768	.07307198	.1022512	0
868.15	0	.8238843	.07371745	.1023982	0
867.15	0	.8230918	.07436484	.1025434	0
866.15	0	.8222991	.07501425	.1026866	0
865.15	0	.8215062	.07566581	.102828	0
864.15	0	.820713	.07631963	.1029674	0
863.15	0	.8199193	.07697581	.1031049	0
862.15	0	.8191252	.0776345	.1032404	0
861.15	0	.8183304	.0782958	.1033738	0
860.15	0	.8175349	.07895985	.1035052	0
859.15	0	.8167386	.07962679	.1036346	0
858.15	0	.8159414	.08029675	.1037618	0
857.15	0	.8151432	.08096989	.1038869	0
856.15	0	.8143438	.08164634	.1040099	0
855.15	0	.8135431	.08232627	.1041306	0
854.15	0	.8127411	.08300983	.1042491	0
853.15	0	.8119375	.0836972	.1043653	0
852.15	0	.8111322	.08438854	.1044793	0
851.15	0	.8103251	.08508404	.1045909	0
850.15	0	.8095161	.08578389	.1047001	0
849.15	0	.8087049	.08648827	.1048068	0
848.15	0	.8078915	.08719739	.1049112	0
847.15	0	.8070756	.08791147	.1050129	0
846.15	0	.8062571	.08863072	.1051122	0
845.15	0	.8054358	.08935538	.1052088	0
844.15	0	.8046116	.09008567	.1053027	0
843.15	0	.8037842	.09082187	.105394	0
842.15	0	.8029533	.09156421	.1054824	0
841.15	0	.8021189	.09231299	.1055681	0
840.15	0	.8012807	.09306849	.1056508	0
839.15	0	.8004384	.09383101	.1057306	0
838.15	0	.7995918	.09460086	.1058074	0
837.15	0	.7987406	.09537839	.105881	0
836.15	0	.7978845	.09616394	.1059515	0
835.15	0	.7970234	.09695787	.1060188	0
834.15	0	.7961567	.09776059	.1060827	0
833.15	0	.7952843	.09857249	.1061432	0
832.15	0	.7944058	.09939401	.1062002	0
831.15	0	.7935208	.1002256	.1062536	0
830.15	0	.792629	.1010678	.1063032	0
829.15	0	.7917299	.1019211	.1063491	0
828.15	0	.7908231	.102786	.106391	0
827.15	0	.7899081	.1036631	.1064288	0
826.15	0	.7889845	.104553	.1064624	0
825.15	0	.7880517	.1054565	.1064917	0
824.15	0	.7871092	.1063742	.1065166	0
823.15	0	.7861564	.1073069	.1065367	0
822.15	0	.7851925	.1082555	.106552	0
821.15	0	.784217	.1092207	.1065623	0
820.15	0	.783229	.1102035	.1065674	0
819.15	0	.7822278	.1112051	.1065671	0
818.15	0	.7812125	.1122265	.1065611	0
817.15	0	.780182	.1132689	.1065491	0
816.15	0	.7791354	.1143337	.1065309	0
815.15	0	.7780714	.1154224	.1065062	0
814.15	0	.776989	.1165364	.1064746	0
813.15	0	.7755618	.1180611	.1063771	0
812.15	0	.7737638	.1200298	.1062064	0
811.15	0	.7720426	.1219145	.1060429	0
810.15	0	.770393	.1237211	.105886	0
809.15	0	.76881	.1254547	.1057353	0
808.15	0	.7672894	.1271201	.1055905	0
807.15	0	.7658272	.1287216	.1054512	0
806.15	0	.7644198	.1302632	.105317	0
805.15	0	.7630638	.1317486	.1051876	0
804.15	0	.7617563	.133181	.1050628	0
803.15	0	.7604943	.1345636	.1049422	0
802.15	0	.7592753	.1358991	.1048256	0
801.15	0	.758097	.1371902	.1047128	0
800.15	0	.7569571	.1384394	.1046036	0
799.15	0	.7558535	.1396487	.1044977	0
798.15	0	.7547846	.1408204	.104395	0
797.15	0	.7537483	.1419563	.1042954	0
796.15	0	.7527432	.1430583	.1041985	0
795.15	0	.7517677	.144128	.1041044	0
794.15	0	.7508203	.1451669	.1040128	0
793.15	0	.7498998	.1461766	.1039236	0
792.15	0	.7490049	.1471584	.1038367	0
791.15	0	.7481344	.1481136	.103752	0
790.15	0	.7472873	.1490433	.1036694	0
789.15	0	.7464625	.1499488	.1035887	0
788.15	0	.745659	.1508311	.1035099	0
787.15	0	.744876	.1516911	.1034329	0
786.15	0	.7441126	.1525299	.1033576	0
785.15	0	.7433679	.1533483	.1032838	0
784.15	0	.7426413	.1541471	.1032116	0
783.15	0	.741932	.1549271	.1031409	0
782.15	0	.7412392	.1556892	.1030716	0
781.15	0	.7405625	.1564339	.1030036	0
780.15	0	.7399011	.157162	.1029369	0
779.15	0	.739256	.157873	.102871	0
778.15	0	.7386235	.1585699	.1028067	0
777.15	0	.7380047	.1592519	.1027434	0
776.15	0	.7373991	.1599197	.1026813	0
775.15	0	.7368062	.1605737	.1026201	0
774.15	0	.7362256	.1612145	.1025599	0
773.15	0	.7356569	.1618424	.1025007	0
772.15	0	.7350996	.1624581	.1024423	0
771.15	0	.7345534	.1630618	.1023848	0
770.15	0	.7340179	.1636541	.102328	0
769.15	0	.7334927	.1642352	.1022721	0
768.15	0	.7329775	.1648057	.1022169	0
767.15	0	.7324719	.1653657	.1021624	0
766.15	0	.7319758	.1659157	.1021085	0
765.15	0	.7314886	.166456	.1020554	0
764.15	0	.7310103	.1669869	.1020028	0
763.15	0	.7305404	.1675087	.1019509	0
762.15	0	.7300788	.1680217	.1018995	0
761.15	0	.7296251	.1685262	.1018487	0
760.15	0	.7291792	.1690224	.1017984	0
759.15	0	.7287408	.1695105	.1017486	0
758.15	0	.7283097	.1699909	.1016994	0
757.15	0	.7278857	.1704638	.1016505	0
756.15	0	.7274686	.1709293	.1016022	0
755.15	0	.7270581	.1713877	.1015542	0
754.15	0	.7266541	.1718392	.1015067	0
753.15	0	.7262564	.172284	.1014595	0
752.15	0	.7258649	.1727224	.1014128	0
751.15	0	.7254793	.1731543	.1013664	0
750.15	0	.7250995	.1735802	.1013203	0
749.15	0	.7247254	.174	.1012746	0
748.15	0	.7243568	.174414	.1012292	0
747.15	0	.7239935	.1748224	.1011841	0
746.15	0	.7236354	.1752253	.1011393	0
745.15	0	.7232824	.1756228	.1010948	0
744.15	0	.7229343	.1760151	.1010506	0
743.15	0	.722591	.1764024	.1010066	0
742.15	0	.7222524	.1767847	.1009629	0
741.15	0	.7219184	.1771621	.1009194	0
740.15	0	.7215889	.1775349	.1008762	0
739.15	0	.7212637	.1779031	.1008331	0
738.15	0	.7209428	.1782669	.1007903	0
737.15	0	.720626	.1786263	.1007477	0
736.15	0	.7203133	.1789814	.1007053	0
735.15	0	.7200045	.1793325	.1006631	0
734.15	0	.7196995	.1796795	.100621	0
733.15	0	.7193983	.1800225	.1005792	0
732.15	0	.7191008	.1803617	.1005374	0
731.15	0	.7188069	.1806972	.1004959	0
730.15	0	.7185165	.181029	.1004545	0
729.15	0	.7182296	.1813572	.1004132	0
728.15	0	.717946	.1816819	.1003721	0
727.15	0	.7176656	.1820033	.1003311	0
726.15	0	.7173885	.1823212	.1002903	0
725.15	0	.7171146	.1826359	.1002495	0
724.15	0	.7168436	.1829475	.1002089	0
723.15	0	.7165758	.1832559	.1001684	0
722.15	0	.7163108	.1835612	.100128	0
721.15	0	.7160487	.1838636	.1000877	0
720.15	0	.7157895	.184163	.1000475	0
719.15	0	.715533	.1844597	.1000074	0
718.15	0	.7152792	.1847535	.09996734	0
717.15	0	.7150281	.1850446	.0999274	0
716.15	0	.7147795	.185333	.09988755	0
715.15	0	.7145335	.1856187	.09984776	0
714.15	0	.71429	.1859019	.09980805	0
713.15	0	.7140489	.1861827	.09976841	0
712.15	0	.7138103	.1864609	.09972884	0
711.15	0	.713574	.1867367	.09968933	0
710.15	0	.71334	.1870102	.09964988	0
709.15	0	.7131082	.1872813	.09961048	0
708.15	0	.7128787	.1875502	.09957114	0
707.15	0	.7126513	.1878168	.09953185	0
706.15	0	.7124261	.1880813	.09949261	0
705.15	0	.712203	.1883436	.09945342	0
704.15	0	.7119819	.1886038	.09941426	0
703.15	0	.7117629	.188862	.09937515	0
702.15	0	.7115458	.1891181	.09933608	0
701.15	0	.7113307	.1893723	.09929705	0
700.15	0	.7111175	.1896245	.09925805	0
699.15	0	.7109062	.1898748	.09921908	0
698.15	0	.7106967	.1901232	.09918014	0
697.15	0	.710489	.1903698	.09914123	0
696.15	0	.7102831	.1906145	.09910235	0
695.15	0	.710079	.1908575	.09906349	0
694.15	0	.7098766	.1910987	.09902465	0
693.15	0	.7096759	.1913383	.09898584	0
692.15	0	.7094769	.1915761	.09894705	0
691.15	0	.7092795	.1918123	.09890828	0
690.15	0	.7090837	.1920468	.09886952	0
689.15	0	.7088895	.1922798	.09883078	0
688.15	0	.7086968	.1925111	.09879206	0
687.15	0	.7085057	.1927409	.09875335	0
686.15	0	.7083161	.1929692	.09871465	0
685.15	0	.708128	.1931961	.09867596	0
684.15	0	.7079413	.1934214	.09863729	0
683.15	0	.7077561	.1936453	.09859862	0
682.15	0	.7075723	.1938677	.09855996	0
681.15	0	.7073899	.1940888	.09852131	0
680.15	0	.7072089	.1943084	.09848266	0
679.15	0	.7070292	.1945267	.09844402	0
678.15	0	.7068509	.1947437	.09840539	0
677.15	0	.7066739	.1949594	.09836676	0
676.15	0	.7064982	.1951737	.09832814	0
675.15	0	.7063237	.1953868	.09828951	0
674.15	0	.7061505	.1955986	.09825089	0
673.15	0	.7059786	.1958092	.09821227	0
672.15	0	.7058078	.1960185	.09817365	0
671.15	0	.7056383	.1962267	.09813503	0
670.15	0	.70547	.1964336	.09809642	0
669.15	0	.7053028	.1966394	.0980578	0
668.15	0	.7051368	.196844	.09801918	0
667.15	0	.7049719	.1970475	.09798056	0
666.15	0	.7048082	.1972499	.09794194	0
665.15	0	.7046455	.1974512	.09790332	0
664.15	0	.704484	.1976513	.09786469	0
663.15	0	.7043235	.1978504	.09782607	0
662.15	0	.7041641	.1980485	.09778744	0
661.15	0	.7040057	.1982455	.0977488	0
660.15	0	.7038484	.1984414	.09771017	0
659.15	0	.7036921	.1986363	.09767153	0
658.15	0	.7035368	.1988303	.09763289	0
657.15	0	.7033826	.1990232	.09759424	0
656.15	0	.7032293	.1992151	.09755559	0
655.15	0	.703077	.1994061	.09751694	0
654.15	0	.7029256	.1995961	.09747828	0
653.15	0	.7027752	.1997852	.09743962	0
652.15	0	.7026257	.1999734	.09740096	0
651.15	0	.7024771	.2001606	.09736229	0
650.15	0	.7023295	.2003469	.09732361	0
649.15	0	.7021828	.2005323	.09728494	0
648.15	0	.702037	.2007168	.09724626	0
647.15	0	.701892	.2009004	.09720758	0
646.15	0	.7017479	.2010832	.09716889	0
645.15	0	.7016047	.2012651	.0971302	0
644.15	0	.7014624	.2014461	.09709151	0
643.15	0	.7013208	.2016264	.09705281	0
642.15	0	.7011802	.2018057	.09701411	0
641.15	0	.7010403	.2019843	.09697541	0
640.15	0	.7009013	.202162	.09693671	0
639.15	0	.700763	.202339	.096898	0
638.15	0	.7006256	.2025151	.09685929	0
637.15	0	.7004889	.2026905	.09682058	0
636.15	0	.7003531	.2028651	.09678187	0
635.15	0	.700218	.2030389	.09674315	0
634.15	0	.7000837	.2032119	.09670444	0
633.15	0	.6999501	.2033842	.09666572	0
632.15	0	.6998173	.2035557	.09662701	0
631.15	0	.6996852	.2037265	.09658829	0
630.15	0	.6995538	.2038966	.09654957	0
629.15	0	.6994232	.2040659	.09651086	0
628.15	0	.6992933	.2042345	.09647214	0
627.15	0	.6991641	.2044024	.09643343	0
626.15	0	.6990357	.2045696	.09639471	0
625.15	0	.6989079	.2047361	.096356	0
624.15	0	.6987808	.2049019	.09631729	0
623.15	0	.6986544	.2050671	.09627858	0
622.15	0	.6985286	.2052315	.09623988	0
621.15	0	.6984036	.2053952	.09620118	0
620.15	0	.6982792	.2055583	.09616248	0
619.15	0	.6981555	.2057208	.09612379	0
618.15	0	.6980324	.2058825	.0960851	0
617.15	0	.69791	.2060436	.09604642	0
616.15	0	.6977882	.2062041	.09600774	0
615.15	0	.697667	.2063639	.09596907	0
614.15	0	.6975465	.2065231	.0959304	0
613.15	0	.6974266	.2066817	.09589175	0
612.15	0	.6973073	.2068396	.09585309	0
611.15	0	.6971887	.2069969	.09581445	0
610.15	0	.6970706	.2071536	.09577582	0
609.15	0	.6969532	.2073097	.09573719	0
608.15	0	.6968363	.2074651	.09569857	0
607.15	0	.6967201	.20762	.09565997	0
606.15	0	.6966044	.2077742	.09562137	0
605.15	0	.6964893	.2079279	.09558278	0
604.15	0	.6963748	.208081	.09554421	0
603.15	0	.6962609	.2082335	.09550564	0
602.15	0	.6961475	.2083854	.09546709	0
601.15	0	.6960347	.2085367	.09542856	0
600.15	0	.6959225	.2086875	.09539003	0
599.15	0	.6958108	.2088377	.09535152	0
598.15	0	.6956997	.2089873	.09531303	0
597.15	0	.6955891	.2091363	.09527455	0
596.15	0	.6954791	.2092849	.09523608	0
595.15	0	.6953696	.2094328	.09519763	0
594.15	0	.6952606	.2095802	.0951592	0
593.15	0	.6951522	.209727	.09512079	0
592.15	0	.6950443	.2098733	.09508239	0
591.15	0	.6949369	.210019	.09504402	0
590.15	0	.6948301	.2101643	.09500566	0
589.15	0	.6947238	.2103089	.09496732	0
588.15	0	.6946179	.2104531	.094929	0
587.15	0	.6945126	.2105967	.09489071	0
586.15	0	.6944078	.2107397	.09485243	0
585.15	0	.6943035	.2108823	.09481418	0
584.15	0	.6941997	.2110243	.09477595	0
583.15	0	.6940964	.2111658	.09473774	0
582.15	0	.6939936	.2113068	.09469956	0
581.15	0	.6938913	.2114473	.0946614	0
580.15	0	.6937895	.2115873	.09462327	0
579.15	0	.6936881	.2117267	.09458516	0
578.15	0	.6935873	.2118657	.09454709	0
577.15	0	.6934869	.2120041	.09450903	0
576.15	0	.693387	.212142	.09447101	0
575.15	0	.6932875	.2122795	.09443301	0
574.15	0	.6931885	.2124164	.09439504	0
573.15	0	.69309	.2125529	.09435711	0
572.15	0	.692992	.2126888	.0943192	0
571.15	0	.6928944	.2128243	.09428132	0
570.15	0	.6927973	.2129593	.09424348	0
569.15	0	.6927006	.2130937	.09420567	0
568.15	0	.6926044	.2132277	.09416789	0
567.15	0	.6925086	.2133613	.09413015	0
566.15	0	.6924133	.2134943	.09409244	0
565.15	0	.6923184	.2136268	.09405476	0
564.15	0	.692224	.2137589	.09401712	0
563.15	0	.69213	.2138905	.09397952	0
562.15	0	.6920364	.2140216	.09394195	0
561.15	0	.6919433	.2141523	.09390442	0
560.15	0	.6918506	.2142825	.09386693	0
559.15	0	.6917583	.2144122	.09382948	0
558.15	0	.6916665	.2145414	.09379207	0
557.15	0	.6915751	.2146702	.0937547	0
556.15	0	.6914841	.2147985	.09371737	0
555.15	0	.6913935	.2149264	.09368008	0
554.15	0	.6913034	.2150538	.09364283	0
553.15	0	.6912137	.2151807	.09360563	0
552.15	0	.6911244	.2153072	.09356847	0
551.15	0	.6910355	.2154332	.09353135	0
550.15	0	.690947	.2155587	.09349428	0
549.15	0	.6908589	.2156838	.09345726	0
548.15	0	.6907712	.2158085	.09342028	0
547.15	0	.690684	.2159327	.09338335	0
546.15	0	.6905971	.2160564	.09334647	0
545.15	0	.6905107	.2161797	.09330963	0
544.15	0	.6904246	.2163025	.09327285	0
543.15	0	.6903389	.216425	.09323611	0
542.15	0	.6902537	.2165469	.09319943	0
541.15	0	.6901688	.2166684	.09316279	0
540.15	0	.6900843	.2167895	.09312621	0
539.15	0	.6900003	.2169101	.09308968	0
538.15	0	.6899166	.2170302	.09305321	0
537.15	0	.6898333	.21715	.09301678	0
536.15	0	.6897503	.2172693	.09298042	0
535.15	0	.6896678	.2173881	.0929441	0
534.15	0	.6895857	.2175065	.09290785	0
533.15	0	.6895039	.2176245	.09287165	0
532.15	0	.6894225	.217742	.09283551	0
531.15	0	.6893415	.2178591	.09279943	0
530.15	0	.6892609	.2179758	.0927634	0
529.15	0	.6891806	.218092	.09272743	0
528.15	0	.6891007	.2182078	.09269153	0
527.15	0	.6890212	.2183231	.09265568	0
526.15	0	.6889422	.218438	.09261979	0
525.15	0	.6888634	.2185525	.09258407	0
524.15	0	.688785	.2186666	.09254841	0
523.15	0	.688707	.2187802	.09251281	0
522.15	0	.6886293	.2188934	.09247728	0
521.15	0	.688552	.2190062	.09244181	0
520.15	0	.6884751	.2191185	.09240641	0
519.15	0	.6883985	.2192304	.09237108	0
518.15	0	.6883223	.2193419	.09233581	0
517.15	0	.6882464	.219453	.09230061	0
516.15	0	.6881709	.2195636	.09226548	0
515.15	0	.6880958	.2196738	.09223041	0
514.15	0	.688021	.2197836	.09219542	0
513.15	0	.6879466	.2198929	.09216049	0
512.15	0	.6878725	.2200019	.09212564	0
511.15	0	.6877988	.2201104	.09209086	0
510.15	0	.6877254	.2202184	.09205615	0
509.15	0	.6876524	.2203261	.09202152	0
508.15	0	.6875797	.2204333	.09198696	0
507.15	0	.6875074	.2205401	.09195247	0
506.15	0	.6874354	.2206465	.09191806	0
505.15	0	.6873638	.2207525	.09188372	0
504.15	0	.6872925	.220858	.09184946	0
503.15	0	.6872216	.2209632	.09181528	0
502.15	0	.687151	.2210679	.09178117	0
501.15	0	.6870807	.2211722	.09174715	0
500.15	0	.6870108	.221276	.0917132	0
499.15	0	.6869412	.2213795	.09167933	0
498.15	0	.686872	.2214825	.09164554	0
497.15	0	.6868031	.2215851	.09161184	0
496.15	0	.6867345	.2216873	.09157821	0
495.15	0	.6866663	.221789	.09154467	0
494.15	0	.6865984	.2218904	.09151121	0
493.15	0	.6865308	.2219913	.09147784	0
492.15	0	.6864636	.2220918	.09144455	0
491.15	0	.6863967	.2221919	.09141134	0
490.15	0	.6863302	.2222916	.09137822	0
489.15	0	.6862639	.2223909	.09134519	0
488.15	0	.686198	.2224897	.09131224	0
487.15	0	.6861325	.2225882	.09127938	0
486.15	0	.6860672	.2226862	.09124661	0
485.15	0	.6860023	.2227838	.09121393	0
484.15	0	.6859377	.222881	.09118133	0
483.15	0	.6858734	.2229777	.09114883	0
482.15	0	.6858095	.2230741	.09111642	0
481.15	0	.6857459	.22317	.0910841	0
480.15	0	.6856826	.2232655	.09105187	0
479.15	0	.6856196	.2233607	.09101974	0
478.15	0	.685557	.2234553	.09098769	0
477.15	0	.6854946	.2235496	.09095574	0
476.15	0	.6854326	.2236435	.09092389	0
475.15	0	.6853709	.2237369	.09089213	0
474.15	0	.6853096	.22383	.09086047	0
473.15	0	.6852485	.2239226	.0908289	0
472.15	0	.6851878	.2240148	.09079743	0
471.15	0	.6851274	.2241066	.09076606	0
470.15	0	.6850673	.2241979	.09073479	0
469.15	0	.6850075	.2242889	.09070362	0
468.15	0	.684948	.2243795	.09067254	0
467.15	0	.6848888	.2244696	.09064157	0
466.15	0	.68483	.2245593	.09061069	0
465.15	0	.6847714	.2246486	.09057992	0
464.15	0	.6847132	.2247375	.09054925	0
463.15	0	.6846553	.224826	.09051868	0
462.15	0	.6845977	.2249141	.09048821	0
461.15	0	.6845404	.2250018	.09045785	0
460.15	0	.6844834	.225089	.0904276	0
459.15	0	.6844267	.2251758	.09039744	0
458.15	0	.6843704	.2252623	.0903674	0
457.15	0	.6843143	.2253483	.09033745	0
456.15	0	.6842585	.2254339	.09030762	0
455.15	0	.6842031	.225519	.09027789	0
454.15	0	.6841479	.2256038	.09024827	0
453.15	0	.6840931	.2256882	.09021876	0
452.15	0	.6840385	.2257721	.09018936	0
451.15	0	.6839843	.2258556	.09016007	0
450.15	0	.6839304	.2259388	.09013088	0
449.15	0	.6838768	.2260214	.09010183	0
448.15	0	.6838235	.2261036	.0900729	0
447.15	0	.6837705	.2261854	.09004407	0
446.15	0	.6837178	.2262668	.09001537	0
445.15	0	.6836655	.2263477	.08998679	0
444.15	0	.6836135	.2264282	.08995833	0
443.15	0	.6835617	.2265083	.08992999	0
442.15	0	.6835104	.2265879	.08990178	0
441.15	0	.6834593	.226667	.0898737	0
440.15	0	.6834086	.2267457	.08984575	0
439.15	0	.6833581	.2268239	.08981794	0
438.15	0	.6833081	.2269017	.08979025	0
437.15	0	.6832583	.226979	.08976271	0
436.15	0	.6832089	.2270558	.0897353	0
435.15	0	.6831599	.2271321	.08970804	0
434.15	0	.6831112	.2272079	.08968091	0
433.15	0	.6830628	.2272833	.08965393	0
432.15	0	.6830147	.2273582	.0896271	0
431.15	0	.682967	.2274326	.0896004	0
430.15	0	.6829197	.2275065	.08957386	0
429.15	0	.6828727	.2275799	.08954747	0
428.15	0	.682826	.2276528	.08952122	0
427.15	0	.6827797	.2277252	.08949513	0
426.15	0	.6827337	.2277971	.08946919	0
425.15	0	.6826881	.2278685	.0894434	0
424.15	0	.6826429	.2279394	.08941777	0
423.15	0	.6825979	.2280098	.08939229	0
422.15	0	.6825534	.2280797	.08936697	0
421.15	0	.6825092	.228149	.0893418	0
420.15	0	.6824653	.2282179	.08931679	0
419.15	0	.6824218	.2282863	.08929194	0
418.15	0	.6823786	.2283542	.08926725	0
417.15	0	.6823358	.2284215	.08924272	0
416.15	0	.6822933	.2284884	.08921834	0
415.15	0	.6822511	.2285547	.08919413	0
414.15	0	.6822093	.2286206	.08917008	0
413.15	0	.6821679	.2286859	.08914619	0
412.15	0	.6821268	.2287507	.08912246	0
411.15	0	.6820861	.2288151	.08909889	0
410.15	0	.6820456	.2288789	.08907549	0
409.15	0	.6820056	.2289422	.08905225	0
408.15	0	.6819658	.229005	.08902917	0
407.15	0	.6819264	.2290673	.08900625	0
406.15	0	.6818874	.2291291	.0889835	0
405.15	0	.6818487	.2291904	.08896091	0
404.15	0	.6818103	.2292512	.08893848	0
403.15	0	.6817722	.2293115	.08891622	0
402.15	0	.6817345	.2293714	.08889412	0
401.15	0	.6816971	.2294307	.08887218	0
400.15	0	.6816601	.2294895	.08885041	0
399.15	0	.6816234	.2295478	.0888288	0
398.15	0	.681587	.2296057	.08880735	0
397.15	0	.6815509	.2296631	.08878606	0
396.15	0	.6815151	.2297199	.08876494	0
395.15	0	.6814797	.2297763	.08874398	0
394.15	0	.6814446	.2298322	.08872318	0
393.15	0	.6814098	.2298877	.08870254	0
392.15	0	.6813753	.2299426	.08868206	0
391.15	0	.6813411	.2299971	.08866175	0
390.15	0	.6813073	.2300511	.0886416	0
389.15	0	.6812737	.2301047	.08862161	0
388.15	0	.6812405	.2301578	.08860177	0
387.15	0	.6812075	.2302104	.0885821	0
386.15	0	.6811749	.2302625	.08856259	0
385.15	0	.6811426	.2303142	.08854323	0
384.15	0	.6811105	.2303654	.08852404	0
383.15	0	.6810788	.2304162	.088505	0
382.15	0	.6810474	.2304665	.08848612	0
381.15	0	.6810162	.2305164	.08846739	0
380.15	0	.6809853	.2305658	.08844883	0
379.15	0	.6809548	.2306148	.08843042	0
378.15	0	.6809245	.2306634	.08841216	0
377.15	0	.6808945	.2307115	.08839406	0
376.15	0	.6808647	.2307592	.08837611	0
375.15	0	.6808353	.2308064	.08835832	0
374.15	0	.6808061	.2308532	.08834068	0
373.15	0	.6807772	.2308996	.0883232	0
372.15	0	.6807486	.2309456	.08830586	0
371.15	0	.6807202	.2309911	.08828868	0
370.15	0	.6806921	.2310363	.08827165	0
369.15	0	.6806642	.231081	.08825477	0
368.15	0	.6806367	.2311253	.08823803	0
367.15	0	.6806094	.2311692	.08822145	0
366.15	0	.6805823	.2312127	.08820501	0
365.15	0	.6805555	.2312558	.08818872	0
364.15	0	.6805289	.2312985	.08817258	0
363.15	0	.6805026	.2313408	.08815659	0
362.15	0	.6804766	.2313827	.08814074	0
361.15	0	.6804507	.2314242	.08812504	0
360.15	0	.6804252	.2314654	.08810947	0
359.15	0	.6803998	.2315061	.08809406	0
358.15	0	.6803747	.2315465	.08807878	0
357.15	0	.6803499	.2315865	.08806365	0
356.15	0	.6803252	.2316261	.08804866	0
355.15	0	.6803008	.2316654	.08803381	0
354.15	0	.6802767	.2317042	.0880191	0
353.15	0	.6802527	.2317428	.08800453	0
352.15	0	.680229	.2317809	.0879901	0
351.15	0	.6802055	.2318187	.08797581	0
350.15	0	.6801822	.2318562	.08796165	0
349.15	0	.6801591	.2318933	.08794763	0
348.15	0	.6801362	.23193	.08793375	0
347.15	0	.6801136	.2319664	.08792	0
346.15	0	.6800911	.2320025	.08790638	0
345.15	0	.6800689	.2320382	.0878929	0
344.15	0	.6800468	.2320736	.08787955	0
343.15	0	.680025	.2321087	.08786634	0
342.15	0	.6800033	.2321434	.08785326	0
341.15	0	.6799819	.2321778	.0878403	0
340.15	0	.6799606	.2322119	.08782748	0
339.15	0	.6799396	.2322456	.08781479	0
338.15	0	.6799187	.2322791	.08780223	0
337.15	0	.679898	.2323122	.08778979	0
336.15	0	.6798775	.232345	.08777749	0
335.15	0	.6798572	.2323775	.08776531	0
334.15	0	.6798371	.2324097	.08775325	0
333.15	0	.6798171	.2324416	.08774133	0
332.15	0	.6797973	.2324732	.08772952	0
331.15	0	.6797777	.2325044	.08771785	0
330.15	0	.6797583	.2325354	.08770629	0
329.15	0	.679739	.2325661	.08769486	0
328.15	0	.6797199	.2325966	.08768355	0
327.15	0	.679701	.2326267	.08767237	0
326.15	0	.6796822	.2326565	.0876613	0
325.15	0	.6796636	.2326861	.08765036	0
324.15	0	.6796451	.2327154	.08763954	0
323.15	0	.6796268	.2327444	.08762883	0
322.15	0	.6796087	.2327731	.08761825	0
321.15	0	.6795907	.2328016	.08760778	0
320.15	0	.6795728	.2328297	.08759744	0
319.15	0	.6795551	.2328577	.08758721	0
318.15	0	.6795376	.2328853	.08757709	0
317.15	0	.6795202	.2329127	.08756709	0
316.15	0	.6795029	.2329399	.08755721	0
315.15	0	.6794858	.2329668	.08754745	0
314.3375	0	.679472	.2329884	.0875396	0
314.3375	0	.679472	.2329884	.0875396	0
314.3375	0	.679472	.2329884	.0875396	0
314.15	0	.6795128	.2328879	.08748994	1.093233E-04
313.15	0	.6797305	.232352	.08722529	6.922308E-04
312.15	0	.6799481	.2318162	.08696104	.001274666
311.15	0	.6801655	.2312806	.0866972	.001856632
310.15	0	.6803829	.2307452	.08643377	.00243813
309.15	0	.6806002	.2302099	.08617075	.003019162
308.15	0	.6808174	.2296748	.08590813	.00359973
307.15	0	.6810345	.2291398	.08564591	.004179836
306.15	0	.6812515	.228605	.08538409	.004759482
305.15	0	.6814684	.2280703	.08512268	.005338669
304.15	0	.6816852	.2275357	.08486167	.0059174
303.15	0	.6819019	.2270014	.08460105	.006495676
302.15	0	.6821185	.2264671	.08434084	.007073498
301.15	0	.6823351	.225933	.08408102	.007650869
300.15	0	.6825515	.2253991	.0838216	.008227789
299.15	0	.6827679	.2248653	.08356257	.008804261
298.15	0	.6829842	.2243316	.08330394	.009380286
