T	 BPW(LIQUID)	BPW(BCC_A2)	BPW(FCC_A1)	BPW(LAVES_PHASE_C14)	BPW(NI3TI)
1473.15	.7488214	.2511786	0	0	0
1472.15	.7450415	.2549585	0	0	0
1471.15	.7412829	.2587171	0	0	0
1470.15	.7375457	.2624544	0	0	0
1469.15	.7338295	.2661705	0	0	0
1468.15	.7301344	.2698656	0	0	0
1467.15	.7264601	.2735399	0	0	0
1466.15	.7228066	.2771934	0	0	0
1465.15	.7191737	.2808263	0	0	0
1464.15	.7155612	.2844388	0	0	0
1463.15	.7119691	.2880309	0	0	0
1462.15	.7083972	.2916028	0	0	0
1461.15	.7048453	.2951547	0	0	0
1460.15	.7013135	.2986865	0	0	0
1459.15	.6978015	.3021986	0	0	0
1458.15	.6943091	.3056909	0	0	0
1457.15	.6908364	.3091636	0	0	0
1456.15	.6873832	.3126168	0	0	0
1455.15	.6839493	.3160507	0	0	0
1454.15	.6805347	.3194653	0	0	0
1453.15	.6771392	.3228608	0	0	0
1452.15	.6737628	.3262372	0	0	0
1451.186	.6705245	.3294755	0	0	0
1451.186	.6705245	.3294755	0	0	0
1451.186	.6705245	.3294755	0	0	0
1451.15	.670282	.3296367	0	8.134403E-05	0
1450.15	.6635271	.3341248	0	.002348117	0
1449.15	.6568719	.3385438	0	.004584318	0
1448.15	.6503144	.342895	0	.006790627	0
1447.15	.6438523	.3471801	0	.008967703	0
1446.15	.6374836	.3514003	0	.01111619	0
1445.15	.6312063	.355557	0	.01323671	0
1444.15	.6250185	.3596516	0	.01532986	0
1443.15	.6189184	.3636854	0	.01739624	0
1442.15	.612904	.3676596	0	.01943642	0
1441.15	.6069737	.3715754	0	.02145095	0
1440.15	.6011256	.375434	0	.02344038	0
1439.15	.5953581	.3792367	0	.02540523	0
1438.15	.5896695	.3829845	0	.02734601	0
1437.15	.5840583	.3866784	0	.02926323	0
1436.15	.5785229	.3903197	0	.03115736	0
1435.15	.5730618	.3939093	0	.03302887	0
1434.15	.5676735	.3974482	0	.03487824	0
1433.15	.5623566	.4009375	0	.03670589	0
1432.15	.5571097	.4043781	0	.03851228	0
1431.15	.5519313	.4077708	0	.04029782	0
1430.15	.5468203	.4111168	0	.04206292	0
1429.15	.5417752	.4144168	0	.043808	0
1428.15	.5367949	.4176717	0	.04553343	0
1427.15	.531878	.4208823	0	.04723961	0
1426.15	.5270235	.4240496	0	.04892691	0
1425.15	.5222301	.4271743	0	.05059569	0
1424.15	.5174966	.4302571	0	.0522463	0
1423.15	.512822	.4332989	0	.05387909	0
1422.15	.5082052	.4363004	0	.0554944	0
1421.684	.5060719	.4376864	0	.05624172	0
1421.684	.5060719	.4376864	0	.05624172	0
1421.684	.5060719	.4376864	0	.05624172	0
1421.15	.4985277	.432637	.01030746	.05852784	0
1420.15	.4845299	.4233559	.02936647	.06274768	0
1419.15	.4707073	.4143042	.04810208	.06688648	0
1418.15	.4570547	.4054759	.06652297	.07094641	0
1417.15	.4435673	.3968656	.08463756	.07492958	0
1416.15	.4302404	.3884676	.102454	.07883804	0
1415.15	.4170694	.3802769	.11998	.08267374	0
1414.15	.4040499	.3722883	.1372232	.0864386	0
1413.15	.3911777	.3644969	.154191	.09013443	0
1412.15	.3784486	.356898	.1708903	.09376303	0
1411.15	.3658587	.3494872	.187328	.0973261	0
1410.15	.353404	.3422599	.2035108	.1008253	0
1409.15	.3410809	.3352119	.219445	.1042623	0
1408.15	.3288856	.3283391	.2351368	.1076385	0
1407.15	.3168147	.3216375	.2505922	.1109556	0
1406.15	.3048648	.3151033	.2658169	.114215	0
1405.15	.2930325	.3087328	.2808167	.117418	0
1404.15	.2813147	.3025223	.295597	.1205661	0
1403.15	.2697082	.2964684	.3101629	.1236605	0
1402.15	.25821	.2905677	.3245197	.1267026	0
1401.15	.2468172	.2848169	.3386722	.1296937	0
1400.15	.2355269	.2792129	.3526253	.1326348	0
1399.15	.2243365	.2737526	.3663837	.1355273	0
1398.15	.2132431	.2684331	.3799517	.1383721	0
1397.15	.2022442	.2632514	.3933339	.1411705	0
1396.15	.1913372	.2582048	.4065345	.1439235	0
1395.15	.1805198	.2532905	.4195575	.1466322	0
1394.15	.1697895	.248506	.4324071	.1492975	0
1393.15	.1591439	.2438487	.445087	.1519204	0
1392.15	.1485809	.2393161	.4576011	.1545019	0
1391.15	.1380982	.2349059	.469953	.1570429	0
1390.15	.1276937	.2306156	.4821464	.1595443	0
1389.15	.1173652	.2264431	.4941847	.162007	0
1388.15	.1071109	.2223862	.5060711	.1644318	0
1387.15	.09692862	.2184427	.5178091	.1668196	0
1386.15	.08681654	.2146105	.5294019	.1691711	0
1385.15	.07677278	.2108877	.5408524	.1714872	0
1384.15	.06679552	.2072722	.5521637	.1737685	0
1383.15	.05688297	.2037623	.5633389	.1760159	0
1382.15	.04703342	.200356	.5743806	.17823	0
1381.15	.03724517	.1970516	.5852917	.1804115	0
1380.15	.0275166	.1938472	.596075	.1825612	0
1379.15	.01784609	.1907413	.606733	.1846797	0
1378.15	.008232097	.1877321	.6172682	.1867676	0
1377.289	0	.1852178	.6262412	.188541	0
1377.289	0	.1852178	.6262412	.188541	0
1377.15	0	.1849741	.6264224	.1886035	0
1376.15	0	.1832254	.6277225	.1890521	0
1375.15	0	.1814813	.6290194	.1894994	0
1374.15	0	.1797418	.630313	.1899452	0
1373.15	0	.178007	.6316033	.1903898	0
1372.15	0	.1762767	.6328903	.190833	0
1371.15	0	.1745511	.6341741	.1912748	0
1370.15	0	.17283	.6354547	.1917153	0
1369.15	0	.1711135	.636732	.1921545	0
1368.15	0	.1694015	.6380061	.1925924	0
1367.15	0	.167694	.639277	.193029	0
1366.15	0	.1659911	.6405447	.1934643	0
1365.15	0	.1642927	.6418091	.1938982	0
1364.15	0	.1625987	.6430704	.1943309	0
1363.15	0	.1609092	.6443285	.1947623	0
1362.15	0	.1592242	.6455834	.1951924	0
1361.15	0	.1575437	.6468351	.1956213	0
1360.15	0	.1558675	.6480836	.1960488	0
1359.15	0	.1541958	.649329	.1964752	0
1358.15	0	.1525285	.6505713	.1969002	0
1357.15	0	.1508656	.6518104	.197324	0
1356.15	0	.1492071	.6530463	.1977466	0
1355.15	0	.1475529	.6542791	.198168	0
1354.15	0	.1459031	.6555088	.1985881	0
1353.15	0	.1442576	.6567354	.199007	0
1352.15	0	.1426165	.6579589	.1994246	0
1351.15	0	.1409797	.6591792	.1998411	0
1350.15	0	.1393472	.6603965	.2002564	0
1349.15	0	.137719	.6616106	.2006704	0
1348.15	0	.136095	.6628217	.2010833	0
1347.15	0	.1344753	.6640297	.201495	0
1346.15	0	.1328599	.6652346	.2019055	0
1345.15	0	.1312488	.6664365	.2023148	0
1344.15	0	.1296418	.6676352	.2027229	0
1343.15	0	.1280391	.668831	.2031299	0
1342.15	0	.1264406	.6700236	.2035357	0
1341.15	0	.1248463	.6712133	.2039404	0
1340.15	0	.1232562	.6723999	.2043439	0
1339.15	0	.1216703	.6735834	.2047463	0
1338.15	0	.1200885	.6747639	.2051475	0
1337.15	0	.1185109	.6759414	.2055477	0
1336.15	0	.1169375	.6771159	.2059466	0
1335.15	0	.1153681	.6782874	.2063445	0
1334.15	0	.1138029	.6794558	.2067413	0
1333.15	0	.1122418	.6806213	.2071369	0
1332.15	0	.1106849	.6817837	.2075314	0
1331.15	0	.109132	.6829432	.2079249	0
1330.15	0	.1075832	.6840996	.2083172	0
1329.15	0	.1060384	.6852531	.2087085	0
1328.15	0	.1044978	.6864036	.2090986	0
1327.15	0	.1029611	.6875511	.2094877	0
1326.15	0	.1014286	.6886957	.2098758	0
1325.15	0	.09990004	.6898373	.2102627	0
1324.15	0	.09837553	.6909759	.2106486	0
1323.15	0	.09685504	.6921115	.2110334	0
1322.15	0	.09533856	.6932442	.2114172	0
1321.15	0	.09382608	.694374	.2118	0
1320.15	0	.09231758	.6955008	.2121816	0
1319.15	0	.09081307	.6966246	.2125623	0
1318.15	0	.08931254	.6977455	.2129419	0
1317.15	0	.08781596	.6988635	.2133205	0
1316.15	0	.08632335	.6999786	.2136981	0
1315.15	0	.08483468	.7010907	.2140747	0
1314.15	0	.08334995	.7021998	.2144502	0
1313.15	0	.08186915	.7033061	.2148247	0
1312.15	0	.08039228	.7044095	.2151983	0
1311.15	0	.07891932	.7055099	.2155708	0
1310.15	0	.07745028	.7066074	.2159423	0
1309.15	0	.07598513	.707702	.2163129	0
1308.15	0	.07452388	.7087937	.2166825	0
1307.15	0	.07306651	.7098825	.217051	0
1306.15	0	.07161302	.7109683	.2174186	0
1305.15	0	.0701634	.7120513	.2177853	0
1304.15	0	.06871765	.7131314	.218151	0
1303.15	0	.06727575	.7142086	.2185157	0
1302.15	0	.06583771	.7152828	.2188795	0
1301.15	0	.06440351	.7163542	.2192423	0
1300.15	0	.06297315	.7174227	.2196041	0
1299.15	0	.06154662	.7184883	.219965	0
1298.15	0	.06012391	.7195511	.220325	0
1297.15	0	.05870503	.7206109	.2206841	0
1296.15	0	.05728996	.7216679	.2210422	0
1295.15	0	.05587869	.7227219	.2213994	0
1294.15	0	.05447123	.7237731	.2217557	0
1293.15	0	.05306756	.7248214	.222111	0
1292.15	0	.05166768	.7258669	.2224655	0
1291.15	0	.05027159	.7269094	.222819	0
1290.15	0	.04887927	.7279491	.2231716	0
1289.15	0	.04749073	.7289859	.2235234	0
1288.15	0	.04610596	.7300199	.2238742	0
1287.15	0	.04472495	.7310509	.2242241	0
1286.15	0	.04334771	.7320791	.2245732	0
1285.15	0	.04197421	.7331044	.2249214	0
1284.15	0	.04060447	.7341268	.2252687	0
1283.15	0	.03923847	.7351464	.2256151	0
1282.15	0	.03787622	.7361631	.2259607	0
1281.15	0	.0365177	.7371769	.2263054	0
1280.15	0	.03516291	.7381879	.2266492	0
1279.15	0	.03381185	.739196	.2269922	0
1278.15	0	.03246452	.7402012	.2273343	0
1277.15	0	.03112091	.7412035	.2276756	0
1276.15	0	.02978101	.742203	.228016	0
1275.15	0	.02844483	.7431996	.2283556	0
1274.15	0	.02711236	.7441933	.2286943	0
1273.15	0	.02578361	.7451842	.2290322	0
1272.15	0	.02445855	.7461721	.2293693	0
1271.15	0	.02313719	.7471572	.2297056	0
1270.15	0	.02181954	.7481394	.230041	0
1269.15	0	.02050558	.7491188	.2303757	0
1268.15	0	.01919532	.7500952	.2307095	0
1267.15	0	.01788874	.7510688	.2310425	0
1266.15	0	.01658586	.7520395	.2313746	0
1265.15	0	.01528666	.7530073	.231706	0
1264.15	0	.01399115	.7539722	.2320366	0
1263.15	0	.01269932	.7549343	.2323664	0
1262.15	0	.01141117	.7558934	.2326954	0
1261.15	0	.0101267	.7568497	.2330236	0
1260.15	0	.008845911	.757803	.2333511	0
1259.15	0	.007568798	.7587535	.2336777	0
1258.15	0	.006295362	.759701	.2340036	0
1257.15	0	.0050256	.7606457	.2343287	0
1256.15	0	.003759512	.7615875	.234653	0
1255.15	0	.002497097	.7625263	.2349766	0
1254.15	0	.001238355	.7634623	.2352994	0
1253.163	0	0	.7643829	.2356171	0
1253.163	0	0	.7643829	.2356171	0
1253.15	0	0	.7643791	.2356209	0
1252.15	0	0	.7640976	.2359024	0
1251.15	0	0	.7638164	.2361836	0
1250.15	0	0	.7635357	.2364643	0
1249.15	0	0	.7632554	.2367446	0
1248.15	0	0	.7629755	.2370245	0
1247.15	0	0	.762696	.237304	0
1246.15	0	0	.7624169	.2375831	0
1245.15	0	0	.7621383	.2378617	0
1244.15	0	0	.76186	.23814	0
1243.15	0	0	.7615821	.2384179	0
1242.15	0	0	.7613047	.2386954	0
1241.15	0	0	.7610276	.2389724	0
1240.15	0	0	.7607509	.2392491	0
1239.15	0	0	.7604747	.2395253	0
1238.15	0	0	.7601988	.2398012	0
1237.15	0	0	.7599233	.2400767	0
1236.15	0	0	.7596483	.2403517	0
1235.15	0	0	.7593736	.2406264	0
1234.15	0	0	.7590993	.2409007	0
1233.15	0	0	.7588254	.2411746	0
1232.15	0	0	.758552	.241448	0
1231.15	0	0	.7582789	.2417212	0
1230.15	0	0	.7580062	.2419938	0
1229.15	0	0	.7577338	.2422662	0
1228.15	0	0	.7574619	.2425381	0
1227.15	0	0	.7571904	.2428096	0
1226.15	0	0	.7569193	.2430807	0
1225.15	0	0	.7566485	.2433515	0
1224.15	0	0	.7563781	.2436219	0
1223.15	0	0	.7561082	.2438918	0
1222.15	0	0	.7558386	.2441614	0
1221.15	0	0	.7555694	.2444306	0
1220.15	0	0	.7553005	.2446995	0
1219.15	0	0	.7550321	.2449679	0
1218.15	0	0	.754764	.245236	0
1217.15	0	0	.7544964	.2455036	0
1216.15	0	0	.7542291	.2457709	0
1215.15	0	0	.7539621	.2460379	0
1214.15	0	0	.7536956	.2463044	0
1213.15	0	0	.7534295	.2465705	0
1212.15	0	0	.7531637	.2468363	0
1211.15	0	0	.7528983	.2471017	0
1210.15	0	0	.7526333	.2473667	0
1209.15	0	0	.7523686	.2476314	0
1208.15	0	0	.7521043	.2478957	0
1207.15	0	0	.7518404	.2481596	0
1206.15	0	0	.7515769	.2484231	0
1205.15	0	0	.7513137	.2486863	0
1204.15	0	0	.7510509	.2489491	0
1203.15	0	0	.7507885	.2492115	0
1202.15	0	0	.7505265	.2494735	0
1201.15	0	0	.7502648	.2497352	0
1200.15	0	0	.7500035	.2499965	0
1199.15	0	0	.7497425	.2502575	0
1198.15	0	0	.7494819	.2505181	0
1197.15	0	0	.7492217	.2507783	0
1196.15	0	0	.7489619	.2510381	0
1195.15	0	0	.7487024	.2512976	0
1194.15	0	0	.7484433	.2515567	0
1193.15	0	0	.7481845	.2518155	0
1192.15	0	0	.7479261	.2520739	0
1191.15	0	0	.7476681	.2523319	0
1190.15	0	0	.7474104	.2525896	0
1189.15	0	0	.7471531	.2528469	0
1188.15	0	0	.7468961	.2531039	0
1187.15	0	0	.7466395	.2533605	0
1186.15	0	0	.7463833	.2536167	0
1185.15	0	0	.7461274	.2538726	0
1184.15	0	0	.7458719	.2541281	0
1183.15	0	0	.7456167	.2543833	0
1182.15	0	0	.7453619	.2546381	0
1181.15	0	0	.7451074	.2548926	0
1180.15	0	0	.7448533	.2551467	0
1179.15	0	0	.7445995	.2554005	0
1178.15	0	0	.7443461	.2556539	0
1177.15	0	0	.7440931	.2559069	0
1176.15	0	0	.7438404	.2561596	0
1175.15	0	0	.743588	.256412	0
1174.15	0	0	.743336	.256664	0
1173.15	0	0	.7430843	.2569157	0
1172.15	0	0	.742833	.257167	0
1171.15	0	0	.742582	.257418	0
1170.15	0	0	.7423314	.2576686	0
1169.15	0	0	.7420811	.2579189	0
1168.15	0	0	.7418312	.2581688	0
1167.15	0	0	.7415816	.2584184	0
1166.15	0	0	.7413324	.2586676	0
1165.15	0	0	.7410835	.2589165	0
1164.15	0	0	.7408349	.2591651	0
1163.15	0	0	.7405867	.2594133	0
1162.15	0	0	.7403388	.2596612	0
1161.15	0	0	.7400913	.2599087	0
1160.15	0	0	.7398441	.2601559	0
1159.15	0	0	.7395972	.2604028	0
1158.15	0	0	.7393507	.2606493	0
1157.15	0	0	.7391045	.2608955	0
1156.15	0	0	.7388586	.2611414	0
1155.15	0	0	.7386131	.2613869	0
1154.15	0	0	.7383679	.2616321	0
1153.15	0	0	.7381231	.2618769	0
1152.15	0	0	.7378786	.2621214	0
1151.15	0	0	.7376344	.2623656	0
1150.15	0	0	.7373905	.2626095	0
1149.15	0	0	.737147	.262853	0
1148.15	0	0	.7369038	.2630962	0
1147.15	0	0	.736661	.263339	0
1146.15	0	0	.7364184	.2635816	0
1145.15	0	0	.7361762	.2638238	0
1144.15	0	0	.7359344	.2640656	0
1143.15	0	0	.7356928	.2643072	0
1142.15	0	0	.7354516	.2645484	0
1141.15	0	0	.7352107	.2647893	0
1140.15	0	0	.7349702	.2650298	0
1139.15	0	0	.7347299	.2652701	0
1138.15	0	0	.73449	.26551	0
1137.15	0	0	.7342504	.2657496	0
1136.15	0	0	.7340112	.2659888	0
1135.15	0	0	.7337722	.2662278	0
1134.15	0	0	.7335336	.2664664	0
1133.15	0	0	.7332953	.2667047	0
1132.15	0	0	.7330573	.2669427	0
1131.15	0	0	.7328197	.2671804	0
1130.15	0	0	.7325823	.2674177	0
1129.15	0	0	.7323453	.2676547	0
1128.15	0	0	.7321086	.2678914	0
1127.15	0	0	.7318722	.2681278	0
1126.15	0	0	.7316361	.2683639	0
1125.15	0	0	.7314004	.2685996	0
1124.15	0	0	.731165	.268835	0
1123.15	0	0	.7309298	.2690702	0
1122.15	0	0	.730695	.269305	0
1121.15	0	0	.7304606	.2695395	0
1120.15	0	0	.7302264	.2697736	0
1119.15	0	0	.7299925	.2700075	0
1118.15	0	0	.729759	.270241	0
1117.15	0	0	.7295257	.2704743	0
1116.15	0	0	.7292928	.2707072	0
1115.15	0	0	.7290602	.2709398	0
1114.15	0	0	.7288279	.2711721	0
1113.15	0	0	.7285959	.2714041	0
1112.15	0	0	.7283642	.2716358	0
1111.15	0	0	.7281328	.2718672	0
1110.15	0	0	.7279018	.2720982	0
1109.15	0	0	.727671	.272329	0
1108.15	0	0	.7274405	.2725595	0
1107.15	0	0	.7272104	.2727896	0
1106.15	0	0	.7269805	.2730195	0
1105.15	0	0	.726751	.273249	0
1104.15	0	0	.7265218	.2734782	0
1103.15	0	0	.7262928	.2737072	0
1102.15	0	0	.7260642	.2739358	0
1101.15	0	0	.7258359	.2741641	0
1100.15	0	0	.7256079	.2743922	0
1099.15	0	0	.7253801	.2746199	0
1098.15	0	0	.7251527	.2748473	0
1097.15	0	0	.7249256	.2750744	0
1096.15	0	0	.7246988	.2753012	0
1095.15	0	0	.7244723	.2755277	0
1094.15	0	0	.724246	.275754	0
1093.15	0	0	.7240201	.2759799	0
1092.15	0	0	.7237945	.2762055	0
1091.15	0	0	.7235692	.2764308	0
1090.15	0	0	.7233441	.2766559	0
1089.15	0	0	.7231194	.2768806	0
1088.15	0	0	.722895	.277105	0
1087.15	0	0	.7226708	.2773292	0
1086.15	0	0	.722447	.277553	0
1085.15	0	0	.7222234	.2777766	0
1084.15	0	0	.7220002	.2779998	0
1083.15	0	0	.7217772	.2782228	0
1082.15	0	0	.7215546	.2784454	0
1081.15	0	0	.7213322	.2786678	0
1080.15	0	0	.7211101	.2788899	0
1079.15	0	0	.7208883	.2791117	0
1078.15	0	0	.7206668	.2793332	0
1077.15	0	0	.7204456	.2795544	0
1076.15	0	0	.7202247	.2797753	0
1075.15	0	0	.720004	.279996	0
1074.15	0	0	.7197837	.2802163	0
1073.15	0	0	.7195636	.2804364	0
1072.15	0	0	.7193438	.2806562	0
1071.15	0	0	.7191244	.2808756	0
1070.15	0	0	.7189052	.2810948	0
1069.15	0	0	.7186863	.2813137	0
1068.15	0	0	.7184676	.2815324	0
1067.15	0	0	.7182493	.2817507	0
1066.15	0	0	.7180313	.2819688	0
1065.15	0	0	.7178135	.2821865	0
1064.15	0	0	.717596	.282404	0
1063.15	0	0	.7173788	.2826212	0
1062.15	0	0	.7171619	.2828381	0
1061.15	0	0	.7169453	.2830547	0
1060.15	0	0	.7167289	.2832711	0
1059.15	0	0	.7165128	.2834872	0
1058.15	0	0	.716297	.283703	0
1057.15	0	0	.7160815	.2839185	0
1056.15	0	0	.7158663	.2841337	0
1055.15	0	0	.7156514	.2843486	0
1054.15	0	0	.7154367	.2845633	0
1053.15	0	0	.7152223	.2847777	0
1052.15	0	0	.7150082	.2849918	0
1051.15	0	0	.7147944	.2852056	0
1050.15	0	0	.7145808	.2854192	0
1049.15	0	0	.7143675	.2856325	0
1048.15	0	0	.7141546	.2858455	0
1047.15	0	0	.7139418	.2860582	0
1046.15	0	0	.7137294	.2862706	0
1045.15	0	0	.7135172	.2864828	0
1044.15	0	0	.7133053	.2866947	0
1043.15	0	0	.7130937	.2869063	0
1042.15	0	0	.7128824	.2871177	0
1041.15	0	0	.7126713	.2873287	0
1040.15	0	0	.7124605	.2875395	0
1039.15	0	0	.71225	.2877501	0
1038.15	0	0	.7120397	.2879603	0
1037.15	0	0	.7118297	.2881703	0
1036.15	0	0	.71162	.28838	0
1035.15	0	0	.7114106	.2885894	0
1034.15	0	0	.7112014	.2887986	0
1033.15	0	0	.7109925	.2890075	0
1032.15	0	0	.7107839	.2892161	0
1031.15	0	0	.7105755	.2894245	0
1030.15	0	0	.7103675	.2896326	0
1029.15	0	0	.7101596	.2898404	0
1028.15	0	0	.7099521	.2900479	0
1027.15	0	0	.7097448	.2902552	0
1026.15	0	0	.7095378	.2904622	0
1025.15	0	0	.7093311	.2906689	0
1024.15	0	0	.7091246	.2908754	0
1023.15	0	0	.7089184	.2910816	0
1022.15	0	0	.7087124	.2912876	0
1021.15	0	0	.7085068	.2914932	0
1020.15	0	0	.7083013	.2916987	0
1019.15	0	0	.7080962	.2919038	0
1018.15	0	0	.7078913	.2921087	0
1017.15	0	0	.7076867	.2923133	0
1016.15	0	0	.7074823	.2925177	0
1015.15	0	0	.7072782	.2927218	0
1014.15	0	0	.7070744	.2929256	0
1013.15	0	0	.7068709	.2931291	0
1012.15	0	0	.7066676	.2933324	0
1011.15	0	0	.7064645	.2935355	0
1010.15	0	0	.7062618	.2937383	0
1009.15	0	0	.7060592	.2939408	0
1008.15	0	0	.705857	.294143	0
1007.15	0	0	.705655	.294345	0
1006.15	0	0	.7054533	.2945467	0
1005.15	0	0	.7052518	.2947482	0
1004.15	0	0	.7050506	.2949494	0
1003.15	0	0	.7048496	.2951504	0
1002.15	0	0	.7046489	.2953511	0
1001.15	0	0	.7044485	.2955515	0
1000.15	0	0	.7042483	.2957517	0
999.15	0	0	.7040484	.2959516	0
998.15	0	0	.7038488	.2961513	0
997.15	0	0	.7036494	.2963507	0
996.15	0	0	.7034502	.2965498	0
995.15	0	0	.7032513	.2967487	0
994.15	0	0	.7030527	.2969473	0
993.15	0	0	.7028543	.2971457	0
992.15	0	0	.7026562	.2973438	0
991.15	0	0	.7024583	.2975417	0
990.15	0	0	.7022607	.2977393	0
989.15	0	0	.7020634	.2979366	0
988.15	0	0	.7018663	.2981337	0
987.15	0	0	.7016694	.2983306	0
986.15	0	0	.7014728	.2985272	0
985.15	0	0	.7012765	.2987235	0
984.15	0	0	.7010804	.2989196	0
983.15	0	0	.7008846	.2991154	0
982.15	0	0	.700689	.299311	0
981.15	0	0	.7004937	.2995063	0
980.15	0	0	.7002986	.2997014	0
979.15	0	0	.7001038	.2998962	0
978.15	0	0	.6999092	.3000908	0
977.15	0	0	.6997149	.3002851	0
976.15	0	0	.6995209	.3004791	0
975.15	0	0	.699327	.300673	0
974.15	0	0	.6991335	.3008665	0
973.15	0	0	.6989402	.3010598	0
972.15	0	0	.6987471	.3012529	0
971.15	0	0	.6985543	.3014457	0
970.15	0	0	.6983617	.3016383	0
969.15	0	0	.6981694	.3018306	0
968.15	0	0	.6979774	.3020226	0
967.15	0	0	.6977855	.3022145	0
966.15	0	0	.697594	.302406	0
965.15	0	0	.6974027	.3025973	0
964.15	0	0	.6972116	.3027884	0
963.15	0	0	.6970208	.3029792	0
962.15	0	0	.6968302	.3031698	0
961.15	0	0	.6966399	.3033601	0
960.15	0	0	.6964498	.3035502	0
959.15	0	0	.6962599	.3037401	0
958.15	0	0	.6960704	.3039296	0
957.15	0	0	.695881	.304119	0
956.15	0	0	.6956919	.3043081	0
955.15	0	0	.6955031	.3044969	0
954.15	0	0	.6953145	.3046855	0
953.15	0	0	.6951261	.3048739	0
952.15	0	0	.694938	.305062	0
951.15	0	0	.6947501	.3052499	0
950.15	0	0	.6945625	.3054375	0
949.15	0	0	.6943751	.3056249	0
948.15	0	0	.694188	.305812	0
947.15	0	0	.6940011	.3059989	0
946.15	0	0	.6938144	.3061856	0
945.15	0	0	.693628	.306372	0
944.15	0	0	.6934419	.3065581	0
943.15	0	0	.693256	.3067441	0
942.15	0	0	.6930703	.3069297	0
941.15	0	0	.6928848	.3071152	0
940.15	0	0	.6926997	.3073003	0
939.15	0	0	.6925147	.3074853	0
938.15	0	0	.69233	.30767	0
937.15	0	0	.6921455	.3078545	0
936.15	0	0	.6919613	.3080387	0
935.15	0	0	.6917773	.3082227	0
934.15	0	0	.6915936	.3084064	0
933.15	0	0	.6914101	.3085899	0
932.15	0	0	.6912268	.3087732	0
931.15	0	0	.6910438	.3089562	0
930.15	0	0	.690861	.309139	0
929.15	0	0	.6906785	.3093215	0
928.15	0	0	.6904962	.3095038	0
927.15	0	0	.6903142	.3096858	0
926.15	0	0	.6901323	.3098677	0
925.15	0	0	.6899508	.3100492	0
924.15	0	0	.6897694	.3102306	0
923.15	0	0	.6895883	.3104117	0
922.15	0	0	.6894075	.3105925	0
921.15	0	0	.6892269	.3107731	0
920.15	0	0	.6890465	.3109535	0
919.15	0	0	.6888663	.3111337	0
918.15	0	0	.6886864	.3113136	0
917.15	0	0	.6885068	.3114932	0
916.15	0	0	.6883274	.3116726	0
915.15	0	0	.6881482	.3118518	0
914.15	0	0	.6879692	.3120308	0
913.8428	0	0	.6879143	.3120857	0
913.8428	0	0	.6879143	.3120857	0
913.8428	0	0	.6879143	.3120857	0
913.15	0	.00209938	.68577	.3121306	0
912.15	0	.005148466	.6826586	.312193	0
911.15	0	.008217915	.6795296	.3122525	0
910.15	0	.01130571	.6763849	.3123094	0
909.15	0	.01440992	.6732266	.3123635	0
908.15	0	.01752874	.6700564	.3124149	0
907.15	0	.02066041	.6668759	.3124637	0
906.15	0	.02380328	.6636869	.3125099	0
905.15	0	.02695577	.6604907	.3125535	0
904.15	0	.03011638	.6572891	.3125946	0
903.15	0	.03328365	.6540832	.3126332	0
902.15	0	.0364562	.6508746	.3126693	0
901.15	0	.03963272	.6476644	.3127029	0
900.15	0	.04281194	.6444539	.3127342	0
899.15	0	.04599265	.6412443	.312763	0
898.15	0	.04917368	.6380368	.3127895	0
897.15	0	.05235393	.6348324	.3128137	0
896.15	0	.05553232	.6316322	.3128355	0
895.15	0	.05870784	.6284371	.3128551	0
894.15	0	.06187948	.6252481	.3128724	0
893.15	0	.06504632	.6220662	.3128875	0
892.15	0	.06820743	.6188921	.3129004	0
891.15	0	.07136196	.6157269	.3129112	0
890.15	0	.07450906	.6125712	.3129197	0
889.15	0	.07764793	.6094259	.3129262	0
888.15	0	.08077778	.6062917	.3129305	0
887.15	0	.0838979	.6031693	.3129328	0
886.15	0	.08700755	.6000594	.312933	0
885.15	0	.09010605	.5969627	.3129312	0
884.15	0	.09319275	.5938798	.3129275	0
883.15	0	.09626701	.5908113	.3129217	0
882.15	0	.09932824	.5877578	.312914	0
881.15	0	.1023759	.5847198	.3129043	0
880.15	0	.1054093	.5816979	.3128928	0
879.15	0	.108428	.5786926	.3128795	0
878.15	0	.1114315	.5757043	.3128642	0
877.15	0	.1144193	.5727335	.3128472	0
876.15	0	.1173909	.5697808	.3128284	0
875.15	0	.1203459	.5668463	.3128078	0
874.15	0	.1232838	.5639307	.3127854	0
873.15	0	.1262043	.5610342	.3127614	0
872.15	0	.129107	.5581573	.3127357	0
871.15	0	.1319915	.5553002	.3127083	0
870.15	0	.1348574	.5524633	.3126793	0
869.15	0	.1377045	.5496468	.3126488	0
868.15	0	.1405323	.5468511	.3126166	0
867.15	0	.1433407	.5440764	.3125829	0
866.15	0	.1461294	.5413229	.3125477	0
865.15	0	.148898	.538591	.312511	0
864.15	0	.1516464	.5358808	.3124728	0
863.15	0	.1543743	.5331925	.3124332	0
862.15	0	.1570815	.5305262	.3123923	0
861.15	0	.1597679	.5278823	.3123499	0
860.15	0	.1624332	.5252607	.3123062	0
859.15	0	.1650772	.5226616	.3122611	0
858.15	0	.1677	.5200853	.3122148	0
857.15	0	.1703012	.5175316	.3121672	0
856.15	0	.1728808	.5150009	.3121184	0
855.15	0	.1754387	.512493	.3120683	0
854.15	0	.1779748	.5100082	.3120171	0
853.15	0	.180489	.5075464	.3119647	0
852.15	0	.1829812	.5051076	.3119112	0
851.15	0	.1854514	.502692	.3118566	0
850.15	0	.1878996	.5002995	.3118009	0
849.15	0	.1903257	.4979302	.3117441	0
848.15	0	.1927298	.4955839	.3116863	0
847.15	0	.1951117	.4932607	.3116276	0
846.15	0	.1974716	.4909606	.3115678	0
845.15	0	.1998093	.4886836	.3115071	0
844.15	0	.2021251	.4864295	.3114455	0
843.15	0	.2044188	.4841983	.3113829	0
842.15	0	.2066905	.48199	.3113195	0
841.15	0	.2089404	.4798044	.3112553	0
840.15	0	.2111684	.4776415	.3111902	0
839.15	0	.2133746	.4755011	.3111242	0
838.15	0	.2155592	.4733833	.3110576	0
837.15	0	.2177221	.4712878	.3109901	0
836.15	0	.2198635	.4692146	.3109219	0
835.15	0	.2219836	.4671635	.310853	0
834.15	0	.2240823	.4651344	.3107833	0
833.15	0	.2261598	.4631271	.310713	0
832.15	0	.2282163	.4611416	.3106421	0
831.15	0	.2302519	.4591776	.3105705	0
830.15	0	.2322667	.4572351	.3104982	0
829.15	0	.2342608	.4553138	.3104254	0
828.15	0	.2362344	.4534136	.310352	0
827.15	0	.2381877	.4515343	.310278	0
826.15	0	.2401207	.4496758	.3102035	0
825.15	0	.2420337	.4478379	.3101284	0
824.15	0	.2439268	.4460204	.3100528	0
823.15	0	.2458001	.4442232	.3099767	0
822.15	0	.2476539	.4424459	.3099002	0
821.15	0	.2494883	.4406886	.3098231	0
820.15	0	.2513034	.4389509	.3097456	0
819.15	0	.2530996	.4372327	.3096677	0
818.15	0	.2548768	.4355339	.3095894	0
817.15	0	.2566353	.4338541	.3095106	0
816.15	0	.2583753	.4321932	.3094315	0
815.15	0	.260097	.4305511	.3093519	0
814.15	0	.2618005	.4289275	.3092721	0
813.15	0	.263486	.4273222	.3091918	0
812.15	0	.2651537	.4257351	.3091112	0
811.15	0	.2668038	.4241659	.3090303	0
810.15	0	.2684365	.4226145	.308949	0
809.15	0	.270052	.4210806	.3088675	0
808.15	0	.2716503	.419564	.3087856	0
807.15	0	.2732319	.4180646	.3087035	0
806.15	0	.2747967	.4165822	.3086211	0
805.15	0	.276345	.4151166	.3085384	0
804.15	0	.277877	.4136675	.3084555	0
803.15	0	.2793929	.4122348	.3083723	0
802.15	0	.2808928	.4108183	.3082889	0
801.15	0	.2823769	.4094178	.3082053	0
800.15	0	.2838454	.4080331	.3081215	0
799.15	0	.2852985	.406664	.3080374	0
798.15	0	.2867364	.4053104	.3079532	0
797.15	0	.2881592	.403972	.3078688	0
796.15	0	.2895671	.4026487	.3077842	0
795.15	0	.2909603	.4013403	.3076994	0
794.15	0	.292339	.4000466	.3076145	0
793.15	0	.2937033	.3987673	.3075294	0
792.15	0	.2950534	.3975025	.3074442	0
791.15	0	.2963894	.3962518	.3073588	0
790.15	0	.2977116	.3950151	.3072733	0
789.15	0	.2990201	.3937922	.3071877	0
788.15	0	.3003151	.392583	.3071019	0
787.15	0	.3015967	.3913873	.3070161	0
786.15	0	.302865	.3902049	.3069301	0
785.15	0	.3041203	.3890356	.3068441	0
784.15	0	.3053628	.3878793	.3067579	0
783.15	0	.3065924	.3867359	.3066717	0
782.15	0	.3078095	.3856051	.3065854	0
781.15	0	.3090141	.3844869	.306499	0
780.15	0	.3102064	.383381	.3064126	0
779.15	0	.3113866	.3822873	.3063261	0
778.15	0	.3125548	.3812056	.3062396	0
777.15	0	.3137111	.3801359	.306153	0
776.15	0	.3148557	.3790779	.3060664	0
775.15	0	.3159887	.3780315	.3059798	0
774.15	0	.3171103	.3769966	.3058931	0
773.15	0	.3182206	.375973	.3058064	0
772.15	0	.3193197	.3749606	.3057197	0
771.15	0	.3204078	.3739593	.3056329	0
770.15	0	.321485	.3729689	.3055462	0
769.15	0	.3225513	.3719892	.3054595	0
768.15	0	.3236071	.3710202	.3053727	0
767.15	0	.3246523	.3700617	.305286	0
766.15	0	.3256871	.3691136	.3051993	0
765.15	0	.3267116	.3681757	.3051126	0
764.15	0	.327726	.367248	.305026	0
763.7322	0	.3281468	.3668634	.3049898	0
763.7322	0	.3281468	.3668634	.3049898	0
763.7322	0	.3281468	.3668634	.3049898	0
763.15	0	.3301052	.3643988	.3042931	.001202853
762.15	0	.3334177	.360223	.3031086	.003250735
761.15	0	.3366665	.3561183	.3019392	.005276
760.15	0	.3398532	.3520833	.3007845	.007279
759.15	0	.3429789	.3481167	.2996444	.009260078
758.15	0	.3460449	.344217	.2985185	.01121957
757.15	0	.3490525	.340383	.2974067	.01315781
756.15	0	.3520028	.3366133	.2963088	.01507511
755.15	0	.3548971	.3329066	.2952246	.0169718
754.15	0	.3577364	.3292617	.2941537	.01884818
753.15	0	.360522	.3256774	.293096	.02070457
752.15	0	.363255	.3221524	.2920514	.02254125
751.15	0	.3659363	.3186857	.2910195	.02435852
750.15	0	.3685672	.315276	.2900001	.02615667
749.15	0	.3711485	.3119223	.2889932	.02793598
748.15	0	.3736813	.3086235	.2879985	.02969674
747.15	0	.3761667	.3053784	.2870157	.03143921
746.15	0	.3786055	.3021861	.2860447	.03316366
745.15	0	.3809988	.2990455	.2850854	.03487035
744.15	0	.3833473	.2959557	.2841374	.03655955
743.15	0	.3856522	.2929155	.2832008	.03823151
742.15	0	.3879142	.2899242	.2822751	.03988648
741.15	0	.3901342	.2869807	.2813604	.0415247
740.15	0	.3923131	.2840841	.2804564	.04314643
739.15	0	.3944517	.2812335	.2795629	.04475189
738.15	0	.3965509	.278428	.2786798	.04634133
737.15	0	.3986113	.2756668	.2778069	.04791497
736.15	0	.4006339	.2729489	.2769441	.04947305
735.15	0	.4026194	.2702736	.2760912	.05101578
734.15	0	.4045685	.2676401	.2752479	.05254339
733.15	0	.406482	.2650476	.2744143	.05405609
732.15	0	.4083607	.2624952	.27359	.05555411
731.15	0	.4102051	.2599822	.2727751	.05703764
730.15	0	.4120161	.2575078	.2719692	.0585069
729.15	0	.4137942	.2550714	.2711723	.05996209
728.15	0	.4155402	.2526721	.2703843	.06140341
727.15	0	.4172548	.2503093	.2696049	.06283107
726.15	0	.4189384	.2479823	.268834	.06424525
725.15	0	.4205919	.2456903	.2680716	.06564615
724.15	0	.4222158	.2434328	.2673174	.06703395
723.15	0	.4238106	.2412091	.2665714	.06840885
722.15	0	.4253771	.2390185	.2658334	.06977103
721.15	0	.4269157	.2368604	.2651032	.07112067
720.15	0	.428427	.2347342	.2643808	.07245794
719.15	0	.4299116	.2326393	.263666	.07378303
718.15	0	.4313701	.2305751	.2629587	.0750961
717.15	0	.4328029	.228541	.2622588	.07639732
716.15	0	.4342106	.2265364	.2615661	.07768687
715.15	0	.4355936	.2245609	.2608806	.07896491
714.15	0	.4369526	.2226137	.2602021	.0802316
713.15	0	.4382879	.2206945	.2595305	.0814871
712.15	0	.4396001	.2188027	.2588657	.08273156
711.15	0	.4408896	.2169377	.2582076	.08396516
710.15	0	.4421568	.2150991	.257556	.08518803
709.15	0	.4434023	.2132864	.256911	.08640032
708.15	0	.4446264	.2114991	.2562723	.08760219
707.15	0	.4458296	.2097367	.2556399	.08879379
706.15	0	.4470124	.2079988	.2550136	.08997525
705.15	0	.448175	.2062849	.2543934	.09114672
704.15	0	.449318	.2045946	.2537792	.09230833
703.15	0	.4504416	.2029273	.2531708	.09346023
702.15	0	.4515464	.2012828	.2525682	.09460255
701.15	0	.4526327	.1996606	.2519713	.09573542
700.15	0	.4537008	.1980602	.25138	.09685897
699.15	0	.4547511	.1964813	.2507942	.09797334
698.15	0	.455784	.1949235	.2502139	.09907865
697.15	0	.4567998	.1933864	.2496388	.100175
696.15	0	.4577988	.1918696	.249069	.1012626
695.15	0	.4587814	.1903728	.2485044	.1023415
694.15	0	.4597479	.1888955	.2479448	.1034118
693.15	0	.4606987	.1874375	.2473903	.1044736
692.15	0	.4616339	.1859983	.2468406	.1055271
691.15	0	.462554	.1845777	.2462959	.1065724
690.15	0	.4634593	.1831753	.2457559	.1076096
689.15	0	.4643499	.1817908	.2452206	.1086387
688.15	0	.4652263	.1804238	.2446899	.10966
687.15	0	.4660886	.1790741	.2441637	.1106735
686.15	0	.4669372	.1777414	.2436421	.1116793
685.15	0	.4677723	.1764253	.2431248	.1126776
684.15	0	.4685943	.1751255	.2426119	.1136684
683.15	0	.4694032	.1738417	.2421033	.1146518
682.15	0	.4701995	.1725738	.2415989	.1156279
681.15	0	.4709833	.1713213	.2410986	.1165968
680.15	0	.4717548	.1700841	.2406024	.1175587
679.15	0	.4725144	.1688618	.2401102	.1185136
678.15	0	.4732623	.1676542	.239622	.1194616
677.15	0	.4739986	.166461	.2391377	.1204028
676.15	0	.4747236	.165282	.2386572	.1213373
675.15	0	.4754375	.1641169	.2381805	.1222651
674.15	0	.4761405	.1629656	.2377075	.1231865
673.15	0	.4768328	.1618276	.2372382	.1241014
672.15	0	.4775147	.160703	.2367725	.1250099
671.15	0	.4781862	.1595913	.2363104	.1259121
670.15	0	.4788477	.1584923	.2358517	.1268082
669.15	0	.4794993	.157406	.2353966	.1276982
668.15	0	.4801412	.1563319	.2349448	.1285821
667.15	0	.4807736	.15527	.2344964	.12946
666.15	0	.4813966	.15422	.2340513	.1303321
665.15	0	.4820105	.1531818	.2336094	.1311984
664.15	0	.4826153	.152155	.2331707	.132059
663.15	0	.4832113	.1511396	.2327352	.1329139
662.15	0	.4838004	.1501336	.2323021	.1337639
661.15	0	.4843791	.1491404	.2318729	.1346077
660.15	0	.4849493	.148158	.2314467	.135446
659.15	0	.4855114	.1471862	.2310234	.1362789
658.15	0	.4860655	.1462247	.2306031	.1371066
657.15	0	.4866117	.1452735	.2301857	.137929
656.15	0	.4871502	.1443323	.2297712	.1387463
655.15	0	.4876811	.1434009	.2293594	.1395585
654.15	0	.4882045	.1424793	.2289504	.1403657
653.15	0	.4887206	.1415673	.2285442	.1411679
652.15	0	.4892295	.1406646	.2281406	.1419653
651.15	0	.4897314	.1397712	.2277397	.1427577
650.15	0	.4902263	.1388868	.2273414	.1435455
649.15	0	.4907144	.1380114	.2269457	.1443285
648.15	0	.4911958	.1371448	.2265526	.1451068
647.15	0	.4916707	.1362869	.2261619	.1458805
646.15	0	.4921391	.1354375	.2257738	.1466497
645.15	0	.4926011	.1345964	.225388	.1474144
644.15	0	.493057	.1337636	.2250047	.1481747
643.15	0	.4935067	.1329389	.2246238	.1489306
642.15	0	.4939505	.1321222	.2242452	.1496822
641.15	0	.4943883	.1313133	.2238689	.1504295
640.15	0	.4948204	.1305121	.2234949	.1511726
639.15	0	.4952468	.1297185	.2231231	.1519115
638.15	0	.4956675	.1289325	.2227536	.1526464
637.15	0	.4960828	.1281537	.2223863	.1533771
636.15	0	.4964928	.1273822	.2220211	.1541039
635.15	0	.4968974	.1266179	.2216581	.1548267
634.15	0	.4972968	.1258605	.2212972	.1555456
633.15	0	.4976911	.1251101	.2209383	.1562606
632.15	0	.4980804	.1243664	.2205815	.1569717
631.15	0	.4984647	.1236294	.2202268	.1576792
630.15	0	.4988442	.122899	.219874	.1583829
629.15	0	.4992189	.1221751	.2195232	.1590828
628.15	0	.499589	.1214575	.2191743	.1597792
627.15	0	.4999544	.1207462	.2188274	.160472
626.15	0	.5003154	.1200411	.2184823	.1611612
625.15	0	.5006719	.119342	.2181392	.1618469
624.15	0	.501024	.118649	.2177979	.1625292
623.15	0	.5013719	.1179618	.2174584	.163208
622.15	0	.5017155	.1172804	.2171207	.1638834
621.15	0	.502055	.1166047	.2167848	.1645555
620.15	0	.5023905	.1159347	.2164506	.1652242
619.15	0	.5027219	.1152702	.2161182	.1658898
618.15	0	.5030494	.1146111	.2157875	.166552
617.15	0	.503373	.1139574	.2154585	.1672111
616.15	0	.5036929	.1133089	.2151311	.1678671
615.15	0	.504009	.1126657	.2148055	.1685199
614.15	0	.5043214	.1120276	.2144814	.1691696
613.15	0	.5046303	.1113945	.2141589	.1698163
612.15	0	.5049355	.1107664	.2138381	.17046
611.15	0	.5052374	.1101431	.2135188	.1711007
610.15	0	.5055357	.1095247	.2132011	.1717385
609.15	0	.5058307	.108911	.2128849	.1723734
608.15	0	.5061225	.108302	.2125702	.1730054
607.15	0	.5064109	.1076975	.212257	.1736345
606.15	0	.5066962	.1070976	.2119453	.1742609
605.15	0	.5069783	.1065022	.2116351	.1748845
604.15	0	.5072573	.1059111	.2113263	.1755053
603.15	0	.5075333	.1053244	.2110189	.1761234
602.15	0	.5078063	.1047419	.2107129	.1767389
601.15	0	.5080763	.1041636	.2104084	.1773517
600.15	0	.5083435	.1035895	.2101052	.1779618
599.15	0	.5086078	.1030194	.2098034	.1785694
598.15	0	.5088693	.1024533	.2095029	.1791745
597.15	0	.5091281	.1018912	.2092038	.1797769
596.15	0	.5093842	.1013329	.2089059	.1803769
595.15	0	.5096376	.1007785	.2086094	.1809744
594.15	0	.5098884	.1002279	.2083142	.1815695
593.15	0	.5101367	.09968097	.2080202	.1821621
592.15	0	.5103824	.09913771	.2077275	.1827524
591.15	0	.5106256	.09859806	.2074361	.1833402
590.15	0	.5108664	.09806196	.2071458	.1839258
589.15	0	.5111048	.09752937	.2068568	.184509
588.15	0	.5113409	.09700022	.206569	.1850899
587.15	0	.5115746	.09647447	.2062824	.1856686
586.15	0	.511806	.09595207	.205997	.186245
585.15	0	.5120351	.09543297	.2057127	.1868192
584.15	0	.5122621	.09491712	.2054296	.1873912
583.15	0	.5124869	.09440447	.2051476	.187961
582.15	0	.5127095	.09389497	.2048668	.1885287
581.15	0	.5129301	.09338859	.2045871	.1890943
580.15	0	.5131486	.09288527	.2043085	.1896577
579.15	0	.513365	.09238497	.2040309	.1902191
578.15	0	.5135794	.09188764	.2037545	.1907785
577.15	0	.5137919	.09139324	.2034791	.1913358
576.15	0	.5140024	.09090173	.2032048	.1918911
575.15	0	.5142111	.09041307	.2029315	.1924444
574.15	0	.5144178	.0899272	.2026593	.1929957
573.15	0	.5146227	.0894441	.2023881	.1935451
572.15	0	.5148258	.08896373	.2021179	.1940925
571.15	0	.5150271	.08848604	.2018487	.1946381
570.15	0	.5152267	.08801099	.2015806	.1951818
569.15	0	.5154245	.08753854	.2013134	.1957235
568.15	0	.5156207	.08706867	.2010472	.1962635
567.15	0	.5158152	.08660132	.2007819	.1968016
566.15	0	.516008	.08613647	.2005176	.1973379
565.15	0	.5161992	.08567407	.2002543	.1978725
564.15	0	.5163888	.0852141	.1999919	.1984052
563.15	0	.5165769	.08475651	.1997304	.1989362
562.15	0	.5167634	.08430127	.1994699	.1994655
561.15	0	.5169484	.08384835	.1992103	.199993
560.15	0	.5171319	.08339771	.1989515	.2005189
559.15	0	.517314	.08294933	.1986937	.201043
558.15	0	.5174946	.08250316	.1984367	.2015655
557.15	0	.5176738	.08205917	.1981807	.2020864
556.15	0	.5178516	.08161734	.1979255	.2026056
555.15	0	.518028	.08117764	.1976712	.2031232
554.15	0	.5182031	.08074002	.1974177	.2036392
553.15	0	.5183768	.08030447	.1971651	.2041536
552.15	0	.5185493	.07987094	.1969133	.2046665
551.15	0	.5187205	.07943942	.1966623	.2051778
550.15	0	.5188904	.07900987	.1964122	.2056876
549.15	0	.519059	.07858226	.1961629	.2061958
548.15	0	.5192265	.07815657	.1959144	.2067026
547.15	0	.5193927	.07773277	.1956667	.2072078
546.15	0	.5195578	.07731083	.1954198	.2077116
545.15	0	.5197217	.07689072	.1951737	.208214
544.15	0	.5198844	.07647242	.1949283	.2087148
543.15	0	.520046	.07605589	.1946838	.2092143
542.15	0	.5202066	.07564112	.19444	.2097123
541.15	0	.520366	.07522808	.194197	.210209
540.15	0	.5205243	.07481674	.1939547	.2107042
539.15	0	.5206817	.07440708	.1937132	.2111981
538.15	0	.5208379	.07399907	.1934724	.2116906
537.15	0	.5209932	.07359269	.1932323	.2121818
536.15	0	.5211474	.07318792	.192993	.2126716
535.15	0	.5213007	.07278472	.1927545	.2131601
534.15	0	.521453	.07238309	.1925166	.2136473
533.15	0	.5216044	.07198299	.1922794	.2141332
532.15	0	.5217548	.0715844	.192043	.2146178
531.15	0	.5219043	.0711873	.1918072	.2151012
530.15	0	.5220529	.07079167	.1915722	.2155833
529.15	0	.5222005	.07039749	.1913378	.2160642
528.15	0	.5223474	.07000473	.1911042	.2165438
527.15	0	.5224933	.06961337	.1908711	.2170222
526.15	0	.5226384	.0692234	.1906388	.2174993
525.15	0	.5227827	.06883479	.1904072	.2179753
524.15	0	.5229262	.06844752	.1901762	.2184501
523.15	0	.5230688	.06806157	.1899459	.2189238
522.15	0	.5232107	.06767692	.1897162	.2193962
521.15	0	.5233518	.06729355	.1894872	.2198675
520.15	0	.5234921	.06691144	.1892588	.2203377
519.15	0	.5236317	.06653058	.189031	.2208067
518.15	0	.5237705	.06615095	.1888039	.2212746
517.15	0	.5239086	.06577251	.1885774	.2217414
516.15	0	.5240461	.06539527	.1883516	.2222071
515.15	0	.5241828	.06501919	.1881263	.2226717
514.15	0	.5243188	.06464427	.1879017	.2231353
513.15	0	.5244541	.06427047	.1876777	.2235977
512.15	0	.5245888	.0638978	.1874543	.2240591
511.15	0	.5247228	.06352622	.1872315	.2245195
510.15	0	.5248562	.06315572	.1870093	.2249788
509.15	0	.5249889	.06278629	.1867877	.2254371
508.15	0	.525121	.06241791	.1865667	.2258944
507.15	0	.5252526	.06205056	.1863462	.2263507
506.15	0	.5253835	.06168422	.1861264	.2268059
505.15	0	.5255138	.06131888	.1859071	.2272602
504.15	0	.5256436	.06095453	.1856884	.2277135
503.15	0	.5257728	.06059114	.1854703	.2281658
502.15	0	.5259014	.06022871	.1852527	.2286172
501.15	0	.5260295	.05986721	.1850357	.2290676
500.15	0	.5261571	.05950663	.1848192	.229517
499.15	0	.5262841	.05914696	.1846033	.2299656
498.15	0	.5264107	.05878819	.184388	.2304132
497.15	0	.5265367	.05843029	.1841732	.2308598
496.15	0	.5266622	.05807325	.183959	.2313056
495.15	0	.5267872	.05771707	.1837452	.2317505
494.15	0	.5269118	.05736172	.1835321	.2321944
493.15	0	.5270359	.05700719	.1833194	.2326375
492.15	0	.5271595	.05665347	.1831073	.2330797
491.15	0	.5272826	.05630054	.1828957	.2335211
490.15	0	.5274054	.0559484	.1826847	.2339615
489.15	0	.5275277	.05559702	.1824741	.2344012
488.15	0	.5276496	.0552464	.1822641	.2348399
487.15	0	.527771	.05489651	.1820546	.2352779
486.15	0	.5278921	.05454736	.1818456	.235715
485.15	0	.5280127	.05419892	.1816371	.2361513
484.15	0	.528133	.05385119	.1814291	.2365868
483.15	0	.5282528	.05350414	.1812216	.2370214
482.15	0	.5283723	.05315778	.1810146	.2374553
481.15	0	.5284914	.05281208	.1808081	.2378884
480.15	0	.5286102	.05246704	.1806021	.2383207
479.15	0	.5287286	.05212264	.1803966	.2387522
478.15	0	.5288466	.05177888	.1801916	.2391829
477.15	0	.5289643	.05143573	.179987	.2396129
476.15	0	.5290817	.05109319	.179783	.2400421
475.15	0	.5291987	.05075125	.1795794	.2404706
474.15	0	.5293155	.0504099	.1793763	.2408983
473.15	0	.5294319	.05006912	.1791736	.2413253
472.15	0	.529548	.04972891	.1789715	.2417516
471.15	0	.5296638	.04938925	.1787698	.2421771
470.15	0	.5297793	.04905014	.1785686	.242602
469.15	0	.5298946	.04871156	.1783678	.2430261
468.15	0	.5300095	.0483735	.1781675	.2434495
467.15	0	.5301242	.04803595	.1779676	.2438722
466.15	0	.5302386	.0476989	.1777682	.2442942
465.15	0	.5303528	.04736235	.1775693	.2447156
464.15	0	.5304667	.04702628	.1773708	.2451362
463.15	0	.5305804	.04669068	.1771727	.2455562
462.15	0	.5306938	.04635555	.1769751	.2459755
461.15	0	.530807	.04602086	.176778	.2463942
460.15	0	.5309199	.04568662	.1765813	.2468122
459.15	0	.5310326	.04535282	.176385	.2472296
458.15	0	.5311451	.04501944	.1761891	.2476463
457.15	0	.5312574	.04468648	.1759937	.2480624
456.15	0	.5313695	.04435392	.1757987	.2484778
455.15	0	.5314814	.04402176	.1756042	.2488927
454.15	0	.5315931	.04368999	.1754101	.2493069
453.15	0	.5317046	.0433586	.1752164	.2497205
452.15	0	.5318159	.04302758	.1750231	.2501335
