T	 BPW(LIQUID)	BPW(BCC_A2)	BPW(FCC_A1)	BPW(LAVES_PHASE_C14)	BPW(NI3TI)
1473.15	0	1	0	0	0
1472.15	0	1	0	0	0
1471.15	0	1	0	0	0
1470.15	0	1	0	0	0
1469.15	0	1	0	0	0
1468.15	0	1	0	0	0
1467.15	0	1	0	0	0
1466.15	0	1	0	0	0
1465.15	0	1	0	0	0
1464.15	0	1	0	0	0
1463.15	0	1	0	0	0
1462.15	0	1	0	0	0
1461.15	0	1	0	0	0
1460.15	0	1	0	0	0
1459.15	0	1	0	0	0
1458.15	0	1	0	0	0
1457.15	0	1	0	0	0
1456.15	0	1	0	0	0
1455.15	0	1	0	0	0
1454.15	0	1	0	0	0
1453.15	0	1	0	0	0
1452.15	0	1	0	0	0
1451.15	0	1	0	0	0
1450.15	0	1	0	0	0
1449.15	0	1	0	0	0
1448.15	0	1	0	0	0
1447.15	0	1	0	0	0
1446.15	0	1	0	0	0
1445.15	0	1	0	0	0
1444.15	0	1	0	0	0
1443.15	0	1	0	0	0
1442.15	0	1	0	0	0
1441.15	0	1	0	0	0
1440.15	0	1	0	0	0
1439.15	0	1	0	0	0
1438.15	0	1	0	0	0
1437.15	0	1	0	0	0
1436.15	0	1	0	0	0
1435.15	0	1	0	0	0
1434.15	0	1	0	0	0
1433.15	0	1	0	0	0
1432.15	0	1	0	0	0
1431.15	0	1	0	0	0
1430.15	0	1	0	0	0
1429.15	0	1	0	0	0
1428.15	0	1	0	0	0
1427.15	0	1	0	0	0
1426.15	0	1	0	0	0
1425.15	0	1	0	0	0
1424.15	0	1	0	0	0
1423.15	0	1	0	0	0
1422.15	0	1	0	0	0
1421.15	0	1	0	0	0
1420.15	0	1	0	0	0
1419.15	0	1	0	0	0
1418.15	0	1	0	0	0
1417.15	0	1	0	0	0
1416.15	0	1	0	0	0
1415.15	0	1	0	0	0
1414.15	0	1	0	0	0
1413.15	0	1	0	0	0
1412.15	0	1	0	0	0
1411.15	0	1	0	0	0
1410.15	0	1	0	0	0
1409.15	0	1	0	0	0
1408.15	0	1	0	0	0
1407.15	0	1	0	0	0
1406.15	0	1	0	0	0
1405.15	0	1	0	0	0
1404.15	0	1	0	0	0
1403.15	0	1	0	0	0
1402.15	0	1	0	0	0
1401.15	0	1	0	0	0
1400.15	0	1	0	0	0
1399.15	0	1	0	0	0
1398.15	0	1	0	0	0
1397.15	0	1	0	0	0
1396.15	0	1	0	0	0
1395.15	0	1	0	0	0
1394.15	0	1	0	0	0
1393.15	0	1	0	0	0
1392.15	0	1	0	0	0
1391.15	0	1	0	0	0
1390.15	0	1	0	0	0
1389.15	0	1	0	0	0
1388.15	0	1	0	0	0
1387.15	0	1	0	0	0
1386.15	0	1	0	0	0
1385.15	0	1	0	0	0
1384.15	0	1	0	0	0
1383.15	0	1	0	0	0
1382.15	0	1	0	0	0
1381.15	0	1	0	0	0
1380.15	0	1	0	0	0
1379.15	0	1	0	0	0
1378.15	0	1	0	0	0
1377.15	0	1	0	0	0
1376.15	0	1	0	0	0
1375.15	0	1	0	0	0
1374.15	0	1	0	0	0
1373.15	0	1	0	0	0
1372.15	0	1	0	0	0
1371.15	0	1	0	0	0
1370.15	0	1	0	0	0
1369.15	0	1	0	0	0
1368.15	0	1	0	0	0
1367.15	0	1	0	0	0
1366.15	0	1	0	0	0
1365.15	0	1	0	0	0
1364.15	0	1	0	0	0
1363.15	0	1	0	0	0
1362.15	0	1	0	0	0
1361.15	0	1	0	0	0
1360.15	0	1	0	0	0
1359.15	0	1	0	0	0
1358.15	0	1	0	0	0
1357.15	0	1	0	0	0
1356.15	0	1	0	0	0
1355.15	0	1	0	0	0
1354.15	0	1	0	0	0
1353.15	0	1	0	0	0
1352.15	0	1	0	0	0
1351.15	0	1	0	0	0
1350.15	0	1	0	0	0
1349.15	0	1	0	0	0
1348.15	0	1	0	0	0
1347.15	0	1	0	0	0
1346.15	0	1	0	0	0
1345.15	0	1	0	0	0
1344.15	0	1	0	0	0
1343.15	0	1	0	0	0
1342.15	0	1	0	0	0
1341.15	0	1	0	0	0
1340.15	0	1	0	0	0
1339.15	0	1	0	0	0
1338.15	0	1	0	0	0
1337.15	0	1	0	0	0
1336.15	0	1	0	0	0
1335.15	0	1	0	0	0
1334.15	0	1	0	0	0
1333.15	0	1	0	0	0
1332.15	0	1	0	0	0
1331.15	0	1	0	0	0
1330.15	0	1	0	0	0
1329.15	0	1	0	0	0
1328.15	0	1	0	0	0
1327.15	0	1	0	0	0
1326.15	0	1	0	0	0
1325.15	0	1	0	0	0
1324.15	0	1	0	0	0
1323.15	0	1	0	0	0
1322.15	0	1	0	0	0
1321.15	0	1	0	0	0
1320.15	0	1	0	0	0
1319.15	0	1	0	0	0
1318.15	0	1	0	0	0
1317.15	0	1	0	0	0
1316.15	0	1	0	0	0
1315.15	0	1	0	0	0
1314.15	0	1	0	0	0
1313.15	0	1	0	0	0
1312.15	0	1	0	0	0
1311.15	0	1	0	0	0
1310.15	0	1	0	0	0
1309.15	0	1	0	0	0
1308.15	0	1	0	0	0
1307.15	0	1	0	0	0
1306.15	0	1	0	0	0
1305.15	0	1	0	0	0
1304.15	0	1	0	0	0
1303.15	0	1	0	0	0
1302.15	0	1	0	0	0
1301.15	0	1	0	0	0
1300.15	0	1	0	0	0
1299.15	0	1	0	0	0
1298.15	0	1	0	0	0
1297.15	0	1	0	0	0
1296.15	0	1	0	0	0
1295.15	0	1	0	0	0
1294.15	0	1	0	0	0
1293.15	0	1	0	0	0
1292.15	0	1	0	0	0
1291.15	0	1	0	0	0
1290.15	0	1	0	0	0
1289.15	0	1	0	0	0
1288.15	0	1	0	0	0
1287.15	0	1	0	0	0
1286.15	0	1	0	0	0
1285.15	0	1	0	0	0
1284.15	0	1	0	0	0
1283.15	0	1	0	0	0
1282.15	0	1	0	0	0
1281.15	0	1	0	0	0
1280.15	0	1	0	0	0
1279.15	0	1	0	0	0
1278.15	0	1	0	0	0
1277.15	0	1	0	0	0
1276.15	0	1	0	0	0
1275.15	0	1	0	0	0
1274.15	0	1	0	0	0
1273.15	0	1	0	0	0
1272.15	0	1	0	0	0
1271.15	0	1	0	0	0
1270.15	0	1	0	0	0
1269.15	0	1	0	0	0
1268.15	0	1	0	0	0
1267.15	0	1	0	0	0
1266.15	0	1	0	0	0
1265.15	0	1	0	0	0
1264.15	0	1	0	0	0
1263.15	0	1	0	0	0
1262.15	0	1	0	0	0
1261.15	0	1	0	0	0
1260.15	0	1	0	0	0
1259.15	0	1	0	0	0
1258.15	0	1	0	0	0
1257.15	0	1	0	0	0
1256.15	0	1	0	0	0
1255.15	0	1	0	0	0
1254.15	0	1	0	0	0
1253.15	0	1	0	0	0
1252.15	0	1	0	0	0
1251.15	0	1	0	0	0
1250.15	0	1	0	0	0
1249.15	0	1	0	0	0
1248.15	0	1	0	0	0
1247.15	0	1	0	0	0
1246.15	0	1	0	0	0
1245.15	0	1	0	0	0
1244.15	0	1	0	0	0
1243.15	0	1	0	0	0
1242.15	0	1	0	0	0
1241.15	0	1	0	0	0
1240.15	0	1	0	0	0
1239.15	0	1	0	0	0
1238.15	0	1	0	0	0
1237.15	0	1	0	0	0
1236.15	0	1	0	0	0
1235.15	0	1	0	0	0
1234.15	0	1	0	0	0
1233.15	0	1	0	0	0
1232.15	0	1	0	0	0
1231.15	0	1	0	0	0
1230.15	0	1	0	0	0
1229.15	0	1	0	0	0
1228.15	0	1	0	0	0
1227.15	0	1	0	0	0
1226.15	0	1	0	0	0
1225.15	0	1	0	0	0
1224.15	0	1	0	0	0
1223.15	0	1	0	0	0
1222.15	0	1	0	0	0
1221.15	0	1	0	0	0
1220.15	0	1	0	0	0
1219.15	0	1	0	0	0
1218.15	0	1	0	0	0
1217.15	0	1	0	0	0
1216.15	0	1	0	0	0
1215.15	0	1	0	0	0
1214.15	0	1	0	0	0
1213.15	0	1	0	0	0
1212.15	0	1	0	0	0
1211.15	0	1	0	0	0
1210.15	0	1	0	0	0
1209.15	0	1	0	0	0
1208.15	0	1	0	0	0
1207.15	0	1	0	0	0
1206.15	0	1	0	0	0
1205.15	0	1	0	0	0
1204.15	0	1	0	0	0
1203.15	0	1	0	0	0
1202.15	0	1	0	0	0
1201.15	0	1	0	0	0
1200.15	0	1	0	0	0
1199.15	0	1	0	0	0
1198.15	0	1	0	0	0
1197.15	0	1	0	0	0
1196.15	0	1	0	0	0
1195.15	0	1	0	0	0
1194.15	0	1	0	0	0
1193.15	0	1	0	0	0
1192.15	0	1	0	0	0
1191.15	0	1	0	0	0
1190.15	0	1	0	0	0
1189.15	0	1	0	0	0
1188.15	0	1	0	0	0
1187.15	0	1	0	0	0
1186.15	0	1	0	0	0
1185.15	0	1	0	0	0
1184.15	0	1	0	0	0
1183.15	0	1	0	0	0
1182.15	0	1	0	0	0
1181.15	0	1	0	0	0
1180.15	0	1	0	0	0
1179.15	0	1	0	0	0
1178.15	0	1	0	0	0
1177.15	0	1	0	0	0
1176.15	0	1	0	0	0
1175.15	0	1	0	0	0
1174.15	0	1	0	0	0
1173.15	0	1	0	0	0
1172.15	0	1	0	0	0
1171.15	0	1	0	0	0
1170.15	0	1	0	0	0
1169.15	0	1	0	0	0
1168.15	0	1	0	0	0
1167.418	0	1	0	0	0
1167.418	0	1	0	0	0
1167.418	0	1	0	0	0
1167.15	0	.9998635	0	1.364571E-04	0
1166.15	0	.999356	0	6.440185E-04	0
1165.15	0	.9988495	0	.001150521	0
1164.15	0	.998344	0	.001655967	0
1163.15	0	.9978396	0	.002160359	0
1162.15	0	.9973363	0	.002663699	0
1161.15	0	.996834	0	.00316599	0
1160.15	0	.9963328	0	.003667234	0
1159.15	0	.9958326	0	.004167432	0
1158.15	0	.9953334	0	.004666588	0
1157.15	0	.9948353	0	.005164703	0
1156.15	0	.9943382	0	.005661781	0
1155.15	0	.9938422	0	.006157822	0
1154.15	0	.9933471	0	.006652853	0
1153.15	0	.9928532	0	.007146829	0
1152.15	0	.9923602	0	.007639776	0
1151.15	0	.9918683	0	.008131696	0
1150.15	0	.9913774	0	.008622591	0
1149.15	0	.9908875	0	.009112464	0
1148.15	0	.9903987	0	.009601316	0
1147.15	0	.9899109	0	.01008915	0
1146.15	0	.989424	0	.01057597	0
1145.15	0	.9889382	0	.01106177	0
1144.15	0	.9884534	0	.01154656	0
1143.15	0	.9879697	0	.01203035	0
1142.15	0	.9874869	0	.01251312	0
1141.15	0	.9870051	0	.01299489	0
1140.15	0	.9865243	0	.01347566	0
1139.15	0	.9860446	0	.01395542	0
1138.15	0	.9855658	0	.01443419	0
1137.15	0	.985088	0	.01491196	0
1136.15	0	.9846113	0	.01538873	0
1135.15	0	.9841355	0	.01586451	0
1134.15	0	.9836607	0	.0163393	0
1133.15	0	.9831869	0	.01681311	0
1132.15	0	.9827141	0	.01728592	0
1131.15	0	.9822423	0	.01775775	0
1130.15	0	.9817714	0	.0182286	0
1129.15	0	.9813015	0	.01869847	0
1128.15	0	.9808326	0	.01916735	0
1127.15	0	.9803647	0	.01963526	0
1126.15	0	.9798978	0	.0201022	0
1125.15	0	.9794318	0	.02056816	0
1124.15	0	.9789668	0	.02103316	0
1123.15	0	.9785028	0	.02149718	0
1122.15	0	.9780398	0	.02196024	0
1121.15	0	.9775777	0	.02242233	0
1120.15	0	.9771165	0	.02288346	0
1119.15	0	.9766564	0	.02334362	0
1118.15	0	.9761972	0	.02380283	0
1117.15	0	.9757389	0	.02426108	0
1116.15	0	.9752816	0	.02471838	0
1115.15	0	.9748253	0	.02517472	0
1114.15	0	.9743699	0	.02563011	0
1113.15	0	.9739155	0	.02608455	0
1112.15	0	.973462	0	.02653804	0
1111.15	0	.9730094	0	.02699059	0
1110.15	0	.9725578	0	.02744219	0
1109.15	0	.9721072	0	.02789284	0
1108.15	0	.9716574	0	.02834256	0
1107.15	0	.9712087	0	.02879134	0
1106.15	0	.9707608	0	.02923918	0
1105.15	0	.9703139	0	.02968609	0
1104.15	0	.9698679	0	.03013206	0
1103.15	0	.9694229	0	.0305771	0
1102.15	0	.9689788	0	.03102121	0
1101.15	0	.9685356	0	.03146439	0
1100.15	0	.9680934	0	.03190665	0
1099.15	0	.967652	0	.03234798	0
1098.15	0	.9672116	0	.03278839	0
1097.15	0	.9667721	0	.03322788	0
1096.15	0	.9663336	0	.03366644	0
1095.15	0	.9658959	0	.03410409	0
1094.15	0	.9654592	0	.03454083	0
1093.15	0	.9650234	0	.03497665	0
1092.15	0	.9645884	0	.03541155	0
1091.15	0	.9641545	0	.03584554	0
1090.15	0	.9637214	0	.03627863	0
1089.15	0	.9632892	0	.03671081	0
1088.15	0	.9628579	0	.03714208	0
1087.15	0	.9624276	0	.03757245	0
1086.15	0	.9619981	0	.03800191	0
1085.15	0	.9615695	0	.03843047	0
1084.15	0	.9611419	0	.03885814	0
1083.15	0	.9607151	0	.0392849	0
1082.15	0	.9602892	0	.03971077	0
1081.15	0	.9598643	0	.04013574	0
1080.15	0	.9594402	0	.04055982	0
1079.15	0	.959017	0	.04098301	0
1078.15	0	.9585947	0	.04140531	0
1077.15	0	.9581733	0	.04182672	0
1076.15	0	.9577528	0	.04224724	0
1075.15	0	.9573331	0	.04266688	0
1074.15	0	.9569144	0	.04308564	0
1073.15	0	.9564965	0	.04350351	0
1072.15	0	.9560795	0	.0439205	0
1071.15	0	.9556634	0	.04433661	0
1070.15	0	.9552482	0	.04475185	0
1069.15	0	.9548338	0	.04516621	0
1068.15	0	.9544203	0	.04557969	0
1067.15	0	.9540077	0	.0459923	0
1066.15	0	.953596	0	.04640404	0
1065.15	0	.9531851	0	.0468149	0
1064.15	0	.9527751	0	.0472249	0
1063.15	0	.952366	0	.04763404	0
1062.15	0	.9519577	0	.0480423	0
1061.15	0	.9515503	0	.0484497	0
1060.15	0	.9511438	0	.04885624	0
1059.15	0	.9507381	0	.04926192	0
1058.15	0	.9503333	0	.04966674	0
1057.15	0	.9499293	0	.0500707	0
1056.15	0	.9495262	0	.0504738	0
1055.15	0	.949124	0	.05087604	0
1054.15	0	.9487226	0	.05127743	0
1053.15	0	.948322	0	.05167797	0
1052.15	0	.9479223	0	.05207766	0
1051.15	0	.9475235	0	.05247649	0
1050.15	0	.9471255	0	.05287448	0
1049.15	0	.9467284	0	.05327162	0
1048.15	0	.9463321	0	.05366791	0
1047.15	0	.9459366	0	.05406336	0
1046.15	0	.945542	0	.05445797	0
1045.15	0	.9451483	0	.05485173	0
1044.15	0	.9447553	0	.05524465	0
1043.15	0	.9443633	0	.05563673	0
1042.15	0	.943972	0	.05602798	0
1041.15	0	.9435816	0	.05641838	0
1040.15	0	.9431921	0	.05680796	0
1039.15	0	.9428033	0	.05719669	0
1038.15	0	.9424154	0	.0575846	0
1037.15	0	.9420283	0	.05797167	0
1036.15	0	.9416421	0	.05835791	0
1035.15	0	.9412567	0	.05874332	0
1034.15	0	.9408721	0	.05912791	0
1033.15	0	.9404883	0	.05951167	0
1032.15	0	.9401054	0	.0598946	0
1031.15	0	.9397233	0	.06027671	0
1030.15	0	.939342	0	.06065799	0
1029.15	0	.9389615	0	.06103846	0
1028.15	0	.9385819	0	.0614181	0
1027.15	0	.9382031	0	.06179693	0
1026.15	0	.9378251	0	.06217493	0
1025.15	0	.9374479	0	.06255212	0
1024.15	0	.9370715	0	.0629285	0
1023.15	0	.9366959	0	.06330406	0
1022.15	0	.9363212	0	.0636788	0
1021.15	0	.9359473	0	.06405274	0
1020.15	0	.9355741	0	.06442586	0
1019.15	0	.9352018	0	.06479817	0
1018.15	0	.9348303	0	.06516968	0
1017.15	0	.9344596	0	.06554038	0
1016.15	0	.9340897	0	.06591027	0
1015.15	0	.9337207	0	.06627935	0
1014.15	0	.9333524	0	.06664764	0
1013.15	0	.9329849	0	.06701512	0
1012.15	0	.9326182	0	.0673818	0
1011.15	0	.9322523	0	.06774767	0
1010.15	0	.9318872	0	.06811275	0
1009.15	0	.931523	0	.06847703	0
1008.15	0	.9311595	0	.06884051	0
1007.15	0	.9307968	0	.0692032	0
1006.15	0	.9304349	0	.06956509	0
1005.15	0	.9300738	0	.06992619	0
1004.15	0	.9297135	0	.07028649	0
1003.15	0	.929354	0	.07064601	0
1002.15	0	.9289953	0	.07100473	0
1001.15	0	.9286373	0	.07136266	0
1000.15	0	.9282802	0	.0717198	0
999.15	0	.9279238	0	.07207616	0
998.15	0	.9275683	0	.07243173	0
997.15	0	.9272135	0	.07278651	0
996.15	0	.9268595	0	.07314051	0
995.15	0	.9265063	0	.07349373	0
994.15	0	.9261538	0	.07384617	0
993.15	0	.9258022	0	.07419782	0
992.15	0	.9254513	0	.07454869	0
991.15	0	.9251012	0	.07489878	0
990.15	0	.9247519	0	.0752481	0
989.15	0	.9244034	0	.07559664	0
988.15	0	.9240556	0	.0759444	0
987.15	0	.9237086	0	.07629138	0
986.15	0	.9233624	0	.0766376	0
985.15	0	.923017	0	.07698303	0
984.15	0	.9226723	0	.0773277	0
983.15	0	.9223284	0	.07767159	0
982.15	0	.9219853	0	.07801472	0
981.15	0	.9216429	0	.07835707	0
980.15	0	.9213013	0	.07869866	0
979.15	0	.9209605	0	.07903947	0
978.15	0	.9206205	0	.07937953	0
977.15	0	.9202812	0	.07971881	0
976.15	0	.9199427	0	.08005733	0
975.15	0	.9196049	0	.08039509	0
974.15	0	.9192679	0	.08073208	0
973.15	0	.9189317	0	.08106832	0
972.15	0	.9185962	0	.08140379	0
971.15	0	.9182615	0	.0817385	0
970.15	0	.9179275	0	.08207245	0
969.15	0	.9175944	0	.08240564	0
968.15	0	.9172619	0	.08273808	0
967.15	0	.9169302	0	.08306976	0
966.15	0	.9165993	0	.08340068	0
965.15	0	.9162691	0	.08373085	0
964.15	0	.9159397	0	.08406026	0
963.15	0	.9156111	0	.08438893	0
962.15	0	.9152832	0	.08471683	0
961.15	0	.914956	0	.08504399	0
960.15	0	.9146296	0	.0853704	0
959.15	0	.9143039	0	.08569606	0
958.15	0	.913979	0	.08602097	0
957.15	0	.9136549	0	.08634513	0
956.15	0	.9133315	0	.08666854	0
955.15	0	.9130088	0	.08699121	0
954.15	0	.9126869	0	.08731313	0
953.15	0	.9123657	0	.08763431	0
952.15	0	.9120453	0	.08795474	0
951.15	0	.9117256	0	.08827443	0
950.15	0	.9114066	0	.08859338	0
949.15	0	.9110884	0	.08891159	0
948.15	0	.910771	0	.08922905	0
947.15	0	.9104542	0	.08954578	0
946.15	0	.9101382	0	.08986177	0
945.15	0	.909823	0	.09017702	0
944.15	0	.9095085	0	.09049153	0
943.15	0	.9091947	0	.09080531	0
942.15	0	.9088817	0	.09111835	0
941.15	0	.9085694	0	.09143065	0
940.15	0	.9082578	0	.09174222	0
939.15	0	.9079469	0	.09205306	0
938.15	0	.9076368	0	.09236316	0
937.15	0	.9073275	0	.09267254	0
936.15	0	.9070188	0	.09298118	0
935.15	0	.9067109	0	.09328909	0
934.15	0	.9064037	0	.09359627	0
933.15	0	.9060973	0	.09390272	0
932.15	0	.9057916	0	.09420845	0
931.15	0	.9054866	0	.09451345	0
930.15	0	.9051823	0	.09481772	0
929.15	0	.9048787	0	.09512126	0
928.15	0	.9045759	0	.09542408	0
927.15	0	.9042738	0	.09572618	0
926.15	0	.9039725	0	.09602755	0
925.15	0	.9036718	0	.0963282	0
924.15	0	.9033719	0	.09662812	0
923.15	0	.9030727	0	.09692733	0
922.15	0	.9027742	0	.09722582	0
921.15	0	.9024764	0	.09752358	0
920.15	0	.9021794	0	.09782063	0
919.15	0	.9018831	0	.09811695	0
918.15	0	.9015874	0	.09841256	0
917.15	0	.9012925	0	.09870745	0
916.15	0	.9009984	0	.09900163	0
915.15	0	.9007049	0	.09929509	0
914.15	0	.9004122	0	.09958783	0
913.15	0	.9001201	0	.09987986	0
912.15	0	.8998288	0	.1001712	0
911.15	0	.8995382	0	.1004618	0
910.15	0	.8992483	0	.1007517	0
909.15	0	.8989591	0	.1010409	0
908.15	0	.8986707	0	.1013293	0
907.15	0	.8983829	0	.1016171	0
906.15	0	.8980959	0	.1019041	0
905.15	0	.8978095	0	.1021905	0
904.15	0	.8975239	0	.1024761	0
903.15	0	.897239	0	.102761	0
902.15	0	.8969547	0	.1030453	0
901.15	0	.8966712	0	.1033288	0
900.15	0	.8963884	0	.1036116	0
899.15	0	.8961063	0	.1038937	0
898.15	0	.8958249	0	.1041751	0
897.15	0	.8955442	0	.1044558	0
896.15	0	.8952642	0	.1047358	0
895.15	0	.8949849	0	.1050151	0
894.15	0	.8947063	0	.1052937	0
893.15	0	.8944285	0	.1055716	0
892.15	0	.8941513	0	.1058487	0
891.15	0	.8938748	0	.1061252	0
890.15	0	.893599	0	.106401	0
889.15	0	.8933239	0	.1066761	0
888.15	0	.8930495	0	.1069505	0
887.15	0	.8927758	0	.1072242	0
886.15	0	.8925028	0	.1074972	0
885.15	0	.8922305	0	.1077695	0
884.15	0	.8919588	0	.1080412	0
883.15	0	.8916879	0	.1083121	0
882.15	0	.8914177	0	.1085823	0
881.15	0	.8911481	0	.1088519	0
880.15	0	.8908793	0	.1091207	0
879.15	0	.8906111	0	.1093889	0
878.4146	0	.8904144	0	.1095856	0
878.4146	0	.8904144	0	.1095856	0
878.4146	0	.8904144	0	.1095856	0
878.15	0	.8901532	2.165302E-04	.1096303	0
877.15	0	.8891666	.001035152	.1097982	0
876.15	0	.8881811	.001854415	.1099645	0
875.15	0	.8871964	.002674386	.1101292	0
874.15	0	.8862126	.003495131	.1102922	0
873.15	0	.8852296	.004316721	.1104537	0
872.15	0	.8842473	.005139227	.1106134	0
871.15	0	.8832657	.005962724	.1107715	0
870.15	0	.8822848	.006787289	.1109279	0
869.15	0	.8813044	.007613	.1110826	0
868.15	0	.8803245	.00843994	.1112356	0
867.15	0	.879345	.009268192	.1113868	0
866.15	0	.8783659	.01009784	.1115363	0
865.15	0	.8773871	.01092898	.1116839	0
864.15	0	.8764085	.01176171	.1118298	0
863.15	0	.8754301	.01259611	.1119738	0
862.15	0	.8744518	.01343229	.1121159	0
861.15	0	.8734734	.01427034	.1122562	0
860.15	0	.872495	.01511039	.1123946	0
859.15	0	.8715164	.01595252	.112531	0
858.15	0	.8705376	.01679687	.1126656	0
857.15	0	.8695584	.01764354	.1127981	0
856.15	0	.8685788	.01849266	.1129286	0
855.15	0	.8675986	.01934435	.1130571	0
854.15	0	.8666178	.02019874	.1131835	0
853.15	0	.8656362	.02105598	.1133078	0
852.15	0	.8646538	.02191619	.1134301	0
851.15	0	.8636704	.02277953	.1135501	0
850.15	0	.8626859	.02364614	.113668	0
849.15	0	.8617002	.02451618	.1137836	0
848.15	0	.8607132	.02538982	.113897	0
847.15	0	.8597247	.02626722	.1140081	0
846.15	0	.8587345	.02714856	.1141169	0
845.15	0	.8577427	.02803403	.1142233	0
844.15	0	.8567489	.02892381	.1143273	0
843.15	0	.8557531	.0298181	.1144288	0
842.15	0	.854755	.03071712	.1145279	0
841.15	0	.8537546	.03162107	.1146243	0
840.15	0	.8527516	.03253019	.1147183	0
839.15	0	.8517458	.0334447	.1148095	0
838.15	0	.8507371	.03436486	.1148981	0
837.15	0	.8497252	.03529092	.1149839	0
836.15	0	.84871	.03622316	.1150669	0
835.15	0	.8476912	.03716185	.115147	0
834.15	0	.8466685	.0381073	.1152242	0
833.15	0	.8456418	.03905981	.1152984	0
832.15	0	.8446108	.04001972	.1153695	0
831.15	0	.8435751	.04098737	.1154375	0
830.15	0	.8425346	.04196311	.1155023	0
829.15	0	.8414889	.04294735	.1155638	0
828.15	0	.8404377	.04394047	.1156219	0
827.15	0	.8393806	.04494291	.1156765	0
826.15	0	.8383173	.04595512	.1157275	0
825.15	0	.8372475	.04697758	.1157749	0
824.15	0	.8361707	.04801079	.1158185	0
823.15	0	.8350864	.04905529	.1158583	0
822.15	0	.8339944	.05011166	.115894	0
821.15	0	.8328939	.05118052	.1159256	0
820.15	0	.8317846	.0522625	.1159529	0
819.15	0	.8306659	.05335831	.1159758	0
818.15	0	.8295372	.0544687	.1159941	0
817.15	0	.8283978	.05559447	.1160077	0
816.15	0	.8272472	.05673647	.1160163	0
815.15	0	.8260844	.05789564	.1160199	0
814.15	0	.8249089	.05907298	.1160181	0
813.15	0	.8237196	.06026958	.1160108	0
812.15	0	.8225157	.0614866	.1159977	0
811.15	0	.8212961	.06272534	.1159786	0
810.15	0	.8200597	.06398718	.1159531	0
809.15	0	.8188054	.06527367	.1159209	0
808.15	0	.8175318	.06658646	.1158818	0
807.15	0	.8158149	.06842236	.1157628	0
806.15	0	.8137982	.07061613	.1155856	0
805.15	0	.8118585	.07272684	.1154147	0
804.15	0	.8099909	.07475951	.1152496	0
803.15	0	.8081911	.07671876	.1150902	0
802.15	0	.8064552	.07860886	.1149359	0
801.15	0	.8047795	.08043377	.1147868	0
800.15	0	.8031605	.08219715	.1146424	0
799.15	0	.8015952	.08390238	.1145025	0
798.15	0	.8000805	.08555261	.1143669	0
797.15	0	.7986139	.08715077	.1142354	0
796.15	0	.7971927	.08869957	.1141077	0
795.15	0	.7958147	.09020152	.1139838	0
794.15	0	.7944777	.09165899	.1138633	0
793.15	0	.7931796	.09307417	.1137462	0
792.15	0	.7919186	.09444911	.1136323	0
791.15	0	.790693	.09578573	.1135213	0
790.15	0	.7895009	.09708581	.1134133	0
789.15	0	.788341	.09835103	.113308	0
788.15	0	.7872118	.09958298	.1132052	0
787.15	0	.7861118	.1007831	.113105	0
786.15	0	.7850399	.1019529	.1130072	0
785.15	0	.783996	.1030927	.1129113	0
784.15	0	.7829765	.1042055	.112818	0
783.15	0	.7819817	.1052917	.1127266	0
782.15	0	.7810105	.1063522	.1126373	0
781.15	0	.7800621	.1073881	.1125498	0
780.15	0	.7791354	.1084005	.1124641	0
779.15	0	.7782297	.1093901	.1123802	0
778.15	0	.7773442	.110358	.1122979	0
777.15	0	.776478	.1113048	.1122171	0
776.15	0	.7756305	.1122315	.1121379	0
775.15	0	.7748011	.1131388	.1120602	0
774.15	0	.7739889	.1140273	.1119838	0
773.15	0	.7731935	.1148978	.1119088	0
772.15	0	.7724142	.1157508	.111835	0
771.15	0	.7716504	.1165871	.1117625	0
770.15	0	.7709018	.1174071	.1116911	0
769.15	0	.7701676	.1182115	.1116209	0
768.15	0	.7694475	.1190007	.1115518	0
767.15	0	.7687411	.1197753	.1114836	0
766.15	0	.7680477	.1205358	.1114165	0
765.15	0	.7673671	.1212825	.1113504	0
764.15	0	.7666988	.122016	.1112852	0
763.15	0	.7660425	.1227367	.1112208	0
762.15	0	.7653977	.123445	.1111573	0
761.15	0	.7647642	.1241412	.1110946	0
760.15	0	.7641415	.1248258	.1110327	0
759.15	0	.7635294	.125499	.1109716	0
758.15	0	.7629275	.1261613	.1109112	0
757.15	0	.7623356	.1268129	.1108515	0
756.15	0	.7617534	.1274541	.1107925	0
755.15	0	.7611805	.1280854	.1107341	0
754.15	0	.7606168	.1287069	.1106764	0
753.15	0	.7600619	.1293189	.1106192	0
752.15	0	.7595157	.1299217	.1105627	0
751.15	0	.7589778	.1305155	.1105066	0
750.15	0	.7584482	.1311007	.1104512	0
749.15	0	.7579264	.1316773	.1103962	0
748.15	0	.7574124	.1322458	.1103418	0
747.15	0	.756906	.1328062	.1102878	0
746.15	0	.7564069	.1333589	.1102343	0
745.15	0	.7559149	.1339039	.1101812	0
744.15	0	.7554299	.1344415	.1101286	0
743.15	0	.7549517	.1349719	.1100764	0
742.15	0	.7544801	.1354953	.1100246	0
741.15	0	.754015	.1360119	.1099731	0
740.15	0	.7535562	.1365217	.1099221	0
739.15	0	.7531036	.1370251	.1098714	0
738.15	0	.7526569	.1375221	.109821	0
737.15	0	.7522161	.1380128	.109771	0
736.15	0	.7517811	.1384976	.1097213	0
735.15	0	.7513516	.1389764	.109672	0
734.15	0	.7509277	.1394495	.1096229	0
733.15	0	.750509	.1399169	.1095741	0
732.15	0	.7500956	.1403789	.1095256	0
731.15	0	.7496873	.1408354	.1094773	0
730.15	0	.7492839	.1412867	.1094293	0
729.15	0	.7488855	.1417329	.1093816	0
728.15	0	.7484918	.1421741	.1093341	0
727.15	0	.7481028	.1426103	.1092869	0
726.15	0	.7477183	.1430418	.1092398	0
725.15	0	.7473384	.1434686	.109193	0
724.15	0	.7469628	.1438908	.1091464	0
723.15	0	.7465915	.1443085	.1091	0
722.15	0	.7462244	.1447218	.1090538	0
721.15	0	.7458615	.1451308	.1090078	0
720.15	0	.7455025	.1455356	.1089619	0
719.15	0	.7451475	.1459362	.1089163	0
718.15	0	.7447964	.1463329	.1088708	0
717.15	0	.744449	.1467255	.1088254	0
716.15	0	.7441054	.1471143	.1087803	0
715.15	0	.7437655	.1474993	.1087353	0
714.15	0	.7434291	.1478806	.1086904	0
713.15	0	.7430962	.1482582	.1086456	0
712.15	0	.7427667	.1486322	.108601	0
711.15	0	.7424406	.1490028	.1085566	0
710.15	0	.7421179	.1493699	.1085122	0
709.15	0	.7417984	.1497336	.108468	0
708.15	0	.741482	.150094	.1084239	0
707.15	0	.7411689	.1504512	.1083799	0
706.15	0	.7408587	.1508052	.1083361	0
705.15	0	.7405517	.1511561	.1082923	0
704.15	0	.7402475	.1515039	.1082486	0
703.15	0	.7399463	.1518486	.1082051	0
702.15	0	.739648	.1521905	.1081616	0
701.15	0	.7393524	.1525294	.1081182	0
700.15	0	.7390597	.1528654	.1080749	0
699.15	0	.7387696	.1531987	.1080317	0
698.15	0	.7384822	.1535292	.1079886	0
697.15	0	.7381975	.153857	.1079455	0
696.15	0	.7379153	.1541822	.1079025	0
695.15	0	.7376357	.1545047	.1078596	0
694.15	0	.7373585	.1548247	.1078168	0
693.15	0	.7370838	.1551421	.107774	0
692.15	0	.7368116	.1554571	.1077314	0
691.15	0	.7365417	.1557696	.1076887	0
690.15	0	.7362741	.1560797	.1076461	0
689.15	0	.7360089	.1563875	.1076036	0
688.15	0	.7357459	.1566929	.1075612	0
687.15	0	.7354851	.1569961	.1075188	0
686.15	0	.7352266	.157297	.1074764	0
685.15	0	.7349702	.1575957	.1074341	0
684.15	0	.7347159	.1578922	.1073919	0
683.15	0	.7344637	.1581866	.1073497	0
682.15	0	.7342136	.1584788	.1073075	0
681.15	0	.7339656	.158769	.1072654	0
680.15	0	.7337195	.1590571	.1072234	0
679.15	0	.7334754	.1593433	.1071813	0
678.15	0	.7332332	.1596274	.1071394	0
677.15	0	.732993	.1599096	.1070974	0
676.15	0	.7327547	.1601898	.1070555	0
675.15	0	.7325182	.1604682	.1070136	0
674.15	0	.7322835	.1607447	.1069718	0
673.15	0	.7320507	.1610194	.10693	0
672.15	0	.7318196	.1612922	.1068882	0
671.15	0	.7315903	.1615632	.1068464	0
670.15	0	.7313628	.1618325	.1068047	0
669.15	0	.7311369	.1621	.106763	0
668.15	0	.7309128	.1623659	.1067214	0
667.15	0	.7306903	.16263	.1066797	0
666.15	0	.7304694	.1628925	.1066381	0
665.15	0	.7302502	.1631533	.1065965	0
664.15	0	.7300326	.1634125	.106555	0
663.15	0	.7298165	.1636701	.1065134	0
662.15	0	.729602	.1639261	.1064719	0
661.15	0	.729389	.1641805	.1064304	0
660.15	0	.7291776	.1644334	.106389	0
659.15	0	.7289677	.1646848	.1063475	0
658.15	0	.7287592	.1649347	.1063061	0
657.15	0	.7285522	.1651831	.1062647	0
656.15	0	.7283467	.16543	.1062233	0
655.15	0	.7281425	.1656756	.1061819	0
654.15	0	.7279398	.1659196	.1061406	0
653.15	0	.7277385	.1661623	.1060992	0
652.15	0	.7275385	.1664036	.1060579	0
651.15	0	.7273399	.1666435	.1060166	0
650.15	0	.7271427	.166882	.1059753	0
649.15	0	.7269467	.1671192	.1059341	0
648.15	0	.7267521	.1673551	.1058928	0
647.15	0	.7265588	.1675897	.1058516	0
646.15	0	.7263667	.1678229	.1058104	0
645.15	0	.7261759	.1680549	.1057692	0
644.15	0	.7259864	.1682857	.105728	0
643.15	0	.7257981	.1685151	.1056868	0
642.15	0	.725611	.1687434	.1056456	0
641.15	0	.7254251	.1689704	.1056045	0
640.15	0	.7252404	.1691962	.1055634	0
639.15	0	.7250569	.1694208	.1055223	0
638.15	0	.7248746	.1696443	.1054812	0
637.15	0	.7246934	.1698665	.1054401	0
636.15	0	.7245134	.1700876	.105399	0
635.15	0	.7243345	.1703076	.105358	0
634.15	0	.7241567	.1705264	.1053169	0
633.15	0	.72398	.1707441	.1052759	0
632.15	0	.7238044	.1709607	.1052349	0
631.15	0	.7236299	.1711762	.1051939	0
630.15	0	.7234565	.1713906	.1051529	0
629.15	0	.7232841	.171604	.1051119	0
628.15	0	.7231128	.1718162	.105071	0
627.15	0	.7229425	.1720274	.10503	0
626.15	0	.7227733	.1722376	.1049891	0
625.15	0	.7226051	.1724467	.1049482	0
624.15	0	.7224379	.1726548	.1049073	0
623.15	0	.7222716	.1728619	.1048664	0
622.15	0	.7221064	.173068	.1048256	0
621.15	0	.7219422	.1732731	.1047847	0
620.15	0	.7217789	.1734772	.1047439	0
619.15	0	.7216166	.1736804	.1047031	0
618.15	0	.7214552	.1738825	.1046623	0
617.15	0	.7212948	.1740837	.1046215	0
616.15	0	.7211353	.174284	.1045808	0
615.15	0	.7209767	.1744833	.10454	0
614.15	0	.7208191	.1746816	.1044993	0
613.15	0	.7206624	.1748791	.1044586	0
612.15	0	.7205065	.1750756	.1044179	0
611.15	0	.7203516	.1752712	.1043772	0
610.15	0	.7201975	.175466	.1043366	0
609.15	0	.7200443	.1756598	.1042959	0
608.15	0	.719892	.1758527	.1042553	0
607.15	0	.7197406	.1760447	.1042147	0
606.15	0	.71959	.1762359	.1041741	0
605.15	0	.7194402	.1764262	.1041336	0
604.15	0	.7192913	.1766157	.104093	0
603.15	0	.7191432	.1768043	.1040525	0
602.15	0	.718996	.176992	.104012	0
601.15	0	.7188495	.1771789	.1039716	0
600.15	0	.7187039	.177365	.1039311	0
599.15	0	.7185591	.1775503	.1038907	0
598.15	0	.718415	.1777347	.1038503	0
597.15	0	.7182718	.1779183	.1038099	0
596.15	0	.7181293	.1781011	.1037696	0
595.15	0	.7179877	.1782831	.1037292	0
594.15	0	.7178468	.1784643	.1036889	0
593.15	0	.7177067	.1786447	.1036487	0
592.15	0	.7175673	.1788243	.1036084	0
591.15	0	.7174287	.1790032	.1035682	0
590.15	0	.7172908	.1791812	.103528	0
589.15	0	.7171537	.1793585	.1034878	0
588.15	0	.7170173	.1795351	.1034477	0
587.15	0	.7168816	.1797108	.1034076	0
586.15	0	.7167467	.1798858	.1033675	0
585.15	0	.7166125	.1800601	.1033274	0
584.15	0	.716479	.1802336	.1032874	0
583.15	0	.7163462	.1804064	.1032474	0
582.15	0	.7162141	.1805785	.1032074	0
581.15	0	.7160828	.1807498	.1031675	0
580.15	0	.7159521	.1809203	.1031276	0
579.15	0	.7158221	.1810902	.1030877	0
578.15	0	.7156928	.1812594	.1030479	0
577.15	0	.7155642	.1814278	.1030081	0
576.15	0	.7154362	.1815955	.1029683	0
575.15	0	.7153089	.1817625	.1029286	0
574.15	0	.7151823	.1819288	.1028889	0
573.15	0	.7150564	.1820944	.1028492	0
572.15	0	.7149311	.1822594	.1028096	0
571.15	0	.7148064	.1824236	.10277	0
570.15	0	.7146824	.1825871	.1027304	0
569.15	0	.7145591	.18275	.1026909	0
568.15	0	.7144364	.1829122	.1026514	0
567.15	0	.7143143	.1830737	.102612	0
566.15	0	.7141929	.1832345	.1025726	0
565.15	0	.7140721	.1833947	.1025332	0
564.15	0	.7139519	.1835542	.1024939	0
563.15	0	.7138323	.183713	.1024547	0
562.15	0	.7137134	.1838712	.1024154	0
561.15	0	.7135951	.1840287	.1023762	0
560.15	0	.7134773	.1841856	.1023371	0
559.15	0	.7133602	.1843418	.102298	0
558.15	0	.7132437	.1844974	.1022589	0
557.15	0	.7131278	.1846523	.1022199	0
556.15	0	.7130125	.1848066	.1021809	0
555.15	0	.7128977	.1849603	.102142	0
554.15	0	.7127836	.1851133	.1021031	0
553.15	0	.71267	.1852657	.1020643	0
552.15	0	.7125571	.1854174	.1020255	0
551.15	0	.7124447	.1855686	.1019868	0
550.15	0	.7123328	.1857191	.1019481	0
549.15	0	.7122216	.185869	.1019095	0
548.15	0	.7121109	.1860182	.1018709	0
547.15	0	.7120008	.1861669	.1018323	0
546.15	0	.7118912	.1863149	.1017939	0
545.15	0	.7117822	.1864624	.1017554	0
544.15	0	.7116738	.1866092	.1017171	0
543.15	0	.7115659	.1867554	.1016787	0
542.15	0	.7114585	.186901	.1016405	0
541.15	0	.7113517	.187046	.1016023	0
540.15	0	.7112455	.1871904	.1015641	0
539.15	0	.7111398	.1873342	.101526	0
538.15	0	.7110346	.1874775	.1014879	0
537.15	0	.71093	.1876201	.10145	0
536.15	0	.7108259	.1877621	.101412	0
535.15	0	.7107223	.1879035	.1013742	0
534.15	0	.7106193	.1880444	.1013363	0
533.15	0	.7105168	.1881847	.1012985	0
532.15	0	.7104149	.1883243	.1012608	0
531.15	0	.7103134	.1884635	.1012232	0
530.15	0	.7102124	.188602	.1011856	0
529.15	0	.710112	.1887399	.1011481	0
528.15	0	.7100121	.1888773	.1011107	0
527.15	0	.7099126	.1890141	.1010733	0
526.15	0	.7098137	.1891503	.101036	0
525.15	0	.7097153	.189286	.1009987	0
524.15	0	.7096174	.189421	.1009615	0
523.15	0	.70952	.1895556	.1009244	0
522.15	0	.7094231	.1896895	.1008874	0
521.15	0	.7093267	.1898229	.1008504	0
520.15	0	.7092308	.1899557	.1008135	0
519.15	0	.7091354	.190088	.1007766	0
518.15	0	.7090405	.1902197	.1007398	0
517.15	0	.7089461	.1903508	.1007031	0
516.15	0	.7088521	.1904814	.1006665	0
515.15	0	.7087586	.1906114	.1006299	0
514.15	0	.7086657	.1907409	.1005934	0
513.15	0	.7085731	.1908698	.100557	0
512.15	0	.7084811	.1909982	.1005207	0
511.15	0	.7083896	.191126	.1004844	0
510.15	0	.7082985	.1912533	.1004482	0
509.15	0	.7082079	.19138	.1004121	0
508.15	0	.7081178	.1915062	.100376	0
507.15	0	.7080281	.1916318	.1003401	0
506.15	0	.7079389	.1917569	.1003042	0
505.15	0	.7078502	.1918815	.1002684	0
504.15	0	.7077619	.1920055	.1002326	0
503.15	0	.7076741	.192129	.100197	0
502.15	0	.7075867	.1922519	.1001614	0
501.15	0	.7074998	.1923743	.1001259	0
500.15	0	.7074134	.1924961	.1000905	0
499.15	0	.7073274	.1926175	.1000551	0
498.15	0	.7072419	.1927382	.1000199	0
497.15	0	.7071568	.1928585	.09998472	0
496.15	0	.7070722	.1929782	.09994964	0
495.15	0	.706988	.1930974	.09991464	0
494.15	0	.7069042	.193216	.09987972	0
493.15	0	.706821	.1933342	.09984489	0
492.15	0	.7067381	.1934518	.09981015	0
491.15	0	.7066557	.1935688	.09977549	0
490.15	0	.7065737	.1936854	.09974092	0
489.15	0	.7064922	.1938014	.09970644	0
488.15	0	.7064111	.1939169	.09967205	0
487.15	0	.7063304	.1940318	.09963775	0
486.15	0	.7062502	.1941463	.09960354	0
485.15	0	.7061704	.1942602	.09956941	0
484.15	0	.706091	.1943736	.09953538	0
483.15	0	.7060121	.1944865	.09950145	0
482.15	0	.7059336	.1945988	.0994676	0
481.15	0	.7058555	.1947107	.09943385	0
480.15	0	.7057778	.194822	.09940019	0
479.15	0	.7057006	.1949328	.09936662	0
478.15	0	.7056238	.1950431	.09933315	0
477.15	0	.7055474	.1951529	.09929978	0
476.15	0	.7054714	.1952621	.0992665	0
475.15	0	.7053958	.1953708	.09923332	0
474.15	0	.7053207	.1954791	.09920023	0
473.15	0	.705246	.1955868	.09916725	0
472.15	0	.7051717	.195694	.09913436	0
471.15	0	.7050978	.1958007	.09910157	0
470.15	0	.7050243	.1959068	.09906888	0
469.15	0	.7049512	.1960125	.09903629	0
468.15	0	.7048785	.1961177	.0990038	0
467.15	0	.7048063	.1962223	.09897142	0
466.15	0	.7047344	.1963265	.09893913	0
465.15	0	.704663	.1964301	.09890695	0
464.15	0	.7045919	.1965332	.09887488	0
463.15	0	.7045213	.1966358	.0988429	0
462.15	0	.704451	.1967379	.09881103	0
461.15	0	.7043812	.1968396	.09877927	0
460.15	0	.7043117	.1969406	.09874761	0
459.15	0	.7042427	.1970413	.09871606	0
458.15	0	.7041741	.1971413	.09868461	0
457.15	0	.7041058	.1972409	.09865327	0
456.15	0	.7040379	.19734	.09862205	0
455.15	0	.7039705	.1974386	.09859092	0
454.15	0	.7039034	.1975367	.09855991	0
453.15	0	.7038367	.1976343	.09852901	0
452.15	0	.7037704	.1977314	.09849822	0
451.15	0	.7037045	.197828	.09846753	0
450.15	0	.703639	.197924	.09843696	0
449.15	0	.7035739	.1980196	.09840653	0
448.15	0	.7035092	.1981146	.09837621	0
447.15	0	.7034449	.198209	.09834601	0
446.15	0	.703381	.198303	.09831592	0
445.15	0	.7033175	.1983965	.09828596	0
444.15	0	.7032544	.1984894	.09825613	0
443.15	0	.7031918	.1985818	.09822642	0
442.15	0	.7031295	.1986737	.09819684	0
441.15	0	.7030676	.198765	.09816739	0
440.15	0	.7030061	.1988558	.09813808	0
439.15	0	.7029451	.198946	.0981089	0
438.15	0	.7028844	.1990357	.09807986	0
437.15	0	.7028242	.1991248	.09805096	0
436.15	0	.7027644	.1992134	.0980222	0
435.15	0	.702705	.1993014	.09799359	0
434.15	0	.7026461	.1993888	.09796512	0
433.15	0	.7025875	.1994757	.0979368	0
432.15	0	.7025294	.199562	.09790862	0
431.15	0	.7024717	.1996477	.0978806	0
430.15	0	.7024145	.1997328	.09785273	0
429.15	0	.7023576	.1998174	.09782501	0
428.15	0	.7023012	.1999013	.09779744	0
427.15	0	.7022452	.1999847	.09777003	0
426.15	0	.7021897	.2000675	.09774278	0
425.15	0	.7021346	.2001498	.09771568	0
424.15	0	.7020799	.2002314	.09768874	0
423.15	0	.7020256	.2003125	.09766196	0
422.15	0	.7019717	.2003929	.09763535	0
421.15	0	.7019183	.2004728	.09760889	0
420.15	0	.7018653	.2005521	.09758259	0
419.15	0	.7018128	.2006308	.09755646	0
418.15	0	.7017606	.2007089	.09753049	0
417.15	0	.7017089	.2007864	.09750469	0
416.15	0	.7016576	.2008634	.09747904	0
415.15	0	.7016067	.2009397	.09745357	0
414.15	0	.7015563	.2010155	.09742826	0
413.15	0	.7015062	.2010907	.09740311	0
412.15	0	.7014566	.2011652	.09737814	0
411.15	0	.7014074	.2012393	.09735333	0
410.15	0	.7013586	.2013127	.09732868	0
409.15	0	.7013103	.2013855	.0973042	0
408.15	0	.7012623	.2014578	.09727989	0
407.15	0	.7012148	.2015295	.09725575	0
406.15	0	.7011677	.2016006	.09723178	0
405.15	0	.7011209	.2016711	.09720797	0
404.15	0	.7010746	.201741	.09718433	0
403.15	0	.7010287	.2018104	.09716086	0
402.15	0	.7009832	.2018792	.09713756	0
401.15	0	.7009381	.2019475	.09711442	0
400.15	0	.7008934	.2020151	.09709146	0
399.15	0	.7008491	.2020822	.09706866	0
398.15	0	.7008052	.2021488	.09704602	0
397.15	0	.7007617	.2022147	.09702356	0
396.15	0	.7007186	.2022802	.09700126	0
395.15	0	.7006758	.202345	.09697913	0
394.15	0	.7006335	.2024093	.09695716	0
393.15	0	.7005915	.2024731	.09693536	0
392.15	0	.70055	.2025363	.09691373	0
391.15	0	.7005088	.202599	.09689226	0
390.15	0	.7004679	.2026611	.09687096	0
389.15	0	.7004275	.2027227	.09684982	0
388.15	0	.7003874	.2027837	.09682885	0
387.15	0	.7003477	.2028443	.09680804	0
386.15	0	.7003084	.2029042	.09678739	0
385.15	0	.7002694	.2029637	.09676691	0
384.15	0	.7002308	.2030226	.09674658	0
383.15	0	.7001925	.203081	.09672643	0
382.15	0	.7001546	.2031389	.09670643	0
381.15	0	.7001171	.2031963	.09668659	0
380.15	0	.7000799	.2032532	.09666691	0
379.15	0	.7000431	.2033095	.0966474	0
378.15	0	.7000066	.2033654	.09662804	0
377.15	0	.6999705	.2034207	.09660884	0
376.15	0	.6999346	.2034756	.09658979	0
375.15	0	.6998992	.2035299	.09657091	0
374.15	0	.6998641	.2035838	.09655218	0
373.15	0	.6998293	.2036371	.09653361	0
372.15	0	.6997948	.20369	.09651519	0
371.15	0	.6997606	.2037424	.09649693	0
370.15	0	.6997268	.2037944	.09647882	0
369.15	0	.6996933	.2038458	.09646086	0
368.15	0	.6996602	.2038968	.09644306	0
367.15	0	.6996273	.2039473	.0964254	0
366.15	0	.6995948	.2039973	.0964079	0
365.15	0	.6995625	.2040469	.09639055	0
364.15	0	.6995306	.2040961	.09637335	0
363.15	0	.699499	.2041447	.09635629	0
362.15	0	.6994676	.204193	.09633939	0
361.15	0	.6994366	.2042407	.09632263	0
360.15	0	.6994059	.2042881	.09630602	0
359.15	0	.6993755	.204335	.09628955	0
358.15	0	.6993453	.2043814	.09627323	0
357.15	0	.6993155	.2044275	.09625706	0
356.15	0	.6992859	.2044731	.09624102	0
355.15	0	.6992566	.2045183	.09622513	0
354.15	0	.6992276	.204563	.09620938	0
353.15	0	.6991989	.2046074	.09619377	0
352.15	0	.6991704	.2046513	.09617831	0
351.15	0	.6991422	.2046948	.09616298	0
350.15	0	.6991143	.2047379	.09614779	0
349.15	0	.6990867	.2047806	.09613274	0
348.15	0	.6990593	.2048229	.09611782	0
347.15	0	.6990321	.2048648	.09610305	0
346.15	0	.6990053	.2049064	.09608841	0
345.15	0	.6989786	.2049475	.0960739	0
344.15	0	.6989523	.2049882	.09605953	0
343.15	0	.6989261	.2050286	.09604529	0
342.15	0	.6989003	.2050686	.09603118	0
341.15	0	.6988746	.2051082	.09601721	0
340.15	0	.6988492	.2051474	.09600336	0
339.15	0	.6988241	.2051863	.09598965	0
338.15	0	.6987992	.2052248	.09597607	0
337.15	0	.6987745	.2052629	.09596262	0
336.15	0	.69875	.2053007	.09594929	0
335.15	0	.6987258	.2053381	.09593609	0
334.15	0	.6987018	.2053752	.09592302	0
333.15	0	.698678	.2054119	.09591007	0
332.15	0	.6986545	.2054483	.09589726	0
331.15	0	.6986311	.2054843	.09588456	0
330.15	0	.698608	.20552	.09587199	0
329.15	0	.6985851	.2055554	.09585954	0
328.15	0	.6985624	.2055904	.09584722	0
327.15	0	.6985399	.2056251	.09583502	0
326.15	0	.6985176	.2056595	.09582294	0
325.15	0	.6984955	.2056935	.09581097	0
324.15	0	.6984736	.2057273	.09579913	0
323.15	0	.6984519	.2057607	.09578741	0
322.15	0	.6984304	.2057938	.09577581	0
321.15	0	.6984091	.2058266	.09576432	0
320.15	0	.698388	.2058591	.09575296	0
319.15	0	.698367	.2058912	.09574171	0
318.15	0	.6983463	.2059231	.09573058	0
317.15	0	.6983257	.2059547	.09571956	0
316.15	0	.6983054	.205986	.09570865	0
315.15	0	.6982852	.206017	.09569786	0
314.15	0	.6982651	.2060477	.09568719	0
313.15	0	.6982453	.2060781	.09567663	0
312.15	0	.6982256	.2061082	.09566618	0
311.15	0	.6982061	.2061381	.09565585	0
310.15	0	.6981868	.2061676	.09564562	0
309.15	0	.6981676	.2061969	.09563551	0
308.15	0	.6981486	.2062259	.0956255	0
307.15	0	.6981297	.2062547	.09561561	0
306.15	0	.698111	.2062832	.09560583	0
305.15	0	.6980925	.2063114	.09559616	0
304.15	0	.6980741	.2063393	.09558659	0
303.15	0	.6980559	.206367	.09557714	0
302.15	0	.6980378	.2063944	.09556779	0
301.15	0	.6980199	.2064216	.09555855	0
300.15	0	.6980021	.2064485	.09554941	0
299.15	0	.6979844	.2064752	.09554039	0
298.15	0	.6979669	.2065016	.09553146	0
