T	 BPW(LIQUID)	BPW(BCC_A2)	BPW(FCC_A1)	BPW(LAVES_PHASE_C14)	BPW(NI3TI)
1473.15	0	1	0	0	0
1472.15	0	1	0	0	0
1471.15	0	1	0	0	0
1470.15	0	1	0	0	0
1469.15	0	1	0	0	0
1468.15	0	1	0	0	0
1467.15	0	1	0	0	0
1466.15	0	1	0	0	0
1465.15	0	1	0	0	0
1464.15	0	1	0	0	0
1463.15	0	1	0	0	0
1462.15	0	1	0	0	0
1461.15	0	1	0	0	0
1460.15	0	1	0	0	0
1459.15	0	1	0	0	0
1458.15	0	1	0	0	0
1457.15	0	1	0	0	0
1456.15	0	1	0	0	0
1455.15	0	1	0	0	0
1454.15	0	1	0	0	0
1453.15	0	1	0	0	0
1452.15	0	1	0	0	0
1451.15	0	1	0	0	0
1450.15	0	1	0	0	0
1449.15	0	1	0	0	0
1448.15	0	1	0	0	0
1447.15	0	1	0	0	0
1446.15	0	1	0	0	0
1445.15	0	1	0	0	0
1444.15	0	1	0	0	0
1443.15	0	1	0	0	0
1442.15	0	1	0	0	0
1441.15	0	1	0	0	0
1440.15	0	1	0	0	0
1439.15	0	1	0	0	0
1438.15	0	1	0	0	0
1437.15	0	1	0	0	0
1436.15	0	1	0	0	0
1435.15	0	1	0	0	0
1434.15	0	1	0	0	0
1433.15	0	1	0	0	0
1432.15	0	1	0	0	0
1431.15	0	1	0	0	0
1430.15	0	1	0	0	0
1429.491	0	1	0	0	0
1429.491	0	1	0	0	0
1429.491	0	1	0	0	0
1429.15	0	.9992979	7.020852E-04	0	0
1428.15	0	.9972422	.002757818	0	0
1427.15	0	.9951904	.004809591	0	0
1426.15	0	.9931426	.006857406	0	0
1425.15	0	.9910987	.008901266	0	0
1424.15	0	.9890588	.01094118	0	0
1423.15	0	.9870229	.01297714	0	0
1422.15	0	.9849908	.01500915	0	0
1421.15	0	.9829628	.01703722	0	0
1420.15	0	.9809386	.01906136	0	0
1419.15	0	.9789184	.02108156	0	0
1418.15	0	.9769022	.02309782	0	0
1417.15	0	.9748898	.02511015	0	0
1416.15	0	.9728815	.02711855	0	0
1415.15	0	.970877	.02912303	0	0
1414.15	0	.9688764	.03112359	0	0
1413.15	0	.9668798	.03312022	0	0
1412.15	0	.9648871	.03511294	0	0
1411.15	0	.9628983	.03710174	0	0
1410.15	0	.9609134	.03908662	0	0
1409.15	0	.9589324	.0410676	0	0
1408.15	0	.9569553	.04304467	0	0
1407.15	0	.9549822	.04501783	0	0
1406.15	0	.9530129	.04698708	0	0
1405.15	0	.9510476	.04895244	0	0
1404.15	0	.9490861	.05091389	0	0
1403.15	0	.9471286	.05287145	0	0
1402.15	0	.9451749	.05482511	0	0
1401.15	0	.9432251	.05677488	0	0
1400.15	0	.9412793	.05872075	0	0
1399.15	0	.9393373	.06066274	0	0
1398.15	0	.9373992	.06260084	0	0
1397.15	0	.935465	.06453505	0	0
1396.15	0	.9335346	.06646537	0	0
1395.15	0	.9316082	.06839182	0	0
1394.15	0	.9296856	.07031438	0	0
1393.15	0	.9277669	.07223306	0	0
1392.15	0	.9258521	.07414786	0	0
1391.15	0	.9239412	.07605879	0	0
1390.15	0	.9220342	.07796584	0	0
1389.15	0	.920131	.07986902	0	0
1388.15	0	.9182317	.08176832	0	0
1387.15	0	.9163363	.08366375	0	0
1386.15	0	.9144447	.08555531	0	0
1385.15	0	.912557	.087443	0	0
1384.15	0	.9106732	.08932682	0	0
1383.15	0	.9087932	.09120678	0	0
1382.15	0	.9069171	.09308287	0	0
1381.15	0	.9050449	.09495509	0	0
1380.15	0	.9031766	.09682345	0	0
1379.15	0	.9013121	.09868794	0	0
1378.15	0	.8994514	.1005486	0	0
1377.15	0	.8975947	.1024053	0	0
1376.15	0	.8957418	.1042582	0	0
1375.15	0	.8938927	.1061073	0	0
1374.15	0	.8920475	.1079525	0	0
1373.15	0	.8902062	.1097938	0	0
1372.15	0	.8883688	.1116313	0	0
1371.15	0	.8865351	.1134649	0	0
1370.15	0	.8847054	.1152946	0	0
1369.15	0	.8828795	.1171205	0	0
1368.15	0	.8810575	.1189425	0	0
1367.15	0	.8792393	.1207607	0	0
1366.15	0	.877425	.122575	0	0
1365.15	0	.8756146	.1243854	0	0
1364.15	0	.873808	.126192	0	0
1363.15	0	.8720053	.1279947	0	0
1362.15	0	.8702064	.1297936	0	0
1361.15	0	.8684114	.1315886	0	0
1360.15	0	.8666203	.1333797	0	0
1359.15	0	.864833	.135167	0	0
1358.15	0	.8630496	.1369504	0	0
1357.15	0	.86127	.13873	0	0
1356.15	0	.8594943	.1405057	0	0
1355.15	0	.8577225	.1422775	0	0
1354.15	0	.8559546	.1440454	0	0
1353.15	0	.8541905	.1458095	0	0
1352.15	0	.8524302	.1475698	0	0
1351.15	0	.8506739	.1493261	0	0
1350.15	0	.8489214	.1510786	0	0
1349.15	0	.8471728	.1528272	0	0
1348.15	0	.845428	.154572	0	0
1347.15	0	.8436871	.1563129	0	0
1346.15	0	.8419501	.1580499	0	0
1345.15	0	.840217	.159783	0	0
1344.15	0	.8384877	.1615123	0	0
1343.15	0	.8367624	.1632376	0	0
1342.15	0	.8350409	.1649591	0	0
1341.15	0	.8333232	.1666768	0	0
1340.15	0	.8316095	.1683905	0	0
1339.15	0	.8298997	.1701003	0	0
1338.15	0	.8281937	.1718063	0	0
1337.15	0	.8264916	.1735084	0	0
1336.15	0	.8247935	.1752065	0	0
1335.15	0	.8230992	.1769008	0	0
1334.15	0	.8214088	.1785912	0	0
1333.15	0	.8197223	.1802777	0	0
1332.15	0	.8180397	.1819603	0	0
1331.15	0	.816361	.183639	0	0
1330.15	0	.8146862	.1853138	0	0
1329.15	0	.8130153	.1869847	0	0
1328.15	0	.8113484	.1886516	0	0
1327.15	0	.8096853	.1903147	0	0
1326.15	0	.8080262	.1919738	0	0
1325.15	0	.806371	.193629	0	0
1324.15	0	.8047197	.1952803	0	0
1323.15	0	.8030723	.1969277	0	0
1322.15	0	.8014288	.1985712	0	0
1321.15	0	.7997893	.2002107	0	0
1320.15	0	.7981537	.2018463	0	0
1319.15	0	.7965221	.2034779	0	0
1318.15	0	.7948944	.2051056	0	0
1317.15	0	.7932706	.2067294	0	0
1316.15	0	.7916508	.2083492	0	0
1315.15	0	.790035	.209965	0	0
1314.15	0	.7884231	.2115769	0	0
1313.15	0	.7868151	.2131849	0	0
1312.15	0	.7852112	.2147888	0	0
1311.15	0	.7836112	.2163889	0	0
1310.15	0	.7820151	.2179849	0	0
1309.15	0	.7804231	.2195769	0	0
1308.15	0	.778835	.221165	0	0
1307.15	0	.7772509	.2227491	0	0
1306.15	0	.7756708	.2243292	0	0
1305.15	0	.7740946	.2259054	0	0
1304.15	0	.7725225	.2274775	0	0
1303.15	0	.7709544	.2290456	0	0
1302.15	0	.7693903	.2306097	0	0
1301.15	0	.7678302	.2321698	0	0
1300.15	0	.7662742	.2337258	0	0
1299.15	0	.7647221	.2352779	0	0
1298.15	0	.7631741	.2368259	0	0
1297.15	0	.7616301	.2383699	0	0
1296.15	0	.7600902	.2399099	0	0
1295.15	0	.7585542	.2414458	0	0
1294.15	0	.7570224	.2429776	0	0
1293.15	0	.7554946	.2445054	0	0
1292.15	0	.7539709	.2460291	0	0
1291.15	0	.7524512	.2475488	0	0
1290.15	0	.7509356	.2490644	0	0
1289.15	0	.7494241	.2505759	0	0
1288.15	0	.7479167	.2520834	0	0
1287.15	0	.7464133	.2535867	0	0
1286.15	0	.7449141	.2550859	0	0
1285.15	0	.7434189	.2565811	0	0
1284.15	0	.7419279	.2580721	0	0
1283.15	0	.740441	.259559	0	0
1282.15	0	.7389582	.2610418	0	0
1281.15	0	.7374796	.2625205	0	0
1280.15	0	.736005	.263995	0	0
1279.15	0	.7345347	.2654653	0	0
1278.15	0	.7330685	.2669315	0	0
1277.15	0	.7316064	.2683936	0	0
1276.15	0	.7301485	.2698515	0	0
1275.15	0	.7286948	.2713052	0	0
1274.15	0	.7272452	.2727548	0	0
1273.15	0	.7257999	.2742001	0	0
1272.15	0	.7243587	.2756413	0	0
1271.15	0	.7229218	.2770782	0	0
1270.15	0	.7214891	.2785109	0	0
1269.15	0	.7200606	.2799395	0	0
1268.15	0	.7186363	.2813637	0	0
1267.15	0	.7172162	.2827838	0	0
1266.15	0	.7158004	.2841996	0	0
1265.15	0	.7143889	.2856111	0	0
1264.15	0	.7129816	.2870184	0	0
1263.15	0	.7115786	.2884214	0	0
1262.15	0	.7101799	.2898201	0	0
1261.15	0	.7087854	.2912146	0	0
1260.15	0	.7073953	.2926047	0	0
1259.15	0	.7060094	.2939906	0	0
1258.15	0	.7046279	.2953721	0	0
1257.15	0	.7032507	.2967493	0	0
1256.15	0	.7018779	.2981221	0	0
1255.15	0	.7005094	.2994907	0	0
1254.15	0	.6991452	.3008548	0	0
1253.15	0	.6977854	.3022146	0	0
1252.15	0	.69643	.30357	0	0
1251.15	0	.695079	.3049211	0	0
1250.15	0	.6937323	.3062677	0	0
1249.15	0	.6923901	.3076099	0	0
1248.15	0	.6910523	.3089477	0	0
1247.15	0	.6897189	.3102811	0	0
1246.15	0	.6883899	.3116101	0	0
1245.15	0	.6870654	.3129346	0	0
1244.15	0	.6857454	.3142546	0	0
1243.15	0	.6844298	.3155702	0	0
1242.15	0	.6831187	.3168813	0	0
1241.15	0	.6818121	.3181879	0	0
1240.15	0	.68051	.31949	0	0
1239.15	0	.6792124	.3207876	0	0
1238.15	0	.6779194	.3220806	0	0
1237.15	0	.6766309	.3233691	0	0
1236.15	0	.6753469	.3246531	0	0
1235.15	0	.6740675	.3259325	0	0
1234.15	0	.6727927	.3272073	0	0
1233.15	0	.6715224	.3284776	0	0
1232.15	0	.6702568	.3297432	0	0
1231.15	0	.6689958	.3310042	0	0
1230.15	0	.6677394	.3322606	0	0
1229.15	0	.6664876	.3335124	0	0
1228.15	0	.6652405	.3347595	0	0
1227.15	0	.663998	.336002	0	0
1226.15	0	.6627603	.3372397	0	0
1225.15	0	.6615272	.3384728	0	0
1224.15	0	.6602988	.3397012	0	0
1223.15	0	.6590751	.3409249	0	0
1222.15	0	.6578562	.3421438	0	0
1221.15	0	.656642	.343358	0	0
1220.15	0	.6554326	.3445674	0	0
1219.15	0	.6542279	.3457721	0	0
1218.15	0	.6530281	.3469719	0	0
1217.15	0	.651833	.348167	0	0
1216.15	0	.6506427	.3493573	0	0
1215.15	0	.6494573	.3505427	0	0
1214.15	0	.6482767	.3517233	0	0
1213.15	0	.647101	.352899	0	0
1212.15	0	.6459302	.3540698	0	0
1211.15	0	.6447643	.3552358	0	0
1210.15	0	.6436032	.3563968	0	0
1209.15	0	.6424471	.3575529	0	0
1208.15	0	.6412959	.3587041	0	0
1207.15	0	.6401497	.3598503	0	0
1206.15	0	.6390084	.3609916	0	0
1205.15	0	.6378722	.3621279	0	0
1204.15	0	.6367409	.3632591	0	0
1203.15	0	.6356146	.3643854	0	0
1202.15	0	.6344934	.3655066	0	0
1201.15	0	.6333772	.3666228	0	0
1200.15	0	.6322661	.3677339	0	0
1199.15	0	.6311601	.3688399	0	0
1198.15	0	.6300592	.3699408	0	0
1197.15	0	.6289634	.3710366	0	0
1196.15	0	.6278728	.3721273	0	0
1195.15	0	.6267873	.3732127	0	0
1194.15	0	.6257069	.3742931	0	0
1193.15	0	.6246318	.3753682	0	0
1192.15	0	.6235618	.3764382	0	0
1191.15	0	.6224971	.3775029	0	0
1190.15	0	.6214377	.3785623	0	0
1189.15	0	.6203835	.3796165	0	0
1188.15	0	.6193345	.3806655	0	0
1187.15	0	.6182909	.3817091	0	0
1186.15	0	.6172526	.3827474	0	0
1185.15	0	.6162196	.3837804	0	0
1184.15	0	.615192	.384808	0	0
1183.15	0	.6141698	.3858302	0	0
1182.15	0	.6131529	.3868471	0	0
1181.15	0	.6121415	.3878585	0	0
1180.15	0	.6111355	.3888645	0	0
1179.15	0	.610135	.389865	0	0
1178.15	0	.6091399	.3908601	0	0
1177.15	0	.6081504	.3918496	0	0
1176.15	0	.6071663	.3928337	0	0
1175.15	0	.6061878	.3938122	0	0
1174.15	0	.6052148	.3947852	0	0
1173.15	0	.6042474	.3957526	0	0
1172.15	0	.6032857	.3967144	0	0
1171.15	0	.6023295	.3976705	0	0
1170.15	0	.601379	.398621	0	0
1169.15	0	.6004341	.3995659	0	0
1168.15	0	.5994949	.4005051	0	0
1167.15	0	.5985614	.4014386	0	0
1166.15	0	.5976337	.4023663	0	0
1165.15	0	.5967117	.4032883	0	0
1164.15	0	.5957955	.4042046	0	0
1163.15	0	.594885	.405115	0	0
1162.15	0	.5939804	.4060196	0	0
1161.15	0	.5930816	.4069184	0	0
1160.15	0	.5921887	.4078113	0	0
1159.15	0	.5913016	.4086984	0	0
1158.15	0	.5904205	.4095795	0	0
1157.15	0	.5895453	.4104547	0	0
1156.15	0	.5886761	.4113239	0	0
1155.15	0	.5878128	.4121872	0	0
1154.15	0	.5869555	.4130445	0	0
1153.15	0	.5861042	.4138958	0	0
1152.15	0	.585259	.414741	0	0
1151.15	0	.5844199	.4155801	0	0
1150.15	0	.5835869	.4164131	0	0
1149.15	0	.5827599	.4172401	0	0
1148.15	0	.5819392	.4180608	0	0
1147.15	0	.5811246	.4188754	0	0
1146.15	0	.5803162	.4196838	0	0
1145.15	0	.579514	.420486	0	0
1144.15	0	.5787181	.4212819	0	0
1143.15	0	.5779284	.4220716	0	0
1142.15	0	.577145	.422855	0	0
1141.15	0	.576368	.423632	0	0
1140.15	0	.5755973	.4244027	0	0
1139.15	0	.5748329	.4251671	0	0
1138.15	0	.574075	.425925	0	0
1137.15	0	.5733235	.4266766	0	0
1136.15	0	.5725784	.4274216	0	0
1135.15	0	.5718398	.4281602	0	0
1134.15	0	.5711077	.4288923	0	0
1133.15	0	.5703821	.4296179	0	0
1132.15	0	.5696631	.4303369	0	0
1131.15	0	.5689507	.4310493	0	0
1130.15	0	.5682449	.4317551	0	0
1129.15	0	.5675457	.4324543	0	0
1128.15	0	.5668532	.4331468	0	0
1127.15	0	.5661674	.4338327	0	0
1126.15	0	.5654882	.4345118	0	0
1125.15	0	.5648159	.4351841	0	0
1124.15	0	.5641503	.4358497	0	0
1123.15	0	.5634915	.4365085	0	0
1122.15	0	.5628395	.4371605	0	0
1121.15	0	.5621944	.4378056	0	0
1120.15	0	.5615562	.4384438	0	0
1119.15	0	.5609249	.4390751	0	0
1118.15	0	.5603005	.4396995	0	0
1117.15	0	.5596831	.4403169	0	0
1116.15	0	.5590727	.4409273	0	0
1115.15	0	.5584693	.4415307	0	0
1114.15	0	.557873	.442127	0	0
1113.15	0	.5572837	.4427163	0	0
1112.15	0	.5567016	.4432984	0	0
1111.15	0	.5561266	.4438734	0	0
1110.15	0	.5555588	.4444412	0	0
1109.15	0	.5549981	.4450019	0	0
1108.15	0	.5544447	.4455553	0	0
1107.15	0	.5538986	.4461014	0	0
1106.15	0	.5533598	.4466403	0	0
1105.15	0	.5528282	.4471718	0	0
1104.15	0	.552304	.447696	0	0
1103.15	0	.5517872	.4482128	0	0
1102.15	0	.5512778	.4487222	0	0
1101.15	0	.5507758	.4492242	0	0
1100.15	0	.5502813	.4497187	0	0
1099.421	0	.5499256	.4500744	0	0
1099.421	0	.5499256	.4500744	0	0
1099.421	0	.5499256	.4500744	0	0
1099.15	0	.5496787	.4502294	9.187746E-05	0
1098.15	0	.5487741	.450796	4.298995E-04	0
1097.15	0	.5478782	.4513548	7.669429E-04	0
1096.15	0	.546991	.451906	.001103009	0
1095.15	0	.5461126	.4524493	.0014381	0
1094.15	0	.5452429	.4529849	.001772216	0
1093.15	0	.5443821	.4535126	.00210536	0
1092.15	0	.5435301	.4540324	.002437532	0
1091.15	0	.5426869	.4545443	.002768734	0
1090.15	0	.5418527	.4550483	.003098967	0
1089.15	0	.5410274	.4555443	.003428233	0
1088.15	0	.5402111	.4560324	.003756533	0
1087.15	0	.5394038	.4565124	.004083868	0
1086.15	0	.5386055	.4569843	.004410239	0
1085.15	0	.5378162	.4574481	.004735648	0
1084.15	0	.5370361	.4579038	.005060096	0
1083.15	0	.5362651	.4583513	.005383583	0
1082.15	0	.5355032	.4587907	.005706112	0
1081.15	0	.5347505	.4592218	.006027683	0
1080.15	0	.534007	.4596447	.006348297	0
1079.15	0	.5332728	.4600592	.006667955	0
1078.15	0	.5325479	.4604655	.006986658	0
1077.15	0	.5318323	.4608633	.007304408	0
1076.15	0	.531126	.4612528	.007621205	0
1075.15	0	.5304291	.4616339	.007937051	0
1074.15	0	.5297415	.4620065	.008251945	0
1073.15	0	.5290635	.4623706	.00856589	0
1072.15	0	.5283949	.4627262	.008878885	0
1071.15	0	.5277358	.4630733	.009190932	0
1070.15	0	.5270862	.4634118	.009502032	0
1069.15	0	.5264462	.4637416	.009812185	0
1068.15	0	.5258158	.4640628	.01012139	0
1067.15	0	.525195	.4643753	.01042965	0
1066.15	0	.5245839	.4646791	.01073697	0
1065.15	0	.5239825	.4649742	.01104334	0
1064.15	0	.5233908	.4652604	.01134878	0
1063.15	0	.5228088	.4655379	.01165326	0
1062.15	0	.5222366	.4658065	.01195681	0
1061.15	0	.5216743	.4660663	.01225941	0
1060.15	0	.5211218	.4663171	.01256107	0
1059.15	0	.5205792	.466559	.0128618	0
1058.15	0	.5200464	.466792	.01316158	0
1057.15	0	.5195237	.4670159	.01346042	0
1056.15	0	.5190108	.4672308	.01375832	0
1055.15	0	.518508	.4674367	.01405529	0
1054.15	0	.5180152	.4676335	.01435131	0
1053.15	0	.5175325	.4678211	.0146464	0
1052.15	0	.5170599	.4679996	.01494055	0
1051.15	0	.5165973	.4681689	.01523376	0
1050.15	0	.516145	.468329	.01552603	0
1049.15	0	.5157028	.4684799	.01581736	0
1048.15	0	.5152708	.4686214	.01610776	0
1047.15	0	.5148491	.4687537	.01639722	0
1046.15	0	.5144376	.4688767	.01668574	0
1045.15	0	.5140364	.4689903	.01697332	0
1044.15	0	.5136455	.4690945	.01725997	0
1043.15	0	.513265	.4691894	.01754568	0
1042.15	0	.5128948	.4692747	.01783045	0
1041.15	0	.5125351	.4693506	.01811428	0
1040.15	0	.5121858	.4694171	.01839717	0
1039.15	0	.5118469	.469474	.01867912	0
1038.15	0	.5115185	.4695214	.01896014	0
1037.15	0	.5112007	.4695591	.01924021	0
1036.15	0	.5108933	.4695874	.01951935	0
1035.15	0	.5105965	.4696059	.01979754	0
1034.15	0	.5103103	.4696149	.02007479	0
1033.15	0	.5100347	.4696141	.0203511	0
1032.15	0	.5097698	.4696037	.02062647	0
1031.15	0	.5095155	.4695836	.0209009	0
1030.15	0	.5092719	.4695537	.02117438	0
1029.15	0	.509039	.4695141	.02144692	0
1028.15	0	.5088168	.4694647	.02171851	0
1027.15	0	.5086053	.4694055	.02198916	0
1026.15	0	.5084046	.4693365	.02225886	0
1025.15	0	.5082147	.4692577	.02252762	0
1024.15	0	.5080356	.4691689	.02279542	0
1023.15	0	.5078674	.4690703	.02306227	0
1022.15	0	.50771	.4689619	.02332817	0
1021.15	0	.5075634	.4688435	.02359312	0
1020.15	0	.5074277	.4687151	.02385712	0
1019.15	0	.507303	.4685769	.02412016	0
1018.15	0	.5071891	.4684287	.02438225	0
1017.15	0	.5070862	.4682705	.02464337	0
1016.15	0	.5069942	.4681023	.02490354	0
1015.15	0	.5069132	.4679241	.02516275	0
1014.15	0	.5068432	.4677359	.02542099	0
1013.15	0	.5067841	.4675376	.02567827	0
1012.15	0	.5067361	.4673294	.02593459	0
1011.15	0	.506699	.4671111	.02618993	0
1010.15	0	.506673	.4668827	.02644431	0
1009.15	0	.506658	.4666443	.02669771	0
1008.15	0	.5066541	.4663957	.02695014	0
1007.15	0	.5066612	.4661372	.02720159	0
1006.15	0	.5066794	.4658685	.02745207	0
1005.15	0	.5067087	.4655897	.02770156	0
1004.15	0	.506749	.4653009	.02795007	0
1003.15	0	.5068005	.4650019	.0281976	0
1002.15	0	.506863	.4646929	.02844413	0
1001.15	0	.5069366	.4643738	.02868968	0
1000.15	0	.5070213	.4640445	.02893423	0
999.15	0	.507117	.4637052	.02917778	0
998.15	0	.5072239	.4633557	.02942034	0
997.15	0	.5073419	.4629962	.02966189	0
996.15	0	.507471	.4626266	.02990244	0
995.15	0	.5076112	.4622469	.03014197	0
994.15	0	.5077624	.4618571	.0303805	0
993.15	0	.5079248	.4614572	.03061801	0
992.15	0	.5080982	.4610473	.0308545	0
991.15	0	.5082827	.4606274	.03108996	0
990.15	0	.5084783	.4601974	.0313244	0
989.15	0	.5086849	.4597573	.03155781	0
988.15	0	.5089026	.4593073	.03179018	0
987.15	0	.5091313	.4588472	.03202151	0
986.15	0	.509371	.4583772	.0322518	0
985.15	0	.5096218	.4578972	.03248104	0
984.15	0	.5098835	.4574072	.03270923	0
983.15	0	.5101563	.4569074	.03293636	0
982.15	0	.51044	.4563976	.03316243	0
981.15	0	.5107347	.4558779	.03338742	0
980.15	0	.5110403	.4553484	.03361135	0
979.15	0	.5113568	.454809	.0338342	0
978.15	0	.5116842	.4542598	.03405597	0
977.15	0	.5120225	.4537009	.03427665	0
976.15	0	.5123716	.4531322	.03449623	0
975.15	0	.5127315	.4525538	.03471471	0
974.15	0	.5131022	.4519657	.03493209	0
973.15	0	.5134837	.451368	.03514835	0
972.15	0	.5138759	.4507606	.0353635	0
971.15	0	.5142788	.4501437	.03557751	0
970.15	0	.5146923	.4495173	.0357904	0
969.15	0	.5151165	.4488814	.03600214	0
968.15	0	.5155513	.448236	.03621274	0
967.15	0	.5159966	.4475812	.03642218	0
966.15	0	.5164524	.4469171	.03663045	0
965.15	0	.5169188	.4462437	.03683756	0
964.15	0	.5173955	.445561	.03704349	0
963.15	0	.5178826	.4448691	.03724823	0
962.15	0	.5183801	.4441681	.03745178	0
961.15	0	.5188879	.443458	.03765412	0
960.15	0	.5194059	.4427389	.03785524	0
959.15	0	.5199341	.4420108	.03805515	0
958.15	0	.5204724	.4412738	.03825382	0
957.15	0	.5210208	.440528	.03845124	0
956.15	0	.5215792	.4397734	.03864742	0
955.15	0	.5221476	.4390101	.03884233	0
954.15	0	.5227258	.4382382	.03903596	0
953.15	0	.523314	.4374577	.03922831	0
952.15	0	.5239119	.4366688	.03941936	0
951.15	0	.5245194	.4358714	.03960911	0
950.15	0	.5251367	.4350658	.03979753	0
949.15	0	.5257634	.434252	.03998461	0
948.15	0	.5263997	.43343	.04017035	0
947.15	0	.5270454	.4325999	.04035473	0
946.15	0	.5277003	.4317619	.04053774	0
945.15	0	.5283646	.4309161	.04071935	0
944.15	0	.529038	.4300625	.04089957	0
943.15	0	.5297204	.4292012	.04107836	0
942.15	0	.5304119	.4283324	.04125572	0
941.15	0	.5311122	.4274561	.04143164	0
940.15	0	.5318214	.4265725	.04160608	0
939.15	0	.5325392	.4256818	.04177905	0
938.15	0	.5332656	.4247839	.04195051	0
937.15	0	.5340006	.423879	.04212046	0
936.15	0	.5347439	.4229673	.04228886	0
935.15	0	.5354954	.4220489	.04245572	0
934.15	0	.5362552	.4211239	.04262099	0
933.15	0	.5370229	.4201924	.04278467	0
932.15	0	.5377986	.4192546	.04294673	0
931.15	0	.5385821	.4183107	.04310716	0
930.15	0	.5393733	.4173608	.04326592	0
929.15	0	.540172	.4164051	.04342299	0
928.15	0	.540978	.4154436	.04357836	0
927.15	0	.5417914	.4144766	.04373199	0
926.15	0	.5426118	.4135043	.04388387	0
925.15	0	.5434392	.4125268	.04403396	0
924.15	0	.5442735	.4115443	.04418223	0
923.15	0	.5451143	.410557	.04432866	0
922.15	0	.5459617	.4095651	.04447322	0
921.15	0	.5468153	.4085688	.04461588	0
920.15	0	.5476751	.4075683	.04475661	0
919.15	0	.5485409	.4065638	.04489537	0
918.15	0	.5494124	.4055555	.04503213	0
917.15	0	.5502895	.4045436	.04516685	0
916.15	0	.551172	.4035285	.04529951	0
915.15	0	.5520596	.4025103	.04543005	0
914.15	0	.5527638	.401678	.04555828	0
913.15	0	.5534161	.4009005	.04568341	0
912.15	0	.554107	.4000876	.04580543	0
911.15	0	.5548347	.3992409	.04592439	0
910.15	0	.5555977	.3983619	.04604036	0
909.15	0	.5563942	.3974524	.04615338	0
908.15	0	.5572227	.3965138	.04626351	0
907.15	0	.5580816	.3955476	.0463708	0
906.15	0	.5589694	.3945553	.04647529	0
905.15	0	.5598849	.3935381	.04657703	0
904.15	0	.5608265	.3924974	.04667606	0
903.15	0	.561793	.3914346	.04677242	0
902.15	0	.5627831	.3903508	.04686614	0
901.15	0	.5637955	.3892472	.04695727	0
900.15	0	.5648291	.3881251	.04704584	0
899.15	0	.5658827	.3869854	.04713189	0
898.15	0	.5669551	.3858294	.04721544	0
897.15	0	.5680454	.3846581	.04729653	0
896.15	0	.5691523	.3834725	.04737519	0
895.15	0	.570275	.3822736	.04745145	0
894.15	0	.5714124	.3810623	.04752534	0
893.15	0	.5725636	.3798396	.04759689	0
892.15	0	.5737276	.3786063	.04766613	0
891.15	0	.5749035	.3773634	.04773308	0
890.15	0	.5760905	.3761117	.04779778	0
889.15	0	.5772878	.374852	.04786024	0
888.15	0	.5784944	.3735851	.0479205	0
887.15	0	.5797097	.3723117	.04797858	0
886.15	0	.5809328	.3710327	.0480345	0
885.15	0	.582163	.3697487	.04808829	0
884.15	0	.5833996	.3684604	.04813999	0
883.15	0	.5846418	.3671686	.0481896	0
882.15	0	.5858891	.3658737	.04823716	0
881.15	0	.5871407	.3645766	.04828269	0
880.15	0	.588396	.3632778	.04832621	0
879.15	0	.5896544	.3619779	.04836776	0
878.15	0	.5909153	.3606774	.04840735	0
877.15	0	.592178	.359377	.04844501	0
876.15	0	.5934422	.3580771	.04848076	0
875.15	0	.5947072	.3567782	.04851463	0
874.15	0	.5959724	.3554809	.04854663	0
873.15	0	.5972375	.3541857	.04857681	0
872.15	0	.5985019	.352893	.04860517	0
871.15	0	.5997651	.3516032	.04863174	0
870.15	0	.6010267	.3503168	.04865655	0
869.15	0	.6022863	.3490341	.04867962	0
868.15	0	.6035434	.3477557	.04870098	0
867.15	0	.6047976	.3464818	.04872064	0
866.15	0	.6060486	.3452128	.04873864	0
865.15	0	.6072959	.3439491	.04875499	0
864.15	0	.6085393	.342691	.04876972	0
863.15	0	.6097783	.3414388	.04878286	0
862.15	0	.6110127	.3401929	.04879442	0
861.15	0	.6122422	.3389534	.04880444	0
860.15	0	.6134663	.3377208	.04881292	0
859.15	0	.6146849	.3364952	.04881991	0
858.15	0	.6158977	.3352769	.04882541	0
857.15	0	.6171044	.3340661	.04882946	0
856.15	0	.6183048	.3328631	.04883208	0
855.15	0	.6194986	.3316681	.04883329	0
854.15	0	.6206856	.3304812	.04883311	0
853.15	0	.6218657	.3293027	.04883157	0
852.15	0	.6230385	.3281328	.04882869	0
851.15	0	.624204	.3269715	.04882448	0
850.15	0	.6253619	.3258191	.04881898	0
849.15	0	.6265121	.3246757	.04881221	0
848.15	0	.6276544	.3235414	.04880418	0
847.15	0	.6287887	.3224164	.04879493	0
846.15	0	.6299149	.3213007	.04878446	0
845.15	0	.6310328	.3201944	.04877281	0
844.15	0	.6321423	.3190978	.04875999	0
843.15	0	.6332432	.3180107	.04874602	0
842.15	0	.6343356	.3169334	.04873093	0
841.15	0	.6354194	.3158659	.04871474	0
840.15	0	.6364943	.3148082	.04869746	0
839.15	0	.6375605	.3137604	.04867912	0
838.15	0	.6386177	.3127226	.04865973	0
837.15	0	.639666	.3116947	.04863932	0
836.15	0	.6407053	.3106768	.0486179	0
835.15	0	.6417355	.309669	.0485955	0
834.15	0	.6427567	.3086712	.04857213	0
833.15	0	.6437687	.3076835	.04854781	0
832.15	0	.6447716	.3067058	.04852256	0
831.15	0	.6457654	.3057382	.0484964	0
830.15	0	.64675	.3047807	.04846935	0
829.15	0	.6477254	.3038332	.04844142	0
828.15	0	.6486917	.3028957	.04841263	0
827.15	0	.6496487	.3019683	.04838299	0
826.15	0	.6505967	.3010508	.04835254	0
825.15	0	.6515354	.3001433	.04832127	0
824.15	0	.6524651	.2992457	.04828921	0
823.15	0	.6533856	.298358	.04825638	0
822.15	0	.654297	.2974802	.04822278	0
821.15	0	.6551994	.2966122	.04818844	0
820.15	0	.6560927	.2957539	.04815337	0
819.15	0	.656977	.2949054	.04811759	0
818.15	0	.6578524	.2940665	.04808111	0
817.15	0	.6587188	.2932372	.04804394	0
816.15	0	.6595764	.2924175	.04800611	0
815.15	0	.6604251	.2916073	.04796761	0
814.15	0	.661265	.2908065	.04792848	0
813.15	0	.6620962	.2900151	.04788872	0
812.15	0	.6629187	.289233	.04784835	0
811.15	0	.6637325	.2884601	.04780737	0
810.15	0	.6645378	.2876964	.04776581	0
809.15	0	.6653345	.2869418	.04772367	0
808.15	0	.6661228	.2861962	.04768097	0
807.15	0	.6669026	.2854596	.04763772	0
806.15	0	.6676741	.2847319	.04759394	0
805.15	0	.6684373	.284013	.04754963	0
804.15	0	.6691923	.2833029	.04750481	0
803.15	0	.6699391	.2826014	.04745948	0
802.15	0	.6706778	.2819085	.04741367	0
801.15	0	.6714085	.2812241	.04736738	0
800.15	0	.6721312	.2805482	.04732062	0
799.15	0	.672846	.2798807	.0472734	0
798.15	0	.6735529	.2792214	.04722574	0
797.15	0	.6742521	.2785703	.04717765	0
796.15	0	.6749435	.2779274	.04712913	0
795.15	0	.6756273	.2772925	.0470802	0
794.15	0	.6763036	.2766656	.04703087	0
793.15	0	.6769723	.2760466	.04698114	0
792.15	0	.6776336	.2754354	.04693103	0
791.15	0	.6782875	.274832	.04688055	0
790.15	0	.6789341	.2742362	.0468297	0
789.15	0	.6795735	.273648	.0467785	0
788.15	0	.6802057	.2730673	.04672695	0
787.15	0	.6808308	.2724941	.04667506	0
786.15	0	.681449	.2719282	.04662285	0
785.15	0	.6820601	.2713696	.04657032	0
784.15	0	.6826643	.2708182	.04651747	0
783.15	0	.6832617	.2702739	.04646433	0
782.15	0	.6838524	.2697367	.04641089	0
781.15	0	.6844364	.2692065	.04635716	0
780.15	0	.6850137	.2686831	.04630316	0
779.15	0	.6855845	.2681666	.04624889	0
778.15	0	.6861488	.2676569	.04619435	0
777.15	0	.6867066	.2671538	.04613956	0
776.15	0	.6872581	.2666573	.04608452	0
775.15	0	.6878033	.2661674	.04602925	0
774.15	0	.6883423	.2656839	.04597374	0
773.15	0	.6888751	.2652069	.045918	0
772.15	0	.6894018	.2647361	.04586204	0
771.15	0	.6899225	.2642716	.04580588	0
770.15	0	.6904372	.2638133	.0457495	0
769.15	0	.690946	.2633611	.04569293	0
768.15	0	.691449	.2629149	.04563616	0
767.15	0	.6919461	.2624747	.04557921	0
766.15	0	.6924376	.2620404	.04552207	0
765.15	0	.6929233	.2616119	.04546476	0
764.15	0	.6934035	.2611892	.04540728	0
763.15	0	.6938781	.2607722	.04534964	0
762.15	0	.6943473	.2603609	.04529184	0
761.15	0	.694811	.2599551	.04523389	0
760.15	0	.6952694	.2595548	.04517579	0
759.15	0	.6957224	.25916	.04511754	0
758.15	0	.6961703	.2587706	.04505916	0
757.15	0	.6966129	.2583864	.04500065	0
756.15	0	.6970504	.2580076	.04494201	0
755.15	0	.6974828	.2576339	.04488325	0
754.15	0	.6979103	.2572654	.04482437	0
753.15	0	.6983327	.2569019	.04476538	0
752.15	0	.6987503	.2565435	.04470628	0
751.15	0	.699163	.2561899	.04464707	0
750.15	0	.6995709	.2558413	.04458777	0
749.15	0	.6999741	.2554976	.04452837	0
748.15	0	.7003725	.2551586	.04446887	0
747.15	0	.7007664	.2548243	.04440929	0
746.15	0	.7011557	.2544947	.04434962	0
745.15	0	.7015404	.2541697	.04428987	0
744.15	0	.7019207	.2538493	.04423005	0
743.15	0	.7022965	.2535334	.04417015	0
742.15	0	.702668	.2532219	.04411018	0
741.15	0	.7030351	.2529148	.04405014	0
740.15	0	.703398	.252612	.04399004	0
739.15	0	.7037566	.2523135	.04392988	0
738.15	0	.7041111	.2520193	.04386966	0
737.15	0	.7044614	.2517292	.04380939	0
736.15	0	.7048077	.2514433	.04374907	0
735.15	0	.7051499	.2511614	.0436887	0
734.15	0	.7054881	.2508836	.04362828	0
733.15	0	.7058224	.2506098	.04356782	0
732.15	0	.7061528	.2503399	.04350732	0
731.15	0	.7064794	.2500739	.04344678	0
730.15	0	.7068021	.2498117	.04338621	0
729.15	0	.7071211	.2495533	.0433256	0
728.15	0	.7074364	.2492986	.04326497	0
727.15	0	.707748	.2490477	.0432043	0
726.15	0	.708056	.2488004	.04314361	0
725.15	0	.7083604	.2485567	.0430829	0
724.15	0	.7086613	.2483166	.04302216	0
723.15	0	.7089586	.24808	.04296141	0
722.15	0	.7092525	.2478469	.04290063	0
721.15	0	.709543	.2476172	.04283985	0
720.15	0	.7098301	.2473908	.04277905	0
719.15	0	.7101139	.2471679	.04271823	0
718.15	0	.7103944	.2469482	.04265741	0
717.15	0	.7106716	.2467319	.04259658	0
716.15	0	.7109456	.2465187	.04253575	0
715.15	0	.7112164	.2463087	.04247491	0
714.15	0	.7114841	.2461019	.04241406	0
713.15	0	.7117486	.2458982	.04235322	0
712.15	0	.7120101	.2456975	.04229237	0
711.15	0	.7122686	.2454999	.04223153	0
710.15	0	.7125241	.2453052	.04217069	0
709.15	0	.7127766	.2451136	.04210986	0
708.2989	0	.7129892	.2449527	.04205809	0
708.2989	0	.7129892	.2449527	.04205809	0
708.2989	0	.7129892	.2449527	.04205809	0
708.15	0	.713221	.2446019	.04193274	2.443075E-04
707.15	0	.7147622	.2422653	.04109574	.001876811
706.15	0	.7162765	.2399612	.04026699	.003495278
705.15	0	.7177646	.2376891	.03944638	.005099907
704.15	0	.719227	.2354484	.03863375	.006690895
703.15	0	.7206641	.2332384	.03782899	.008268437
702.15	0	.7220766	.2310587	.03703195	.009832724
701.15	0	.7234649	.2289086	.03624253	.01138394
700.15	0	.7248295	.2267876	.03546058	.01292228
699.15	0	.726171	.2246951	.03468599	.01444791
698.15	0	.7274896	.2226307	.03391865	.01596103
697.15	0	.7287861	.2205937	.03315843	.01746179
696.15	0	.7300607	.2185837	.03240521	.01895039
695.15	0	.731314	.2166001	.03165889	.02042698
694.15	0	.7325463	.2146426	.03091936	.02189174
693.15	0	.7337582	.2127105	.0301865	.02334484
692.15	0	.7349499	.2108035	.0294602	.02478643
691.15	0	.736122	.208921	.02874037	.02621667
690.15	0	.7372747	.2070626	.0280269	.02763573
689.15	0	.7384086	.205228	.02731969	.02904375
688.15	0	.739524	.2034165	.02661864	.0304409
687.15	0	.7406212	.2016279	.02592364	.03182732
686.15	0	.7417006	.1998617	.02523462	.03320316
685.15	0	.7427626	.1981174	.02455147	.03456856
684.15	0	.7438075	.1963948	.02387409	.03592368
683.15	0	.7448356	.1946933	.02320241	.03726864
682.15	0	.7458474	.1930127	.02253632	.0386036
681.15	0	.746843	.1913526	.02187575	.03992868
680.15	0	.7478229	.1897125	.02122061	.04124402
679.15	0	.7487873	.1880921	.02057081	.04254976
678.15	0	.7497366	.1864911	.01992627	.04384601
677.15	0	.7506711	.1849091	.01928691	.04513293
676.15	0	.7515909	.1833458	.01865265	.04641062
675.15	0	.7524965	.1818009	.01802342	.04767921
674.15	0	.7533881	.1802739	.01739913	.04893884
673.15	0	.754266	.1787647	.01677971	.05018961
672.15	0	.7551304	.1772729	.01616508	.05143164
671.15	0	.7559816	.1757981	.01555518	.05266506
670.15	0	.7568199	.1743402	.01494994	.05388998
669.15	0	.7576455	.1728987	.01434927	.05510651
668.15	0	.7584587	.1714734	.01375312	.05631476
667.15	0	.7592597	.1700641	.01316142	.05751485
666.15	0	.7600486	.1686704	.0125741	.05870688
665.15	0	.7608259	.1672921	.0119911	.05989095
664.15	0	.7615916	.1659288	.01141235	.06106718
663.15	0	.7623461	.1645805	.01083779	.06223567
662.15	0	.7630914	.1632448	.01026647	.06339736
661.15	0	.7638237	.1619256	.00970022	.06455055
660.15	0	.7645453	.1606204	.009137967	.06569631
659.15	0	.7652565	.1593291	.008579652	.06683474
658.15	0	.7659575	.1580514	.008025219	.06796592
657.15	0	.7666484	.156787	.007474615	.06908997
656.15	0	.7673295	.1555358	.006927783	.07020696
655.15	0	.7680009	.1542974	.006384672	.07131698
654.15	0	.7686629	.1530718	.005845229	.07242013
653.15	0	.7693155	.1518586	.005309401	.0735165
652.15	0	.769959	.1506577	.004777139	.07460616
651.15	0	.7705935	.1494689	.004248394	.07568921
650.15	0	.7712192	.1482919	.003723115	.07676574
649.15	0	.7718363	.1471266	.003201255	.07783581
648.15	0	.7724449	.1459728	.002682766	.07889952
647.15	0	.7730452	.1448302	.002167602	.07995695
646.15	0	.7736373	.1436988	.001655718	.08100817
645.15	0	.7742215	.1425782	.001147069	.08205327
644.15	0	.7747977	.1414684	6.416093E-04	.08309231
643.15	0	.7753662	.1403691	1.392969E-04	.08412538
642.8716	0	.7755232	.1400649	0	.08441195
642.8716	0	.7755232	.1400649	0	.08441195
642.15	0	.7755515	.1398628	0	.0845857
641.15	0	.7755894	.1395864	0	.08482425
640.15	0	.7756255	.1393143	0	.08506023
639.15	0	.7756599	.1390464	0	.08529369
638.15	0	.7756927	.1387827	0	.08552465
637.15	0	.7757238	.1385231	0	.08575314
636.15	0	.7757533	.1382675	0	.0859792
635.15	0	.7757812	.138016	0	.08620285
634.15	0	.7758075	.1377684	0	.08642413
633.15	0	.7758323	.1375247	0	.08664306
632.15	0	.7758556	.1372848	0	.08685968
631.15	0	.7758773	.1370487	0	.08707402
630.15	0	.7758976	.1368163	0	.08728611
629.15	0	.7759165	.1365876	0	.08749598
628.15	0	.7759339	.1363625	0	.08770365
627.15	0	.7759499	.136141	0	.08790915
626.15	0	.7759645	.135923	0	.08811252
625.15	0	.7759778	.1357085	0	.08831378
624.15	0	.7759897	.1354974	0	.08851297
623.15	0	.7760003	.1352896	0	.0887101
622.15	0	.7760096	.1350852	0	.08890521
621.15	0	.7760176	.1348841	0	.08909833
620.15	0	.7760243	.1346862	0	.08928947
619.15	0	.7760298	.1344915	0	.08947868
618.15	0	.7760341	.1343	0	.08966597
617.15	0	.7760371	.1341115	0	.08985138
616.15	0	.776039	.1339261	0	.09003492
615.15	0	.7760397	.1337436	0	.09021663
614.15	0	.7760393	.1335642	0	.09039654
613.15	0	.7760377	.1333877	0	.09057465
612.15	0	.776035	.133214	0	.09075101
611.15	0	.7760312	.1330432	0	.09092564
610.15	0	.7760263	.1328752	0	.09109856
609.15	0	.7760203	.1327099	0	.09126979
608.15	0	.7760133	.1325473	0	.09143937
607.15	0	.7760053	.1323874	0	.09160732
606.15	0	.7759962	.1322302	0	.09177365
605.15	0	.7759861	.1320755	0	.09193839
604.15	0	.7759751	.1319234	0	.09210157
603.15	0	.775963	.1317738	0	.09226321
602.15	0	.77595	.1316266	0	.09242333
601.15	0	.7759361	.131482	0	.09258196
600.15	0	.7759212	.1313397	0	.09273911
599.15	0	.7759054	.1311998	0	.09289481
598.15	0	.7758887	.1310622	0	.09304909
597.15	0	.7758712	.1309269	0	.09320195
596.15	0	.7758527	.1307939	0	.09335343
595.15	0	.7758334	.1306631	0	.09350355
594.15	0	.7758132	.1305345	0	.09365232
593.15	0	.7757922	.130408	0	.09379977
592.15	0	.7757704	.1302837	0	.09394591
591.15	0	.7757477	.1301615	0	.09409078
590.15	0	.7757243	.1300413	0	.09423438
589.15	0	.7757001	.1299232	0	.09437673
588.15	0	.7756751	.129807	0	.09451787
587.15	0	.7756493	.1296929	0	.0946578
586.15	0	.7756228	.1295806	0	.09479654
585.15	0	.7755956	.1294703	0	.09493412
584.15	0	.7755676	.1293618	0	.09507055
583.15	0	.775539	.1292552	0	.09520585
582.15	0	.7755096	.1291504	0	.09534004
581.15	0	.7754795	.1290474	0	.09547314
580.15	0	.7754488	.1289461	0	.09560516
579.15	0	.7754173	.1288465	0	.09573612
578.15	0	.7753853	.1287487	0	.09586604
577.15	0	.7753525	.1286525	0	.09599494
576.15	0	.7753192	.128558	0	.09612283
575.15	0	.7752852	.1284651	0	.09624972
574.15	0	.7752506	.1283738	0	.09637565
573.15	0	.7752153	.1282841	0	.09650061
572.15	0	.7751795	.1281958	0	.09662463
571.15	0	.7751431	.1281092	0	.09674773
570.15	0	.7751062	.1280239	0	.09686991
569.15	0	.7750686	.1279402	0	.0969912
568.15	0	.7750305	.1278579	0	.0971116
567.15	0	.7749918	.127777	0	.09723114
566.15	0	.7749527	.1276975	0	.09734983
565.15	0	.7749129	.1276194	0	.09746768
564.15	0	.7748727	.1275426	0	.09758471
563.15	0	.7748319	.1274672	0	.09770093
562.15	0	.7747907	.127393	0	.09781635
561.15	0	.7747489	.1273201	0	.097931
560.15	0	.7747067	.1272485	0	.09804487
559.15	0	.774664	.1271781	0	.09815799
558.15	0	.7746208	.1271089	0	.09827037
557.15	0	.7745771	.1270409	0	.09838202
556.15	0	.774533	.126974	0	.09849296
555.15	0	.7744885	.1269083	0	.09860319
554.15	0	.7744435	.1268437	0	.09871274
553.15	0	.7743981	.1267803	0	.0988216
552.15	0	.7743523	.1267179	0	.0989298
551.15	0	.7743061	.1266566	0	.09903734
550.15	0	.7742594	.1265963	0	.09914424
549.15	0	.7742124	.1265371	0	.09925052
548.15	0	.774165	.1264788	0	.09935617
547.15	0	.7741172	.1264216	0	.09946121
546.15	0	.774069	.1263653	0	.09956565
545.15	0	.7740205	.12631	0	.09966951
544.15	0	.7739716	.1262556	0	.09977279
543.15	0	.7739224	.1262021	0	.09987551
542.15	0	.7738728	.1261496	0	.09997767
541.15	0	.7738229	.1260979	0	.1000793
540.15	0	.7737726	.126047	0	.1001804
539.15	0	.773722	.125997	0	.1002809
538.15	0	.7736712	.1259479	0	.100381
537.15	0	.77362	.1258995	0	.1004805
536.15	0	.7735685	.125852	0	.1005796
535.15	0	.7735167	.1258052	0	.1006781
534.15	0	.7734646	.1257592	0	.1007762
533.15	0	.7734123	.1257139	0	.1008738
532.15	0	.7733596	.1256694	0	.100971
531.15	0	.7733067	.1256256	0	.1010677
530.15	0	.7732536	.1255825	0	.1011639
529.15	0	.7732002	.1255401	0	.1012598
528.15	0	.7731465	.1254983	0	.1013552
527.15	0	.7730926	.1254573	0	.1014501
526.15	0	.7730385	.1254168	0	.1015447
525.15	0	.7729841	.125377	0	.1016389
524.15	0	.7729295	.1253378	0	.1017327
523.15	0	.7728747	.1252992	0	.1018261
522.15	0	.7728197	.1252612	0	.1019191
521.15	0	.7727645	.1252238	0	.1020118
520.15	0	.772709	.1251869	0	.1021041
519.15	0	.7726534	.1251505	0	.102196
518.15	0	.7725976	.1251148	0	.1022876
517.15	0	.7725416	.1250795	0	.1023789
516.15	0	.7724855	.1250447	0	.1024698
515.15	0	.7724292	.1250105	0	.1025604
514.15	0	.7723727	.1249767	0	.1026507
513.15	0	.772316	.1249434	0	.1027406
512.15	0	.7722592	.1249105	0	.1028303
511.15	0	.7722022	.1248781	0	.1029197
510.15	0	.7721452	.1248461	0	.1030087
509.15	0	.7720879	.1248146	0	.1030975
508.15	0	.7720306	.1247835	0	.103186
507.15	0	.7719731	.1247527	0	.1032742
506.15	0	.7719155	.1247224	0	.1033622
505.15	0	.7718577	.1246924	0	.1034499
504.15	0	.7717999	.1246628	0	.1035373
503.15	0	.771742	.1246336	0	.1036245
502.15	0	.7716839	.1246047	0	.1037114
501.15	0	.7716258	.1245761	0	.1037981
500.15	0	.7715676	.1245479	0	.1038846
499.15	0	.7715093	.12452	0	.1039708
498.15	0	.7714509	.1244924	0	.1040568
497.15	0	.7713924	.124465	0	.1041426
496.15	0	.7713339	.124438	0	.1042281
495.15	0	.7712753	.1244112	0	.1043135
494.15	0	.7712166	.1243847	0	.1043986
493.15	0	.7711579	.1243585	0	.1044836
492.15	0	.7710991	.1243325	0	.1045684
491.15	0	.7710403	.1243068	0	.1046529
490.15	0	.7709815	.1242812	0	.1047373
489.15	0	.7709226	.1242559	0	.1048215
488.15	0	.7708637	.1242308	0	.1049055
487.15	0	.7708047	.1242059	0	.1049894
486.15	0	.7707457	.1241812	0	.1050731
485.15	0	.7706867	.1241567	0	.1051566
484.15	0	.7706278	.1241323	0	.1052399
483.15	0	.7705687	.1241081	0	.1053232
482.15	0	.7705097	.1240841	0	.1054062
481.15	0	.7704507	.1240602	0	.1054891
480.15	0	.7703917	.1240365	0	.1055719
479.15	0	.7703327	.1240128	0	.1056545
478.15	0	.7702737	.1239894	0	.105737
477.15	0	.7702147	.123966	0	.1058193
476.15	0	.7701558	.1239427	0	.1059015
475.15	0	.7700968	.1239196	0	.1059836
474.15	0	.7700379	.1238965	0	.1060656
473.15	0	.769979	.1238735	0	.1061474
472.15	0	.7699202	.1238506	0	.1062291
471.15	0	.7698614	.1238278	0	.1063108
470.15	0	.7698027	.123805	0	.1063923
469.15	0	.769744	.1237823	0	.1064737
468.15	0	.7696853	.1237597	0	.106555
467.15	0	.7696268	.1237371	0	.1066362
466.15	0	.7695682	.1237145	0	.1067173
465.15	0	.7695098	.1236919	0	.1067983
464.15	0	.7694514	.1236694	0	.1068792
463.15	0	.7693931	.1236469	0	.1069601
462.15	0	.7693348	.1236244	0	.1070408
461.15	0	.7692767	.1236019	0	.1071215
460.15	0	.7692186	.1235794	0	.107202
459.15	0	.7691606	.1235569	0	.1072825
458.15	0	.7691027	.1235344	0	.107363
457.15	0	.7690449	.1235118	0	.1074433
456.15	0	.7689872	.1234892	0	.1075236
455.15	0	.7689296	.1234666	0	.1076038
454.15	0	.7688721	.1234439	0	.107684
453.15	0	.7688147	.1234212	0	.1077641
452.15	0	.7687574	.1233985	0	.1078441
451.15	0	.7687002	.1233757	0	.1079241
450.15	0	.7686432	.1233528	0	.108004
449.15	0	.7685863	.1233298	0	.1080839
448.15	0	.7685296	.1233066	0	.1081637
447.15	0	.7684731	.1232834	0	.1082435
446.15	0	.7684167	.1232601	0	.1083233
445.15	0	.7683604	.1232366	0	.108403
444.15	0	.7683043	.123213	0	.1084827
443.15	0	.7682484	.1231892	0	.1085624
442.15	0	.7681927	.1231653	0	.108642
441.15	0	.7681372	.1231412	0	.1087216
440.15	0	.768082	.1231168	0	.1088012
439.15	0	.7680269	.1230924	0	.1088808
438.15	0	.767972	.1230676	0	.1089603
437.15	0	.7679174	.1230427	0	.1090399
436.15	0	.767863	.1230175	0	.1091195
435.15	0	.7678089	.1229921	0	.109199
434.15	0	.767755	.1229664	0	.1092786
433.15	0	.7677014	.1229405	0	.1093581
432.15	0	.7676481	.1229142	0	.1094377
431.15	0	.767595	.1228877	0	.1095173
430.15	0	.7675422	.1228609	0	.1095968
429.15	0	.7674897	.1228338	0	.1096764
428.15	0	.7674375	.1228064	0	.109756
427.15	0	.7673856	.1227787	0	.1098357
426.15	0	.767334	.1227507	0	.1099153
425.15	0	.7672827	.1227223	0	.109995
424.15	0	.7672317	.1226936	0	.1100747
423.15	0	.7671811	.1226646	0	.1101544
422.15	0	.7671307	.1226352	0	.1102341
421.15	0	.7670807	.1226054	0	.1103139
420.15	0	.767031	.1225753	0	.1103937
419.15	0	.7669817	.1225449	0	.1104735
418.15	0	.7669327	.122514	0	.1105533
417.15	0	.766884	.1224828	0	.1106332
416.15	0	.7668356	.1224513	0	.1107131
415.15	0	.7667877	.1224193	0	.110793
414.15	0	.76674	.122387	0	.110873
413.15	0	.7666928	.1223542	0	.110953
412.15	0	.7666458	.1223211	0	.1110331
411.15	0	.7665993	.1222876	0	.1111131
410.15	0	.766553	.1222537	0	.1111933
409.15	0	.7665072	.1222194	0	.1112734
408.15	0	.7664617	.1221847	0	.1113536
407.15	0	.7664166	.1221496	0	.1114338
406.15	0	.7663718	.1221141	0	.1115141
405.15	0	.7663275	.1220781	0	.1115944
404.15	0	.7662834	.1220418	0	.1116747
403.15	0	.7662398	.1220051	0	.1117551
402.15	0	.7661965	.1219679	0	.1118355
401.15	0	.7661536	.1219304	0	.111916
400.15	0	.7661111	.1218924	0	.1119965
399.15	0	.766069	.121854	0	.112077
398.15	0	.7660272	.1218152	0	.1121576
397.15	0	.7659858	.121776	0	.1122382
396.15	0	.7659448	.1217364	0	.1123189
395.15	0	.7659041	.1216964	0	.1123996
394.15	0	.7658638	.1216559	0	.1124803
393.15	0	.7658239	.121615	0	.112561
392.15	0	.7657844	.1215737	0	.1126419
391.15	0	.7657453	.1215321	0	.1127227
390.15	0	.7657065	.12149	0	.1128036
389.15	0	.7656681	.1214475	0	.1128845
388.15	0	.7656301	.1214045	0	.1129654
387.15	0	.7655924	.1213612	0	.1130464
386.15	0	.7655551	.1213175	0	.1131274
385.15	0	.7655182	.1212733	0	.1132085
384.15	0	.7654817	.1212288	0	.1132896
