T	 BPW(LIQUID)	BPW(BCC_A2)	BPW(FCC_A1)	BPW(LAVES_PHASE_C14)	BPW(NI3TI)
1473.15	.4528161	.4039863	0	.1431975	0
1472.15	.4459883	.4085519	0	.1454598	0
1471.15	.4392852	.4130305	0	.1476843	0
1470.15	.4327034	.4174245	0	.1498721	0
1469.15	.4262397	.421736	0	.1520243	0
1468.15	.4198911	.4259672	0	.1541417	0
1467.15	.4136546	.4301201	0	.1562253	0
1466.15	.4075272	.4341968	0	.1582761	0
1465.15	.4015062	.4381991	0	.1602948	0
1464.15	.3955888	.442129	0	.1622823	0
1463.15	.3897724	.4459882	0	.1642394	0
1462.15	.3840546	.4497784	0	.1661669	0
1461.15	.3784329	.4535015	0	.1680656	0
1460.15	.3729049	.457159	0	.1699361	0
1459.15	.3674682	.4607525	0	.1717793	0
1458.15	.3621208	.4642835	0	.1735957	0
1457.15	.3568603	.4677536	0	.1753861	0
1456.15	.3516849	.4711641	0	.1771511	0
1455.15	.3465923	.4745165	0	.1788912	0
1454.15	.3415807	.4778121	0	.1806072	0
1453.15	.3366482	.4810523	0	.1822995	0
1452.15	.3317929	.4842383	0	.1839688	0
1451.15	.327013	.4873713	0	.1856157	0
1450.15	.3223068	.4904526	0	.1872405	0
1449.15	.3176727	.4934834	0	.188844	0
1448.15	.3131089	.4964647	0	.1904264	0
1447.15	.308614	.4993976	0	.1919884	0
1446.15	.3041863	.5022833	0	.1935304	0
1445.15	.2998243	.5051227	0	.1950529	0
1444.15	.2955267	.507917	0	.1965563	0
1443.15	.291292	.5106669	0	.198041	0
1442.15	.2871189	.5133736	0	.1995075	0
1441.15	.2830059	.5160379	0	.2009562	0
1440.15	.2789518	.5186608	0	.2023874	0
1439.15	.2749554	.5212431	0	.2038016	0
1438.15	.2710154	.5237856	0	.205199	0
1437.15	.2671306	.5262892	0	.2065802	0
1436.15	.2632999	.5287547	0	.2079454	0
1435.15	.2595222	.5311829	0	.2092949	0
1434.15	.2557962	.5335746	0	.2106292	0
1433.15	.2521211	.5359304	0	.2119485	0
1432.15	.2484957	.5382512	0	.2132531	0
1431.15	.244919	.5405376	0	.2145434	0
1430.15	.24139	.5427904	0	.2158196	0
1429.15	.2379079	.5450101	0	.2170821	0
1428.15	.2344715	.5471974	0	.2183311	0
1427.15	.2310801	.549353	0	.2195669	0
1426.15	.2277327	.5514775	0	.2207898	0
1425.15	.2244285	.5535716	0	.222	0
1424.15	.2211666	.5556357	0	.2231977	0
1423.15	.2179462	.5576705	0	.2243833	0
1422.15	.2147665	.5596765	0	.225557	0
1421.15	.2116268	.5616543	0	.226719	0
1420.15	.2085261	.5636044	0	.2278695	0
1419.15	.2054639	.5655273	0	.2290088	0
1418.15	.2024394	.5674235	0	.2301371	0
1417.15	.1994518	.5692937	0	.2312545	0
1416.15	.1965006	.5711381	0	.2323613	0
1415.15	.1935849	.5729573	0	.2334578	0
1414.15	.1907042	.5747518	0	.234544	0
1413.15	.1878578	.576522	0	.2356203	0
1412.15	.185045	.5782683	0	.2366867	0
1411.15	.1822654	.5799912	0	.2377434	0
1410.15	.1795181	.5816911	0	.2387907	0
1409.15	.1768028	.5833684	0	.2398288	0
1408.15	.1741188	.5850236	0	.2408577	0
1407.15	.1714655	.5866569	0	.2418776	0
1406.15	.1688424	.5882688	0	.2428888	0
1405.15	.1662489	.5898597	0	.2438914	0
1404.15	.1636846	.5914299	0	.2448854	0
1403.15	.161149	.5929798	0	.2458712	0
1402.15	.1586415	.5945098	0	.2468487	0
1401.15	.1561616	.5960201	0	.2478183	0
1400.15	.1537089	.5975111	0	.2487799	0
1399.15	.1512829	.5989832	0	.2497339	0
1398.15	.1488832	.6004367	0	.2506801	0
1397.15	.1465092	.6018718	0	.251619	0
1396.15	.1441606	.603289	0	.2525504	0
1395.15	.141837	.6046884	0	.2534746	0
1394.15	.1395379	.6060704	0	.2543918	0
1393.15	.1372629	.6074353	0	.2553019	0
1392.15	.1350116	.6087833	0	.2562051	0
1391.15	.1327836	.6101147	0	.2571017	0
1390.15	.1305786	.6114299	0	.2579915	0
1389.15	.1283961	.612729	0	.2588749	0
1388.15	.1262358	.6140124	0	.2597518	0
1387.15	.1240973	.6152802	0	.2606224	0
1386.15	.1219804	.6165328	0	.2614868	0
1385.15	.1198845	.6177703	0	.2623451	0
1384.15	.1178095	.6189931	0	.2631974	0
1383.15	.1157549	.6202013	0	.2640438	0
1382.15	.1137205	.6213952	0	.2648843	0
1381.15	.1117059	.622575	0	.2657192	0
1380.15	.1097108	.6237409	0	.2665484	0
1379.15	.1077349	.6248931	0	.267372	0
1378.15	.1057779	.6260319	0	.2681902	0
1377.15	.1038395	.6271575	0	.269003	0
1376.15	.1019195	.62827	0	.2698105	0
1375.15	.1000175	.6293697	0	.2706128	0
1374.15	.09813323	.6304568	0	.27141	0
1373.15	.09626648	.6315314	0	.2722022	0
1372.15	.09441696	.6325937	0	.2729893	0
1371.15	.0925844	.633644	0	.2737716	0
1370.15	.09076856	.6346824	0	.2745491	0
1369.15	.08896918	.635709	0	.2753218	0
1368.15	.08718601	.6367242	0	.2760898	0
1367.15	.08541881	.6377279	0	.2768532	0
1366.15	.08366735	.6387205	0	.2776121	0
1365.15	.08193139	.639702	0	.2783666	0
1364.15	.08021071	.6406727	0	.2791166	0
1363.15	.07850507	.6416327	0	.2798623	0
1362.15	.07681426	.6425821	0	.2806037	0
1361.15	.07513807	.6435211	0	.2813409	0
1360.15	.07347628	.6444498	0	.2820739	0
1359.15	.07182869	.6453685	0	.2828028	0
1358.15	.07019508	.6462772	0	.2835277	0
1357.15	.06857526	.6471761	0	.2842487	0
1356.15	.06696904	.6480653	0	.2849657	0
1355.15	.06537621	.648945	0	.2856788	0
1354.15	.06379659	.6498153	0	.2863882	0
1353.15	.06222999	.6506763	0	.2870937	0
1352.15	.06067623	.6515282	0	.2877956	0
1351.15	.05913513	.652371	0	.2884938	0
1350.15	.05760651	.653205	0	.2891885	0
1349.15	.0560902	.6540303	0	.2898795	0
1348.15	.05458602	.6548469	0	.2905671	0
1347.15	.05309381	.655655	0	.2912512	0
1346.15	.05161341	.6564547	0	.2919319	0
1345.15	.05014465	.6572461	0	.2926092	0
1344.15	.04868736	.6580294	0	.2932833	0
1343.15	.04724141	.6588046	0	.293954	0
1342.15	.04580662	.6595718	0	.2946215	0
1341.15	.04438285	.6603313	0	.2952859	0
1340.15	.04296996	.661083	0	.2959471	0
1339.15	.04156779	.661827	0	.2966052	0
1338.15	.0401762	.6625636	0	.2972602	0
1337.15	.03879504	.6632927	0	.2979122	0
1336.15	.03742419	.6640146	0	.2985613	0
1335.15	.0360635	.6647292	0	.2992073	0
1334.15	.03471284	.6654366	0	.2998505	0
1333.15	.03337207	.6661371	0	.3004909	0
1332.15	.03204107	.6668306	0	.3011283	0
1331.15	.0307197	.6675173	0	.301763	0
1330.15	.02940784	.6681972	0	.302395	0
1329.15	.02810537	.6688704	0	.3030242	0
1328.598	.0273909	.669239	0	.3033701	0
1328.598	.0273909	.669239	0	.3033701	0
1328.598	.0273909	.669239	0	.3033701	0
1328.15	.02449533	.6678769	.003692208	.3039356	0
1327.15	.018049	.6648832	.01188098	.3051869	0
1326.15	.01161782	.6619498	.02000775	.3064247	0
1325.15	.005201305	.659076	.02807345	.3076492	0
1324.338	0	.6567853	.03458045	.3086343	0
1324.338	0	.6567853	.03458045	.3086343	0
1324.15	0	.6565251	.0347652	.3087097	0
1323.15	0	.6551416	.03574763	.3091107	0
1322.15	0	.6537619	.03672752	.3095106	0
1321.15	0	.6523859	.03770484	.3099092	0
1320.15	0	.6510137	.03867963	.3103067	0
1319.15	0	.6496452	.03965187	.310703	0
1318.15	0	.6482803	.04062158	.3110981	0
1317.15	0	.6469192	.04158875	.311492	0
1316.15	0	.6455618	.04255341	.3118848	0
1315.15	0	.644208	.04351554	.3122764	0
1314.15	0	.6428579	.04447516	.3126669	0
1313.15	0	.6415115	.04543227	.3130562	0
1312.15	0	.6401687	.04638687	.3134444	0
1311.15	0	.6388296	.04733897	.3138314	0
1310.15	0	.6374941	.04828858	.3142173	0
1309.15	0	.6361622	.0492357	.3146021	0
1308.15	0	.6348339	.05018034	.3149858	0
1307.15	0	.6335092	.05112249	.3153683	0
1306.15	0	.6321881	.05206217	.3157497	0
1305.15	0	.6308706	.05299938	.31613	0
1304.15	0	.6295567	.05393412	.3165092	0
1303.15	0	.6282463	.0548664	.3168873	0
1302.15	0	.6269395	.05579623	.3172643	0
1301.15	0	.6256362	.0567236	.3176402	0
1300.15	0	.6243365	.05764852	.318015	0
1299.15	0	.6230403	.058571	.3183887	0
1298.15	0	.6217476	.05949105	.3187614	0
1297.15	0	.6204584	.06040865	.319133	0
1296.15	0	.6191727	.06132383	.3195035	0
1295.15	0	.6178905	.06223658	.3198729	0
1294.15	0	.6166118	.06314691	.3202413	0
1293.15	0	.6153366	.06405482	.3206086	0
1292.15	0	.6140648	.06496032	.3209749	0
1291.15	0	.6127965	.06586341	.3213401	0
1290.15	0	.6115316	.0667641	.3217043	0
1289.15	0	.6102702	.06766238	.3220675	0
1288.15	0	.6090122	.06855826	.3224296	0
1287.15	0	.6077576	.06945175	.3227907	0
1286.15	0	.6065064	.07034286	.3231507	0
1285.15	0	.6052587	.07123157	.3235098	0
1284.15	0	.6040143	.07211791	.3238678	0
1283.15	0	.6027734	.07300186	.3242248	0
1282.15	0	.6015358	.07388344	.3245808	0
1281.15	0	.6003016	.07476265	.3249358	0
1280.15	0	.5990707	.0756395	.3252898	0
1279.15	0	.5978433	.07651398	.3256428	0
1278.15	0	.5966191	.0773861	.3259948	0
1277.15	0	.5953983	.07825586	.3263458	0
1276.15	0	.5941809	.07912327	.3266958	0
1275.15	0	.5929668	.07998833	.3270449	0
1274.15	0	.591756	.08085105	.327393	0
1273.15	0	.5905485	.08171142	.3277401	0
1272.15	0	.5893444	.08256945	.3280862	0
1271.15	0	.5881435	.08342514	.3284314	0
1270.15	0	.5869459	.0842785	.3287756	0
1269.15	0	.5857517	.08512954	.3291188	0
1268.15	0	.5845606	.08597824	.3294611	0
1267.15	0	.5833729	.08682462	.3298025	0
1266.15	0	.5821885	.08766868	.3301429	0
1265.15	0	.5810072	.08851042	.3304823	0
1264.15	0	.5798293	.08934985	.3308209	0
1263.15	0	.5786546	.09018696	.3311585	0
1262.15	0	.5774831	.09102177	.3314951	0
1261.15	0	.5763149	.09185427	.3318309	0
1260.15	0	.5751499	.09268446	.3321657	0
1259.15	0	.5739881	.09351235	.3324996	0
1258.15	0	.5728295	.09433795	.3328325	0
1257.15	0	.5716741	.09516125	.3331646	0
1256.15	0	.570522	.09598226	.3334958	0
1255.15	0	.569373	.09680098	.333826	0
1254.15	0	.5682272	.09761741	.3341554	0
1253.15	0	.5670846	.09843155	.3344838	0
1252.15	0	.5659452	.09924341	.3348114	0
1251.15	0	.5648089	.100053	.3351381	0
1250.15	0	.5636758	.1008603	.3354639	0
1249.15	0	.5625459	.1016653	.3357888	0
1248.15	0	.5614191	.1024681	.3361128	0
1247.15	0	.5602955	.1032686	.3364359	0
1246.15	0	.559175	.1040668	.3367582	0
1245.15	0	.5580577	.1048627	.3370796	0
1244.15	0	.5569435	.1056564	.3374002	0
1243.15	0	.5558324	.1064478	.3377198	0
1242.15	0	.5547244	.107237	.3380386	0
1241.15	0	.5536195	.1080239	.3383566	0
1240.15	0	.5525178	.1088085	.3386737	0
1239.15	0	.5514191	.1095909	.33899	0
1238.15	0	.5503236	.110371	.3393054	0
1237.15	0	.5492311	.1111489	.3396199	0
1236.15	0	.5481418	.1119246	.3399337	0
1235.15	0	.5470555	.112698	.3402466	0
1234.15	0	.5459723	.1134691	.3405586	0
1233.15	0	.5448922	.114238	.3408699	0
1232.15	0	.5438151	.1150046	.3411803	0
1231.15	0	.5427411	.1157691	.3414898	0
1230.15	0	.5416702	.1165312	.3417986	0
1229.15	0	.5406023	.1172912	.3421065	0
1228.15	0	.5395375	.1180489	.3424137	0
1227.15	0	.5384757	.1188043	.34272	0
1226.15	0	.5374169	.1195576	.3430255	0
1225.15	0	.5363612	.1203086	.3433302	0
1224.15	0	.5353086	.1210573	.3436341	0
1223.15	0	.5342589	.1218039	.3439372	0
1222.15	0	.5332123	.1225482	.3442395	0
1221.15	0	.5321687	.1232903	.344541	0
1220.15	0	.5311281	.1240301	.3448418	0
1219.15	0	.5300906	.1247678	.3451417	0
1218.15	0	.529056	.1255032	.3454408	0
1217.15	0	.5280244	.1262363	.3457392	0
1216.15	0	.5269959	.1269673	.3460368	0
1215.15	0	.5259703	.1276961	.3463336	0
1214.15	0	.5249478	.1284226	.3466297	0
1213.15	0	.5239282	.1291469	.3469249	0
1212.15	0	.5229116	.129869	.3472195	0
1211.15	0	.521898	.1305888	.3475132	0
1210.15	0	.5208874	.1313065	.3478062	0
1209.15	0	.5198797	.1320219	.3480984	0
1208.15	0	.518875	.1327351	.3483899	0
1207.15	0	.5178733	.1334461	.3486806	0
1206.15	0	.5168746	.1341549	.3489706	0
1205.15	0	.5158788	.1348615	.3492598	0
1204.15	0	.5148859	.1355658	.3495483	0
1203.15	0	.513896	.1362679	.349836	0
1202.15	0	.5129091	.1369679	.350123	0
1201.15	0	.5119252	.1376656	.3504093	0
1200.15	0	.5109441	.1383611	.3506948	0
1199.15	0	.509966	.1390544	.3509796	0
1198.15	0	.5089909	.1397455	.3512636	0
1197.15	0	.5080187	.1404343	.351547	0
1196.15	0	.5070494	.141121	.3518296	0
1195.15	0	.5060831	.1418054	.3521115	0
1194.15	0	.5051197	.1424876	.3523927	0
1193.15	0	.5041592	.1431677	.3526731	0
1192.15	0	.5032017	.1438455	.3529529	0
1191.15	0	.502247	.1445211	.3532319	0
1190.15	0	.5012953	.1451944	.3535103	0
1189.15	0	.5003465	.1458656	.3537879	0
1188.15	0	.4994006	.1465346	.3540648	0
1187.15	0	.4984577	.1472013	.354341	0
1186.15	0	.4975176	.1478658	.3546166	0
1185.15	0	.4965805	.1485281	.3548914	0
1184.15	0	.4956462	.1491882	.3551655	0
1183.15	0	.4947149	.1498461	.355439	0
1182.15	0	.4937865	.1505018	.3557117	0
1181.15	0	.492861	.1511553	.3559838	0
1180.15	0	.4919383	.1518065	.3562552	0
1179.15	0	.4910186	.1524555	.3565259	0
1178.15	0	.4901018	.1531023	.3567959	0
1177.15	0	.4891878	.1537469	.3570653	0
1176.15	0	.4882768	.1543893	.3573339	0
1175.15	0	.4873687	.1550294	.3576019	0
1174.15	0	.4864634	.1556673	.3578693	0
1173.15	0	.485561	.156303	.3581359	0
1172.15	0	.4846616	.1569365	.3584019	0
1171.15	0	.483765	.1575678	.3586673	0
1170.15	0	.4828713	.1581968	.358932	0
1169.15	0	.4819804	.1588236	.359196	0
1168.15	0	.4810925	.1594482	.3594593	0
1167.15	0	.4802074	.1600705	.359722	0
1166.15	0	.4793253	.1606906	.3599841	0
1165.15	0	.478446	.1613085	.3602455	0
1164.15	0	.4775696	.1619242	.3605063	0
1163.15	0	.476696	.1625376	.3607664	0
1162.15	0	.4758254	.1631488	.3610258	0
1161.15	0	.4749576	.1637577	.3612847	0
1160.15	0	.4740927	.1643644	.3615429	0
1159.15	0	.4732307	.1649689	.3618004	0
1158.15	0	.4723715	.1655712	.3620573	0
1157.15	0	.4715153	.1661711	.3623136	0
1156.15	0	.4706619	.1667689	.3625692	0
1155.15	0	.4698114	.1673644	.3628243	0
1154.15	0	.4689637	.1679577	.3630787	0
1153.15	0	.4681189	.1685487	.3633324	0
1152.15	0	.467277	.1691374	.3635856	0
1151.15	0	.466438	.1697239	.3638381	0
1150.15	0	.4656019	.1703081	.36409	0
1149.15	0	.4647686	.1708901	.3643413	0
1148.15	0	.4639382	.1714698	.364592	0
1147.15	0	.4631107	.1720473	.364842	0
1146.15	0	.462286	.1726225	.3650915	0
1145.15	0	.4614643	.1731954	.3653403	0
1144.15	0	.4606454	.1737661	.3655885	0
1143.15	0	.4598294	.1743345	.3658362	0
1142.15	0	.4590163	.1749006	.3660832	0
1141.15	0	.458206	.1754644	.3663296	0
1140.15	0	.4573986	.176026	.3665754	0
1139.15	0	.4565941	.1765852	.3668206	0
1138.15	0	.4557925	.1771422	.3670653	0
1137.15	0	.4549938	.1776969	.3673093	0
1136.15	0	.4541979	.1782494	.3675527	0
1135.15	0	.453405	.1787995	.3677956	0
1134.15	0	.4526149	.1793473	.3680378	0
1133.15	0	.4518277	.1798929	.3682795	0
1132.15	0	.4510434	.1804361	.3685205	0
1131.15	0	.450262	.180977	.368761	0
1130.15	0	.4494834	.1815156	.3690009	0
1129.15	0	.4487078	.182052	.3692403	0
1128.15	0	.447935	.182586	.369479	0
1127.15	0	.4471652	.1831177	.3697172	0
1126.15	0	.4463982	.183647	.3699547	0
1125.15	0	.4456342	.1841741	.3701918	0
1124.15	0	.444873	.1846988	.3704282	0
1123.15	0	.4441147	.1852212	.3706641	0
1122.15	0	.4433594	.1857413	.3708994	0
1121.15	0	.4426069	.186259	.3711341	0
1120.15	0	.4418574	.1867744	.3713683	0
1119.15	0	.4411107	.1872874	.3716019	0
1118.15	0	.440367	.1877981	.3718349	0
1117.15	0	.4396262	.1883065	.3720674	0
1116.15	0	.4388883	.1888125	.3722993	0
1115.15	0	.4381533	.1893161	.3725306	0
1114.15	0	.4374212	.1898174	.3727614	0
1113.15	0	.436692	.1903163	.3729916	0
1112.15	0	.4359658	.1908129	.3732213	0
1111.15	0	.4352425	.1913071	.3734504	0
1110.15	0	.4345222	.1917988	.373679	0
1109.15	0	.4338047	.1922883	.373907	0
1108.15	0	.4330902	.1927753	.3741345	0
1107.15	0	.4323787	.1932599	.3743614	0
1106.15	0	.43167	.1937422	.3745878	0
1105.15	0	.4309644	.194222	.3748136	0
1104.15	0	.4302616	.1946995	.3750389	0
1103.15	0	.4295619	.1951745	.3752636	0
1102.15	0	.428865	.1956472	.3754878	0
1101.15	0	.4281712	.1961174	.3757115	0
1100.15	0	.4274803	.1965852	.3759346	0
1099.15	0	.4267923	.1970506	.3761571	0
1098.15	0	.4261073	.1975135	.3763792	0
1097.15	0	.4254253	.197974	.3766007	0
1096.15	0	.4247463	.1984321	.3768216	0
1095.15	0	.4240703	.1988877	.3770421	0
1094.15	0	.4233972	.1993409	.377262	0
1093.15	0	.4227271	.1997916	.3774813	0
1092.15	0	.42206	.2002399	.3777001	0
1091.15	0	.4213959	.2006857	.3779185	0
1090.15	0	.4207348	.201129	.3781362	0
1089.15	0	.4200767	.2015699	.3783535	0
1088.15	0	.4194216	.2020082	.3785702	0
1087.15	0	.4187695	.2024441	.3787864	0
1086.15	0	.4181204	.2028775	.3790021	0
1085.15	0	.4174744	.2033084	.3792172	0
1084.15	0	.4168313	.2037368	.3794318	0
1083.15	0	.4161913	.2041627	.3796459	0
1082.15	0	.4155544	.2045861	.3798595	0
1081.15	0	.4149204	.205007	.3800726	0
1080.15	0	.4142895	.2054253	.3802851	0
1079.15	0	.4136617	.2058412	.3804971	0
1078.15	0	.4130369	.2062545	.3807087	0
1077.15	0	.4124152	.2066652	.3809196	0
1076.15	0	.4117965	.2070734	.3811301	0
1075.15	0	.4111809	.207479	.3813401	0
1074.15	0	.4105684	.2078821	.3815495	0
1073.15	0	.4099589	.2082826	.3817585	0
1072.15	0	.4093525	.2086806	.3819669	0
1071.15	0	.4087493	.209076	.3821748	0
1070.15	0	.4081491	.2094688	.3823822	0
1069.15	0	.407552	.209859	.3825891	0
1068.15	0	.406958	.2102466	.3827955	0
1067.15	0	.4063671	.2106316	.3830013	0
1066.15	0	.4057794	.211014	.3832067	0
1065.15	0	.4051947	.2113937	.3834115	0
1064.15	0	.4046132	.2117709	.3836159	0
1063.15	0	.4040349	.2121454	.3838197	0
1062.15	0	.4034596	.2125173	.3840231	0
1061.15	0	.4028875	.2128866	.3842259	0
1060.15	0	.4023186	.2132532	.3844282	0
1059.15	0	.4017528	.2136171	.38463	0
1058.15	0	.4011902	.2139784	.3848313	0
1057.15	0	.4006308	.2143371	.3850322	0
1056.15	0	.4000745	.214693	.3852325	0
1055.15	0	.3995215	.2150463	.3854323	0
1054.15	0	.3989716	.2153968	.3856316	0
1053.15	0	.3984249	.2157447	.3858304	0
1052.15	0	.3978814	.2160899	.3860287	0
1051.15	0	.3973412	.2164324	.3862265	0
1050.15	0	.3968041	.2167721	.3864238	0
1049.15	0	.3962703	.2171091	.3866206	0
1048.15	0	.3957397	.2174434	.3868168	0
1047.15	0	.3952124	.217775	.3870126	0
1046.15	0	.3946883	.2181038	.3872079	0
1045.15	0	.3941675	.2184298	.3874027	0
1044.15	0	.3936499	.2187531	.387597	0
1043.15	0	.3931356	.2190736	.3877908	0
1042.15	0	.3926245	.2193913	.3879841	0
1041.15	0	.3921168	.2197063	.3881769	0
1040.15	0	.3916123	.2200185	.3883692	0
1039.15	0	.3911112	.2203278	.388561	0
1038.15	0	.3906133	.2206344	.3887523	0
1037.15	0	.3901188	.2209381	.3889431	0
1036.15	0	.3896276	.221239	.3891334	0
1035.15	0	.3891397	.2215371	.3893232	0
1034.15	0	.3886552	.2218324	.3895125	0
1033.15	0	.388174	.2221248	.3897013	0
1032.15	0	.3876961	.2224143	.3898896	0
1031.15	0	.3872216	.222701	.3900774	0
1030.15	0	.3867505	.2229848	.3902647	0
1029.15	0	.3862828	.2232658	.3904515	0
1028.15	0	.3858185	.2235438	.3906378	0
1027.15	0	.3853575	.223819	.3908235	0
1026.15	0	.3849	.2240912	.3910088	0
1025.15	0	.3844458	.2243606	.3911936	0
1024.15	0	.3839951	.224627	.3913779	0
1023.15	0	.3835479	.2248905	.3915617	0
1022.15	0	.383104	.225151	.391745	0
1021.15	0	.3826636	.2254087	.3919277	0
1020.15	0	.3822267	.2256633	.39211	0
1019.15	0	.3817932	.225915	.3922918	0
1018.15	0	.3813632	.2261638	.392473	0
1017.15	0	.3809367	.2264096	.3926538	0
1016.15	0	.3805136	.2266523	.392834	0
1015.15	0	.3800941	.2268921	.3930137	0
1014.15	0	.3796781	.2271289	.393193	0
1013.15	0	.3792656	.2273627	.3933717	0
1012.15	0	.3788566	.2275935	.3935499	0
1011.15	0	.3784512	.2278213	.3937276	0
1010.15	0	.3780493	.228046	.3939048	0
1009.15	0	.3776509	.2282677	.3940814	0
1008.15	0	.3772561	.2284863	.3942576	0
1007.15	0	.3768649	.2287018	.3944332	0
1006.15	0	.3764773	.2289144	.3946084	0
1005.15	0	.3760932	.2291238	.394783	0
1004.15	0	.3757128	.2293302	.3949571	0
1003.15	0	.3753359	.2295334	.3951306	0
1002.15	0	.3749627	.2297336	.3953037	0
1001.15	0	.3745931	.2299307	.3954762	0
1000.15	0	.3742272	.2301247	.3956482	0
999.15	0	.3738648	.2303155	.3958197	0
998.15	0	.3735062	.2305032	.3959906	0
997.15	0	.3731512	.2306878	.396161	0
996.15	0	.3727998	.2308692	.3963309	0
995.15	0	.3724522	.2310475	.3965003	0
994.15	0	.3721082	.2312227	.3966691	0
993.15	0	.371768	.2313946	.3968374	0
992.15	0	.3714314	.2315634	.3970052	0
991.15	0	.3710986	.231729	.3971724	0
990.15	0	.3707695	.2318915	.3973391	0
989.15	0	.3704441	.2320507	.3975052	0
988.15	0	.3701224	.2322068	.3976708	0
987.15	0	.3698046	.2323596	.3978359	0
986.15	0	.3694904	.2325092	.3980004	0
985.15	0	.3691801	.2326556	.3981643	0
984.15	0	.3688735	.2327988	.3983277	0
983.15	0	.3685707	.2329387	.3984906	0
982.15	0	.3682717	.2330754	.3986529	0
981.15	0	.3679765	.2332089	.3988146	0
980.15	0	.3676851	.2333391	.3989758	0
979.15	0	.3673976	.233466	.3991364	0
978.15	0	.3671139	.2335897	.3992964	0
977.15	0	.366834	.2337101	.3994559	0
976.15	0	.3665579	.2338273	.3996148	0
975.15	0	.3662857	.2339411	.3997731	0
974.15	0	.3660174	.2340517	.3999309	0
973.15	0	.3657529	.234159	.4000881	0
972.15	0	.3654923	.234263	.4002447	0
971.15	0	.3652356	.2343637	.4004007	0
970.15	0	.3649828	.2344611	.4005561	0
969.15	0	.3647339	.2345552	.4007109	0
968.15	0	.3644889	.234646	.4008652	0
967.15	0	.3642477	.2347335	.4010188	0
966.15	0	.3640105	.2348176	.4011718	0
965.15	0	.3637773	.2348984	.4013243	0
964.15	0	.363548	.234976	.4014761	0
963.15	0	.3633226	.2350501	.4016273	0
962.15	0	.3631011	.235121	.4017779	0
961.15	0	.3628836	.2351885	.4019279	0
960.15	0	.36267	.2352527	.4020772	0
959.15	0	.3624604	.2353136	.402226	0
958.15	0	.3622548	.2353712	.4023741	0
957.15	0	.3620531	.2354254	.4025215	0
956.15	0	.3618554	.2354762	.4026684	0
955.15	0	.3616617	.2355238	.4028145	0
954.15	0	.3614719	.235568	.4029601	0
953.15	0	.3612862	.2356089	.4031049	0
952.15	0	.3611044	.2356464	.4032492	0
951.15	0	.3609266	.2356807	.4033927	0
950.15	0	.3607528	.2357115	.4035356	0
949.15	0	.360583	.2357391	.4036778	0
948.15	0	.3604172	.2357634	.4038194	0
947.15	0	.3602554	.2357843	.4039603	0
946.15	0	.3600976	.235802	.4041004	0
945.15	0	.3599438	.2358163	.4042399	0
944.15	0	.359794	.2358273	.4043787	0
943.15	0	.3596482	.2358351	.4045168	0
942.15	0	.3595064	.2358395	.4046542	0
941.15	0	.3593685	.2358407	.4047908	0
940.15	0	.3592347	.2358385	.4049268	0
939.15	0	.3591049	.2358332	.405062	0
938.15	0	.358979	.2358245	.4051964	0
937.15	0	.3588572	.2358126	.4053302	0
936.15	0	.3587393	.2357975	.4054632	0
935.15	0	.3586254	.2357792	.4055954	0
934.15	0	.3585155	.2357576	.4057269	0
933.15	0	.3584096	.2357328	.4058576	0
932.15	0	.3583076	.2357049	.4059875	0
931.15	0	.3582096	.2356738	.4061167	0
930.15	0	.3581155	.2356395	.4062451	0
929.15	0	.3580253	.235602	.4063726	0
928.15	0	.3579391	.2355615	.4064994	0
927.15	0	.3578569	.2355178	.4066254	0
926.15	0	.3577785	.235471	.4067505	0
925.15	0	.357704	.2354212	.4068748	0
924.15	0	.3576334	.2353683	.4069983	0
923.15	0	.3575667	.2353124	.4071209	0
922.15	0	.3575039	.2352534	.4072427	0
921.15	0	.3574449	.2351915	.4073636	0
920.15	0	.3573897	.2351266	.4074837	0
919.15	0	.3573384	.2350588	.4076028	0
918.15	0	.3572909	.2349881	.4077211	0
917.15	0	.3572471	.2349144	.4078385	0
916.15	0	.3572071	.234838	.4079549	0
915.15	0	.3571708	.2347587	.4080704	0
914.15	0	.3571383	.2346766	.408185	0
913.15	0	.3571095	.2345918	.4082987	0
912.15	0	.3570843	.2345042	.4084114	0
911.15	0	.3570628	.234414	.4085232	0
910.15	0	.357045	.2343211	.4086339	0
909.15	0	.3570307	.2342256	.4087437	0
908.15	0	.35702	.2341276	.4088525	0
907.15	0	.3570128	.234027	.4089602	0
906.15	0	.3570091	.2339239	.409067	0
905.15	0	.3570089	.2338184	.4091727	0
904.15	0	.3570122	.2337105	.4092773	0
903.15	0	.3570189	.2336003	.4093809	0
902.15	0	.3570289	.2334877	.4094834	0
901.15	0	.3570423	.233373	.4095848	0
900.15	0	.3570589	.233256	.4096851	0
899.15	0	.3570788	.233137	.4097842	0
898.15	0	.3571019	.2330158	.4098823	0
897.15	0	.3571282	.2328927	.4099791	0
896.15	0	.3571575	.2327676	.4100748	0
895.15	0	.35719	.2326407	.4101693	0
894.15	0	.3572254	.232512	.4102626	0
893.15	0	.3572639	.2323815	.4103547	0
892.15	0	.3573052	.2322493	.4104455	0
891.15	0	.3573493	.2321156	.4105351	0
890.15	0	.3573962	.2319804	.4106234	0
889.15	0	.3574459	.2318438	.4107103	0
888.15	0	.3574982	.2317058	.410796	0
887.15	0	.3575531	.2315666	.4108803	0
886.15	0	.3576105	.2314262	.4109632	0
885.15	0	.3576704	.2312848	.4110448	0
884.15	0	.3577326	.2311424	.4111249	0
883.15	0	.3577972	.2309992	.4112036	0
882.15	0	.3578639	.2308552	.4112809	0
881.15	0	.3579328	.2307106	.4113566	0
880.15	0	.3580037	.2305655	.4114309	0
879.15	0	.3580765	.23042	.4115035	0
878.15	0	.3581512	.2302742	.4115746	0
877.15	0	.3582276	.2301282	.4116441	0
876.15	0	.3583057	.2299823	.411712	0
875.15	0	.3583853	.2298365	.4117782	0
874.15	0	.3584663	.2296909	.4118427	0
873.15	0	.3585487	.2295458	.4119055	0
872.15	0	.3586322	.2294013	.4119665	0
871.15	0	.3587168	.2292576	.4120257	0
870.15	0	.3588022	.2291148	.412083	0
869.15	0	.3588885	.2289731	.4121384	0
868.15	0	.3589754	.2288327	.4121919	0
867.15	0	.3590628	.2286938	.4122434	0
866.15	0	.3591505	.2285567	.4122929	0
865.15	0	.3592383	.2284214	.4123403	0
864.15	0	.3593261	.2282884	.4123855	0
863.15	0	.3594137	.2281577	.4124286	0
862.15	0	.3595009	.2280297	.4124694	0
861.15	0	.3595875	.2279046	.4125079	0
860.15	0	.3596732	.2277828	.412544	0
859.15	0	.3597579	.2276644	.4125776	0
858.15	0	.3598413	.2275499	.4126087	0
857.15	0	.3599231	.2274396	.4126373	0
856.15	0	.3600031	.2273338	.4126631	0
855.15	0	.360081	.2272329	.4126861	0
854.15	0	.3601564	.2271373	.4127063	0
853.15	0	.3602291	.2270475	.4127234	0
852.15	0	.3602987	.2269638	.4127375	0
851.15	0	.3603647	.2268869	.4127484	0
850.15	0	.3604268	.2268173	.4127559	0
849.15	0	.3604846	.2267554	.4127599	0
848.15	0	.3605376	.2267021	.4127603	0
847.15	0	.3604218	.2268616	.4127166	0
846.15	0	.3602261	.2271251	.4126488	0
845.15	0	.3600657	.2273492	.4125851	0
844.15	0	.3599375	.2275373	.4125252	0
843.15	0	.3598386	.2276928	.4124686	0
842.15	0	.3597667	.2278184	.4124149	0
841.15	0	.3597196	.2279167	.4123638	0
840.15	0	.3596952	.2279899	.412315	0
839.15	0	.3596917	.22804	.4122683	0
838.15	0	.3597076	.2280689	.4122235	0
837.15	0	.3597413	.2280782	.4121805	0
836.15	0	.3597915	.2280695	.4121389	0
835.15	0	.359857	.2280442	.4120988	0
834.15	0	.3599365	.2280035	.41206	0
833.15	0	.3600292	.2279486	.4120223	0
832.15	0	.3601338	.2278805	.4119856	0
831.15	0	.3602497	.2278004	.4119499	0
830.15	0	.3603759	.227709	.4119151	0
829.15	0	.3605116	.2276073	.4118811	0
828.15	0	.3606561	.2274961	.4118478	0
827.15	0	.3608088	.227376	.4118152	0
826.15	0	.3609689	.2272479	.4117832	0
825.15	0	.361136	.2271123	.4117517	0
824.15	0	.3613095	.2269697	.4117208	0
823.15	0	.3614888	.2268209	.4116903	0
822.15	0	.3616734	.2266663	.4116603	0
821.15	0	.361863	.2265064	.4116306	0
820.15	0	.362057	.2263416	.4116013	0
819.15	0	.3622552	.2261725	.4115724	0
818.15	0	.362457	.2259993	.4115437	0
817.15	0	.3626622	.2258225	.4115154	0
816.15	0	.3628704	.2256424	.4114872	0
815.15	0	.3630813	.2254594	.4114594	0
814.15	0	.3632946	.2252737	.4114317	0
813.15	0	.36351	.2250858	.4114042	0
812.15	0	.3637274	.2248957	.4113769	0
811.15	0	.3639463	.2247039	.4113498	0
810.15	0	.3641667	.2245105	.4113228	0
809.15	0	.3643883	.2243158	.411296	0
808.15	0	.3646108	.22412	.4112693	0
807.15	0	.3648341	.2239232	.4112427	0
806.15	0	.3650581	.2237258	.4112162	0
805.15	0	.3652825	.2235278	.4111898	0
804.15	0	.3655072	.2233294	.4111634	0
803.15	0	.3657321	.2231308	.4111372	0
802.15	0	.3659569	.2229321	.411111	0
801.15	0	.3661816	.2227335	.4110849	0
800.15	0	.3664061	.2225351	.4110588	0
799.15	0	.3666302	.222337	.4110328	0
798.15	0	.3668538	.2221394	.4110068	0
797.15	0	.3670769	.2219423	.4109809	0
796.15	0	.3672992	.2217458	.410955	0
795.15	0	.3675208	.22155	.4109291	0
794.15	0	.3677416	.2213551	.4109033	0
793.15	0	.3679615	.2211611	.4108774	0
792.15	0	.3681803	.220968	.4108516	0
791.15	0	.3683981	.220776	.4108258	0
790.15	0	.3686148	.2205851	.4108001	0
789.15	0	.3688304	.2203954	.4107743	0
788.15	0	.3690446	.2202069	.4107485	0
787.15	0	.3692576	.2200197	.4107227	0
786.15	0	.3694693	.2198338	.410697	0
785.15	0	.3696796	.2196493	.4106712	0
784.15	0	.3698884	.2194662	.4106454	0
783.15	0	.3700959	.2192845	.4106196	0
782.15	0	.3703018	.2191044	.4105938	0
781.15	0	.3705063	.2189257	.410568	0
780.15	0	.3707091	.2187486	.4105422	0
779.15	0	.3709105	.2185731	.4105164	0
778.15	0	.3711102	.2183992	.4104905	0
777.15	0	.3713084	.218227	.4104647	0
776.15	0	.3715048	.2180563	.4104388	0
775.15	0	.3716997	.2178874	.4104129	0
774.15	0	.3718929	.2177201	.410387	0
773.15	0	.3720844	.2175545	.4103611	0
772.15	0	.3722743	.2173906	.4103351	0
771.15	0	.3724624	.2172284	.4103092	0
770.15	0	.3726489	.2170679	.4102832	0
769.15	0	.3728336	.2169092	.4102572	0
768.15	0	.3730167	.2167522	.4102312	0
767.15	0	.373198	.2165969	.4102051	0
766.15	0	.3733776	.2164434	.410179	0
765.15	0	.3735554	.2162916	.4101529	0
764.15	0	.3737316	.2161416	.4101268	0
763.15	0	.373906	.2159934	.4101006	0
762.15	0	.3740787	.2158468	.4100745	0
761.15	0	.3742497	.215702	.4100483	0
760.15	0	.374419	.215559	.410022	0
759.15	0	.3745865	.2154177	.4099958	0
758.15	0	.3747524	.2152781	.4099695	0
757.15	0	.3749165	.2151403	.4099432	0
756.15	0	.375079	.2150042	.4099168	0
755.15	0	.3752398	.2148698	.4098905	0
754.15	0	.3753988	.2147371	.4098641	0
753.15	0	.3755562	.2146061	.4098376	0
752.15	0	.375712	.2144769	.4098112	0
751.15	0	.375866	.2143493	.4097847	0
750.15	0	.3760185	.2142234	.4097582	0
749.15	0	.3761692	.2140991	.4097317	0
748.15	0	.3763184	.2139765	.4097051	0
747.15	0	.3764659	.2138556	.4096785	0
746.15	0	.3766118	.2137363	.4096519	0
745.15	0	.3767561	.2136187	.4096252	0
744.15	0	.3768988	.2135027	.4095985	0
743.15	0	.3770399	.2133882	.4095718	0
742.15	0	.3771795	.2132754	.4095451	0
741.15	0	.3773175	.2131642	.4095183	0
740.15	0	.3774539	.2130545	.4094915	0
739.15	0	.3775888	.2129465	.4094647	0
738.15	0	.3777222	.2128399	.4094379	0
737.15	0	.3778541	.2127349	.409411	0
736.15	0	.3779845	.2126315	.4093841	0
735.15	0	.3781133	.2125295	.4093571	0
734.15	0	.3782407	.2124291	.4093302	0
733.15	0	.3783667	.2123302	.4093032	0
732.15	0	.3784911	.2122327	.4092762	0
731.15	0	.3786142	.2121367	.4092491	0
730.15	0	.3787358	.2120422	.409222	0
729.15	0	.378856	.2119491	.4091949	0
728.15	0	.3789748	.2118574	.4091678	0
727.15	0	.3790943	.2117657	.4091401	0
726.15	0	.3792101	.2116769	.4091129	0
725.15	0	.3793246	.2115896	.4090858	0
724.15	0	.3794378	.2115037	.4090586	0
723.15	0	.3795496	.2114191	.4090313	0
722.15	0	.3796601	.2113358	.4090041	0
721.15	0	.3797693	.2112539	.4089768	0
720.15	0	.3798772	.2111734	.4089495	0
719.15	0	.3799838	.2110941	.4089221	0
718.15	0	.3800891	.2110161	.4088947	0
717.15	0	.3801932	.2109395	.4088673	0
716.15	0	.380296	.2108641	.4088399	0
715.15	0	.3803976	.2107899	.4088125	0
714.15	0	.380498	.2107171	.408785	0
713.15	0	.3805971	.2106454	.4087575	0
712.15	0	.3806951	.210575	.4087299	0
711.15	0	.3807918	.2105058	.4087024	0
710.15	0	.3808874	.2104378	.4086748	0
709.15	0	.3809818	.2103711	.4086472	0
708.15	0	.381075	.2103055	.4086195	0
707.15	0	.3811671	.210241	.4085919	0
706.15	0	.381258	.2101777	.4085642	0
705.15	0	.3813479	.2101156	.4085365	0
704.15	0	.3814366	.2100546	.4085088	0
703.15	0	.3815242	.2099948	.408481	0
702.15	0	.3816107	.209936	.4084533	0
701.15	0	.3816961	.2098784	.4084255	0
700.15	0	.3817805	.2098219	.4083977	0
699.15	0	.3818638	.2097664	.4083698	0
698.15	0	.3819461	.209712	.4083419	0
697.15	0	.3820273	.2096587	.4083141	0
696.15	0	.3821075	.2096064	.4082862	0
695.15	0	.3821866	.2095551	.4082582	0
694.15	0	.3822648	.2095049	.4082303	0
693.15	0	.382342	.2094557	.4082023	0
692.15	0	.3824181	.2094075	.4081743	0
691.15	0	.3824933	.2093603	.4081463	0
690.15	0	.3825676	.2093141	.4081183	0
689.15	0	.3826408	.2092689	.4080903	0
688.15	0	.3827131	.2092247	.4080622	0
687.15	0	.3827845	.2091813	.4080342	0
686.15	0	.382855	.209139	.4080061	0
685.15	0	.3829245	.2090976	.4079779	0
684.15	0	.3829931	.2090571	.4079498	0
683.15	0	.3830608	.2090175	.4079217	0
682.15	0	.3831276	.2089789	.4078935	0
681.15	0	.3831936	.2089411	.4078653	0
680.15	0	.3832586	.2089042	.4078371	0
679.15	0	.3833228	.2088682	.4078089	0
678.15	0	.3833862	.2088331	.4077807	0
677.15	0	.3834487	.2087988	.4077525	0
676.15	0	.3835103	.2087654	.4077242	0
675.15	0	.3835712	.2087329	.407696	0
674.15	0	.3836311	.2087012	.4076677	0
673.15	0	.3836903	.2086703	.4076394	0
672.15	0	.3837487	.2086402	.4076111	0
671.15	0	.3838063	.2086109	.4075828	0
670.15	0	.3838631	.2085825	.4075545	0
669.15	0	.3839191	.2085548	.4075261	0
668.15	0	.3839743	.2085279	.4074978	0
667.15	0	.3840288	.2085018	.4074694	0
666.15	0	.3840825	.2084764	.407441	0
665.15	0	.3841355	.2084519	.4074127	0
664.15	0	.3841877	.208428	.4073843	0
663.15	0	.3842392	.2084049	.4073559	0
662.15	0	.38429	.2083826	.4073275	0
661.15	0	.38434	.208361	.4072991	0
660.15	0	.3843893	.2083401	.4072706	0
659.15	0	.3844379	.2083199	.4072422	0
658.15	0	.3844859	.2083004	.4072138	0
657.15	0	.3845331	.2082816	.4071853	0
656.15	0	.3845797	.2082635	.4071568	0
655.15	0	.3846255	.2082461	.4071284	0
654.15	0	.3846707	.2082294	.4070999	0
653.15	0	.3847153	.2082133	.4070714	0
652.15	0	.3847592	.2081979	.407043	0
651.15	0	.3848024	.2081831	.4070145	0
650.15	0	.384845	.208169	.406986	0
649.15	0	.3848869	.2081556	.4069575	0
648.15	0	.3849283	.2081427	.406929	0
647.15	0	.384969	.2081305	.4069005	0
646.15	0	.3850091	.2081189	.406872	0
645.15	0	.3850485	.208108	.4068435	0
644.15	0	.3850874	.2080976	.406815	0
643.15	0	.3851257	.2080878	.4067865	0
642.15	0	.3851634	.2080787	.406758	0
641.15	0	.3852005	.2080701	.4067294	0
640.15	0	.385237	.2080621	.4067009	0
639.15	0	.3852729	.2080547	.4066724	0
638.15	0	.3853083	.2080478	.4066439	0
637.15	0	.3853431	.2080415	.4066154	0
636.15	0	.3853774	.2080358	.4065869	0
635.15	0	.3854111	.2080306	.4065584	0
634.15	0	.3854442	.208026	.4065298	0
633.15	0	.3854768	.2080219	.4065013	0
632.15	0	.3855089	.2080183	.4064728	0
631.15	0	.3855405	.2080152	.4064443	0
630.15	0	.3855715	.2080127	.4064158	0
629.15	0	.385602	.2080107	.4063873	0
628.15	0	.385632	.2080092	.4063588	0
627.15	0	.3856615	.2080082	.4063303	0
626.15	0	.3856905	.2080077	.4063018	0
625.15	0	.385719	.2080077	.4062734	0
624.15	0	.3857469	.2080082	.4062449	0
623.15	0	.3857744	.2080092	.4062164	0
622.15	0	.3858015	.2080106	.4061879	0
621.15	0	.385828	.2080125	.4061595	0
620.15	0	.3858541	.2080149	.406131	0
619.15	0	.3858797	.2080177	.4061026	0
618.15	0	.3859048	.208021	.4060742	0
617.15	0	.3859295	.2080248	.4060457	0
616.15	0	.3859537	.208029	.4060173	0
615.15	0	.3859775	.2080336	.4059889	0
614.15	0	.3860009	.2080387	.4059605	0
613.15	0	.3860237	.2080442	.4059321	0
612.15	0	.3860462	.2080501	.4059037	0
611.15	0	.3860682	.2080565	.4058753	0
610.15	0	.3860898	.2080632	.405847	0
609.15	0	.386111	.2080704	.4058186	0
608.15	0	.3861317	.208078	.4057903	0
607.15	0	.3861521	.208086	.405762	0
606.15	0	.386172	.2080944	.4057337	0
605.15	0	.3861915	.2081031	.4057053	0
604.15	0	.3862106	.2081123	.4056771	0
603.15	0	.3862294	.2081218	.4056488	0
602.15	0	.3862477	.2081318	.4056205	0
601.15	0	.3862656	.2081421	.4055923	0
600.15	0	.3862832	.2081528	.4055641	0
599.15	0	.3863004	.2081638	.4055358	0
598.15	0	.3863171	.2081752	.4055076	0
597.15	0	.3863336	.208187	.4054795	0
596.15	0	.3863496	.2081991	.4054513	0
595.15	0	.3863653	.2082116	.4054231	0
594.15	0	.3863806	.2082244	.405395	0
593.15	0	.3863955	.2082376	.4053669	0
592.15	0	.3864101	.2082511	.4053388	0
591.15	0	.3864244	.2082649	.4053107	0
590.15	0	.3864383	.2082791	.4052827	0
589.15	0	.3864518	.2082936	.4052546	0
588.15	0	.386465	.2083084	.4052266	0
587.15	0	.3864779	.2083235	.4051986	0
586.15	0	.3864904	.208339	.4051706	0
585.15	0	.3865026	.2083547	.4051426	0
584.15	0	.3865145	.2083708	.4051147	0
583.15	0	.386526	.2083872	.4050868	0
582.15	0	.3865373	.2084038	.4050589	0
581.15	0	.3865482	.2084208	.405031	0
580.15	0	.3865588	.208438	.4050032	0
579.15	0	.386569	.2084556	.4049754	0
578.15	0	.386579	.2084734	.4049476	0
577.15	0	.3865887	.2084915	.4049198	0
576.15	0	.386598	.2085099	.404892	0
575.15	0	.3866071	.2085286	.4048643	0
574.15	0	.3866159	.2085475	.4048366	0
573.15	0	.3866243	.2085667	.4048089	0
572.15	0	.3866325	.2085862	.4047813	0
571.15	0	.3866404	.2086059	.4047537	0
570.15	0	.386648	.2086259	.4047261	0
569.15	0	.3866553	.2086462	.4046985	0
568.15	0	.3866624	.2086667	.404671	0
567.15	0	.3866691	.2086874	.4046435	0
566.15	0	.3866756	.2087084	.404616	0
565.15	0	.3866818	.2087296	.4045885	0
564.15	0	.3866878	.2087511	.4045611	0
563.15	0	.3866935	.2087728	.4045337	0
562.15	0	.3866989	.2087947	.4045064	0
561.15	0	.3867041	.2088169	.404479	0
560.15	0	.386709	.2088393	.4044517	0
559.15	0	.3867136	.2088619	.4044245	0
558.15	0	.386718	.2088847	.4043972	0
557.15	0	.3867222	.2089078	.40437	0
556.15	0	.3867261	.2089311	.4043429	0
555.15	0	.3867297	.2089545	.4043157	0
554.15	0	.3867332	.2089782	.4042886	0
553.15	0	.3867363	.2090021	.4042616	0
552.15	0	.3867393	.2090262	.4042345	0
551.15	0	.386742	.2090505	.4042075	0
550.15	0	.3867444	.209075	.4041806	0
549.15	0	.3867467	.2090997	.4041537	0
548.15	0	.3867487	.2091245	.4041268	0
547.15	0	.3867505	.2091496	.4040999	0
546.15	0	.386752	.2091749	.4040731	0
545.15	0	.3867534	.2092003	.4040463	0
544.15	0	.3867545	.2092259	.4040196	0
543.15	0	.3867554	.2092517	.4039929	0
542.15	0	.3867561	.2092777	.4039662	0
541.15	0	.3867566	.2093038	.4039396	0
540.15	0	.3867569	.2093301	.403913	0
539.15	0	.3867569	.2093566	.4038865	0
538.15	0	.3867568	.2093832	.40386	0
537.15	0	.3867565	.2094101	.4038335	0
536.15	0	.3867559	.209437	.4038071	0
535.15	0	.3867552	.2094641	.4037807	0
534.15	0	.3867542	.2094914	.4037544	0
533.15	0	.3867531	.2095189	.4037281	0
532.15	0	.3867518	.2095464	.4037018	0
531.15	0	.3867502	.2095742	.4036756	0
530.15	0	.3867485	.209602	.4036495	0
529.15	0	.3867466	.2096301	.4036233	0
528.15	0	.3867445	.2096582	.4035973	0
527.15	0	.3867423	.2096865	.4035712	0
526.15	0	.3867398	.2097149	.4035452	0
525.15	0	.3867372	.2097435	.4035193	0
524.15	0	.3867344	.2097722	.4034934	0
523.3334	0	.386732	.2097957	.4034723	0
523.3334	0	.386732	.2097957	.4034723	0
523.3334	0	.386732	.2097957	.4034723	0
523.15	0	.3867729	.2097081	.4034214	9.761801E-05
522.15	0	.3869948	.2092317	.4031445	6.289902E-04
521.15	0	.3872151	.2087577	.4028684	.001158815
520.15	0	.3874339	.2082859	.4025931	.001687106
519.15	0	.3876511	.2078164	.4023186	.002213879
518.15	0	.3878668	.2073491	.402045	.002739147
517.15	0	.388081	.206884	.4017721	.003262925
516.15	0	.3882937	.206421	.4015001	.003785226
515.15	0	.3885049	.2059603	.4012288	.004306063
514.15	0	.3887147	.2055016	.4009583	.004825452
513.15	0	.388923	.205045	.4006886	.005343405
512.15	0	.3891299	.2045905	.4004196	.005859935
511.15	0	.3893354	.2041381	.4001514	.006375056
510.15	0	.3895396	.2036876	.399884	.00688878
509.15	0	.3897424	.2032392	.3996173	.007401121
508.15	0	.3899439	.2027927	.3993514	.007912091
507.15	0	.390144	.2023482	.3990861	.008421703
506.15	0	.3903429	.2019055	.3988216	.008929969
505.15	0	.3905404	.2014648	.3985579	.009436902
504.15	0	.3907367	.201026	.3982948	.009942513
503.15	0	.3909318	.2005889	.3980325	.01044682
502.15	0	.3911256	.2001538	.3977708	.01094982
501.15	0	.3913182	.1997204	.3975099	.01145154
500.15	0	.3915096	.1992888	.3972496	.01195199
499.15	0	.3916998	.198859	.39699	.01245117
498.15	0	.3918889	.1984309	.3967312	.01294911
497.15	0	.3920767	.1980045	.3964729	.0134458
496.15	0	.3922635	.1975799	.3962154	.01394127
495.15	0	.3924491	.1971568	.3959585	.01443552
494.15	0	.3926337	.1967355	.3957023	.01492857
493.15	0	.3928171	.1963158	.3954467	.01542042
492.15	0	.3929995	.1958977	.3951918	.01591109
491.15	0	.3931808	.1954812	.3949375	.01640058
490.15	0	.3933611	.1950662	.3946837	.01688894
489.15	0	.3935404	.1946528	.3944307	.01737612
488.15	0	.3937186	.194241	.3941783	.01786216
487.15	0	.3938957	.1938307	.3939265	.01834706
486.15	0	.3940719	.1934218	.3936754	.01883085
485.15	0	.3942472	.1930145	.3934248	.01931352
484.15	0	.3944214	.1926086	.3931749	.01979509
483.15	0	.3945947	.1922041	.3929256	.02027557
482.15	0	.3947671	.1918011	.3926768	.02075497
481.15	0	.3949385	.1913995	.3924287	.02123329
480.15	0	.395109	.1909993	.3921812	.02171056
479.15	0	.3952786	.1906004	.3919342	.02218677
478.15	0	.3954474	.1902029	.3916878	.02266193
477.15	0	.3956152	.1898068	.391442	.02313607
476.15	0	.3957822	.1894119	.3911967	.02360917
475.15	0	.3959483	.1890184	.3909521	.02408127
474.15	0	.3961136	.1886261	.3907079	.02455235
473.15	0	.3962781	.1882351	.3904644	.02502244
472.15	0	.3964417	.1878454	.3902214	.02549154
471.15	0	.3966045	.1874569	.3899789	.02595965
470.15	0	.3967665	.1870697	.389737	.0264268
469.15	0	.3969278	.1866836	.3894956	.02689298
468.15	0	.3970882	.1862988	.3892548	.02735821
467.15	0	.3972479	.1859151	.3890145	.02782249
466.15	0	.3974069	.1855325	.3887747	.02828584
465.15	0	.3975651	.1851512	.3885355	.02874825
464.15	0	.3977225	.1847709	.3882968	.02920975
463.15	0	.3978793	.1843918	.3880586	.02967033
462.15	0	.3980353	.1840138	.3878209	.03013001
461.15	0	.3981906	.1836369	.3875837	.03058879
460.15	0	.3983453	.183261	.387347	.03104668
459.15	0	.3984992	.1828862	.3871109	.03150369
458.15	0	.3986525	.1825125	.3868752	.03195982
457.15	0	.3988051	.1821398	.38664	.03241509
456.15	0	.3989571	.1817681	.3864054	.03286951
455.15	0	.3991084	.1813974	.3861712	.03332307
