T	 BPW(LIQUID)	BPW(BCC_A2)	BPW(FCC_A1)	BPW(LAVES_PHASE_C14)	BPW(NI3TI)
1473.15	.121663	.878337	0	0	0
1472.15	.1192642	.8807358	0	0	0
1471.15	.1168825	.8831175	0	0	0
1470.15	.1145178	.8854822	0	0	0
1469.15	.1121699	.8878301	0	0	0
1468.15	.1098386	.8901614	0	0	0
1467.15	.1075239	.8924761	0	0	0
1466.15	.1052256	.8947744	0	0	0
1465.15	.1029435	.8970565	0	0	0
1464.15	.1006775	.8993225	0	0	0
1463.15	.09842756	.9015724	0	0	0
1462.15	.09619343	.9038066	0	0	0
1461.15	.09397501	.906025	0	0	0
1460.15	.09177218	.9082278	0	0	0
1459.15	.08958481	.9104152	0	0	0
1458.15	.08741276	.9125872	0	0	0
1457.15	.08525592	.9147441	0	0	0
1456.15	.08311415	.9168859	0	0	0
1455.15	.08098733	.9190127	0	0	0
1454.15	.07887534	.9211247	0	0	0
1453.15	.07677806	.9232219	0	0	0
1452.15	.07469536	.9253046	0	0	0
1451.15	.07262712	.9273729	0	0	0
1450.15	.07057323	.9294268	0	0	0
1449.15	.06853356	.9314664	0	0	0
1448.15	.06650801	.933492	0	0	0
1447.15	.06449645	.9355035	0	0	0
1446.15	.06249878	.9375012	0	0	0
1445.15	.06051487	.9394851	0	0	0
1444.15	.05854462	.9414554	0	0	0
1443.15	.05658791	.9434121	0	0	0
1442.15	.05464464	.9453554	0	0	0
1441.15	.05271469	.9472853	0	0	0
1440.15	.05079797	.949202	0	0	0
1439.15	.04889435	.9511057	0	0	0
1438.15	.04700373	.9529963	0	0	0
1437.15	.04512602	.954874	0	0	0
1436.15	.0432611	.9567389	0	0	0
1435.15	.04140887	.9585911	0	0	0
1434.15	.03956924	.9604308	0	0	0
1433.15	.03774209	.9622579	0	0	0
1432.15	.03592733	.9640727	0	0	0
1431.15	.03412486	.9658751	0	0	0
1430.15	.03233459	.9676654	0	0	0
1429.15	.03055641	.9694436	0	0	0
1428.15	.02879023	.9712098	0	0	0
1427.15	.02703595	.9729641	0	0	0
1426.15	.02529348	.9747065	0	0	0
1425.15	.02356273	.9764373	0	0	0
1424.15	.0218436	.9781564	0	0	0
1423.15	.020136	.979864	0	0	0
1422.15	.01843984	.9815602	0	0	0
1421.15	.01675503	.983245	0	0	0
1420.15	.01508148	.9849185	0	0	0
1419.15	.0134191	.9865809	0	0	0
1418.15	.01176781	.9882322	0	0	0
1417.15	.01012752	.9898725	0	0	0
1416.15	.008498139	.9915019	0	0	0
1415.15	.006879586	.9931204	0	0	0
1414.15	.005271777	.9947282	0	0	0
1413.15	.003674628	.9963254	0	0	0
1412.15	.002088057	.9979119	0	0	0
1411.15	5.119826E-04	.999488	0	0	0
1410.824	0	1	0	0	0
1410.824	0	1	0	0	0
1410.15	0	1	0	0	0
1409.15	0	1	0	0	0
1408.15	0	1	0	0	0
1407.15	0	1	0	0	0
1406.15	0	1	0	0	0
1405.15	0	1	0	0	0
1404.15	0	1	0	0	0
1403.15	0	1	0	0	0
1402.15	0	1	0	0	0
1401.15	0	1	0	0	0
1400.15	0	1	0	0	0
1399.15	0	1	0	0	0
1398.15	0	1	0	0	0
1397.15	0	1	0	0	0
1396.15	0	1	0	0	0
1395.15	0	1	0	0	0
1394.15	0	1	0	0	0
1393.15	0	1	0	0	0
1392.15	0	1	0	0	0
1391.15	0	1	0	0	0
1390.15	0	1	0	0	0
1389.15	0	1	0	0	0
1388.15	0	1	0	0	0
1387.15	0	1	0	0	0
1386.15	0	1	0	0	0
1385.15	0	1	0	0	0
1384.15	0	1	0	0	0
1383.15	0	1	0	0	0
1382.15	0	1	0	0	0
1381.15	0	1	0	0	0
1380.15	0	1	0	0	0
1379.15	0	1	0	0	0
1378.15	0	1	0	0	0
1377.15	0	1	0	0	0
1376.15	0	1	0	0	0
1375.15	0	1	0	0	0
1374.15	0	1	0	0	0
1373.15	0	1	0	0	0
1372.15	0	1	0	0	0
1371.15	0	1	0	0	0
1370.15	0	1	0	0	0
1369.15	0	1	0	0	0
1368.15	0	1	0	0	0
1367.15	0	1	0	0	0
1366.15	0	1	0	0	0
1365.15	0	1	0	0	0
1364.15	0	1	0	0	0
1363.15	0	1	0	0	0
1362.15	0	1	0	0	0
1361.15	0	1	0	0	0
1360.15	0	1	0	0	0
1359.15	0	1	0	0	0
1358.15	0	1	0	0	0
1357.15	0	1	0	0	0
1356.15	0	1	0	0	0
1355.15	0	1	0	0	0
1354.15	0	1	0	0	0
1353.15	0	1	0	0	0
1352.15	0	1	0	0	0
1351.15	0	1	0	0	0
1350.15	0	1	0	0	0
1349.15	0	1	0	0	0
1348.15	0	1	0	0	0
1347.15	0	1	0	0	0
1346.15	0	1	0	0	0
1345.15	0	1	0	0	0
1344.15	0	1	0	0	0
1343.15	0	1	0	0	0
1342.15	0	1	0	0	0
1341.15	0	1	0	0	0
1340.15	0	1	0	0	0
1339.15	0	1	0	0	0
1338.15	0	1	0	0	0
1337.15	0	1	0	0	0
1336.15	0	1	0	0	0
1335.15	0	1	0	0	0
1334.15	0	1	0	0	0
1333.15	0	1	0	0	0
1332.15	0	1	0	0	0
1331.15	0	1	0	0	0
1330.15	0	1	0	0	0
1329.15	0	1	0	0	0
1328.15	0	1	0	0	0
1327.15	0	1	0	0	0
1326.15	0	1	0	0	0
1325.15	0	1	0	0	0
1324.15	0	1	0	0	0
1323.15	0	1	0	0	0
1322.15	0	1	0	0	0
1321.15	0	1	0	0	0
1320.15	0	1	0	0	0
1319.15	0	1	0	0	0
1318.15	0	1	0	0	0
1317.15	0	1	0	0	0
1316.15	0	1	0	0	0
1315.24	0	1	0	0	0
1315.24	0	1	0	0	0
1315.24	0	1	0	0	0
1315.15	0	.999943	0	5.702547E-05	0
1314.15	0	.9993116	0	6.883809E-04	0
1313.15	0	.9986817	0	.001318344	0
1312.15	0	.9980531	0	.00194692	0
1311.15	0	.9974259	0	.002574112	0
1310.15	0	.9968001	0	.003199924	0
1309.15	0	.9961756	0	.00382436	0
1308.15	0	.9955526	0	.004447424	0
1307.15	0	.9949309	0	.00506912	0
1306.15	0	.9943106	0	.005689453	0
1305.15	0	.9936916	0	.006308426	0
1304.15	0	.993074	0	.006926042	0
1303.15	0	.9924577	0	.007542307	0
1302.15	0	.9918428	0	.008157224	0
1301.15	0	.9912292	0	.008770796	0
1300.15	0	.990617	0	.009383028	0
1299.15	0	.9900061	0	.009993923	0
1298.15	0	.9893965	0	.01060348	0
1297.15	0	.9887883	0	.01121172	0
1296.15	0	.9881814	0	.01181863	0
1295.15	0	.9875758	0	.01242421	0
1294.15	0	.9869715	0	.01302848	0
1293.15	0	.9863686	0	.01363144	0
1292.15	0	.9857669	0	.01423309	0
1291.15	0	.9851666	0	.01483342	0
1290.15	0	.9845675	0	.01543246	0
1289.15	0	.9839698	0	.0160302	0
1288.15	0	.9833734	0	.01662664	0
1287.15	0	.9827782	0	.01722179	0
1286.15	0	.9821844	0	.01781565	0
1285.15	0	.9815918	0	.01840823	0
1284.15	0	.9810005	0	.01899952	0
1283.15	0	.9804105	0	.01958954	0
1282.15	0	.9798217	0	.02017829	0
1281.15	0	.9792342	0	.02076576	0
1280.15	0	.978648	0	.02135197	0
1279.15	0	.9780631	0	.02193692	0
1278.15	0	.9774794	0	.0225206	0
1277.15	0	.976897	0	.02310303	0
1276.15	0	.9763158	0	.02368421	0
1275.15	0	.9757359	0	.02426413	0
1274.15	0	.9751572	0	.02484282	0
1273.15	0	.9745798	0	.02542026	0
1272.15	0	.9740035	0	.02599646	0
1271.15	0	.9734286	0	.02657142	0
1270.15	0	.9728549	0	.02714515	0
1269.15	0	.9722824	0	.02771765	0
1268.15	0	.9717111	0	.02828893	0
1267.15	0	.971141	0	.02885899	0
1266.15	0	.9705722	0	.02942782	0
1265.15	0	.9700046	0	.02999544	0
1264.15	0	.9694382	0	.03056185	0
1263.15	0	.968873	0	.03112705	0
1262.15	0	.9683089	0	.03169105	0
1261.15	0	.9677462	0	.03225384	0
1260.15	0	.9671846	0	.03281543	0
1259.15	0	.9666242	0	.03337582	0
1258.15	0	.966065	0	.03393503	0
1257.15	0	.965507	0	.03449304	0
1256.15	0	.9649501	0	.03504987	0
1255.15	0	.9643945	0	.03560551	0
1254.15	0	.96384	0	.03615997	0
1253.15	0	.9632867	0	.03671326	0
1252.15	0	.9627346	0	.03726537	0
1251.15	0	.9621837	0	.03781631	0
1250.15	0	.9616339	0	.03836609	0
1249.15	0	.9610853	0	.03891469	0
1248.15	0	.9605379	0	.03946214	0
1247.15	0	.9599916	0	.04000843	0
1246.15	0	.9594464	0	.04055356	0
1245.15	0	.9589025	0	.04109755	0
1244.15	0	.9583596	0	.04164038	0
1243.15	0	.9578179	0	.04218206	0
1242.15	0	.9572774	0	.0427226	0
1241.15	0	.956738	0	.043262	0
1240.15	0	.9561997	0	.04380026	0
1239.15	0	.9556626	0	.04433739	0
1238.15	0	.9551266	0	.04487339	0
1237.15	0	.9545917	0	.04540826	0
1236.15	0	.954058	0	.045942	0
1235.15	0	.9535254	0	.04647462	0
1234.15	0	.9529939	0	.04700612	0
1233.15	0	.9524635	0	.0475365	0
1232.15	0	.9519342	0	.04806577	0
1231.15	0	.9514061	0	.04859392	0
1230.15	0	.950879	0	.04912097	0
1229.15	0	.9503531	0	.04964691	0
1228.15	0	.9498283	0	.05017175	0
1227.15	0	.9493045	0	.05069548	0
1226.15	0	.9487819	0	.05121812	0
1225.15	0	.9482603	0	.05173967	0
1224.15	0	.9477399	0	.05226012	0
1223.15	0	.9472205	0	.05277948	0
1222.15	0	.9467022	0	.05329776	0
1221.15	0	.9461851	0	.05381495	0
1220.15	0	.9456689	0	.05433107	0
1219.15	0	.9451539	0	.0548461	0
1218.15	0	.9446399	0	.05536006	0
1217.15	0	.9441271	0	.05587294	0
1216.15	0	.9436152	0	.05638476	0
1215.15	0	.9431045	0	.0568955	0
1214.15	0	.9425948	0	.05740518	0
1213.15	0	.9420862	0	.0579138	0
1212.15	0	.9415786	0	.05842136	0
1211.15	0	.9410721	0	.05892786	0
1210.15	0	.9405667	0	.05943331	0
1209.15	0	.9400623	0	.0599377	0
1208.15	0	.939559	0	.06044105	0
1207.15	0	.9390567	0	.06094335	0
1206.15	0	.9385554	0	.0614446	0
1205.15	0	.9380552	0	.06194481	0
1204.15	0	.937556	0	.06244398	0
1203.15	0	.9370579	0	.06294212	0
1202.15	0	.9365608	0	.06343922	0
1201.15	0	.9360647	0	.06393529	0
1200.15	0	.9355697	0	.06443032	0
1199.15	0	.9350757	0	.06492434	0
1198.15	0	.9345827	0	.06541732	0
1197.15	0	.9340907	0	.06590929	0
1196.15	0	.9335998	0	.06640023	0
1195.15	0	.9331098	0	.06689016	0
1194.15	0	.9326209	0	.06737908	0
1193.15	0	.932133	0	.06786698	0
1192.15	0	.9316461	0	.06835387	0
1191.15	0	.9311603	0	.06883975	0
1190.15	0	.9306754	0	.06932463	0
1189.15	0	.9301915	0	.0698085	0
1188.15	0	.9297086	0	.07029138	0
1187.15	0	.9292267	0	.07077325	0
1186.15	0	.9287459	0	.07125413	0
1185.15	0	.928266	0	.07173402	0
1184.15	0	.9277871	0	.07221291	0
1183.15	0	.9273092	0	.07269082	0
1182.15	0	.9268323	0	.07316773	0
1181.15	0	.9263563	0	.07364367	0
1180.15	0	.9258814	0	.07411862	0
1179.15	0	.9254074	0	.07459259	0
1178.15	0	.9249344	0	.07506559	0
1177.15	0	.9244624	0	.0755376	0
1176.15	0	.9239914	0	.07600865	0
1175.15	0	.9235213	0	.07647872	0
1174.15	0	.9230522	0	.07694783	0
1173.15	0	.922584	0	.07741597	0
1172.15	0	.9221169	0	.07788314	0
1171.15	0	.9216507	0	.07834935	0
1170.15	0	.9211854	0	.0788146	0
1169.811	0	.921028	0	.07897195	0
1169.811	0	.921028	0	.07897195	0
1169.811	0	.921028	0	.07897195	0
1169.15	0	.9201446	6.003711E-04	.07925506	0
1168.15	0	.9188116	.00150611	.07968226	0
1167.15	0	.9174823	.002409332	.08010836	0
1166.15	0	.9161566	.003310037	.08053337	0
1165.15	0	.9148345	.004208229	.0809573	0
1164.15	0	.9135159	.00510391	.08138015	0
1163.15	0	.912201	.00599708	.08180192	0
1162.15	0	.9108896	.006887744	.08222262	0
1161.15	0	.9095819	.007775902	.08264224	0
1160.15	0	.9082777	.008661556	.0830608	0
1159.15	0	.906977	.009544709	.08347829	0
1158.15	0	.9056799	.01042536	.08389471	0
1157.15	0	.9043864	.01130352	.08431008	0
1156.15	0	.9030964	.01217918	.08472439	0
1155.15	0	.90181	.01305234	.08513765	0
1154.15	0	.9005271	.01392304	.08554988	0
1153.15	0	.8992477	.01479122	.08596104	0
1152.15	0	.8979719	.01565692	.08637115	0
1151.15	0	.8966997	.01652012	.08678022	0
1150.15	0	.8954309	.01738084	.08718826	0
1149.15	0	.8941657	.01823907	.08759525	0
1148.15	0	.892904	.01909483	.08800121	0
1147.15	0	.8916458	.0199481	.08840615	0
1146.15	0	.8903911	.02079889	.08881005	0
1145.15	0	.8891399	.0216472	.08921293	0
1144.15	0	.8878922	.02249304	.08961479	0
1143.15	0	.886648	.0233364	.09001562	0
1142.15	0	.8854073	.02417729	.09041544	0
1141.15	0	.8841701	.0250157	.09081425	0
1140.15	0	.8829363	.02585164	.09121204	0
1139.15	0	.8817061	.02668512	.09160883	0
1138.15	0	.8804793	.02751612	.09200461	0
1137.15	0	.879256	.02834465	.09239938	0
1136.15	0	.8780361	.02917072	.09279315	0
1135.15	0	.8768198	.02999433	.09318593	0
1134.15	0	.8756068	.03081546	.0935777	0
1133.15	0	.8743974	.03163414	.09396849	0
1132.15	0	.8731914	.03245035	.09435828	0
1131.15	0	.8719888	.0332641	.09474709	0
1130.15	0	.8707897	.03407539	.0951349	0
1129.15	0	.869594	.03488422	.09552174	0
1128.15	0	.8684018	.03569059	.09590759	0
1127.15	0	.867213	.0364945	.09629247	0
1126.15	0	.8660277	.03729596	.09667636	0
1125.15	0	.8648457	.03809496	.09705929	0
1124.15	0	.8636673	.0388915	.09744124	0
1123.15	0	.8624922	.03968559	.09782222	0
1122.15	0	.8613205	.04047722	.09820224	0
1121.15	0	.8601523	.04126641	.09858129	0
1120.15	0	.8589875	.04205313	.09895938	0
1119.15	0	.8578261	.04283741	.0993365	0
1118.15	0	.8566681	.04361923	.09971267	0
1117.15	0	.8555135	.0443986	.1000879	0
1116.15	0	.8543623	.04517552	.1004622	0
1115.15	0	.8532146	.04594999	.1008355	0
1114.15	0	.8520702	.04672201	.1012078	0
1113.15	0	.8509292	.04749159	.1015792	0
1112.15	0	.8497916	.04825871	.1019497	0
1111.15	0	.8486574	.04902338	.1023192	0
1110.15	0	.8475266	.0497856	.1026878	0
1109.15	0	.8463992	.05054538	.1030554	0
1108.15	0	.8452751	.05130271	.1034221	0
1107.15	0	.8441545	.05205759	.1037879	0
1106.15	0	.8430372	.05281002	.1041528	0
1105.15	0	.8419233	.05356001	.1045167	0
1104.15	0	.8408128	.05430754	.1048796	0
1103.15	0	.8397057	.05505264	.1052417	0
1102.15	0	.8386019	.05579528	.1056028	0
1101.15	0	.8375015	.05653548	.105963	0
1100.15	0	.8364045	.05727323	.1063223	0
1099.15	0	.8353108	.05800853	.1066807	0
1098.15	0	.8342205	.05874139	.1070381	0
1097.15	0	.8331336	.0594718	.1073946	0
1096.15	0	.83205	.06019976	.1077503	0
1095.15	0	.8309698	.06092528	.108105	0
1094.15	0	.8298929	.06164835	.1084588	0
1093.15	0	.8288194	.06236897	.1088116	0
1092.15	0	.8277492	.06308714	.1091636	0
1091.15	0	.8266824	.06380287	.1095147	0
1090.15	0	.825619	.06451615	.1098649	0
1089.15	0	.8245589	.06522698	.1102141	0
1088.15	0	.8235021	.06593536	.1105625	0
1087.15	0	.8224487	.0666413	.11091	0
1086.15	0	.8213987	.06734479	.1112565	0
1085.15	0	.820352	.06804582	.1116022	0
1084.15	0	.8193086	.06874441	.111947	0
1083.15	0	.8182686	.06944055	.1122909	0
1082.15	0	.8172319	.07013424	.1126339	0
1081.15	0	.8161986	.07082547	.112976	0
1080.15	0	.8151685	.07151426	.1133172	0
1079.15	0	.8141419	.0722006	.1136575	0
1078.15	0	.8131186	.07288448	.113997	0
1077.15	0	.8120986	.07356591	.1143355	0
1076.15	0	.8110819	.07424489	.1146732	0
1075.15	0	.8100686	.07492142	.11501	0
1074.15	0	.8090586	.07559549	.1153459	0
1073.15	0	.8080519	.07626711	.115681	0
1072.15	0	.8070486	.07693627	.1160151	0
1071.15	0	.8060486	.07760298	.1163484	0
1070.15	0	.805052	.07826723	.1166808	0
1069.15	0	.8040586	.07892903	.1170124	0
1068.15	0	.8030686	.07958837	.117343	0
1067.15	0	.8020819	.08024525	.1176728	0
1066.15	0	.8010986	.08089967	.1180017	0
1065.15	0	.8001186	.08155164	.1183298	0
1064.15	0	.7991419	.08220114	.118657	0
1063.15	0	.7981685	.08284819	.1189833	0
1062.15	0	.7971985	.08349277	.1193088	0
1061.15	0	.7962318	.0841349	.1196333	0
1060.15	0	.7952684	.08477456	.1199571	0
1059.15	0	.7943083	.08541176	.1202799	0
1058.15	0	.7933516	.0860465	.1206019	0
1057.15	0	.7923982	.08667877	.1209231	0
1056.15	0	.7914481	.08730858	.1212433	0
1055.15	0	.7905013	.08793592	.1215627	0
1054.15	0	.7895579	.0885608	.1218813	0
1053.15	0	.7886178	.08918321	.122199	0
1052.15	0	.787681	.08980315	.1225159	0
1051.15	0	.7867475	.09042063	.1228318	0
1050.15	0	.7858174	.09103563	.123147	0
1049.15	0	.7848906	.09164817	.1234612	0
1048.15	0	.7839671	.09225824	.1237747	0
1047.15	0	.7830469	.09286584	.1240872	0
1046.15	0	.7821301	.09347097	.124399	0
1045.15	0	.7812166	.09407362	.1247098	0
1044.15	0	.7803064	.0946738	.1250198	0
1043.15	0	.7793995	.09527151	.125329	0
1042.15	0	.778496	.09586675	.1256373	0
1041.15	0	.7775957	.09645951	.1259448	0
1040.15	0	.7766988	.0970498	.1262514	0
1039.15	0	.7758053	.09763761	.1265571	0
1038.15	0	.774915	.09822295	.126862	0
1037.15	0	.7740281	.09880581	.1271661	0
1036.15	0	.7731445	.0993862	.1274693	0
1035.15	0	.7722642	.0999641	.1277717	0
1034.15	0	.7713873	.1005395	.1280732	0
1033.15	0	.7705137	.1011125	.1283739	0
1032.15	0	.7696434	.101683	.1286737	0
1031.15	0	.7687764	.102251	.1289727	0
1030.15	0	.7679128	.1028165	.1292708	0
1029.15	0	.7670524	.1033795	.1295681	0
1028.15	0	.7661954	.1039401	.1298645	0
1027.15	0	.7653418	.1044981	.1301601	0
1026.15	0	.7644914	.1050537	.1304548	0
1025.15	0	.7636444	.1056068	.1307487	0
1024.15	0	.7628008	.1061575	.1310418	0
1023.15	0	.7619604	.1067056	.131334	0
1022.15	0	.7611234	.1072513	.1316253	0
1021.15	0	.7602897	.1077945	.1319158	0
1020.15	0	.7594593	.1083352	.1322055	0
1019.15	0	.7586323	.1088734	.1324943	0
1018.15	0	.7578085	.1094092	.1327823	0
1017.15	0	.7569882	.1099425	.1330694	0
1016.15	0	.7561711	.1104733	.1333556	0
1015.15	0	.7553574	.1110016	.1336411	0
1014.15	0	.754547	.1115274	.1339256	0
1013.15	0	.7537399	.1120508	.1342093	0
1012.15	0	.7529362	.1125717	.1344922	0
1011.15	0	.7521357	.1130901	.1347742	0
1010.15	0	.7513386	.113606	.1350554	0
1009.15	0	.7505449	.1141194	.1353357	0
1008.15	0	.7497545	.1146304	.1356152	0
1007.15	0	.7489674	.1151389	.1358938	0
1006.15	0	.7481836	.1156449	.1361715	0
1005.15	0	.7474031	.1161485	.1364484	0
1004.15	0	.746626	.1166495	.1367244	0
1003.15	0	.7458522	.1171482	.1369996	0
1002.15	0	.7450817	.1176443	.137274	0
1001.15	0	.7443146	.118138	.1375474	0
1000.15	0	.7435508	.1186292	.13782	0
999.15	0	.7427903	.1191179	.1380918	0
998.15	0	.7420331	.1196042	.1383627	0
997.15	0	.7412793	.1200881	.1386327	0
996.15	0	.7405287	.1205694	.1389018	0
995.15	0	.7397815	.1210483	.1391701	0
994.15	0	.7390377	.1215248	.1394376	0
993.15	0	.7382971	.1219988	.1397041	0
992.15	0	.7375599	.1224704	.1399698	0
991.15	0	.7368259	.1229395	.1402346	0
990.15	0	.7360953	.1234061	.1404986	0
989.15	0	.735368	.1238704	.1407616	0
988.15	0	.734644	.1243321	.1410238	0
987.15	0	.7339233	.1247915	.1412851	0
986.15	0	.733206	.1252484	.1415456	0
985.15	0	.7324919	.1257029	.1418052	0
984.15	0	.7317812	.126155	.1420638	0
983.15	0	.7310737	.1266046	.1423216	0
982.15	0	.7303696	.1270519	.1425785	0
981.15	0	.7296687	.1274967	.1428346	0
980.15	0	.7289712	.1279391	.1430897	0
979.15	0	.7282769	.1283791	.1433439	0
978.15	0	.727586	.1288168	.1435973	0
977.15	0	.7268983	.129252	.1438497	0
976.15	0	.7262139	.1296848	.1441013	0
975.15	0	.7255328	.1301153	.1443519	0
974.15	0	.724855	.1305434	.1446016	0
973.15	0	.7241804	.1309691	.1448505	0
972.15	0	.7235092	.1313924	.1450984	0
971.15	0	.7228412	.1318134	.1453454	0
970.15	0	.7221764	.1322321	.1455915	0
969.15	0	.7215149	.1326484	.1458367	0
968.15	0	.7208567	.1330623	.146081	0
967.15	0	.7202017	.133474	.1463243	0
966.15	0	.71955	.1338833	.1465667	0
965.15	0	.7189015	.1342903	.1468082	0
964.15	0	.7182563	.1346949	.1470488	0
963.15	0	.7176143	.1350973	.1472884	0
962.15	0	.7169755	.1354974	.1475271	0
961.15	0	.7163399	.1358953	.1477649	0
960.15	0	.7157075	.1362908	.1480017	0
959.15	0	.7150784	.1366841	.1482375	0
958.15	0	.7144524	.1370752	.1484724	0
957.15	0	.7138297	.137464	.1487064	0
956.15	0	.7132101	.1378506	.1489394	0
955.15	0	.7125937	.1382349	.1491714	0
954.15	0	.7119805	.1386171	.1494025	0
953.15	0	.7113704	.1389971	.1496325	0
952.15	0	.7107635	.1393749	.1498617	0
951.15	0	.7101597	.1397505	.1500898	0
950.15	0	.7095591	.1401239	.1503169	0
949.15	0	.7089616	.1404953	.1505431	0
948.15	0	.7083672	.1408645	.1507683	0
947.15	0	.707776	.1412316	.1509925	0
946.15	0	.7071878	.1415966	.1512156	0
945.15	0	.7066027	.1419595	.1514378	0
944.15	0	.7060207	.1423204	.151659	0
943.15	0	.7054417	.1426792	.1518791	0
942.15	0	.7048658	.1430359	.1520982	0
941.15	0	.704293	.1433907	.1523163	0
940.15	0	.7037231	.1437435	.1525334	0
939.15	0	.7031563	.1440943	.1527494	0
938.15	0	.7025925	.1444431	.1529644	0
937.15	0	.7020316	.14479	.1531784	0
936.15	0	.7014738	.145135	.1533913	0
935.15	0	.7009188	.1454781	.1536031	0
934.15	0	.7003669	.1458193	.1538139	0
933.15	0	.6998178	.1461586	.1540235	0
932.15	0	.6992717	.1464962	.1542322	0
931.15	0	.6987284	.1468319	.1544397	0
930.15	0	.698188	.1471659	.1546461	0
929.15	0	.6976505	.1474981	.1548515	0
928.15	0	.6971158	.1478285	.1550557	0
927.15	0	.6965839	.1481573	.1552588	0
926.15	0	.6960548	.1484844	.1554609	0
925.15	0	.6955285	.1488098	.1556617	0
924.15	0	.6950049	.1491336	.1558615	0
923.15	0	.694484	.1494559	.1560601	0
922.15	0	.6939659	.1497765	.1562576	0
921.15	0	.6934504	.1500957	.1564539	0
920.15	0	.6929376	.1504133	.156649	0
919.15	0	.6924275	.1507295	.156843	0
918.15	0	.6919199	.1510443	.1570358	0
917.15	0	.6914149	.1513577	.1572274	0
916.15	0	.6909125	.1516697	.1574178	0
915.15	0	.6904126	.1519804	.157607	0
914.15	0	.6899152	.1522898	.157795	0
913.15	0	.6894202	.152598	.1579818	0
912.15	0	.6889277	.152905	.1581673	0
911.15	0	.6884376	.1532108	.1583516	0
910.15	0	.6879499	.1535155	.1585346	0
909.15	0	.6874645	.1538191	.1587164	0
908.15	0	.6869814	.1541217	.1588969	0
907.15	0	.6865006	.1544233	.1590761	0
906.15	0	.686022	.154724	.159254	0
905.15	0	.6855456	.1550238	.1594307	0
904.15	0	.6850713	.1553227	.1596059	0
903.15	0	.6845992	.1556209	.1597799	0
902.15	0	.6841291	.1559184	.1599525	0
901.15	0	.6836611	.1562151	.1601238	0
900.15	0	.683195	.1565113	.1602937	0
899.15	0	.6827309	.1568068	.1604623	0
898.15	0	.6822687	.1571019	.1606294	0
897.15	0	.6818083	.1573965	.1607951	0
896.15	0	.6813498	.1576908	.1609595	0
895.15	0	.680893	.1579847	.1611224	0
894.15	0	.6804378	.1582784	.1612838	0
893.15	0	.6799844	.1585719	.1614438	0
892.15	0	.6795325	.1588652	.1616023	0
891.15	0	.6790821	.1591585	.1617593	0
890.15	0	.6786333	.1594519	.1619149	0
889.15	0	.6781858	.1597453	.1620688	0
888.15	0	.6777397	.160039	.1622213	0
887.15	0	.6772949	.1603329	.1623722	0
886.15	0	.6768513	.1606271	.1625215	0
885.15	0	.6764089	.1609218	.1626693	0
884.15	0	.6759676	.161217	.1628154	0
883.15	0	.6755273	.1615128	.1629599	0
882.15	0	.675088	.1618093	.1631028	0
881.15	0	.6746495	.1621065	.163244	0
880.15	0	.6742118	.1624047	.1633835	0
879.15	0	.6737748	.1627039	.1635213	0
878.15	0	.6733385	.1630041	.1636574	0
877.15	0	.6729027	.1633056	.1637917	0
876.15	0	.6724674	.1636083	.1639242	0
875.15	0	.6720325	.1639125	.164055	0
874.15	0	.6715978	.1642183	.1641839	0
873.15	0	.6711633	.1645257	.164311	0
872.15	0	.6707289	.1648349	.1644362	0
871.15	0	.6702945	.165146	.1645595	0
870.15	0	.66986	.1654591	.1646809	0
869.15	0	.6694252	.1657745	.1648004	0
868.15	0	.6689901	.1660921	.1649178	0
867.15	0	.6685545	.1664123	.1650332	0
866.15	0	.6681183	.1667351	.1651466	0
865.15	0	.6676814	.1670607	.1652579	0
864.15	0	.6672437	.1673892	.1653671	0
863.15	0	.666805	.1677209	.1654742	0
862.15	0	.6663651	.1680559	.165579	0
861.15	0	.6659241	.1683943	.1656816	0
860.15	0	.6654816	.1687364	.165782	0
859.15	0	.6650375	.1690824	.1658801	0
858.15	0	.6645917	.1694325	.1659758	0
857.15	0	.664144	.1697869	.1660691	0
856.15	0	.6636942	.1701458	.16616	0
855.15	0	.6632422	.1705095	.1662484	0
854.15	0	.6627877	.1708781	.1663342	0
853.15	0	.6623306	.171252	.1664175	0
852.15	0	.6618705	.1716314	.1664981	0
851.15	0	.6614075	.1720166	.166576	0
850.15	0	.660941	.1724079	.1666511	0
849.15	0	.6604711	.1728056	.1667234	0
848.15	0	.6599973	.1732099	.1667928	0
847.15	0	.6595195	.1736214	.1668592	0
846.15	0	.6590373	.1740402	.1669225	0
845.15	0	.6585504	.1744668	.1669828	0
844.15	0	.6580586	.1749016	.1670398	0
843.15	0	.6575615	.175345	.1670935	0
842.15	0	.6570588	.1757975	.1671438	0
841.15	0	.65655	.1762594	.1671906	0
840.15	0	.6560349	.1767313	.1672338	0
839.15	0	.6555129	.1772138	.1672733	0
838.15	0	.6549837	.1777074	.1673089	0
837.15	0	.6544468	.1782126	.1673406	0
836.15	0	.6539016	.1787303	.1673681	0
835.15	0	.6533477	.1792609	.1673914	0
834.15	0	.6527844	.1798054	.1674103	0
833.15	0	.6522111	.1803644	.1674245	0
832.15	0	.6516271	.1809389	.167434	0
831.15	0	.6510318	.1815298	.1674385	0
830.15	0	.6504242	.182138	.1674377	0
829.15	0	.6498036	.1827648	.1674316	0
828.15	0	.649169	.1834113	.1674197	0
827.15	0	.6483684	.184259	.1673726	0
826.15	0	.647164	.1855934	.1672425	0
825.15	0	.6460236	.1868574	.167119	0
824.15	0	.6449422	.1880563	.1670015	0
823.15	0	.6439153	.1891951	.1668896	0
822.15	0	.642939	.1902783	.1667827	0
821.15	0	.6420097	.1913098	.1666805	0
820.15	0	.6411242	.1922931	.1665827	0
819.15	0	.6402796	.1932316	.1664888	0
818.15	0	.6394731	.1941282	.1663987	0
817.15	0	.6387024	.1949857	.166312	0
816.15	0	.6379651	.1958064	.1662285	0
815.15	0	.6372594	.1965926	.166148	0
814.15	0	.6365832	.1973464	.1660703	0
813.15	0	.6359349	.1980698	.1659952	0
812.15	0	.6353129	.1987645	.1659226	0
811.15	0	.6347156	.1994322	.1658522	0
810.15	0	.6341418	.2000743	.165784	0
809.15	0	.63359	.2006922	.1657177	0
808.15	0	.6330593	.2012874	.1656534	0
807.15	0	.6325483	.2018609	.1655908	0
806.15	0	.6320562	.2024139	.1655299	0
805.15	0	.631582	.2029475	.1654705	0
804.15	0	.6311246	.2034627	.1654127	0
803.15	0	.6306834	.2039604	.1653562	0
802.15	0	.6302576	.2044414	.165301	0
801.15	0	.6298462	.2049067	.1652471	0
800.15	0	.6294488	.2053569	.1651943	0
799.15	0	.6290646	.2057928	.1651427	0
798.15	0	.6286929	.206215	.1650921	0
797.15	0	.6283333	.2066242	.1650424	0
796.15	0	.6279852	.2070211	.1649938	0
795.15	0	.627648	.2074061	.1649459	0
794.15	0	.6273212	.2077798	.164899	0
793.15	0	.6270045	.2081427	.1648528	0
792.15	0	.6266973	.2084953	.1648074	0
791.15	0	.6263992	.2088381	.1647627	0
790.15	0	.6261099	.2091715	.1647187	0
789.15	0	.6258289	.2094959	.1646753	0
788.15	0	.6255559	.2098116	.1646325	0
787.15	0	.6252906	.2101191	.1645903	0
786.15	0	.6250327	.2104187	.1645486	0
785.15	0	.6247818	.2107108	.1645075	0
784.15	0	.6245376	.2109955	.1644668	0
783.15	0	.6243	.2112734	.1644267	0
782.15	0	.6240685	.2115446	.1643869	0
781.15	0	.623843	.2118093	.1643476	0
780.15	0	.6236233	.212068	.1643087	0
779.15	0	.623409	.2123208	.1642702	0
778.15	0	.6232001	.2125679	.164232	0
777.15	0	.6229962	.2128096	.1641942	0
776.15	0	.6227972	.2130461	.1641567	0
775.15	0	.6226029	.2132776	.1641195	0
774.15	0	.6224131	.2135043	.1640826	0
773.15	0	.6222277	.2137263	.164046	0
772.15	0	.6220464	.213944	.1640096	0
771.15	0	.6218692	.2141573	.1639735	0
770.15	0	.6216958	.2143666	.1639377	0
769.15	0	.6215261	.2145718	.163902	0
768.15	0	.6213601	.2147733	.1638666	0
767.15	0	.6211975	.2149712	.1638314	0
766.15	0	.6210382	.2151655	.1637963	0
765.15	0	.6208822	.2153564	.1637615	0
764.15	0	.6207292	.215544	.1637268	0
763.15	0	.6205793	.2157285	.1636922	0
762.15	0	.6204343	.2159084	.1636573	0
761.15	0	.6202898	.2160871	.1636232	0
760.15	0	.620148	.2162629	.1635891	0
759.15	0	.6200088	.2164361	.1635551	0
758.15	0	.6198721	.2166066	.1635213	0
757.15	0	.6197378	.2167746	.1634876	0
756.15	0	.6196059	.2169401	.163454	0
755.15	0	.6194762	.2171033	.1634205	0
754.15	0	.6193487	.2172642	.1633871	0
753.15	0	.6192233	.217423	.1633538	0
752.15	0	.6190999	.2175796	.1633205	0
751.15	0	.6189785	.2177342	.1632873	0
750.15	0	.618859	.2178868	.1632542	0
749.15	0	.6187413	.2180375	.1632212	0
748.15	0	.6186254	.2181864	.1631882	0
747.15	0	.6185112	.2183335	.1631553	0
746.15	0	.6183987	.2184789	.1631224	0
745.15	0	.6182878	.2186227	.1630896	0
744.15	0	.6181784	.2187649	.1630568	0
743.15	0	.6180705	.2189055	.163024	0
742.15	0	.6179641	.2190446	.1629913	0
741.15	0	.6178591	.2191823	.1629586	0
740.15	0	.6177555	.2193186	.162926	0
739.15	0	.6176531	.2194535	.1628933	0
738.15	0	.6175521	.2195872	.1628607	0
737.15	0	.6174523	.2197196	.1628281	0
736.15	0	.6173537	.2198507	.1627956	0
735.15	0	.6172563	.2199807	.162763	0
734.15	0	.6171599	.2201096	.1627305	0
733.15	0	.6170647	.2202374	.1626979	0
732.15	0	.6169706	.2203641	.1626654	0
731.15	0	.6168774	.2204897	.1626329	0
730.15	0	.6167853	.2206144	.1626003	0
729.15	0	.6166941	.2207381	.1625678	0
728.15	0	.6166039	.2208608	.1625353	0
727.15	0	.6165146	.2209827	.1625028	0
726.15	0	.6164261	.2211037	.1624702	0
725.15	0	.6163385	.2212238	.1624377	0
724.15	0	.6162518	.2213431	.1624051	0
723.15	0	.6161658	.2214616	.1623726	0
722.15	0	.6160807	.2215793	.16234	0
721.15	0	.6159963	.2216963	.1623074	0
720.15	0	.6159126	.2218126	.1622748	0
719.15	0	.6158297	.2219281	.1622422	0
718.15	0	.6157474	.222043	.1622096	0
717.15	0	.6156659	.2221572	.1621769	0
716.15	0	.615585	.2222708	.1621443	0
715.15	0	.6155047	.2223837	.1621116	0
714.15	0	.6154251	.2224961	.1620789	0
713.15	0	.6153461	.2226078	.1620461	0
712.15	0	.6152676	.222719	.1620134	0
711.15	0	.6151898	.2228296	.1619806	0
710.15	0	.6151125	.2229397	.1619478	0
709.15	0	.6150357	.2230493	.161915	0
708.15	0	.6149595	.2231584	.1618821	0
707.15	0	.6148838	.223267	.1618492	0
706.15	0	.6148086	.2233751	.1618163	0
705.15	0	.6147339	.2234827	.1617834	0
704.15	0	.6146596	.2235899	.1617504	0
703.15	0	.6145859	.2236967	.1617175	0
702.15	0	.6145125	.223803	.1616844	0
701.15	0	.6144397	.2239089	.1616514	0
700.15	0	.6143672	.2240145	.1616183	0
699.15	0	.6142952	.2241196	.1615852	0
698.15	0	.6142236	.2242243	.1615521	0
697.15	0	.6141524	.2243287	.1615189	0
696.15	0	.6140816	.2244327	.1614857	0
695.15	0	.6140111	.2245364	.1614525	0
694.15	0	.613941	.2246397	.1614192	0
693.15	0	.6138713	.2247427	.1613859	0
692.15	0	.613802	.2248454	.1613526	0
691.15	0	.613733	.2249478	.1613193	0
690.15	0	.6136643	.2250498	.1612859	0
689.15	0	.613596	.2251516	.1612525	0
688.15	0	.613528	.225253	.161219	0
687.15	0	.6134603	.2253542	.1611855	0
686.15	0	.6133929	.2254551	.161152	0
685.15	0	.6133258	.2255557	.1611185	0
684.15	0	.6132591	.225656	.1610849	0
683.15	0	.6131926	.2257561	.1610513	0
682.15	0	.6131264	.225856	.1610177	0
681.15	0	.6130604	.2259556	.160984	0
680.15	0	.6129948	.2260549	.1609503	0
679.15	0	.6129294	.226154	.1609166	0
678.15	0	.6128643	.2262529	.1608828	0
677.15	0	.6127994	.2263516	.160849	0
676.15	0	.6127348	.22645	.1608152	0
675.15	0	.6126704	.2265483	.1607813	0
674.15	0	.6126063	.2266463	.1607475	0
673.15	0	.6125424	.2267441	.1607136	0
672.15	0	.6124787	.2268417	.1606796	0
671.15	0	.6124153	.2269391	.1606456	0
670.15	0	.6123521	.2270363	.1606116	0
669.15	0	.6122891	.2271333	.1605776	0
668.15	0	.6122263	.2272301	.1605436	0
667.15	0	.6121638	.2273268	.1605095	0
666.15	0	.6121014	.2274232	.1604754	0
665.15	0	.6120393	.2275195	.1604412	0
664.15	0	.6119773	.2276156	.160407	0
663.15	0	.6119156	.2277116	.1603729	0
662.15	0	.611854	.2278073	.1603386	0
661.15	0	.6117927	.2279029	.1603044	0
660.15	0	.6117315	.2279984	.1602701	0
659.15	0	.6116705	.2280936	.1602358	0
658.15	0	.6116098	.2281888	.1602015	0
657.15	0	.6115491	.2282837	.1601671	0
656.15	0	.6114887	.2283785	.1601328	0
655.15	0	.6114284	.2284732	.1600984	0
654.15	0	.6113684	.2285677	.160064	0
653.15	0	.6113084	.228662	.1600295	0
652.15	0	.6112487	.2287562	.1599951	0
651.15	0	.6111891	.2288503	.1599606	0
650.15	0	.6111297	.2289442	.1599261	0
649.15	0	.6110704	.229038	.1598915	0
648.15	0	.6110114	.2291317	.159857	0
647.15	0	.6109524	.2292252	.1598224	0
646.15	0	.6108936	.2293185	.1597878	0
645.15	0	.610835	.2294118	.1597532	0
644.15	0	.6107765	.2295049	.1597186	0
643.15	0	.6107182	.2295978	.159684	0
642.15	0	.6106601	.2296906	.1596493	0
641.15	0	.610602	.2297833	.1596146	0
640.15	0	.6105442	.2298759	.1595799	0
639.15	0	.6104864	.2299684	.1595452	0
638.15	0	.6104288	.2300607	.1595105	0
637.15	0	.6103714	.2301528	.1594758	0
636.15	0	.6103141	.2302449	.159441	0
635.15	0	.6102569	.2303368	.1594063	0
634.15	0	.6101999	.2304287	.1593715	0
633.15	0	.610143	.2305203	.1593367	0
632.15	0	.6100862	.2306119	.1593019	0
631.15	0	.6100296	.2307033	.1592671	0
630.15	0	.6099731	.2307946	.1592322	0
629.15	0	.6099168	.2308858	.1591974	0
628.15	0	.6098606	.2309769	.1591626	0
627.15	0	.6098045	.2310679	.1591277	0
626.15	0	.6097485	.2311587	.1590928	0
625.15	0	.6096927	.2312494	.159058	0
624.15	0	.609637	.23134	.1590231	0
623.15	0	.6095814	.2314304	.1589882	0
622.15	0	.6095259	.2315208	.1589533	0
621.15	0	.6094706	.231611	.1589184	0
620.15	0	.6094154	.2317011	.1588835	0
619.15	0	.6093603	.2317911	.1588486	0
618.15	0	.6093054	.231881	.1588137	0
617.15	0	.6092505	.2319707	.1587788	0
616.15	0	.6091958	.2320603	.1587439	0
615.15	0	.6091412	.2321498	.158709	0
614.15	0	.6090867	.2322392	.158674	0
613.15	0	.6090324	.2323285	.1586391	0
612.15	0	.6089782	.2324176	.1586042	0
611.15	0	.6089241	.2325067	.1585693	0
610.15	0	.6088701	.2325956	.1585344	0
609.15	0	.6088162	.2326843	.1584995	0
608.15	0	.6087625	.232773	.1584645	0
607.15	0	.6087088	.2328616	.1584296	0
606.15	0	.6086553	.23295	.1583947	0
605.15	0	.6086019	.2330383	.1583598	0
604.15	0	.6085486	.2331265	.1583249	0
603.15	0	.6084954	.2332145	.1582901	0
602.15	0	.6084424	.2333025	.1582552	0
601.15	0	.6083895	.2333903	.1582203	0
600.15	0	.6083366	.2334779	.1581854	0
599.15	0	.6082839	.2335655	.1581506	0
598.15	0	.6082313	.2336529	.1581157	0
597.15	0	.6081789	.2337403	.1580809	0
596.15	0	.6081265	.2338274	.1580461	0
595.15	0	.6080743	.2339145	.1580112	0
594.15	0	.6080221	.2340014	.1579764	0
593.15	0	.6079701	.2340883	.1579416	0
592.15	0	.6079182	.2341749	.1579069	0
591.15	0	.6078664	.2342615	.1578721	0
590.15	0	.6078147	.2343479	.1578374	0
589.15	0	.6077632	.2344342	.1578026	0
588.15	0	.6077117	.2345204	.1577679	0
587.15	0	.6076604	.2346064	.1577332	0
586.15	0	.6076092	.2346923	.1576985	0
585.15	0	.6075581	.2347781	.1576638	0
584.15	0	.6075071	.2348638	.1576292	0
583.15	0	.6074562	.2349493	.1575946	0
582.15	0	.6074054	.2350347	.15756	0
581.15	0	.6073547	.2351199	.1575254	0
580.15	0	.6073042	.235205	.1574908	0
579.15	0	.6072538	.23529	.1574562	0
578.15	0	.6072035	.2353748	.1574217	0
577.15	0	.6071532	.2354595	.1573872	0
576.15	0	.6071032	.2355441	.1573528	0
575.15	0	.6070532	.2356285	.1573183	0
574.15	0	.6070033	.2357128	.1572839	0
573.15	0	.6069536	.235797	.1572495	0
572.15	0	.6069039	.235881	.1572151	0
571.15	0	.6068544	.2359649	.1571808	0
570.15	0	.606805	.2360486	.1571464	0
569.15	0	.6067557	.2361322	.1571121	0
568.15	0	.6067065	.2362156	.1570779	0
567.15	0	.6066574	.2362989	.1570437	0
566.15	0	.6066085	.2363821	.1570094	0
565.15	0	.6065596	.2364651	.1569753	0
564.15	0	.6065109	.236548	.1569412	0
563.15	0	.6064623	.2366307	.1569071	0
562.15	0	.6064138	.2367132	.156873	0
561.15	0	.6063654	.2367957	.1568389	0
560.15	0	.6063171	.2368779	.1568049	0
559.15	0	.606269	.23696	.156771	0
558.15	0	.6062209	.237042	.1567371	0
557.15	0	.606173	.2371238	.1567032	0
556.15	0	.6061252	.2372055	.1566693	0
555.15	0	.6060775	.237287	.1566355	0
554.15	0	.6060299	.2373684	.1566017	0
553.15	0	.6059825	.2374496	.156568	0
552.15	0	.6059351	.2375306	.1565343	0
551.15	0	.6058879	.2376115	.1565006	0
550.15	0	.6058408	.2376922	.156467	0
549.15	0	.6057938	.2377728	.1564334	0
548.15	0	.6057469	.2378532	.1563999	0
547.15	0	.6057001	.2379334	.1563664	0
546.15	0	.6056535	.2380135	.156333	0
545.15	0	.605607	.2380935	.1562996	0
544.15	0	.6055606	.2381732	.1562662	0
543.15	0	.6055143	.2382528	.1562329	0
542.15	0	.6054681	.2383322	.1561997	0
541.15	0	.605422	.2384115	.1561665	0
540.15	0	.6053761	.2384906	.1561333	0
539.15	0	.6053303	.2385695	.1561002	0
538.15	0	.6052846	.2386483	.1560671	0
537.15	0	.605239	.2387269	.1560341	0
536.15	0	.6051935	.2388053	.1560012	0
535.15	0	.6051482	.2388836	.1559683	0
534.15	0	.605103	.2389616	.1559354	0
533.15	0	.6050579	.2390396	.1559026	0
532.15	0	.6050129	.2391173	.1558699	0
531.15	0	.604968	.2391948	.1558372	0
530.15	0	.6049233	.2392722	.1558045	0
529.15	0	.6048786	.2393494	.1557719	0
528.15	0	.6048341	.2394265	.1557394	0
527.15	0	.6047898	.2395033	.1557069	0
526.15	0	.6047455	.23958	.1556745	0
525.15	0	.6047014	.2396565	.1556422	0
524.15	0	.6046574	.2397328	.1556099	0
523.15	0	.6046135	.2398089	.1555776	0
522.15	0	.6045697	.2398848	.1555455	0
521.15	0	.6045261	.2399606	.1555133	0
520.15	0	.6044825	.2400362	.1554813	0
519.15	0	.6044391	.2401116	.1554493	0
518.15	0	.6043959	.2401868	.1554174	0
517.15	0	.6043527	.2402618	.1553855	0
516.15	0	.6043097	.2403366	.1553537	0
515.15	0	.6042668	.2404112	.155322	0
514.15	0	.604224	.2404857	.1552903	0
513.15	0	.6041814	.2405599	.1552587	0
512.15	0	.6041388	.240634	.1552272	0
511.15	0	.6040964	.2407079	.1551957	0
510.15	0	.6040542	.2407815	.1551643	0
509.15	0	.6040122	.240855	.1551328	0
508.15	0	.6039701	.2409283	.1551016	0
507.15	0	.6039282	.2410014	.1550704	0
506.15	0	.6038865	.2410743	.1550393	0
505.15	0	.6038448	.241147	.1550082	0
504.15	0	.6038033	.2412195	.1549772	0
503.15	0	.6037619	.2412918	.1549463	0
502.15	0	.6037207	.2413639	.1549155	0
501.15	0	.6036796	.2414357	.1548847	0
500.15	0	.6036385	.2415074	.154854	0
499.15	0	.6035977	.2415789	.1548234	0
498.15	0	.6035569	.2416502	.1547929	0
497.15	0	.6035163	.2417213	.1547624	0
496.15	0	.6034758	.2417921	.154732	0
495.15	0	.6034355	.2418628	.1547017	0
494.15	0	.6033953	.2419333	.1546715	0
493.15	0	.6033552	.2420035	.1546413	0
492.15	0	.6033152	.2420736	.1546113	0
491.15	0	.6032754	.2421434	.1545813	0
490.15	0	.6032357	.242213	.1545514	0
489.15	0	.6031961	.2422824	.1545215	0
488.15	0	.6031567	.2423516	.1544918	0
487.15	0	.6031173	.2424206	.1544621	0
486.15	0	.6030782	.2424893	.1544325	0
485.15	0	.6030391	.2425579	.154403	0
484.15	0	.6030002	.2426262	.1543736	0
483.15	0	.6029614	.2426943	.1543443	0
482.15	0	.6029228	.2427622	.154315	0
481.15	0	.6028843	.2428299	.1542859	0
480.15	0	.6028459	.2428974	.1542568	0
479.15	0	.6028076	.2429646	.1542278	0
478.15	0	.6027695	.2430316	.1541989	0
477.15	0	.6027315	.2430984	.1541701	0
476.15	0	.6026937	.243165	.1541413	0
475.15	0	.602656	.2432313	.1541127	0
474.15	0	.6026184	.2432975	.1540842	0
473.15	0	.6025809	.2433634	.1540557	0
472.15	0	.6025436	.243429	.1540273	0
471.15	0	.6025065	.2434945	.1539991	0
470.15	0	.6024694	.2435597	.1539709	0
469.15	0	.6024325	.2436247	.1539428	0
468.15	0	.6023957	.2436895	.1539148	0
467.15	0	.6023591	.243754	.1538869	0
466.15	0	.6023226	.2438183	.1538591	0
465.15	0	.6022862	.2438824	.1538314	0
464.15	0	.60225	.2439462	.1538037	0
463.15	0	.6022139	.2440099	.1537762	0
462.15	0	.602178	.2440732	.1537488	0
461.15	0	.6021422	.2441364	.1537215	0
460.15	0	.6021065	.2441993	.1536942	0
459.15	0	.6020709	.244262	.1536671	0
458.15	0	.6020355	.2443244	.1536401	0
457.15	0	.6020003	.2443866	.1536131	0
456.15	0	.6019652	.2444486	.1535863	0
455.15	0	.6019302	.2445103	.1535595	0
454.15	0	.6018953	.2445718	.1535329	0
453.15	0	.6018606	.2446331	.1535064	0
452.15	0	.601826	.2446941	.1534799	0
451.15	0	.6017916	.2447548	.1534536	0
450.15	0	.6017573	.2448154	.1534273	0
449.15	0	.6017232	.2448756	.1534012	0
448.15	0	.6016892	.2449356	.1533752	0
447.15	0	.6016554	.2449953	.1533493	0
446.15	0	.6016217	.2450548	.1533235	0
445.15	0	.6015881	.245114	.1532978	0
444.15	0	.6015548	.245173	.1532723	0
443.15	0	.6015216	.2452316	.1532468	0
442.15	0	.6014885	.24529	.1532215	0
441.15	0	.6014556	.2453482	.1531962	0
440.15	0	.6014229	.245406	.1531711	0
439.15	0	.6013903	.2454635	.1531462	0
438.15	0	.6013579	.2455208	.1531213	0
437.15	0	.6013257	.2455777	.1530965	0
436.15	0	.6012937	.2456344	.1530719	0
435.15	0	.6012618	.2456907	.1530475	0
434.15	0	.6012302	.2457467	.1530231	0
433.15	0	.6011987	.2458025	.1529989	0
432.15	0	.6011674	.2458579	.1529748	0
431.15	0	.6011362	.245913	.1529508	0
430.15	0	.6011053	.2459678	.152927	0
429.15	0	.6010745	.2460222	.1529033	0
428.15	0	.601044	.2460764	.1528797	0
427.15	0	.6010136	.2461302	.1528563	0
426.15	0	.6009834	.2461836	.1528329	0
425.15	0	.6009534	.2462368	.1528098	0
424.15	0	.6009236	.2462896	.1527868	0
423.15	0	.600894	.2463421	.1527639	0
422.15	0	.6008646	.2463943	.1527411	0
421.15	0	.6008354	.2464461	.1527185	0
420.15	0	.6008063	.2464976	.152696	0
419.15	0	.6007775	.2465488	.1526737	0
418.15	0	.6007489	.2465996	.1526515	0
417.15	0	.6007204	.2466501	.1526295	0
416.15	0	.6006922	.2467002	.1526076	0
415.15	0	.6006641	.2467501	.1525858	0
414.15	0	.6006362	.2467995	.1525642	0
413.15	0	.6006086	.2468487	.1525427	0
412.15	0	.6005811	.2468975	.1525214	0
411.15	0	.6005538	.2469459	.1525002	0
410.15	0	.6005268	.2469941	.1524792	0
409.15	0	.6004999	.2470419	.1524583	0
408.15	0	.6004732	.2470893	.1524375	0
407.15	0	.6004467	.2471364	.1524169	0
406.15	0	.6004204	.2471832	.1523965	0
405.15	0	.6003942	.2472296	.1523761	0
404.15	0	.6003683	.2472757	.152356	0
403.15	0	.6003426	.2473215	.1523359	0
402.15	0	.600317	.2473669	.1523161	0
401.15	0	.6002917	.247412	.1522963	0
400.15	0	.6002665	.2474568	.1522767	0
399.15	0	.6002415	.2475013	.1522573	0
398.15	0	.6002167	.2475454	.152238	0
397.3956	0	.6001981	.2475784	.1522235	0
397.3956	0	.6001981	.2475784	.1522235	0
397.3956	0	.6001981	.2475784	.1522235	0
397.15	0	.6002494	.2474539	.1521548	1.419663E-04
396.15	0	.6004578	.2469469	.1518756	7.196383E-04
395.15	0	.600666	.2464405	.1515969	.001296571
394.15	0	.6008739	.2459346	.1513187	.001872771
393.15	0	.6010814	.2454293	.1510411	.002448244
392.15	0	.6012886	.2449244	.150764	.003022995
391.15	0	.6014955	.2444201	.1504874	.003597033
390.15	0	.6017022	.2439162	.1502113	.004170361
389.15	0	.6019085	.2434128	.1499357	.004742985
388.15	0	.6021145	.2429099	.1496606	.005314913
387.15	0	.6023203	.2424075	.1493861	.005886148
386.15	0	.6025258	.2419055	.149112	.006456698
385.15	0	.602731	.241404	.1488385	.007026566
384.15	0	.602936	.2409029	.1485654	.00759576
383.15	0	.6031407	.2404022	.1482929	.008164284
382.15	0	.6033451	.239902	.1480208	.008732144
381.15	0	.6035493	.2394022	.1477492	.009299344
380.15	0	.6037532	.2389027	.1474782	.009865891
379.15	0	.6039569	.2384037	.1472076	.01043179
378.15	0	.6041604	.2379051	.1469375	.01099704
377.15	0	.6043636	.2374069	.1466678	.01156166
376.15	0	.6045666	.2369091	.1463987	.01212564
375.15	0	.6047693	.2364116	.14613	.01268899
374.15	0	.6049719	.2359145	.1458619	.01325172
373.15	0	.6051742	.2354178	.1455941	.01381383
372.15	0	.6053763	.2349215	.1453269	.01437533
371.15	0	.6055782	.2344255	.1450601	.01493622
370.15	0	.6057799	.2339298	.1447938	.0154965
369.15	0	.6059814	.2334345	.144528	.01605618
368.15	0	.6061827	.2329395	.1442626	.01661526
367.15	0	.6063838	.2324448	.1439977	.01717376
366.15	0	.6065847	.2319505	.1437332	.01773166
365.15	0	.6067854	.2314565	.1434692	.01828898
364.15	0	.6069859	.2309628	.1432056	.01884573
