T	 BPW(LIQUID)	BPW(BCC_A2)	BPW(FCC_A1)	BPW(LAVES_PHASE_C14)	BPW(NI3TI)
1473.15	.08052951	.8817125	.03775796	0	0
1472.15	.07581078	.8792118	.04497744	0	0
1471.15	.07109434	.8767289	.0521768	0	0
1470.15	.06637991	.8742637	.05935636	0	0
1469.15	.06166721	.8718164	.06651644	0	0
1468.15	.05695596	.8693867	.07365737	0	0
1467.15	.05224588	.8669747	.08077945	0	0
1466.15	.0475367	.8645803	.087883	0	0
1465.15	.04282815	.8622035	.09496832	0	0
1464.15	.03811996	.8598443	.1020357	0	0
1463.15	.03341186	.8575027	.1090855	0	0
1462.15	.02870358	.8551785	.1161179	0	0
1461.15	.02399487	.8528718	.1231333	0	0
1460.15	.01928547	.8505826	.1301319	0	0
1459.15	.01457511	.8483108	.1371141	0	0
1458.15	.009863551	.8460564	.1440801	0	0
1457.15	.005150528	.8438193	.1510302	0	0
1456.15	4.357951E-04	.8415996	.1579646	0	0
1456.058	0	.8413954	.1586046	0	0
1456.058	0	.8413954	.1586046	0	0
1455.15	0	.8397643	.1602357	0	0
1454.15	0	.83797	.16203	0	0
1453.15	0	.8361787	.1638213	0	0
1452.15	0	.8343903	.1656097	0	0
1451.15	0	.8326048	.1673952	0	0
1450.15	0	.8308224	.1691776	0	0
1449.15	0	.8290428	.1709572	0	0
1448.15	0	.8272663	.1727337	0	0
1447.15	0	.8254926	.1745074	0	0
1446.15	0	.8237219	.1762781	0	0
1445.15	0	.8219542	.1780458	0	0
1444.15	0	.8201893	.1798107	0	0
1443.15	0	.8184275	.1815726	0	0
1442.15	0	.8166685	.1833315	0	0
1441.15	0	.8149125	.1850875	0	0
1440.15	0	.8131593	.1868407	0	0
1439.15	0	.8114092	.1885909	0	0
1438.15	0	.8096619	.1903381	0	0
1437.15	0	.8079175	.1920825	0	0
1436.15	0	.8061761	.1938239	0	0
1435.15	0	.8044375	.1955625	0	0
1434.15	0	.8027019	.1972981	0	0
1433.15	0	.8009692	.1990308	0	0
1432.15	0	.7992394	.2007606	0	0
1431.15	0	.7975125	.2024875	0	0
1430.15	0	.7957884	.2042116	0	0
1429.15	0	.7940673	.2059327	0	0
1428.15	0	.7923491	.2076509	0	0
1427.15	0	.7906337	.2093663	0	0
1426.15	0	.7889213	.2110787	0	0
1425.15	0	.7872117	.2127883	0	0
1424.15	0	.785505	.214495	0	0
1423.15	0	.7838012	.2161988	0	0
1422.15	0	.7821003	.2178997	0	0
1421.15	0	.7804023	.2195977	0	0
1420.15	0	.7787071	.2212929	0	0
1419.15	0	.7770148	.2229852	0	0
1418.15	0	.7753254	.2246746	0	0
1417.15	0	.7736388	.2263612	0	0
1416.15	0	.7719551	.2280449	0	0
1415.15	0	.7702743	.2297257	0	0
1414.15	0	.7685964	.2314036	0	0
1413.15	0	.7669213	.2330787	0	0
1412.15	0	.765249	.234751	0	0
1411.15	0	.7635797	.2364203	0	0
1410.15	0	.7619131	.2380869	0	0
1409.15	0	.7602495	.2397505	0	0
1408.15	0	.7585887	.2414113	0	0
1407.15	0	.7569307	.2430693	0	0
1406.15	0	.7552756	.2447244	0	0
1405.15	0	.7536233	.2463767	0	0
1404.15	0	.7519739	.2480261	0	0
1403.15	0	.7503273	.2496727	0	0
1402.15	0	.7486836	.2513164	0	0
1401.15	0	.7470427	.2529573	0	0
1400.15	0	.7454047	.2545953	0	0
1399.15	0	.7437695	.2562305	0	0
1398.15	0	.7421371	.2578629	0	0
1397.15	0	.7405076	.2594924	0	0
1396.15	0	.7388809	.2611191	0	0
1395.15	0	.737257	.262743	0	0
1394.15	0	.735636	.264364	0	0
1393.15	0	.7340178	.2659822	0	0
1392.15	0	.7324024	.2675976	0	0
1391.15	0	.7307899	.2692101	0	0
1390.15	0	.7291802	.2708198	0	0
1389.15	0	.7275733	.2724267	0	0
1388.15	0	.7259693	.2740307	0	0
1387.15	0	.7243681	.275632	0	0
1386.15	0	.7227697	.2772303	0	0
1385.15	0	.7211741	.2788259	0	0
1384.15	0	.7195813	.2804187	0	0
1383.15	0	.7179914	.2820086	0	0
1382.15	0	.7164043	.2835957	0	0
1381.15	0	.71482	.28518	0	0
1380.15	0	.7132386	.2867614	0	0
1379.15	0	.71166	.2883401	0	0
1378.15	0	.7100841	.2899159	0	0
1377.15	0	.7085112	.2914889	0	0
1376.15	0	.706941	.293059	0	0
1375.15	0	.7053736	.2946264	0	0
1374.15	0	.7038091	.2961909	0	0
1373.15	0	.7022474	.2977526	0	0
1372.15	0	.7006885	.2993115	0	0
1371.15	0	.6991324	.3008676	0	0
1370.15	0	.6975791	.3024209	0	0
1369.15	0	.6960287	.3039713	0	0
1368.15	0	.6944811	.3055189	0	0
1367.15	0	.6929363	.3070637	0	0
1366.15	0	.6913943	.3086057	0	0
1365.15	0	.6898551	.3101449	0	0
1364.15	0	.6883188	.3116812	0	0
1363.15	0	.6867853	.3132147	0	0
1362.15	0	.6852546	.3147454	0	0
1361.15	0	.6837267	.3162733	0	0
1360.15	0	.6822016	.3177984	0	0
1359.15	0	.6806793	.3193207	0	0
1358.15	0	.6791599	.3208401	0	0
1357.15	0	.6776433	.3223567	0	0
1356.15	0	.6761295	.3238705	0	0
1355.15	0	.6746186	.3253814	0	0
1354.15	0	.6731104	.3268896	0	0
1353.15	0	.6716051	.3283949	0	0
1352.15	0	.6701026	.3298974	0	0
1351.15	0	.668603	.331397	0	0
1350.15	0	.6671061	.3328939	0	0
1349.15	0	.6656121	.3343879	0	0
1348.15	0	.6641209	.3358791	0	0
1347.15	0	.6626326	.3373674	0	0
1346.15	0	.6611471	.3388529	0	0
1345.15	0	.6596644	.3403356	0	0
1344.15	0	.6581845	.3418155	0	0
1343.15	0	.6567075	.3432925	0	0
1342.15	0	.6552333	.3447667	0	0
1341.15	0	.653762	.3462381	0	0
1340.15	0	.6522934	.3477066	0	0
1339.15	0	.6508278	.3491722	0	0
1338.15	0	.6493649	.3506351	0	0
1337.15	0	.647905	.3520951	0	0
1336.15	0	.6464478	.3535522	0	0
1335.15	0	.6449935	.3550065	0	0
1334.15	0	.6435421	.3564579	0	0
1333.15	0	.6420935	.3579065	0	0
1332.15	0	.6406477	.3593523	0	0
1331.15	0	.6392048	.3607952	0	0
1330.15	0	.6377648	.3622352	0	0
1329.15	0	.6363276	.3636724	0	0
1328.15	0	.6348933	.3651067	0	0
1327.15	0	.6334618	.3665382	0	0
1326.15	0	.6320332	.3679668	0	0
1325.15	0	.6306075	.3693925	0	0
1324.15	0	.6291846	.3708154	0	0
1323.15	0	.6277646	.3722354	0	0
1322.15	0	.6263475	.3736525	0	0
1321.15	0	.6249333	.3750667	0	0
1320.15	0	.6235219	.3764781	0	0
1319.15	0	.6221134	.3778866	0	0
1318.15	0	.6207079	.3792921	0	0
1317.15	0	.6193051	.3806949	0	0
1316.15	0	.6179053	.3820947	0	0
1315.15	0	.6165084	.3834916	0	0
1314.15	0	.6151144	.3848856	0	0
1313.15	0	.6137233	.3862768	0	0
1312.15	0	.612335	.387665	0	0
1311.15	0	.6109497	.3890503	0	0
1310.15	0	.6095673	.3904327	0	0
1309.15	0	.6081878	.3918122	0	0
1308.15	0	.6068112	.3931888	0	0
1307.15	0	.6054376	.3945624	0	0
1306.15	0	.6040668	.3959332	0	0
1305.15	0	.602699	.397301	0	0
1304.15	0	.6013341	.3986659	0	0
1303.15	0	.5999722	.4000278	0	0
1302.15	0	.5986132	.4013868	0	0
1301.15	0	.5972571	.4027429	0	0
1300.15	0	.595904	.404096	0	0
1299.15	0	.5945538	.4054462	0	0
1298.15	0	.5932066	.4067934	0	0
1297.15	0	.5918623	.4081377	0	0
1296.15	0	.590521	.409479	0	0
1295.15	0	.5891827	.4108173	0	0
1294.15	0	.5878473	.4121527	0	0
1293.15	0	.586515	.413485	0	0
1292.15	0	.5851856	.4148144	0	0
1291.15	0	.5838592	.4161408	0	0
1290.15	0	.5825357	.4174643	0	0
1289.15	0	.5812153	.4187847	0	0
1288.15	0	.5798979	.4201021	0	0
1287.15	0	.5785835	.4214165	0	0
1286.15	0	.5772721	.4227279	0	0
1285.15	0	.5759637	.4240363	0	0
1284.15	0	.5746583	.4253417	0	0
1283.15	0	.573356	.426644	0	0
1282.15	0	.5720567	.4279434	0	0
1281.15	0	.5707604	.4292396	0	0
1280.15	0	.5694672	.4305329	0	0
1279.15	0	.568177	.431823	0	0
1278.15	0	.5668898	.4331102	0	0
1277.15	0	.5656058	.4343942	0	0
1276.15	0	.5643248	.4356752	0	0
1275.15	0	.5630469	.4369531	0	0
1274.15	0	.561772	.438228	0	0
1273.15	0	.5605003	.4394997	0	0
1272.15	0	.5592316	.4407684	0	0
1271.15	0	.557966	.442034	0	0
1270.15	0	.5567036	.4432964	0	0
1269.15	0	.5554442	.4445558	0	0
1268.15	0	.554188	.445812	0	0
1267.15	0	.5529349	.4470651	0	0
1266.15	0	.5516849	.4483151	0	0
1265.15	0	.5504381	.4495619	0	0
1264.15	0	.5491944	.4508056	0	0
1263.15	0	.5479539	.4520461	0	0
1262.15	0	.5467165	.4532835	0	0
1261.15	0	.5454823	.4545177	0	0
1260.15	0	.5442513	.4557487	0	0
1259.15	0	.5430234	.4569766	0	0
1258.15	0	.5417988	.4582012	0	0
1257.15	0	.5405773	.4594227	0	0
1256.15	0	.5393591	.4606409	0	0
1255.15	0	.5381441	.4618559	0	0
1254.15	0	.5369323	.4630677	0	0
1253.15	0	.5357237	.4642763	0	0
1252.15	0	.5345184	.4654816	0	0
1251.15	0	.5333163	.4666837	0	0
1250.15	0	.5321175	.4678825	0	0
1249.15	0	.5309219	.4690781	0	0
1248.15	0	.5297297	.4702703	0	0
1247.15	0	.5285407	.4714593	0	0
1246.15	0	.527355	.472645	0	0
1245.15	0	.5261726	.4738274	0	0
1244.15	0	.5249935	.4750065	0	0
1243.15	0	.5238177	.4761823	0	0
1242.15	0	.5226453	.4773547	0	0
1241.15	0	.5214762	.4785238	0	0
1240.15	0	.5203105	.4796895	0	0
1239.15	0	.5191481	.4808519	0	0
1238.15	0	.5179891	.4820109	0	0
1237.15	0	.5168335	.4831665	0	0
1236.15	0	.5156813	.4843187	0	0
1235.15	0	.5145325	.4854675	0	0
1234.15	0	.5133871	.4866129	0	0
1233.15	0	.5122451	.4877549	0	0
1232.15	0	.5111065	.4888935	0	0
1231.15	0	.5099714	.4900286	0	0
1230.15	0	.5088398	.4911602	0	0
1229.15	0	.5077116	.4922884	0	0
1228.15	0	.5065869	.4934131	0	0
1227.15	0	.5054657	.4945343	0	0
1226.15	0	.5043479	.4956521	0	0
1225.15	0	.5032338	.4967662	0	0
1224.15	0	.5021231	.4978769	0	0
1223.15	0	.501016	.4989841	0	0
1222.15	0	.4999124	.5000876	0	0
1221.15	0	.4988124	.5011876	0	0
1220.15	0	.4977159	.5022841	0	0
1219.15	0	.4966231	.503377	0	0
1218.15	0	.4955338	.5044662	0	0
1217.15	0	.4944482	.5055519	0	0
1216.15	0	.4933661	.5066339	0	0
1215.15	0	.4922878	.5077122	0	0
1214.15	0	.491213	.508787	0	0
1213.15	0	.490142	.509858	0	0
1212.15	0	.4890746	.5109254	0	0
1211.15	0	.4880109	.5119891	0	0
1210.15	0	.4869509	.5130491	0	0
1209.15	0	.4858947	.5141053	0	0
1208.15	0	.4848421	.5151579	0	0
1207.15	0	.4837934	.5162066	0	0
1206.15	0	.4827484	.5172516	0	0
1205.15	0	.4817072	.5182929	0	0
1204.15	0	.4806697	.5193303	0	0
1203.15	0	.4796361	.5203639	0	0
1202.15	0	.4786063	.5213937	0	0
1201.15	0	.4775804	.5224196	0	0
1200.15	0	.4765583	.5234417	0	0
1199.15	0	.47554	.52446	0	0
1198.15	0	.4745257	.5254743	0	0
1197.15	0	.4735153	.5264847	0	0
1196.15	0	.4725088	.5274912	0	0
1195.15	0	.4715062	.5284938	0	0
1194.15	0	.4705076	.5294924	0	0
1193.15	0	.4695129	.5304871	0	0
1192.15	0	.4685223	.5314777	0	0
1191.15	0	.4675356	.5324644	0	0
1190.15	0	.466553	.533447	0	0
1189.15	0	.4655744	.5344256	0	0
1188.15	0	.4645998	.5354002	0	0
1187.15	0	.4636293	.5363707	0	0
1186.15	0	.462663	.537337	0	0
1185.15	0	.4617007	.5382993	0	0
1184.15	0	.4607426	.5392574	0	0
1183.15	0	.4597886	.5402114	0	0
1182.15	0	.4588388	.5411612	0	0
1181.15	0	.4578932	.5421068	0	0
1180.15	0	.4569517	.5430483	0	0
1179.15	0	.4560145	.5439855	0	0
1178.15	0	.4550816	.5449184	0	0
1177.15	0	.4541529	.5458471	0	0
1176.15	0	.4532285	.5467715	0	0
1175.15	0	.4523084	.5476916	0	0
1174.15	0	.4513926	.5486074	0	0
1173.15	0	.4504812	.5495188	0	0
1172.15	0	.4495741	.5504259	0	0
1171.15	0	.4486714	.5513286	0	0
1170.15	0	.4477732	.5522268	0	0
1169.15	0	.4468793	.5531207	0	0
1168.15	0	.44599	.55401	0	0
1167.15	0	.4451051	.5548949	0	0
1166.15	0	.4442246	.5557754	0	0
1165.15	0	.4433488	.5566513	0	0
1164.15	0	.4424774	.5575226	0	0
1163.15	0	.4416106	.5583894	0	0
1162.15	0	.4407484	.5592516	0	0
1161.15	0	.4398908	.5601092	0	0
1160.15	0	.4390379	.5609621	0	0
1159.15	0	.4381896	.5618104	0	0
1158.15	0	.437346	.562654	0	0
1157.15	0	.4365071	.5634929	0	0
1156.15	0	.4356729	.5643271	0	0
1155.15	0	.4348435	.5651565	0	0
1154.15	0	.4340188	.5659812	0	0
1153.15	0	.4331989	.5668011	0	0
1152.15	0	.4323839	.5676161	0	0
1151.15	0	.4315738	.5684262	0	0
1150.15	0	.4307685	.5692315	0	0
1149.15	0	.4299682	.5700318	0	0
1148.15	0	.4291727	.5708273	0	0
1147.15	0	.4283823	.5716177	0	0
1146.15	0	.4275968	.5724032	0	0
1145.15	0	.4268164	.5731837	0	0
1144.15	0	.4260409	.5739591	0	0
1143.15	0	.4252706	.5747294	0	0
1142.15	0	.4245053	.5754947	0	0
1141.15	0	.4237452	.5762548	0	0
1140.15	0	.4229903	.5770097	0	0
1139.15	0	.4222405	.5777595	0	0
1138.15	0	.4214959	.5785041	0	0
1137.15	0	.4207566	.5792434	0	0
1136.15	0	.4200225	.5799775	0	0
1135.15	0	.4192938	.5807062	0	0
1134.15	0	.4185703	.5814297	0	0
1133.15	0	.4178523	.5821477	0	0
1132.15	0	.4171396	.5828604	0	0
1131.15	0	.4164324	.5835676	0	0
1130.15	0	.4157306	.5842694	0	0
1129.15	0	.4150342	.5849658	0	0
1128.15	0	.4143435	.5856566	0	0
1127.15	0	.4136582	.5863418	0	0
1126.15	0	.4129785	.5870215	0	0
1125.15	0	.4123045	.5876955	0	0
1124.15	0	.4116361	.5883639	0	0
1123.15	0	.4109734	.5890266	0	0
1122.15	0	.4103163	.5896837	0	0
1121.15	0	.4096651	.5903349	0	0
1120.15	0	.4090196	.5909804	0	0
1119.15	0	.4083799	.5916201	0	0
1118.15	0	.4077461	.5922539	0	0
1117.15	0	.4071182	.5928818	0	0
1116.15	0	.4064962	.5935039	0	0
1115.15	0	.4058801	.5941199	0	0
1114.15	0	.40527	.59473	0	0
1113.15	0	.404666	.595334	0	0
1112.15	0	.404068	.595932	0	0
1111.15	0	.4034761	.5965239	0	0
1110.15	0	.4028904	.5971097	0	0
1109.15	0	.4023108	.5976892	0	0
1108.15	0	.4017374	.5982626	0	0
1107.15	0	.4011703	.5988297	0	0
1106.15	0	.4006095	.5993905	0	0
1105.15	0	.400055	.599945	0	0
1104.15	0	.3995068	.6004932	0	0
1103.15	0	.3989651	.6010349	0	0
1102.15	0	.3984298	.6015702	0	0
1101.15	0	.397901	.602099	0	0
1100.15	0	.3973787	.6026213	0	0
1099.15	0	.396863	.603137	0	0
1098.15	0	.3963539	.6036461	0	0
1097.15	0	.3958514	.6041486	0	0
1096.15	0	.3953557	.6046444	0	0
1095.15	0	.3948666	.6051334	0	0
1094.15	0	.3943843	.6056157	0	0
1093.15	0	.3939088	.6060912	0	0
1092.15	0	.3934402	.6065598	0	0
1091.15	0	.3929785	.6070215	0	0
1090.15	0	.3925237	.6074763	0	0
1089.15	0	.3920759	.6079241	0	0
1088.15	0	.3916352	.6083649	0	0
1087.15	0	.3912015	.6087986	0	0
1086.15	0	.3907749	.6092251	0	0
1085.15	0	.3903555	.6096446	0	0
1084.15	0	.3899432	.6100568	0	0
1083.15	0	.3895383	.6104617	0	0
1082.15	0	.3891406	.6108594	0	0
1081.15	0	.3887503	.6112497	0	0
1080.15	0	.3883673	.6116327	0	0
1079.15	0	.3879918	.6120082	0	0
1078.15	0	.3876238	.6123762	0	0
1077.15	0	.3872633	.6127367	0	0
1076.15	0	.3869104	.6130896	0	0
1075.15	0	.3865652	.6134348	0	0
1074.15	0	.3862275	.6137725	0	0
1073.15	0	.3858976	.6141024	0	0
1072.15	0	.3855755	.6144245	0	0
1071.15	0	.3852612	.6147388	0	0
1070.15	0	.3849548	.6150452	0	0
1069.15	0	.3846563	.6153437	0	0
1068.15	0	.3843657	.6156343	0	0
1067.15	0	.3840832	.6159168	0	0
1066.15	0	.3838087	.6161913	0	0
1065.15	0	.3835424	.6164576	0	0
1064.15	0	.3832842	.6167158	0	0
1063.15	0	.3830343	.6169657	0	0
1062.15	0	.3827926	.6172074	0	0
1061.15	0	.3825592	.6174408	0	0
1060.15	0	.3823342	.6176658	0	0
1059.15	0	.3821177	.6178823	0	0
1058.15	0	.3819096	.6180904	0	0
1057.15	0	.3817101	.6182899	0	0
1056.15	0	.3815191	.6184809	0	0
1055.15	0	.3813368	.6186632	0	0
1054.15	0	.3811632	.6188368	0	0
1053.15	0	.3809983	.6190017	0	0
1052.15	0	.3808422	.6191578	0	0
1051.15	0	.380695	.619305	0	0
1050.15	0	.3805567	.6194433	0	0
1049.15	0	.3804273	.6195727	0	0
1048.15	0	.380307	.619693	0	0
1047.15	0	.3801957	.6198043	0	0
1046.15	0	.3800936	.6199064	0	0
1045.15	0	.3800006	.6199994	0	0
1044.15	0	.3799169	.6200831	0	0
1043.15	0	.3798425	.6201575	0	0
1042.15	0	.3797774	.6202226	0	0
1041.15	0	.3797217	.6202783	0	0
1040.15	0	.3796755	.6203245	0	0
1039.15	0	.3796388	.6203612	0	0
1038.15	0	.3796117	.6203883	0	0
1037.15	0	.3795942	.6204058	0	0
1036.15	0	.3795864	.6204137	0	0
1035.15	0	.3795883	.6204117	0	0
1034.15	0	.3796	.6204	0	0
1033.15	0	.3796215	.6203785	0	0
1032.15	0	.379653	.620347	0	0
1031.15	0	.3796945	.6203055	0	0
1030.15	0	.3797459	.6202541	0	0
1029.15	0	.3798075	.6201925	0	0
1028.15	0	.3798792	.6201208	0	0
1027.15	0	.379961	.620039	0	0
1026.15	0	.3800531	.6199469	0	0
1025.15	0	.3801556	.6198444	0	0
1024.15	0	.3802683	.6197317	0	0
1023.15	0	.3803915	.6196085	0	0
1022.15	0	.3805252	.6194748	0	0
1021.15	0	.3806694	.6193306	0	0
1020.15	0	.3808242	.6191758	0	0
1019.15	0	.3809896	.6190104	0	0
1018.15	0	.3811657	.6188343	0	0
1017.15	0	.3813526	.6186474	0	0
1016.15	0	.3815502	.6184498	0	0
1015.993	0	.3815822	.6184178	0	0
1015.993	0	.3815822	.6184178	0	0
1015.993	0	.3815822	.6184178	0	0
1015.15	0	.3814935	.6182598	2.466584E-04	0
1014.15	0	.3813984	.6180633	5.383122E-04	0
1013.15	0	.3813141	.6178569	8.290186E-04	0
1012.15	0	.3812409	.6176404	.001118775	0
1011.15	0	.3811787	.6174138	.001407577	0
1010.15	0	.3811275	.6171771	.001695422	0
1009.15	0	.3810875	.6169302	.001982307	0
1008.15	0	.3810586	.6166731	.002268228	0
1007.15	0	.381041	.6164058	.002553181	0
1006.15	0	.3810347	.6161281	.002837164	0
1005.15	0	.3810398	.6158401	.003120172	0
1004.15	0	.3810562	.6155416	.003402201	0
1003.15	0	.381084	.6152327	.003683247	0
1002.15	0	.3811234	.6149133	.003963307	0
1001.15	0	.3811743	.6145833	.004242375	0
1000.15	0	.3812368	.6142428	.004520449	0
999.15	0	.3813109	.6138916	.004797523	0
998.15	0	.3813968	.6135296	.005073592	0
997.15	0	.3814944	.613157	.005348652	0
996.15	0	.3816038	.6127736	.005622699	0
995.15	0	.381725	.6123793	.005895727	0
994.15	0	.3818581	.6119741	.006167731	0
993.15	0	.3820032	.6115581	.006438706	0
992.15	0	.3821603	.6111311	.006708647	0
991.15	0	.3823294	.610693	.006977548	0
990.15	0	.3825106	.610244	.007245404	0
989.15	0	.382704	.6097838	.007512209	0
988.15	0	.3829095	.6093125	.007777957	0
987.15	0	.3831273	.6088301	.008042643	0
986.15	0	.3833574	.6083364	.008306259	0
985.15	0	.3835997	.6078315	.008568799	0
984.15	0	.3838545	.6073153	.008830258	0
983.15	0	.3841216	.6067877	.009090628	0
982.15	0	.3844013	.6062488	.009349903	0
981.15	0	.3846934	.6056985	.009608076	0
980.15	0	.384998	.6051368	.009865139	0
979.15	0	.3853153	.6045636	.01012109	0
978.15	0	.3856451	.603979	.01037591	0
977.15	0	.3859877	.6033827	.0106296	0
976.15	0	.3863429	.602775	.01088215	0
975.15	0	.3867109	.6021556	.01113355	0
974.15	0	.3870916	.6015246	.0113838	0
973.15	0	.3874852	.6008819	.01163288	0
972.15	0	.3878916	.6002276	.01188079	0
971.15	0	.3883109	.5995616	.01212752	0
970.15	0	.3887431	.5988838	.01237305	0
969.15	0	.3891883	.5981943	.01261739	0
968.15	0	.3896464	.5974931	.01286051	0
967.15	0	.3901176	.59678	.01310242	0
966.15	0	.3906018	.5960551	.0133431	0
965.15	0	.391099	.5953184	.01358253	0
964.15	0	.3916094	.5945699	.01382072	0
963.15	0	.3921329	.5938095	.01405765	0
962.15	0	.3926695	.5930372	.0142933	0
961.15	0	.3932193	.5922531	.01452767	0
960.15	0	.3937822	.591457	.01476075	0
959.15	0	.3943584	.5906491	.01499252	0
958.15	0	.3949478	.5898293	.01522298	0
957.15	0	.3955504	.5889975	.0154521	0
956.15	0	.3961663	.5881538	.01567988	0
955.15	0	.3967954	.5872983	.0159063	0
954.15	0	.3974378	.5864308	.01613136	0
953.15	0	.3980935	.5855515	.01635503	0
952.15	0	.3987625	.5846602	.01657731	0
951.15	0	.3994448	.5837571	.01679817	0
950.15	0	.4001403	.5828421	.01701761	0
949.15	0	.4008492	.5819152	.01723561	0
948.15	0	.4015714	.5809765	.01745215	0
947.15	0	.4023068	.5800259	.01766723	0
946.15	0	.4030556	.5790636	.01788081	0
945.15	0	.4038176	.5780895	.01809289	0
944.15	0	.4045929	.5771036	.01830345	0
943.15	0	.4053815	.576106	.01851248	0
942.15	0	.4061833	.5750968	.01871995	0
941.15	0	.4069983	.5740759	.01892584	0
940.15	0	.4078265	.5730433	.01913015	0
939.15	0	.4086679	.5719992	.01933284	0
938.15	0	.4095225	.5709436	.0195339	0
937.15	0	.4103902	.5698765	.01973331	0
936.15	0	.411271	.568798	.01993105	0
935.15	0	.4121648	.5677081	.0201271	0
934.15	0	.4130716	.566607	.02032143	0
933.15	0	.4139914	.5654945	.02051403	0
932.15	0	.4149242	.5643709	.02070486	0
931.15	0	.4158698	.5632362	.02089392	0
930.15	0	.4168283	.5620906	.02108116	0
929.15	0	.4177995	.5609339	.02126658	0
928.15	0	.4187835	.5597664	.02145014	0
927.15	0	.4197801	.5585881	.02163182	0
926.15	0	.4207892	.5573992	.02181158	0
925.15	0	.4218109	.5561997	.02198941	0
924.15	0	.422845	.5549897	.02216528	0
923.15	0	.4238915	.5537693	.02233915	0
922.15	0	.4249502	.5525388	.02251099	0
921.15	0	.4260211	.5512981	.02268078	0
920.15	0	.4271041	.5500474	.02284848	0
919.15	0	.4281991	.5487869	.02301406	0
918.15	0	.4293059	.5475166	.02317748	0
917.15	0	.4304245	.5462367	.02333872	0
916.15	0	.4315548	.5449475	.02349773	0
915.15	0	.4326966	.543649	.02365448	0
914.15	0	.4338498	.5423413	.02380892	0
913.15	0	.4350142	.5410248	.02396103	0
912.15	0	.4361897	.5396995	.02411076	0
911.15	0	.4373763	.5383657	.02425806	0
910.15	0	.4385736	.5370235	.0244029	0
909.15	0	.4397817	.5356731	.02454523	0
908.15	0	.4410002	.5343149	.024685	0
907.15	0	.442229	.5329489	.02482217	0
906.15	0	.4434679	.5315754	.02495667	0
905.15	0	.4447168	.5301947	.02508847	0
904.15	0	.4459754	.5288071	.02521751	0
903.15	0	.4472435	.5274127	.02534374	0
902.15	0	.448521	.5260119	.02546708	0
901.15	0	.4498075	.524605	.02558749	0
900.15	0	.4511028	.5231923	.02570491	0
899.15	0	.4524068	.521774	.02581926	0
898.15	0	.453719	.5203505	.02593048	0
897.15	0	.4550393	.5189222	.0260385	0
896.15	0	.4562273	.5176429	.02612978	0
895.15	0	.4573856	.5164025	.02621188	0
894.15	0	.4585851	.5151235	.0262914	0
893.15	0	.4598234	.5138082	.02636836	0
892.15	0	.4610981	.5124591	.02644275	0
891.15	0	.4624071	.5110783	.0265146	0
890.15	0	.4637481	.509668	.02658393	0
889.15	0	.4651191	.5082302	.02665073	0
888.15	0	.4665182	.5067667	.02671504	0
887.15	0	.4679436	.5052796	.02677686	0
886.15	0	.4693934	.5037704	.02683622	0
885.15	0	.4708659	.502241	.02689314	0
884.15	0	.4723595	.5006928	.02694764	0
883.15	0	.4738727	.4991275	.02699973	0
882.15	0	.475404	.4975466	.02704945	0
881.15	0	.4769518	.4959514	.02709682	0
880.15	0	.4785149	.4943433	.02714185	0
879.15	0	.4800918	.4927236	.02718458	0
878.15	0	.4816814	.4910936	.02722502	0
877.15	0	.4832824	.4894544	.02726321	0
876.15	0	.4848935	.4878073	.02729917	0
875.15	0	.4865138	.4861533	.02733292	0
874.15	0	.4881421	.4844934	.0273645	0
873.15	0	.4897773	.4828288	.02739393	0
872.15	0	.4914184	.4811603	.02742124	0
871.15	0	.4930646	.479489	.02744645	0
870.15	0	.4947148	.4778156	.0274696	0
869.15	0	.4963682	.4761411	.02749071	0
868.15	0	.4980239	.4744663	.02750981	0
867.15	0	.4996812	.4727919	.02752694	0
866.15	0	.5013391	.4711188	.02754211	0
865.15	0	.502997	.4694476	.02755537	0
864.15	0	.5046542	.4677791	.02756673	0
863.15	0	.5063099	.4661139	.02757623	0
862.15	0	.5079635	.4644526	.0275839	0
861.15	0	.5096144	.4627959	.02758977	0
860.15	0	.5112619	.4611442	.02759387	0
859.15	0	.5129056	.4594982	.02759623	0
858.15	0	.5145447	.4578584	.02759687	0
857.15	0	.5161789	.4562252	.02759584	0
856.15	0	.5178077	.4545992	.02759315	0
855.15	0	.5194304	.4529808	.02758884	0
854.15	0	.5210467	.4513703	.02758294	0
853.15	0	.5226562	.4497683	.02757548	0
852.15	0	.5242585	.448175	.02756648	0
851.15	0	.5258531	.4465909	.02755599	0
850.15	0	.5274397	.4450163	.02754401	0
849.15	0	.529018	.4434514	.0275306	0
848.15	0	.5305876	.4418966	.02751576	0
847.15	0	.5321482	.4403522	.02749954	0
846.15	0	.5336996	.4388184	.02748196	0
845.15	0	.5352414	.4372955	.02746305	0
844.15	0	.5367735	.4357837	.02744284	0
843.15	0	.5382955	.4342831	.02742135	0
842.15	0	.5398073	.4327941	.02739862	0
841.15	0	.5413086	.4313167	.02737467	0
840.15	0	.5427993	.4298512	.02734952	0
839.15	0	.5442791	.4283977	.02732321	0
838.15	0	.545748	.4269562	.02729576	0
837.15	0	.5472058	.4255271	.02726719	0
836.15	0	.5486522	.4241102	.02723753	0
835.15	0	.5500873	.4227059	.02720681	0
834.15	0	.5515109	.4213141	.02717506	0
833.15	0	.5529228	.4199349	.02714229	0
832.15	0	.5543231	.4185684	.02710853	0
831.15	0	.5557116	.4172146	.0270738	0
830.15	0	.5570882	.4158736	.02703814	0
829.15	0	.558453	.4145455	.02700155	0
828.15	0	.5598057	.4132302	.02696407	0
827.15	0	.5611465	.4119278	.02692572	0
826.15	0	.5624752	.4106382	.02688652	0
825.15	0	.5637919	.4093616	.02684649	0
824.15	0	.5650965	.4080979	.02680565	0
823.15	0	.566389	.406847	.02676402	0
822.15	0	.5676694	.405609	.02672163	0
821.15	0	.5689377	.4043838	.02667849	0
820.15	0	.5701939	.4031715	.02663463	0
819.15	0	.571438	.4019719	.02659007	0
818.15	0	.5726701	.4007851	.02654482	0
817.15	0	.5738901	.399611	.0264989	0
816.15	0	.5750982	.3984495	.02645233	0
815.15	0	.5762943	.3973006	.02640514	0
814.15	0	.5774784	.3961643	.02635733	0
813.15	0	.5786507	.3950404	.02630893	0
812.15	0	.5798111	.3939289	.02625994	0
811.15	0	.5809598	.3928298	.0262104	0
810.15	0	.5820967	.391743	.02616032	0
809.15	0	.5832219	.3906683	.02610971	0
808.15	0	.5843356	.3896058	.02605859	0
807.15	0	.5854377	.3885554	.02600697	0
806.15	0	.5865283	.3875168	.02595487	0
805.15	0	.5876075	.3864902	.02590231	0
804.15	0	.5886754	.3854753	.0258493	0
803.15	0	.589732	.3844722	.02579585	0
802.15	0	.5907774	.3834806	.02574198	0
801.15	0	.5918117	.3825006	.0256877	0
800.15	0	.592835	.381532	.02563302	0
799.15	0	.5938473	.3805748	.02557797	0
798.15	0	.5948487	.3796287	.02552254	0
797.15	0	.5958394	.3786938	.02546676	0
796.15	0	.5968194	.37777	.02541064	0
795.15	0	.5977887	.3768571	.02535418	0
794.15	0	.5987476	.375955	.02529741	0
793.15	0	.599696	.3750637	.02524032	0
792.15	0	.600634	.374183	.02518294	0
791.15	0	.6015618	.3733129	.02512528	0
790.15	0	.6024795	.3724532	.02506733	0
789.15	0	.603387	.3716039	.02500913	0
788.15	0	.6042846	.3707648	.02495066	0
787.15	0	.6051723	.3699358	.02489196	0
786.15	0	.6060501	.3691169	.02483302	0
785.15	0	.6069183	.3683079	.02477385	0
784.15	0	.6077769	.3675087	.02471447	0
783.15	0	.6086259	.3667192	.02465488	0
782.15	0	.6094655	.3659394	.02459509	0
781.15	0	.6102958	.3651691	.02453511	0
780.15	0	.6111168	.3644083	.02447495	0
779.15	0	.6119287	.3636567	.02441462	0
778.15	0	.6127315	.3629144	.02435412	0
777.15	0	.6135254	.3621812	.02429346	0
776.15	0	.6143104	.361457	.02423265	0
775.15	0	.6150866	.3607417	.02417171	0
774.15	0	.6158541	.3600353	.02411062	0
773.15	0	.616613	.3593376	.0240494	0
772.15	0	.6173634	.3586485	.02398807	0
771.15	0	.6181054	.357968	.02392661	0
770.15	0	.6188391	.3572958	.02386505	0
769.15	0	.6195646	.356632	.02380339	0
768.15	0	.6202819	.3559765	.02374162	0
767.15	0	.6209912	.3553291	.02367977	0
766.15	0	.6216924	.3546897	.02361782	0
765.15	0	.6223859	.3540583	.0235558	0
764.15	0	.6230715	.3534348	.0234937	0
763.15	0	.6237494	.3528191	.02343154	0
762.15	0	.6244197	.352211	.0233693	0
761.15	0	.6250825	.3516105	.02330701	0
760.15	0	.6257378	.3510175	.02324466	0
759.15	0	.6263858	.3504319	.02318225	0
758.15	0	.6270265	.3498537	.0231198	0
757.15	0	.62766	.3492827	.02305731	0
756.15	0	.6282864	.3487188	.02299478	0
755.15	0	.6289058	.348162	.02293222	0
754.15	0	.6295182	.3476122	.02286962	0
753.15	0	.6301238	.3470692	.022807	0
752.15	0	.6307226	.3465331	.02274435	0
751.15	0	.6313146	.3460037	.02268168	0
750.15	0	.6319001	.3454809	.022619	0
749.15	0	.6324789	.3449648	.0225563	0
748.15	0	.6330514	.3444551	.02249359	0
747.15	0	.6336174	.3439518	.02243087	0
746.15	0	.6341771	.3434548	.02236815	0
745.15	0	.6347305	.342964	.02230542	0
744.15	0	.6352778	.3424795	.0222427	0
743.15	0	.635819	.342001	.02217998	0
742.15	0	.6363542	.3415286	.02211726	0
741.15	0	.6368834	.3410621	.02205456	0
740.15	0	.6374067	.3406015	.02199186	0
739.15	0	.6379242	.3401466	.02192918	0
738.15	0	.6384359	.3396976	.02186651	0
737.15	0	.638942	.3392541	.02180386	0
736.15	0	.6394425	.3388163	.02174123	0
735.15	0	.6399375	.3383839	.02167862	0
734.15	0	.6404269	.337957	.02161603	0
733.15	0	.640911	.3375355	.02155346	0
732.15	0	.6413897	.3371194	.02149093	0
731.15	0	.6418632	.3367084	.02142842	0
730.15	0	.6423314	.3363027	.02136594	0
729.15	0	.6427945	.335902	.02130349	0
728.15	0	.6432525	.3355064	.02124107	0
727.15	0	.6437055	.3351158	.02117869	0
726.15	0	.6441535	.3347302	.02111635	0
725.15	0	.6445966	.3343494	.02105404	0
724.15	0	.6450348	.3339734	.02099176	0
723.15	0	.6454683	.3336022	.02092953	0
722.15	0	.645897	.3332356	.02086734	0
721.15	0	.6463211	.3328737	.02080519	0
720.15	0	.6467405	.3325164	.02074308	0
719.15	0	.6471554	.3321636	.02068102	0
718.15	0	.6475658	.3318152	.020619	0
717.15	0	.6479717	.3314712	.02055703	0
716.15	0	.6483733	.3311316	.02049511	0
715.15	0	.6487705	.3307963	.02043323	0
714.15	0	.6491634	.3304652	.0203714	0
713.15	0	.649552	.3301384	.02030962	0
712.15	0	.6499365	.3298156	.02024789	0
711.15	0	.6503168	.329497	.02018621	0
710.15	0	.6506931	.3291824	.02012459	0
709.15	0	.6510653	.3288717	.02006301	0
708.15	0	.6514335	.328565	.02000149	0
707.15	0	.6517977	.3282622	.01994003	0
706.15	0	.6521581	.3279633	.01987862	0
705.15	0	.6525146	.3276681	.01981726	0
704.15	0	.6528673	.3273767	.01975596	0
703.15	0	.6532163	.327089	.01969472	0
702.15	0	.6535615	.3268049	.01963354	0
701.15	0	.6539031	.3265245	.01957241	0
700.15	0	.6542411	.3262476	.01951134	0
699.15	0	.6545754	.3259742	.01945033	0
698.15	0	.6549063	.3257044	.01938938	0
697.15	0	.6552336	.3254379	.01932849	0
696.15	0	.6555574	.3251749	.01926766	0
695.15	0	.6558779	.3249152	.0192069	0
694.15	0	.656195	.3246588	.01914619	0
693.15	0	.6565087	.3244057	.01908555	0
692.15	0	.6568192	.3241559	.01902497	0
691.15	0	.6571263	.3239092	.01896445	0
690.15	0	.6574303	.3236657	.018904	0
689.15	0	.6577311	.3234253	.01884361	0
688.15	0	.6580287	.323188	.01878329	0
687.15	0	.6583233	.3229537	.01872303	0
686.15	0	.6586147	.3227225	.01866283	0
685.15	0	.6589031	.3224942	.01860271	0
684.15	0	.6591886	.3222688	.01854264	0
683.15	0	.659471	.3220464	.01848265	0
682.15	0	.6597505	.3218268	.01842273	0
681.15	0	.6600271	.32161	.01836287	0
680.15	0	.6603009	.321396	.01830308	0
679.15	0	.6605718	.3211848	.01824336	0
678.15	0	.6608399	.3209764	.0181837	0
677.6737	0	.6609666	.320878	.01815532	0
677.6737	0	.6609666	.320878	.01815532	0
677.6737	0	.6609666	.320878	.01815532	0
677.15	0	.6616486	.3198235	.01776148	7.664961E-04
676.15	0	.6629358	.3178282	.01701433	.002221728
675.15	0	.6642039	.3158565	.01627339	.003666254
674.15	0	.6654534	.3139079	.01553857	.005100213
673.15	0	.6666845	.311982	.01480978	.006523741
672.15	0	.6678975	.3100785	.01408694	.007936974
671.15	0	.6690929	.3081971	.01336996	.009340046
670.15	0	.670271	.3063372	.01265875	.01073309
669.15	0	.671432	.3044986	.01195322	.01211623
668.15	0	.6725762	.3026809	.0112533	.01348959
667.15	0	.6737041	.3008837	.0105589	.01485331
666.15	0	.6748158	.2991067	.009869939	.0162075
665.15	0	.6759117	.2973496	.009186343	.01755229
664.15	0	.6769921	.2956121	.008508033	.01888779
663.15	0	.6780572	.2938937	.007834932	.02021413
662.15	0	.6791107	.292191	.007165421	.02153286
661.15	0	.6801457	.2905106	.006502717	.02284103
660.15	0	.6811663	.2888484	.005844981	.0241404
659.15	0	.6821727	.2872041	.005192143	.02543108
658.15	0	.6831653	.2855774	.004544136	.02671318
657.15	0	.6841442	.2839681	.003900893	.0279868
656.15	0	.6851097	.2823759	.003262347	.02925205
655.15	0	.6860621	.2808005	.002628435	.03050904
654.15	0	.6870015	.2792416	.001999091	.03175786
653.15	0	.6879282	.2776989	.001374255	.03299862
652.15	0	.6888425	.2761723	7.538626E-04	.03423142
651.15	0	.6897444	.2746614	1.378546E-04	.03545635
650.9252	0	.6899455	.2743239	0	.03573059
650.9252	0	.6899455	.2743239	0	.03573059
650.15	0	.6901244	.2738466	0	.03602899
649.15	0	.690352	.2732367	0	.03641128
648.15	0	.6905762	.2726331	0	.03679064
647.15	0	.6907971	.2720358	0	.0371671
646.15	0	.6910145	.2714448	0	.0375407
645.15	0	.6912287	.2708598	0	.03791147
644.15	0	.6914396	.2702809	0	.03827943
643.15	0	.6916474	.269708	0	.03864461
642.15	0	.691852	.269141	0	.03900706
641.15	0	.6920534	.2685798	0	.03936679
640.15	0	.6922518	.2680244	0	.03972384
639.15	0	.6924471	.2674747	0	.04007823
638.15	0	.6926395	.2669306	0	.04043
637.15	0	.6928288	.266392	0	.04077918
636.15	0	.6930153	.2658589	0	.04112578
635.15	0	.6931989	.2653312	0	.04146985
634.15	0	.6933797	.2648089	0	.04181141
633.15	0	.6935577	.2642918	0	.04215049
632.15	0	.6937329	.26378	0	.04248711
631.15	0	.6939054	.2632733	0	.0428213
630.15	0	.6940752	.2627717	0	.04315309
629.15	0	.6942423	.2622752	0	.0434825
628.15	0	.6944069	.2617836	0	.04380957
627.15	0	.6945688	.2612969	0	.04413432
626.15	0	.6947282	.260815	0	.04445677
625.15	0	.6948851	.2603379	0	.04477695
624.15	0	.6950395	.2598656	0	.04509488
623.15	0	.6951915	.2593979	0	.0454106
622.15	0	.6953411	.2589348	0	.04572412
621.15	0	.6954882	.2584763	0	.04603547
620.15	0	.695633	.2580223	0	.04634467
619.15	0	.6957755	.2575727	0	.04665175
618.15	0	.6959157	.2571276	0	.04695673
617.15	0	.6960536	.2566867	0	.04725964
616.15	0	.6961893	.2562502	0	.0475605
615.15	0	.6963228	.2558178	0	.04785933
614.15	0	.6964541	.2553897	0	.04815616
613.15	0	.6965833	.2549657	0	.04845101
612.15	0	.6967104	.2545458	0	.04874389
611.15	0	.6968353	.2541298	0	.04903484
610.15	0	.6969582	.2537179	0	.04932387
609.15	0	.697079	.25331	0	.04961102
608.15	0	.6971979	.2529059	0	.04989629
607.15	0	.6973147	.2525056	0	.0501797
606.15	0	.6974296	.2521091	0	.05046129
605.15	0	.6975425	.2517164	0	.05074108
604.15	0	.6976535	.2513274	0	.05101907
603.15	0	.6977627	.250942	0	.0512953
602.15	0	.6978699	.2505603	0	.05156978
601.15	0	.6979754	.2501821	0	.05184254
600.15	0	.698079	.2498074	0	.05211359
599.15	0	.6981808	.2494363	0	.05238295
598.15	0	.6982808	.2490685	0	.05265065
597.15	0	.6983791	.2487042	0	.05291669
596.15	0	.6984757	.2483432	0	.05318111
595.15	0	.6985705	.2479856	0	.05344392
594.15	0	.6986637	.2476312	0	.05370514
593.15	0	.6987552	.2472801	0	.05396478
592.15	0	.698845	.2469321	0	.05422287
591.15	0	.6989332	.2465873	0	.05447942
590.15	0	.6990198	.2462457	0	.05473446
589.15	0	.6991049	.2459071	0	.05498799
588.15	0	.6991884	.2455716	0	.05524004
587.15	0	.6992703	.2452391	0	.05549063
586.15	0	.6993507	.2449096	0	.05573976
585.15	0	.6994296	.2445829	0	.05598747
584.15	0	.699507	.2442593	0	.05623375
583.15	0	.6995829	.2439384	0	.05647864
582.15	0	.6996574	.2436204	0	.05672215
581.15	0	.6997305	.2433052	0	.05696429
580.15	0	.6998021	.2429928	0	.05720509
579.15	0	.6998724	.2426831	0	.05744454
578.15	0	.6999412	.2423761	0	.05768268
577.15	0	.7000087	.2420718	0	.05791952
576.15	0	.7000749	.2417701	0	.05815507
575.15	0	.7001397	.241471	0	.05838935
574.15	0	.7002032	.2411744	0	.05862237
573.15	0	.7002654	.2408804	0	.05885414
572.15	0	.7003264	.2405889	0	.0590847
571.15	0	.700386	.2402999	0	.05931403
570.15	0	.7004444	.2400134	0	.05954217
569.15	0	.7005016	.2397292	0	.05976913
568.15	0	.7005576	.2394475	0	.05999491
567.15	0	.7006124	.2391681	0	.06021954
566.15	0	.7006659	.238891	0	.06044303
565.15	0	.7007183	.2386163	0	.06066539
564.15	0	.7007696	.2383438	0	.06088663
563.15	0	.7008197	.2380735	0	.06110677
562.15	0	.7008687	.2378055	0	.06132582
561.15	0	.7009165	.2375397	0	.06154379
560.15	0	.7009633	.237276	0	.0617607
559.15	0	.7010089	.2370145	0	.06197657
558.15	0	.7010535	.2367551	0	.06219139
557.15	0	.701097	.2364978	0	.06240519
556.15	0	.7011395	.2362425	0	.06261797
555.15	0	.701181	.2359893	0	.06282976
554.15	0	.7012214	.2357381	0	.06304055
553.15	0	.7012608	.2354888	0	.06325037
552.15	0	.7012992	.2352415	0	.06345922
551.15	0	.7013367	.2349962	0	.06366712
550.15	0	.7013731	.2347528	0	.06387408
549.15	0	.7014087	.2345112	0	.06408011
548.15	0	.7014432	.2342716	0	.06428522
547.15	0	.7014768	.2340338	0	.06448942
546.15	0	.7015096	.2337977	0	.06469272
545.15	0	.7015413	.2335635	0	.06489513
544.15	0	.7015722	.2333311	0	.06509667
543.15	0	.7016022	.2331004	0	.06529734
542.15	0	.7016314	.2328715	0	.06549716
541.15	0	.7016597	.2326442	0	.06569614
540.15	0	.7016871	.2324187	0	.06589428
539.15	0	.7017136	.2321948	0	.06609159
538.15	0	.7017394	.2319725	0	.0662881
537.15	0	.7017643	.2317519	0	.06648379
536.15	0	.7017884	.2315329	0	.0666787
535.15	0	.7018117	.2313155	0	.06687282
534.15	0	.7018342	.2310996	0	.06706616
533.15	0	.701856	.2308853	0	.06725874
532.15	0	.701877	.2306725	0	.06745056
531.15	0	.7018972	.2304612	0	.06764163
530.15	0	.7019167	.2302514	0	.06783197
529.15	0	.7019354	.230043	0	.06802158
528.15	0	.7019534	.2298361	0	.06821046
527.15	0	.7019707	.2296307	0	.06839864
526.15	0	.7019873	.2294266	0	.06858611
525.15	0	.7020032	.229224	0	.06877289
524.15	0	.7020184	.2290227	0	.06895898
523.15	0	.7020329	.2288227	0	.0691444
522.15	0	.7020467	.2286241	0	.06932915
521.15	0	.7020599	.2284269	0	.06951323
520.15	0	.7020724	.2282309	0	.06969667
519.15	0	.7020843	.2280362	0	.06987946
518.15	0	.7020956	.2278428	0	.07006161
517.15	0	.7021062	.2276507	0	.07024313
516.15	0	.7021162	.2274597	0	.07042403
515.15	0	.7021256	.22727	0	.07060432
514.15	0	.7021344	.2270815	0	.07078401
513.15	0	.7021427	.2268942	0	.07096309
512.15	0	.7021503	.2267081	0	.07114159
511.15	0	.7021574	.2265231	0	.0713195
510.15	0	.7021639	.2263393	0	.07149683
509.15	0	.7021698	.2261566	0	.07167359
508.15	0	.7021752	.225975	0	.07184979
507.15	0	.7021801	.2257945	0	.07202544
506.15	0	.7021844	.2256151	0	.07220054
505.15	0	.7021882	.2254367	0	.07237509
504.15	0	.7021915	.2252594	0	.07254911
503.15	0	.7021943	.2250831	0	.0727226
502.15	0	.7021966	.2249079	0	.07289557
501.15	0	.7021984	.2247336	0	.07306803
500.15	0	.7021997	.2245604	0	.07323997
499.15	0	.7022005	.2243881	0	.07341141
498.15	0	.7022008	.2242168	0	.07358236
497.15	0	.7022007	.2240465	0	.07375281
496.15	0	.7022002	.2238771	0	.07392279
495.15	0	.7021992	.2237086	0	.07409228
494.15	0	.7021977	.223541	0	.0742613
493.15	0	.7021958	.2233743	0	.07442985
492.15	0	.7021935	.2232086	0	.07459794
491.15	0	.7021908	.2230436	0	.07476558
490.15	0	.7021876	.2228796	0	.07493277
489.15	0	.7021841	.2227164	0	.07509952
488.15	0	.7021802	.222554	0	.07526582
487.15	0	.7021758	.2223925	0	.0754317
486.15	0	.7021711	.2222318	0	.07559714
485.15	0	.702166	.2220718	0	.07576217
484.15	0	.7021605	.2219127	0	.07592678
483.15	0	.7021547	.2217543	0	.07609097
482.15	0	.7021485	.2215967	0	.07625476
481.15	0	.702142	.2214399	0	.07641815
480.15	0	.7021351	.2212838	0	.07658115
479.15	0	.7021279	.2211284	0	.07674375
478.15	0	.7021203	.2209737	0	.07690596
477.15	0	.7021124	.2208198	0	.0770678
476.15	0	.7021042	.2206665	0	.07722925
475.15	0	.7020957	.220514	0	.07739034
474.15	0	.7020869	.2203621	0	.07755106
473.15	0	.7020778	.2202108	0	.07771141
472.15	0	.7020684	.2200602	0	.07787141
471.15	0	.7020586	.2199103	0	.07803105
470.15	0	.7020487	.219761	0	.07819035
469.15	0	.7020384	.2196123	0	.0783493
468.15	0	.7020278	.2194643	0	.07850791
467.15	0	.702017	.2193168	0	.07866618
466.15	0	.702006	.2191699	0	.07882412
465.15	0	.7019947	.2190236	0	.07898173
464.15	0	.7019831	.2188779	0	.07913902
463.15	0	.7019713	.2187327	0	.07929599
462.15	0	.7019592	.2185881	0	.07945264
461.15	0	.7019469	.2184441	0	.07960899
460.15	0	.7019344	.2183005	0	.07976502
459.15	0	.7019217	.2181575	0	.07992075
458.15	0	.7019088	.218015	0	.08007618
457.15	0	.7018956	.2178731	0	.08023132
456.15	0	.7018823	.2177316	0	.08038616
455.15	0	.7018687	.2175906	0	.08054071
454.15	0	.7018549	.2174501	0	.08069498
453.15	0	.701841	.21731	0	.08084897
452.15	0	.7018269	.2171705	0	.08100268
451.15	0	.7018126	.2170313	0	.08115611
450.15	0	.7017981	.2168926	0	.08130928
449.15	0	.7017835	.2167543	0	.08146219
448.15	0	.7017688	.2166164	0	.08161485
447.15	0	.7017539	.2164788	0	.08176725
446.15	0	.7017389	.2163417	0	.08191941
445.15	0	.7017238	.2162049	0	.08207131
444.15	0	.7017085	.2160685	0	.08222297
443.15	0	.7016931	.2159325	0	.0823744
442.15	0	.7016777	.2157967	0	.0825256
441.15	0	.7016622	.2156613	0	.08267656
440.15	0	.7016465	.2155261	0	.08282731
439.15	0	.7016309	.2153913	0	.08297784
438.15	0	.7016152	.2152567	0	.08312816
437.15	0	.7015994	.2151224	0	.08327826
436.15	0	.7015836	.2149883	0	.08342817
435.15	0	.7015677	.2148544	0	.08357787
434.15	0	.7015518	.2147208	0	.08372737
433.15	0	.701536	.2145873	0	.08387669
432.15	0	.7015201	.2144541	0	.08402581
431.15	0	.7015042	.214321	0	.08417475
430.15	0	.7014883	.2141882	0	.0843235
429.15	0	.7014725	.2140554	0	.08447208
428.15	0	.7014567	.2139229	0	.08462048
427.15	0	.7014409	.2137904	0	.0847687
426.15	0	.7014251	.2136582	0	.08491676
425.15	0	.7014094	.213526	0	.08506466
424.15	0	.7013937	.2133939	0	.08521238
423.15	0	.7013781	.213262	0	.08535995
422.15	0	.7013625	.2131301	0	.08550736
421.15	0	.701347	.2129984	0	.08565462
420.15	0	.7013316	.2128667	0	.08580172
419.15	0	.7013162	.2127351	0	.08594867
418.15	0	.7013009	.2126036	0	.08609547
417.15	0	.7012858	.2124721	0	.08624213
416.15	0	.7012706	.2123407	0	.08638865
415.15	0	.7012556	.2122094	0	.08653502
414.15	0	.7012407	.212078	0	.08668125
413.15	0	.7012259	.2119467	0	.08682735
412.15	0	.7012112	.2118155	0	.08697331
411.15	0	.7011966	.2116843	0	.08711914
410.15	0	.7011821	.2115531	0	.08726484
409.15	0	.7011678	.2114218	0	.0874104
408.15	0	.7011535	.2112907	0	.08755584
407.15	0	.7011394	.2111595	0	.08770115
406.15	0	.7011254	.2110283	0	.08784634
405.15	0	.7011115	.2108971	0	.0879914
404.15	0	.7010977	.2107659	0	.08813634
403.15	0	.7010841	.2106347	0	.08828117
402.15	0	.7010706	.2105035	0	.08842587
401.15	0	.7010573	.2103723	0	.08857045
400.15	0	.7010441	.210241	0	.08871492
399.15	0	.701031	.2101097	0	.08885927
398.15	0	.7010181	.2099784	0	.0890035
397.15	0	.7010053	.2098471	0	.08914763
396.15	0	.7009927	.2097157	0	.08929164
395.15	0	.7009802	.2095843	0	.08943553
394.15	0	.7009679	.2094528	0	.08957932
393.15	0	.7009557	.2093213	0	.089723
392.15	0	.7009436	.2091898	0	.08986657
391.15	0	.7009318	.2090582	0	.09001003
390.15	0	.70092	.2089266	0	.09015339
389.15	0	.7009085	.2087949	0	.09029663
388.15	0	.700897	.2086632	0	.09043977
387.15	0	.7008858	.2085314	0	.09058281
386.15	0	.7008747	.2083996	0	.09072574
385.15	0	.7008637	.2082677	0	.09086857
384.15	0	.700853	.2081358	0	.0910113
383.15	0	.7008423	.2080038	0	.09115392
382.15	0	.7008319	.2078717	0	.09129644
