T	 BPW(LIQUID)	BPW(BCC_A2)	BPW(FCC_A1)	BPW(LAVES_PHASE_C14)	BPW(NI3TI)
1473.15	0	.620723	.3679326	.01134444	0
1472.15	0	.6162017	.371648	.01215028	0
1471.15	0	.611694	.3753533	.01295273	0
1470.15	0	.6071998	.3790484	.01375181	0
1469.15	0	.6027191	.3827334	.01454753	0
1468.15	0	.5982518	.3864083	.01533991	0
1467.15	0	.5937979	.3900732	.01612897	0
1466.15	0	.5893574	.3937279	.01691472	0
1465.15	0	.5849303	.3973726	.01769717	0
1464.15	0	.5805165	.4010072	.01847634	0
1463.15	0	.576116	.4046318	.01925225	0
1462.15	0	.5717288	.4082463	.02002491	0
1461.15	0	.5673548	.4118508	.02079434	0
1460.15	0	.5629941	.4154454	.02156055	0
1459.15	0	.5586465	.4190299	.02232355	0
1458.15	0	.5543122	.4226045	.02308337	0
1457.15	0	.5499909	.4261691	.02384001	0
1456.15	0	.5456828	.4297237	.0245935	0
1455.15	0	.5413878	.4332684	.02534384	0
1454.15	0	.5371058	.4368032	.02609105	0
1453.15	0	.5328369	.440328	.02683514	0
1452.15	0	.5285809	.443843	.02757613	0
1451.15	0	.5243379	.447348	.02831404	0
1450.15	0	.5201079	.4508432	.02904887	0
1449.15	0	.5158909	.4543285	.02978064	0
1448.15	0	.5116867	.4578039	.03050937	0
1447.15	0	.5074954	.4612695	.03123506	0
1446.15	0	.503317	.4647253	.03195774	0
1445.15	0	.4991513	.4681712	.03267742	0
1444.15	0	.4949985	.4716074	.0333941	0
1443.15	0	.4908585	.4750337	.03410781	0
1442.15	0	.4867312	.4784502	.03481855	0
1441.15	0	.4826167	.481857	.03552635	0
1440.15	0	.4785148	.485254	.0362312	0
1439.15	0	.4744257	.4886412	.03693314	0
1438.15	0	.4703492	.4920187	.03763216	0
1437.15	0	.4662853	.4953864	.03832829	0
1436.15	0	.4622341	.4987444	.03902153	0
1435.15	0	.4581954	.5020927	.0397119	0
1434.15	0	.4541693	.5054313	.04039941	0
1433.15	0	.4501557	.5087602	.04108408	0
1432.15	0	.4461547	.5120794	.04176591	0
1431.15	0	.4421662	.5153889	.04244493	0
1430.15	0	.4381901	.5186887	.04312113	0
1429.15	0	.4342265	.5219789	.04379454	0
1428.15	0	.4302754	.5252595	.04446516	0
1427.15	0	.4263366	.5285304	.04513302	0
1426.15	0	.4224102	.5317916	.04579811	0
1425.15	0	.4184963	.5350433	.04646046	0
1424.15	0	.4145946	.5382853	.04712007	0
1423.15	0	.4107053	.5415177	.04777696	0
1422.15	0	.4068283	.5447405	.04843114	0
1421.15	0	.4029636	.5479538	.04908262	0
1420.15	0	.3991112	.5511574	.04973141	0
1419.15	0	.395271	.5543515	.05037753	0
1418.15	0	.3914431	.557536	.05102098	0
1417.15	0	.3876273	.5607109	.05166178	0
1416.15	0	.3838238	.5638763	.05229994	0
1415.15	0	.3800324	.5670321	.05293547	0
1414.15	0	.3762532	.5701784	.05356838	0
1413.15	0	.3724862	.5733152	.05419868	0
1412.15	0	.3687312	.5764424	.05482639	0
1411.15	0	.3649884	.5795601	.05545151	0
1410.15	0	.3612576	.5826683	.05607406	0
1409.15	0	.357539	.585767	.05669404	0
1408.15	0	.3538323	.5888562	.05731147	0
1407.15	0	.3501378	.5919359	.05792636	0
1406.15	0	.3464552	.5950061	.05853872	0
1405.15	0	.3427846	.5980668	.05914857	0
1404.15	0	.3391261	.601118	.0597559	0
1403.15	0	.3354795	.6041598	.06036073	0
1402.15	0	.3318449	.6071921	.06096307	0
1401.15	0	.3282222	.6102149	.06156294	0
1400.15	0	.3246114	.6132282	.06216034	0
1399.15	0	.3210126	.6162321	.06275528	0
1398.15	0	.3174257	.6192266	.06334778	0
1397.15	0	.3138506	.6222115	.06393783	0
1396.15	0	.3102875	.6251871	.06452547	0
1395.15	0	.3067362	.6281532	.06511068	0
1394.15	0	.3031967	.6311098	.06569349	0
1393.15	0	.2996691	.634057	.0662739	0
1392.15	0	.2961533	.6369948	.06685193	0
1391.15	0	.2926493	.6399231	.06742758	0
1390.15	0	.2891572	.642842	.06800085	0
1389.15	0	.2856768	.6457514	.06857178	0
1388.15	0	.2822082	.6486515	.06914035	0
1387.15	0	.2787514	.6515421	.06970659	0
1386.15	0	.2753063	.6544232	.07027049	0
1385.15	0	.271873	.657295	.07083208	0
1384.15	0	.2684514	.6601573	.07139136	0
1383.15	0	.2650415	.6630101	.07194833	0
1382.15	0	.2616434	.6658536	.07250302	0
1381.15	0	.258257	.6686876	.07305542	0
1380.15	0	.2548823	.6715122	.07360554	0
1379.15	0	.2515193	.6743273	.07415341	0
1378.15	0	.2481679	.6771331	.07469901	0
1377.15	0	.2448283	.6799293	.07524237	0
1376.15	0	.2415003	.6827162	.0757835	0
1375.15	0	.238184	.6854936	.07632239	0
1374.15	0	.2348794	.6882616	.07685906	0
1373.15	0	.2315864	.6910201	.07739353	0
1372.15	0	.228305	.6937692	.07792578	0
1371.15	0	.2250353	.6965088	.07845585	0
1370.15	0	.2217773	.699239	.07898373	0
1369.15	0	.2185308	.7019597	.07950943	0
1368.15	0	.215296	.704671	.08003296	0
1367.15	0	.2120729	.7073728	.08055433	0
1366.15	0	.2088613	.7100651	.08107356	0
1365.15	0	.2056614	.712748	.08159063	0
1364.15	0	.2024731	.7154213	.08210557	0
1363.15	0	.1992964	.7180852	.08261838	0
1362.15	0	.1961313	.7207396	.08312908	0
1361.15	0	.1929778	.7233845	.08363766	0
1360.15	0	.189836	.7260199	.08414414	0
1359.15	0	.1867057	.7286458	.08464852	0
1358.15	0	.1835871	.7312621	.08515081	0
1357.15	0	.18048	.7338689	.08565103	0
1356.15	0	.1773846	.7364662	.08614917	0
1355.15	0	.1743008	.739054	.08664525	0
1354.15	0	.1712286	.7416321	.08713927	0
1353.15	0	.168168	.7442008	.08763124	0
1352.15	0	.165119	.7467598	.08812117	0
1351.15	0	.1620817	.7493093	.08860907	0
1350.15	0	.1590559	.7518491	.08909494	0
1349.15	0	.1560418	.7543794	.08957879	0
1348.15	0	.1530393	.7569	.09006063	0
1347.15	0	.1500485	.7594111	.09054046	0
1346.15	0	.1470693	.7619125	.0910183	0
1345.15	0	.1441017	.7644042	.09149415	0
1344.15	0	.1411458	.7668863	.09196801	0
1343.15	0	.1382015	.7693586	.09243989	0
1342.15	0	.1352688	.7718213	.09290981	0
1341.15	0	.1323479	.7742743	.09337777	0
1340.15	0	.1294386	.7767176	.09384377	0
1339.15	0	.126541	.7791512	.09430782	0
1338.15	0	.1236551	.781575	.09476994	0
1337.15	0	.1207809	.783989	.09523011	0
1336.15	0	.1179184	.7863932	.09568836	0
1335.15	0	.1150676	.7887877	.09614469	0
1334.15	0	.1122286	.7911723	.09659911	0
1333.15	0	.1094012	.7935472	.09705162	0
1332.15	0	.1065857	.7959121	.09750222	0
1331.15	0	.1037819	.7982672	.09795093	0
1330.15	0	.1009898	.8006124	.09839776	0
1329.15	0	.09820956	.8029477	.0988427	0
1328.15	0	.09544111	.8052731	.09928577	0
1327.15	0	.09268447	.8075886	.09972696	0
1326.15	0	.08993965	.8098941	.1001663	0
1325.15	0	.08720668	.8121895	.1006038	0
1324.15	0	.08448557	.814475	.1010394	0
1323.15	0	.08177632	.8167505	.1014732	0
1322.15	0	.07907897	.8190159	.1019051	0
1321.15	0	.07639352	.8212712	.1023353	0
1320.15	0	.07371999	.8235165	.1027635	0
1319.15	0	.0710584	.8257516	.10319	0
1318.15	0	.06840877	.8279766	.1036147	0
1317.15	0	.06577112	.8301914	.1040375	0
1316.15	0	.06314547	.832396	.1044586	0
1315.15	0	.06053184	.8345904	.1048778	0
1314.15	0	.05793024	.8367745	.1052953	0
1313.15	0	.0553407	.8389484	.1057109	0
1312.15	0	.05276324	.8411119	.1061248	0
1311.15	0	.05019789	.8432652	.106537	0
1310.15	0	.04764466	.845408	.1069473	0
1309.15	0	.04510359	.8475405	.1073559	0
1308.15	0	.04257468	.8496626	.1077627	0
1307.15	0	.04005798	.8517742	.1081678	0
1306.15	0	.0375535	.8538754	.1085712	0
1305.15	0	.03506127	.855966	.1089728	0
1304.15	0	.03258131	.8580461	.1093726	0
1303.15	0	.03011366	.8601156	.1097707	0
1302.15	0	.02765834	.8621745	.1101671	0
1301.15	0	.02521538	.8642228	.1105618	0
1300.15	0	.02278481	.8662604	.1109548	0
1299.15	0	.02036666	.8682873	.1113461	0
1298.15	0	.01796095	.8703034	.1117356	0
1297.15	0	.01556773	.8723088	.1121235	0
1296.15	0	.01318701	.8743033	.1125097	0
1295.15	0	.01081883	.876287	.1128942	0
1294.15	0	.008463236	.8782598	.113277	0
1293.15	0	.006120246	.8802217	.1136581	0
1292.15	0	.003789899	.8821726	.1140375	0
1291.15	0	.001472229	.8841125	.1144153	0
1290.512	0	0	.8853445	.1146555	0
1290.512	0	0	.8853445	.1146555	0
1290.15	0	0	.8852446	.1147554	0
1289.15	0	0	.8849689	.1150311	0
1288.15	0	0	.8846938	.1153062	0
1287.15	0	0	.8844193	.1155807	0
1286.15	0	0	.8841454	.1158546	0
1285.15	0	0	.883872	.116128	0
1284.15	0	0	.8835992	.1164008	0
1283.15	0	0	.883327	.116673	0
1282.15	0	0	.8830554	.1169446	0
1281.15	0	0	.8827844	.1172157	0
1280.15	0	0	.8825139	.1174861	0
1279.15	0	0	.882244	.117756	0
1278.15	0	0	.8819746	.1180254	0
1277.15	0	0	.8817059	.1182941	0
1276.15	0	0	.8814377	.1185623	0
1275.15	0	0	.8811701	.1188299	0
1274.15	0	0	.880903	.119097	0
1273.15	0	0	.8806366	.1193634	0
1272.15	0	0	.8803707	.1196293	0
1271.15	0	0	.8801053	.1198947	0
1270.15	0	0	.8798405	.1201595	0
1269.15	0	0	.8795763	.1204237	0
1268.15	0	0	.8793127	.1206873	0
1267.15	0	0	.8790496	.1209504	0
1266.15	0	0	.8787871	.1212129	0
1265.15	0	0	.8785251	.1214749	0
1264.15	0	0	.8782637	.1217363	0
1263.15	0	0	.8780029	.1219971	0
1262.15	0	0	.8777426	.1222574	0
1261.15	0	0	.8774829	.1225171	0
1260.15	0	0	.8772237	.1227763	0
1259.15	0	0	.8769651	.1230349	0
1258.15	0	0	.876707	.123293	0
1257.15	0	0	.8764495	.1235505	0
1256.15	0	0	.8761926	.1238074	0
1255.15	0	0	.8759362	.1240638	0
1254.15	0	0	.8756804	.1243196	0
1253.15	0	0	.8754251	.1245749	0
1252.15	0	0	.8751703	.1248297	0
1251.15	0	0	.8749162	.1250838	0
1250.15	0	0	.8746625	.1253375	0
1249.15	0	0	.8744094	.1255905	0
1248.15	0	0	.8741569	.1258431	0
1247.15	0	0	.8739049	.1260951	0
1246.15	0	0	.8736535	.1263465	0
1245.15	0	0	.8734026	.1265974	0
1244.15	0	0	.8731522	.1268478	0
1243.15	0	0	.8729024	.1270976	0
1242.15	0	0	.8726532	.1273468	0
1241.15	0	0	.8724044	.1275956	0
1240.15	0	0	.8721562	.1278438	0
1239.15	0	0	.8719086	.1280914	0
1238.15	0	0	.8716615	.1283385	0
1237.15	0	0	.8714149	.1285851	0
1236.15	0	0	.8711689	.1288311	0
1235.15	0	0	.8709234	.1290766	0
1234.15	0	0	.8706785	.1293215	0
1233.15	0	0	.8704341	.1295659	0
1232.15	0	0	.8701902	.1298098	0
1231.15	0	0	.8699468	.1300532	0
1230.15	0	0	.869704	.130296	0
1229.15	0	0	.8694618	.1305382	0
1228.15	0	0	.86922	.13078	0
1227.15	0	0	.8689788	.1310212	0
1226.15	0	0	.8687381	.1312619	0
1225.15	0	0	.868498	.131502	0
1224.15	0	0	.8682584	.1317417	0
1223.15	0	0	.8680193	.1319807	0
1222.15	0	0	.8677807	.1322193	0
1221.15	0	0	.8675427	.1324573	0
1220.15	0	0	.8673051	.1326949	0
1219.15	0	0	.8670682	.1329318	0
1218.15	0	0	.8668317	.1331683	0
1217.15	0	0	.8665958	.1334042	0
1216.15	0	0	.8663604	.1336396	0
1215.15	0	0	.8661255	.1338745	0
1214.15	0	0	.8658911	.1341089	0
1213.15	0	0	.8656573	.1343427	0
1212.15	0	0	.8654239	.1345761	0
1211.15	0	0	.8651911	.1348089	0
1210.15	0	0	.8649589	.1350411	0
1209.15	0	0	.8647271	.1352729	0
1208.15	0	0	.8644958	.1355042	0
1207.15	0	0	.8642651	.1357349	0
1206.15	0	0	.8640349	.1359651	0
1205.15	0	0	.8638052	.1361948	0
1204.15	0	0	.863576	.136424	0
1203.15	0	0	.8633474	.1366526	0
1202.15	0	0	.8631192	.1368808	0
1201.15	0	0	.8628916	.1371084	0
1200.15	0	0	.8626645	.1373356	0
1199.15	0	0	.8624378	.1375622	0
1198.15	0	0	.8622117	.1377883	0
1197.15	0	0	.8619861	.1380139	0
1196.15	0	0	.8617611	.1382389	0
1195.15	0	0	.8615365	.1384635	0
1194.15	0	0	.8613124	.1386876	0
1193.15	0	0	.8610889	.1389111	0
1192.15	0	0	.8608658	.1391342	0
1191.15	0	0	.8606433	.1393567	0
1190.15	0	0	.8604212	.1395788	0
1189.15	0	0	.8601997	.1398003	0
1188.15	0	0	.8599787	.1400213	0
1187.15	0	0	.8597582	.1402418	0
1186.15	0	0	.8595382	.1404618	0
1185.15	0	0	.8593186	.1406814	0
1184.15	0	0	.8590996	.1409004	0
1183.15	0	0	.8588811	.1411189	0
1182.15	0	0	.8586631	.1413369	0
1181.15	0	0	.8584456	.1415544	0
1180.15	0	0	.8582286	.1417714	0
1179.15	0	0	.8580121	.1419879	0
1178.15	0	0	.8577961	.1422039	0
1177.15	0	0	.8575806	.1424194	0
1176.15	0	0	.8573655	.1426345	0
1175.15	0	0	.857151	.142849	0
1174.15	0	0	.856937	.143063	0
1173.15	0	0	.8567235	.1432765	0
1172.15	0	0	.8565104	.1434896	0
1171.15	0	0	.8562979	.1437021	0
1170.15	0	0	.8560859	.1439142	0
1169.15	0	0	.8558743	.1441257	0
1168.15	0	0	.8556632	.1443368	0
1167.15	0	0	.8554527	.1445473	0
1166.15	0	0	.8552426	.1447574	0
1165.15	0	0	.855033	.144967	0
1164.15	0	0	.8548239	.1451761	0
1163.15	0	0	.8546153	.1453847	0
1162.15	0	0	.8544072	.1455928	0
1161.15	0	0	.8541995	.1458005	0
1160.15	0	0	.8539924	.1460076	0
1159.15	0	0	.8537857	.1462143	0
1158.15	0	0	.8535796	.1464204	0
1157.15	0	0	.8533739	.1466261	0
1156.15	0	0	.8531687	.1468313	0
1155.15	0	0	.852964	.147036	0
1154.15	0	0	.8527597	.1472403	0
1153.15	0	0	.852556	.147444	0
1152.15	0	0	.8523527	.1476473	0
1151.15	0	0	.8521499	.1478501	0
1150.15	0	0	.8519476	.1480524	0
1149.15	0	0	.8517458	.1482542	0
1148.15	0	0	.8515445	.1484555	0
1147.15	0	0	.8513436	.1486564	0
1146.15	0	0	.8511432	.1488568	0
1145.15	0	0	.8509433	.1490567	0
1144.15	0	0	.8507439	.1492561	0
1143.15	0	0	.850545	.149455	0
1142.15	0	0	.8503465	.1496535	0
1141.15	0	0	.8501485	.1498515	0
1140.15	0	0	.849951	.150049	0
1139.15	0	0	.849754	.1502461	0
1138.15	0	0	.8495574	.1504426	0
1137.15	0	0	.8493613	.1506387	0
1136.15	0	0	.8491657	.1508343	0
1135.15	0	0	.8489705	.1510295	0
1134.15	0	0	.8487759	.1512241	0
1133.15	0	0	.8485817	.1514183	0
1132.15	0	0	.848388	.151612	0
1131.15	0	0	.8481947	.1518053	0
1130.15	0	0	.8480019	.1519981	0
1129.15	0	0	.8478096	.1521904	0
1128.15	0	0	.8476178	.1523823	0
1127.15	0	0	.8474264	.1525736	0
1126.15	0	0	.8472355	.1527645	0
1125.15	0	0	.847045	.152955	0
1124.15	0	0	.8468551	.1531449	0
1123.15	0	0	.8466656	.1533344	0
1122.15	0	0	.8464765	.1535235	0
1121.15	0	0	.846288	.153712	0
1120.15	0	0	.8460999	.1539002	0
1119.15	0	0	.8459122	.1540878	0
1118.15	0	0	.845725	.154275	0
1117.15	0	0	.8455383	.1544617	0
1116.15	0	0	.8453521	.1546479	0
1115.15	0	0	.8451663	.1548337	0
1114.15	0	0	.844981	.1550191	0
1113.15	0	0	.8447961	.1552039	0
1112.15	0	0	.8446117	.1553883	0
1111.15	0	0	.8444278	.1555722	0
1110.15	0	0	.8442443	.1557557	0
1109.15	0	0	.8440612	.1559388	0
1108.15	0	0	.8438787	.1561213	0
1107.15	0	0	.8436966	.1563034	0
1106.15	0	0	.8435149	.1564851	0
1105.15	0	0	.8433338	.1566663	0
1104.15	0	0	.843153	.156847	0
1103.15	0	0	.8429727	.1570273	0
1102.15	0	0	.8427929	.1572071	0
1101.15	0	0	.8426136	.1573864	0
1100.15	0	0	.8424347	.1575653	0
1099.15	0	0	.8422562	.1577438	0
1098.15	0	0	.8420782	.1579218	0
1097.15	0	0	.8419007	.1580993	0
1096.15	0	0	.8417236	.1582764	0
1095.15	0	0	.8415469	.1584531	0
1094.15	0	0	.8413708	.1586292	0
1093.15	0	0	.841195	.158805	0
1092.15	0	0	.8410197	.1589803	0
1091.15	0	0	.8408449	.1591551	0
1090.15	0	0	.8406705	.1593295	0
1089.15	0	0	.8404966	.1595034	0
1088.15	0	0	.8403231	.1596769	0
1087.15	0	0	.8401501	.1598499	0
1086.15	0	0	.8399775	.1600225	0
1085.15	0	0	.8398054	.1601946	0
1084.15	0	0	.8396337	.1603663	0
1083.15	0	0	.8394624	.1605376	0
1082.15	0	0	.8392916	.1607084	0
1081.15	0	0	.8391213	.1608787	0
1080.15	0	0	.8389514	.1610486	0
1079.15	0	0	.8387819	.1612181	0
1078.15	0	0	.8386129	.1613871	0
1077.15	0	0	.8384444	.1615556	0
1076.15	0	0	.8382762	.1617238	0
1075.15	0	0	.8381085	.1618915	0
1074.15	0	0	.8379413	.1620587	0
1073.15	0	0	.8377745	.1622255	0
1072.15	0	0	.8376081	.1623919	0
1071.15	0	0	.8374422	.1625578	0
1070.15	0	0	.8372768	.1627232	0
1069.15	0	0	.8371117	.1628883	0
1068.15	0	0	.8369471	.1630529	0
1067.15	0	0	.836783	.163217	0
1066.15	0	0	.8366193	.1633807	0
1065.15	0	0	.836456	.163544	0
1064.15	0	0	.8362932	.1637068	0
1063.15	0	0	.8361308	.1638692	0
1062.15	0	0	.8359688	.1640312	0
1061.15	0	0	.8358073	.1641927	0
1060.15	0	0	.8356462	.1643538	0
1059.15	0	0	.8354855	.1645145	0
1058.15	0	0	.8353253	.1646747	0
1057.15	0	0	.8351655	.1648345	0
1056.15	0	0	.8350062	.1649938	0
1055.15	0	0	.8348473	.1651527	0
1054.15	0	0	.8346888	.1653112	0
1053.15	0	0	.8345307	.1654693	0
1052.15	0	0	.8343731	.1656269	0
1051.15	0	0	.8342159	.1657841	0
1050.15	0	0	.8340592	.1659408	0
1049.15	0	0	.8339029	.1660971	0
1048.15	0	0	.833747	.166253	0
1047.15	0	0	.8335915	.1664085	0
1046.15	0	0	.8334365	.1665635	0
1045.15	0	0	.8332819	.1667181	0
1044.15	0	0	.8331278	.1668722	0
1043.15	0	0	.832974	.167026	0
1042.15	0	0	.8328207	.1671793	0
1041.15	0	0	.8326678	.1673322	0
1040.15	0	0	.8325154	.1674846	0
1039.332	0	0	.8323909	.1676091	0
1039.332	0	0	.8323909	.1676091	0
1039.332	0	0	.8323909	.1676091	0
1039.15	0	5.290629E-04	.8318439	.167627	0
1038.15	0	.003332486	.8289407	.1677268	0
1037.15	0	.006152989	.8260207	.1678263	0
1036.15	0	.008990336	.8230842	.1679255	0
1035.15	0	.01184429	.8201314	.1680243	0
1034.15	0	.01471462	.8171625	.1681229	0
1033.15	0	.01760107	.8141778	.1682211	0
1032.15	0	.02050341	.8111775	.1683191	0
1031.15	0	.02342138	.8081618	.1684168	0
1030.15	0	.02635475	.8051311	.1685142	0
1029.15	0	.02930326	.8020854	.1686113	0
1028.15	0	.03226667	.7990252	.1687082	0
1027.15	0	.03524472	.7959505	.1688048	0
1026.15	0	.03823715	.7928617	.1689011	0
1025.15	0	.04124371	.7897591	.1689972	0
1024.15	0	.04426415	.7866428	.1690931	0
1023.15	0	.0472982	.7835132	.1691886	0
1022.15	0	.05034561	.7803704	.169284	0
1021.15	0	.05340612	.7772148	.1693791	0
1020.15	0	.05647945	.7740466	.169474	0
1019.15	0	.05956535	.770866	.1695686	0
1018.15	0	.06266356	.7676734	.169663	0
1017.15	0	.0657738	.764469	.1697572	0
1016.15	0	.06889581	.761253	.1698512	0
1015.15	0	.07202933	.7580257	.169945	0
1014.15	0	.07517407	.7547874	.1700385	0
1013.15	0	.07832978	.7515384	.1701318	0
1012.15	0	.08149618	.7482789	.1702249	0
1011.15	0	.08467301	.7450092	.1703178	0
1010.15	0	.08785998	.7417295	.1704105	0
1009.15	0	.09105683	.7384402	.170503	0
1008.15	0	.09426328	.7351414	.1705953	0
1007.15	0	.09747906	.7318336	.1706874	0
1006.15	0	.1007039	.7285169	.1707793	0
1005.15	0	.1039375	.7251916	.1708709	0
1004.15	0	.1071797	.7218579	.1709624	0
1003.15	0	.11043	.7185163	.1710537	0
1002.15	0	.1136883	.7151669	.1711448	0
1001.15	0	.1169543	.71181	.1712357	0
1000.15	0	.1202278	.7084459	.1713264	0
999.15	0	.1235083	.7050748	.1714169	0
998.15	0	.1267957	.7016971	.1715072	0
997.15	0	.1300897	.698313	.1715973	0
996.15	0	.13339	.6949228	.1716872	0
995.15	0	.1366963	.6915267	.171777	0
994.15	0	.1400084	.6881251	.1718665	0
993.15	0	.143326	.6847182	.1719558	0
992.15	0	.1466487	.6813064	.1720449	0
991.15	0	.1499765	.6778897	.1721338	0
990.15	0	.1533088	.6744686	.1722226	0
989.15	0	.1566456	.6710433	.1723111	0
988.15	0	.1599865	.6676141	.1723994	0
987.15	0	.1633313	.6641813	.1724874	0
986.15	0	.1666796	.6607451	.1725753	0
985.15	0	.1699914	.6573414	.1726672	0
984.15	0	.1733074	.6539326	.17276	0
983.15	0	.1766436	.6505043	.1728522	0
982.15	0	.1799985	.647058	.1729435	0
981.15	0	.1833706	.6435953	.1730342	0
980.15	0	.1867584	.6401175	.1731241	0
979.15	0	.1901605	.6366262	.1732133	0
978.15	0	.1935755	.6331227	.1733018	0
977.15	0	.1970021	.6296083	.1733896	0
976.15	0	.200439	.6260843	.1734767	0
975.15	0	.2038849	.622552	.1735631	0
974.15	0	.2073387	.6190125	.1736488	0
973.15	0	.2107992	.615467	.1737338	0
972.15	0	.2142653	.6119167	.1738181	0
971.15	0	.2177358	.6083626	.1739017	0
970.15	0	.2212097	.6048057	.1739846	0
969.15	0	.2246861	.6012471	.1740668	0
968.15	0	.228164	.5976877	.1741483	0
967.15	0	.2316423	.5941286	.1742291	0
966.15	0	.2351203	.5905705	.1743092	0
965.15	0	.238597	.5870144	.1743886	0
964.15	0	.2420716	.5834612	.1744672	0
963.15	0	.2455433	.5799115	.1745452	0
962.15	0	.2490113	.5763663	.1746224	0
961.15	0	.2524749	.5728263	.1746989	0
960.15	0	.2559333	.5692921	.1747747	0
959.15	0	.2593858	.5657646	.1748497	0
958.15	0	.2628318	.5622443	.174924	0
957.15	0	.2662706	.5587319	.1749975	0
956.15	0	.2697017	.5552281	.1750703	0
955.15	0	.2731243	.5517334	.1751423	0
954.15	0	.276538	.5482484	.1752136	0
953.15	0	.2799423	.5447737	.1752841	0
952.15	0	.2833365	.5413098	.1753538	0
951.15	0	.2867202	.5378572	.1754227	0
950.15	0	.2900929	.5344163	.1754908	0
949.15	0	.2934541	.5309877	.1755582	0
948.15	0	.2968034	.5275719	.1756247	0
947.15	0	.3001404	.5241692	.1756904	0
946.15	0	.3034647	.52078	.1757553	0
945.15	0	.3067759	.5174047	.1758194	0
944.15	0	.3100736	.5140438	.1758827	0
943.15	0	.3133575	.5106975	.1759451	0
942.15	0	.3166272	.5073662	.1760067	0
941.15	0	.3198824	.5040502	.1760674	0
940.15	0	.3231229	.5007499	.1761272	0
939.15	0	.3263482	.4974656	.1761862	0
938.15	0	.3295583	.4941974	.1762443	0
937.15	0	.3327527	.4909457	.1763016	0
936.15	0	.3359313	.4877108	.1763579	0
935.15	0	.3390938	.4844929	.1764134	0
934.15	0	.3422399	.4812921	.1764679	0
933.15	0	.3453696	.4781088	.1765216	0
932.15	0	.3484825	.4749432	.1765743	0
931.15	0	.3515786	.4717953	.1766261	0
930.15	0	.3546575	.4686655	.176677	0
929.15	0	.3577192	.4655539	.176727	0
928.15	0	.3607635	.4624606	.176776	0
927.15	0	.3637902	.4593858	.176824	0
926.15	0	.3667993	.4563296	.1768711	0
925.15	0	.3697905	.4532923	.1769172	0
924.15	0	.3727638	.4502738	.1769624	0
923.15	0	.375719	.4472744	.1770066	0
922.15	0	.3786561	.4442942	.1770498	0
921.15	0	.3815749	.4413331	.177092	0
920.15	0	.3844753	.4383915	.1771332	0
919.15	0	.3873574	.4354692	.1771734	0
918.15	0	.3902209	.4325665	.1772126	0
917.15	0	.3930658	.4296834	.1772508	0
916.15	0	.3958921	.42682	.177288	0
915.15	0	.3986996	.4239762	.1773242	0
914.15	0	.4014884	.4211523	.1773593	0
913.15	0	.4042584	.4183483	.1773934	0
912.15	0	.4070095	.4155641	.1774264	0
911.15	0	.4097417	.4127999	.1774584	0
910.15	0	.412455	.4100556	.1774894	0
909.15	0	.4151493	.4073314	.1775192	0
908.15	0	.4178247	.4046273	.1775481	0
907.15	0	.420481	.4019432	.1775758	0
906.15	0	.4231182	.3992793	.1776025	0
905.15	0	.4257364	.3966354	.1776282	0
904.15	0	.4283355	.3940118	.1776527	0
903.15	0	.4309155	.3914083	.1776762	0
902.15	0	.4334764	.388825	.1776986	0
901.15	0	.4360182	.3862619	.1777199	0
900.15	0	.4385409	.383719	.1777401	0
899.15	0	.4410445	.3811963	.1777592	0
898.15	0	.4435289	.3786939	.1777772	0
897.15	0	.4459942	.3762117	.1777941	0
896.15	0	.4484404	.3737496	.1778099	0
895.15	0	.4508675	.3713078	.1778247	0
894.15	0	.4532755	.3688863	.1778383	0
893.15	0	.4556643	.3664849	.1778508	0
892.15	0	.4580341	.3641038	.1778622	0
891.15	0	.4603847	.3617428	.1778725	0
890.15	0	.4627162	.3594021	.1778817	0
889.15	0	.4650287	.3570815	.1778898	0
888.15	0	.4673221	.3547811	.1778968	0
887.15	0	.4695964	.3525009	.1779027	0
886.15	0	.4718517	.3502408	.1779075	0
885.15	0	.474088	.3480009	.1779112	0
884.15	0	.4763052	.345781	.1779138	0
883.15	0	.4785034	.3435813	.1779153	0
882.15	0	.4806826	.3414017	.1779157	0
881.15	0	.4828428	.3392422	.177915	0
880.15	0	.484984	.3371028	.1779133	0
879.15	0	.4871063	.3349833	.1779104	0
878.15	0	.4892096	.3328839	.1779065	0
877.15	0	.491294	.3308045	.1779015	0
876.15	0	.4933594	.3287451	.1778955	0
875.15	0	.495406	.3267057	.1778884	0
874.15	0	.4974336	.3246862	.1778802	0
873.15	0	.4994424	.3226866	.177871	0
872.15	0	.5014324	.3207068	.1778608	0
871.15	0	.5034035	.318747	.1778495	0
870.15	0	.5053559	.3168069	.1778372	0
869.15	0	.5072894	.3148867	.1778239	0
868.15	0	.5092042	.3129862	.1778096	0
867.15	0	.5111002	.3111055	.1777943	0
866.15	0	.5129775	.3092444	.177778	0
865.15	0	.5148362	.3074031	.1777608	0
864.15	0	.5166762	.3055813	.1777426	0
863.15	0	.5184975	.3037791	.1777234	0
862.15	0	.5203003	.3019965	.1777033	0
861.15	0	.5220845	.3002333	.1776822	0
860.15	0	.5238502	.2984895	.1776603	0
859.15	0	.5255974	.2967652	.1776374	0
858.15	0	.5273262	.2950602	.1776137	0
857.15	0	.5290366	.2933744	.177589	0
856.15	0	.5307286	.2917078	.1775635	0
855.5894	0	.5316692	.2907819	.1775489	0
855.5894	0	.5316692	.2907819	.1775489	0
855.5894	0	.5316692	.2907819	.1775489	0
855.15	0	.538922	.2822972	.1757928	.002988028
854.15	0	.5548292	.2636444	.1719028	.00962356
853.15	0	.569949	.245856	.1681538	.01604129
852.15	0	.5843323	.2288763	.1645373	.02225409
851.15	0	.5980262	.2126543	.1610459	.02827372
850.15	0	.6110734	.1971432	.1576724	.03411098
849.15	0	.6235134	.1823004	.1544104	.03977581
848.15	0	.6353823	.1680863	.1512541	.04527735
847.15	0	.6467133	.1544647	.1481979	.05062404
846.15	0	.6575374	.1414021	.1452369	.0558237
845.15	0	.6678827	.1288675	.1423662	.06088355
844.15	0	.6777758	.1168323	.1395816	.0658103
843.15	0	.6872409	.1052699	.136879	.07061018
842.15	0	.6963008	.09415568	.1342546	.07528898
841.15	0	.7049765	.08346657	.1317049	.0798521
840.15	0	.7132876	.07318124	.1292266	.0843046
839.15	0	.7212524	.06327974	.1268167	.08865117
838.15	0	.728888	.05374345	.1244723	.09289624
837.15	0	.7362105	.04455494	.1221907	.09704392
836.15	0	.7432347	.03569791	.1199693	.1010981
835.15	0	.7499747	.02715709	.1178058	.1050624
834.15	0	.7564437	.01891813	.115698	.1089403
833.15	0	.7626539	.01096756	.1136437	.1127349
832.15	0	.7686171	.003292731	.1116409	.1164493
831.71	0	.7711655	0	.1107755	.118059
831.71	0	.7711655	0	.1107755	.118059
831.15	0	.7710796	0	.1106512	.1182693
830.15	0	.7709269	0	.1104298	.1186434
829.15	0	.7707751	0	.1102091	.1190159
828.15	0	.7706242	0	.1099891	.1193868
827.15	0	.7704741	0	.1097699	.119756
826.15	0	.770325	0	.1095514	.1201236
825.15	0	.7701767	0	.1093336	.1204897
824.15	0	.7700293	0	.1091166	.1208541
823.15	0	.7698828	0	.1089003	.121217
822.15	0	.7697371	0	.1086847	.1215783
821.15	0	.7695922	0	.1084698	.121938
820.15	0	.7694482	0	.1082557	.1222961
819.15	0	.7693049	0	.1080423	.1226527
818.15	0	.7691626	0	.1078296	.1230078
817.15	0	.769021	0	.1076177	.1233613
816.15	0	.7688802	0	.1074065	.1237133
815.15	0	.7687403	0	.107196	.1240638
814.15	0	.7686011	0	.1069862	.1244127
813.15	0	.7684627	0	.1067771	.1247602
812.15	0	.7683251	0	.1065688	.1251061
811.15	0	.7681882	0	.1063612	.1254506
810.15	0	.7680522	0	.1061543	.1257936
809.15	0	.7679169	0	.1059481	.126135
808.15	0	.7677823	0	.1057426	.126475
807.15	0	.7676485	0	.1055379	.1268136
806.15	0	.7675155	0	.1053339	.1271507
805.15	0	.7673832	0	.1051306	.1274863
804.15	0	.7672516	0	.104928	.1278205
803.15	0	.7671207	0	.1047261	.1281532
802.15	0	.7669906	0	.1045249	.1284845
801.15	0	.7668612	0	.1043244	.1288144
800.15	0	.7667325	0	.1041247	.1291428
799.15	0	.7666045	0	.1039257	.1294699
798.15	0	.7664772	0	.1037273	.1297955
797.15	0	.7663506	0	.1035297	.1301197
796.15	0	.7662247	0	.1033328	.1304425
795.15	0	.7660995	0	.1031366	.1307639
794.15	0	.7659749	0	.1029411	.131084
793.15	0	.7658511	0	.1027463	.1314026
792.15	0	.7657279	0	.1025523	.1317199
791.15	0	.7656053	0	.1023589	.1320358
790.15	0	.7654835	0	.1021662	.1323503
789.15	0	.7653623	0	.1019742	.1326635
788.15	0	.7652418	0	.101783	.1329753
787.15	0	.7651219	0	.1015924	.1332857
786.15	0	.7650026	0	.1014025	.1335949
785.15	0	.764884	0	.1012134	.1339026
784.15	0	.764766	0	.1010249	.1342091
783.15	0	.7646487	0	.1008371	.1345141
782.15	0	.764532	0	.1006501	.1348179
781.15	0	.7644159	0	.1004637	.1351204
780.15	0	.7643005	0	.100278	.1354215
779.15	0	.7641856	0	.100093	.1357213
778.15	0	.7640714	0	.09990873	.1360199
777.15	0	.7639578	0	.09972513	.1363171
776.15	0	.7638448	0	.09954223	.136613
775.15	0	.7637324	0	.09936002	.1369076
774.15	0	.7636206	0	.09917849	.1372009
773.15	0	.7635094	0	.09899766	.137493
772.15	0	.7633988	0	.09881752	.1377837
771.15	0	.7632887	0	.09863807	.1380732
770.15	0	.7631793	0	.0984593	.1383614
769.15	0	.7630704	0	.09828122	.1386484
768.15	0	.7629621	0	.09810383	.1389341
767.15	0	.7628544	0	.09792712	.1392185
766.15	0	.7627473	0	.0977511	.1395016
765.15	0	.7626407	0	.09757576	.1397836
764.15	0	.7625347	0	.09740111	.1400642
763.15	0	.7624292	0	.09722713	.1403436
762.15	0	.7623243	0	.09705384	.1406218
761.15	0	.76222	0	.09688123	.1408988
760.15	0	.7621162	0	.0967093	.1411745
759.15	0	.762013	0	.09653805	.141449
758.15	0	.7619103	0	.09636747	.1417222
757.15	0	.7618082	0	.09619758	.1419943
756.15	0	.7617066	0	.09602835	.1422651
755.15	0	.7616055	0	.09585981	.1425347
754.15	0	.761505	0	.09569194	.1428031
753.15	0	.761405	0	.09552475	.1430703
752.15	0	.7613055	0	.09535822	.1433363
751.15	0	.7612066	0	.09519237	.1436011
750.15	0	.7611081	0	.09502719	.1438647
749.15	0	.7610102	0	.09486269	.1441271
748.15	0	.7609129	0	.09469885	.1443883
747.15	0	.760816	0	.09453568	.1446483
746.15	0	.7607196	0	.09437318	.1449072
745.15	0	.7606238	0	.09421135	.1451649
744.15	0	.7605285	0	.09405019	.1454214
743.15	0	.7604336	0	.09388969	.1456767
742.15	0	.7603393	0	.09372985	.1459308
741.15	0	.7602455	0	.09357068	.1461838
740.15	0	.7601522	0	.09341218	.1464357
739.15	0	.7600593	0	.09325433	.1466863
738.15	0	.759967	0	.09309715	.1469359
737.15	0	.7598751	0	.09294063	.1471842
736.15	0	.7597838	0	.09278477	.1474314
735.15	0	.7596929	0	.09262956	.1476775
734.15	0	.7596025	0	.09247502	.1479225
733.15	0	.7595126	0	.09232113	.1481663
732.15	0	.7594232	0	.09216791	.1484089
731.15	0	.7593342	0	.09201533	.1486504
730.15	0	.7592458	0	.09186341	.1488908
729.15	0	.7591577	0	.09171215	.1491301
728.15	0	.7590702	0	.09156154	.1493683
727.15	0	.7589832	0	.09141158	.1496053
726.15	0	.7588966	0	.09126227	.1498412
725.15	0	.7588104	0	.09111361	.150076
724.15	0	.7587248	0	.09096561	.1503096
723.15	0	.7586395	0	.09081825	.1505422
722.15	0	.7585548	0	.09067154	.1507737
721.15	0	.7584705	0	.09052547	.1510041
720.15	0	.7583866	0	.09038006	.1512333
719.15	0	.7583032	0	.09023529	.1514615
718.15	0	.7582203	0	.09009116	.1516886
717.15	0	.7581378	0	.08994768	.1519145
716.15	0	.7580558	0	.08980484	.1521394
715.15	0	.7579741	0	.08966264	.1523632
714.15	0	.757893	0	.08952108	.1525859
713.15	0	.7578123	0	.08938016	.1528076
712.15	0	.757732	0	.08923988	.1530281
711.15	0	.7576521	0	.08910024	.1532476
710.15	0	.7575727	0	.08896124	.1534661
709.15	0	.7574937	0	.08882287	.1536834
708.15	0	.7574152	0	.08868514	.1538997
707.15	0	.7573371	0	.08854805	.1541149
706.15	0	.7572594	0	.08841158	.154329
705.15	0	.7571821	0	.08827575	.1545421
704.15	0	.7571053	0	.08814055	.1547542
703.15	0	.7570289	0	.08800599	.1549652
702.15	0	.7569529	0	.08787205	.1551751
701.15	0	.7568773	0	.08773874	.155384
700.15	0	.7568021	0	.08760606	.1555918
699.15	0	.7567274	0	.087474	.1557986
698.15	0	.756653	0	.08734257	.1560044
697.15	0	.7565791	0	.08721177	.1562091
696.15	0	.7565056	0	.08708159	.1564128
695.15	0	.7564325	0	.08695204	.1566155
694.15	0	.7563598	0	.0868231	.1568171
693.15	0	.7562875	0	.08669479	.1570177
692.15	0	.7562156	0	.0865671	.1572173
691.15	0	.7561441	0	.08644002	.1574158
690.15	0	.7560731	0	.08631357	.1576134
689.15	0	.7560024	0	.08618773	.1578099
688.15	0	.7559321	0	.08606251	.1580054
687.15	0	.7558622	0	.0859379	.1581999
686.15	0	.7557927	0	.08581391	.1583934
685.15	0	.7557236	0	.08569053	.1585859
684.15	0	.7556549	0	.08556776	.1587773
683.15	0	.7555866	0	.0854456	.1589678
682.15	0	.7555187	0	.08532406	.1591573
681.15	0	.7554511	0	.08520312	.1593458
680.15	0	.755384	0	.08508279	.1595333
679.15	0	.7553172	0	.08496307	.1597198
678.15	0	.7552508	0	.08484395	.1599053
677.15	0	.7551848	0	.08472544	.1600898
676.15	0	.7551192	0	.08460753	.1602733
675.15	0	.7550539	0	.08449022	.1604559
674.15	0	.754989	0	.08437352	.1606375
673.15	0	.7549245	0	.08425741	.1608181
672.15	0	.7548604	0	.08414191	.1609977
671.15	0	.7547967	0	.084027	.1611763
670.15	0	.7547333	0	.08391269	.161354
669.15	0	.7546703	0	.08379898	.1615308
668.15	0	.7546076	0	.08368586	.1617065
667.15	0	.7545454	0	.08357334	.1618813
666.15	0	.7544834	0	.0834614	.1620552
665.15	0	.7544219	0	.08335006	.1622281
664.15	0	.7543607	0	.08323931	.1624
663.15	0	.7542999	0	.08312915	.162571
662.15	0	.7542394	0	.08301958	.162741
661.15	0	.7541793	0	.08291059	.1629101
660.15	0	.7541196	0	.08280219	.1630782
659.15	0	.7540602	0	.08269438	.1632454
658.15	0	.7540012	0	.08258715	.1634117
657.15	0	.7539425	0	.0824805	.163577
656.15	0	.7538842	0	.08237443	.1637414
655.15	0	.7538262	0	.08226894	.1639049
654.15	0	.7537686	0	.08216403	.1640674
653.15	0	.7537113	0	.0820597	.164229
652.15	0	.7536543	0	.08195594	.1643897
651.15	0	.7535977	0	.08185276	.1645495
650.15	0	.7535415	0	.08175015	.1647083
649.15	0	.7534856	0	.08164811	.1648663
648.15	0	.75343	0	.08154665	.1650233
647.15	0	.7533748	0	.08144576	.1651794
646.15	0	.75332	0	.08134543	.1653346
645.15	0	.7532654	0	.08124567	.1654889
644.15	0	.7532112	0	.08114648	.1656423
643.15	0	.7531574	0	.08104785	.1657948
642.15	0	.7531038	0	.08094979	.1659464
641.15	0	.7530506	0	.08085229	.1660971
640.15	0	.7529978	0	.08075535	.1662469
639.15	0	.7529452	0	.08065897	.1663958
638.15	0	.752893	0	.08056315	.1665438
637.15	0	.7528411	0	.08046789	.166691
636.15	0	.7527896	0	.08037318	.1668373
635.15	0	.7527383	0	.08027902	.1669826
634.15	0	.7526874	0	.08018542	.1671271
633.15	0	.7526369	0	.08009237	.1672708
632.15	0	.7525866	0	.07999988	.1674135
631.15	0	.7525367	0	.07990793	.1675554
630.15	0	.752487	0	.07981653	.1676964
629.15	0	.7524377	0	.07972567	.1678366
628.15	0	.7523888	0	.07963536	.1679759
627.15	0	.7523401	0	.0795456	.1681143
626.15	0	.7522917	0	.07945637	.1682519
625.15	0	.7522437	0	.07936769	.1683886
624.15	0	.752196	0	.07927954	.1685245
623.15	0	.7521486	0	.07919194	.1686595
622.15	0	.7521014	0	.07910487	.1687937
621.15	0	.7520547	0	.07901833	.168927
620.15	0	.7520081	0	.07893233	.1690595
619.15	0	.751962	0	.07884686	.1691912
618.15	0	.7519161	0	.07876192	.169322
617.15	0	.7518705	0	.07867752	.169452
616.15	0	.7518252	0	.07859363	.1695811
615.15	0	.7517803	0	.07851028	.1697095
614.15	0	.7517356	0	.07842745	.169837
613.15	0	.7516912	0	.07834514	.1699636
612.15	0	.7516472	0	.07826336	.1700895
611.15	0	.7516034	0	.07818209	.1702145
610.15	0	.7515599	0	.07810135	.1703388
609.15	0	.7515167	0	.07802112	.1704622
608.15	0	.7514738	0	.07794141	.1705848
607.15	0	.7514312	0	.07786221	.1707066
606.15	0	.7513889	0	.07778352	.1708276
605.15	0	.7513469	0	.07770535	.1709478
604.15	0	.7513051	0	.07762768	.1710672
603.15	0	.7512637	0	.07755053	.1711858
602.15	0	.7512225	0	.07747388	.1713036
601.15	0	.7511816	0	.07739773	.1714206
600.15	0	.7511411	0	.07732209	.1715369
599.15	0	.7511007	0	.07724695	.1716523
598.15	0	.7510607	0	.07717231	.171767
597.15	0	.751021	0	.07709816	.1718809
596.15	0	.7509815	0	.07702452	.171994
595.15	0	.7509423	0	.07695137	.1721063
594.15	0	.7509034	0	.07687871	.1722179
593.15	0	.7508648	0	.07680654	.1723287
592.15	0	.7508264	0	.07673487	.1724387
591.15	0	.7507883	0	.07666368	.172548
590.15	0	.7507505	0	.07659298	.1726565
589.15	0	.7507129	0	.07652277	.1727643
588.15	0	.7506757	0	.07645304	.1728713
587.15	0	.7506386	0	.07638379	.1729776
586.15	0	.7506019	0	.07631502	.1730831
585.15	0	.7505654	0	.07624673	.1731878
584.15	0	.7505292	0	.07617891	.1732919
583.15	0	.7504933	0	.07611158	.1733951
582.15	0	.7504576	0	.07604471	.1734977
581.15	0	.7504222	0	.07597832	.1735995
580.15	0	.750387	0	.07591239	.1737006
579.15	0	.7503521	0	.07584694	.1738009
578.15	0	.7503175	0	.07578195	.1739006
577.15	0	.7502831	0	.07571742	.1739995
576.15	0	.750249	0	.07565336	.1740977
575.15	0	.7502151	0	.07558976	.1741951
574.15	0	.7501815	0	.07552662	.1742919
573.15	0	.7501481	0	.07546394	.1743879
572.15	0	.750115	0	.07540171	.1744833
571.15	0	.7500821	0	.07533993	.1745779
570.15	0	.7500495	0	.07527861	.1746719
569.15	0	.7500172	0	.07521774	.1747651
568.15	0	.749985	0	.07515732	.1748576
567.15	0	.7499532	0	.07509734	.1749495
566.15	0	.7499215	0	.07503781	.1750407
565.15	0	.7498902	0	.07497872	.1751311
564.15	0	.749859	0	.07492007	.1752209
563.15	0	.7498281	0	.07486186	.17531
562.15	0	.7497974	0	.07480409	.1753985
561.15	0	.749767	0	.07474676	.1754862
560.15	0	.7497369	0	.07468986	.1755733
559.15	0	.7497069	0	.07463339	.1756597
558.15	0	.7496772	0	.07457735	.1757455
557.15	0	.7496477	0	.07452174	.1758306
556.15	0	.7496185	0	.07446655	.175915
555.15	0	.7495895	0	.07441179	.1759988
554.15	0	.7495607	0	.07435745	.1760819
553.15	0	.7495321	0	.07430353	.1761643
552.15	0	.7495038	0	.07425004	.1762462
551.15	0	.7494757	0	.07419695	.1763273
550.15	0	.7494478	0	.07414429	.1764079
549.15	0	.7494202	0	.07409203	.1764878
548.15	0	.7493928	0	.07404019	.176567
547.15	0	.7493656	0	.07398875	.1766457
546.15	0	.7493386	0	.07393772	.1767237
545.15	0	.7493119	0	.0738871	.1768011
544.15	0	.7492853	0	.07383688	.1768778
543.15	0	.749259	0	.07378706	.1769539
542.15	0	.7492329	0	.07373764	.1770295
541.15	0	.749207	0	.07368862	.1771044
540.15	0	.7491814	0	.07363999	.1771787
539.15	0	.7491559	0	.07359176	.1772523
538.15	0	.7491307	0	.07354391	.1773254
537.15	0	.7491056	0	.07349646	.1773979
536.15	0	.7490808	0	.07344939	.1774698
535.15	0	.7490562	0	.07340271	.1775411
534.15	0	.7490318	0	.07335641	.1776118
533.15	0	.7490076	0	.0733105	.1776819
532.15	0	.7489836	0	.07326496	.1777514
531.15	0	.7489598	0	.0732198	.1778204
530.15	0	.7489363	0	.07317501	.1778887
529.15	0	.7489129	0	.0731306	.1779565
528.15	0	.7488897	0	.07308656	.1780237
527.15	0	.7488668	0	.07304289	.1780904
526.15	0	.748844	0	.07299959	.1781564
525.15	0	.7488214	0	.07295665	.178222
524.15	0	.748799	0	.07291407	.1782869
523.15	0	.7487768	0	.07287186	.1783513
522.15	0	.7487548	0	.07283	.1784152
521.15	0	.7487331	0	.0727885	.1784785
520.15	0	.7487114	0	.07274736	.1785412
519.15	0	.74869	0	.07270656	.1786034
518.15	0	.7486688	0	.07266612	.1786651
517.15	0	.7486478	0	.07262603	.1787262
516.15	0	.7486269	0	.07258628	.1787868
515.15	0	.7486063	0	.07254688	.1788469
514.15	0	.7485858	0	.07250782	.1789064
513.15	0	.7485655	0	.07246911	.1789654
512.15	0	.7485454	0	.07243072	.1790239
511.15	0	.7485255	0	.07239268	.1790818
510.15	0	.7485057	0	.07235497	.1791393
509.15	0	.7484862	0	.07231759	.1791962
508.15	0	.7484668	0	.07228054	.1792527
507.15	0	.7484476	0	.07224382	.1793086
506.15	0	.7484286	0	.07220743	.179364
505.15	0	.7484097	0	.07217136	.1794189
504.15	0	.748391	0	.07213561	.1794734
503.15	0	.7483725	0	.07210018	.1795273
502.15	0	.7483542	0	.07206507	.1795808
501.15	0	.748336	0	.07203027	.1796337
500.15	0	.748318	0	.07199579	.1796862
499.15	0	.7483002	0	.07196161	.1797382
498.15	0	.7482825	0	.07192775	.1797897
497.15	0	.7482651	0	.07189419	.1798408
496.15	0	.7482477	0	.07186094	.1798913
495.15	0	.7482306	0	.07182799	.1799414
494.15	0	.7482136	0	.07179534	.1799911
493.15	0	.7481967	0	.07176299	.1800403
492.15	0	.7481801	0	.07173094	.180089
491.15	0	.7481635	0	.07169918	.1801373
490.15	0	.7481472	0	.07166771	.1801851
489.15	0	.748131	0	.07163653	.1802325
488.15	0	.748115	0	.07160564	.1802794
487.15	0	.7480991	0	.07157504	.1803259
486.15	0	.7480833	0	.07154472	.180372
485.15	0	.7480678	0	.07151468	.1804176
484.15	0	.7480523	0	.07148492	.1804628
483.15	0	.7480371	0	.07145544	.1805075
482.15	0	.7480219	0	.07142624	.1805518
481.15	0	.7480069	0	.0713973	.1805957
480.15	0	.7479921	0	.07136864	.1806392
479.15	0	.7479774	0	.07134025	.1806823
478.15	0	.7479629	0	.07131213	.180725
477.15	0	.7479485	0	.07128427	.1807672
476.15	0	.7479343	0	.07125667	.1808091
475.15	0	.7479202	0	.07122934	.1808505
474.15	0	.7479062	0	.07120226	.1808916
473.15	0	.7478923	0	.07117544	.1809322
472.15	0	.7478787	0	.07114887	.1809725
471.15	0	.7478651	0	.07112256	.1810123
470.15	0	.7478517	0	.07109649	.1810518
469.15	0	.7478384	0	.07107068	.1810909
468.15	0	.7478253	0	.07104511	.1811296
467.15	0	.7478123	0	.07101978	.1811679
466.15	0	.7477994	0	.0709947	.1812059
465.15	0	.7477867	0	.07096986	.1812435
464.15	0	.7477741	0	.07094525	.1812807
463.15	0	.7477616	0	.07092088	.1813176
462.15	0	.7477492	0	.07089675	.181354
461.15	0	.747737	0	.07087284	.1813902
460.15	0	.7477249	0	.07084917	.1814259
459.15	0	.7477129	0	.07082572	.1814614
458.15	0	.7477011	0	.0708025	.1814964
457.15	0	.7476893	0	.07077951	.1815312
456.15	0	.7476777	0	.07075673	.1815656
455.15	0	.7476662	0	.07073417	.1815996
454.15	0	.7476549	0	.07071184	.1816333
453.15	0	.7476436	0	.07068971	.1816667
452.15	0	.7476325	0	.0706678	.1816997
451.15	0	.7476215	0	.07064611	.1817324
450.15	0	.7476106	0	.07062462	.1817648
449.15	0	.7475998	0	.07060334	.1817969
448.15	0	.7475891	0	.07058227	.1818286
447.15	0	.7475786	0	.07056141	.18186
446.15	0	.7475682	0	.07054074	.1818911
445.15	0	.7475578	0	.07052028	.1819219
444.15	0	.7475476	0	.07050002	.1819524
443.15	0	.7475375	0	.07047995	.1819825
442.15	0	.7475275	0	.07046009	.1820124
441.15	0	.7475176	0	.07044041	.182042
440.15	0	.7475078	0	.07042093	.1820713
439.15	0	.7474981	0	.07040164	.1821002
438.15	0	.7474886	0	.07038254	.1821289
437.15	0	.7474791	0	.07036362	.1821573
436.15	0	.7474697	0	.0703449	.1821854
435.15	0	.7474605	0	.07032635	.1822132
434.15	0	.7474513	0	.07030799	.1822407
433.15	0	.7474422	0	.07028981	.182268
432.15	0	.7474333	0	.0702718	.1822949
431.15	0	.7474244	0	.07025397	.1823216
430.15	0	.7474157	0	.07023632	.182348
429.15	0	.747407	0	.07021884	.1823742
428.15	0	.7473984	0	.07020153	.1824001
427.15	0	.7473899	0	.07018439	.1824257
426.15	0	.7473815	0	.07016742	.1824511
425.15	0	.7473732	0	.07015061	.1824762
424.15	0	.747365	0	.07013396	.182501
423.15	0	.7473569	0	.07011748	.1825256
422.15	0	.7473489	0	.07010115	.1825499
421.15	0	.747341	0	.07008499	.182574
420.15	0	.7473331	0	.07006898	.1825979
419.15	0	.7473254	0	.07005312	.1826215
418.15	0	.7473177	0	.07003741	.1826449
417.15	0	.7473101	0	.07002186	.182668
416.15	0	.7473026	0	.07000645	.182691
415.15	0	.7472952	0	.06999119	.1827136
414.15	0	.7472878	0	.06997607	.1827361
413.15	0	.7472806	0	.0699611	.1827583
412.15	0	.7472734	0	.06994626	.1827803
