T	 BPW(LIQUID)	BPW(BCC_A2)	BPW(FCC_A1)	BPW(LAVES_PHASE_C14)	BPW(NI3TI)
1473.15	.440511	.4815179	0	.07797105	0
1472.15	.433462	.4862123	0	.0803257	0
1471.15	.4265432	.4908155	0	.08264124	0
1470.15	.4197512	.4953301	0	.08491877	0
1469.15	.4130825	.4997582	0	.08715932	0
1468.15	.4065338	.5041023	0	.0893639	0
1467.15	.4001021	.5083645	0	.09153348	0
1466.15	.3937842	.5125468	0	.09366901	0
1465.15	.3875772	.5166514	0	.09577139	0
1464.15	.3814783	.5206802	0	.0978415	0
1463.15	.3754848	.5246351	0	.09988018	0
1462.15	.3695938	.5285179	0	.1018883	0
1461.15	.363803	.5323305	0	.1038665	0
1460.15	.3581097	.5360746	0	.1058157	0
1459.15	.3525115	.5397519	0	.1077366	0
1458.15	.3470062	.5433639	0	.1096299	0
1457.15	.3415915	.5469122	0	.1114963	0
1456.15	.3362651	.5503984	0	.1133364	0
1455.15	.331025	.553824	0	.115151	0
1454.15	.325869	.5571904	0	.1169406	0
1453.15	.3207952	.5604989	0	.1187059	0
1452.15	.3158017	.5637509	0	.1204474	0
1451.15	.3108865	.5669477	0	.1221658	0
1450.15	.3060479	.5700906	0	.1238614	0
1449.15	.3012841	.5731808	0	.1255351	0
1448.15	.2965934	.5762196	0	.1271871	0
1447.15	.291974	.5792079	0	.128818	0
1446.15	.2874245	.5821471	0	.1304284	0
1445.15	.2829431	.5850382	0	.1320187	0
1444.15	.2785285	.5878821	0	.1335893	0
1443.15	.2741791	.5906801	0	.1351408	0
1442.15	.2698935	.593433	0	.1366735	0
1441.15	.2656702	.5961419	0	.1381878	0
1440.15	.261508	.5988077	0	.1396842	0
1439.15	.2574056	.6014313	0	.1411631	0
1438.15	.2533615	.6040136	0	.1426249	0
1437.15	.2493746	.6065555	0	.1440699	0
1436.15	.2454437	.6090578	0	.1454985	0
1435.15	.2415676	.6115214	0	.146911	0
1434.15	.2377451	.6139471	0	.1483079	0
1433.15	.2339751	.6163355	0	.1496894	0
1432.15	.2302566	.6186876	0	.1510558	0
1431.15	.2265884	.6210041	0	.1524076	0
1430.15	.2229696	.6232856	0	.1537449	0
1429.15	.2193991	.6255328	0	.1550681	0
1428.15	.2158759	.6277466	0	.1563775	0
1427.15	.2123992	.6299274	0	.1576734	0
1426.15	.208968	.632076	0	.158956	0
1425.15	.2055813	.6341931	0	.1602256	0
1424.15	.2022384	.6362791	0	.1614825	0
1423.15	.1989382	.6383348	0	.162727	0
1422.15	.1956801	.6403607	0	.1639592	0
1421.15	.1924631	.6423574	0	.1651795	0
1420.15	.1892865	.6443254	0	.1663881	0
1419.15	.1861496	.6462653	0	.1675851	0
1418.15	.1830515	.6481777	0	.1687708	0
1417.15	.1799915	.650063	0	.1699456	0
1416.15	.1769689	.6519217	0	.1711094	0
1415.15	.1739829	.6537544	0	.1722626	0
1414.15	.171033	.6555616	0	.1734054	0
1413.15	.1681184	.6573436	0	.174538	0
1412.15	.1652385	.659101	0	.1756605	0
1411.15	.1623927	.6608342	0	.1767732	0
1410.15	.1595802	.6625436	0	.1778762	0
1409.15	.1568006	.6642298	0	.1789697	0
1408.15	.1540531	.665893	0	.1800539	0
1407.15	.1513373	.6675338	0	.1811289	0
1406.15	.1486526	.6691524	0	.182195	0
1405.15	.1459983	.6707494	0	.1832523	0
1404.15	.1433741	.672325	0	.1843009	0
1403.15	.1407792	.6738797	0	.185341	0
1402.15	.1382133	.6754138	0	.1863728	0
1401.15	.1356758	.6769278	0	.1873964	0
1400.15	.1331662	.6784218	0	.188412	0
1399.15	.1306841	.6798963	0	.1894196	0
1398.15	.1282289	.6813516	0	.1904195	0
1397.15	.1258002	.6827881	0	.1914117	0
1396.15	.1233976	.684206	0	.1923964	0
1395.15	.1210205	.6856057	0	.1933738	0
1394.15	.1186686	.6869875	0	.1943439	0
1393.15	.1163415	.6883516	0	.1953069	0
1392.15	.1140387	.6896984	0	.1962629	0
1391.15	.1117598	.6910282	0	.197212	0
1390.15	.1095044	.6923412	0	.1981544	0
1389.15	.1072722	.6936377	0	.1990901	0
1388.15	.1050627	.694918	0	.2000192	0
1387.15	.1028757	.6961824	0	.200942	0
1386.15	.1007106	.6974311	0	.2018584	0
1385.15	.09856719	.6986643	0	.2027685	0
1384.15	.0964451	.6998824	0	.2036726	0
1383.15	.09434397	.7010855	0	.2045706	0
1382.15	.09226348	.7022739	0	.2054627	0
1381.15	.09020329	.7034478	0	.2063489	0
1380.15	.08816308	.7046075	0	.2072294	0
1379.15	.08614253	.7057532	0	.2081043	0
1378.15	.08414134	.706885	0	.2089736	0
1377.15	.0821592	.7080033	0	.2098375	0
1376.15	.08019581	.7091083	0	.2106959	0
1375.15	.07825088	.7102	0	.2115491	0
1374.15	.07632413	.7112789	0	.212397	0
1373.15	.07441528	.7123449	0	.2132398	0
1372.15	.07252404	.7133984	0	.2140776	0
1371.15	.07065016	.7144395	0	.2149103	0
1370.15	.06879336	.7154685	0	.2157382	0
1369.15	.0669534	.7164854	0	.2165612	0
1368.15	.06513	.7174906	0	.2173794	0
1367.15	.06332293	.7184841	0	.218193	0
1366.15	.06153194	.7194661	0	.219002	0
1365.15	.0597568	.7204369	0	.2198064	0
1364.15	.05799725	.7213965	0	.2206063	0
1363.15	.05625308	.7223452	0	.2214018	0
1362.15	.05452405	.723283	0	.2221929	0
1361.15	.05280995	.7242103	0	.2229798	0
1360.15	.05111055	.725127	0	.2237624	0
1359.15	.04942565	.7260335	0	.2245409	0
1358.15	.04775502	.7269297	0	.2253152	0
1357.15	.04609847	.727816	0	.2260856	0
1356.15	.04445579	.7286923	0	.2268519	0
1355.15	.04282678	.729559	0	.2276143	0
1354.15	.04121125	.730416	0	.2283728	0
1353.15	.039609	.7312635	0	.2291275	0
1352.15	.03801984	.7321018	0	.2298784	0
1351.15	.03644359	.7329308	0	.2306256	0
1350.15	.03488007	.7337508	0	.2313692	0
1349.15	.0333291	.7345618	0	.2321091	0
1348.15	.0317905	.7353641	0	.2328454	0
1347.15	.0302641	.7361576	0	.2335783	0
1346.15	.02874973	.7369426	0	.2343076	0
1345.15	.02724722	.7377192	0	.2350336	0
1344.15	.02575641	.7384874	0	.2357562	0
1343.15	.02427714	.7392475	0	.2364754	0
1342.15	.02280925	.7399994	0	.2371914	0
1341.15	.02135259	.7407433	0	.2379041	0
1340.15	.01990699	.7414794	0	.2386136	0
1339.15	.01847231	.7422078	0	.2393199	0
1338.15	.01704841	.7429284	0	.2400232	0
1337.15	.01563513	.7436415	0	.2407233	0
1336.15	.01423234	.7443472	0	.2414205	0
1335.15	.01283989	.7450455	0	.2421146	0
1334.15	.01145765	.7457366	0	.2428058	0
1333.15	.01008547	.7464205	0	.243494	0
1332.15	.008723231	.7470974	0	.2441794	0
1331.15	.007370793	.7477673	0	.2448619	0
1330.15	.00602803	.7484303	0	.2455416	0
1329.15	.004694812	.7490866	0	.2462186	0
1328.15	.003371016	.7497362	0	.2468928	0
1327.15	.002056517	.7503792	0	.2475643	0
1326.15	7.511949E-04	.7510157	0	.2482331	0
1325.571	0	.7513811	0	.2486189	0
1325.571	0	.7513811	0	.2486189	0
1325.15	0	.7511769	0	.2488231	0
1324.15	0	.750693	0	.249307	0
1323.15	0	.7502103	0	.2497897	0
1322.15	0	.7497286	0	.2502715	0
1321.15	0	.7492479	0	.2507521	0
1320.15	0	.7487683	0	.2512317	0
1319.15	0	.7482898	0	.2517102	0
1318.15	0	.7478123	0	.2521877	0
1317.15	0	.7473359	0	.2526641	0
1316.15	0	.7468605	0	.2531395	0
1315.15	0	.7463862	0	.2536138	0
1314.15	0	.7459129	0	.2540871	0
1313.15	0	.7454407	0	.2545594	0
1312.15	0	.7449694	0	.2550306	0
1311.15	0	.7444993	0	.2555007	0
1310.15	0	.7440301	0	.2559699	0
1309.15	0	.743562	0	.256438	0
1308.15	0	.7430949	0	.2569051	0
1307.15	0	.7426288	0	.2573712	0
1306.15	0	.7421637	0	.2578363	0
1305.15	0	.7416997	0	.2583003	0
1304.15	0	.7412366	0	.2587634	0
1303.15	0	.7407746	0	.2592254	0
1302.15	0	.7403136	0	.2596865	0
1301.15	0	.7398535	0	.2601465	0
1300.15	0	.7393945	0	.2606055	0
1299.15	0	.7389365	0	.2610635	0
1298.15	0	.7384794	0	.2615206	0
1297.15	0	.7380234	0	.2619766	0
1296.15	0	.7375683	0	.2624317	0
1295.15	0	.7371142	0	.2628858	0
1294.15	0	.7366611	0	.2633389	0
1293.15	0	.736209	0	.263791	0
1292.15	0	.7357578	0	.2642422	0
1291.15	0	.7353077	0	.2646923	0
1290.15	0	.7348585	0	.2651415	0
1289.15	0	.7344102	0	.2655898	0
1288.15	0	.7339629	0	.2660371	0
1287.15	0	.7335166	0	.2664834	0
1286.15	0	.7330713	0	.2669287	0
1285.15	0	.7326269	0	.2673731	0
1284.15	0	.7321834	0	.2678166	0
1283.15	0	.7317409	0	.2682591	0
1282.15	0	.7312994	0	.2687006	0
1281.15	0	.7308588	0	.2691412	0
1280.15	0	.7304191	0	.2695809	0
1279.15	0	.7299804	0	.2700196	0
1278.15	0	.7295426	0	.2704574	0
1277.15	0	.7291057	0	.2708943	0
1276.15	0	.7286698	0	.2713302	0
1275.15	0	.7282348	0	.2717652	0
1274.15	0	.7278007	0	.2721993	0
1273.15	0	.7273676	0	.2726324	0
1272.15	0	.7269354	0	.2730646	0
1271.15	0	.726504	0	.273496	0
1270.15	0	.7260736	0	.2739264	0
1269.15	0	.7256442	0	.2743558	0
1268.15	0	.7252156	0	.2747844	0
1267.15	0	.7247879	0	.2752121	0
1266.15	0	.7243612	0	.2756388	0
1265.15	0	.7239353	0	.2760647	0
1264.15	0	.7235103	0	.2764897	0
1263.15	0	.7230863	0	.2769137	0
1262.15	0	.7226631	0	.2773369	0
1261.15	0	.7222408	0	.2777592	0
1261.102	0	.7222205	0	.2777795	0
1261.102	0	.7222205	0	.2777795	0
1261.102	0	.7222205	0	.2777795	0
1260.15	0	.7210277	8.208162E-04	.2781515	0
1259.15	0	.7197779	.001680905	.2785412	0
1258.15	0	.7185314	.002538695	.2789299	0
1257.15	0	.7172882	.00339419	.2793176	0
1256.15	0	.7160485	.004247395	.2797041	0
1255.15	0	.714812	.005098313	.2800897	0
1254.15	0	.7135789	.005946949	.2804742	0
1253.15	0	.7123491	.006793307	.2808576	0
1252.15	0	.7111226	.00763739	.28124	0
1251.15	0	.7098994	.008479202	.2816214	0
1250.15	0	.7086795	.009318747	.2820017	0
1249.15	0	.7074629	.01015603	.2823811	0
1248.15	0	.7062496	.01099105	.2827594	0
1247.15	0	.7050395	.01182382	.2831366	0
1246.15	0	.7038328	.01265433	.2835129	0
1245.15	0	.7026293	.0134826	.2838881	0
1244.15	0	.701429	.01430863	.2842624	0
1243.15	0	.700232	.01513241	.2846356	0
1242.15	0	.6990382	.01595395	.2850079	0
1241.15	0	.6978476	.01677326	.2853791	0
1240.15	0	.6966603	.01759034	.2857494	0
1239.15	0	.6954762	.0184052	.2861186	0
1238.15	0	.6942953	.01921783	.2864869	0
1237.15	0	.6931176	.02002824	.2868542	0
1236.15	0	.6919431	.02083644	.2872205	0
1235.15	0	.6907717	.02164242	.2875859	0
1234.15	0	.6896036	.02244619	.2879502	0
1233.15	0	.6884386	.02324775	.2883136	0
1232.15	0	.6872768	.02404711	.2886761	0
1231.15	0	.6861182	.02484428	.2890376	0
1230.15	0	.6849627	.02563924	.2893981	0
1229.15	0	.6838103	.02643201	.2897577	0
1228.15	0	.6826611	.02722259	.2901163	0
1227.15	0	.6815151	.02801098	.290474	0
1226.15	0	.6803721	.02879719	.2908307	0
1225.15	0	.6792323	.02958122	.2911865	0
1224.15	0	.6780956	.03036306	.2915414	0
1223.15	0	.676962	.03114274	.2918953	0
1222.15	0	.6758315	.03192023	.2922483	0
1221.15	0	.6747041	.03269557	.2926004	0
1220.15	0	.6735798	.03346873	.2929515	0
1219.15	0	.6724585	.03423972	.2933017	0
1218.15	0	.6713404	.03500856	.293651	0
1217.15	0	.6702253	.03577524	.2939994	0
1216.15	0	.6691133	.03653976	.2943469	0
1215.15	0	.6680044	.03730213	.2946935	0
1214.15	0	.6668985	.03806235	.2950392	0
1213.15	0	.6657956	.03882042	.295384	0
1212.15	0	.6646958	.03957634	.2957279	0
1211.15	0	.663599	.04033013	.2960708	0
1210.15	0	.6625053	.04108177	.2964129	0
1209.15	0	.6614146	.04183127	.2967542	0
1208.15	0	.6603269	.04257864	.2970945	0
1207.15	0	.6592422	.04332387	.2974339	0
1206.15	0	.6581605	.04406698	.2977725	0
1205.15	0	.6570819	.04480796	.2981102	0
1204.15	0	.6560062	.04554681	.298447	0
1203.15	0	.6549335	.04628353	.298783	0
1202.15	0	.6538638	.04701814	.299118	0
1201.15	0	.6527971	.04775063	.2994523	0
1200.15	0	.6517334	.048481	.2997856	0
1199.15	0	.6506726	.04920925	.3001181	0
1198.15	0	.6496148	.0499354	.3004498	0
1197.15	0	.64856	.05065943	.3007806	0
1196.15	0	.6475081	.05138135	.3011105	0
1195.15	0	.6464592	.05210117	.3014396	0
1194.15	0	.6454132	.05281889	.3017679	0
1193.15	0	.6443702	.0535345	.3020953	0
1192.15	0	.6433301	.05424801	.3024219	0
1191.15	0	.6422929	.05495943	.3027476	0
1190.15	0	.6412587	.05566874	.3030726	0
1189.15	0	.6402274	.05637597	.3033967	0
1188.15	0	.639199	.0570811	.3037199	0
1187.15	0	.6381735	.05778414	.3040424	0
1186.15	0	.637151	.05848509	.304364	0
1185.15	0	.6361313	.05918395	.3046848	0
1184.15	0	.6351145	.05988073	.3050047	0
1183.15	0	.6341007	.06057542	.3053239	0
1182.15	0	.6330897	.06126803	.3056423	0
1181.15	0	.6320816	.06195856	.3059598	0
1180.15	0	.6310764	.06264702	.3062766	0
1179.15	0	.6300741	.06333339	.3065925	0
1178.15	0	.6290746	.06401769	.3069077	0
1177.15	0	.6280781	.06469991	.307222	0
1176.15	0	.6270844	.06538006	.3075356	0
1175.15	0	.6260935	.06605814	.3078483	0
1174.15	0	.6251055	.06673415	.3081603	0
1173.15	0	.6241204	.06740809	.3084715	0
1172.15	0	.6231381	.06807997	.3087819	0
1171.15	0	.6221587	.06874977	.3090915	0
1170.15	0	.6211821	.06941752	.3094004	0
1169.15	0	.6202084	.0700832	.3097085	0
1168.15	0	.6192374	.07074682	.3100157	0
1167.15	0	.6182694	.07140837	.3103223	0
1166.15	0	.6173041	.07206787	.310628	0
1165.15	0	.6163417	.07272531	.310933	0
1164.15	0	.6153821	.07338069	.3112372	0
1163.15	0	.6144253	.07403401	.3115407	0
1162.15	0	.6134714	.07468528	.3118434	0
1161.15	0	.6125202	.07533449	.3121453	0
1160.15	0	.6115719	.07598166	.3124465	0
1159.15	0	.6106263	.07662676	.3127469	0
1158.15	0	.6096836	.07726982	.3130466	0
1157.15	0	.6087437	.07791083	.3133455	0
1156.15	0	.6078065	.07854978	.3136437	0
1155.15	0	.6068722	.07918669	.3139411	0
1154.15	0	.6059406	.07982158	.3142378	0
1153.15	0	.6050118	.08045439	.3145338	0
1152.15	0	.6040858	.08108516	.314829	0
1151.15	0	.6031626	.08171388	.3151235	0
1150.15	0	.6022422	.08234056	.3154172	0
1149.15	0	.6013246	.0829652	.3157103	0
1148.15	0	.6004097	.08358779	.3160026	0
1147.15	0	.5994976	.08420833	.3162941	0
1146.15	0	.5985882	.08482684	.316585	0
1145.15	0	.5976816	.0854433	.3168751	0
1144.15	0	.5967778	.08605773	.3171645	0
1143.15	0	.5958768	.08667011	.3174531	0
1142.15	0	.5949785	.08728046	.3177411	0
1141.15	0	.5940829	.08788876	.3180283	0
1140.15	0	.5931901	.08849502	.3183149	0
1139.15	0	.5923	.08909925	.3186007	0
1138.15	0	.5914127	.08970144	.3188858	0
1137.15	0	.5905282	.09030159	.3191702	0
1136.15	0	.5896464	.0908997	.3194539	0
1135.15	0	.5887673	.09149578	.3197369	0
1134.15	0	.587891	.09208982	.3200192	0
1133.15	0	.5870173	.09268182	.3203008	0
1132.15	0	.5861465	.09327179	.3205817	0
1131.15	0	.5852783	.09385972	.320862	0
1130.15	0	.5844129	.09444562	.3211415	0
1129.15	0	.5835502	.09502948	.3214203	0
1128.15	0	.5826903	.0956113	.3216984	0
1127.15	0	.581833	.09619109	.3219759	0
1126.15	0	.5809785	.09676884	.3222527	0
1125.15	0	.5801267	.09734456	.3225287	0
1124.15	0	.5792776	.09791824	.3228041	0
1123.15	0	.5784313	.09848989	.3230789	0
1122.15	0	.5775876	.0990595	.3233529	0
1121.15	0	.5767467	.09962707	.3236263	0
1120.15	0	.5759084	.1001926	.323899	0
1119.15	0	.5750729	.1007561	.324171	0
1118.15	0	.5742401	.1013176	.3244423	0
1117.15	0	.57341	.101877	.324713	0
1116.15	0	.5725826	.1024344	.324983	0
1115.15	0	.5717579	.1029898	.3252523	0
1114.15	0	.5709359	.1035431	.325521	0
1113.15	0	.5701166	.1040944	.325789	0
1112.15	0	.5693	.1046436	.3260564	0
1111.15	0	.5684861	.1051908	.3263231	0
1110.15	0	.5676749	.105736	.3265891	0
1109.15	0	.5668664	.1062791	.3268545	0
1108.15	0	.5660606	.1068202	.3271192	0
1107.15	0	.5652575	.1073593	.3273832	0
1106.15	0	.5644571	.1078963	.3276466	0
1105.15	0	.5636593	.1084313	.3279094	0
1104.15	0	.5628643	.1089642	.3281715	0
1103.15	0	.5620719	.1094951	.328433	0
1102.15	0	.5612822	.110024	.3286938	0
1101.15	0	.5604953	.1105508	.328954	0
1100.15	0	.559711	.1110756	.3292135	0
1099.15	0	.5589294	.1115983	.3294724	0
1098.15	0	.5581504	.112119	.3297306	0
1097.15	0	.5573742	.1126376	.3299882	0
1096.15	0	.5566006	.1131542	.3302452	0
1095.15	0	.5558298	.1136687	.3305015	0
1094.15	0	.5550616	.1141812	.3307572	0
1093.15	0	.5542961	.1146917	.3310123	0
1092.15	0	.5535332	.1152001	.3312667	0
1091.15	0	.5527731	.1157064	.3315205	0
1090.15	0	.5520156	.1162107	.3317736	0
1089.15	0	.5512609	.116713	.3320262	0
1088.15	0	.5505087	.1172132	.3322781	0
1087.15	0	.5497593	.1177113	.3325294	0
1086.15	0	.5490126	.1182074	.33278	0
1085.15	0	.5482685	.1187015	.33303	0
1084.15	0	.5475271	.1191934	.3332795	0
1083.15	0	.5467884	.1196834	.3335282	0
1082.15	0	.5460524	.1201712	.3337764	0
1081.15	0	.545319	.1206571	.3340239	0
1080.15	0	.5445883	.1211408	.3342709	0
1079.15	0	.5438603	.1216225	.3345172	0
1078.15	0	.543135	.1221021	.3347629	0
1077.15	0	.5424124	.1225797	.3350079	0
1076.15	0	.5416924	.1230552	.3352524	0
1075.15	0	.5409751	.1235286	.3354962	0
1074.15	0	.5402605	.124	.3357394	0
1073.15	0	.5395486	.1244693	.3359821	0
1072.15	0	.5388394	.1249366	.3362241	0
1071.15	0	.5381328	.1254017	.3364655	0
1070.15	0	.5374289	.1258648	.3367063	0
1069.15	0	.5367277	.1263259	.3369465	0
1068.15	0	.5360291	.1267848	.337186	0
1067.15	0	.5353333	.1272417	.337425	0
1066.15	0	.5346401	.1276965	.3376634	0
1065.15	0	.5339496	.1281493	.3379011	0
1064.15	0	.5332618	.1285999	.3381383	0
1063.15	0	.5325767	.1290485	.3383748	0
1062.15	0	.5318942	.129495	.3386108	0
1061.15	0	.5312145	.1299394	.3388461	0
1060.15	0	.5305374	.1303818	.3390809	0
1059.15	0	.529863	.130822	.339315	0
1058.15	0	.5291913	.1312602	.3395486	0
1057.15	0	.5285223	.1316963	.3397815	0
1056.15	0	.5278559	.1321302	.3400138	0
1055.15	0	.5271923	.1325621	.3402456	0
1054.15	0	.5265313	.1329919	.3404768	0
1053.15	0	.525873	.1334197	.3407073	0
1052.15	0	.5252174	.1338453	.3409373	0
1051.15	0	.5245645	.1342688	.3411666	0
1050.15	0	.5239143	.1346903	.3413954	0
1049.15	0	.5232668	.1351096	.3416236	0
1048.15	0	.522622	.1355269	.3418512	0
1047.15	0	.5219798	.135942	.3420782	0
1046.15	0	.5213404	.1363551	.3423046	0
1045.15	0	.5207037	.136766	.3425304	0
1044.15	0	.5200696	.1371748	.3427556	0
1043.15	0	.5194382	.1375816	.3429802	0
1042.15	0	.5188096	.1379862	.3432042	0
1041.15	0	.5181836	.1383887	.3434277	0
1040.15	0	.5175604	.1387891	.3436505	0
1039.15	0	.5169398	.1391874	.3438728	0
1038.15	0	.516322	.1395836	.3440944	0
1037.15	0	.5157068	.1399777	.3443155	0
1036.15	0	.5150944	.1403696	.344536	0
1035.15	0	.5144846	.1407595	.3447559	0
1034.15	0	.5138776	.1411472	.3449752	0
1033.15	0	.5132733	.1415328	.3451939	0
1032.15	0	.5126716	.1419163	.345412	0
1031.15	0	.5120727	.1422977	.3456296	0
1030.15	0	.5114765	.1426769	.3458465	0
1029.15	0	.510883	.1430541	.3460629	0
1028.15	0	.5102923	.1434291	.3462787	0
1027.15	0	.5097042	.143802	.3464939	0
1026.15	0	.5091188	.1441727	.3467085	0
1025.15	0	.5085362	.1445413	.3469225	0
1024.15	0	.5079563	.1449078	.3471359	0
1023.15	0	.5073791	.1452722	.3473487	0
1022.15	0	.5068046	.1456344	.3475609	0
1021.15	0	.5062329	.1459946	.3477726	0
1020.15	0	.5056638	.1463525	.3479836	0
1019.15	0	.5050975	.1467084	.3481941	0
1018.15	0	.5045339	.1470621	.348404	0
1017.15	0	.5039731	.1474137	.3486133	0
1016.15	0	.5034149	.1477631	.348822	0
1015.15	0	.5028595	.1481104	.3490301	0
1014.15	0	.5023068	.1484556	.3492376	0
1013.15	0	.5017569	.1487986	.3494445	0
1012.15	0	.5012097	.1491395	.3496508	0
1011.15	0	.5006652	.1494783	.3498566	0
1010.15	0	.5001234	.1498149	.3500617	0
1009.15	0	.4995844	.1501494	.3502663	0
1008.15	0	.4990481	.1504817	.3504702	0
1007.15	0	.4985146	.1508119	.3506736	0
1006.15	0	.4979837	.1511399	.3508763	0
1005.15	0	.4974557	.1514658	.3510785	0
1004.15	0	.4969303	.1517896	.3512801	0
1003.15	0	.4964077	.1521112	.3514811	0
1002.15	0	.4958879	.1524307	.3516814	0
1001.15	0	.4953707	.1527481	.3518812	0
1000.15	0	.4948564	.1530633	.3520804	0
999.15	0	.4943447	.1533763	.3522789	0
998.15	0	.4938358	.1536873	.3524769	0
997.15	0	.4933297	.153996	.3526743	0
996.15	0	.4928263	.1543027	.352871	0
995.15	0	.4923256	.1546072	.3530672	0
994.15	0	.4918277	.1549096	.3532628	0
993.15	0	.4913325	.1552098	.3534577	0
992.15	0	.4908401	.1555079	.353652	0
991.15	0	.4903504	.1558038	.3538458	0
990.15	0	.4898635	.1560976	.3540389	0
989.15	0	.4893793	.1563893	.3542314	0
988.15	0	.4888979	.1566789	.3544233	0
987.15	0	.4884192	.1569663	.3546146	0
986.15	0	.4879432	.1572515	.3548052	0
985.15	0	.48747	.1575347	.3549953	0
984.15	0	.4869996	.1578157	.3551847	0
983.15	0	.4865319	.1580946	.3553735	0
982.15	0	.4860669	.1583714	.3555617	0
981.15	0	.4856047	.158646	.3557493	0
980.15	0	.4851452	.1589186	.3559362	0
979.15	0	.4846885	.159189	.3561225	0
978.15	0	.4842345	.1594573	.3563082	0
977.15	0	.4837833	.1597235	.3564933	0
976.15	0	.4833348	.1599876	.3566777	0
975.15	0	.482889	.1602495	.3568615	0
974.15	0	.482446	.1605094	.3570446	0
973.15	0	.4820057	.1607671	.3572272	0
972.15	0	.4815682	.1610228	.357409	0
971.15	0	.4811333	.1612764	.3575903	0
970.15	0	.4807013	.1615279	.3577709	0
969.15	0	.4802719	.1617773	.3579508	0
968.15	0	.4798453	.1620246	.3581301	0
967.15	0	.4794214	.1622698	.3583088	0
966.15	0	.4790002	.162513	.3584868	0
965.15	0	.4785818	.1627541	.3586641	0
964.15	0	.4781661	.1629932	.3588408	0
963.15	0	.4777531	.1632301	.3590168	0
962.15	0	.4773428	.1634651	.3591922	0
961.15	0	.4769352	.1636979	.3593669	0
960.15	0	.4765303	.1639288	.3595409	0
959.15	0	.4761282	.1641576	.3597143	0
958.15	0	.4757287	.1643844	.359887	0
957.15	0	.4753319	.1646091	.360059	0
956.15	0	.4749378	.1648319	.3602303	0
955.15	0	.4745465	.1650526	.3604009	0
954.15	0	.4741578	.1652713	.3605709	0
953.15	0	.4737717	.1654881	.3607402	0
952.15	0	.4733884	.1657028	.3609088	0
951.15	0	.4730077	.1659156	.3610767	0
950.15	0	.4726297	.1661264	.3612439	0
949.15	0	.4722544	.1663353	.3614104	0
948.15	0	.4718817	.1665422	.3615762	0
947.15	0	.4715116	.1667472	.3617412	0
946.15	0	.4711442	.1669502	.3619056	0
945.15	0	.4707794	.1671514	.3620693	0
944.15	0	.4704173	.1673506	.3622322	0
943.15	0	.4700577	.1675479	.3623944	0
942.15	0	.4697008	.1677433	.3625559	0
941.15	0	.4693465	.1679369	.3627166	0
940.15	0	.4689948	.1681286	.3628767	0
939.15	0	.4686456	.1683184	.3630359	0
938.15	0	.4682991	.1685065	.3631945	0
937.15	0	.4679551	.1686926	.3633523	0
936.15	0	.4676137	.168877	.3635093	0
935.15	0	.4672748	.1690596	.3636656	0
934.15	0	.4669385	.1692404	.3638211	0
933.15	0	.4666047	.1694195	.3639758	0
932.15	0	.4662734	.1695968	.3641298	0
931.15	0	.4659446	.1697723	.364283	0
930.15	0	.4656184	.1699462	.3644354	0
929.15	0	.4652946	.1701184	.3645871	0
928.15	0	.4649732	.1702888	.3647379	0
927.15	0	.4646544	.1704576	.364888	0
926.15	0	.4643379	.1706248	.3650372	0
925.15	0	.464024	.1707904	.3651857	0
924.15	0	.4637124	.1709543	.3653333	0
923.15	0	.4634032	.1711167	.3654801	0
922.15	0	.4630964	.1712775	.3656261	0
921.15	0	.462792	.1714367	.3657713	0
920.15	0	.46249	.1715945	.3659156	0
919.15	0	.4621903	.1717507	.3660591	0
918.15	0	.4618929	.1719055	.3662017	0
917.15	0	.4615977	.1720588	.3663435	0
916.15	0	.4613049	.1722107	.3664844	0
915.15	0	.4610144	.1723612	.3666244	0
914.15	0	.4607261	.1725104	.3667636	0
913.15	0	.46044	.1726582	.3669018	0
912.15	0	.4601561	.1728047	.3670392	0
911.15	0	.4598744	.1729499	.3671757	0
910.15	0	.4595949	.1730938	.3673113	0
909.15	0	.4593175	.1732366	.367446	0
908.15	0	.4590422	.1733781	.3675797	0
907.15	0	.458769	.1735185	.3677126	0
906.15	0	.4584978	.1736577	.3678444	0
905.15	0	.4582287	.1737959	.3679754	0
904.15	0	.4579617	.173933	.3681054	0
903.15	0	.4576966	.174069	.3682344	0
902.15	0	.4574334	.1742041	.3683625	0
901.15	0	.4571722	.1743383	.3684895	0
900.15	0	.4569129	.1744715	.3686156	0
899.15	0	.4566554	.1746039	.3687407	0
898.15	0	.4563998	.1747354	.3688648	0
897.15	0	.456146	.1748661	.3689879	0
896.15	0	.4558939	.1749962	.3691099	0
895.15	0	.4556436	.1751255	.3692309	0
894.15	0	.455395	.1752541	.3693508	0
893.15	0	.4551481	.1753822	.3694697	0
892.15	0	.4549028	.1755097	.3695875	0
891.15	0	.454659	.1756367	.3697043	0
890.15	0	.4544168	.1757633	.3698199	0
889.15	0	.4541762	.1758894	.3699345	0
888.15	0	.453937	.1760152	.3700479	0
887.15	0	.4536992	.1761407	.3701602	0
886.15	0	.4534628	.1762659	.3702713	0
885.15	0	.4532277	.176391	.3703813	0
884.15	0	.4529939	.176516	.3704901	0
883.15	0	.4527614	.1766409	.3705977	0
882.15	0	.45253	.1767658	.3707042	0
881.15	0	.4522998	.1768908	.3708094	0
880.15	0	.4520707	.177016	.3709134	0
879.15	0	.4518426	.1771413	.3710161	0
878.15	0	.4516155	.1772669	.3711176	0
877.15	0	.4513893	.1773929	.3712178	0
876.15	0	.451164	.1775193	.3713167	0
875.15	0	.4509394	.1776462	.3714144	0
874.15	0	.4507156	.1777737	.3715106	0
873.15	0	.4504925	.1779019	.3716056	0
872.15	0	.45027	.1780308	.3716992	0
871.15	0	.450048	.1781606	.3717914	0
870.15	0	.4498265	.1782913	.3718822	0
869.15	0	.4496054	.178423	.3719715	0
868.15	0	.4493847	.1785559	.3720594	0
867.15	0	.4491641	.17869	.3721459	0
866.15	0	.4489438	.1788254	.3722309	0
865.15	0	.4487235	.1789622	.3723143	0
864.15	0	.4485032	.1791006	.3723962	0
863.15	0	.4482828	.1792406	.3724766	0
862.15	0	.4480622	.1793824	.3725554	0
861.15	0	.4478414	.1795261	.3726325	0
860.15	0	.4476202	.1796718	.372708	0
859.15	0	.4473985	.1798197	.3727818	0
858.15	0	.4471762	.1799698	.372854	0
857.15	0	.4469532	.1801224	.3729244	0
856.15	0	.4467295	.1802776	.372993	0
855.15	0	.4465048	.1804355	.3730598	0
854.15	0	.446279	.1805962	.3731248	0
853.15	0	.4460521	.18076	.3731879	0
852.15	0	.4458239	.1809271	.373249	0
851.15	0	.4455942	.1810975	.3733083	0
850.15	0	.445363	.1812715	.3733655	0
849.15	0	.44513	.1814494	.3734207	0
848.15	0	.4448951	.1816311	.3734738	0
847.15	0	.4446581	.1818172	.3735247	0
846.15	0	.4444189	.1820076	.3735735	0
845.15	0	.4441773	.1822027	.37362	0
844.15	0	.4439331	.1824028	.3736641	0
843.15	0	.443686	.182608	.373706	0
842.15	0	.443436	.1828187	.3737454	0
841.15	0	.4431827	.1830351	.3737823	0
840.15	0	.4429258	.1832576	.3738166	0
839.15	0	.4426653	.1834865	.3738482	0
838.15	0	.4424007	.1837221	.3738771	0
837.15	0	.4421319	.1839649	.3739033	0
836.15	0	.4418584	.1842151	.3739265	0
835.15	0	.4415801	.1844733	.3739466	0
834.15	0	.4412965	.1847399	.3739637	0
833.15	0	.4410072	.1850153	.3739775	0
832.15	0	.4407119	.1853001	.373988	0
831.15	0	.4404102	.1855949	.3739949	0
830.15	0	.4401016	.1859002	.3739982	0
829.15	0	.4397856	.1862167	.3739978	0
828.15	0	.4394616	.1865451	.3739933	0
827.15	0	.4391291	.1868862	.3739847	0
826.15	0	.4387873	.1872409	.3739718	0
825.15	0	.4384358	.18761	.3739543	0
824.15	0	.4380735	.1879946	.373932	0
823.15	0	.4376997	.1883958	.3739045	0
822.15	0	.4373134	.1888149	.3738717	0
821.15	0	.4366737	.1895526	.3737737	0
820.15	0	.4358464	.1905286	.373625	0
819.15	0	.435079	.1914345	.3734866	0
818.15	0	.4343651	.1922777	.3733573	0
817.15	0	.4336993	.1930647	.373236	0
816.15	0	.4330771	.1938009	.3731219	0
815.15	0	.4324945	.1944911	.3730143	0
814.15	0	.4319481	.1951394	.3729125	0
813.15	0	.4314348	.1957492	.372816	0
812.15	0	.4309519	.1963238	.3727243	0
811.15	0	.4304971	.196866	.3726369	0
810.15	0	.4300683	.1973782	.3725535	0
809.15	0	.4296636	.1978627	.3724738	0
808.15	0	.4292812	.1983214	.3723974	0
807.15	0	.4289196	.1987563	.3723242	0
806.15	0	.4285773	.1991689	.3722538	0
805.15	0	.4282532	.1995607	.3721861	0
804.15	0	.4279461	.1999331	.3721209	0
803.15	0	.4276548	.2002873	.3720579	0
802.15	0	.4273784	.2006245	.3719971	0
801.15	0	.427116	.2009458	.3719383	0
800.15	0	.4268667	.201252	.3718813	0
799.15	0	.4266298	.2015441	.3718261	0
798.15	0	.4264046	.2018229	.3717725	0
797.15	0	.4261903	.2020893	.3717204	0
796.15	0	.4259864	.2023438	.3716698	0
795.15	0	.4257923	.2025872	.3716205	0
794.15	0	.4256075	.20282	.3715725	0
793.15	0	.4254314	.203043	.3715256	0
792.15	0	.4252636	.2032565	.3714799	0
791.15	0	.4251036	.2034611	.3714353	0
790.15	0	.4249511	.2036573	.3713916	0
789.15	0	.4248056	.2038455	.3713489	0
788.15	0	.4246668	.2040262	.3713071	0
787.15	0	.4245343	.2041996	.3712661	0
786.15	0	.4244078	.2043663	.3712259	0
785.15	0	.4242871	.2045265	.3711864	0
784.15	0	.4241717	.2046806	.3711477	0
783.15	0	.4240615	.2048288	.3711096	0
782.15	0	.4239562	.2049715	.3710722	0
781.15	0	.4238556	.205109	.3710354	0
780.15	0	.4237594	.2052414	.3709992	0
779.15	0	.4236674	.2053691	.3709635	0
778.15	0	.4235794	.2054923	.3709283	0
777.15	0	.4234952	.2056112	.3708936	0
776.15	0	.4234147	.2057259	.3708594	0
775.15	0	.4233376	.2058368	.3708256	0
774.15	0	.4232638	.2059439	.3707923	0
773.15	0	.4231931	.2060476	.3707593	0
772.15	0	.4231254	.2061478	.3707267	0
771.15	0	.4230606	.2062449	.3706945	0
770.15	0	.4229984	.2063389	.3706627	0
769.15	0	.4229389	.20643	.3706311	0
768.15	0	.4228818	.2065183	.3705999	0
767.15	0	.422827	.206604	.3705689	0
766.15	0	.4227745	.2066872	.3705383	0
765.15	0	.4227262	.2067664	.3705074	0
764.15	0	.4226776	.2068451	.3704773	0
763.15	0	.4226311	.2069215	.3704475	0
762.15	0	.4225863	.2069959	.3704178	0
761.15	0	.4225433	.2070683	.3703884	0
760.15	0	.422502	.2071388	.3703592	0
759.15	0	.4224623	.2072076	.3703302	0
758.15	0	.4224241	.2072746	.3703013	0
757.15	0	.4223874	.20734	.3702727	0
756.15	0	.422352	.2074038	.3702442	0
755.15	0	.422318	.2074662	.3702158	0
754.15	0	.4222852	.2075272	.3701877	0
753.15	0	.4222536	.2075868	.3701596	0
752.15	0	.4222231	.2076452	.3701317	0
751.15	0	.4221938	.2077023	.3701039	0
750.15	0	.4221654	.2077583	.3700763	0
749.15	0	.422138	.2078132	.3700487	0
748.15	0	.4221116	.2078671	.3700213	0
747.15	0	.422086	.20792	.369994	0
746.15	0	.4220613	.207972	.3699668	0
745.15	0	.4220373	.208023	.3699396	0
744.15	0	.4220142	.2080733	.3699126	0
743.15	0	.4219917	.2081227	.3698856	0
742.15	0	.4219699	.2081714	.3698587	0
741.15	0	.4219488	.2082193	.3698319	0
740.15	0	.4219282	.2082666	.3698052	0
739.15	0	.4219083	.2083132	.3697785	0
738.15	0	.4218889	.2083592	.3697519	0
737.15	0	.42187	.2084047	.3697253	0
736.15	0	.4218516	.2084496	.3696988	0
735.15	0	.4218337	.208494	.3696724	0
734.15	0	.4218162	.2085379	.369646	0
733.15	0	.4217991	.2085813	.3696196	0
732.15	0	.4217824	.2086244	.3695933	0
731.15	0	.421766	.208667	.369567	0
730.15	0	.42175	.2087092	.3695407	0
729.15	0	.4217344	.2087511	.3695145	0
728.15	0	.421719	.2087927	.3694883	0
727.15	0	.4217039	.208834	.3694622	0
726.15	0	.4216891	.2088749	.369436	0
725.15	0	.4216745	.2089156	.3694099	0
724.15	0	.4216601	.2089561	.3693838	0
723.15	0	.421646	.2089963	.3693577	0
722.15	0	.4216321	.2090363	.3693317	0
721.15	0	.4216183	.2090761	.3693056	0
720.15	0	.4216047	.2091158	.3692796	0
719.15	0	.4215913	.2091552	.3692535	0
718.15	0	.421578	.2091945	.3692275	0
717.15	0	.4215648	.2092337	.3692015	0
716.15	0	.4215517	.2092728	.3691755	0
715.15	0	.4215388	.2093117	.3691495	0
714.15	0	.4215259	.2093506	.3691235	0
713.15	0	.4215132	.2093894	.3690975	0
712.15	0	.4215005	.2094281	.3690715	0
711.15	0	.4214878	.2094667	.3690455	0
710.15	0	.4214753	.2095053	.3690195	0
709.15	0	.4214627	.2095438	.3689935	0
708.15	0	.4214502	.2095823	.3689675	0
707.15	0	.4214378	.2096208	.3689414	0
706.15	0	.4214253	.2096592	.3689154	0
705.15	0	.4214129	.2096977	.3688894	0
704.15	0	.4214005	.2097362	.3688634	0
703.15	0	.4213881	.2097746	.3688373	0
702.15	0	.4213756	.2098131	.3688112	0
701.15	0	.4213632	.2098516	.3687852	0
700.15	0	.4213508	.2098902	.3687591	0
699.15	0	.4213383	.2099287	.368733	0
698.15	0	.4213258	.2099673	.3687069	0
697.15	0	.4213133	.210006	.3686808	0
696.15	0	.4213007	.2100447	.3686546	0
695.15	0	.4212881	.2100835	.3686285	0
694.15	0	.4212754	.2101223	.3686023	0
693.15	0	.4212627	.2101612	.3685761	0
692.15	0	.4212499	.2102002	.3685499	0
691.15	0	.4212371	.2102392	.3685237	0
690.15	0	.4212242	.2102783	.3684975	0
689.15	0	.4212113	.2103175	.3684712	0
688.15	0	.4211982	.2103568	.3684449	0
687.15	0	.4211851	.2103962	.3684186	0
686.15	0	.421172	.2104357	.3683923	0
685.15	0	.4211587	.2104753	.368366	0
684.15	0	.4211454	.210515	.3683397	0
683.15	0	.421132	.2105547	.3683133	0
682.15	0	.4211185	.2105946	.3682869	0
681.15	0	.4211049	.2106346	.3682605	0
680.15	0	.4210913	.2106747	.3682341	0
679.15	0	.4210775	.2107149	.3682076	0
678.15	0	.4210636	.2107552	.3681812	0
677.15	0	.4210497	.2107957	.3681547	0
676.15	0	.4210356	.2108362	.3681282	0
675.15	0	.4210215	.2108769	.3681016	0
674.15	0	.4210072	.2109177	.3680751	0
673.15	0	.4209929	.2109586	.3680485	0
672.15	0	.4209785	.2109996	.3680219	0
671.15	0	.4209639	.2110408	.3679953	0
670.15	0	.4209493	.2110821	.3679687	0
669.15	0	.4209345	.2111235	.367942	0
668.15	0	.4209197	.211165	.3679153	0
667.15	0	.4209047	.2112067	.3678886	0
666.15	0	.4208896	.2112485	.3678619	0
665.15	0	.4208744	.2112904	.3678352	0
664.15	0	.4208591	.2113324	.3678084	0
663.15	0	.4208437	.2113746	.3677816	0
662.15	0	.4208282	.2114169	.3677548	0
661.15	0	.4208126	.2114594	.367728	0
660.15	0	.4207969	.2115019	.3677012	0
659.15	0	.4207811	.2115446	.3676743	0
658.15	0	.4207651	.2115875	.3676474	0
657.15	0	.420749	.2116304	.3676205	0
656.15	0	.4207329	.2116735	.3675936	0
655.15	0	.4207166	.2117168	.3675666	0
654.15	0	.4207002	.2117601	.3675397	0
653.15	0	.4206837	.2118036	.3675127	0
652.15	0	.4206671	.2118472	.3674857	0
651.15	0	.4206504	.211891	.3674587	0
650.15	0	.4206335	.2119348	.3674316	0
649.15	0	.4206166	.2119788	.3674046	0
648.15	0	.4205995	.212023	.3673775	0
647.15	0	.4205824	.2120672	.3673504	0
646.15	0	.4205651	.2121116	.3673233	0
645.15	0	.4205477	.2121561	.3672962	0
644.15	0	.4205302	.2122008	.367269	0
643.15	0	.4205126	.2122456	.3672418	0
642.15	0	.4204949	.2122904	.3672146	0
641.15	0	.4204771	.2123355	.3671874	0
640.15	0	.4204592	.2123806	.3671602	0
639.15	0	.4204411	.2124259	.367133	0
638.15	0	.420423	.2124713	.3671057	0
637.15	0	.4204048	.2125168	.3670785	0
636.15	0	.4203864	.2125624	.3670512	0
635.15	0	.4203679	.2126082	.3670239	0
634.15	0	.4203494	.212654	.3669966	0
633.15	0	.4203307	.2127	.3669693	0
632.15	0	.420312	.2127461	.3669419	0
631.15	0	.4202931	.2127924	.3669146	0
630.15	0	.4202741	.2128387	.3668872	0
629.15	0	.4202551	.2128851	.3668598	0
628.15	0	.4202359	.2129317	.3668324	0
627.15	0	.4202166	.2129784	.366805	0
626.15	0	.4201972	.2130252	.3667776	0
625.15	0	.4201778	.2130721	.3667502	0
624.15	0	.4201582	.2131191	.3667227	0
623.15	0	.4201385	.2131662	.3666953	0
622.15	0	.4201188	.2132134	.3666678	0
621.15	0	.4200989	.2132608	.3666403	0
620.15	0	.420079	.2133082	.3666128	0
619.15	0	.4200589	.2133557	.3665854	0
618.15	0	.4200388	.2134034	.3665578	0
617.15	0	.4200185	.2134511	.3665303	0
616.15	0	.4199982	.213499	.3665028	0
615.15	0	.4199778	.2135469	.3664753	0
614.15	0	.4199573	.213595	.3664477	0
613.15	0	.4199367	.2136431	.3664202	0
612.15	0	.419916	.2136913	.3663927	0
611.15	0	.4198952	.2137397	.3663651	0
610.15	0	.4198744	.2137881	.3663375	0
609.15	0	.4198534	.2138366	.36631	0
608.15	0	.4198324	.2138852	.3662824	0
607.15	0	.4198113	.2139339	.3662548	0
606.15	0	.4197901	.2139827	.3662272	0
605.15	0	.4197688	.2140316	.3661996	0
604.15	0	.4197475	.2140805	.366172	0
603.15	0	.419726	.2141296	.3661444	0
602.15	0	.4197045	.2141787	.3661168	0
601.15	0	.4196829	.2142279	.3660892	0
600.15	0	.4196612	.2142772	.3660616	0
599.15	0	.4196395	.2143265	.366034	0
598.15	0	.4196176	.214376	.3660064	0
597.15	0	.4195957	.2144255	.3659788	0
596.15	0	.4195737	.2144751	.3659512	0
595.15	0	.4195517	.2145247	.3659236	0
594.15	0	.4195295	.2145745	.365896	0
593.15	0	.4195073	.2146243	.3658684	0
592.15	0	.4194851	.2146742	.3658408	0
591.15	0	.4194627	.2147241	.3658132	0
590.15	0	.4194403	.2147741	.3657856	0
589.15	0	.4194178	.2148242	.365758	0
588.15	0	.4193952	.2148744	.3657304	0
587.15	0	.4193726	.2149246	.3657028	0
586.15	0	.4193499	.2149748	.3656752	0
585.15	0	.4193272	.2150252	.3656476	0
584.15	0	.4193044	.2150756	.36562	0
583.15	0	.4192815	.215126	.3655925	0
582.15	0	.4192586	.2151765	.3655649	0
581.15	0	.4192356	.2152271	.3655374	0
580.15	0	.4192125	.2152777	.3655098	0
579.15	0	.4191894	.2153284	.3654823	0
578.15	0	.4191662	.2153791	.3654547	0
577.15	0	.419143	.2154299	.3654272	0
576.15	0	.4191197	.2154807	.3653997	0
575.15	0	.4190963	.2155315	.3653722	0
574.15	0	.4190729	.2155825	.3653447	0
573.15	0	.4190494	.2156334	.3653172	0
572.15	0	.4190259	.2156844	.3652897	0
571.15	0	.4190023	.2157355	.3652622	0
570.15	0	.4189787	.2157865	.3652347	0
569.15	0	.418955	.2158377	.3652073	0
568.15	0	.4189313	.2158888	.3651799	0
567.15	0	.4189075	.21594	.3651525	0
566.15	0	.4188837	.2159912	.365125	0
565.15	0	.4188598	.2160425	.3650977	0
564.15	0	.4188359	.2160938	.3650703	0
563.15	0	.4188119	.2161452	.3650429	0
562.15	0	.4187879	.2161965	.3650156	0
561.15	0	.4187639	.2162479	.3649882	0
560.15	0	.4187398	.2162993	.3649609	0
559.15	0	.4187156	.2163508	.3649336	0
558.15	0	.4186914	.2164022	.3649063	0
557.15	0	.4186672	.2164537	.3648791	0
556.15	0	.4186429	.2165052	.3648518	0
555.15	0	.4186186	.2165568	.3648246	0
554.15	0	.4185943	.2166084	.3647974	0
553.15	0	.4185699	.2166599	.3647702	0
552.15	0	.4185455	.2167115	.364743	0
551.15	0	.418521	.2167631	.3647159	0
550.15	0	.4184965	.2168148	.3646887	0
549.15	0	.418472	.2168664	.3646616	0
548.15	0	.4184474	.216918	.3646345	0
547.15	0	.4184228	.2169697	.3646075	0
546.15	0	.4183982	.2170214	.3645804	0
545.15	0	.4183735	.217073	.3645534	0
544.15	0	.4183488	.2171247	.3645264	0
543.15	0	.4183241	.2171764	.3644995	0
542.15	0	.4182994	.2172281	.3644725	0
541.15	0	.4182746	.2172798	.3644456	0
540.15	0	.4182498	.2173315	.3644187	0
539.15	0	.4182249	.2173832	.3643918	0
538.15	0	.4182001	.2174349	.364365	0
537.15	0	.4181752	.2174866	.3643382	0
536.15	0	.4181503	.2175383	.3643114	0
535.15	0	.4181253	.21759	.3642846	0
534.15	0	.4181004	.2176417	.3642579	0
533.15	0	.4180754	.2176934	.3642312	0
532.15	0	.4180504	.2177451	.3642045	0
531.15	0	.4180253	.2177968	.3641779	0
530.15	0	.4180003	.2178484	.3641513	0
529.15	0	.4179752	.2179001	.3641247	0
528.15	0	.4179501	.2179517	.3640982	0
527.15	0	.417925	.2180033	.3640717	0
526.15	0	.4178999	.2180549	.3640452	0
525.15	0	.4178747	.2181065	.3640187	0
524.15	0	.4178496	.2181581	.3639923	0
523.15	0	.4178244	.2182097	.3639659	0
522.15	0	.4177992	.2182612	.3639396	0
521.15	0	.417774	.2183127	.3639133	0
520.15	0	.4177488	.2183642	.363887	0
519.15	0	.4177236	.2184157	.3638608	0
518.15	0	.4176983	.2184671	.3638346	0
517.15	0	.4176731	.2185185	.3638084	0
516.15	0	.4176478	.2185699	.3637823	0
515.15	0	.4176225	.2186213	.3637562	0
514.15	0	.4175972	.2186726	.3637301	0
513.15	0	.4175719	.218724	.3637041	0
512.15	0	.4175466	.2187752	.3636781	0
511.15	0	.4175213	.2188265	.3636522	0
510.15	0	.417496	.2188777	.3636263	0
509.15	0	.4174707	.2189289	.3636005	0
508.15	0	.4174455	.21898	.3635745	0
507.15	0	.4174201	.2190311	.3635488	0
506.15	0	.4173948	.2190822	.363523	0
505.15	0	.4173694	.2191332	.3634973	0
504.15	0	.4173441	.2191842	.3634717	0
503.15	0	.4173187	.2192352	.3634461	0
502.15	0	.4172934	.2192861	.3634205	0
501.15	0	.417268	.219337	.363395	0
500.15	0	.4172427	.2193878	.3633695	0
499.15	0	.4172173	.2194386	.3633441	0
498.15	0	.417192	.2194893	.3633187	0
497.15	0	.4171666	.21954	.3632934	0
496.15	0	.4171413	.2195906	.3632681	0
495.15	0	.4171159	.2196412	.3632429	0
494.15	0	.4170906	.2196918	.3632177	0
493.15	0	.4170652	.2197423	.3631925	0
492.15	0	.4170399	.2197927	.3631674	0
491.15	0	.4170145	.2198431	.3631424	0
490.15	0	.4169892	.2198934	.3631174	0
489.15	0	.4169639	.2199437	.3630924	0
488.15	0	.4169386	.2199939	.3630675	0
487.15	0	.4169132	.2200441	.3630427	0
486.15	0	.4168879	.2200942	.3630179	0
485.15	0	.4168626	.2201442	.3629931	0
484.15	0	.4168373	.2201942	.3629684	0
483.15	0	.4168121	.2202441	.3629438	0
482.15	0	.4167868	.220294	.3629192	0
481.15	0	.4167615	.2203438	.3628947	0
480.15	0	.4167363	.2203935	.3628702	0
479.15	0	.416711	.2204432	.3628458	0
478.15	0	.4166858	.2204928	.3628214	0
477.15	0	.4166606	.2205423	.3627971	0
476.15	0	.4166354	.2205918	.3627728	0
475.15	0	.4166102	.2206412	.3627486	0
474.15	0	.416585	.2206905	.3627245	0
473.15	0	.4165598	.2207398	.3627004	0
472.15	0	.4165347	.220789	.3626763	0
471.15	0	.4165095	.2208381	.3626524	0
470.15	0	.4164844	.2208872	.3626284	0
469.15	0	.4164593	.2209361	.3626046	0
468.15	0	.4164342	.220985	.3625808	0
467.15	0	.4164092	.2210338	.362557	0
466.15	0	.4163841	.2210826	.3625333	0
465.15	0	.4163591	.2211312	.3625097	0
464.15	0	.416334	.2211798	.3624861	0
463.15	0	.416309	.2212283	.3624626	0
462.15	0	.416284	.2212768	.3624392	0
461.15	0	.4162591	.2213251	.3624158	0
460.15	0	.4162341	.2213734	.3623925	0
459.15	0	.4162092	.2214215	.3623692	0
458.15	0	.4161843	.2214697	.362346	0
457.15	0	.4161594	.2215177	.3623229	0
456.15	0	.4161346	.2215656	.3622999	0
455.15	0	.4161097	.2216134	.3622768	0
454.15	0	.4160849	.2216612	.3622539	0
453.15	0	.4160601	.2217089	.362231	0
452.15	0	.4160354	.2217564	.3622082	0
451.15	0	.4160106	.2218039	.3621855	0
450.15	0	.4159859	.2218513	.3621628	0
449.15	0	.4159612	.2218986	.3621402	0
448.15	0	.4159366	.2219458	.3621177	0
447.15	0	.415912	.2219928	.3620952	0
446.15	0	.4158874	.2220398	.3620728	0
445.15	0	.4158628	.2220867	.3620505	0
444.15	0	.4158383	.2221334	.3620282	0
443.15	0	.4158139	.2221801	.3620061	0
442.15	0	.4157894	.2222266	.361984	0
441.15	0	.4157651	.222273	.3619619	0
440.15	0	.4157407	.2223193	.36194	0
439.15	0	.4157164	.2223654	.3619181	0
438.15	0	.4156922	.2224114	.3618964	0
437.15	0	.415668	.2224573	.3618747	0
436.15	0	.4156439	.2225031	.361853	0
435.15	0	.4156198	.2225487	.3618315	0
434.15	0	.4155958	.2225942	.3618101	0
433.15	0	.4155718	.2226395	.3617887	0
432.15	0	.4155479	.2226847	.3617674	0
431.15	0	.4155241	.2227297	.3617462	0
430.15	0	.4155003	.2227746	.3617251	0
429.15	0	.4154766	.2228193	.3617041	0
428.15	0	.415453	.2228639	.3616831	0
427.15	0	.4154294	.2229083	.3616623	0
426.15	0	.4154059	.2229526	.3616415	0
