T	 BPW(LIQUID)	BPW(BCC_A2)	BPW(FCC_A1)	BPW(LAVES_PHASE_C14)	BPW(NI3TI)
1473.15	.2334168	.5371438	0	.2294394	0
1472.15	.2280572	.5406963	0	.2312465	0
1471.15	.2227987	.5441776	0	.2330238	0
1470.15	.2176385	.5475896	0	.2347719	0
1469.15	.2125741	.5509342	0	.2364917	0
1468.15	.2076027	.5542133	0	.238184	0
1467.15	.202722	.5574284	0	.2398496	0
1466.15	.1979295	.5605814	0	.2414892	0
1465.15	.1932228	.5636737	0	.2431034	0
1464.15	.1885998	.5667071	0	.2446931	0
1463.15	.1840583	.5696828	0	.2462588	0
1462.15	.1795962	.5726026	0	.2478012	0
1461.15	.1752115	.5754676	0	.2493209	0
1460.15	.1709021	.5782794	0	.2508185	0
1459.15	.1666663	.5810392	0	.2522945	0
1458.15	.1625021	.5837483	0	.2537496	0
1457.15	.1584078	.586408	0	.2551842	0
1456.15	.1543817	.5890194	0	.2565989	0
1455.15	.1504221	.5915837	0	.2579942	0
1454.15	.1465273	.5941021	0	.2593706	0
1453.15	.1426959	.5965756	0	.2607285	0
1452.15	.1389263	.5990053	0	.2620684	0
1451.15	.135217	.6013922	0	.2633908	0
1450.15	.1315666	.6037374	0	.264696	0
1449.15	.1279737	.6060417	0	.2659845	0
1448.15	.1244371	.6083062	0	.2672568	0
1447.15	.1209553	.6105317	0	.2685131	0
1446.15	.1175271	.6127191	0	.2697538	0
1445.15	.1141513	.6148693	0	.2709794	0
1444.15	.1108267	.6169832	0	.2721902	0
1443.15	.1075521	.6190614	0	.2733865	0
1442.15	.1043265	.6211049	0	.2745687	0
1441.15	.1011487	.6231143	0	.275737	0
1440.15	.09801764	.6250905	0	.2768919	0
1439.15	.09493235	.6270341	0	.2780336	0
1438.15	.0918918	.6289458	0	.2791624	0
1437.15	.08889502	.6308264	0	.2802786	0
1436.15	.08594106	.6326765	0	.2813825	0
1435.15	.083029	.6344967	0	.2824743	0
1434.15	.08015795	.6362877	0	.2835544	0
1433.15	.07732703	.63805	0	.2846229	0
1432.15	.07453541	.6397844	0	.2856802	0
1431.15	.07178225	.6414913	0	.2867265	0
1430.15	.06906675	.6431713	0	.2877619	0
1429.15	.06638814	.644825	0	.2887868	0
1428.15	.06374565	.6464529	0	.2898014	0
1427.15	.06113855	.6480556	0	.2908059	0
1426.15	.05856611	.6496334	0	.2918005	0
1425.15	.05602762	.651187	0	.2927853	0
1424.15	.05352241	.6527169	0	.2937607	0
1423.15	.05104981	.6542234	0	.2947268	0
1422.15	.04860918	.6557071	0	.2956838	0
1421.15	.04619986	.6571683	0	.2966318	0
1420.15	.04382126	.6586076	0	.2975712	0
1419.15	.04147276	.6600253	0	.2985019	0
1418.15	.03915378	.661422	0	.2994243	0
1417.15	.03686375	.6627978	0	.3003384	0
1416.15	.03460211	.6641534	0	.3012445	0
1415.15	.03236832	.665489	0	.3021427	0
1414.15	.03016184	.6668051	0	.3030331	0
1413.15	.02798216	.6681019	0	.3039159	0
1412.15	.02582876	.6693799	0	.3047913	0
1411.15	.02370116	.6706394	0	.3056594	0
1410.15	.02159888	.6718808	0	.3065203	0
1409.15	.01952144	.6731043	0	.3073742	0
1408.15	.01746839	.6743104	0	.3082212	0
1407.15	.01543927	.6754993	0	.3090615	0
1406.15	.01343364	.6766713	0	.3098951	0
1405.15	.01145109	.6778268	0	.3107221	0
1404.15	.009491189	.678966	0	.3115428	0
1403.15	.00755353	.6800892	0	.3123572	0
1402.15	.005637714	.6811968	0	.3131655	0
1401.15	.003743352	.682289	0	.3139677	0
1400.15	.001870061	.683366	0	.314764	0
1399.15	1.747028E-05	.6844281	0	.3155544	0
1399.141	0	.6844381	0	.3155619	0
1399.141	0	.6844381	0	.3155619	0
1398.15	0	.6839569	0	.3160431	0
1397.15	0	.6834723	0	.3165277	0
1396.15	0	.6829889	0	.3170111	0
1395.15	0	.6825066	0	.3174934	0
1394.15	0	.6820255	0	.3179746	0
1393.15	0	.6815455	0	.3184545	0
1392.15	0	.6810667	0	.3189333	0
1391.15	0	.680589	0	.319411	0
1390.15	0	.6801125	0	.3198875	0
1389.15	0	.6796371	0	.3203629	0
1388.15	0	.6791629	0	.3208371	0
1387.15	0	.6786898	0	.3213103	0
1386.15	0	.6782178	0	.3217822	0
1385.15	0	.6777469	0	.3222531	0
1384.15	0	.6772772	0	.3227228	0
1383.15	0	.6768086	0	.3231914	0
1382.15	0	.6763411	0	.3236589	0
1381.15	0	.6758747	0	.3241253	0
1380.15	0	.6754094	0	.3245906	0
1379.15	0	.6749453	0	.3250547	0
1378.15	0	.6744822	0	.3255178	0
1377.15	0	.6740202	0	.3259798	0
1376.15	0	.6735593	0	.3264407	0
1375.15	0	.6730995	0	.3269005	0
1374.15	0	.6726408	0	.3273592	0
1373.15	0	.6721832	0	.3278168	0
1372.15	0	.6717267	0	.3282733	0
1371.15	0	.6712712	0	.3287288	0
1370.15	0	.6708168	0	.3291832	0
1369.15	0	.6703634	0	.3296366	0
1368.15	0	.6699112	0	.3300888	0
1367.15	0	.66946	0	.33054	0
1366.15	0	.6690098	0	.3309902	0
1365.15	0	.6685607	0	.3314393	0
1364.15	0	.6681127	0	.3318873	0
1363.15	0	.6676657	0	.3323343	0
1362.15	0	.6672197	0	.3327803	0
1361.15	0	.6667748	0	.3332252	0
1360.15	0	.6663309	0	.3336691	0
1359.15	0	.6658881	0	.3341119	0
1358.15	0	.6654463	0	.3345537	0
1357.15	0	.6650055	0	.3349945	0
1356.15	0	.6645657	0	.3354343	0
1355.15	0	.6641269	0	.3358731	0
1354.15	0	.6636892	0	.3363108	0
1353.15	0	.6632525	0	.3367475	0
1352.15	0	.6628168	0	.3371832	0
1351.15	0	.6623821	0	.3376179	0
1350.15	0	.6619484	0	.3380516	0
1349.15	0	.6615157	0	.3384843	0
1348.15	0	.661084	0	.338916	0
1347.15	0	.6606533	0	.3393467	0
1346.15	0	.6602236	0	.3397764	0
1345.15	0	.6597949	0	.3402051	0
1344.15	0	.6593671	0	.3406329	0
1343.15	0	.6589403	0	.3410597	0
1342.15	0	.6585146	0	.3414854	0
1341.15	0	.6580898	0	.3419102	0
1340.15	0	.6576659	0	.3423341	0
1339.15	0	.6572431	0	.3427569	0
1338.15	0	.6568212	0	.3431789	0
1337.15	0	.6564002	0	.3435998	0
1336.15	0	.6559802	0	.3440198	0
1335.15	0	.6555612	0	.3444388	0
1334.15	0	.6551432	0	.3448568	0
1333.15	0	.654726	0	.345274	0
1332.15	0	.6543099	0	.3456901	0
1331.15	0	.6538946	0	.3461054	0
1330.15	0	.6534804	0	.3465197	0
1329.15	0	.653067	0	.346933	0
1328.15	0	.6526546	0	.3473454	0
1327.15	0	.6522431	0	.3477569	0
1326.15	0	.6518326	0	.3481674	0
1325.15	0	.651423	0	.348577	0
1324.15	0	.6510143	0	.3489857	0
1323.15	0	.6506065	0	.3493935	0
1322.15	0	.6501996	0	.3498004	0
1321.15	0	.6497937	0	.3502063	0
1320.15	0	.6493887	0	.3506113	0
1319.15	0	.6489846	0	.3510154	0
1318.15	0	.6485814	0	.3514186	0
1317.15	0	.6481791	0	.3518209	0
1316.15	0	.6477777	0	.3522224	0
1315.15	0	.6473772	0	.3526229	0
1314.15	0	.6469776	0	.3530225	0
1313.15	0	.6465788	0	.3534212	0
1312.15	0	.646181	0	.353819	0
1311.15	0	.6457841	0	.3542159	0
1310.15	0	.645388	0	.354612	0
1309.15	0	.6449929	0	.3550071	0
1308.15	0	.6445986	0	.3554014	0
1307.15	0	.6442052	0	.3557948	0
1306.15	0	.6438127	0	.3561874	0
1305.15	0	.643421	0	.356579	0
1304.15	0	.6430302	0	.3569698	0
1303.15	0	.6426403	0	.3573597	0
1302.15	0	.6422512	0	.3577488	0
1301.15	0	.641863	0	.358137	0
1300.15	0	.6414757	0	.3585243	0
1299.15	0	.6410892	0	.3589108	0
1298.15	0	.6407036	0	.3592964	0
1297.15	0	.6403188	0	.3596812	0
1296.15	0	.6399349	0	.3600651	0
1295.15	0	.6395518	0	.3604482	0
1294.15	0	.6391696	0	.3608305	0
1293.15	0	.6387881	0	.3612119	0
1292.15	0	.6384076	0	.3615924	0
1291.15	0	.6380279	0	.3619721	0
1290.15	0	.637649	0	.362351	0
1289.15	0	.6372709	0	.3627291	0
1288.15	0	.6368937	0	.3631063	0
1287.15	0	.6365173	0	.3634827	0
1286.15	0	.6361417	0	.3638583	0
1285.15	0	.635767	0	.364233	0
1284.15	0	.6353931	0	.3646069	0
1283.15	0	.6350199	0	.3649801	0
1282.15	0	.6346476	0	.3653524	0
1281.15	0	.6342761	0	.3657239	0
1280.15	0	.6339055	0	.3660945	0
1279.15	0	.6335356	0	.3664644	0
1278.15	0	.6331665	0	.3668335	0
1277.15	0	.6327983	0	.3672017	0
1276.15	0	.6324308	0	.3675692	0
1275.15	0	.6320641	0	.3679359	0
1274.15	0	.6316983	0	.3683018	0
1273.15	0	.6313332	0	.3686668	0
1272.15	0	.6309689	0	.3690311	0
1271.15	0	.6306054	0	.3693946	0
1270.15	0	.6302427	0	.3697573	0
1269.15	0	.6298808	0	.3701192	0
1268.15	0	.6295196	0	.3704804	0
1267.15	0	.6291593	0	.3708407	0
1266.15	0	.6287997	0	.3712003	0
1265.15	0	.6284409	0	.3715591	0
1264.15	0	.6280828	0	.3719172	0
1263.15	0	.6277256	0	.3722744	0
1262.15	0	.6273691	0	.3726309	0
1261.15	0	.6270133	0	.3729867	0
1260.15	0	.6266584	0	.3733416	0
1259.15	0	.6263042	0	.3736958	0
1258.15	0	.6259507	0	.3740493	0
1257.15	0	.6255981	0	.3744019	0
1256.15	0	.6252461	0	.3747539	0
1255.15	0	.624895	0	.375105	0
1254.15	0	.6245445	0	.3754555	0
1253.15	0	.6241949	0	.3758051	0
1252.15	0	.623846	0	.3761541	0
1251.15	0	.6234978	0	.3765022	0
1250.15	0	.6231503	0	.3768497	0
1249.15	0	.6228037	0	.3771963	0
1248.15	0	.6224577	0	.3775423	0
1247.15	0	.6221125	0	.3778875	0
1246.15	0	.621768	0	.378232	0
1245.15	0	.6214243	0	.3785757	0
1244.15	0	.6210813	0	.3789187	0
1243.15	0	.620739	0	.379261	0
1242.15	0	.6203974	0	.3796026	0
1241.15	0	.6200566	0	.3799434	0
1240.15	0	.6197165	0	.3802835	0
1239.15	0	.6193771	0	.3806229	0
1238.15	0	.6190384	0	.3809616	0
1237.15	0	.6187005	0	.3812995	0
1236.15	0	.6183633	0	.3816367	0
1235.15	0	.6180268	0	.3819732	0
1234.15	0	.617691	0	.3823091	0
1233.15	0	.6173559	0	.3826442	0
1232.15	0	.6170215	0	.3829785	0
1231.15	0	.6166878	0	.3833122	0
1230.15	0	.6163548	0	.3836452	0
1229.15	0	.6160225	0	.3839775	0
1228.15	0	.615691	0	.384309	0
1227.15	0	.6153601	0	.3846399	0
1226.15	0	.6150299	0	.3849701	0
1225.15	0	.6147004	0	.3852996	0
1224.15	0	.6143716	0	.3856284	0
1223.15	0	.6140435	0	.3859565	0
1222.15	0	.6137161	0	.3862839	0
1221.15	0	.6133894	0	.3866106	0
1220.15	0	.6130634	0	.3869366	0
1219.15	0	.612738	0	.387262	0
1218.15	0	.6124134	0	.3875867	0
1217.15	0	.6120894	0	.3879106	0
1216.15	0	.6117661	0	.3882339	0
1215.15	0	.6114434	0	.3885566	0
1214.15	0	.6111215	0	.3888785	0
1213.15	0	.6108002	0	.3891998	0
1212.15	0	.6104796	0	.3895204	0
1211.15	0	.6101596	0	.3898404	0
1210.15	0	.6098404	0	.3901596	0
1209.15	0	.6095218	0	.3904783	0
1208.15	0	.6092038	0	.3907962	0
1207.15	0	.6088865	0	.3911135	0
1206.15	0	.6085699	0	.3914301	0
1205.15	0	.608254	0	.3917461	0
1204.15	0	.6079387	0	.3920614	0
1203.15	0	.607624	0	.392376	0
1202.15	0	.60731	0	.39269	0
1201.15	0	.6069967	0	.3930033	0
1200.15	0	.606684	0	.393316	0
1199.15	0	.606372	0	.393628	0
1198.15	0	.6060606	0	.3939394	0
1197.15	0	.6057498	0	.3942502	0
1196.15	0	.6054397	0	.3945603	0
1195.15	0	.6051303	0	.3948697	0
1194.15	0	.6048215	0	.3951785	0
1193.15	0	.6045133	0	.3954867	0
1192.15	0	.6042058	0	.3957942	0
1191.15	0	.6038989	0	.3961011	0
1190.15	0	.6035926	0	.3964074	0
1189.15	0	.603287	0	.396713	0
1188.15	0	.602982	0	.397018	0
1187.15	0	.6026776	0	.3973224	0
1186.15	0	.6023739	0	.3976261	0
1185.15	0	.6020708	0	.3979292	0
1184.15	0	.6017683	0	.3982317	0
1183.15	0	.6014665	0	.3985336	0
1182.15	0	.6011652	0	.3988348	0
1181.15	0	.6008646	0	.3991354	0
1180.15	0	.6005646	0	.3994354	0
1179.15	0	.6002652	0	.3997348	0
1178.15	0	.5999665	0	.4000335	0
1177.15	0	.5996683	0	.4003317	0
1176.15	0	.5993708	0	.4006292	0
1175.15	0	.5990739	0	.4009261	0
1174.15	0	.5987776	0	.4012224	0
1173.15	0	.5984819	0	.4015181	0
1172.15	0	.5981868	0	.4018132	0
1171.15	0	.5978923	0	.4021077	0
1170.15	0	.5975985	0	.4024015	0
1169.15	0	.5973052	0	.4026948	0
1168.15	0	.5970125	0	.4029875	0
1167.15	0	.5967204	0	.4032796	0
1166.15	0	.596429	0	.403571	0
1165.15	0	.5961381	0	.4038619	0
1164.15	0	.5958478	0	.4041522	0
1163.15	0	.5955581	0	.4044419	0
1162.15	0	.5952691	0	.4047309	0
1161.15	0	.5949806	0	.4050194	0
1160.15	0	.5946927	0	.4053073	0
1159.15	0	.5944054	0	.4055947	0
1158.15	0	.5941186	0	.4058814	0
1157.15	0	.5938325	0	.4061675	0
1156.15	0	.5935469	0	.4064531	0
1155.15	0	.593262	0	.406738	0
1154.15	0	.5929776	0	.4070224	0
1153.15	0	.5926938	0	.4073062	0
1152.15	0	.5924105	0	.4075895	0
1151.15	0	.5921279	0	.4078721	0
1150.15	0	.5918458	0	.4081542	0
1149.15	0	.5915643	0	.4084357	0
1148.15	0	.5912834	0	.4087166	0
1147.15	0	.5910031	0	.4089969	0
1146.15	0	.5907233	0	.4092767	0
1145.15	0	.5904441	0	.4095559	0
1144.15	0	.5901655	0	.4098345	0
1143.15	0	.5898874	0	.4101126	0
1142.15	0	.5896099	0	.4103901	0
1141.15	0	.589333	0	.410667	0
1140.15	0	.5890566	0	.4109434	0
1139.15	0	.5887808	0	.4112192	0
1138.15	0	.5885056	0	.4114944	0
1137.15	0	.5882309	0	.4117691	0
1136.15	0	.5879568	0	.4120432	0
1135.15	0	.5876832	0	.4123168	0
1134.15	0	.5874103	0	.4125897	0
1133.15	0	.5871378	0	.4128622	0
1132.15	0	.5868659	0	.4131341	0
1131.15	0	.5865946	0	.4134054	0
1130.15	0	.5863238	0	.4136762	0
1129.15	0	.5860536	0	.4139464	0
1128.15	0	.5857839	0	.4142161	0
1127.15	0	.5855147	0	.4144853	0
1126.15	0	.5852462	0	.4147538	0
1125.15	0	.5849781	0	.4150219	0
1124.15	0	.5847106	0	.4152894	0
1123.15	0	.5844437	0	.4155563	0
1122.15	0	.5841773	0	.4158228	0
1121.15	0	.5839114	0	.4160886	0
1120.15	0	.5836461	0	.4163539	0
1119.15	0	.5833813	0	.4166187	0
1118.15	0	.583117	0	.416883	0
1117.15	0	.5828533	0	.4171467	0
1116.15	0	.5825901	0	.4174099	0
1115.15	0	.5823275	0	.4176725	0
1114.15	0	.5820654	0	.4179346	0
1114.124	0	.5820586	0	.4179414	0
1114.124	0	.5820586	0	.4179414	0
1114.124	0	.5820586	0	.4179414	0
1113.15	0	.581225	6.162027E-04	.4181589	0
1112.15	0	.5803715	.001247017	.4183815	0
1111.15	0	.5795204	.001876055	.4186036	0
1110.15	0	.5786716	.002503315	.418825	0
1109.15	0	.5778253	.003128799	.4190459	0
1108.15	0	.5769812	.003752507	.4192663	0
1107.15	0	.5761395	.004374439	.419486	0
1106.15	0	.5753002	.004994594	.4197052	0
1105.15	0	.5744632	.005612975	.4199238	0
1104.15	0	.5736285	.00622958	.4201419	0
1103.15	0	.5727962	.00684441	.4203594	0
1102.15	0	.5719663	.007457464	.4205763	0
1101.15	0	.5711386	.008068744	.4207926	0
1100.15	0	.5703133	.00867825	.4210084	0
1099.15	0	.5694904	.009285981	.4212236	0
1098.15	0	.5686698	.009891937	.4214383	0
1097.15	0	.5678515	.01049612	.4216524	0
1096.15	0	.5670356	.01109853	.4218659	0
1095.15	0	.5662219	.01169916	.4220789	0
1094.15	0	.5654107	.01229802	.4222913	0
1093.15	0	.5646017	.01289511	.4225032	0
1092.15	0	.5637951	.01349042	.4227145	0
1091.15	0	.5629908	.01408395	.4229253	0
1090.15	0	.5621888	.01467572	.4231355	0
1089.15	0	.5613892	.0152657	.4233451	0
1088.15	0	.5605919	.01585392	.4235542	0
1087.15	0	.5597969	.01644036	.4237628	0
1086.15	0	.5590042	.01702502	.4239708	0
1085.15	0	.5582138	.01760792	.4241783	0
1084.15	0	.5574258	.01818903	.4243852	0
1083.15	0	.5566401	.01876838	.4245915	0
1082.15	0	.5558567	.01934594	.4247974	0
1081.15	0	.5550756	.01992173	.4250027	0
1080.15	0	.5542968	.02049575	.4252074	0
1079.15	0	.5535204	.021068	.4254116	0
1078.15	0	.5527463	.02163846	.4256153	0
1077.15	0	.5519745	.02220715	.4258184	0
1076.15	0	.551205	.02277407	.426021	0
1075.15	0	.5504378	.02333921	.426223	0
1074.15	0	.5496729	.02390257	.4264245	0
1073.15	0	.5489103	.02446416	.4266255	0
1072.15	0	.5481501	.02502397	.426826	0
1071.15	0	.5473921	.025582	.4270259	0
1070.15	0	.5466365	.02613826	.4272253	0
1069.15	0	.5458832	.02669274	.4274241	0
1068.15	0	.5451321	.02724544	.4276224	0
1067.15	0	.5443834	.02779636	.4278202	0
1066.15	0	.543637	.0283455	.4280175	0
1065.15	0	.5428929	.02889287	.4282142	0
1064.15	0	.5421512	.02943846	.4284104	0
1063.15	0	.5414117	.02998227	.4286061	0
1062.15	0	.5406745	.0305243	.4288012	0
1061.15	0	.5399396	.03106454	.4289958	0
1060.15	0	.5392071	.03160301	.4291899	0
1059.15	0	.5384768	.0321397	.4293835	0
1058.15	0	.5377488	.03267461	.4295766	0
1057.15	0	.5370232	.03320773	.4297691	0
1056.15	0	.5362998	.03373908	.4299611	0
1055.15	0	.5355788	.03426864	.4301526	0
1054.15	0	.53486	.03479642	.4303435	0
1053.15	0	.5341436	.03532242	.430534	0
1052.15	0	.5334295	.03584664	.4307239	0
1051.15	0	.5327176	.03636907	.4309133	0
1050.15	0	.5320081	.03688972	.4311022	0
1049.15	0	.5313009	.03740859	.4312905	0
1048.15	0	.530596	.03792567	.4314784	0
1047.15	0	.5298933	.03844096	.4316657	0
1046.15	0	.529193	.03895448	.4318525	0
1045.15	0	.528495	.0394662	.4320388	0
1044.15	0	.5277993	.03997614	.4322246	0
1043.15	0	.5271058	.0404843	.4324099	0
1042.15	0	.5264147	.04099067	.4325946	0
1041.15	0	.5257259	.04149525	.4327788	0
1040.15	0	.5250394	.04199805	.4329626	0
1039.15	0	.5243552	.04249906	.4331457	0
1038.15	0	.5236733	.04299828	.4333284	0
1037.15	0	.5229937	.04349572	.4335106	0
1036.15	0	.5223164	.04399136	.4336923	0
1035.15	0	.5216414	.04448523	.4338734	0
1034.15	0	.5209687	.0449773	.4340541	0
1033.15	0	.5202983	.04546758	.4342342	0
1032.15	0	.5196302	.04595607	.4344138	0
1031.15	0	.5189643	.04644278	.4345929	0
1030.15	0	.5183009	.0469277	.4347715	0
1029.15	0	.5176397	.04741083	.4349495	0
1028.15	0	.5169808	.04789217	.4351271	0
1027.15	0	.5163242	.04837172	.4353041	0
1026.15	0	.5156699	.04884948	.4354807	0
1025.15	0	.5150179	.04932545	.4356567	0
1024.15	0	.5143682	.04979963	.4358322	0
1023.15	0	.5137208	.05027202	.4360072	0
1022.15	0	.5130757	.05074263	.4361816	0
1021.15	0	.5124329	.05121144	.4363556	0
1020.15	0	.5117925	.05167846	.4365291	0
1019.15	0	.5111543	.0521437	.436702	0
1018.15	0	.5105184	.05260715	.4368744	0
1017.15	0	.5098848	.05306881	.4370464	0
1016.15	0	.5092536	.05352867	.4372178	0
1015.15	0	.5086246	.05398675	.4373887	0
1014.15	0	.5079979	.05444305	.437559	0
1013.15	0	.5073736	.05489755	.4377289	0
1012.15	0	.5067515	.05535027	.4378982	0
1011.15	0	.5061317	.0558012	.4380671	0
1010.15	0	.5055143	.05625034	.4382354	0
1009.15	0	.5048991	.0566977	.4384032	0
1008.15	0	.5042863	.05714327	.4385705	0
1007.15	0	.5036757	.05758706	.4387372	0
1006.15	0	.5030674	.05802906	.4389035	0
1005.15	0	.5024615	.05846928	.4390692	0
1004.15	0	.5018578	.05890771	.4392345	0
1003.15	0	.5012565	.05934437	.4393992	0
1002.15	0	.5006574	.05977924	.4395633	0
1001.15	0	.5000607	.06021233	.439727	0
1000.15	0	.4994662	.06064364	.4398901	0
999.15	0	.4988741	.06107318	.4400528	0
998.15	0	.4982842	.06150093	.4402149	0
997.15	0	.4976966	.06192691	.4403765	0
996.15	0	.4971114	.06235112	.4405375	0
995.15	0	.4965284	.06277355	.440698	0
994.15	0	.4959478	.06319421	.440858	0
993.15	0	.4953694	.06361309	.4410175	0
992.15	0	.4947933	.06403021	.4411765	0
991.15	0	.4942195	.06444556	.4413349	0
990.15	0	.493648	.06485915	.4414928	0
989.15	0	.4930788	.06527097	.4416502	0
988.15	0	.4925119	.06568103	.441807	0
987.15	0	.4919473	.06608933	.4419633	0
986.15	0	.491385	.06649587	.4421191	0
985.15	0	.490825	.06690065	.4422744	0
984.15	0	.4902672	.06730368	.4424291	0
983.15	0	.4897118	.06770496	.4425833	0
982.15	0	.4891586	.06810449	.4427369	0
981.15	0	.4886077	.06850227	.44289	0
980.15	0	.4880591	.06889831	.4430426	0
979.15	0	.4875128	.06929261	.4431946	0
978.15	0	.4869687	.06968517	.4433461	0
977.15	0	.486427	.070076	.443497	0
976.15	0	.4858875	.07046509	.4436474	0
975.15	0	.4853503	.07085246	.4437973	0
974.15	0	.4848153	.0712381	.4439466	0
973.15	0	.4842827	.07162202	.4440953	0
972.15	0	.4837523	.07200423	.4442435	0
971.15	0	.4832241	.07238471	.4443912	0
970.15	0	.4826982	.07276349	.4445383	0
969.15	0	.4821746	.07314057	.4446848	0
968.15	0	.4816533	.07351594	.4448308	0
967.15	0	.4811342	.07388962	.4449762	0
966.15	0	.4806173	.0742616	.4451211	0
965.15	0	.4801027	.0746319	.4452654	0
964.15	0	.4795904	.07500052	.4454091	0
963.15	0	.4790803	.07536746	.4455522	0
962.15	0	.4785724	.07573273	.4456949	0
961.15	0	.4780668	.07609633	.4458369	0
960.15	0	.4775634	.07645827	.4459783	0
959.15	0	.4770623	.07681856	.4461192	0
958.15	0	.4765633	.0771772	.4462595	0
957.15	0	.4760666	.0775342	.4463992	0
956.15	0	.4755721	.07788956	.4465383	0
955.15	0	.4750798	.0782433	.4466769	0
954.15	0	.4745898	.07859542	.4468148	0
953.15	0	.4741019	.07894592	.4469522	0
952.15	0	.4736162	.07929482	.447089	0
951.15	0	.4731327	.07964211	.4472252	0
950.15	0	.4726514	.07998782	.4473607	0
949.15	0	.4721723	.08033195	.4474957	0
948.15	0	.4716954	.0806745	.4476301	0
947.15	0	.4712207	.08101549	.4477639	0
946.15	0	.4707481	.08135492	.447897	0
945.15	0	.4702776	.08169281	.4480296	0
944.15	0	.4698093	.08202916	.4481615	0
943.15	0	.4693432	.08236399	.4482928	0
942.15	0	.4688792	.0826973	.4484235	0
941.15	0	.4684173	.0830291	.4485536	0
940.15	0	.4679576	.08335941	.448683	0
939.15	0	.4675	.08368824	.4488118	0
938.15	0	.4670445	.08401559	.44894	0
937.15	0	.466591	.08434149	.4490675	0
936.15	0	.4661397	.08466594	.4491944	0
935.15	0	.4656904	.08498896	.4493206	0
934.15	0	.4652433	.08531055	.4494462	0
933.15	0	.4647981	.08563073	.4495711	0
932.15	0	.4643551	.08594953	.4496954	0
931.15	0	.4639141	.08626694	.449819	0
930.15	0	.4634751	.08658299	.449942	0
929.15	0	.4630381	.08689768	.4500642	0
928.15	0	.4626031	.08721105	.4501858	0
927.15	0	.4621702	.08752309	.4503067	0
926.15	0	.4617392	.08783383	.450427	0
925.15	0	.4613102	.08814329	.4505465	0
924.15	0	.4608832	.08845148	.4506654	0
923.15	0	.4604581	.08875842	.4507835	0
922.15	0	.4600349	.08906413	.450901	0
921.15	0	.4596137	.08936862	.4510177	0
920.15	0	.4591943	.08967192	.4511337	0
919.15	0	.4587769	.08997405	.4512491	0
918.15	0	.4583613	.09027503	.4513636	0
917.15	0	.4579476	.09057487	.4514775	0
916.15	0	.4575358	.09087361	.4515906	0
915.15	0	.4571257	.09117125	.451703	0
914.15	0	.4567175	.09146783	.4518146	0
913.15	0	.4563111	.09176337	.4519255	0
912.15	0	.4559065	.09205789	.4520357	0
911.15	0	.4555036	.09235142	.452145	0
910.15	0	.4551024	.09264398	.4522536	0
909.15	0	.454703	.0929356	.4523614	0
908.15	0	.4543052	.09322631	.4524685	0
907.15	0	.4539092	.09351613	.4525747	0
906.15	0	.4535148	.09380509	.4526802	0
905.15	0	.453122	.09409322	.4527848	0
904.15	0	.4527308	.09438056	.4528886	0
903.15	0	.4523412	.09466712	.4529916	0
902.15	0	.4519532	.09495295	.4530938	0
901.15	0	.4515667	.09523807	.4531952	0
900.15	0	.4511818	.09552252	.4532957	0
899.15	0	.4507983	.09580634	.4533954	0
898.15	0	.4504162	.09608955	.4534942	0
897.15	0	.4500357	.0963722	.4535921	0
896.15	0	.4496565	.09665432	.4536892	0
895.15	0	.4492786	.09693594	.4537854	0
894.15	0	.4489022	.09721712	.4538807	0
893.15	0	.448527	.09749788	.4539751	0
892.15	0	.4481531	.09777828	.4540686	0
891.15	0	.4477805	.09805834	.4541612	0
890.15	0	.447409	.09833812	.4542528	0
889.15	0	.4470388	.09861767	.4543436	0
888.15	0	.4466697	.09889701	.4544333	0
887.15	0	.4463017	.09917622	.4545221	0
886.15	0	.4459347	.09945532	.4546099	0
885.15	0	.4455688	.09973438	.4546968	0
884.15	0	.4452039	.1000134	.4547826	0
883.15	0	.4448399	.1002926	.4548675	0
882.15	0	.4444769	.1005718	.4549513	0
881.15	0	.4441147	.1008512	.4550341	0
880.15	0	.4437533	.1011308	.4551159	0
879.15	0	.4433927	.1014107	.4551966	0
878.15	0	.4430327	.101691	.4552763	0
877.15	0	.4426735	.1019716	.4553548	0
876.15	0	.4423149	.1022528	.4554323	0
875.15	0	.4419569	.1025345	.4555087	0
874.15	0	.4415994	.1028167	.4555839	0
873.15	0	.4412423	.1030997	.455658	0
872.15	0	.4408856	.1033834	.4557309	0
871.15	0	.4405293	.103668	.4558027	0
870.15	0	.4401733	.1039535	.4558733	0
869.15	0	.4398174	.1042399	.4559427	0
868.15	0	.4394618	.1045274	.4560108	0
867.15	0	.4391062	.1048161	.4560777	0
866.15	0	.4387506	.105106	.4561434	0
865.15	0	.438395	.1053973	.4562077	0
864.15	0	.4380393	.10569	.4562708	0
863.15	0	.4376833	.1059842	.4563325	0
862.15	0	.4373271	.10628	.4563929	0
861.15	0	.4369705	.1065776	.4564519	0
860.15	0	.4366134	.1068771	.4565096	0
859.15	0	.4362558	.1071784	.4565658	0
858.15	0	.4358975	.1074819	.4566206	0
857.15	0	.4355385	.1077876	.4566739	0
856.15	0	.4351787	.1080956	.4567257	0
855.15	0	.434818	.1084061	.456776	0
854.15	0	.4344562	.1087192	.4568247	0
853.15	0	.4340932	.109035	.4568718	0
852.15	0	.433729	.1093537	.4569173	0
851.15	0	.4333634	.1096754	.4569612	0
850.15	0	.4329962	.1100004	.4570034	0
849.15	0	.4326274	.1103288	.4570439	0
848.15	0	.4322568	.1106607	.4570825	0
847.15	0	.4318842	.1109963	.4571194	0
846.15	0	.4315096	.1113359	.4571544	0
845.15	0	.4311327	.1116797	.4571876	0
844.15	0	.4307534	.1120278	.4572188	0
843.15	0	.4303715	.1123806	.457248	0
842.15	0	.4299867	.1127381	.4572751	0
841.15	0	.429599	.1131008	.4573002	0
840.15	0	.4292081	.1134688	.457323	0
839.15	0	.4288138	.1138425	.4573437	0
838.15	0	.4284158	.1142221	.4573621	0
837.15	0	.4280139	.114608	.4573781	0
836.15	0	.4276079	.1150005	.4573916	0
835.15	0	.4271974	.1154	.4574027	0
834.15	0	.4267821	.1158068	.4574111	0
833.15	0	.4263618	.1162214	.4574168	0
832.15	0	.4259361	.1166442	.4574198	0
831.15	0	.4255046	.1170756	.4574198	0
830.15	0	.4250669	.1175163	.4574168	0
829.15	0	.4246226	.1179667	.4574107	0
828.15	0	.4241712	.1184275	.4574013	0
827.15	0	.4237123	.1188993	.4573885	0
826.15	0	.4232452	.1193827	.4573721	0
825.15	0	.4227694	.1198786	.4573519	0
824.15	0	.4222843	.1203879	.4573278	0
823.15	0	.4217891	.1209113	.4572996	0
822.15	0	.421283	.12145	.457267	0
821.15	0	.4206478	.1221471	.4572051	0
820.15	0	.4197103	.1232136	.4570761	0
819.15	0	.4188247	.1242214	.4569539	0
818.15	0	.4179866	.1251755	.4568379	0
817.15	0	.417192	.1260804	.4567275	0
816.15	0	.4164375	.1269402	.4566223	0
815.15	0	.41572	.1277583	.4565218	0
814.15	0	.4150366	.1285378	.4564256	0
813.15	0	.414385	.1292816	.4563334	0
812.15	0	.413763	.1299921	.4562449	0
811.15	0	.4131684	.1306718	.4561599	0
810.15	0	.4125995	.1313225	.456078	0
809.15	0	.4120547	.1319463	.455999	0
808.15	0	.4115324	.1325448	.4559228	0
807.15	0	.4110313	.1331195	.4558492	0
806.15	0	.41055	.133672	.4557779	0
805.15	0	.4100875	.1342036	.4557089	0
804.15	0	.4096426	.1347153	.455642	0
803.15	0	.4092144	.1352085	.4555771	0
802.15	0	.408802	.135684	.455514	0
801.15	0	.4084044	.136143	.4554526	0
800.15	0	.408021	.1365861	.4553929	0
799.15	0	.4076509	.1370144	.4553347	0
798.15	0	.4072935	.1374285	.455278	0
797.15	0	.4069481	.1378292	.4552227	0
796.15	0	.4066142	.1382171	.4551686	0
795.15	0	.4062912	.138593	.4551158	0
794.15	0	.4059786	.1389573	.4550641	0
793.15	0	.4056758	.1393106	.4550136	0
792.15	0	.4053825	.1396535	.4549641	0
791.15	0	.4050981	.1399864	.4549155	0
790.15	0	.4048223	.1403097	.4548679	0
789.15	0	.4045547	.140624	.4548213	0
788.15	0	.4042949	.1409297	.4547754	0
787.15	0	.4040426	.141227	.4547304	0
786.15	0	.4037974	.1415165	.4546861	0
785.15	0	.4035591	.1417983	.4546425	0
784.15	0	.4033274	.142073	.4545997	0
783.15	0	.4031019	.1423406	.4545575	0
782.15	0	.4028824	.1426017	.454516	0
781.15	0	.4026687	.1428563	.454475	0
780.15	0	.4024605	.1431049	.4544346	0
779.15	0	.4022577	.1433475	.4543948	0
778.15	0	.4020599	.1435846	.4543555	0
777.15	0	.4018671	.1438163	.4543167	0
776.15	0	.4016789	.1440427	.4542783	0
775.15	0	.4014953	.1442643	.4542405	0
774.15	0	.401316	.144481	.454203	0
773.15	0	.4011409	.1446931	.454166	0
772.15	0	.4009698	.1449008	.4541294	0
771.15	0	.4008026	.1451043	.4540931	0
770.15	0	.4006391	.1453036	.4540573	0
769.15	0	.4004792	.1454991	.4540217	0
768.15	0	.4003243	.1456895	.4539862	0
767.15	0	.400171	.1458776	.4539514	0
766.15	0	.400021	.1460622	.4539168	0
765.15	0	.3998741	.1462433	.4538825	0
764.15	0	.3997302	.1464212	.4538486	0
763.15	0	.3995892	.1465959	.4538149	0
762.15	0	.399451	.1467676	.4537814	0
761.15	0	.3993154	.1469364	.4537482	0
760.15	0	.3991824	.1471023	.4537152	0
759.15	0	.399052	.1472655	.4536825	0
758.15	0	.398924	.1474261	.45365	0
757.15	0	.3987983	.1475841	.4536176	0
756.15	0	.3986748	.1477397	.4535855	0
755.15	0	.3985536	.1478929	.4535536	0
754.15	0	.3984344	.1480438	.4535218	0
753.15	0	.3983173	.1481925	.4534902	0
752.15	0	.3982022	.148339	.4534588	0
751.15	0	.3980889	.1484835	.4534276	0
750.15	0	.3979776	.148626	.4533965	0
749.15	0	.397868	.1487665	.4533655	0
748.15	0	.3977601	.1489052	.4533347	0
747.15	0	.3976539	.149042	.453304	0
746.15	0	.3975494	.1491771	.4532735	0
745.15	0	.3974464	.1493106	.4532431	0
744.15	0	.3973449	.1494423	.4532128	0
743.15	0	.3972449	.1495725	.4531826	0
742.15	0	.3971463	.1497012	.4531525	0
741.15	0	.3970491	.1498283	.4531225	0
740.15	0	.3969533	.149954	.4530927	0
739.15	0	.3968588	.1500784	.4530629	0
738.15	0	.3967655	.1502013	.4530332	0
737.15	0	.3966734	.150323	.4530036	0
736.15	0	.3965826	.1504434	.4529741	0
735.15	0	.3964928	.1505625	.4529446	0
734.15	0	.3964042	.1506805	.4529153	0
733.15	0	.3963167	.1507973	.452886	0
732.15	0	.3962303	.150913	.4528568	0
731.15	0	.3961448	.1510275	.4528276	0
730.15	0	.3960604	.151141	.4527986	0
729.15	0	.3959769	.1512536	.4527695	0
728.15	0	.3958944	.1513651	.4527406	0
727.15	0	.3958128	.1514756	.4527117	0
726.15	0	.395732	.1515852	.4526828	0
725.15	0	.3956521	.1516939	.452654	0
724.15	0	.3955731	.1518017	.4526252	0
723.15	0	.3954949	.1519086	.4525965	0
722.15	0	.3954174	.1520147	.4525679	0
721.15	0	.3953408	.15212	.4525392	0
720.15	0	.3952648	.1522245	.4525107	0
719.15	0	.3951897	.1523283	.4524821	0
718.15	0	.3951152	.1524312	.4524536	0
717.15	0	.3950414	.1525335	.4524251	0
716.15	0	.3949683	.1526351	.4523967	0
715.15	0	.3948958	.152736	.4523682	0
714.15	0	.394824	.1528362	.4523398	0
713.15	0	.3947528	.1529358	.4523115	0
712.15	0	.3946822	.1530347	.4522831	0
711.15	0	.3946121	.153133	.4522548	0
710.15	0	.3945427	.1532308	.4522266	0
709.15	0	.3944738	.1533279	.4521983	0
708.15	0	.3944055	.1534245	.45217	0
707.15	0	.3943377	.1535205	.4521418	0
706.15	0	.3942704	.1536161	.4521136	0
705.15	0	.3942036	.153711	.4520854	0
704.15	0	.3941373	.1538055	.4520572	0
703.15	0	.3940715	.1538995	.452029	0
702.15	0	.3940061	.153993	.4520009	0
701.15	0	.3939412	.154086	.4519728	0
700.15	0	.3938768	.1541786	.4519446	0
699.15	0	.3938128	.1542707	.4519165	0
698.15	0	.3937492	.1543624	.4518884	0
697.15	0	.393686	.1544537	.4518603	0
696.15	0	.3936233	.1545445	.4518322	0
695.15	0	.3935609	.154635	.4518041	0
694.15	0	.3934989	.154725	.451776	0
693.15	0	.3934373	.1548147	.451748	0
692.15	0	.3933761	.154904	.4517199	0
691.15	0	.3933152	.154993	.4516918	0
690.15	0	.3932547	.1550815	.4516638	0
689.15	0	.3931945	.1551698	.4516357	0
688.15	0	.3931347	.1552577	.4516077	0
687.15	0	.3930752	.1553452	.4515796	0
686.15	0	.393016	.1554324	.4515516	0
685.15	0	.3929571	.1555194	.4515235	0
684.15	0	.3928985	.155606	.4514955	0
683.15	0	.3928403	.1556923	.4514674	0
682.15	0	.3927823	.1557783	.4514394	0
681.15	0	.3927246	.155864	.4514113	0
680.15	0	.3926673	.1559495	.4513833	0
679.15	0	.3926101	.1560346	.4513553	0
678.15	0	.3925533	.1561195	.4513272	0
677.15	0	.3924967	.1562041	.4512992	0
676.15	0	.3924404	.1562885	.4512711	0
675.15	0	.3923843	.1563726	.451243	0
674.15	0	.3923285	.1564565	.451215	0
673.15	0	.392273	.1565401	.4511869	0
672.15	0	.3922176	.1566235	.4511589	0
671.15	0	.3921626	.1567067	.4511308	0
670.15	0	.3921077	.1567896	.4511027	0
669.15	0	.3920531	.1568723	.4510747	0
668.15	0	.3919987	.1569548	.4510466	0
667.15	0	.3919445	.157037	.4510185	0
666.15	0	.3918905	.1571191	.4509904	0
665.15	0	.3918367	.157201	.4509623	0
664.15	0	.3917832	.1572826	.4509342	0
663.15	0	.3917298	.157364	.4509061	0
662.15	0	.3916767	.1574453	.450878	0
661.15	0	.3916237	.1575264	.4508499	0
660.15	0	.391571	.1576072	.4508218	0
659.15	0	.3915184	.1576879	.4507937	0
658.15	0	.391466	.1577684	.4507656	0
657.15	0	.3914138	.1578488	.4507374	0
656.15	0	.3913618	.1579289	.4507093	0
655.15	0	.3913099	.1580089	.4506812	0
654.15	0	.3912582	.1580887	.450653	0
653.15	0	.3912067	.1581684	.4506249	0
652.15	0	.3911554	.1582479	.4505967	0
651.15	0	.3911042	.1583272	.4505686	0
650.15	0	.3910532	.1584063	.4505404	0
649.15	0	.3910024	.1584853	.4505123	0
648.15	0	.3909517	.1585642	.4504841	0
647.15	0	.3909012	.1586429	.4504559	0
646.15	0	.3908508	.1587215	.4504278	0
645.15	0	.3908006	.1587999	.4503996	0
644.15	0	.3907505	.1588781	.4503714	0
643.15	0	.3907005	.1589562	.4503432	0
642.15	0	.3906508	.1590342	.450315	0
641.15	0	.3906011	.1591121	.4502868	0
640.15	0	.3905516	.1591898	.4502586	0
639.15	0	.3905022	.1592673	.4502305	0
638.15	0	.390453	.1593448	.4502022	0
637.15	0	.3904039	.1594221	.450174	0
636.15	0	.390355	.1594992	.4501458	0
635.15	0	.3903061	.1595763	.4501176	0
634.15	0	.3902574	.1596532	.4500894	0
633.15	0	.3902089	.15973	.4500612	0
632.15	0	.3901604	.1598066	.450033	0
631.15	0	.3901121	.1598832	.4500048	0
630.15	0	.3900639	.1599596	.4499765	0
629.15	0	.3900158	.1600359	.4499483	0
628.15	0	.3899679	.1601121	.4499201	0
627.15	0	.38992	.1601881	.4498919	0
626.15	0	.3898723	.1602641	.4498636	0
625.15	0	.3898247	.1603399	.4498354	0
624.15	0	.3897772	.1604156	.4498072	0
623.15	0	.3897299	.1604912	.449779	0
622.15	0	.3896826	.1605667	.4497507	0
621.15	0	.3896355	.160642	.4497225	0
620.15	0	.3895884	.1607173	.4496943	0
619.15	0	.3895415	.1607925	.4496661	0
618.15	0	.3894947	.1608675	.4496378	0
617.15	0	.389448	.1609424	.4496096	0
616.15	0	.3894014	.1610173	.4495814	0
615.15	0	.3893549	.161092	.4495532	0
614.15	0	.3893085	.1611666	.4495249	0
613.15	0	.3892622	.1612411	.4494967	0
612.15	0	.389216	.1613155	.4494685	0
611.15	0	.3891699	.1613898	.4494403	0
610.15	0	.3891239	.161464	.4494121	0
609.15	0	.3890781	.1615381	.4493839	0
608.15	0	.3890323	.161612	.4493557	0
607.15	0	.3889866	.1616859	.4493275	0
606.15	0	.388941	.1617597	.4492993	0
605.15	0	.3888955	.1618334	.4492711	0
604.15	0	.3888501	.161907	.4492429	0
603.15	0	.3888048	.1619804	.4492147	0
602.15	0	.3887596	.1620538	.4491866	0
601.15	0	.3887145	.1621271	.4491584	0
600.15	0	.3886695	.1622003	.4491303	0
599.15	0	.3886245	.1622734	.4491021	0
598.15	0	.3885797	.1623463	.449074	0
597.15	0	.388535	.1624192	.4490458	0
596.15	0	.3884903	.162492	.4490177	0
595.15	0	.3884458	.1625647	.4489896	0
594.15	0	.3884013	.1626373	.4489615	0
593.15	0	.3883569	.1627098	.4489333	0
592.15	0	.3883126	.1627822	.4489052	0
591.15	0	.3882684	.1628544	.4488772	0
590.15	0	.3882243	.1629266	.4488491	0
589.15	0	.3881803	.1629987	.448821	0
588.15	0	.3881363	.1630708	.4487929	0
587.15	0	.3880925	.1631427	.4487649	0
586.15	0	.3880487	.1632145	.4487369	0
585.15	0	.388005	.1632862	.4487088	0
584.15	0	.3879614	.1633578	.4486808	0
583.15	0	.3879179	.1634293	.4486528	0
582.15	0	.3878744	.1635007	.4486248	0
581.15	0	.3878311	.1635721	.4485968	0
580.15	0	.3877878	.1636433	.4485689	0
579.15	0	.3877447	.1637144	.4485409	0
578.15	0	.3877016	.1637854	.448513	0
577.15	0	.3876586	.1638564	.4484851	0
576.15	0	.3876156	.1639272	.4484572	0
575.15	0	.3875728	.163998	.4484293	0
574.15	0	.38753	.1640686	.4484014	0
573.15	0	.3874873	.1641392	.4483735	0
572.15	0	.3874447	.1642096	.4483457	0
571.15	0	.3874022	.16428	.4483178	0
570.15	0	.3873597	.1643503	.44829	0
569.15	0	.3873174	.1644204	.4482622	0
568.15	0	.3872751	.1644905	.4482344	0
567.15	0	.3872329	.1645605	.4482067	0
566.15	0	.3871908	.1646303	.4481789	0
565.15	0	.3871487	.1647001	.4481512	0
564.15	0	.3871068	.1647698	.4481235	0
563.15	0	.3870649	.1648393	.4480958	0
562.15	0	.3870231	.1649088	.4480681	0
561.15	0	.3869814	.1649782	.4480405	0
560.15	0	.3869397	.1650475	.4480128	0
559.15	0	.3868981	.1651166	.4479852	0
558.15	0	.3868566	.1651857	.4479576	0
557.15	0	.3868152	.1652547	.4479301	0
556.15	0	.3867739	.1653236	.4479025	0
555.15	0	.3867326	.1653924	.447875	0
554.15	0	.3866915	.165461	.4478475	0
553.15	0	.3866504	.1655296	.44782	0
552.15	0	.3866093	.1655981	.4477926	0
551.15	0	.3865684	.1656665	.4477652	0
550.15	0	.3865275	.1657347	.4477378	0
549.15	0	.3864867	.1658029	.4477104	0
548.15	0	.386446	.165871	.447683	0
547.15	0	.3864054	.165939	.4476557	0
546.15	0	.3863648	.1660068	.4476284	0
545.15	0	.3863243	.1660746	.4476011	0
544.15	0	.3862839	.1661422	.4475739	0
543.15	0	.3862436	.1662098	.4475466	0
542.15	0	.3862033	.1662772	.4475194	0
541.15	0	.3861632	.1663446	.4474923	0
540.15	0	.3861231	.1664118	.4474651	0
539.15	0	.386083	.166479	.447438	0
538.15	0	.3860431	.166546	.4474109	0
537.15	0	.3860032	.1666129	.4473839	0
536.15	0	.3859634	.1666797	.4473569	0
535.15	0	.3859237	.1667465	.4473299	0
534.15	0	.385884	.1668131	.4473029	0
533.15	0	.3858445	.1668796	.447276	0
532.15	0	.385805	.166946	.4472491	0
531.15	0	.3857656	.1670122	.4472222	0
530.15	0	.3857262	.1670784	.4471954	0
529.15	0	.385687	.1671445	.4471685	0
528.15	0	.3856478	.1672105	.4471418	0
527.15	0	.3856087	.1672763	.447115	0
526.15	0	.3855696	.167342	.4470883	0
525.15	0	.3855307	.1674077	.4470617	0
524.15	0	.3854918	.1674732	.447035	0
523.15	0	.385453	.1675386	.4470084	0
522.15	0	.3854142	.1676039	.4469819	0
521.15	0	.3853756	.1676691	.4469553	0
520.15	0	.385337	.1677342	.4469289	0
519.15	0	.3852985	.1677991	.4469024	0
518.15	0	.3852601	.167864	.446876	0
517.15	0	.3852217	.1679287	.4468496	0
516.15	0	.3851834	.1679933	.4468232	0
515.15	0	.3851452	.1680579	.4467969	0
514.15	0	.3851071	.1681222	.4467707	0
513.15	0	.385069	.1681865	.4467444	0
512.15	0	.3850311	.1682507	.4467182	0
511.15	0	.3849933	.1683147	.446692	0
510.15	0	.3849554	.1683787	.4466659	0
509.15	0	.3849177	.1684425	.4466398	0
508.15	0	.38488	.1685062	.4466138	0
507.15	0	.3848424	.1685698	.4465878	0
506.15	0	.3848049	.1686332	.4465618	0
505.15	0	.3847675	.1686966	.4465359	0
504.15	0	.3847301	.1687598	.4465101	0
503.15	0	.3846928	.1688229	.4464843	0
502.15	0	.3846556	.1688859	.4464585	0
501.15	0	.3846185	.1689488	.4464327	0
500.15	0	.3845814	.1690116	.4464071	0
499.15	0	.3845444	.1690742	.4463814	0
498.15	0	.3845075	.1691367	.4463558	0
497.15	0	.3844707	.1691991	.4463303	0
496.15	0	.3844339	.1692614	.4463047	0
495.15	0	.3843972	.1693235	.4462793	0
494.15	0	.3843606	.1693855	.4462539	0
493.15	0	.3843241	.1694474	.4462285	0
492.15	0	.3842876	.1695092	.4462032	0
491.15	0	.3842513	.1695709	.4461779	0
490.15	0	.384215	.1696324	.4461526	0
489.15	0	.3841787	.1696938	.4461275	0
488.15	0	.3841426	.1697551	.4461023	0
487.15	0	.3841065	.1698163	.4460772	0
486.15	0	.3840705	.1698773	.4460522	0
485.15	0	.3840346	.1699382	.4460272	0
484.15	0	.3839988	.169999	.4460023	0
483.15	0	.383963	.1700596	.4459774	0
482.15	0	.3839273	.1701201	.4459525	0
481.15	0	.3838917	.1701805	.4459278	0
480.15	0	.3838562	.1702408	.445903	0
479.15	0	.3838207	.170301	.4458783	0
478.15	0	.3837853	.170361	.4458537	0
477.15	0	.38375	.1704209	.4458291	0
476.15	0	.3837148	.1704806	.4458046	0
475.15	0	.3836797	.1705402	.4457801	0
474.15	0	.3836446	.1705997	.4457557	0
473.15	0	.3836096	.1706591	.4457313	0
472.15	0	.3835747	.1707183	.445707	0
471.15	0	.3835398	.1707774	.4456828	0
470.15	0	.3835051	.1708364	.4456586	0
469.15	0	.3834704	.1708952	.4456344	0
468.15	0	.3834358	.1709539	.4456103	0
467.15	0	.3834012	.1710125	.4455863	0
466.15	0	.3833667	.1710709	.4455623	0
465.15	0	.3833324	.1711292	.4455384	0
464.15	0	.3832981	.1711874	.4455145	0
463.15	0	.3832638	.1712454	.4454907	0
462.15	0	.3832297	.1713033	.445467	0
461.15	0	.3831956	.1713611	.4454433	0
460.15	0	.3831616	.1714187	.4454197	0
459.15	0	.3831277	.1714762	.4453961	0
458.15	0	.3830939	.1715336	.4453726	0
457.15	0	.3830601	.1715908	.4453491	0
456.15	0	.3830264	.1716479	.4453257	0
455.15	0	.3829928	.1717048	.4453024	0
454.15	0	.3829593	.1717617	.4452791	0
453.15	0	.3829258	.1718183	.4452559	0
452.15	0	.3828924	.1718749	.4452327	0
451.15	0	.3828591	.1719313	.4452096	0
450.15	0	.3828259	.1719875	.4451866	0
449.15	0	.3827928	.1720436	.4451636	0
448.15	0	.3827597	.1720995	.4451407	0
447.15	0	.3827268	.1721553	.4451179	0
446.15	0	.3826939	.172211	.4450951	0
445.15	0	.3826611	.1722665	.4450724	0
444.15	0	.3826284	.1723218	.4450498	0
443.15	0	.3825958	.172377	.4450272	0
442.15	0	.3825633	.172432	.4450048	0
441.15	0	.3825309	.1724868	.4449823	0
440.15	0	.3824985	.1725415	.44496	0
439.15	0	.3824663	.172596	.4449377	0
438.15	0	.3824341	.1726504	.4449155	0
437.15	0	.3824021	.1727045	.4448934	0
436.15	0	.3823702	.1727585	.4448713	0
435.15	0	.3823383	.1728123	.4448494	0
434.15	0	.3823066	.1728659	.4448275	0
433.15	0	.3822749	.1729194	.4448057	0
432.15	0	.3822434	.1729727	.4447839	0
431.15	0	.382212	.1730257	.4447623	0
430.15	0	.3821807	.1730786	.4447407	0
429.15	0	.3821495	.1731313	.4447192	0
428.15	0	.3821184	.1731838	.4446978	0
427.15	0	.3820874	.1732362	.4446765	0
426.15	0	.3820565	.1732883	.4446552	0
425.15	0	.3820257	.1733402	.4446341	0
424.15	0	.381995	.1733919	.444613	0
423.15	0	.3819645	.1734435	.444592	0
422.15	0	.381934	.1734949	.4445711	0
421.15	0	.3819037	.173546	.4445503	0
420.15	0	.3818735	.1735969	.4445296	0
419.15	0	.3818434	.1736477	.4445089	0
418.15	0	.3818134	.1736983	.4444884	0
417.15	0	.3817835	.1737486	.4444679	0
416.15	0	.3817537	.1737988	.4444475	0
415.15	0	.381724	.1738488	.4444272	0
414.15	0	.3816945	.1738985	.444407	0
413.15	0	.381665	.1739481	.4443869	0
412.15	0	.3816357	.1739975	.4443669	0
411.15	0	.3816065	.1740466	.4443469	0
410.15	0	.3815773	.1740956	.4443271	0
409.15	0	.3815483	.1741444	.4443073	0
408.15	0	.3815194	.174193	.4442876	0
407.15	0	.3814907	.1742413	.444268	0
406.15	0	.381462	.1742895	.4442485	0
405.15	0	.3814334	.1743375	.4442291	0
404.15	0	.3814049	.1743853	.4442098	0
403.15	0	.3813766	.1744329	.4441906	0
402.15	0	.3813483	.1744803	.4441714	0
401.15	0	.3813202	.1745275	.4441524	0
400.15	0	.3812921	.1745745	.4441334	0
399.15	0	.3812642	.1746213	.4441145	0
398.15	0	.3812364	.1746679	.4440957	0
397.15	0	.3812086	.1747143	.444077	0
396.15	0	.381181	.1747606	.4440584	0
395.15	0	.3811535	.1748066	.4440399	0
394.7864	0	.3811435	.1748233	.4440332	0
394.7864	0	.3811435	.1748233	.4440332	0
394.7864	0	.3811435	.1748233	.4440332	0
394.15	0	.3812231	.1746163	.443897	2.635834E-04
393.15	0	.381348	.1742913	.4436833	6.77343E-04
392.15	0	.3814727	.1739667	.44347	.00109062
391.15	0	.3815971	.1736425	.4432569	.00150342
