T	 BPW(LIQUID)	BPW(BCC_A2)	BPW(FCC_A1)	BPW(LAVES_PHASE_C14)	BPW(NI3TI)
1473.15	0	1	0	0	0
1472.15	0	1	0	0	0
1471.15	0	1	0	0	0
1470.15	0	1	0	0	0
1469.15	0	1	0	0	0
1468.15	0	1	0	0	0
1467.15	0	1	0	0	0
1466.15	0	1	0	0	0
1465.15	0	1	0	0	0
1464.15	0	1	0	0	0
1463.15	0	1	0	0	0
1462.15	0	1	0	0	0
1461.15	0	1	0	0	0
1460.15	0	1	0	0	0
1459.15	0	1	0	0	0
1458.15	0	1	0	0	0
1457.15	0	1	0	0	0
1456.15	0	1	0	0	0
1455.15	0	1	0	0	0
1454.15	0	1	0	0	0
1453.15	0	1	0	0	0
1452.15	0	1	0	0	0
1451.15	0	1	0	0	0
1450.15	0	1	0	0	0
1449.15	0	1	0	0	0
1448.15	0	1	0	0	0
1447.15	0	1	0	0	0
1446.15	0	1	0	0	0
1445.15	0	1	0	0	0
1444.15	0	1	0	0	0
1443.15	0	1	0	0	0
1442.15	0	1	0	0	0
1441.15	0	1	0	0	0
1440.15	0	1	0	0	0
1439.15	0	1	0	0	0
1438.15	0	1	0	0	0
1437.15	0	1	0	0	0
1436.15	0	1	0	0	0
1435.15	0	1	0	0	0
1434.15	0	1	0	0	0
1433.15	0	1	0	0	0
1432.15	0	1	0	0	0
1431.15	0	1	0	0	0
1430.15	0	1	0	0	0
1429.15	0	1	0	0	0
1428.15	0	1	0	0	0
1427.15	0	1	0	0	0
1426.15	0	1	0	0	0
1425.15	0	1	0	0	0
1424.15	0	1	0	0	0
1423.15	0	1	0	0	0
1422.15	0	1	0	0	0
1421.15	0	1	0	0	0
1420.15	0	1	0	0	0
1419.15	0	1	0	0	0
1418.15	0	1	0	0	0
1417.15	0	1	0	0	0
1416.15	0	1	0	0	0
1415.15	0	1	0	0	0
1414.15	0	1	0	0	0
1413.15	0	1	0	0	0
1412.15	0	1	0	0	0
1411.15	0	1	0	0	0
1410.15	0	1	0	0	0
1409.15	0	1	0	0	0
1408.15	0	1	0	0	0
1407.15	0	1	0	0	0
1406.15	0	1	0	0	0
1405.15	0	1	0	0	0
1404.15	0	1	0	0	0
1403.15	0	1	0	0	0
1402.15	0	1	0	0	0
1401.15	0	1	0	0	0
1400.15	0	1	0	0	0
1399.15	0	1	0	0	0
1398.15	0	1	0	0	0
1397.15	0	1	0	0	0
1396.15	0	1	0	0	0
1395.15	0	1	0	0	0
1394.15	0	1	0	0	0
1393.15	0	1	0	0	0
1392.15	0	1	0	0	0
1391.15	0	1	0	0	0
1390.15	0	1	0	0	0
1389.15	0	1	0	0	0
1388.15	0	1	0	0	0
1387.15	0	1	0	0	0
1386.15	0	1	0	0	0
1385.15	0	1	0	0	0
1384.15	0	1	0	0	0
1383.15	0	1	0	0	0
1382.15	0	1	0	0	0
1381.15	0	1	0	0	0
1380.15	0	1	0	0	0
1379.15	0	1	0	0	0
1378.15	0	1	0	0	0
1377.15	0	1	0	0	0
1376.15	0	1	0	0	0
1375.15	0	1	0	0	0
1374.15	0	1	0	0	0
1373.15	0	1	0	0	0
1372.15	0	1	0	0	0
1371.15	0	1	0	0	0
1370.15	0	1	0	0	0
1369.15	0	1	0	0	0
1368.15	0	1	0	0	0
1367.15	0	1	0	0	0
1366.15	0	1	0	0	0
1365.15	0	1	0	0	0
1364.15	0	1	0	0	0
1363.15	0	1	0	0	0
1362.15	0	1	0	0	0
1361.15	0	1	0	0	0
1360.15	0	1	0	0	0
1359.15	0	1	0	0	0
1358.15	0	1	0	0	0
1357.15	0	1	0	0	0
1356.15	0	1	0	0	0
1355.15	0	1	0	0	0
1354.15	0	1	0	0	0
1353.15	0	1	0	0	0
1352.15	0	1	0	0	0
1351.15	0	1	0	0	0
1350.15	0	1	0	0	0
1349.15	0	1	0	0	0
1348.15	0	1	0	0	0
1347.15	0	1	0	0	0
1346.15	0	1	0	0	0
1345.15	0	1	0	0	0
1344.15	0	1	0	0	0
1343.15	0	1	0	0	0
1342.15	0	1	0	0	0
1341.15	0	1	0	0	0
1340.15	0	1	0	0	0
1339.15	0	1	0	0	0
1338.15	0	1	0	0	0
1337.15	0	1	0	0	0
1336.15	0	1	0	0	0
1335.15	0	1	0	0	0
1334.15	0	1	0	0	0
1333.15	0	1	0	0	0
1332.15	0	1	0	0	0
1331.15	0	1	0	0	0
1330.15	0	1	0	0	0
1329.15	0	1	0	0	0
1328.15	0	1	0	0	0
1327.15	0	1	0	0	0
1326.15	0	1	0	0	0
1325.15	0	1	0	0	0
1324.15	0	1	0	0	0
1323.15	0	1	0	0	0
1322.15	0	1	0	0	0
1321.15	0	1	0	0	0
1320.15	0	1	0	0	0
1319.15	0	1	0	0	0
1318.15	0	1	0	0	0
1317.15	0	1	0	0	0
1316.15	0	1	0	0	0
1315.15	0	1	0	0	0
1314.15	0	1	0	0	0
1313.15	0	1	0	0	0
1312.15	0	1	0	0	0
1311.15	0	1	0	0	0
1310.15	0	1	0	0	0
1309.15	0	1	0	0	0
1308.15	0	1	0	0	0
1307.15	0	1	0	0	0
1306.15	0	1	0	0	0
1305.15	0	1	0	0	0
1304.15	0	1	0	0	0
1303.15	0	1	0	0	0
1302.15	0	1	0	0	0
1301.15	0	1	0	0	0
1300.15	0	1	0	0	0
1299.15	0	1	0	0	0
1298.15	0	1	0	0	0
1297.15	0	1	0	0	0
1296.15	0	1	0	0	0
1295.15	0	1	0	0	0
1294.15	0	1	0	0	0
1293.15	0	1	0	0	0
1292.15	0	1	0	0	0
1291.15	0	1	0	0	0
1290.15	0	1	0	0	0
1289.15	0	1	0	0	0
1288.15	0	1	0	0	0
1287.15	0	1	0	0	0
1286.15	0	1	0	0	0
1285.15	0	1	0	0	0
1284.15	0	1	0	0	0
1283.15	0	1	0	0	0
1282.15	0	1	0	0	0
1281.15	0	1	0	0	0
1280.15	0	1	0	0	0
1279.15	0	1	0	0	0
1278.15	0	1	0	0	0
1277.15	0	1	0	0	0
1276.15	0	1	0	0	0
1275.15	0	1	0	0	0
1274.15	0	1	0	0	0
1273.15	0	1	0	0	0
1272.15	0	1	0	0	0
1271.15	0	1	0	0	0
1270.15	0	1	0	0	0
1269.15	0	1	0	0	0
1268.15	0	1	0	0	0
1267.15	0	1	0	0	0
1266.15	0	1	0	0	0
1265.15	0	1	0	0	0
1264.15	0	1	0	0	0
1263.15	0	1	0	0	0
1262.15	0	1	0	0	0
1261.15	0	1	0	0	0
1260.15	0	1	0	0	0
1259.15	0	1	0	0	0
1258.15	0	1	0	0	0
1257.15	0	1	0	0	0
1256.15	0	1	0	0	0
1255.15	0	1	0	0	0
1254.15	0	1	0	0	0
1253.15	0	1	0	0	0
1252.15	0	1	0	0	0
1251.15	0	1	0	0	0
1250.15	0	1	0	0	0
1249.15	0	1	0	0	0
1248.15	0	1	0	0	0
1247.15	0	1	0	0	0
1246.15	0	1	0	0	0
1245.15	0	1	0	0	0
1244.15	0	1	0	0	0
1243.15	0	1	0	0	0
1242.15	0	1	0	0	0
1241.15	0	1	0	0	0
1240.15	0	1	0	0	0
1239.15	0	1	0	0	0
1238.15	0	1	0	0	0
1237.15	0	1	0	0	0
1236.15	0	1	0	0	0
1235.15	0	1	0	0	0
1234.15	0	1	0	0	0
1233.15	0	1	0	0	0
1232.15	0	1	0	0	0
1231.15	0	1	0	0	0
1230.15	0	1	0	0	0
1229.15	0	1	0	0	0
1228.15	0	1	0	0	0
1227.15	0	1	0	0	0
1226.15	0	1	0	0	0
1225.15	0	1	0	0	0
1224.15	0	1	0	0	0
1223.15	0	1	0	0	0
1222.15	0	1	0	0	0
1221.15	0	1	0	0	0
1220.15	0	1	0	0	0
1219.15	0	1	0	0	0
1218.15	0	1	0	0	0
1217.15	0	1	0	0	0
1216.15	0	1	0	0	0
1215.15	0	1	0	0	0
1214.15	0	1	0	0	0
1213.15	0	1	0	0	0
1212.15	0	1	0	0	0
1211.15	0	1	0	0	0
1210.15	0	1	0	0	0
1209.15	0	1	0	0	0
1208.15	0	1	0	0	0
1207.15	0	1	0	0	0
1206.15	0	1	0	0	0
1205.15	0	1	0	0	0
1204.15	0	1	0	0	0
1203.15	0	1	0	0	0
1202.15	0	1	0	0	0
1201.15	0	1	0	0	0
1200.15	0	1	0	0	0
1199.15	0	1	0	0	0
1198.15	0	1	0	0	0
1197.15	0	1	0	0	0
1196.15	0	1	0	0	0
1195.15	0	1	0	0	0
1194.15	0	1	0	0	0
1193.15	0	1	0	0	0
1192.15	0	1	0	0	0
1191.15	0	1	0	0	0
1190.15	0	1	0	0	0
1189.15	0	1	0	0	0
1188.15	0	1	0	0	0
1187.15	0	1	0	0	0
1186.15	0	1	0	0	0
1185.15	0	1	0	0	0
1184.15	0	1	0	0	0
1183.15	0	1	0	0	0
1182.15	0	1	0	0	0
1181.15	0	1	0	0	0
1180.15	0	1	0	0	0
1179.15	0	1	0	0	0
1178.15	0	1	0	0	0
1177.15	0	1	0	0	0
1176.15	0	1	0	0	0
1175.15	0	1	0	0	0
1174.15	0	1	0	0	0
1173.15	0	1	0	0	0
1172.15	0	1	0	0	0
1171.15	0	1	0	0	0
1170.15	0	1	0	0	0
1169.15	0	1	0	0	0
1168.15	0	1	0	0	0
1167.15	0	1	0	0	0
1166.15	0	1	0	0	0
1165.15	0	1	0	0	0
1164.15	0	1	0	0	0
1163.15	0	1	0	0	0
1162.15	0	1	0	0	0
1161.15	0	1	0	0	0
1160.15	0	1	0	0	0
1159.15	0	1	0	0	0
1158.15	0	1	0	0	0
1157.15	0	1	0	0	0
1156.15	0	1	0	0	0
1155.15	0	1	0	0	0
1154.15	0	1	0	0	0
1153.15	0	1	0	0	0
1152.15	0	1	0	0	0
1151.15	0	1	0	0	0
1150.15	0	1	0	0	0
1149.15	0	1	0	0	0
1148.15	0	1	0	0	0
1147.15	0	1	0	0	0
1146.15	0	1	0	0	0
1145.15	0	1	0	0	0
1144.15	0	1	0	0	0
1143.15	0	1	0	0	0
1142.15	0	1	0	0	0
1141.15	0	1	0	0	0
1140.15	0	1	0	0	0
1139.15	0	1	0	0	0
1138.15	0	1	0	0	0
1137.15	0	1	0	0	0
1136.15	0	1	0	0	0
1135.15	0	1	0	0	0
1134.15	0	1	0	0	0
1133.15	0	1	0	0	0
1132.15	0	1	0	0	0
1131.15	0	1	0	0	0
1130.15	0	1	0	0	0
1129.15	0	1	0	0	0
1128.15	0	1	0	0	0
1127.15	0	1	0	0	0
1126.15	0	1	0	0	0
1125.15	0	1	0	0	0
1124.15	0	1	0	0	0
1123.15	0	1	0	0	0
1122.15	0	1	0	0	0
1121.15	0	1	0	0	0
1120.15	0	1	0	0	0
1119.15	0	1	0	0	0
1118.15	0	1	0	0	0
1117.15	0	1	0	0	0
1116.15	0	1	0	0	0
1115.15	0	1	0	0	0
1114.15	0	1	0	0	0
1113.15	0	1	0	0	0
1112.15	0	1	0	0	0
1111.15	0	1	0	0	0
1110.15	0	1	0	0	0
1109.15	0	1	0	0	0
1108.15	0	1	0	0	0
1107.15	0	1	0	0	0
1106.15	0	1	0	0	0
1105.15	0	1	0	0	0
1104.15	0	1	0	0	0
1103.15	0	1	0	0	0
1102.15	0	1	0	0	0
1101.15	0	1	0	0	0
1100.15	0	1	0	0	0
1099.15	0	1	0	0	0
1098.883	0	1	0	0	0
1098.883	0	1	0	0	0
1098.883	0	1	0	0	0
1098.15	0	.9996734	0	3.266235E-04	0
1097.15	0	.9992287	0	7.713444E-04	0
1096.15	0	.9987849	0	.001215121	0
1095.15	0	.998342	0	.001657956	0
1094.15	0	.9979002	0	.00209985	0
1093.15	0	.9974592	0	.002540806	0
1092.15	0	.9970192	0	.002980824	0
1091.15	0	.9965801	0	.003419907	0
1090.15	0	.9961419	0	.003858056	0
1089.15	0	.9957047	0	.004295274	0
1088.15	0	.9952684	0	.00473156	0
1087.15	0	.9948331	0	.005166919	0
1086.15	0	.9943986	0	.00560135	0
1085.15	0	.9939651	0	.006034855	0
1084.15	0	.9935326	0	.006467437	0
1083.15	0	.9931009	0	.006899097	0
1082.15	0	.9926702	0	.007329836	0
1081.15	0	.9922403	0	.007759656	0
1080.15	0	.9918114	0	.008188559	0
1079.15	0	.9913835	0	.008616547	0
1078.15	0	.9909564	0	.00904362	0
1077.15	0	.9905302	0	.009469781	0
1076.15	0	.990105	0	.00989503	0
1075.15	0	.9896806	0	.01031937	0
1074.15	0	.9892572	0	.0107428	0
1073.15	0	.9888347	0	.01116533	0
1072.15	0	.9884131	0	.01158695	0
1071.15	0	.9879923	0	.01200767	0
1070.15	0	.9875725	0	.01242749	0
1069.15	0	.9871536	0	.0128464	0
1068.15	0	.9867356	0	.01326442	0
1067.15	0	.9863185	0	.01368154	0
1066.15	0	.9859022	0	.01409777	0
1065.15	0	.9854869	0	.0145131	0
1064.15	0	.9850725	0	.01492754	0
1063.15	0	.9846589	0	.01534108	0
1062.15	0	.9842463	0	.01575374	0
1061.15	0	.9838345	0	.01616551	0
1060.15	0	.9834236	0	.01657639	0
1059.15	0	.9830136	0	.01698639	0
1058.15	0	.9826045	0	.0173955	0
1057.15	0	.9821963	0	.01780373	0
1056.15	0	.9817889	0	.01821108	0
1055.15	0	.9813824	0	.01861756	0
1054.15	0	.9809769	0	.01902315	0
1053.15	0	.9805721	0	.01942786	0
1052.15	0	.9801683	0	.0198317	0
1051.15	0	.9797653	0	.02023467	0
1050.15	0	.9793632	0	.02063676	0
1049.15	0	.978962	0	.02103798	0
1048.15	0	.9785617	0	.02143834	0
1047.15	0	.9781622	0	.02183782	0
1046.15	0	.9777636	0	.02223644	0
1045.15	0	.9773658	0	.02263419	0
1044.15	0	.9769689	0	.02303108	0
1043.15	0	.9765729	0	.0234271	0
1042.15	0	.9761777	0	.02382226	0
1041.15	0	.9757834	0	.02421656	0
1040.15	0	.97539	0	.02461001	0
1039.15	0	.9749974	0	.02500259	0
1038.15	0	.9746057	0	.02539432	0
1037.15	0	.9742148	0	.02578519	0
1036.15	0	.9738248	0	.02617521	0
1035.15	0	.9734356	0	.02656438	0
1034.15	0	.9730473	0	.02695269	0
1033.15	0	.9726598	0	.02734016	0
1032.15	0	.9722732	0	.02772678	0
1031.15	0	.9718875	0	.02811254	0
1030.15	0	.9715025	0	.02849747	0
1029.15	0	.9711185	0	.02888155	0
1028.15	0	.9707352	0	.02926478	0
1027.15	0	.9703528	0	.02964717	0
1026.15	0	.9699713	0	.03002872	0
1025.15	0	.9695906	0	.03040943	0
1024.15	0	.9692107	0	.0307893	0
1023.15	0	.9688317	0	.03116834	0
1022.15	0	.9684535	0	.03154653	0
1021.15	0	.9680761	0	.0319239	0
1020.15	0	.9676996	0	.03230042	0
1019.15	0	.9673239	0	.03267612	0
1018.15	0	.966949	0	.03305098	0
1017.15	0	.966575	0	.03342502	0
1016.15	0	.9662018	0	.03379822	0
1015.15	0	.9658294	0	.03417059	0
1014.15	0	.9654579	0	.03454214	0
1013.15	0	.9650871	0	.03491286	0
1012.15	0	.9647172	0	.03528276	0
1011.15	0	.9643482	0	.03565183	0
1010.15	0	.9639799	0	.03602009	0
1009.15	0	.9636125	0	.03638752	0
1008.15	0	.9632459	0	.03675413	0
1007.15	0	.9628801	0	.03711992	0
1006.15	0	.9625151	0	.03748489	0
1005.15	0	.962151	0	.03784905	0
1004.15	0	.9617876	0	.03821239	0
1003.15	0	.9614251	0	.03857491	0
1002.15	0	.9610634	0	.03893662	0
1001.15	0	.9607025	0	.03929752	0
1000.15	0	.9603424	0	.03965761	0
999.15	0	.9599831	0	.04001689	0
998.15	0	.9596246	0	.04037535	0
997.15	0	.959267	0	.04073301	0
996.15	0	.9589101	0	.04108987	0
995.15	0	.9585541	0	.04144591	0
994.15	0	.9581989	0	.04180115	0
993.15	0	.9578444	0	.04215559	0
992.15	0	.9574908	0	.04250922	0
991.15	0	.9571379	0	.04286206	0
990.15	0	.9567859	0	.04321409	0
989.15	0	.9564347	0	.04356532	0
988.15	0	.9560842	0	.04391575	0
987.15	0	.9557346	0	.04426538	0
986.15	0	.9553858	0	.04461422	0
985.15	0	.9550377	0	.04496226	0
984.15	0	.9546905	0	.04530951	0
983.15	0	.954344	0	.04565596	0
982.15	0	.9539984	0	.04600162	0
981.15	0	.9536535	0	.04634649	0
980.15	0	.9533094	0	.04669056	0
979.15	0	.9529661	0	.04703385	0
978.15	0	.9526237	0	.04737634	0
977.15	0	.952282	0	.04771805	0
976.15	0	.951941	0	.04805897	0
975.15	0	.9516009	0	.04839911	0
974.15	0	.9512615	0	.04873846	0
973.15	0	.950923	0	.04907702	0
972.15	0	.9505852	0	.0494148	0
971.15	0	.9502482	0	.0497518	0
970.15	0	.949912	0	.05008802	0
969.15	0	.9495765	0	.05042346	0
968.15	0	.9492419	0	.05075811	0
967.15	0	.948908	0	.05109199	0
966.15	0	.9485749	0	.05142509	0
965.15	0	.9482426	0	.05175742	0
964.15	0	.947911	0	.05208896	0
963.15	0	.9475803	0	.05241973	0
962.15	0	.9472503	0	.05274973	0
961.15	0	.946921	0	.05307895	0
960.15	0	.9465926	0	.05340741	0
959.15	0	.9462649	0	.05373509	0
958.15	0	.945938	0	.05406199	0
957.15	0	.9456119	0	.05438813	0
956.15	0	.9452865	0	.0547135	0
955.15	0	.9449619	0	.0550381	0
954.15	0	.9446381	0	.05536194	0
953.15	0	.944315	0	.055685	0
952.15	0	.9439927	0	.05600731	0
951.15	0	.9436712	0	.05632884	0
950.15	0	.9433504	0	.05664961	0
949.15	0	.9430304	0	.05696962	0
948.4397	0	.9428035	0	.05719646	0
948.4397	0	.9428035	0	.05719646	0
948.4397	0	.9428035	0	.05719646	0
948.15	0	.9425071	2.219545E-04	.05727097	0
947.15	0	.9414855	9.870775E-04	.05752745	0
946.15	0	.9404665	.001750678	.05778284	0
945.15	0	.9394501	.002512769	.05803712	0
944.15	0	.9384363	.003273363	.05829028	0
943.15	0	.9374252	.004032474	.05854234	0
942.15	0	.9364166	.004790116	.05879328	0
941.15	0	.9354106	.005546303	.05904309	0
940.15	0	.9344072	.006301049	.05929178	0
939.15	0	.9334063	.00705437	.05953934	0
938.15	0	.932408	.007806282	.05978575	0
937.15	0	.9314122	.0085568	.06003103	0
936.15	0	.9304189	.00930594	.06027516	0
935.15	0	.9294281	.01005372	.06051814	0
934.15	0	.9284399	.01080016	.06075996	0
933.15	0	.9274541	.01154527	.06100062	0
932.15	0	.9264708	.01228907	.06124011	0
931.15	0	.92549	.01303159	.06147842	0
930.15	0	.9245116	.01377284	.06171556	0
929.15	0	.9235357	.01451284	.0619515	0
928.15	0	.9225621	.01525161	.06218626	0
927.15	0	.921591	.01598917	.06241982	0
926.15	0	.9206223	.01672555	.06265217	0
925.15	0	.9196559	.01746077	.06288331	0
924.15	0	.9186919	.01819485	.06311323	0
923.15	0	.9177303	.01892781	.06334193	0
922.15	0	.9167709	.01965968	.06356939	0
921.15	0	.9158139	.02039048	.06379561	0
920.15	0	.9148592	.02112024	.06402059	0
919.15	0	.9139067	.02184899	.06424432	0
918.15	0	.9129565	.02257675	.06446678	0
917.15	0	.9120085	.02330355	.06468797	0
916.15	0	.9110627	.02402942	.06490789	0
915.15	0	.9101191	.02475439	.06512652	0
914.15	0	.9091777	.02547849	.06534385	0
913.15	0	.9082384	.02620175	.06555988	0
912.15	0	.9073012	.02692421	.0657746	0
911.15	0	.9063661	.02764589	.06598801	0
910.15	0	.9054331	.02836683	.06620008	0
909.15	0	.9045021	.02908707	.06641081	0
908.15	0	.9035732	.02980665	.06662019	0
907.15	0	.9026462	.03052559	.06682822	0
906.15	0	.9017212	.03124394	.06703488	0
905.15	0	.9007981	.03196174	.06724016	0
904.15	0	.8998769	.03267903	.06744406	0
903.15	0	.8989576	.03339585	.06764655	0
902.15	0	.8980401	.03411225	.06784763	0
901.15	0	.8971244	.03482826	.06804729	0
900.15	0	.8962105	.03554393	.06824552	0
899.15	0	.8952984	.03625932	.06844231	0
898.15	0	.8943879	.03697446	.06863764	0
897.15	0	.8934791	.03768941	.0688315	0
896.15	0	.8925719	.03840423	.06902388	0
895.15	0	.8916663	.03911896	.06921477	0
894.15	0	.8907622	.03983365	.06940415	0
893.15	0	.8898596	.04054837	.069592	0
892.15	0	.8889585	.04126317	.06977833	0
891.15	0	.8880588	.04197811	.06996311	0
890.15	0	.8871604	.04269325	.07014632	0
889.15	0	.8862634	.04340866	.07032796	0
888.15	0	.8853676	.04412439	.070508	0
887.15	0	.884473	.04484052	.07068644	0
886.15	0	.8835796	.04555712	.07086325	0
885.15	0	.8826873	.04627426	.07103843	0
884.15	0	.8817961	.046992	.07121194	0
883.15	0	.8809058	.04771043	.07138378	0
882.15	0	.8800164	.04842963	.07155393	0
881.15	0	.879128	.04914967	.07172237	0
880.15	0	.8782403	.04987063	.07188908	0
879.15	0	.8773533	.05059261	.07205404	0
878.15	0	.8764671	.05131569	.07221724	0
877.15	0	.8755814	.05203997	.07237864	0
876.15	0	.8746962	.05276553	.07253824	0
875.15	0	.8738115	.05349247	.07269601	0
874.15	0	.8729272	.0542209	.07285192	0
873.15	0	.8720431	.05495092	.07300597	0
872.15	0	.8711593	.05568263	.07315811	0
871.15	0	.8702755	.05641615	.07330833	0
870.15	0	.8693918	.05715159	.0734566	0
869.15	0	.868508	.05788907	.0736029	0
868.15	0	.8676241	.05862871	.07374721	0
867.15	0	.8667399	.05937065	.07388948	0
866.15	0	.8658553	.06011501	.07402971	0
865.15	0	.8649702	.06086192	.07416785	0
864.15	0	.8640846	.06161154	.07430387	0
863.15	0	.8631982	.062364	.07443776	0
862.15	0	.8623111	.06311946	.07456946	0
861.15	0	.861423	.06387808	.07469896	0
860.15	0	.8605338	.06464001	.07482621	0
859.15	0	.8596434	.06540544	.07495119	0
858.15	0	.8587516	.06617454	.07507384	0
857.15	0	.8578584	.06694749	.07519415	0
856.15	0	.8569635	.06772448	.07531205	0
855.15	0	.8560668	.06850571	.07542753	0
854.15	0	.8551681	.06929139	.07554052	0
853.15	0	.8542673	.07008174	.07565099	0
852.15	0	.8533641	.07087698	.07575889	0
851.15	0	.8524585	.07167735	.07586417	0
850.15	0	.8515501	.07248309	.07596679	0
849.15	0	.8506389	.07329446	.07606667	0
848.15	0	.8497245	.07411173	.07616379	0
847.15	0	.8488068	.07493518	.07625806	0
846.15	0	.8478855	.0757651	.07634944	0
845.15	0	.8469603	.07660182	.07643787	0
844.15	0	.8460311	.07744564	.07652326	0
843.15	0	.8450975	.07829691	.07660556	0
842.15	0	.8441593	.07915599	.0766847	0
841.15	0	.8432162	.08002325	.07676058	0
840.15	0	.8422678	.08089911	.07683315	0
839.15	0	.8413137	.08178397	.07690229	0
838.15	0	.8403538	.08267827	.07696794	0
837.15	0	.8393875	.0835825	.07702999	0
836.15	0	.8384145	.08449714	.07708834	0
835.15	0	.8374344	.08542273	.07714288	0
834.15	0	.8364467	.08635982	.07719351	0
833.15	0	.8354509	.08730901	.07724009	0
832.15	0	.8344466	.08827093	.0772825	0
831.15	0	.8334331	.08924627	.07732061	0
830.15	0	.83241	.09023574	.07735427	0
829.15	0	.8313766	.09124012	.07738332	0
828.15	0	.8303322	.09226024	.07740758	0
827.15	0	.8292761	.09329701	.07742689	0
826.15	0	.8282076	.09435137	.07744105	0
825.15	0	.8271258	.09542438	.07744985	0
824.15	0	.8260298	.09651716	.07745306	0
823.15	0	.8249187	.09763093	.07745043	0
822.15	0	.8237913	.09876702	.0774417	0
821.15	0	.8222567	.1003769	.07736644	0
820.15	0	.8204549	.1023015	.07724363	0
819.15	0	.8187217	.1041535	.07712472	0
818.15	0	.8170533	.1059372	.07700955	0
817.15	0	.8154458	.1076563	.07689793	0
816.15	0	.8138959	.1093144	.07678969	0
815.15	0	.8124004	.110915	.07668468	0
814.15	0	.8109562	.1124611	.07658273	0
813.15	0	.8095608	.1139555	.0764837	0
812.15	0	.8082114	.1154011	.07638744	0
811.15	0	.8069058	.1168004	.07629383	0
810.15	0	.8056417	.1181556	.07620272	0
809.15	0	.8044171	.119469	.07611401	0
808.15	0	.8032299	.1207425	.07602756	0
807.15	0	.8020785	.1219782	.07594328	0
806.15	0	.800961	.1231779	.07586106	0
805.15	0	.799876	.1243432	.07578081	0
804.15	0	.798822	.1254756	.07570241	0
803.15	0	.7977974	.1265768	.0756258	0
802.15	0	.7968011	.127648	.07555088	0
801.15	0	.7958317	.1286907	.07547758	0
800.15	0	.7948882	.129706	.07540582	0
799.15	0	.7939693	.1306952	.07533552	0
798.15	0	.7930742	.1316592	.07526662	0
797.15	0	.7922017	.1325993	.07519906	0
796.15	0	.791351	.1335163	.07513277	0
795.15	0	.7905212	.1344112	.07506769	0
794.15	0	.7897114	.1352848	.07500378	0
793.15	0	.7889209	.1361381	.07494097	0
792.15	0	.7881489	.1369719	.07487922	0
791.15	0	.7873948	.1377868	.07481848	0
790.15	0	.7866578	.1385835	.07475871	0
789.15	0	.7859373	.1393629	.07469985	0
788.15	0	.7852327	.1401255	.07464188	0
787.15	0	.7845434	.1408719	.07458474	0
786.15	0	.7838689	.1416027	.07452842	0
785.15	0	.7832086	.1423185	.07447286	0
784.15	0	.7825621	.1430199	.07441803	0
783.15	0	.7819288	.1437073	.07436391	0
782.15	0	.7813084	.1443811	.07431046	0
781.15	0	.7807004	.145042	.07425765	0
780.15	0	.7801043	.1456902	.07420546	0
779.15	0	.7795198	.1463264	.07415386	0
778.15	0	.7789465	.1469507	.07410281	0
777.15	0	.778384	.1475637	.07405231	0
776.15	0	.777832	.1481657	.07400232	0
775.15	0	.7772901	.1487571	.07395282	0
774.15	0	.7767581	.1493381	.0739038	0
773.15	0	.7762372	.149908	.07385486	0
772.15	0	.7757238	.1504695	.07380674	0
771.15	0	.7752193	.1510216	.07375904	0
770.15	0	.7747236	.1515647	.07371173	0
769.15	0	.7742363	.152099	.07366479	0
768.15	0	.7737571	.1526247	.07361822	0
767.15	0	.7732859	.1531421	.07357199	0
766.15	0	.7728224	.1536515	.07352608	0
765.15	0	.7723665	.1541531	.07348049	0
764.15	0	.7719177	.1546471	.07343521	0
763.15	0	.7714761	.1551337	.07339021	0
762.15	0	.7710413	.1556132	.07334548	0
761.15	0	.7706132	.1560857	.07330102	0
760.15	0	.7701917	.1565515	.07325681	0
759.15	0	.7697764	.1570108	.07321283	0
758.15	0	.7693673	.1574636	.07316909	0
757.15	0	.7689642	.1579102	.07312557	0
756.15	0	.7685669	.1583508	.07308225	0
755.15	0	.7681753	.1587855	.07303914	0
754.15	0	.7677893	.1592145	.07299621	0
753.15	0	.7674086	.1596379	.07295346	0
752.15	0	.7670332	.1600559	.07291089	0
751.15	0	.7666629	.1604686	.07286849	0
750.15	0	.7662976	.1608761	.07282624	0
749.15	0	.7659372	.1612787	.07278414	0
748.15	0	.7655815	.1616763	.07274218	0
747.15	0	.7652305	.1620691	.07270036	0
746.15	0	.764884	.1624573	.07265867	0
745.15	0	.7645419	.162841	.0726171	0
744.15	0	.7642041	.1632202	.07257565	0
743.15	0	.7638705	.1635952	.07253431	0
742.15	0	.7635411	.1639658	.07249307	0
741.15	0	.7632156	.1643324	.07245193	0
740.15	0	.7628941	.164695	.07241089	0
739.15	0	.7625764	.1650536	.07236994	0
738.15	0	.7622625	.1654084	.07232907	0
737.15	0	.7619522	.1657595	.07228828	0
736.15	0	.7616455	.1661069	.07224756	0
735.15	0	.7613424	.1664507	.07220692	0
734.15	0	.7610426	.166791	.07216635	0
733.15	0	.7607462	.167128	.07212583	0
732.15	0	.7604531	.1674615	.07208538	0
731.15	0	.7601632	.1677918	.07204498	0
730.15	0	.7598765	.1681189	.07200464	0
729.15	0	.7595928	.1684429	.07196434	0
728.15	0	.7593121	.1687638	.07192409	0
727.15	0	.7590344	.1690817	.07188388	0
726.15	0	.7587596	.1693967	.07184371	0
725.15	0	.7584877	.1697088	.07180358	0
724.15	0	.7582185	.1700181	.07176348	0
723.15	0	.757952	.1703246	.07172341	0
722.15	0	.7576882	.1706284	.07168337	0
721.15	0	.757427	.1709296	.07164336	0
720.15	0	.7571684	.1712282	.07160337	0
719.15	0	.7569123	.1715243	.0715634	0
718.15	0	.7566587	.1718179	.07152346	0
717.15	0	.7564075	.172109	.07148353	0
716.15	0	.7561587	.1723977	.07144361	0
715.15	0	.7559122	.1726841	.07140371	0
714.15	0	.755668	.1729682	.07136382	0
713.15	0	.755426	.1732501	.07132394	0
712.15	0	.7551863	.1735297	.07128407	0
711.15	0	.7549487	.1738071	.07124421	0
710.15	0	.7547132	.1740824	.07120435	0
709.15	0	.7544799	.1743556	.07116449	0
708.15	0	.7542486	.1746268	.07112464	0
707.15	0	.7540193	.1748959	.07108479	0
706.15	0	.753792	.1751631	.07104494	0
705.15	0	.7535666	.1754283	.07100508	0
704.15	0	.7533432	.1756916	.07096523	0
703.15	0	.7531216	.175953	.07092537	0
702.15	0	.7529019	.1762126	.07088551	0
701.15	0	.7526841	.1764703	.07084564	0
700.15	0	.752468	.1767263	.07080577	0
699.15	0	.7522536	.1769805	.07076588	0
698.15	0	.752041	.177233	.07072599	0
697.15	0	.7518301	.1774838	.0706861	0
696.15	0	.7516209	.1777329	.07064619	0
695.15	0	.7514134	.1779804	.07060627	0
694.15	0	.7512074	.1782262	.07056634	0
693.15	0	.7510031	.1784705	.0705264	0
692.15	0	.7508003	.1787132	.07048645	0
691.15	0	.7505991	.1789544	.07044648	0
690.15	0	.7503995	.179194	.07040651	0
689.15	0	.7502013	.1794322	.07036652	0
688.15	0	.7500046	.1796689	.07032651	0
687.15	0	.7498093	.1799042	.07028649	0
686.15	0	.7496155	.180138	.07024646	0
685.15	0	.7494232	.1803704	.07020641	0
684.15	0	.7492322	.1806015	.07016635	0
683.15	0	.7490425	.1808312	.07012627	0
682.15	0	.7488543	.1810595	.07008617	0
681.15	0	.7486674	.1812866	.07004606	0
680.15	0	.7484818	.1815123	.07000594	0
679.15	0	.7482975	.1817367	.06996579	0
678.15	0	.7481145	.1819599	.06992563	0
677.15	0	.7479327	.1821818	.06988546	0
676.15	0	.7477522	.1824025	.06984527	0
675.15	0	.7475729	.182622	.06980506	0
674.15	0	.7473949	.1828403	.06976483	0
673.15	0	.747218	.1830574	.06972459	0
672.15	0	.7470423	.1832733	.06968434	0
671.15	0	.7468678	.1834881	.06964406	0
670.15	0	.7466945	.1837018	.06960377	0
669.15	0	.7465222	.1839143	.06956347	0
668.15	0	.7463511	.1841257	.06952314	0
667.15	0	.7461811	.1843361	.06948281	0
666.15	0	.7460122	.1845453	.06944245	0
665.15	0	.7458444	.1847535	.06940208	0
664.15	0	.7456776	.1849607	.0693617	0
663.15	0	.7455119	.1851668	.0693213	0
662.15	0	.7453473	.1853719	.06928088	0
661.15	0	.7451836	.1855759	.06924045	0
660.15	0	.745021	.185779	.0692	0
659.15	0	.7448594	.1859811	.06915954	0
658.15	0	.7446988	.1861822	.06911907	0
657.15	0	.7445391	.1863823	.06907858	0
656.15	0	.7443804	.1865815	.06903808	0
655.15	0	.7442227	.1867797	.06899756	0
654.15	0	.7440659	.186977	.06895704	0
653.15	0	.7439101	.1871734	.0689165	0
652.15	0	.7437552	.1873689	.06887594	0
651.15	0	.7436012	.1875634	.06883538	0
650.15	0	.7434481	.1877571	.06879481	0
649.15	0	.7432959	.1879499	.06875422	0
648.15	0	.7431446	.1881418	.06871362	0
647.15	0	.7429942	.1883328	.06867301	0
646.15	0	.7428446	.188523	.06863239	0
645.15	0	.7426959	.1887124	.06859177	0
644.15	0	.742548	.1889009	.06855113	0
643.15	0	.742401	.1890885	.06851049	0
642.15	0	.7422548	.1892754	.06846983	0
641.15	0	.7421094	.1894614	.06842917	0
640.15	0	.7419649	.1896466	.06838851	0
639.15	0	.7418211	.1898311	.06834783	0
638.15	0	.7416782	.1900147	.06830715	0
637.15	0	.741536	.1901976	.06826646	0
636.15	0	.7413946	.1903796	.06822577	0
635.15	0	.741254	.1905609	.06818508	0
634.15	0	.7411141	.1907415	.06814438	0
633.15	0	.7409751	.1909213	.06810367	0
632.15	0	.7408367	.1911003	.06806297	0
631.15	0	.7406991	.1912786	.06802226	0
630.15	0	.7405623	.1914562	.06798155	0
629.15	0	.7404262	.191633	.06794083	0
628.15	0	.7402908	.1918091	.06790012	0
627.15	0	.7401561	.1919845	.06785941	0
626.15	0	.7400221	.1921592	.06781869	0
625.15	0	.7398889	.1923331	.06777798	0
624.15	0	.7397563	.1925064	.06773727	0
623.15	0	.7396244	.192679	.06769656	0
622.15	0	.7394933	.1928509	.06765585	0
621.15	0	.7393628	.1930221	.06761515	0
620.15	0	.7392329	.1931926	.06757445	0
619.15	0	.7391038	.1933625	.06753376	0
618.15	0	.7389753	.1935316	.06749307	0
617.15	0	.7388475	.1937002	.06745238	0
616.15	0	.7387203	.193868	.06741171	0
615.15	0	.7385937	.1940352	.06737104	0
614.15	0	.7384678	.1942018	.06733037	0
613.15	0	.7383426	.1943677	.06728972	0
612.15	0	.738218	.194533	.06724907	0
611.15	0	.738094	.1946976	.06720844	0
610.15	0	.7379706	.1948616	.06716781	0
609.15	0	.7378478	.195025	.0671272	0
608.15	0	.7377257	.1951878	.06708659	0
607.15	0	.7376041	.1953499	.067046	0
606.15	0	.7374832	.1955114	.06700542	0
605.15	0	.7373628	.1956723	.06696486	0
604.15	0	.7372431	.1958326	.06692431	0
603.15	0	.7371239	.1959923	.06688377	0
602.15	0	.7370053	.1961514	.06684325	0
601.15	0	.7368874	.1963099	.06680275	0
600.15	0	.7367699	.1964678	.06676226	0
599.15	0	.7366531	.1966251	.06672179	0
598.15	0	.7365368	.1967819	.06668134	0
597.15	0	.7364211	.196938	.06664091	0
596.15	0	.736306	.1970936	.0666005	0
595.15	0	.7361914	.1972485	.06656011	0
594.15	0	.7360773	.1974029	.06651974	0
593.15	0	.7359638	.1975568	.06647939	0
592.15	0	.7358509	.1977101	.06643907	0
591.15	0	.7357385	.1978628	.06639876	0
590.15	0	.7356266	.1980149	.06635848	0
589.15	0	.7355153	.1981665	.06631823	0
588.15	0	.7354045	.1983175	.066278	0
587.15	0	.7352942	.198468	.0662378	0
586.15	0	.7351844	.1986179	.06619763	0
585.15	0	.7350752	.1987673	.06615748	0
584.15	0	.7349665	.1989161	.06611736	0
583.15	0	.7348583	.1990644	.06607727	0
582.15	0	.7347506	.1992122	.06603721	0
581.15	0	.7346435	.1993594	.06599718	0
580.15	0	.7345368	.199506	.06595718	0
579.15	0	.7344306	.1996522	.06591721	0
578.15	0	.734325	.1997977	.06587728	0
577.15	0	.7342198	.1999428	.06583738	0
576.15	0	.7341151	.2000874	.06579751	0
575.15	0	.734011	.2002314	.06575768	0
574.15	0	.7339073	.2003749	.06571788	0
573.15	0	.7338041	.2005178	.06567812	0
572.15	0	.7337013	.2006603	.0656384	0
571.15	0	.7335991	.2008022	.06559871	0
570.15	0	.7334973	.2009436	.06555907	0
569.15	0	.733396	.2010845	.06551946	0
568.15	0	.7332952	.2012249	.06547989	0
567.15	0	.7331949	.2013648	.06544037	0
566.15	0	.733095	.2015041	.06540088	0
565.15	0	.7329956	.201643	.06536144	0
564.15	0	.7328966	.2017813	.06532204	0
563.15	0	.7327981	.2019192	.06528268	0
562.15	0	.7327001	.2020565	.06524337	0
561.15	0	.7326025	.2021934	.0652041	0
560.15	0	.7325054	.2023297	.06516488	0
559.15	0	.7324088	.2024655	.06512571	0
558.15	0	.7323125	.2026009	.06508659	0
557.15	0	.7322168	.2027357	.06504751	0
556.15	0	.7321214	.2028701	.06500848	0
555.15	0	.7320266	.2030039	.0649695	0
554.15	0	.7319321	.2031373	.06493057	0
553.15	0	.7318381	.2032702	.06489169	0
552.15	0	.7317446	.2034026	.06485287	0
551.15	0	.7316514	.2035345	.06481409	0
550.15	0	.7315587	.2036659	.06477538	0
549.15	0	.7314665	.2037968	.06473671	0
548.15	0	.7313746	.2039273	.0646981	0
547.15	0	.7312832	.2040572	.06465954	0
546.15	0	.7311922	.2041867	.06462105	0
545.15	0	.7311017	.2043157	.06458261	0
544.15	0	.7310116	.2044442	.06454422	0
543.15	0	.7309218	.2045723	.0645059	0
542.15	0	.7308325	.2046998	.06446763	0
541.15	0	.7307437	.2048269	.06442943	0
540.15	0	.7306552	.2049535	.06439128	0
539.15	0	.7305672	.2050797	.0643532	0
538.15	0	.7304795	.2052053	.06431518	0
537.15	0	.7303923	.2053305	.06427722	0
536.15	0	.7303055	.2054552	.06423933	0
535.15	0	.7302191	.2055794	.0642015	0
534.15	0	.7301331	.2057032	.06416374	0
533.15	0	.7300475	.2058265	.06412604	0
532.15	0	.7299623	.2059493	.06408841	0
531.15	0	.7298775	.2060717	.06405085	0
530.15	0	.7297931	.2061936	.06401336	0
529.15	0	.7297091	.206315	.06397593	0
528.15	0	.7296255	.206436	.06393857	0
527.15	0	.7295423	.2065565	.06390129	0
526.15	0	.7294595	.2066765	.06386407	0
525.15	0	.729377	.206796	.06382693	0
524.15	0	.729295	.2069151	.06378986	0
523.15	0	.7292134	.2070338	.06375287	0
522.15	0	.7291321	.2071519	.06371594	0
521.15	0	.7290514	.2072696	.06367899	0
520.15	0	.7289709	.2073869	.06364222	0
519.15	0	.7288908	.2075037	.06360552	0
518.15	0	.7288111	.20762	.0635689	0
517.15	0	.7287318	.2077358	.06353236	0
516.15	0	.7286529	.2078513	.0634959	0
515.15	0	.7285743	.2079662	.06345951	0
514.15	0	.7284961	.2080807	.0634232	0
513.15	0	.7284183	.2081947	.06338698	0
512.15	0	.7283409	.2083083	.06335084	0
511.15	0	.7282638	.2084214	.06331478	0
510.15	0	.7281872	.2085341	.0632788	0
509.15	0	.7281109	.2086463	.0632429	0
508.15	0	.7280349	.208758	.06320709	0
507.15	0	.7279594	.2088693	.06317137	0
506.15	0	.7278842	.2089801	.06313573	0
505.15	0	.7278094	.2090905	.06310017	0
504.15	0	.7277349	.2092004	.0630647	0
503.15	0	.7276608	.2093099	.06302932	0
502.15	0	.7275871	.2094189	.06299403	0
501.15	0	.7275137	.2095274	.06295883	0
500.15	0	.7274407	.2096355	.06292372	0
499.15	0	.7273681	.2097432	.06288869	0
498.15	0	.7272958	.2098504	.06285376	0
497.15	0	.7272239	.2099571	.06281892	0
496.15	0	.7271524	.2100634	.06278418	0
495.15	0	.7270812	.2101693	.06274952	0
494.15	0	.7270104	.2102747	.06271496	0
493.15	0	.7269399	.2103796	.0626805	0
492.15	0	.7268698	.2104841	.06264613	0
491.15	0	.7268	.2105881	.06261185	0
490.15	0	.7267306	.2106917	.06257768	0
489.15	0	.7266616	.2107949	.0625436	0
488.15	0	.7265928	.2108975	.06250961	0
487.15	0	.7265245	.2109998	.06247573	0
486.15	0	.7264565	.2111016	.06244194	0
485.15	0	.7263888	.2112029	.06240826	0
484.15	0	.7263215	.2113038	.06237468	0
483.15	0	.7262546	.2114042	.06234119	0
482.15	0	.726188	.2115042	.06230781	0
481.15	0	.7261217	.2116038	.06227453	0
480.15	0	.7260558	.2117028	.06224136	0
479.15	0	.7259902	.2118015	.06220828	0
478.15	0	.725925	.2118997	.06217532	0
477.15	0	.7258601	.2119974	.06214245	0
476.15	0	.7257956	.2120947	.0621097	0
475.15	0	.7257314	.2121916	.06207705	0
474.15	0	.7256675	.212288	.0620445	0
473.15	0	.725604	.2123839	.06201207	0
472.15	0	.7255408	.2124794	.06197974	0
471.15	0	.725478	.2125745	.06194752	0
470.15	0	.7254155	.2126691	.06191541	0
469.15	0	.7253533	.2127632	.06188341	0
468.15	0	.7252915	.212857	.06185153	0
467.15	0	.72523	.2129502	.06181975	0
466.15	0	.7251689	.2130431	.06178808	0
465.15	0	.725108	.2131354	.06175653	0
464.15	0	.7250475	.2132274	.06172509	0
463.15	0	.7249874	.2133189	.06169377	0
462.15	0	.7249276	.2134099	.06166256	0
461.15	0	.7248681	.2135005	.06163146	0
460.15	0	.7248089	.2135906	.06160048	0
459.15	0	.7247501	.2136803	.06156961	0
458.15	0	.7246916	.2137696	.06153887	0
457.15	0	.7246334	.2138584	.06150823	0
456.15	0	.7245755	.2139467	.06147772	0
455.15	0	.724518	.2140347	.06144733	0
454.15	0	.7244608	.2141221	.06141705	0
453.15	0	.724404	.2142091	.0613869	0
452.15	0	.7243474	.2142957	.06135686	0
451.15	0	.7242912	.2143819	.06132695	0
450.15	0	.7242353	.2144676	.06129715	0
449.15	0	.7241798	.2145527	.0612675	0
448.15	0	.7241246	.2146375	.06123798	0
447.15	0	.7240697	.2147217	.06120858	0
446.15	0	.7240152	.2148055	.06117931	0
445.15	0	.723961	.2148889	.06115018	0
444.15	0	.7239071	.2149717	.06112117	0
443.15	0	.7238536	.2150541	.06109231	0
442.15	0	.7238004	.215136	.06106358	0
441.15	0	.7237476	.2152174	.06103499	0
440.15	0	.7236951	.2152983	.06100655	0
439.15	0	.723643	.2153787	.06097825	0
438.15	0	.7235913	.2154587	.06095009	0
437.15	0	.7235398	.2155381	.06092209	0
436.15	0	.7234888	.215617	.06089423	0
435.15	0	.7234381	.2156954	.06086653	0
434.15	0	.7233878	.2157732	.06083898	0
433.15	0	.7233378	.2158506	.06081159	0
432.15	0	.7232882	.2159274	.06078435	0
431.15	0	.723239	.2160038	.06075727	0
430.15	0	.7231901	.2160795	.06073035	0
429.15	0	.7231416	.2161548	.06070358	0
428.15	0	.7230935	.2162295	.06067698	0
427.15	0	.7230457	.2163037	.06065055	0
426.15	0	.7229984	.2163774	.06062427	0
425.15	0	.7229513	.2164505	.06059816	0
424.15	0	.7229047	.2165231	.06057222	0
423.15	0	.7228584	.2165952	.06054644	0
422.15	0	.7228125	.2166667	.06052083	0
421.15	0	.722767	.2167377	.06049539	0
420.15	0	.7227218	.2168081	.06047012	0
419.15	0	.722677	.216878	.06044502	0
418.15	0	.7226326	.2169474	.06042008	0
417.15	0	.7225885	.2170162	.06039532	0
416.15	0	.7225448	.2170844	.06037073	0
415.15	0	.7225015	.2171522	.06034631	0
414.15	0	.7224586	.2172194	.06032207	0
413.15	0	.722416	.217286	.06029799	0
412.15	0	.7223738	.2173522	.06027409	0
411.15	0	.7223319	.2174177	.06025036	0
410.15	0	.7222904	.2174828	.06022681	0
409.15	0	.7222493	.2175473	.06020343	0
408.15	0	.7222085	.2176113	.06018022	0
407.15	0	.7221681	.2176747	.06015719	0
406.15	0	.7221281	.2177376	.06013433	0
405.15	0	.7220884	.2178	.06011165	0
404.15	0	.722049	.2178618	.06008914	0
403.15	0	.7220101	.2179232	.0600668	0
402.15	0	.7219714	.2179839	.06004464	0
401.15	0	.7219332	.2180442	.06002265	0
400.15	0	.7218952	.2181039	.06000084	0
399.15	0	.7218577	.2181632	.0599792	0
398.15	0	.7218204	.2182218	.05995773	0
397.15	0	.7217835	.21828	.05993644	0
396.15	0	.721747	.2183377	.05991531	0
395.15	0	.7217108	.2183949	.05989437	0
394.15	0	.7216749	.2184515	.05987359	0
393.15	0	.7216394	.2185076	.05985299	0
392.15	0	.7216042	.2185633	.05983256	0
391.15	0	.7215693	.2186184	.0598123	0
390.15	0	.7215348	.218673	.05979221	0
389.15	0	.7215006	.2187271	.0597723	0
388.15	0	.7214667	.2187807	.05975255	0
387.15	0	.7214332	.2188339	.05973297	0
386.15	0	.7213999	.2188865	.05971357	0
385.15	0	.721367	.2189387	.05969433	0
384.15	0	.7213344	.2189903	.05967526	0
383.15	0	.7213021	.2190415	.05965636	0
382.15	0	.7212701	.2190922	.05963762	0
381.15	0	.7212385	.2191425	.05961905	0
380.15	0	.7212071	.2191922	.05960065	0
379.15	0	.7211761	.2192415	.05958241	0
378.15	0	.7211453	.2192903	.05956435	0
377.15	0	.7211149	.2193387	.05954644	0
376.15	0	.7210847	.2193866	.0595287	0
375.15	0	.7210549	.219434	.05951112	0
374.15	0	.7210253	.219481	.0594937	0
373.15	0	.720996	.2195275	.05947645	0
372.15	0	.720967	.2195736	.05945935	0
371.15	0	.7209383	.2196193	.05944242	0
370.15	0	.7209099	.2196645	.05942564	0
369.15	0	.7208818	.2197092	.05940903	0
368.15	0	.7208539	.2197535	.05939258	0
367.15	0	.7208263	.2197974	.05937628	0
366.15	0	.720799	.2198409	.05936014	0
365.15	0	.720772	.2198839	.05934415	0
364.15	0	.7207452	.2199265	.05932832	0
363.15	0	.7207187	.2199687	.05931265	0
362.15	0	.7206924	.2200105	.05929713	0
361.15	0	.7206664	.2200518	.05928176	0
360.15	0	.7206406	.2200928	.05926655	0
359.15	0	.7206152	.2201334	.05925148	0
358.15	0	.7205899	.2201735	.05923657	0
357.15	0	.7205649	.2202132	.05922181	0
356.15	0	.7205402	.2202526	.0592072	0
355.15	0	.7205157	.2202916	.05919274	0
354.15	0	.7204915	.2203301	.05917842	0
353.15	0	.7204674	.2203683	.05916426	0
352.15	0	.7204436	.2204061	.05915024	0
351.15	0	.7204201	.2204435	.05913636	0
350.15	0	.7203968	.2204806	.05912263	0
349.15	0	.7203737	.2205173	.05910905	0
348.15	0	.7203508	.2205536	.0590956	0
347.15	0	.7203282	.2205895	.05908231	0
346.15	0	.7203058	.2206251	.05906915	0
345.15	0	.7202836	.2206603	.05905613	0
344.15	0	.7202616	.2206952	.05904325	0
343.15	0	.7202398	.2207297	.05903052	0
342.15	0	.7202183	.2207638	.05901792	0
341.15	0	.7201969	.2207976	.05900546	0
340.4262	0	.7201816	.2208219	.05899653	0
340.4262	0	.7201816	.2208219	.05899653	0
340.4262	0	.7201816	.2208219	.05899653	0
340.15	0	.7202435	.2206682	.05892077	1.675049E-04
339.15	0	.7204675	.2201121	.05864683	7.735225E-04
338.15	0	.7206914	.2195562	.05837335	.001379004
337.15	0	.7209153	.2190005	.05810033	.001983952
336.15	0	.721139	.2184449	.05782777	.002588371
335.15	0	.7213626	.2178895	.05755567	.003192262
334.15	0	.7215861	.2173342	.05728403	.00379563
333.15	0	.7218095	.2167792	.05701285	.004398476
332.15	0	.7220328	.2162243	.05674211	.005000804
331.15	0	.7222561	.2156695	.05647183	.005602617
330.15	0	.7224792	.2151149	.056202	.006203918
329.15	0	.7227022	.2145605	.05593263	.006804708
328.15	0	.7229252	.2140062	.05566369	.007404992
327.15	0	.723148	.213452	.05539521	.00800477
326.15	0	.7233708	.212898	.05512717	.008604047
325.15	0	.7235934	.2123442	.05485957	.009202825
324.15	0	.723816	.2117905	.05459241	.009801106
323.15	0	.7240385	.2112369	.05432569	.01039889
322.15	0	.7242609	.2106835	.05405942	.01099619
321.15	0	.7244833	.2101302	.05379358	.01159299
320.15	0	.7247055	.209577	.05352817	.01218931
319.15	0	.7249277	.209024	.0532632	.01278514
318.15	0	.7251498	.2084711	.05299867	.01338049
317.15	0	.7253718	.2079183	.05273456	.01397536
316.15	0	.7255937	.2073657	.05247089	.01456975
315.15	0	.7258155	.2068132	.05220764	.01516366
314.15	0	.7260373	.2062608	.05194483	.0157571
313.15	0	.726259	.2057085	.05168244	.01635007
312.15	0	.7264806	.2051564	.05142048	.01694256
311.15	0	.7267021	.2046043	.05115894	.01753459
310.15	0	.7269236	.2040524	.05089783	.01812616
309.15	0	.727145	.2035006	.05063714	.01871725
308.15	0	.7273663	.202949	.05037687	.01930789
307.15	0	.7275875	.2023974	.05011703	.01989806
306.15	0	.7278087	.201846	.0498576	.02048777
305.15	0	.7280298	.2012946	.04959859	.02107702
304.15	0	.7282508	.2007434	.04934	.02166582
303.15	0	.7284717	.2001923	.04908183	.02225417
302.15	0	.7286926	.1996413	.04882407	.02284205
301.15	0	.7289134	.1990904	.04856673	.02342949
300.15	0	.7291341	.1985396	.0483098	.02401648
299.15	0	.7293548	.1979889	.04805329	.02460302
298.15	0	.7295754	.1974383	.04779718	.02518911
