T	 BPW(LIQUID)	BPW(BCC_A2)	BPW(FCC_A1)	BPW(LAVES_PHASE_C14)	BPW(NI3TI)
1473.15	.3005262	.5553119	0	.1441619	0
1472.15	.2944193	.5593653	0	.1462155	0
1471.15	.2884281	.563337	0	.1482349	0
1470.15	.2825494	.5672295	0	.1502211	0
1469.15	.2767801	.5710448	0	.152175	0
1468.15	.2711174	.574785	0	.1540976	0
1467.15	.2655582	.578452	0	.1559897	0
1466.15	.2601	.5820479	0	.1578522	0
1465.15	.2547399	.5855743	0	.1596858	0
1464.15	.2494755	.5890332	0	.1614913	0
1463.15	.2443043	.5924262	0	.1632695	0
1462.15	.2392238	.5957551	0	.1650211	0
1461.15	.2342317	.5990214	0	.1667469	0
1460.15	.2293258	.6022268	0	.1684474	0
1459.15	.2245039	.6053726	0	.1701234	0
1458.15	.2197639	.6084606	0	.1717755	0
1457.15	.2151038	.6114919	0	.1734043	0
1456.15	.2105216	.6144681	0	.1750104	0
1455.15	.2060153	.6173904	0	.1765943	0
1454.15	.2015832	.6202601	0	.1781567	0
1453.15	.1972234	.6230786	0	.1796981	0
1452.15	.1929341	.6258469	0	.1812189	0
1451.15	.1887138	.6285664	0	.1827198	0
1450.15	.1845608	.6312381	0	.1842011	0
1449.15	.1804735	.6338632	0	.1856634	0
1448.15	.1764503	.6364427	0	.1871071	0
1447.15	.1724897	.6389776	0	.1885326	0
1446.15	.1685904	.6414691	0	.1899405	0
1445.15	.1647509	.643918	0	.1913311	0
1444.15	.1609699	.6463253	0	.1927048	0
1443.15	.157246	.648692	0	.194062	0
1442.15	.1535779	.651019	0	.1954031	0
1441.15	.1499644	.653307	0	.1967285	0
1440.15	.1464044	.6555571	0	.1980385	0
1439.15	.1428965	.65777	0	.1993335	0
1438.15	.1394396	.6599465	0	.2006138	0
1437.15	.1360328	.6620874	0	.2018798	0
1436.15	.1326748	.6641935	0	.2031317	0
1435.15	.1293646	.6662655	0	.2043699	0
1434.15	.1261012	.6683041	0	.2055947	0
1433.15	.1228835	.67031	0	.2068064	0
1432.15	.1197108	.672284	0	.2080052	0
1431.15	.1165819	.6742266	0	.2091915	0
1430.15	.1134959	.6761386	0	.2103655	0
1429.15	.1104521	.6780205	0	.2115275	0
1428.15	.1074494	.6798729	0	.2126777	0
1427.15	.1044871	.6816966	0	.2138163	0
1426.15	.1015643	.6834919	0	.2149437	0
1425.15	.09868031	.6852596	0	.2160601	0
1424.15	.09583423	.6870002	0	.2171656	0
1423.15	.09302535	.6887141	0	.2182605	0
1422.15	.09025291	.690402	0	.2193451	0
1421.15	.0875162	.6920643	0	.2204195	0
1420.15	.08481451	.6937016	0	.2214839	0
1419.15	.08214715	.6953142	0	.2225386	0
1418.15	.07951345	.6969028	0	.2235837	0
1417.15	.07691276	.6984678	0	.2246195	0
1416.15	.07434444	.7000095	0	.2256461	0
1415.15	.07180788	.7015285	0	.2266636	0
1414.15	.06930246	.7030252	0	.2276723	0
1413.15	.06682759	.7045	0	.2286724	0
1412.15	.06438269	.7059533	0	.229664	0
1411.15	.0619672	.7073856	0	.2306472	0
1410.15	.05958058	.7087971	0	.2316223	0
1409.15	.05722228	.7101883	0	.2325894	0
1408.15	.05489179	.7115596	0	.2335486	0
1407.15	.05258858	.7129113	0	.2345001	0
1406.15	.05031215	.7142438	0	.2354441	0
1405.15	.04806203	.7155574	0	.2363806	0
1404.15	.04583773	.7168525	0	.2373098	0
1403.15	.04363879	.7181294	0	.2382318	0
1402.15	.04146475	.7193884	0	.2391469	0
1401.15	.03931517	.7206298	0	.240055	0
1400.15	.03718961	.721854	0	.2409564	0
1399.15	.03508765	.7230613	0	.2418511	0
1398.15	.03300887	.7242519	0	.2427393	0
1397.15	.03095287	.7254261	0	.243621	0
1396.15	.02891925	.7265843	0	.2444965	0
1395.15	.02690761	.7277266	0	.2453657	0
1394.15	.02491759	.7288535	0	.2462289	0
1393.15	.02294881	.729965	0	.2470862	0
1392.15	.0210009	.7310616	0	.2479375	0
1391.15	.01907352	.7321434	0	.2487831	0
1390.15	.0171663	.7332108	0	.249623	0
1389.15	.01527892	.7342638	0	.2504573	0
1388.15	.01341104	.7353029	0	.2512861	0
1387.15	.01156234	.7363281	0	.2521096	0
1386.15	.009732486	.7373398	0	.2529277	0
1385.15	.007921177	.7383382	0	.2537406	0
1384.15	.006128105	.7393235	0	.2545484	0
1383.15	.00435297	.7402958	0	.2553512	0
1382.15	.002595479	.7412555	0	.256149	0
1381.15	8.553452E-04	.7422027	0	.256942	0
1380.655	0	.7426672	0	.2573329	0
1380.655	0	.7426672	0	.2573329	0
1380.15	0	.742398	0	.257602	0
1379.15	0	.7418658	0	.2581343	0
1378.15	0	.7413348	0	.2586653	0
1377.15	0	.740805	0	.259195	0
1376.15	0	.7402764	0	.2597236	0
1375.15	0	.7397491	0	.2602509	0
1374.15	0	.739223	0	.260777	0
1373.15	0	.7386981	0	.2613019	0
1372.15	0	.7381745	0	.2618255	0
1371.15	0	.737652	0	.262348	0
1370.15	0	.7371307	0	.2628693	0
1369.15	0	.7366107	0	.2633893	0
1368.15	0	.7360918	0	.2639082	0
1367.15	0	.7355742	0	.2644259	0
1366.15	0	.7350577	0	.2649423	0
1365.15	0	.7345424	0	.2654576	0
1364.15	0	.7340283	0	.2659717	0
1363.15	0	.7335153	0	.2664847	0
1362.15	0	.7330036	0	.2669964	0
1361.15	0	.732493	0	.267507	0
1360.15	0	.7319835	0	.2680165	0
1359.15	0	.7314753	0	.2685247	0
1358.15	0	.7309682	0	.2690318	0
1357.15	0	.7304622	0	.2695378	0
1356.15	0	.7299574	0	.2700426	0
1355.15	0	.7294537	0	.2705463	0
1354.15	0	.7289512	0	.2710488	0
1353.15	0	.7284499	0	.2715502	0
1352.15	0	.7279496	0	.2720504	0
1351.15	0	.7274505	0	.2725495	0
1350.15	0	.7269525	0	.2730475	0
1349.15	0	.7264557	0	.2735444	0
1348.15	0	.7259599	0	.2740401	0
1347.15	0	.7254653	0	.2745347	0
1346.15	0	.7249718	0	.2750282	0
1345.15	0	.7244794	0	.2755206	0
1344.15	0	.7239881	0	.2760119	0
1343.15	0	.7234979	0	.2765021	0
1342.15	0	.7230088	0	.2769912	0
1341.15	0	.7225208	0	.2774792	0
1340.15	0	.7220339	0	.2779661	0
1339.15	0	.7215481	0	.2784519	0
1338.15	0	.7210634	0	.2789366	0
1337.15	0	.7205798	0	.2794202	0
1336.15	0	.7200972	0	.2799028	0
1335.15	0	.7196157	0	.2803843	0
1334.15	0	.7191353	0	.2808647	0
1333.15	0	.7186559	0	.2813441	0
1332.15	0	.7181776	0	.2818224	0
1331.15	0	.7177004	0	.2822996	0
1330.15	0	.7172243	0	.2827758	0
1329.15	0	.7167491	0	.2832509	0
1328.15	0	.7162751	0	.2837249	0
1327.15	0	.7158021	0	.2841979	0
1326.15	0	.7153301	0	.2846699	0
1325.15	0	.7148592	0	.2851408	0
1324.15	0	.7143893	0	.2856107	0
1323.15	0	.7139205	0	.2860796	0
1322.15	0	.7134526	0	.2865474	0
1321.15	0	.7129858	0	.2870142	0
1320.15	0	.7125201	0	.2874799	0
1319.15	0	.7120553	0	.2879447	0
1318.15	0	.7115916	0	.2884084	0
1317.15	0	.7111289	0	.2888711	0
1316.15	0	.7106672	0	.2893328	0
1315.15	0	.7102065	0	.2897935	0
1314.15	0	.7097469	0	.2902531	0
1313.15	0	.7092882	0	.2907118	0
1312.15	0	.7088305	0	.2911695	0
1311.15	0	.7083739	0	.2916262	0
1310.15	0	.7079182	0	.2920818	0
1309.15	0	.7074635	0	.2925365	0
1308.15	0	.7070098	0	.2929902	0
1307.15	0	.7065571	0	.2934429	0
1306.15	0	.7061054	0	.2938947	0
1305.15	0	.7056546	0	.2943454	0
1304.15	0	.7052048	0	.2947952	0
1303.15	0	.704756	0	.295244	0
1302.15	0	.7043082	0	.2956918	0
1301.15	0	.7038613	0	.2961387	0
1300.15	0	.7034154	0	.2965846	0
1299.15	0	.7029705	0	.2970295	0
1298.15	0	.7025265	0	.2974735	0
1297.15	0	.7020835	0	.2979165	0
1296.15	0	.7016414	0	.2983586	0
1295.15	0	.7012003	0	.2987997	0
1294.15	0	.7007602	0	.2992398	0
1293.15	0	.7003209	0	.2996791	0
1292.15	0	.6998827	0	.3001174	0
1291.15	0	.6994453	0	.3005547	0
1290.15	0	.6990089	0	.3009911	0
1289.15	0	.6985734	0	.3014266	0
1288.15	0	.6981389	0	.3018611	0
1287.15	0	.6977053	0	.3022947	0
1286.15	0	.6972726	0	.3027274	0
1285.15	0	.6968408	0	.3031592	0
1284.15	0	.69641	0	.30359	0
1283.15	0	.6959801	0	.30402	0
1282.15	0	.695551	0	.304449	0
1281.15	0	.6951229	0	.3048771	0
1280.15	0	.6946957	0	.3053043	0
1279.15	0	.6942695	0	.3057305	0
1278.15	0	.6938441	0	.3061559	0
1277.15	0	.6934196	0	.3065804	0
1276.15	0	.692996	0	.307004	0
1275.15	0	.6925733	0	.3074267	0
1274.15	0	.6921515	0	.3078485	0
1273.15	0	.6917306	0	.3082694	0
1272.15	0	.6913106	0	.3086894	0
1271.15	0	.6908915	0	.3091085	0
1270.15	0	.6904733	0	.3095268	0
1269.15	0	.6900559	0	.3099441	0
1268.15	0	.6896394	0	.3103606	0
1267.15	0	.6892238	0	.3107762	0
1266.15	0	.6888091	0	.311191	0
1265.15	0	.6883952	0	.3116048	0
1264.15	0	.6879822	0	.3120178	0
1263.15	0	.6875701	0	.3124299	0
1262.15	0	.6871588	0	.3128412	0
1261.15	0	.6867484	0	.3132516	0
1260.15	0	.6863388	0	.3136612	0
1259.15	0	.6859301	0	.3140699	0
1258.15	0	.6855223	0	.3144777	0
1257.15	0	.6851153	0	.3148847	0
1256.15	0	.6847092	0	.3152908	0
1255.15	0	.6843039	0	.3156961	0
1254.15	0	.6838994	0	.3161006	0
1253.15	0	.6834958	0	.3165042	0
1252.15	0	.683093	0	.316907	0
1251.15	0	.6826911	0	.3173089	0
1250.15	0	.68229	0	.31771	0
1249.15	0	.6818897	0	.3181103	0
1248.15	0	.6814903	0	.3185097	0
1247.15	0	.6810917	0	.3189083	0
1246.15	0	.6806939	0	.3193061	0
1245.15	0	.680297	0	.319703	0
1244.15	0	.6799008	0	.3200992	0
1243.15	0	.6795055	0	.3204945	0
1242.15	0	.679111	0	.320889	0
1241.15	0	.6787173	0	.3212827	0
1240.15	0	.6783244	0	.3216756	0
1239.15	0	.6779323	0	.3220677	0
1238.15	0	.6775411	0	.3224589	0
1237.15	0	.6771506	0	.3228494	0
1236.15	0	.676761	0	.3232391	0
1235.15	0	.6763721	0	.3236279	0
1234.15	0	.675984	0	.324016	0
1233.15	0	.6755968	0	.3244032	0
1232.15	0	.6752103	0	.3247897	0
1231.15	0	.6748246	0	.3251754	0
1230.15	0	.6744398	0	.3255602	0
1229.15	0	.6740557	0	.3259443	0
1228.15	0	.6736724	0	.3263277	0
1227.15	0	.6732898	0	.3267102	0
1226.15	0	.6729081	0	.3270919	0
1225.15	0	.6725271	0	.3274729	0
1224.15	0	.6721469	0	.3278531	0
1223.15	0	.6717675	0	.3282325	0
1222.15	0	.6713889	0	.3286111	0
1221.15	0	.671011	0	.328989	0
1220.15	0	.6706339	0	.3293661	0
1219.15	0	.6702576	0	.3297424	0
1218.15	0	.669882	0	.330118	0
1217.15	0	.6695072	0	.3304928	0
1216.15	0	.6691332	0	.3308669	0
1215.15	0	.6687599	0	.3312401	0
1214.15	0	.6683873	0	.3316127	0
1213.15	0	.6680156	0	.3319844	0
1212.15	0	.6676445	0	.3323555	0
1211.15	0	.6672743	0	.3327257	0
1210.15	0	.6669048	0	.3330953	0
1209.15	0	.666536	0	.333464	0
1208.15	0	.666168	0	.3338321	0
1207.15	0	.6658007	0	.3341993	0
1206.15	0	.6654341	0	.3345659	0
1205.15	0	.6650683	0	.3349317	0
1204.15	0	.6647033	0	.3352968	0
1203.15	0	.6643389	0	.3356611	0
1202.15	0	.6639753	0	.3360247	0
1201.15	0	.6636125	0	.3363875	0
1200.15	0	.6632503	0	.3367497	0
1199.15	0	.6628889	0	.3371111	0
1198.15	0	.6625282	0	.3374718	0
1197.15	0	.6621683	0	.3378317	0
1196.15	0	.6618091	0	.3381909	0
1195.15	0	.6614505	0	.3385495	0
1194.15	0	.6610928	0	.3389073	0
1193.15	0	.6607357	0	.3392643	0
1192.15	0	.6603793	0	.3396207	0
1191.15	0	.6600237	0	.3399763	0
1190.15	0	.6596687	0	.3403313	0
1189.15	0	.6593145	0	.3406855	0
1188.15	0	.658961	0	.341039	0
1187.15	0	.6586082	0	.3413918	0
1186.15	0	.6582561	0	.3417439	0
1185.15	0	.6579047	0	.3420953	0
1184.15	0	.657554	0	.342446	0
1183.15	0	.657204	0	.342796	0
1182.15	0	.6568547	0	.3431453	0
1181.15	0	.656506	0	.343494	0
1180.15	0	.6561581	0	.3438419	0
1179.15	0	.6558109	0	.3441891	0
1178.15	0	.6554644	0	.3445356	0
1177.15	0	.6551186	0	.3448815	0
1176.15	0	.6547734	0	.3452266	0
1175.15	0	.6544289	0	.3455711	0
1174.15	0	.6540851	0	.3459149	0
1173.15	0	.653742	0	.346258	0
1172.15	0	.6533996	0	.3466004	0
1171.15	0	.6530579	0	.3469421	0
1170.15	0	.6527168	0	.3472832	0
1169.15	0	.6523764	0	.3476236	0
1168.15	0	.6520367	0	.3479633	0
1167.15	0	.6516977	0	.3483023	0
1166.15	0	.6513593	0	.3486407	0
1165.15	0	.6510216	0	.3489784	0
1164.15	0	.6506846	0	.3493154	0
1163.15	0	.6503482	0	.3496518	0
1162.15	0	.6500125	0	.3499875	0
1161.15	0	.6496775	0	.3503225	0
1160.15	0	.6493431	0	.3506569	0
1159.15	0	.6490094	0	.3509906	0
1158.15	0	.6486764	0	.3513237	0
1157.15	0	.648344	0	.351656	0
1156.15	0	.6480122	0	.3519878	0
1155.15	0	.6476811	0	.3523189	0
1154.15	0	.6473507	0	.3526493	0
1153.15	0	.6470209	0	.3529791	0
1152.15	0	.6466918	0	.3533082	0
1151.15	0	.6463633	0	.3536367	0
1150.15	0	.6460354	0	.3539646	0
1149.15	0	.6457082	0	.3542918	0
1148.15	0	.6453817	0	.3546183	0
1147.15	0	.6450558	0	.3549442	0
1146.15	0	.6447305	0	.3552695	0
1145.15	0	.6444059	0	.3555941	0
1144.15	0	.6440819	0	.3559181	0
1143.15	0	.6437585	0	.3562415	0
1142.15	0	.6434358	0	.3565642	0
1141.15	0	.6431137	0	.3568863	0
1140.15	0	.6427923	0	.3572077	0
1139.15	0	.6424714	0	.3575286	0
1138.15	0	.6421512	0	.3578488	0
1137.15	0	.6418317	0	.3581683	0
1136.15	0	.6415127	0	.3584873	0
1135.15	0	.6411944	0	.3588056	0
1134.15	0	.6408767	0	.3591233	0
1133.15	0	.6405596	0	.3594404	0
1132.15	0	.6402432	0	.3597568	0
1131.15	0	.6399274	0	.3600726	0
1130.15	0	.6396121	0	.3603879	0
1129.15	0	.6392975	0	.3607025	0
1128.15	0	.6389836	0	.3610164	0
1127.15	0	.6386702	0	.3613298	0
1126.15	0	.6383574	0	.3616426	0
1125.15	0	.6380453	0	.3619547	0
1124.15	0	.6377338	0	.3622663	0
1123.15	0	.6374228	0	.3625772	0
1122.15	0	.6371125	0	.3628875	0
1121.15	0	.6368028	0	.3631972	0
1120.15	0	.6364937	0	.3635063	0
1119.15	0	.6361852	0	.3638148	0
1118.15	0	.6358773	0	.3641227	0
1117.15	0	.63557	0	.36443	0
1116.15	0	.6352633	0	.3647367	0
1115.15	0	.6349571	0	.3650429	0
1114.15	0	.6346516	0	.3653484	0
1113.15	0	.6343467	0	.3656533	0
1112.15	0	.6340424	0	.3659576	0
1111.15	0	.6337387	0	.3662613	0
1110.15	0	.6334355	0	.3665645	0
1109.15	0	.633133	0	.366867	0
1108.15	0	.632831	0	.367169	0
1107.15	0	.6325297	0	.3674703	0
1106.15	0	.6322289	0	.3677711	0
1105.15	0	.6319287	0	.3680713	0
1104.15	0	.6316291	0	.3683709	0
1103.15	0	.6313301	0	.3686699	0
1102.15	0	.6310316	0	.3689684	0
1101.15	0	.6307338	0	.3692663	0
1100.15	0	.6304365	0	.3695635	0
1099.15	0	.6301398	0	.3698602	0
1098.15	0	.6298436	0	.3701564	0
1097.15	0	.6295481	0	.3704519	0
1096.15	0	.6292531	0	.3707469	0
1095.15	0	.6289587	0	.3710413	0
1094.15	0	.6286649	0	.3713351	0
1093.15	0	.6283716	0	.3716284	0
1092.15	0	.6280789	0	.3719211	0
1091.15	0	.6277868	0	.3722132	0
1090.15	0	.6274953	0	.3725048	0
1089.15	0	.6272043	0	.3727957	0
1088.15	0	.6269138	0	.3730862	0
1087.15	0	.626624	0	.373376	0
1086.444	0	.6264198	0	.3735802	0
1086.444	0	.6264198	0	.3735802	0
1086.444	0	.6264198	0	.3735802	0
1086.15	0	.6261746	1.729112E-04	.3736525	0
1085.15	0	.6253432	7.591786E-04	.3738976	0
1084.15	0	.6245141	.001343826	.3741421	0
1083.15	0	.6236872	.001926856	.374386	0
1082.15	0	.6228625	.002508268	.3746292	0
1081.15	0	.6220401	.003088066	.3748719	0
1080.15	0	.6212199	.00366625	.3751139	0
1079.15	0	.620402	.004242821	.3753552	0
1078.15	0	.6195862	.004817782	.375596	0
1077.15	0	.6187728	.005391134	.3758361	0
1076.15	0	.6179615	.005962878	.3760756	0
1075.15	0	.6171525	.006533016	.3763145	0
1074.15	0	.6163457	.00710155	.3765528	0
1073.15	0	.6155411	.00766848	.3767904	0
1072.15	0	.6147387	.008233808	.3770275	0
1071.15	0	.6139386	.008797537	.3772639	0
1070.15	0	.6131406	.009359666	.3774997	0
1069.15	0	.6123449	.009920199	.3777349	0
1068.15	0	.6115514	.01047914	.3779695	0
1067.15	0	.6107601	.01103648	.3782034	0
1066.15	0	.609971	.01159223	.3784368	0
1065.15	0	.609184	.01214639	.3786696	0
1064.15	0	.6083993	.01269896	.3789017	0
1063.15	0	.6076168	.01324994	.3791333	0
1062.15	0	.6068365	.01379933	.3793642	0
1061.15	0	.6060584	.01434714	.3795945	0
1060.15	0	.6052824	.01489337	.3798242	0
1059.15	0	.6045087	.01543801	.3800533	0
1058.15	0	.6037371	.01598107	.3802819	0
1057.15	0	.6029677	.01652255	.3805098	0
1056.15	0	.6022005	.01706246	.3807371	0
1055.15	0	.6014354	.01760079	.3809638	0
1054.15	0	.6006726	.01813755	.3811899	0
1053.15	0	.5999119	.01867273	.3814154	0
1052.15	0	.5991534	.01920634	.3816403	0
1051.15	0	.598397	.01973838	.3818646	0
1050.15	0	.5976428	.02026885	.3820883	0
1049.15	0	.5968908	.02079776	.3823115	0
1048.15	0	.5961409	.0213251	.382534	0
1047.15	0	.5953932	.02185088	.3827559	0
1046.15	0	.5946477	.02237509	.3829772	0
1045.15	0	.5939043	.02289775	.383198	0
1044.15	0	.593163	.02341885	.3834181	0
1043.15	0	.5924239	.02393839	.3836377	0
1042.15	0	.591687	.02445637	.3838567	0
1041.15	0	.5909522	.0249728	.384075	0
1040.15	0	.5902195	.02548768	.3842928	0
1039.15	0	.589489	.02600101	.38451	0
1038.15	0	.5887606	.02651279	.3847266	0
1037.15	0	.5880344	.02702302	.3849426	0
1036.15	0	.5873103	.02753171	.385158	0
1035.15	0	.5865883	.02803886	.3853728	0
1034.15	0	.5858685	.02854446	.3855871	0
1033.15	0	.5851508	.02904852	.3858007	0
1032.15	0	.5844352	.02955105	.3860138	0
1031.15	0	.5837217	.03005204	.3862263	0
1030.15	0	.5830104	.0305515	.3864382	0
1029.15	0	.5823011	.03104942	.3866495	0
1028.15	0	.581594	.03154582	.3868602	0
1027.15	0	.580889	.03204068	.3870703	0
1026.15	0	.5801861	.03253403	.3872798	0
1025.15	0	.5794854	.03302584	.3874888	0
1024.15	0	.5787867	.03351614	.3876972	0
1023.15	0	.5780901	.03400491	.387905	0
1022.15	0	.5773957	.03449216	.3881122	0
1021.15	0	.5767033	.0349779	.3883188	0
1020.15	0	.5760131	.03546213	.3885248	0
1019.15	0	.5753249	.03594485	.3887303	0
1018.15	0	.5746388	.03642605	.3889351	0
1017.15	0	.5739549	.03690575	.3891394	0
1016.15	0	.573273	.03738395	.3893431	0
1015.15	0	.5725932	.03786064	.3895462	0
1014.15	0	.5719155	.03833583	.3897487	0
1013.15	0	.5712398	.03880953	.3899506	0
1012.15	0	.5705663	.03928173	.390152	0
1011.15	0	.5698948	.03975243	.3903528	0
1010.15	0	.5692254	.04022165	.3905529	0
1009.15	0	.5685581	.04068938	.3907525	0
1008.15	0	.5678928	.04115563	.3909515	0
1007.15	0	.5672297	.04162039	.39115	0
1006.15	0	.5665685	.04208367	.3913478	0
1005.15	0	.5659095	.04254548	.3915451	0
1004.15	0	.5652525	.04300582	.3917417	0
1003.15	0	.5645975	.04346468	.3919378	0
1002.15	0	.5639446	.04392207	.3921333	0
1001.15	0	.5632938	.04437801	.3923282	0
1000.15	0	.562645	.04483248	.3925225	0
999.15	0	.5619983	.04528549	.3927162	0
998.15	0	.5613536	.04573704	.3929094	0
997.15	0	.5607109	.04618714	.3931019	0
996.15	0	.5600703	.0466358	.3932939	0
995.15	0	.5594317	.04708301	.3934853	0
994.15	0	.5587952	.04752877	.393676	0
993.15	0	.5581607	.0479731	.3938662	0
992.15	0	.5575282	.048416	.3940558	0
991.15	0	.5568977	.04885746	.3942448	0
990.15	0	.5562693	.04929749	.3944333	0
989.15	0	.5556428	.0497361	.3946211	0
988.15	0	.5550184	.05017329	.3948083	0
987.15	0	.554396	.05060907	.3949949	0
986.15	0	.5537756	.05104343	.395181	0
985.15	0	.5531572	.05147639	.3953664	0
984.15	0	.5525408	.05190794	.3955513	0
983.15	0	.5519264	.0523381	.3957355	0
982.15	0	.551314	.05276686	.3959191	0
981.15	0	.5507036	.05319422	.3961022	0
980.15	0	.5500952	.05362021	.3962846	0
979.15	0	.5494887	.05404481	.3964665	0
978.15	0	.5488842	.05446803	.3966477	0
977.15	0	.5482818	.05488989	.3968284	0
976.15	0	.5476812	.05531038	.3970084	0
975.15	0	.5470827	.05572951	.3971878	0
974.15	0	.5464861	.05614728	.3973666	0
973.15	0	.5458914	.0565637	.3975449	0
972.15	0	.5452988	.05697877	.3977225	0
971.15	0	.544708	.05739251	.3978994	0
970.15	0	.5441192	.05780491	.3980758	0
969.15	0	.5435324	.05821599	.3982516	0
968.15	0	.5429475	.05862574	.3984268	0
967.15	0	.5423645	.05903417	.3986013	0
966.15	0	.5417835	.0594413	.3987752	0
965.15	0	.5412044	.05984712	.3989485	0
964.15	0	.5406272	.06025164	.3991212	0
963.15	0	.5400519	.06065488	.3992933	0
962.15	0	.5394785	.06105683	.3994647	0
961.15	0	.538907	.0614575	.3996355	0
960.15	0	.5383374	.0618569	.3998057	0
959.15	0	.5377697	.06225504	.3999753	0
958.15	0	.5372039	.06265193	.4001442	0
957.15	0	.5366399	.06304756	.4003125	0
956.15	0	.5360779	.06344196	.4004802	0
955.15	0	.5355177	.06383512	.4006472	0
954.15	0	.5349594	.06422706	.4008136	0
953.15	0	.5344029	.06461779	.4009793	0
952.15	0	.5338483	.0650073	.4011444	0
951.15	0	.5332955	.06539561	.4013089	0
950.15	0	.5327445	.06578274	.4014727	0
949.15	0	.5321954	.06616868	.4016359	0
948.15	0	.5316481	.06655345	.4017984	0
947.15	0	.5311026	.06693705	.4019603	0
946.15	0	.530559	.06731951	.4021215	0
945.15	0	.5300171	.06770081	.4022821	0
944.15	0	.529477	.06808098	.402442	0
943.15	0	.5289387	.06846003	.4026012	0
942.15	0	.5284022	.06883796	.4027598	0
941.15	0	.5278675	.06921479	.4029177	0
940.15	0	.5273345	.06959053	.403075	0
939.15	0	.5268033	.06996518	.4032315	0
938.15	0	.5262738	.07033877	.4033874	0
937.15	0	.525746	.07071129	.4035427	0
936.15	0	.52522	.07108277	.4036972	0
935.15	0	.5246957	.07145321	.4038511	0
934.15	0	.5241731	.07182263	.4040042	0
933.15	0	.5236522	.07219104	.4041567	0
932.15	0	.523133	.07255845	.4043085	0
931.15	0	.5226155	.07292487	.4044596	0
930.15	0	.5220997	.07329033	.40461	0
929.15	0	.5215855	.07365482	.4047597	0
928.15	0	.5210729	.07401837	.4049087	0
927.15	0	.520562	.07438099	.405057	0
926.15	0	.5200527	.07474269	.4052046	0
925.15	0	.5195451	.0751035	.4053515	0
924.15	0	.519039	.07546341	.4054976	0
923.15	0	.5185345	.07582246	.405643	0
922.15	0	.5180316	.07618065	.4057877	0
921.15	0	.5175303	.076538	.4059317	0
920.15	0	.5170305	.07689453	.4060749	0
919.15	0	.5165323	.07725025	.4062174	0
918.15	0	.5160356	.07760519	.4063592	0
917.15	0	.5155405	.07795935	.4065002	0
916.15	0	.5150468	.07831276	.4066405	0
915.15	0	.5145546	.07866544	.40678	0
914.15	0	.5140639	.0790174	.4069187	0
913.15	0	.5135746	.07936866	.4070567	0
912.15	0	.5130868	.07971924	.4071939	0
911.15	0	.5126005	.08006916	.4073304	0
910.15	0	.5121155	.08041845	.4074661	0
909.15	0	.5116319	.08076711	.4076009	0
908.15	0	.5111498	.08111518	.4077351	0
907.15	0	.510669	.08146267	.4078684	0
906.15	0	.5101895	.08180961	.4080009	0
905.15	0	.5097114	.08215602	.4081326	0
904.15	0	.5092345	.08250192	.4082635	0
903.15	0	.508759	.08284734	.4083937	0
902.15	0	.5082848	.08319229	.4085229	0
901.15	0	.5078118	.08353681	.4086514	0
900.15	0	.5073401	.08388091	.408779	0
899.15	0	.5068695	.08422463	.4089058	0
898.15	0	.5064002	.08456798	.4090318	0
897.15	0	.5059321	.084911	.4091569	0
896.15	0	.5054651	.08525372	.4092812	0
895.15	0	.5049993	.08559615	.4094046	0
894.15	0	.5045345	.08593834	.4095271	0
893.15	0	.5040709	.08628029	.4096488	0
892.15	0	.5036083	.08662206	.4097696	0
891.15	0	.5031468	.08696366	.4098895	0
890.15	0	.5026863	.08730513	.4100085	0
889.15	0	.5022269	.0876465	.4101267	0
888.15	0	.5017683	.0879878	.4102439	0
887.15	0	.5013108	.08832906	.4103602	0
886.15	0	.5008541	.08867032	.4104755	0
885.15	0	.5003984	.0890116	.41059	0
884.15	0	.4999435	.08935296	.4107035	0
883.15	0	.4994895	.08969441	.4108161	0
882.15	0	.4990363	.09003601	.4109277	0
881.15	0	.4985839	.09037778	.4110383	0
880.15	0	.4981322	.09071976	.411148	0
879.15	0	.4976813	.091062	.4112567	0
878.15	0	.4972311	.09140452	.4113644	0
877.15	0	.4967815	.09174738	.4114711	0
876.15	0	.4963325	.09209062	.4115768	0
875.15	0	.4958842	.09243427	.4116815	0
874.15	0	.4954364	.09277839	.4117852	0
873.15	0	.4949892	.09312301	.4118878	0
872.15	0	.4945424	.09346819	.4119894	0
871.15	0	.4940961	.09381396	.4120899	0
870.15	0	.4936502	.09416039	.4121894	0
869.15	0	.4932048	.09450751	.4122877	0
868.15	0	.4927596	.09485538	.412385	0
867.15	0	.4923148	.09520405	.4124812	0
866.15	0	.4918702	.09555357	.4125762	0
865.15	0	.4914258	.095904	.4126702	0
864.15	0	.4909816	.09625539	.412763	0
863.15	0	.4905376	.09660781	.4128546	0
862.15	0	.4900937	.09696131	.412945	0
861.15	0	.4896497	.09731594	.4130343	0
860.15	0	.4892058	.09767178	.4131224	0
859.15	0	.4887618	.09802889	.4132093	0
858.15	0	.4883178	.09838733	.4132949	0
857.15	0	.4878735	.09874718	.4133793	0
856.15	0	.4874291	.09910849	.4134625	0
855.15	0	.4869843	.09947135	.4135443	0
854.15	0	.4865393	.09983582	.4136249	0
853.15	0	.4860939	.100202	.4137041	0
852.15	0	.485648	.1005699	.4137821	0
851.15	0	.4852016	.1009397	.4138587	0
850.15	0	.4847547	.1013114	.4139339	0
849.15	0	.4843071	.1016852	.4140077	0
848.15	0	.4838588	.102061	.4140801	0
847.15	0	.4834098	.1024391	.4141511	0
846.15	0	.4829599	.1028194	.4142207	0
845.15	0	.4825091	.1032022	.4142887	0
844.15	0	.4820572	.1035875	.4143553	0
843.15	0	.4816044	.1039753	.4144203	0
842.15	0	.4811503	.1043659	.4144838	0
841.15	0	.480695	.1047593	.4145457	0
840.15	0	.4802383	.1051556	.414606	0
839.15	0	.4797803	.105555	.4146647	0
838.15	0	.4793207	.1059576	.4147217	0
837.15	0	.4788594	.1063636	.414777	0
836.15	0	.4783964	.106773	.4148306	0
835.15	0	.4779316	.107186	.4148824	0
834.15	0	.4774648	.1076027	.4149324	0
833.15	0	.476996	.1080234	.4149806	0
832.15	0	.4765249	.1084482	.4150269	0
831.15	0	.4760515	.1088772	.4150713	0
830.15	0	.4755757	.1093106	.4151137	0
829.15	0	.4750972	.1097487	.4151541	0
828.15	0	.4746159	.1101916	.4151925	0
827.15	0	.4741318	.1106395	.4152288	0
826.15	0	.4736445	.1110926	.4152628	0
825.15	0	.473154	.1115512	.4152947	0
824.15	0	.4726601	.1120156	.4153244	0
823.15	0	.4721625	.1124859	.4153516	0
822.15	0	.471661	.1129625	.4153765	0
821.15	0	.4711555	.1134455	.4153989	0
820.15	0	.4706457	.1139355	.4154188	0
819.15	0	.4701314	.1144325	.4154361	0
818.15	0	.4696123	.1149371	.4154506	0
817.15	0	.469088	.1154496	.4154624	0
816.15	0	.4685584	.1159703	.4154713	0
815.15	0	.4680231	.1164997	.4154772	0
814.15	0	.4674818	.1170382	.4154799	0
813.15	0	.4669341	.1175864	.4154795	0
812.15	0	.4663796	.1181447	.4154758	0
811.15	0	.4658178	.1187136	.4154685	0
810.15	0	.4652484	.1192939	.4154577	0
809.15	0	.4646708	.1198862	.4154431	0
808.15	0	.4640844	.1204911	.4154245	0
807.15	0	.4634888	.1211095	.4154018	0
806.15	0	.4628831	.1217421	.4153747	0
805.15	0	.4622668	.1223901	.4153431	0
804.15	0	.461639	.1230543	.4153067	0
803.15	0	.4609989	.1237359	.4152652	0
802.15	0	.4603455	.1244363	.4152183	0
801.15	0	.4596776	.1251567	.4151656	0
800.15	0	.4589943	.1258988	.4151069	0
799.15	0	.4582939	.1266644	.4150417	0
798.15	0	.4575751	.1274555	.4149694	0
797.15	0	.45645	.1287563	.4147937	0
796.15	0	.4551464	.1302849	.4145687	0
795.15	0	.4539252	.1317156	.4143592	0
794.15	0	.4527771	.1330594	.4141635	0
793.15	0	.4516942	.1343259	.4139798	0
792.15	0	.45067	.135523	.413807	0
791.15	0	.4496988	.1366573	.4136439	0
790.15	0	.4487759	.1377346	.4134896	0
789.15	0	.4478969	.1387599	.4133432	0
788.15	0	.4470596	.1397367	.4132037	0
787.15	0	.4462581	.1406708	.4130711	0
786.15	0	.4454909	.1415645	.4129446	0
785.15	0	.4447555	.1424208	.4128237	0
784.15	0	.4440497	.1432424	.4127078	0
783.15	0	.4433714	.1440318	.4125967	0
782.15	0	.4427189	.1447911	.41249	0
781.15	0	.4420903	.1455222	.4123874	0
780.15	0	.4414844	.146227	.4122886	0
779.15	0	.4408996	.1469071	.4121933	0
778.15	0	.4403348	.1475639	.4121014	0
777.15	0	.4397888	.1481987	.4120125	0
776.15	0	.4392605	.148813	.4119265	0
775.15	0	.4387491	.1494077	.4118433	0
774.15	0	.4382535	.1499839	.4117626	0
773.15	0	.437773	.1505427	.4116843	0
772.15	0	.4373068	.1510848	.4116083	0
771.15	0	.4368543	.1516113	.4115345	0
770.15	0	.4364146	.1521227	.4114627	0
769.15	0	.4359873	.1526199	.4113928	0
768.15	0	.4355718	.1531036	.4113247	0
767.15	0	.4351674	.1535743	.4112583	0
766.15	0	.4347738	.1540327	.4111935	0
765.15	0	.4343903	.1544793	.4111303	0
764.15	0	.4340167	.1549147	.4110686	0
763.15	0	.4336525	.1553393	.4110083	0
762.15	0	.4332972	.1557535	.4109493	0
761.15	0	.4329506	.1561579	.4108915	0
760.15	0	.4326122	.1565529	.410835	0
759.15	0	.4322817	.1569387	.4107796	0
758.15	0	.4319589	.1573159	.4107253	0
757.15	0	.4316433	.1576847	.410672	0
756.15	0	.4313349	.1580454	.4106197	0
755.15	0	.4310332	.1583984	.4105684	0
754.15	0	.430738	.158744	.410518	0
753.15	0	.4304491	.1590824	.4104685	0
752.15	0	.4301662	.159414	.4104198	0
751.15	0	.4298892	.1597389	.4103719	0
750.15	0	.4296179	.1600574	.4103247	0
749.15	0	.4293519	.1603698	.4102783	0
748.15	0	.4290913	.1606762	.4102326	0
747.15	0	.4288357	.1609768	.4101875	0
746.15	0	.4285849	.1612719	.4101431	0
745.15	0	.428339	.1615617	.4100993	0
744.15	0	.4280976	.1618463	.4100561	0
743.15	0	.4278606	.1621259	.4100135	0
742.15	0	.427628	.1624007	.4099714	0
741.15	0	.4273995	.1626708	.4099298	0
740.15	0	.427175	.1629363	.4098887	0
739.15	0	.4269544	.1631975	.4098481	0
738.15	0	.4267376	.1634544	.409808	0
737.15	0	.4265244	.1637073	.4097683	0
736.15	0	.4263148	.1639561	.409729	0
735.15	0	.4261087	.1642011	.4096902	0
734.15	0	.4259059	.1644424	.4096517	0
733.15	0	.4257063	.16468	.4096137	0
732.15	0	.4255099	.1649141	.409576	0
731.15	0	.4253166	.1651449	.4095386	0
730.15	0	.4251262	.1653722	.4095016	0
729.15	0	.4249387	.1655964	.4094649	0
728.15	0	.424754	.1658175	.4094285	0
727.15	0	.4245721	.1660355	.4093924	0
726.15	0	.4243928	.1662506	.4093566	0
725.15	0	.4242161	.1664628	.4093211	0
724.15	0	.4240419	.1666723	.4092859	0
723.15	0	.4238701	.166879	.4092509	0
722.15	0	.4237008	.1670831	.4092161	0
721.15	0	.4235337	.1672846	.4091816	0
720.15	0	.4233689	.1674837	.4091474	0
719.15	0	.4232064	.1676803	.4091133	0
718.15	0	.4230459	.1678746	.4090795	0
717.15	0	.4228876	.1680665	.4090459	0
716.15	0	.4227313	.1682563	.4090125	0
715.15	0	.4225769	.1684438	.4089792	0
714.15	0	.4224245	.1686293	.4089462	0
713.15	0	.422274	.1688127	.4089133	0
712.15	0	.4221254	.168994	.4088806	0
711.15	0	.4219785	.1691734	.4088481	0
710.15	0	.4218334	.1693509	.4088157	0
709.15	0	.42169	.1695265	.4087835	0
708.15	0	.4215483	.1697003	.4087514	0
707.15	0	.4214082	.1698723	.4087195	0
706.15	0	.4212697	.1700426	.4086877	0
705.15	0	.4211327	.1702112	.4086561	0
704.15	0	.4209973	.1703782	.4086245	0
703.15	0	.4208634	.1705435	.4085931	0
702.15	0	.4207309	.1707073	.4085618	0
701.15	0	.4205998	.1708695	.4085306	0
700.15	0	.4204702	.1710302	.4084996	0
699.15	0	.4203419	.1711895	.4084686	0
698.15	0	.4202149	.1713473	.4084378	0
697.15	0	.4200892	.1715038	.408407	0
696.15	0	.4199648	.1716589	.4083763	0
695.15	0	.4198417	.1718126	.4083458	0
694.15	0	.4197197	.171965	.4083153	0
693.15	0	.419599	.1721162	.4082849	0
692.15	0	.4194794	.1722661	.4082545	0
691.15	0	.419361	.1724148	.4082243	0
690.15	0	.4192436	.1725623	.4081941	0
689.15	0	.4191274	.1727086	.408164	0
688.15	0	.4190123	.1728538	.408134	0
687.15	0	.4188982	.1729978	.408104	0
686.15	0	.4187851	.1731408	.4080741	0
685.15	0	.4186731	.1732827	.4080443	0
684.15	0	.418562	.1734235	.4080145	0
683.15	0	.4184519	.1735633	.4079848	0
682.15	0	.4183428	.1737021	.4079551	0
681.15	0	.4182346	.1738399	.4079255	0
680.15	0	.4181273	.1739768	.4078959	0
679.15	0	.4180209	.1741127	.4078664	0
678.15	0	.4179154	.1742477	.4078369	0
677.15	0	.4178108	.1743818	.4078075	0
676.15	0	.417707	.1745149	.4077781	0
675.15	0	.417604	.1746472	.4077487	0
674.15	0	.4175019	.1747787	.4077194	0
673.15	0	.4174005	.1749093	.4076902	0
672.15	0	.4173	.1750391	.4076609	0
671.15	0	.4172002	.1751681	.4076317	0
670.15	0	.4171012	.1752962	.4076026	0
669.15	0	.4170029	.1754236	.4075734	0
668.15	0	.4169054	.1755503	.4075443	0
667.15	0	.4168086	.1756762	.4075152	0
666.15	0	.4167125	.1758013	.4074862	0
665.15	0	.4166171	.1759257	.4074572	0
664.15	0	.4165223	.1760495	.4074282	0
663.15	0	.4164283	.1761725	.4073992	0
662.15	0	.4163349	.1762948	.4073702	0
661.15	0	.4162422	.1764165	.4073413	0
660.15	0	.4161501	.1765375	.4073124	0
659.15	0	.4160586	.1766579	.4072835	0
658.15	0	.4159677	.1767776	.4072547	0
657.15	0	.4158775	.1768967	.4072258	0
656.15	0	.4157878	.1770152	.407197	0
655.15	0	.4156988	.1771331	.4071682	0
654.15	0	.4156103	.1772504	.4071394	0
653.15	0	.4155224	.1773671	.4071106	0
652.15	0	.415435	.1774832	.4070818	0
651.15	0	.4153482	.1775987	.4070531	0
650.15	0	.415262	.1777137	.4070243	0
649.15	0	.4151762	.1778282	.4069956	0
648.15	0	.4150911	.1779421	.4069668	0
647.15	0	.4150064	.1780555	.4069381	0
646.15	0	.4149222	.1781684	.4069094	0
645.15	0	.4148386	.1782807	.4068807	0
644.15	0	.4147554	.1783926	.4068521	0
643.15	0	.4146727	.1785039	.4068234	0
642.15	0	.4145905	.1786148	.4067947	0
641.15	0	.4145088	.1787251	.4067661	0
640.15	0	.4144276	.178835	.4067374	0
639.15	0	.4143468	.1789445	.4067088	0
638.15	0	.4142665	.1790534	.4066801	0
637.15	0	.4141866	.1791619	.4066515	0
636.15	0	.4141071	.17927	.4066229	0
635.15	0	.4140281	.1793776	.4065943	0
634.15	0	.4139495	.1794848	.4065657	0
633.15	0	.4138714	.1795916	.406537	0
632.15	0	.4137937	.1796979	.4065084	0
631.15	0	.4137164	.1798038	.4064798	0
630.15	0	.4136395	.1799093	.4064512	0
629.15	0	.413563	.1800144	.4064227	0
628.15	0	.4134868	.1801191	.4063941	0
627.15	0	.4134111	.1802234	.4063655	0
626.15	0	.4133358	.1803273	.4063369	0
625.15	0	.4132608	.1804308	.4063083	0
624.15	0	.4131863	.180534	.4062798	0
623.15	0	.4131121	.1806368	.4062512	0
622.15	0	.4130382	.1807392	.4062226	0
621.15	0	.4129648	.1808412	.406194	0
620.15	0	.4128917	.1809429	.4061655	0
619.15	0	.4128189	.1810442	.4061369	0
618.15	0	.4127465	.1811451	.4061084	0
617.15	0	.4126744	.1812458	.4060798	0
616.15	0	.4126027	.181346	.4060513	0
615.15	0	.4125313	.1814459	.4060227	0
614.15	0	.4124603	.1815455	.4059942	0
613.15	0	.4123896	.1816448	.4059656	0
612.15	0	.4123192	.1817437	.4059371	0
611.15	0	.4122491	.1818423	.4059085	0
610.15	0	.4121794	.1819406	.40588	0
609.15	0	.4121099	.1820386	.4058515	0
608.15	0	.4120408	.1821362	.4058229	0
607.15	0	.411972	.1822336	.4057944	0
606.15	0	.4119035	.1823306	.4057659	0
605.15	0	.4118353	.1824273	.4057374	0
604.15	0	.4117674	.1825238	.4057088	0
603.15	0	.4116998	.1826199	.4056803	0
602.15	0	.4116325	.1827157	.4056518	0
601.15	0	.4115654	.1828113	.4056233	0
600.15	0	.4114987	.1829065	.4055948	0
599.15	0	.4114322	.1830015	.4055663	0
598.15	0	.4113661	.1830962	.4055378	0
597.15	0	.4113001	.1831906	.4055093	0
596.15	0	.4112345	.1832847	.4054808	0
595.15	0	.4111692	.1833785	.4054523	0
594.15	0	.4111041	.1834721	.4054238	0
593.15	0	.4110393	.1835654	.4053954	0
592.15	0	.4109747	.1836584	.4053669	0
591.15	0	.4109104	.1837512	.4053384	0
590.15	0	.4108464	.1838437	.40531	0
589.15	0	.4107826	.1839359	.4052815	0
588.15	0	.4107191	.1840279	.405253	0
587.15	0	.4106558	.1841196	.4052246	0
586.15	0	.4105928	.1842111	.4051962	0
585.15	0	.41053	.1843023	.4051677	0
584.15	0	.4104675	.1843932	.4051393	0
583.15	0	.4104052	.1844839	.4051109	0
582.15	0	.4103432	.1845744	.4050825	0
581.15	0	.4102814	.1846646	.405054	0
580.15	0	.4102198	.1847545	.4050256	0
579.15	0	.4101585	.1848443	.4049973	0
578.15	0	.4100974	.1849337	.4049689	0
577.15	0	.4100365	.185023	.4049405	0
576.15	0	.4099759	.185112	.4049121	0
575.15	0	.4099155	.1852008	.4048838	0
574.15	0	.4098553	.1852893	.4048554	0
573.15	0	.4097954	.1853776	.4048271	0
572.15	0	.4097356	.1854657	.4047987	0
571.15	0	.4096761	.1855535	.4047704	0
570.15	0	.4096168	.1856411	.4047421	0
569.15	0	.4095577	.1857285	.4047138	0
568.15	0	.4094989	.1858156	.4046855	0
567.15	0	.4094402	.1859026	.4046572	0
566.15	0	.4093818	.1859893	.404629	0
565.15	0	.4093236	.1860758	.4046007	0
564.15	0	.4092656	.186162	.4045724	0
563.15	0	.4092077	.186248	.4045442	0
562.15	0	.4091501	.1863339	.404516	0
561.15	0	.4090927	.1864195	.4044878	0
560.15	0	.4090356	.1865049	.4044596	0
559.15	0	.4089786	.18659	.4044314	0
558.15	0	.4089218	.186675	.4044032	0
557.15	0	.4088652	.1867597	.4043751	0
556.15	0	.4088088	.1868443	.4043469	0
555.15	0	.4087526	.1869286	.4043188	0
554.15	0	.4086966	.1870127	.4042907	0
553.15	0	.4086408	.1870966	.4042626	0
552.15	0	.4085852	.1871803	.4042345	0
551.15	0	.4085298	.1872638	.4042065	0
550.15	0	.4084745	.1873471	.4041784	0
549.15	0	.4084195	.1874301	.4041504	0
548.15	0	.4083646	.187513	.4041224	0
547.15	0	.40831	.1875956	.4040944	0
546.15	0	.4082555	.1876781	.4040664	0
545.15	0	.4082012	.1877604	.4040385	0
544.15	0	.4081471	.1878424	.4040105	0
543.15	0	.4080931	.1879242	.4039826	0
542.15	0	.4080394	.1880059	.4039547	0
541.15	0	.4079858	.1880873	.4039268	0
540.15	0	.4079325	.1881686	.403899	0
539.15	0	.4078792	.1882496	.4038712	0
538.15	0	.4078262	.1883305	.4038433	0
537.15	0	.4077734	.1884111	.4038155	0
536.15	0	.4077207	.1884916	.4037878	0
535.15	0	.4076682	.1885718	.40376	0
534.15	0	.4076159	.1886519	.4037323	0
533.15	0	.4075637	.1887317	.4037046	0
532.15	0	.4075118	.1888114	.4036768	0
531.15	0	.40746	.1888908	.4036492	0
530.15	0	.4074084	.1889701	.4036215	0
529.15	0	.4073569	.1890492	.4035939	0
528.15	0	.4073056	.1891281	.4035663	0
527.15	0	.4072545	.1892067	.4035388	0
526.15	0	.4072035	.1892852	.4035112	0
525.15	0	.4071527	.1893635	.4034837	0
524.15	0	.4071021	.1894416	.4034563	0
523.15	0	.4070517	.1895196	.4034288	0
522.15	0	.4070014	.1895973	.4034014	0
521.15	0	.4069512	.1896748	.403374	0
520.15	0	.4069012	.1897522	.4033466	0
519.15	0	.4068514	.1898293	.4033193	0
518.15	0	.4068018	.1899063	.403292	0
517.15	0	.4067523	.189983	.4032647	0
516.15	0	.406703	.1900596	.4032374	0
515.15	0	.4066538	.190136	.4032102	0
514.15	0	.4066048	.1902122	.403183	0
513.15	0	.406556	.1902882	.4031558	0
512.15	0	.4065073	.190364	.4031287	0
511.15	0	.4064587	.1904397	.4031016	0
510.15	0	.4064104	.1905151	.4030745	0
509.15	0	.4063621	.1905904	.4030475	0
508.15	0	.4063141	.1906654	.4030205	0
507.15	0	.4062662	.1907403	.4029935	0
506.15	0	.4062184	.190815	.4029666	0
505.15	0	.4061708	.1908895	.4029397	0
504.15	0	.4061234	.1909638	.4029128	0
503.15	0	.4060761	.1910379	.402886	0
502.15	0	.4060289	.1911119	.4028592	0
501.15	0	.4059819	.1911856	.4028325	0
500.15	0	.4059351	.1912592	.4028058	0
499.15	0	.4058884	.1913325	.4027791	0
498.15	0	.4058419	.1914057	.4027524	0
497.15	0	.4057955	.1914787	.4027258	0
496.15	0	.4057492	.1915515	.4026992	0
495.15	0	.4057031	.1916241	.4026727	0
494.15	0	.4056572	.1916966	.4026462	0
493.15	0	.4056114	.1917688	.4026198	0
492.15	0	.4055658	.1918409	.4025934	0
491.15	0	.4055203	.1919128	.402567	0
490.15	0	.4054749	.1919845	.4025406	0
489.15	0	.4054297	.192056	.4025144	0
488.15	0	.4053846	.1921273	.4024881	0
487.15	0	.4053397	.1921984	.4024619	0
486.15	0	.4052949	.1922694	.4024357	0
485.15	0	.4052503	.1923401	.4024096	0
484.15	0	.4052058	.1924107	.4023835	0
483.15	0	.4051615	.1924811	.4023575	0
482.15	0	.4051173	.1925512	.4023315	0
481.15	0	.4050732	.1926213	.4023055	0
480.15	0	.4050293	.1926911	.4022796	0
479.15	0	.4049855	.1927607	.4022538	0
478.15	0	.4049419	.1928301	.402228	0
477.15	0	.4048984	.1928994	.4022022	0
476.15	0	.4048551	.1929685	.4021765	0
475.15	0	.4048119	.1930373	.4021508	0
474.15	0	.4047688	.1931061	.4021252	0
473.15	0	.4047259	.1931746	.4020996	0
472.15	0	.4046831	.1932429	.402074	0
471.15	0	.4046404	.193311	.4020486	0
470.15	0	.4045979	.193379	.4020231	0
469.15	0	.4045556	.1934467	.4019977	0
468.15	0	.4045133	.1935143	.4019724	0
467.15	0	.4044712	.1935817	.4019471	0
466.15	0	.4044293	.1936489	.4019219	0
465.15	0	.4043875	.1937159	.4018967	0
464.15	0	.4043458	.1937827	.4018715	0
463.15	0	.4043042	.1938493	.4018465	0
462.15	0	.4042628	.1939158	.4018214	0
461.15	0	.4042215	.193982	.4017964	0
460.15	0	.4041804	.1940481	.4017715	0
459.15	0	.4041394	.194114	.4017466	0
458.15	0	.4040985	.1941797	.4017218	0
457.15	0	.4040578	.1942452	.4016971	0
456.15	0	.4040172	.1943105	.4016723	0
455.15	0	.4039767	.1943756	.4016477	0
454.15	0	.4039364	.1944405	.4016231	0
453.15	0	.4038962	.1945053	.4015985	0
452.15	0	.4038561	.1945698	.401574	0
451.15	0	.4038162	.1946342	.4015496	0
450.15	0	.4037764	.1946984	.4015252	0
449.15	0	.4037368	.1947623	.4015009	0
448.15	0	.4036973	.1948261	.4014767	0
447.15	0	.4036579	.1948897	.4014525	0
446.15	0	.4036187	.194953	.4014283	0
445.15	0	.4035796	.1950162	.4014043	0
444.15	0	.4035406	.1950791	.4013803	0
443.15	0	.4035018	.1951418	.4013563	0
442.15	0	.4034632	.1952044	.4013325	0
441.15	0	.4034247	.1952666	.4013087	0
440.15	0	.4033863	.1953287	.4012849	0
439.15	0	.4033481	.1953906	.4012613	0
438.15	0	.4033101	.1954522	.4012377	0
437.15	0	.4032722	.1955136	.4012142	0
436.15	0	.4032345	.1955748	.4011907	0
435.15	0	.4031969	.1956357	.4011674	0
434.15	0	.4031595	.1956965	.4011441	0
433.15	0	.4031222	.1957569	.4011209	0
432.15	0	.4030851	.1958171	.4010978	0
431.15	0	.4030482	.1958771	.4010747	0
430.15	0	.4030114	.1959369	.4010517	0
429.15	0	.4029748	.1959964	.4010288	0
428.15	0	.4029383	.1960557	.401006	0
427.15	0	.402902	.1961147	.4009833	0
426.15	0	.4028659	.1961734	.4009607	0
425.15	0	.4028299	.196232	.4009381	0
424.15	0	.4027941	.1962902	.4009157	0
423.15	0	.4027585	.1963482	.4008933	0
422.15	0	.402723	.196406	.400871	0
421.15	0	.4026877	.1964635	.4008488	0
420.15	0	.4026526	.1965208	.4008266	0
419.15	0	.4026176	.1965778	.4008046	0
418.15	0	.4025828	.1966345	.4007827	0
417.15	0	.4025482	.1966911	.4007608	0
416.15	0	.4025137	.1967473	.400739	0
415.15	0	.4024794	.1968033	.4007173	0
414.15	0	.4024452	.196859	.4006958	0
413.15	0	.4024112	.1969145	.4006742	0
412.15	0	.4023774	.1969698	.4006528	0
411.15	0	.4023438	.1970247	.4006315	0
410.15	0	.4023103	.1970795	.4006103	0
409.15	0	.4022769	.197134	.4005891	0
408.15	0	.4022437	.1971882	.4005681	0
407.15	0	.4022107	.1972421	.4005471	0
406.15	0	.4021779	.1972959	.4005263	0
405.15	0	.4021452	.1973493	.4005055	0
404.15	0	.4021127	.1974026	.4004848	0
403.15	0	.4020803	.1974555	.4004642	0
402.15	0	.402048	.1975082	.4004437	0
401.15	0	.402016	.1975607	.4004233	0
400.15	0	.4019841	.1976129	.400403	0
399.15	0	.4019523	.1976649	.4003828	0
398.15	0	.4019207	.1977167	.4003626	0
397.15	0	.4018893	.1977681	.4003426	0
396.15	0	.401858	.1978194	.4003226	0
395.15	0	.4018268	.1978704	.4003028	0
394.15	0	.4017959	.1979211	.400283	0
393.15	0	.401765	.1979717	.4002633	0
392.15	0	.4017343	.198022	.4002438	0
391.15	0	.4017038	.198072	.4002243	0
390.15	0	.4016734	.1981218	.4002049	0
389.15	0	.4016431	.1981714	.4001855	0
388.15	0	.401613	.1982207	.4001663	0
387.15	0	.401583	.1982698	.4001472	0
386.15	0	.4015532	.1983187	.4001282	0
