T	 BPW(LIQUID)	BPW(BCC_A2)	BPW(FCC_A1)	BPW(LAVES_PHASE_C14)	BPW(NI3TI)
1473.15	.3140484	.6859516	0	0	0
1472.15	.3107929	.6892071	0	0	0
1471.15	.30756	.6924401	0	0	0
1470.15	.3043495	.6956505	0	0	0
1469.15	.3011614	.6988386	0	0	0
1468.15	.2979956	.7020044	0	0	0
1468.081	.2977784	.7022216	0	0	0
1468.081	.2977784	.7022216	0	0	0
1468.081	.2977784	.7022216	0	0	0
1467.15	.2921568	.7058612	0	.001982022	0
1466.15	.2862216	.7096987	0	.004079691	0
1465.15	.2803895	.7134643	0	.00614617	0
1464.15	.274658	.7171597	0	.008182277	0
1463.15	.2690245	.7207867	0	.0101888	0
1462.15	.2634865	.724347	0	.01216652	0
1461.15	.2580415	.7278423	0	.01411615	0
1460.15	.2526874	.7312742	0	.01603842	0
1459.15	.2474218	.7346441	0	.01793403	0
1458.15	.2422427	.7379537	0	.01980364	0
1457.15	.2371478	.7412043	0	.02164789	0
1456.15	.2321352	.7443974	0	.02346742	0
1455.15	.2272029	.7475342	0	.02526283	0
1454.15	.222349	.7506163	0	.02703472	0
1453.15	.2175717	.7536447	0	.02878365	0
1452.15	.2128691	.7566208	0	.03051017	0
1451.15	.2082395	.7595457	0	.03221482	0
1450.15	.2036812	.7624207	0	.03389812	0
1449.15	.1991926	.7652468	0	.03556058	0
1448.15	.1947721	.7680253	0	.03720267	0
1447.15	.1904181	.770757	0	.03882488	0
1446.15	.1861292	.7734431	0	.04042767	0
1445.15	.1819039	.7760847	0	.04201147	0
1444.15	.1777407	.7786826	0	.04357673	0
1443.15	.1736384	.7812378	0	.04512386	0
1442.15	.1695955	.7837512	0	.04665327	0
1441.15	.1656108	.7862238	0	.04816536	0
1440.15	.161683	.7886565	0	.04966052	0
1439.15	.1578109	.79105	0	.05113911	0
1438.15	.1539934	.7934052	0	.05260149	0
1437.15	.1502291	.7957229	0	.05404804	0
1436.15	.146517	.7980039	0	.05547908	0
1435.15	.1428561	.8002489	0	.05689495	0
1434.15	.1392452	.8024588	0	.05829597	0
1433.15	.1356833	.8046342	0	.05968247	0
1432.15	.1321694	.8067758	0	.06105475	0
1431.15	.1287025	.8088844	0	.0624131	0
1430.15	.1252817	.8109605	0	.06375782	0
1429.15	.121906	.8130048	0	.0650892	0
1428.15	.1185745	.815018	0	.06640749	0
1427.15	.1152863	.8170007	0	.06771299	0
1426.15	.1120405	.8189535	0	.06900594	0
1425.15	.1088364	.820877	0	.0702866	0
1424.15	.1056731	.8227717	0	.07155522	0
1423.15	.1025497	.8246382	0	.07281203	0
1422.15	.0994656	.8264771	0	.07405729	0
1421.15	.09641993	.8282889	0	.0752912	0
1420.15	.09341197	.830074	0	.07651401	0
1419.15	.09044099	.8318331	0	.07772591	0
1418.15	.0875063	.8335666	0	.07892714	0
1417.15	.08460721	.8352749	0	.08011789	0
1416.15	.08174304	.8369586	0	.08129836	0
1415.15	.07891313	.8386181	0	.08246875	0
1414.15	.07611685	.8402539	0	.08362926	0
1413.15	.07335357	.8418664	0	.08478007	0
1412.15	.07062269	.843456	0	.08592136	0
1411.15	.06792359	.8450231	0	.08705332	0
1410.15	.06525572	.8465682	0	.08817611	0
1409.15	.06261849	.8480916	0	.0892899	0
1408.15	.06001135	.8495938	0	.09039487	0
1407.15	.05743376	.8510751	0	.09149117	0
1406.15	.05488519	.8525358	0	.09257896	0
1405.15	.05236512	.8539765	0	.09365839	0
1404.15	.04987305	.8553973	0	.09472962	0
1403.15	.04740847	.8567987	0	.09579279	0
1402.15	.04497091	.858181	0	.09684805	0
1401.15	.0425599	.8595446	0	.09789554	0
1400.15	.04017497	.8608897	0	.09893538	0
1399.15	.03781567	.8622166	0	.09996773	0
1398.15	.03548155	.8635257	0	.1009927	0
1397.15	.03317219	.8648174	0	.1020104	0
1396.15	.03088716	.8660918	0	.103021	0
1395.15	.02862605	.8673493	0	.1040247	0
1394.15	.02638846	.8685902	0	.1050214	0
1393.15	.02417398	.8698147	0	.1060114	0
1392.15	.02198223	.8710231	0	.1069947	0
1391.15	.01981282	.8722157	0	.1079715	0
1390.15	.0176654	.8733927	0	.1089419	0
1389.15	.01553958	.8745545	0	.109906	0
1388.15	.01343503	.8757012	0	.1108638	0
1387.15	.01135138	.8768331	0	.1118156	0
1386.15	.009288302	.8779504	0	.1127613	0
1385.15	.007245454	.8790535	0	.1137011	0
1384.15	.00522251	.8801424	0	.1146351	0
1383.15	.003219149	.8812175	0	.1155634	0
1382.15	.001235058	.8822789	0	.1164861	0
1381.523	0	.8829379	0	.1170621	0
1381.523	0	.8829379	0	.1170621	0
1381.15	0	.8827179	0	.1172821	0
1380.15	0	.8821282	0	.1178718	0
1379.15	0	.88154	0	.11846	0
1378.15	0	.8809532	0	.1190468	0
1377.15	0	.8803677	0	.1196323	0
1376.15	0	.8797836	0	.1202164	0
1375.15	0	.879201	0	.1207991	0
1374.15	0	.8786196	0	.1213804	0
1373.15	0	.8780397	0	.1219603	0
1372.15	0	.8774611	0	.1225389	0
1371.15	0	.8768839	0	.1231161	0
1370.15	0	.8763081	0	.1236919	0
1369.15	0	.8757336	0	.1242664	0
1368.15	0	.8751604	0	.1248396	0
1367.15	0	.8745886	0	.1254114	0
1366.15	0	.8740182	0	.1259818	0
1365.15	0	.8734491	0	.1265509	0
1364.15	0	.8728813	0	.1271187	0
1363.15	0	.8723148	0	.1276852	0
1362.15	0	.8717497	0	.1282503	0
1361.15	0	.8711859	0	.1288141	0
1360.15	0	.8706234	0	.1293766	0
1359.15	0	.8700622	0	.1299378	0
1358.15	0	.8695023	0	.1304977	0
1357.15	0	.8689438	0	.1310563	0
1356.15	0	.8683865	0	.1316135	0
1355.15	0	.8678305	0	.1321695	0
1354.15	0	.8672758	0	.1327242	0
1353.15	0	.8667224	0	.1332776	0
1352.15	0	.8661703	0	.1338297	0
1351.15	0	.8656195	0	.1343805	0
1350.15	0	.8650699	0	.1349301	0
1349.15	0	.8645216	0	.1354784	0
1348.15	0	.8639746	0	.1360254	0
1347.15	0	.8634289	0	.1365711	0
1346.15	0	.8628844	0	.1371156	0
1345.15	0	.8623412	0	.1376588	0
1344.15	0	.8617992	0	.1382008	0
1343.15	0	.8612584	0	.1387416	0
1342.15	0	.860719	0	.139281	0
1341.15	0	.8601807	0	.1398193	0
1340.15	0	.8596437	0	.1403563	0
1339.15	0	.8591079	0	.1408921	0
1338.15	0	.8585734	0	.1414266	0
1337.15	0	.8580401	0	.14196	0
1336.15	0	.857508	0	.1424921	0
1335.15	0	.8569771	0	.1430229	0
1334.15	0	.8564474	0	.1435526	0
1333.15	0	.855919	0	.144081	0
1332.15	0	.8553917	0	.1446083	0
1331.15	0	.8548657	0	.1451343	0
1330.15	0	.8543408	0	.1456592	0
1329.15	0	.8538172	0	.1461828	0
1328.15	0	.8532947	0	.1467053	0
1327.15	0	.8527735	0	.1472265	0
1326.15	0	.8522534	0	.1477466	0
1325.15	0	.8517345	0	.1482655	0
1324.15	0	.8512168	0	.1487832	0
1323.15	0	.8507003	0	.1492997	0
1322.15	0	.8501849	0	.1498151	0
1321.15	0	.8496707	0	.1503293	0
1320.15	0	.8491577	0	.1508423	0
1319.15	0	.8486458	0	.1513542	0
1318.15	0	.8481351	0	.1518649	0
1317.15	0	.8476255	0	.1523745	0
1316.15	0	.8471171	0	.1528829	0
1315.15	0	.8466099	0	.1533901	0
1314.15	0	.8461038	0	.1538962	0
1313.15	0	.8455988	0	.1544012	0
1312.15	0	.845095	0	.154905	0
1311.15	0	.8445923	0	.1554077	0
1310.15	0	.8440907	0	.1559093	0
1309.15	0	.8435903	0	.1564097	0
1308.15	0	.843091	0	.156909	0
1307.15	0	.8425928	0	.1574072	0
1306.15	0	.8420957	0	.1579043	0
1305.15	0	.8415997	0	.1584003	0
1304.15	0	.8411049	0	.1588951	0
1303.15	0	.8406112	0	.1593888	0
1302.15	0	.8401186	0	.1598815	0
1301.15	0	.839627	0	.160373	0
1300.15	0	.8391366	0	.1608634	0
1299.15	0	.8386473	0	.1613527	0
1298.15	0	.838159	0	.161841	0
1297.15	0	.8376719	0	.1623281	0
1296.15	0	.8371858	0	.1628142	0
1295.15	0	.8367008	0	.1632992	0
1294.15	0	.8362169	0	.1637831	0
1293.15	0	.8357341	0	.1642659	0
1292.15	0	.8352524	0	.1647476	0
1291.15	0	.8347717	0	.1652283	0
1290.15	0	.8342921	0	.1657079	0
1289.15	0	.8338136	0	.1661864	0
1288.15	0	.8333361	0	.1666639	0
1287.15	0	.8328597	0	.1671403	0
1286.15	0	.8323843	0	.1676157	0
1285.15	0	.83191	0	.16809	0
1284.15	0	.8314367	0	.1685633	0
1283.15	0	.8309645	0	.1690355	0
1282.15	0	.8304934	0	.1695066	0
1281.15	0	.8300232	0	.1699768	0
1280.15	0	.8295542	0	.1704458	0
1279.15	0	.8290861	0	.1709139	0
1278.15	0	.8286191	0	.1713809	0
1277.15	0	.8281531	0	.1718469	0
1276.15	0	.8276882	0	.1723118	0
1275.15	0	.8272243	0	.1727758	0
1274.15	0	.8267613	0	.1732387	0
1273.15	0	.8262995	0	.1737006	0
1272.15	0	.8258386	0	.1741614	0
1271.15	0	.8253787	0	.1746213	0
1270.15	0	.8249199	0	.1750801	0
1269.15	0	.824462	0	.175538	0
1268.772	0	.824289	0	.175711	0
1268.772	0	.824289	0	.175711	0
1268.772	0	.824289	0	.175711	0
1268.15	0	.8233351	6.829196E-04	.175982	0
1267.15	0	.8218036	.001779402	.176417	0
1266.15	0	.8202761	.002873072	.1768509	0
1265.15	0	.8187526	.003963933	.1772835	0
1264.15	0	.8172331	.005051989	.1777149	0
1263.15	0	.8157177	.006137245	.1781451	0
1262.15	0	.8142062	.007219703	.1785741	0
1261.15	0	.8126987	.008299367	.179002	0
1260.15	0	.8111952	.009376241	.1794286	0
1259.15	0	.8096956	.01045033	.1798541	0
1258.15	0	.8082	.01152163	.1802783	0
1257.15	0	.8067084	.01259016	.1807015	0
1256.15	0	.8052207	.0136559	.1811234	0
1255.15	0	.803737	.01471888	.1815442	0
1254.15	0	.8022571	.01577908	.1819638	0
1253.15	0	.8007812	.01683651	.1823823	0
1252.15	0	.7993092	.01789119	.1827996	0
1251.15	0	.7978411	.0189431	.1832158	0
1250.15	0	.796377	.01999225	.1836308	0
1249.15	0	.7949167	.02103865	.1840447	0
1248.15	0	.7934603	.0220823	.1844574	0
1247.15	0	.7920078	.0231232	.1848691	0
1246.15	0	.7905591	.02416135	.1852796	0
1245.15	0	.7891143	.02519676	.1856889	0
1244.15	0	.7876734	.02622942	.1860972	0
1243.15	0	.7862363	.02725935	.1865044	0
1242.15	0	.7848031	.02828655	.1869104	0
1241.15	0	.7833737	.02931101	.1873153	0
1240.15	0	.7819481	.03033274	.1877192	0
1239.15	0	.7805264	.03135174	.1881219	0
1238.15	0	.7791084	.03236801	.1885235	0
1237.15	0	.7776943	.03338157	.1889241	0
1236.15	0	.776284	.0343924	.1893236	0
1235.15	0	.7748775	.03540051	.189722	0
1234.15	0	.7734748	.03640591	.1901193	0
1233.15	0	.7720759	.03740859	.1905155	0
1232.15	0	.7706807	.03840856	.1909107	0
1231.15	0	.7692894	.03940582	.1913048	0
1230.15	0	.7679018	.04040038	.1916979	0
1229.15	0	.766518	.04139222	.1920898	0
1228.15	0	.7651379	.04238136	.1924808	0
1227.15	0	.7637616	.0433678	.1928707	0
1226.15	0	.762389	.04435154	.1932595	0
1225.15	0	.7610202	.04533257	.1936473	0
1224.15	0	.7596551	.04631092	.194034	0
1223.15	0	.7582937	.04728656	.1944198	0
1222.15	0	.7569361	.04825951	.1948044	0
1221.15	0	.7555821	.04922977	.1951881	0
1220.15	0	.7542319	.05019733	.1955707	0
1219.15	0	.7528854	.05116221	.1959523	0
1218.15	0	.7515427	.0521244	.1963329	0
1217.15	0	.7502036	.0530839	.1967125	0
1216.15	0	.7488682	.05404072	.1970911	0
1215.15	0	.7475365	.05499485	.1974687	0
1214.15	0	.7462085	.05594629	.1978452	0
1213.15	0	.7448842	.05689506	.1982208	0
1212.15	0	.7435635	.05784114	.1985953	0
1211.15	0	.7422466	.05878454	.1989689	0
1210.15	0	.7409332	.05972527	.1993415	0
1209.15	0	.7396236	.06066331	.1997131	0
1208.15	0	.7383176	.06159868	.2000837	0
1207.15	0	.7370153	.06253137	.2004533	0
1206.15	0	.7357166	.06346138	.200822	0
1205.15	0	.7344216	.06438872	.2011897	0
1204.15	0	.7331302	.06531339	.2015564	0
1203.15	0	.7318425	.06623538	.2019221	0
1202.15	0	.7305584	.06715469	.2022869	0
1201.15	0	.7292779	.06807134	.2026507	0
1200.15	0	.7280011	.06898531	.2030136	0
1199.15	0	.7267279	.06989661	.2033755	0
1198.15	0	.7254583	.07080523	.2037365	0
1197.15	0	.7241923	.07171119	.2040965	0
1196.15	0	.72293	.07261447	.2044556	0
1195.15	0	.7216712	.07351508	.2048137	0
1194.15	0	.7204161	.07441302	.2051709	0
1193.15	0	.7191646	.07530829	.2055272	0
1192.15	0	.7179166	.07620088	.2058825	0
1191.15	0	.7166723	.07709081	.2062369	0
1190.15	0	.7154316	.07797806	.2065904	0
1189.15	0	.7141944	.07886265	.2069429	0
1188.15	0	.7129609	.07974456	.2072945	0
1187.15	0	.7117309	.0806238	.2076453	0
1186.15	0	.7105046	.08150037	.2079951	0
1185.15	0	.7092818	.08237426	.208344	0
1184.15	0	.7080626	.08324548	.208692	0
1183.15	0	.7068469	.08411403	.209039	0
1182.15	0	.7056349	.0849799	.2093852	0
1181.15	0	.7044264	.0858431	.2097305	0
1180.15	0	.7032215	.08670362	.2100749	0
1179.15	0	.7020202	.08756147	.2104184	0
1178.15	0	.7008224	.08841664	.210761	0
1177.15	0	.6996282	.08926914	.2111027	0
1176.15	0	.6984375	.09011895	.2114435	0
1175.15	0	.6972505	.09096609	.2117834	0
1174.15	0	.696067	.09181054	.2121225	0
1173.15	0	.694887	.09265232	.2124607	0
1172.15	0	.6937106	.09349141	.212798	0
1171.15	0	.6925377	.09432782	.2131345	0
1170.15	0	.6913684	.09516154	.21347	0
1169.15	0	.6902027	.09599258	.2138047	0
1168.15	0	.6890405	.09682093	.2141386	0
1167.15	0	.6878818	.0976466	.2144716	0
1166.15	0	.6867267	.09846957	.2148037	0
1165.15	0	.6855752	.09928985	.215135	0
1164.15	0	.6844272	.1001074	.2154654	0
1163.15	0	.6832827	.1009223	.215795	0
1162.15	0	.6821418	.1017345	.2161237	0
1161.15	0	.6810044	.102544	.2164515	0
1160.15	0	.6798706	.1033508	.2167786	0
1159.15	0	.6787403	.1041549	.2171048	0
1158.15	0	.6776136	.1049563	.2174301	0
1157.15	0	.6764903	.105755	.2177546	0
1156.15	0	.6753707	.106551	.2180783	0
1155.15	0	.6742545	.1073443	.2184012	0
1154.15	0	.6731419	.1081349	.2187232	0
1153.15	0	.6720328	.1089227	.2190444	0
1152.15	0	.6709273	.1097079	.2193648	0
1151.15	0	.6698253	.1104903	.2196844	0
1150.15	0	.6687269	.11127	.2200031	0
1149.15	0	.667632	.112047	.220321	0
1148.15	0	.6665406	.1128212	.2206381	0
1147.15	0	.6654528	.1135928	.2209544	0
1146.15	0	.6643685	.1143616	.2212699	0
1145.15	0	.6632878	.1151276	.2215846	0
1144.15	0	.6622106	.115891	.2218985	0
1143.15	0	.6611369	.1166516	.2222115	0
1142.15	0	.6600668	.1174094	.2225238	0
1141.15	0	.6590002	.1181645	.2228353	0
1140.15	0	.6579371	.1189169	.223146	0
1139.15	0	.6568776	.1196665	.2234558	0
1138.15	0	.6558216	.1204134	.2237649	0
1137.15	0	.6547692	.1211575	.2240732	0
1136.15	0	.6537203	.1218989	.2243808	0
1135.15	0	.652675	.1226375	.2246875	0
1134.15	0	.6516332	.1233734	.2249934	0
1133.15	0	.650595	.1241064	.2252986	0
1132.15	0	.6495603	.1248367	.225603	0
1131.15	0	.6485291	.1255643	.2259066	0
1130.15	0	.6475016	.126289	.2262094	0
1129.15	0	.6464775	.127011	.2265115	0
1128.15	0	.645457	.1277302	.2268128	0
1127.15	0	.6444401	.1284466	.2271133	0
1126.15	0	.6434268	.1291602	.227413	0
1125.15	0	.6424169	.1298711	.227712	0
1124.15	0	.6414107	.1305791	.2280102	0
1123.15	0	.640408	.1312843	.2283077	0
1122.15	0	.6394089	.1319867	.2286044	0
1121.15	0	.6384133	.1326864	.2289003	0
1120.15	0	.6374213	.1333832	.2291955	0
1119.15	0	.6364329	.1340771	.2294899	0
1118.15	0	.6354481	.1347683	.2297836	0
1117.15	0	.6344668	.1354566	.2300765	0
1116.15	0	.6334892	.1361421	.2303687	0
1115.15	0	.632515	.1368248	.2306601	0
1114.15	0	.6315445	.1375047	.2309508	0
1113.15	0	.6305776	.1381817	.2312408	0
1112.15	0	.6296142	.1388558	.23153	0
1111.15	0	.6286545	.1395271	.2318184	0
1110.15	0	.6276983	.1401956	.2321061	0
1109.15	0	.6267457	.1408611	.2323931	0
1108.15	0	.6257968	.1415239	.2326794	0
1107.15	0	.6248514	.1421837	.2329649	0
1106.15	0	.6239097	.1428407	.2332496	0
1105.15	0	.6229715	.1434948	.2335337	0
1104.15	0	.622037	.144146	.233817	0
1103.15	0	.6211061	.1447943	.2340996	0
1102.15	0	.6201788	.1454398	.2343815	0
1101.15	0	.6192551	.1460823	.2346626	0
1100.15	0	.618335	.146722	.234943	0
1099.15	0	.6174186	.1473587	.2352227	0
1098.15	0	.6165058	.1479925	.2355017	0
1097.15	0	.6155967	.1486234	.2357799	0
1096.15	0	.6146912	.1492514	.2360575	0
1095.15	0	.6137893	.1498764	.2363343	0
1094.15	0	.6128911	.1504985	.2366104	0
1093.15	0	.6119965	.1511177	.2368858	0
1092.15	0	.6111056	.151734	.2371604	0
1091.15	0	.6102184	.1523472	.2374344	0
1090.15	0	.6093348	.1529575	.2377076	0
1089.15	0	.6084549	.1535649	.2379802	0
1088.15	0	.6075787	.1541693	.238252	0
1087.15	0	.6067061	.1547707	.2385232	0
1086.15	0	.6058372	.1553692	.2387936	0
1085.15	0	.6049721	.1559646	.2390633	0
1084.15	0	.6041106	.1565571	.2393323	0
1083.15	0	.6032528	.1571466	.2396006	0
1082.15	0	.6023987	.1577331	.2398683	0
1081.15	0	.6015483	.1583165	.2401352	0
1080.15	0	.6007016	.158897	.2404014	0
1079.15	0	.5998587	.1594744	.2406669	0
1078.15	0	.5990194	.1600488	.2409317	0
1077.15	0	.5981839	.1606202	.2411959	0
1076.15	0	.5973522	.1611885	.2414593	0
1075.15	0	.5965241	.1617538	.2417221	0
1074.15	0	.5956998	.1623161	.2419841	0
1073.15	0	.5948793	.1628753	.2422455	0
1072.15	0	.5940625	.1634314	.2425061	0
1071.15	0	.5932495	.1639844	.2427661	0
1070.15	0	.5924402	.1645344	.2430254	0
1069.15	0	.5916347	.1650813	.243284	0
1068.15	0	.590833	.1656251	.2435419	0
1067.15	0	.5900351	.1661658	.2437991	0
1066.15	0	.5892409	.1667034	.2440557	0
1065.15	0	.5884506	.1672379	.2443115	0
1064.15	0	.587664	.1677693	.2445667	0
1063.15	0	.5868813	.1682975	.2448212	0
1062.15	0	.5861023	.1688227	.245075	0
1061.15	0	.5853272	.1693447	.2453281	0
1060.15	0	.5845559	.1698635	.2455806	0
1059.15	0	.5837885	.1703792	.2458323	0
1058.15	0	.5830249	.1708918	.2460834	0
1057.15	0	.5822651	.1714011	.2463338	0
1056.15	0	.5815092	.1719073	.2465835	0
1055.15	0	.5807571	.1724104	.2468325	0
1054.15	0	.5800089	.1729102	.2470809	0
1053.15	0	.5792645	.1734069	.2473286	0
1052.15	0	.5785241	.1739003	.2475756	0
1051.15	0	.5777875	.1743906	.2478219	0
1050.15	0	.5770548	.1748776	.2480676	0
1049.15	0	.576326	.1753615	.2483125	0
1048.15	0	.5756011	.175842	.2485568	0
1047.15	0	.5748802	.1763194	.2488005	0
1046.15	0	.5741631	.1767935	.2490434	0
1045.15	0	.5734499	.1772644	.2492857	0
1044.15	0	.5727408	.177732	.2495273	0
1043.15	0	.5720355	.1781964	.2497682	0
1042.15	0	.5713342	.1786574	.2500084	0
1041.15	0	.5706368	.1791152	.250248	0
1040.15	0	.5699434	.1795698	.2504869	0
1039.15	0	.5692539	.180021	.2507251	0
1038.15	0	.5685685	.1804689	.2509626	0
1037.15	0	.567887	.1809136	.2511995	0
1036.15	0	.5672095	.1813549	.2514357	0
1035.15	0	.566536	.1817929	.2516712	0
1034.15	0	.5658665	.1822275	.251906	0
1033.15	0	.565201	.1826588	.2521402	0
1032.15	0	.5645395	.1830868	.2523737	0
1031.15	0	.5638821	.1835115	.2526065	0
1030.15	0	.5632287	.1839327	.2528386	0
1029.15	0	.5625793	.1843507	.25307	0
1028.15	0	.561934	.1847652	.2533008	0
1027.15	0	.5612927	.1851764	.2535309	0
1026.15	0	.5606555	.1855841	.2537604	0
1025.15	0	.5600224	.1859885	.2539891	0
1024.15	0	.5593933	.1863895	.2542172	0
1023.15	0	.5587684	.1867871	.2544445	0
1022.15	0	.5581475	.1871813	.2546712	0
1021.15	0	.5575307	.187572	.2548973	0
1020.15	0	.5569181	.1879593	.2551226	0
1019.15	0	.5563095	.1883432	.2553473	0
1018.15	0	.5557051	.1887237	.2555713	0
1017.15	0	.5551048	.1891007	.2557945	0
1016.15	0	.5545087	.1894742	.2560172	0
1015.15	0	.5539166	.1898443	.2562391	0
1014.15	0	.5533288	.1902109	.2564603	0
1013.15	0	.5527451	.190574	.2566809	0
1012.15	0	.5521656	.1909337	.2569007	0
1011.15	0	.5515902	.1912899	.2571199	0
1010.15	0	.5510191	.1916425	.2573384	0
1009.15	0	.5504521	.1919917	.2575562	0
1008.15	0	.5498893	.1923374	.2577733	0
1007.15	0	.5493308	.1926796	.2579897	0
1006.15	0	.5487764	.1930182	.2582054	0
1005.15	0	.5482263	.1933533	.2584204	0
1004.15	0	.5476804	.1936849	.2586347	0
1003.15	0	.5471387	.1940129	.2588483	0
1002.15	0	.5466013	.1943374	.2590613	0
1001.15	0	.5460681	.1946584	.2592735	0
1000.15	0	.5455392	.1949758	.259485	0
999.15	0	.5450145	.1952897	.2596958	0
998.15	0	.5444942	.1955999	.2599059	0
997.15	0	.5439781	.1959067	.2601153	0
996.15	0	.5434662	.1962098	.260324	0
995.15	0	.5429587	.1965094	.2605319	0
994.15	0	.5424555	.1968053	.2607392	0
993.15	0	.5419565	.1970977	.2609457	0
992.15	0	.5414619	.1973866	.2611516	0
991.15	0	.5409716	.1976718	.2613567	0
990.15	0	.5404856	.1979534	.261561	0
989.15	0	.5400039	.1982314	.2617647	0
988.15	0	.5395266	.1985058	.2619676	0
987.15	0	.5390536	.1987766	.2621698	0
986.15	0	.538585	.1990438	.2623713	0
985.15	0	.5381207	.1993073	.262572	0
984.15	0	.5376607	.1995673	.262772	0
983.15	0	.5372051	.1998236	.2629713	0
982.15	0	.5367539	.2000763	.2631698	0
981.15	0	.5363071	.2003254	.2633676	0
980.15	0	.5358646	.2005708	.2635646	0
979.15	0	.5354265	.2008127	.2637609	0
978.15	0	.5349928	.2010509	.2639564	0
977.15	0	.5345634	.2012854	.2641512	0
976.15	0	.5341385	.2015163	.2643452	0
975.15	0	.5337179	.2017436	.2645384	0
974.15	0	.5333018	.2019673	.2647309	0
973.15	0	.5328901	.2021873	.2649226	0
972.15	0	.5324827	.2024037	.2651135	0
971.15	0	.5320798	.2026165	.2653037	0
970.15	0	.5316812	.2028257	.2654931	0
969.15	0	.5312871	.2030312	.2656817	0
968.15	0	.5308974	.2032331	.2658695	0
967.15	0	.5305121	.2034314	.2660565	0
966.15	0	.5301312	.203626	.2662427	0
965.15	0	.5297548	.2038171	.2664282	0
964.15	0	.5293827	.2040045	.2666128	0
963.15	0	.5290151	.2041883	.2667966	0
962.15	0	.5286519	.2043685	.2669796	0
961.15	0	.5282931	.2045451	.2671618	0
960.15	0	.5279387	.2047182	.2673432	0
959.15	0	.5275887	.2048876	.2675237	0
958.15	0	.5272431	.2050534	.2677034	0
957.15	0	.526902	.2052157	.2678823	0
956.15	0	.5265652	.2053744	.2680603	0
955.15	0	.5262329	.2055296	.2682375	0
954.15	0	.525905	.2056812	.2684139	0
953.15	0	.5255814	.2058292	.2685894	0
952.15	0	.5252623	.2059738	.268764	0
951.15	0	.5249475	.2061148	.2689377	0
950.15	0	.5246371	.2062523	.2691106	0
949.15	0	.5243311	.2063863	.2692826	0
948.15	0	.5240295	.2065168	.2694537	0
947.15	0	.5237322	.2066438	.269624	0
946.15	0	.5234393	.2067674	.2697933	0
945.15	0	.5231507	.2068876	.2699617	0
944.15	0	.5228665	.2070043	.2701292	0
943.15	0	.5225866	.2071176	.2702958	0
942.15	0	.522311	.2072275	.2704615	0
941.15	0	.5220397	.2073341	.2706263	0
940.15	0	.5217727	.2074372	.2707901	0
939.15	0	.52151	.2075371	.2709529	0
938.15	0	.5212516	.2076336	.2711148	0
937.15	0	.5209974	.2077268	.2712758	0
936.15	0	.5207474	.2078168	.2714358	0
935.15	0	.5205017	.2079035	.2715948	0
934.15	0	.5202602	.207987	.2717528	0
933.15	0	.5200229	.2080673	.2719098	0
932.15	0	.5197898	.2081444	.2720659	0
931.15	0	.5195608	.2082183	.2722209	0
930.15	0	.519336	.2082892	.2723749	0
929.15	0	.5191152	.2083569	.2725279	0
928.15	0	.5188986	.2084216	.2726798	0
927.15	0	.518686	.2084833	.2728307	0
926.15	0	.5184775	.208542	.2729805	0
925.15	0	.518273	.2085977	.2731292	0
924.15	0	.5180725	.2086506	.2732769	0
923.15	0	.517876	.2087005	.2734235	0
922.15	0	.5176834	.2087476	.273569	0
921.15	0	.5174947	.2087919	.2737134	0
920.15	0	.5173099	.2088335	.2738567	0
919.15	0	.5171289	.2088723	.2739988	0
918.15	0	.5169517	.2089085	.2741398	0
917.15	0	.5167783	.2089421	.2742796	0
916.15	0	.5166087	.208973	.2744183	0
915.15	0	.5164427	.2090015	.2745558	0
914.15	0	.5162804	.2090275	.2746921	0
913.15	0	.5161218	.2090511	.2748271	0
912.15	0	.5159667	.2090724	.274961	0
911.15	0	.5158151	.2090913	.2750936	0
910.15	0	.515667	.209108	.275225	0
909.15	0	.5155224	.2091226	.2753551	0
908.15	0	.5153811	.209135	.2754839	0
907.15	0	.5152432	.2091454	.2756114	0
906.15	0	.5151085	.2091539	.2757377	0
905.15	0	.5149771	.2091604	.2758625	0
904.15	0	.5148488	.2091651	.2759861	0
903.15	0	.5147237	.2091681	.2761082	0
902.15	0	.5146015	.2091694	.276229	0
901.15	0	.5144824	.2091692	.2763485	0
900.15	0	.5143662	.2091674	.2764664	0
899.15	0	.5142528	.2091642	.276583	0
898.15	0	.5141421	.2091598	.2766981	0
897.15	0	.5140342	.2091541	.2768117	0
896.15	0	.5139289	.2091473	.2769238	0
895.15	0	.5138261	.2091395	.2770344	0
894.15	0	.5137258	.2091308	.2771434	0
893.15	0	.5136278	.2091213	.2772509	0
892.15	0	.5135321	.2091111	.2773568	0
891.15	0	.5134385	.2091004	.2774611	0
890.15	0	.5133471	.2090892	.2775638	0
889.15	0	.5132576	.2090777	.2776647	0
888.15	0	.51317	.209066	.277764	0
887.15	0	.5130842	.2090543	.2778616	0
886.15	0	.513	.2090426	.2779574	0
885.15	0	.5129173	.2090312	.2780514	0
884.15	0	.5128361	.2090202	.2781437	0
883.15	0	.5127561	.2090098	.2782341	0
882.15	0	.5126774	.2090001	.2783226	0
881.15	0	.5125996	.2089913	.2784091	0
880.15	0	.5125227	.2089835	.2784938	0
879.15	0	.5124465	.2089771	.2785765	0
878.15	0	.5123709	.208972	.2786571	0
877.15	0	.5122957	.2089686	.2787357	0
876.15	0	.5122208	.2089671	.2788121	0
875.15	0	.5121459	.2089677	.2788864	0
874.15	0	.5120709	.2089706	.2789585	0
873.15	0	.5119956	.208976	.2790284	0
872.15	0	.5119198	.2089843	.279096	0
871.15	0	.5118432	.2089956	.2791612	0
870.15	0	.5117658	.2090103	.279224	0
869.15	0	.5116872	.2090285	.2792843	0
868.15	0	.5116071	.2090508	.2793421	0
867.15	0	.5115254	.2090772	.2793973	0
866.15	0	.5114418	.2091083	.2794499	0
865.15	0	.511356	.2091443	.2794997	0
864.15	0	.5112676	.2091856	.2795467	0
863.15	0	.5111765	.2092327	.2795909	0
862.15	0	.5110822	.2092858	.279632	0
861.15	0	.5109844	.2093455	.2796701	0
860.15	0	.5108827	.2094123	.279705	0
859.15	0	.5107768	.2094866	.2797366	0
858.15	0	.5106662	.209569	.2797649	0
857.15	0	.5105504	.20966	.2797896	0
856.15	0	.5102874	.2099242	.2797884	0
855.15	0	.5098465	.2103988	.2797548	0
854.15	0	.5094438	.2108338	.2797224	0
853.15	0	.5090769	.211232	.2796911	0
852.15	0	.5087434	.2115957	.2796608	0
851.15	0	.5084414	.2119271	.2796315	0
850.15	0	.5081687	.2122284	.2796029	0
849.15	0	.5079237	.2125013	.279575	0
848.15	0	.5077045	.2127478	.2795478	0
847.15	0	.5075096	.2129693	.2795211	0
846.15	0	.5073376	.2131676	.2794949	0
845.15	0	.507187	.2133439	.2794691	0
844.15	0	.5070566	.2134997	.2794437	0
843.15	0	.5069451	.2136362	.2794187	0
842.15	0	.5068514	.2137547	.2793939	0
841.15	0	.5067745	.2138561	.2793694	0
840.15	0	.5067134	.2139416	.2793451	0
839.15	0	.506667	.214012	.279321	0
838.15	0	.5066345	.2140685	.279297	0
837.15	0	.5066152	.2141118	.2792731	0
836.15	0	.506608	.2141427	.2792493	0
835.15	0	.5066124	.214162	.2792256	0
834.15	0	.5066277	.2141704	.2792019	0
833.15	0	.506653	.2141687	.2791783	0
832.15	0	.5066879	.2141574	.2791546	0
831.15	0	.5067317	.2141373	.279131	0
830.15	0	.5067839	.2141088	.2791073	0
829.15	0	.5068438	.2140725	.2790837	0
828.15	0	.5069111	.214029	.2790599	0
827.15	0	.5069852	.2139787	.2790361	0
826.15	0	.5070656	.2139221	.2790123	0
825.15	0	.507152	.2138596	.2789884	0
824.15	0	.5072439	.2137917	.2789644	0
823.15	0	.507341	.2137188	.2789403	0
822.15	0	.5074428	.2136411	.2789161	0
821.15	0	.507549	.2135592	.2788918	0
820.15	0	.5076593	.2134732	.2788675	0
819.15	0	.5077734	.2133836	.278843	0
818.15	0	.507891	.2132906	.2788184	0
817.15	0	.5080117	.2131946	.2787937	0
816.15	0	.5081354	.2130957	.2787689	0
815.15	0	.5082617	.2129943	.2787439	0
814.15	0	.5083905	.2128906	.2787189	0
813.15	0	.5085215	.2127848	.2786937	0
812.15	0	.5086545	.2126771	.2786684	0
811.15	0	.5087893	.2125677	.278643	0
810.15	0	.5089256	.2124569	.2786175	0
809.15	0	.5090634	.2123448	.2785918	0
808.15	0	.5092024	.2122316	.278566	0
807.15	0	.5093425	.2121175	.2785401	0
806.15	0	.5094834	.2120025	.2785141	0
805.15	0	.5096252	.2118869	.2784879	0
804.15	0	.5097676	.2117708	.2784616	0
803.15	0	.5099105	.2116543	.2784352	0
802.15	0	.5100537	.2115376	.2784086	0
801.15	0	.5101973	.2114207	.278382	0
800.15	0	.510341	.2113038	.2783552	0
799.15	0	.5104847	.211187	.2783283	0
798.15	0	.5106284	.2110703	.2783013	0
797.15	0	.5107719	.210954	.2782742	0
796.15	0	.5109152	.2108379	.2782469	0
795.15	0	.5110582	.2107223	.2782195	0
794.15	0	.5112008	.2106072	.278192	0
793.15	0	.5113429	.2104926	.2781644	0
792.15	0	.5114846	.2103787	.2781367	0
791.15	0	.5116256	.2102655	.2781089	0
790.15	0	.511766	.2101531	.278081	0
789.15	0	.5119057	.2100414	.2780529	0
788.15	0	.5120446	.2099307	.2780247	0
787.15	0	.5121827	.2098208	.2779965	0
786.15	0	.51232	.2097119	.2779681	0
785.15	0	.5124563	.2096041	.2779396	0
784.15	0	.5125918	.2094972	.277911	0
783.15	0	.5127262	.2093914	.2778823	0
782.15	0	.5128597	.2092868	.2778536	0
781.15	0	.5129921	.2091832	.2778247	0
780.15	0	.5131235	.2090808	.2777957	0
779.15	0	.5132538	.2089796	.2777666	0
778.15	0	.513383	.2088796	.2777374	0
777.15	0	.513511	.2087809	.2777081	0
776.15	0	.5136379	.2086834	.2776787	0
775.15	0	.5137636	.2085871	.2776493	0
774.15	0	.5138881	.2084922	.2776197	0
773.15	0	.5140114	.2083985	.2775901	0
772.15	0	.5141335	.2083061	.2775603	0
771.15	0	.5142544	.2082151	.2775305	0
770.15	0	.514374	.2081254	.2775006	0
769.15	0	.5144924	.2080371	.2774706	0
768.15	0	.5146095	.20795	.2774405	0
767.15	0	.5147253	.2078644	.2774103	0
766.15	0	.5148399	.2077801	.27738	0
765.15	0	.5149532	.2076971	.2773497	0
764.15	0	.5150652	.2076155	.2773193	0
763.15	0	.515176	.2075353	.2772887	0
762.15	0	.5152854	.2074564	.2772582	0
761.15	0	.5153936	.207379	.2772275	0
760.15	0	.5155004	.2073028	.2771967	0
759.15	0	.515606	.2072281	.2771659	0
758.15	0	.5157103	.2071546	.277135	0
757.15	0	.5158134	.2070826	.277104	0
756.15	0	.5159151	.2070119	.277073	0
755.15	0	.5160155	.2069426	.2770419	0
754.15	0	.5161147	.2068746	.2770107	0
753.15	0	.5162127	.2068079	.2769794	0
752.15	0	.5163093	.2067426	.2769481	0
751.15	0	.5164047	.2066786	.2769167	0
750.15	0	.5164988	.2066159	.2768852	0
749.15	0	.5165917	.2065546	.2768537	0
748.15	0	.5166834	.2064946	.276822	0
747.15	0	.5167738	.2064358	.2767904	0
746.15	0	.516863	.2063784	.2767586	0
745.15	0	.5169509	.2063223	.2767268	0
744.15	0	.5170377	.2062674	.2766949	0
743.15	0	.5171232	.2062138	.276663	0
742.15	0	.5172075	.2061615	.276631	0
741.15	0	.5172907	.2061104	.2765989	0
740.15	0	.5173726	.2060605	.2765668	0
739.15	0	.5174534	.2060119	.2765346	0
738.15	0	.5175331	.2059646	.2765024	0
737.15	0	.5176115	.2059184	.2764701	0
736.15	0	.5176888	.2058735	.2764377	0
735.15	0	.517765	.2058297	.2764053	0
734.15	0	.51784	.2057872	.2763728	0
733.15	0	.5179139	.2057458	.2763403	0
732.15	0	.5179868	.2057056	.2763077	0
731.15	0	.5180585	.2056665	.276275	0
730.15	0	.5181291	.2056286	.2762423	0
729.15	0	.5181986	.2055918	.2762096	0
728.15	0	.5182671	.2055562	.2761768	0
727.15	0	.5183345	.2055216	.2761439	0
726.15	0	.5184008	.2054882	.276111	0
725.15	0	.5184661	.2054559	.2760781	0
724.15	0	.5185303	.2054246	.2760451	0
723.15	0	.5185935	.2053945	.276012	0
722.15	0	.5186558	.2053654	.2759789	0
721.15	0	.5187188	.205336	.2759452	0
720.15	0	.5187789	.2053091	.275912	0
719.15	0	.5188379	.2052833	.2758788	0
718.15	0	.518896	.2052584	.2758456	0
717.15	0	.5189532	.2052346	.2758122	0
716.15	0	.5190094	.2052117	.2757789	0
715.15	0	.5190646	.2051899	.2757455	0
714.15	0	.519119	.205169	.275712	0
713.15	0	.5191724	.2051491	.2756785	0
712.15	0	.5192248	.2051302	.275645	0
711.15	0	.5192764	.2051122	.2756114	0
710.15	0	.5193271	.2050951	.2755778	0
709.15	0	.5193769	.205079	.2755441	0
708.15	0	.5194258	.2050638	.2755104	0
707.15	0	.5194739	.2050495	.2754767	0
706.15	0	.519521	.2050361	.2754429	0
705.15	0	.5195674	.2050235	.2754091	0
704.15	0	.5196129	.2050119	.2753752	0
703.15	0	.5196575	.2050012	.2753413	0
702.15	0	.5197013	.2049913	.2753074	0
701.15	0	.5197444	.2049822	.2752734	0
700.15	0	.5197866	.204974	.2752394	0
699.15	0	.519828	.2049667	.2752054	0
698.15	0	.5198686	.2049602	.2751713	0
697.15	0	.5199084	.2049544	.2751372	0
696.15	0	.5199474	.2049495	.275103	0
695.15	0	.5199857	.2049454	.2750688	0
694.15	0	.5200233	.2049421	.2750346	0
693.15	0	.52006	.2049396	.2750004	0
692.15	0	.5200961	.2049378	.2749661	0
691.15	0	.5201314	.2049368	.2749318	0
690.15	0	.5201659	.2049366	.2748975	0
689.15	0	.5201998	.2049371	.2748632	0
688.15	0	.5202329	.2049383	.2748288	0
687.15	0	.5202654	.2049403	.2747944	0
686.15	0	.5202971	.204943	.2747599	0
685.15	0	.5203281	.2049464	.2747255	0
684.15	0	.5203585	.2049505	.274691	0
683.15	0	.5203882	.2049553	.2746565	0
682.15	0	.5204173	.2049608	.2746219	0
681.15	0	.5204456	.204967	.2745874	0
680.15	0	.5204733	.2049738	.2745528	0
679.15	0	.5205004	.2049814	.2745182	0
678.15	0	.5205269	.2049895	.2744836	0
677.15	0	.5205527	.2049984	.274449	0
676.15	0	.5205779	.2050078	.2744143	0
675.15	0	.5206025	.2050179	.2743796	0
674.15	0	.5206264	.2050287	.2743449	0
673.15	0	.5206498	.20504	.2743102	0
672.15	0	.5206726	.205052	.2742755	0
671.15	0	.5206947	.2050645	.2742407	0
670.15	0	.5207163	.2050777	.274206	0
669.15	0	.5207374	.2050914	.2741712	0
668.15	0	.5207578	.2051058	.2741364	0
667.15	0	.5207777	.2051207	.2741016	0
666.15	0	.520797	.2051362	.2740668	0
665.15	0	.5208158	.2051522	.274032	0
664.15	0	.5208341	.2051688	.2739971	0
663.15	0	.5208518	.205186	.2739623	0
662.15	0	.520869	.2052036	.2739274	0
661.15	0	.5208856	.2052219	.2738925	0
660.15	0	.5209018	.2052406	.2738576	0
659.15	0	.5209174	.2052599	.2738227	0
658.15	0	.5209325	.2052797	.2737878	0
657.15	0	.5209471	.2053	.2737529	0
656.15	0	.5209612	.2053208	.273718	0
655.15	0	.5209749	.205342	.2736831	0
654.15	0	.520988	.2053638	.2736482	0
653.15	0	.5210007	.2053861	.2736132	0
652.15	0	.5210129	.2054088	.2735783	0
651.15	0	.5210246	.205432	.2735433	0
650.15	0	.5210359	.2054557	.2735084	0
649.15	0	.5210467	.2054799	.2734735	0
648.15	0	.5210571	.2055044	.2734385	0
647.15	0	.521067	.2055295	.2734035	0
646.15	0	.5210765	.205555	.2733686	0
645.15	0	.5210855	.2055809	.2733336	0
644.15	0	.5210941	.2056072	.2732987	0
643.15	0	.5211023	.205634	.2732637	0
642.15	0	.5211101	.2056611	.2732288	0
641.15	0	.5211174	.2056887	.2731938	0
640.15	0	.5211244	.2057168	.2731589	0
639.15	0	.5211309	.2057452	.2731239	0
638.15	0	.521137	.2057739	.273089	0
637.15	0	.5211428	.2058031	.2730541	0
636.15	0	.5211481	.2058327	.2730191	0
635.15	0	.5211531	.2058627	.2729842	0
634.15	0	.5211577	.205893	.2729493	0
633.15	0	.5211619	.2059237	.2729144	0
632.15	0	.5211657	.2059548	.2728795	0
631.15	0	.5211692	.2059862	.2728446	0
630.15	0	.5211723	.206018	.2728097	0
629.15	0	.521175	.2060501	.2727748	0
628.15	0	.5211774	.2060826	.27274	0
627.15	0	.5211795	.2061154	.2727051	0
626.15	0	.5211812	.2061486	.2726703	0
625.15	0	.5211825	.206182	.2726354	0
624.15	0	.5211835	.2062158	.2726006	0
623.15	0	.5211842	.20625	.2725658	0
622.15	0	.5211846	.2062844	.272531	0
621.15	0	.5211846	.2063192	.2724962	0
620.15	0	.5211843	.2063542	.2724615	0
619.15	0	.5211837	.2063896	.2724267	0
618.15	0	.5211828	.2064253	.272392	0
617.15	0	.5211815	.2064612	.2723573	0
616.15	0	.52118	.2064974	.2723226	0
615.15	0	.5211781	.206534	.2722879	0
614.15	0	.521176	.2065708	.2722532	0
613.15	0	.5211736	.2066079	.2722186	0
612.15	0	.5211708	.2066452	.272184	0
611.15	0	.5211678	.2066828	.2721493	0
610.15	0	.5211645	.2067207	.2721148	0
609.15	0	.5211609	.2067589	.2720802	0
608.15	0	.5211571	.2067973	.2720457	0
607.15	0	.521153	.2068359	.2720111	0
606.15	0	.5211486	.2068748	.2719766	0
605.15	0	.5211439	.2069139	.2719422	0
604.15	0	.521139	.2069533	.2719077	0
603.15	0	.5211338	.2069929	.2718733	0
602.15	0	.5211284	.2070328	.2718389	0
601.15	0	.5211227	.2070728	.2718045	0
600.15	0	.5211167	.2071131	.2717702	0
599.15	0	.5211105	.2071536	.2717358	0
598.15	0	.5211041	.2071944	.2717016	0
597.15	0	.5210974	.2072353	.2716673	0
596.15	0	.5210905	.2072764	.271633	0
595.15	0	.5210834	.2073178	.2715989	0
594.15	0	.521076	.2073593	.2715647	0
593.15	0	.5210684	.2074011	.2715305	0
592.15	0	.5210606	.207443	.2714964	0
591.15	0	.5210525	.2074851	.2714623	0
590.15	0	.5210443	.2075274	.2714283	0
589.15	0	.5210358	.2075699	.2713943	0
588.15	0	.5210271	.2076126	.2713603	0
587.15	0	.5210182	.2076555	.2713263	0
586.15	0	.5210091	.2076985	.2712924	0
585.15	0	.5209998	.2077417	.2712585	0
584.15	0	.5209903	.207785	.2712247	0
583.15	0	.5209806	.2078286	.2711909	0
582.15	0	.5209707	.2078722	.2711571	0
581.15	0	.5209606	.2079161	.2711234	0
580.15	0	.5209503	.20796	.2710897	0
579.15	0	.5209398	.2080042	.271056	0
578.15	0	.5209291	.2080484	.2710224	0
577.15	0	.5209183	.2080929	.2709888	0
576.15	0	.5209073	.2081374	.2709553	0
575.15	0	.5208961	.2081821	.2709218	0
574.15	0	.5208847	.208227	.2708884	0
573.15	0	.5208731	.2082719	.2708549	0
572.15	0	.5208614	.208317	.2708216	0
571.15	0	.5208495	.2083622	.2707883	0
570.15	0	.5208375	.2084076	.270755	0
569.15	0	.5208253	.208453	.2707217	0
568.15	0	.5208129	.2084986	.2706885	0
567.15	0	.5208004	.2085443	.2706554	0
566.15	0	.5207877	.20859	.2706223	0
565.15	0	.5207748	.2086359	.2705892	0
564.15	0	.5207618	.2086819	.2705562	0
563.15	0	.5207487	.208728	.2705233	0
562.15	0	.5207354	.2087742	.2704904	0
561.15	0	.520722	.2088205	.2704575	0
560.15	0	.5207084	.2088669	.2704247	0
559.15	0	.5206947	.2089134	.2703919	0
558.15	0	.5206809	.2089599	.2703592	0
557.15	0	.5206669	.2090066	.2703266	0
556.15	0	.5206527	.2090533	.270294	0
555.15	0	.5206385	.2091001	.2702614	0
554.15	0	.5206241	.209147	.2702289	0
553.15	0	.5206096	.2091939	.2701964	0
552.15	0	.520595	.209241	.270164	0
551.15	0	.5205802	.2092881	.2701317	0
550.15	0	.5205654	.2093352	.2700994	0
549.15	0	.5205504	.2093824	.2700672	0
548.15	0	.5205353	.2094297	.270035	0
547.15	0	.52052	.2094771	.2700029	0
546.15	0	.5205047	.2095245	.2699708	0
545.15	0	.5204893	.2095719	.2699388	0
544.15	0	.5204737	.2096194	.2699069	0
543.15	0	.520458	.209667	.269875	0
542.15	0	.5204423	.2097145	.2698432	0
541.15	0	.5204264	.2097622	.2698114	0
540.15	0	.5204104	.2098099	.2697797	0
539.15	0	.5203944	.2098576	.2697481	0
538.15	0	.5203782	.2099053	.2697165	0
537.15	0	.5203619	.2099531	.269685	0
536.15	0	.5203455	.2100009	.2696535	0
535.15	0	.5203291	.2100488	.2696221	0
534.15	0	.5203125	.2100967	.2695908	0
533.15	0	.5202959	.2101446	.2695595	0
532.15	0	.5202792	.2101925	.2695283	0
531.15	0	.5202624	.2102405	.2694972	0
530.15	0	.5202455	.2102884	.2694661	0
529.15	0	.5202285	.2103364	.2694351	0
528.6804	0	.5202205	.2103589	.2694206	0
528.6804	0	.5202205	.2103589	.2694206	0
528.6804	0	.5202205	.2103589	.2694206	0
528.15	0	.5203583	.2100569	.2692531	3.317731E-04
527.15	0	.5206166	.2094895	.268938	9.558863E-04
526.15	0	.5208731	.2089248	.2686239	.001578156
525.15	0	.5211279	.2083626	.2683108	.0021986
524.15	0	.521381	.2078031	.2679987	.002817235
523.15	0	.5216323	.207246	.2676876	.00343408
522.15	0	.5218819	.2066915	.2673774	.004049149
521.15	0	.5221299	.2061394	.2670682	.004662461
520.15	0	.5223762	.2055898	.26676	.005274031
519.15	0	.522621	.2050425	.2664526	.005883876
518.15	0	.5228641	.2044977	.2661462	.006492013
517.15	0	.5231056	.2039552	.2658407	.007098457
516.15	0	.5233456	.203415	.2655362	.007703224
515.15	0	.523584	.2028771	.2652325	.00830633
514.15	0	.523821	.2023415	.2649298	.00890779
513.15	0	.5240564	.201808	.2646279	.009507619
512.15	0	.5242904	.2012768	.2643269	.01010583
511.15	0	.524523	.2007478	.2640268	.01070245
510.15	0	.5247541	.2002209	.2637276	.01129747
509.15	0	.5249838	.1996961	.2634292	.01189093
508.15	0	.5252121	.1991734	.2631317	.01248283
507.15	0	.5254391	.1986527	.262835	.01307319
506.15	0	.5256647	.1981341	.2625392	.01366203
505.15	0	.525889	.1976175	.2622442	.01424934
504.15	0	.5261119	.1971029	.26195	.01483516
503.15	0	.5263336	.1965902	.2616567	.01541949
502.15	0	.526554	.1960794	.2613642	.01600236
501.15	0	.5267732	.1955706	.2610725	.01658376
500.15	0	.5269911	.1950637	.2607815	.01716371
499.15	0	.5272078	.1945585	.2604914	.01774224
498.15	0	.5274233	.1940553	.2602021	.01831934
497.15	0	.5276376	.1935538	.2599135	.01889504
496.15	0	.5278508	.1930542	.2596258	.01946935
495.15	0	.5280627	.1925562	.2593388	.02004227
494.15	0	.5282736	.1920601	.2590525	.02061383
493.15	0	.5284833	.1915656	.258767	.02118403
492.15	0	.528692	.1910728	.2584823	.02175289
491.15	0	.5288995	.1905817	.2581983	.02232041
490.15	0	.5291061	.1900923	.257915	.02288665
489.15	0	.5293115	.1896044	.2576325	.02345155
488.15	0	.5295159	.1891182	.2573507	.02401515
487.15	0	.5297193	.1886336	.2570697	.02457747
486.15	0	.5299216	.1881505	.2567894	.02513852
485.15	0	.5301229	.187669	.2565098	.02569831
484.15	0	.5303233	.187189	.2562309	.02625685
483.15	0	.5305227	.1867105	.2559527	.02681415
482.15	0	.5307211	.1862335	.2556752	.02737022
481.15	0	.5309186	.1857579	.2553984	.02792508
480.15	0	.5311152	.1852838	.2551223	.02847874
479.15	0	.5313109	.1848111	.2548469	.02903119
478.15	0	.5315056	.1843398	.2545721	.02958247
477.15	0	.5316995	.1838699	.254298	.03013257
476.15	0	.5318925	.1834013	.2540246	.03068151
475.15	0	.5320847	.1829342	.2537519	.0312293
474.15	0	.5322759	.1824683	.2534798	.03177595
473.15	0	.5324664	.1820037	.2532084	.03232146
472.15	0	.532656	.1815405	.2529376	.03286586
471.15	0	.5328449	.1810785	.2526675	.03340914
470.15	0	.5330329	.1806178	.252398	.03395132
469.15	0	.5332201	.1801583	.2521292	.03449241
468.15	0	.5334066	.1797	.251861	.03503242
467.15	0	.5335923	.179243	.2515934	.03557135
466.15	0	.5337772	.1787871	.2513265	.03610922
465.15	0	.5339614	.1783324	.2510601	.03664604
464.15	0	.5341449	.1778789	.2507944	.03718182
463.15	0	.5343277	.1774265	.2505293	.03771656
462.15	0	.5345097	.1769752	.2502648	.03825027
461.15	0	.5346911	.1765251	.2500009	.03878297
460.15	0	.5348717	.176076	.2497376	.03931466
459.15	0	.5350517	.175628	.2494749	.03984535
458.15	0	.535231	.1751811	.2492128	.04037505
457.15	0	.5354097	.1747352	.2489513	.04090378
456.15	0	.5355877	.1742904	.2486904	.04143153
455.15	0	.5357651	.1738466	.24843	.04195831
454.15	0	.5359419	.1734037	.2481703	.04248414
453.15	0	.536118	.1729619	.2479111	.04300903
452.15	0	.5362936	.172521	.2476524	.04353297
451.15	0	.5364685	.1720811	.2473944	.04405599
450.15	0	.5366429	.1716422	.2471369	.04457808
449.15	0	.5368167	.1712041	.2468799	.04509927
448.15	0	.5369899	.1707669	.2466236	.04561956
447.15	0	.5371626	.1703306	.2463678	.04613896
446.15	0	.5373348	.1698952	.2461125	.04665746
445.15	0	.5375064	.1694607	.2458578	.04717509
444.15	0	.5376776	.169027	.2456036	.04769185
443.15	0	.5378482	.1685941	.24535	.04820776
442.15	0	.5380183	.168162	.2450969	.04872281
441.15	0	.5381879	.1677307	.2448443	.04923702
440.15	0	.5383571	.1673002	.2445923	.04975039
