T	 BPW(LIQUID)	BPW(BCC_A2)	BPW(FCC_A1)	BPW(LAVES_PHASE_C14)	BPW(NI3TI)
1473.15	.7041406	.2004785	0	.09538089	0
1472.15	.6955866	.2062935	0	.09811993	0
1471.15	.6871894	.2119988	0	.1008118	0
1470.15	.6789448	.2175973	0	.1034578	0
1469.15	.6708489	.2230919	0	.1060592	0
1468.15	.6628976	.2284852	0	.1086172	0
1467.15	.6550873	.2337797	0	.1111329	0
1466.15	.6474143	.2389781	0	.1136075	0
1465.15	.6398751	.2440828	0	.1160421	0
1464.15	.6324663	.2490961	0	.1184376	0
1463.15	.6251846	.2540202	0	.1207952	0
1462.15	.6180269	.2588574	0	.1231157	0
1461.15	.61099	.2636098	0	.1254002	0
1460.15	.6040709	.2682795	0	.1276496	0
1459.15	.5972669	.2728685	0	.1298646	0
1458.15	.590575	.2773787	0	.1320463	0
1457.15	.5839926	.281812	0	.1341954	0
1456.15	.5775171	.2861702	0	.1363127	0
1455.15	.5711459	.290455	0	.1383991	0
1454.15	.5648766	.2946682	0	.1404551	0
1453.15	.5587068	.2988115	0	.1424817	0
1452.15	.5526341	.3028864	0	.1444795	0
1451.15	.5466563	.3068946	0	.1464492	0
1450.15	.5407712	.3108374	0	.1483914	0
1449.15	.5349768	.3147165	0	.1503068	0
1448.15	.5292709	.3185331	0	.152196	0
1447.15	.5236516	.3222888	0	.1540596	0
1446.15	.5181169	.3259848	0	.1558983	0
1445.15	.512665	.3296225	0	.1577125	0
1444.15	.507294	.3332031	0	.1595029	0
1443.15	.5020021	.3367279	0	.16127	0
1442.15	.4967877	.3401981	0	.1630142	0
1441.15	.491649	.3436148	0	.1647362	0
1440.15	.4865845	.3469792	0	.1664364	0
1439.15	.4815924	.3502923	0	.1681152	0
1438.15	.4766714	.3535553	0	.1697732	0
1437.15	.4718199	.3567693	0	.1714108	0
1436.15	.4670364	.3599351	0	.1730285	0
1435.15	.4623196	.3630538	0	.1746266	0
1434.15	.457668	.3661265	0	.1762056	0
1433.15	.4530803	.3691539	0	.1777659	0
1432.15	.4485552	.372137	0	.1793078	0
1431.15	.4440913	.3750768	0	.1808319	0
1430.15	.4396876	.377974	0	.1823383	0
1429.15	.4353428	.3808296	0	.1838276	0
1428.15	.4310556	.3836443	0	.1853001	0
1427.15	.426825	.386419	0	.186756	0
1426.15	.4226498	.3891544	0	.1881957	0
1425.15	.418529	.3918513	0	.1896197	0
1424.15	.4144615	.3945105	0	.1910281	0
1423.15	.4104461	.3971326	0	.1924213	0
1422.15	.4064821	.3997184	0	.1937996	0
1421.15	.4025683	.4022685	0	.1951632	0
1420.15	.3987037	.4047837	0	.1965126	0
1419.15	.3948876	.4072646	0	.1978478	0
1418.15	.3911189	.4097118	0	.1991693	0
1417.15	.3873967	.412126	0	.2004773	0
1416.15	.3837202	.4145077	0	.2017721	0
1415.15	.3800886	.4168576	0	.2030538	0
1414.15	.376501	.4191763	0	.2043228	0
1413.15	.3729565	.4214642	0	.2055792	0
1412.15	.3694545	.4237221	0	.2068234	0
1411.15	.3659941	.4259503	0	.2080556	0
1410.15	.3625746	.4281495	0	.2092759	0
1409.15	.3591953	.4303202	0	.2104845	0
1408.15	.3558554	.4324628	0	.2116818	0
1407.15	.3525542	.4345779	0	.2128679	0
1406.15	.3492911	.4366659	0	.214043	0
1405.15	.3460653	.4387273	0	.2152074	0
1404.15	.3428763	.4407626	0	.2163611	0
1403.15	.3397233	.4427723	0	.2175044	0
1402.15	.3366058	.4447567	0	.2186375	0
1401.15	.3335232	.4467163	0	.2197605	0
1400.15	.3304748	.4486515	0	.2208737	0
1399.15	.32746	.4505628	0	.2219772	0
1398.15	.3244783	.4524505	0	.2230711	0
1397.15	.3215292	.4543151	0	.2241557	0
1396.15	.318612	.4561568	0	.2252311	0
1395.15	.3157263	.4579762	0	.2262975	0
1394.15	.3128715	.4597736	0	.2273549	0
1393.15	.3100471	.4615492	0	.2284037	0
1392.15	.3072526	.4633036	0	.2294438	0
1391.15	.3044875	.465037	0	.2304755	0
1390.15	.3017514	.4667498	0	.2314988	0
1389.15	.2990437	.4684423	0	.232514	0
1388.15	.296364	.4701149	0	.2335212	0
1387.15	.2937118	.4717677	0	.2345204	0
1386.15	.2910868	.4734013	0	.2355119	0
1385.15	.2884884	.4750159	0	.2364958	0
1384.15	.2859162	.4766117	0	.2374721	0
1383.15	.2833699	.4781891	0	.238441	0
1382.15	.280849	.4797484	0	.2394026	0
1381.15	.2783532	.4812898	0	.240357	0
1380.15	.2758819	.4828136	0	.2413044	0
1379.15	.273435	.4843202	0	.2422449	0
1378.15	.2710118	.4858097	0	.2431785	0
1377.15	.2686122	.4872824	0	.2441054	0
1376.15	.2662358	.4887386	0	.2450256	0
1375.15	.2638821	.4901785	0	.2459394	0
1374.15	.2615509	.4916025	0	.2468467	0
1373.15	.2592418	.4930106	0	.2477476	0
1372.15	.2569544	.4944032	0	.2486424	0
1371.15	.2546885	.4957805	0	.249531	0
1370.15	.2524437	.4971427	0	.2504136	0
1369.15	.2502197	.49849	0	.2512902	0
1368.15	.2480163	.4998227	0	.252161	0
1367.15	.245833	.501141	0	.253026	0
1366.15	.2436696	.5024451	0	.2538853	0
1365.15	.2415258	.5037352	0	.254739	0
1364.15	.2394014	.5050115	0	.2555872	0
1363.15	.237296	.5062741	0	.2564299	0
1362.15	.2352093	.5075234	0	.2572673	0
1361.15	.2331411	.5087595	0	.2580994	0
1360.15	.2310912	.5099825	0	.2589263	0
1359.15	.2290592	.5111927	0	.259748	0
1358.15	.227045	.5123903	0	.2605647	0
1357.15	.2250482	.5135754	0	.2613764	0
1356.15	.2230687	.5147482	0	.2621832	0
1355.15	.221106	.5159089	0	.2629851	0
1354.15	.2191602	.5170576	0	.2637822	0
1353.15	.2172308	.5181945	0	.2645746	0
1352.15	.2153177	.5193199	0	.2653624	0
1351.15	.2134207	.5204337	0	.2661456	0
1350.15	.2115394	.5215363	0	.2669243	0
1349.15	.2096738	.5226277	0	.2676985	0
1348.15	.2078236	.5237081	0	.2684683	0
1347.15	.2059886	.5247777	0	.2692337	0
1346.15	.2041685	.5258366	0	.2699949	0
1345.15	.2023632	.5268849	0	.2707519	0
1344.15	.2005725	.5279229	0	.2715047	0
1343.15	.1987961	.5289505	0	.2722534	0
1342.15	.197034	.5299681	0	.272998	0
1341.15	.1952858	.5309756	0	.2737386	0
1340.15	.1935514	.5319733	0	.2744753	0
1339.15	.1918307	.5329613	0	.275208	0
1338.15	.1901234	.5339396	0	.2759369	0
1337.15	.1884294	.5349085	0	.2766621	0
1336.15	.1867485	.5358681	0	.2773834	0
1335.15	.1850805	.5368184	0	.2781011	0
1334.15	.1834252	.5377597	0	.2788151	0
1333.15	.1817826	.5386919	0	.2795255	0
1332.15	.1801524	.5396153	0	.2802324	0
1331.15	.1785344	.5405299	0	.2809357	0
1330.15	.1769285	.5414359	0	.2816355	0
1329.15	.1753346	.5423334	0	.282332	0
1328.15	.1737525	.5432225	0	.283025	0
1327.15	.1721821	.5441032	0	.2837147	0
1326.15	.1706231	.5449758	0	.2844011	0
1325.15	.1690755	.5458402	0	.2850842	0
1324.15	.1675392	.5466967	0	.2857641	0
1323.15	.1660139	.5475453	0	.2864409	0
1322.15	.1644995	.5483861	0	.2871145	0
1321.15	.1629959	.5492191	0	.2877849	0
1320.15	.161503	.5500446	0	.2884524	0
1319.15	.1600206	.5508626	0	.2891167	0
1318.15	.1585487	.5516732	0	.2897781	0
1317.15	.157087	.5524765	0	.2904366	0
1316.15	.1556354	.5532725	0	.2910921	0
1315.15	.1541939	.5540614	0	.2917447	0
1314.15	.1527622	.5548433	0	.2923945	0
1313.15	.1513404	.5556182	0	.2930414	0
1312.15	.1499282	.5563862	0	.2936856	0
1311.15	.1485255	.5571475	0	.294327	0
1310.15	.1471323	.557902	0	.2949657	0
1309.15	.1457484	.55865	0	.2956016	0
1308.15	.1443737	.5593914	0	.296235	0
1307.15	.1430081	.5601263	0	.2968657	0
1306.15	.1416514	.5608548	0	.2974938	0
1305.15	.1403037	.561577	0	.2981193	0
1304.15	.1389647	.562293	0	.2987423	0
1303.15	.1376344	.5630029	0	.2993628	0
1302.15	.1363126	.5637066	0	.2999807	0
1301.15	.1349994	.5644044	0	.3005963	0
1300.15	.1336944	.5650962	0	.3012094	0
1299.15	.1323952	.5657842	0	.3018206	0
1298.15	.1311067	.5664644	0	.3024289	0
1297.15	.1298263	.5671388	0	.3030349	0
1296.15	.1285539	.5678076	0	.3036385	0
1295.15	.1272893	.5684708	0	.3042399	0
1294.15	.1260326	.5691284	0	.304839	0
1293.15	.1247836	.5697806	0	.3054358	0
1292.15	.1235422	.5704274	0	.3060304	0
1291.15	.1223083	.5710689	0	.3066228	0
1290.15	.1210819	.5717051	0	.3072131	0
1289.15	.1198628	.572336	0	.3078011	0
1288.15	.118651	.5729619	0	.3083871	0
1287.15	.1174464	.5735826	0	.308971	0
1286.15	.116249	.5741983	0	.3095527	0
1285.15	.1150585	.5748091	0	.3101324	0
1284.15	.113875	.5754149	0	.3107101	0
1283.15	.1126984	.5760159	0	.3112857	0
1282.15	.1115285	.5766121	0	.3118594	0
1282.043	.1114042	.5766754	0	.3119204	0
1282.043	.1114042	.5766754	0	.3119204	0
1282.043	.1114042	.5766754	0	.3119204	0
1281.15	.1058686	.575046	.006286215	.3127992	0
1280.15	.09967569	.5732639	.01328596	.3137744	0
1279.15	.09348642	.5715257	.0202472	.3147407	0
1278.15	.08730049	.5698309	.02717046	.3156981	0
1277.15	.08111768	.5681792	.03405625	.3166469	0
1276.15	.07493775	.5665701	.04090508	.317587	0
1275.15	.06876048	.5650034	.04771745	.3185186	0
1274.15	.06258564	.5634787	.05449386	.3194418	0
1273.15	.05641303	.5619955	.0612348	.3203567	0
1272.15	.05024242	.5605535	.06794074	.3212633	0
1271.15	.04407363	.5591524	.07461215	.3221618	0
1270.15	.03790644	.5577919	.08124952	.3230522	0
1269.15	.03174066	.5564714	.08785329	.3239346	0
1268.15	.02557612	.5551908	.09442393	.3248091	0
1267.15	.01941261	.5539497	.1009619	.3256758	0
1266.15	.01324996	.5527477	.1074676	.3265348	0
1265.15	.007087999	.5515844	.1139415	.3273861	0
1264.15	9.265555E-04	.5504596	.120384	.3282299	0
1264	0	.5502937	.1213502	.3283561	0
1264	0	.5502937	.1213502	.3283561	0
1263.15	0	.549426	.1219027	.3286712	0
1262.15	0	.5484076	.1225512	.3290412	0
1261.15	0	.5473922	.1231975	.3294103	0
1260.15	0	.5463799	.1238418	.3297783	0
1259.15	0	.5453707	.124484	.3301454	0
1258.15	0	.5443644	.1251241	.3305115	0
1257.15	0	.5433612	.1257621	.3308767	0
1256.15	0	.542361	.1263981	.3312409	0
1255.15	0	.5413639	.127032	.3316041	0
1254.15	0	.5403697	.1276639	.3319664	0
1253.15	0	.5393785	.1282937	.3323278	0
1252.15	0	.5383904	.1289214	.3326882	0
1251.15	0	.5374052	.1295471	.3330477	0
1250.15	0	.536423	.1301708	.3334062	0
1249.15	0	.5354438	.1307924	.3337638	0
1248.15	0	.5344675	.131412	.3341205	0
1247.15	0	.5334942	.1320295	.3344763	0
1246.15	0	.5325238	.132645	.3348311	0
1245.15	0	.5315564	.1332585	.3351851	0
1244.15	0	.5305919	.13387	.3355381	0
1243.15	0	.5296304	.1344794	.3358902	0
1242.15	0	.5286717	.1350869	.3362414	0
1241.15	0	.527716	.1356923	.3365917	0
1240.15	0	.5267632	.1362957	.3369411	0
1239.15	0	.5258133	.1368971	.3372896	0
1238.15	0	.5248663	.1374965	.3376373	0
1237.15	0	.5239221	.1380939	.337984	0
1236.15	0	.5229809	.1386893	.3383299	0
1235.15	0	.5220425	.1392827	.3386748	0
1234.15	0	.521107	.1398741	.3390189	0
1233.15	0	.5201744	.1404635	.3393621	0
1232.15	0	.5192446	.1410509	.3397045	0
1231.15	0	.5183176	.1416364	.340046	0
1230.15	0	.5173935	.1422199	.3403866	0
1229.15	0	.5164723	.1428014	.3407263	0
1228.15	0	.5155538	.1433809	.3410652	0
1227.15	0	.5146382	.1439585	.3414033	0
1226.15	0	.5137254	.1445341	.3417405	0
1225.15	0	.5128155	.1451077	.3420768	0
1224.15	0	.5119083	.1456794	.3424123	0
1223.15	0	.5110039	.1462491	.342747	0
1222.15	0	.5101023	.1468169	.3430808	0
1221.15	0	.5092035	.1473827	.3434138	0
1220.15	0	.5083075	.1479466	.3437459	0
1219.15	0	.5074142	.1485085	.3440773	0
1218.15	0	.5065238	.1490685	.3444077	0
1217.15	0	.505636	.1496265	.3447374	0
1216.15	0	.5047511	.1501827	.3450663	0
1215.15	0	.5038689	.1507368	.3453943	0
1214.15	0	.5029894	.1512891	.3457215	0
1213.15	0	.5021127	.1518394	.3460479	0
1212.15	0	.5012387	.1523878	.3463735	0
1211.15	0	.5003675	.1529342	.3466983	0
1210.15	0	.4994989	.1534787	.3470223	0
1209.15	0	.4986331	.1540214	.3473455	0
1208.15	0	.49777	.1545621	.3476679	0
1207.15	0	.4969096	.1551009	.3479895	0
1206.15	0	.4960519	.1556377	.3483103	0
1205.15	0	.4951969	.1561727	.3486304	0
1204.15	0	.4943446	.1567058	.3489496	0
1203.15	0	.493495	.1572369	.3492681	0
1202.15	0	.4926481	.1577662	.3495858	0
1201.15	0	.4918038	.1582935	.3499027	0
1200.15	0	.4909622	.158819	.3502188	0
1199.15	0	.4901233	.1593426	.3505342	0
1198.15	0	.489287	.1598642	.3508487	0
1197.15	0	.4884534	.160384	.3511626	0
1196.15	0	.4876225	.1609019	.3514756	0
1195.15	0	.4867941	.1614179	.3517879	0
1194.15	0	.4859685	.161932	.3520995	0
1193.15	0	.4851454	.1624443	.3524103	0
1192.15	0	.484325	.1629547	.3527203	0
1191.15	0	.4835072	.1634631	.3530296	0
1190.15	0	.4826921	.1639698	.3533382	0
1189.15	0	.4818796	.1644745	.353646	0
1188.15	0	.4810696	.1649774	.353953	0
1187.15	0	.4802623	.1654783	.3542593	0
1186.15	0	.4794576	.1659775	.3545649	0
1185.15	0	.4786555	.1664748	.3548698	0
1184.15	0	.477856	.1669702	.3551739	0
1183.15	0	.477059	.1674637	.3554773	0
1182.15	0	.4762647	.1679554	.35578	0
1181.15	0	.4754729	.1684452	.3560819	0
1180.15	0	.4746837	.1689332	.3563831	0
1179.15	0	.4738971	.1694193	.3566836	0
1178.15	0	.473113	.1699036	.3569834	0
1177.15	0	.4723316	.170386	.3572825	0
1176.15	0	.4715526	.1708665	.3575809	0
1175.15	0	.4707763	.1713453	.3578785	0
1174.15	0	.4700024	.1718221	.3581755	0
1173.15	0	.4692311	.1722972	.3584717	0
1172.15	0	.4684624	.1727704	.3587672	0
1171.15	0	.4676962	.1732417	.3590621	0
1170.15	0	.4669326	.1737112	.3593562	0
1169.15	0	.4661714	.1741789	.3596497	0
1168.15	0	.4654128	.1746447	.3599424	0
1167.15	0	.4646568	.1751087	.3602345	0
1166.15	0	.4639032	.1755709	.3605259	0
1165.15	0	.4631522	.1760313	.3608166	0
1164.15	0	.4624036	.1764898	.3611066	0
1163.15	0	.4616576	.1769465	.3613959	0
1162.15	0	.4609141	.1774013	.3616846	0
1161.15	0	.4601731	.1778544	.3619725	0
1160.15	0	.4594346	.1783056	.3622598	0
1159.15	0	.4586986	.178755	.3625465	0
1158.15	0	.457965	.1792026	.3628324	0
1157.15	0	.457234	.1796483	.3631177	0
1156.15	0	.4565054	.1800922	.3634024	0
1155.15	0	.4557793	.1805344	.3636863	0
1154.15	0	.4550557	.1809747	.3639696	0
1153.15	0	.4543346	.1814132	.3642523	0
1152.15	0	.4536159	.1818499	.3645343	0
1151.15	0	.4528997	.1822847	.3648156	0
1150.15	0	.452186	.1827178	.3650963	0
1149.15	0	.4514747	.1831491	.3653763	0
1148.15	0	.4507659	.1835785	.3656556	0
1147.15	0	.4500595	.1840061	.3659344	0
1146.15	0	.4493556	.184432	.3662125	0
1145.15	0	.4486541	.184856	.3664899	0
1144.15	0	.4479551	.1852782	.3667667	0
1143.15	0	.4472585	.1856987	.3670429	0
1142.15	0	.4465643	.1861173	.3673184	0
1141.15	0	.4458726	.1865341	.3675933	0
1140.15	0	.4451833	.1869491	.3678675	0
1139.15	0	.4444965	.1873624	.3681412	0
1138.15	0	.443812	.1877738	.3684142	0
1137.15	0	.44313	.1881834	.3686865	0
1136.15	0	.4424504	.1885913	.3689583	0
1135.15	0	.4417733	.1889973	.3692294	0
1134.15	0	.4410985	.1894016	.3694999	0
1133.15	0	.4404262	.1898041	.3697698	0
1132.15	0	.4397562	.1902047	.3700391	0
1131.15	0	.4390887	.1906036	.3703077	0
1130.15	0	.4384236	.1910007	.3705757	0
1129.15	0	.4377608	.191396	.3708431	0
1128.15	0	.4371005	.1917895	.37111	0
1127.15	0	.4364426	.1921813	.3713762	0
1126.15	0	.435787	.1925712	.3716417	0
1125.15	0	.4351339	.1929594	.3719067	0
1124.15	0	.4344831	.1933458	.3721711	0
1123.15	0	.4338348	.1937304	.3724349	0
1122.15	0	.4331888	.1941132	.3726981	0
1121.15	0	.4325451	.1944942	.3729607	0
1120.15	0	.4319039	.1948735	.3732226	0
1119.15	0	.4312651	.1952509	.373484	0
1118.15	0	.4306286	.1956266	.3737448	0
1117.15	0	.4299944	.1960005	.374005	0
1116.15	0	.4293627	.1963727	.3742646	0
1115.15	0	.4287333	.196743	.3745236	0
1114.15	0	.4281063	.1971116	.3747821	0
1113.15	0	.4274817	.1974784	.3750399	0
1112.15	0	.4268594	.1978434	.3752972	0
1111.15	0	.4262395	.1982067	.3755539	0
1110.15	0	.4256219	.1985681	.37581	0
1109.15	0	.4250067	.1989278	.3760655	0
1108.15	0	.4243938	.1992857	.3763205	0
1107.15	0	.4237833	.1996419	.3765748	0
1106.15	0	.4231751	.1999963	.3768286	0
1105.15	0	.4225693	.2003489	.3770818	0
1104.15	0	.4219658	.2006997	.3773345	0
1103.15	0	.4213647	.2010487	.3775866	0
1102.15	0	.4207659	.201396	.3778381	0
1101.15	0	.4201695	.2017415	.378089	0
1100.15	0	.4195754	.2020853	.3783394	0
1099.15	0	.4189836	.2024273	.3785892	0
1098.15	0	.4183941	.2027674	.3788384	0
1097.15	0	.417807	.2031059	.3790871	0
1096.15	0	.4172222	.2034425	.3793352	0
1095.15	0	.4166398	.2037774	.3795828	0
1094.15	0	.4160597	.2041106	.3798298	0
1093.15	0	.4154819	.2044419	.3800762	0
1092.15	0	.4149064	.2047715	.3803221	0
1091.15	0	.4143332	.2050993	.3805674	0
1090.15	0	.4137624	.2054254	.3808122	0
1089.15	0	.4131939	.2057496	.3810564	0
1088.15	0	.4126277	.2060722	.3813001	0
1087.15	0	.4120639	.2063929	.3815432	0
1086.15	0	.4115023	.2067119	.3817858	0
1085.15	0	.4109431	.2070291	.3820279	0
1084.15	0	.4103861	.2073446	.3822693	0
1083.15	0	.4098315	.2076582	.3825103	0
1082.15	0	.4092792	.2079701	.3827507	0
1081.15	0	.4087292	.2082803	.3829905	0
1080.15	0	.4081815	.2085887	.3832298	0
1079.15	0	.4076361	.2088953	.3834686	0
1078.15	0	.407093	.2092001	.3837068	0
1077.15	0	.4065523	.2095032	.3839445	0
1076.15	0	.4060138	.2098046	.3841817	0
1075.15	0	.4054776	.2101041	.3844183	0
1074.15	0	.4049437	.2104019	.3846544	0
1073.15	0	.4044122	.2106979	.3848899	0
1072.15	0	.4038829	.2109922	.3851249	0
1071.15	0	.4033559	.2112847	.3853594	0
1070.15	0	.4028312	.2115754	.3855934	0
1069.15	0	.4023088	.2118644	.3858268	0
1068.15	0	.4017887	.2121516	.3860597	0
1067.15	0	.4012709	.212437	.386292	0
1066.15	0	.4007554	.2127207	.3865239	0
1065.15	0	.4002422	.2130026	.3867552	0
1064.15	0	.3997313	.2132827	.386986	0
1063.15	0	.3992226	.2135611	.3872162	0
1062.15	0	.3987163	.2138377	.387446	0
1061.15	0	.3982122	.2141126	.3876752	0
1060.15	0	.3977105	.2143857	.3879039	0
1059.15	0	.397211	.214657	.388132	0
1058.15	0	.3967138	.2149266	.3883597	0
1057.15	0	.3962188	.2151944	.3885868	0
1056.15	0	.3957262	.2154604	.3888134	0
1055.15	0	.3952358	.2157247	.3890395	0
1054.15	0	.3947478	.2159872	.389265	0
1053.15	0	.394262	.2162479	.3894901	0
1052.15	0	.3937785	.2165069	.3897146	0
1051.15	0	.3932973	.2167641	.3899386	0
1050.15	0	.3928183	.2170196	.3901621	0
1049.15	0	.3923416	.2172733	.3903851	0
1048.15	0	.3918672	.2175252	.3906076	0
1047.15	0	.3913951	.2177754	.3908295	0
1046.15	0	.3909253	.2180238	.391051	0
1045.15	0	.3904577	.2182704	.3912719	0
1044.15	0	.3899924	.2185153	.3914923	0
1043.15	0	.3895294	.2187584	.3917122	0
1042.15	0	.3890687	.2189998	.3919316	0
1041.15	0	.3886102	.2192393	.3921505	0
1040.15	0	.388154	.2194772	.3923688	0
1039.15	0	.3877001	.2197132	.3925867	0
1038.15	0	.3872484	.2199475	.3928041	0
1037.15	0	.386799	.2201801	.3930209	0
1036.15	0	.3863519	.2204109	.3932372	0
1035.15	0	.3859071	.2206399	.393453	0
1034.15	0	.3854645	.2208671	.3936684	0
1033.15	0	.3850242	.2210926	.3938832	0
1032.15	0	.3845862	.2213164	.3940975	0
1031.15	0	.3841504	.2215384	.3943113	0
1030.15	0	.3837169	.2217586	.3945245	0
1029.15	0	.3832857	.221977	.3947373	0
1028.15	0	.3828567	.2221937	.3949496	0
1027.15	0	.38243	.2224087	.3951613	0
1026.15	0	.3820056	.2226219	.3953726	0
1025.15	0	.3815834	.2228333	.3955833	0
1024.15	0	.3811635	.2230429	.3957936	0
1023.15	0	.3807458	.2232509	.3960033	0
1022.15	0	.3803304	.223457	.3962125	0
1021.15	0	.3799173	.2236614	.3964213	0
1020.15	0	.3795065	.223864	.3966295	0
1019.15	0	.3790979	.2240649	.3968372	0
1018.15	0	.3786916	.224264	.3970444	0
1017.15	0	.3782875	.2244614	.3972511	0
1016.15	0	.3778857	.224657	.3974573	0
1015.15	0	.3774861	.2248509	.397663	0
1014.15	0	.3770888	.225043	.3978682	0
1013.15	0	.3766938	.2252334	.3980728	0
1012.15	0	.376301	.225422	.398277	0
1011.15	0	.3759105	.2256089	.3984807	0
1010.15	0	.3755222	.225794	.3986838	0
1009.15	0	.3751362	.2259774	.3988865	0
1008.15	0	.3747524	.226159	.3990886	0
1007.15	0	.3743709	.2263389	.3992902	0
1006.15	0	.3739916	.226517	.3994914	0
1005.15	0	.3736146	.2266934	.399692	0
1004.15	0	.3732399	.226868	.3998921	0
1003.15	0	.3728674	.2270409	.4000917	0
1002.15	0	.3724971	.2272121	.4002908	0
1001.15	0	.3721291	.2273815	.4004893	0
1000.15	0	.3717634	.2275492	.4006874	0
999.15	0	.3713999	.2277152	.400885	0
998.15	0	.3710386	.2278794	.401082	0
997.15	0	.3706796	.2280419	.4012785	0
996.15	0	.3703228	.2282026	.4014745	0
995.15	0	.3699683	.2283616	.40167	0
994.15	0	.369616	.2285189	.401865	0
993.15	0	.369266	.2286745	.4020595	0
992.15	0	.3689182	.2288284	.4022535	0
991.15	0	.3685726	.2289805	.4024469	0
990.15	0	.3682293	.2291309	.4026398	0
989.15	0	.3678882	.2292795	.4028322	0
988.15	0	.3675494	.2294265	.4030241	0
987.15	0	.3672128	.2295718	.4032155	0
986.15	0	.3668784	.2297153	.4034063	0
985.15	0	.3665462	.2298571	.4035967	0
984.15	0	.3662163	.2299972	.4037865	0
983.15	0	.3658886	.2301356	.4039757	0
982.15	0	.3655631	.2302724	.4041645	0
981.15	0	.3652399	.2304074	.4043527	0
980.15	0	.3649189	.2305407	.4045404	0
979.15	0	.3646001	.2306723	.4047276	0
978.15	0	.3642835	.2308022	.4049143	0
977.15	0	.3639692	.2309305	.4051004	0
976.15	0	.363657	.231057	.405286	0
975.15	0	.3633471	.2311819	.405471	0
974.15	0	.3630394	.2313051	.4056555	0
973.15	0	.3627339	.2314266	.4058395	0
972.15	0	.3624306	.2315465	.406023	0
971.15	0	.3621295	.2316647	.4062059	0
970.15	0	.3618306	.2317812	.4063883	0
969.15	0	.3615339	.2318961	.4065701	0
968.15	0	.3612394	.2320093	.4067514	0
967.15	0	.3609471	.2321208	.4069321	0
966.15	0	.360657	.2322307	.4071123	0
965.15	0	.3603691	.232339	.407292	0
964.15	0	.3600833	.2324456	.407471	0
963.15	0	.3597998	.2325506	.4076496	0
962.15	0	.3595184	.232654	.4078276	0
961.15	0	.3592392	.2327558	.408005	0
960.15	0	.3589622	.2328559	.4081819	0
959.15	0	.3586874	.2329544	.4083582	0
958.15	0	.3584147	.2330513	.408534	0
957.15	0	.3581442	.2331466	.4087092	0
956.15	0	.3578758	.2332403	.4088838	0
955.15	0	.3576096	.2333325	.4090579	0
954.15	0	.3573456	.233423	.4092314	0
953.15	0	.3570837	.233512	.4094043	0
952.15	0	.3568239	.2335994	.4095767	0
951.15	0	.3565663	.2336852	.4097485	0
950.15	0	.3563108	.2337695	.4099197	0
949.15	0	.3560574	.2338523	.4100903	0
948.15	0	.3558062	.2339335	.4102603	0
947.15	0	.3555571	.2340131	.4104298	0
946.15	0	.3553101	.2340913	.4105987	0
945.15	0	.3550652	.2341679	.4107669	0
944.15	0	.3548224	.234243	.4109346	0
943.15	0	.3545817	.2343166	.4111017	0
942.15	0	.3543431	.2343887	.4112682	0
941.15	0	.3541066	.2344593	.4114341	0
940.15	0	.3538722	.2345285	.4115993	0
939.15	0	.3536398	.2345962	.411764	0
938.15	0	.3534095	.2346624	.4119281	0
937.15	0	.3531813	.2347272	.4120915	0
936.15	0	.3529551	.2347905	.4122543	0
935.15	0	.352731	.2348525	.4124165	0
934.15	0	.3525089	.234913	.4125781	0
933.15	0	.3522889	.2349721	.4127391	0
932.15	0	.3520708	.2350298	.4128994	0
931.15	0	.3518548	.2350861	.4130591	0
930.15	0	.3516408	.2351411	.4132181	0
929.15	0	.3514288	.2351947	.4133765	0
928.15	0	.3512188	.2352469	.4135343	0
927.15	0	.3510107	.2352979	.4136914	0
926.15	0	.3508046	.2353475	.4138479	0
925.15	0	.3506005	.2353958	.4140037	0
924.15	0	.3503984	.2354428	.4141588	0
923.15	0	.3501982	.2354885	.4143133	0
922.15	0	.3499999	.235533	.4144671	0
921.15	0	.3498036	.2355762	.4146202	0
920.15	0	.3496091	.2356182	.4147727	0
919.15	0	.3494166	.235659	.4149245	0
918.15	0	.3492259	.2356985	.4150756	0
917.15	0	.3490372	.2357369	.4152259	0
916.15	0	.3488503	.2357741	.4153756	0
915.15	0	.3486652	.2358101	.4155246	0
914.15	0	.348482	.235845	.4156729	0
913.15	0	.3483007	.2358788	.4158205	0
912.15	0	.3481211	.2359115	.4159674	0
911.15	0	.3479434	.2359431	.4161135	0
910.15	0	.3477674	.2359737	.4162589	0
909.15	0	.3475932	.2360032	.4164036	0
908.15	0	.3474208	.2360317	.4165475	0
907.15	0	.3472501	.2360591	.4166907	0
906.15	0	.3470812	.2360857	.4168331	0
905.15	0	.346914	.2361112	.4169748	0
904.15	0	.3467484	.2361358	.4171158	0
903.15	0	.3465846	.2361595	.4172559	0
902.15	0	.3464224	.2361823	.4173953	0
901.15	0	.3462619	.2362042	.4175339	0
900.15	0	.346103	.2362253	.4176717	0
899.15	0	.3459457	.2362455	.4178088	0
898.15	0	.34579	.236265	.417945	0
897.15	0	.3456359	.2362837	.4180804	0
896.15	0	.3454834	.2363016	.418215	0
895.15	0	.3453323	.2363189	.4183488	0
894.15	0	.3451828	.2363354	.4184818	0
893.15	0	.3450348	.2363513	.4186139	0
892.15	0	.3448883	.2363665	.4187452	0
891.15	0	.3447432	.2363812	.4188756	0
890.15	0	.3445996	.2363953	.4190051	0
889.15	0	.3444573	.2364089	.4191338	0
888.15	0	.3443165	.2364219	.4192616	0
887.15	0	.344177	.2364345	.4193886	0
886.15	0	.3440388	.2364466	.4195146	0
885.15	0	.3439019	.2364583	.4196398	0
884.15	0	.3437664	.2364697	.419764	0
883.15	0	.343632	.2364807	.4198873	0
882.15	0	.343499	.2364914	.4200097	0
881.15	0	.3433671	.2365018	.4201311	0
880.15	0	.3432364	.2365121	.4202516	0
879.15	0	.3431068	.2365221	.4203711	0
878.15	0	.3429783	.236532	.4204897	0
877.15	0	.3428509	.2365418	.4206072	0
876.15	0	.3427246	.2365516	.4207238	0
875.15	0	.3425993	.2365613	.4208394	0
874.15	0	.342475	.2365711	.420954	0
873.15	0	.3423516	.2365809	.4210675	0
872.15	0	.3422292	.2365909	.42118	0
871.15	0	.3421076	.236601	.4212914	0
870.15	0	.3419869	.2366113	.4214018	0
869.15	0	.341867	.236622	.4215111	0
868.15	0	.3417478	.2366329	.4216193	0
867.15	0	.3416294	.2366442	.4217264	0
866.15	0	.3415116	.236656	.4218324	0
865.15	0	.3413946	.2366682	.4219372	0
864.15	0	.3412781	.236681	.4220409	0
863.15	0	.3411621	.2366944	.4221435	0
862.15	0	.3410467	.2367084	.4222448	0
861.15	0	.3409318	.2367232	.422345	0
860.15	0	.3408172	.2367388	.4224439	0
859.15	0	.3407031	.2367553	.4225416	0
858.15	0	.3405892	.2367726	.4226381	0
857.15	0	.3404757	.236791	.4227333	0
856.15	0	.3403623	.2368105	.4228272	0
855.15	0	.3402491	.2368311	.4229198	0
854.15	0	.340136	.2368529	.4230111	0
853.15	0	.3400229	.236876	.423101	0
852.15	0	.3399099	.2369006	.4231896	0
851.15	0	.3397967	.2369265	.4232768	0
850.15	0	.3396834	.2369541	.4233625	0
849.15	0	.3395698	.2369833	.4234468	0
848.15	0	.339456	.2370143	.4235297	0
847.15	0	.3393419	.2370471	.423611	0
846.15	0	.3392273	.2370819	.4236909	0
845.15	0	.3391122	.2371187	.4237691	0
844.15	0	.3389965	.2371577	.4238459	0
843.15	0	.3388801	.237199	.423921	0
842.15	0	.338763	.2372426	.4239944	0
841.15	0	.338645	.2372888	.4240662	0
840.15	0	.3385261	.2373377	.4241363	0
839.15	0	.3384061	.2373893	.4242046	0
838.15	0	.338285	.2374439	.4242711	0
837.15	0	.3381627	.2375015	.4243359	0
836.15	0	.338039	.2375623	.4243987	0
835.15	0	.3379138	.2376266	.4244596	0
834.15	0	.337787	.2376944	.4245186	0
833.15	0	.3376585	.2377659	.4245756	0
832.15	0	.3375281	.2378414	.4246305	0
831.15	0	.3373958	.2379209	.4246833	0
830.15	0	.3372612	.2380048	.4247339	0
829.15	0	.3371244	.2380933	.4247823	0
828.15	0	.3369851	.2381865	.4248284	0
827.15	0	.3368431	.2382847	.4248722	0
826.15	0	.3366983	.2383883	.4249135	0
825.15	0	.3365504	.2384974	.4249522	0
824.15	0	.3363993	.2386123	.4249884	0
823.15	0	.3362447	.2387334	.4250219	0
822.15	0	.3360863	.2388611	.4250526	0
821.15	0	.335924	.2389956	.4250804	0
820.15	0	.3357574	.2391374	.4251052	0
819.15	0	.3355862	.2392869	.4251269	0
818.15	0	.3354101	.2394445	.4251454	0
817.15	0	.3352288	.2396108	.4251604	0
816.15	0	.3350418	.2397863	.425172	0
815.15	0	.3348487	.2399715	.4251798	0
814.15	0	.3346491	.2401672	.4251837	0
813.15	0	.3344425	.2403739	.4251836	0
812.15	0	.3342282	.2405926	.4251791	0
811.15	0	.3340057	.2408241	.4251702	0
810.15	0	.3337744	.2410693	.4251563	0
809.15	0	.3335333	.2413293	.4251374	0
808.15	0	.3332816	.2416053	.4251131	0
807.15	0	.3330184	.2418987	.4250829	0
806.15	0	.3327425	.2422111	.4250464	0
805.15	0	.3324526	.2425442	.4250032	0
804.15	0	.3321473	.2429001	.4249527	0
803.15	0	.3318247	.2432812	.4248941	0
802.15	0	.3310958	.2442065	.4246977	0
801.15	0	.3302681	.2452684	.4244636	0
800.15	0	.3295436	.2461975	.424259	0
799.15	0	.3289019	.2470205	.4240775	0
798.15	0	.3283287	.2477565	.4239149	0
797.15	0	.327813	.2484193	.4237677	0
796.15	0	.3273467	.2490198	.4236335	0
795.15	0	.3269232	.2495664	.4235104	0
794.15	0	.3265373	.2500659	.4233969	0
793.15	0	.3261845	.2505238	.4232917	0
792.15	0	.3258614	.2509447	.4231939	0
791.15	0	.3255649	.2513326	.4231025	0
790.15	0	.3252924	.2516907	.423017	0
789.15	0	.3250416	.2520218	.4229366	0
788.15	0	.3248107	.2523284	.4228609	0
787.15	0	.3245979	.2526127	.4227894	0
786.15	0	.3244017	.2528765	.4227217	0
785.15	0	.3242208	.2531216	.4226576	0
784.15	0	.324054	.2533493	.4225966	0
783.15	0	.3239028	.2535591	.422538	0
782.15	0	.323761	.2537563	.4224828	0
781.15	0	.3236303	.2539398	.4224299	0
780.15	0	.3235101	.2541105	.4223794	0
779.15	0	.3233996	.2542694	.422331	0
778.15	0	.3232982	.2544173	.4222845	0
777.15	0	.3232052	.2545549	.4222399	0
776.15	0	.3231202	.2546829	.4221969	0
775.15	0	.3230425	.2548019	.4221556	0
774.15	0	.3229718	.2549125	.4221157	0
773.15	0	.3229077	.2550152	.4220772	0
772.15	0	.3228496	.2551105	.4220399	0
771.15	0	.3227972	.2551989	.4220039	0
770.15	0	.3227503	.2552808	.421969	0
769.15	0	.3227084	.2553565	.4219351	0
768.15	0	.3226713	.2554265	.4219023	0
767.15	0	.3226387	.255491	.4218703	0
766.15	0	.3226103	.2555505	.4218393	0
765.15	0	.3225859	.2556051	.421809	0
764.15	0	.3225652	.2556553	.4217796	0
763.15	0	.3225481	.2557011	.4217508	0
762.15	0	.3225343	.255743	.4217228	0
761.15	0	.3225236	.255781	.4216954	0
760.15	0	.3225159	.2558155	.4216686	0
759.15	0	.322511	.2558466	.4216424	0
758.15	0	.3225087	.2558746	.4216167	0
757.15	0	.3225089	.2558995	.4215916	0
756.15	0	.3225115	.2559216	.4215669	0
755.15	0	.3225162	.2559411	.4215427	0
754.15	0	.322523	.255958	.4215189	0
753.15	0	.3225318	.2559726	.4214956	0
752.15	0	.3225425	.2559849	.4214726	0
751.15	0	.3225549	.2559952	.42145	0
750.15	0	.3225689	.2560034	.4214277	0
749.15	0	.3225844	.2560098	.4214058	0
748.15	0	.3226014	.2560144	.4213841	0
747.15	0	.3226198	.2560174	.4213628	0
746.15	0	.3226395	.2560188	.4213417	0
745.15	0	.3226603	.2560188	.4213209	0
744.15	0	.3226823	.2560173	.4213003	0
743.15	0	.3227054	.2560146	.42128	0
742.15	0	.3227294	.2560107	.4212599	0
741.15	0	.3227544	.2560057	.42124	0
740.15	0	.3227802	.2559996	.4212203	0
739.15	0	.3228068	.2559925	.4212007	0
738.15	0	.3228342	.2559844	.4211814	0
737.15	0	.3228623	.2559755	.4211622	0
736.15	0	.322891	.2559658	.4211431	0
735.15	0	.3229204	.2559554	.4211242	0
734.15	0	.3229503	.2559442	.4211055	0
733.15	0	.3229807	.2559324	.4210868	0
732.15	0	.3230116	.25592	.4210683	0
731.15	0	.323043	.2559071	.4210499	0
730.15	0	.3230747	.2558937	.4210316	0
729.15	0	.3231068	.2558798	.4210134	0
728.15	0	.3231393	.2558654	.4209953	0
727.15	0	.323172	.2558507	.4209773	0
726.15	0	.323205	.2558357	.4209593	0
725.15	0	.3232382	.2558203	.4209415	0
724.15	0	.3232717	.2558047	.4209237	0
723.15	0	.3233053	.2557888	.4209059	0
722.15	0	.3233391	.2557727	.4208882	0
721.15	0	.3233731	.2557564	.4208706	0
720.15	0	.3234071	.2557399	.420853	0
719.15	0	.3234412	.2557233	.4208355	0
718.15	0	.3234754	.2557066	.420818	0
717.15	0	.3235097	.2556898	.4208005	0
716.15	0	.323544	.255673	.4207831	0
715.15	0	.3235783	.2556561	.4207656	0
714.15	0	.3236125	.2556392	.4207483	0
713.15	0	.3236468	.2556223	.4207309	0
712.15	0	.323681	.2556054	.4207136	0
711.15	0	.3237152	.2555886	.4206963	0
710.15	0	.3237493	.2555718	.4206789	0
709.15	0	.3237833	.255555	.4206616	0
708.15	0	.3238173	.2555384	.4206444	0
707.15	0	.3238511	.2555218	.4206271	0
706.15	0	.3238848	.2555054	.4206098	0
705.15	0	.3239184	.2554891	.4205925	0
704.15	0	.3239518	.255473	.4205752	0
703.15	0	.3239851	.255457	.4205579	0
702.15	0	.3240183	.2554411	.4205406	0
701.15	0	.3240512	.2554255	.4205233	0
700.15	0	.324084	.25541	.420506	0
699.15	0	.3241166	.2553947	.4204887	0
698.15	0	.324149	.2553797	.4204713	0
697.15	0	.3241813	.2553648	.420454	0
696.15	0	.3242133	.2553502	.4204366	0
695.15	0	.3242451	.2553358	.4204192	0
694.15	0	.3242766	.2553216	.4204018	0
693.15	0	.324308	.2553077	.4203843	0
692.15	0	.3243391	.255294	.4203669	0
691.15	0	.32437	.2552806	.4203494	0
690.15	0	.3244006	.2552675	.4203319	0
689.15	0	.324431	.2552546	.4203144	0
688.15	0	.3244612	.255242	.4202968	0
687.15	0	.3244911	.2552297	.4202792	0
686.15	0	.3245207	.2552177	.4202616	0
685.15	0	.32455	.255206	.4202439	0
684.15	0	.3245791	.2551946	.4202263	0
683.15	0	.324608	.2551835	.4202086	0
682.15	0	.3246365	.2551726	.4201908	0
681.15	0	.3246648	.2551621	.4201731	0
680.15	0	.3246928	.2551519	.4201553	0
679.15	0	.3247205	.2551421	.4201374	0
678.15	0	.324748	.2551325	.4201195	0
677.15	0	.3247751	.2551233	.4201016	0
676.15	0	.324802	.2551143	.4200837	0
675.15	0	.3248286	.2551057	.4200657	0
674.15	0	.3248549	.2550975	.4200477	0
673.15	0	.3248809	.2550895	.4200296	0
672.15	0	.3249066	.2550819	.4200115	0
671.15	0	.324932	.2550746	.4199934	0
670.15	0	.3249571	.2550677	.4199752	0
669.15	0	.3249819	.2550611	.419957	0
668.15	0	.3250064	.2550548	.4199388	0
667.15	0	.3250306	.2550489	.4199205	0
666.15	0	.3250546	.2550433	.4199021	0
665.15	0	.3250782	.2550381	.4198838	0
664.15	0	.3251015	.2550331	.4198653	0
663.15	0	.3251245	.2550286	.4198469	0
662.15	0	.3251473	.2550244	.4198284	0
661.15	0	.3251697	.2550205	.4198099	0
660.15	0	.3251918	.2550169	.4197913	0
659.15	0	.3252136	.2550137	.4197727	0
658.15	0	.3252351	.2550109	.419754	0
657.15	0	.3252564	.2550083	.4197353	0
656.15	0	.3252773	.2550062	.4197166	0
655.15	0	.3252979	.2550043	.4196978	0
654.15	0	.3253182	.2550028	.419679	0
653.15	0	.3253382	.2550017	.4196601	0
652.15	0	.325358	.2550009	.4196412	0
651.15	0	.3253774	.2550004	.4196222	0
650.15	0	.3253965	.2550002	.4196032	0
649.15	0	.3254154	.2550004	.4195842	0
648.15	0	.3254339	.255001	.4195651	0
647.15	0	.3254521	.2550019	.419546	0
646.15	0	.3254701	.2550031	.4195268	0
645.15	0	.3254877	.2550046	.4195076	0
644.15	0	.3255051	.2550065	.4194884	0
643.15	0	.3255222	.2550087	.4194691	0
642.15	0	.325539	.2550113	.4194498	0
641.15	0	.3255554	.2550142	.4194304	0
640.15	0	.3255716	.2550174	.419411	0
639.15	0	.3255875	.2550209	.4193915	0
638.15	0	.3256032	.2550248	.4193721	0
637.15	0	.3256185	.255029	.4193525	0
636.15	0	.3256336	.2550335	.419333	0
635.15	0	.3256483	.2550383	.4193133	0
634.15	0	.3256628	.2550435	.4192937	0
633.15	0	.325677	.255049	.419274	0
632.15	0	.325691	.2550548	.4192543	0
631.15	0	.3257046	.2550609	.4192345	0
630.15	0	.325718	.2550673	.4192147	0
629.15	0	.3257311	.2550741	.4191949	0
628.15	0	.3257439	.2550812	.419175	0
627.15	0	.3257564	.2550885	.419155	0
626.15	0	.3257687	.2550962	.4191351	0
625.15	0	.3257807	.2551042	.4191151	0
624.15	0	.3257924	.2551125	.419095	0
623.15	0	.3258039	.2551211	.419075	0
622.15	0	.3258151	.25513	.4190549	0
621.15	0	.325826	.2551393	.4190347	0
620.15	0	.3258367	.2551488	.4190145	0
619.15	0	.3258471	.2551586	.4189943	0
618.15	0	.3258573	.2551687	.418974	0
617.15	0	.3258672	.2551791	.4189537	0
616.15	0	.3258768	.2551898	.4189334	0
615.15	0	.3258862	.2552008	.4189131	0
614.15	0	.3258953	.2552121	.4188927	0
613.15	0	.3259041	.2552236	.4188722	0
612.15	0	.3259128	.2552355	.4188517	0
611.15	0	.3259211	.2552476	.4188313	0
610.15	0	.3259292	.2552601	.4188107	0
609.15	0	.3259371	.2552727	.4187902	0
608.15	0	.3259447	.2552857	.4187696	0
607.15	0	.3259521	.255299	.4187489	0
606.15	0	.3259592	.2553125	.4187283	0
605.15	0	.3259661	.2553263	.4187076	0
604.15	0	.3259728	.2553404	.4186869	0
603.15	0	.3259792	.2553547	.4186661	0
602.15	0	.3259854	.2553693	.4186453	0
601.15	0	.3259913	.2553842	.4186245	0
600.15	0	.325997	.2553994	.4186037	0
599.15	0	.3260025	.2554148	.4185828	0
598.15	0	.3260077	.2554304	.4185619	0
597.15	0	.3260127	.2554463	.4185409	0
596.15	0	.3260175	.2554625	.41852	0
595.15	0	.3260221	.255479	.418499	0
594.15	0	.3260264	.2554956	.418478	0
593.15	0	.3260305	.2555126	.4184569	0
592.15	0	.3260344	.2555298	.4184359	0
591.15	0	.326038	.2555472	.4184148	0
590.15	0	.3260415	.2555649	.4183937	0
589.15	0	.3260447	.2555828	.4183725	0
588.15	0	.3260477	.2556009	.4183513	0
587.15	0	.3260505	.2556193	.4183301	0
586.15	0	.3260531	.255638	.4183089	0
585.15	0	.3260555	.2556568	.4182877	0
584.15	0	.3260577	.2556759	.4182664	0
583.15	0	.3260596	.2556953	.4182451	0
582.15	0	.3260614	.2557148	.4182238	0
581.15	0	.3260629	.2557346	.4182025	0
580.15	0	.3260642	.2557546	.4181811	0
579.15	0	.3260654	.2557749	.4181598	0
578.15	0	.3260663	.2557953	.4181384	0
577.15	0	.326067	.255816	.418117	0
576.15	0	.3260676	.2558369	.4180955	0
575.15	0	.3260679	.255858	.4180741	0
574.15	0	.326068	.2558794	.4180526	0
573.15	0	.326068	.2559009	.4180311	0
572.15	0	.3260677	.2559227	.4180096	0
571.15	0	.3260673	.2559446	.4179881	0
570.15	0	.3260667	.2559668	.4179665	0
569.15	0	.3260659	.2559892	.4179449	0
568.15	0	.3260649	.2560118	.4179234	0
567.15	0	.3260637	.2560345	.4179018	0
566.15	0	.3260623	.2560575	.4178802	0
565.15	0	.3260608	.2560807	.4178585	0
564.15	0	.326059	.2561041	.4178369	0
563.15	0	.3260571	.2561276	.4178153	0
562.15	0	.326055	.2561514	.4177936	0
561.15	0	.3260527	.2561753	.4177719	0
560.15	0	.3260503	.2561995	.4177502	0
559.15	0	.3260477	.2562238	.4177285	0
558.15	0	.3260449	.2562483	.4177068	0
557.15	0	.3260419	.256273	.4176851	0
556.15	0	.3260388	.2562979	.4176634	0
555.15	0	.3260355	.2563229	.4176416	0
554.15	0	.326032	.2563482	.4176199	0
553.15	0	.3260283	.2563736	.4175981	0
552.15	0	.3260245	.2563992	.4175763	0
551.15	0	.3260206	.2564249	.4175545	0
550.15	0	.3260164	.2564508	.4175328	0
549.15	0	.3260121	.2564769	.4175109	0
548.15	0	.3260077	.2565032	.4174892	0
547.15	0	.3260031	.2565296	.4174673	0
546.15	0	.3259983	.2565562	.4174455	0
545.15	0	.3259933	.256583	.4174237	0
544.15	0	.3259883	.2566099	.4174019	0
543.15	0	.325983	.2566369	.41738	0
542.15	0	.3259776	.2566642	.4173582	0
541.15	0	.3259721	.2566915	.4173364	0
540.15	0	.3259664	.2567191	.4173145	0
539.15	0	.3259606	.2567468	.4172927	0
538.15	0	.3259546	.2567746	.4172708	0
537.15	0	.3259484	.2568026	.417249	0
536.15	0	.3259421	.2568307	.4172271	0
535.15	0	.3259357	.256859	.4172053	0
534.15	0	.3259291	.2568874	.4171834	0
533.15	0	.3259224	.256916	.4171616	0
532.15	0	.3259156	.2569447	.4171397	0
531.15	0	.3259086	.2569736	.4171179	0
530.15	0	.3259015	.2570025	.417096	0
529.15	0	.3258942	.2570317	.4170742	0
528.15	0	.3258868	.2570609	.4170523	0
527.15	0	.3258792	.2570903	.4170305	0
526.15	0	.3258716	.2571198	.4170086	0
525.15	0	.3258638	.2571494	.4169868	0
524.15	0	.3258558	.2571792	.416965	0
523.15	0	.3258478	.2572091	.4169431	0
522.15	0	.3258396	.2572391	.4169213	0
521.15	0	.3258312	.2572693	.4168995	0
520.15	0	.3258228	.2572995	.4168777	0
519.15	0	.3258142	.2573299	.4168559	0
518.15	0	.3258055	.2573604	.4168341	0
517.15	0	.3257968	.257391	.4168122	0
516.15	0	.3257879	.2574217	.4167904	0
515.15	0	.3257788	.2574526	.4167686	0
514.15	0	.3257696	.2574835	.4167469	0
513.15	0	.3257603	.2575146	.4167251	0
512.15	0	.3257509	.2575457	.4167034	0
511.15	0	.3257414	.257577	.4166816	0
510.15	0	.3257317	.2576084	.4166599	0
509.15	0	.3257219	.2576399	.4166382	0
508.15	0	.325712	.2576715	.4166165	0
507.15	0	.325702	.2577032	.4165948	0
506.15	0	.3256919	.257735	.4165731	0
505.15	0	.3256817	.2577668	.4165515	0
504.15	0	.3256714	.2577988	.4165298	0
503.15	0	.3256609	.2578309	.4165082	0
502.15	0	.3256504	.2578631	.4164866	0
501.15	0	.3256397	.2578953	.416465	0
500.15	0	.325629	.2579277	.4164434	0
499.15	0	.3256181	.2579601	.4164218	0
498.15	0	.3256071	.2579927	.4164002	0
497.15	0	.325596	.2580253	.4163787	0
496.15	0	.3255849	.258058	.4163572	0
495.15	0	.3255736	.2580908	.4163357	0
494.15	0	.3255622	.2581236	.4163142	0
493.15	0	.3255507	.2581566	.4162927	0
492.15	0	.3255391	.2581896	.4162713	0
491.15	0	.3255274	.2582227	.4162498	0
490.15	0	.3255157	.2582559	.4162284	0
489.15	0	.3255038	.2582892	.416207	0
488.15	0	.3254918	.2583225	.4161857	0
487.15	0	.3254798	.2583559	.4161643	0
486.15	0	.3254676	.2583894	.416143	0
485.15	0	.3254554	.2584229	.4161217	0
484.15	0	.3254431	.2584566	.4161004	0
483.15	0	.3254306	.2584902	.4160792	0
482.15	0	.3254181	.258524	.4160579	0
481.15	0	.3254055	.2585578	.4160367	0
480.15	0	.3253928	.2585917	.4160155	0
479.15	0	.32538	.2586256	.4159944	0
478.15	0	.3253672	.2586596	.4159732	0
477.15	0	.3253542	.2586937	.4159521	0
476.15	0	.3253412	.2587278	.415931	0
475.15	0	.3253281	.2587619	.41591	0
474.15	0	.3253149	.2587962	.415889	0
473.15	0	.3253016	.2588304	.415868	0
472.15	0	.3252882	.2588648	.415847	0
471.15	0	.3252748	.2588992	.4158261	0
470.15	0	.3252613	.2589336	.4158051	0
469.15	0	.3252477	.2589681	.4157843	0
468.15	0	.325234	.2590026	.4157634	0
467.15	0	.3252203	.2590372	.4157426	0
466.15	0	.3252064	.2590718	.4157218	0
465.15	0	.3251925	.2591065	.415701	0
464.15	0	.3251785	.2591412	.4156803	0
463.15	0	.3251645	.2591759	.4156596	0
462.15	0	.3251504	.2592107	.4156389	0
461.15	0	.3251362	.2592455	.4156183	0
460.15	0	.3251219	.2592804	.4155977	0
459.15	0	.3251076	.2593153	.4155771	0
458.15	0	.3250931	.2593503	.4155566	0
457.15	0	.3250787	.2593852	.4155361	0
456.15	0	.3250641	.2594202	.4155156	0
455.15	0	.3250495	.2594553	.4154952	0
454.15	0	.3250348	.2594904	.4154748	0
453.15	0	.3250201	.2595255	.4154545	0
452.15	0	.3250053	.2595606	.4154342	0
451.15	0	.3249904	.2595958	.4154139	0
450.15	0	.3249754	.2596309	.4153936	0
449.15	0	.3249605	.2596661	.4153734	0
448.15	0	.3249454	.2597013	.4153533	0
447.15	0	.3249303	.2597365	.4153332	0
446.15	0	.3249152	.2597718	.4153131	0
445.15	0	.3249	.259807	.4152931	0
444.15	0	.3248847	.2598422	.4152731	0
443.15	0	.3248694	.2598775	.4152531	0
442.15	0	.324854	.2599127	.4152332	0
441.15	0	.3248386	.259948	.4152134	0
440.15	0	.3248232	.2599832	.4151936	0
439.15	0	.3248077	.2600184	.4151739	0
438.15	0	.3247922	.2600537	.4151542	0
437.15	0	.3247767	.2600888	.4151345	0
436.15	0	.3247611	.260124	.4151149	0
