T	 BPW(LIQUID)	BPW(BCC_A2)	BPW(FCC_A1)	BPW(LAVES_PHASE_C14)	BPW(NI3TI)
1473.15	.213171	.786829	0	0	0
1472.15	.2107913	.7892087	0	0	0
1471.15	.2084271	.7915729	0	0	0
1470.15	.2060782	.7939218	0	0	0
1469.15	.2037446	.7962554	0	0	0
1468.15	.2014261	.7985739	0	0	0
1467.15	.1991226	.8008774	0	0	0
1466.15	.1968339	.8031661	0	0	0
1465.15	.1945599	.8054401	0	0	0
1464.15	.1923006	.8076994	0	0	0
1463.15	.1900557	.8099443	0	0	0
1462.15	.1878252	.8121748	0	0	0
1461.15	.185609	.814391	0	0	0
1460.15	.1834068	.8165932	0	0	0
1459.15	.1812187	.8187813	0	0	0
1458.15	.1790445	.8209555	0	0	0
1457.15	.176884	.823116	0	0	0
1456.15	.1747372	.8252628	0	0	0
1455.15	.172604	.827396	0	0	0
1454.15	.1704842	.8295158	0	0	0
1453.15	.1683777	.8316223	0	0	0
1452.15	.1662845	.8337155	0	0	0
1451.15	.1642044	.8357956	0	0	0
1450.15	.1621373	.8378627	0	0	0
1449.15	.1600831	.8399169	0	0	0
1448.15	.1580417	.8419583	0	0	0
1447.15	.156013	.843987	0	0	0
1446.15	.1539969	.8460031	0	0	0
1445.15	.1519933	.8480067	0	0	0
1444.15	.1500022	.8499978	0	0	0
1443.15	.1480233	.8519767	0	0	0
1442.15	.1460566	.8539434	0	0	0
1441.15	.1441021	.855898	0	0	0
1440.15	.1421595	.8578405	0	0	0
1439.15	.1402289	.8597711	0	0	0
1438.15	.1383101	.8616899	0	0	0
1437.15	.136403	.863597	0	0	0
1436.15	.1345076	.8654924	0	0	0
1435.15	.1326237	.8673763	0	0	0
1434.15	.1307513	.8692487	0	0	0
1433.15	.1288903	.8711097	0	0	0
1432.15	.1270406	.8729594	0	0	0
1431.15	.125202	.874798	0	0	0
1430.15	.1233746	.8766254	0	0	0
1429.15	.1215582	.8784418	0	0	0
1428.15	.1197528	.8802472	0	0	0
1427.15	.1179582	.8820418	0	0	0
1426.15	.1161744	.8838256	0	0	0
1425.15	.1144013	.8855987	0	0	0
1424.15	.1126389	.8873611	0	0	0
1423.15	.1108869	.8891131	0	0	0
1422.15	.1091455	.8908545	0	0	0
1421.15	.1074144	.8925856	0	0	0
1420.15	.1056936	.8943064	0	0	0
1419.15	.1039831	.8960169	0	0	0
1418.15	.1022827	.8977173	0	0	0
1417.15	.1005924	.8994076	0	0	0
1416.15	.09891205	.9010879	0	0	0
1415.15	.09724168	.9027583	0	0	0
1414.15	.09558116	.9044188	0	0	0
1413.15	.09393044	.9060696	0	0	0
1412.15	.09228943	.9077106	0	0	0
1411.15	.09065806	.9093419	0	0	0
1410.15	.08903627	.9109637	0	0	0
1409.15	.08742399	.912576	0	0	0
1408.15	.08582115	.9141789	0	0	0
1407.15	.08422768	.9157723	0	0	0
1406.15	.08264351	.9173565	0	0	0
1405.15	.08106858	.9189314	0	0	0
1404.15	.07950282	.9204972	0	0	0
1403.15	.07794617	.9220538	0	0	0
1402.15	.07639856	.9236014	0	0	0
1401.15	.07485993	.9251401	0	0	0
1400.15	.07333022	.9266698	0	0	0
1399.15	.07180936	.9281906	0	0	0
1398.15	.07029729	.9297027	0	0	0
1397.15	.06879395	.9312061	0	0	0
1396.15	.06729928	.9327007	0	0	0
1395.15	.06581322	.9341868	0	0	0
1394.15	.06433571	.9356643	0	0	0
1393.15	.0628667	.9371333	0	0	0
1392.15	.06140612	.9385939	0	0	0
1391.15	.05995391	.9400461	0	0	0
1390.15	.05851002	.94149	0	0	0
1389.15	.05707439	.9429256	0	0	0
1388.15	.05564698	.944353	0	0	0
1387.15	.05422771	.9457723	0	0	0
1386.15	.05281654	.9471835	0	0	0
1385.15	.05141341	.9485866	0	0	0
1384.15	.05001827	.9499817	0	0	0
1383.15	.04863107	.9513689	0	0	0
1382.15	.04725174	.9527483	0	0	0
1381.15	.04588025	.9541197	0	0	0
1380.15	.04451654	.9554835	0	0	0
1379.15	.04316056	.9568394	0	0	0
1378.15	.04181225	.9581878	0	0	0
1377.15	.04047157	.9595284	0	0	0
1376.15	.03913847	.9608615	0	0	0
1375.15	.03781289	.9621871	0	0	0
1374.15	.0364948	.9635052	0	0	0
1373.15	.03518414	.9648159	0	0	0
1372.15	.03388086	.9661191	0	0	0
1371.15	.03258492	.9674151	0	0	0
1370.15	.03129627	.9687037	0	0	0
1369.15	.03001486	.9699851	0	0	0
1368.15	.02874066	.9712593	0	0	0
1367.15	.0274736	.9725264	0	0	0
1366.15	.02621365	.9737864	0	0	0
1365.15	.02496077	.9750392	0	0	0
1364.15	.0237149	.9762851	0	0	0
1363.15	.02247602	.977524	0	0	0
1362.15	.02124406	.9787559	0	0	0
1361.15	.02001899	.979981	0	0	0
1360.15	.01880078	.9811992	0	0	0
1359.15	.01758936	.9824106	0	0	0
1358.15	.01638472	.9836153	0	0	0
1357.15	.01518679	.9848132	0	0	0
1356.15	.01399555	.9860045	0	0	0
1355.15	.01281095	.9871891	0	0	0
1354.15	.01163295	.9883671	0	0	0
1353.15	.01046152	.9895385	0	0	0
1352.15	.009296607	.9907034	0	0	0
1351.15	.008138182	.9918618	0	0	0
1350.15	.006986205	.9930138	0	0	0
1349.15	.005840636	.9941594	0	0	0
1348.15	.004701439	.9952986	0	0	0
1347.733	.004227845	.9957722	0	0	0
1347.733	.004227845	.9957722	0	0	0
1347.733	.004227845	.9957722	0	0	0
1347.15	.001117357	.994575	.004307642	0	0
1346.941	0	.9941473	.005852698	0	0
1346.941	0	.9941473	.005852698	0	0
1346.15	0	.9930786	.006921361	0	0
1345.15	0	.9917295	.008270525	0	0
1344.15	0	.9903825	.009617553	0	0
1343.15	0	.9890375	.01096245	0	0
1342.15	0	.9876948	.0123052	0	0
1341.15	0	.9863542	.01364582	0	0
1340.15	0	.9850157	.01498431	0	0
1339.15	0	.9836793	.01632066	0	0
1338.15	0	.9823451	.01765487	0	0
1337.15	0	.9810131	.01898695	0	0
1336.15	0	.9796831	.02031688	0	0
1335.15	0	.9783553	.02164469	0	0
1334.15	0	.9770297	.02297035	0	0
1333.15	0	.9757061	.02429388	0	0
1332.15	0	.9743847	.02561527	0	0
1331.15	0	.9730655	.02693452	0	0
1330.15	0	.9717484	.02825163	0	0
1329.15	0	.9704334	.0295666	0	0
1328.15	0	.9691206	.03087944	0	0
1327.15	0	.9678099	.03219013	0	0
1326.15	0	.9665013	.03349868	0	0
1325.15	0	.9651949	.03480509	0	0
1324.15	0	.9638906	.03610936	0	0
1323.15	0	.9625885	.03741149	0	0
1322.15	0	.9612885	.03871147	0	0
1321.15	0	.9599907	.04000932	0	0
1320.15	0	.958695	.04130501	0	0
1319.15	0	.9574014	.04259857	0	0
1318.15	0	.95611	.04388997	0	0
1317.15	0	.9548208	.04517924	0	0
1316.15	0	.9535337	.04646635	0	0
1315.15	0	.9522487	.04775132	0	0
1314.15	0	.9509659	.04903414	0	0
1313.15	0	.9496852	.05031481	0	0
1312.15	0	.9484067	.05159333	0	0
1311.15	0	.9471303	.0528697	0	0
1310.15	0	.9458561	.05414391	0	0
1309.15	0	.944584	.05541598	0	0
1308.15	0	.9433141	.05668589	0	0
1307.15	0	.9420464	.05795365	0	0
1306.15	0	.9407808	.05921925	0	0
1305.15	0	.9395173	.06048269	0	0
1304.15	0	.938256	.06174398	0	0
1303.15	0	.9369969	.06300311	0	0
1302.15	0	.9357399	.06426007	0	0
1301.15	0	.9344851	.06551488	0	0
1300.15	0	.9332325	.06676753	0	0
1299.15	0	.931982	.06801801	0	0
1298.15	0	.9307337	.06926632	0	0
1297.15	0	.9294875	.07051248	0	0
1296.15	0	.9282435	.07175646	0	0
1295.15	0	.9270017	.07299828	0	0
1294.15	0	.9257621	.07423792	0	0
1293.15	0	.9245246	.07547539	0	0
1292.15	0	.9232893	.0767107	0	0
1291.15	0	.9220562	.07794382	0	0
1290.15	0	.9208252	.07917478	0	0
1289.15	0	.9195965	.08040355	0	0
1288.15	0	.9183699	.08163015	0	0
1287.15	0	.9171454	.08285456	0	0
1286.15	0	.9159232	.0840768	0	0
1285.15	0	.9147032	.08529685	0	0
1284.15	0	.9134853	.08651472	0	0
1283.15	0	.9122696	.0877304	0	0
1282.15	0	.9110561	.08894389	0	0
1281.15	0	.9098448	.09015519	0	0
1280.15	0	.9086357	.0913643	0	0
1279.15	0	.9074288	.09257121	0	0
1278.15	0	.9062241	.09377593	0	0
1277.15	0	.9050215	.09497846	0	0
1276.15	0	.9038212	.09617878	0	0
1275.15	0	.9026231	.0973769	0	0
1274.15	0	.9014272	.09857282	0	0
1273.15	0	.9002335	.09976653	0	0
1272.15	0	.899042	.100958	0	0
1271.15	0	.8978527	.1021473	0	0
1270.15	0	.8966656	.1033344	0	0
1269.15	0	.8954807	.1045193	0	0
1268.15	0	.8942981	.105702	0	0
1267.15	0	.8931176	.1068824	0	0
1266.15	0	.8919394	.1080606	0	0
1265.15	0	.8907634	.1092366	0	0
1264.15	0	.8895896	.1104104	0	0
1263.15	0	.8884181	.1115819	0	0
1262.15	0	.8872488	.1127512	0	0
1261.15	0	.8860817	.1139183	0	0
1260.15	0	.8849168	.1150832	0	0
1259.15	0	.8837542	.1162458	0	0
1258.15	0	.8825939	.1174061	0	0
1257.15	0	.8814358	.1185642	0	0
1256.15	0	.8802799	.1197201	0	0
1255.15	0	.8791262	.1208738	0	0
1254.15	0	.8779749	.1220252	0	0
1253.15	0	.8768257	.1231743	0	0
1252.15	0	.8756788	.1243212	0	0
1251.15	0	.8745342	.1254658	0	0
1250.15	0	.8733919	.1266081	0	0
1249.15	0	.8722518	.1277482	0	0
1248.15	0	.871114	.1288861	0	0
1247.15	0	.8699784	.1300216	0	0
1246.15	0	.8688451	.1311549	0	0
1245.15	0	.8677141	.1322859	0	0
1244.15	0	.8665854	.1334146	0	0
1243.15	0	.8654589	.1345411	0	0
1242.15	0	.8643348	.1356652	0	0
1241.15	0	.8632129	.1367871	0	0
1240.15	0	.8620933	.1379067	0	0
1239.822	0	.8617266	.1382734	0	0
1239.822	0	.8617266	.1382734	0	0
1239.822	0	.8617266	.1382734	0	0
1239.15	0	.8607046	.1389471	3.483245E-04	0
1238.15	0	.8591875	.139947	8.655306E-04	0
1237.15	0	.8576748	.1409439	.001381393	0
1236.15	0	.8561664	.1419377	.001895916	0
1235.15	0	.8546625	.1429284	.002409105	0
1234.15	0	.8531629	.1439162	.002920965	0
1233.15	0	.8516676	.1449009	.003431499	0
1232.15	0	.8501768	.1458825	.003940713	0
1231.15	0	.8486902	.1468612	.004448612	0
1230.15	0	.847208	.1478368	.004955199	0
1229.15	0	.8457302	.1488093	.00546048	0
1228.15	0	.8442567	.1497789	.005964459	0
1227.15	0	.8427874	.1507454	.00646714	0
1226.15	0	.8413225	.1517089	.006968529	0
1225.15	0	.8398619	.1526694	.007468628	0
1224.15	0	.8384056	.1536269	.007967444	0
1223.15	0	.8369536	.1545814	.00846498	0
1222.15	0	.8355059	.1555329	.00896124	0
1221.15	0	.8340624	.1564813	.00945623	0
1220.15	0	.8326233	.1574268	.009949953	0
1219.15	0	.8311883	.1583693	.01044241	0
1218.15	0	.8297577	.1593087	.01093362	0
1217.15	0	.8283312	.1602452	.01142357	0
1216.15	0	.8269091	.1611787	.01191226	0
1215.15	0	.8254911	.1621092	.01239972	0
1214.15	0	.8240774	.1630367	.01288593	0
1213.15	0	.8226679	.1639612	.01337091	0
1212.15	0	.8212626	.1648827	.01385465	0
1211.15	0	.8198616	.1658013	.01433716	0
1210.15	0	.8184647	.1667168	.01481845	0
1209.15	0	.8170721	.1676294	.01529852	0
1208.15	0	.8156836	.168539	.01577738	0
1207.15	0	.8142993	.1694457	.01625502	0
1206.15	0	.8129192	.1703493	.01673145	0
1205.15	0	.8115433	.17125	.01720668	0
1204.15	0	.8101716	.1721477	.0176807	0
1203.15	0	.808804	.1730425	.01815353	0
1202.15	0	.8074406	.1739343	.01862517	0
1201.15	0	.8060813	.1748231	.01909562	0
1200.15	0	.8047262	.1757089	.01956488	0
1199.15	0	.8033752	.1765918	.02003297	0
1198.15	0	.8020284	.1774717	.02049987	0
1197.15	0	.8006857	.1783487	.02096561	0
1196.15	0	.7993472	.1792227	.02143017	0
1195.15	0	.7980127	.1800937	.02189357	0
1194.15	0	.7966824	.1809618	.0223558	0
1193.15	0	.7953562	.1818269	.02281688	0
1192.15	0	.7940341	.1826891	.0232768	0
1191.15	0	.7927162	.1835483	.02373557	0
1190.15	0	.7914023	.1844045	.02419319	0
1189.15	0	.7900925	.1852578	.02464967	0
1188.15	0	.7887868	.1861082	.02510501	0
1187.15	0	.7874853	.1869555	.02555922	0
1186.15	0	.7861878	.1878	.02601229	0
1185.15	0	.7848943	.1886414	.02646423	0
1184.15	0	.783605	.18948	.02691504	0
1183.15	0	.7823197	.1903155	.02736473	0
1182.15	0	.7810385	.1911482	.02781331	0
1181.15	0	.7797614	.1919778	.02826077	0
1180.15	0	.7784883	.1928046	.02870711	0
1179.15	0	.7772193	.1936283	.02915235	0
1178.15	0	.7759544	.1944491	.02959648	0
1177.15	0	.7746935	.195267	.03003951	0
1176.15	0	.7734367	.1960819	.03048144	0
1175.15	0	.7721839	.1968939	.03092227	0
1174.15	0	.7709351	.1977028	.03136202	0
1173.15	0	.7696904	.1985089	.03180067	0
1172.15	0	.7684498	.199312	.03223824	0
1171.15	0	.7672131	.2001121	.03267473	0
1170.15	0	.7659805	.2009093	.03311014	0
1169.15	0	.764752	.2017036	.03354447	0
1168.15	0	.7635274	.2024948	.03397773	0
1167.15	0	.7623069	.2032832	.03440993	0
1166.15	0	.7610904	.2040685	.03484105	0
1165.15	0	.759878	.2048509	.03527111	0
1164.15	0	.7586695	.2056304	.03570011	0
1163.15	0	.7574651	.2064069	.03612806	0
1162.15	0	.7562646	.2071804	.03655495	0
1161.15	0	.7550682	.207951	.03698079	0
1160.15	0	.7538758	.2087186	.03740558	0
1159.15	0	.7526875	.2094832	.03782933	0
1158.15	0	.7515031	.2102449	.03825203	0
1157.15	0	.7503227	.2110036	.0386737	0
1156.15	0	.7491463	.2117594	.03909433	0
1155.15	0	.7479739	.2125121	.03951393	0
1154.15	0	.7468055	.213262	.03993251	0
1153.15	0	.7456411	.2140088	.04035005	0
1152.15	0	.7444808	.2147527	.04076657	0
1151.15	0	.7433244	.2154936	.04118206	0
1150.15	0	.742172	.2162315	.04159654	0
1149.15	0	.7410236	.2169664	.04201	0
1148.15	0	.7398792	.2176983	.04242244	0
1147.15	0	.7387388	.2184273	.04283388	0
1146.15	0	.7376024	.2191533	.04324431	0
1145.15	0	.73647	.2198763	.04365373	0
1144.15	0	.7353415	.2205963	.04406215	0
1143.15	0	.7342171	.2213133	.04446957	0
1142.15	0	.7330966	.2220274	.04487599	0
1141.15	0	.7319802	.2227384	.04528142	0
1140.15	0	.7308677	.2234464	.04568586	0
1139.15	0	.7297592	.2241515	.04608931	0
1138.15	0	.7286547	.2248535	.04649178	0
1137.15	0	.7275542	.2255526	.04689325	0
1136.15	0	.7264577	.2262486	.04729375	0
1135.15	0	.7253651	.2269416	.04769327	0
1134.15	0	.7242766	.2276316	.04809181	0
1133.15	0	.723192	.2283186	.04848938	0
1132.15	0	.7221114	.2290026	.04888598	0
1131.15	0	.7210348	.2296836	.04928161	0
1130.15	0	.7199622	.2303615	.04967627	0
1129.15	0	.7188936	.2310364	.05006996	0
1128.15	0	.717829	.2317083	.0504627	0
1127.15	0	.7167684	.2323772	.05085448	0
1126.15	0	.7157117	.233043	.05124529	0
1125.15	0	.7146591	.2337058	.05163516	0
1124.15	0	.7136104	.2343655	.05202407	0
1123.15	0	.7125658	.2350222	.05241203	0
1122.15	0	.7115251	.2356758	.05279904	0
1121.15	0	.7104885	.2363264	.05318511	0
1120.15	0	.7094558	.236974	.05357023	0
1119.15	0	.7084271	.2376185	.05395442	0
1118.15	0	.7074025	.2382599	.05433766	0
1117.15	0	.7063818	.2388982	.05471996	0
1116.15	0	.7053652	.2395335	.05510133	0
1115.15	0	.7043525	.2401657	.05548177	0
1114.15	0	.7033439	.2407948	.05586128	0
1113.15	0	.7023393	.2414209	.05623986	0
1112.15	0	.7013387	.2420439	.05661751	0
1111.15	0	.7003421	.2426637	.05699423	0
1110.15	0	.6993495	.2432805	.05737004	0
1109.15	0	.6983609	.2438942	.05774492	0
1108.15	0	.6973764	.2445048	.05811889	0
1107.15	0	.6963958	.2451122	.05849193	0
1106.15	0	.6954193	.2457166	.05886406	0
1105.15	0	.6944469	.2463178	.05923528	0
1104.15	0	.6934784	.246916	.05960559	0
1103.15	0	.692514	.247511	.05997499	0
1102.15	0	.6915537	.2481028	.06034348	0
1101.15	0	.6905974	.2486916	.06071107	0
1100.15	0	.6896451	.2492772	.06107775	0
1099.15	0	.6886968	.2498596	.06144353	0
1098.15	0	.6877527	.2504389	.0618084	0
1097.15	0	.6868125	.2510151	.06217238	0
1096.15	0	.6858765	.2515881	.06253546	0
1095.15	0	.6849444	.2521579	.06289765	0
1094.15	0	.6840165	.2527246	.06325894	0
1093.15	0	.6830926	.2532881	.06361934	0
1092.15	0	.6821728	.2538484	.06397885	0
1091.15	0	.681257	.2544055	.06433747	0
1090.15	0	.6803454	.2549594	.06469521	0
1089.15	0	.6794378	.2555102	.06505205	0
1088.15	0	.6785343	.2560577	.06540801	0
1087.15	0	.6776349	.2566021	.06576309	0
1086.15	0	.6767395	.2571432	.06611729	0
1085.15	0	.6758483	.2576811	.06647061	0
1084.15	0	.6749612	.2582158	.06682304	0
1083.15	0	.6740782	.2587472	.0671746	0
1082.15	0	.6731993	.2592754	.06752529	0
1081.15	0	.6723245	.2598004	.0678751	0
1080.15	0	.6714538	.2603221	.06822403	0
1079.15	0	.6705873	.2608406	.06857209	0
1078.15	0	.6697249	.2613558	.06891929	0
1077.15	0	.6688666	.2618678	.06926561	0
1076.15	0	.6680125	.2623765	.06961106	0
1075.15	0	.6671625	.2628819	.06995565	0
1074.15	0	.6663167	.263384	.07029937	0
1073.15	0	.665475	.2638828	.07064222	0
1072.15	0	.6646375	.2643783	.07098421	0
1071.15	0	.6638041	.2648706	.07132534	0
1070.15	0	.6629749	.2653595	.0716656	0
1069.15	0	.6621499	.2658451	.07200501	0
1068.15	0	.6613291	.2663274	.07234355	0
1067.15	0	.6605125	.2668063	.07268123	0
1066.15	0	.6597	.2672819	.07301806	0
1065.15	0	.6588918	.2677542	.07335403	0
1064.15	0	.6580877	.2682231	.07368914	0
1063.15	0	.6572879	.2686887	.0740234	0
1062.15	0	.6564923	.2691509	.0743568	0
1061.15	0	.6557009	.2696097	.07468935	0
1060.15	0	.6549138	.2700652	.07502104	0
1059.15	0	.6541309	.2705173	.07535188	0
1058.15	0	.6533522	.270966	.07568187	0
1057.15	0	.6525778	.2714112	.07601101	0
1056.15	0	.6518076	.2718531	.07633929	0
1055.15	0	.6510417	.2722916	.07666673	0
1054.15	0	.6502801	.2727266	.07699332	0
1053.15	0	.6495227	.2731582	.07731906	0
1052.15	0	.6487696	.2735864	.07764395	0
1051.15	0	.6480208	.2740112	.07796799	0
1050.15	0	.6472764	.2744325	.07829118	0
1049.15	0	.6465362	.2748503	.07861353	0
1048.15	0	.6458003	.2752647	.07893503	0
1047.15	0	.6450687	.2756756	.07925568	0
1046.15	0	.6443415	.276083	.07957549	0
1045.15	0	.6436186	.2764869	.07989445	0
1044.15	0	.6429001	.2768874	.08021257	0
1043.15	0	.6421858	.2772843	.08052984	0
1042.15	0	.641476	.2776778	.08084626	0
1041.15	0	.6407705	.2780677	.08116184	0
1040.15	0	.6400694	.2784541	.08147657	0
1039.15	0	.6393726	.2788369	.08179046	0
1038.15	0	.6386802	.2792163	.08210351	0
1037.15	0	.6379923	.279592	.0824157	0
1036.15	0	.6373087	.2799643	.08272706	0
1035.15	0	.6366295	.2803329	.08303757	0
1034.15	0	.6359548	.280698	.08334723	0
1033.15	0	.6352845	.2810595	.08365604	0
1032.15	0	.6346186	.2814174	.08396401	0
1031.15	0	.6339571	.2817718	.08427114	0
1030.15	0	.6333001	.2821225	.08457742	0
1029.15	0	.6326476	.2824696	.08488285	0
1028.15	0	.6319995	.2828131	.08518743	0
1027.15	0	.6313559	.283153	.08549117	0
1026.15	0	.6307167	.2834892	.08579406	0
1025.15	0	.6300821	.2838218	.0860961	0
1024.15	0	.6294519	.2841508	.08639729	0
1023.15	0	.6288263	.2844761	.08669763	0
1022.15	0	.6282051	.2847977	.08699712	0
1021.15	0	.6275885	.2851157	.08729576	0
1020.15	0	.6269765	.28543	.08759355	0
1019.15	0	.6263689	.2857406	.08789049	0
1018.15	0	.6257659	.2860475	.08818657	0
1017.15	0	.6251675	.2863507	.0884818	0
1016.15	0	.6245736	.2866502	.08877617	0
1015.15	0	.6239843	.286946	.08906969	0
1014.15	0	.6233996	.2872381	.08936234	0
1013.15	0	.6228194	.2875264	.08965415	0
1012.15	0	.6222439	.287811	.08994509	0
1011.15	0	.6216729	.2880919	.09023517	0
1010.15	0	.6211066	.288369	.09052439	0
1009.15	0	.6205449	.2886423	.09081275	0
1008.15	0	.6199878	.2889119	.09110024	0
1007.15	0	.6194354	.2891777	.09138687	0
1006.15	0	.6188876	.2894398	.09167262	0
1005.15	0	.6183445	.289698	.09195751	0
1004.15	0	.617806	.2899524	.09224153	0
1003.15	0	.6172722	.2902031	.09252468	0
1002.15	0	.6167431	.2904499	.09280696	0
1001.15	0	.6162187	.290693	.09308836	0
1000.15	0	.615699	.2909322	.09336888	0
999.15	0	.6151839	.2911675	.09364852	0
998.15	0	.6146736	.2913991	.09392729	0
997.15	0	.614168	.2916268	.09420516	0
996.15	0	.6136672	.2918507	.09448216	0
995.15	0	.613171	.2920707	.09475827	0
994.15	0	.6126796	.2922869	.09503349	0
993.15	0	.612193	.2924992	.09530781	0
992.15	0	.6117111	.2927076	.09558125	0
991.15	0	.611234	.2929122	.09585378	0
990.15	0	.6107617	.2931129	.09612542	0
989.15	0	.6102941	.2933097	.09639616	0
988.15	0	.6098313	.2935027	.09666599	0
987.15	0	.6093734	.2936917	.09693492	0
986.15	0	.6089202	.2938769	.09720294	0
985.15	0	.6084718	.2940581	.09747005	0
984.15	0	.6080283	.2942355	.09773624	0
983.15	0	.6075896	.2944089	.09800151	0
982.15	0	.6071557	.2945785	.09826587	0
981.15	0	.6067266	.2947441	.0985293	0
980.15	0	.6063024	.2949058	.0987918	0
979.15	0	.605883	.2950636	.09905337	0
978.15	0	.6054685	.2952175	.09931401	0
977.15	0	.6050588	.2953675	.09957371	0
976.15	0	.604654	.2955135	.09983247	0
975.15	0	.6042541	.2956556	.1000903	0
974.15	0	.603859	.2957939	.1003472	0
973.15	0	.6034688	.2959281	.1006031	0
972.15	0	.6030835	.2960585	.100858	0
971.15	0	.6027031	.2961849	.101112	0
970.15	0	.6023276	.2963074	.1013651	0
969.15	0	.6019569	.2964259	.1016171	0
968.15	0	.6015912	.2965406	.1018682	0
967.15	0	.6012304	.2966513	.1021183	0
966.15	0	.6008744	.2967581	.1023675	0
965.15	0	.6005234	.296861	.1026156	0
964.15	0	.6001773	.2969599	.1028628	0
963.15	0	.5998361	.297055	.103109	0
962.15	0	.5994998	.2971461	.1033541	0
961.15	0	.5991684	.2972334	.1035983	0
960.15	0	.5988419	.2973167	.1038414	0
959.15	0	.5985203	.2973961	.1040836	0
958.15	0	.5982037	.2974716	.1043247	0
957.15	0	.597892	.2975433	.1045648	0
956.15	0	.5975851	.2976111	.1048038	0
955.15	0	.5972832	.297675	.1050418	0
954.15	0	.5969862	.297735	.1052788	0
953.15	0	.5966941	.2977912	.1055147	0
952.15	0	.5964069	.2978435	.1057496	0
951.15	0	.5961247	.297892	.1059834	0
950.15	0	.5958473	.2979366	.1062161	0
949.15	0	.5955748	.2979775	.1064478	0
948.15	0	.5953072	.2980145	.1066783	0
947.15	0	.5950445	.2980477	.1069078	0
946.15	0	.5947866	.2980772	.1071362	0
945.15	0	.5945336	.2981029	.1073635	0
944.15	0	.5942855	.2981248	.1075897	0
943.15	0	.5940423	.298143	.1078147	0
942.15	0	.5938039	.2981575	.1080386	0
941.15	0	.5935703	.2981682	.1082614	0
940.15	0	.5933416	.2981753	.1084831	0
939.15	0	.5931177	.2981787	.1087036	0
938.15	0	.5928986	.2981784	.108923	0
937.15	0	.5926843	.2981746	.1091411	0
936.15	0	.5924748	.2981671	.1093581	0
935.15	0	.59227	.298156	.109574	0
934.15	0	.59207	.2981414	.1097886	0
933.15	0	.5918748	.2981232	.110002	0
932.15	0	.5916843	.2981015	.1102143	0
931.15	0	.5914984	.2980763	.1104253	0
930.15	0	.5913173	.2980477	.110635	0
929.15	0	.5911409	.2980156	.1108435	0
928.15	0	.590969	.2979801	.1110508	0
927.15	0	.5908019	.2979413	.1112568	0
926.15	0	.5906393	.2978991	.1114616	0
925.15	0	.5904813	.2978536	.1116651	0
924.15	0	.5903279	.2978049	.1118672	0
923.15	0	.590179	.2977529	.1120681	0
922.15	0	.5900346	.2976978	.1122676	0
921.15	0	.5898947	.2976394	.1124659	0
920.15	0	.5897593	.297578	.1126627	0
919.15	0	.5896282	.2975135	.1128583	0
918.15	0	.5895016	.297446	.1130524	0
917.15	0	.5893793	.2973755	.1132452	0
916.15	0	.5892614	.297302	.1134366	0
915.15	0	.5891477	.2972257	.1136266	0
914.15	0	.5890383	.2971466	.1138151	0
913.15	0	.5889331	.2970646	.1140023	0
912.15	0	.5888321	.29698	.1141879	0
911.15	0	.5887352	.2968926	.1143722	0
910.15	0	.5886424	.2968027	.1145549	0
909.15	0	.5885536	.2967102	.1147361	0
908.15	0	.5884689	.2966153	.1149159	0
907.15	0	.588388	.2965179	.1150941	0
906.15	0	.5883111	.2964181	.1152708	0
905.15	0	.588238	.2963161	.1154459	0
904.15	0	.5881687	.2962119	.1156194	0
903.15	0	.5881032	.2961055	.1157914	0
902.15	0	.5880413	.295997	.1159617	0
901.15	0	.587983	.2958866	.1161304	0
900.15	0	.5879283	.2957743	.1162974	0
899.15	0	.587877	.2956602	.1164628	0
898.15	0	.5878292	.2955443	.1166265	0
897.15	0	.5877847	.2954268	.1167885	0
896.15	0	.5877436	.2953077	.1169487	0
895.15	0	.5877056	.2951872	.1171072	0
894.15	0	.5876707	.2950654	.1172639	0
893.15	0	.5876389	.2949423	.1174188	0
892.15	0	.58761	.2948181	.1175719	0
891.15	0	.5875841	.2946928	.1177231	0
890.15	0	.5875609	.2945667	.1178725	0
889.15	0	.5875404	.2944397	.1180199	0
888.15	0	.5875225	.2943121	.1181655	0
887.15	0	.5875071	.2941839	.118309	0
886.15	0	.5874941	.2940553	.1184506	0
885.15	0	.5874834	.2939264	.1185902	0
884.15	0	.5874749	.2937974	.1187278	0
883.15	0	.5874684	.2936684	.1188632	0
882.15	0	.5874639	.2935395	.1189966	0
881.15	0	.5874613	.2934109	.1191278	0
880.15	0	.5874603	.2932828	.1192568	0
879.15	0	.5874609	.2931554	.1193837	0
878.15	0	.587463	.2930287	.1195083	0
877.15	0	.5874664	.292903	.1196306	0
876.15	0	.5874709	.2927785	.1197506	0
875.15	0	.5874764	.2926554	.1198682	0
874.15	0	.5874828	.2925338	.1199834	0
873.15	0	.5874898	.292414	.1200962	0
872.15	0	.5874973	.2922962	.1202065	0
871.15	0	.5875052	.2921806	.1203142	0
870.15	0	.5875132	.2920674	.1204193	0
869.15	0	.5875212	.291957	.1205218	0
868.15	0	.587529	.2918494	.1206216	0
867.15	0	.5875363	.2917451	.1207186	0
866.15	0	.5875429	.2916443	.1208128	0
865.15	0	.5875486	.2915473	.1209041	0
864.15	0	.5875532	.2914543	.1209925	0
863.15	0	.5875564	.2913657	.1210779	0
862.15	0	.587558	.2912819	.1211601	0
861.15	0	.5875576	.2912031	.1212392	0
860.15	0	.5875551	.2911298	.1213151	0
859.15	0	.58755	.2910623	.1213876	0
858.15	0	.5875421	.2910011	.1214568	0
857.15	0	.5875311	.2909466	.1215224	0
856.15	0	.5875165	.2908991	.1215843	0
855.15	0	.5874981	.2908593	.1216426	0
854.15	0	.5874754	.2908276	.1216971	0
853.15	0	.5874479	.2908045	.1217475	0
852.15	0	.5874154	.2907907	.1217939	0
851.15	0	.5873772	.2907867	.1218361	0
850.15	0	.5873328	.2907932	.1218739	0
849.15	0	.5872818	.290811	.1219072	0
848.15	0	.5872235	.2908407	.1219358	0
847.15	0	.5871573	.2908831	.1219595	0
846.15	0	.5870826	.2909392	.1219782	0
845.15	0	.5869865	.2910246	.121989	0
844.15	0	.5864796	.2916134	.1219069	0
843.15	0	.5860251	.2921449	.12183	0
842.15	0	.5856185	.2926239	.1217576	0
841.15	0	.585256	.2930548	.1216892	0
840.15	0	.5849341	.2934413	.1216245	0
839.15	0	.5846498	.2937871	.1215631	0
838.15	0	.5844002	.2940952	.1215046	0
837.15	0	.5841828	.2943684	.1214488	0
836.15	0	.5839952	.2946094	.1213954	0
835.15	0	.5838353	.2948205	.1213443	0
834.15	0	.5837012	.2950038	.1212951	0
833.15	0	.583591	.2951613	.1212477	0
832.15	0	.5835031	.2952949	.121202	0
831.15	0	.5834359	.2954062	.1211578	0
830.15	0	.5833882	.2954968	.1211151	0
829.15	0	.5833584	.295568	.1210735	0
828.15	0	.5833455	.2956213	.1210332	0
827.15	0	.5833483	.2956578	.1209939	0
826.15	0	.5833656	.2956788	.1209556	0
825.15	0	.5833966	.2956852	.1209182	0
824.15	0	.5834403	.2956781	.1208816	0
823.15	0	.5834959	.2956584	.1208457	0
822.15	0	.5835625	.295627	.1208106	0
821.15	0	.5836394	.2955846	.120776	0
820.15	0	.5837258	.2955321	.1207421	0
819.15	0	.5838211	.2954702	.1207087	0
818.15	0	.5839247	.2953995	.1206758	0
817.15	0	.584036	.2953207	.1206433	0
816.15	0	.5841544	.2952344	.1206113	0
815.15	0	.5842794	.295141	.1205796	0
814.15	0	.5844105	.2950412	.1205483	0
813.15	0	.5845473	.2949354	.1205173	0
812.15	0	.5846893	.2948242	.1204865	0
811.15	0	.5848361	.2947078	.1204561	0
810.15	0	.5849873	.2945868	.1204259	0
809.15	0	.5851426	.2944615	.1203959	0
808.15	0	.5853016	.2943323	.1203661	0
807.15	0	.585464	.2941995	.1203364	0
806.15	0	.5856295	.2940635	.120307	0
805.15	0	.5857978	.2939246	.1202777	0
804.15	0	.5859686	.2937829	.1202485	0
803.15	0	.5861417	.2936389	.1202194	0
802.15	0	.5863168	.2934928	.1201905	0
801.15	0	.5864937	.2933447	.1201616	0
800.15	0	.5866722	.293195	.1201328	0
799.15	0	.5868521	.2930438	.1201041	0
798.15	0	.5870331	.2928914	.1200754	0
797.15	0	.5872152	.2927379	.1200468	0
796.15	0	.5873982	.2925836	.1200183	0
795.15	0	.5875818	.2924285	.1199898	0
794.15	0	.5877659	.2922728	.1199613	0
793.15	0	.5879505	.2921168	.1199328	0
792.15	0	.5881352	.2919604	.1199043	0
791.15	0	.5883202	.291804	.1198759	0
790.15	0	.5885051	.2916475	.1198474	0
789.15	0	.58869	.2914911	.119819	0
788.15	0	.5888746	.2913349	.1197905	0
787.15	0	.589059	.291179	.119762	0
786.15	0	.5892429	.2910235	.1197335	0
785.15	0	.5894264	.2908686	.1197051	0
784.15	0	.5896093	.2907142	.1196765	0
783.15	0	.5897916	.2905605	.119648	0
782.15	0	.5899732	.2904075	.1196194	0
781.15	0	.590154	.2902553	.1195908	0
780.15	0	.5903339	.290104	.1195621	0
779.15	0	.590513	.2899536	.1195334	0
778.15	0	.5906911	.2898042	.1195047	0
777.15	0	.5908683	.2896559	.1194759	0
776.15	0	.5910444	.2895086	.119447	0
775.15	0	.5912194	.2893625	.1194182	0
774.15	0	.5913932	.2892175	.1193892	0
773.15	0	.591566	.2890738	.1193603	0
772.15	0	.5917375	.2889313	.1193312	0
771.15	0	.5919077	.2887901	.1193021	0
770.15	0	.5920768	.2886503	.119273	0
769.15	0	.5922445	.2885118	.1192438	0
768.15	0	.5924109	.2883746	.1192145	0
767.15	0	.5925759	.2882389	.1191852	0
766.15	0	.5927397	.2881045	.1191558	0
765.15	0	.592902	.2879716	.1191264	0
764.15	0	.5930629	.2878402	.1190969	0
763.15	0	.5932225	.2877103	.1190673	0
762.15	0	.5933806	.2875818	.1190376	0
761.15	0	.5935373	.2874548	.1190079	0
760.15	0	.5936925	.2873293	.1189782	0
759.15	0	.5938463	.2872054	.1189483	0
758.15	0	.5939986	.287083	.1189184	0
757.15	0	.5941494	.2869621	.1188884	0
756.15	0	.5942988	.2868428	.1188584	0
755.15	0	.5944467	.286725	.1188283	0
754.15	0	.5945931	.2866088	.1187981	0
753.15	0	.594738	.2864941	.1187679	0
752.15	0	.5948815	.286381	.1187375	0
751.15	0	.5950234	.2862694	.1187072	0
750.15	0	.5951639	.2861594	.1186767	0
749.15	0	.5953029	.286051	.1186462	0
748.15	0	.5954404	.2859441	.1186156	0
747.15	0	.5955764	.2858387	.1185849	0
746.15	0	.5957109	.2857349	.1185542	0
745.15	0	.595844	.2856327	.1185234	0
744.15	0	.5959756	.285532	.1184925	0
743.15	0	.5961057	.2854328	.1184615	0
742.15	0	.5962343	.2853351	.1184305	0
741.15	0	.5963616	.285239	.1183994	0
740.15	0	.5964873	.2851444	.1183683	0
739.15	0	.5966116	.2850513	.1183371	0
738.15	0	.5967345	.2849598	.1183058	0
737.15	0	.5968559	.2848697	.1182744	0
736.15	0	.5969759	.2847811	.118243	0
735.15	0	.5970973	.284692	.1182107	0
734.15	0	.5972143	.2846065	.1181792	0
733.15	0	.5973299	.2845225	.1181476	0
732.15	0	.5974441	.2844399	.1181159	0
731.15	0	.597557	.2843588	.1180842	0
730.15	0	.5976685	.2842792	.1180524	0
729.15	0	.5977786	.2842009	.1180205	0
728.15	0	.5978874	.284124	.1179886	0
727.15	0	.5979948	.2840486	.1179566	0
726.15	0	.598101	.2839745	.1179245	0
725.15	0	.5982058	.2839018	.1178924	0
724.15	0	.5983093	.2838305	.1178601	0
723.15	0	.5984116	.2837606	.1178279	0
722.15	0	.5985125	.283692	.1177955	0
721.15	0	.5986121	.2836248	.1177631	0
720.15	0	.5987105	.2835589	.1177306	0
719.15	0	.5988077	.2834943	.1176981	0
718.15	0	.5989035	.283431	.1176655	0
717.15	0	.5989982	.283369	.1176328	0
716.15	0	.5990916	.2833083	.1176001	0
715.15	0	.5991838	.2832489	.1175673	0
714.15	0	.5992748	.2831908	.1175344	0
713.15	0	.5993646	.2831339	.1175015	0
712.15	0	.5994532	.2830783	.1174685	0
711.15	0	.5995406	.2830239	.1174355	0
710.15	0	.5996269	.2829707	.1174024	0
709.15	0	.599712	.2829188	.1173692	0
708.15	0	.599796	.282868	.117336	0
707.15	0	.5998788	.2828185	.1173027	0
706.15	0	.5999605	.2827701	.1172694	0
705.15	0	.6000411	.2827229	.117236	0
704.15	0	.6001206	.2826769	.1172025	0
703.15	0	.600199	.282632	.117169	0
702.15	0	.6002763	.2825882	.1171355	0
701.15	0	.6003525	.2825456	.1171019	0
700.15	0	.6004277	.2825041	.1170682	0
699.15	0	.6005018	.2824637	.1170345	0
698.15	0	.6005749	.2824244	.1170007	0
697.15	0	.6006469	.2823862	.1169669	0
696.15	0	.6007179	.2823491	.116933	0
695.15	0	.6007879	.282313	.1168991	0
694.15	0	.6008569	.282278	.1168652	0
693.15	0	.6009249	.282244	.1168311	0
692.15	0	.6009919	.282211	.1167971	0
691.15	0	.6010579	.2821791	.116763	0
690.15	0	.601123	.2821482	.1167288	0
689.15	0	.6011871	.2821183	.1166946	0
688.15	0	.6012503	.2820894	.1166603	0
687.15	0	.6013125	.2820614	.116626	0
686.15	0	.6013738	.2820345	.1165917	0
685.15	0	.6014342	.2820085	.1165573	0
684.15	0	.6014937	.2819834	.1165229	0
683.15	0	.6015523	.2819593	.1164884	0
682.15	0	.60161	.2819361	.1164539	0
681.15	0	.6016668	.2819139	.1164194	0
680.15	0	.6017227	.2818925	.1163848	0
679.15	0	.6017778	.2818721	.1163502	0
678.15	0	.601832	.2818525	.1163155	0
677.15	0	.6018854	.2818338	.1162808	0
676.15	0	.6019379	.281816	.1162461	0
675.15	0	.6019896	.2817991	.1162113	0
674.15	0	.6020405	.281783	.1161765	0
673.15	0	.6020906	.2817678	.1161416	0
672.15	0	.6021398	.2817534	.1161068	0
671.15	0	.6021883	.2817399	.1160719	0
670.15	0	.602236	.2817271	.1160369	0
669.15	0	.6022829	.2817152	.1160019	0
668.15	0	.602329	.281704	.1159669	0
667.15	0	.6023744	.2816937	.1159319	0
666.15	0	.602419	.2816841	.1158968	0
665.15	0	.6024629	.2816753	.1158617	0
664.15	0	.6025061	.2816673	.1158266	0
663.15	0	.6025485	.2816601	.1157914	0
662.15	0	.6025902	.2816536	.1157563	0
661.15	0	.6026312	.2816478	.115721	0
660.15	0	.6026714	.2816427	.1156858	0
659.15	0	.602711	.2816384	.1156506	0
658.15	0	.6027499	.2816348	.1156153	0
657.15	0	.6027881	.2816319	.11558	0
656.15	0	.6028256	.2816298	.1155447	0
655.15	0	.6028624	.2816282	.1155093	0
654.15	0	.6028986	.2816274	.1154739	0
653.15	0	.6029342	.2816273	.1154386	0
652.15	0	.602969	.2816278	.1154031	0
651.15	0	.6030033	.281629	.1153677	0
650.15	0	.6030369	.2816308	.1153323	0
649.15	0	.6030699	.2816333	.1152968	0
648.15	0	.6031022	.2816365	.1152613	0
647.15	0	.603134	.2816402	.1152258	0
646.15	0	.6031651	.2816446	.1151903	0
645.15	0	.6031956	.2816496	.1151548	0
644.15	0	.6032256	.2816552	.1151193	0
643.15	0	.6032549	.2816614	.1150837	0
642.15	0	.6032837	.2816682	.1150481	0
641.15	0	.6033119	.2816755	.1150126	0
640.15	0	.6033395	.2816835	.114977	0
639.15	0	.6033666	.281692	.1149414	0
638.15	0	.6033931	.2817011	.1149058	0
637.15	0	.6034191	.2817108	.1148702	0
636.15	0	.6034445	.281721	.1148346	0
635.15	0	.6034693	.2817317	.1147989	0
634.15	0	.6034937	.281743	.1147633	0
633.15	0	.6035175	.2817549	.1147276	0
632.15	0	.6035408	.2817672	.114692	0
631.15	0	.6035636	.2817801	.1146564	0
630.15	0	.6035858	.2817935	.1146207	0
629.15	0	.6036076	.2818073	.114585	0
628.15	0	.6036289	.2818217	.1145494	0
627.15	0	.6036497	.2818366	.1145137	0
626.15	0	.60367	.281852	.1144781	0
625.15	0	.6036898	.2818678	.1144424	0
624.15	0	.6037091	.2818841	.1144068	0
623.15	0	.603728	.2819009	.1143711	0
622.15	0	.6037464	.2819182	.1143354	0
621.15	0	.6037643	.2819359	.1142998	0
620.15	0	.6037818	.2819541	.1142642	0
619.15	0	.6037988	.2819727	.1142285	0
618.15	0	.6038154	.2819917	.1141929	0
617.15	0	.6038316	.2820112	.1141572	0
616.15	0	.6038473	.2820311	.1141216	0
615.15	0	.6038626	.2820514	.114086	0
614.15	0	.6038774	.2820722	.1140504	0
613.15	0	.6038919	.2820933	.1140148	0
612.15	0	.6039059	.2821149	.1139792	0
611.15	0	.6039195	.2821369	.1139436	0
610.15	0	.6039327	.2821592	.1139081	0
609.15	0	.6039455	.282182	.1138725	0
608.15	0	.6039579	.2822051	.113837	0
607.15	0	.60397	.2822286	.1138015	0
606.15	0	.6039816	.2822525	.113766	0
605.15	0	.6039928	.2822767	.1137304	0
604.15	0	.6040037	.2823013	.113695	0
603.15	0	.6040142	.2823263	.1136595	0
602.15	0	.6040243	.2823516	.1136241	0
601.15	0	.6040341	.2823773	.1135886	0
600.15	0	.6040435	.2824033	.1135532	0
599.15	0	.6040525	.2824297	.1135178	0
598.15	0	.6040612	.2824563	.1134825	0
597.15	0	.6040695	.2824833	.1134471	0
596.15	0	.6040775	.2825107	.1134118	0
595.15	0	.6040852	.2825383	.1133765	0
594.15	0	.6040925	.2825663	.1133412	0
593.15	0	.6040995	.2825946	.1133059	0
592.15	0	.6041061	.2826231	.1132707	0
591.15	0	.6041125	.282652	.1132355	0
590.15	0	.6041185	.2826812	.1132003	0
589.15	0	.6041242	.2827106	.1131652	0
588.15	0	.6041296	.2827404	.1131301	0
587.15	0	.6041346	.2827704	.113095	0
586.15	0	.6041394	.2828007	.1130599	0
585.15	0	.6041439	.2828313	.1130249	0
584.15	0	.604148	.2828621	.1129899	0
583.15	0	.6041519	.2828933	.1129549	0
582.15	0	.6041555	.2829246	.1129199	0
581.15	0	.6041587	.2829562	.112885	0
580.15	0	.6041618	.2829881	.1128501	0
579.15	0	.6041645	.2830202	.1128153	0
578.15	0	.6041669	.2830526	.1127805	0
577.15	0	.6041691	.2830852	.1127457	0
576.15	0	.604171	.283118	.112711	0
575.15	0	.6041726	.2831511	.1126763	0
574.15	0	.604174	.2831844	.1126416	0
573.15	0	.6041751	.2832179	.112607	0
572.15	0	.604176	.2832516	.1125724	0
571.15	0	.6041766	.2832856	.1125379	0
570.15	0	.6041769	.2833197	.1125034	0
569.15	0	.604177	.2833541	.1124689	0
568.15	0	.6041769	.2833886	.1124345	0
567.15	0	.6041765	.2834234	.1124001	0
566.15	0	.6041759	.2834584	.1123658	0
565.15	0	.604175	.2834935	.1123315	0
564.15	0	.6041739	.2835288	.1122973	0
563.15	0	.6041726	.2835643	.1122631	0
562.15	0	.6041711	.2836	.1122289	0
561.15	0	.6041693	.2836359	.1121948	0
560.15	0	.6041673	.283672	.1121607	0
559.15	0	.6041651	.2837082	.1121267	0
558.15	0	.6041627	.2837445	.1120928	0
557.15	0	.6041601	.2837811	.1120589	0
556.15	0	.6041572	.2838178	.112025	0
555.15	0	.6041542	.2838546	.1119912	0
554.15	0	.6041509	.2838916	.1119575	0
553.15	0	.6041475	.2839288	.1119238	0
552.15	0	.6041438	.2839661	.1118901	0
551.15	0	.60414	.2840035	.1118565	0
550.15	0	.6041359	.2840411	.111823	0
549.15	0	.6041317	.2840788	.1117895	0
548.15	0	.6041273	.2841166	.1117561	0
547.15	0	.6041227	.2841546	.1117227	0
546.15	0	.6041179	.2841927	.1116894	0
545.15	0	.604113	.2842309	.1116562	0
544.15	0	.6041078	.2842692	.1116229	0
543.15	0	.6041025	.2843077	.1115898	0
542.15	0	.604097	.2843462	.1115568	0
541.15	0	.6040914	.2843849	.1115237	0
540.15	0	.6040856	.2844236	.1114908	0
539.15	0	.6040796	.2844625	.1114579	0
538.15	0	.6040735	.2845015	.1114251	0
537.15	0	.6040672	.2845405	.1113923	0
536.15	0	.6040607	.2845797	.1113596	0
535.15	0	.6040541	.2846189	.111327	0
534.15	0	.6040473	.2846583	.1112944	0
533.15	0	.6040404	.2846977	.1112619	0
532.15	0	.6040333	.2847372	.1112295	0
531.15	0	.6040261	.2847767	.1111972	0
530.15	0	.6040187	.2848164	.1111649	0
529.15	0	.6040112	.2848561	.1111326	0
528.15	0	.6040036	.2848959	.1111005	0
527.15	0	.6039958	.2849358	.1110684	0
526.15	0	.6039879	.2849757	.1110364	0
525.15	0	.6039799	.2850157	.1110045	0
524.15	0	.6039717	.2850557	.1109726	0
523.15	0	.6039634	.2850958	.1109408	0
522.15	0	.603955	.285136	.1109091	0
521.15	0	.6039464	.2851761	.1108774	0
520.15	0	.6039378	.2852164	.1108459	0
519.15	0	.603929	.2852567	.1108144	0
518.15	0	.60392	.285297	.110783	0
517.15	0	.603911	.2853374	.1107516	0
516.15	0	.6039019	.2853778	.1107204	0
515.15	0	.6038926	.2854182	.1106892	0
514.15	0	.6038832	.2854587	.1106581	0
513.15	0	.6038738	.2854992	.1106271	0
512.15	0	.6038642	.2855397	.1105961	0
511.15	0	.6038545	.2855803	.1105653	0
510.15	0	.6038447	.2856208	.1105345	0
509.15	0	.6038348	.2856614	.1105038	0
508.15	0	.6038248	.285702	.1104732	0
507.15	0	.6038147	.2857426	.1104426	0
506.15	0	.6038045	.2857833	.1104122	0
505.15	0	.6037943	.2858239	.1103818	0
504.15	0	.6037839	.2858645	.1103516	0
503.15	0	.6037734	.2859052	.1103214	0
502.15	0	.6037629	.2859459	.1102913	0
501.15	0	.6037523	.2859865	.1102612	0
500.15	0	.6037415	.2860272	.1102313	0
499.15	0	.6037307	.2860678	.1102015	0
498.15	0	.6037199	.2861084	.1101717	0
497.15	0	.6037089	.2861491	.1101421	0
496.15	0	.6036978	.2861897	.1101125	0
495.15	0	.6036867	.2862303	.110083	0
494.15	0	.6036755	.2862708	.1100536	0
493.15	0	.6036643	.2863114	.1100243	0
492.2697	0	.6036543	.2863471	.1099986	0
492.2697	0	.6036543	.2863471	.1099986	0
492.2697	0	.6036543	.2863471	.1099986	0
492.15	0	.6036889	.286271	.1099576	8.254865E-05
491.15	0	.6039771	.285636	.1096155	7.713444E-04
490.15	0	.604264	.2850033	.1092742	.00145845
489.15	0	.6045491	.284373	.108934	.002143785
488.15	0	.6048328	.283745	.1085948	.002827413
487.15	0	.605115	.2831192	.1082565	.003509349
486.15	0	.6053957	.2824955	.1079191	.004189608
485.15	0	.605675	.2818741	.1075827	.004868206
484.15	0	.6059529	.2812548	.1072472	.005545157
483.15	0	.6062294	.2806376	.1069125	.006220476
482.15	0	.6065044	.2800226	.1065788	.006894177
481.15	0	.6067782	.2794096	.106246	.007566276
480.15	0	.6070505	.2787986	.1059141	.008236785
479.15	0	.6073216	.2781897	.105583	.00890572
478.15	0	.6075914	.2775827	.1052528	.009573095
477.15	0	.6078598	.2769777	.1049235	.01023892
476.15	0	.608127	.2763747	.1045951	.01090322
475.15	0	.6083929	.2757735	.1042675	.01156599
474.15	0	.6086577	.2751743	.1039408	.01222726
473.15	0	.6089211	.2745769	.1036149	.01288704
472.15	0	.6091834	.2739814	.1032899	.01354534
471.15	0	.6094445	.2733877	.1029656	.01420217
470.15	0	.6097044	.2727958	.1026422	.01485755
469.15	0	.6099632	.2722056	.1023197	.01551149
468.15	0	.6102209	.2716172	.1019979	.016164
467.15	0	.6104774	.2710306	.101677	.01681509
466.15	0	.6107328	.2704456	.1013568	.01746479
465.15	0	.6109871	.2698623	.1010375	.01811309
464.15	0	.6112404	.2692807	.1007189	.01876002
463.15	0	.6114926	.2687007	.1004011	.01940557
462.15	0	.6117437	.2681223	.1000841	.02004978
461.15	0	.6119939	.2675456	.09976792	.02069264
460.15	0	.612243	.2669704	.09945248	.02133418
459.15	0	.6124911	.2663967	.09913779	.02197439
458.15	0	.6127382	.2658246	.09882387	.0226133
457.15	0	.6129844	.265254	.0985107	.02325092
456.15	0	.6132296	.2646849	.09819828	.02388725
455.15	0	.6134738	.2641173	.0978866	.0245223
454.15	0	.6137172	.2635511	.09757566	.0251561
453.15	0	.6139596	.2629863	.09726546	.02578865
452.15	0	.6142011	.262423	.09695598	.02641995
451.15	0	.6144417	.261861	.09664723	.02705003
450.15	0	.6146815	.2613004	.09633919	.02767889
449.15	0	.6149204	.2607412	.09603188	.02830656
448.15	0	.6151585	.2601832	.09572529	.02893303
447.15	0	.6153957	.2596266	.09541939	.02955832
446.15	0	.6156322	.2590712	.09511421	.03018244
445.15	0	.6158678	.2585171	.09480972	.0308054
444.15	0	.6161026	.2579642	.09450592	.03142721
443.15	0	.6163367	.2574126	.09420282	.03204789
442.15	0	.6165701	.2568621	.0939004	.03266744
441.15	0	.6168027	.2563128	.09359868	.03328587
440.15	0	.6170345	.2557647	.09329763	.0339032
439.15	0	.6172657	.2552176	.09299726	.03451943
438.15	0	.6174962	.2546717	.09269756	.03513458
437.15	0	.6177259	.2541269	.09239853	.03574866
436.15	0	.6179551	.2535831	.09210017	.03636168
435.15	0	.6181835	.2530404	.09180247	.03697365
434.15	0	.6184114	.2524986	.09150544	.03758458
433.15	0	.6186386	.2519579	.09120905	.03819447
432.15	0	.6188651	.2514182	.09091333	.03880334
431.15	0	.6190911	.2508795	.09061825	.03941121
430.15	0	.6193165	.2503416	.09032382	.04001806
429.15	0	.6195413	.2498048	.09003003	.04062393
428.15	0	.6197655	.2492688	.08973688	.04122881
427.15	0	.6199892	.2487337	.08944436	.04183272
426.15	0	.6202123	.2481995	.08915248	.04243567
425.15	0	.6204349	.2476662	.08886123	.04303765
424.15	0	.620657	.2471337	.08857061	.04363869
423.15	0	.6208786	.246602	.0882806	.0442388
