T	 BPW(LIQUID)	BPW(BCC_A2)	BPW(FCC_A1)	BPW(LAVES_PHASE_C14)	BPW(NI3TI)
1473.15	.5411765	.4588235	0	0	0
1472.15	.5376708	.4623292	0	0	0
1471.15	.5341879	.4658121	0	0	0
1470.15	.5307275	.4692725	0	0	0
1469.15	.5272895	.4727105	0	0	0
1468.15	.5238738	.4761262	0	0	0
1467.15	.5204802	.4795198	0	0	0
1466.15	.5171084	.4828916	0	0	0
1465.15	.5137584	.4862416	0	0	0
1464.15	.5104301	.4895699	0	0	0
1463.15	.5071231	.4928769	0	0	0
1462.15	.5038375	.4961625	0	0	0
1461.15	.500573	.499427	0	0	0
1460.15	.4973294	.5026706	0	0	0
1459.15	.4941067	.5058933	0	0	0
1458.15	.4909047	.5090953	0	0	0
1457.15	.4877232	.5122768	0	0	0
1456.15	.484562	.515438	0	0	0
1455.15	.4814211	.5185789	0	0	0
1454.15	.4783003	.5216997	0	0	0
1453.15	.4751994	.5248006	0	0	0
1452.15	.4721183	.5278817	0	0	0
1451.15	.4690569	.5309431	0	0	0
1450.15	.466015	.533985	0	0	0
1449.15	.4629924	.5370076	0	0	0
1448.15	.4599891	.5400109	0	0	0
1447.15	.4570049	.5429951	0	0	0
1446.15	.4540397	.5459603	0	0	0
1445.15	.4510933	.5489067	0	0	0
1444.15	.4481655	.5518345	0	0	0
1443.15	.4452564	.5547436	0	0	0
1442.15	.4423656	.5576344	0	0	0
1441.15	.4394932	.5605068	0	0	0
1440.15	.4366389	.5633611	0	0	0
1439.15	.4338027	.5661973	0	0	0
1438.15	.4309844	.5690156	0	0	0
1437.15	.4281838	.5718162	0	0	0
1436.15	.4254009	.5745991	0	0	0
1435.15	.4226356	.5773644	0	0	0
1434.15	.4198876	.5801124	0	0	0
1433.15	.417157	.582843	0	0	0
1432.15	.4144435	.5855565	0	0	0
1431.15	.4117471	.588253	0	0	0
1430.15	.4090675	.5909325	0	0	0
1429.15	.4064048	.5935952	0	0	0
1428.15	.4037588	.5962412	0	0	0
1427.15	.4011293	.5988707	0	0	0
1426.15	.3985163	.6014837	0	0	0
1425.15	.3959196	.6040804	0	0	0
1424.15	.3933392	.6066608	0	0	0
1423.15	.3907748	.6092252	0	0	0
1422.15	.3882265	.6117735	0	0	0
1421.15	.385694	.614306	0	0	0
1420.15	.3831773	.6168227	0	0	0
1419.15	.3806763	.6193237	0	0	0
1418.15	.3781908	.6218092	0	0	0
1417.15	.3757208	.6242792	0	0	0
1416.15	.3732661	.6267339	0	0	0
1415.15	.3708267	.6291734	0	0	0
1414.15	.3684023	.6315977	0	0	0
1413.15	.365993	.634007	0	0	0
1412.15	.3635986	.6364014	0	0	0
1411.15	.361219	.638781	0	0	0
1410.15	.3588541	.6411459	0	0	0
1409.15	.3565038	.6434962	0	0	0
1408.15	.3541681	.6458319	0	0	0
1407.15	.3518467	.6481533	0	0	0
1406.15	.3495396	.6504604	0	0	0
1405.15	.3472468	.6527532	0	0	0
1404.15	.344968	.655032	0	0	0
1403.15	.3427033	.6572967	0	0	0
1402.15	.3404524	.6595476	0	0	0
1401.15	.3382154	.6617846	0	0	0
1400.15	.3359921	.6640079	0	0	0
1399.15	.3337825	.6662175	0	0	0
1398.15	.3315864	.6684137	0	0	0
1397.15	.3294037	.6705963	0	0	0
1396.15	.3272343	.6727657	0	0	0
1395.15	.3250782	.6749218	0	0	0
1394.15	.3229353	.6770647	0	0	0
1393.15	.3208055	.6791945	0	0	0
1392.15	.3186886	.6813114	0	0	0
1391.15	.3165847	.6834153	0	0	0
1390.15	.3144935	.6855065	0	0	0
1389.15	.3124151	.6875849	0	0	0
1388.15	.3103493	.6896507	0	0	0
1387.15	.3082961	.6917039	0	0	0
1386.15	.3062553	.6937447	0	0	0
1385.15	.3042269	.6957731	0	0	0
1384.15	.3022108	.6977892	0	0	0
1384.055	.3020191	.6979809	0	0	0
1384.055	.3020191	.6979809	0	0	0
1384.055	.3020191	.6979809	0	0	0
1383.15	.2993074	.6995951	0	.001097521	0
1382.15	.2963377	.7013597	0	.002302626	0
1381.15	.293397	.7031037	0	.003499274	0
1380.15	.2904849	.7048275	0	.004687596	0
1379.15	.2876008	.7065315	0	.005867722	0
1378.15	.2847444	.7082158	0	.00703978	0
1377.15	.2819153	.7098808	0	.008203894	0
1376.15	.2791129	.7115269	0	.009360186	0
1375.15	.276337	.7131543	0	.01050878	0
1374.15	.273587	.7147632	0	.01164978	0
1373.15	.2708627	.716354	0	.01278332	0
1372.15	.2681636	.7179269	0	.0139095	0
1371.15	.2654893	.7194823	0	.01502843	0
1370.15	.2628395	.7210203	0	.01614022	0
1369.15	.2602138	.7225412	0	.01724498	0
1368.15	.2576118	.7240454	0	.01834282	0
1367.15	.2550333	.7255329	0	.01943382	0
1366.15	.2524778	.7270041	0	.0205181	0
1365.15	.2499449	.7284593	0	.02159575	0
1364.15	.2474345	.7298986	0	.02266687	0
1363.15	.2449462	.7313223	0	.02373155	0
1362.15	.2424795	.7327306	0	.02478988	0
1361.15	.2400343	.7341237	0	.02584196	0
1360.15	.2376102	.7355019	0	.02688787	0
1359.15	.2352069	.7368654	0	.0279277	0
1358.15	.2328242	.7382143	0	.02896154	0
1357.15	.2304616	.7395489	0	.02998947	0
1356.15	.228119	.7408694	0	.03101158	0
1355.15	.225796	.742176	0	.03202794	0
1354.15	.2234924	.7434689	0	.03303863	0
1353.15	.221208	.7447483	0	.03404374	0
1352.15	.2189423	.7460144	0	.03504333	0
1351.15	.2166953	.7472673	0	.03603749	0
1350.15	.2144665	.7485072	0	.03702628	0
1349.15	.2122558	.7497344	0	.03800979	0
1348.15	.210063	.7509489	0	.03898808	0
1347.15	.2078877	.7521511	0	.03996122	0
1346.15	.2057298	.7533409	0	.04092927	0
1345.15	.203589	.7545187	0	.04189232	0
1344.15	.201465	.7556846	0	.04285042	0
1343.15	.1993577	.7568387	0	.04380364	0
1342.15	.1972668	.7579812	0	.04475204	0
1341.15	.1951921	.7591122	0	.04569569	0
1340.15	.1931334	.760232	0	.04663465	0
1339.15	.1910904	.7613406	0	.04756897	0
1338.15	.189063	.7624383	0	.04849872	0
1337.15	.187051	.7635251	0	.04942396	0
1336.15	.1850541	.7646012	0	.05034474	0
1335.15	.1830721	.7656667	0	.05126112	0
1334.15	.181105	.7667219	0	.05217316	0
1333.15	.1791523	.7677668	0	.05308091	0
1332.15	.1772141	.7688015	0	.05398443	0
1331.15	.1752901	.7698262	0	.05488376	0
1330.15	.17338	.770841	0	.05577896	0
1329.15	.1714838	.7718461	0	.05667008	0
1328.15	.1696012	.7728416	0	.05755718	0
1327.15	.1677322	.7738276	0	.05844029	0
1326.15	.1658764	.7748042	0	.05931948	0
1325.15	.1640337	.7757715	0	.06019478	0
1324.15	.162204	.7767297	0	.06106624	0
1323.15	.1603871	.777679	0	.06193392	0
1322.15	.1585829	.7786193	0	.06279785	0
1321.15	.1567911	.7795508	0	.06365809	0
1320.15	.1550117	.7804737	0	.06451466	0
1319.15	.1532444	.781388	0	.06536763	0
1318.15	.1514892	.7822938	0	.06621703	0
1317.15	.1497458	.7831913	0	.0670629	0
1316.15	.1480142	.7840806	0	.06790529	0
1315.15	.1462941	.7849617	0	.06874423	0
1314.15	.1445855	.7858348	0	.06957976	0
1313.15	.1428881	.7866999	0	.07041194	0
1312.15	.141202	.7875572	0	.07124078	0
1311.15	.1395268	.7884068	0	.07206634	0
1310.15	.1378626	.7892488	0	.07288865	0
1309.15	.1362091	.7900832	0	.07370774	0
1308.15	.1345662	.7909102	0	.07452366	0
1307.15	.1329338	.7917298	0	.07533643	0
1306.15	.1313118	.7925421	0	.0761461	0
1305.15	.1297001	.7933472	0	.0769527	0
1304.15	.1280984	.7941453	0	.07775627	0
1303.15	.1265068	.7949364	0	.07855683	0
1302.15	.1249251	.7957205	0	.07935442	0
1301.15	.1233531	.7964978	0	.08014908	0
1300.15	.1217908	.7972684	0	.08094084	0
1299.15	.1202348	.798035	0	.08173029	0
1298.15	.1186914	.7987923	0	.08251633	0
1297.15	.1171574	.7995431	0	.08329956	0
1296.15	.1156325	.8002875	0	.08408	0
1295.15	.1141168	.8010255	0	.0848577	0
1294.15	.1126101	.8017573	0	.08563269	0
1293.15	.1111122	.8024828	0	.08640498	0
1292.15	.1096231	.8032023	0	.08717461	0
1291.15	.1081427	.8039157	0	.08794161	0
1290.566	.1072817	.8043297	0	.08838855	0
1290.566	.1072817	.8043297	0	.08838855	0
1290.566	.1072817	.8043297	0	.08838855	0
1290.15	.1039267	.8032514	.003854972	.08896689	0
1289.15	.09586119	.8007008	.01308903	.090349	0
1288.15	.0878027	.7982106	.0222683	.09171837	0
1287.15	.07975087	.7957804	.03139356	.09307515	0
1286.15	.07170533	.7934096	.04046553	.09441949	0
1285.15	.06366574	.7910977	.04948498	.09575154	0
1284.15	.05563176	.7888442	.05845262	.09707143	0
1283.15	.04760305	.7866485	.06736917	.09837931	0
1282.15	.03957928	.7845101	.07623534	.09967532	0
1281.15	.03156014	.7824285	.08505181	.1009596	0
1280.15	.02354531	.7804032	.09381928	.1022323	0
1279.15	.01553448	.7784336	.1025384	.1034935	0
1278.15	.007527361	.7765194	.1112099	.1047433	0
1277.21	0	.7747692	.1193223	.1059085	0
1277.21	0	.7747692	.1193223	.1059085	0
1277.15	0	.7746883	.119372	.1059397	0
1276.15	0	.773332	.1202053	.1064626	0
1275.15	0	.7719797	.1210361	.1069842	0
1274.15	0	.7706315	.1218641	.1075044	0
1273.15	0	.7692873	.1226895	.1080233	0
1272.15	0	.7679471	.1235122	.1085407	0
1271.15	0	.7666109	.1243322	.1090569	0
1270.15	0	.7652787	.1251497	.1095716	0
1269.15	0	.7639505	.1259645	.110085	0
1268.15	0	.7626263	.1267766	.1105971	0
1267.15	0	.761306	.1275861	.1111079	0
1266.15	0	.7599897	.128393	.1116173	0
1265.15	0	.7586773	.1291974	.1121253	0
1264.15	0	.7573689	.129999	.1126321	0
1263.15	0	.7560643	.1307981	.1131376	0
1262.15	0	.7547637	.1315946	.1136417	0
1261.15	0	.753467	.1323885	.1141445	0
1260.15	0	.7521742	.1331798	.114646	0
1259.15	0	.7508852	.1339685	.1151463	0
1258.15	0	.7496001	.1347547	.1156452	0
1257.15	0	.7483189	.1355382	.1161428	0
1256.15	0	.7470416	.1363192	.1166392	0
1255.15	0	.745768	.1370977	.1171343	0
1254.15	0	.7444983	.1378735	.1176281	0
1253.15	0	.7432325	.1386469	.1181207	0
1252.15	0	.7419704	.1394177	.1186119	0
1251.15	0	.7407122	.1401859	.119102	0
1250.15	0	.7394577	.1409516	.1195907	0
1249.15	0	.738207	.1417147	.1200783	0
1248.15	0	.7369601	.1424754	.1205645	0
1247.15	0	.735717	.1432335	.1210496	0
1246.15	0	.7344776	.1439891	.1215334	0
1245.15	0	.7332419	.1447421	.122016	0
1244.15	0	.73201	.1454927	.1224973	0
1243.15	0	.7307818	.1462407	.1229774	0
1242.15	0	.7295574	.1469863	.1234563	0
1241.15	0	.7283366	.1477293	.123934	0
1240.15	0	.7271196	.1484699	.1244105	0
1239.15	0	.7259062	.149208	.1248858	0
1238.15	0	.7246966	.1499436	.1253599	0
1237.15	0	.7234906	.1506767	.1258328	0
1236.15	0	.7222883	.1514073	.1263045	0
1235.15	0	.7210896	.1521354	.126775	0
1234.15	0	.7198946	.1528611	.1272443	0
1233.15	0	.7187032	.1535844	.1277125	0
1232.15	0	.7175155	.1543051	.1281794	0
1231.15	0	.7163313	.1550234	.1286452	0
1230.15	0	.7151508	.1557393	.1291099	0
1229.15	0	.7139739	.1564527	.1295734	0
1228.15	0	.7128007	.1571637	.1300357	0
1227.15	0	.7116309	.1578722	.1304968	0
1226.15	0	.7104648	.1585783	.1309569	0
1225.15	0	.7093023	.159282	.1314158	0
1224.15	0	.7081433	.1599832	.1318735	0
1223.15	0	.7069879	.160682	.1323301	0
1222.15	0	.7058361	.1613784	.1327856	0
1221.15	0	.7046877	.1620724	.1332399	0
1220.15	0	.703543	.1627639	.1336931	0
1219.15	0	.7024017	.163453	.1341452	0
1218.15	0	.701264	.1641398	.1345962	0
1217.15	0	.7001298	.1648241	.1350461	0
1216.15	0	.6989991	.1655061	.1354948	0
1215.15	0	.6978719	.1661856	.1359425	0
1214.15	0	.6967482	.1668628	.136389	0
1213.15	0	.695628	.1675376	.1368345	0
1212.15	0	.6945112	.1682099	.1372789	0
1211.15	0	.6933979	.1688799	.1377221	0
1210.15	0	.6922881	.1695476	.1381643	0
1209.15	0	.6911818	.1702128	.1386054	0
1208.15	0	.6900789	.1708757	.1390454	0
1207.15	0	.6889794	.1715362	.1394844	0
1206.15	0	.6878834	.1721943	.1399223	0
1205.15	0	.6867908	.1728501	.1403591	0
1204.15	0	.6857016	.1735035	.1407948	0
1203.15	0	.6846159	.1741546	.1412295	0
1202.15	0	.6835335	.1748033	.1416632	0
1201.15	0	.6824546	.1754497	.1420958	0
1200.15	0	.681379	.1760937	.1425273	0
1199.15	0	.6803069	.1767354	.1429578	0
1198.15	0	.6792381	.1773747	.1433872	0
1197.15	0	.6781727	.1780117	.1438156	0
1196.15	0	.6771107	.1786464	.144243	0
1195.15	0	.676052	.1792787	.1446693	0
1194.15	0	.6749967	.1799087	.1450946	0
1193.15	0	.6739447	.1805364	.1455189	0
1192.15	0	.6728961	.1811617	.1459422	0
1191.15	0	.6718509	.1817847	.1463644	0
1190.15	0	.6708089	.1824054	.1467856	0
1189.15	0	.6697703	.1830238	.1472059	0
1188.15	0	.668735	.1836399	.1476251	0
1187.15	0	.667703	.1842537	.1480433	0
1186.15	0	.6666744	.1848651	.1484605	0
1185.15	0	.665649	.1854743	.1488767	0
1184.15	0	.664627	.1860812	.1492919	0
1183.15	0	.6636082	.1866857	.1497061	0
1182.15	0	.6625927	.187288	.1501193	0
1181.15	0	.6615805	.1878879	.1505316	0
1180.15	0	.6605716	.1884856	.1509428	0
1179.15	0	.6595659	.189081	.1513531	0
1178.15	0	.6585635	.1896741	.1517624	0
1177.15	0	.6575644	.1902649	.1521708	0
1176.15	0	.6565685	.1908534	.1525781	0
1175.15	0	.6555758	.1914396	.1529845	0
1174.15	0	.6545865	.1920236	.15339	0
1173.15	0	.6536003	.1926053	.1537944	0
1172.15	0	.6526174	.1931847	.154198	0
1171.15	0	.6516377	.1937618	.1546005	0
1170.15	0	.6506612	.1943366	.1550021	0
1169.15	0	.649688	.1949092	.1554028	0
1168.15	0	.6487179	.1954796	.1558025	0
1167.15	0	.6477511	.1960476	.1562013	0
1166.15	0	.6467875	.1966134	.1565991	0
1165.15	0	.6458271	.197177	.156996	0
1164.15	0	.6448698	.1977382	.157392	0
1163.15	0	.6439158	.1982973	.157787	0
1162.15	0	.6429649	.198854	.1581811	0
1161.15	0	.6420172	.1994085	.1585743	0
1160.15	0	.6410727	.1999608	.1589665	0
1159.15	0	.6401314	.2005108	.1593578	0
1158.15	0	.6391932	.2010585	.1597483	0
1157.15	0	.6382582	.2016041	.1601377	0
1156.15	0	.6373263	.2021473	.1605263	0
1155.15	0	.6363976	.2026883	.160914	0
1154.15	0	.635472	.2032272	.1613008	0
1153.15	0	.6345496	.2037637	.1616867	0
1152.15	0	.6336304	.204298	.1620716	0
1151.15	0	.6327142	.2048301	.1624557	0
1150.15	0	.6318012	.2053599	.1628389	0
1149.15	0	.6308913	.2058875	.1632212	0
1148.15	0	.6299846	.2064129	.1636025	0
1147.15	0	.629081	.206936	.163983	0
1146.15	0	.6281804	.2074569	.1643627	0
1145.15	0	.627283	.2079756	.1647414	0
1144.15	0	.6263887	.2084921	.1651192	0
1143.15	0	.6254975	.2090063	.1654962	0
1142.15	0	.6246094	.2095183	.1658723	0
1141.15	0	.6237244	.2100281	.1662475	0
1140.15	0	.6228425	.2105356	.1666219	0
1139.15	0	.6219637	.211041	.1669954	0
1138.15	0	.6210879	.2115441	.167368	0
1137.15	0	.6202153	.212045	.1677398	0
1136.15	0	.6193457	.2125437	.1681106	0
1135.15	0	.6184792	.2130401	.1684807	0
1134.15	0	.6176158	.2135344	.1688499	0
1133.15	0	.6167554	.2140264	.1692182	0
1132.15	0	.6158981	.2145163	.1695857	0
1131.15	0	.6150438	.2150039	.1699523	0
1130.15	0	.6141926	.2154893	.1703181	0
1129.15	0	.6133445	.2159725	.170683	0
1128.15	0	.6124994	.2164535	.1710471	0
1127.15	0	.6116574	.2169323	.1714103	0
1126.15	0	.6108184	.2174088	.1717728	0
1125.15	0	.6099825	.2178832	.1721343	0
1124.15	0	.6091495	.2183554	.1724951	0
1123.15	0	.6083197	.2188254	.172855	0
1122.15	0	.6074928	.2192931	.1732141	0
1121.15	0	.606669	.2197587	.1735723	0
1120.15	0	.6058482	.220222	.1739298	0
1119.15	0	.6050305	.2206832	.1742864	0
1118.15	0	.6042157	.2211421	.1746421	0
1117.15	0	.603404	.2215989	.1749971	0
1116.15	0	.6025953	.2220534	.1753513	0
1115.15	0	.6017896	.2225058	.1757046	0
1114.15	0	.6009869	.222956	.1760571	0
1113.15	0	.6001872	.223404	.1764088	0
1112.15	0	.5993906	.2238497	.1767597	0
1111.15	0	.5985969	.2242933	.1771098	0
1110.15	0	.5978062	.2247347	.1774591	0
1109.15	0	.5970186	.2251739	.1778076	0
1108.15	0	.5962339	.2256109	.1781553	0
1107.15	0	.5954522	.2260457	.1785022	0
1106.15	0	.5946735	.2264783	.1788482	0
1105.15	0	.5938978	.2269087	.1791935	0
1104.15	0	.5931251	.2273369	.179538	0
1103.15	0	.5923553	.2277629	.1798817	0
1102.15	0	.5915886	.2281868	.1802246	0
1101.15	0	.5908248	.2286084	.1805668	0
1100.15	0	.590064	.2290279	.1809081	0
1099.15	0	.5893062	.2294452	.1812487	0
1098.15	0	.5885514	.2298602	.1815884	0
1097.15	0	.5877995	.2302731	.1819274	0
1096.15	0	.5870506	.2306838	.1822656	0
1095.15	0	.5863046	.2310923	.182603	0
1094.15	0	.5855617	.2314987	.1829397	0
1093.15	0	.5848217	.2319028	.1832756	0
1092.15	0	.5840846	.2323048	.1836107	0
1091.15	0	.5833505	.2327045	.183945	0
1090.15	0	.5826194	.2331021	.1842785	0
1089.15	0	.5818912	.2334975	.1846113	0
1088.15	0	.581166	.2338907	.1849433	0
1087.15	0	.5804437	.2342817	.1852746	0
1086.15	0	.5797244	.2346705	.1856051	0
1085.15	0	.5790081	.2350571	.1859348	0
1084.15	0	.5782947	.2354416	.1862638	0
1083.15	0	.5775842	.2358238	.186592	0
1082.15	0	.5768767	.2362039	.1869194	0
1081.15	0	.5761721	.2365818	.1872461	0
1080.15	0	.5754705	.2369575	.187572	0
1079.15	0	.5747718	.237331	.1878972	0
1078.15	0	.574076	.2377024	.1882216	0
1077.15	0	.5733832	.2380715	.1885453	0
1076.15	0	.5726933	.2384384	.1888682	0
1075.15	0	.5720064	.2388032	.1891904	0
1074.15	0	.5713224	.2391658	.1895118	0
1073.15	0	.5706413	.2395262	.1898325	0
1072.15	0	.5699632	.2398844	.1901524	0
1071.15	0	.569288	.2402404	.1904716	0
1070.15	0	.5686157	.2405943	.19079	0
1069.15	0	.5679464	.2409459	.1911077	0
1068.15	0	.56728	.2412954	.1914247	0
1067.15	0	.5666165	.2416427	.1917409	0
1066.15	0	.5659559	.2419878	.1920563	0
1065.15	0	.5652983	.2423306	.1923711	0
1064.15	0	.5646436	.2426714	.1926851	0
1063.15	0	.5639918	.2430099	.1929983	0
1062.15	0	.5633429	.2433462	.1933109	0
1061.15	0	.562697	.2436804	.1936226	0
1060.15	0	.5620539	.2440124	.1939337	0
1059.15	0	.5614138	.2443422	.194244	0
1058.15	0	.5607766	.2446698	.1945536	0
1057.15	0	.5601424	.2449952	.1948625	0
1056.15	0	.559511	.2453184	.1951706	0
1055.15	0	.5588826	.2456394	.195478	0
1054.15	0	.5582571	.2459582	.1957847	0
1053.15	0	.5576345	.2462749	.1960906	0
1052.15	0	.5570148	.2465894	.1963958	0
1051.15	0	.556398	.2469017	.1967003	0
1050.15	0	.5557841	.2472118	.1970041	0
1049.15	0	.5551732	.2475197	.1973071	0
1048.15	0	.5545652	.2478254	.1976095	0
1047.15	0	.55396	.2481289	.1979111	0
1046.15	0	.5533578	.2484303	.1982119	0
1045.15	0	.5527585	.2487294	.1985121	0
1044.15	0	.5521621	.2490264	.1988115	0
1043.15	0	.5515686	.2493212	.1991102	0
1042.15	0	.550978	.2496138	.1994082	0
1041.15	0	.5503904	.2499042	.1997055	0
1040.15	0	.5498056	.2501924	.200002	0
1039.15	0	.5492237	.2504784	.2002979	0
1038.15	0	.5486448	.2507623	.200593	0
1037.15	0	.5480687	.2510439	.2008874	0
1036.15	0	.5474956	.2513234	.201181	0
1035.15	0	.5469253	.2516007	.201474	0
1034.15	0	.546358	.2518758	.2017662	0
1033.15	0	.5457936	.2521487	.2020577	0
1032.15	0	.545232	.2524194	.2023485	0
1031.15	0	.5446734	.2526879	.2026386	0
1030.15	0	.5441177	.2529543	.202928	0
1029.15	0	.5435649	.2532185	.2032167	0
1028.15	0	.5430149	.2534805	.2035046	0
1027.15	0	.5424679	.2537403	.2037918	0
1026.15	0	.5419238	.2539979	.2040783	0
1025.15	0	.5413826	.2542533	.2043641	0
1024.15	0	.5408443	.2545066	.2046492	0
1023.15	0	.5403088	.2547576	.2049335	0
1022.15	0	.5397763	.2550065	.2052172	0
1021.15	0	.5392467	.2552532	.2055001	0
1020.15	0	.5387199	.2554977	.2057823	0
1019.15	0	.5381961	.2557401	.2060638	0
1018.15	0	.5376752	.2559802	.2063446	0
1017.15	0	.5371571	.2562182	.2066247	0
1016.15	0	.536642	.256454	.206904	0
1015.15	0	.5361297	.2566877	.2071826	0
1014.15	0	.5356203	.2569191	.2074606	0
1013.15	0	.5351139	.2571484	.2077377	0
1012.15	0	.5346103	.2573755	.2080142	0
1011.15	0	.5341096	.2576004	.20829	0
1010.15	0	.5336118	.2578232	.208565	0
1009.15	0	.5331169	.2580438	.2088394	0
1008.15	0	.5326248	.2582622	.209113	0
1007.15	0	.5321357	.2584785	.2093858	0
1006.15	0	.5316494	.2586926	.209658	0
1005.15	0	.5311661	.2589045	.2099294	0
1004.15	0	.5306856	.2591143	.2102002	0
1003.15	0	.530208	.2593219	.2104701	0
1002.15	0	.5297333	.2595273	.2107394	0
1001.15	0	.5292615	.2597306	.211008	0
1000.15	0	.5287925	.2599317	.2112758	0
999.15	0	.5283264	.2601307	.2115429	0
998.15	0	.5278632	.2603275	.2118093	0
997.15	0	.5274029	.2605222	.2120749	0
996.15	0	.5269455	.2607147	.2123398	0
995.15	0	.5264909	.2609051	.212604	0
994.15	0	.5260392	.2610933	.2128675	0
993.15	0	.5255904	.2612794	.2131302	0
992.15	0	.5251444	.2614634	.2133922	0
991.15	0	.5247013	.2616452	.2136534	0
990.15	0	.5242611	.2618249	.213914	0
989.15	0	.5238238	.2620024	.2141738	0
988.15	0	.5233893	.2621779	.2144328	0
987.15	0	.5229577	.2623512	.2146911	0
986.15	0	.5225289	.2625224	.2149487	0
985.15	0	.522103	.2626915	.2152055	0
984.15	0	.5216799	.2628584	.2154617	0
983.15	0	.5212597	.2630233	.215717	0
982.15	0	.5208424	.2631861	.2159716	0
981.15	0	.5204278	.2633467	.2162255	0
980.15	0	.5200162	.2635053	.2164786	0
979.15	0	.5196074	.2636617	.2167309	0
978.15	0	.5192014	.2638161	.2169825	0
977.15	0	.5187982	.2639684	.2172334	0
976.15	0	.5183979	.2641186	.2174835	0
975.15	0	.5180005	.2642667	.2177328	0
974.15	0	.5176058	.2644128	.2179814	0
973.15	0	.517214	.2645568	.2182292	0
972.15	0	.516825	.2646987	.2184763	0
971.15	0	.5164388	.2648386	.2187226	0
970.15	0	.5160554	.2649765	.2189681	0
969.15	0	.5156749	.2651123	.2192129	0
968.15	0	.5152971	.265246	.2194569	0
967.15	0	.5149222	.2653778	.2197001	0
966.15	0	.51455	.2655075	.2199425	0
965.15	0	.5141807	.2656352	.2201842	0
964.15	0	.5138141	.2657609	.220425	0
963.15	0	.5134503	.2658846	.2206651	0
962.15	0	.5130893	.2660062	.2209044	0
961.15	0	.5127311	.266126	.221143	0
960.15	0	.5123756	.2662437	.2213807	0
959.15	0	.5120229	.2663594	.2216176	0
958.15	0	.511673	.2664732	.2218538	0
957.15	0	.5113258	.2665851	.2220891	0
956.15	0	.5109814	.266695	.2223236	0
955.15	0	.5106397	.2668029	.2225573	0
954.15	0	.5103008	.266909	.2227903	0
953.15	0	.5099646	.2670131	.2230224	0
952.15	0	.5096311	.2671153	.2232537	0
951.15	0	.5093003	.2672156	.2234841	0
950.15	0	.5089722	.267314	.2237138	0
949.15	0	.5086468	.2674106	.2239426	0
948.15	0	.5083242	.2675052	.2241706	0
947.15	0	.5080042	.2675981	.2243978	0
946.15	0	.5076869	.267689	.2246241	0
945.15	0	.5073722	.2677782	.2248496	0
944.15	0	.5070602	.2678655	.2250742	0
943.15	0	.5067509	.267951	.225298	0
942.15	0	.5064442	.2680348	.225521	0
941.15	0	.5061402	.2681167	.2257431	0
940.15	0	.5058388	.2681969	.2259643	0
939.15	0	.50554	.2682754	.2261847	0
938.15	0	.5052437	.2683521	.2264042	0
937.15	0	.5049501	.268427	.2266228	0
936.15	0	.5046591	.2685003	.2268406	0
935.15	0	.5043707	.2685719	.2270575	0
934.15	0	.5040848	.2686418	.2272734	0
933.15	0	.5038014	.26871	.2274886	0
932.15	0	.5035206	.2687766	.2277028	0
931.15	0	.5032424	.2688416	.2279161	0
930.15	0	.5029666	.2689049	.2281285	0
929.15	0	.5026933	.2689667	.2283399	0
928.15	0	.5024226	.2690269	.2285505	0
927.15	0	.5021543	.2690856	.2287602	0
926.15	0	.5018884	.2691427	.2289689	0
925.15	0	.501625	.2691983	.2291767	0
924.15	0	.501364	.2692524	.2293836	0
923.15	0	.5011055	.269305	.2295895	0
922.15	0	.5008493	.2693562	.2297944	0
921.15	0	.5005955	.269406	.2299985	0
920.15	0	.5003441	.2694544	.2302015	0
919.15	0	.5000951	.2695013	.2304036	0
918.15	0	.4998483	.269547	.2306047	0
917.15	0	.4996039	.2695913	.2308049	0
916.15	0	.4993618	.2696342	.231004	0
915.15	0	.4991219	.2696759	.2312022	0
914.15	0	.4988843	.2697164	.2313993	0
913.15	0	.498649	.2697556	.2315955	0
912.15	0	.4984158	.2697936	.2317906	0
911.15	0	.4981849	.2698304	.2319847	0
910.15	0	.4979561	.2698661	.2321778	0
909.15	0	.4977295	.2699007	.2323699	0
908.15	0	.497505	.2699341	.2325609	0
907.15	0	.4972826	.2699666	.2327508	0
906.15	0	.4970623	.269998	.2329397	0
905.15	0	.496844	.2700284	.2331276	0
904.15	0	.4966278	.2700578	.2333143	0
903.15	0	.4964136	.2700864	.2335	0
902.15	0	.4962014	.270114	.2336846	0
901.15	0	.4959911	.2701408	.2338681	0
900.15	0	.4957828	.2701668	.2340505	0
899.15	0	.4955763	.2701919	.2342317	0
898.15	0	.4953718	.2702164	.2344119	0
897.15	0	.495169	.2702401	.2345909	0
896.15	0	.4949681	.2702632	.2347687	0
895.15	0	.494769	.2702856	.2349454	0
894.15	0	.4945716	.2703075	.2351209	0
893.15	0	.4943759	.2703288	.2352953	0
892.15	0	.4941819	.2703497	.2354684	0
891.15	0	.4939896	.2703701	.2356404	0
890.15	0	.4937988	.27039	.2358111	0
889.15	0	.4936097	.2704097	.2359807	0
888.15	0	.4934221	.270429	.236149	0
887.15	0	.493236	.270448	.236316	0
886.15	0	.4930513	.2704669	.2364818	0
885.15	0	.4928681	.2704856	.2366463	0
884.15	0	.4926863	.2705041	.2368096	0
883.15	0	.4925058	.2705227	.2369715	0
882.15	0	.4923266	.2705412	.2371322	0
881.15	0	.4921487	.2705598	.2372915	0
880.15	0	.491972	.2705785	.2374495	0
879.15	0	.4917965	.2705974	.2376062	0
878.15	0	.4916221	.2706165	.2377614	0
877.15	0	.4914487	.2706359	.2379154	0
876.15	0	.4912764	.2706557	.2380679	0
875.15	0	.4911051	.2706759	.238219	0
874.15	0	.4909347	.2706967	.2383687	0
873.15	0	.4907652	.270718	.2385169	0
872.15	0	.4905964	.2707399	.2386637	0
871.15	0	.4904285	.2707625	.238809	0
870.15	0	.4902613	.2707859	.2389528	0
869.15	0	.4900947	.2708102	.2390951	0
868.15	0	.4899287	.2708354	.2392359	0
867.15	0	.4897632	.2708617	.2393751	0
866.15	0	.4895982	.270889	.2395128	0
865.15	0	.4894336	.2709175	.2396489	0
864.15	0	.4892693	.2709474	.2397834	0
863.15	0	.4891053	.2709785	.2399162	0
862.15	0	.4889415	.2710112	.2400474	0
861.15	0	.4887778	.2710453	.2401769	0
860.15	0	.4886141	.2710812	.2403047	0
859.15	0	.4884505	.2711188	.2404308	0
858.15	0	.4882867	.2711582	.2405551	0
857.15	0	.4881227	.2711996	.2406777	0
856.15	0	.4879585	.2712431	.2407984	0
855.15	0	.4877939	.2712888	.2409174	0
854.15	0	.4876288	.2713368	.2410344	0
853.15	0	.4874632	.2713872	.2411496	0
852.15	0	.487297	.2714401	.2412629	0
851.15	0	.4871301	.2714958	.2413742	0
850.15	0	.4869623	.2715542	.2414835	0
849.15	0	.4867935	.2716157	.2415908	0
848.15	0	.4866238	.2716802	.241696	0
847.15	0	.4864528	.271748	.2417992	0
846.15	0	.4862806	.2718192	.2419002	0
845.15	0	.486107	.2718939	.241999	0
844.15	0	.4859319	.2719724	.2420957	0
843.15	0	.4857551	.2720549	.24219	0
842.15	0	.4855765	.2721414	.2422821	0
841.15	0	.485396	.2722322	.2423718	0
840.15	0	.4852134	.2723275	.2424591	0
839.15	0	.4850285	.2724276	.2425439	0
838.15	0	.4848413	.2725325	.2426262	0
837.15	0	.4846515	.2726426	.242706	0
836.15	0	.4844589	.272758	.2427831	0
835.15	0	.4842634	.2728791	.2428575	0
834.15	0	.4840648	.2730061	.2429291	0
833.15	0	.4838628	.2731393	.2429979	0
832.15	0	.4836573	.273279	.2430637	0
831.15	0	.483448	.2734254	.2431266	0
830.15	0	.4832347	.273579	.2431863	0
829.15	0	.483017	.2737401	.2432429	0
828.15	0	.4827949	.2739089	.2432962	0
827.15	0	.4825678	.2740861	.2433461	0
826.15	0	.4823356	.2742718	.2433925	0
825.15	0	.4820979	.2744667	.2434353	0
824.15	0	.4818544	.2746712	.2434744	0
823.15	0	.4816047	.2748858	.2435096	0
822.15	0	.4813483	.275111	.2435407	0
821.15	0	.4810848	.2753475	.2435677	0
820.15	0	.4808138	.2755959	.2435903	0
819.15	0	.4805347	.2758569	.2436084	0
818.15	0	.480247	.2761313	.2436217	0
817.15	0	.4799501	.27642	.24363	0
816.15	0	.4796432	.2767237	.2436331	0
815.15	0	.4793257	.2770436	.2436308	0
814.15	0	.4789967	.2773807	.2436227	0
813.15	0	.4786554	.2777362	.2436084	0
812.15	0	.4783007	.2781116	.2435877	0
811.15	0	.4779315	.2785083	.2435602	0
810.15	0	.4775465	.2789281	.2435253	0
809.15	0	.4771444	.279373	.2434826	0
808.15	0	.4767235	.279845	.2434315	0
807.15	0	.4762819	.2803468	.2433713	0
806.15	0	.4751863	.2817055	.2431082	0
805.15	0	.4741842	.2829482	.2428677	0
804.15	0	.4732796	.2840691	.2426513	0
803.15	0	.4724579	.2850871	.242455	0
802.15	0	.4717073	.2860168	.2422758	0
801.15	0	.471019	.2868699	.2421112	0
800.15	0	.4703852	.2876556	.2419592	0
799.15	0	.4698001	.2883817	.2418182	0
798.15	0	.4692584	.2890546	.241687	0
797.15	0	.4687558	.2896798	.2415644	0
796.15	0	.4682886	.2902618	.2414496	0
795.15	0	.4678535	.2908048	.2413416	0
794.15	0	.4674478	.2913122	.24124	0
793.15	0	.467069	.291787	.2411439	0
792.15	0	.466715	.292232	.2410531	0
791.15	0	.4663837	.2926494	.2409669	0
790.15	0	.4660735	.2930415	.240885	0
789.15	0	.4657829	.2934101	.240807	0
788.15	0	.4655104	.2937569	.2407327	0
787.15	0	.4652547	.2940835	.2406618	0
786.15	0	.4650148	.2943913	.2405939	0
785.15	0	.4647896	.2946815	.2405289	0
784.15	0	.4645781	.2949553	.2404666	0
783.15	0	.4643795	.2952138	.2404067	0
782.15	0	.4641928	.295458	.2403492	0
781.15	0	.4640175	.2956887	.2402937	0
780.15	0	.4638559	.2959045	.2402397	0
779.15	0	.4637009	.2961109	.2401882	0
778.15	0	.4635554	.2963062	.2401384	0
777.15	0	.4634188	.2964909	.2400903	0
776.15	0	.4632905	.2966657	.2400438	0
775.15	0	.4631701	.2968313	.2399986	0
774.15	0	.4630572	.296988	.2399549	0
773.15	0	.4629513	.2971363	.2399124	0
772.15	0	.462852	.2972769	.2398711	0
771.15	0	.4627591	.29741	.2398309	0
770.15	0	.4626721	.2975361	.2397918	0
769.15	0	.4625907	.2976556	.2397537	0
768.15	0	.4625146	.2977688	.2397165	0
767.15	0	.4624436	.2978761	.2396803	0
766.15	0	.4623774	.2979777	.2396449	0
765.15	0	.4623158	.298074	.2396102	0
764.15	0	.4622584	.2981653	.2395764	0
763.15	0	.4622051	.2982517	.2395432	0
762.15	0	.4621556	.2983336	.2395107	0
761.15	0	.4621099	.2984113	.2394788	0
760.15	0	.4620676	.2984848	.2394476	0
759.15	0	.4620286	.2985545	.2394169	0
758.15	0	.4619928	.2986205	.2393868	0
757.15	0	.4619599	.298683	.2393571	0
756.15	0	.4619298	.2987422	.239328	0
755.15	0	.4619025	.2987983	.2392993	0
754.15	0	.4618776	.2988514	.239271	0
753.15	0	.4618552	.2989016	.2392432	0
752.15	0	.4618351	.2989492	.2392157	0
751.15	0	.4618171	.2989943	.2391886	0
750.15	0	.4618012	.299037	.2391619	0
749.15	0	.4617872	.2990773	.2391355	0
748.15	0	.4617751	.2991155	.2391094	0
747.15	0	.4617648	.2991517	.2390835	0
746.15	0	.4617561	.2991859	.239058	0
745.15	0	.461749	.2992182	.2390327	0
744.15	0	.4617434	.2992489	.2390077	0
743.15	0	.4617393	.2992778	.2389829	0
742.15	0	.4617364	.2993052	.2389584	0
741.15	0	.4617349	.2993311	.238934	0
740.15	0	.4617345	.2993557	.2389099	0
739.15	0	.4617353	.2993788	.2388859	0
738.15	0	.4617371	.2994008	.2388621	0
737.15	0	.46174	.2994216	.2388385	0
736.15	0	.4617438	.2994412	.238815	0
735.15	0	.4617485	.2994598	.2387917	0
734.15	0	.4617541	.2994774	.2387685	0
733.15	0	.4617605	.2994941	.2387455	0
732.15	0	.4617676	.2995099	.2387225	0
731.15	0	.4617754	.2995249	.2386997	0
730.15	0	.4617839	.2995391	.238677	0
729.15	0	.4617931	.2995526	.2386544	0
728.15	0	.4618028	.2995654	.2386318	0
727.15	0	.461813	.2995776	.2386094	0
726.15	0	.4618238	.2995892	.2385871	0
725.15	0	.461835	.2996002	.2385648	0
724.15	0	.4618467	.2996107	.2385426	0
723.15	0	.4618588	.2996208	.2385204	0
722.15	0	.4618713	.2996304	.2384983	0
721.15	0	.4618842	.2996396	.2384763	0
720.15	0	.4618973	.2996484	.2384543	0
719.15	0	.4619108	.2996569	.2384323	0
718.15	0	.4619245	.2996651	.2384104	0
717.15	0	.4619385	.299673	.2383885	0
716.15	0	.4619527	.2996806	.2383667	0
715.15	0	.4619671	.299688	.2383449	0
714.15	0	.4619817	.2996952	.2383231	0
713.15	0	.4619965	.2997023	.2383013	0
712.15	0	.4620114	.2997091	.2382795	0
711.15	0	.4620264	.2997159	.2382578	0
710.15	0	.4620415	.2997224	.238236	0
709.15	0	.4620567	.299729	.2382143	0
708.15	0	.462072	.2997354	.2381926	0
707.15	0	.4620874	.2997418	.2381709	0
706.15	0	.4621028	.2997481	.2381491	0
705.15	0	.4621182	.2997544	.2381274	0
704.15	0	.4621336	.2997607	.2381057	0
703.15	0	.4621491	.299767	.2380839	0
702.15	0	.4621645	.2997733	.2380622	0
701.15	0	.4621799	.2997797	.2380404	0
700.15	0	.4621953	.2997861	.2380186	0
699.15	0	.4622106	.2997925	.2379969	0
698.15	0	.4622259	.2997991	.237975	0
697.15	0	.4622411	.2998057	.2379532	0
696.15	0	.4622563	.2998124	.2379314	0
695.15	0	.4622713	.2998192	.2379095	0
694.15	0	.4622863	.2998261	.2378876	0
693.15	0	.4623012	.2998332	.2378657	0
692.15	0	.462316	.2998403	.2378437	0
691.15	0	.4623306	.2998477	.2378217	0
690.15	0	.4623451	.2998551	.2377997	0
689.15	0	.4623595	.2998628	.2377777	0
688.15	0	.4623738	.2998706	.2377556	0
687.15	0	.4623879	.2998785	.2377335	0
686.15	0	.4624019	.2998867	.2377114	0
685.15	0	.4624158	.299895	.2376892	0
684.15	0	.4624294	.2999035	.237667	0
683.15	0	.462443	.2999122	.2376448	0
682.15	0	.4624563	.2999212	.2376225	0
681.15	0	.4624695	.2999303	.2376002	0
680.15	0	.4624825	.2999396	.2375779	0
679.15	0	.4624954	.2999492	.2375555	0
678.15	0	.462508	.299959	.237533	0
677.15	0	.4625205	.299969	.2375106	0
676.15	0	.4625327	.2999792	.2374881	0
675.15	0	.4625448	.2999897	.2374655	0
674.15	0	.4625567	.3000004	.2374429	0
673.15	0	.4625684	.3000113	.2374203	0
672.15	0	.4625799	.3000225	.2373976	0
671.15	0	.4625912	.3000339	.2373749	0
670.15	0	.4626023	.3000456	.2373521	0
669.15	0	.4626132	.3000575	.2373293	0
668.15	0	.4626238	.3000697	.2373065	0
667.15	0	.4626343	.3000821	.2372836	0
666.15	0	.4626445	.3000948	.2372606	0
665.15	0	.4626546	.3001078	.2372377	0
664.15	0	.4626644	.300121	.2372146	0
663.15	0	.462674	.3001345	.2371916	0
662.15	0	.4626834	.3001482	.2371684	0
661.15	0	.4626925	.3001622	.2371453	0
660.15	0	.4627015	.3001764	.2371221	0
659.15	0	.4627102	.300191	.2370988	0
658.15	0	.4627187	.3002057	.2370755	0
657.15	0	.462727	.3002208	.2370522	0
656.15	0	.4627351	.3002361	.2370288	0
655.15	0	.4627429	.3002517	.2370054	0
654.15	0	.4627505	.3002676	.2369819	0
653.15	0	.4627579	.3002837	.2369584	0
652.15	0	.4627651	.3003001	.2369348	0
651.15	0	.462772	.3003168	.2369112	0
650.15	0	.4627787	.3003337	.2368876	0
649.15	0	.4627852	.3003509	.2368639	0
648.15	0	.4627915	.3003684	.2368401	0
647.15	0	.4627975	.3003861	.2368164	0
646.15	0	.4628033	.3004041	.2367925	0
645.15	0	.4628089	.3004224	.2367686	0
644.15	0	.4628143	.300441	.2367447	0
643.15	0	.4628195	.3004598	.2367208	0
642.15	0	.4628244	.3004789	.2366968	0
641.15	0	.4628291	.3004982	.2366727	0
640.15	0	.4628336	.3005178	.2366486	0
639.15	0	.4628378	.3005377	.2366245	0
638.15	0	.4628419	.3005578	.2366003	0
637.15	0	.4628457	.3005782	.2365761	0
636.15	0	.4628493	.3005989	.2365518	0
635.15	0	.4628527	.3006198	.2365275	0
634.15	0	.4628558	.300641	.2365032	0
633.15	0	.4628588	.3006624	.2364788	0
632.15	0	.4628615	.3006841	.2364544	0
631.15	0	.462864	.3007061	.2364299	0
630.15	0	.4628663	.3007283	.2364054	0
629.15	0	.4628684	.3007507	.2363809	0
628.15	0	.4628703	.3007734	.2363563	0
627.15	0	.4628719	.3007964	.2363317	0
626.15	0	.4628734	.3008196	.2363071	0
625.15	0	.4628746	.3008431	.2362824	0
624.15	0	.4628756	.3008668	.2362576	0
623.15	0	.4628764	.3008907	.2362329	0
622.15	0	.462877	.3009149	.2362081	0
621.15	0	.4628774	.3009393	.2361832	0
620.15	0	.4628776	.300964	.2361583	0
619.15	0	.4628776	.300989	.2361334	0
618.15	0	.4628774	.3010141	.2361085	0
617.15	0	.462877	.3010395	.2360835	0
616.15	0	.4628764	.3010651	.2360585	0
615.15	0	.4628756	.301091	.2360334	0
614.15	0	.4628746	.3011171	.2360084	0
613.15	0	.4628734	.3011434	.2359833	0
612.15	0	.462872	.3011699	.2359581	0
611.15	0	.4628704	.3011967	.2359329	0
610.15	0	.4628686	.3012237	.2359077	0
609.15	0	.4628666	.3012509	.2358825	0
608.15	0	.4628644	.3012784	.2358572	0
607.15	0	.462862	.301306	.2358319	0
606.15	0	.4628595	.3013339	.2358066	0
605.15	0	.4628568	.301362	.2357812	0
604.15	0	.4628538	.3013903	.2357559	0
603.15	0	.4628507	.3014189	.2357304	0
602.15	0	.4628474	.3014476	.235705	0
601.15	0	.4628439	.3014765	.2356795	0
600.15	0	.4628403	.3015057	.2356541	0
599.15	0	.4628365	.301535	.2356285	0
598.15	0	.4628324	.3015646	.235603	0
597.15	0	.4628283	.3015943	.2355774	0
596.15	0	.4628239	.3016243	.2355518	0
595.15	0	.4628193	.3016544	.2355262	0
594.15	0	.4628146	.3016848	.2355006	0
593.15	0	.4628098	.3017153	.2354749	0
592.15	0	.4628047	.301746	.2354493	0
591.15	0	.4627995	.301777	.2354236	0
590.15	0	.4627941	.3018081	.2353978	0
589.15	0	.4627885	.3018394	.2353721	0
588.15	0	.4627828	.3018709	.2353463	0
587.15	0	.4627769	.3019025	.2353206	0
586.15	0	.4627709	.3019344	.2352947	0
585.15	0	.4627647	.3019664	.2352689	0
584.15	0	.4627583	.3019986	.2352431	0
583.15	0	.4627518	.302031	.2352173	0
582.15	0	.4627451	.3020635	.2351914	0
581.15	0	.4627383	.3020962	.2351655	0
580.15	0	.4627313	.3021291	.2351396	0
579.15	0	.4627242	.3021621	.2351137	0
578.15	0	.4627169	.3021953	.2350878	0
577.15	0	.4627095	.3022287	.2350618	0
576.15	0	.4627019	.3022623	.2350359	0
575.15	0	.4626941	.3022959	.2350099	0
574.15	0	.4626862	.3023298	.2349839	0
573.15	0	.4626782	.3023638	.234958	0
572.15	0	.4626701	.302398	.234932	0
571.15	0	.4626618	.3024323	.234906	0
570.15	0	.4626533	.3024667	.23488	0
569.15	0	.4626447	.3025013	.2348539	0
568.15	0	.462636	.3025361	.2348279	0
567.15	0	.4626271	.302571	.2348019	0
566.15	0	.4626181	.302606	.2347758	0
565.15	0	.462609	.3026412	.2347498	0
564.15	0	.4625998	.3026765	.2347237	0
563.15	0	.4625904	.302712	.2346977	0
562.15	0	.4625808	.3027475	.2346716	0
561.15	0	.4625712	.3027833	.2346456	0
560.15	0	.4625614	.3028191	.2346195	0
559.15	0	.4625515	.3028551	.2345934	0
558.15	0	.4625415	.3028912	.2345673	0
557.15	0	.4625314	.3029274	.2345413	0
556.15	0	.4625211	.3029637	.2345152	0
555.15	0	.4625107	.3030002	.2344891	0
554.15	0	.4625002	.3030368	.234463	0
553.15	0	.4624896	.3030735	.234437	0
552.15	0	.4624788	.3031103	.2344109	0
551.15	0	.462468	.3031472	.2343848	0
550.15	0	.462457	.3031843	.2343588	0
549.15	0	.4624459	.3032214	.2343327	0
548.15	0	.4624347	.3032587	.2343067	0
547.15	0	.4624234	.303296	.2342806	0
546.15	0	.462412	.3033335	.2342546	0
545.15	0	.4624005	.303371	.2342285	0
544.15	0	.4623888	.3034087	.2342025	0
543.15	0	.4623771	.3034465	.2341765	0
542.15	0	.4623652	.3034843	.2341504	0
541.15	0	.4623533	.3035223	.2341244	0
540.15	0	.4623412	.3035603	.2340984	0
539.15	0	.4623291	.3035984	.2340724	0
538.15	0	.4623169	.3036367	.2340465	0
537.15	0	.4623045	.303675	.2340205	0
536.15	0	.4622921	.3037134	.2339945	0
535.15	0	.4622795	.3037518	.2339686	0
534.15	0	.4622669	.3037904	.2339427	0
533.15	0	.4622542	.303829	.2339168	0
532.15	0	.4622414	.3038677	.2338909	0
531.15	0	.4622285	.3039065	.233865	0
530.15	0	.4622155	.3039454	.2338391	0
529.15	0	.4622024	.3039843	.2338133	0
528.15	0	.4621892	.3040234	.2337874	0
527.15	0	.462176	.3040624	.2337616	0
526.15	0	.4621626	.3041016	.2337358	0
525.15	0	.4621492	.3041408	.23371	0
524.15	0	.4621357	.3041801	.2336843	0
523.15	0	.4621221	.3042194	.2336585	0
522.15	0	.4621084	.3042588	.2336328	0
521.15	0	.4620947	.3042982	.2336071	0
520.15	0	.4620808	.3043378	.2335814	0
519.15	0	.462067	.3043773	.2335557	0
518.15	0	.4620531	.3044169	.23353	0
517.15	0	.4620391	.3044566	.2335043	0
516.15	0	.4620249	.3044963	.2334788	0
515.15	0	.4620107	.3045361	.2334532	0
514.15	0	.4619965	.3045759	.2334277	0
513.15	0	.4619821	.3046157	.2334021	0
512.15	0	.4619677	.3046556	.2333766	0
511.15	0	.4619532	.3046956	.2333512	0
510.15	0	.4619387	.3047356	.2333258	0
509.15	0	.4619241	.3047756	.2333004	0
508.15	0	.4619094	.3048156	.233275	0
507.15	0	.4618946	.3048557	.2332496	0
506.15	0	.4618798	.3048959	.2332243	0
505.15	0	.461865	.304936	.233199	0
504.15	0	.46185	.3049762	.2331738	0
503.15	0	.461835	.3050164	.2331486	0
502.15	0	.46182	.3050566	.2331234	0
501.15	0	.4618049	.3050969	.2330982	0
500.15	0	.4617897	.3051372	.2330731	0
499.15	0	.4617745	.3051775	.233048	0
498.15	0	.4617592	.3052178	.233023	0
497.15	0	.4617439	.3052582	.2329979	0
496.15	0	.4617285	.3052985	.232973	0
495.15	0	.4617131	.3053389	.232948	0
494.15	0	.4616976	.3053793	.2329231	0
493.15	0	.461682	.3054197	.2328983	0
492.15	0	.4616664	.3054601	.2328734	0
491.15	0	.4616508	.3055006	.2328486	0
490.15	0	.4616351	.305541	.2328239	0
489.15	0	.4616194	.3055814	.2327992	0
488.15	0	.4616036	.3056219	.2327745	0
487.15	0	.4615878	.3056623	.2327499	0
486.15	0	.4615719	.3057028	.2327253	0
485.15	0	.461556	.3057432	.2327008	0
484.15	0	.4615401	.3057837	.2326763	0
483.15	0	.4615241	.3058241	.2326518	0
482.15	0	.4615081	.3058646	.2326274	0
481.15	0	.461492	.305905	.232603	0
480.15	0	.4614759	.3059454	.2325787	0
479.15	0	.4614597	.3059858	.2325544	0
478.15	0	.4614436	.3060262	.2325302	0
477.15	0	.4614274	.3060666	.232506	0
476.15	0	.4614111	.306107	.2324819	0
475.15	0	.4613948	.3061474	.2324578	0
474.15	0	.4613785	.3061877	.2324338	0
473.15	0	.4613622	.306228	.2324098	0
472.15	0	.4613458	.3062684	.2323859	0
471.15	0	.4613294	.3063086	.232362	0
470.15	0	.4613129	.3063489	.2323382	0
469.15	0	.4612965	.3063892	.2323144	0
468.15	0	.46128	.3064294	.2322907	0
467.15	0	.4612635	.3064696	.232267	0
466.15	0	.4612469	.3065097	.2322434	0
465.15	0	.4612303	.3065499	.2322198	0
464.15	0	.4612137	.30659	.2321963	0
463.15	0	.4611971	.3066301	.2321728	0
462.15	0	.4611805	.3066701	.2321494	0
461.15	0	.4611638	.3067101	.2321261	0
460.15	0	.4611471	.3067501	.2321028	0
459.15	0	.4611304	.30679	.2320796	0
458.15	0	.4611137	.3068299	.2320564	0
457.15	0	.4610969	.3068698	.2320333	0
456.15	0	.4610802	.3069096	.2320102	0
455.15	0	.4610634	.3069494	.2319872	0
454.15	0	.4610466	.3069891	.2319643	0
453.15	0	.4610298	.3070288	.2319414	0
452.15	0	.461013	.3070684	.2319186	0
451.15	0	.4609961	.307108	.2318959	0
450.15	0	.4609793	.3071476	.2318732	0
449.15	0	.4609624	.307187	.2318506	0
448.15	0	.4609456	.3072264	.231828	0
447.15	0	.4609287	.3072657	.2318055	0
446.15	0	.4609119	.307305	.2317831	0
445.15	0	.460895	.3073442	.2317608	0
444.15	0	.4608782	.3073833	.2317385	0
443.15	0	.4608613	.3074224	.2317163	0
442.15	0	.4608445	.3074613	.2316942	0
441.15	0	.4608277	.3075002	.2316721	0
440.15	0	.4608109	.307539	.2316501	0
439.15	0	.4607941	.3075777	.2316282	0
438.15	0	.4607773	.3076163	.2316064	0
437.15	0	.4607606	.3076547	.2315847	0
436.15	0	.4607439	.3076931	.231563	0
435.15	0	.4607272	.3077314	.2315415	0
434.15	0	.4607105	.3077695	.23152	0
433.15	0	.4606939	.3078075	.2314986	0
432.15	0	.4606773	.3078454	.2314773	0
431.15	0	.4606607	.3078832	.231456	0
430.15	0	.4606442	.3079209	.2314349	0
429.15	0	.4606277	.3079584	.2314139	0
428.15	0	.4606113	.3079958	.2313929	0
427.15	0	.4605949	.3080331	.231372	0
426.15	0	.4605785	.3080702	.2313513	0
425.15	0	.4605622	.3081072	.2313306	0
424.15	0	.4605459	.3081441	.23131	0
