T	 BPW(LIQUID)	BPW(BCC_A2)	BPW(FCC_A1)	BPW(LAVES_PHASE_C14)	BPW(NI3TI)
1473.15	0	1	0	0	0
1472.15	0	1	0	0	0
1471.15	0	1	0	0	0
1470.15	0	1	0	0	0
1469.15	0	1	0	0	0
1468.15	0	1	0	0	0
1467.15	0	1	0	0	0
1466.15	0	1	0	0	0
1465.15	0	1	0	0	0
1464.15	0	1	0	0	0
1463.15	0	1	0	0	0
1462.15	0	1	0	0	0
1461.15	0	1	0	0	0
1460.15	0	1	0	0	0
1459.15	0	1	0	0	0
1458.15	0	1	0	0	0
1457.15	0	1	0	0	0
1456.15	0	1	0	0	0
1455.15	0	1	0	0	0
1454.15	0	1	0	0	0
1453.15	0	1	0	0	0
1452.15	0	1	0	0	0
1451.15	0	1	0	0	0
1450.15	0	1	0	0	0
1449.15	0	1	0	0	0
1448.15	0	1	0	0	0
1447.15	0	1	0	0	0
1446.15	0	1	0	0	0
1445.15	0	1	0	0	0
1444.15	0	1	0	0	0
1443.15	0	1	0	0	0
1442.15	0	1	0	0	0
1441.15	0	1	0	0	0
1440.15	0	1	0	0	0
1439.15	0	1	0	0	0
1438.15	0	1	0	0	0
1437.15	0	1	0	0	0
1436.15	0	1	0	0	0
1435.15	0	1	0	0	0
1434.15	0	1	0	0	0
1433.15	0	1	0	0	0
1432.15	0	1	0	0	0
1431.15	0	1	0	0	0
1430.15	0	1	0	0	0
1429.15	0	1	0	0	0
1428.15	0	1	0	0	0
1427.15	0	1	0	0	0
1426.15	0	1	0	0	0
1425.15	0	1	0	0	0
1424.15	0	1	0	0	0
1423.15	0	1	0	0	0
1422.15	0	1	0	0	0
1421.15	0	1	0	0	0
1420.15	0	1	0	0	0
1419.15	0	1	0	0	0
1418.15	0	1	0	0	0
1417.15	0	1	0	0	0
1416.15	0	1	0	0	0
1415.15	0	1	0	0	0
1414.15	0	1	0	0	0
1413.15	0	1	0	0	0
1412.15	0	1	0	0	0
1411.15	0	1	0	0	0
1410.15	0	1	0	0	0
1409.15	0	1	0	0	0
1408.15	0	1	0	0	0
1407.15	0	1	0	0	0
1406.15	0	1	0	0	0
1405.15	0	1	0	0	0
1404.15	0	1	0	0	0
1403.15	0	1	0	0	0
1402.15	0	1	0	0	0
1401.15	0	1	0	0	0
1400.15	0	1	0	0	0
1399.15	0	1	0	0	0
1398.15	0	1	0	0	0
1397.15	0	1	0	0	0
1396.15	0	1	0	0	0
1395.15	0	1	0	0	0
1394.15	0	1	0	0	0
1393.15	0	1	0	0	0
1392.15	0	1	0	0	0
1391.15	0	1	0	0	0
1390.15	0	1	0	0	0
1389.15	0	1	0	0	0
1388.15	0	1	0	0	0
1387.15	0	1	0	0	0
1386.15	0	1	0	0	0
1385.15	0	1	0	0	0
1384.15	0	1	0	0	0
1383.15	0	1	0	0	0
1382.15	0	1	0	0	0
1381.15	0	1	0	0	0
1380.15	0	1	0	0	0
1379.15	0	1	0	0	0
1378.15	0	1	0	0	0
1377.15	0	1	0	0	0
1376.15	0	1	0	0	0
1375.15	0	1	0	0	0
1374.15	0	1	0	0	0
1373.15	0	1	0	0	0
1372.15	0	1	0	0	0
1371.15	0	1	0	0	0
1370.15	0	1	0	0	0
1369.15	0	1	0	0	0
1368.15	0	1	0	0	0
1367.15	0	1	0	0	0
1366.15	0	1	0	0	0
1365.15	0	1	0	0	0
1364.15	0	1	0	0	0
1363.15	0	1	0	0	0
1362.15	0	1	0	0	0
1361.15	0	1	0	0	0
1360.15	0	1	0	0	0
1359.15	0	1	0	0	0
1358.15	0	1	0	0	0
1357.15	0	1	0	0	0
1356.15	0	1	0	0	0
1355.15	0	1	0	0	0
1354.15	0	1	0	0	0
1353.15	0	1	0	0	0
1352.15	0	1	0	0	0
1351.15	0	1	0	0	0
1350.15	0	1	0	0	0
1349.15	0	1	0	0	0
1348.15	0	1	0	0	0
1347.15	0	1	0	0	0
1346.15	0	1	0	0	0
1345.15	0	1	0	0	0
1344.15	0	1	0	0	0
1343.15	0	1	0	0	0
1342.15	0	1	0	0	0
1341.15	0	1	0	0	0
1340.15	0	1	0	0	0
1339.15	0	1	0	0	0
1338.15	0	1	0	0	0
1337.15	0	1	0	0	0
1336.15	0	1	0	0	0
1335.15	0	1	0	0	0
1334.15	0	1	0	0	0
1333.15	0	1	0	0	0
1332.15	0	1	0	0	0
1331.15	0	1	0	0	0
1330.15	0	1	0	0	0
1329.15	0	1	0	0	0
1328.15	0	1	0	0	0
1327.15	0	1	0	0	0
1326.15	0	1	0	0	0
1325.15	0	1	0	0	0
1324.15	0	1	0	0	0
1323.15	0	1	0	0	0
1322.15	0	1	0	0	0
1321.15	0	1	0	0	0
1320.15	0	1	0	0	0
1319.15	0	1	0	0	0
1318.15	0	1	0	0	0
1317.15	0	1	0	0	0
1316.15	0	1	0	0	0
1315.15	0	1	0	0	0
1314.15	0	1	0	0	0
1313.15	0	1	0	0	0
1312.15	0	1	0	0	0
1311.15	0	1	0	0	0
1310.15	0	1	0	0	0
1309.15	0	1	0	0	0
1308.15	0	1	0	0	0
1307.15	0	1	0	0	0
1306.15	0	1	0	0	0
1305.15	0	1	0	0	0
1304.15	0	1	0	0	0
1303.15	0	1	0	0	0
1302.15	0	1	0	0	0
1301.15	0	1	0	0	0
1300.15	0	1	0	0	0
1299.15	0	1	0	0	0
1298.15	0	1	0	0	0
1297.15	0	1	0	0	0
1296.15	0	1	0	0	0
1295.15	0	1	0	0	0
1294.15	0	1	0	0	0
1293.15	0	1	0	0	0
1292.15	0	1	0	0	0
1291.15	0	1	0	0	0
1290.15	0	1	0	0	0
1289.15	0	1	0	0	0
1288.15	0	1	0	0	0
1287.15	0	1	0	0	0
1286.15	0	1	0	0	0
1285.15	0	1	0	0	0
1284.15	0	1	0	0	0
1283.15	0	1	0	0	0
1282.15	0	1	0	0	0
1281.15	0	1	0	0	0
1280.15	0	1	0	0	0
1279.15	0	1	0	0	0
1278.15	0	1	0	0	0
1277.15	0	1	0	0	0
1276.15	0	1	0	0	0
1275.15	0	1	0	0	0
1274.15	0	1	0	0	0
1273.15	0	1	0	0	0
1272.15	0	1	0	0	0
1271.15	0	1	0	0	0
1270.15	0	1	0	0	0
1269.15	0	1	0	0	0
1268.15	0	1	0	0	0
1267.15	0	1	0	0	0
1266.15	0	1	0	0	0
1265.15	0	1	0	0	0
1264.15	0	1	0	0	0
1263.15	0	1	0	0	0
1262.15	0	1	0	0	0
1261.15	0	1	0	0	0
1260.15	0	1	0	0	0
1259.15	0	1	0	0	0
1258.15	0	1	0	0	0
1257.15	0	1	0	0	0
1256.15	0	1	0	0	0
1255.15	0	1	0	0	0
1254.15	0	1	0	0	0
1253.15	0	1	0	0	0
1252.15	0	1	0	0	0
1251.15	0	1	0	0	0
1250.15	0	1	0	0	0
1249.15	0	1	0	0	0
1248.15	0	1	0	0	0
1247.15	0	1	0	0	0
1246.15	0	1	0	0	0
1245.15	0	1	0	0	0
1244.15	0	1	0	0	0
1243.15	0	1	0	0	0
1242.15	0	1	0	0	0
1241.15	0	1	0	0	0
1240.15	0	1	0	0	0
1239.15	0	1	0	0	0
1238.15	0	1	0	0	0
1237.15	0	1	0	0	0
1236.15	0	1	0	0	0
1235.15	0	1	0	0	0
1234.15	0	1	0	0	0
1233.15	0	1	0	0	0
1232.15	0	1	0	0	0
1231.15	0	1	0	0	0
1230.15	0	1	0	0	0
1229.15	0	1	0	0	0
1228.15	0	1	0	0	0
1227.15	0	1	0	0	0
1226.15	0	1	0	0	0
1225.15	0	1	0	0	0
1224.15	0	1	0	0	0
1223.15	0	1	0	0	0
1222.15	0	1	0	0	0
1221.15	0	1	0	0	0
1220.15	0	1	0	0	0
1219.15	0	1	0	0	0
1218.15	0	1	0	0	0
1217.15	0	1	0	0	0
1216.15	0	1	0	0	0
1215.15	0	1	0	0	0
1214.15	0	1	0	0	0
1213.15	0	1	0	0	0
1212.15	0	1	0	0	0
1211.15	0	1	0	0	0
1210.15	0	1	0	0	0
1209.15	0	1	0	0	0
1208.15	0	1	0	0	0
1207.15	0	1	0	0	0
1206.15	0	1	0	0	0
1205.15	0	1	0	0	0
1204.15	0	1	0	0	0
1203.15	0	1	0	0	0
1202.15	0	1	0	0	0
1201.15	0	1	0	0	0
1200.15	0	1	0	0	0
1199.15	0	1	0	0	0
1198.15	0	1	0	0	0
1197.15	0	1	0	0	0
1196.15	0	1	0	0	0
1195.15	0	1	0	0	0
1194.15	0	1	0	0	0
1193.15	0	1	0	0	0
1192.15	0	1	0	0	0
1191.15	0	1	0	0	0
1190.15	0	1	0	0	0
1189.15	0	1	0	0	0
1188.15	0	1	0	0	0
1187.15	0	1	0	0	0
1186.15	0	1	0	0	0
1185.15	0	1	0	0	0
1184.15	0	1	0	0	0
1183.15	0	1	0	0	0
1182.15	0	1	0	0	0
1181.15	0	1	0	0	0
1180.15	0	1	0	0	0
1179.15	0	1	0	0	0
1178.15	0	1	0	0	0
1177.15	0	1	0	0	0
1176.15	0	1	0	0	0
1175.15	0	1	0	0	0
1174.15	0	1	0	0	0
1173.15	0	1	0	0	0
1172.15	0	1	0	0	0
1171.15	0	1	0	0	0
1170.15	0	1	0	0	0
1169.15	0	1	0	0	0
1168.15	0	1	0	0	0
1167.15	0	1	0	0	0
1166.15	0	1	0	0	0
1165.15	0	1	0	0	0
1164.15	0	1	0	0	0
1163.15	0	1	0	0	0
1162.15	0	1	0	0	0
1161.15	0	1	0	0	0
1160.15	0	1	0	0	0
1159.15	0	1	0	0	0
1158.15	0	1	0	0	0
1157.15	0	1	0	0	0
1156.15	0	1	0	0	0
1155.15	0	1	0	0	0
1154.15	0	1	0	0	0
1153.15	0	1	0	0	0
1152.15	0	1	0	0	0
1151.15	0	1	0	0	0
1150.15	0	1	0	0	0
1149.15	0	1	0	0	0
1148.15	0	1	0	0	0
1147.15	0	1	0	0	0
1146.15	0	1	0	0	0
1145.15	0	1	0	0	0
1144.15	0	1	0	0	0
1143.15	0	1	0	0	0
1142.15	0	1	0	0	0
1141.15	0	1	0	0	0
1140.15	0	1	0	0	0
1139.15	0	1	0	0	0
1138.15	0	1	0	0	0
1137.15	0	1	0	0	0
1136.15	0	1	0	0	0
1135.15	0	1	0	0	0
1134.15	0	1	0	0	0
1133.15	0	1	0	0	0
1132.15	0	1	0	0	0
1131.15	0	1	0	0	0
1130.15	0	1	0	0	0
1129.15	0	1	0	0	0
1128.15	0	1	0	0	0
1127.15	0	1	0	0	0
1126.15	0	1	0	0	0
1125.15	0	1	0	0	0
1124.15	0	1	0	0	0
1123.757	0	1	0	0	0
1123.757	0	1	0	0	0
1123.757	0	1	0	0	0
1123.15	0	.999334	6.65992E-04	0	0
1122.15	0	.9982392	.001760807	0	0
1121.15	0	.9971468	.002853206	0	0
1120.15	0	.9960568	.003943186	0	0
1119.15	0	.9949693	.005030742	0	0
1118.15	0	.9938841	.006115867	0	0
1117.15	0	.9928014	.007198558	0	0
1116.15	0	.9917212	.00827881	0	0
1115.15	0	.9906434	.009356617	0	0
1114.15	0	.989568	.01043197	0	0
1113.15	0	.9884951	.01150488	0	0
1112.15	0	.9874247	.01257532	0	0
1111.15	0	.9863567	.0136433	0	0
1110.15	0	.9852912	.01470881	0	0
1109.15	0	.9842282	.01577184	0	0
1108.15	0	.9831676	.0168324	0	0
1107.15	0	.9821095	.01789047	0	0
1106.15	0	.981054	.01894605	0	0
1105.15	0	.9800009	.01999913	0	0
1104.15	0	.9789503	.02104971	0	0
1103.15	0	.9779022	.02209778	0	0
1102.15	0	.9768567	.02314334	0	0
1101.15	0	.9758136	.02418638	0	0
1100.15	0	.9747731	.0252269	0	0
1099.15	0	.9737351	.02626489	0	0
1098.15	0	.9726997	.02730035	0	0
1097.15	0	.9716667	.02833326	0	0
1096.15	0	.9706364	.02936363	0	0
1095.15	0	.9696086	.03039145	0	0
1094.15	0	.9685833	.03141671	0	0
1093.15	0	.9675606	.03243941	0	0
1092.15	0	.9665405	.03345954	0	0
1091.15	0	.9655229	.03447709	0	0
1090.15	0	.9645079	.03549207	0	0
1089.15	0	.9634956	.03650445	0	0
1088.15	0	.9624857	.03751425	0	0
1087.15	0	.9614786	.03852144	0	0
1086.15	0	.960474	.03952604	0	0
1086.147	0	.9604707	.0395293	0	0
1086.147	0	.9604707	.0395293	0	0
1086.147	0	.9604707	.0395293	0	0
1085.15	0	.9592704	.04033644	3.931454E-04	0
1084.15	0	.9580699	.0411436	7.865436E-04	0
1083.15	0	.9568729	.04194816	.001178913	0
1082.15	0	.9556796	.04275011	.001570254	0
1081.15	0	.95449	.04354945	.00196057	0
1080.15	0	.953304	.04434619	.002349861	0
1079.15	0	.9521216	.04514031	.00273813	0
1078.15	0	.9509428	.04593183	.003125378	0
1077.15	0	.9497677	.04672075	.003511607	0
1076.15	0	.9485961	.04750705	.003896817	0
1075.15	0	.9474282	.04829075	.004281012	0
1074.15	0	.946264	.04907184	.004664192	0
1073.15	0	.9451033	.04985032	.005046358	0
1072.15	0	.9439463	.0506262	.005427513	0
1071.15	0	.9427929	.05139947	.005807658	0
1070.15	0	.9416431	.05217013	.006186793	0
1069.15	0	.9404969	.05293818	.006564921	0
1068.15	0	.9393543	.05370363	.006942043	0
1067.15	0	.9382154	.05446647	.00731816	0
1066.15	0	.93708	.0552267	.007693274	0
1065.15	0	.9359483	.05598432	.008067385	0
1064.15	0	.9348202	.05673934	.008440495	0
1063.15	0	.9336956	.05749175	.008812606	0
1062.15	0	.9325747	.05824155	.009183718	0
1061.15	0	.9314574	.05898874	.009553832	0
1060.15	0	.9303437	.05973332	.00992295	0
1059.15	0	.9292336	.06047529	.01029107	0
1058.15	0	.9281271	.06121466	.0106582	0
1057.15	0	.9270242	.06195142	.01102434	0
1056.15	0	.9259249	.06268557	.01138948	0
1055.15	0	.9248293	.06341711	.01175364	0
1054.15	0	.9237372	.06414604	.0121168	0
1053.15	0	.9226487	.06487236	.01247897	0
1052.15	0	.9215638	.06559607	.01284016	0
1051.15	0	.9204825	.06631717	.01320036	0
1050.15	0	.9194048	.06703566	.01355957	0
1049.15	0	.9183307	.06775154	.0139178	0
1048.15	0	.9172601	.06846482	.01427504	0
1047.15	0	.9161932	.06917548	.0146313	0
1046.15	0	.9151299	.06988353	.01498657	0
1045.15	0	.9140702	.07058897	.01534086	0
1044.15	0	.913014	.0712918	.01569418	0
1043.15	0	.9119615	.07199203	.01604651	0
1042.15	0	.9109125	.07268964	.01639785	0
1041.15	0	.9098671	.07338464	.01674822	0
1040.15	0	.9088254	.07407703	.01709761	0
1039.15	0	.9077872	.07476681	.01744603	0
1038.15	0	.9067526	.07545398	.01779346	0
1037.15	0	.9057215	.07613854	.01813991	0
1036.15	0	.9046941	.07682049	.01848539	0
1035.15	0	.9036703	.07749983	.01882989	0
1034.15	0	.90265	.07817655	.01917341	0
1033.15	0	.9016334	.07885067	.01951596	0
1032.15	0	.9006203	.07952218	.01985753	0
1031.15	0	.8996108	.08019108	.02019813	0
1030.15	0	.8986049	.08085738	.02053775	0
1029.15	0	.8976026	.08152106	.02087639	0
1028.15	0	.8966038	.08218213	.02121406	0
1027.15	0	.8956087	.0828406	.02155075	0
1026.15	0	.8946171	.08349646	.02188647	0
1025.15	0	.8936291	.08414971	.02222121	0
1024.15	0	.8926447	.08480035	.02255498	0
1023.15	0	.8916638	.08544839	.02288777	0
1022.15	0	.8906866	.08609382	.02321959	0
1021.15	0	.8897129	.08673665	.02355043	0
1020.15	0	.8887428	.08737687	.0238803	0
1019.15	0	.8877763	.08801449	.02420919	0
1018.15	0	.8868134	.0886495	.02453711	0
1017.15	0	.885854	.08928192	.02486404	0
1016.15	0	.8848983	.08991173	.02519001	0
1015.15	0	.8839461	.09053895	.02551499	0
1014.15	0	.8829974	.09116356	.025839	0
1013.15	0	.8820524	.09178558	.02616203	0
1012.15	0	.8811109	.092405	.02648408	0
1011.15	0	.880173	.09302182	.02680516	0
1010.15	0	.8792387	.09363605	.02712525	0
1009.15	0	.8783079	.09424769	.02744436	0
1008.15	0	.8773808	.09485674	.0277625	0
1007.15	0	.8764572	.0954632	.02807965	0
1006.15	0	.8755371	.09606707	.02839582	0
1005.15	0	.8746206	.09666835	.02871101	0
1004.15	0	.8737077	.09726705	.02902521	0
1003.15	0	.8727984	.09786317	.02933843	0
1002.15	0	.8718926	.09845671	.02965067	0
1001.15	0	.8709904	.09904767	.02996192	0
1000.15	0	.8700918	.09963606	.03027217	0
999.15	0	.8691967	.1002219	.03058145	0
998.15	0	.8683052	.1008051	.03088973	0
997.15	0	.8674172	.1013858	.03119702	0
996.15	0	.8665328	.1019639	.03150332	0
995.15	0	.8656519	.1025395	.03180862	0
994.15	0	.8647746	.1031124	.03211293	0
993.15	0	.8639009	.1036829	.03241625	0
992.15	0	.8630307	.1042508	.03271856	0
991.15	0	.862164	.1048161	.03301988	0
990.15	0	.8613009	.1053789	.0333202	0
989.15	0	.8604414	.1059391	.03361951	0
988.15	0	.8595853	.1064968	.03391782	0
987.15	0	.8587328	.107052	.03421512	0
986.15	0	.8578839	.1076047	.03451142	0
985.15	0	.8570385	.1081548	.03480671	0
984.15	0	.8561966	.1087024	.03510098	0
983.15	0	.8553583	.1092475	.03539425	0
982.15	0	.8545234	.1097901	.03568649	0
981.15	0	.8536921	.1103302	.03597772	0
980.15	0	.8528643	.1108677	.03626793	0
979.15	0	.8520401	.1114028	.03655712	0
978.15	0	.8512193	.1119354	.03684528	0
977.15	0	.8504021	.1124655	.03713242	0
976.15	0	.8495883	.1129932	.03741853	0
975.15	0	.848778	.1135184	.0377036	0
974.15	0	.8479713	.1140411	.03798765	0
973.15	0	.847168	.1145613	.03827065	0
972.15	0	.8463683	.1150791	.03855262	0
971.15	0	.845572	.1155945	.03883354	0
970.15	0	.8447791	.1161075	.03911342	0
969.15	0	.8439898	.116618	.03939225	0
968.15	0	.8432039	.1171261	.03967002	0
967.15	0	.8424215	.1176318	.03994675	0
966.15	0	.8416425	.1181351	.04022241	0
965.15	0	.840867	.118636	.04049702	0
964.15	0	.8400949	.1191345	.04077056	0
963.15	0	.8393263	.1196307	.04104303	0
962.15	0	.8385611	.1201245	.04131444	0
961.15	0	.8377993	.120616	.04158476	0
960.15	0	.8370409	.1211051	.04185401	0
959.15	0	.836286	.1215919	.04212218	0
958.15	0	.8355344	.1220764	.04238926	0
957.15	0	.8347862	.1225586	.04265525	0
956.15	0	.8340414	.1230385	.04292015	0
955.15	0	.8333	.1235161	.04318395	0
954.15	0	.8325619	.1239914	.04344664	0
953.15	0	.8318272	.1244646	.04370823	0
952.15	0	.8310959	.1249354	.04396871	0
951.15	0	.8303678	.1254041	.04422807	0
950.15	0	.8296431	.1258705	.04448631	0
949.15	0	.8289218	.1263348	.04474342	0
948.15	0	.8282037	.1267969	.04499941	0
947.15	0	.8274889	.1272569	.04525426	0
946.15	0	.8267774	.1277147	.04550797	0
945.15	0	.8260691	.1281703	.04576053	0
944.15	0	.8253641	.1286239	.04601194	0
943.15	0	.8246624	.1290754	.0462622	0
942.15	0	.8239639	.1295248	.0465113	0
941.15	0	.8232685	.1299722	.04675923	0
940.15	0	.8225764	.1304176	.04700598	0
939.15	0	.8218875	.130861	.04725155	0
938.15	0	.8212017	.1313023	.04749594	0
937.15	0	.8205191	.1317418	.04773914	0
936.15	0	.8198396	.1321792	.04798114	0
935.15	0	.8191633	.1326148	.04822194	0
934.15	0	.81849	.1330485	.04846152	0
933.15	0	.8178198	.1334803	.04869989	0
932.15	0	.8171527	.1339103	.04893704	0
931.15	0	.8164886	.1343385	.04917295	0
930.15	0	.8158275	.1347649	.04940762	0
929.15	0	.8151694	.1351895	.04964105	0
928.15	0	.8145144	.1356124	.04987322	0
927.15	0	.8138622	.1360336	.05010414	0
926.15	0	.813213	.1364532	.05033378	0
925.15	0	.8125668	.1368711	.05056215	0
924.15	0	.8119234	.1372874	.05078923	0
923.15	0	.8112828	.1377022	.05101502	0
922.15	0	.8106451	.1381154	.0512395	0
921.15	0	.8100103	.1385271	.05146268	0
920.15	0	.8093781	.1389373	.05168454	0
919.15	0	.8087488	.1393462	.05190506	0
918.15	0	.8081222	.1397536	.05212425	0
917.15	0	.8074982	.1401597	.0523421	0
916.15	0	.806877	.1405645	.05255858	0
915.15	0	.8062583	.140968	.0527737	0
914.15	0	.8056423	.1413703	.05298745	0
913.15	0	.8050288	.1417714	.0531998	0
912.15	0	.8044179	.1421714	.05341076	0
911.15	0	.8038094	.1425703	.05362031	0
910.15	0	.8032034	.1429681	.05382844	0
909.15	0	.8025999	.143365	.05403514	0
908.15	0	.8019987	.1437609	.0542404	0
907.15	0	.8013998	.144156	.0544442	0
906.15	0	.8008033	.1445502	.05464654	0
905.15	0	.800209	.1449436	.0548474	0
904.15	0	.7996169	.1453363	.05504677	0
903.15	0	.799027	.1457283	.05524464	0
902.15	0	.7984393	.1461198	.05544099	0
901.15	0	.7978536	.1465106	.0556358	0
900.15	0	.7972699	.146901	.05582908	0
899.15	0	.7966882	.147291	.0560208	0
898.15	0	.7961084	.1476806	.05621094	0
897.15	0	.7955305	.14807	.0563995	0
896.15	0	.7949544	.1484591	.05658645	0
895.15	0	.7943801	.1488481	.05677179	0
894.15	0	.7938075	.1492371	.05695549	0
893.15	0	.7932365	.149626	.05713754	0
892.15	0	.792667	.150015	.05731793	0
891.15	0	.7920991	.1504042	.05749663	0
890.15	0	.7915327	.1507937	.05767363	0
889.15	0	.7909676	.1511835	.05784891	0
888.15	0	.7904039	.1515737	.05802245	0
887.15	0	.7898414	.1519644	.05819424	0
886.15	0	.78928	.1523557	.05836425	0
885.15	0	.7887198	.1527478	.05853246	0
884.15	0	.7881605	.1531406	.05869885	0
883.15	0	.7876022	.1535344	.05886341	0
882.15	0	.7870447	.1539292	.05902611	0
881.15	0	.786488	.1543251	.05918692	0
880.15	0	.785932	.1547222	.05934583	0
879.15	0	.7853765	.1551207	.05950282	0
878.15	0	.7848216	.1555206	.05965784	0
877.15	0	.784267	.1559221	.05981089	0
876.15	0	.7837127	.1563253	.05996193	0
875.15	0	.7831586	.1567304	.06011095	0
874.15	0	.7826046	.1571375	.0602579	0
873.15	0	.7820506	.1575467	.06040277	0
872.15	0	.7814964	.1579581	.06054552	0
871.15	0	.7809419	.158372	.06068612	0
870.15	0	.7803871	.1587884	.06082455	0
869.15	0	.7798317	.1592075	.06096076	0
868.15	0	.7792757	.1596295	.06109473	0
867.15	0	.778719	.1600546	.06122643	0
866.15	0	.7781613	.160483	.0613558	0
865.15	0	.7776025	.1609147	.06148283	0
864.15	0	.7770425	.1613501	.06160746	0
863.15	0	.7764811	.1617892	.06172966	0
862.15	0	.7759182	.1622324	.06184939	0
861.15	0	.7753536	.1626798	.06196659	0
860.15	0	.7747872	.1631316	.06208124	0
859.15	0	.7742186	.1635881	.06219328	0
858.15	0	.7736478	.1640496	.06230266	0
857.15	0	.7730745	.1645162	.06240933	0
856.15	0	.7724986	.1649882	.06251323	0
855.15	0	.7719198	.1654659	.06261432	0
854.15	0	.7713378	.1659497	.06271252	0
853.15	0	.7707526	.1664397	.06280779	0
852.15	0	.7701637	.1669363	.06290005	0
851.15	0	.769571	.1674398	.06298924	0
850.15	0	.7689741	.1679506	.06307529	0
849.15	0	.7683729	.168469	.06315812	0
848.15	0	.7677669	.1689954	.06323766	0
847.15	0	.7671559	.1695303	.06331382	0
846.15	0	.7665395	.1700739	.06338651	0
845.15	0	.7659175	.1706269	.06345565	0
844.15	0	.7652893	.1711896	.06352113	0
843.15	0	.7646547	.1717625	.06358285	0
842.15	0	.7640132	.1723462	.0636407	0
841.15	0	.7633643	.1729412	.06369457	0
840.15	0	.7627076	.1735481	.06374433	0
839.15	0	.7620426	.1741676	.06378984	0
838.15	0	.7613688	.1748003	.06383098	0
837.15	0	.7606855	.1754469	.06386758	0
836.15	0	.7599923	.1761083	.06389948	0
835.15	0	.7592883	.1767852	.06392651	0
834.15	0	.758573	.1774786	.06394849	0
833.15	0	.7578455	.1781893	.0639652	0
832.15	0	.757105	.1789186	.06397644	0
831.15	0	.7563507	.1796674	.06398196	0
830.15	0	.7555815	.180437	.0639815	0
829.15	0	.7546133	.1814439	.06394283	0
828.15	0	.753219	.1829569	.06382415	0
827.15	0	.7518915	.1843978	.06371074	0
826.15	0	.7506262	.1857716	.06360221	0
825.15	0	.7494189	.1870829	.06349821	0
824.15	0	.7482658	.1883358	.06339842	0
823.15	0	.7471633	.1895342	.06330255	0
822.15	0	.7461082	.1906815	.06321032	0
821.15	0	.7450977	.1917808	.0631215	0
820.15	0	.744129	.1928352	.06303586	0
819.15	0	.7431996	.1938472	.06295319	0
818.15	0	.7423073	.1948194	.06287329	0
817.15	0	.74145	.195754	.062796	0
816.15	0	.7406257	.1966532	.06272115	0
815.15	0	.7398326	.1975188	.06264859	0
814.15	0	.739069	.1983529	.06257818	0
813.15	0	.7383333	.1991569	.06250979	0
812.15	0	.7376241	.1999326	.06244329	0
811.15	0	.7369401	.2006813	.06237859	0
810.15	0	.7362799	.2014045	.06231557	0
809.15	0	.7356424	.2021035	.06225413	0
808.15	0	.7350264	.2027794	.06219419	0
807.15	0	.7344309	.2034334	.06213566	0
806.15	0	.7338549	.2040666	.06207846	0
805.15	0	.7332976	.2046799	.06202252	0
804.15	0	.7327579	.2052743	.06196776	0
803.15	0	.7322352	.2058507	.06191412	0
802.15	0	.7317286	.2064098	.06186155	0
801.15	0	.7312374	.2069526	.06180998	0
800.15	0	.730761	.2074797	.06175936	0
799.15	0	.7302986	.2079918	.06170963	0
798.15	0	.7298497	.2084896	.06166076	0
797.15	0	.7294136	.2089737	.06161269	0
796.15	0	.7289899	.2094447	.06156538	0
795.15	0	.728578	.2099032	.0615188	0
794.15	0	.7281774	.2103497	.06147289	0
793.15	0	.7277877	.2107847	.06142764	0
792.15	0	.7274084	.2112087	.061383	0
791.15	0	.727039	.2116221	.06133894	0
790.15	0	.7266792	.2120254	.06129543	0
789.15	0	.7263286	.212419	.06125245	0
788.15	0	.7259868	.2128033	.06120996	0
787.15	0	.7256535	.2131786	.06116794	0
786.15	0	.7253283	.2135453	.06112636	0
785.15	0	.725011	.2139038	.06108521	0
784.15	0	.7247012	.2142544	.06104445	0
783.15	0	.7243986	.2145973	.06100408	0
782.15	0	.7241031	.2149329	.06096406	0
781.15	0	.7238142	.2152614	.06092438	0
780.15	0	.7235318	.2155832	.06088502	0
779.15	0	.7232556	.2158984	.06084596	0
778.15	0	.7229854	.2162074	.0608072	0
777.15	0	.722721	.2165103	.0607687	0
776.15	0	.7224622	.2168074	.06073046	0
775.15	0	.7222087	.2170988	.06069247	0
774.15	0	.7219604	.2173849	.0606547	0
773.15	0	.7217171	.2176657	.06061715	0
772.15	0	.7214787	.2179415	.0605798	0
771.15	0	.7212448	.2182125	.06054265	0
770.15	0	.7210155	.2184788	.06050568	0
769.15	0	.7207905	.2187406	.06046888	0
768.15	0	.7205698	.218998	.06043223	0
767.15	0	.720353	.2192512	.06039574	0
766.15	0	.7201402	.2195004	.06035939	0
765.15	0	.7199312	.2197457	.06032318	0
764.15	0	.7197258	.2199871	.06028708	0
763.15	0	.7195239	.220225	.06025111	0
762.15	0	.7193255	.2204592	.06021524	0
761.15	0	.7191325	.2206885	.06017895	0
760.15	0	.7189405	.2209162	.06014332	0
759.15	0	.7187515	.2211407	.06010777	0
758.15	0	.7185656	.2213621	.0600723	0
757.15	0	.7183826	.2215806	.0600369	0
756.15	0	.7182024	.2217961	.06000157	0
755.15	0	.7180249	.2220088	.0599663	0
754.15	0	.7178501	.2222188	.05993109	0
753.15	0	.7176779	.2224262	.05989592	0
752.15	0	.7175082	.222631	.0598608	0
751.15	0	.7173409	.2228334	.05982573	0
750.15	0	.7171759	.2230334	.05979069	0
749.15	0	.7170132	.2232311	.05975568	0
748.15	0	.7168528	.2234265	.0597207	0
747.15	0	.7166944	.2236198	.05968574	0
746.15	0	.7165382	.223811	.05965081	0
745.15	0	.7163839	.2240002	.05961589	0
744.15	0	.7162317	.2241873	.05958099	0
743.15	0	.7160813	.2243726	.0595461	0
742.15	0	.7159328	.224556	.05951121	0
741.15	0	.7157861	.2247376	.05947633	0
740.15	0	.7156411	.2249174	.05944146	0
739.15	0	.7154979	.2250956	.05940658	0
738.15	0	.7153563	.2252721	.0593717	0
737.15	0	.7152163	.2254469	.05933681	0
736.15	0	.7150778	.2256203	.05930192	0
735.15	0	.7149409	.2257921	.05926701	0
734.15	0	.7148054	.2259625	.0592321	0
733.15	0	.7146714	.2261314	.05919716	0
732.15	0	.7145388	.226299	.05916222	0
731.15	0	.7144076	.2264652	.05912725	0
730.15	0	.7142776	.2266301	.05909227	0
729.15	0	.714149	.2267937	.05905726	0
728.15	0	.7140216	.2269561	.05902223	0
727.15	0	.7138955	.2271173	.05898718	0
726.15	0	.7137706	.2272773	.0589521	0
725.15	0	.7136468	.2274362	.058917	0
724.15	0	.7135241	.227594	.05888186	0
723.15	0	.7134026	.2277507	.0588467	0
722.15	0	.7132822	.2279063	.05881151	0
721.15	0	.7131628	.228061	.05877628	0
720.15	0	.7130444	.2282146	.05874102	0
719.15	0	.712927	.2283672	.05870573	0
718.15	0	.7128107	.2285189	.0586704	0
717.15	0	.7126952	.2286697	.05863504	0
716.15	0	.7125807	.2288196	.05859965	0
715.15	0	.7124672	.2289686	.05856421	0
714.15	0	.7123545	.2291168	.05852874	0
713.15	0	.7122427	.2292641	.05849323	0
712.15	0	.7121317	.2294106	.05845768	0
711.15	0	.7120216	.2295563	.0584221	0
710.15	0	.7119123	.2297013	.05838647	0
709.15	0	.7118037	.2298455	.05835081	0
708.15	0	.711696	.2299889	.0583151	0
707.15	0	.711589	.2301316	.05827935	0
706.15	0	.7114828	.2302737	.05824356	0
705.15	0	.7113773	.230415	.05820773	0
704.15	0	.7112725	.2305557	.05817186	0
703.15	0	.7111684	.2306957	.05813595	0
702.15	0	.711065	.230835	.05809999	0
701.15	0	.7109622	.2309738	.058064	0
700.15	0	.7108601	.2311119	.05802796	0
699.15	0	.7107587	.2312494	.05799188	0
698.15	0	.7106579	.2313864	.05795575	0
697.15	0	.7105577	.2315227	.05791958	0
696.15	0	.7104581	.2316585	.05788337	0
695.15	0	.7103591	.2317938	.05784712	0
694.15	0	.7102607	.2319285	.05781083	0
693.15	0	.7101628	.2320627	.05777449	0
692.15	0	.7100656	.2321963	.05773811	0
691.15	0	.7099688	.2323295	.05770169	0
690.15	0	.7098726	.2324622	.05766523	0
689.15	0	.709777	.2325943	.05762872	0
688.15	0	.7096818	.232726	.05759218	0
687.15	0	.7095872	.2328572	.05755559	0
686.15	0	.7094931	.232988	.05751896	0
685.15	0	.7093994	.2331183	.05748229	0
684.15	0	.7093063	.2332482	.05744557	0
683.15	0	.7092136	.2333776	.05740882	0
682.15	0	.7091214	.2335066	.05737203	0
681.15	0	.7090296	.2336352	.0573352	0
680.15	0	.7089383	.2337633	.05729832	0
679.15	0	.7088475	.2338911	.05726141	0
678.15	0	.7087571	.2340184	.05722446	0
677.15	0	.7086671	.2341454	.05718747	0
676.15	0	.7085776	.234272	.05715044	0
675.15	0	.7084884	.2343982	.05711338	0
674.15	0	.7083997	.234524	.05707628	0
673.15	0	.7083114	.2346495	.05703914	0
672.15	0	.7082235	.2347746	.05700196	0
671.15	0	.7081359	.2348993	.05696475	0
670.15	0	.7080488	.2350237	.0569275	0
669.15	0	.7079621	.2351477	.05689021	0
668.15	0	.7078757	.2352714	.05685289	0
667.15	0	.7077897	.2353948	.05681554	0
666.15	0	.707704	.2355178	.05677815	0
665.15	0	.7076187	.2356405	.05674073	0
664.15	0	.7075338	.2357629	.05670328	0
663.15	0	.7074493	.2358849	.0566658	0
662.15	0	.707365	.2360067	.05662828	0
661.15	0	.7072812	.2361281	.05659073	0
660.15	0	.7071976	.2362492	.05655315	0
659.15	0	.7071144	.2363701	.05651554	0
658.15	0	.7070315	.2364906	.0564779	0
657.15	0	.706949	.2366108	.05644024	0
656.15	0	.7068668	.2367307	.05640254	0
655.15	0	.7067849	.2368503	.05636482	0
654.15	0	.7067033	.2369697	.05632706	0
653.15	0	.706622	.2370887	.05628929	0
652.15	0	.706541	.2372075	.05625148	0
651.15	0	.7064603	.237326	.05621365	0
650.15	0	.70638	.2374442	.0561758	0
649.15	0	.7062999	.2375622	.05613792	0
648.15	0	.7062201	.2376799	.05610002	0
647.15	0	.7061406	.2377973	.0560621	0
646.15	0	.7060614	.2379144	.05602415	0
645.15	0	.7059825	.2380313	.05598619	0
644.15	0	.7059039	.2381479	.0559482	0
643.15	0	.7058255	.2382643	.05591019	0
642.15	0	.7057475	.2383804	.05587216	0
641.15	0	.7056697	.2384962	.05583411	0
640.15	0	.7055921	.2386118	.05579605	0
639.15	0	.7055149	.2387272	.05575797	0
638.15	0	.7054379	.2388423	.05571987	0
637.15	0	.7053612	.2389571	.05568175	0
636.15	0	.7052847	.2390717	.05564362	0
635.15	0	.7052085	.239186	.05560548	0
634.15	0	.7051326	.2393001	.05556732	0
633.15	0	.7050569	.239414	.05552914	0
632.15	0	.7049814	.2395276	.05549096	0
631.15	0	.7049063	.239641	.05545276	0
630.15	0	.7048313	.2397541	.05541455	0
629.15	0	.7047567	.239867	.05537633	0
628.15	0	.7046822	.2399797	.05533811	0
627.15	0	.704608	.2400921	.05529987	0
626.15	0	.7045341	.2402043	.05526162	0
625.15	0	.7044604	.2403163	.05522337	0
624.15	0	.7043869	.240428	.05518511	0
623.15	0	.7043137	.2405395	.05514684	0
622.15	0	.7042407	.2406507	.05510857	0
621.15	0	.7041679	.2407618	.0550703	0
620.15	0	.7040954	.2408726	.05503202	0
619.15	0	.7040231	.2409831	.05499374	0
618.15	0	.7039511	.2410935	.05495545	0
617.15	0	.7038793	.2412036	.05491717	0
616.15	0	.7038077	.2413135	.05487888	0
615.15	0	.7037363	.2414231	.05484059	0
614.15	0	.7036651	.2415325	.05480231	0
613.15	0	.7035942	.2416418	.05476403	0
612.15	0	.7035235	.2417507	.05472574	0
611.15	0	.703453	.2418595	.05468746	0
610.15	0	.7033828	.241968	.05464919	0
609.15	0	.7033128	.2420763	.05461092	0
608.15	0	.7032429	.2421844	.05457266	0
607.15	0	.7031733	.2422923	.0545344	0
606.15	0	.703104	.2423999	.05449615	0
605.15	0	.7030348	.2425073	.0544579	0
604.15	0	.7029658	.2426145	.05441967	0
603.15	0	.7028971	.2427215	.05438144	0
602.15	0	.7028286	.2428282	.05434322	0
601.15	0	.7027603	.2429347	.05430502	0
600.15	0	.7026922	.243041	.05426682	0
599.15	0	.7026243	.2431471	.05422864	0
598.15	0	.7025566	.2432529	.05419047	0
597.15	0	.7024891	.2433586	.05415232	0
596.15	0	.7024219	.2434639	.05411418	0
595.15	0	.7023548	.2435691	.05407606	0
594.15	0	.702288	.2436741	.05403795	0
593.15	0	.7022213	.2437788	.05399986	0
592.15	0	.7021549	.2438833	.05396179	0
591.15	0	.7020887	.2439876	.05392374	0
590.15	0	.7020226	.2440917	.0538857	0
589.15	0	.7019568	.2441955	.05384769	0
588.15	0	.7018912	.2442991	.05380969	0
587.15	0	.7018258	.2444025	.05377172	0
586.15	0	.7017606	.2445057	.05373378	0
585.15	0	.7016956	.2446086	.05369585	0
584.15	0	.7016307	.2447113	.05365795	0
583.15	0	.7015661	.2448138	.05362007	0
582.15	0	.7015017	.2449161	.05358223	0
581.15	0	.7014375	.2450181	.0535444	0
580.15	0	.7013735	.2451199	.05350661	0
579.15	0	.7013097	.2452215	.05346884	0
578.15	0	.7012461	.2453228	.0534311	0
577.15	0	.7011827	.245424	.0533934	0
576.15	0	.7011194	.2455249	.05335572	0
575.15	0	.7010564	.2456255	.05331807	0
574.15	0	.7009936	.245726	.05328046	0
573.15	0	.700931	.2458262	.05324288	0
572.15	0	.7008685	.2459262	.05320533	0
571.15	0	.7008063	.2460259	.05316782	0
570.15	0	.7007443	.2461254	.05313034	0
569.15	0	.7006824	.2462247	.0530929	0
568.15	0	.7006208	.2463238	.05305549	0
567.15	0	.7005593	.2464226	.05301813	0
566.15	0	.700498	.2465212	.0529808	0
565.15	0	.700437	.2466195	.05294351	0
564.15	0	.7003761	.2467176	.05290626	0
563.15	0	.7003154	.2468155	.05286906	0
562.15	0	.7002549	.2469132	.05283189	0
561.15	0	.7001947	.2470106	.05279477	0
560.15	0	.7001346	.2471078	.05275769	0
559.15	0	.7000747	.2472047	.05272065	0
558.15	0	.7000149	.2473014	.05268366	0
557.15	0	.6999554	.2473979	.05264672	0
556.15	0	.6998961	.2474941	.05260982	0
555.15	0	.699837	.2475901	.05257297	0
554.15	0	.699778	.2476858	.05253616	0
553.15	0	.6997193	.2477813	.05249941	0
552.15	0	.6996607	.2478766	.0524627	0
551.15	0	.6996023	.2479716	.05242605	0
550.15	0	.6995442	.2480664	.05238945	0
549.15	0	.6994862	.2481609	.0523529	0
548.15	0	.6994284	.2482552	.0523164	0
547.15	0	.6993708	.2483493	.05227995	0
546.15	0	.6993134	.2484431	.05224356	0
545.15	0	.6992562	.2485366	.05220723	0
544.15	0	.6991992	.2486299	.05217095	0
543.15	0	.6991423	.248723	.05213472	0
542.15	0	.6990857	.2488158	.05209856	0
541.15	0	.6990292	.2489083	.05206245	0
540.15	0	.698973	.2490006	.0520264	0
539.15	0	.6989169	.2490927	.05199041	0
538.15	0	.698861	.2491845	.05195448	0
537.15	0	.6988053	.2492761	.05191862	0
536.15	0	.6987498	.2493674	.05188281	0
535.15	0	.6986945	.2494584	.05184707	0
534.15	0	.6986394	.2495492	.05181139	0
533.15	0	.6985845	.2496398	.05177578	0
532.15	0	.6985297	.24973	.05174023	0
531.15	0	.6984752	.2498201	.05170474	0
530.15	0	.6984209	.2499098	.05166932	0
529.15	0	.6983667	.2499993	.05163397	0
528.15	0	.6983127	.2500886	.05159869	0
527.15	0	.6982589	.2501776	.05156348	0
526.15	0	.6982054	.2502663	.05152834	0
525.15	0	.698152	.2503548	.05149326	0
524.15	0	.6980987	.250443	.05145826	0
523.15	0	.6980457	.2505309	.05142333	0
522.15	0	.6979929	.2506186	.05138847	0
521.15	0	.6979403	.250706	.05135369	0
520.15	0	.6978878	.2507932	.05131898	0
519.15	0	.6978356	.2508801	.05128435	0
518.15	0	.6977835	.2509667	.05124979	0
517.15	0	.6977316	.251053	.0512153	0
516.15	0	.69768	.2511391	.0511809	0
515.15	0	.6976285	.251225	.05114657	0
514.15	0	.6975772	.2513105	.05111232	0
513.15	0	.6975261	.2513958	.05107815	0
512.15	0	.6974752	.2514808	.05104406	0
511.15	0	.6974245	.2515655	.05101005	0
510.15	0	.6973741	.25165	.05097599	0
509.15	0	.6973237	.2517341	.05094214	0
508.15	0	.6972736	.2518181	.05090838	0
507.15	0	.6972236	.2519017	.0508747	0
506.15	0	.6971739	.251985	.0508411	0
505.15	0	.6971243	.2520681	.05080759	0
504.15	0	.6970749	.2521509	.05077416	0
503.15	0	.6970257	.2522335	.05074082	0
502.15	0	.6969767	.2523157	.05070756	0
501.15	0	.6969279	.2523977	.0506744	0
500.15	0	.6968793	.2524793	.05064132	0
499.15	0	.6968309	.2525608	.05060833	0
498.15	0	.6967827	.2526419	.05057543	0
497.15	0	.6967347	.2527227	.05054263	0
496.15	0	.6966868	.2528033	.05050991	0
495.15	0	.6966392	.2528835	.05047728	0
494.15	0	.6965917	.2529635	.05044475	0
493.15	0	.6965445	.2530432	.05041232	0
492.15	0	.6964974	.2531226	.05037997	0
491.15	0	.6964505	.2532017	.05034772	0
490.15	0	.6964039	.2532806	.05031557	0
489.15	0	.6963574	.2533591	.05028351	0
488.15	0	.6963111	.2534374	.05025155	0
487.15	0	.696265	.2535153	.05021968	0
486.15	0	.6962191	.253593	.05018792	0
485.15	0	.6961734	.2536704	.05015625	0
484.15	0	.6961278	.2537475	.05012468	0
483.15	0	.6960825	.2538243	.05009322	0
482.15	0	.6960374	.2539008	.05006185	0
481.15	0	.6959924	.253977	.05003058	0
480.15	0	.6959477	.2540529	.04999942	0
479.15	0	.6959032	.2541285	.04996836	0
478.15	0	.6958588	.2542038	.0499374	0
477.15	0	.6958146	.2542788	.04990655	0
476.15	0	.6957707	.2543535	.0498758	0
475.15	0	.6957269	.254428	.04984515	0
474.15	0	.6956833	.2545021	.04981462	0
473.15	0	.6956399	.2545759	.04978419	0
472.15	0	.6955967	.2546494	.04975386	0
471.15	0	.6955538	.2547226	.04972365	0
470.15	0	.695511	.2547955	.04969354	0
469.15	0	.6954683	.2548681	.04966354	0
468.15	0	.6954259	.2549404	.04963365	0
467.15	0	.6953837	.2550124	.04960387	0
466.15	0	.6953417	.2550841	.0495742	0
465.15	0	.6952999	.2551555	.04954464	0
464.15	0	.6952582	.2552266	.0495152	0
463.15	0	.6952168	.2552973	.04948587	0
462.15	0	.6951756	.2553678	.04945665	0
461.15	0	.6951345	.255438	.04942754	0
460.15	0	.6950937	.2555078	.04939855	0
459.15	0	.695053	.2555773	.04936967	0
458.15	0	.6950125	.2556465	.04934091	0
457.15	0	.6949723	.2557155	.04931227	0
456.15	0	.6949322	.2557841	.04928374	0
455.15	0	.6948923	.2558523	.04925533	0
454.15	0	.6948527	.2559203	.04922704	0
453.15	0	.6948132	.255988	.04919886	0
452.15	0	.6947739	.2560553	.04917081	0
451.15	0	.6947348	.2561223	.04914287	0
450.15	0	.6946959	.2561891	.04911506	0
449.15	0	.6946572	.2562554	.04908738	0
448.15	0	.6946188	.2563214	.04905983	0
447.15	0	.6945805	.2563871	.0490324	0
446.15	0	.6945425	.2564524	.0490051	0
445.15	0	.6945046	.2565174	.04897793	0
444.15	0	.694467	.2565821	.04895089	0
443.15	0	.6944296	.2566464	.04892399	0
442.15	0	.6943924	.2567104	.04889722	0
441.15	0	.6943555	.2567739	.04887059	0
440.15	0	.6943187	.2568372	.04884409	0
439.15	0	.6942822	.2569	.04881774	0
438.15	0	.694246	.2569625	.04879154	0
437.15	0	.6942099	.2570246	.04876547	0
436.15	0	.6941741	.2570863	.04873955	0
435.15	0	.6941385	.2571477	.04871378	0
434.15	0	.6941032	.2572086	.04868816	0
433.15	0	.6940681	.2572692	.04866269	0
432.15	0	.6940333	.2573293	.04863737	0
431.15	0	.6939987	.2573891	.04861221	0
430.15	0	.6939644	.2574484	.0485872	0
429.15	0	.6939303	.2575074	.04856234	0
428.15	0	.6938964	.2575659	.04853764	0
427.15	0	.6938628	.2576241	.0485131	0
426.15	0	.6938295	.2576818	.04848872	0
425.15	0	.6937964	.2577391	.04846449	0
424.15	0	.6937635	.257796	.04844043	0
423.15	0	.6937309	.2578525	.04841653	0
422.15	0	.6936986	.2579086	.04839279	0
421.15	0	.6936665	.2579643	.04836921	0
420.15	0	.6936347	.2580195	.0483458	0
419.15	0	.6936032	.2580743	.04832255	0
418.15	0	.6935719	.2581287	.04829946	0
417.15	0	.6935408	.2581827	.04827654	0
416.15	0	.69351	.2582362	.04825378	0
415.15	0	.6934794	.2582894	.04823119	0
414.15	0	.6934492	.2583421	.04820877	0
413.15	0	.6934191	.2583944	.04818652	0
412.15	0	.6933894	.2584462	.04816443	0
411.15	0	.6933598	.2584977	.04814251	0
410.15	0	.6933306	.2585487	.04812075	0
409.15	0	.6933016	.2585993	.04809916	0
408.15	0	.6932728	.2586495	.04807775	0
407.15	0	.6932443	.2586992	.0480565	0
406.15	0	.693216	.2587486	.04803541	0
405.15	0	.693188	.2587975	.0480145	0
404.15	0	.6931603	.258846	.04799375	0
403.15	0	.6931328	.2588941	.04797318	0
402.15	0	.6931055	.2589417	.04795277	0
401.15	0	.6930785	.258989	.04793253	0
400.15	0	.6930517	.2590358	.04791246	0
399.15	0	.6930252	.2590823	.04789255	0
398.15	0	.6929989	.2591283	.04787281	0
397.15	0	.6929728	.2591739	.04785325	0
396.15	0	.6929471	.2592191	.04783385	0
395.15	0	.6929215	.2592639	.04781461	0
394.15	0	.6928962	.2593083	.04779554	0
394.0558	0	.6928938	.2593125	.04779376	0
394.0558	0	.6928938	.2593125	.04779376	0
394.0558	0	.6928938	.2593125	.04779376	0
393.15	0	.6931067	.2587963	.04752267	5.743173E-04
392.15	0	.6933415	.2582269	.04722395	.001207618
391.15	0	.693576	.257658	.04692581	.00184013
390.15	0	.6938102	.2570896	.04662826	.002471861
389.15	0	.6940442	.2565217	.04633129	.003102815
388.15	0	.6942778	.2559543	.0460349	.003733001
387.15	0	.6945111	.2553874	.04573908	.004362423
386.15	0	.6947442	.2548209	.04544384	.004991089
385.15	0	.694977	.2542549	.04514917	.005619003
384.15	0	.6952095	.2536893	.04485506	.006246173
383.15	0	.6954418	.2531241	.04456152	.006872604
382.15	0	.6956738	.2525594	.04426853	.007498302
381.15	0	.6959055	.2519951	.04397611	.008123273
380.15	0	.696137	.2514312	.04368424	.008747522
379.15	0	.6963683	.2508677	.04339293	.009371055
378.15	0	.6965993	.2503046	.04310216	.009993878
377.15	0	.6968301	.2497419	.04281195	.010616
376.15	0	.6970607	.2491796	.04252227	.01123741
375.15	0	.6972911	.2486177	.04223314	.01185814
374.15	0	.6975212	.2480561	.04194455	.01247817
373.15	0	.6977511	.2474949	.0416565	.01309753
372.15	0	.6979808	.246934	.04136898	.0137162
371.15	0	.6982103	.2463735	.04108199	.0143342
370.15	0	.6984396	.2458134	.04079553	.01495153
369.15	0	.6986687	.2452535	.0405096	.0155682
368.15	0	.6988976	.244694	.04022419	.01618421
367.15	0	.6991263	.2441348	.03993931	.01679957
366.15	0	.6993548	.243576	.03965494	.01741427
365.15	0	.6995831	.2430174	.03937109	.01802834
364.15	0	.6998113	.2424592	.03908776	.01864176
363.15	0	.7000393	.2419013	.03880494	.01925455
362.15	0	.7002671	.2413436	.03852262	.01986671
361.15	0	.7004947	.2407863	.03824082	.02047824
360.15	0	.7007221	.2402292	.03795952	.02108916
359.15	0	.7009494	.2396724	.03767872	.02169945
358.15	0	.7011765	.2391159	.03739842	.02230913
357.15	0	.7014035	.2385597	.03711862	.0229182
356.15	0	.7016303	.2380037	.03683932	.02352667
355.15	0	.701857	.237448	.03656051	.02413454
354.15	0	.7020835	.2368925	.03628219	.02474181
353.15	0	.7023098	.2363373	.03600436	.02534849
352.15	0	.702536	.2357824	.03572702	.02595458
351.15	0	.7027621	.2352276	.03545017	.02656009
350.15	0	.702988	.2346732	.0351738	.02716501
349.15	0	.7032138	.2341189	.0348979	.02776936
348.15	0	.7034395	.2335649	.03462249	.02837314
347.15	0	.703665	.2330111	.03434756	.02897634
346.15	0	.7038903	.2324576	.0340731	.02957898
345.15	0	.7041156	.2319042	.03379911	.03018106
344.15	0	.7043407	.2313511	.03352559	.03078258
343.15	0	.7045657	.2307982	.03325255	.03138355
342.15	0	.7047906	.2302455	.03297997	.03198396
341.15	0	.7050153	.229693	.03270785	.03258382
340.15	0	.70524	.2291407	.0324362	.03318314
339.15	0	.7054645	.2285886	.03216501	.03378192
338.15	0	.7056889	.2280367	.03189428	.03438016
337.15	0	.7059132	.227485	.03162401	.03497786
336.15	0	.7061373	.2269334	.0313542	.03557503
335.15	0	.7063614	.2263821	.03108484	.03617167
334.15	0	.7065854	.2258309	.03081593	.03676779
333.15	0	.7068092	.22528	.03054748	.03736338
332.15	0	.7070329	.2247292	.03027947	.03795845
331.15	0	.7072566	.2241785	.03001192	.03855301
330.15	0	.7074801	.2236281	.0297448	.03914704
329.15	0	.7077035	.2230778	.02947814	.03974057
328.15	0	.7079269	.2225276	.02921192	.04033359
327.15	0	.7081501	.2219777	.02894614	.0409261
326.15	0	.7083732	.2214279	.0286808	.04151811
325.15	0	.7085963	.2208782	.0284159	.04210961
324.15	0	.7088192	.2203288	.02815143	.04270062
323.15	0	.709042	.2197794	.02788741	.04329113
322.15	0	.7092648	.2192302	.02762381	.04388115
321.15	0	.7094875	.2186812	.02736065	.04447068
320.15	0	.70971	.2181323	.02709792	.04505971
319.15	0	.7099325	.2175836	.02683563	.04564826
318.15	0	.7101549	.217035	.02657376	.04623633
317.15	0	.7103772	.2164866	.02631232	.04682391
316.15	0	.7105994	.2159382	.02605131	.04741101
315.15	0	.7108216	.2153901	.02579072	.04799764
314.15	0	.7110436	.2148421	.02553056	.04858379
313.15	0	.7112656	.2142942	.02527082	.04916946
312.15	0	.7114875	.2137464	.0250115	.04975466
311.15	0	.7117093	.2131987	.0247526	.0503394
310.15	0	.711931	.2126512	.02449413	.05092366
309.15	0	.7121526	.2121039	.02423607	.05150746
308.15	0	.7123742	.2115566	.02397843	.0520908
307.15	0	.7125957	.2110095	.02372121	.05267367
306.15	0	.7128171	.2104625	.0234644	.05325608
305.15	0	.7130384	.2099156	.02320801	.05383803
304.15	0	.7132596	.2093688	.02295203	.05441953
303.15	0	.7134808	.2088222	.02269646	.05500057
302.15	0	.7137019	.2082757	.02244131	.05558115
301.15	0	.7139229	.2077293	.02218657	.05616128
300.15	0	.7141438	.207183	.02193223	.05674096
299.15	0	.7143647	.2066368	.02167831	.05732019
298.15	0	.7145854	.2060908	.0214248	.05789897
